{
  "camera_data": {
    "location_worldframe": [
      -19.838653441812497, 
      -4.416606047541402, 
      97.28273632165602
    ], 
    "quaternion_xyzw_worldframe": [
      0.9546776407549552, 
      0.006074771164486512, 
      0.0036297417046456757, 
      -0.29755969661925136
    ]
  }, 
  "objects": [
    {
      "bounding_box": {
        "bottom_right": [
          403, 
          386
        ], 
        "top_left": [
          258, 
          249
        ]
      }, 
      "class": "003_cracker_box", 
      "cuboid": [
        [
          -17.409692348432092, 
          16.520205833548854, 
          81.45032976136102
        ], 
        [
          -31.544454463183214, 
          9.724969905935971, 
          76.6428996438625
        ], 
        [
          -30.79931735222906, 
          -3.6057910603293886, 
          93.29490042132376
        ], 
        [
          -16.66455523747794, 
          3.1894448672834934, 
          98.10233053882227
        ], 
        [
          -21.04448516298515, 
          21.273667437232362, 
          85.41836220988293
        ], 
        [
          -35.179247277736266, 
          14.478431509619483, 
          80.61093209238442
        ], 
        [
          -34.43411016678212, 
          1.1476705433541206, 
          97.26293286984567
        ], 
        [
          -20.299348052030993, 
          7.942906470967002, 
          102.07036298734418
        ]
      ], 
      "cuboid_centroid": [
        -25.921901257607104, 
        8.833938188451487, 
        89.35663131560334
      ], 
      "location": [
        -25.921901257607104, 
        8.833938188451487, 
        89.35663131560334
      ], 
      "pose_transform_permuted": [
        [
          0.5062385656622095, 
          -0.6620420219123334, 
          -0.5526507720599858, 
          0.0
        ], 
        [
          0.8616865515995636, 
          0.41425270310417994, 
          0.29307163759622423, 
          0.0
        ], 
        [
          -0.03491133667909824, 
          0.624575903468193, 
          -0.7801834011167944, 
          0.0
        ], 
        [
          -25.921901257607104, 
          8.833938188451487, 
          89.35663131560334, 
          1.0
        ]
      ], 
      "projected_cuboid": [
        [
          366.6520942489329, 
          381.4573620267592
        ], 
        [
          260.2657696436147, 
          340.9577367576553
        ], 
        [
          304.06577241948514, 
          252.67406102275282
        ], 
        [
          390.2475758718033, 
          290.62550839961347
        ], 
        [
          349.108379300549, 
          406.1111807938168
        ], 
        [
          246.91260547697937, 
          369.07541992653967
        ], 
        [
          291.21184333030067, 
          279.57953324427075
        ], 
        [
          374.6486989002042, 
          314.7883749915452
        ]
      ], 
      "projected_cuboid_centroid": [
        325.5944807693725, 
        326.0113572036873
      ], 
      "quaternion_xyzw": [
        0.8716239480314522, 
        0.12882965205284558, 
        0.22925890375765323, 
        0.41366045135817153
      ], 
      "visibility": 0.9037945884456
    }, 
    {
      "bounding_box": {
        "bottom_right": [
          375, 
          305
        ], 
        "top_left": [
          277, 
          216
        ]
      }, 
      "class": "004_sugar_box", 
      "cuboid": [
        [
          -31.848672995742543, 
          13.721560776881997, 
          84.2886552696157
        ], 
        [
          -40.423212350489244, 
          10.934976472456079, 
          82.14331969719065
        ], 
        [
          -40.454087739341965, 
          0.24270604141259505, 
          96.15493522737296
        ], 
        [
          -31.879548384595264, 
          3.029290345838514, 
          98.300270799798
        ], 
        [
          -33.56132378302223, 
          17.043059703170734, 
          86.81951588487858
        ], 
        [
          -42.13586313776893, 
          14.256475398744811, 
          84.67418031245354
        ], 
        [
          -42.16673852662165, 
          3.5642049677013294, 
          98.68579584263586
        ], 
        [
          -33.592199171874945, 
          6.350789272127247, 
          100.83113141506091
        ]
      ], 
      "cuboid_centroid": [
        -37.007705761182095, 
        8.642882872291663, 
        91.48722555612578
      ], 
      "location": [
        -37.007705761182095, 
        8.642882872291663, 
        91.48722555612578
      ], 
      "pose_transform_permuted": [
        [
          0.37945911236545476, 
          -0.7359194551822598, 
          -0.5607436902614245, 
          0.0
        ], 
        [
          0.9252068122665008, 
          0.30067700138113457, 
          0.2314852150170037, 
          0.0
        ], 
        [
          0.001751765349222261, 
          0.6066433344357991, 
          -0.794971771512955, 
          0.0
        ], 
        [
          -37.007705761182095, 
          8.642882872291663, 
          91.48722555612578, 
          1.0
        ]
      ], 
      "projected_cuboid": [
        [
          278.40162959756833, 
          360.1069653636979
        ], 
        [
          216.96022258140135, 
          344.28241586626837
        ], 
        [
          255.3502029478623, 
          274.6326975366698
        ], 
        [
          307.19598265217877, 
          289.7216896997589
        ], 
        [
          273.7167079030033, 
          377.9795600999687
        ], 
        [
          213.9930489354322, 
          363.0808234305737
        ], 
        [
          251.81977911459956, 
          292.5482796685784
        ], 
        [
          302.4393452839606, 
          306.8773570061316
        ]
      ], 
      "projected_cuboid_centroid": [
        264.0649227298297, 
        323.6697326059113
      ], 
      "quaternion_xyzw": [
        0.879288609752754, 
        0.08499064832534525, 
        0.1737041514600789, 
        0.4352641469806153
      ], 
      "visibility": 0.5349840555242918
    }, 
    {
      "bounding_box": {
        "bottom_right": [
          283, 
          282
        ], 
        "top_left": [
          199, 
          177
        ]
      }, 
      "class": "024_bowl", 
      "cuboid": [
        [
          -48.39612287493469, 
          -10.219416916794128, 
          80.3232033747622
        ], 
        [
          -46.63152127623962, 
          2.7052257375764723, 
          89.78777599271338
        ], 
        [
          -46.59188315939378, 
          -0.5482288337483099, 
          94.22324222418632
        ], 
        [
          -48.356484758088854, 
          -13.472871488118908, 
          84.75866960623513
        ], 
        [
          -32.34732032014517, 
          -11.576558076092859, 
          79.18430587088503
        ], 
        [
          -30.582718721450103, 
          1.3480845782777418, 
          88.64887848883622
        ], 
        [
          -30.543080604604267, 
          -1.9053699930470402, 
          93.08434472030915
        ], 
        [
          -32.307682203299336, 
          -14.83001264741764, 
          83.61977210235797
        ]
      ], 
      "cuboid_centroid": [
        -39.46960173976948, 
        -6.062393454920584, 
        86.70377404753567
      ], 
      "location": [
        -39.46960173976948, 
        -6.062393454920584, 
        86.70377404753567
      ], 
      "pose_transform_permuted": [
        [
          -0.9939616623471346, 
          0.08405276830661185, 
          0.0705361320467437, 
          0.0
        ], 
        [
          -0.10949105410785684, 
          -0.8019559481533406, 
          -0.5872634556072996, 
          0.0
        ], 
        [
          -0.007205751485514986, 
          0.5914404360216433, 
          -0.8063164935582413, 
          0.0
        ], 
        [
          -39.46960173976948, 
          -6.062393454920584, 
          86.70377404753567, 
          1.0
        ]
      ], 
      "projected_cuboid": [
        [
          157.5849232768321, 
          205.43297959074408
        ], 
        [
          202.30789012349794, 
          289.35498211869987
        ], 
        [
          215.68138105249398, 
          270.183469500716
        ], 
        [
          174.792141030261, 
          188.512363970174
        ], 
        [
          261.9168591142556, 
          195.3164773766799
        ], 
        [
          296.07542487924263, 
          281.3967353987334
        ], 
        [
          305.14452176878643, 
          262.36986736907886
        ], 
        [
          273.82433124794545, 
          178.70201610708594
        ]
      ], 
      "projected_cuboid_centroid": [
        236.79421193642932, 
        235.9964293798753
      ], 
      "quaternion_xyzw": [
        -0.5940145726047136, 
        0.33448261764980763, 
        0.6654824607336101, 
        -0.30397559191374374
      ], 
      "visibility": 0.7209904981284192
    }, 
    {
      "bounding_box": {
        "bottom_right": [
          246, 
          395
        ], 
        "top_left": [
          173, 
          315
        ]
      }, 
      "class": "025_mug", 
      "cuboid": [
        [
          -13.551922751056575, 
          -11.341340190302201, 
          76.02298984947913
        ], 
        [
          -25.13867977624174, 
          -9.900778196080925, 
          76.75688241899303
        ], 
        [
          -25.48834554352606, 
          -15.641052301764635, 
          82.50394759272247
        ], 
        [
          -13.901588518340894, 
          -17.081614295985908, 
          81.77005502320857
        ], 
        [
          -12.329386892971804, 
          -4.849474368130155, 
          82.58156663189227
        ], 
        [
          -23.91614391815697, 
          -3.4089123739088802, 
          83.31545920140618
        ], 
        [
          -24.26580968544129, 
          -9.149186479592588, 
          89.06252437513562
        ], 
        [
          -12.67905266025612, 
          -10.589748473813865, 
          88.32863180562171
        ]
      ], 
      "cuboid_centroid": [
        -18.90886621824893, 
        -10.245263334947396, 
        82.54275711230737
      ], 
      "location": [
        -18.90886621824893, 
        -10.245263334947396, 
        82.54275711230737
      ], 
      "pose_transform_permuted": [
        [
          -0.13133120184677038, 
          -0.6973902115145231, 
          -0.7045566520952855, 
          0.0
        ], 
        [
          0.9904057329723865, 
          -0.12313547739697112, 
          -0.06273122036239359, 
          0.0
        ], 
        [
          0.04300773475223267, 
          0.7060347601646032, 
          -0.7068700391095897, 
          0.0
        ], 
        [
          -18.90886621824893, 
          -10.245263334947396, 
          82.54275711230737, 
          1.0
        ]
      ], 
      "projected_cuboid": [
        [
          385.7347984646966, 
          193.72430509806802
        ], 
        [
          305.47374291557554, 
          204.49428464602278
        ], 
        [
          315.4630172519039, 
          172.18010929133706
        ], 
        [
          390.17271952366684, 
          161.87705667877722
        ], 
        [
          401.3091682669573, 
          241.9681729504247
        ], 
        [
          327.22905904064066, 
          251.46538085469933
        ], 
        [
          335.0788853462951, 
          218.4998546498585
        ], 
        [
          404.40422504864625, 
          209.34667922340313
        ]
      ], 
      "projected_cuboid_centroid": [
        358.40627410541214, 
        207.0905474133172
      ], 
      "quaternion_xyzw": [
        0.922089630300693, 
        -0.045045298930165976, 
        -0.052614847795729, 
        0.38072769839255866
      ], 
      "visibility": 0.7958880356700521
    }, 
    {
      "bounding_box": {
        "bottom_right": [
          280, 
          338
        ], 
        "top_left": [
          224, 
          294
        ]
      }, 
      "class": "061_foam_brick", 
      "cuboid": [
        [
          -29.07960231936818, 
          -8.494319868405025, 
          90.01462664472807
        ], 
        [
          -29.06046527053973, 
          -3.681632824859623, 
          83.892431584636
        ], 
        [
          -30.5173129661276, 
          0.17880558046196662, 
          86.92258693710713
        ], 
        [
          -30.536450014956046, 
          -4.633881463083438, 
          93.0447819971992
        ], 
        [
          -24.040941556441947, 
          -7.326056347796575, 
          90.9487543146235
        ], 
        [
          -24.021804507613503, 
          -2.5133693042511718, 
          84.82655925453145
        ], 
        [
          -25.478652203201367, 
          1.3470691010704174, 
          87.85671460700256
        ], 
        [
          -25.49778925202982, 
          -3.4656179424749864, 
          93.97890966709463
        ]
      ], 
      "cuboid_centroid": [
        -27.279127261284774, 
        -3.5736253836673044, 
        88.93567062586531
      ], 
      "location": [
        -27.279127261284774, 
        -3.5736253836673044, 
        88.93567062586531
      ], 
      "pose_transform_permuted": [
        [
          -0.9586493003614356, 
          -0.22227235754975877, 
          -0.17772596317308853, 
          0.0
        ], 
        [
          -0.002457437578207433, 
          -0.6180095007847375, 
          0.7861667876095688, 
          0.0
        ], 
        [
          0.2845794790863864, 
          -0.7540949913698352, 
          -0.5919081550999691, 
          0.0
        ], 
        [
          -27.279127261284774, 
          -3.5736253836673044, 
          88.93567062586531, 
          1.0
        ]
      ], 
      "projected_cuboid": [
        [
          307.87014978943427, 
          222.95930450392504
        ], 
        [
          295.314799430573, 
          249.8817224759692
        ], 
        [
          292.79559169236364, 
          274.38361206770986
        ], 
        [
          305.10781631718294, 
          246.72578221083714
        ], 
        [
          339.44720216850936, 
          230.32685868578417
        ], 
        [
          329.3091274372922, 
          257.48454057073894
        ], 
        [
          325.64424934526875, 
          281.4636970602741
        ], 
        [
          335.6941889524558, 
          253.61955181338496
        ]
      ], 
      "projected_cuboid_centroid": [
        316.64938303231736, 
        251.85661693159076
      ], 
      "quaternion_xyzw": [
        0.3244894197909409, 
        -0.6953916867710476, 
        -0.1328876245510504, 
        0.6272781660911169
      ], 
      "visibility": 0.8276431718061674
    }
  ]
}