{
  "camera_data": {
    "location_worldframe": [
      -17.835358002419294, 
      4.670835424562974, 
      81.99609415530969
    ], 
    "quaternion_xyzw_worldframe": [
      0.9249593360085254, 
      0.019740422852135855, 
      -0.05961216129199314, 
      -0.3748459554197684
    ]
  }, 
  "objects": [
    {
      "bounding_box": {
        "bottom_right": [
          497, 
          381
        ], 
        "top_left": [
          315, 
          209
        ]
      }, 
      "class": "003_cracker_box", 
      "cuboid": [
        [
          -18.446846411105778, 
          27.99003108292366, 
          69.71783206958841
        ], 
        [
          -32.65513418585775, 
          21.028678907158056, 
          65.38860002660971
        ], 
        [
          -29.218023379834857, 
          5.299518585461235, 
          79.40049968468158
        ], 
        [
          -15.009735605082891, 
          12.260870761226837, 
          83.7297317276603
        ], 
        [
          -21.84366819200576, 
          31.767640623304672, 
          74.7916536553528
        ], 
        [
          -36.051955966757724, 
          24.806288447539064, 
          70.46242161237409
        ], 
        [
          -32.61484516073484, 
          9.077128125842245, 
          84.47432127044596
        ], 
        [
          -18.406557385982868, 
          16.038480301607848, 
          88.80355331342467
        ]
      ], 
      "cuboid_centroid": [
        -25.53084578592031, 
        18.53357960438295, 
        77.09607667001718
      ], 
      "location": [
        -25.53084578592031, 
        18.53357960438295, 
        77.09607667001718
      ], 
      "pose_transform_permuted": [
        [
          0.47309496686798236, 
          -0.526129475027454, 
          -0.7066604048844951, 
          0.0
        ], 
        [
          0.8661688394446555, 
          0.4243795192382833, 
          0.2639196188732139, 
          0.0
        ], 
        [
          -0.1610363123624028, 
          0.7369462661269272, 
          -0.6564887713756417, 
          0.0
        ], 
        [
          -25.53084578592031, 
          18.53357960438295, 
          77.09607667001718, 
          1.0
        ]
      ], 
      "projected_cuboid": [
        [
          339.3085046460539, 
          487.4015106786976
        ], 
        [
          213.03716484360365, 
          444.7997109938789
        ], 
        [
          283.70912496846927, 
          308.8824983876038
        ], 
        [
          385.1952825603172, 
          351.3826019335024
        ], 
        [
          324.5375818887124, 
          499.81321612687873
        ], 
        [
          206.451193500795, 
          461.0416436410657
        ], 
        [
          273.9707761554599, 
          330.59401456910376
        ], 
        [
          370.13323815541816, 
          369.60740927543384
        ]
      ], 
      "projected_cuboid_centroid": [
        303.5131665044043, 
        401.4943713266408
      ], 
      "quaternion_xyzw": [
        0.9096394217567857, 
        0.1608922770931786, 
        0.20255679561407988, 
        0.3250239100563348
      ], 
      "visibility": 0.8798548868971404
    }, 
    {
      "bounding_box": {
        "bottom_right": [
          454, 
          290
        ], 
        "top_left": [
          326, 
          179
        ]
      }, 
      "class": "004_sugar_box", 
      "cuboid": [
        [
          -32.27410467962892, 
          23.718604206857673, 
          73.58259067674788
        ], 
        [
          -40.875673424555664, 
          20.687202725260896, 
          71.9352102914824
        ], 
        [
          -38.66467004762849, 
          7.920218925892477, 
          83.88370637926393
        ], 
        [
          -30.06310130270175, 
          10.951620407489255, 
          85.53108676452942
        ], 
        [
          -33.85605345881998, 
          26.45775542945154, 
          76.80210491497922
        ], 
        [
          -42.45762220374672, 
          23.42635394785476, 
          75.15472452971373
        ], 
        [
          -40.24661882681955, 
          10.65937014848634, 
          87.10322061749527
        ], 
        [
          -31.645050081892805, 
          13.690771630083118, 
          88.75060100276075
        ]
      ], 
      "cuboid_centroid": [
        -36.26036175322424, 
        17.188987177672008, 
        80.34290564712158
      ], 
      "location": [
        -36.26036175322424, 
        17.188987177672008, 
        80.34290564712158
      ], 
      "pose_transform_permuted": [
        [
          0.3505004546273693, 
          -0.6068930684994795, 
          -0.7133234773608861, 
          0.0
        ], 
        [
          0.9281233276490016, 
          0.32709317497452356, 
          0.17775503636799883, 
          0.0
        ], 
        [
          -0.1254448687655399, 
          0.7243555681354792, 
          -0.6779173380370153, 
          0.0
        ], 
        [
          -36.26036175322424, 
          17.188987177672008, 
          80.34290564712158, 
          1.0
        ]
      ], 
      "projected_cuboid": [
        [
          245.72806741481438, 
          445.1967139165696
        ], 
        [
          176.02395291144117, 
          426.6591393779934
        ], 
        [
          233.72451779833298, 
          323.6420603886494
        ], 
        [
          292.5797801081895, 
          341.5741495588551
        ], 
        [
          244.53888747868143, 
          457.011178248777
        ], 
        [
          177.79472471217647, 
          439.52669654591773
        ], 
        [
          233.1196501143991, 
          338.55221707064044
        ], 
        [
          289.8511081264417, 
          355.55704135323936
        ]
      ], 
      "projected_cuboid_centroid": [
        238.89340202083966, 
        387.38775703609645
      ], 
      "quaternion_xyzw": [
        0.9173061611514127, 
        0.12333342533425064, 
        0.14396924205008496, 
        0.3501585569107556
      ], 
      "visibility": 0.50920245398773
    }, 
    {
      "bounding_box": {
        "bottom_right": [
          346, 
          250
        ], 
        "top_left": [
          260, 
          128
        ]
      }, 
      "class": "024_bowl", 
      "cuboid": [
        [
          -47.832517005426205, 
          -0.4331974012417236, 
          67.47189160703005
        ], 
        [
          -45.67640647979226, 
          10.907131804794174, 
          78.7185116453235
        ], 
        [
          -44.9347202883419, 
          6.998504784651266, 
          82.5175161108827
        ], 
        [
          -47.09083081397585, 
          -4.341824421384631, 
          71.27089607258922
        ], 
        [
          -31.980149555313453, 
          -0.40580765049841594, 
          64.40518667805844
        ], 
        [
          -29.824039029679504, 
          10.934521555537481, 
          75.6518067163519
        ], 
        [
          -29.08235283822915, 
          7.025894535394574, 
          79.45081118191109
        ], 
        [
          -31.23846336386309, 
          -4.314434670641325, 
          68.20419114361762
        ]
      ], 
      "cuboid_centroid": [
        -38.45743492182768, 
        3.296348567076425, 
        73.46135139447057
      ], 
      "location": [
        -38.45743492182768, 
        3.296348567076425, 
        73.46135139447057
      ], 
      "pose_transform_permuted": [
        [
          -0.9817957102443982, 
          -0.0016963485024598934, 
          0.18993237151011555, 
          0.0
        ], 
        [
          -0.13378363388046585, 
          -0.7036515208969557, 
          -0.697836998478254, 
          0.0
        ], 
        [
          -0.13482997682798814, 
          0.710543214407934, 
          -0.690615101056591, 
          0.0
        ], 
        [
          -38.45743492182768, 
          3.296348567076425, 
          73.46135139447057, 
          1.0
        ]
      ], 
      "projected_cuboid": [
        [
          100.36266295767967, 
          269.8624060657831
        ], 
        [
          169.55956539988176, 
          347.1825869049053
        ], 
        [
          188.75893167973024, 
          318.518627245441
        ], 
        [
          126.28016167715116, 
          240.79669825419603
        ], 
        [
          214.57239915108914, 
          269.9261693811032
        ], 
        [
          269.5955882030442, 
          350.37120695755203
        ], 
        [
          284.7527238075239, 
          320.4483867943039
        ], 
        [
          235.2937072729299, 
          239.55001150727173
        ]
      ], 
      "projected_cuboid_centroid": [
        200.07454975469258, 
        297.2175875797459
      ], 
      "quaternion_xyzw": [
        -0.5888181402218671, 
        0.24150985899255567, 
        0.7131372974046645, 
        -0.29394111792232963
      ], 
      "visibility": 0.6293255872695125
    }, 
    {
      "bounding_box": {
        "bottom_right": [
          330, 
          378
        ], 
        "top_left": [
          241, 
          277
        ]
      }, 
      "class": "025_mug", 
      "cuboid": [
        [
          -13.730706043921806, 
          1.7144578969345328, 
          59.327516076911465
        ], 
        [
          -25.211402075813528, 
          2.162364556284688, 
          61.532000998900216
        ], 
        [
          -24.564177792879374, 
          -4.432552003864414, 
          66.24262169691218
        ], 
        [
          -13.083481760987652, 
          -4.8804586632145694, 
          64.03813677492344
        ], 
        [
          -12.1013777295743, 
          7.146885774495076, 
          66.70910545775392
        ], 
        [
          -23.58207376146602, 
          7.594792433845231, 
          68.91359037974266
        ], 
        [
          -22.93484947853187, 
          0.9998758736961287, 
          73.62421107775464
        ], 
        [
          -11.454153446640145, 
          0.5519692143459735, 
          71.41972615576589
        ]
      ], 
      "cuboid_centroid": [
        -18.332777761226836, 
        1.3571668853153307, 
        66.47586357733304
      ], 
      "location": [
        -18.332777761226836, 
        1.3571668853153307, 
        66.47586357733304
      ], 
      "pose_transform_permuted": [
        [
          -0.17503097705572018, 
          -0.5835798413501061, 
          -0.7929689738868798, 
          0.0
        ], 
        [
          0.9813399162322712, 
          -0.038285891582318266, 
          -0.18843361436190578, 
          0.0
        ], 
        [
          -0.07960644961564863, 
          0.8111529599675534, 
          -0.579390791017141, 
          0.0
        ], 
        [
          -18.332777761226836, 
          1.3571668853153307, 
          66.47586357733304, 
          1.0
        ]
      ], 
      "projected_cuboid": [
        [
          357.137456802275, 
          288.6985092119895
        ], 
        [
          261.2599330530132, 
          292.0285152469304
        ], 
        [
          282.182694999756, 
          237.6000460140501
        ], 
        [
          371.7277619501147, 
          232.6413176325378
        ], 
        [
          384.04388705584995, 
          330.42377758419576
        ], 
        [
          297.5754463016467, 
          332.06233986274816
        ], 
        [
          314.0769473478396, 
          280.52944593761475
        ], 
        [
          395.351546897919, 
          277.4083122749444
        ]
      ], 
      "projected_cuboid_centroid": [
        333.29198969148734, 
        284.1747557287389
      ], 
      "quaternion_xyzw": [
        0.9467657907432419, 
        0.010910976726591581, 
        -0.09597531801721904, 
        0.30709037117149035
      ], 
      "visibility": 0.7622000979272074
    }, 
    {
      "bounding_box": {
        "bottom_right": [
          353, 
          319
        ], 
        "top_left": [
          283, 
          263
        ]
      }, 
      "class": "061_foam_brick", 
      "cuboid": [
        [
          -27.631348854477096, 
          1.138053063579573, 
          75.18381685216806
        ], 
        [
          -28.599567529768056, 
          6.855482735324654, 
          69.98601484506639
        ], 
        [
          -29.89860884335079, 
          10.064189525151864, 
          73.75747659776295
        ], 
        [
          -28.930390168059827, 
          4.346759853406782, 
          78.9552786048646
        ], 
        [
          -22.58955770056969, 
          2.5097008677010515, 
          75.7534313735163
        ], 
        [
          -23.557776375860648, 
          8.227130539446135, 
          70.55562936641465
        ], 
        [
          -24.856817689443382, 
          11.435837329273344, 
          74.3270911191112
        ], 
        [
          -23.888599014152422, 
          5.718407657528261, 
          79.52489312621287
        ]
      ], 
      "cuboid_centroid": [
        -26.24408327196024, 
        6.2869451964264575, 
        74.75545398563963
      ], 
      "location": [
        -26.24408327196024, 
        6.2869451964264575, 
        74.75545398563963
      ], 
      "pose_transform_permuted": [
        [
          -0.9592448846377262, 
          -0.2609679971786199, 
          -0.10837414703209618, 
          0.0
        ], 
        [
          0.12433144618649876, 
          -0.7341898247769763, 
          0.6674631021136123, 
          0.0
        ], 
        [
          0.2537537049690671, 
          -0.6267862519571824, 
          -0.7367143622679948, 
          0.0
        ], 
        [
          -26.24408327196024, 
          6.2869451964264575, 
          74.75545398563963, 
          1.0
        ]
      ], 
      "projected_cuboid": [
        [
          283.9595215530515, 
          281.3593654981378
        ], 
        [
          261.84147397196705, 
          325.5278779539179
        ], 
        [
          263.60701899687774, 
          346.0578638197733
        ], 
        [
          284.55232264485693, 
          302.64761673546735
        ], 
        [
          321.2366591551939, 
          290.9553431613221
        ], 
        [
          302.04336674370484, 
          335.4742027984485
        ], 
        [
          301.7554803916993, 
          355.3421640772735
        ], 
        [
          320.0573488830396, 
          311.636024141391
        ]
      ], 
      "projected_cuboid_centroid": [
        292.80651387020214, 
        318.1387970851267
      ], 
      "quaternion_xyzw": [
        0.3892041049569659, 
        -0.6345921825871279, 
        -0.1874220870283319, 
        0.6408477883069398
      ], 
      "visibility": 0.4440140845070423
    }
  ]
}