{
  "camera_data": {
    "location_worldframe": [
      -19.781654099847486, 
      -4.428076538965957, 
      96.74831984004595
    ], 
    "quaternion_xyzw_worldframe": [
      0.9545543635837799, 
      0.009853929140085744, 
      -0.00656268557243152, 
      -0.2978069555829786
    ]
  }, 
  "objects": [
    {
      "bounding_box": {
        "bottom_right": [
          403, 
          385
        ], 
        "top_left": [
          257, 
          245
        ]
      }, 
      "class": "003_cracker_box", 
      "cuboid": [
        [
          -17.903881166184664, 
          16.54358913404324, 
          80.8871007283991
        ], 
        [
          -32.027824753660354, 
          9.562506369047274, 
          76.32017433822851
        ], 
        [
          -30.819187994587864, 
          -3.7618413323193325, 
          92.95010225942228
        ], 
        [
          -16.695244407112174, 
          3.219241432676635, 
          97.51702864959289
        ], 
        [
          -21.532629204983238, 
          21.247228132855295, 
          84.91951506409336
        ], 
        [
          -35.65657279245893, 
          14.266145367859329, 
          80.35258867392277
        ], 
        [
          -34.44793603338644, 
          0.9417976664927206, 
          96.98251659511654
        ], 
        [
          -20.323992445910747, 
          7.922880431488688, 
          101.54944298528714
        ]
      ], 
      "cuboid_centroid": [
        -26.17590859978555, 
        8.742693400267981, 
        88.93480866175783
      ], 
      "location": [
        -26.17590859978555, 
        8.742693400267981, 
        88.93480866175783
      ], 
      "pose_transform_permuted": [
        [
          0.5053966748684765, 
          -0.655102940288012, 
          -0.5616176089278972, 
          0.0
        ], 
        [
          0.8610270301031515, 
          0.4255823398628483, 
          0.27840999520241577, 
          0.0
        ], 
        [
          -0.05662732965303885, 
          0.6242754276942701, 
          -0.7791492385374585, 
          0.0
        ], 
        [
          -26.17590859978555, 
          8.742693400267981, 
          88.93480866175783, 
          1.0
        ]
      ], 
      "projected_cuboid": [
        [
          362.56618551601326, 
          382.36474676466713
        ], 
        [
          255.9239509350366, 
          340.1086063930008
        ], 
        [
          303.2922586792809, 
          251.7022298145752
        ], 
        [
          389.5300543977749, 
          290.8925348291412
        ], 
        [
          345.2388576031162, 
          406.72539291135416
        ], 
        [
          242.9635395109437, 
          367.974398405214
        ], 
        [
          290.58469761901785, 
          278.46560691632766
        ], 
        [
          373.9695773661748, 
          314.89609451882137
        ]
      ], 
      "projected_cuboid_centroid": [
        323.3186403221967, 
        325.71426195346635
      ], 
      "quaternion_xyzw": [
        0.8727714573021563, 
        0.13812598518243724, 
        0.22451658550273143, 
        0.4108326890234587
      ], 
      "visibility": 0.9175960844098532
    }, 
    {
      "bounding_box": {
        "bottom_right": [
          374, 
          304
        ], 
        "top_left": [
          276, 
          213
        ]
      }, 
      "class": "004_sugar_box", 
      "cuboid": [
        [
          -32.25348688528715, 
          13.552528600411618, 
          83.97207421621471
        ], 
        [
          -40.82592753617584, 
          10.652875238340467, 
          81.97319612665903
        ], 
        [
          -40.473620885130956, 
          -0.042787174364893044, 
          95.97782591837152
        ], 
        [
          -31.901180234242265, 
          2.8568661877062556, 
          97.97670400792721
        ], 
        [
          -33.96627148559451, 
          16.85027189560112, 
          86.53372238924285
        ], 
        [
          -42.538712136483205, 
          13.95061853352997, 
          84.53484429968718
        ], 
        [
          -42.186405485438314, 
          3.2549561208246107, 
          98.53947409139967
        ], 
        [
          -33.61396483454963, 
          6.15460948289576, 
          100.53835218095534
        ]
      ], 
      "cuboid_centroid": [
        -37.21994618536274, 
        8.403742360618113, 
        91.2557741538072
      ], 
      "location": [
        -37.21994618536274, 
        8.403742360618113, 
        91.2557741538072
      ], 
      "pose_transform_permuted": [
        [
          0.37948876030832945, 
          -0.7306560992444664, 
          -0.567565057132168, 
          0.0
        ], 
        [
          0.9249803586896927, 
          0.31287733752304175, 
          0.2156822132168984, 
          0.0
        ], 
        [
          -0.019988690233017466, 
          0.6068357840262746, 
          -0.794575424291272, 
          0.0
        ], 
        [
          -37.21994618536274, 
          8.403742360618113, 
          91.2557741538072, 
          1.0
        ]
      ], 
      "projected_cuboid": [
        [
          275.04310627129513, 
          359.3607355232995
        ], 
        [
          213.76909775169366, 
          342.5944001868748
        ], 
        [
          254.82326197366788, 
          273.04878266890336
        ], 
        [
          306.5012947555724, 
          288.83740489241
        ], 
        [
          270.5135964337941, 
          377.1371494604994
        ], 
        [
          210.98926303612672, 
          361.29921633813257
        ], 
        [
          251.37125228140772, 
          290.90315160359035
        ], 
        [
          301.8011962593819, 
          305.93451452765237
        ]
      ], 
      "projected_cuboid_centroid": [
        262.2624791572212, 
        322.39992740146863
      ], 
      "quaternion_xyzw": [
        0.8802529749805075, 
        0.09453703572073423, 
        0.16903407044389923, 
        0.43317988319480366
      ], 
      "visibility": 0.5291512915129152
    }, 
    {
      "bounding_box": {
        "bottom_right": [
          282, 
          280
        ], 
        "top_left": [
          197, 
          176
        ]
      }, 
      "class": "024_bowl", 
      "cuboid": [
        [
          -48.54740564251529, 
          -10.605077228581397, 
          80.27981978400992
        ], 
        [
          -46.79192860563648, 
          2.339222025871088, 
          89.71919256878415
        ], 
        [
          -46.632734081137315, 
          -0.9146597246393023, 
          94.15166469792189
        ], 
        [
          -48.38821111801612, 
          -13.858958979091787, 
          84.71229191314767
        ], 
        [
          -32.5039802724687, 
          -11.748536424625492, 
          78.86419746292741
        ], 
        [
          -30.748503235589897, 
          1.1957628298269936, 
          88.30357024770163
        ], 
        [
          -30.589308711090734, 
          -2.0581189206833965, 
          92.73604237683938
        ], 
        [
          -32.34478574796954, 
          -15.002418175135881, 
          83.29666959206516
        ]
      ], 
      "cuboid_centroid": [
        -39.56835717680301, 
        -6.331598074632397, 
        86.50793108042465
      ], 
      "location": [
        -39.56835717680301, 
        -6.331598074632397, 
        86.50793108042465
      ], 
      "pose_transform_permuted": [
        [
          -0.9936286334206719, 
          0.07081865450372307, 
          0.08767472281593784, 
          0.0
        ], 
        [
          -0.10892488784558335, 
          -0.8031756126173952, 
          -0.5856998413048266, 
          0.0
        ], 
        [
          -0.028939724504499272, 
          0.5915180922600375, 
          -0.8057722003610266, 
          0.0
        ], 
        [
          -39.56835717680301, 
          -6.331598074632397, 
          86.50793108042465, 
          1.0
        ]
      ], 
      "projected_cuboid": [
        [
          156.3964398009584, 
          202.83427012306413
        ], 
        [
          201.13293641412596, 
          287.1916220561262
        ], 
        [
          215.2458949345655, 
          268.10547246705323
        ], 
        [
          174.42277079045468, 
          186.0352777570843
        ], 
        [
          259.95693848294354, 
          193.83699369617605
        ], 
        [
          294.34032969958787, 
          280.5084853181737
        ], 
        [
          304.21372241807404, 
          261.45041583557963
        ], 
        [
          272.7788531410953, 
          177.23127614555438
        ]
      ], 
      "projected_cuboid_centroid": [
        235.62611050055034, 
        234.2523684689213
      ], 
      "quaternion_xyzw": [
        -0.5905333355532347, 
        0.3277697639996742, 
        0.6686025917766021, 
        -0.3111397365776015
      ], 
      "visibility": 0.7276270207852193
    }, 
    {
      "bounding_box": {
        "bottom_right": [
          246, 
          393
        ], 
        "top_left": [
          172, 
          313
        ]
      }, 
      "class": "025_mug", 
      "cuboid": [
        [
          -13.770441381773532, 
          -11.26269123604432, 
          75.38002125504038
        ], 
        [
          -25.360956129995515, 
          -9.976414235867832, 
          76.31394570248027
        ], 
        [
          -25.535370324963115, 
          -15.722434820999394, 
          82.06325854769277
        ], 
        [
          -13.944855576741128, 
          -17.008711821175883, 
          81.12933410025288
        ], 
        [
          -12.521499919831353, 
          -4.756989401840542, 
          81.9198862427352
        ], 
        [
          -24.112014668053337, 
          -3.4707124016640556, 
          82.8538106901751
        ], 
        [
          -24.286428863020934, 
          -9.216732986795616, 
          88.6031235353876
        ], 
        [
          -12.695914114798947, 
          -10.503009986972105, 
          87.6691990879477
        ]
      ], 
      "cuboid_centroid": [
        -19.028435122397234, 
        -10.23971211141997, 
        81.99157239521398
      ], 
      "location": [
        -19.028435122397234, 
        -10.23971211141997, 
        81.99157239521398
      ], 
      "pose_transform_permuted": [
        [
          -0.13416783004638494, 
          -0.6988765483584504, 
          -0.7025465331504589, 
          0.0
        ], 
        [
          0.9907269333246939, 
          -0.10994759900430016, 
          -0.07982942292627951, 
          0.0
        ], 
        [
          0.021452370051687715, 
          0.7067415581613641, 
          -0.7071464952800183, 
          0.0
        ], 
        [
          -19.028435122397234, 
          -10.23971211141997, 
          81.99157239521398, 
          1.0
        ]
      ], 
      "projected_cuboid": [
        [
          383.3582020766409, 
          193.60211105523794
        ], 
        [
          302.88517655256726, 
          203.5664228329037
        ], 
        [
          314.2627030819857, 
          171.1082607162481
        ], 
        [
          389.16389871031714, 
          161.4764362549948
        ], 
        [
          399.3995415590232, 
          242.31731034576902
        ], 
        [
          325.09764224758027, 
          250.94599774624862
        ], 
        [
          334.1940539169817, 
          217.80921394833422
        ], 
        [
          403.72016529778654, 
          209.39339230920118
        ]
      ], 
      "projected_cuboid_centroid": [
        356.7939042735374, 
        206.68165609513798
      ], 
      "quaternion_xyzw": [
        0.9219564827903372, 
        -0.035630740579615204, 
        -0.058028024361028795, 
        0.38126068580348965
      ], 
      "visibility": 0.8076641444959727
    }, 
    {
      "bounding_box": {
        "bottom_right": [
          279, 
          337
        ], 
        "top_left": [
          223, 
          292
        ]
      }, 
      "class": "061_foam_brick", 
      "cuboid": [
        [
          -29.091452252695866, 
          -8.626167065863358, 
          89.63823461656541
        ], 
        [
          -29.24163579470644, 
          -3.811927714756896, 
          83.51907294738797
        ], 
        [
          -30.697242243229283, 
          0.027958699012292643, 
          86.57582179966556
        ], 
        [
          -30.54705870121871, 
          -4.7862806520941685, 
          92.69498346884302
        ], 
        [
          -24.05341641497293, 
          -7.391317360379654, 
          90.48610108234125
        ], 
        [
          -24.203599956983503, 
          -2.5770780092731926, 
          84.3669394131638
        ], 
        [
          -25.659206405506346, 
          1.2628084044959964, 
          87.4236882654414
        ], 
        [
          -25.509022863495773, 
          -3.551430946610465, 
          93.54284993461886
        ]
      ], 
      "cuboid_centroid": [
        -27.375329329101106, 
        -3.681679330683681, 
        88.53096144100341
      ], 
      "location": [
        -27.375329329101106, 
        -3.681679330683681, 
        88.53096144100341
      ], 
      "pose_transform_permuted": [
        [
          -0.9585304028731736, 
          -0.23494096187693841, 
          -0.16131401427070569, 
          0.0
        ], 
        [
          0.019285454255438594, 
          -0.6182088365845086, 
          0.7857772620933935, 
          0.0
        ], 
        [
          0.2843370148643188, 
          -0.7500803815599814, 
          -0.5971029083641113, 
          0.0
        ], 
        [
          -27.375329329101106, 
          -3.681679330683681, 
          88.53096144100341, 
          1.0
        ]
      ], 
      "projected_cuboid": [
        [
          307.06957740451315, 
          221.96353007515597
        ], 
        [
          293.31553055161504, 
          248.9450836504786
        ], 
        [
          290.92175142291046, 
          273.45876761083167
        ], 
        [
          304.3802618355639, 
          245.7487241020793
        ], 
        [
          338.6462545689571, 
          229.72256244737827
        ], 
        [
          327.3206991259058, 
          256.99572336536477
        ], 
        [
          323.76115294958106, 
          280.99017603735854
        ], 
        [
          334.94946711669206, 
          253.0386230052374
        ]
      ], 
      "projected_cuboid_centroid": [
        315.3109828595048, 
        251.10772444490192
      ], 
      "quaternion_xyzw": [
        0.3280697665764717, 
        -0.6877697546372709, 
        -0.13164360021842525, 
        0.6340449159059462
      ], 
      "visibility": 0.8097534833869239
    }
  ]
}