{
  "camera_data": {
    "location_worldframe": [
      -19.68831156149343, 
      -4.924645743949036, 
      98.28049581171182
    ], 
    "quaternion_xyzw_worldframe": [
      0.9543152892635524, 
      0.001730680659911971, 
      0.024236628635475706, 
      -0.2978129369748344
    ]
  }, 
  "objects": [
    {
      "bounding_box": {
        "bottom_right": [
          398, 
          389
        ], 
        "top_left": [
          257, 
          258
        ]
      }, 
      "class": "003_cracker_box", 
      "cuboid": [
        [
          -16.2496652231438, 
          15.967325466880839, 
          82.57648809031882
        ], 
        [
          -30.334662511046467, 
          9.467116971098424, 
          77.24373489911554
        ], 
        [
          -30.476021609718163, 
          -3.8861955635235326, 
          93.8937381755214
        ], 
        [
          -16.391024321815493, 
          2.614012932258881, 
          99.2264913667247
        ], 
        [
          -19.92952226995518, 
          20.792137411377944, 
          86.41474802813093
        ], 
        [
          -34.014519557857845, 
          14.291928915595529, 
          81.08199483692763
        ], 
        [
          -34.155878656529545, 
          0.9386163809735713, 
          97.73199811333352
        ], 
        [
          -20.070881368626875, 
          7.438824876755984, 
          103.0647513045368
        ]
      ], 
      "cuboid_centroid": [
        -25.202771939836673, 
        8.452970923927204, 
        90.15424310182617
      ], 
      "location": [
        -25.202771939836673, 
        8.452970923927204, 
        90.15424310182617
      ], 
      "pose_transform_permuted": [
        [
          0.5125149212799993, 
          -0.6719793955222856, 
          -0.5345766057908442, 
          0.0
        ], 
        [
          0.8586527770167399, 
          0.39626717435616055, 
          0.32509650113347105, 
          0.0
        ], 
        [
          0.006622989264434942, 
          0.6256324947773155, 
          -0.7800898137342362, 
          0.0
        ], 
        [
          -25.202771939836673, 
          8.452970923927204, 
          90.15424310182617, 
          1.0
        ]
      ], 
      "projected_cuboid": [
        [
          375.7741470988851, 
          376.41138089120864
        ], 
        [
          270.40984449679377, 
          338.6510479116315
        ], 
        [
          307.04966959837003, 
          251.2128167905129
        ], 
        [
          392.7649137592956, 
          287.3362566425931
        ], 
        [
          357.57448946587994, 
          401.6078524619619
        ], 
        [
          256.00093350057364, 
          367.2921872912083
        ], 
        [
          293.65654917634396, 
          278.4085298236356
        ], 
        [
          376.8726345192286, 
          311.77953323285845
        ]
      ], 
      "projected_cuboid_centroid": [
        331.2642236104658, 
        323.29122744030946
      ], 
      "quaternion_xyzw": [
        0.8687436154563812, 
        0.11212864709429603, 
        0.24104102968671712, 
        0.41786471388733576
      ], 
      "visibility": 0.9032822392535821
    }, 
    {
      "bounding_box": {
        "bottom_right": [
          373, 
          307
        ], 
        "top_left": [
          277, 
          224
        ]
      }, 
      "class": "004_sugar_box", 
      "cuboid": [
        [
          -30.837653705617495, 
          13.464497024017863, 
          84.87856480745715
        ], 
        [
          -39.38292850583597, 
          10.85613755455797, 
          82.41584650912999
        ], 
        [
          -40.14838100346239, 
          0.15830799611175062, 
          96.40232194928868
        ], 
        [
          -31.603106203243918, 
          2.7666674655716457, 
          98.86504024761582
        ], 
        [
          -32.57363706901354, 
          16.81898684219016, 
          87.34930216949834
        ], 
        [
          -41.118911869232015, 
          14.210627372730263, 
          84.88658387117121
        ], 
        [
          -41.88436436685844, 
          3.512797814284046, 
          98.87305931132988
        ], 
        [
          -33.33908956663997, 
          6.1211572837439405, 
          101.33577760965701
        ]
      ], 
      "cuboid_centroid": [
        -36.36100903623797, 
        8.488647419150954, 
        91.87581205939351
      ], 
      "location": [
        -36.36100903623797, 
        8.488647419150954, 
        91.87581205939351
      ], 
      "pose_transform_permuted": [
        [
          0.38462873520279756, 
          -0.7432289981686412, 
          -0.5474226346968746, 
          0.0
        ], 
        [
          0.9220491189972434, 
          0.2814462503630808, 
          0.26573132993369325, 
          0.0
        ], 
        [
          0.043429191069102716, 
          0.606958740560803, 
          -0.793545407660833, 
          0.0
        ], 
        [
          -36.36100903623797, 
          8.488647419150954, 
          91.87581205939351, 
          1.0
        ]
      ], 
      "projected_cuboid": [
        [
          286.2193480627953, 
          357.8883447714983
        ], 
        [
          224.62316463518252, 
          343.537478797824
        ], 
        [
          257.63612872930076, 
          274.1623338418648
        ], 
        [
          309.6959266447743, 
          288.21110520779035
        ], 
        [
          281.05820375913135, 
          375.97648316991604
        ], 
        [
          221.10512505874485, 
          362.5680889804365
        ], 
        [
          253.79078675207649, 
          292.2345090377309
        ], 
        [
          304.67473052669146, 
          305.50154760682386
        ]
      ], 
      "projected_cuboid_centroid": [
        268.7701903683682, 
        322.56133405444086
      ], 
      "quaternion_xyzw": [
        0.8769878126654499, 
        0.06785073174807503, 
        0.1853959814902775, 
        0.4380831704943308
      ], 
      "visibility": 0.5668740279937792
    }, 
    {
      "bounding_box": {
        "bottom_right": [
          283, 
          287
        ], 
        "top_left": [
          199, 
          181
        ]
      }, 
      "class": "024_bowl", 
      "cuboid": [
        [
          -47.716148231499474, 
          -10.128704539442792, 
          80.27528361000181
        ], 
        [
          -46.03571679256117, 
          2.751204710917542, 
          89.81585116477937
        ], 
        [
          -46.22596139907779, 
          -0.5050514791917773, 
          94.24535465079043
        ], 
        [
          -47.906392838016096, 
          -13.384960729552109, 
          84.70478709601286
        ], 
        [
          -31.667571151140418, 
          -11.814918695607677, 
          79.72497587014892
        ], 
        [
          -29.987139712202104, 
          1.064990554752656, 
          89.26554342492649
        ], 
        [
          -30.17738431871873, 
          -2.1912656353566624, 
          93.69504691093753
        ], 
        [
          -31.857815757657036, 
          -15.071174885716996, 
          84.15447935615997
        ]
      ], 
      "cuboid_centroid": [
        -38.9467662751091, 
        -6.159985087399726, 
        86.98516526046967
      ], 
      "location": [
        -38.9467662751091, 
        -6.159985087399726, 
        86.98516526046967
      ], 
      "pose_transform_permuted": [
        [
          -0.9939476978822501, 
          0.10443347533331918, 
          0.03408259239524596, 
          0.0
        ], 
        [
          -0.10426841375492399, 
          -0.7991803031791217, 
          -0.5919788348442527, 
          0.0
        ], 
        [
          0.0345842705229912, 
          0.5919497379341696, 
          -0.8052325353536459, 
          0.0
        ], 
        [
          -38.9467662751091, 
          -6.159985087399726, 
          86.98516526046967, 
          1.0
        ]
      ], 
      "projected_cuboid": [
        [
          161.9466557396413, 
          205.99513469866596
        ], 
        [
          205.96251567674037, 
          289.6229789394253
        ], 
        [
          217.83172149030926, 
          270.4285313946855
        ], 
        [
          177.45446776997235, 
          189.01194239151388
        ], 
        [
          267.9917326146339, 
          194.25073464415567
        ], 
        [
          300.9450043067145, 
          279.6493549985027
        ], 
        [
          308.3935543617663, 
          260.8136814773286
        ], 
        [
          278.01923067674767, 
          177.77465591117132
        ]
      ], 
      "projected_cuboid_centroid": [
        240.8184322964479, 
        235.5187109121285
      ], 
      "quaternion_xyzw": [
        -0.6028264119512349, 
        0.34577307711326677, 
        0.6577044822875125, 
        -0.2906305389606159
      ], 
      "visibility": 0.7417974322396577
    }, 
    {
      "bounding_box": {
        "bottom_right": [
          243, 
          400
        ], 
        "top_left": [
          171, 
          322
        ]
      }, 
      "class": "025_mug", 
      "cuboid": [
        [
          -12.767764776408885, 
          -11.964355227585346, 
          77.25671952739485
        ], 
        [
          -24.341651906370156, 
          -10.286255336472797, 
          77.56635315254753
        ], 
        [
          -25.02012516539095, 
          -16.021588499086796, 
          83.28888743544186
        ], 
        [
          -13.446238035429678, 
          -17.69968839019935, 
          82.97925381028918
        ], 
        [
          -11.654146808591127, 
          -5.502959750465301, 
          83.8645988164106
        ], 
        [
          -23.228033938552397, 
          -3.8248598593527543, 
          84.17423244156329
        ], 
        [
          -23.90650719757319, 
          -9.560193021966755, 
          89.89676672445762
        ], 
        [
          -12.332620067611918, 
          -11.238292913079304, 
          89.58713309930494
        ]
      ], 
      "cuboid_centroid": [
        -18.337135986991036, 
        -10.76227412477605, 
        83.57674312592623
      ], 
      "location": [
        -18.337135986991036, 
        -10.76227412477605, 
        83.57674312592623
      ], 
      "pose_transform_permuted": [
        [
          -0.11963067188948089, 
          -0.6941169275368781, 
          -0.7098529854530026, 
          0.0
        ], 
        [
          0.9893056479369626, 
          -0.1434395965191688, 
          -0.02646667370392568, 
          0.0
        ], 
        [
          0.08344997048773975, 
          0.70542704048241, 
          -0.7038528205397937, 
          0.0
        ], 
        [
          -18.337135986991036, 
          -10.76227412477605, 
          83.57674312592623, 
          1.0
        ]
      ], 
      "projected_cuboid": [
        [
          392.7239649044243, 
          190.69404658494625
        ], 
        [
          312.83749748798743, 
          202.56178187938224
        ], 
        [
          320.05183239987855, 
          170.69629859691216
        ], 
        [
          394.4559746932419, 
          159.52809835866552
        ], 
        [
          406.86731542533573, 
          238.29160279131483
        ], 
        [
          333.20010135324674, 
          249.05260549747462
        ], 
        [
          338.58792838349706, 
          216.5699469038182
        ], 
        [
          407.5681423126935, 
          206.38405450409326
        ]
      ], 
      "projected_cuboid_centroid": [
        363.6090792048472, 
        204.6103568391404
      ], 
      "quaternion_xyzw": [
        0.9225759689413624, 
        -0.0614826243705599, 
        -0.039589516341144874, 
        0.37882239380265187
      ], 
      "visibility": 0.8006088280060882
    }, 
    {
      "bounding_box": {
        "bottom_right": [
          277, 
          341
        ], 
        "top_left": [
          223, 
          299
        ]
      }, 
      "class": "061_foam_brick", 
      "cuboid": [
        [
          -28.737601803212232, 
          -8.807063798285073, 
          90.67222256514953
        ], 
        [
          -28.394618390391685, 
          -3.9920850158948804, 
          84.56141763754582
        ], 
        [
          -29.882320558195293, 
          -0.10433739051354043, 
          87.54124850703911
        ], 
        [
          -30.225303971015833, 
          -4.9193161729037325, 
          93.65205343464281
        ], 
        [
          -23.713767490926692, 
          -7.743230966345202, 
          91.79243903953754
        ], 
        [
          -23.370784078106148, 
          -2.9282521839550095, 
          85.68163411193385
        ], 
        [
          -24.858486245909752, 
          0.9594954414263314, 
          88.66146498142714
        ], 
        [
          -25.201469658730296, 
          -3.855483340963861, 
          94.77226990903084
        ]
      ], 
      "cuboid_centroid": [
        -26.79804402456099, 
        -3.9237841784293708, 
        89.66684377328833
      ], 
      "location": [
        -26.79804402456099, 
        -3.9237841784293708, 
        89.66684377328833
      ], 
      "pose_transform_permuted": [
        [
          -0.9558284383899128, 
          -0.20240350522197148, 
          -0.21313098657623558, 
          0.0
        ], 
        [
          -0.044043380717836395, 
          -0.6183037888542883, 
          0.7847041514503255, 
          0.0
        ], 
        [
          0.29060656733811757, 
          -0.7594295528633916, 
          -0.5820778103120448, 
          0.0
        ], 
        [
          -26.79804402456099, 
          -3.9237841784293708, 
          89.66684377328833, 
          1.0
        ]
      ], 
      "projected_cuboid": [
        [
          311.15845216752666, 
          221.48479031292283
        ], 
        [
          301.02294325487753, 
          248.10889578784563
        ], 
        [
          298.0306128376546, 
          272.6508927905471
        ], 
        [
          308.0388788929363, 
          245.27254838268072
        ], 
        [
          342.67047539766895, 
          228.29790106777418
        ], 
        [
          334.91491398494, 
          255.0598287180861
        ], 
        [
          330.8213127642212, 
          279.0581289311596
        ], 
        [
          338.596974330773, 
          251.59026785622007
        ]
      ], 
      "projected_cuboid_centroid": [
        320.8796487261806, 
        249.94869252560048
      ], 
      "quaternion_xyzw": [
        0.3200226761477252, 
        -0.7100359005285338, 
        -0.1336813761133251, 
        0.6128326006278794
      ], 
      "visibility": 0.8533487297921478
    }
  ]
}