{
  "camera_data": {
    "location_worldframe": [
      -17.28712467438121, 
      4.460021230275022, 
      82.47417962208696
    ], 
    "quaternion_xyzw_worldframe": [
      0.9231757420902887, 
      0.014790867629002356, 
      -0.05630724502324185, 
      -0.3799486038264167
    ]
  }, 
  "objects": [
    {
      "bounding_box": {
        "bottom_right": [
          494, 
          385
        ], 
        "top_left": [
          315, 
          217
        ]
      }, 
      "class": "003_cracker_box", 
      "cuboid": [
        [
          -17.58980356557325, 
          27.910221027512872, 
          70.43627235839584
        ], 
        [
          -31.872788152301002, 
          21.167451009498787, 
          66.00800865050489
        ], 
        [
          -28.655977172480917, 
          5.254034672970379, 
          79.86329120867796
        ], 
        [
          -14.372992585753163, 
          11.996804690984458, 
          84.29155491656893
        ], 
        [
          -20.950836139916678, 
          31.676445704991096, 
          75.54228932349683
        ], 
        [
          -35.23382072664443, 
          24.93367568697702, 
          71.11402561560587
        ], 
        [
          -32.01700974682435, 
          9.020259350448608, 
          84.96930817377894
        ], 
        [
          -17.734025160096596, 
          15.76302936846269, 
          89.3975718816699
        ]
      ], 
      "cuboid_centroid": [
        -24.8034066561988, 
        18.46524018898074, 
        77.70279026608739
      ], 
      "location": [
        -24.8034066561988, 
        18.46524018898074, 
        77.70279026608739
      ], 
      "pose_transform_permuted": [
        [
          0.4681103975905161, 
          -0.5245438394877644, 
          -0.7111444411110048, 
          0.0
        ], 
        [
          0.8707225233202209, 
          0.41105426450636684, 
          0.2699568095344091, 
          0.0
        ], 
        [
          -0.15071477382962928, 
          0.7455790716527417, 
          -0.6491509107002158, 
          0.0
        ], 
        [
          -24.8034066561988, 
          18.46524018898074, 
          77.70279026608739, 
          1.0
        ]
      ], 
      "projected_cuboid": [
        [
          347.3031446600319, 
          484.6132727193139
        ], 
        [
          221.9310230146484, 
          444.31148449896943
        ], 
        [
          288.64041547721547, 
          308.3724897290741
        ], 
        [
          389.9001221369744, 
          349.19130546987805
        ], 
        [
          332.4540404721389, 
          496.9184793882549
        ], 
        [
          215.15903759383087, 
          460.2766205873756
        ], 
        [
          278.9639516810362, 
          329.9032277047185
        ], 
        [
          374.9194444046024, 
          367.32412843669414
        ]
      ], 
      "projected_cuboid_centroid": [
        309.93811614114014, 
        400.02425443947976
      ], 
      "quaternion_xyzw": [
        0.9120644215300758, 
        0.15398282870018504, 
        0.20230676411177909, 
        0.32171377440065974
      ], 
      "visibility": 0.9056101667300277
    }, 
    {
      "bounding_box": {
        "bottom_right": [
          453, 
          295
        ], 
        "top_left": [
          326, 
          187
        ]
      }, 
      "class": "004_sugar_box", 
      "cuboid": [
        [
          -31.475923610168877, 
          23.767953576212097, 
          74.23006526380432
        ], 
        [
          -40.110324425966546, 
          20.858698777280217, 
          72.53489535576281
        ], 
        [
          -38.07927307699826, 
          7.943280445608532, 
          84.35512250085704
        ], 
        [
          -29.44487226120059, 
          10.852535244540414, 
          86.05029240889857
        ], 
        [
          -33.03104587045887, 
          26.492851547876732, 
          77.47464676069484
        ], 
        [
          -41.665446686256544, 
          23.58359674894485, 
          75.77947685265332
        ], 
        [
          -39.634395337288254, 
          10.668178417273165, 
          87.59970399774755
        ], 
        [
          -30.99999452149058, 
          13.577433216205048, 
          89.29487390578907
        ]
      ], 
      "cuboid_centroid": [
        -35.555159473728565, 
        17.21806599674263, 
        80.91488463077594
      ], 
      "location": [
        -35.555159473728565, 
        17.21806599674263, 
        80.91488463077594
      ], 
      "pose_transform_permuted": [
        [
          0.34455670525028914, 
          -0.6037350832370444, 
          -0.7188774407204316, 
          0.0
        ], 
        [
          0.9316659617630764, 
          0.3139133482547646, 
          0.18291160399199383, 
          0.0
        ], 
        [
          -0.11523499809461925, 
          0.7327772424844959, 
          -0.6706397911775146, 
          0.0
        ], 
        [
          -35.555159473728565, 
          17.21806599674263, 
          80.91488463077594, 
          1.0
        ]
      ], 
      "projected_cuboid": [
        [
          253.5679129179756, 
          444.0517804616615
        ], 
        [
          184.22448568194162, 
          426.65206615694046
        ], 
        [
          238.84165272690268, 
          323.5064522044324
        ], 
        [
          297.58383255924986, 
          340.5480127648716
        ], 
        [
          252.3232526575787, 
          455.65789603578116
        ], 
        [
          185.92099761722005, 
          439.26279580490495
        ], 
        [
          238.2862962535723, 
          338.2359408566074
        ], 
        [
          294.90458746954357, 
          354.3786623853546
        ]
      ], 
      "projected_cuboid_centroid": [
        245.29585578956682, 
        386.77284921203176
      ], 
      "quaternion_xyzw": [
        0.9196902528797405, 
        0.1166556742896947, 
        0.14338205379220628, 
        0.3464141515103122
      ], 
      "visibility": 0.5172802404207363
    }, 
    {
      "bounding_box": {
        "bottom_right": [
          346, 
          256
        ], 
        "top_left": [
          261, 
          134
        ]
      }, 
      "class": "024_bowl", 
      "cuboid": [
        [
          -47.31434007840474, 
          -0.12826646466423813, 
          67.84026806156426
        ], 
        [
          -45.04355698107105, 
          11.06846280184465, 
          79.20755178473803
        ], 
        [
          -44.35725560304585, 
          7.112151342884471, 
          82.96740398618678
        ], 
        [
          -46.62803870037955, 
          -4.084577923624417, 
          71.60012026301301
        ], 
        [
          -31.456552973337637, 
          -0.26238862843058347, 
          64.80455027679362
        ], 
        [
          -29.185769876003942, 
          10.934340638078305, 
          76.17183399996739
        ], 
        [
          -28.499468497978754, 
          6.978029179118125, 
          79.93168620141614
        ], 
        [
          -30.77025159531244, 
          -4.218700087390762, 
          68.56440247824237
        ]
      ], 
      "cuboid_centroid": [
        -37.90690428819175, 
        3.4248813572269436, 
        73.8859771314902
      ], 
      "location": [
        -37.90690428819175, 
        3.4248813572269436, 
        73.8859771314902
      ], 
      "pose_transform_permuted": [
        [
          -0.9821313695080336, 
          0.008306681348946257, 
          0.18801322313401472, 
          0.0
        ], 
        [
          -0.14089890611072386, 
          -0.6947413460675416, 
          -0.7053240108780233, 
          0.0
        ], 
        [
          -0.12476165791249796, 
          0.7192116942244665, 
          -0.683497671982646, 
          0.0
        ], 
        [
          -37.90690428819175, 
          3.4248813572269436, 
          73.8859771314902, 
          1.0
        ]
      ], 
      "projected_cuboid": [
        [
          106.54033142941243, 
          272.2781838073703
        ], 
        [
          175.7827416291403, 
          347.8126132711721
        ], 
        [
          194.08974879029415, 
          319.00388488394594
        ], 
        [
          131.38981605045478, 
          242.86221204936362
        ], 
        [
          220.56289415713937, 
          271.1271681016082
        ], 
        [
          275.549032080868, 
          349.8436810240163
        ], 
        [
          289.85848064235597, 
          319.84529071168146
        ], 
        [
          240.2599680765455, 
          240.47190982442214
        ]
      ], 
      "projected_cuboid_centroid": [
        205.69939615854562, 
        298.0078229770481
      ], 
      "quaternion_xyzw": [
        -0.5895548246303577, 
        0.24169918739635965, 
        0.7155633835428565, 
        -0.28631391111803506
      ], 
      "visibility": 0.6427015250544662
    }, 
    {
      "bounding_box": {
        "bottom_right": [
          329, 
          383
        ], 
        "top_left": [
          241, 
          283
        ]
      }, 
      "class": "025_mug", 
      "cuboid": [
        [
          -13.17221780838024, 
          1.687622833269975, 
          59.78421091792037
        ], 
        [
          -24.651116728661425, 
          2.252611893327406, 
          61.97108596314889
        ], 
        [
          -24.09380951096197, 
          -4.397889872659684, 
          66.61457667531683
        ], 
        [
          -12.61491059068079, 
          -4.962878932717116, 
          64.42770163008831
        ], 
        [
          -11.492093797828929, 
          7.0234478046290665, 
          67.22464103804025
        ], 
        [
          -22.97099271811011, 
          7.588436864686498, 
          69.41151608326876
        ], 
        [
          -22.41368550041066, 
          0.9379350986994072, 
          74.05500679543671
        ], 
        [
          -10.934786580129478, 
          0.3729460386419758, 
          71.86813175020819
        ]
      ], 
      "cuboid_centroid": [
        -17.792951654395452, 
        1.3127789659846911, 
        66.91960885667854
      ], 
      "location": [
        -17.792951654395452, 
        1.3127789659846911, 
        66.91960885667854
      ], 
      "pose_transform_permuted": [
        [
          -0.18048771665723987, 
          -0.5732022514500414, 
          -0.7992899541311432, 
          0.0
        ], 
        [
          0.9811863038247615, 
          -0.048293789446975766, 
          -0.18692836808269567, 
          0.0
        ], 
        [
          -0.06854694750496905, 
          0.8179897567389247, 
          -0.5711340244267945, 
          0.0
        ], 
        [
          -17.792951654395452, 
          1.3127789659846911, 
          66.91960885667854, 
          1.0
        ]
      ], 
      "projected_cuboid": [
        [
          363.11185932157696, 
          288.34138761766025
        ], 
        [
          267.6830579143838, 
          292.67238570903726
        ], 
        [
          287.0933365244171, 
          238.0768149631315
        ], 
        [
          376.30315310122035, 
          232.20482224800503
        ], 
        [
          389.66597897974606, 
          329.00631867121945
        ], 
        [
          303.6298666172129, 
          331.59187712343214
        ], 
        [
          318.83597987197595, 
          280.04123530070933
        ], 
        [
          399.7758971597897, 
          276.05409880471063
        ]
      ], 
      "projected_cuboid_centroid": [
        338.61343046392744, 
        283.74880371933386
      ], 
      "quaternion_xyzw": [
        0.9484811562038055, 
        0.005338313240469212, 
        -0.09684327472842984, 
        0.30162335550685054
      ], 
      "visibility": 0.7913072329130724
    }, 
    {
      "bounding_box": {
        "bottom_right": [
          352, 
          324
        ], 
        "top_left": [
          282, 
          269
        ]
      }, 
      "class": "061_foam_brick", 
      "cuboid": [
        [
          -27.11138815314593, 
          1.1172299790588176, 
          75.6069064105074
        ], 
        [
          -27.99933425027185, 
          6.899290704470176, 
          70.46658339966288
        ], 
        [
          -29.266995221073056, 
          10.084548085618504, 
          74.26847798374571
        ], 
        [
          -28.37904912394713, 
          4.302487360207145, 
          79.40880099459025
        ], 
        [
          -22.05446854388739, 
          2.4214151271407234, 
          76.2003721686772
        ], 
        [
          -22.942414641013308, 
          8.203475852552081, 
          71.06004915783268
        ], 
        [
          -24.210075611814506, 
          11.38873323370041, 
          74.86194374191552
        ], 
        [
          -23.322129514688587, 
          5.606672508289051, 
          80.00226675276004
        ]
      ], 
      "cuboid_centroid": [
        -25.66073188248022, 
        6.252981606379613, 
        75.23442507621147
      ], 
      "location": [
        -25.66073188248022, 
        6.252981606379613, 
        75.23442507621147
      ], 
      "pose_transform_permuted": [
        [
          -0.9621232056480686, 
          -0.2481326365429693, 
          -0.11291205354486772, 
          0.0
        ], 
        [
          0.11402343830865165, 
          -0.7424892643312387, 
          0.6600820766155744, 
          0.0
        ], 
        [
          0.24762389357603898, 
          -0.6222056629725341, 
          -0.7426590875328679, 
          0.0
        ], 
        [
          -25.66073188248022, 
          6.252981606379613, 
          75.23442507621147, 
          1.0
        ]
      ], 
      "projected_cuboid": [
        [
          288.7637723262237, 
          281.16730780823974
        ], 
        [
          267.9208305702614, 
          325.50315847253455
        ], 
        [
          269.6802860036791, 
          345.7033577076792
        ], 
        [
          289.4114261013428, 
          302.1825890085893
        ], 
        [
          325.95347737687035, 
          290.23380568548765
        ], 
        [
          307.97482675611354, 
          334.8552305743728
        ], 
        [
          307.6861755006213, 
          354.4203445251693
        ], 
        [
          324.8289851327707, 
          310.6623320241044
        ]
      ], 
      "projected_cuboid_centroid": [
        298.1781320456516, 
        317.6124903697611
      ], 
      "quaternion_xyzw": [
        0.3888218836694333, 
        -0.6366110033232127, 
        -0.19420275820257202, 
        0.6370472996050447
      ], 
      "visibility": 0.4910071942446043
    }
  ]
}