{
  "camera_data": {
    "location_worldframe": [
      -16.813788668708835, 
      -0.9906431237123245, 
      91.67040384395632
    ], 
    "quaternion_xyzw_worldframe": [
      0.8789124376615771, 
      0.029484217902997475, 
      0.0037955895894023336, 
      -0.47605583374425475
    ]
  }, 
  "objects": [
    {
      "bounding_box": {
        "bottom_right": [
          431, 
          398
        ], 
        "top_left": [
          283, 
          270
        ]
      }, 
      "class": "003_cracker_box", 
      "cuboid": [
        [
          -15.346937656909901, 
          24.466526506391485, 
          84.98494349265215
        ], 
        [
          -29.120339483845086, 
          19.39005845321235, 
          77.66367380044807
        ], 
        [
          -27.78739291558655, 
          0.792411099313467, 
          88.05137390646676
        ], 
        [
          -14.013991088651368, 
          5.868879152492604, 
          95.37264359867088
        ], 
        [
          -19.220649394180157, 
          27.200503728859488, 
          90.37680063639247
        ], 
        [
          -32.99405122111534, 
          22.12403567568035, 
          83.05553094418838
        ], 
        [
          -31.661104652856807, 
          3.526388321781468, 
          93.44323105020709
        ], 
        [
          -17.887702825921618, 
          8.602856374960604, 
          100.76450074241119
        ]
      ], 
      "cuboid_centroid": [
        -23.504021154883354, 
        13.996457414086477, 
        89.21408727142962
      ], 
      "location": [
        -23.504021154883354, 
        13.996457414086477, 
        89.21408727142962
      ], 
      "pose_transform_permuted": [
        [
          0.5395141824350975, 
          -0.38077678103519025, 
          -0.7509550519011554, 
          0.0
        ], 
        [
          0.8396572243448672, 
          0.3094727888263652, 
          0.4463208919393144, 
          0.0
        ], 
        [
          -0.06245152165369117, 
          0.8713412856054226, 
          -0.4866869337085472, 
          0.0
        ], 
        [
          -23.504021154883354, 
          13.996457414086477, 
          89.21408727142962, 
          1.0
        ]
      ], 
      "projected_cuboid": [
        [
          384.4853865352644, 
          426.82523768254947
        ], 
        [
          279.96006179738936, 
          406.4388521315764
        ], 
        [
          311.8886432565882, 
          278.0861037171723
        ], 
        [
          402.57839174509155, 
          306.10504929858195
        ], 
        [
          367.2295149241922, 
          433.798541156718
        ], 
        [
          267.9687490191876, 
          415.35030363897107
        ], 
        [
          299.3880138753757, 
          293.41311032632336
        ], 
        [
          386.1332612121722, 
          318.8191585191375
        ]
      ], 
      "projected_cuboid_centroid": [
        339.91970358975226, 
        356.95701046234115
      ], 
      "quaternion_xyzw": [
        0.930316285175564, 
        0.09994566267585785, 
        0.2649193317594056, 
        0.2331098919170362
      ], 
      "visibility": 0.8953029759770527
    }, 
    {
      "bounding_box": {
        "bottom_right": [
          403, 
          314
        ], 
        "top_left": [
          292, 
          236
        ]
      }, 
      "class": "004_sugar_box", 
      "cuboid": [
        [
          -29.643157694553928, 
          20.176484731094586, 
          86.24452212516398
        ], 
        [
          -38.06566141838362, 
          18.039778443301614, 
          83.02176566339618
        ], 
        [
          -37.626534384488316, 
          2.8475335936839414, 
          91.94666532127567
        ], 
        [
          -29.20403066065862, 
          4.984239881476912, 
          95.16942178304348
        ], 
        [
          -31.522913198795223, 
          22.2144006325009, 
          89.80601076244272
        ], 
        [
          -39.94541692262492, 
          20.077694344707933, 
          86.58325430067492
        ], 
        [
          -39.50628988872961, 
          4.885449495090262, 
          95.5081539585544
        ], 
        [
          -31.08378616489992, 
          7.022155782883233, 
          98.73091042032222
        ]
      ], 
      "cuboid_centroid": [
        -34.57472379164177, 
        12.530967113092423, 
        90.8763380418592
      ], 
      "location": [
        -34.57472379164177, 
        12.530967113092423, 
        90.8763380418592
      ], 
      "pose_transform_permuted": [
        [
          0.41648324363686895, 
          -0.451525649459094, 
          -0.7890921646367991, 
          0.0
        ], 
        [
          0.9088019191740475, 
          0.23055410109982774, 
          0.34774069012265146, 
          0.0
        ], 
        [
          -0.02491458570947808, 
          0.8619566940973568, 
          -0.5063686822063056, 
          0.0
        ], 
        [
          -34.57472379164177, 
          12.530967113092423, 
          90.8763380418592, 
          1.0
        ]
      ], 
      "projected_cuboid": [
        [
          296.76186809298173, 
          398.05404972009313
        ], 
        [
          235.03108893666055, 
          389.1714151941016
        ], 
        [
          261.5325758766671, 
          289.80312859342735
        ], 
        [
          316.5768706966022, 
          301.21770206977146
        ], 
        [
          292.83589029534534, 
          405.20838580809357
        ], 
        [
          233.49819511228262, 
          396.95742175039777
        ], 
        [
          259.15468801048115, 
          300.56699289899
        ], 
        [
          312.29100612625996, 
          311.218460002072
        ]
      ], 
      "projected_cuboid_centroid": [
        276.9998903182385, 
        346.82614467649677
      ], 
      "quaternion_xyzw": [
        0.9433783411108455, 
        0.06770048549887384, 
        0.20252318196632343, 
        0.25384681042641416
      ], 
      "visibility": 0.5443079986724195
    }, 
    {
      "bounding_box": {
        "bottom_right": [
          315, 
          291
        ], 
        "top_left": [
          246, 
          176
        ]
      }, 
      "class": "024_bowl", 
      "cuboid": [
        [
          -45.00011410491827, 
          -1.1751221292982221, 
          73.16839942931274
        ], 
        [
          -43.894384047700164, 
          7.266595820938463, 
          86.85244490113796
        ], 
        [
          -43.71236555324573, 
          2.580886514815554, 
          89.72836146541927
        ], 
        [
          -44.81809561046383, 
          -5.8608314354211295, 
          76.04431599359404
        ], 
        [
          -28.900723842026316, 
          -1.3006500887660741, 
          71.94493754281591
        ], 
        [
          -27.794993784808213, 
          7.14106786147061, 
          85.62898301464112
        ], 
        [
          -27.61297529035378, 
          2.4553585553477024, 
          88.50489957892243
        ], 
        [
          -28.718705347571884, 
          -5.986359394888982, 
          74.82085410709722
        ]
      ], 
      "cuboid_centroid": [
        -36.30654469763602, 
        0.6401182130247403, 
        80.83664950411759
      ], 
      "location": [
        -36.30654469763602, 
        0.6401182130247403, 
        80.83664950411759
      ], 
      "pose_transform_permuted": [
        [
          -0.9970947460939232, 
          0.0077744105105507985, 
          0.0757735168321226, 
          0.0
        ], 
        [
          -0.0686089991152003, 
          -0.5237967581669137, 
          -0.8490758278117697, 
          0.0
        ], 
        [
          -0.03308885843157745, 
          0.8518077920957551, 
          -0.5228083901130985, 
          0.0
        ], 
        [
          -36.30654469763602, 
          0.6401182130247403, 
          80.83664950411759, 
          1.0
        ]
      ], 
      "projected_cuboid": [
        [
          150.86081748258468, 
          264.72115116061275
        ], 
        [
          209.81634545313796, 
          317.90724910485136
        ], 
        [
          219.61817028928323, 
          288.62658540695224
        ], 
        [
          164.65610050483184, 
          232.18292441959528
        ], 
        [
          265.5739561168341, 
          263.64496781842803
        ], 
        [
          307.0399623029173, 
          317.7629664195166
        ], 
        [
          313.818057918356, 
          288.082225084679
        ], 
        [
          275.1855470884704, 
          230.61604543900896
        ]
      ], 
      "projected_cuboid_centroid": [
        240.0685857962109, 
        277.5097162136457
      ], 
      "quaternion_xyzw": [
        -0.6533424209685975, 
        0.1877682682106608, 
        0.7064329954148303, 
        -0.19707658766401404
      ], 
      "visibility": 0.7287620334402972
    }, 
    {
      "bounding_box": {
        "bottom_right": [
          305, 
          411
        ], 
        "top_left": [
          232, 
          326
        ]
      }, 
      "class": "025_mug", 
      "cuboid": [
        [
          -10.12814930289419, 
          0.931227286379566, 
          69.51055122064899
        ], 
        [
          -21.77341267003129, 
          1.4812769806506203, 
          70.48627759997224
        ], 
        [
          -21.864390310826032, 
          -6.01711352483985, 
          73.6275566331581
        ], 
        [
          -10.21912694368893, 
          -6.5671632191109035, 
          72.65183025383483
        ], 
        [
          -9.243012661494031, 
          4.502631898094697, 
          78.06130834582031
        ], 
        [
          -20.888276028631132, 
          5.052681592365752, 
          79.03703472514356
        ], 
        [
          -20.979253669425873, 
          -2.4457089131247183, 
          82.17831375832941
        ], 
        [
          -9.333990302288772, 
          -2.9957586073957727, 
          81.20258737900616
        ]
      ], 
      "cuboid_centroid": [
        -15.553701486160032, 
        -0.7572408133725762, 
        75.8444324894892
      ], 
      "location": [
        -15.553701486160032, 
        -0.7572408133725762, 
        75.8444324894892
      ], 
      "pose_transform_permuted": [
        [
          -0.09508601170668989, 
          -0.38365897968215146, 
          -0.918567093572087, 
          0.0
        ], 
        [
          0.9954067022995667, 
          -0.047016811472065385, 
          -0.08340254290252477, 
          0.0
        ], 
        [
          0.01118994940246057, 
          0.9222772719028427, 
          -0.3863669483325667, 
          0.0
        ], 
        [
          -15.553701486160032, 
          -0.7572408133725762, 
          75.8444324894892, 
          1.0
        ]
      ], 
      "projected_cuboid": [
        [
          403.24127755210554, 
          280.431377714227
        ], 
        [
          315.48022653504955, 
          284.49430846926015
        ], 
        [
          321.90302357757025, 
          229.70170882637055
        ], 
        [
          405.95577081142477, 
          225.07857490058456
        ], 
        [
          417.92199459200594, 
          304.04879162477357
        ], 
        [
          339.4742872748147, 
          307.3806060358353
        ], 
        [
          344.31160742520984, 
          257.4144131050177
        ], 
        [
          419.7827317895344, 
          253.6110967997329
        ]
      ], 
      "projected_cuboid_centroid": [
        371.31579032511615, 
        267.9618049497259
      ], 
      "quaternion_xyzw": [
        0.9793175005806971, 
        -0.014859011719899725, 
        -0.045564526954582615, 
        0.1965720840172167
      ], 
      "visibility": 0.8502242152466367
    }, 
    {
      "bounding_box": {
        "bottom_right": [
          320, 
          347
        ], 
        "top_left": [
          259, 
          305
        ]
      }, 
      "class": "061_foam_brick", 
      "cuboid": [
        [
          -25.82227307735932, 
          -2.410136261734561, 
          83.2039802036672
        ], 
        [
          -26.015314893000173, 
          4.358378112344723, 
          79.35774266746907
        ], 
        [
          -27.667313070621947, 
          6.716593195892641, 
          83.59058509193899
        ], 
        [
          -27.47427125498109, 
          -0.05192117818664417, 
          87.43682262813712
        ], 
        [
          -20.84916870509219, 
          -1.4646882064872542, 
          84.61815746217042
        ], 
        [
          -21.042210520733036, 
          5.303826167592031, 
          80.77191992597228
        ], 
        [
          -22.69420869835481, 
          7.662041251139947, 
          85.00476235044219
        ], 
        [
          -22.50116688271396, 
          0.8935268770606634, 
          88.85099988664034
        ]
      ], 
      "cuboid_centroid": [
        -24.258240887857067, 
        2.6259524947026933, 
        84.1043712770547
      ], 
      "location": [
        -24.258240887857067, 
        2.6259524947026933, 
        84.1043712770547
      ], 
      "pose_transform_permuted": [
        [
          -0.946176623394974, 
          -0.1798797655439977, 
          -0.26905959802378526, 
          0.0
        ], 
        [
          0.024788995219372056, 
          -0.869162310270964, 
          0.49390523799657604, 
          0.0
        ], 
        [
          0.3227000202307066, 
          -0.4606518732755538, 
          -0.8268400985624873, 
          0.0
        ], 
        [
          -24.258240887857067, 
          2.6259524947026933, 
          84.1043712770547, 
          1.0
        ]
      ], 
      "projected_cuboid": [
        [
          314.7025373082593, 
          257.83808391292087
        ], 
        [
          305.30550898905125, 
          302.5767914595092
        ], 
        [
          303.60470999872786, 
          316.1393386840954
        ], 
        [
          312.62164144094027, 
          272.9698455368113
        ], 
        [
          349.09675158985124, 
          264.05510436024474
        ], 
        [
          341.5020498945226, 
          308.3065593391651
        ], 
        [
          338.0271265076318, 
          321.3581581272778
        ], 
        [
          345.4104429085341, 
          278.6498471420997
        ]
      ], 
      "projected_cuboid_centroid": [
        326.48968422885736, 
        289.9381325256554
      ], 
      "quaternion_xyzw": [
        0.45639804994313976, 
        -0.6528633999696962, 
        -0.24773954744917537, 
        0.5514483816439987
      ], 
      "visibility": 0.6981891348088531
    }
  ]
}