{
  "camera_data": {
    "location_worldframe": [
      -11.47996833580684, 
      4.610463168885663, 
      83.13516556455363
    ], 
    "quaternion_xyzw_worldframe": [
      0.9239255657977563, 
      -0.0011371599386257938, 
      0.09338283832707886, 
      -0.3710015740030736
    ]
  }, 
  "objects": [
    {
      "bounding_box": {
        "bottom_right": [
          495, 
          435
        ], 
        "top_left": [
          327, 
          303
        ]
      }, 
      "class": "003_cracker_box", 
      "cuboid": [
        [
          -5.291111216282797, 
          27.46471495931403, 
          71.54652546444893
        ], 
        [
          -18.736294066614914, 
          22.624414148591253, 
          63.49192045426947
        ], 
        [
          -21.542307708558127, 
          6.886129726606187, 
          77.63356951087975
        ], 
        [
          -8.09712485822601, 
          11.726430537328964, 
          85.68817452105921
        ], 
        [
          -9.294518970473465, 
          31.827475682685314, 
          75.60749120663853
        ], 
        [
          -22.739701820805582, 
          26.987174871962537, 
          67.55288619645907
        ], 
        [
          -25.545715462748795, 
          11.248890449977472, 
          81.69453525306936
        ], 
        [
          -12.100532612416679, 
          16.089191260700247, 
          89.74914026324882
        ]
      ], 
      "cuboid_centroid": [
        -15.418413339515796, 
        19.35680270464575, 
        76.62053035875914
      ], 
      "location": [
        -15.418413339515796, 
        19.35680270464575, 
        76.62053035875914
      ], 
      "pose_transform_permuted": [
        [
          0.5575776949728724, 
          -0.6076268562224715, 
          -0.5655941280334641, 
          0.0
        ], 
        [
          0.8196482651687179, 
          0.2950755081999991, 
          0.49102664476220015, 
          0.0
        ], 
        [
          0.13146800171391435, 
          0.7373737505890136, 
          -0.6625678202777752, 
          0.0
        ], 
        [
          -15.418413339515796, 
          19.35680270464575, 
          76.62053035875914, 
          1.0
        ]
      ], 
      "projected_cuboid": [
        [
          441.8275735531981, 
          478.01304620710613
        ], 
        [
          322.9043613636357, 
          463.3271453042001
        ], 
        [
          332.37453535135637, 
          320.59220560169547
        ], 
        [
          430.7809276629753, 
          346.27134692629926
        ], 
        [
          415.489097720057, 
          497.7909593500563
        ], 
        [
          300.5745532054673, 
          486.346107513733
        ], 
        [
          313.4393515395835, 
          346.72172611654935
        ], 
        [
          409.09240759788383, 
          368.8939248772758
        ]
      ], 
      "projected_cuboid_centroid": [
        373.3823665032113, 
        408.0201648779191
      ], 
      "quaternion_xyzw": [
        0.8835462839873184, 
        0.046292851164442525, 
        0.2967032850285078, 
        0.359402416013805
      ], 
      "visibility": 0.9337333261906038
    }, 
    {
      "bounding_box": {
        "bottom_right": [
          474, 
          330
        ], 
        "top_left": [
          350, 
          253
        ]
      }, 
      "class": "004_sugar_box", 
      "cuboid": [
        [
          -20.12936399110896, 
          25.415499765675214, 
          71.54126063099807
        ], 
        [
          -28.3469008284559, 
          23.67691401505722, 
          67.62467412427064
        ], 
        [
          -31.327742562384508, 
          11.003046244994588, 
          79.50485208295825
        ], 
        [
          -23.110205725037567, 
          12.741631995612584, 
          83.42143858968566
        ], 
        [
          -22.071626097249197, 
          28.43557698847208, 
          74.27576877137561
        ], 
        [
          -30.289162934596135, 
          26.69699123785408, 
          70.35918226464818
        ], 
        [
          -33.27000466852474, 
          14.023123467791448, 
          82.2393602233358
        ], 
        [
          -25.052467831177804, 
          15.761709218409441, 
          86.15594673006322
        ]
      ], 
      "cuboid_centroid": [
        -26.699684329816854, 
        19.719311616733332, 
        76.89031042716692
      ], 
      "location": [
        -26.699684329816854, 
        19.719311616733332, 
        76.89031042716692
      ], 
      "pose_transform_permuted": [
        [
          0.43033235978460743, 
          -0.6691357226757734, 
          -0.6058643358065526, 
          0.0
        ], 
        [
          0.8866856570849455, 
          0.18759624437326453, 
          0.42260608610412176, 
          0.0
        ], 
        [
          0.16912289869190691, 
          0.7190724789289549, 
          -0.6740411979876931, 
          0.0
        ], 
        [
          -26.699684329816854, 
          19.719311616733332, 
          76.89031042716692, 
          1.0
        ]
      ], 
      "projected_cuboid": [
        [
          330.28791462806265, 
          462.7518007062465
        ], 
        [
          256.17722819322233, 
          460.0136768077852
        ], 
        [
          269.6988985055284, 
          347.09511548649516
        ], 
        [
          332.6205314936759, 
          354.7447575914291
        ], 
        [
          321.79628176169354, 
          477.46147036621215
        ], 
        [
          250.09321370995724, 
          475.648586268769
        ], 
        [
          264.0441682132887, 
          364.2260387544227
        ], 
        [
          325.22578808638264, 
          370.8541291863001
        ]
      ], 
      "projected_cuboid_centroid": [
        294.86184277530117, 
        410.0618350693552
      ], 
      "quaternion_xyzw": [
        0.896050008624024, 
        0.00515410565915995, 
        0.23797177548117635, 
        0.37474943020369245
      ], 
      "visibility": 0.6037937166567872
    }, 
    {
      "bounding_box": {
        "bottom_right": [
          371, 
          320
        ], 
        "top_left": [
          282, 
          182
        ]
      }, 
      "class": "024_bowl", 
      "cuboid": [
        [
          -36.99249561589971, 
          3.7476334878356847, 
          61.107970471559305
        ], 
        [
          -36.19118568993878, 
          14.891480689531397, 
          72.72308619778343
        ], 
        [
          -37.0792727634162, 
          11.00487261889397, 
          76.51326793138095
        ], 
        [
          -37.880582689377135, 
          -0.1389745828017451, 
          64.8981522051568
        ], 
        [
          -21.078241057369745, 
          1.3158284144347525, 
          62.34320689609842
        ], 
        [
          -20.27693113140881, 
          12.459675616130466, 
          73.95832262232257
        ], 
        [
          -21.16501820488623, 
          8.573067545493037, 
          77.74850435592008
        ], 
        [
          -21.966328130847167, 
          -2.5707796562026757, 
          66.13338862969594
        ]
      ], 
      "cuboid_centroid": [
        -29.078756910392972, 
        6.160350516664361, 
        69.4282374137397
      ], 
      "location": [
        -29.078756910392972, 
        6.160350516664361, 
        69.4282374137397
      ], 
      "pose_transform_permuted": [
        [
          -0.9856286076179079, 
          0.15061067671621606, 
          -0.0765027574945289, 
          0.0
        ], 
        [
          -0.04972015696088741, 
          -0.6914600881200954, 
          -0.7207016390495684, 
          0.0
        ], 
        [
          0.16144396500633884, 
          0.7065404238938018, 
          -0.6890112303634812, 
          0.0
        ], 
        [
          -29.078756910392972, 
          6.160350516664361, 
          69.4282374137397, 
          1.0
        ]
      ], 
      "projected_cuboid": [
        [
          156.05470664499342, 
          305.99399519507284
        ], 
        [
          213.9747988656866, 
          382.494200766023
        ], 
        [
          220.98999743007633, 
          349.99367958756363
        ], 
        [
          167.7080961051643, 
          272.1444736228553
        ], 
        [
          299.77903047205587, 
          284.54288965870217
        ], 
        [
          334.1599238599344, 
          363.13428966687906
        ], 
        [
          335.2047324079392, 
          332.093904730636
        ], 
        [
          302.9777496127558, 
          252.55499581976193
        ]
      ], 
      "projected_cuboid_centroid": [
        256.3643722597879, 
        320.60785409316196
      ], 
      "quaternion_xyzw": [
        0.6582786310574428, 
        -0.32391452983835656, 
        -0.6480273573237783, 
        0.20447289652346437
      ], 
      "visibility": 0.7323913960354281
    }, 
    {
      "bounding_box": {
        "bottom_right": [
          328, 
          461
        ], 
        "top_left": [
          240, 
          371
        ]
      }, 
      "class": "025_mug", 
      "cuboid": [
        [
          -2.0329926174203568, 
          0.5448230661303283, 
          62.310272821578195
        ], 
        [
          -13.48334940711129, 
          2.7678966108589815, 
          61.40803730522637
        ], 
        [
          -15.10871304709852, 
          -3.738259430988867, 
          66.00476414779833
        ], 
        [
          -3.65835625740759, 
          -5.961332975717521, 
          66.90699966415013
        ], 
        [
          -1.6073888127594582, 
          5.839514479087713, 
          69.95481004963922
        ], 
        [
          -13.057745602450389, 
          8.062588023816367, 
          69.0525745332874
        ], 
        [
          -14.683109242437622, 
          1.556431981968518, 
          73.64930137585934
        ], 
        [
          -3.23275245274669, 
          -0.6666415627601354, 
          74.55153689221117
        ]
      ], 
      "cuboid_centroid": [
        -8.35805092992899, 
        1.0506275240494232, 
        67.97978709871877
      ], 
      "location": [
        -8.35805092992899, 
        1.0506275240494232, 
        67.97978709871877
      ], 
      "pose_transform_permuted": [
        [
          -0.04572058873122905, 
          -0.5687834692724835, 
          -0.8212162081662379, 
          0.0
        ], 
        [
          0.9787465970365388, 
          -0.1900225212915706, 
          0.07712073584902489, 
          0.0
        ], 
        [
          0.19991436064044354, 
          0.8002357093106796, 
          -0.5653822228844456, 
          0.0
        ], 
        [
          -8.35805092992899, 
          1.0506275240494232, 
          67.97978709871877, 
          1.0
        ]
      ], 
      "projected_cuboid": [
        [
          464.0514826649946, 
          277.9497307002775
        ], 
        [
          363.52034056681197, 
          297.32530442868176
        ], 
        [
          358.501072363846, 
          243.0813401103194
        ], 
        [
          452.19308492916605, 
          225.76840634030617
        ], 
        [
          469.2405797480561, 
          317.8056700568284
        ], 
        [
          379.90664284115076, 
          335.5570052768956
        ], 
        [
          374.38562686611607, 
          284.5571901173124
        ], 
        [
          458.27819440702035, 
          268.5175819652792
        ]
      ], 
      "projected_cuboid_centroid": [
        415.4794885569076, 
        281.52899146809426
      ], 
      "quaternion_xyzw": [
        0.9487094542737329, 
        -0.10275455782996364, 
        0.008274437177880145, 
        0.2988706624161263
      ], 
      "visibility": 0.8597277270377391
    }, 
    {
      "bounding_box": {
        "bottom_right": [
          359, 
          378
        ], 
        "top_left": [
          292, 
          333
        ]
      }, 
      "class": "061_foam_brick", 
      "cuboid": [
        [
          -19.547621697225626, 
          2.436529901385234, 
          73.91367324319191
        ], 
        [
          -18.232246542001562, 
          8.112494473632925, 
          68.74677770184682
        ], 
        [
          -19.97963897827488, 
          11.566835039849293, 
          72.09661087318204
        ], 
        [
          -21.295014133498945, 
          5.8908704676016015, 
          77.26350641452711
        ], 
        [
          -14.68771106499763, 
          3.045942028577653, 
          75.82035149268475
        ], 
        [
          -13.372335909773565, 
          8.721906600825346, 
          70.65345595133968
        ], 
        [
          -15.119728346046884, 
          12.176247167041712, 
          74.00328912267489
        ], 
        [
          -16.435103501270948, 
          6.5002825947940215, 
          79.17018466401997
        ]
      ], 
      "cuboid_centroid": [
        -17.333675021636257, 
        7.306388534213474, 
        73.9584811829334
      ], 
      "location": [
        -17.333675021636257, 
        7.306388534213474, 
        73.9584811829334
      ], 
      "pose_transform_permuted": [
        [
          -0.9246405238638766, 
          -0.11594598978826709, 
          -0.36276222113218104, 
          0.0
        ], 
        [
          -0.1689107011674323, 
          -0.7288651848806962, 
          0.6634943234873638, 
          0.0
        ], 
        [
          0.3413342594288782, 
          -0.6747681599785569, 
          -0.65435376794154, 
          0.0
        ], 
        [
          -17.333675021636257, 
          7.306388534213474, 
          73.9584811829334, 
          1.0
        ]
      ], 
      "projected_cuboid": [
        [
          339.3770018059636, 
          290.86717028359857
        ], 
        [
          338.9773495734291, 
          336.22115565792166
        ], 
        [
          332.57021747236934, 
          358.8497782967502
        ], 
        [
          333.3810109467962, 
          313.94889888233513
        ], 
        [
          377.4228947643218, 
          294.71166330812594
        ], 
        [
          379.81632830876737, 
          339.12285879797747
        ], 
        [
          371.7256571689786, 
          361.0371115127108
        ], 
        [
          369.96151678496545, 
          317.07484059386684
        ]
      ], 
      "projected_cuboid_centroid": [
        355.5611287463055, 
        325.9733972195932
      ], 
      "quaternion_xyzw": [
        0.3602371996290052, 
        -0.7427046994395161, 
        -0.18123211639820783, 
        0.5345781602532373
      ], 
      "visibility": 0.9209471766848816
    }
  ]
}