{
  "camera_data": {
    "location_worldframe": [
      -18.975581120114626, 
      -4.4593026902135815, 
      97.3123127483255
    ], 
    "quaternion_xyzw_worldframe": [
      0.9536038425026705, 
      0.0010093743353625688, 
      0.044017932108591805, 
      -0.29782187687633427
    ]
  }, 
  "objects": [
    {
      "bounding_box": {
        "bottom_right": [
          403, 
          392
        ], 
        "top_left": [
          260, 
          265
        ]
      }, 
      "class": "003_cracker_box", 
      "cuboid": [
        [
          -14.678362887530493, 
          16.390291438516723, 
          81.76421496755108
        ], 
        [
          -28.638508373181025, 
          10.077614811208143, 
          75.90396177287944
        ], 
        [
          -29.577250458943173, 
          -3.2776423182800483, 
          92.52651926106606
        ], 
        [
          -15.617104973292639, 
          3.035034309028532, 
          98.38677245573771
        ], 
        [
          -18.435320545106393, 
          21.261973639077187, 
          85.46615759688328
        ], 
        [
          -32.39546603075693, 
          14.949297011768603, 
          79.6059044022116
        ], 
        [
          -33.33420811651907, 
          1.5940398822804138, 
          96.22846189039824
        ], 
        [
          -19.374062630868536, 
          7.906716509588994, 
          102.0887150850699
        ]
      ], 
      "cuboid_centroid": [
        -24.00628550202478, 
        8.992165660398568, 
        88.99633842897467
      ], 
      "location": [
        -24.00628550202478, 
        8.992165660398568, 
        88.99633842897467
      ], 
      "pose_transform_permuted": [
        [
          0.5232531681613171, 
          -0.67850728649498, 
          -0.5155909077770511, 
          0.0
        ], 
        [
          0.851041533327583, 
          0.38483481435262007, 
          0.35725407515327395, 
          0.0
        ], 
        [
          0.04398216184524123, 
          0.6257236033868339, 
          -0.7788039173014061, 
          0.0
        ], 
        [
          -24.00628550202478, 
          8.992165660398568, 
          88.99633842897467, 
          1.0
        ]
      ], 
      "projected_cuboid": [
        [
          385.05733708899896, 
          380.1947178191844
        ], 
        [
          278.6991047835655, 
          344.09429563912886
        ], 
        [
          309.69412527488737, 
          254.39432363111368
        ], 
        [
          396.2368432583195, 
          289.7383758880951
        ], 
        [
          365.59966937347735, 
          405.96393026661315
        ], 
        [
          262.75506104934976, 
          373.4393207541234
        ], 
        [
          295.31187514060974, 
          282.1210622882277
        ], 
        [
          379.541971699936, 
          314.59185512283113
        ]
      ], 
      "projected_cuboid_centroid": [
        336.5381063128421, 
        327.1730025985942
      ], 
      "quaternion_xyzw": [
        0.8649213901406687, 
        0.09852128077556949, 
        0.25450499124879644, 
        0.4212264896002203
      ], 
      "visibility": 0.9124898621248986
    }, 
    {
      "bounding_box": {
        "bottom_right": [
          378, 
          309
        ], 
        "top_left": [
          281, 
          228
        ]
      }, 
      "class": "004_sugar_box", 
      "cuboid": [
        [
          -29.37370655502518, 
          14.07903743835169, 
          83.51785782920697
        ], 
        [
          -37.85454994255855, 
          11.584102284329811, 
          80.73562204418756
        ], 
        [
          -39.282493815793195, 
          0.8931080869620842, 
          94.67529884792269
        ], 
        [
          -30.80165042825983, 
          3.3880432409839645, 
          97.4575346329421
        ], 
        [
          -31.15655078943288, 
          17.45534803695335, 
          85.92467657352594
        ], 
        [
          -39.63739417696625, 
          14.960412882931468, 
          83.14244078850653
        ], 
        [
          -41.06533805020089, 
          4.269418685563741, 
          97.08211759224166
        ], 
        [
          -32.58449466266753, 
          6.764353839585621, 
          99.86435337726107
        ]
      ], 
      "cuboid_centroid": [
        -35.219522302613036, 
        9.174228061957717, 
        90.29998771072431
      ], 
      "location": [
        -35.219522302613036, 
        9.174228061957717, 
        90.29998771072431
      ], 
      "pose_transform_permuted": [
        [
          0.3950113448105609, 
          -0.7480636638426628, 
          -0.5332606688573396, 
          0.0
        ], 
        [
          0.9150968642493292, 
          0.2692075813246302, 
          0.3002077890291099, 
          0.0
        ], 
        [
          0.08101671560150546, 
          0.6065709252447323, 
          -0.7908902109904785, 
          0.0
        ], 
        [
          -35.219522302613036, 
          9.174228061957717, 
          90.29998771072431, 
          1.0
        ]
      ], 
      "projected_cuboid": [
        [
          292.4623993904201, 
          363.19097965698353
        ], 
        [
          229.45539538980572, 
          349.8082572085365
        ], 
        [
          258.46905195389485, 
          278.31754436284103
        ], 
        [
          311.63566640126356, 
          291.8270214427994
        ], 
        [
          286.6021898383292, 
          381.62885954035613
        ], 
        [
          225.2230181727409, 
          369.2505376803255
        ], 
        [
          254.1250924783156, 
          296.74054424169753
        ], 
        [
          306.1313681180566, 
          309.41116351745137
        ]
      ], 
      "projected_cuboid_centroid": [
        271.85405252256794, 
        327.47032703791183
      ], 
      "quaternion_xyzw": [
        0.8739176818143973, 
        0.05383540968424206, 
        0.19888003993587847, 
        0.44024566239408813
      ], 
      "visibility": 0.5727307254082795
    }, 
    {
      "bounding_box": {
        "bottom_right": [
          287, 
          292
        ], 
        "top_left": [
          202, 
          183
        ]
      }, 
      "class": "024_bowl", 
      "cuboid": [
        [
          -46.37705556862568, 
          -9.288540218393129, 
          78.26878687903194
        ], 
        [
          -44.88506298271682, 
          3.565285823691607, 
          87.87563108455446
        ], 
        [
          -45.28342646500316, 
          0.3104946104715553, 
          92.29236508297956
        ], 
        [
          -46.77541905091202, 
          -12.543331431613177, 
          82.68552087745704
        ], 
        [
          -30.34267199660893, 
          -11.185698162314683, 
          78.31693554955925
        ], 
        [
          -28.85067941070007, 
          1.6681278797700503, 
          87.92377975508177
        ], 
        [
          -29.24904289298641, 
          -1.5866633334500002, 
          92.34051375350687
        ], 
        [
          -30.741035478895274, 
          -14.440489375534735, 
          82.73366954798436
        ]
      ], 
      "cuboid_centroid": [
        -37.813049230806044, 
        -5.437601775921564, 
        85.3046503162694
      ], 
      "location": [
        -37.813049230806044, 
        -5.437601775921564, 
        85.3046503162694
      ], 
      "pose_transform_permuted": [
        [
          -0.9930686414480835, 
          0.11749800380668171, 
          -0.002982025134507807, 
          0.0
        ], 
        [
          -0.09257604723529311, 
          -0.7975618766908299, 
          -0.5960912080610569, 
          0.0
        ], 
        [
          0.07241787659650484, 
          0.5916834220686317, 
          -0.8029111901066063, 
          0.0
        ], 
        [
          -37.813049230806044, 
          -5.437601775921564, 
          85.3046503162694, 
          1.0
        ]
      ], 
      "projected_cuboid": [
        [
          162.9526549932535, 
          209.99489139953405
        ], 
        [
          206.91828145078028, 
          294.92435413034724
        ], 
        [
          217.74211928832153, 
          275.0807585118626
        ], 
        [
          177.38253410360733, 
          192.38235766430697
        ], 
        [
          273.24880968514265, 
          197.1146111875315
        ], 
        [
          305.1390355626044, 
          283.4049071870507
        ], 
        [
          311.25923812908854, 
          264.1226445479709
        ], 
        [
          281.78213472647485, 
          180.19994075174475
        ]
      ], 
      "projected_cuboid_centroid": [
        243.22205431097345, 
        239.29097617052096
      ], 
      "quaternion_xyzw": [
        -0.6127987842611647, 
        0.35492064264465134, 
        0.6483204154138247, 
        -0.2796240804909188
      ], 
      "visibility": 0.7685500340367597
    }, 
    {
      "bounding_box": {
        "bottom_right": [
          246, 
          407
        ], 
        "top_left": [
          173, 
          329
        ]
      }, 
      "class": "025_mug", 
      "cuboid": [
        [
          -11.367603004434578, 
          -11.58318553843921, 
          76.55619092967588
        ], 
        [
          -22.921923080087485, 
          -9.75297442378897, 
          76.43465744196483
        ], 
        [
          -23.889016163752753, 
          -15.48058643623667, 
          82.12332711691333
        ], 
        [
          -12.334696088099845, 
          -17.310797550886914, 
          82.24486060462439
        ], 
        [
          -10.416784289045772, 
          -5.138979830442719, 
          83.20615346729136
        ], 
        [
          -21.97110436469868, 
          -3.3087687157924774, 
          83.0846199795803
        ], 
        [
          -22.938197448363944, 
          -9.03638072824018, 
          88.77328965452881
        ], 
        [
          -11.383877372711037, 
          -10.86659184289042, 
          88.89482314223986
        ]
      ], 
      "cuboid_centroid": [
        -17.15290022639926, 
        -10.309783133339694, 
        82.66474029210235
      ], 
      "location": [
        -17.15290022639926, 
        -10.309783133339694, 
        82.66474029210235
      ], 
      "pose_transform_permuted": [
        [
          -0.10214192393999759, 
          -0.6922703125492398, 
          -0.7143737883232548, 
          0.0
        ], 
        [
          0.9876331072318919, 
          -0.15644166668545575, 
          0.01038836515821741, 
          0.0
        ], 
        [
          0.11894925587375348, 
          0.7044773645077974, 
          -0.699687585586044, 
          0.0
        ], 
        [
          -17.15290022639926, 
          -10.309783133339694, 
          82.66474029210235, 
          1.0
        ]
      ], 
      "projected_cuboid": [
        [
          401.74607612347927, 
          192.5936559540485
        ], 
        [
          320.3274845398878, 
          205.2355722487332
        ], 
        [
          325.16583616149273, 
          172.75359325959053
        ], 
        [
          400.9457593680371, 
          161.034085167624
        ], 
        [
          414.2730607412413, 
          240.34764504037392
        ], 
        [
          339.3894094650237, 
          252.04757518964706
        ], 
        [
          342.64381785502763, 
          218.999051034454
        ], 
        [
          412.7309707447839, 
          208.09302021192283
        ]
      ], 
      "projected_cuboid_centroid": [
        370.01125258225477, 
        206.77197295856624
      ], 
      "quaternion_xyzw": [
        0.9228331729059897, 
        -0.07460474185491371, 
        -0.024856485840460584, 
        0.3770881723269729
      ], 
      "visibility": 0.8213572854291418
    }, 
    {
      "bounding_box": {
        "bottom_right": [
          281, 
          345
        ], 
        "top_left": [
          225, 
          304
        ]
      }, 
      "class": "061_foam_brick", 
      "cuboid": [
        [
          -27.784509444846893, 
          -8.219966271016736, 
          89.3683349447644
        ], 
        [
          -27.150221877635488, 
          -3.4080971259284567, 
          83.27840967657008
        ], 
        [
          -28.696970809295518, 
          0.4980101068430984, 
          86.20366614020352
        ], 
        [
          -29.331258376506923, 
          -4.313859038245181, 
          92.29359140839786
        ], 
        [
          -22.792480233769467, 
          -7.2226993940927, 
          90.67624915182881
        ], 
        [
          -22.15819266655806, 
          -2.410830249004421, 
          84.58632388363448
        ], 
        [
          -23.704941598218085, 
          1.495276983767134, 
          87.51158034726794
        ], 
        [
          -24.33922916542949, 
          -3.3165921613211453, 
          93.60150561546226
        ]
      ], 
      "cuboid_centroid": [
        -25.74472552153249, 
        -3.3623446436248012, 
        88.43995764601617
      ], 
      "location": [
        -25.74472552153249, 
        -3.3623446436248012, 
        88.43995764601617
      ], 
      "pose_transform_permuted": [
        [
          -0.9497772395782329, 
          -0.1897387498025649, 
          -0.2488421226450872, 
          0.0
        ], 
        [
          -0.08145049516403034, 
          -0.6179044723437426, 
          0.7820229407729261, 
          0.0
        ], 
        [
          0.3021407155890897, 
          -0.763015904081272, 
          -0.5714172889424617, 
          0.0
        ], 
        [
          -25.74472552153249, 
          -3.3623446436248012, 
          88.43995764601617, 
          1.0
        ]
      ], 
      "projected_cuboid": [
        [
          314.40687313822633, 
          224.23259747723947
        ], 
        [
          306.2765693649437, 
          251.4608937878681
        ], 
        [
          302.5768601844627, 
          276.3675965313652
        ], 
        [
          310.69359561327195, 
          248.3588537400064
        ], 
        [
          346.42412292006117, 
          230.805656093851
        ], 
        [
          340.7246659886413, 
          258.0861731415562
        ], 
        [
          335.92875200042505, 
          282.3991662135341
        ], 
        [
          341.7621211426654, 
          254.38936814005308
        ]
      ], 
      "projected_cuboid_centroid": [
        325.0548521818838, 
        253.01058702504668
      ], 
      "quaternion_xyzw": [
        0.31795271794709723, 
        -0.7234135266032823, 
        -0.13190192231130604, 
        0.5984820979511739
      ], 
      "visibility": 0.9020289855072464
    }
  ]
}