{
  "camera_data": {
    "location_worldframe": [
      -16.35564113580411, 
      -0.27663537680081285, 
      88.86349286010125
    ], 
    "quaternion_xyzw_worldframe": [
      0.8892390317978728, 
      0.021677772728962014, 
      -0.005138050541015419, 
      -0.45690016392152566
    ]
  }, 
  "objects": [
    {
      "bounding_box": {
        "bottom_right": [
          443, 
          399
        ], 
        "top_left": [
          288, 
          263
        ]
      }, 
      "class": "003_cracker_box", 
      "cuboid": [
        [
          -14.898057761796723, 
          24.852567302696198, 
          81.03319769591474
        ], 
        [
          -28.858291472022767, 
          19.548646848979374, 
          74.24656242770791
        ], 
        [
          -27.396962975398083, 
          1.416648327265682, 
          85.41118045878808
        ], 
        [
          -13.436729265172037, 
          6.72056878098251, 
          92.19781572699492
        ], 
        [
          -18.63601485541409, 
          27.845516287543514, 
          86.38318187115486
        ], 
        [
          -32.59624856564013, 
          22.541595833826683, 
          79.59654660294802
        ], 
        [
          -31.134920069015447, 
          4.409597312112995, 
          90.7611646340282
        ], 
        [
          -17.174686358789405, 
          9.713517765829822, 
          97.54779990223503
        ]
      ], 
      "cuboid_centroid": [
        -23.016488915406086, 
        14.631082307404597, 
        85.89718116497147
      ], 
      "location": [
        -23.016488915406086, 
        14.631082307404597, 
        85.89718116497147
      ], 
      "pose_transform_permuted": [
        [
          0.5206068499979742, 
          -0.41684527247960246, 
          -0.7451231619984662, 
          0.0
        ], 
        [
          0.8510469116940261, 
          0.3233387932968491, 
          0.4137283877683494, 
          0.0
        ], 
        [
          -0.06846650152627254, 
          0.849524598561303, 
          -0.5230872724584392, 
          0.0
        ], 
        [
          -23.016488915406086, 
          14.631082307404597, 
          85.89718116497147, 
          1.0
        ]
      ], 
      "projected_cuboid": [
        [
          382.72846182356176, 
          436.8535847163438
        ], 
        [
          272.5779541115349, 
          413.7061863551742
        ], 
        [
          309.1009063426389, 
          282.1322920307191
        ], 
        [
          403.2243933644963, 
          312.16176417507677
        ], 
        [
          365.5816826852529, 
          445.20147348136214
        ], 
        [
          261.37282140516174, 
          424.3216645941219
        ], 
        [
          297.12125526049687, 
          299.19767089749524
        ], 
        [
          386.9160168372527, 
          326.3929048209726
        ]
      ], 
      "projected_cuboid_centroid": [
        337.5010768072413, 
        364.12820020713104
      ], 
      "quaternion_xyzw": [
        0.928129122516608, 
        0.10553631098244916, 
        0.2516716734501574, 
        0.2531793589208333
      ], 
      "visibility": 0.8998802554550293
    }, 
    {
      "bounding_box": {
        "bottom_right": [
          412, 
          312
        ], 
        "top_left": [
          298, 
          229
        ]
      }, 
      "class": "004_sugar_box", 
      "cuboid": [
        [
          -29.186068785625945, 
          20.71431294664897, 
          82.79387756975242
        ], 
        [
          -37.68965963049, 
          18.492616423499378, 
          79.8539372213347
        ], 
        [
          -37.135731099812865, 
          3.704230623873997, 
          89.42722185359077
        ], 
        [
          -28.632140254948812, 
          5.9259271470235895, 
          92.36716220200847
        ], 
        [
          -30.975059751182442, 
          22.918676925016936, 
          86.30259158865262
        ], 
        [
          -39.47865059604649, 
          20.696980401867343, 
          83.36265124023491
        ], 
        [
          -38.92472206536936, 
          5.908594602241962, 
          92.93593587249096
        ], 
        [
          -30.42113122050531, 
          8.130291125391556, 
          95.87587622090868
        ]
      ], 
      "cuboid_centroid": [
        -34.05539542549765, 
        13.311453774445466, 
        87.8649067211217
      ], 
      "location": [
        -34.05539542549765, 
        13.311453774445466, 
        87.8649067211217
      ], 
      "pose_transform_permuted": [
        [
          0.39637322965188154, 
          -0.48840429396030266, 
          -0.7773992906463245, 
          0.0
        ], 
        [
          0.9175513520781645, 
          0.23972468641932343, 
          0.3172243692026966, 
          0.0
        ], 
        [
          -0.03142803514522629, 
          0.8390430947538461, 
          -0.543155857146426, 
          0.0
        ], 
        [
          -34.05539542549765, 
          13.311453774445466, 
          87.8649067211217, 
          1.0
        ]
      ], 
      "projected_cuboid": [
        [
          292.02728356374183, 
          406.7184905684642
        ], 
        [
          227.78187226927756, 
          396.7929651647099
        ], 
        [
          258.28408288333543, 
          295.377560058903
        ], 
        [
          314.90000474088004, 
          307.5023016858708
        ], 
        [
          288.58696039423097, 
          414.91587957459427
        ], 
        [
          226.92429361614245, 
          405.697213465059
        ], 
        [
          256.3632590116494, 
          307.1934350370414
        ], 
        [
          310.9661408979373, 
          318.51213220769466
        ]
      ], 
      "projected_cuboid_centroid": [
        273.1661157641324, 
        354.08397171595084
      ], 
      "quaternion_xyzw": [
        0.9399459741759544, 
        0.07211923052340001, 
        0.18979750391510147, 
        0.2743668730564786
      ], 
      "visibility": 0.5458062519343856
    }, 
    {
      "bounding_box": {
        "bottom_right": [
          321, 
          286
        ], 
        "top_left": [
          247, 
          167
        ]
      }, 
      "class": "024_bowl", 
      "cuboid": [
        [
          -44.94649803925539, 
          -1.0911036272460555, 
          71.01061146805287
        ], 
        [
          -43.49084954534083, 
          7.935792009637012, 
          84.28218198584578
        ], 
        [
          -43.27069950033042, 
          3.3797523863006163, 
          87.35690724622087
        ], 
        [
          -44.72634799424498, 
          -5.647143250582452, 
          74.08533672842796
        ], 
        [
          -28.87918202752391, 
          -1.3741237509037685, 
          69.44082202931243
        ], 
        [
          -27.42353353360935, 
          7.652771885979299, 
          82.71239254710534
        ], 
        [
          -27.20338348859894, 
          3.0967322626429032, 
          85.78711780748043
        ], 
        [
          -28.6590319825135, 
          -5.9301633742401645, 
          72.51554728968752
        ]
      ], 
      "cuboid_centroid": [
        -36.07494076392717, 
        1.0028143176984239, 
        78.39886463776665
      ], 
      "location": [
        -36.07494076392717, 
        1.0028143176984239, 
        78.39886463776665
      ], 
      "pose_transform_permuted": [
        [
          -0.995108269165619, 
          0.017528482366714587, 
          0.09722286225022883, 
          0.0
        ], 
        [
          -0.09032094730452571, 
          -0.5601062128328798, 
          -0.8234823354656869, 
          0.0
        ], 
        [
          -0.040020733579237196, 
          0.8282353425518189, 
          -0.5589495131332094, 
          0.0
        ], 
        [
          -36.07494076392717, 
          1.0028143176984239, 
          78.39886463776665, 
          1.0
        ]
      ], 
      "projected_cuboid": [
        [
          141.21682347853627, 
          265.09189045412614
        ], 
        [
          204.10290082664392, 
          323.50252891796896
        ], 
        [
          215.22517074428427, 
          293.92014545111255
        ], 
        [
          156.94145352754634, 
          232.63433583854192
        ], 
        [
          257.9507396811249, 
          262.73298915178265
        ], 
        [
          303.2998500044929, 
          322.63069290973056
        ], 
        [
          311.07029098922703, 
          292.53823918920494
        ], 
        [
          269.0661462573211, 
          229.6728251006346
        ]
      ], 
      "projected_cuboid_centroid": [
        234.1469921402477, 
        280.1083270007541
      ], 
      "quaternion_xyzw": [
        -0.6404474086521597, 
        0.20301646639033893, 
        0.7098906873784466, 
        -0.21134484403096065
      ], 
      "visibility": 0.701340730466944
    }, 
    {
      "bounding_box": {
        "bottom_right": [
          307, 
          409
        ], 
        "top_left": [
          230, 
          321
        ]
      }, 
      "class": "025_mug", 
      "cuboid": [
        [
          -10.153380652495105, 
          0.6275010135141189, 
          66.49911084972024
        ], 
        [
          -21.770909880591823, 
          1.2950028512784861, 
          67.7050177509195
        ], 
        [
          -21.833212942764632, 
          -6.057529237352975, 
          71.17462310057755
        ], 
        [
          -10.215683714667913, 
          -6.725031075117342, 
          69.9687161993783
        ], 
        [
          -9.058983761080333, 
          4.565013904667947, 
          74.86285001735672
        ], 
        [
          -20.676512989177056, 
          5.232515742432314, 
          76.06875691855596
        ], 
        [
          -20.73881605134986, 
          -2.120016346199146, 
          79.53836226821403
        ], 
        [
          -9.121286823253142, 
          -2.7875181839635133, 
          78.33245536701477
        ]
      ], 
      "cuboid_centroid": [
        -15.446098351922483, 
        -0.7462576663425137, 
        73.01873655896713
      ], 
      "location": [
        -15.446098351922483, 
        -0.7462576663425137, 
        73.01873655896713
      ], 
      "pose_transform_permuted": [
        [
          -0.11756584323999875, 
          -0.4229882476351275, 
          -0.8984766455352845, 
          0.0
        ], 
        [
          0.9930360605190457, 
          -0.05705631398453083, 
          -0.1030777728213912, 
          0.0
        ], 
        [
          0.007663070917666451, 
          0.9043371682650961, 
          -0.42675000109944666, 
          0.0
        ], 
        [
          -15.446098351922483, 
          -0.7462576663425137, 
          73.01873655896713, 
          1.0
        ]
      ], 
      "projected_cuboid": [
        [
          399.48886187703283, 
          278.3190651038371
        ], 
        [
          308.6761784791842, 
          283.487412359611
        ], 
        [
          316.63495476046546, 
          227.89677928405627
        ], 
        [
          403.08159222400275, 
          222.0266183399992
        ], 
        [
          416.5234644599542, 
          305.80749212950116
        ], 
        [
          335.425563874056, 
          309.9718109862019
        ], 
        [
          341.3805908319744, 
          259.0714321906189
        ], 
        [
          418.97807131322014, 
          254.30796736229672
        ]
      ], 
      "projected_cuboid_centroid": [
        367.84056904859546, 
        267.8359667129136
      ], 
      "quaternion_xyzw": [
        0.9741470466925702, 
        -0.01660924424139377, 
        -0.05662482291829567, 
        0.2180723771682136
      ], 
      "visibility": 0.8322408848832445
    }, 
    {
      "bounding_box": {
        "bottom_right": [
          324, 
          345
        ], 
        "top_left": [
          261, 
          300
        ]
      }, 
      "class": "061_foam_brick", 
      "cuboid": [
        [
          -25.55757583472676, 
          -2.0082024967510472, 
          80.66752032813321
        ], 
        [
          -25.798876709077838, 
          4.586068257348805, 
          76.53218935356489
        ], 
        [
          -27.343500872902155, 
          7.138418853684689, 
          80.69234247279557
        ], 
        [
          -27.10219999855108, 
          0.5441480995848368, 
          84.82767344736389
        ], 
        [
          -20.54918006741739, 
          -1.0337113623264302, 
          81.92921573829624
        ], 
        [
          -20.790480941768465, 
          5.560559391773422, 
          77.79388476372792
        ], 
        [
          -22.33510510559278, 
          8.112909988109307, 
          81.9540378829586
        ], 
        [
          -22.093804231241705, 
          1.5186392340094537, 
          86.08936885752692
        ]
      ], 
      "cuboid_centroid": [
        -23.94634047015977, 
        3.0523537456791296, 
        81.3107791055459
      ], 
      "location": [
        -23.94634047015977, 
        3.0523537456791296, 
        81.3107791055459
      ], 
      "pose_transform_permuted": [
        [
          -0.952891120115006, 
          -0.18540546549556583, 
          -0.24004859210239604, 
          0.0
        ], 
        [
          0.030986064863002455, 
          -0.8467872396245492, 
          0.5310284687221036, 
          0.0
        ], 
        [
          0.3017256651169664, 
          -0.4985741511284043, 
          -0.8126410270447315, 
          0.0
        ], 
        [
          -23.94634047015977, 
          3.0523537456791296, 
          81.3107791055459, 
          1.0
        ]
      ], 
      "projected_cuboid": [
        [
          311.2193927972333, 
          260.00964891711385
        ], 
        [
          300.3176922581436, 
          305.24485554771246
        ], 
        [
          299.36972955187264, 
          320.4664617620798
        ], 
        [
          309.7829974571669, 
          276.707648402836
        ], 
        [
          346.71710550946347, 
          266.55757679332623
        ], 
        [
          337.87918436545056, 
          311.4072106541762
        ], 
        [
          335.0391182026163, 
          326.0816641879401
        ], 
        [
          343.58638218449806, 
          282.69443647131317
        ]
      ], 
      "projected_cuboid_centroid": [
        323.2234757718932, 
        293.3070081484152
      ], 
      "quaternion_xyzw": [
        0.439448661915415, 
        -0.6533828660073278, 
        -0.23999541240729858, 
        0.5677833266064201
      ], 
      "visibility": 0.6643421664342166
    }
  ]
}