{
  "camera_data": {
    "location_worldframe": [
      -11.08655054630963, 
      5.144974916412322, 
      88.65511670835748
    ], 
    "quaternion_xyzw_worldframe": [
      0.9398283886392287, 
      -0.03860096129697421, 
      0.17239664681002834, 
      -0.2924255995944157
    ]
  }, 
  "objects": [
    {
      "bounding_box": {
        "bottom_right": [
          478, 
          472
        ], 
        "top_left": [
          331, 
          333
        ]
      }, 
      "class": "003_cracker_box", 
      "cuboid": [
        [
          -0.370352387045593, 
          24.864134248282827, 
          74.82643472730854
        ], 
        [
          -13.482684135036655, 
          20.646641308997324, 
          65.91814504157993
        ], 
        [
          -20.06881153561241, 
          7.843182128093648, 
          81.67402984735055
        ], 
        [
          -6.956479787621353, 
          12.06067506737915, 
          90.58231953307919
        ], 
        [
          -4.072128883663679, 
          30.304143080372004, 
          77.69968240386208
        ], 
        [
          -17.18446063165474, 
          26.086650141086505, 
          68.79139271813347
        ], 
        [
          -23.7705880322305, 
          13.283190960182829, 
          84.5472775239041
        ], 
        [
          -10.65825628423944, 
          17.50068389946833, 
          93.4555672096327
        ]
      ], 
      "cuboid_centroid": [
        -12.070470209638048, 
        19.073662604232826, 
        79.68685612560633
      ], 
      "location": [
        -12.070470209638048, 
        19.073662604232826, 
        79.68685612560633
      ], 
      "pose_transform_permuted": [
        [
          0.515567769515482, 
          -0.7576614153412788, 
          -0.40017378067519727, 
          0.0
        ], 
        [
          0.7993569213000398, 
          0.25710775446696793, 
          0.5430691622276809, 
          0.0
        ], 
        [
          0.3085747679356704, 
          0.5998706379678898, 
          -0.7381983678507043, 
          0.0
        ], 
        [
          -12.070470209638048, 
          19.073662604232826, 
          79.68685612560633, 
          1.0
        ]
      ], 
      "projected_cuboid": [
        [
          478.93541366162407, 
          450.50371746527946
        ], 
        [
          371.6045566189153, 
          440.3309554154044
        ], 
        [
          349.4585576999476, 
          324.50138107303
        ], 
        [
          440.29823132386525, 
          344.2959163331161
        ], 
        [
          453.4136284325808, 
          481.2898715340498
        ], 
        [
          347.2607193322144, 
          475.5287201768308
        ], 
        [
          330.4039461465311, 
          357.0761770276425
        ], 
        [
          420.2671035035555, 
          373.15707240918414
        ]
      ], 
      "projected_cuboid_centroid": [
        400.139914531649, 
        400.9406867861308
      ], 
      "quaternion_xyzw": [
        0.8365705797993268, 
        -0.015380356036739956, 
        0.3163621089798259, 
        0.44702139284852815
      ], 
      "visibility": 0.9271162849550804
    }, 
    {
      "bounding_box": {
        "bottom_right": [
          476, 
          366
        ], 
        "top_left": [
          363, 
          284
        ]
      }, 
      "class": "004_sugar_box", 
      "cuboid": [
        [
          -15.266865158532397, 
          24.82933240125397, 
          73.25604106266549
        ], 
        [
          -23.202043951639407, 
          23.603572236926983, 
          68.62779177259273
        ], 
        [
          -29.265826871259687, 
          13.466315639859486, 
          81.70898191014453
        ], 
        [
          -21.330648078152677, 
          14.692075804186471, 
          86.3372312002173
        ], 
        [
          -17.006292136894345, 
          28.472922337970065, 
          75.27332375242506
        ], 
        [
          -24.941470930001355, 
          27.24716217364308, 
          70.64507446235228
        ], 
        [
          -31.00525384962164, 
          17.10990557657558, 
          83.7262645999041
        ], 
        [
          -23.07007505651463, 
          18.335665740902567, 
          88.35451388997686
        ]
      ], 
      "cuboid_centroid": [
        -23.136059504077018, 
        20.969618988914775, 
        78.4911528312848
      ], 
      "location": [
        -23.136059504077018, 
        20.969618988914775, 
        78.4911528312848
      ], 
      "pose_transform_permuted": [
        [
          0.385391710987467, 
          -0.807282730069016, 
          -0.44695410443959716, 
          0.0
        ], 
        [
          0.8562187625707328, 
          0.1322615253509131, 
          0.4993956637066967, 
          0.0
        ], 
        [
          0.34403857565864937, 
          0.5751537228446406, 
          -0.7421825752174378, 
          0.0
        ], 
        [
          -23.136059504077018, 
          20.969618988914775, 
          78.4911528312848, 
          1.0
        ]
      ], 
      "projected_cuboid": [
        [
          369.524800003607, 
          454.0493667470109
        ], 
        [
          299.7869881570873, 
          456.7143735798869
        ], 
        [
          288.98533566146756, 
          361.182013803161
        ], 
        [
          348.73602116562085, 
          364.0419587296035
        ], 
        [
          360.10154410347576, 
          475.02025074925183
        ], 
        [
          291.737751662675, 
          478.98304667133584
        ], 
        [
          282.4539452127737, 
          382.27321920747664
        ], 
        [
          341.18255367314526, 
          383.96305216927385
        ]
      ], 
      "projected_cuboid_centroid": [
        323.08569722455184, 
        415.76767190571957
      ], 
      "quaternion_xyzw": [
        0.8482815850080341, 
        -0.06241354700212268, 
        0.26075874754660144, 
        0.4566482794954751
      ], 
      "visibility": 0.6483807005948447
    }, 
    {
      "bounding_box": {
        "bottom_right": [
          378, 
          346
        ], 
        "top_left": [
          283, 
          217
        ]
      }, 
      "class": "024_bowl", 
      "cuboid": [
        [
          -34.01983618564537, 
          4.224776007403594, 
          63.95601010222367
        ], 
        [
          -32.76164982406135, 
          16.85065323699787, 
          73.89293782906667
        ], 
        [
          -34.61081542135753, 
          13.761588980025543, 
          78.05204435915101
        ], 
        [
          -35.869001782941545, 
          1.1357117504312675, 
          68.11511663230803
        ], 
        [
          -18.86548871525338, 
          -0.07483951840606407, 
          67.50030723565641
        ], 
        [
          -17.607302353669365, 
          12.551037711188211, 
          77.43723496249939
        ], 
        [
          -19.456467950965543, 
          9.461973454215885, 
          81.59634149258375
        ], 
        [
          -20.71465431254956, 
          -3.1639037753783903, 
          71.65941376574075
        ]
      ], 
      "cuboid_centroid": [
        -26.738152068305453, 
        6.84337473080974, 
        72.77617579740371
      ], 
      "location": [
        -26.738152068305453, 
        6.84337473080974, 
        72.77617579740371
      ], 
      "pose_transform_permuted": [
        [
          -0.9385647528551371, 
          0.2662910818983135, 
          -0.2195114220249177, 
          0.0
        ], 
        [
          -0.07806869896062493, 
          -0.7834179726046775, 
          -0.6165724275724404, 
          0.0
        ], 
        [
          0.33615693201326546, 
          0.5615561769773373, 
          -0.7560774941486003, 
          0.0
        ], 
        [
          -26.738152068305453, 
          6.84337473080974, 
          72.77617579740371, 
          1.0
        ]
      ], 
      "projected_cuboid": [
        [
          195.54664531723103, 
          308.5163119410463
        ], 
        [
          243.1705434035929, 
          394.9055130086016
        ], 
        [
          243.1350106858238, 
          367.31770601629745
        ], 
        [
          198.41384240814688, 
          282.17879783929016
        ], 
        [
          331.2987752841283, 
          272.69523132824173
        ], 
        [
          359.3228987859322, 
          359.7270494968295
        ], 
        [
          353.3684232281887, 
          335.1306800872122
        ], 
        [
          326.1451173548306, 
          249.73943155108486
        ]
      ], 
      "projected_cuboid_centroid": [
        284.0212013397847, 
        323.43627062305615
      ], 
      "quaternion_xyzw": [
        0.6524949999888179, 
        -0.42895918920341514, 
        -0.5958425660174517, 
        0.18765906721840028
      ], 
      "visibility": 0.7669258683255573
    }, 
    {
      "bounding_box": {
        "bottom_right": [
          310, 
          472
        ], 
        "top_left": [
          229, 
          388
        ]
      }, 
      "class": "025_mug", 
      "cuboid": [
        [
          -0.2519677437845272, 
          -3.3647639005720236, 
          69.95626943562402
        ], 
        [
          -11.08310437357313, 
          0.1899390417961871, 
          67.32618924258223
        ], 
        [
          -14.133974179249902, 
          -5.2377013261757615, 
          72.55444751212653
        ], 
        [
          -3.302837549461303, 
          -8.792404268543974, 
          75.1845277051683
        ], 
        [
          0.16981911651997444, 
          2.9625652852603697, 
          76.7710215519365
        ], 
        [
          -10.661317513268626, 
          6.5172682276285805, 
          74.14094135889472
        ], 
        [
          -13.712187318945402, 
          1.0896278596566316, 
          79.36919962843902
        ], 
        [
          -2.8810506891568, 
          -2.4650750827115795, 
          81.9992798214808
        ]
      ], 
      "cuboid_centroid": [
        -6.982077531364965, 
        -1.1375680204576961, 
        74.66273453203152
      ], 
      "location": [
        -6.982077531364965, 
        -1.1375680204576961, 
        74.66273453203152
      ], 
      "pose_transform_permuted": [
        [
          -0.045310552586773446, 
          -0.679714824690153, 
          -0.7320763475398049, 
          0.0
        ], 
        [
          0.9258172747933682, 
          -0.30384672479822067, 
          0.2248123867363204, 
          0.0
        ], 
        [
          0.37524691188729764, 
          0.6675818427671342, 
          -0.643058503035831, 
          0.0
        ], 
        [
          -6.982077531364965, 
          -1.1375680204576961, 
          74.66273453203152, 
          1.0
        ]
      ], 
      "projected_cuboid": [
        [
          479.660156416457, 
          247.63487737403628
        ], 
        [
          393.07141801870233, 
          274.7911264890914
        ], 
        [
          376.83791231858305, 
          234.78622843688066
        ], 
        [
          457.97322993567127, 
          210.91783629908466
        ], 
        [
          482.786614443197, 
          293.8671431513623
        ], 
        [
          404.2676902750623, 
          320.1673397471985
        ], 
        [
          388.6904884630575, 
          280.6082683081138
        ], 
        [
          462.70269104225207, 
          257.2538018591246
        ]
      ], 
      "projected_cuboid_centroid": [
        431.3081252379807, 
        265.16083368863247
      ], 
      "quaternion_xyzw": [
        0.9117943113855651, 
        -0.18619704800898726, 
        0.0492166467557731, 
        0.36268413588693427
      ], 
      "visibility": 0.8581472291149711
    }, 
    {
      "bounding_box": {
        "bottom_right": [
          351, 
          400
        ], 
        "top_left": [
          292, 
          352
        ]
      }, 
      "class": "061_foam_brick", 
      "cuboid": [
        [
          -18.390394422280863, 
          2.63873926759924, 
          78.89699751198907
        ], 
        [
          -15.709895153017184, 
          7.2054757135436835, 
          73.18705556304398
        ], 
        [
          -17.256247855856603, 
          11.34492886081616, 
          75.77180938294407
        ], 
        [
          -19.936747125120284, 
          6.778192414871715, 
          81.48175133188917
        ], 
        [
          -13.717939360999395, 
          2.889390294722004, 
          81.29092194772396
        ], 
        [
          -11.037440091735714, 
          7.456126740666448, 
          75.58097999877886
        ], 
        [
          -12.583792794575132, 
          11.595579887938925, 
          78.16573381867896
        ], 
        [
          -15.264292063838813, 
          7.028843441994479, 
          83.87567576762406
        ]
      ], 
      "cuboid_centroid": [
        -15.487093608428, 
        7.1171595777690815, 
        78.53136566533402
      ], 
      "location": [
        -15.487093608428, 
        7.1171595777690815, 
        78.53136566533402
      ], 
      "pose_transform_permuted": [
        [
          -0.8889754611831382, 
          -0.04768855120275353, 
          -0.4554650716557842, 
          0.0
        ], 
        [
          -0.34420979387663175, 
          -0.5864263530201361, 
          0.7332283070660252, 
          0.0
        ], 
        [
          0.3020633165639829, 
          -0.8085975108591944, 
          -0.5049037712462462, 
          0.0
        ], 
        [
          -15.487093608428, 
          7.1171595777690815, 
          78.53136566533402, 
          1.0
        ]
      ], 
      "projected_cuboid": [
        [
          356.24765523793604, 
          291.12360872775247
        ], 
        [
          366.1638648020404, 
          325.7933819107786
        ], 
        [
          359.1268621085839, 
          353.1377752744265
        ], 
        [
          350.0183406015991, 
          317.6515975716363
        ], 
        [
          390.8487541609763, 
          292.24275585519547
        ], 
        [
          403.06490227890333, 
          325.89895985619404
        ], 
        [
          395.0231876606976, 
          352.4024053870772
        ], 
        [
          383.7309481544509, 
          317.9791120841491
        ]
      ], 
      "projected_cuboid_centroid": [
        375.5451545260011, 
        321.620353995205
      ], 
      "quaternion_xyzw": [
        0.27507170288851857, 
        -0.8075073337734477, 
        -0.14155141412367908, 
        0.5022257075575628
      ], 
      "visibility": 0.9555110220440882
    }
  ]
}