{
  "camera_data": {
    "location_worldframe": [
      -12.43993385121572, 
      2.201503493958919, 
      92.22978911855331
    ], 
    "quaternion_xyzw_worldframe": [
      0.943950617083933, 
      -0.03040395496584283, 
      0.15005286522701258, 
      -0.2924439949189091
    ]
  }, 
  "objects": [
    {
      "bounding_box": {
        "bottom_right": [
          451, 
          455
        ], 
        "top_left": [
          308, 
          329
        ]
      }, 
      "class": "003_cracker_box", 
      "cuboid": [
        [
          -2.838557080037249, 
          22.164434275324332, 
          77.93956191592804
        ], 
        [
          -16.15751765620225, 
          17.53618454000168, 
          69.5572764730906
        ], 
        [
          -21.75891103304577, 
          4.612469966550272, 
          85.59334647194656
        ], 
        [
          -8.439950456880771, 
          9.240719701872923, 
          93.975631914784
        ], 
        [
          -6.582209034146813, 
          27.507416225519165, 
          80.93789669732362
        ], 
        [
          -19.90116961031181, 
          22.87916649019651, 
          72.55561125448618
        ], 
        [
          -25.50256298715533, 
          9.955451916745103, 
          88.59168125334216
        ], 
        [
          -12.183602410990337, 
          14.583701652067754, 
          96.97396669617959
        ]
      ], 
      "cuboid_centroid": [
        -14.170560033596292, 
        16.05994309603472, 
        83.2656215846351
      ], 
      "location": [
        -14.170560033596292, 
        16.05994309603472, 
        83.2656215846351
      ], 
      "pose_transform_permuted": [
        [
          0.5214000060743466, 
          -0.744147921718146, 
          -0.4175953834374074, 
          0.0
        ], 
        [
          0.8119534744620097, 
          0.2821484027813786, 
          0.5110027731010736, 
          0.0
        ], 
        [
          0.2624377811496313, 
          0.6055048715002058, 
          -0.7513256694768102, 
          0.0
        ], 
        [
          -14.170560033596292, 
          16.05994309603472, 
          83.2656215846351, 
          1.0
        ]
      ], 
      "projected_cuboid": [
        [
          462.0117157575681, 
          424.9518355320042
        ], 
        [
          356.6794177315421, 
          407.7425015196872
        ], 
        [
          344.89065554510495, 
          302.02616157771865
        ], 
        [
          433.3004886489122, 
          325.72839635673347
        ], 
        [
          437.8638449841834, 
          454.53962651139915
        ], 
        [
          334.09458453934093, 
          441.4597133552473
        ], 
        [
          326.7929098091069, 
          333.21809579142524
        ], 
        [
          414.03354451004054, 
          353.49129757986395
        ]
      ], 
      "projected_cuboid_centroid": [
        390.07769828393816, 
        376.15110555118065
      ], 
      "quaternion_xyzw": [
        0.8418808896452668, 
        0.005853150331055898, 
        0.30657626033370095, 
        0.44408704651351755
      ], 
      "visibility": 0.935363360823289
    }, 
    {
      "bounding_box": {
        "bottom_right": [
          441, 
          354
        ], 
        "top_left": [
          337, 
          282
        ]
      }, 
      "class": "004_sugar_box", 
      "cuboid": [
        [
          -17.777436925179096, 
          21.69546215633486, 
          76.94638876449666
        ], 
        [
          -25.84652551845119, 
          20.22364604622805, 
          72.63201643911243
        ], 
        [
          -31.106269145740967, 
          9.96923273033615, 
          85.96742324010253
        ], 
        [
          -23.037180552468868, 
          11.44104884044296, 
          90.28179556548676
        ], 
        [
          -19.542186978108937, 
          25.29569333153209, 
          79.01877290509847
        ], 
        [
          -27.61127557138104, 
          23.82387722142528, 
          74.70440057971423
        ], 
        [
          -32.87101919867081, 
          13.56946390553338, 
          88.03980738070433
        ], 
        [
          -24.801930605398713, 
          15.04128001564019, 
          92.35417970608857
        ]
      ], 
      "cuboid_centroid": [
        -25.324228061924952, 
        17.63246303093412, 
        82.4930980726005
      ], 
      "location": [
        -25.324228061924952, 
        17.63246303093412, 
        82.4930980726005
      ], 
      "pose_transform_permuted": [
        [
          0.3910023535476822, 
          -0.7976760564368812, 
          -0.45916251714225564, 
          0.0
        ], 
        [
          0.8706678488966824, 
          0.1588113641020927, 
          0.4655278261554465, 
          0.0
        ], 
        [
          0.2984201001007713, 
          0.5818007996294594, 
          -0.7566059706386385, 
          0.0
        ], 
        [
          -25.324228061924952, 
          17.63246303093412, 
          82.4930980726005, 
          1.0
        ]
      ], 
      "projected_cuboid": [
        [
          357.35386469868286, 
          423.65895986773154
        ], 
        [
          290.23061542013147, 
          421.7839501194662
        ], 
        [
          287.0136833842682, 
          335.13307058518103
        ], 
        [
          344.37597490975446, 
          340.8719837560466
        ], 
        [
          348.6022806491825, 
          444.0141781056386
        ], 
        [
          282.83567923150173, 
          443.36674973138776
        ], 
        [
          280.81458353839645, 
          355.48640925853965
        ], 
        [
          337.1792864468664, 
          360.1457273958246
        ]
      ], 
      "projected_cuboid_centroid": [
        316.5110322202689, 
        387.28077572557197
      ], 
      "quaternion_xyzw": [
        0.8531751235339081, 
        -0.04090858141187061, 
        0.2509831088825363, 
        0.4554405022492862
      ], 
      "visibility": 0.638501213592233
    }, 
    {
      "bounding_box": {
        "bottom_right": [
          349, 
          339
        ], 
        "top_left": [
          258, 
          217
        ]
      }, 
      "class": "024_bowl", 
      "cuboid": [
        [
          -36.272668743253845, 
          0.5233717716125976, 
          68.43853526400969
        ], 
        [
          -34.997104477126186, 
          13.220148709245885, 
          78.2824741395171
        ], 
        [
          -36.59458980575969, 
          10.096040787702181, 
          82.51896901592926
        ], 
        [
          -37.87015407188735, 
          -2.6007361499311052, 
          72.67503014042185
        ], 
        [
          -20.875150467928556, 
          -3.32484764589272, 
          71.40680435035908
        ], 
        [
          -19.5995862018009, 
          9.371929291740566, 
          81.25074322586649
        ], 
        [
          -21.197071530434407, 
          6.247821370196864, 
          85.48723810227865
        ], 
        [
          -22.472635796562066, 
          -6.448955567436424, 
          75.64329922677125
        ]
      ], 
      "cuboid_centroid": [
        -28.734870136844126, 
        3.385596570904731, 
        76.96288668314418
      ], 
      "location": [
        -28.734870136844126, 
        3.385596570904731, 
        76.96288668314418
      ], 
      "pose_transform_permuted": [
        [
          -0.9536252196208437, 
          0.23833445244540077, 
          -0.18383587593461703, 
          0.0
        ], 
        [
          -0.07914697356270864, 
          -0.7878172000421179, 
          -0.610802599776443, 
          0.0
        ], 
        [
          0.290404368216046, 
          0.5679267101443184, 
          -0.7701458010180214, 
          0.0
        ], 
        [
          -28.734870136844126, 
          3.385596570904731, 
          76.96288668314418, 
          1.0
        ]
      ], 
      "projected_cuboid": [
        [
          196.58021411282297, 
          277.3650065518572
        ], 
        [
          241.18331464385227, 
          363.3522171334491
        ], 
        [
          243.1154947490069, 
          338.53718675695274
        ], 
        [
          201.37418965612966, 
          254.20125495177027
        ], 
        [
          324.38649385722954, 
          248.45408151251402
        ], 
        [
          351.8757668100164, 
          334.8026943258282
        ], 
        [
          348.2552673869481, 
          312.2641159550574
        ], 
        [
          321.8344061748893, 
          227.81847497689103
        ]
      ], 
      "projected_cuboid_centroid": [
        280.81744813708104, 
        296.7472608024781
      ], 
      "quaternion_xyzw": [
        0.6466482066232432, 
        -0.4168501347465918, 
        -0.6048218348762735, 
        0.20560304007866442
      ], 
      "visibility": 0.7722278853777325
    }, 
    {
      "bounding_box": {
        "bottom_right": [
          289, 
          461
        ], 
        "top_left": [
          211, 
          381
        ]
      }, 
      "class": "025_mug", 
      "cuboid": [
        [
          -2.0934011662977468, 
          -6.068930977115218, 
          73.15086463954947
        ], 
        [
          -13.11597412829279, 
          -2.837442064012884, 
          70.93115289577443
        ], 
        [
          -15.805051261656883, 
          -8.329349954409428, 
          76.28928530945232
        ], 
        [
          -4.782478299661842, 
          -11.56083886751176, 
          78.50899705322738
        ], 
        [
          -1.5918995421896718, 
          0.29533042483147476, 
          79.9257091482379
        ], 
        [
          -12.614472504184715, 
          3.5268193379338086, 
          77.70599740446286
        ], 
        [
          -15.303549637548809, 
          -1.9650885524627353, 
          83.06412981814076
        ], 
        [
          -4.2809766755537675, 
          -5.196577465565069, 
          85.28384156191579
        ]
      ], 
      "cuboid_centroid": [
        -8.698475401923279, 
        -4.017009764788977, 
        78.10749722884512
      ], 
      "location": [
        -8.698475401923279, 
        -4.017009764788977, 
        78.10749722884512
      ], 
      "pose_transform_permuted": [
        [
          -0.05387392982108654, 
          -0.6836822766851841, 
          -0.7277892634126317, 
          0.0
        ], 
        [
          0.9421807525554674, 
          -0.27621923361442985, 
          0.18973516332502927, 
          0.0
        ], 
        [
          0.3307476078605663, 
          0.6754865358089689, 
          -0.6590325939096723, 
          0.0
        ], 
        [
          -8.698475401923279, 
          -4.017009764788977, 
          78.10749722884512, 
          1.0
        ]
      ], 
      "projected_cuboid": [
        [
          466.2075610336933, 
          229.03990118557155
        ], 
        [
          382.15840700865215, 
          251.95228135268428
        ], 
        [
          370.18708755969726, 
          215.0581061937562
        ], 
        [
          448.83847019470085, 
          194.75258649368428
        ], 
        [
          470.88629402971014, 
          275.25718673447614
        ], 
        [
          394.2986668822638, 
          297.49215765113104
        ], 
        [
          382.520628310703, 
          260.66953699691487
        ], 
        [
          454.60303160879295, 
          240.78991872631326
        ]
      ], 
      "projected_cuboid_centroid": [
        421.708745360354, 
        245.85831342733312
      ], 
      "quaternion_xyzw": [
        0.914529462589515, 
        -0.16592326062310586, 
        0.037139654615185376, 
        0.36705074180795744
      ], 
      "visibility": 0.8360433604336044
    }, 
    {
      "bounding_box": {
        "bottom_right": [
          328, 
          391
        ], 
        "top_left": [
          271, 
          347
        ]
      }, 
      "class": "061_foam_brick", 
      "cuboid": [
        [
          -20.03933938099454, 
          -0.5528217522833702, 
          82.76867113981812
        ], 
        [
          -17.713925099177015, 
          4.065944013961098, 
          76.94603888506852
        ], 
        [
          -19.27826995927978, 
          8.16966926077192, 
          79.57653230016928
        ], 
        [
          -21.603684241097305, 
          3.5509034945274527, 
          85.39916455491888
        ], 
        [
          -15.287227065615964, 
          -0.15840219647887469, 
          84.97941721233013
        ], 
        [
          -12.961812783798434, 
          4.460363569765593, 
          79.15678495758053
        ], 
        [
          -14.5261576439012, 
          8.564088816576415, 
          81.78727837268129
        ], 
        [
          -16.851571925718726, 
          3.9453230503319476, 
          87.60991062743089
        ]
      ], 
      "cuboid_centroid": [
        -17.28274851244787, 
        4.005633532146523, 
        82.2779747562497
      ], 
      "location": [
        -17.28274851244787, 
        4.005633532146523, 
        82.2779747562497
      ], 
      "pose_transform_permuted": [
        [
          -0.9041309508066464, 
          -0.07504177181423458, 
          -0.4206137851716811, 
          0.0
        ], 
        [
          -0.29861241888794177, 
          -0.5931075716354026, 
          0.7476991585889661, 
          0.0
        ], 
        [
          0.30557789036407906, 
          -0.8016184509801005, 
          -0.5138385076742521, 
          0.0
        ], 
        [
          -17.28274851244787, 
          4.005633532146523, 
          82.2779747562497, 
          1.0
        ]
      ], 
      "projected_cuboid": [
        [
          351.39761668188567, 
          269.7244333537355
        ], 
        [
          357.79717412805576, 
          301.46794404396013
        ], 
        [
          351.3179577833566, 
          328.03942151204535
        ], 
        [
          345.5572834934821, 
          295.4620051707483
        ], 
        [
          384.8569299293921, 
          272.29242674637675
        ], 
        [
          393.5389636047772, 
          303.33827948526124
        ], 
        [
          386.0853336182365, 
          329.1313633476111
        ], 
        [
          378.1593534339805, 
          297.3034332117763
        ]
      ], 
      "projected_cuboid_centroid": [
        368.6380383718386, 
        299.2507502998538
      ], 
      "quaternion_xyzw": [
        0.28301188813530354, 
        -0.7938584028401604, 
        -0.1381848243623011, 
        0.5201904091100867
      ], 
      "visibility": 0.9625912408759124
    }
  ]
}