{
  "camera_data": {
    "location_worldframe": [
      -18.00757227155384, 
      -4.158955299831151, 
      96.08940599558221
    ], 
    "quaternion_xyzw_worldframe": [
      0.9521925797075189, 
      -0.008248745897876615, 
      0.0684003498361264, 
      -0.2976317506616277
    ]
  }, 
  "objects": [
    {
      "bounding_box": {
        "bottom_right": [
          406, 
          398
        ], 
        "top_left": [
          264, 
          276
        ]
      }, 
      "class": "003_cracker_box", 
      "cuboid": [
        [
          -12.40650077907405, 
          16.551952458639065, 
          80.77273310245347
        ], 
        [
          -26.309678052695144, 
          10.696270805783307, 
          74.33140018404052
        ], 
        [
          -28.360099931353528, 
          -2.6331248288942053, 
          90.87457186543688
        ], 
        [
          -14.456922657732429, 
          3.222556823961551, 
          97.31590478384983
        ], 
        [
          -16.153873238449258, 
          21.53961580745524, 
          84.32699976444363
        ], 
        [
          -30.057050512070354, 
          15.683934154599488, 
          77.88566684603067
        ], 
        [
          -32.10747239072874, 
          2.354538519921977, 
          94.42883852742703
        ], 
        [
          -18.204295117107637, 
          8.210220172777733, 
          100.87017144583999
        ]
      ], 
      "cuboid_centroid": [
        -22.25698658490139, 
        9.453245489280519, 
        87.60078581494025
      ], 
      "location": [
        -22.25698658490139, 
        9.453245489280519, 
        87.60078581494025
      ], 
      "pose_transform_permuted": [
        [
          0.5219181823075768, 
          -0.6946606501479923, 
          -0.495023223811493, 
          0.0
        ], 
        [
          0.847568624354944, 
          0.3569753837914486, 
          0.39267798814806915, 
          0.0
        ], 
        [
          0.09606684123995532, 
          0.6245119346360931, 
          -0.7750845150764272, 
          0.0
        ], 
        [
          -22.25698658490139, 
          9.453245489280519, 
          87.60078581494025, 
          1.0
        ]
      ], 
      "projected_cuboid": [
        [
          398.9977877663257, 
          382.5744133181912
        ], 
        [
          291.2549237587823, 
          350.0310991426932
        ], 
        [
          313.7718901553182, 
          257.8334028815212
        ], 
        [
          401.7086600010078, 
          290.9470906518116
        ], 
        [
          378.58176202173547, 
          409.5121710074821
        ], 
        [
          274.06722565263436, 
          380.68176953732933
        ], 
        [
          298.7478079611283, 
          286.58461007029683
        ], 
        [
          384.54543586697184, 
          316.6955174401465
        ]
      ], 
      "projected_cuboid_centroid": [
        344.9658001115512, 
        330.83854390302776
      ], 
      "quaternion_xyzw": [
        0.8612641555879547, 
        0.07573418122033079, 
        0.2654807368104399, 
        0.4266243857034421
      ], 
      "visibility": 0.8823807646826961
    }, 
    {
      "bounding_box": {
        "bottom_right": [
          385, 
          313
        ], 
        "top_left": [
          286, 
          236
        ]
      }, 
      "class": "004_sugar_box", 
      "cuboid": [
        [
          -27.228393531972873, 
          14.714069309880315, 
          81.91662324112403
        ], 
        [
          -35.66352035353748, 
          12.495542083208354, 
          78.78341172596554
        ], 
        [
          -38.006484480095374, 
          1.8466103687600266, 
          92.63121813956509
        ], 
        [
          -29.57135765853077, 
          4.065137595431986, 
          95.76442965472359
        ], 
        [
          -28.99918046171711, 
          18.14442364273139, 
          84.25494872978736
        ], 
        [
          -37.43430728328171, 
          15.925896416059429, 
          81.12173721462888
        ], 
        [
          -39.77727140983961, 
          5.276964701611101, 
          94.96954362822842
        ], 
        [
          -31.342144588275, 
          7.495491928283061, 
          98.10275514338691
        ]
      ], 
      "cuboid_centroid": [
        -33.50283247090624, 
        9.995517005745707, 
        88.44308343467623
      ], 
      "location": [
        -33.50283247090624, 
        9.995517005745707, 
        88.44308343467623
      ], 
      "pose_transform_permuted": [
        [
          0.3923398987930197, 
          -0.7600377262607065, 
          -0.5180851350082065, 
          0.0
        ], 
        [
          0.9101639720532826, 
          0.23938271414887444, 
          0.33807864401388743, 
          0.0
        ], 
        [
          0.13293187628998535, 
          0.6041844419381758, 
          -0.7856777951460436, 
          0.0
        ], 
        [
          -33.50283247090624, 
          9.995517005745707, 
          88.44308343467623, 
          1.0
        ]
      ], 
      "projected_cuboid": [
        [
          302.84885261811723, 
          369.08273905283374
        ], 
        [
          238.16310787525947, 
          357.87436109442973
        ], 
        [
          260.95309822295167, 
          283.91830437646195
        ], 
        [
          315.5394612371923, 
          295.92560653482064
        ], 
        [
          296.5074567538182, 
          388.1376725427582
        ], 
        [
          233.4413443764949, 
          377.9883445486149
        ], 
        [
          256.3586982039216, 
          302.92033959355086
        ], 
        [
          309.790705698185, 
          314.0345539266742
        ]
      ], 
      "projected_cuboid_centroid": [
        277.88845675413177, 
        333.56038593045787
      ], 
      "quaternion_xyzw": [
        0.870694198470345, 
        0.030564932569294805, 
        0.2097230417091681, 
        0.4438169922695874
      ], 
      "visibility": 0.5820290922482048
    }, 
    {
      "bounding_box": {
        "bottom_right": [
          294, 
          298
        ], 
        "top_left": [
          207, 
          185
        ]
      }, 
      "class": "024_bowl", 
      "cuboid": [
        [
          -44.74415590898333, 
          -8.090137453709346, 
          75.92669476142714
        ], 
        [
          -43.23589709978745, 
          4.7024229519968905, 
          85.61245208941159
        ], 
        [
          -43.91999356339343, 
          1.4591495820477611, 
          90.00256466140544
        ], 
        [
          -45.42825237258932, 
          -11.333410823658477, 
          80.31680733342101
        ], 
        [
          -28.794618057277066, 
          -10.502832790879276, 
          76.62963616738222
        ], 
        [
          -27.286359248081183, 
          2.2897276148269614, 
          86.31539349536665
        ], 
        [
          -27.97045571168717, 
          -0.9535457551221691, 
          90.70550606736052
        ], 
        [
          -29.47871452088305, 
          -13.746106160828406, 
          81.01974873937607
        ]
      ], 
      "cuboid_centroid": [
        -36.35730581033525, 
        -4.521841604415758, 
        83.31610041439383
      ], 
      "location": [
        -36.35730581033525, 
        -4.521841604415758, 
        83.31610041439383
      ], 
      "pose_transform_permuted": [
        [
          -0.9878138323796226, 
          0.1494271401173741, 
          -0.0435357595066937, 
          0.0
        ], 
        [
          -0.09358534357468586, 
          -0.7937604298868427, 
          -0.6009876566235473, 
          0.0
        ], 
        [
          0.12436082995658251, 
          0.5895896112909362, 
          -0.7980717224850858, 
          0.0
        ], 
        [
          -36.35730581033525, 
          -4.521841604415758, 
          83.31610041439383, 
          1.0
        ]
      ], 
      "projected_cuboid": [
        [
          164.68880472965256, 
          216.4602959309057
        ], 
        [
          210.01613465078898, 
          302.58010670242254
        ], 
        [
          219.17574487876598, 
          281.93288100298884
        ], 
        [
          177.43060220312634, 
          198.03043484365844
        ], 
        [
          279.52499525660954, 
          200.18993089442137
        ], 
        [
          311.5970078513103, 
          287.43414859483676
        ], 
        [
          315.7691574783022, 
          267.6799916238337
        ], 
        [
          285.93376221880374, 
          182.80159175552367
        ]
      ], 
      "projected_cuboid_centroid": [
        246.92873065478685, 
        244.3415121384312
      ], 
      "quaternion_xyzw": [
        -0.6203910112225481, 
        0.3699768546106779, 
        0.64024198459624, 
        -0.2613853886637909
      ], 
      "visibility": 0.7444044250064317
    }, 
    {
      "bounding_box": {
        "bottom_right": [
          248, 
          415
        ], 
        "top_left": [
          173, 
          338
        ]
      }, 
      "class": "025_mug", 
      "cuboid": [
        [
          -9.785544107089434, 
          -11.510168492959593, 
          75.64899057015691
        ], 
        [
          -21.260260892568027, 
          -9.308640463326169, 
          75.05661859980849
        ], 
        [
          -22.64413079783226, 
          -15.005995821497253, 
          80.68927490712127
        ], 
        [
          -11.16941401235367, 
          -17.207523851130677, 
          81.2816468774697
        ], 
        [
          -8.902241489255564, 
          -5.104458252320931, 
          82.34529537105287
        ], 
        [
          -20.376958274734157, 
          -2.902930222687508, 
          81.75292340070445
        ], 
        [
          -21.76082817999839, 
          -8.600285580858591, 
          87.38557970801722
        ], 
        [
          -10.286111394519798, 
          -10.801813610492015, 
          87.97795167836566
        ]
      ], 
      "cuboid_centroid": [
        -15.773186143543914, 
        -10.055227036909093, 
        81.51728513908706
      ], 
      "location": [
        -15.773186143543914, 
        -10.055227036909093, 
        81.51728513908706
      ], 
      "pose_transform_permuted": [
        [
          -0.09488899129409176, 
          -0.6881349279220134, 
          -0.7193521168464448, 
          0.0
        ], 
        [
          0.9808288258630207, 
          -0.18818086692497124, 
          0.050634409111194455, 
          0.0
        ], 
        [
          0.17021142870073297, 
          0.7007558959416146, 
          -0.6927981263273746, 
          0.0
        ], 
        [
          -15.773186143543914, 
          -10.055227036909093, 
          81.51728513908706, 
          1.0
        ]
      ], 
      "projected_cuboid": [
        [
          412.0348254339765, 
          192.14073264247418
        ], 
        [
          329.2720172833042, 
          207.14340038205728
        ], 
        [
          330.68235618678483, 
          174.10369805877104
        ], 
        [
          407.699588103256, 
          160.38147515062377
        ], 
        [
          423.4601090132609, 
          240.22687701142567
        ], 
        [
          347.5591106177098, 
          254.34911688457353
        ], 
        [
          347.68263571096617, 
          220.79846458921284
        ], 
        [
          418.7233548889452, 
          207.80628273179386
        ]
      ], 
      "projected_cuboid_centroid": [
        377.5424267063283, 
        207.50110998459166
      ], 
      "quaternion_xyzw": [
        0.9220814550042583, 
        -0.09716936982103416, 
        -0.01199855553506738, 
        0.37440647102131847
      ], 
      "visibility": 0.7685004868549172
    }, 
    {
      "bounding_box": {
        "bottom_right": [
          284, 
          350
        ], 
        "top_left": [
          228, 
          310
        ]
      }, 
      "class": "061_foam_brick", 
      "cuboid": [
        [
          -26.598868483954615, 
          -7.628542421683031, 
          87.78273018517527
        ], 
        [
          -25.560303886789608, 
          -2.8354551257660696, 
          81.73365646180255
        ], 
        [
          -27.099636076604313, 
          1.116452519924438, 
          84.60073053110459
        ], 
        [
          -28.138200673769315, 
          -3.676634775992524, 
          90.64980425447729
        ], 
        [
          -21.635361276625343, 
          -6.7934722107474625, 
          89.29659622505444
        ], 
        [
          -20.596796679460336, 
          -2.000384914830501, 
          83.24752250168174
        ], 
        [
          -22.13612886927504, 
          1.9515227308600058, 
          86.11459657098376
        ], 
        [
          -23.174693466440047, 
          -2.8415645650569554, 
          92.16367029435648
        ]
      ], 
      "cuboid_centroid": [
        -24.367498676614826, 
        -2.8385098454115125, 
        86.94866337807952
      ], 
      "location": [
        -24.367498676614826, 
        -2.8385098454115125, 
        86.94866337807952
      ], 
      "pose_transform_permuted": [
        [
          -0.9443506787866703, 
          -0.15887941481520604, 
          -0.2880262609956474, 
          0.0
        ], 
        [
          -0.13336474664137213, 
          -0.6154926468655519, 
          0.7767770890079854, 
          0.0
        ], 
        [
          0.30069193509044717, 
          -0.7719625205943711, 
          -0.5600519859523289, 
          0.0
        ], 
        [
          -24.367498676614826, 
          -2.8385098454115125, 
          86.94866337807952, 
          1.0
        ]
      ], 
      "projected_cuboid": [
        [
          318.65027586201137, 
          226.9397103542573
        ], 
        [
          313.4238549080615, 
          254.78493397598177
        ], 
        [
          309.3384008056768, 
          280.324609506569
        ], 
        [
          314.67214330484643, 
          251.6558092409701
        ], 
        [
          351.3040982731626, 
          232.71285521093745
        ], 
        [
          348.54546824119626, 
          260.4712082647137
        ], 
        [
          343.3625063944828, 
          285.3725876270765
        ], 
        [
          346.375498276513, 
          256.8433774112245
        ]
      ], 
      "projected_cuboid_centroid": [
        330.88786342226734, 
        255.8758863535954
      ], 
      "quaternion_xyzw": [
        0.30931334992201037, 
        -0.7404987387280599, 
        -0.13543999137196677, 
        0.5810704589284658
      ], 
      "visibility": 0.8952760387023335
    }
  ]
}