{
  "camera_data": {
    "location_worldframe": [
      -18.054809030223133, 
      5.635297675034515, 
      81.58475713526629
    ], 
    "quaternion_xyzw_worldframe": [
      0.9285920579957517, 
      0.019717016945664648, 
      -0.06929089038396222, 
      -0.3640447489836038
    ]
  }, 
  "objects": [
    {
      "bounding_box": {
        "bottom_right": [
          505, 
          378
        ], 
        "top_left": [
          321, 
          202
        ]
      }, 
      "class": "003_cracker_box", 
      "cuboid": [
        [
          -19.073921752756725, 
          28.658138902843156, 
          68.78533654183266
        ], 
        [
          -33.29353231980321, 
          21.482681693187047, 
          64.86186807106724
        ], 
        [
          -29.484801225321476, 
          6.110802290361858, 
          79.17104129041579
        ], 
        [
          -15.265190658274994, 
          13.286259500017966, 
          83.09450976118123
        ], 
        [
          -22.416377620540583, 
          32.524390264831794, 
          73.82839976895772
        ], 
        [
          -36.63598818758707, 
          25.34893305517569, 
          69.90493129819228
        ], 
        [
          -32.82725709310533, 
          9.9770536523505, 
          84.21410451754085
        ], 
        [
          -18.60764652605885, 
          17.152510862006608, 
          88.13757298830627
        ]
      ], 
      "cuboid_centroid": [
        -25.95058942293103, 
        19.317596277596827, 
        76.49972052968675
      ], 
      "location": [
        -25.95058942293103, 
        19.317596277596827, 
        76.49972052968675
      ], 
      "pose_transform_permuted": [
        [
          0.4655231124925064, 
          -0.5384751329281369, 
          -0.7023765108211655, 
          0.0
        ], 
        [
          0.8668591020587363, 
          0.4374318385370057, 
          0.23918336859417397, 
          0.0
        ], 
        [
          -0.1784475522757621, 
          0.7202068576819859, 
          -0.6704167011901097, 
          0.0
        ], 
        [
          -25.95058942293103, 
          19.317596277596827, 
          76.49972052968675, 
          1.0
        ]
      ], 
      "projected_cuboid": [
        [
          332.47707764635544, 
          495.48428335162714
        ], 
        [
          205.5633340171037, 
          449.92552767959904
        ], 
        [
          281.3235232018195, 
          314.45071211907657
        ], 
        [
          382.80509975786646, 
          358.5607925479324
        ], 
        [
          318.31679576509725, 
          508.23534241467297
        ], 
        [
          199.76407335653724, 
          466.6789376270545
        ], 
        [
          271.97282895973257, 
          336.4702306138187
        ], 
        [
          368.0640726893365, 
          377.07621170523515
        ]
      ], 
      "projected_cuboid_centroid": [
        299.17426890816375, 
        407.9596102920511
      ], 
      "quaternion_xyzw": [
        0.9068410101227623, 
        0.1697870365196083, 
        0.19427509155967748, 
        0.33327006074488025
      ], 
      "visibility": 0.889150080969545
    }, 
    {
      "bounding_box": {
        "bottom_right": [
          460, 
          288
        ], 
        "top_left": [
          332, 
          173
        ]
      }, 
      "class": "004_sugar_box", 
      "cuboid": [
        [
          -32.796544324006796, 
          24.364681045887664, 
          72.98404573126004
        ], 
        [
          -41.39857251900605, 
          21.22584814194687, 
          71.55468192744324
        ], 
        [
          -38.876068867769355, 
          8.757462262030932, 
          83.75416137965186
        ], 
        [
          -30.2740406727701, 
          11.896295165971729, 
          85.18352518346865
        ], 
        [
          -34.34702757394118, 
          27.164654646886, 
          76.16632994480557
        ], 
        [
          -42.94905576894044, 
          24.025821742945205, 
          74.73696614098878
        ], 
        [
          -40.426552117703736, 
          11.55743586302927, 
          86.93644559319739
        ], 
        [
          -31.82452392270448, 
          14.696268766970066, 
          88.36580939701419
        ]
      ], 
      "cuboid_centroid": [
        -36.61154822085527, 
        17.961058454458467, 
        79.96024566222871
      ], 
      "location": [
        -36.61154822085527, 
        17.961058454458467, 
        79.96024566222871
      ], 
      "pose_transform_permuted": [
        [
          0.34352887472881277, 
          -0.6203690239556273, 
          -0.7050747017053095, 
          0.0
        ], 
        [
          0.9281729030628405, 
          0.33868520105218586, 
          0.15423069086112098, 
          0.0
        ], 
        [
          -0.1431183429171243, 
          0.7074141300489221, 
          -0.6921572869857345, 
          0.0
        ], 
        [
          -36.61154822085527, 
          17.961058454458467, 
          79.96024566222871, 
          1.0
        ]
      ], 
      "projected_cuboid": [
        [
          239.94423566394377, 
          451.32766202842873
        ], 
        [
          170.469102477378, 
          431.48947004108476
        ], 
        [
          231.9837884297868, 
          329.0512432365234
        ], 
        [
          290.47689987872616, 
          347.76722148839366
        ], 
        [
          239.09364846735892, 
          463.4944986874817
        ], 
        [
          172.56048405977745, 
          444.733706617096
        ], 
        [
          231.529966109048, 
          344.186686186716
        ], 
        [
          287.9239282463673, 
          361.9838292353128
        ]
      ], 
      "projected_cuboid_centroid": [
        235.37004581930674, 
        393.08337113160206
      ], 
      "quaternion_xyzw": [
        0.9138738609372017, 
        0.13180252892757208, 
        0.1361674698408236, 
        0.3590556550100173
      ], 
      "visibility": 0.4997590941941701
    }, 
    {
      "bounding_box": {
        "bottom_right": [
          351, 
          246
        ], 
        "top_left": [
          264, 
          126
        ]
      }, 
      "class": "024_bowl", 
      "cuboid": [
        [
          -48.2492265997331, 
          -0.04829750272170308, 
          67.69868044287276
        ], 
        [
          -45.9997112361689, 
          11.566657966570007, 
          78.64266652935986
        ], 
        [
          -45.160279862822016, 
          7.753239560448466, 
          82.5173398765999
        ], 
        [
          -47.40979522638622, 
          -3.8617159088432462, 
          71.57335379011279
        ], 
        [
          -32.45197910983709, 
          0.037408675006191106, 
          64.36062572683043
        ], 
        [
          -30.20246374627289, 
          11.652364144297902, 
          75.30461181331755
        ], 
        [
          -29.363032372926014, 
          7.83894573817636, 
          79.17928516055758
        ], 
        [
          -31.61254773649021, 
          -3.7760097311153507, 
          68.23529907407048
        ]
      ], 
      "cuboid_centroid": [
        -38.80612948632955, 
        3.895324117727329, 
        73.43898280171517
      ], 
      "location": [
        -38.80612948632955, 
        3.895324117727329, 
        73.43898280171517
      ], 
      "pose_transform_permuted": [
        [
          -0.9783819273719063, 
          -0.00530810037677322, 
          0.20673806679570217, 
          0.0
        ], 
        [
          -0.13957927306118512, 
          -0.7206916953316933, 
          -0.6790589862535074, 
          0.0
        ], 
        [
          -0.1525989211093749, 
          0.693235388847338, 
          -0.7043708291276229, 
          0.0
        ], 
        [
          -38.80612948632955, 
          3.895324117727329, 
          73.43898280171517, 
          1.0
        ]
      ], 
      "projected_cuboid": [
        [
          98.32965850830401, 
          272.9060578324687
        ], 
        [
          167.04784759896347, 
          351.7264673181565
        ], 
        [
          187.28833857362824, 
          323.396666310681
        ], 
        [
          125.38514642695655, 
          244.5114616468935
        ], 
        [
          210.4451578870931, 
          273.5965222107056
        ], 
        [
          265.91574678319665, 
          355.810487561059
        ], 
        [
          282.1713956760723, 
          326.08650030880415
        ], 
        [
          232.45782716373614, 
          243.77366175497377
        ]
      ], 
      "projected_cuboid_centroid": [
        197.43545202753992, 
        301.5746835347575
      ], 
      "quaternion_xyzw": [
        -0.5802839927549379, 
        0.24474773615814358, 
        0.7140645504266798, 
        -0.3057463838245593
      ], 
      "visibility": 0.6238035264483627
    }, 
    {
      "bounding_box": {
        "bottom_right": [
          335, 
          373
        ], 
        "top_left": [
          246, 
          271
        ]
      }, 
      "class": "025_mug", 
      "cuboid": [
        [
          -14.310173427625388, 
          2.1883504511006335, 
          58.92315405237996
        ], 
        [
          -25.75523101907564, 
          2.593498501988414, 
          61.31339824674777
        ], 
        [
          -24.97180280017869, 
          -3.885059392183432, 
          66.16275891656672
        ], 
        [
          -13.526745208728434, 
          -4.290207443071211, 
          63.772514722198906
        ], 
        [
          -12.602381634406584, 
          7.803379109188842, 
          66.14871600617013
        ], 
        [
          -24.04743922585684, 
          8.208527160076622, 
          68.53896020053794
        ], 
        [
          -23.264011006959883, 
          1.7299692659047756, 
          73.38832087035689
        ], 
        [
          -11.818953415509629, 
          1.3248212150169956, 
          70.99807667598908
        ]
      ], 
      "cuboid_centroid": [
        -18.787092217292635, 
        1.9591598585027046, 
        66.15573746136843
      ], 
      "location": [
        -18.787092217292635, 
        1.9591598585027046, 
        66.15573746136843
      ], 
      "pose_transform_permuted": [
        [
          -0.18345993471213587, 
          -0.6031957731088895, 
          -0.7762076908698434, 
          0.0
        ], 
        [
          0.9782936354091986, 
          -0.034630997390353295, 
          -0.204311831874977, 
          0.0
        ], 
        [
          -0.09635908398301356, 
          0.7968412282777755, 
          -0.5964553494191511, 
          0.0
        ], 
        [
          -18.787092217292635, 
          1.9591598585027046, 
          66.15573746136843, 
          1.0
        ]
      ], 
      "projected_cuboid": [
        [
          350.9948214477978, 
          293.0935250509986
        ], 
        [
          255.70457400204026, 
          295.845449729714
        ], 
        [
          278.6288551673543, 
          241.970155630342
        ], 
        [
          367.53230494660005, 
          237.40820300870413
        ], 
        [
          379.14447756492, 
          336.20075831869514
        ], 
        [
          292.91828700864886, 
          337.15923565079277
        ], 
        [
          311.12651082405205, 
          285.85838152342177
        ], 
        [
          392.0762232915292, 
          283.23825965121546
        ]
      ], 
      "projected_cuboid_centroid": [
        328.8813322411884, 
        289.08045638061344
      ], 
      "quaternion_xyzw": [
        0.942250305725185, 
        0.01637783671111479, 
        -0.10288448945863483, 
        0.318294171739417
      ], 
      "visibility": 0.7644588045234249
    }, 
    {
      "bounding_box": {
        "bottom_right": [
          359, 
          317
        ], 
        "top_left": [
          288, 
          259
        ]
      }, 
      "class": "061_foam_brick", 
      "cuboid": [
        [
          -27.934352060491364, 
          1.8658957253775414, 
          75.02467098106092
        ], 
        [
          -29.03947551881942, 
          7.453323677635659, 
          69.71402637049422
        ], 
        [
          -30.301744680622853, 
          10.737809223120959, 
          73.43236774995216
        ], 
        [
          -29.196621222294798, 
          5.15038127086284, 
          78.74301236051885
        ], 
        [
          -22.895539194517465, 
          3.2914574911295023, 
          75.47597464249425
        ], 
        [
          -24.000662652845524, 
          8.87888544338762, 
          70.16533003192757
        ], 
        [
          -25.262931814648958, 
          12.163370988872918, 
          73.88367141138549
        ], 
        [
          -24.157808356320903, 
          6.575943036614801, 
          79.19431602195218
        ]
      ], 
      "cuboid_centroid": [
        -26.59864193757016, 
        7.01463335712523, 
        74.4541711962232
      ], 
      "location": [
        -26.59864193757016, 
        7.01463335712523, 
        74.4541711962232
      ], 
      "pose_transform_permuted": [
        [
          -0.9586782392972141, 
          -0.2712256001466669, 
          -0.08586447066786895, 
          0.0
        ], 
        [
          0.14191174090632142, 
          -0.7174959701726035, 
          0.6819535105701939, 
          0.0
        ], 
        [
          0.24657066186172688, 
          -0.6415888142815107, 
          -0.7263378704830932, 
          0.0
        ], 
        [
          -26.59864193757016, 
          7.01463335712523, 
          74.4541711962232, 
          1.0
        ]
      ], 
      "projected_cuboid": [
        [
          281.36840827503926, 
          286.55042461347904
        ], 
        [
          257.5907127951184, 
          330.3052425943517
        ], 
        [
          259.6896396390807, 
          351.2723651380147
        ], 
        [
          282.2029658682143, 
          308.16962297154254
        ], 
        [
          318.4670504989942, 
          296.544253373777
        ], 
        [
          297.6502000022294, 
          340.7740490005828
        ], 
        [
          297.72023332441245, 
          361.08623474558465
        ], 
        [
          317.55499214359315, 
          317.5710191842587
        ]
      ], 
      "projected_cuboid_centroid": [
        289.4816734522201, 
        323.5327670108467
      ], 
      "quaternion_xyzw": [
        0.38281437972360677, 
        -0.6295914437242333, 
        -0.1807173028131914, 
        0.6514668227392633
      ], 
      "visibility": 0.4452856159669649
    }
  ]
}