{
  "camera_data": {
    "location_worldframe": [
      -16.8217316766032, 
      -0.792957872957277, 
      91.89793887135338
    ], 
    "quaternion_xyzw_worldframe": [
      0.8788754448275153, 
      0.034001172020181304, 
      0.006462459145414568, 
      -0.4757957432494637
    ]
  }, 
  "objects": [
    {
      "bounding_box": {
        "bottom_right": [
          432, 
          398
        ], 
        "top_left": [
          284, 
          270
        ]
      }, 
      "class": "003_cracker_box", 
      "cuboid": [
        [
          -15.432232693422138, 
          24.66992859994288, 
          85.21772139959694
        ], 
        [
          -29.111546032211134, 
          19.517121470892153, 
          77.77439680925494
        ], 
        [
          -27.771791901576204, 
          0.9298003038385211, 
          88.17968862873997
        ], 
        [
          -14.092478562787214, 
          6.0826074328892465, 
          95.62301321908197
        ], 
        [
          -19.36904040600194, 
          27.384421848954176, 
          90.57360311694161
        ], 
        [
          -33.04835374479093, 
          22.231614719903448, 
          83.13027852659961
        ], 
        [
          -31.708599614156007, 
          3.644293552849814, 
          93.53557034608464
        ], 
        [
          -18.029286275367014, 
          8.797100681900542, 
          100.97889493642664
        ]
      ], 
      "cuboid_centroid": [
        -23.570416153789072, 
        14.157111076396347, 
        89.37664587284078
      ], 
      "location": [
        -23.570416153789072, 
        14.157111076396347, 
        89.37664587284078
      ], 
      "pose_transform_permuted": [
        [
          0.5483019229390059, 
          -0.3780631356420798, 
          -0.7459445467123325, 
          0.0
        ], 
        [
          0.8339213807390311, 
          0.31412658876343225, 
          0.453761630129915, 
          0.0
        ], 
        [
          -0.06277047114445239, 
          0.8708574807052691, 
          -0.4875111447464309, 
          0.0
        ], 
        [
          -23.570416153789072, 
          14.157111076396347, 
          89.37664587284078, 
          1.0
        ]
      ], 
      "projected_cuboid": [
        [
          384.2124016801675, 
          427.6787913965292
        ], 
        [
          280.3079225218419, 
          407.1205953909064
        ], 
        [
          312.23073738253345, 
          278.91006328739724
        ], 
        [
          402.3438889572148, 
          307.21115038901473
        ], 
        [
          366.59697380403566, 
          434.532728298173
        ], 
        [
          267.8095562065994, 
          415.91273514792977
        ], 
        [
          299.2948298030402, 
          294.0655112786298
        ], 
        [
          385.5819420625801, 
          319.74838599175
        ]
      ], 
      "projected_cuboid_centroid": [
        339.77789957750275, 
        357.7634670990632
      ], 
      "quaternion_xyzw": [
        0.9288061434116155, 
        0.10144664270939707, 
        0.26971816459681847, 
        0.23298033893519307
      ], 
      "visibility": 0.8932527693856999
    }, 
    {
      "bounding_box": {
        "bottom_right": [
          403, 
          314
        ], 
        "top_left": [
          292, 
          235
        ]
      }, 
      "class": "004_sugar_box", 
      "cuboid": [
        [
          -29.71587620300288, 
          20.30306333607113, 
          86.3499300497123
        ], 
        [
          -38.09736209835825, 
          18.120006571312913, 
          83.05217334281481
        ], 
        [
          -37.65659438297797, 
          2.932807970859588, 
          91.98557653069996
        ], 
        [
          -29.275108487622592, 
          5.115864735617805, 
          95.28333323759745
        ], 
        [
          -31.63859830080835, 
          22.33177390281261, 
          89.89369308656984
        ], 
        [
          -40.02008419616373, 
          20.148717138054394, 
          86.59593637967234
        ], 
        [
          -39.57931648078345, 
          4.9615185376010675, 
          95.52933956755749
        ], 
        [
          -31.197830585428065, 
          7.144575302359284, 
          98.82709627445499
        ]
      ], 
      "cuboid_centroid": [
        -34.64759634189316, 
        12.6322909368361, 
        90.93963480863489
      ], 
      "location": [
        -34.64759634189316, 
        12.6322909368361, 
        90.93963480863489
      ], 
      "pose_transform_permuted": [
        [
          0.4260030275743333, 
          -0.44948609291499747, 
          -0.7851648370975646, 
          0.0
        ], 
        [
          0.9043760284341783, 
          0.23555539332858233, 
          0.3558333391670851, 
          0.0
        ], 
        [
          -0.025007672439112727, 
          0.8616703869524716, 
          -0.5068511437967017, 
          0.0
        ], 
        [
          -34.64759634189316, 
          12.6322909368361, 
          90.93963480863489, 
          1.0
        ]
      ], 
      "projected_cuboid": [
        [
          296.534626422471, 
          398.6835275245309
        ], 
        [
          234.91610114806042, 
          389.6441715352484
        ], 
        [
          261.44993020255095, 
          290.2905508227075
        ], 
        [
          316.3730007613661, 
          301.9210405292855
        ], 
        [
          292.3279540338246, 
          405.77605910780267
        ], 
        [
          233.0708429171545, 
          397.3767190539843
        ], 
        [
          258.79293007938253, 
          300.98561985876813
        ], 
        [
          311.83521880459557, 
          311.8421777384441
        ]
      ], 
      "projected_cuboid_centroid": [
        276.71137040543556, 
        347.3691769881445
      ], 
      "quaternion_xyzw": [
        0.9422328868815043, 
        0.06913446489595508, 
        0.20744244274073576, 
        0.2537422674443247
      ], 
      "visibility": 0.5466003316749586
    }, 
    {
      "bounding_box": {
        "bottom_right": [
          316, 
          292
        ], 
        "top_left": [
          247, 
          176
        ]
      }, 
      "class": "024_bowl", 
      "cuboid": [
        [
          -44.83895446548101, 
          -1.1347897965099127, 
          73.14296722691674
        ], 
        [
          -43.90208839366415, 
          7.316536842443269, 
          86.83368310998739
        ], 
        [
          -43.7206758986276, 
          2.6326693595566795, 
          89.71263663999099
        ], 
        [
          -44.657541970444456, 
          -5.818657279396502, 
          76.02192075692034
        ], 
        [
          -28.728756880682866, 
          -1.1736785432090773, 
          72.06454034605609
        ], 
        [
          -27.791890808866004, 
          7.277648095744105, 
          85.75525622912674
        ], 
        [
          -27.61047831382945, 
          2.593780612857515, 
          88.63420975913034
        ], 
        [
          -28.547344385646312, 
          -5.857546026095667, 
          74.94349387605969
        ]
      ], 
      "cuboid_centroid": [
        -36.22471638965523, 
        0.7294954081738012, 
        80.88858849302353
      ], 
      "location": [
        -36.22471638965523, 
        0.7294954081738012, 
        80.88858849302353
      ], 
      "pose_transform_permuted": [
        [
          -0.997764083485964, 
          0.0024085238249854438, 
          0.06679096284976016, 
          0.0
        ], 
        [
          -0.05813122567551361, 
          -0.5243929638242937, 
          -0.8494897174733991, 
          0.0
        ], 
        [
          -0.032978694741849175, 
          0.8514729699201011, 
          -0.5233604753786495, 
          0.0
        ], 
        [
          -36.22471638965523, 
          0.7294954081738012, 
          80.88858849302353, 
          1.0
        ]
      ], 
      "projected_cuboid": [
        [
          151.9307016682426, 
          265.01225483150563
        ], 
        [
          209.7099096452176, 
          318.2236204512144
        ], 
        [
          219.52243598145537, 
          288.9371104988897
        ], 
        [
          165.69845778474524, 
          232.46668176146463
        ], 
        [
          267.21574295652334, 
          264.6006329796775
        ], 
        [
          307.3164532941455, 
          318.54688025734396
        ], 
        [
          314.0779837231115, 
          288.8935366678998
        ], 
        [
          276.7529415971139, 
          231.60254590322415
        ]
      ], 
      "projected_cuboid_centroid": [
        240.7676839748609, 
        278.0962916717976
      ], 
      "quaternion_xyzw": [
        -0.6569913967082877, 
        0.1869941796591889, 
        0.7029216098622546, 
        -0.19823393204377587
      ], 
      "visibility": 0.7287791680757525
    }, 
    {
      "bounding_box": {
        "bottom_right": [
          306, 
          412
        ], 
        "top_left": [
          233, 
          328
        ]
      }, 
      "class": "025_mug", 
      "cuboid": [
        [
          -9.947290177215423, 
          1.1588995683596812, 
          69.79852144662657
        ], 
        [
          -21.60366756212479, 
          1.6462992661780511, 
          70.6691897638406
        ], 
        [
          -21.682437676299152, 
          -5.851607898760373, 
          73.81195200164434
        ], 
        [
          -10.026060291389784, 
          -6.339007596578744, 
          72.94128368443032
        ], 
        [
          -9.158481106791575, 
          4.737388578106574, 
          78.3557430661556
        ], 
        [
          -20.814858491700942, 
          5.224788275924944, 
          79.22641138336964
        ], 
        [
          -20.893628605875303, 
          -2.2731188890134804, 
          82.36917362117339
        ], 
        [
          -9.237251220965936, 
          -2.76051858683185, 
          81.49850530395935
        ]
      ], 
      "cuboid_centroid": [
        -15.420459391545362, 
        -0.5571096603268995, 
        76.08384753389997
      ], 
      "location": [
        -15.420459391545362, 
        -0.5571096603268995, 
        76.08384753389997
      ], 
      "pose_transform_permuted": [
        [
          -0.08473799975788887, 
          -0.38442002280552434, 
          -0.9192615433976001, 
          0.0
        ], 
        [
          0.996356699515706, 
          -0.041661653378858854, 
          -0.07442245410099323, 
          0.0
        ], 
        [
          0.00968846393836277, 
          0.9222178226109695, 
          -0.3865493776029105, 
          0.0
        ], 
        [
          -15.420459391545362, 
          -0.5571096603268995, 
          76.08384753389997, 
          1.0
        ]
      ], 
      "projected_cuboid": [
        [
          404.95798533628584, 
          282.14150828632097
        ], 
        [
          317.20187641918403, 
          285.7106741763898
        ], 
        [
          323.6276009491321, 
          231.0064329196109
        ], 
        [
          407.67933428042875, 
          226.93806811144685
        ], 
        [
          418.7414135489018, 
          305.53104237803564
        ], 
        [
          340.3123417311853, 
          308.4576615602913
        ], 
        [
          345.18873608166155, 
          258.56866762907936
        ], 
        [
          420.64550549594065, 
          255.22192910824856
        ]
      ], 
      "projected_cuboid_centroid": [
        372.604576376074, 
        269.38140566417474
      ], 
      "quaternion_xyzw": [
        0.9795197886623165, 
        -0.01310594178688009, 
        -0.04062206187693257, 
        0.19677228814879563
      ], 
      "visibility": 0.8463794270245883
    }, 
    {
      "bounding_box": {
        "bottom_right": [
          321, 
          348
        ], 
        "top_left": [
          260, 
          305
        ]
      }, 
      "class": "061_foam_brick", 
      "cuboid": [
        [
          -25.745840625442472, 
          -2.263423383494573, 
          83.35120330361157
        ], 
        [
          -25.940783894565318, 
          4.5028915705732375, 
          79.50119366417618
        ], 
        [
          -27.643541657086285, 
          6.853311257761101, 
          83.71822753240457
        ], 
        [
          -27.44859838796344, 
          0.08699630369328956, 
          87.56823717183994
        ], 
        [
          -20.79085027950487, 
          -1.2907338067392404, 
          84.80979238215211
        ], 
        [
          -20.98579354862771, 
          5.475581147328571, 
          80.95978274271674
        ], 
        [
          -22.68855131114868, 
          7.826000834516433, 
          85.17681661094511
        ], 
        [
          -22.493608042025837, 
          1.0596858804486222, 
          89.0268262503805
        ]
      ], 
      "cuboid_centroid": [
        -24.217195968295577, 
        2.78128872551093, 
        84.26400995727835
      ], 
      "location": [
        -24.217195968295577, 
        2.78128872551093, 
        84.26400995727835
      ], 
      "pose_transform_permuted": [
        [
          -0.942730271381101, 
          -0.18506270338466368, 
          -0.2775093354063541, 
          0.0
        ], 
        [
          0.02503316574335153, 
          -0.868879877099846, 
          0.49438962345888926, 
          0.0
        ], 
        [
          0.3326153574845609, 
          -0.4591291267028442, 
          -0.8237520676626566, 
          0.0
        ], 
        [
          -24.217195968295577, 
          2.78128872551093, 
          84.26400995727835, 
          1.0
        ]
      ], 
      "projected_cuboid": [
        [
          315.49044858211863, 
          258.8041074035813
        ], 
        [
          306.12775185321937, 
          303.4933832475222
        ], 
        [
          304.02878479104714, 
          316.9449527742775
        ], 
        [
          313.03288385033846, 
          273.8163743001919
        ], 
        [
          349.76593420438246, 
          265.1698618705769
        ], 
        [
          342.20187467908414, 
          309.3567268601939
        ], 
        [
          338.35285081482374, 
          322.28765904968867
        ], 
        [
          345.7250679827227, 
          279.6346383895501
        ]
      ], 
      "projected_cuboid_centroid": [
        327.0454804590023, 
        290.88973232882194
      ], 
      "quaternion_xyzw": [
        0.4591876997609099, 
        -0.6541416697409376, 
        -0.24409443466999106, 
        0.5492387816423385
      ], 
      "visibility": 0.7034795763993948
    }
  ]
}