{
  "camera_data": {
    "location_worldframe": [
      -20.00837007083108, 
      -3.865851317239248, 
      95.9956772727472
    ], 
    "quaternion_xyzw_worldframe": [
      0.9540387990193158, 
      0.02232302279855062, 
      -0.025645805937535144, 
      -0.2977554957845111
    ]
  }, 
  "objects": [
    {
      "bounding_box": {
        "bottom_right": [
          407, 
          382
        ], 
        "top_left": [
          258, 
          236
        ]
      }, 
      "class": "003_cracker_box", 
      "cuboid": [
        [
          -19.330222321181832, 
          17.15072973373703, 
          80.09729407762714
        ], 
        [
          -33.32640162114816, 
          9.674851362963583, 
          75.93840921798602
        ], 
        [
          -31.168036394969313, 
          -3.5901916528425697, 
          92.51953223440533
        ], 
        [
          -17.171857095002984, 
          3.885686717930876, 
          96.67841709404644
        ], 
        [
          -23.003677555654168, 
          21.725900094534698, 
          84.23564403201101
        ], 
        [
          -36.99985685562049, 
          14.250021723761252, 
          80.0767591723699
        ], 
        [
          -34.84149162944165, 
          0.9849787079550976, 
          96.6578821887892
        ], 
        [
          -20.84531232947532, 
          8.460857078728544, 
          100.81676704843032
        ]
      ], 
      "cuboid_centroid": [
        -27.08585697531174, 
        9.067854220846064, 
        88.37758813320818
      ], 
      "location": [
        -27.08585697531174, 
        9.067854220846064, 
        88.37758813320818
      ], 
      "pose_transform_permuted": [
        [
          0.5116233039412665, 
          -0.6372103718916543, 
          -0.5763718737220979, 
          0.0
        ], 
        [
          0.853238234831767, 
          0.4557461810246363, 
          0.25353487551544046, 
          0.0
        ], 
        [
          -0.1011242279841619, 
          0.6214968708168682, 
          -0.776862619823768, 
          0.0
        ], 
        [
          -27.08585697531174, 
          9.067854220846064, 
          88.37758813320818, 
          1.0
        ]
      ], 
      "projected_cuboid": [
        [
          351.8161802410108, 
          387.48290551181475
        ], 
        [
          245.59344695262104, 
          341.2335459484711
        ], 
        [
          300.434799095199, 
          252.59123754533456
        ], 
        [
          386.080332873093, 
          294.72165124693953
        ], 
        [
          334.74059036115665, 
          410.8393295055552
        ], 
        [
          233.12058369466232, 
          368.19317162200343
        ], 
        [
          287.7535862786283, 
          278.7212570344873
        ], 
        [
          370.40664672444984, 
          318.04437839433507
        ]
      ], 
      "projected_cuboid_centroid": [
        316.78379934716355, 
        328.0070201248166
      ], 
      "quaternion_xyzw": [
        0.8733709090888495, 
        0.15940260982294377, 
        0.21902440632438855, 
        0.40477447124689103
      ], 
      "visibility": 0.9175956965775318
    }, 
    {
      "bounding_box": {
        "bottom_right": [
          374, 
          301
        ], 
        "top_left": [
          275, 
          206
        ]
      }, 
      "class": "004_sugar_box", 
      "cuboid": [
        [
          -33.47025469562863, 
          13.658401532219871, 
          83.59564677272662
        ], 
        [
          -41.98977180882212, 
          10.458004635598265, 
          81.84478132610221
        ], 
        [
          -40.855444754473446, 
          -0.2114475995746143, 
          95.82788045186781
        ], 
        [
          -32.33592764127996, 
          2.9889492970469935, 
          97.57874589849224
        ], 
        [
          -35.222948000283004, 
          16.895178749254008, 
          86.20756612781865
        ], 
        [
          -43.74246511347649, 
          13.6947818526324, 
          84.45670068119422
        ], 
        [
          -42.60813805912782, 
          3.0253296174595197, 
          98.43979980695984
        ], 
        [
          -34.08862094593433, 
          6.225726514081128, 
          100.19066525358427
        ]
      ], 
      "cuboid_centroid": [
        -38.039196377378225, 
        8.341865574839696, 
        91.01772328984323
      ], 
      "location": [
        -38.039196377378225, 
        8.341865574839696, 
        91.01772328984323
      ], 
      "pose_transform_permuted": [
        [
          0.3883310308048301, 
          -0.7171483053187794, 
          -0.5787032636277373, 
          0.0
        ], 
        [
          0.9192698224638908, 
          0.3453280564945695, 
          0.1889212436446743, 
          0.0
        ], 
        [
          -0.06435788834828969, 
          0.605348707020787, 
          -0.7933538469783084, 
          0.0
        ], 
        [
          -38.039196377378225, 
          8.341865574839696, 
          91.01772328984323, 
          1.0
        ]
      ], 
      "projected_cuboid": [
        [
          266.2856343822918, 
          360.4237669301101
        ], 
        [
          205.70179477844286, 
          341.4333224518629
        ], 
        [
          252.32571281300073, 
          272.1097495025926
        ], 
        [
          303.39127020158895, 
          289.6227306486278
        ], 
        [
          261.8758208716023, 
          377.8078705381897
        ], 
        [
          203.07418578144066, 
          359.76511564735125
        ], 
        [
          248.8342682837991, 
          289.6769363132364
        ], 
        [
          298.62958689500505, 
          306.4263705299422
        ]
      ], 
      "projected_cuboid_centroid": [
        256.84841203152524, 
        322.1658123736974
      ], 
      "quaternion_xyzw": [
        0.8808123797257301, 
        0.11628070695669275, 
        0.16384087228350802, 
        0.4287241491676786
      ], 
      "visibility": 0.4947991391678623
    }, 
    {
      "bounding_box": {
        "bottom_right": [
          281, 
          276
        ], 
        "top_left": [
          196, 
          173
        ]
      }, 
      "class": "024_bowl", 
      "cuboid": [
        [
          -49.00462032658424, 
          -11.059261907083911, 
          80.36526829320026
        ], 
        [
          -47.43248129773671, 
          1.9436219616326467, 
          89.75631356816349
        ], 
        [
          -47.03044915149374, 
          -1.3003688608841295, 
          94.18065444736034
        ], 
        [
          -48.602588180341264, 
          -14.303252729600688, 
          84.78960917239709
        ], 
        [
          -32.97871420748411, 
          -11.638453850184426, 
          78.48435020671808
        ], 
        [
          -31.406575178636587, 
          1.3644300185321312, 
          87.87539548168132
        ], 
        [
          -31.004543032393617, 
          -1.8795608039846452, 
          92.29973636087814
        ], 
        [
          -32.576682061241144, 
          -14.882444672701203, 
          82.90869108591492
        ]
      ], 
      "cuboid_centroid": [
        -40.00458167948893, 
        -6.4694113555342785, 
        86.33250232703921
      ], 
      "location": [
        -40.00458167948893, 
        -6.4694113555342785, 
        86.33250232703921
      ], 
      "pose_transform_permuted": [
        [
          -0.9925436014543075, 
          0.03587149786514433, 
          0.11649220940914876, 
          0.0
        ], 
        [
          -0.09754902160346708, 
          -0.8068107057596768, 
          -0.5827011871068897, 
          0.0
        ], 
        [
          -0.07308479729957754, 
          0.5897200358750609, 
          -0.8042940331067971, 
          0.0
        ], 
        [
          -40.00458167948893, 
          -6.4694113555342785, 
          86.33250232703921, 
          1.0
        ]
      ], 
      "projected_cuboid": [
        [
          153.68275886396825, 
          199.89512057275905
        ], 
        [
          197.41113605074625, 
          284.8352704684598
        ], 
        [
          213.0569591960889, 
          265.9229006938745
        ], 
        [
          173.34322346848154, 
          183.32026902231956
        ], 
        [
          255.6314363555166, 
          194.2005120439273
        ], 
        [
          289.40076703438933, 
          281.56732289012393
        ], 
        [
          300.9559504013586, 
          262.4261972692294
        ], 
        [
          270.29753942182214, 
          177.55352030313495
        ]
      ], 
      "projected_cuboid_centroid": [
        232.40905768265105, 
        233.32170811439232
      ], 
      "quaternion_xyzw": [
        -0.5864466738038605, 
        0.31278458094959627, 
        0.6715208982019244, 
        -0.32757562177710237
      ], 
      "visibility": 0.7202042304886944
    }, 
    {
      "bounding_box": {
        "bottom_right": [
          249, 
          390
        ], 
        "top_left": [
          175, 
          307
        ]
      }, 
      "class": "025_mug", 
      "cuboid": [
        [
          -14.382756304102312, 
          -10.495816305243679, 
          74.4585272618961
        ], 
        [
          -25.97937537995452, 
          -9.617522898882132, 
          75.72887454724089
        ], 
        [
          -25.7847569813076, 
          -15.363167671943309, 
          81.4779145444048
        ], 
        [
          -14.1881379054554, 
          -16.241461078304855, 
          80.20756725905997
        ], 
        [
          -13.174258558482407, 
          -3.9468517415621984, 
          80.96271372375841
        ], 
        [
          -24.77087763433461, 
          -3.0685583352006525, 
          82.23306100910324
        ], 
        [
          -24.576259235687697, 
          -8.814203108261829, 
          87.98210100626711
        ], 
        [
          -12.979640159835496, 
          -9.692496514623375, 
          86.71175372092232
        ]
      ], 
      "cuboid_centroid": [
        -19.479507769895005, 
        -9.655009706752754, 
        81.2203141340816
      ], 
      "location": [
        -19.479507769895005, 
        -9.655009706752754, 
        81.2203141340816
      ], 
      "pose_transform_permuted": [
        [
          -0.12982315431632058, 
          -0.7035240572391955, 
          -0.698713759128563, 
          0.0
        ], 
        [
          0.9912487153097452, 
          -0.07507422680924121, 
          -0.1085859685791853, 
          0.0
        ], 
        [
          -0.023937420388381495, 
          0.7066953345176676, 
          -0.7071129358710051, 
          0.0
        ], 
        [
          -19.479507769895005, 
          -9.655009706752754, 
          81.2203141340816, 
          1.0
        ]
      ], 
      "projected_cuboid": [
        [
          377.7200639865619, 
          198.10879027680087
        ], 
        [
          297.11296883626824, 
          205.55526197559587
        ], 
        [
          311.4145774357851, 
          172.72581272472982
        ], 
        [
          386.47050803104753, 
          165.2931210461585
        ], 
        [
          394.09206972484003, 
          247.2877389190643
        ], 
        [
          319.60763908177637, 
          253.38551238195782
        ], 
        [
          331.3821076669347, 
          219.85763512596512
        ], 
        [
          401.1006756789706, 
          213.67295643972716
        ]
      ], 
      "projected_cuboid_centroid": [
        352.6222125635354, 
        209.88853457285168
      ], 
      "quaternion_xyzw": [
        0.9215011949200034, 
        -0.0138732338880198, 
        -0.0646795479511566, 
        0.3827008041027716
      ], 
      "visibility": 0.8237547892720306
    }, 
    {
      "bounding_box": {
        "bottom_right": [
          281, 
          334
        ], 
        "top_left": [
          224, 
          287
        ]
      }, 
      "class": "061_foam_brick", 
      "cuboid": [
        [
          -29.367057109037948, 
          -8.392455125045654, 
          89.15646539773138
        ], 
        [
          -29.863886049072597, 
          -3.5896263433219624, 
          83.04667065016794
        ], 
        [
          -31.36438457563479, 
          0.19825915698159363, 
          86.14629303973504
        ], 
        [
          -30.867555635600148, 
          -4.604569624742097, 
          92.2560877872985
        ], 
        [
          -24.35310184259168, 
          -6.980732646505038, 
          89.85848296927782
        ], 
        [
          -24.849930782626323, 
          -2.1779038647813476, 
          83.74868822171435
        ], 
        [
          -26.350429309188524, 
          1.609981635522209, 
          86.84831061128146
        ], 
        [
          -25.853600369153874, 
          -3.1928471462014816, 
          92.95810535884492
        ]
      ], 
      "cuboid_centroid": [
        -27.858743209113236, 
        -3.3912367447617218, 
        88.00238800450643
      ], 
      "location": [
        -27.858743209113236, 
        -3.3912367447617218, 
        88.00238800450643
      ], 
      "pose_transform_permuted": [
        [
          -0.9539488634735511, 
          -0.2685925546556361, 
          -0.13356498590978066, 
          0.0
        ], 
        [
          0.0637990798961296, 
          -0.6167435760711799, 
          0.7845744316375217, 
          0.0
        ], 
        [
          0.2931061979589105, 
          -0.7399225641636374, 
          -0.6054777913016962, 
          0.0
        ], 
        [
          -27.858743209113236, 
          -3.3912367447617218, 
          88.00238800450643, 
          1.0
        ]
      ], 
      "projected_cuboid": [
        [
          304.46413149328674, 
          223.0842262466121
        ], 
        [
          288.2151643970175, 
          250.23422281729017
        ], 
        [
          285.80643353331305, 
          274.5139325358651
        ], 
        [
          301.6689891537156, 
          246.66816284925173
        ], 
        [
          335.85432494983905, 
          231.85515273830654
        ], 
        [
          322.0316012233641, 
          259.4174397780457
        ], 
        [
          318.43542972201203, 
          283.17314059611374
        ], 
        [
          332.03360762629643, 
          254.9685236182119
        ]
      ], 
      "projected_cuboid_centroid": [
        311.3581696877335, 
        252.73467560403734
      ], 
      "quaternion_xyzw": [
        0.33817210915533574, 
        -0.6726233102891411, 
        -0.12521318823356078, 
        0.646172704884303
      ], 
      "visibility": 0.7497409326424871
    }
  ]
}