{
  "camera_data": {
    "location_worldframe": [
      -16.302263429674277, 
      1.1981918638987454, 
      85.66915838924083
    ], 
    "quaternion_xyzw_worldframe": [
      0.9031466228696796, 
      0.012432628810931948, 
      -0.023186022809201443, 
      -0.42852785937352844
    ]
  }, 
  "objects": [
    {
      "bounding_box": {
        "bottom_right": [
          461, 
          397
        ], 
        "top_left": [
          297, 
          249
        ]
      }, 
      "class": "003_cracker_box", 
      "cuboid": [
        [
          -15.1773454695027, 
          25.77255701718373, 
          76.19546989793189
        ], 
        [
          -29.387328371109568, 
          20.06637130637207, 
          70.31380803610018
        ], 
        [
          -27.471986417661164, 
          2.6838297046463984, 
          82.55032142072216
        ], 
        [
          -13.2620035160543, 
          8.390015415458056, 
          88.43198328255384
        ], 
        [
          -18.705930774715824, 
          29.107410868313366, 
          81.48510439101196
        ], 
        [
          -32.91591367632269, 
          23.40122515750171, 
          75.60344252918027
        ], 
        [
          -31.000571722874287, 
          6.0186835557760405, 
          87.83995591380223
        ], 
        [
          -16.79058882126742, 
          11.724869266587698, 
          93.72161777563393
        ]
      ], 
      "cuboid_centroid": [
        -23.088958596188494, 
        15.895620286479883, 
        82.01771290586706
      ], 
      "location": [
        -23.088958596188494, 
        15.895620286479883, 
        82.01771290586706
      ], 
      "pose_transform_permuted": [
        [
          0.4914464330885088, 
          -0.4644643357744051, 
          -0.7367179135858055, 
          0.0
        ], 
        [
          0.8662721781497758, 
          0.347861778501716, 
          0.35855919514253987, 
          0.0
        ], 
        [
          -0.08973804526634682, 
          0.8144108691878219, 
          -0.5733079620766759, 
          0.0
        ], 
        [
          -23.088958596188494, 
          15.895620286479883, 
          82.01771290586706, 
          1.0
        ]
      ], 
      "projected_cuboid": [
        [
          374.4800673915557, 
          453.67796261693144
        ], 
        [
          256.84110409884835, 
          425.4869247870726
        ], 
        [
          302.63415848700566, 
          290.62552485332714
        ], 
        [
          400.9494568907791, 
          323.88542040019394
        ], 
        [
          358.14657387854817, 
          463.794390275387
        ], 
        [
          247.4675983125142, 
          438.36277299382846
        ], 
        [
          291.80881350411136, 
          309.8289265996101
        ], 
        [
          385.25457395347644, 
          340.0064958567081
        ]
      ], 
      "projected_cuboid_centroid": [
        330.2101222813672, 
        376.6476935791528
      ], 
      "quaternion_xyzw": [
        0.9243106838238162, 
        0.11835842412795104, 
        0.2299025758077976, 
        0.28068817011772523
      ], 
      "visibility": 0.8996844277218109
    }, 
    {
      "bounding_box": {
        "bottom_right": [
          428, 
          308
        ], 
        "top_left": [
          308, 
          216
        ]
      }, 
      "class": "004_sugar_box", 
      "cuboid": [
        [
          -29.381375744434234, 
          21.777134621441807, 
          78.77525810269039
        ], 
        [
          -37.99134809732307, 
          19.384749053270202, 
          76.31861215225727
        ], 
        [
          -37.048338348686904, 
          5.23850104986657, 
          86.78978066709007
        ], 
        [
          -28.438365995798076, 
          7.6308866180381765, 
          89.24642661752318
        ], 
        [
          -31.033800596024076, 
          24.204232898038537, 
          82.20300799963229
        ], 
        [
          -39.643772948912904, 
          21.811847329866932, 
          79.74636204919918
        ], 
        [
          -38.70076320027675, 
          7.665599326463301, 
          90.21753056403197
        ], 
        [
          -30.09079084738791, 
          10.057984894634906, 
          92.67417651446509
        ]
      ], 
      "cuboid_centroid": [
        -34.04106947235549, 
        14.721366973952554, 
        84.49639433336118
      ], 
      "location": [
        -34.04106947235549, 
        14.721366973952554, 
        84.49639433336118
      ], 
      "pose_transform_permuted": [
        [
          0.36611530622120914, 
          -0.5377538518076883, 
          -0.7594606810477277, 
          0.0
        ], 
        [
          0.9290300906845973, 
          0.2581423133844627, 
          0.2650761136701046, 
          0.0
        ], 
        [
          -0.05350319017906443, 
          0.8026103636160121, 
          -0.5940987579994634, 
          0.0
        ], 
        [
          -34.04106947235549, 
          14.721366973952554, 
          84.49639433336118, 
          1.0
        ]
      ], 
      "projected_cuboid": [
        [
          281.02334773002775, 
          420.7208040022356
        ], 
        [
          213.8985428888407, 
          408.74846520231097
        ], 
        [
          252.03935929707413, 
          305.4769084937533
        ], 
        [
          310.2386120978792, 
          318.88725752396226
        ], 
        [
          278.5769886551905, 
          430.31961638432017
        ], 
        [
          214.2620575060959, 
          419.15758497641355
        ], 
        [
          250.9115495399385, 
          318.6016137985993
        ], 
        [
          306.9880766698376, 
          331.1680375889457
        ]
      ], 
      "projected_cuboid_centroid": [
        264.9480341324169, 
        366.20403298462736
      ], 
      "quaternion_xyzw": [
        0.9342244290517586, 
        0.08339685140749545, 
        0.16890786631751203, 
        0.30288562753491327
      ], 
      "visibility": 0.537993490873072
    }, 
    {
      "bounding_box": {
        "bottom_right": [
          330, 
          276
        ], 
        "top_left": [
          251, 
          154
        ]
      }, 
      "class": "024_bowl", 
      "cuboid": [
        [
          -45.56942657877065, 
          -0.7137549596731032, 
          69.0376772719966
        ], 
        [
          -43.60422600641665, 
          9.141740125901766, 
          81.63710363649405
        ], 
        [
          -43.25933290723601, 
          4.7914793759970795, 
          84.98616002247715
        ], 
        [
          -45.224533479590015, 
          -5.064015709577789, 
          72.3867336579797
        ], 
        [
          -29.575621315592944, 
          -1.1210084823672841, 
          66.86159803055779
        ], 
        [
          -27.61042074323894, 
          8.734486603207586, 
          79.46102439505523
        ], 
        [
          -27.265527644058295, 
          4.384225853302899, 
          82.81008078103834
        ], 
        [
          -29.2307282164123, 
          -5.471269232271971, 
          70.21065441654089
        ]
      ], 
      "cuboid_centroid": [
        -36.41747711141448, 
        1.835235446814898, 
        75.92387902651747
      ], 
      "location": [
        -36.41747711141448, 
        1.835235446814898, 
        75.92387902651747
      ], 
      "pose_transform_permuted": [
        [
          -0.9905554767947589, 
          0.025222715964751535, 
          0.13477263072029738, 
          0.0
        ], 
        [
          -0.12193793905634218, 
          -0.6115196464019897, 
          -0.7817767335263165, 
          0.0
        ], 
        [
          -0.06269757898515665, 
          0.7908271218564441, 
          -0.6088197409132307, 
          0.0
        ], 
        [
          -36.41747711141448, 
          1.835235446814898, 
          75.92387902651747, 
          1.0
        ]
      ], 
      "projected_cuboid": [
        [
          126.6373008137324, 
          267.77274446142064
        ], 
        [
          194.36512765213917, 
          333.0077776657078
        ], 
        [
          207.86646794377114, 
          303.35484301962094
        ], 
        [
          145.62215215427895, 
          235.97668007066278
        ], 
        [
          243.7220344473186, 
          264.3448465747447
        ], 
        [
          294.7395385598208, 
          331.9099044670868
        ], 
        [
          304.53626254621565, 
          301.5221523240197
        ], 
        [
          257.71033879812387, 
          231.7268195794236
        ]
      ], 
      "projected_cuboid_centroid": [
        223.65438938203704, 
        286.17796313075337
      ], 
      "quaternion_xyzw": [
        -0.6192972937289095, 
        0.22155032525342913, 
        0.715460986293642, 
        -0.2355883962589792
      ], 
      "visibility": 0.6720324748040314
    }, 
    {
      "bounding_box": {
        "bottom_right": [
          313, 
          401
        ], 
        "top_left": [
          231, 
          308
        ]
      }, 
      "class": "025_mug", 
      "cuboid": [
        [
          -10.981283306359234, 
          0.659800202804962, 
          63.06716234416818
        ], 
        [
          -22.543346557375955, 
          1.420729138658446, 
          64.68160839700793
        ], 
        [
          -22.462461499347512, 
          -5.694577833839373, 
          68.61449987311033
        ], 
        [
          -10.900398248330795, 
          -6.455506769692858, 
          67.00005382027058
        ], 
        [
          -9.564169095102566, 
          5.122843302318422, 
          71.11246400366717
        ], 
        [
          -21.126232346119284, 
          5.883772238171906, 
          72.72691005650692
        ], 
        [
          -21.045347288090845, 
          -1.2315347343259138, 
          76.65980153260932
        ], 
        [
          -9.483284037074123, 
          -1.9924636701793976, 
          75.04535547976955
        ]
      ], 
      "cuboid_centroid": [
        -16.013315297225038, 
        -0.28586726576047583, 
        69.86348193838874
      ], 
      "location": [
        -16.013315297225038, 
        -0.28586726576047583, 
        69.86348193838874
      ], 
      "pose_transform_permuted": [
        [
          -0.152233827161552, 
          -0.4794434537660779, 
          -0.864268421391819, 
          0.0
        ], 
        [
          0.9882949736415405, 
          -0.06504221835460677, 
          -0.13799863264860207, 
          0.0
        ], 
        [
          -0.009948595048704392, 
          0.8751592623165636, 
          -0.48373266484504107, 
          0.0
        ], 
        [
          -16.013315297225038, 
          -0.28586726576047583, 
          69.86348193838874, 
          1.0
        ]
      ], 
      "projected_cuboid": [
        [
          387.96135105180605, 
          278.8660560072486
        ], 
        [
          294.17129351552114, 
          285.0008829213096
        ], 
        [
          305.548222742882, 
          229.02432106962692
        ], 
        [
          394.1069609091365, 
          221.90078553403234
        ], 
        [
          409.2712669872735, 
          311.70614125242673
        ], 
        [
          325.3835357743986, 
          316.4333038085233
        ], 
        [
          333.96519049231887, 
          264.71879350466287
        ], 
        [
          413.6412456803437, 
          259.12683566181363
        ]
      ], 
      "projected_cuboid_centroid": [
        358.3368974949135, 
        271.1043019006155
      ], 
      "quaternion_xyzw": [
        0.9653655599499501, 
        -0.01426755459060471, 
        -0.07516128393507258, 
        0.24943300200730575
      ], 
      "visibility": 0.807124400147656
    }, 
    {
      "bounding_box": {
        "bottom_right": [
          334, 
          338
        ], 
        "top_left": [
          267, 
          290
        ]
      }, 
      "class": "061_foam_brick", 
      "cuboid": [
        [
          -25.816341240697447, 
          -1.0403723358796775, 
          77.96724640952996
        ], 
        [
          -26.225915812732143, 
          5.2760920402454685, 
          73.43093495476323
        ], 
        [
          -27.60900510128945, 
          8.091785064576374, 
          77.47644705611
        ], 
        [
          -27.199430529254766, 
          1.7753206884512274, 
          82.01275851087675
        ], 
        [
          -20.76335625516772, 
          0.005271304599432924, 
          78.96700065645155
        ], 
        [
          -21.17293082720241, 
          6.321735680724578, 
          74.43068920168481
        ], 
        [
          -22.556020115759722, 
          9.137428705055484, 
          78.47620130303159
        ], 
        [
          -22.146445543725033, 
          2.820964328930338, 
          83.01251275779833
        ]
      ], 
      "cuboid_centroid": [
        -24.186180678228585, 
        4.048528184587903, 
        78.22172385628078
      ], 
      "location": [
        -24.186180678228585, 
        4.048528184587903, 
        78.22172385628078
      ], 
      "pose_transform_permuted": [
        [
          -0.9613746090541946, 
          -0.1989428523841584, 
          -0.19021199371003958, 
          0.0
        ], 
        [
          0.0525945224584585, 
          -0.8111134093061566, 
          0.5825194017808417, 
          0.0
        ], 
        [
          0.2701715700684657, 
          -0.5500152531784896, 
          -0.7902471410879895, 
          0.0
        ], 
        [
          -24.186180678228585, 
          4.048528184587903, 
          78.22172385628078, 
          1.0
        ]
      ], 
      "projected_cuboid": [
        [
          303.5338434460607, 
          266.1700760558757
        ], 
        [
          289.5342298179252, 
          311.6061264411187
        ], 
        [
          289.96296511717634, 
          328.98743292083526
        ], 
        [
          303.2482937455201, 
          284.83124525322336
        ], 
        [
          340.19894342415967, 
          273.3221388013774
        ], 
        [
          328.6219929224155, 
          318.58378666102794
        ], 
        [
          327.0302602841608, 
          335.38395843911985
        ], 
        [
          338.1300044342886, 
          291.4100168410059
        ]
      ], 
      "projected_cuboid_centroid": [
        315.3202721181937, 
        300.8896034396722
      ], 
      "quaternion_xyzw": [
        0.41617041671351646, 
        -0.6495445951645794, 
        -0.2275841770933407, 
        0.5942217140779418
      ], 
      "visibility": 0.5815778603882693
    }
  ]
}