{
  "camera_data": {
    "location_worldframe": [
      -9.956807263581675, 
      7.606350696376382, 
      86.28632944556821
    ], 
    "quaternion_xyzw_worldframe": [
      0.9363988086953435, 
      -0.04401879010768793, 
      0.189078356562527, 
      -0.2923586203773829
    ]
  }, 
  "objects": [
    {
      "bounding_box": {
        "bottom_right": [
          501, 
          486
        ], 
        "top_left": [
          350, 
          337
        ]
      }, 
      "class": "003_cracker_box", 
      "cuboid": [
        [
          1.5569973641818087, 
          27.134224924228068, 
          72.8323427951173
        ], 
        [
          -11.370382055633515, 
          23.20254661852267, 
          63.53165020135112
        ], 
        [
          -18.673778875804, 
          10.501100196723245, 
          79.05219145569137
        ], 
        [
          -5.746399455988676, 
          14.432778502428645, 
          88.35288404945756
        ], 
        [
          -2.117027542082764, 
          32.64188956347471, 
          75.61075398583088
        ], 
        [
          -15.044406961898089, 
          28.710211257769313, 
          66.3100613920647
        ], 
        [
          -22.347803782068574, 
          16.008764835969888, 
          81.83060264640496
        ], 
        [
          -9.420424362253248, 
          19.94044314167529, 
          91.13129524017114
        ]
      ], 
      "cuboid_centroid": [
        -10.395403208943382, 
        21.571494880098978, 
        77.33147272076113
      ], 
      "location": [
        -10.395403208943382, 
        21.571494880098978, 
        77.33147272076113
      ], 
      "pose_transform_permuted": [
        [
          0.5117026454184057, 
          -0.7670842299338967, 
          -0.386965356147713, 
          0.0
        ], 
        [
          0.7880818158131395, 
          0.23968385840087797, 
          0.5669909166880305, 
          0.0
        ], 
        [
          0.3421804410781982, 
          0.5950911125271399, 
          -0.727171997215749, 
          0.0
        ], 
        [
          -10.395403208943382, 
          21.571494880098978, 
          77.33147272076113, 
          1.0
        ]
      ], 
      "projected_cuboid": [
        [
          493.0932962834925, 
          471.97867077427964
        ], 
        [
          385.35240492513196, 
          468.0614643666531
        ], 
        [
          354.56597519851357, 
          344.131409915111
        ], 
        [
          446.62133636655017, 
          360.4063133880647
        ], 
        [
          466.5401998564306, 
          503.5257304007196
        ], 
        [
          359.589329044983, 
          504.19746732316855
        ], 
        [
          334.73459512914246, 
          377.6214385356527
        ], 
        [
          426.00732640356097, 
          389.982221901424
        ]
      ], 
      "projected_cuboid_centroid": [
        409.30730660917834, 
        422.05521201632496
      ], 
      "quaternion_xyzw": [
        0.8321866203694928, 
        -0.030791345405136276, 
        0.3240539849185192, 
        0.44889457201504657
      ], 
      "visibility": 0.9266662758661117
    }, 
    {
      "bounding_box": {
        "bottom_right": [
          505, 
          377
        ], 
        "top_left": [
          386, 
          287
        ]
      }, 
      "class": "004_sugar_box", 
      "cuboid": [
        [
          -13.284661966686462, 
          27.40464492222454, 
          70.82553072240488
        ], 
        [
          -21.10354524464286, 
          26.349926741478573, 
          65.96313668294418
        ], 
        [
          -27.752511663456403, 
          16.309330983523456, 
          78.83281625986734
        ], 
        [
          -19.933628385500008, 
          17.36404916426942, 
          83.69521029932805
        ], 
        [
          -15.008700237305373, 
          31.07835633104987, 
          72.80095974327699
        ], 
        [
          -22.827583515261768, 
          30.02363815030391, 
          67.9385657038163
        ], 
        [
          -29.476549934075315, 
          19.98304239234879, 
          80.80824528073946
        ], 
        [
          -21.657666656118916, 
          21.03776057309475, 
          85.67063932020017
        ]
      ], 
      "cuboid_centroid": [
        -21.380605950380886, 
        23.693843657286664, 
        75.81688800157217
      ], 
      "location": [
        -21.380605950380886, 
        23.693843657286664, 
        75.81688800157217
      ], 
      "pose_transform_permuted": [
        [
          0.3819821511262294, 
          -0.813956517366814, 
          -0.437680902825334, 
          0.0
        ], 
        [
          0.8436702863900477, 
          0.1138058157383456, 
          0.5246602648972228, 
          0.0
        ], 
        [
          0.37723991222199743, 
          0.5696695130945536, 
          -0.7301821799229449, 
          0.0
        ], 
        [
          -21.380605950380886, 
          23.693843657286664, 
          75.81688800157217, 
          1.0
        ]
      ], 
      "projected_cuboid": [
        [
          380.72930120015394, 
          479.64480537173665
        ], 
        [
          309.5505617370596, 
          486.32874083940175
        ], 
        [
          292.28121201304, 
          383.6223855967265
        ], 
        [
          353.51819754015594, 
          383.93310221530027
        ], 
        [
          370.7312375220853, 
          500.9579327345858
        ], 
        [
          300.90657466359806, 
          508.9729116592052
        ], 
        [
          285.43604779501766, 
          405.1709490604486
        ], 
        [
          345.6495154242408, 
          404.25147286142663
        ]
      ], 
      "projected_cuboid_centroid": [
        329.9458887063423, 
        439.9564074010872
      ], 
      "quaternion_xyzw": [
        0.8442482902425589, 
        -0.0780084779348399, 
        0.26847623693823747, 
        0.45725253907417346
      ], 
      "visibility": 0.673567069522556
    }, 
    {
      "bounding_box": {
        "bottom_right": [
          404, 
          354
        ], 
        "top_left": [
          305, 
          220
        ]
      }, 
      "class": "024_bowl", 
      "cuboid": [
        [
          -32.168420012328774, 
          7.204404513618096, 
          60.922581086794935
        ], 
        [
          -30.948129496853394, 
          19.78067739855994, 
          70.9269097882662
        ], 
        [
          -32.980696837449635, 
          16.720724626185707, 
          75.02144975696827
        ], 
        [
          -34.20098735292502, 
          4.1444517412438655, 
          65.017121055497
        ], 
        [
          -17.214656931399514, 
          2.59097838054652, 
          64.89803730304834
        ], 
        [
          -15.994366415924127, 
          15.167251265488362, 
          74.90236600451959
        ], 
        [
          -18.026933756520375, 
          12.107298493114133, 
          78.99690597322166
        ], 
        [
          -19.24722427199576, 
          -0.4689743918277117, 
          68.9925772717504
        ]
      ], 
      "cuboid_centroid": [
        -25.097676884424576, 
        9.655851503366113, 
        69.9597435300083
      ], 
      "location": [
        -25.097676884424576, 
        9.655851503366113, 
        69.9597435300083
      ], 
      "pose_transform_permuted": [
        [
          -0.9261418202088786, 
          0.28572653272346765, 
          -0.24621469768884602, 
          0.0
        ], 
        [
          -0.07571731486360755, 
          -0.7803400925957618, 
          -0.6207545635091886, 
          0.0
        ], 
        [
          0.3694972490967016, 
          0.5562640455624136, 
          -0.7443400395817134, 
          0.0
        ], 
        [
          -25.097676884424576, 
          9.655851503366113, 
          69.9597435300083, 
          1.0
        ]
      ], 
      "projected_cuboid": [
        [
          197.6462173049433, 
          336.354286321335
        ], 
        [
          246.9500146578571, 
          422.02307051239467
        ], 
        [
          245.18692107504404, 
          392.15240790057226
        ], 
        [
          198.71680503784265, 
          307.28246458092946
        ], 
        [
          338.9514135236706, 
          294.5786997684854
        ], 
        [
          366.7649856175792, 
          381.2803511845347
        ], 
        [
          358.88041069138603, 
          355.02466817940876
        ], 
        [
          331.5741961243603, 
          269.6613186164253
        ]
      ], 
      "projected_cuboid_centroid": [
        288.6771571850594, 
        346.89536555995284
      ], 
      "quaternion_xyzw": [
        0.6570314734446996, 
        -0.4375122761106366, 
        -0.5885929541578744, 
        0.17450210735484872
      ], 
      "visibility": 0.7872111241676459
    }, 
    {
      "bounding_box": {
        "bottom_right": [
          329, 
          482
        ], 
        "top_left": [
          245, 
          395
        ]
      }, 
      "class": "025_mug", 
      "cuboid": [
        [
          1.2485527650125505, 
          -1.0807168409774959, 
          67.88991635674216
        ], 
        [
          -9.426649746666657, 
          2.698384489112978, 
          64.95304727641076
        ], 
        [
          -12.738787253050488, 
          -2.6776248664635753, 
          70.0745743549144
        ], 
        [
          -2.063584741371279, 
          -6.456726196554049, 
          73.01144343524581
        ], 
        [
          1.5975613105640747, 
          5.22201248033031, 
          74.73152737503722
        ], 
        [
          -9.077641201115133, 
          9.001113810420783, 
          71.79465829470581
        ], 
        [
          -12.389778707498964, 
          3.62510445484423, 
          76.91618537320947
        ], 
        [
          -1.7145761958197552, 
          -0.15399687524624406, 
          79.85305445354088
        ]
      ], 
      "cuboid_centroid": [
        -5.570612971243206, 
        1.272193806933367, 
        72.40305086497581
      ], 
      "location": [
        -5.570612971243206, 
        1.272193806933367, 
        72.40305086497581
      ], 
      "pose_transform_permuted": [
        [
          -0.03749232502176368, 
          -0.6770721784627096, 
          -0.7349616713970393, 
          0.0
        ], 
        [
          0.9124884335821607, 
          -0.32302771298903304, 
          0.2510358996764308, 
          0.0
        ], 
        [
          0.40738197634786355, 
          0.6612313987321455, 
          -0.6299309189725808, 
          0.0
        ], 
        [
          -5.570612971243206, 
          1.272193806933367, 
          72.40305086497581, 
          1.0
        ]
      ], 
      "projected_cuboid": [
        [
          491.4870025117161, 
          264.796802154873
        ], 
        [
          403.55126132720005, 
          295.4425622376192
        ], 
        [
          383.8374825721696, 
          252.9078230078937
        ], 
        [
          466.3977856897651, 
          226.12271869808592
        ], 
        [
          493.09303365553205, 
          310.55329295283923
        ], 
        [
          413.60275141462324, 
          340.15042980113685
        ], 
        [
          394.9732051507903, 
          298.4221994475951
        ], 
        [
          470.0503926518243, 
          272.25802943059745
        ]
      ], 
      "projected_cuboid_centroid": [
        440.2220831457535, 
        282.6574949055008
      ], 
      "quaternion_xyzw": [
        0.9094890741113038, 
        -0.20077472894619644, 
        0.05869877405160932, 
        0.35926849883062445
      ], 
      "visibility": 0.870269215762778
    }, 
    {
      "bounding_box": {
        "bottom_right": [
          372, 
          409
        ], 
        "top_left": [
          310, 
          357
        ]
      }, 
      "class": "061_foam_brick", 
      "cuboid": [
        [
          -17.01991170684796, 
          5.269720107949231, 
          76.3112295988355
        ], 
        [
          -14.081137480906555, 
          9.793539510337103, 
          70.69498002967593
        ], 
        [
          -15.618892786024126, 
          13.957877418461226, 
          73.24465251022596
        ], 
        [
          -18.557667011965535, 
          9.434058016073353, 
          78.86090207938553
        ], 
        [
          -12.415712050572415, 
          5.420481691449355, 
          78.8418723850054
        ], 
        [
          -9.476937824631012, 
          9.944301093837229, 
          73.22562281584584
        ], 
        [
          -11.014693129748583, 
          14.108639001961349, 
          75.77529529639587
        ], 
        [
          -13.95346735568999, 
          9.584819599573478, 
          81.39154486555542
        ]
      ], 
      "cuboid_centroid": [
        -14.017302418298272, 
        9.68917955495529, 
        76.04326244761567
      ], 
      "location": [
        -14.017302418298272, 
        9.68917955495529, 
        76.04326244761567
      ], 
      "pose_transform_permuted": [
        [
          -0.8759892731197816, 
          -0.028683710482592856, 
          -0.48147693416406456, 
          0.0
        ], 
        [
          -0.377375544235503, 
          -0.5809152652590639, 
          0.7211970280041018, 
          0.0
        ], 
        [
          0.30038390767821443, 
          -0.8134584804044653, 
          -0.4980510101044102, 
          0.0
        ], 
        [
          -14.017302418298272, 
          9.68917955495529, 
          76.04326244761567, 
          1.0
        ]
      ], 
      "projected_cuboid": [
        [
          361.6580227722349, 
          310.1152582913354
        ], 
        [
          374.4843849495716, 
          347.16853649435103
        ], 
        [
          366.9227788903009, 
          374.91865871172877
        ], 
        [
          355.0496253050493, 
          337.0870748264209
        ], 
        [
          396.9120788272544, 
          309.95295582288156
        ], 
        [
          411.99907915074317, 
          345.71324205510786
        ], 
        [
          403.42771840432886, 
          372.5855699707712
        ], 
        [
          389.40478205432856, 
          336.09124333576784
        ]
      ], 
      "projected_cuboid_centroid": [
        382.46927494032064, 
        341.24034526421525
      ], 
      "quaternion_xyzw": [
        -0.2695565383755772, 
        0.8173602264002136, 
        0.1435619462696964, 
        -0.4885197032886436
      ], 
      "visibility": 0.9637096774193549
    }
  ]
}