{
  "camera_data": {
    "location_worldframe": [
      -16.420382786725423, 
      -0.5251297658777271, 
      89.35380745023306
    ], 
    "quaternion_xyzw_worldframe": [
      0.886846485991946, 
      0.021910095483912352, 
      -0.0038401797131373695, 
      -0.46152981570428525
    ]
  }, 
  "objects": [
    {
      "bounding_box": {
        "bottom_right": [
          440, 
          399
        ], 
        "top_left": [
          286, 
          265
        ]
      }, 
      "class": "003_cracker_box", 
      "cuboid": [
        [
          -14.927103105900825, 
          24.68366479120508, 
          81.79063823278791
        ], 
        [
          -28.875441549504433, 
          19.461330392138354, 
          74.9168333349042
        ], 
        [
          -27.45256984349621, 
          1.2122872255367705, 
          85.89414661084511
        ], 
        [
          -13.5042313998926, 
          6.434621624603497, 
          92.76795150872883
        ], 
        [
          -18.67523314289148, 
          27.623120944994316, 
          87.16311589962858
        ], 
        [
          -32.62357158649509, 
          22.40078654592759, 
          80.28931100174486
        ], 
        [
          -31.200699880486866, 
          4.151743379326012, 
          91.26662427768576
        ], 
        [
          -17.252361436883255, 
          9.374077778392737, 
          98.1404291755695
        ]
      ], 
      "cuboid_centroid": [
        -23.063901493193846, 
        14.417704085265544, 
        86.52863125523685
      ], 
      "location": [
        -23.063901493193846, 
        14.417704085265544, 
        86.52863125523685
      ], 
      "pose_transform_permuted": [
        [
          0.5220236945128078, 
          -0.40939501727946415, 
          -0.7482559603464217, 
          0.0
        ], 
        [
          0.8503217497710288, 
          0.3183651258577139, 
          0.4190424423658512, 
          0.0
        ], 
        [
          -0.06666471505627669, 
          0.8550084013998629, 
          -0.5143116266448934, 
          0.0
        ], 
        [
          -23.063901493193846, 
          14.417704085265544, 
          86.52863125523685, 
          1.0
        ]
      ], 
      "projected_cuboid": [
        [
          383.4530869312544, 
          434.2374988984332
        ], 
        [
          274.3249144598635, 
          411.8282802130237
        ], 
        [
          309.7226767108779, 
          280.81366926240827
        ], 
        [
          403.31475698076207, 
          310.278943945845
        ], 
        [
          366.3778240706991, 
          442.3024249907393
        ], 
        [
          263.08998872627586, 
          422.0831585318379
        ], 
        [
          297.7553431746656, 
          297.5473898100163
        ], 
        [
          387.0621329816874, 
          324.227615938641
        ]
      ], 
      "projected_cuboid_centroid": [
        338.2579667299012, 
        362.15011783348996
      ], 
      "quaternion_xyzw": [
        0.9291913300711154, 
        0.10359272317051282, 
        0.25319493047966635, 
        0.2485243388607764
      ], 
      "visibility": 0.8965424095083738
    }, 
    {
      "bounding_box": {
        "bottom_right": [
          410, 
          313
        ], 
        "top_left": [
          296, 
          231
        ]
      }, 
      "class": "004_sugar_box", 
      "cuboid": [
        [
          -29.222078374416878, 
          20.53760444955122, 
          83.47511561536308
        ], 
        [
          -37.72045627499287, 
          18.353040390433545, 
          80.49258399261403
        ], 
        [
          -37.198968264445504, 
          3.4647610248802736, 
          89.91161567394656
        ], 
        [
          -28.70059036386951, 
          5.649325083997951, 
          92.89414729669559
        ], 
        [
          -31.017571911668966, 
          22.706389677255252, 
          87.00262987956876
        ], 
        [
          -39.51594981224496, 
          20.521825618137573, 
          84.02009825681972
        ], 
        [
          -38.9944618016976, 
          5.633546252584305, 
          93.43912993815223
        ], 
        [
          -30.4960839011216, 
          7.818110311701982, 
          96.42166156090128
        ]
      ], 
      "cuboid_centroid": [
        -34.10827008805724, 
        13.085575351067764, 
        88.45712277675766
      ], 
      "location": [
        -34.10827008805724, 
        13.085575351067764, 
        88.45712277675766
      ], 
      "pose_transform_permuted": [
        [
          0.3978139553982095, 
          -0.48052137863028804, 
          -0.7815647191439824, 
          0.0
        ], 
        [
          0.9169888668684363, 
          0.23571803285378234, 
          0.321820037322482, 
          0.0
        ], 
        [
          -0.029587469530161538, 
          0.8447107185119614, 
          -0.5344040653639125, 
          0.0
        ], 
        [
          -34.10827008805724, 
          13.085575351067764, 
          88.45712277675766, 
          1.0
        ]
      ], 
      "projected_cuboid": [
        [
          293.3423759509012, 
          404.5005718120475
        ], 
        [
          229.58995099480512, 
          394.88824792091685
        ], 
        [
          259.1089458139716, 
          293.8381084512363
        ], 
        [
          315.44941354800415, 
          305.7201819372074
        ], 
        [
          289.87718525938243, 
          412.4750003849052
        ], 
        [
          228.6783463147929, 
          403.5493169075204
        ], 
        [
          257.17483330462727, 
          305.44095274527467
        ], 
        [
          311.51395353293515, 
          316.5294282731503
        ]
      ], 
      "projected_cuboid_centroid": [
        274.2401057730789, 
        352.1811862891662
      ], 
      "quaternion_xyzw": [
        0.9411780257374769, 
        0.0704716576271686, 
        0.191152463466412, 
        0.26958912560642745
      ], 
      "visibility": 0.5464678178963893
    }, 
    {
      "bounding_box": {
        "bottom_right": [
          319, 
          287
        ], 
        "top_left": [
          247, 
          169
        ]
      }, 
      "class": "024_bowl", 
      "cuboid": [
        [
          -44.97075462589034, 
          -1.1316563586028117, 
          71.42790443908915
        ], 
        [
          -43.53925843500882, 
          7.754625041580113, 
          84.79664270857512
        ], 
        [
          -43.3293881431068, 
          3.1664602421915946, 
          87.82395120833972
        ], 
        [
          -44.76088433398833, 
          -5.719821157991329, 
          74.45521293885375
        ], 
        [
          -28.900075777126556, 
          -1.4099224979799374, 
          69.8920553616109
        ], 
        [
          -27.468579586245024, 
          7.476358902202987, 
          83.26079363109687
        ], 
        [
          -27.258709294343003, 
          2.888194102814469, 
          86.28810213086147
        ], 
        [
          -28.690205485224535, 
          -5.998087297368455, 
          72.9193638613755
        ]
      ], 
      "cuboid_centroid": [
        -36.11473196011667, 
        0.8782688721058286, 
        78.85800328497531
      ], 
      "location": [
        -36.11473196011667, 
        0.8782688721058286, 
        78.85800328497531
      ], 
      "pose_transform_permuted": [
        [
          -0.9953165420928624, 
          0.01723405054837969, 
          0.09512081022574514, 
          0.0
        ], 
        [
          -0.08882233077818114, 
          -0.5513812966760226, 
          -0.8295114581673957, 
          0.0
        ], 
        [
          -0.03815199328262819, 
          0.8340753282393405, 
          -0.5503296941207134, 
          0.0
        ], 
        [
          -36.11473196011667, 
          0.8782688721058286, 
          78.85800328497531, 
          1.0
        ]
      ], 
      "projected_cuboid": [
        [
          143.02275584497514, 
          264.8369761161884
        ], 
        [
          205.47945640281037, 
          322.0584381737268
        ], 
        [
          216.28236237812396, 
          292.51517929464075
        ], 
        [
          158.3048233166598, 
          232.31569772208846
        ], 
        [
          259.2338722386987, 
          262.5279578390162
        ], 
        [
          304.1832699044083, 
          321.17568771771136
        ], 
        [
          311.7155597295568, 
          291.1375561055141
        ], 
        [
          270.013213221687, 
          229.41756754803987
        ]
      ], 
      "projected_cuboid_centroid": [
        235.31638035973333, 
        279.22630273924926
      ], 
      "quaternion_xyzw": [
        -0.6422873553238093, 
        0.19976623357883527, 
        0.7102848846137843, 
        -0.20749888626702517
      ], 
      "visibility": 0.7067043491913958
    }, 
    {
      "bounding_box": {
        "bottom_right": [
          306, 
          409
        ], 
        "top_left": [
          229, 
          322
        ]
      }, 
      "class": "025_mug", 
      "cuboid": [
        [
          -10.166079516136678, 
          0.608778012647199, 
          67.01439201800065
        ], 
        [
          -21.785876765169146, 
          1.2720751550609306, 
          68.20060629700068
        ], 
        [
          -21.861338848872304, 
          -6.116365094831494, 
          71.59280723680067
        ], 
        [
          -10.241541599839831, 
          -6.779662237245225, 
          70.40659295780064
        ], 
        [
          -9.088136752608174, 
          4.457629144573125, 
          75.42142654576526
        ], 
        [
          -20.707934001640645, 
          5.120926286986857, 
          76.60764082476528
        ], 
        [
          -20.783396085343796, 
          -2.2675139629055674, 
          79.99984176456529
        ], 
        [
          -9.16359883631133, 
          -2.9308111053192993, 
          78.81362748556525
        ]
      ], 
      "cuboid_centroid": [
        -15.474737800740238, 
        -0.8293679751291843, 
        73.50711689128296
      ], 
      "location": [
        -15.474737800740238, 
        -0.8293679751291843, 
        73.50711689128296
      ], 
      "pose_transform_permuted": [
        [
          -0.11579825468514893, 
          -0.4134637373148404, 
          -0.9031276597713211, 
          0.0
        ], 
        [
          0.9932299250259465, 
          -0.056696907606057535, 
          -0.10139449890091724, 
          0.0
        ], 
        [
          0.009281587113779882, 
          0.908753753528635, 
          -0.4172295142823265, 
          0.0
        ], 
        [
          -15.474737800740238, 
          -0.8293679751291843, 
          73.50711689128296, 
          1.0
        ]
      ], 
      "projected_cuboid": [
        [
          400.0182977182902, 
          278.13136647531394
        ], 
        [
          309.81471616976796, 
          283.2339948780069
        ], 
        [
          317.3872571369668, 
          227.72361890062956
        ], 
        [
          403.3723982610727, 
          221.931593983848
        ], 
        [
          416.79753986885066, 
          304.8073010615758
        ], 
        [
          336.233216754951, 
          308.93690188016404
        ], 
        [
          341.8897604838252, 
          258.17013806291453
        ], 
        [
          419.07166728032894, 
          253.45419417352556
        ]
      ], 
      "projected_cuboid_centroid": [
        368.38684502752153, 
        267.2691861725542
      ], 
      "quaternion_xyzw": [
        0.9753347295064786, 
        -0.016911756734332293, 
        -0.055671336981911373, 
        0.21292516980747203
      ], 
      "visibility": 0.8358302122347067
    }, 
    {
      "bounding_box": {
        "bottom_right": [
          323, 
          345
        ], 
        "top_left": [
          260, 
          301
        ]
      }, 
      "class": "061_foam_brick", 
      "cuboid": [
        [
          -25.60469910886453, 
          -2.1640145968297144, 
          81.11907162927356
        ], 
        [
          -25.831844370386065, 
          4.47339963427079, 
          77.05253348061245
        ], 
        [
          -27.384230702303597, 
          6.983143536373254, 
          81.23565594736694
        ], 
        [
          -27.157085440782065, 
          0.34572930527275103, 
          85.30219409602805
        ], 
        [
          -20.59853207205256, 
          -1.2064474417281041, 
          82.4023849908922
        ], 
        [
          -20.825677333574095, 
          5.4309667893724, 
          78.33584684223108
        ], 
        [
          -22.378063665491627, 
          7.940710691474864, 
          82.51896930898556
        ], 
        [
          -22.150918403970092, 
          1.3032964603743604, 
          86.58550745764668
        ]
      ], 
      "cuboid_centroid": [
        -23.99138138717808, 
        2.8883480473225753, 
        81.81902046912957
      ], 
      "location": [
        -23.99138138717808, 
        2.8883480473225753, 
        81.81902046912957
      ], 
      "pose_transform_permuted": [
        [
          -0.9524670846356286, 
          -0.18218553033805185, 
          -0.24416159653219294, 
          0.0
        ], 
        [
          0.02916830627223338, 
          -0.8523274042855881, 
          0.5221946053082136, 
          0.0
        ], 
        [
          0.30324192090625557, 
          -0.49025139310279836, 
          -0.8171278412622165, 
          0.0
        ], 
        [
          -23.99138138717808, 
          2.8883480473225753, 
          81.81902046912957, 
          1.0
        ]
      ], 
      "projected_cuboid": [
        [
          311.85540920069354, 
          259.0591640781446
        ], 
        [
          301.3118041145011, 
          304.2492009924775
        ], 
        [
          300.31886366561554, 
          319.13152017073185
        ], 
        [
          310.3927579603506, 
          275.44807920475415
        ], 
        [
          347.1695356092664, 
          265.47824400048506
        ], 
        [
          338.63187030477206, 
          310.2611934052526
        ], 
        [
          335.7625109561769, 
          324.6073015770475
        ], 
        [
          344.02246534805295, 
          281.31413457818996
        ]
      ], 
      "projected_cuboid_centroid": [
        323.91122082442143, 
        292.1136098263306
      ], 
      "quaternion_xyzw": [
        0.4424586166246592, 
        -0.6529250882304108, 
        -0.24311453272725977, 
        0.5646366315699946
      ], 
      "visibility": 0.6657237152286657
    }
  ]
}