{
  "camera_data": {
    "location_worldframe": [
      -16.321959748146142, 
      0.933766706080623, 
      86.21672612914712
    ], 
    "quaternion_xyzw_worldframe": [
      0.900689587823057, 
      0.011978281464060775, 
      -0.020946106284930762, 
      -0.4337933317817525
    ]
  }, 
  "objects": [
    {
      "bounding_box": {
        "bottom_right": [
          458, 
          397
        ], 
        "top_left": [
          295, 
          252
        ]
      }, 
      "class": "003_cracker_box", 
      "cuboid": [
        [
          -15.093223445102517, 
          25.613355930365415, 
          77.03400000955642
        ], 
        [
          -29.299464549535042, 
          20.017905314226468, 
          71.03802120937391
        ], 
        [
          -27.476568826051707, 
          2.488471587000582, 
          83.07752084725325
        ], 
        [
          -13.270327721619179, 
          8.083922203139528, 
          89.07349964743578
        ], 
        [
          -18.6302269048115, 
          28.896750763768786, 
          82.35013793373874
        ], 
        [
          -32.83646800924402, 
          23.301300147629846, 
          76.35415913355621
        ], 
        [
          -31.013572285760688, 
          5.771866420403954, 
          88.39365877143557
        ], 
        [
          -16.807331181328163, 
          11.3673170365429, 
          94.3896375716181
        ]
      ], 
      "cuboid_centroid": [
        -23.053397865431602, 
        15.692611175384686, 
        82.713829390496
      ], 
      "location": [
        -23.053397865431602, 
        15.692611175384686, 
        82.713829390496
      ], 
      "pose_transform_permuted": [
        [
          0.492618878032398, 
          -0.4572973414907609, 
          -0.7404091993428928, 
          0.0
        ], 
        [
          0.8660440698676717, 
          0.3411111207195098, 
          0.36552821008578673, 
          0.0
        ], 
        [
          -0.08540673306678259, 
          0.8212930931080341, 
          -0.5640774283375438, 
          0.0
        ], 
        [
          -23.053397865431602, 
          15.692611175384686, 
          82.713829390496, 
          1.0
        ]
      ], 
      "projected_cuboid": [
        [
          376.2333014079949, 
          450.6121903778065
        ], 
        [
          259.79756640975154, 
          423.5714239677296
        ], 
        [
          303.74017234690666, 
          289.2613843174555
        ], 
        [
          401.4800333808058, 
          321.6882964935749
        ], 
        [
          359.93770186192586, 
          460.42894549912427
        ], 
        [
          250.32910454753673, 
          436.04178043447206
        ], 
        [
          292.91856578618155, 
          308.110861764762
        ], 
        [
          385.8410287441575, 
          337.51406273597695
        ]
      ], 
      "projected_cuboid_centroid": [
        331.71538726078023, 
        374.46885431951364
      ], 
      "quaternion_xyzw": [
        0.9257086963940924, 
        0.11518684426529235, 
        0.23175408512983625, 
        0.27583590113360174
      ], 
      "visibility": 0.8976844705155912
    }, 
    {
      "bounding_box": {
        "bottom_right": [
          425, 
          309
        ], 
        "top_left": [
          306, 
          219
        ]
      }, 
      "class": "004_sugar_box", 
      "cuboid": [
        [
          -29.317570535345155, 
          21.629965934441515, 
          79.51880403036793
        ], 
        [
          -37.92597913638191, 
          19.291706000130798, 
          77.00522415551238
        ], 
        [
          -37.05995765691501, 
          5.021752801669342, 
          87.31392982289232
        ], 
        [
          -28.451549055878257, 
          7.360012735980057, 
          89.82750969774787
        ], 
        [
          -30.974684493169345, 
          24.021832193484894, 
          82.9689826373432
        ], 
        [
          -39.5830930942061, 
          21.68357225917418, 
          80.45540276248767
        ], 
        [
          -38.717071614739204, 
          7.413619060712724, 
          90.76410842986759
        ], 
        [
          -30.108663013702447, 
          9.75187899502344, 
          93.27768830472314
        ]
      ], 
      "cuboid_centroid": [
        -34.017321075042176, 
        14.521792497577119, 
        85.14145623011777
      ], 
      "location": [
        -34.017321075042176, 
        14.521792497577119, 
        85.14145623011777
      ], 
      "pose_transform_permuted": [
        [
          0.3671542361085464, 
          -0.5299477595167591, 
          -0.7644300410970583, 
          0.0
        ], 
        [
          0.9288613593036592, 
          0.2523020690174441, 
          0.27121937717912803, 
          0.0
        ], 
        [
          -0.04913513564635424, 
          0.8096289788391201, 
          -0.5848811643988945, 
          0.0
        ], 
        [
          -34.017321075042176, 
          14.521792497577119, 
          85.14145623011777, 
          1.0
        ]
      ], 
      "projected_cuboid": [
        [
          283.330323062061, 
          418.3551737189268
        ], 
        [
          216.7419616157766, 
          406.8962341479197
        ], 
        [
          253.34584079619302, 
          303.9597549172356
        ], 
        [
          311.2681867234931, 
          316.9840526703638
        ], 
        [
          280.8344436656251, 
          427.6974169051255
        ], 
        [
          217.02362282247782, 
          417.0217418565941
        ], 
        [
          252.20410363989254, 
          316.8481208102254
        ], 
        [
          308.01476997022127, 
          329.0433661713766
        ]
      ], 
      "projected_cuboid_centroid": [
        266.7394419582081, 
        364.2499377707623
      ], 
      "quaternion_xyzw": [
        0.9358045174126696, 
        0.08052889226727014, 
        0.17054139016465272, 
        0.2978263363693611
      ], 
      "visibility": 0.5370210314030539
    }, 
    {
      "bounding_box": {
        "bottom_right": [
          329, 
          278
        ], 
        "top_left": [
          251, 
          156
        ]
      }, 
      "class": "024_bowl", 
      "cuboid": [
        [
          -45.537388004684175, 
          -0.6982180307238427, 
          69.46484427313268
        ], 
        [
          -43.586790327012714, 
          9.004046994792072, 
          82.18489000655195
        ], 
        [
          -43.26601472501711, 
          4.614081384803372, 
          85.48416318026746
        ], 
        [
          -45.21661240268857, 
          -5.088183640712542, 
          72.7641174468482
        ], 
        [
          -29.53746562877987, 
          -1.1271740058123343, 
          67.33847087466968
        ], 
        [
          -27.586867951108406, 
          8.57509101970358, 
          80.05851660808895
        ], 
        [
          -27.266092349112803, 
          4.185125409714881, 
          83.35778978180446
        ], 
        [
          -29.216690026784264, 
          -5.517139615801033, 
          70.6377440483852
        ]
      ], 
      "cuboid_centroid": [
        -36.40174017689849, 
        1.743453689495519, 
        76.41131702746857
      ], 
      "location": [
        -36.40174017689849, 
        1.743453689495519, 
        76.41131702746857
      ], 
      "pose_transform_permuted": [
        [
          -0.9909343321961965, 
          0.026566829058872754, 
          0.1316941641403804, 
          0.0
        ], 
        [
          -0.1210318499238151, 
          -0.6020119361011081, 
          -0.7892609961830206, 
          0.0
        ], 
        [
          -0.05831329675893759, 
          0.7980450064912077, 
          -0.5997697283420959, 
          0.0
        ], 
        [
          -36.40174017689849, 
          1.743453689495519, 
          76.41131702746857, 
          1.0
        ]
      ], 
      "projected_cuboid": [
        [
          129.06811734893023, 
          267.92593647135254
        ], 
        [
          196.3937003444291, 
          331.7161908012307
        ], 
        [
          209.419100123234, 
          302.0729221409413
        ], 
        [
          147.4231931324988, 
          235.99304671707318
        ], 
        [
          245.7113118696799, 
          264.35933837127436
        ], 
        [
          296.29229982551783, 
          330.41055378940325
        ], 
        [
          305.6960116186414, 
          300.0627918249041
        ], 
        [
          259.17087432160855, 
          231.63177338164084
        ]
      ], 
      "projected_cuboid_centroid": [
        225.41059286760628, 
        285.4551280690226
      ], 
      "quaternion_xyzw": [
        -0.6215543002077555, 
        0.21868509282312001, 
        0.7160256665363685, 
        -0.23055222170115683
      ], 
      "visibility": 0.6699957197888429
    }, 
    {
      "bounding_box": {
        "bottom_right": [
          312, 
          402
        ], 
        "top_left": [
          230, 
          310
        ]
      }, 
      "class": "025_mug", 
      "cuboid": [
        [
          -10.92513243700257, 
          0.6431062286073708, 
          63.628234436727396
        ], 
        [
          -22.490403218353094, 
          1.419183386084695, 
          65.21220777082812
        ], 
        [
          -22.44364855200967, 
          -5.7416809565211375, 
          69.06209178677699
        ], 
        [
          -10.878377770659151, 
          -6.517758113998462, 
          67.47811845267627
        ], 
        [
          -9.52264989979316, 
          5.00789867189846, 
          71.72980680559562
        ], 
        [
          -21.087920681143682, 
          5.783975829375784, 
          73.31378013969633
        ], 
        [
          -21.04116601480026, 
          -1.3768885132300492, 
          77.16366415564521
        ], 
        [
          -9.475895233449739, 
          -2.152965670707373, 
          75.57969082154449
        ]
      ], 
      "cuboid_centroid": [
        -15.983149225901416, 
        -0.3668911423113392, 
        70.3959492961863
      ], 
      "location": [
        -15.983149225901416, 
        -0.3668911423113392, 
        70.3959492961863
      ], 
      "pose_transform_permuted": [
        [
          -0.15066201613862862, 
          -0.4688888539327999, 
          -0.8703133155692461, 
          0.0
        ], 
        [
          0.9885691449583615, 
          -0.0663370487810995, 
          -0.1353939042269398, 
          0.0
        ], 
        [
          -0.005750669572672229, 
          0.8807626684058465, 
          -0.47352302134329066, 
          0.0
        ], 
        [
          -15.983149225901416, 
          -0.3668911423113392, 
          70.3959492961863, 
          1.0
        ]
      ], 
      "projected_cuboid": [
        [
          389.26159623561017, 
          278.6769302940919
        ], 
        [
          296.13287442578815, 
          284.89292760973865
        ], 
        [
          306.8356868768505, 
          228.94743942230576
        ], 
        [
          394.90229646671514, 
          221.77283071934218
        ], 
        [
          410.20501190594126, 
          310.5208559198445
        ], 
        [
          326.91503072634237, 
          315.3619509872425
        ], 
        [
          334.95833570862106, 
          263.7701209477936
        ], 
        [
          414.1742543553486, 
          258.0943780029754
        ]
      ], 
      "projected_cuboid_centroid": [
        359.49966675135147, 
        270.50697135802915
      ], 
      "quaternion_xyzw": [
        0.9669081043374099, 
        -0.01566497864084641, 
        -0.07396150654916506, 
        0.2436663502582529
      ], 
      "visibility": 0.79526671675432
    }, 
    {
      "bounding_box": {
        "bottom_right": [
          332, 
          339
        ], 
        "top_left": [
          266, 
          292
        ]
      }, 
      "class": "061_foam_brick", 
      "cuboid": [
        [
          -25.81605112566745, 
          -1.1869314681136944, 
          78.45699142002272
        ], 
        [
          -26.191731569291026, 
          5.18312644283241, 
          73.99326858196086
        ], 
        [
          -27.580501104715154, 
          7.955559994889259, 
          78.06661643433466
        ], 
        [
          -27.204820661091578, 
          1.5855020839431542, 
          82.53033927239652
        ], 
        [
          -20.76350872121087, 
          -0.1678806978867589, 
          79.48601387846035
        ], 
        [
          -21.139189164834445, 
          6.202177213059346, 
          75.02229104039849
        ], 
        [
          -22.527958700258573, 
          8.974610765116195, 
          79.09563889277229
        ], 
        [
          -22.152278256634997, 
          2.6045528541700906, 
          83.55936173083414
        ]
      ], 
      "cuboid_centroid": [
        -24.172004912963015, 
        3.8938396485012503, 
        78.7763151563975
      ], 
      "location": [
        -24.172004912963015, 
        3.8938396485012503, 
        78.7763151563975
      ], 
      "pose_transform_permuted": [
        [
          -0.9612904041322741, 
          -0.19388332612086528, 
          -0.195780527059048, 
          0.0
        ], 
        [
          0.04824209039932868, 
          -0.8179954927244856, 
          0.5731981111241811, 
          0.0
        ], 
        [
          0.27128114500847905, 
          -0.5415649820056097, 
          -0.7956845547251447, 
          0.0
        ], 
        [
          -24.172004912963015, 
          3.8938396485012503, 
          78.7763151563975, 
          1.0
        ]
      ], 
      "projected_cuboid": [
        [
          304.6473400021249, 
          265.21824751592095
        ], 
        [
          291.24231018241306, 
          310.64483944574755
        ], 
        [
          291.60803454106707, 
          327.63570967810074
        ], 
        [
          304.33166837846414, 
          283.5322163341518
        ], 
        [
          341.12118750798527, 
          272.16012517683356
        ], 
        [
          330.07016768177397, 
          317.3766679968091
        ], 
        [
          328.431537429286, 
          333.7998069729626
        ], 
        [
          339.03137792844694, 
          289.9101575706768
        ]
      ], 
      "projected_cuboid_centroid": [
        316.5876439330607, 
        299.6480266363831
      ], 
      "quaternion_xyzw": [
        0.41906372888045523, 
        -0.6498275576384338, 
        -0.23152343322869812, 
        0.590344506484538
      ], 
      "visibility": 0.5804549283909014
    }
  ]
}