{
  "camera_data": {
    "location_worldframe": [
      -20.131301353288155, 
      -4.608428382328805, 
      96.04959297592353
    ], 
    "quaternion_xyzw_worldframe": [
      0.9543030082723113, 
      0.018219510024830333, 
      -0.015420583495721953, 
      -0.29788825122097334
    ]
  }, 
  "objects": [
    {
      "bounding_box": {
        "bottom_right": [
          403, 
          382
        ], 
        "top_left": [
          255, 
          238
        ]
      }, 
      "class": "003_cracker_box", 
      "cuboid": [
        [
          -18.888973516674554, 
          16.400203020516923, 
          80.17480598596202
        ], 
        [
          -32.914898090907904, 
          9.121073305681346, 
          75.77414397671035
        ], 
        [
          -31.225027263120676, 
          -4.176465724634684, 
          92.38357923107739
        ], 
        [
          -17.19910268888733, 
          3.1026639902008935, 
          96.78424124032907
        ], 
        [
          -22.56845723740902, 
          21.02521015799577, 
          84.25195033735092
        ], 
        [
          -36.59438181164237, 
          13.746080443160192, 
          79.85128832809926
        ], 
        [
          -34.90451098385514, 
          0.44854141284416116, 
          96.46072358246629
        ], 
        [
          -20.878586409621796, 
          7.727671127679739, 
          100.86138559171798
        ]
      ], 
      "cuboid_centroid": [
        -26.89674225026485, 
        8.424372216680542, 
        88.31776478421416
      ], 
      "location": [
        -26.89674225026485, 
        8.424372216680542, 
        88.31776478421416
      ], 
      "pose_transform_permuted": [
        [
          0.5124629260034205, 
          -0.6441514273056776, 
          -0.5678474162766536, 
          0.0
        ], 
        [
          0.8550515729411352, 
          0.44375194514782434, 
          0.2682741485652551, 
          0.0
        ], 
        [
          -0.07917421981240697, 
          0.6230193816227392, 
          -0.7781891113601602, 
          0.0
        ], 
        [
          -26.89674225026485, 
          8.424372216680542, 
          88.31776478421416, 
          1.0
        ]
      ], 
      "projected_cuboid": [
        [
          354.90128024597874, 
          382.3800285270275
        ], 
        [
          248.00224486530368, 
          337.483198717775
        ], 
        [
          299.8364547422715, 
          249.17629049016404
        ], 
        [
          386.0333859434092, 
          290.3834480234862
        ], 
        [
          337.5469409871894, 
          406.3773005412305
        ], 
        [
          235.14967664021876, 
          365.0953747037786
        ], 
        [
          287.0060545426676, 
          275.76646878071585
        ], 
        [
          370.2784267096282, 
          314.1477488454298
        ]
      ], 
      "projected_cuboid_centroid": [
        317.82367408634656, 
        324.15832680054837
      ], 
      "quaternion_xyzw": [
        0.8726279807054848, 
        0.14981360228028281, 
        0.22367408902516533, 
        0.4074876608689342
      ], 
      "visibility": 0.9001806330008639
    }, 
    {
      "bounding_box": {
        "bottom_right": [
          371, 
          300
        ], 
        "top_left": [
          272, 
          207
        ]
      }, 
      "class": "004_sugar_box", 
      "cuboid": [
        [
          -33.13391274876866, 
          13.104550772761398, 
          83.42964359080925
        ], 
        [
          -41.66605375836336, 
          10.023608598647153, 
          81.53211702650462
        ], 
        [
          -40.91943989953498, 
          -0.6637376396836745, 
          95.52762231047673
        ], 
        [
          -32.38729888994028, 
          2.4172045344305686, 
          97.42514887478134
        ], 
        [
          -34.88568378268013, 
          16.364861458487123, 
          86.01275329960737
        ], 
        [
          -43.417824792274835, 
          13.28391928437288, 
          84.11522673530276
        ], 
        [
          -42.67121093344646, 
          2.596573046042054, 
          98.11073201927485
        ], 
        [
          -34.13906992385175, 
          5.677515220156297, 
          100.00825858357946
        ]
      ], 
      "cuboid_centroid": [
        -37.902561841107556, 
        7.850561909401725, 
        90.77018780504204
      ], 
      "location": [
        -37.902561841107556, 
        7.850561909401725, 
        90.77018780504204
      ], 
      "pose_transform_permuted": [
        [
          0.3881266902351934, 
          -0.7223624384082091, 
          -0.5723201276776432, 
          0.0
        ], 
        [
          0.9206319615205254, 
          0.3324386966760695, 
          0.20474621797372827, 
          0.0
        ], 
        [
          -0.04236035029011364, 
          0.6063639523620034, 
          -0.794057730520205, 
          0.0
        ], 
        [
          -37.902561841107556, 
          7.850561909401725, 
          90.77018780504204, 
          1.0
        ]
      ], 
      "projected_cuboid": [
        [
          268.0251865031085, 
          357.0566855569444
        ], 
        [
          206.778932475309, 
          338.8531754571111
        ], 
        [
          251.24482254116236, 
          269.58096808689106
        ], 
        [
          302.8267600105636, 
          286.5186708509351
        ], 
        [
          263.48679177571375, 
          374.7563870082741
        ], 
        [
          204.0189799474811, 
          357.51117328931963
        ], 
        [
          247.70785672861294, 
          287.4012349782584
        ], 
        [
          298.0245955166099, 
          303.5633380532121
        ]
      ], 
      "projected_cuboid_centroid": [
        257.0449949608473, 
        319.41245780627924
      ], 
      "quaternion_xyzw": [
        0.8802437221531564, 
        0.10644752059389602, 
        0.16838316857253482, 
        0.43068190398992917
      ], 
      "visibility": 0.5136109608797548
    }, 
    {
      "bounding_box": {
        "bottom_right": [
          278, 
          276
        ], 
        "top_left": [
          193, 
          172
        ]
      }, 
      "class": "024_bowl", 
      "cuboid": [
        [
          -48.95373591812932, 
          -11.393435539741015, 
          79.92317574376699
        ], 
        [
          -47.36115902628344, 
          1.5841754067501614, 
          89.34568360265654
        ], 
        [
          -47.079974816193484, 
          -1.6660909441881275, 
          93.77474700324953
        ], 
        [
          -48.67255170803936, 
          -14.643701890679306, 
          84.35223914435998
        ], 
        [
          -32.907674572114466, 
          -12.195546919680847, 
          78.31584388403246
        ], 
        [
          -31.31509768026859, 
          0.7820640268103294, 
          87.73835174292199
        ], 
        [
          -31.033913470178632, 
          -2.46820232412796, 
          92.16741514351499
        ], 
        [
          -32.626490362024505, 
          -15.445813270619135, 
          82.74490728462544
        ]
      ], 
      "cuboid_centroid": [
        -39.99382469415397, 
        -6.930818931934487, 
        86.045295443641
      ], 
      "location": [
        -39.99382469415397, 
        -6.930818931934487, 
        86.045295443641
      ], 
      "pose_transform_permuted": [
        [
          -0.9937918891555707, 
          0.049677722550996006, 
          0.09954800314796503, 
          0.0
        ], 
        [
          -0.09881716233566176, 
          -0.8052425563842658, 
          -0.5846533963090096, 
          0.0
        ], 
        [
          -0.051116039327479795, 
          0.590860854406415, 
          -0.8051525329113683, 
          0.0
        ], 
        [
          -39.99382469415397, 
          -6.930818931934487, 
          86.045295443641, 
          1.0
        ]
      ], 
      "projected_cuboid": [
        [
          152.21128743679836, 
          197.25925007157184
        ], 
        [
          196.53430904051137, 
          282.7427504533812
        ], 
        [
          211.610561797785, 
          263.8110773027854
        ], 
        [
          171.2988810465375, 
          180.7012898879734
        ], 
        [
          255.633044228305, 
          190.23662525394906
        ], 
        [
          289.66124613844374, 
          278.0403321034599
        ], 
        [
          300.52524484993467, 
          259.0044770965088
        ], 
        [
          269.5555898064404, 
          173.7329223505609
        ]
      ], 
      "projected_cuboid_centroid": [
        231.6445325316897, 
        230.32844893361445
      ], 
      "quaternion_xyzw": [
        -0.5900202727285705, 
        0.3195341549745822, 
        0.6688097674021444, 
        -0.32010544606656105
      ], 
      "visibility": 0.7181805137035443
    }, 
    {
      "bounding_box": {
        "bottom_right": [
          245, 
          390
        ], 
        "top_left": [
          170, 
          308
        ]
      }, 
      "class": "025_mug", 
      "cuboid": [
        [
          -14.231670419025544, 
          -11.311351621711939, 
          74.60860861069759
        ], 
        [
          -25.834926919665552, 
          -10.271775016746144, 
          75.68121039431699
        ], 
        [
          -25.818582813811496, 
          -16.020855708510773, 
          81.43008638341871
        ], 
        [
          -14.215326313171492, 
          -17.060432313476568, 
          80.3574845997993
        ], 
        [
          -13.043278271522729, 
          -4.7813191731677325, 
          81.13549496736955
        ], 
        [
          -24.646534772162735, 
          -3.741742568201936, 
          82.20809675098897
        ], 
        [
          -24.630190666308682, 
          -9.490823259966565, 
          87.95697274009069
        ], 
        [
          -13.026934165668674, 
          -10.53039986493236, 
          86.88437095647129
        ]
      ], 
      "cuboid_centroid": [
        -19.430930542667113, 
        -10.401087440839252, 
        81.28279067539414
      ], 
      "location": [
        -19.430930542667113, 
        -10.401087440839252, 
        81.28279067539414
      ], 
      "pose_transform_permuted": [
        [
          -0.12766330571384138, 
          -0.7014902703215875, 
          -0.7011523006628917, 
          0.0
        ], 
        [
          0.9918160650477025, 
          -0.0888602934526143, 
          -0.09168319948230648, 
          0.0
        ], 
        [
          -0.0020102710505315313, 
          0.7071179411725196, 
          -0.7070927634209253, 
          0.0
        ], 
        [
          -19.430930542667113, 
          -10.401087440839252, 
          81.28279067539414, 
          1.0
        ]
      ], 
      "projected_cuboid": [
        [
          379.0180181428069, 
          192.43038150931602
        ], 
        [
          298.02318030951307, 
          200.90214109062927
        ], 
        [
          311.09123464723274, 
          168.3592750005642
        ], 
        [
          386.46603021166914, 
          160.05921764585597
        ], 
        [
          395.1465491240862, 
          241.85798566327236
        ], 
        [
          320.371835963745, 
          249.01223087940184
        ], 
        [
          331.00945927610275, 
          215.73974268740758
        ], 
        [
          400.96787907165924, 
          208.64811792076827
        ]
      ], 
      "projected_cuboid_centroid": [
        353.0427319325118, 
        205.0420353950565
      ], 
      "quaternion_xyzw": [
        0.9219661472748218, 
        -0.0235502199996163, 
        -0.05947791734124392, 
        0.3819508552201319
      ], 
      "visibility": 0.7636928964362593
    }, 
    {
      "bounding_box": {
        "bottom_right": [
          277, 
          334
        ], 
        "top_left": [
          221, 
          287
        ]
      }, 
      "class": "061_foam_brick", 
      "cuboid": [
        [
          -29.433954054760665, 
          -9.00260162832794, 
          89.04955265961065
        ], 
        [
          -29.759408814346127, 
          -4.191947000745271, 
          82.93438492575869
        ], 
        [
          -31.259691625301688, 
          -0.3842063731003764, 
          86.00968883745014
        ], 
        [
          -30.934236865716226, 
          -5.194861000683044, 
          92.12485657130209
        ], 
        [
          -24.413533402377208, 
          -7.661067215588099, 
          89.83771402231345
        ], 
        [
          -24.738988161962673, 
          -2.8504125880054314, 
          83.7225462884615
        ], 
        [
          -26.239270972918234, 
          0.9573280396394629, 
          86.79785020015294
        ], 
        [
          -25.91381621333277, 
          -3.8533265879432044, 
          92.9130179340049
        ]
      ], 
      "cuboid_centroid": [
        -27.836612513839448, 
        -4.022636794344238, 
        87.92370142988179
      ], 
      "location": [
        -27.836612513839448, 
        -4.022636794344238, 
        87.92370142988179
      ], 
      "pose_transform_permuted": [
        [
          -0.9551789597227072, 
          -0.2552386609645357, 
          -0.14995459596850347, 
          0.0
        ], 
        [
          0.04179248134764635, 
          -0.6177485130323338, 
          0.7852643906030293, 
          0.0
        ], 
        [
          0.29306406024255677, 
          -0.7438010490684798, 
          -0.6007274390260323, 
          0.0
        ], 
        [
          -27.836612513839448, 
          -4.022636794344238, 
          87.92370142988179, 
          1.0
        ]
      ], 
      "projected_cuboid": [
        [
          303.847480021766, 
          219.36977361285477
        ], 
        [
          288.6307950222765, 
          246.32971628300092
        ], 
        [
          286.15004921688893, 
          270.90419262565985
        ], 
        [
          301.02344191315046, 
          243.21299207179243
        ], 
        [
          335.45889144949, 
          227.80678353166425
        ], 
        [
          322.69438086980375, 
          255.1291727232987
        ], 
        [
          319.02926643579707, 
          279.1687319514614
        ], 
        [
          331.61251113731777, 
          251.16849063564953
        ]
      ], 
      "projected_cuboid_centroid": [
        311.3411728571766, 
        248.88639395292807
      ], 
      "quaternion_xyzw": [
        0.3346438510744183, 
        -0.6804342664228001, 
        -0.12693686778805657, 
        0.6394605019951629
      ], 
      "visibility": 0.7710402509147936
    }
  ]
}