{
  "camera_data": {
    "location_worldframe": [
      -12.104638274240601, 
      3.962499759779707, 
      83.46631961923634
    ], 
    "quaternion_xyzw_worldframe": [
      0.9199296764137871, 
      0.0022288036617719993, 
      0.07627578203681287, 
      -0.38459009889904194
    ]
  }, 
  "objects": [
    {
      "bounding_box": {
        "bottom_right": [
          489, 
          425
        ], 
        "top_left": [
          322, 
          295
        ]
      }, 
      "class": "003_cracker_box", 
      "cuboid": [
        [
          -6.732430410939358, 
          27.252855103826246, 
          72.34812879996714
        ], 
        [
          -20.297814444060297, 
          22.340925782453304, 
          64.54227061121298
        ], 
        [
          -22.366029630698897, 
          6.166686387286421, 
          78.31434427773047
        ], 
        [
          -8.800645597577958, 
          11.078615708659369, 
          86.12020246648464
        ], 
        [
          -10.708886450649796, 
          31.41524136304471, 
          76.63936819299364
        ], 
        [
          -24.274270483770735, 
          26.503312041671766, 
          68.83351000423947
        ], 
        [
          -26.34248567040933, 
          10.329072646504885, 
          82.60558367075697
        ], 
        [
          -12.777101637288396, 
          15.241001967877832, 
          90.41144185951113
        ]
      ], 
      "cuboid_centroid": [
        -16.537458040674345, 
        18.790963875165566, 
        77.47685623536206
      ], 
      "location": [
        -16.537458040674345, 
        18.790963875165566, 
        77.47685623536206
      ], 
      "pose_transform_permuted": [
        [
          0.5538239742034294, 
          -0.5797195485701838, 
          -0.5976656679140115, 
          0.0
        ], 
        [
          0.8269759967466974, 
          0.2994421415990816, 
          0.4758624850094424, 
          0.0
        ], 
        [
          0.09690049743074264, 
          0.7577992140667196, 
          -0.6452523884167627, 
          0.0
        ], 
        [
          -16.537458040674345, 
          18.790963875165566, 
          77.47685623536206, 
          1.0
        ]
      ], 
      "projected_cuboid": [
        [
          431.5548788316873, 
          474.1829753223666
        ], 
        [
          312.4763650246334, 
          457.8919618861454
        ], 
        [
          328.01542236940264, 
          315.28158555473124
        ], 
        [
          426.6428260788487, 
          341.89346809350627
        ], 
        [
          406.4548290290304, 
          491.8995540330421
        ], 
        [
          291.95354773565, 
          478.6332554428667
        ], 
        [
          310.1069554299155, 
          339.9732735940617
        ], 
        [
          405.5993262177242, 
          363.19025646487324
        ]
      ], 
      "projected_cuboid_centroid": [
        366.8111793214211, 
        402.6359915891474
      ], 
      "quaternion_xyzw": [
        0.8919698535723376, 
        0.05676807443580076, 
        0.288599007883781, 
        0.3433333346639846
      ], 
      "visibility": 0.9250871080139372
    }, 
    {
      "bounding_box": {
        "bottom_right": [
          466, 
          326
        ], 
        "top_left": [
          342, 
          247
        ]
      }, 
      "class": "004_sugar_box", 
      "cuboid": [
        [
          -21.51838235148002, 
          24.881201832875625, 
          72.70194207562693
        ], 
        [
          -29.806251708136884, 
          23.070753642959, 
          68.97048916440039
        ], 
        [
          -32.17841564720546, 
          10.016709415101356, 
          80.57289139709208
        ], 
        [
          -23.8905462905486, 
          11.827157605017979, 
          84.30434430831862
        ], 
        [
          -23.444704031833492, 
          27.782750324348655, 
          75.57267097711285
        ], 
        [
          -31.732573388490355, 
          25.97230213443203, 
          71.84121806588631
        ], 
        [
          -34.10473732755894, 
          12.918257906574384, 
          83.443620298578
        ], 
        [
          -25.816867970902074, 
          14.728706096491006, 
          87.17507320980454
        ]
      ], 
      "cuboid_centroid": [
        -27.81155983951948, 
        18.899729869725004, 
        78.07278118710246
      ], 
      "location": [
        -27.81155983951948, 
        18.899729869725004, 
        78.07278118710246
      ], 
      "pose_transform_permuted": [
        [
          0.4268005599193354, 
          -0.6428742060186713, 
          -0.6360457420102256, 
          0.0
        ], 
        [
          0.8942746508835896, 
          0.1953503190394879, 
          0.40262986853133953, 
          0.0
        ], 
        [
          0.13458857509316494, 
          0.7406424079274911, 
          -0.6582811408763197, 
          0.0
        ], 
        [
          -27.81155983951948, 
          18.899729869725004, 
          78.07278118710246, 
          1.0
        ]
      ], 
      "projected_cuboid": [
        [
          322.42921993544434, 
          455.80755202123714
        ], 
        [
          249.19724318666124, 
          451.68290525931036
        ], 
        [
          266.8301197492402, 
          339.58808428787876
        ], 
        [
          329.2030701141728, 
          348.10658214119076
        ], 
        [
          314.76800147905834, 
          469.35059964225667
        ], 
        [
          244.06440163065676, 
          466.09420078619104
        ], 
        [
          261.80434550327016, 
          355.85198633302133
        ], 
        [
          322.3384400411883, 
          363.3938026708032
        ]
      ], 
      "projected_cuboid_centroid": [
        290.0315076607661, 
        402.39166146887834
      ], 
      "quaternion_xyzw": [
        0.9042901637225336, 
        0.01679818778969012, 
        0.2293042824430113, 
        0.3597173227945862
      ], 
      "visibility": 0.5895868980689318
    }, 
    {
      "bounding_box": {
        "bottom_right": [
          364, 
          313
        ], 
        "top_left": [
          277, 
          178
        ]
      }, 
      "class": "024_bowl", 
      "cuboid": [
        [
          -38.21345311530644, 
          3.141986561916542, 
          62.14758269577909
        ], 
        [
          -37.3147230410121, 
          13.98092423013174, 
          74.04077637384005
        ], 
        [
          -38.011957167277025, 
          9.974300218514232, 
          77.74492636016883
        ], 
        [
          -38.910687241571374, 
          -0.8646374497009647, 
          65.85173268210788
        ], 
        [
          -22.222706208387404, 
          1.0254361373610645, 
          62.86814549831061
        ], 
        [
          -21.323976134093055, 
          11.864373805576262, 
          74.76133917637156
        ], 
        [
          -22.021210260357986, 
          7.857749793958754, 
          78.46548916270035
        ], 
        [
          -22.919940334652335, 
          -2.981187874256442, 
          66.5722954846394
        ]
      ], 
      "cuboid_centroid": [
        -30.117331687832216, 
        5.499868177937648, 
        70.30653592923971
      ], 
      "location": [
        -30.117331687832216, 
        5.499868177937648, 
        70.30653592923971
      ], 
      "pose_transform_permuted": [
        [
          -0.9903660614872589, 
          0.13108579105827795, 
          -0.04462711772947813, 
          0.0
        ], 
        [
          -0.05576494052010945, 
          -0.672540879244276, 
          -0.7379559859192992, 
          0.0
        ], 
        [
          0.12674910517634377, 
          0.728357934760075, 
          -0.6733716531077283, 
          0.0
        ], 
        [
          -30.117331687832216, 
          5.499868177937648, 
          70.30653592923971, 
          1.0
        ]
      ], 
      "projected_cuboid": [
        [
          150.93545377647752, 
          300.24950083283636
        ], 
        [
          210.57728284756422, 
          373.9918661524088
        ], 
        [
          218.66720642073673, 
          341.7088760555403
        ], 
        [
          163.84130694357106, 
          266.28401784282744
        ], 
        [
          291.5076099184379, 
          281.9854612439439
        ], 
        [
          328.2120815112559, 
          357.9225672752551
        ], 
        [
          330.67448347491603, 
          326.6946271872225
        ], 
        [
          296.45219595300654, 
          249.40384229130137
        ]
      ], 
      "projected_cuboid_centroid": [
        251.23417209984532, 
        315.0065198492103
      ], 
      "quaternion_xyzw": [
        -0.6552137269566023, 
        0.304973000235067, 
        0.6594497246854203, 
        -0.20691182118860285
      ], 
      "visibility": 0.7272326350606395
    }, 
    {
      "bounding_box": {
        "bottom_right": [
          326, 
          453
        ], 
        "top_left": [
          239, 
          362
        ]
      }, 
      "class": "025_mug", 
      "cuboid": [
        [
          -3.1741005972705754, 
          0.6714066735682631, 
          62.27984980146262
        ], 
        [
          -14.689843347279224, 
          2.6677307301338917, 
          61.76108713871514
        ], 
        [
          -16.045666430562157, 
          -3.994857493636254, 
          66.21905001379652
        ], 
        [
          -4.529923680553508, 
          -5.991181550201883, 
          66.737812676544
        ], 
        [
          -2.641384780621846, 
          5.7644402779050985, 
          70.053591998885
        ], 
        [
          -14.157127530630495, 
          7.760764334470728, 
          69.53482933613753
        ], 
        [
          -15.512950613913429, 
          1.098176110700582, 
          73.9927922112189
        ], 
        [
          -3.9972078639047783, 
          -0.8981479458650465, 
          74.51155487396638
        ]
      ], 
      "cuboid_centroid": [
        -9.343525605592001, 
        0.8847913921344226, 
        68.13632100634076
      ], 
      "location": [
        -9.343525605592001, 
        0.8847913921344226, 
        68.13632100634076
      ], 
      "pose_transform_permuted": [
        [
          -0.057227121790001674, 
          -0.5471203317924814, 
          -0.8350960823626363, 
          0.0
        ], 
        [
          0.9843356181762599, 
          -0.17064056717472184, 
          0.04434247772006837, 
          0.0
        ], 
        [
          0.1667617622098346, 
          0.8194763511358106, 
          -0.5483147130925892, 
          0.0
        ], 
        [
          -9.343525605592001, 
          0.8847913921344226, 
          68.13632100634076, 
          1.0
        ]
      ], 
      "projected_cuboid": [
        [
          454.18985641294347, 
          279.0359790675527
        ], 
        [
          353.6901693772506, 
          296.32293690058583
        ], 
        [
          351.29042703342054, 
          241.1124773011579
        ], 
        [
          445.09557376106324, 
          225.4094152692711
        ], 
        [
          461.32056862252176, 
          317.1713524285837
        ], 
        [
          372.1095812598471, 
          332.8101988498798
        ], 
        [
          368.8522138131404, 
          281.2018876811124
        ], 
        [
          452.7484621427645, 
          266.85800634060485
        ]
      ], 
      "projected_cuboid_centroid": [
        407.85355322382003, 
        280.2120157512526
      ], 
      "quaternion_xyzw": [
        0.9537961065755494, 
        -0.08843670231469725, 
        -0.0033772008454179825, 
        0.28712505674248684
      ], 
      "visibility": 0.8586296617519514
    }, 
    {
      "bounding_box": {
        "bottom_right": [
          355, 
          371
        ], 
        "top_left": [
          288, 
          327
        ]
      }, 
      "class": "061_foam_brick", 
      "cuboid": [
        [
          -20.385418304239273, 
          1.8644201145978208, 
          74.41780313788718
        ], 
        [
          -19.33821529827775, 
          7.706053358427072, 
          69.37575176285564
        ], 
        [
          -21.061323643166492, 
          11.02912794946478, 
          72.86792934191791
        ], 
        [
          -22.108526649128017, 
          5.187494705635529, 
          77.90998071694946
        ], 
        [
          -15.48682770939663, 
          2.527712600266784, 
          76.20368938949319
        ], 
        [
          -14.439624703435108, 
          8.369345844096035, 
          71.16163801446164
        ], 
        [
          -16.16273304832385, 
          11.692420435133744, 
          74.65381559352393
        ], 
        [
          -17.209936054285375, 
          5.850787191304492, 
          79.69586696855546
        ]
      ], 
      "cuboid_centroid": [
        -18.274075676281562, 
        6.778420274865782, 
        74.53580936570555
      ], 
      "location": [
        -18.274075676281562, 
        6.778420274865782, 
        74.53580936570555
      ], 
      "pose_transform_permuted": [
        [
          -0.9319997252158249, 
          -0.12619719946223718, 
          -0.3397804865578873, 
          0.0
        ], 
        [
          -0.13447402689575105, 
          -0.7501391243854693, 
          0.6474627635290251, 
          0.0
        ], 
        [
          0.3365906241832459, 
          -0.6491267679845669, 
          -0.6821592122062434, 
          0.0
        ], 
        [
          -18.274075676281562, 
          6.778420274865782, 
          74.53580936570555, 
          1.0
        ]
      ], 
      "projected_cuboid": [
        [
          334.28629143825196, 
          286.6480148921529
        ], 
        [
          331.6974847073489, 
          332.5261002287642
        ], 
        [
          326.1648765679427, 
          354.0086056162854
        ], 
        [
          328.9956949317728, 
          308.796654768182
        ], 
        [
          372.3076270961631, 
          290.97700206724113
        ], 
        [
          372.47773440323357, 
          336.0104459960507
        ], 
        [
          365.1698484191363, 
          356.81605007871445
        ], 
        [
          365.46953688595767, 
          312.4396271538103
        ]
      ], 
      "projected_cuboid_centroid": [
        349.7525175874232, 
        321.787578036064
      ], 
      "quaternion_xyzw": [
        0.37288727910642416, 
        -0.7285913260254689, 
        -0.1907660690173287, 
        0.541957621620669
      ], 
      "visibility": 0.8853503184713376
    }
  ]
}