{
  "camera_data": {
    "location_worldframe": [
      -10.735308731639773, 
      5.4740217521472525, 
      83.05990746101457
    ], 
    "quaternion_xyzw_worldframe": [
      0.9279148364002202, 
      -0.008584397141713317, 
      0.10972764490905372, 
      -0.356177338018602
    ]
  }, 
  "objects": [
    {
      "bounding_box": {
        "bottom_right": [
          501, 
          447
        ], 
        "top_left": [
          334, 
          315
        ]
      }, 
      "class": "003_cracker_box", 
      "cuboid": [
        [
          -3.6162092256694978, 
          27.79422719435345, 
          70.97513379035081
        ], 
        [
          -17.003259701932937, 
          23.102110102984593, 
          62.73808137859481
        ], 
        [
          -20.595534217096464, 
          7.871133045020967, 
          77.25243457857887
        ], 
        [
          -7.208483740833027, 
          12.563250136389826, 
          85.48948699033487
        ], 
        [
          -7.585695326852885, 
          32.38576580631764, 
          74.8109323776461
        ], 
        [
          -20.97274580311632, 
          27.693648714948782, 
          66.5738799658901
        ], 
        [
          -24.56502031827985, 
          12.462671656985155, 
          81.08823316587417
        ], 
        [
          -11.177969842016413, 
          17.154788748354015, 
          89.32528557763017
        ]
      ], 
      "cuboid_centroid": [
        -14.090614771974675, 
        20.128449425669302, 
        76.03168347811248
      ], 
      "location": [
        -14.090614771974675, 
        20.128449425669302, 
        76.03168347811248
      ], 
      "pose_transform_permuted": [
        [
          0.5528532306527763, 
          -0.6394900726657289, 
          -0.5342337993039836, 
          0.0
        ], 
        [
          0.8161043862876394, 
          0.2860418989254561, 
          0.5021490443495777, 
          0.0
        ], 
        [
          0.1683060784370653, 
          0.7136052683529597, 
          -0.6800298412128958, 
          0.0
        ], 
        [
          -14.090614771974675, 
          20.128449425669302, 
          76.03168347811248, 
          1.0
        ]
      ], 
      "projected_cuboid": [
        [
          454.1977941987647, 
          482.1372279377524
        ], 
        [
          335.85239453666196, 
          469.67137251514316
        ], 
        [
          338.2289372084487, 
          327.62565904027133
        ], 
        [
          436.25274297641886, 
          351.6614067740361
        ], 
        [
          427.06875529927794, 
          504.161392385263
        ], 
        [
          312.18546122061485, 
          495.13878989632985
        ], 
        [
          318.6858363799397, 
          355.25387891123336
        ], 
        [
          414.3024622717643, 
          375.70977374831205
        ]
      ], 
      "projected_cuboid_centroid": [
        381.93564814526934, 
        414.4763126451743
      ], 
      "quaternion_xyzw": [
        0.875206183414026, 
        0.033630881133952926, 
        0.3013582099268812, 
        0.3769168736706729
      ], 
      "visibility": 0.9386789946330836
    }, 
    {
      "bounding_box": {
        "bottom_right": [
          484, 
          338
        ], 
        "top_left": [
          359, 
          262
        ]
      }, 
      "class": "004_sugar_box", 
      "cuboid": [
        [
          -18.503429771782674, 
          26.166407755991422, 
          70.66792369644368
        ], 
        [
          -26.67370246180689, 
          24.54689690532083, 
          66.60417287666031
        ], 
        [
          -30.29876319680315, 
          12.31640172010828, 
          78.76661063468939
        ], 
        [
          -22.128490506778935, 
          13.935912570778875, 
          82.83036145447274
        ], 
        [
          -20.420986338317643, 
          29.319148022530634, 
          73.26676746171252
        ], 
        [
          -28.591259028341863, 
          27.699637171860036, 
          69.20301664192917
        ], 
        [
          -32.21631976333812, 
          15.46914198664749, 
          81.36545439995821
        ], 
        [
          -24.046047073313908, 
          17.088652837318083, 
          85.42920521974158
        ]
      ], 
      "cuboid_centroid": [
        -25.3598747675604, 
        20.817774871319454, 
        76.01668904820094
      ], 
      "location": [
        -25.3598747675604, 
        20.817774871319454, 
        76.01668904820094
      ], 
      "pose_transform_permuted": [
        [
          0.4248585397865367, 
          -0.6985288722869265, 
          -0.5758062038506881, 
          0.0
        ], 
        [
          0.8815857783311388, 
          0.17474786802984055, 
          0.43848535603673894, 
          0.0
        ], 
        [
          0.2056737103679675, 
          0.6939170149883908, 
          -0.6900556662855144, 
          0.0
        ], 
        [
          -25.3598747675604, 
          20.817774871319454, 
          76.01668904820094, 
          1.0
        ]
      ], 
      "projected_cuboid": [
        [
          340.7909124038275, 
          470.7602565734228
        ], 
        [
          266.2328240889942, 
          469.84090177383194
        ], 
        [
          274.7380396132937, 
          356.67946524602
        ], 
        [
          337.9310781020011, 
          363.0156536444453
        ], 
        [
          331.7109468989021, 
          486.70493139534415
        ], 
        [
          259.41961100780753, 
          486.7564077549697
        ], 
        [
          268.6715998911772, 
          374.68087562970305
        ], 
        [
          330.2308138074584, 
          379.96800814977564
        ]
      ], 
      "projected_cuboid_centroid": [
        302.1939891026589, 
        419.3403474269229
      ], 
      "quaternion_xyzw": [
        0.8875963324014776, 
        -0.008710559408930323, 
        0.24316906917793793, 
        0.39110812198138856
      ], 
      "visibility": 0.6148859821738627
    }, 
    {
      "bounding_box": {
        "bottom_right": [
          381, 
          328
        ], 
        "top_left": [
          289, 
          189
        ]
      }, 
      "class": "024_bowl", 
      "cuboid": [
        [
          -35.73799454822137, 
          4.687649191609579, 
          60.45289250668879
        ], 
        [
          -34.886886977072976, 
          16.140277632800053, 
          71.76002561265925
        ], 
        [
          -35.975996950502115, 
          12.393206240291258, 
          75.63729191299733
        ], 
        [
          -36.827104521650526, 
          0.9405777991007822, 
          64.33015880702688
        ], 
        [
          -19.93430546658967, 
          1.8438142684061651, 
          62.14374951835542
        ], 
        [
          -19.083197895441266, 
          13.29644270959664, 
          73.45088262432587
        ], 
        [
          -20.17230786887041, 
          9.549371317087843, 
          77.32814892466395
        ], 
        [
          -21.023415440018812, 
          -1.9032571241026321, 
          66.0210158186935
        ]
      ], 
      "cuboid_centroid": [
        -27.955151208545892, 
        7.1185102543487115, 
        68.89052071567637
      ], 
      "location": [
        -27.955151208545892, 
        7.1185102543487115, 
        68.89052071567637
      ], 
      "pose_transform_permuted": [
        [
          -0.9787808789577281, 
          0.1761292082732072, 
          -0.10472102453562247, 
          0.0
        ], 
        [
          -0.05281003099687203, 
          -0.7106195309235099, 
          -0.701591749449892, 
          0.0
        ], 
        [
          0.19798760469495724, 
          0.681174268644305, 
          -0.7048421980302042, 
          0.0
        ], 
        [
          -27.955151208545892, 
          7.1185102543487115, 
          68.89052071567637, 
          1.0
        ]
      ], 
      "projected_cuboid": [
        [
          163.68659797624403, 
          314.64130215000114
        ], 
        [
          220.1574674523747, 
          393.240872806435
        ], 
        [
          225.81587735922517, 
          360.6712052409251
        ], 
        [
          173.7431470825361, 
          281.08425788542644
        ], 
        [
          309.09456831350855, 
          289.1102091421356
        ], 
        [
          341.88115546755125, 
          369.8306914371566
        ], 
        [
          341.31256107834497, 
          339.14698855729796
        ], 
        [
          310.3540760147768, 
          257.91197454119015
        ]
      ], 
      "projected_cuboid_centroid": [
        263.37728680362983, 
        328.39485886809797
      ], 
      "quaternion_xyzw": [
        0.6582334810276395, 
        -0.34509302618576243, 
        -0.6382129885676009, 
        0.200807542078977
      ], 
      "visibility": 0.7424257880240742
    }, 
    {
      "bounding_box": {
        "bottom_right": [
          331, 
          469
        ], 
        "top_left": [
          243, 
          379
        ]
      }, 
      "class": "025_mug", 
      "cuboid": [
        [
          -0.9238584383791798, 
          0.5335877977216216, 
          62.59583067967901
        ], 
        [
          -12.280624604502766, 
          3.052328912781603, 
          61.35222263581739
        ], 
        [
          -14.201365945656242, 
          -3.267593521276894, 
          66.09259226235025
        ], 
        [
          -2.8445997795326554, 
          -5.786334636336875, 
          67.33620030621186
        ], 
        [
          -0.5245339374444685, 
          6.036080786362062, 
          70.09362742546462
        ], 
        [
          -11.881300103568055, 
          8.554821901422043, 
          68.850019381603
        ], 
        [
          -13.80204144472153, 
          2.2348994673635465, 
          73.59038900813587
        ], 
        [
          -2.4452752785979444, 
          -0.28384164769643533, 
          74.83399705199749
        ]
      ], 
      "cuboid_centroid": [
        -7.3629499415503545, 
        1.3842436325425838, 
        68.09310984390744
      ], 
      "location": [
        -7.3629499415503545, 
        1.3842436325425838, 
        68.09310984390744
      ], 
      "pose_transform_permuted": [
        [
          -0.042897528352891054, 
          -0.5911066023729409, 
          -0.8054525773742588, 
          0.0
        ], 
        [
          0.9707467149356125, 
          -0.2152954131001812, 
          0.10630036804378704, 
          0.0
        ], 
        [
          0.2362448425235975, 
          0.7773295905105421, 
          -0.5830498109919199, 
          0.0
        ], 
        [
          -7.3629499415503545, 
          1.3842436325425838, 
          68.09310984390744, 
          1.0
        ]
      ], 
      "projected_cuboid": [
        [
          473.66015349835624, 
          277.83273249273344
        ], 
        [
          373.9550352061878, 
          299.8196726182817
        ], 
        [
          366.0473025098929, 
          246.9194133901845
        ], 
        [
          458.87937194769125, 
          227.45731740904642
        ], 
        [
          477.5728020252961, 
          319.21311086986407
        ], 
        [
          388.7962865048961, 
          339.55309958227184
        ], 
        [
          380.7382292275191, 
          289.48315914934307
        ], 
        [
          464.02509500237846, 
          271.26368319351195
        ]
      ], 
      "projected_cuboid_centroid": [
        423.44831436991257, 
        284.1282257646373
      ], 
      "quaternion_xyzw": [
        0.9425403018996606, 
        -0.11976682978799777, 
        0.016817010254922136, 
        0.3114340073836591
      ], 
      "visibility": 0.863369076444137
    }, 
    {
      "bounding_box": {
        "bottom_right": [
          365, 
          386
        ], 
        "top_left": [
          298, 
          340
        ]
      }, 
      "class": "061_foam_brick", 
      "cuboid": [
        [
          -18.64388549570193, 
          3.259674364146105, 
          73.71112678698624
        ], 
        [
          -17.043591455831873, 
          8.742146609718024, 
          68.41724803676411
        ], 
        [
          -18.76827429004137, 
          12.341318646316545, 
          71.62328314603559
        ], 
        [
          -20.368568329911422, 
          6.858846400744626, 
          76.9171618962577
        ], 
        [
          -13.814452993035067, 
          3.7869961469418083, 
          75.71713024677267
        ], 
        [
          -12.214158953165013, 
          9.269468392513728, 
          70.42325149655055
        ], 
        [
          -13.938841787374507, 
          12.868640429112249, 
          73.62928660582202
        ], 
        [
          -15.53913582724456, 
          7.386168183540328, 
          78.92316535604415
        ]
      ], 
      "cuboid_centroid": [
        -16.29136364153822, 
        8.064157396629176, 
        73.67020669640412
      ], 
      "location": [
        -16.29136364153822, 
        8.064157396629176, 
        73.67020669640412
      ], 
      "pose_transform_permuted": [
        [
          -0.9188417930195445, 
          -0.10032758344478518, 
          -0.3816597115242302, 
          0.0
        ], 
        [
          -0.2054978667302478, 
          -0.7040183383825538, 
          0.6798005633936952, 
          0.0
        ], 
        [
          0.3368981836845463, 
          -0.7030594250994704, 
          -0.6262643679859617, 
          0.0
        ], 
        [
          -16.29136364153822, 
          8.064157396629176, 
          73.67020669640412, 
          1.0
        ]
      ], 
      "projected_cuboid": [
        [
          345.5794662113251, 
          296.8711479167021
        ], 
        [
          347.633332144473, 
          341.4324824574617
        ], 
        [
          340.6805661654599, 
          365.18217061832223
        ], 
        [
          339.19083787459135, 
          320.84363724640446
        ], 
        [
          383.4830000514142, 
          299.9605442462702
        ], 
        [
          388.32765803136454, 
          343.48478805166485
        ], 
        [
          379.79236734915395, 
          366.49806108603116
        ], 
        [
          375.71702642930563, 
          323.1982225813489
        ]
      ], 
      "projected_cuboid_centroid": [
        362.676415008245, 
        331.6652673790644
      ], 
      "quaternion_xyzw": [
        0.34391220525539373, 
        -0.7566731466349834, 
        -0.17376617198590985, 
        0.5281812773198687
      ], 
      "visibility": 0.95746962115797
    }
  ]
}