{
  "camera_data": {
    "location_worldframe": [
      -14.731342461802646, 
      1.196982172796275, 
      87.19104269688145
    ], 
    "quaternion_xyzw_worldframe": [
      0.8979931257535082, 
      0.019522976755936994, 
      0.025425369545052628, 
      -0.43884244836243147
    ]
  }, 
  "objects": [
    {
      "bounding_box": {
        "bottom_right": [
          457, 
          407
        ], 
        "top_left": [
          299, 
          274
        ]
      }, 
      "class": "003_cracker_box", 
      "cuboid": [
        [
          -12.036221726048419, 
          25.939034075863553, 
          78.50295934511307
        ], 
        [
          -25.787375382908795, 
          20.80419270093829, 
          71.18057634181916
        ], 
        [
          -25.513942613123014, 
          3.0924809171027468, 
          83.08746709268875
        ], 
        [
          -11.76278895626264, 
          8.22732229202801, 
          90.40985009598266
        ], 
        [
          -15.9497328914487, 
          29.255760257924422, 
          83.52651937028067
        ], 
        [
          -29.70088654830908, 
          24.12091888299916, 
          76.20413636698677
        ], 
        [
          -29.4274537785233, 
          6.409207099163616, 
          88.11102711785637
        ], 
        [
          -15.67630012166292, 
          11.544048474088878, 
          95.43341012115026
        ]
      ], 
      "cuboid_centroid": [
        -20.73183775228586, 
        16.174120587513585, 
        83.30699323148471
      ], 
      "location": [
        -20.73183775228586, 
        16.174120587513585, 
        83.30699323148471
      ], 
      "pose_transform_permuted": [
        [
          0.5450572784074602, 
          -0.4619395907183922, 
          -0.6996601873638209, 
          0.0
        ], 
        [
          0.8383009263898308, 
          0.31303135641402474, 
          0.44638876186072096, 
          0.0
        ], 
        [
          -0.012810935524156242, 
          0.829833226876654, 
          -0.5578644060185913, 
          0.0
        ], 
        [
          -20.73183775228586, 
          16.174120587513585, 
          83.30699323148471, 
          1.0
        ]
      ], 
      "projected_cuboid": [
        [
          399.14607606283346, 
          449.50658059646383
        ], 
        [
          286.775345144775, 
          429.161693110771
        ], 
        [
          316.4640981463687, 
          293.1364707256131
        ], 
        [
          411.6311899105818, 
          321.81877302817844
        ], 
        [
          378.90881503186534, 
          460.08553288439714
        ], 
        [
          272.00125390327247, 
          442.09835080002574
        ], 
        [
          301.9938310510115, 
          312.0802709612063
        ], 
        [
          393.2616514846329, 
          337.79923969137985
        ]
      ], 
      "projected_cuboid_centroid": [
        347.76873208037136, 
        376.830969430589
      ], 
      "quaternion_xyzw": [
        0.9175775635648338, 
        0.08877786055280923, 
        0.2701259489215181, 
        0.27785225937058533
      ], 
      "visibility": 0.9068140653300856
    }, 
    {
      "bounding_box": {
        "bottom_right": [
          429, 
          317
        ], 
        "top_left": [
          312, 
          235
        ]
      }, 
      "class": "004_sugar_box", 
      "cuboid": [
        [
          -26.52573010707248, 
          22.317296866047915, 
          79.64746912526195
        ], 
        [
          -34.93150720350432, 
          20.244643347572552, 
          76.3403161582012
        ], 
        [
          -35.369785006894794, 
          5.837282636098862, 
          86.48363119434144
        ], 
        [
          -26.96400791046295, 
          7.909936154574224, 
          89.7907841614022
        ], 
        [
          -28.423172855348998, 
          24.713229356727386, 
          82.96861377846739
        ], 
        [
          -36.82894995178084, 
          22.640575838252023, 
          79.66146081140664
        ], 
        [
          -37.26722775517131, 
          8.233215126778331, 
          89.80477584754689
        ], 
        [
          -28.861450658739475, 
          10.305868645253694, 
          93.11192881460764
        ]
      ], 
      "cuboid_centroid": [
        -31.896478931121898, 
        15.275255996413122, 
        84.72612248640442
      ], 
      "location": [
        -31.896478931121898, 
        15.275255996413122, 
        84.72612248640442
      ], 
      "pose_transform_permuted": [
        [
          0.42040207284107406, 
          -0.5308486837791726, 
          -0.7358409615683142, 
          0.0
        ], 
        [
          0.9069970887365766, 
          0.22364270259019464, 
          0.35684721099776967, 
          0.0
        ], 
        [
          0.024866403237057463, 
          0.8174250173332698, 
          -0.5754974582284651, 
          0.0
        ], 
        [
          -31.896478931121898, 
          15.275255996413122, 
          84.72612248640442, 
          1.0
        ]
      ], 
      "projected_cuboid": [
        [
          302.5005660386605, 
          422.72319419694725
        ], 
        [
          235.52908552411486, 
          414.7172432093437
        ], 
        [
          261.6641473169585, 
          309.2833746006185
        ], 
        [
          320.1075201910605, 
          320.2682398594916
        ], 
        [
          297.371264451085, 
          432.1423821267226
        ], 
        [
          232.97893058249704, 
          424.8612435645685
        ], 
        [
          258.435506234758, 
          322.1807623490331
        ], 
        [
          314.9089780689326, 
          332.31572618616934
        ]
      ], 
      "projected_cuboid_centroid": [
        279.1473621962847, 
        369.4386209726854
      ], 
      "quaternion_xyzw": [
        0.9300891177245008, 
        0.05342936917686209, 
        0.20891795985647443, 
        0.2973763806403726
      ], 
      "visibility": 0.553906024791006
    }, 
    {
      "bounding_box": {
        "bottom_right": [
          335, 
          296
        ], 
        "top_left": [
          258, 
          172
        ]
      }, 
      "class": "024_bowl", 
      "cuboid": [
        [
          -42.35478608217298, 
          0.5593733600767488, 
          67.86834564383632
        ], 
        [
          -41.30249579164385, 
          10.055922328538646, 
          80.8470429675213
        ], 
        [
          -41.394714189470996, 
          5.620709512423582, 
          84.09977744198872
        ], 
        [
          -42.447004480000125, 
          -3.8758394560383156, 
          71.12108011830374
        ], 
        [
          -26.245214768998316, 
          -0.28199193330435623, 
          67.17783884296288
        ], 
        [
          -25.192924478469187, 
          9.214557035157542, 
          80.15653616664787
        ], 
        [
          -25.28514287629633, 
          4.7793442190424775, 
          83.40927064111528
        ], 
        [
          -26.33743316682546, 
          -4.7172047494194205, 
          70.4305733174303
        ]
      ], 
      "cuboid_centroid": [
        -33.819964479234656, 
        2.669358789559613, 
        75.6388081424758
      ], 
      "location": [
        -33.819964479234656, 
        2.669358789559613, 
        75.6388081424758
      ], 
      "pose_transform_permuted": [
        [
          -0.9977252961694755, 
          0.052108862502061995, 
          0.042765638452778906, 
          0.0
        ], 
        [
          -0.0652931365486127, 
          -0.5892475433053559, 
          -0.8053099645653511, 
          0.0
        ], 
        [
          0.016764238818891268, 
          0.8062704255752805, 
          -0.5913095307362121, 
          0.0
        ], 
        [
          -33.819964479234656, 
          2.669358789559613, 
          75.6388081424758, 
          1.0
        ]
      ], 
      "projected_cuboid": [
        [
          145.99319188699826, 
          277.68217727989025
        ], 
        [
          206.8684548164202, 
          339.62193019623936
        ], 
        [
          216.90448017073726, 
          308.9303237971537
        ], 
        [
          160.64480521091966, 
          244.22256595381344
        ], 
        [
          271.5020081995325, 
          271.0478261842448
        ], 
        [
          312.5796821710508, 
          334.5953713232351
        ], 
        [
          318.5763410712066, 
          303.8457054113769
        ], 
        [
          280.5008233667348, 
          237.56657217404776
        ]
      ], 
      "projected_cuboid_centroid": [
        241.1496000319193, 
        292.10784614246
      ], 
      "quaternion_xyzw": [
        -0.6515772499431455, 
        0.23251724265124585, 
        0.6917964296989166, 
        -0.20688286319127894
      ], 
      "visibility": 0.7157121065039523
    }, 
    {
      "bounding_box": {
        "bottom_right": [
          315, 
          426
        ], 
        "top_left": [
          235, 
          337
        ]
      }, 
      "class": "025_mug", 
      "cuboid": [
        [
          -7.334783239145369, 
          1.0218215168769285, 
          65.17484381408684
        ], 
        [
          -18.97133390697232, 
          2.095258725697598, 
          65.72727176167436
        ], 
        [
          -19.458420634450626, 
          -5.108516336048528, 
          69.46493713567006
        ], 
        [
          -7.821869966623675, 
          -6.181953544869198, 
          68.91250918808254
        ], 
        [
          -6.552654193521095, 
          5.2520895286036415, 
          73.42996052393111
        ], 
        [
          -18.189204861348045, 
          6.325526737424311, 
          73.98238847151863
        ], 
        [
          -18.67629158882635, 
          -0.878248324321816, 
          77.72005384551433
        ], 
        [
          -7.0397409209994, 
          -1.9516855331424856, 
          77.16762589792681
        ]
      ], 
      "cuboid_centroid": [
        -13.00553741398586, 
        0.07178659627755622, 
        71.44744882980059
      ], 
      "location": [
        -13.00553741398586, 
        0.07178659627755622, 
        71.44744882980059
      ], 
      "pose_transform_permuted": [
        [
          -0.08402039652401028, 
          -0.4544375352591859, 
          -0.8868078524810266, 
          0.0
        ], 
        [
          0.99466196351479, 
          -0.09175460944688947, 
          -0.047220098355010426, 
          0.0
        ], 
        [
          0.05991005908132426, 
          0.8860405451655486, 
          -0.4597204989377894, 
          0.0
        ], 
        [
          -13.00553741398586, 
          0.07178659627755622, 
          71.44744882980059, 
          1.0
        ]
      ], 
      "projected_cuboid": [
        [
          421.07705442458087, 
          281.6480068176417
        ], 
        [
          326.37838328346794, 
          290.28773824845035
        ], 
        [
          330.95936766093627, 
          234.06571787699474
        ], 
        [
          420.5585106549774, 
          225.4438904479569
        ], 
        [
          433.60873272043614, 
          311.43230543366695
        ], 
        [
          349.38317212933646, 
          318.8855967931117
        ], 
        [
          352.37125020705696, 
          267.25994629662904
        ], 
        [
          432.53868072167546, 
          259.79808213087546
        ]
      ], 
      "projected_cuboid_centroid": [
        383.7081987779248, 
        273.8223891312114
      ], 
      "quaternion_xyzw": [
        0.9705037816981145, 
        -0.03906854135664529, 
        -0.033807311561781336, 
        0.23548543844864014
      ], 
      "visibility": 0.8416130917592052
    }, 
    {
      "bounding_box": {
        "bottom_right": [
          335, 
          355
        ], 
        "top_left": [
          270, 
          310
        ]
      }, 
      "class": "061_foam_brick", 
      "cuboid": [
        [
          -23.54148106805062, 
          -0.5729172801961203, 
          78.58306969246945
        ], 
        [
          -23.34738649600812, 
          5.856558361646968, 
          74.19356340729189
        ], 
        [
          -25.02372855894553, 
          8.618313551898629, 
          78.16468628459948
        ], 
        [
          -25.217823130988027, 
          2.188837910055541, 
          82.55419256977706
        ], 
        [
          -18.576989982383, 
          0.29559432390600593, 
          80.07473061069713
        ], 
        [
          -18.382895410340506, 
          6.7250699657490935, 
          75.68522432551956
        ], 
        [
          -20.059237473277914, 
          9.486825156000755, 
          79.65634720282716
        ], 
        [
          -20.25333204532041, 
          3.0573495141576665, 
          84.04585348800472
        ]
      ], 
      "cuboid_centroid": [
        -21.800359270664266, 
        4.456953937902317, 
        79.1197084476483
      ], 
      "location": [
        -21.800359270664266, 
        4.456953937902317, 
        79.1197084476483
      ], 
      "pose_transform_permuted": [
        [
          -0.944537870249853, 
          -0.16524193249016328, 
          -0.28380154229811455, 
          0.0
        ], 
        [
          -0.024924182372067283, 
          -0.8256254761157088, 
          0.5636677730026732, 
          0.0
        ], 
        [
          0.3274553355756417, 
          -0.5394790792381347, 
          -0.7757160087734548, 
          0.0
        ], 
        [
          -21.800359270664266, 
          4.456953937902317, 
          79.1197084476483, 
          1.0
        ]
      ], 
      "projected_cuboid": [
        [
          320.49670111894727, 
          269.3983212667983
        ], 
        [
          312.37235753367315, 
          315.3847621508929
        ], 
        [
          309.43670550948036, 
          332.08950399605624
        ], 
        [
          317.32633413891585, 
          287.4269478804643
        ], 
        [
          356.8381508305715, 
          275.25527693829474
        ], 
        [
          350.9816182911606, 
          320.6750678152665
        ], 
        [
          346.1761451352413, 
          336.803254671104
        ], 
        [
          352.0069374907168, 
          292.687190135343
        ]
      ], 
      "projected_cuboid_centroid": [
        333.42351005613494, 
        303.3293789247617
      ], 
      "quaternion_xyzw": [
        0.4240867484041187, 
        -0.6797434817466654, 
        -0.2245236963194632, 
        0.5546966185600812
      ], 
      "visibility": 0.7693327441449404
    }
  ]
}