{
  "camera_data": {
    "location_worldframe": [
      -16.564088241428795, 
      -0.7196850274144975, 
      91.3174473107083
    ], 
    "quaternion_xyzw_worldframe": [
      0.8804309327967089, 
      0.02955558806322484, 
      0.00589997222542063, 
      -0.47321501412388084
    ]
  }, 
  "objects": [
    {
      "bounding_box": {
        "bottom_right": [
          434, 
          400
        ], 
        "top_left": [
          285, 
          271
        ]
      }, 
      "class": "003_cracker_box", 
      "cuboid": [
        [
          -15.020095997040645, 
          24.691783621997878, 
          84.47725288301451
        ], 
        [
          -28.774839107067823, 
          19.59637884541607, 
          77.13409226737336
        ], 
        [
          -27.519818732078825, 
          1.062152300190805, 
          87.6441311528878
        ], 
        [
          -13.765075622051647, 
          6.157557076772615, 
          94.98729176852895
        ], 
        [
          -18.909423990882104, 
          27.467431583899586, 
          89.836478916954
        ], 
        [
          -32.66416710090929, 
          22.37202680731778, 
          82.49331830131284
        ], 
        [
          -31.40914672592029, 
          3.837800262092514, 
          93.00335718682727
        ], 
        [
          -17.65440361589311, 
          8.933205038674325, 
          100.34651780246841
        ]
      ], 
      "cuboid_centroid": [
        -23.214621361480468, 
        14.264791942045196, 
        88.7403050349209
      ], 
      "location": [
        -23.214621361480468, 
        14.264791942045196, 
        88.7403050349209
      ], 
      "pose_transform_permuted": [
        [
          0.5416891485833659, 
          -0.3865805053290601, 
          -0.7464103289790118, 
          0.0
        ], 
        [
          0.8385197474422348, 
          0.3106272136235406, 
          0.4476554113443578, 
          0.0
        ], 
        [
          -0.05880050557979055, 
          0.8683698791736181, 
          -0.4924187785691741, 
          0.0
        ], 
        [
          -23.214621361480468, 
          14.264791942045196, 
          88.7403050349209, 
          1.0
        ]
      ], 
      "projected_cuboid": [
        [
          385.98236933912415, 
          429.17006046377884
        ], 
        [
          280.9844393845889, 
          408.7795773144699
        ], 
        [
          312.7418577315638, 
          279.7497958693352
        ], 
        [
          403.6670404217801, 
          307.85901301882694
        ], 
        [
          368.404656148359, 
          436.3485740241537
        ], 
        [
          268.66329336115194, 
          417.9217673219735
        ], 
        [
          299.98309891019704, 
          295.2940665049668
        ], 
        [
          386.98588349879327, 
          320.76455009329123
        ]
      ], 
      "projected_cuboid_centroid": [
        340.9170472041562, 
        359.01638632442763
      ], 
      "quaternion_xyzw": [
        0.9291528339830408, 
        0.09939907238395025, 
        0.2661953243167371, 
        0.23650557038345046
      ], 
      "visibility": 0.8953603859250852
    }, 
    {
      "bounding_box": {
        "bottom_right": [
          405, 
          315
        ], 
        "top_left": [
          294, 
          236
        ]
      }, 
      "class": "004_sugar_box", 
      "cuboid": [
        [
          -29.32966353336457, 
          20.43805660263856, 
          85.70769695269946
        ], 
        [
          -37.74373443495793, 
          18.297674824241568, 
          82.46541092957455
        ], 
        [
          -37.369979248470244, 
          3.1612981875429615, 
          91.48768222888869
        ], 
        [
          -28.95590834687688, 
          5.301679965939956, 
          94.72996825201362
        ], 
        [
          -31.21927700076642, 
          22.50215026805079, 
          89.24883541011884
        ], 
        [
          -39.63334790235978, 
          20.361768489653798, 
          86.00654938699391
        ], 
        [
          -39.259592715872095, 
          5.22539185295519, 
          95.02882068630807
        ], 
        [
          -30.845521814278733, 
          7.365773631352182, 
          98.27110670943298
        ]
      ], 
      "cuboid_centroid": [
        -34.294628124618335, 
        12.831724227796876, 
        90.36825881950377
      ], 
      "location": [
        -34.294628124618335, 
        12.831724227796876, 
        90.36825881950377
      ], 
      "pose_transform_permuted": [
        [
          0.4186673981524406, 
          -0.4573256591091472, 
          -0.7845833288348556, 
          0.0
        ], 
        [
          0.9078920038705077, 
          0.23095069254393613, 
          0.3498479617159857, 
          0.0
        ], 
        [
          -0.02120560773839689, 
          0.8587869202693594, 
          -0.5118932204809744, 
          0.0
        ], 
        [
          -34.294628124618335, 
          12.831724227796876, 
          90.36825881950377, 
          1.0
        ]
      ], 
      "projected_cuboid": [
        [
          297.57115003027286, 
          400.46316523537945
        ], 
        [
          235.46693952404974, 
          391.6211003181152
        ], 
        [
          261.9365673017006, 
          291.71505415525235
        ], 
        [
          317.21988308875, 
          303.13442879904676
        ], 
        [
          293.48700854511185, 
          407.7514567253575
        ], 
        [
          233.78584356054404, 
          399.5482001563357
        ], 
        [
          259.42871885987654, 
          302.61241811755997
        ], 
        [
          312.8026767499915, 
          313.26076290210244
        ]
      ], 
      "projected_cuboid_centroid": [
        277.5163747165697, 
        349.01456357285826
      ], 
      "quaternion_xyzw": [
        0.9422396527655164, 
        0.06690344105723073, 
        0.2039065532884332, 
        0.25715827092009447
      ], 
      "visibility": 0.5502948885976409
    }, 
    {
      "bounding_box": {
        "bottom_right": [
          317, 
          292
        ], 
        "top_left": [
          248, 
          176
        ]
      }, 
      "class": "024_bowl", 
      "cuboid": [
        [
          -44.67798761829141, 
          -0.9653674161687201, 
          72.70636642473889
        ], 
        [
          -43.608970484996675, 
          7.560459100855067, 
          86.34109509663041
        ], 
        [
          -43.44759720761663, 
          2.8926677186168495, 
          89.24722324173486
        ], 
        [
          -44.51661434091136, 
          -5.633158798406936, 
          75.61249456984334
        ], 
        [
          -28.5742121877123, 
          -1.1304497802850055, 
          71.54699254727167
        ], 
        [
          -27.50519505441757, 
          7.395376736738781, 
          85.1817212191632
        ], 
        [
          -27.34382177703752, 
          2.727585354500564, 
          88.08784936426764
        ], 
        [
          -28.412838910332255, 
          -5.798241162523223, 
          74.45312069237612
        ]
      ], 
      "cuboid_centroid": [
        -36.010904697664465, 
        0.8811089691659219, 
        80.39710789450326
      ], 
      "location": [
        -36.010904697664465, 
        0.8811089691659219, 
        80.39710789450326
      ], 
      "pose_transform_permuted": [
        [
          -0.9973663357373945, 
          0.010224160992762018, 
          0.07180430954864263, 
          0.0
        ], 
        [
          -0.06633101368057072, 
          -0.5290155767624716, 
          -0.8460157895493308, 
          0.0
        ], 
        [
          -0.029335796595135206, 
          0.8485505206377895, 
          -0.528300506306274, 
          0.0
        ], 
        [
          -36.010904697664465, 
          0.8811089691659219, 
          80.39710789450326, 
          1.0
        ]
      ], 
      "projected_cuboid": [
        [
          151.14163153846266, 
          266.2053238688988
        ], 
        [
          209.98440128219116, 
          319.98667413025134
        ], 
        [
          219.80119925904404, 
          290.5724129466067
        ], 
        [
          164.99022357082995, 
          233.5540318738871
        ], 
        [
          266.826572043387, 
          264.8600341669084
        ], 
        [
          307.9529587005718, 
          319.5887162208651
        ], 
        [
          314.6668560516663, 
          289.8004464810114
        ], 
        [
          276.37528298619173, 
          231.7528113737968
        ]
      ], 
      "projected_cuboid_centroid": [
        240.72560863300416, 
        279.1314331582685
      ], 
      "quaternion_xyzw": [
        -0.6539142140618631, 
        0.19103414844873856, 
        0.704749218493182, 
        -0.19806739713433558
      ], 
      "visibility": 0.7254869319127685
    }, 
    {
      "bounding_box": {
        "bottom_right": [
          306, 
          413
        ], 
        "top_left": [
          232, 
          328
        ]
      }, 
      "class": "025_mug", 
      "cuboid": [
        [
          -9.787876327268968, 
          1.04885985834188, 
          69.1723511958408
        ], 
        [
          -21.435747944253915, 
          1.6280860808742657, 
          70.09881722372721
        ], 
        [
          -21.554037327772022, 
          -5.850100520496547, 
          73.28699912649125
        ], 
        [
          -9.906165710787073, 
          -6.429326743028932, 
          72.36053309860485
        ], 
        [
          -8.929092714829748, 
          4.672495366210502, 
          77.70379899802052
        ], 
        [
          -20.576964331814697, 
          5.251721588742889, 
          78.63026502590692
        ], 
        [
          -20.6952537153328, 
          -2.226465012627924, 
          81.81844692867098
        ], 
        [
          -9.047382098347853, 
          -2.80569123516031, 
          80.89198090078456
        ]
      ], 
      "cuboid_centroid": [
        -15.241565021300884, 
        -0.588802577143022, 
        75.49539906225588
      ], 
      "location": [
        -15.241565021300884, 
        -0.588802577143022, 
        75.49539906225588
      ], 
      "pose_transform_permuted": [
        [
          -0.09225503137768364, 
          -0.38926989597553374, 
          -0.9164927850120841, 
          0.0
        ], 
        [
          0.9956296486854033, 
          -0.04951074491655236, 
          -0.0791918966996882, 
          0.0
        ], 
        [
          0.01454920357192184, 
          0.9197922584109981, 
          -0.39213584641373883, 
          0.0
        ], 
        [
          -15.241565021300884, 
          -0.588802577143022, 
          75.49539906225588, 
          1.0
        ]
      ], 
      "projected_cuboid": [
        [
          405.5035489536756, 
          281.37325894415244
        ], 
        [
          317.1524408453405, 
          285.67319762003336
        ], 
        [
          323.43824350039745, 
          230.71455102211755
        ], 
        [
          407.97711019024644, 
          225.90040479760728
        ], 
        [
          419.8015734455901, 
          305.3561833940099
        ], 
        [
          340.8681651617357, 
          308.9069949100294
        ], 
        [
          345.5744091087722, 
          258.7737057650642
        ], 
        [
          421.4507295833726, 
          254.78865891629152
        ]
      ], 
      "projected_cuboid_centroid": [
        373.02932397582157, 
        269.1270799361435
      ], 
      "quaternion_xyzw": [
        0.9787638494688702, 
        -0.016362462846180044, 
        -0.04379169913417014, 
        0.19958995798968904
      ], 
      "visibility": 0.8583795782463929
    }, 
    {
      "bounding_box": {
        "bottom_right": [
          321, 
          349
        ], 
        "top_left": [
          260, 
          306
        ]
      }, 
      "class": "061_foam_brick", 
      "cuboid": [
        [
          -25.542141951512004, 
          -2.1748456244425807, 
          82.82482408758844
        ], 
        [
          -25.706569548239123, 
          4.569591140417631, 
          78.93520566802596
        ], 
        [
          -27.370408736596772, 
          6.957774885769755, 
          83.14655330307727
        ], 
        [
          -27.205981139869657, 
          0.21333812090954252, 
          87.03617172263975
        ], 
        [
          -20.572731629511683, 
          -1.2303114503759434, 
          84.25253298183753
        ], 
        [
          -20.7371592262388, 
          5.51412531448427, 
          80.36291456227505
        ], 
        [
          -22.40099841459645, 
          7.902309059836393, 
          84.57426219732636
        ], 
        [
          -22.23657081786933, 
          1.1578722949761804, 
          88.46388061688884
        ]
      ], 
      "cuboid_centroid": [
        -23.97157018305423, 
        2.863731717696906, 
        83.6995431424574
      ], 
      "location": [
        -23.97157018305423, 
        2.863731717696906, 
        83.6995431424574
      ], 
      "pose_transform_permuted": [
        [
          -0.9454737980073562, 
          -0.1797058916525644, 
          -0.2716341101314441, 
          0.0
        ], 
        [
          0.02111456989600992, 
          -0.8660704426471331, 
          0.499475888618365, 
          0.0
        ], 
        [
          0.3250130339227202, 
          -0.466505928020594, 
          -0.8226413233615201, 
          0.0
        ], 
        [
          -23.97157018305423, 
          2.863731717696906, 
          83.6995431424574, 
          1.0
        ]
      ], 
      "projected_cuboid": [
        [
          315.75735823001276, 
          259.2824302194592
        ], 
        [
          306.46522510654563, 
          304.1606254262629
        ], 
        [
          304.57444595000715, 
          317.91517806891386
        ], 
        [
          313.5014665829942, 
          274.5937806538333
        ], 
        [
          350.286182330546, 
          265.49865117657646
        ], 
        [
          342.8303490991123, 
          309.8804200014226
        ], 
        [
          339.1606990095401, 
          323.11796499463765
        ], 
        [
          346.4229439997011, 
          280.2669684736991
        ]
      ], 
      "projected_cuboid_centroid": [
        327.58131929998115, 
        291.53376070995904
      ], 
      "quaternion_xyzw": [
        0.4544894806282264, 
        -0.6551765922741799, 
        -0.24532906062671817, 
        0.5513588640316668
      ], 
      "visibility": 0.6927290836653387
    }
  ]
}