{
  "camera_data": {
    "location_worldframe": [
      -10.1348707510334, 
      6.411445626370749, 
      83.16093955860005
    ], 
    "quaternion_xyzw_worldframe": [
      0.9317807348410941, 
      -0.016216269606270404, 
      0.134953721869345, 
      -0.3366122517128286
    ]
  }, 
  "objects": [
    {
      "bounding_box": {
        "bottom_right": [
          507, 
          461
        ], 
        "top_left": [
          342, 
          326
        ]
      }, 
      "class": "003_cracker_box", 
      "cuboid": [
        [
          -1.7209700899688471, 
          27.98196883174252, 
          70.5580578714916
        ], 
        [
          -14.937207610796985, 
          23.455241349842172, 
          61.960504743722126
        ], 
        [
          -19.66236336012928, 
          8.932294833770673, 
          76.87058438074197
        ], 
        [
          -6.446125839301148, 
          13.459022315671024, 
          85.46813750851146
        ], 
        [
          -5.665729532820639, 
          32.856221548049156, 
          74.05561858298064
        ], 
        [
          -18.881967053648772, 
          28.329494066148797, 
          65.45806545521116
        ], 
        [
          -23.607122802981074, 
          13.806547550077303, 
          80.36814509223102
        ], 
        [
          -10.390885282152938, 
          18.333275031977653, 
          88.96569822000049
        ]
      ], 
      "cuboid_centroid": [
        -12.664046446474961, 
        20.894258190909913, 
        75.4631014818613
      ], 
      "location": [
        -12.664046446474961, 
        20.894258190909913, 
        75.4631014818613
      ], 
      "pose_transform_permuted": [
        [
          0.5494094062902738, 
          -0.6788652970531451, 
          -0.4871254589289229, 
          0.0
        ], 
        [
          0.80569124842634, 
          0.2759593803024799, 
          0.5241259701944531, 
          0.0
        ], 
        [
          0.22138409267373857, 
          0.6804324572505459, 
          -0.698570507988284, 
          0.0
        ], 
        [
          -12.664046446474961, 
          20.894258190909913, 
          75.4631014818613, 
          1.0
        ]
      ], 
      "projected_cuboid": [
        [
          468.4805545955906, 
          484.7908282615472
        ], 
        [
          351.95492346441813, 
          475.17546047514475
        ], 
        [
          344.044953353714, 
          335.2578082128841
        ], 
        [
          441.0381587140817, 
          357.27058607854025
        ], 
        [
          440.45467457026666, 
          509.9041872007134
        ], 
        [
          326.4742069066829, 
          504.1010886672605
        ], 
        [
          323.6357127309361, 
          364.9061986814508
        ], 
        [
          418.78809520029404, 
          383.1883854781842
        ]
      ], 
      "projected_cuboid_centroid": [
        391.3507319521503, 
        420.9523090699032
      ], 
      "quaternion_xyzw": [
        0.8621556072725225, 
        0.01582524290522024, 
        0.3112939727553695, 
        0.39941624035799767
      ], 
      "visibility": 0.940096567092906
    }, 
    {
      "bounding_box": {
        "bottom_right": [
          496, 
          350
        ], 
        "top_left": [
          370, 
          273
        ]
      }, 
      "class": "004_sugar_box", 
      "cuboid": [
        [
          -16.63455163516328, 
          26.87425011495898, 
          69.70335954369409
        ], 
        [
          -24.692457527793984, 
          25.39108609495042, 
          65.37200651428807
        ], 
        [
          -29.246161846931397, 
          13.77503404442696, 
          77.82118647761291
        ], 
        [
          -21.188255954300693, 
          15.258198064435522, 
          82.15253950701893
        ], 
        [
          -18.534935809848317, 
          30.191014321659793, 
          72.10302586969668
        ], 
        [
          -26.59284170247902, 
          28.707850301651227, 
          67.77167284029066
        ], 
        [
          -31.146546021616434, 
          17.09179825112777, 
          80.2208528036155
        ], 
        [
          -23.08864012898573, 
          18.57496227113633, 
          84.55220583302152
        ]
      ], 
      "cuboid_centroid": [
        -23.890548828389857, 
        21.983024183043376, 
        74.9621061736548
      ], 
      "location": [
        -23.890548828389857, 
        21.983024183043376, 
        74.9621061736548
      ], 
      "pose_transform_permuted": [
        [
          0.42105378249627906, 
          -0.7348704190883422, 
          -0.5316759614985747, 
          0.0
        ], 
        [
          0.869461217218302, 
          0.16003582212971573, 
          0.46736007187595097, 
          0.0
        ], 
        [
          0.25836181286397036, 
          0.6590555854676079, 
          -0.706324451167635, 
          0.0
        ], 
        [
          -23.890548828389857, 
          21.983024183043376, 
          74.9621061736548, 
          1.0
        ]
      ], 
      "projected_cuboid": [
        [
          353.26088300593244, 
          478.9088202239798
        ], 
        [
          278.4716660696974, 
          480.4327489434913
        ], 
        [
          279.49871757614886, 
          367.6887920110048
        ], 
        [
          342.9004235574824, 
          372.3400289690423
        ], 
        [
          343.35846633997306, 
          496.5983751661874
        ], 
        [
          270.584520641432, 
          499.19890099328796
        ], 
        [
          272.80482687620986, 
          386.9152317732064
        ], 
        [
          334.7500441251733, 
          390.4495503270372
        ]
      ], 
      "projected_cuboid_centroid": [
        310.21077565575877, 
        429.68525584806656
      ], 
      "quaternion_xyzw": [
        0.8746703327803688, 
        -0.02810372864188148, 
        0.2539282004535851, 
        0.4119251608988388
      ], 
      "visibility": 0.6209431188510687
    }, 
    {
      "bounding_box": {
        "bottom_right": [
          391, 
          337
        ], 
        "top_left": [
          296, 
          197
        ]
      }, 
      "class": "024_bowl", 
      "cuboid": [
        [
          -34.237314472855765, 
          5.644673384219305, 
          59.595922494182396
        ], 
        [
          -33.40901341848045, 
          17.48693944926997, 
          70.49605979577794
        ], 
        [
          -34.78863598088074, 
          13.933173856521233, 
          74.46182456636497
        ], 
        [
          -35.616937035256065, 
          2.090907791470569, 
          63.56168726476943
        ], 
        [
          -18.62911016388998, 
          2.3075982891359317, 
          62.035363240045086
        ], 
        [
          -17.800809109514663, 
          14.149864354186596, 
          72.93550054164062
        ], 
        [
          -19.180431671914967, 
          10.59609876143786, 
          76.90126531222765
        ], 
        [
          -20.008732726290283, 
          -1.2461673036128051, 
          66.00112801063212
        ]
      ], 
      "cuboid_centroid": [
        -26.708873072385366, 
        8.120386072828582, 
        68.24859390320502
      ], 
      "location": [
        -26.708873072385366, 
        8.120386072828582, 
        68.24859390320502
      ], 
      "pose_transform_permuted": [
        [
          -0.9666737844290718, 
          0.2066773952488068, 
          -0.15108358213500422, 
          0.0
        ], 
        [
          -0.05139491862031019, 
          -0.7347959989648408, 
          -0.6763382306548058, 
          0.0
        ], 
        [
          0.250799435480999, 
          0.6460335085724502, 
          -0.720930197012153, 
          0.0
        ], 
        [
          -26.708873072385366, 
          8.120386072828582, 
          68.24859390320502, 
          1.0
        ]
      ], 
      "projected_cuboid": [
        [
          172.65654061731794, 
          323.8003102399814
        ], 
        [
          226.74360154860256, 
          405.5794247759716
        ], 
        [
          230.35320328220993, 
          373.0804191639758
        ], 
        [
          180.25977005669856, 
          290.83047238253585
        ], 
        [
          320.1074830498405, 
          293.12501870292783
        ], 
        [
          350.3491232311715, 
          376.753295640754
        ], 
        [
          347.4699392359865, 
          346.77176545781305
        ], 
        [
          318.56990840347675, 
          263.21693088597425
        ]
      ], 
      "projected_cuboid_centroid": [
        271.14480812926683, 
        336.74221769392733
      ], 
      "quaternion_xyzw": [
        0.6606288996265499, 
        -0.37297620305552476, 
        -0.6217605739064186, 
        0.1946072908913199
      ], 
      "visibility": 0.7633766995989436
    }, 
    {
      "bounding_box": {
        "bottom_right": [
          334, 
          477
        ], 
        "top_left": [
          246, 
          386
        ]
      }, 
      "class": "025_mug", 
      "cuboid": [
        [
          0.28688257511610277, 
          0.3402117603170822, 
          63.31209732184225
        ], 
        [
          -10.910651755040636, 
          3.2116489210365287, 
          61.51297834843861
        ], 
        [
          -13.250217500210598, 
          -2.848578688869449, 
          66.4019296172127
        ], 
        [
          -2.052683170053858, 
          -5.720015849588894, 
          68.20104859061635
        ], 
        [
          0.5937211736371364, 
          6.109827957366694, 
          70.61081119494332
        ], 
        [
          -10.603813156519601, 
          8.98126511808614, 
          68.81169222153967
        ], 
        [
          -12.943378901689561, 
          2.921037508180163, 
          73.70064349031377
        ], 
        [
          -1.7458445715328244, 
          0.04960034746071679, 
          75.49976246371742
        ]
      ], 
      "cuboid_centroid": [
        -6.32824816328673, 
        1.6306246342486226, 
        68.506370406078
      ], 
      "location": [
        -6.32824816328673, 
        1.6306246342486226, 
        68.506370406078
      ], 
      "pose_transform_permuted": [
        [
          -0.03296220855221069, 
          -0.6198023758093952, 
          -0.784066052992282, 
          0.0
        ], 
        [
          0.957135993413577, 
          -0.24544295005625566, 
          0.1537839916454018, 
          0.0
        ], 
        [
          0.2877588612266542, 
          0.7453879846724226, 
          -0.6013248623593773, 
          0.0
        ], 
        [
          -6.32824816328673, 
          1.6306246342486226, 
          68.506370406078, 
          1.0
        ]
      ], 
      "projected_cuboid": [
        [
          484.0338092082649, 
          276.1523661861129
        ], 
        [
          386.21303662291547, 
          301.13164172778534
        ], 
        [
          374.28858814580275, 
          250.40764262800488
        ], 
        [
          465.4116999446887, 
          228.55707220816538
        ], 
        [
          486.118782972497, 
          319.43373335176074
        ], 
        [
          398.7281701846097, 
          342.89512359369115
        ], 
        [
          387.15442772849735, 
          294.42402650953295
        ], 
        [
          469.1618989758067, 
          273.63690778088477
        ]
      ], 
      "projected_cuboid_centroid": [
        431.9213362099219, 
        285.9808910042444
      ], 
      "quaternion_xyzw": [
        0.9336206444641049, 
        -0.1427779619175425, 
        0.03235301827610679, 
        0.32698699557722816
      ], 
      "visibility": 0.8711538461538462
    }, 
    {
      "bounding_box": {
        "bottom_right": [
          370, 
          395
        ], 
        "top_left": [
          304, 
          347
        ]
      }, 
      "class": "061_foam_brick", 
      "cuboid": [
        [
          -17.744820069279868, 
          4.121304117558577, 
          73.58535886650759
        ], 
        [
          -15.734446400088785, 
          9.335323606557676, 
          68.16170754676698
        ], 
        [
          -17.449659536628488, 
          13.114432882244442, 
          71.15897435641052
        ], 
        [
          -19.46003320581957, 
          7.900413393245344, 
          76.58262567615115
        ], 
        [
          -12.982125801392531, 
          4.553360987698113, 
          75.76609420411722
        ], 
        [
          -10.971752132201445, 
          9.76738047669721, 
          70.34244288437661
        ], 
        [
          -12.68696526874115, 
          13.546489752383978, 
          73.33970969402017
        ], 
        [
          -14.69733893793223, 
          8.332470263384879, 
          78.76336101376079
        ]
      ], 
      "cuboid_centroid": [
        -15.215892669010508, 
        8.833896934971278, 
        73.46253428026388
      ], 
      "location": [
        -15.215892669010508, 
        8.833896934971278, 
        73.46253428026388
      ], 
      "pose_transform_permuted": [
        [
          -0.9061442598675824, 
          -0.08220260020741581, 
          -0.4149039802510602, 
          0.0
        ], 
        [
          -0.2581572448916791, 
          -0.6695456306056451, 
          0.696464992262229, 
          0.0
        ], 
        [
          0.33504838041538115, 
          -0.738208223373344, 
          -0.5854837331002475, 
          0.0
        ], 
        [
          -15.215892669010508, 
          8.833896934971278, 
          73.46253428026388, 
          1.0
        ]
      ], 
      "projected_cuboid": [
        [
          351.91738984372876, 
          303.1562325505036
        ], 
        [
          357.4596403495766, 
          346.3291754652616
        ], 
        [
          349.72615461996884, 
          371.57609234253573
        ], 
        [
          344.948507482816, 
          328.3048288870377
        ], 
        [
          389.4540042662833, 
          305.33776893765565
        ], 
        [
          397.71864141341206, 
          347.3404813889525
        ], 
        [
          388.56979308559306, 
          371.7953580778786
        ], 
        [
          381.24964948171373, 
          329.70705521759027
        ]
      ], 
      "projected_cuboid_centroid": [
        370.212951245758, 
        337.4184152341569
      ], 
      "quaternion_xyzw": [
        0.32347276237190264, 
        -0.7764131388178726, 
        -0.16205326382649243, 
        0.5160297952227673
      ], 
      "visibility": 0.9770114942528736
    }
  ]
}