{
  "camera_data": {
    "location_worldframe": [
      -9.44600008583774, 
      8.094187797461126, 
      84.55537166255445
    ], 
    "quaternion_xyzw_worldframe": [
      0.9348756177121346, 
      -0.04090029353403318, 
      0.17779968786416017, 
      -0.304506872973198
    ]
  }, 
  "objects": [
    {
      "bounding_box": {
        "bottom_right": [
          512, 
          486
        ], 
        "top_left": [
          355, 
          337
        ]
      }, 
      "class": "003_cracker_box", 
      "cuboid": [
        [
          1.4984162476796112, 
          28.124293753363784, 
          71.36713013317465
        ], 
        [
          -11.525509997635206, 
          24.18993893599886, 
          62.20327106535648
        ], 
        [
          -18.33777363291493, 
          11.007245157423275, 
          77.54482235752201
        ], 
        [
          -5.313847387600114, 
          14.9415999747882, 
          86.70868142534019
        ], 
        [
          -2.21681731377716, 
          33.50208934032426, 
          74.3384516815158
        ], 
        [
          -15.24074355909198, 
          29.567734522959334, 
          65.17459261369763
        ], 
        [
          -22.053007194371705, 
          16.385040744383748, 
          80.51614390586315
        ], 
        [
          -9.029080949056885, 
          20.31939556174867, 
          89.68000297368133
        ]
      ], 
      "cuboid_centroid": [
        -10.277295473346046, 
        22.254667248873766, 
        75.94163701951891
      ], 
      "location": [
        -10.277295473346046, 
        22.254667248873766, 
        75.94163701951891
      ], 
      "pose_transform_permuted": [
        [
          0.5174420125740361, 
          -0.7489966177624319, 
          -0.41383309462121165, 
          0.0
        ], 
        [
          0.7939675251343967, 
          0.23984702450749423, 
          0.5586492404602934, 
          0.0
        ], 
        [
          0.3191697552326853, 
          0.6176386252618429, 
          -0.7187859180099236, 
          0.0
        ], 
        [
          -10.277295473346046, 
          22.254667248873766, 
          75.94163701951891, 
          1.0
        ]
      ], 
      "projected_cuboid": [
        [
          492.887902022381, 
          483.4566344045012
        ], 
        [
          381.9559335562239, 
          480.68669442541744
        ], 
        [
          354.4268141854933, 
          348.98958585423946
        ], 
        [
          448.64078521285796, 
          365.1879224734296
        ], 
        [
          465.56062284928515, 
          513.6375261738204
        ], 
        [
          355.8437170337471, 
          515.2374458231759
        ], 
        [
          334.3059399122036, 
          381.81710931944787
        ], 
        [
          427.4543986409711, 
          394.1243079630187
        ]
      ], 
      "projected_cuboid_centroid": [
        408.820659181307, 
        429.5756348010271
      ], 
      "quaternion_xyzw": [
        0.8404521469151963, 
        -0.023595254951854785, 
        0.32009295739918836, 
        0.4366050289596257
      ], 
      "visibility": 0.9323083729675921
    }, 
    {
      "bounding_box": {
        "bottom_right": [
          514, 
          374
        ], 
        "top_left": [
          390, 
          286
        ]
      }, 
      "class": "004_sugar_box", 
      "cuboid": [
        [
          -13.379103705085416, 
          28.18758277056354, 
          69.62660211474744
        ], 
        [
          -21.264843631432598, 
          27.11291355440761, 
          64.87787240671543
        ], 
        [
          -27.514582655092134, 
          16.66292230044228, 
          77.62108295013991
        ], 
        [
          -19.62884272874495, 
          17.73759151659821, 
          82.36981265817194
        ], 
        [
          -15.128664785479218, 
          31.784246703387247, 
          71.71797196981665
        ], 
        [
          -23.0144047118264, 
          30.709577487231314, 
          66.96924226178463
        ], 
        [
          -29.264143735485938, 
          20.259586233265985, 
          79.71245280520911
        ], 
        [
          -21.378403809138753, 
          21.334255449421917, 
          84.46118251324113
        ]
      ], 
      "cuboid_centroid": [
        -21.321623720285675, 
        24.223584501914765, 
        74.66952745997828
      ], 
      "location": [
        -21.321623720285675, 
        24.223584501914765, 
        74.66952745997828
      ], 
      "pose_transform_permuted": [
        [
          0.3876370475091856, 
          -0.7968856894603188, 
          -0.4633690386426858, 
          0.0
        ], 
        [
          0.8508842280348801, 
          0.11595856507092107, 
          0.512395697741051, 
          0.0
        ], 
        [
          0.3545890973406991, 
          0.5928972316978506, 
          -0.7230067538355383, 
          0.0
        ], 
        [
          -21.321623720285675, 
          24.223584501914765, 
          74.66952745997828, 
          1.0
        ]
      ], 
      "projected_cuboid": [
        [
          378.2629935531282, 
          489.19524869266786
        ], 
        [
          305.335620853355, 
          496.1644965054764
        ], 
        [
          290.9742131056961, 
          387.77428329405126
        ], 
        [
          353.44714390155065, 
          388.1320694791166
        ], 
        [
          368.1575596494363, 
          509.6451624332452
        ], 
        [
          296.79105476229375, 
          517.8468542058605
        ], 
        [
          284.1724138603608, 
          408.8341683065079
        ], 
        [
          345.4808558916344, 
          407.99902820460596
        ]
      ], 
      "projected_cuboid_centroid": [
        328.04042520224056, 
        446.3010517855641
      ], 
      "quaternion_xyzw": [
        0.8525184013227245, 
        -0.06997811774488706, 
        0.2639335244417572, 
        0.44570663839562535
      ], 
      "visibility": 0.6602228792358427
    }, 
    {
      "bounding_box": {
        "bottom_right": [
          410, 
          352
        ], 
        "top_left": [
          312, 
          215
        ]
      }, 
      "class": "024_bowl", 
      "cuboid": [
        [
          -32.096924925744965, 
          7.9036518386464385, 
          59.580769958043255
        ], 
        [
          -30.908270085874246, 
          20.262406796596764, 
          69.85630483204152
        ], 
        [
          -32.816089518844166, 
          17.073561805261317, 
          73.91233628543719
        ], 
        [
          -34.00474435871488, 
          4.714806847310987, 
          63.63680141143894
        ], 
        [
          -16.99969024435608, 
          3.4552158432444537, 
          63.18464360498196
        ], 
        [
          -15.811035404485363, 
          15.813970801194783, 
          73.46017847898023
        ], 
        [
          -17.718854837455282, 
          12.62512580985933, 
          77.5162099323759
        ], 
        [
          -18.907509677326, 
          0.26637085190900356, 
          67.24067505837765
        ]
      ], 
      "cuboid_centroid": [
        -24.907889881600124, 
        10.264388824252885, 
        68.54848994520958
      ], 
      "location": [
        -24.907889881600124, 
        10.264388824252885, 
        68.54848994520958
      ], 
      "pose_transform_permuted": [
        [
          -0.9350275467299447, 
          0.2755080836554399, 
          -0.22320121571507553, 
          0.0
        ], 
        [
          -0.07375436556562967, 
          -0.7668434103240981, 
          -0.6375825261113407, 
          0.0
        ], 
        [
          0.3468195213885631, 
          0.5796951611692253, 
          -0.7373396365995751, 
          0.0
        ], 
        [
          -24.907889881600124, 
          10.264388824252885, 
          68.54848994520958, 
          1.0
        ]
      ], 
      "projected_cuboid": [
        [
          191.8966956355539, 
          344.03373220341484
        ], 
        [
          243.66070035737735, 
          427.9803537048307
        ], 
        [
          242.83703206192297, 
          396.4820060568074
        ], 
        [
          194.23932097117245, 
          312.79981908246134
        ], 
        [
          336.9128356246664, 
          302.45081221246335
        ], 
        [
          365.85264673651255, 
          388.095683434126
        ], 
        [
          358.6735853970564, 
          360.14871610226214
        ], 
        [
          330.382371119358, 
          275.39925906262187
        ]
      ], 
      "projected_cuboid_centroid": [
        286.1942681200429, 
        353.1453295264074
      ], 
      "quaternion_xyzw": [
        0.6574842224948579, 
        -0.42345614298043893, 
        -0.5979649469282834, 
        0.17560556479655567
      ], 
      "visibility": 0.783163755039355
    }, 
    {
      "bounding_box": {
        "bottom_right": [
          338, 
          485
        ], 
        "top_left": [
          251, 
          396
        ]
      }, 
      "class": "025_mug", 
      "cuboid": [
        [
          1.572599238297432, 
          0.031043480101912782, 
          65.76632765379217
        ], 
        [
          -9.214893585643932, 
          3.694461771320549, 
          63.10622981340386
        ], 
        [
          -12.344925008535517, 
          -1.8552837526452173, 
          68.1564772310281
        ], 
        [
          -1.5574321845941528, 
          -5.518702043863854, 
          70.81657507141644
        ], 
        [
          1.9384574841471416, 
          6.17767854698544, 
          72.74765061485758
        ], 
        [
          -8.849035339794224, 
          9.841096838204077, 
          70.08755277446926
        ], 
        [
          -11.979066762685807, 
          4.291351314238311, 
          75.13780019209351
        ], 
        [
          -1.1915739387444446, 
          0.627933023019674, 
          77.79789803248183
        ]
      ], 
      "cuboid_centroid": [
        -5.203233762194188, 
        2.161197397170112, 
        70.45206392294284
      ], 
      "location": [
        -5.203233762194188, 
        2.161197397170112, 
        70.45206392294284
      ], 
      "pose_transform_permuted": [
        [
          -0.039302408035921756, 
          -0.6603037164995315, 
          -0.7499702596810025, 
          0.0
        ], 
        [
          0.9220867162405407, 
          -0.31313942891978946, 
          0.22737821684372117, 
          0.0
        ], 
        [
          0.38498352940686187, 
          0.6826003737535893, 
          -0.6211637560554356, 
          0.0
        ], 
        [
          -5.203233762194188, 
          2.161197397170112, 
          70.45206392294284, 
          1.0
        ]
      ], 
      "projected_cuboid": [
        [
          494.4560398786322, 
          273.5382792061436
        ], 
        [
          403.07172837362384, 
          304.50895164405443
        ], 
        [
          384.19390594242935, 
          258.7690746701934
        ], 
        [
          469.77030414332353, 
          231.7251962939694
        ], 
        [
          495.9265034807655, 
          318.57565618384103
        ], 
        [
          413.70066511162173, 
          348.17072862490886
        ], 
        [
          395.86244478058126, 
          303.7460628583873
        ], 
        [
          473.3605279557065, 
          277.5911398609928
        ]
      ], 
      "projected_cuboid_centroid": [
        441.8805336677697, 
        289.6467243383602
      ], 
      "quaternion_xyzw": [
        0.9157861854269168, 
        -0.19058022752363418, 
        0.05134271836611162, 
        0.34982714659469855
      ], 
      "visibility": 0.8884579870729455
    }, 
    {
      "bounding_box": {
        "bottom_right": [
          379, 
          409
        ], 
        "top_left": [
          316, 
          357
        ]
      }, 
      "class": "061_foam_brick", 
      "cuboid": [
        [
          -16.646022696997175, 
          5.870205210134157, 
          74.65272718082217
        ], 
        [
          -13.883852977179256, 
          10.573263412048433, 
          69.0943769626467
        ], 
        [
          -15.445121905749426, 
          14.65015078653294, 
          71.76807477989927
        ], 
        [
          -18.207291625567347, 
          9.947092584618664, 
          77.32642499807473
        ], 
        [
          -12.000542730220797, 
          6.0406595105765195, 
          77.10548025662109
        ], 
        [
          -9.238373010402878, 
          10.743717712490797, 
          71.54713003844563
        ], 
        [
          -10.79964193897305, 
          14.820605086975302, 
          74.22082785569819
        ], 
        [
          -13.561811658790967, 
          10.117546885061026, 
          79.77917807387365
        ]
      ], 
      "cuboid_centroid": [
        -13.722832317985112, 
        10.34540514855473, 
        74.43677751826017
      ], 
      "location": [
        -13.722832317985112, 
        10.34540514855473, 
        74.43677751826017
      ], 
      "pose_transform_permuted": [
        [
          -0.8838432134111189, 
          -0.03243042219968209, 
          -0.4666577352011393, 
          0.0
        ], 
        [
          -0.35469730613728945, 
          -0.6039317797372141, 
          0.7137620236762325, 
          0.0
        ], 
        [
          0.3049770403260813, 
          -0.7963759621807975, 
          -0.522278021492913, 
          0.0
        ], 
        [
          -13.722832317985112, 
          10.34540514855473, 
          74.43677751826017, 
          1.0
        ]
      ], 
      "projected_cuboid": [
        [
          361.6867539101766, 
          315.22332333443023
        ], 
        [
          373.538542664372, 
          354.89851110510733
        ], 
        [
          365.8655152441725, 
          382.1540579034897
        ], 
        [
          354.9750728261049, 
          341.89153648131025
        ], 
        [
          397.9005529412591, 
          315.06828944109037
        ], 
        [
          412.15941890920527, 
          353.3713023745721
        ], 
        [
          403.34869856169456, 
          379.7811589077498
        ], 
        [
          390.1815581577823, 
          340.92180344454647
        ]
      ], 
      "projected_cuboid_centroid": [
        382.4572931866478, 
        347.40859626385276
      ], 
      "quaternion_xyzw": [
        -0.28088452559862215, 
        0.8089701792277676, 
        0.15137999269665076, 
        -0.4937157382650385
      ], 
      "visibility": 0.9736472241742797
    }
  ]
}