{
  "camera_data": {
    "location_worldframe": [
      -9.767628166953262, 
      7.200365198072824, 
      83.62950693769147
    ], 
    "quaternion_xyzw_worldframe": [
      0.9337801644062966, 
      -0.02841553230632197, 
      0.15210016986234345, 
      -0.3226674692235793
    ]
  }, 
  "objects": [
    {
      "bounding_box": {
        "bottom_right": [
          510, 
          472
        ], 
        "top_left": [
          348, 
          331
        ]
      }, 
      "class": "003_cracker_box", 
      "cuboid": [
        [
          -0.2563149977610382, 
          28.11642949291131, 
          70.70788494271476
        ], 
        [
          -13.441219253285503, 
          23.877270225475673, 
          61.91778004202537
        ], 
        [
          -19.04927647576627, 
          9.920315000158961, 
          77.06065434561388
        ], 
        [
          -5.8643722202418065, 
          14.159474267594597, 
          85.85075924630328
        ], 
        [
          -4.08870255946744, 
          33.221861216027634, 
          73.99418529910615
        ], 
        [
          -17.2736068149919, 
          28.982701948592, 
          65.20408039841676
        ], 
        [
          -22.88166403747267, 
          15.025746723275285, 
          80.34695470200528
        ], 
        [
          -9.696759781948208, 
          19.264905990710922, 
          89.13705960269466
        ]
      ], 
      "cuboid_centroid": [
        -11.568989517616854, 
        21.5710881080933, 
        75.52741982236002
      ], 
      "location": [
        -11.568989517616854, 
        21.5710881080933, 
        75.52741982236002
      ], 
      "pose_transform_permuted": [
        [
          0.5337587260908299, 
          -0.7110629310833378, 
          -0.45770201044027187, 
          0.0
        ], 
        [
          0.8037811028497335, 
          0.2584285820435445, 
          0.535864354743464, 
          0.0
        ], 
        [
          0.26274999719041, 
          0.6539145020735779, 
          -0.7094774576787513, 
          0.0
        ], 
        [
          -11.568989517616854, 
          21.5710881080933, 
          75.52741982236002, 
          1.0
        ]
      ], 
      "projected_cuboid": [
        [
          479.6476827984248, 
          485.3568391871473
        ], 
        [
          364.8583219268951, 
          478.94985141535363
        ], 
        [
          348.6626223192666, 
          341.9428231601553
        ], 
        [
          444.8629924982714, 
          361.24761113456844
        ], 
        [
          451.88180016979163, 
          512.7360177517804
        ], 
        [
          339.13475468347156, 
          510.3429066618827
        ], 
        [
          328.4495648449031, 
          373.0230495768446
        ], 
        [
          423.09650241284675, 
          388.5511841184349
        ]
      ], 
      "projected_cuboid_centroid": [
        399.2245175240596, 
        425.605837984194
      ], 
      "quaternion_xyzw": [
        0.8537267735293861, 
        -0.001265456139146347, 
        0.31322172210096333, 
        0.41598214815538775
      ], 
      "visibility": 0.9406556849278317
    }, 
    {
      "bounding_box": {
        "bottom_right": [
          505, 
          361
        ], 
        "top_left": [
          380, 
          279
        ]
      }, 
      "class": "004_sugar_box", 
      "cuboid": [
        [
          -15.178635634243582, 
          27.550491799957776, 
          69.53430463690489
        ], 
        [
          -23.188890263995873, 
          26.264133624908247, 
          65.0541991289843
        ], 
        [
          -28.459679668836422, 
          15.143065005358858, 
          77.67131376882745
        ], 
        [
          -20.449425039084133, 
          16.429423180408385, 
          82.15141927674804
        ], 
        [
          -17.00376109079851, 
          30.995517995503402, 
          71.80839673491573
        ], 
        [
          -25.0140157205508, 
          29.709159820453873, 
          67.32829122699513
        ], 
        [
          -30.28480512539135, 
          18.588091200904486, 
          79.94540586683829
        ], 
        [
          -22.27455049563906, 
          19.874449375954015, 
          84.42551137475888
        ]
      ], 
      "cuboid_centroid": [
        -22.731720379817467, 
        23.06929150043113, 
        74.73985525187159
      ], 
      "location": [
        -22.731720379817467, 
        23.06929150043113, 
        74.73985525187159
      ], 
      "pose_transform_permuted": [
        [
          0.40437927617454716, 
          -0.7632884601734063, 
          -0.5038534273055935, 
          0.0
        ], 
        [
          0.8643195680632602, 
          0.13880014976101138, 
          0.4834107074575614, 
          0.0
        ], 
        [
          0.2990468002359815, 
          0.6309718963210287, 
          -0.7158524978802099, 
          0.0
        ], 
        [
          -22.731720379817467, 
          23.06929150043113, 
          74.73985525187159, 
          1.0
        ]
      ], 
      "projected_cuboid": [
        [
          364.20862139641866, 
          484.5954290336829
        ], 
        [
          289.908431560972, 
          488.60202852209983
        ], 
        [
          284.5540304017315, 
          377.2643481241651
        ], 
        [
          347.7349268782458, 
          379.9448671917958
        ], 
        [
          354.2580489042594, 
          503.4896547361349
        ], 
        [
          281.805312163041, 
          508.61817113383853
        ], 
        [
          277.8820675100344, 
          397.28857341704156
        ], 
        [
          339.7151713836985, 
          398.8342887068018
        ]
      ], 
      "projected_cuboid_centroid": [
        318.0390685903898, 
        437.901586881406
      ], 
      "quaternion_xyzw": [
        0.8659019707348348, 
        -0.04626581757833951, 
        0.25631942576556876, 
        0.42705208211917034
      ], 
      "visibility": 0.6326207442596992
    }, 
    {
      "bounding_box": {
        "bottom_right": [
          400, 
          343
        ], 
        "top_left": [
          304, 
          205
        ]
      }, 
      "class": "024_bowl", 
      "cuboid": [
        [
          -33.350916797480345, 
          6.753083770506875, 
          59.536821787589474
        ], 
        [
          -32.31332465843301, 
          18.824740760654336, 
          70.16399645685014
        ], 
        [
          -33.915840522659266, 
          15.425828546497055, 
          74.18136340347992
        ], 
        [
          -34.9534326617066, 
          3.3541715563495953, 
          63.554188734219274
        ], 
        [
          -17.939966441179468, 
          2.8922731008346623, 
          62.417747538419164
        ], 
        [
          -16.902374302132134, 
          14.963930090982124, 
          73.04492220767982
        ], 
        [
          -18.50489016635839, 
          11.565017876824845, 
          77.06228915430961
        ], 
        [
          -19.542482305405724, 
          -0.5066391133226184, 
          66.43511448504896
        ]
      ], 
      "cuboid_centroid": [
        -25.92790348191937, 
        9.15905082366586, 
        68.29955547094954
      ], 
      "location": [
        -25.92790348191937, 
        9.15905082366586, 
        68.29955547094954
      ], 
      "pose_transform_permuted": [
        [
          -0.9544571180437758, 
          0.2391142752323105, 
          -0.17842638032447883, 
          0.0
        ], 
        [
          -0.0643811368653023, 
          -0.7490293841154597, 
          -0.6594012821852457, 
          0.0
        ], 
        [
          0.2913188614413765, 
          0.6178829542168498, 
          -0.7303108761731248, 
          0.0
        ], 
        [
          -25.92790348191937, 
          9.15905082366586, 
          68.29955547094954, 
          1.0
        ]
      ], 
      "projected_cuboid": [
        [
          180.35621550810077, 
          333.77938448331724
        ], 
        [
          233.9352457254314, 
          416.3742097612383
        ], 
        [
          235.73048171571895, 
          384.1890082655205
        ], 
        [
          185.83846121617177, 
          301.4333118124686
        ], 
        [
          327.03416330205744, 
          297.99915491149704
        ], 
        [
          357.16010017058653, 
          382.54200321465964
        ], 
        [
          352.46433512348153, 
          353.3237465969821
        ], 
        [
          323.408980103148, 
          269.2194032616445
        ]
      ], 
      "projected_cuboid_centroid": [
        277.4508860967422, 
        344.80532216442253
      ], 
      "quaternion_xyzw": [
        0.6580137152210481, 
        -0.3952608515186305, 
        -0.6131553047062531, 
        0.18662095849164997
      ], 
      "visibility": 0.7645523109649971
    }, 
    {
      "bounding_box": {
        "bottom_right": [
          336, 
          481
        ], 
        "top_left": [
          248, 
          390
        ]
      }, 
      "class": "025_mug", 
      "cuboid": [
        [
          0.8538663397496975, 
          0.2459441397491161, 
          64.18029729463814
        ], 
        [
          -10.182806701606063, 
          3.491400664706422, 
          62.05294785313039
        ], 
        [
          -12.860745326829154, 
          -2.35213593365444, 
          67.03125035613708
        ], 
        [
          -1.824072285473395, 
          -5.5975924586117465, 
          69.15859979764484
        ], 
        [
          1.218483365756253, 
          6.180706952380687, 
          71.34266352168552
        ], 
        [
          -9.818189675599506, 
          9.426163477337992, 
          69.21531408017778
        ], 
        [
          -12.496128300822598, 
          3.5826268789771314, 
          74.19361658318446
        ], 
        [
          -1.459455259466838, 
          0.3371703540198251, 
          76.32096602469221
        ]
      ], 
      "cuboid_centroid": [
        -5.82113098053645, 
        1.9142855093631235, 
        69.18695693891131
      ], 
      "location": [
        -5.82113098053645, 
        1.9142855093631235, 
        69.18695693891131
      ], 
      "pose_transform_permuted": [
        [
          -0.03916906970258848, 
          -0.6375432897972133, 
          -0.7694188750737052, 
          0.0
        ], 
        [
          0.9433859905184165, 
          -0.2774131486009121, 
          0.18184027492120566, 
          0.0
        ], 
        [
          0.3293776081394486, 
          0.7187357057830579, 
          -0.6123147691252152, 
          0.0
        ], 
        [
          -5.82113098053645, 
          1.9142855093631235, 
          69.18695693891131, 
          1.0
        ]
      ], 
      "projected_cuboid": [
        [
          488.75157934025515, 
          275.33026217130976
        ], 
        [
          393.35070476616204, 
          303.29369173651276
        ], 
        [
          378.4206246490848, 
          254.57227934783353
        ], 
        [
          467.4134325998048, 
          230.1204576165401
        ], 
        [
          490.78170671830605, 
          319.4901963932735
        ], 
        [
          405.3152635856081, 
          345.91725046817777
        ], 
        [
          391.02366843072883, 
          299.03922617411286
        ], 
        [
          471.3136232224409, 
          275.64263437315736
        ]
      ], 
      "projected_cuboid_centroid": [
        436.3516222363526, 
        288.04258442564486
      ], 
      "quaternion_xyzw": [
        0.926220893115565, 
        -0.1637813293919756, 
        0.03850895781963753, 
        0.3373542068129754
      ], 
      "visibility": 0.8703308431163287
    }, 
    {
      "bounding_box": {
        "bottom_right": [
          375, 
          401
        ], 
        "top_left": [
          310, 
          351
        ]
      }, 
      "class": "061_foam_brick", 
      "cuboid": [
        [
          -17.244430112552877, 
          4.959769864882336, 
          73.93798835288501
        ], 
        [
          -14.915805089225834, 
          9.956972597658483, 
          68.4380733073745
        ], 
        [
          -16.55156921424239, 
          13.871853064395065, 
          71.30254847885078
        ], 
        [
          -18.880194237569437, 
          8.87465033161892, 
          76.80246352436131
        ], 
        [
          -12.51845443440765, 
          5.266469600749656, 
          76.2175991974591
        ], 
        [
          -10.189829411080604, 
          10.263672333525802, 
          70.71768415194856
        ], 
        [
          -11.825593536097161, 
          14.178552800262386, 
          73.58215932342486
        ], 
        [
          -14.154218559424207, 
          9.181350067486239, 
          79.08207436893538
        ]
      ], 
      "cuboid_centroid": [
        -14.53501182432502, 
        9.56916133257236, 
        73.76007383815494
      ], 
      "location": [
        -14.53501182432502, 
        9.56916133257236, 
        73.76007383815494
      ], 
      "pose_transform_permuted": [
        [
          -0.899158226867399, 
          -0.05835230848910973, 
          -0.4337159106496627, 
          0.0
        ], 
        [
          -0.2990247184493908, 
          -0.6417036342192768, 
          0.706258213110499, 
          0.0
        ], 
        [
          0.3195288732070029, 
          -0.7647296606800106, 
          -0.5595443193021428, 
          0.0
        ], 
        [
          -14.53501182432502, 
          9.56916133257236, 
          73.76007383815494, 
          1.0
        ]
      ], 
      "projected_cuboid": [
        [
          356.17529027256813, 
          309.0616849104989
        ], 
        [
          364.39354647076067, 
          350.8785597728719
        ], 
        [
          356.7650883143512, 
          377.0434309949988
        ], 
        [
          349.3996284929346, 
          334.9124884842779
        ], 
        [
          393.27134874071965, 
          310.13775609680397
        ], 
        [
          404.1097521675333, 
          350.69033755948425
        ], 
        [
          395.17151770027516, 
          376.05193572097596
        ], 
        [
          385.3473247425388, 
          335.2044103945492
        ]
      ], 
      "projected_cuboid_centroid": [
        375.62637315715267, 
        342.47601770433937
      ], 
      "quaternion_xyzw": [
        0.3041223156561603, 
        -0.7901693315010182, 
        -0.15857107800582476, 
        0.5079343047041017
      ], 
      "visibility": 0.9780869565217392
    }
  ]
}