{
  "camera_data": {
    "location_worldframe": [
      -15.87807938603249, 
      -3.6217807929010344, 
      95.725156593838
    ], 
    "quaternion_xyzw_worldframe": [
      0.951354868962379, 
      -0.012105360335311814, 
      0.08185452765777358, 
      -0.2967761085129213
    ]
  }, 
  "objects": [
    {
      "bounding_box": {
        "bottom_right": [
          410, 
          412
        ], 
        "top_left": [
          268, 
          295
        ]
      }, 
      "class": "003_cracker_box", 
      "cuboid": [
        [
          -9.599642421979418, 
          16.984556545661615, 
          80.53060952777611
        ], 
        [
          -23.43719295314792, 
          11.33818933177413, 
          73.76903809278772
        ], 
        [
          -26.08071374030639, 
          -1.9412242530019774, 
          90.26820533961325
        ], 
        [
          -12.243163209137887, 
          3.705142960885506, 
          97.02977677460163
        ], 
        [
          -13.35151505140393, 
          22.033175072242607, 
          83.99287761106791
        ], 
        [
          -27.18906558257243, 
          16.386807858355123, 
          77.23130617607951
        ], 
        [
          -29.832586369730898, 
          3.1073942735790143, 
          93.73047342290504
        ], 
        [
          -15.995035838562396, 
          8.753761487466498, 
          100.49204485789343
        ]
      ], 
      "cuboid_centroid": [
        -19.716114395855158, 
        10.045975409620315, 
        87.13054147534058
      ], 
      "location": [
        -19.716114395855158, 
        10.045975409620315, 
        87.13054147534058
      ], 
      "pose_transform_permuted": [
        [
          0.5225449469533837, 
          -0.7031502294268424, 
          -0.48221005098448977, 
          0.0
        ], 
        [
          0.8435678721004951, 
          0.3442151098193568, 
          0.41220044072258144, 
          0.0
        ], 
        [
          0.12385484880830486, 
          0.622170164046, 
          -0.7730228091056852, 
          0.0
        ], 
        [
          -19.716114395855158, 
          10.045975409620315, 
          87.13054147534058, 
          1.0
        ]
      ], 
      "projected_cuboid": [
        [
          417.49296870584834, 
          385.7679493403633
        ], 
        [
          310.74383073936644, 
          355.25694948024665
        ], 
        [
          326.22376400608516, 
          261.8174619589567
        ], 
        [
          413.7423047540478, 
          293.65168118978494
        ], 
        [
          396.11405456573095, 
          413.1879686703259
        ], 
        [
          292.2787489462808, 
          386.44538468795923
        ], 
        [
          310.43724324743295, 
          290.9673856098927
        ], 
        [
          396.0026844959681, 
          319.74347329683354
        ]
      ], 
      "projected_cuboid_centroid": [
        359.91049727882455, 
        334.7772085004818
      ], 
      "quaternion_xyzw": [
        0.8584794824471614, 
        0.06417167373147294, 
        0.2722095888102654, 
        0.42988011615740174
      ], 
      "visibility": 0.909831570701136
    }, 
    {
      "bounding_box": {
        "bottom_right": [
          390, 
          325
        ], 
        "top_left": [
          291, 
          252
        ]
      }, 
      "class": "004_sugar_box", 
      "cuboid": [
        [
          -24.470870179287925, 
          15.377374199925342, 
          81.32808406305526
        ], 
        [
          -32.863658044772684, 
          13.286455101016822, 
          77.99950912520623
        ], 
        [
          -35.694958009003145, 
          2.688995536921812, 
          91.79547090123947
        ], 
        [
          -27.302170143518378, 
          4.779914635830331, 
          95.12404583908848
        ], 
        [
          -26.24258508833738, 
          18.83706621711605, 
          83.62206329522685
        ], 
        [
          -34.63537295382214, 
          16.74614711820753, 
          80.29348835737783
        ], 
        [
          -37.466672918052595, 
          6.14868755411252, 
          94.08945013341105
        ], 
        [
          -29.07388505256784, 
          8.23960665302104, 
          97.41802507126008
        ]
      ], 
      "cuboid_centroid": [
        -30.96877154867026, 
        10.763030877018931, 
        87.70876709823315
      ], 
      "location": [
        -30.96877154867026, 
        10.763030877018931, 
        87.70876709823315
      ], 
      "pose_transform_permuted": [
        [
          0.39254550416573647, 
          -0.7665378556163573, 
          -0.5082596695659392, 
          0.0
        ], 
        [
          0.9055955294852696, 
          0.2256135885757378, 
          0.35915867666204543, 
          0.0
        ], 
        [
          0.16063840343038338, 
          0.6012640858620463, 
          -0.7827363054027106, 
          0.0
        ], 
        [
          -30.96877154867026, 
          10.763030877018931, 
          87.70876709823315, 
          1.0
        ]
      ], 
      "projected_cuboid": [
        [
          319.7888374328996, 
          374.1256871271654
        ], 
        [
          255.02009459239844, 
          364.13232375326584
        ], 
        [
          272.4858368509969, 
          288.9092475205924
        ], 
        [
          327.24992604091597, 
          300.08546204619745
        ], 
        [
          312.8339766940225, 
          393.4244047978957
        ], 
        [
          249.62735773659452, 
          384.5165814571149
        ], 
        [
          267.4579861908984, 
          308.1386439163647
        ], 
        [
          321.1042934765716, 
          318.3946540869401
        ]
      ], 
      "projected_cuboid_centroid": [
        291.7199158115375, 
        338.7319356411811
      ], 
      "quaternion_xyzw": [
        0.8682049419511005, 
        0.018709633522511666, 
        0.21645355390931412, 
        0.44611418518806556
      ], 
      "visibility": 0.6065782300563329
    }, 
    {
      "bounding_box": {
        "bottom_right": [
          299, 
          313
        ], 
        "top_left": [
          212, 
          199
        ]
      }, 
      "class": "024_bowl", 
      "cuboid": [
        [
          -42.19272032326706, 
          -7.159090626400541, 
          74.9440951562716
        ], 
        [
          -40.713695645502476, 
          5.618343973764461, 
          84.6542955881285
        ], 
        [
          -41.55057568985907, 
          2.390464088599812, 
          89.0292609316284
        ], 
        [
          -43.02960036762366, 
          -10.386970511565192, 
          79.3190604997715
        ], 
        [
          -26.30331033641938, 
          -9.8175712221636, 
          76.0221092030426
        ], 
        [
          -24.824285658654794, 
          2.959863378001401, 
          85.7323096348995
        ], 
        [
          -25.661165703011395, 
          -0.26801650716324965, 
          90.10727497839939
        ], 
        [
          -27.140190380775977, 
          -13.045451107328251, 
          80.39707454654248
        ]
      ], 
      "cuboid_centroid": [
        -33.92694301313923, 
        -3.713553566781895, 
        82.5256850673355
      ], 
      "location": [
        -33.92694301313923, 
        -3.713553566781895, 
        82.5256850673355
      ], 
      "pose_transform_permuted": [
        [
          -0.9840898914622742, 
          0.1646495296618664, 
          -0.06676539450865682, 
          0.0
        ], 
        [
          -0.09177140672417644, 
          -0.7928218948689865, 
          -0.6025043169340911, 
          0.0
        ], 
        [
          0.15213511898847087, 
          0.5867912536826669, 
          -0.7953181314240791, 
          0.0
        ], 
        [
          -33.92694301313923, 
          -3.713553566781895, 
          82.5256850673355, 
          1.0
        ]
      ], 
      "projected_cuboid": [
        [
          178.84170515765052, 
          222.34078674119397
        ], 
        [
          222.9644693134894, 
          308.6819404873936
        ], 
        [
          230.61885932600146, 
          287.6063391117256
        ], 
        [
          189.86680107063242, 
          203.44740034244523
        ], 
        [
          295.53312011429165, 
          204.41311356784684
        ], 
        [
          325.8843902735696, 
          291.6991190692619
        ], 
        [
          328.4501497907196, 
          271.7002237585542
        ], 
        [
          300.0603912304517, 
          186.748631147373
        ]
      ], 
      "projected_cuboid_centroid": [
        260.5181507917773, 
        249.28781759875838
      ], 
      "quaternion_xyzw": [
        -0.6248570319415371, 
        0.3780692884744035, 
        0.6347828892420988, 
        -0.252325159806003
      ], 
      "visibility": 0.7750252780586451
    }, 
    {
      "bounding_box": {
        "bottom_right": [
          251, 
          430
        ], 
        "top_left": [
          176, 
          354
        ]
      }, 
      "class": "025_mug", 
      "cuboid": [
        [
          -7.294514958043019, 
          -11.119867415585126, 
          75.48778151569987
        ], 
        [
          -18.716729380847852, 
          -8.741657205538198, 
          74.62529128401133
        ], 
        [
          -20.320222961734384, 
          -14.411246071273847, 
          80.22764270978507
        ], 
        [
          -8.89800853892955, 
          -16.78945628132078, 
          81.0901329414736
        ], 
        [
          -6.469139391907117, 
          -4.7218539441185685, 
          82.19881899003686
        ], 
        [
          -17.891353814711948, 
          -2.343643734071639, 
          81.33632875834833
        ], 
        [
          -19.49484739559848, 
          -8.013232599807292, 
          86.93868018412208
        ], 
        [
          -8.072632972793647, 
          -10.39144280985422, 
          87.80117041581062
        ]
      ], 
      "cuboid_centroid": [
        -13.39468117682075, 
        -9.56655000769621, 
        81.21323084991097
      ], 
      "location": [
        -13.39468117682075, 
        -9.56655000769621, 
        81.21323084991097
      ], 
      "pose_transform_permuted": [
        [
          -0.08866616415276585, 
          -0.6873081006849839, 
          -0.7209347777529808, 
          0.0
        ], 
        [
          0.976341061005808, 
          -0.20328319832065356, 
          0.07372341270644309, 
          0.0
        ], 
        [
          0.19722441558770454, 
          0.6973407090591883, 
          -0.6890707259671653, 
          0.0
        ], 
        [
          -13.39468117682075, 
          -9.56655000769621, 
          81.21323084991097, 
          1.0
        ]
      ], 
      "projected_cuboid": [
        [
          429.6320014745911, 
          194.72490938509284
        ], 
        [
          346.7207635077651, 
          210.81312049969293
        ], 
        [
          345.391088547125, 
          177.48664298126522
        ], 
        [
          422.58830134512215, 
          162.8644002832918
        ], 
        [
          439.27443681220507, 
          242.65036573208002
        ], 
        [
          363.3064299937294, 
          257.9193445214223
        ], 
        [
          361.01061161317966, 
          224.12989262022398
        ], 
        [
          432.15386098959004, 
          210.16710663840746
        ]
      ], 
      "projected_cuboid_centroid": [
        392.9024378030225, 
        210.46391155595242
      ], 
      "quaternion_xyzw": [
        0.92122425985994, 
        -0.10868895646789903, 
        -0.004055134047543051, 
        0.3735189374141671
      ], 
      "visibility": 0.7989341085271318
    }, 
    {
      "bounding_box": {
        "bottom_right": [
          287, 
          363
        ], 
        "top_left": [
          232, 
          325
        ]
      }, 
      "class": "061_foam_brick", 
      "cuboid": [
        [
          -24.32515589198869, 
          -6.966378245643967, 
          87.221723136824
        ], 
        [
          -23.071087469777716, 
          -2.1960253174036835, 
          81.19556013770043
        ], 
        [
          -24.615725464672966, 
          1.782111678453923, 
          84.02323601312285
        ], 
        [
          -25.86979388688394, 
          -2.9882412497863617, 
          90.04939901224643
        ], 
        [
          -19.386118890376913, 
          -6.206688571629358, 
          88.85093200526488
        ], 
        [
          -18.13205046816594, 
          -1.436335643389073, 
          82.82476900614131
        ], 
        [
          -19.67668846306119, 
          2.5418013524685334, 
          85.65244488156372
        ], 
        [
          -20.930756885272164, 
          -2.228551575771751, 
          91.6786078806873
        ]
      ], 
      "cuboid_centroid": [
        -22.00092217752494, 
        -2.212288446587717, 
        86.43708400919387
      ], 
      "location": [
        -22.00092217752494, 
        -2.212288446587717, 
        86.43708400919387
      ], 
      "pose_transform_permuted": [
        [
          -0.9396950080252291, 
          -0.14453760805737653, 
          -0.3099712434235099, 
          0.0
        ], 
        [
          -0.16103814616409423, 
          -0.6125732683372176, 
          0.7738350640793495, 
          0.0
        ], 
        [
          0.30172836686744664, 
          -0.7770861411553492, 
          -0.5523559738536302, 
          0.0
        ], 
        [
          -22.00092217752494, 
          -2.212288446587717, 
          86.43708400919387, 
          1.0
        ]
      ], 
      "projected_cuboid": [
        [
          331.6207432947845, 
          230.69042994134068
        ], 
        [
          328.79560222063327, 
          258.86230955164444
        ], 
        [
          324.0519416390987, 
          284.5981120485069
        ], 
        [
          327.1058181500517, 
          255.58861222921402
        ], 
        [
          364.26394778256673, 
          236.03145818442948
        ], 
        [
          363.8694324543777, 
          264.03778382470085
        ], 
        [
          358.0580964568201, 
          289.1132016531708
        ], 
        [
          358.82243084391195, 
          260.3224428130971
        ]
      ], 
      "projected_cuboid_centroid": [
        344.7194263454809, 
        259.63664724630814
      ], 
      "quaternion_xyzw": [
        0.3048962758480605, 
        -0.7496825212619929, 
        -0.13599702348326878, 
        0.571418575032293
      ], 
      "visibility": 0.936836221352711
    }
  ]
}