{
  "camera_data": {
    "location_worldframe": [
      -9.542547281080656, 
      7.9961169331940365, 
      84.37504167174468
    ], 
    "quaternion_xyzw_worldframe": [
      0.9347323883173547, 
      -0.03725801633324371, 
      0.17130990723325346, 
      -0.3090980074189656
    ]
  }, 
  "objects": [
    {
      "bounding_box": {
        "bottom_right": [
          512, 
          482
        ], 
        "top_left": [
          354, 
          335
        ]
      }, 
      "class": "003_cracker_box", 
      "cuboid": [
        [
          1.0274727607596013, 
          28.26349801152675, 
          71.24403897179732
        ], 
        [
          -12.033703258263412, 
          24.23970983542046, 
          62.17249415291
        ], 
        [
          -18.53604710104775, 
          10.853427304276476, 
          77.47218407437538
        ], 
        [
          -5.474871082024733, 
          14.877215480382766, 
          86.54372889326271
        ], 
        [
          -2.7253619386505363, 
          33.57124752947169, 
          74.2930427941303
        ], 
        [
          -15.786537957673552, 
          29.5474593533654, 
          65.22149797524297
        ], 
        [
          -22.288881800457887, 
          16.161176822221417, 
          80.52118789670837
        ], 
        [
          -9.227705781434873, 
          20.184964998327708, 
          89.59273271559569
        ]
      ], 
      "cuboid_centroid": [
        -10.630704519849141, 
        22.212337416874085, 
        75.88261343425285
      ], 
      "location": [
        -10.630704519849141, 
        22.212337416874085, 
        75.88261343425285
      ], 
      "pose_transform_permuted": [
        [
          0.5226789399907973, 
          -0.7392408976105921, 
          -0.424652353096015, 
          0.0
        ], 
        [
          0.7962383542289296, 
          0.2452990810660826, 
          0.5530215584251131, 
          0.0
        ], 
        [
          0.30464932126118704, 
          0.6271772126983103, 
          -0.7168246193645114, 
          0.0
        ], 
        [
          -10.630704519849141, 
          22.212337416874085, 
          75.88261343425285, 
          1.0
        ]
      ], 
      "projected_cuboid": [
        [
          489.3526355831683, 
          484.8618107482267
        ], 
        [
          377.51096637337685, 
          481.2163005195346
        ], 
        [
          352.9312868910745, 
          348.0016811654468
        ], 
        [
          447.5774040466353, 
          364.9663218341821
        ], 
        [
          461.86976314562764, 
          514.2808904212271
        ], 
        [
          351.4339734494077, 
          514.8976508093676
        ], 
        [
          332.7398683717224, 
          380.3275828482689
        ], 
        [
          426.2094502020837, 
          393.44178710643916
        ]
      ], 
      "projected_cuboid_centroid": [
        406.259516587059, 
        429.3996974562089
      ], 
      "quaternion_xyzw": [
        0.8438109859475722, 
        -0.017583985389943716, 
        0.3187030378633712, 
        0.4313956387223347
      ], 
      "visibility": 0.9360953898565856
    }, 
    {
      "bounding_box": {
        "bottom_right": [
          513, 
          371
        ], 
        "top_left": [
          388, 
          284
        ]
      }, 
      "class": "004_sugar_box", 
      "cuboid": [
        [
          -13.865582874639188, 
          28.155652060625663, 
          69.64460682623273
        ], 
        [
          -21.782391006975384, 
          27.020412211736666, 
          64.96212656131381
        ], 
        [
          -27.780796426124855, 
          16.393915192432374, 
          77.6801320477132
        ], 
        [
          -19.86398829378866, 
          17.529155041321363, 
          82.36261231263214
        ], 
        [
          -15.639388180889252, 
          31.713783528827005, 
          71.78098190587355
        ], 
        [
          -23.556196313225445, 
          30.578543679938015, 
          67.09850164095461
        ], 
        [
          -29.55460173237492, 
          19.95204666063372, 
          79.81650712735401
        ], 
        [
          -21.63779360003872, 
          21.08728650952271, 
          84.49898739227292
        ]
      ], 
      "cuboid_centroid": [
        -21.710092303507054, 
        24.05384936062969, 
        74.73055697679337
      ], 
      "location": [
        -21.710092303507054, 
        24.05384936062969, 
        74.73055697679337
      ], 
      "pose_transform_permuted": [
        [
          0.3930086577006684, 
          -0.78834834201538, 
          -0.47334050667025523, 
          0.0
        ], 
        [
          0.854236538244993, 
          0.12249423535120221, 
          0.505247274538215, 
          0.0
        ], 
        [
          0.34032927695184323, 
          0.6029115730599521, 
          -0.7215767039750378, 
          0.0
        ], 
        [
          -21.710092303507054, 
          24.05384936062969, 
          74.73055697679337, 
          1.0
        ]
      ], 
      "projected_cuboid": [
        [
          374.53333659273585, 
          488.8949146408132
        ], 
        [
          301.2799100763916, 
          495.11602141552066
        ], 
        [
          289.2761717144558, 
          385.84036334827215
        ], 
        [
          351.90062243988604, 
          386.7924285485569
        ], 
        [
          364.43093399196414, 
          508.9141563741836
        ], 
        [
          292.80485371184034, 
          516.3342330943656
        ], 
        [
          282.47282845341056, 
          406.60253477746255
        ], 
        [
          343.89095945245776, 
          406.38000097478687
        ]
      ], 
      "projected_cuboid_centroid": [
        325.3703937397065, 
        444.948431504539
      ], 
      "quaternion_xyzw": [
        0.8559334988734814, 
        -0.06362499010943605, 
        0.26236148410510385, 
        0.4410170439577587
      ], 
      "visibility": 0.6482155035235281
    }, 
    {
      "bounding_box": {
        "bottom_right": [
          408, 
          350
        ], 
        "top_left": [
          311, 
          213
        ]
      }, 
      "class": "024_bowl", 
      "cuboid": [
        [
          -32.42651179709489, 
          7.720255795022091, 
          59.61467800513854
        ], 
        [
          -31.292566353322677, 
          20.01179733430572, 
          69.97665251313543
        ], 
        [
          -33.12209858609617, 
          16.767768402085363, 
          74.02498385020235
        ], 
        [
          -34.256044029868384, 
          4.476226862801733, 
          63.663009342205456
        ], 
        [
          -17.24182196745475, 
          3.4315318916333464, 
          63.040320302773246
        ], 
        [
          -16.107876523682535, 
          15.723073430916976, 
          73.40229481077014
        ], 
        [
          -17.93740875645603, 
          12.479044498696618, 
          77.45062614783706
        ], 
        [
          -19.071354200228246, 
          0.18750295941298845, 
          67.08865163984015
        ]
      ], 
      "cuboid_centroid": [
        -25.181960276775463, 
        10.099650146859354, 
        68.53265207648779
      ], 
      "location": [
        -25.181960276775463, 
        10.099650146859354, 
        68.53265207648779
      ], 
      "pose_transform_permuted": [
        [
          -0.940443967315834, 
          0.26561652346380166, 
          -0.21216268946791203, 
          0.0
        ], 
        [
          -0.07035972427500685, 
          -0.7626729119716928, 
          -0.642945984157739, 
          0.0
        ], 
        [
          0.33258781327522957, 
          0.5897269637786813, 
          -0.7359398444527776, 
          0.0
        ], 
        [
          -25.181960276775463, 
          10.099650146859354, 
          68.53265207648779, 
          1.0
        ]
      ], 
      "projected_cuboid": [
        [
          189.08838077312217, 
          342.35281059001835
        ], 
        [
          241.11662875338547, 
          425.8043139758496
        ], 
        [
          240.97732306088798, 
          394.0914174935571
        ], 
        [
          192.23487804278577, 
          310.78491371508545
        ], 
        [
          334.5160991567788, 
          302.3172146863548
        ], 
        [
          363.5866387718623, 
          387.5257860861904
        ], 
        [
          357.052007533633, 
          359.21636374831075
        ], 
        [
          328.7263851732261, 
          274.7770881372847
        ]
      ], 
      "projected_cuboid_centroid": [
        283.99852702095916, 
        351.8817921164401
      ], 
      "quaternion_xyzw": [
        0.6579380534996412, 
        -0.41617167430167495, 
        -0.601648568224378, 
        0.17871109540148847
      ], 
      "visibility": 0.7668658442559754
    }, 
    {
      "bounding_box": {
        "bottom_right": [
          338, 
          484
        ], 
        "top_left": [
          251, 
          394
        ]
      }, 
      "class": "025_mug", 
      "cuboid": [
        [
          1.3950341677929106, 
          0.21815052059457052, 
          65.41917991062796
        ], 
        [
          -9.461745581510014, 
          3.768062280571733, 
          62.89030358012817
        ], 
        [
          -12.474710605353334, 
          -1.8595962592221367, 
          67.92550687223756
        ], 
        [
          -1.617930856050411, 
          -5.409508019199298, 
          70.45438320273735
        ], 
        [
          1.75155313784775, 
          6.313876048684334, 
          72.44547834567776
        ], 
        [
          -9.105226611455173, 
          9.863787808661497, 
          69.91660201517796
        ], 
        [
          -12.118191635298494, 
          4.236129268867627, 
          74.95180530728736
        ], 
        [
          -1.2614118859955705, 
          0.6862175088904647, 
          77.48068163778714
        ]
      ], 
      "cuboid_centroid": [
        -5.361578733752792, 
        2.2271398947310987, 
        70.18549260895766
      ], 
      "location": [
        -5.361578733752792, 
        2.2271398947310987, 
        70.18549260895766
      ], 
      "pose_transform_permuted": [
        [
          -0.03829913413895818, 
          -0.6548347473310326, 
          -0.7548017605428687, 
          0.0
        ], 
        [
          0.9280091816852688, 
          -0.3034371870390792, 
          0.21616174484897635, 
          0.0
        ], 
        [
          0.3705847488863401, 
          0.692183417425568, 
          -0.6193133782939864, 
          0.0
        ], 
        [
          -5.361578733752792, 
          2.2271398947310987, 
          70.18549260895766, 
          1.0
        ]
      ], 
      "projected_cuboid": [
        [
          493.06464146631333, 
          275.06497581680725
        ], 
        [
          400.6913327699875, 
          305.2402938140341
        ], 
        [
          382.83519296702605, 
          258.68585044147494
        ], 
        [
          469.2477310248453, 
          232.33810538131505
        ], 
        [
          494.598877841232, 
          319.7671992921561
        ], 
        [
          411.5641569705209, 
          348.5269108110813
        ], 
        [
          394.65149927122076, 
          303.4287165009421
        ], 
        [
          472.842087743864, 
          278.009950683418
        ]
      ], 
      "projected_cuboid_centroid": [
        440.5164409814773, 
        290.2099401856427
      ], 
      "quaternion_xyzw": [
        0.9185578859894603, 
        -0.18344568867300354, 
        0.04840811162336997, 
        0.34677948582753737
      ], 
      "visibility": 0.8651273593549569
    }, 
    {
      "bounding_box": {
        "bottom_right": [
          379, 
          407
        ], 
        "top_left": [
          315, 
          355
        ]
      }, 
      "class": "061_foam_brick", 
      "cuboid": [
        [
          -16.808662950430158, 
          5.760651253746296, 
          74.52342153586726
        ], 
        [
          -14.157906581668605, 
          10.541126603055531, 
          68.97687835405752
        ], 
        [
          -15.743810838086972, 
          14.57720148803277, 
          71.69758388054528
        ], 
        [
          -18.394567206848524, 
          9.796726138723535, 
          77.24412706235502
        ], 
        [
          -12.142456823941513, 
          5.9695356009323906, 
          76.93348878715331
        ], 
        [
          -9.491700455179961, 
          10.750010950241625, 
          71.38694560534358
        ], 
        [
          -11.077604711598326, 
          14.786085835218865, 
          74.10765113183133
        ], 
        [
          -13.72836108035988, 
          10.00561048590963, 
          79.65419431364109
        ]
      ], 
      "cuboid_centroid": [
        -13.943133831014244, 
        10.273368544482581, 
        74.3155363338493
      ], 
      "location": [
        -13.943133831014244, 
        10.273368544482581, 
        74.3155363338493
      ], 
      "pose_transform_permuted": [
        [
          -0.8877865466582269, 
          -0.039742074870329186, 
          -0.4585363835702255, 
          0.0
        ], 
        [
          -0.34039043165239136, 
          -0.6138731144179939, 
          0.7122458518196166, 
          0.0
        ], 
        [
          0.30978928582531484, 
          -0.7884036826903802, 
          -0.5314604703156084, 
          0.0
        ], 
        [
          -13.943133831014244, 
          10.273368544482581, 
          74.3155363338493, 
          1.0
        ]
      ], 
      "projected_cuboid": [
        [
          360.3050787982173, 
          314.5120756999855
        ], 
        [
          371.217868000918, 
          354.7890556401682
        ], 
        [
          363.51143059414534, 
          381.7184627496693
        ], 
        [
          353.53637706796144, 
          340.9264492529836
        ], 
        [
          396.72146459541324, 
          314.66864983681495
        ], 
        [
          410.09527099085415, 
          353.5980194498196
        ], 
        [
          401.21215436917925, 
          379.69537720295745
        ], 
        [
          388.91370602160384, 
          340.27846552145587
        ]
      ], 
      "projected_cuboid_centroid": [
        380.70140125505674, 
        347.0125567952352
      ], 
      "quaternion_xyzw": [
        -0.2871159474965881, 
        0.8042590530906378, 
        0.15284826249567374, 
        -0.49736225919036203
      ], 
      "visibility": 0.9762983617985361
    }
  ]
}