{
  "camera_data": {
    "location_worldframe": [
      -19.37599972069944, 
      -4.588053009316234, 
      97.79518337182043
    ], 
    "quaternion_xyzw_worldframe": [
      0.9539115851924469, 
      -0.0005288441762557694, 
      0.0340044922950202, 
      -0.29816417068927964
    ]
  }, 
  "objects": [
    {
      "bounding_box": {
        "bottom_right": [
          401, 
          390
        ], 
        "top_left": [
          259, 
          262
        ]
      }, 
      "class": "003_cracker_box", 
      "cuboid": [
        [
          -15.45498674960395, 
          16.283227811772516, 
          82.17689942668599
        ], 
        [
          -29.510468063500323, 
          9.931099093857547, 
          76.59370845082765
        ], 
        [
          -30.075131026406083, 
          -3.4361904488030963, 
          93.22350920632059
        ], 
        [
          -16.019649712509707, 
          2.915938269111875, 
          98.80670018217891
        ], 
        [
          -19.151831345454177, 
          21.141331657472684, 
          85.95639206372987
        ], 
        [
          -33.20731265935055, 
          14.789202939557711, 
          80.37320108787154
        ], 
        [
          -33.771975622256306, 
          1.421913396897069, 
          97.00300184336447
        ], 
        [
          -19.716494308359934, 
          7.7740421148120396, 
          102.58619281922282
        ]
      ], 
      "cuboid_centroid": [
        -24.613481185930127, 
        8.852570604334794, 
        89.58995063502523
      ], 
      "location": [
        -24.613481185930127, 
        8.852570604334794, 
        89.58995063502523
      ], 
      "pose_transform_permuted": [
        [
          0.5148808752416971, 
          -0.6766161506753515, 
          -0.5263917447639296, 
          0.0
        ], 
        [
          0.8568534175615111, 
          0.3872399015859267, 
          0.3403637457674955, 
          0.0
        ], 
        [
          0.026455720052618453, 
          0.6262873487984503, 
          -0.7791432805405598, 
          0.0
        ], 
        [
          -24.613481185930127, 
          8.852570604334794, 
          89.58995063502523, 
          1.0
        ]
      ], 
      "projected_cuboid": [
        [
          380.45993898844387, 
          378.9630033852302
        ], 
        [
          274.4042304881773, 
          342.436468651886
        ], 
        [
          308.1073191975831, 
          253.62853890529573
        ], 
        [
          394.40873898580713, 
          289.02562226790786
        ], 
        [
          361.7785713081936, 
          404.45870466435844
        ], 
        [
          259.4123404190024, 
          371.42088426105124
        ], 
        [
          294.3724167149644, 
          281.1041750207831
        ], 
        [
          378.2418230888645, 
          313.7018101178391
        ]
      ], 
      "projected_cuboid_centroid": [
        333.8545551111572, 
        325.98496265107883
      ], 
      "quaternion_xyzw": [
        0.8674002120019184, 
        0.10398434786539759, 
        0.2464965448403941, 
        0.4195754771191745
      ], 
      "visibility": 0.9042413282919612
    }, 
    {
      "bounding_box": {
        "bottom_right": [
          376, 
          308
        ], 
        "top_left": [
          280, 
          226
        ]
      }, 
      "class": "004_sugar_box", 
      "cuboid": [
        [
          -30.105304702109382, 
          13.92594074785729, 
          84.22325445293053
        ], 
        [
          -38.632562964314445, 
          11.406611415106745, 
          81.61000203632717
        ], 
        [
          -39.748239088232985, 
          0.7035598087987218, 
          95.56890325114618
        ], 
        [
          -31.220980826027912, 
          3.222889141549267, 
          98.18215566774954
        ], 
        [
          -31.849835606696885, 
          17.295443266584538, 
          86.66740010931552
        ], 
        [
          -40.37709386890196, 
          14.776113933833992, 
          84.05414769271216
        ], 
        [
          -41.49276999282049, 
          4.073062327525968, 
          98.01304890753117
        ], 
        [
          -32.96551173061542, 
          6.5923916602765145, 
          100.62630132413453
        ]
      ], 
      "cuboid_centroid": [
        -35.79903734746493, 
        8.99950153769163, 
        91.11815168023085
      ], 
      "location": [
        -35.79903734746493, 
        8.99950153769163, 
        91.11815168023085
      ], 
      "pose_transform_permuted": [
        [
          0.38652254941028724, 
          -0.7465552489543246, 
          -0.5415309111187024, 
          0.0
        ], 
        [
          0.9201051050958753, 
          0.27183975308402764, 
          0.2819742073578416, 
          0.0
        ], 
        [
          0.06329969750852021, 
          0.6072550219304055, 
          -0.7919809391868614, 
          0.0
        ], 
        [
          -35.79903734746493, 
          8.99950153769163, 
          91.11815168023085, 
          1.0
        ]
      ], 
      "projected_cuboid": [
        [
          289.37522111325376, 
          361.468560430639
        ], 
        [
          227.0302052305593, 
          347.8284947699188
        ], 
        [
          257.93464307556934, 
          277.21273375432656
        ], 
        [
          310.59328562130645, 
          290.79307857313324
        ], 
        [
          283.9714850708373, 
          379.7163902910767
        ], 
        [
          223.27134903394, 
          367.04028054380206
        ], 
        [
          253.9404565280461, 
          295.4493410669266
        ], 
        [
          305.423784337523, 
          308.22622597646995
        ]
      ], 
      "projected_cuboid_centroid": [
        270.31716709068553, 
        325.96111840612923
      ], 
      "quaternion_xyzw": [
        0.8759125296148274, 
        0.05952079931634571, 
        0.19080008966822656, 
        0.4391238097763426
      ], 
      "visibility": 0.5659361783929258
    }, 
    {
      "bounding_box": {
        "bottom_right": [
          286, 
          289
        ], 
        "top_left": [
          202, 
          182
        ]
      }, 
      "class": "024_bowl", 
      "cuboid": [
        [
          -47.13910951681953, 
          -9.490778654894386, 
          79.3015463074421
        ], 
        [
          -45.49413824791074, 
          3.362235172278425, 
          88.88447104202774
        ], 
        [
          -45.79396201128014, 
          0.10379115296919109, 
          93.30629722613595
        ], 
        [
          -47.43893328018894, 
          -12.749222674203619, 
          83.7233724915503
        ], 
        [
          -31.101262956143582, 
          -11.338801870591642, 
          79.02719072853436
        ], 
        [
          -29.45629168723479, 
          1.5142119565811691, 
          88.61011546312002
        ], 
        [
          -29.7561154506042, 
          -1.7442320627280634, 
          93.03194164722822
        ], 
        [
          -31.40108671951299, 
          -14.597245889900876, 
          83.44901691264258
        ]
      ], 
      "cuboid_centroid": [
        -38.447612483711865, 
        -5.617505358811225, 
        86.16674397733516
      ], 
      "location": [
        -38.447612483711865, 
        -5.617505358811225, 
        86.16674397733516
      ], 
      "pose_transform_permuted": [
        [
          -0.993283117135764, 
          0.11445490847429969, 
          0.016991855084163274, 
          0.0
        ], 
        [
          -0.1020681599422522, 
          -0.7975114798947858, 
          -0.5946070384397005, 
          0.0
        ], 
        [
          0.05450449466846151, 
          0.5923474599946964, 
          -0.8038368906057799, 
          0.0
        ], 
        [
          -38.447612483711865, 
          -5.617505358811225, 
          86.16674397733516, 
          1.0
        ]
      ], 
      "projected_cuboid": [
        [
          161.9347407939775, 
          209.45905476219744
        ], 
        [
          206.35089521635305, 
          293.46043157140815
        ], 
        [
          217.6669193063772, 
          273.87978684120117
        ], 
        [
          176.8918165127147, 
          192.07373061335406
        ], 
        [
          269.9592774416, 
          196.7659754821705
        ], 
        [
          302.8304160486082, 
          282.4001576319225
        ], 
        [
          309.5941213370742, 
          263.28746561793173
        ], 
        [
          279.24148501895723, 
          179.99607895064455
        ]
      ], 
      "projected_cuboid_centroid": [
        241.64669369058782, 
        238.5176065104851
      ], 
      "quaternion_xyzw": [
        -0.6068952638158174, 
        0.35097323432969696, 
        0.6541038669471981, 
        -0.2839789759591433
      ], 
      "visibility": 0.7495462794918331
    }, 
    {
      "bounding_box": {
        "bottom_right": [
          246, 
          403
        ], 
        "top_left": [
          173, 
          325
        ]
      }, 
      "class": "025_mug", 
      "cuboid": [
        [
          -12.16382256350797, 
          -11.6771452505443, 
          76.88630343456427
        ], 
        [
          -23.72379164196781, 
          -9.882287699977248, 
          76.99746458643429
        ], 
        [
          -24.55919042055173, 
          -15.615989695308045, 
          82.70084440701152
        ], 
        [
          -12.999221342091888, 
          -17.410847245875093, 
          82.5896832551415
        ], 
        [
          -11.099599964753292, 
          -5.233743420738231, 
          83.51984308607379
        ], 
        [
          -22.659569043213136, 
          -3.438885870171181, 
          83.63100423794381
        ], 
        [
          -23.494967821797054, 
          -9.172587865501978, 
          89.33438405852104
        ], 
        [
          -11.93499874333721, 
          -10.967445416069028, 
          89.223222906651
        ]
      ], 
      "cuboid_centroid": [
        -17.829395192652512, 
        -10.424866558023139, 
        83.11034374654265
      ], 
      "location": [
        -17.829395192652512, 
        -10.424866558023139, 
        83.11034374654265
      ], 
      "pose_transform_permuted": [
        [
          -0.11432436276012589, 
          -0.6921839557457248, 
          -0.7126095559239978, 
          0.0
        ], 
        [
          0.9881159692400797, 
          -0.15341973634956538, 
          -0.009501764976738708, 
          0.0
        ], 
        [
          0.10275129121365334, 
          0.7052264122928178, 
          -0.7014968849243223, 
          0.0
        ], 
        [
          -17.829395192652512, 
          -10.424866558023139, 
          83.11034374654265, 
          1.0
        ]
      ], 
      "projected_cuboid": [
        [
          396.51993830806805, 
          192.28836328118612
        ], 
        [
          315.90587939908994, 
          204.8373028639226
        ], 
        [
          321.900405666871, 
          172.58244995400403
        ], 
        [
          396.95558336579353, 
          160.85668682023075
        ], 
        [
          410.12943635315884, 
          239.86624219979421
        ], 
        [
          335.89152602235157, 
          251.3565707932531
        ], 
        [
          340.16498304045916, 
          218.52687529852446
        ], 
        [
          409.66273779831164, 
          207.73013655139678
        ]
      ], 
      "projected_cuboid_centroid": [
        366.2322810169937, 
        206.3901056396909
      ], 
      "quaternion_xyzw": [
        0.922761065695895, 
        -0.0694034016731159, 
        -0.033547722249063966, 
        0.37758442907943096
      ], 
      "visibility": 0.8190500125659713
    }, 
    {
      "bounding_box": {
        "bottom_right": [
          280, 
          343
        ], 
        "top_left": [
          225, 
          301
        ]
      }, 
      "class": "061_foam_brick", 
      "cuboid": [
        [
          -28.33100527870259, 
          -8.37131930265748, 
          90.02695031182478
        ], 
        [
          -27.833612960220215, 
          -3.5541597940732728, 
          83.92849392434977
        ], 
        [
          -29.33335213972448, 
          0.3455653779682578, 
          86.88656040864934
        ], 
        [
          -29.830744458206848, 
          -4.471594130615947, 
          92.98501679612437
        ], 
        [
          -23.316835978369312, 
          -7.35946510220985, 
          91.2351695575467
        ], 
        [
          -22.81944365988694, 
          -2.5423055936256462, 
          85.13671317007167
        ], 
        [
          -24.3191828393912, 
          1.3574195784158853, 
          88.09477965437125
        ], 
        [
          -24.81657515787357, 
          -3.45973993016832, 
          94.19323604184628
        ]
      ], 
      "cuboid_centroid": [
        -26.325094059046894, 
        -3.5069498621207966, 
        89.06086498309801
      ], 
      "location": [
        -26.325094059046894, 
        -3.5069498621207966, 
        89.06086498309801
      ], 
      "pose_transform_permuted": [
        [
          -0.953989585293433, 
          -0.19251411574760524, 
          -0.22987428388051848, 
          0.0
        ], 
        [
          -0.0638714247691875, 
          -0.6185838215043059, 
          0.7831184437050905, 
          0.0
        ], 
        [
          0.2929578677039031, 
          -0.7617692373751034, 
          -0.5778263724851399, 
          0.0
        ], 
        [
          -26.325094059046894, 
          -3.5069498621207966, 
          89.06086498309801, 
          1.0
        ]
      ], 
      "projected_cuboid": [
        [
          312.36557592191633, 
          223.69484898584085
        ], 
        [
          303.2557831303433, 
          250.7018002926196
        ], 
        [
          300.045155563043, 
          275.4076575477942
        ], 
        [
          309.07571515346274, 
          247.63951655776398
        ], 
        [
          344.16152248785966, 
          230.26642983994188
        ], 
        [
          337.4585975770899, 
          257.3608426027848
        ], 
        [
          333.14353388488297, 
          281.50426037757944
        ], 
        [
          339.9153334886073, 
          253.69758303122836
        ]
      ], 
      "projected_cuboid_centroid": [
        322.6418607343461, 
        252.28601166695006
      ], 
      "quaternion_xyzw": [
        0.3178968471596673, 
        -0.7168533577421552, 
        -0.13437624744868937, 
        0.6058101040601331
      ], 
      "visibility": 0.8836805555555556
    }
  ]
}