{
  "camera_data": {
    "location_worldframe": [
      -19.930808520997783, 
      -4.716201594082763, 
      97.79803093176456
    ], 
    "quaternion_xyzw_worldframe": [
      0.9544663983028336, 
      0.0023280897298994093, 
      0.013829871488646788, 
      -0.29798755233091845
    ]
  }, 
  "objects": [
    {
      "bounding_box": {
        "bottom_right": [
          400, 
          387
        ], 
        "top_left": [
          257, 
          253
        ]
      }, 
      "class": "003_cracker_box", 
      "cuboid": [
        [
          -16.952798004355717, 
          16.20215531837024, 
          82.03513935815448
        ], 
        [
          -31.091050531853814, 
          9.599178626924026, 
          76.97661882660893
        ], 
        [
          -30.809381077162406, 
          -3.756579174641998, 
          93.62287795623315
        ], 
        [
          -16.67112854966431, 
          2.8463975168042213, 
          98.68139848777871
        ], 
        [
          -20.592394944681974, 
          20.999386554257924, 
          85.9456769319842
        ], 
        [
          -34.730647472180074, 
          14.396409862811707, 
          80.88715640043864
        ], 
        [
          -34.44897801748866, 
          1.040652061245685, 
          97.53341553006287
        ], 
        [
          -20.310725489990567, 
          7.643628752691904, 
          102.59193606160841
        ]
      ], 
      "cuboid_centroid": [
        -25.700888010922192, 
        8.621403689807964, 
        89.78427744410867
      ], 
      "location": [
        -25.700888010922192, 
        8.621403689807964, 
        89.78427744410867
      ], 
      "pose_transform_permuted": [
        [
          0.5069076639753096, 
          -0.6681380711115855, 
          -0.5446431291537464, 
          0.0
        ], 
        [
          0.8618993349275875, 
          0.40253215224660827, 
          0.3083786679702337, 
          0.0
        ], 
        [
          -0.01319684259499293, 
          0.625747060991103, 
          -0.7799143921011585, 
          0.0
        ], 
        [
          -25.700888010922192, 
          8.621403689807964, 
          89.78427744410867, 
          1.0
        ]
      ], 
      "projected_cuboid": [
        [
          370.46658478377407, 
          378.6185553154004
        ], 
        [
          264.3928256904782, 
          339.7928358954562
        ], 
        [
          304.62989060358785, 
          251.88731074868505
        ], 
        [
          390.7477985446899, 
          288.66977697545315
        ], 
        [
          352.74999456320126, 
          403.59424493951263
        ], 
        [
          250.6964742769428, 
          368.20750750081953
        ], 
        [
          291.6578495217765, 
          278.9768967217039
        ], 
        [
          375.13278191290885, 
          313.0215995934182
        ]
      ], 
      "projected_cuboid_centroid": [
        327.6612888983558, 
        324.49776953654606
      ], 
      "quaternion_xyzw": [
        0.8706735216303004, 
        0.11936994307095894, 
        0.23409645282968786, 
        0.41578514427007185
      ], 
      "visibility": 0.8929482432321237
    }, 
    {
      "bounding_box": {
        "bottom_right": [
          374, 
          305
        ], 
        "top_left": [
          277, 
          219
        ]
      }, 
      "class": "004_sugar_box", 
      "cuboid": [
        [
          -31.4742681632277, 
          13.591975395001333, 
          84.62081718461552
        ], 
        [
          -40.04658310117087, 
          10.92114662684074, 
          82.32466121300398
        ], 
        [
          -40.46035031561077, 
          0.2164991258919391, 
          96.3207424001983
        ], 
        [
          -31.888035377667595, 
          2.8873278940525324, 
          98.61689837180985
        ], 
        [
          -33.1863005353579, 
          16.933354877921918, 
          87.12579454944166
        ], 
        [
          -41.75861547330107, 
          14.262526109761325, 
          84.82963857783012
        ], 
        [
          -42.17238268774096, 
          3.557878608812525, 
          98.82571976502446
        ], 
        [
          -33.600067749797795, 
          6.228707376973118, 
          101.121875736636
        ]
      ], 
      "cuboid_centroid": [
        -36.823325425484335, 
        8.574927001906929, 
        91.72326847481999
      ], 
      "location": [
        -36.823325425484335, 
        8.574927001906929, 
        91.72326847481999
      ], 
      "pose_transform_permuted": [
        [
          0.3793220947869509, 
          -0.7403242401091602, 
          -0.5550089337606802, 
          0.0
        ], 
        [
          0.9249667940573816, 
          0.2881867898048178, 
          0.2477589826193241, 
          0.0
        ], 
        [
          0.02347575515105414, 
          0.6073455676056698, 
          -0.794090405325177, 
          0.0
        ], 
        [
          -36.823325425484335, 
          8.574927001906929, 
          91.72326847481999, 
          1.0
        ]
      ], 
      "projected_cuboid": [
        [
          281.5785692950112, 
          358.94946222760353
        ], 
        [
          220.0033848799399, 
          344.0364357758234
        ], 
        [
          255.70470151392055, 
          274.48527483395947
        ], 
        [
          307.7096491120216, 
          288.9011895711541
        ], 
        [
          276.762227651124, 
          376.9399945941907
        ], 
        [
          216.87496002985637, 
          362.9543074939345
        ], 
        [
          252.11439991776996, 
          292.4868670165998
        ], 
        [
          302.9126123435515, 
          306.13691380549477
        ]
      ], 
      "projected_cuboid_centroid": [
        265.70572811521936, 
        323.14494981545573
      ], 
      "quaternion_xyzw": [
        0.8785387435144411, 
        0.07532708050951553, 
        0.17844434352938904, 
        0.43663829761684125
      ], 
      "visibility": 0.5442384865278043
    }, 
    {
      "bounding_box": {
        "bottom_right": [
          283, 
          284
        ], 
        "top_left": [
          199, 
          178
        ]
      }, 
      "class": "024_bowl", 
      "cuboid": [
        [
          -48.265604749829414, 
          -10.124119926919331, 
          80.34187927168843
        ], 
        [
          -46.493959526453175, 
          2.7667729120190985, 
          89.8510588579229
        ], 
        [
          -46.57380776107152, 
          -0.4912653202343763, 
          94.28261723564071
        ], 
        [
          -48.34545298444776, 
          -13.382158159172807, 
          84.77343764940625
        ], 
        [
          -32.2188708317173, 
          -11.692302422875777, 
          79.47809844653399
        ], 
        [
          -30.44722560834105, 
          1.1985904160626517, 
          88.98727803276846
        ], 
        [
          -30.527073842959396, 
          -2.059447816190823, 
          93.41883641048628
        ], 
        [
          -32.29871906633564, 
          -14.950340655129251, 
          83.90965682425181
        ]
      ], 
      "cuboid_centroid": [
        -39.39633929639441, 
        -6.091783871555077, 
        86.88035784108735
      ], 
      "location": [
        -39.39633929639441, 
        -6.091783871555077, 
        86.88035784108735
      ], 
      "pose_transform_permuted": [
        [
          -0.9938335440315387, 
          0.09712333834397976, 
          0.05349713923783424, 
          0.0
        ], 
        [
          -0.10992810113969229, 
          -0.7998618194444318, 
          -0.5900312554220029, 
          0.0
        ], 
        [
          0.014515486128028141, 
          0.5922736925982481, 
          -0.8056060909144758, 
          0.0
        ], 
        [
          -39.39633929639441, 
          -6.091783871555077, 
          86.88035784108735, 
          1.0
        ]
      ], 
      "projected_cuboid": [
        [
          158.53385762450472, 
          206.08134601498367
        ], 
        [
          203.32791125514683, 
          289.7089841375846
        ], 
        [
          215.95194042598493, 
          270.5076438067115
        ], 
        [
          174.91556883536572, 
          189.0978202736974
        ], 
        [
          263.5980257540386, 
          194.82801951708194
        ], 
        [
          297.59972996748274, 
          280.4699439156192
        ], 
        [
          305.8684632547841, 
          261.52933897215365
        ], 
        [
          274.5995721122321, 
          178.2639893472513
        ]
      ], 
      "projected_cuboid_centroid": [
        237.74524534780323, 
        235.89180669949286
      ], 
      "quaternion_xyzw": [
        -0.5976722455118527, 
        0.34064544225029997, 
        0.662513949471212, 
        -0.2963508670056045
      ], 
      "visibility": 0.7171543316121629
    }, 
    {
      "bounding_box": {
        "bottom_right": [
          245, 
          396
        ], 
        "top_left": [
          172, 
          317
        ]
      }, 
      "class": "025_mug", 
      "cuboid": [
        [
          -13.37030996616183, 
          -11.702632733182455, 
          76.64146396275284
        ], 
        [
          -24.947963975822212, 
          -10.109660260184056, 
          77.17730149067017
        ], 
        [
          -25.472492014753783, 
          -15.850434115269286, 
          82.91055161162527
        ], 
        [
          -13.894838005093401, 
          -17.44340658826768, 
          82.37471408370794
        ], 
        [
          -12.175442856860338, 
          -5.2339327515632865, 
          83.22796973798049
        ], 
        [
          -23.753096866520718, 
          -3.640960278564889, 
          83.76380726589781
        ], 
        [
          -24.27762490545229, 
          -9.381734133650117, 
          89.49705738685292
        ], 
        [
          -12.699970895791907, 
          -10.974706606648516, 
          88.96121985893559
        ]
      ], 
      "cuboid_centroid": [
        -18.82396743580706, 
        -10.542183433416286, 
        83.06926067480288
      ], 
      "location": [
        -18.82396743580706, 
        -10.542183433416286, 
        83.06926067480288
      ], 
      "pose_transform_permuted": [
        [
          -0.12835888000665963, 
          -0.6949016156492317, 
          -0.7075569307116062, 
          0.0
        ], 
        [
          0.9896276309768509, 
          -0.13616312711965248, 
          -0.045801992605656754, 
          0.0
        ], 
        [
          0.06451521675593394, 
          0.7060962276907784, 
          -0.7051708332367321, 
          0.0
        ], 
        [
          -18.82396743580706, 
          -10.542183433416286, 
          83.06926067480288, 
          1.0
        ]
      ], 
      "projected_cuboid": [
        [
          387.78268671756524, 
          191.85224786532976
        ], 
        [
          307.7620543360269, 
          203.4255854497503
        ], 
        [
          316.38058719943234, 
          171.32910613325748
        ], 
        [
          390.88787520110367, 
          160.35248492619496
        ], 
        [
          402.92742126884906, 
          239.74782687028681
        ], 
        [
          329.1020808294277, 
          250.10474286623793
        ], 
        [
          335.7192772111311, 
          217.38009051073004
        ], 
        [
          404.8266809977224, 
          207.49353331980353
        ]
      ], 
      "projected_cuboid_centroid": [
        359.73668082741096, 
        205.60382564295008
      ], 
      "quaternion_xyzw": [
        0.9223991529402057, 
        -0.05439032094617377, 
        -0.047203228682823374, 
        0.3794649107230705
      ], 
      "visibility": 0.7762202753441803
    }, 
    {
      "bounding_box": {
        "bottom_right": [
          278, 
          338
        ], 
        "top_left": [
          223, 
          296
        ]
      }, 
      "class": "061_foam_brick", 
      "cuboid": [
        [
          -29.09804682137576, 
          -8.664188225527983, 
          90.36683531594487
        ], 
        [
          -28.909739735346466, 
          -3.8461737101839826, 
          84.25170067058758
        ], 
        [
          -30.367521021327853, 
          0.03022402461806198, 
          87.26096065825814
        ], 
        [
          -30.555828107357147, 
          -4.787790490725939, 
          93.37609530361543
        ], 
        [
          -24.061257411070397, 
          -7.563592866748725, 
          91.38907732915426
        ], 
        [
          -23.872950325041103, 
          -2.745578351404723, 
          85.27394268379696
        ], 
        [
          -25.33073161102249, 
          1.130819383397321, 
          88.28320267146752
        ], 
        [
          -25.519038697051784, 
          -3.6871951319466802, 
          94.39833731682481
        ]
      ], 
      "cuboid_centroid": [
        -27.214389216199127, 
        -3.766684421065331, 
        89.3250189937062
      ], 
      "location": [
        -27.214389216199127, 
        -3.766684421065331, 
        89.3250189937062
      ], 
      "pose_transform_permuted": [
        [
          -0.9582932591502622, 
          -0.20939789763937855, 
          -0.1944904880228774, 
          0.0
        ], 
        [
          -0.02418099643260023, 
          -0.6186936151177298, 
          0.785260141624469, 
          0.0
        ], 
        [
          0.28476184589705, 
          -0.7572124741951646, 
          -0.5878264710308154, 
          0.0
        ], 
        [
          -27.214389216199127, 
          -3.766684421065331, 
          89.3250189937062, 
          1.0
        ]
      ], 
      "projected_cuboid": [
        [
          308.43749662328526, 
          222.1529419359444
        ], 
        [
          297.07120587670096, 
          248.93996997636677
        ], 
        [
          294.45083563490493, 
          273.4712604975463
        ], 
        [
          305.6224276521888, 
          245.94096928398446
        ], 
        [
          340.0125511557814, 
          229.14765056886003
        ], 
        [
          331.04681564792094, 
          256.1151646890741
        ], 
        [
          327.2986794497807, 
          280.1178275579996
        ], 
        [
          336.2214070856969, 
          252.45509723009494
        ]
      ], 
      "projected_cuboid_centroid": [
        317.75809708244907, 
        250.79735647315763
      ], 
      "quaternion_xyzw": [
        0.3213631191483836, 
        -0.702830697723613, 
        -0.13460872391356946, 
        0.6201896866563663
      ], 
      "visibility": 0.8192567567567568
    }
  ]
}