{
  "camera_data": {
    "location_worldframe": [
      -9.611782483020189, 
      7.450910272728367, 
      83.86052166350508
    ], 
    "quaternion_xyzw_worldframe": [
      0.9342853634334665, 
      -0.0299453043186436, 
      0.15896864096756944, 
      -0.31771815921653096
    ]
  }, 
  "objects": [
    {
      "bounding_box": {
        "bottom_right": [
          510, 
          476
        ], 
        "top_left": [
          350, 
          333
        ]
      }, 
      "class": "003_cracker_box", 
      "cuboid": [
        [
          0.22984721949413922, 
          28.15906350498224, 
          70.85165588770792
        ], 
        [
          -12.891185721911363, 
          23.95120134154287, 
          61.95162744667454
        ], 
        [
          -18.793820088192557, 
          10.188788089651876, 
          77.16045502044125
        ], 
        [
          -5.672787146787056, 
          14.396650253091249, 
          86.06048346147463
        ], 
        [
          -3.5944677790795576, 
          33.32881500224032, 
          74.04550650776277
        ], 
        [
          -16.71550072048506, 
          29.12095283880095, 
          65.1454780667294
        ], 
        [
          -22.618135086766255, 
          15.358539586909956, 
          80.35430564049611
        ], 
        [
          -9.497102145360753, 
          19.56640175034933, 
          89.25433408152948
        ]
      ], 
      "cuboid_centroid": [
        -11.194143933636058, 
        21.7588015459461, 
        75.60298076410201
      ], 
      "location": [
        -11.194143933636058, 
        21.7588015459461, 
        75.60298076410201
      ], 
      "pose_transform_permuted": [
        [
          0.5326344136499239, 
          -0.7200211171111274, 
          -0.4448260022861139, 
          0.0
        ], 
        [
          0.7998873654127333, 
          0.2565206409407049, 
          0.5425655383678971, 
          0.0
        ], 
        [
          0.2765515938281281, 
          0.6447997764309583, 
          -0.7125675155841079, 
          0.0
        ], 
        [
          -11.194143933636058, 
          21.7588015459461, 
          75.60298076410201, 
          1.0
        ]
      ], 
      "projected_cuboid": [
        [
          483.34160934271995, 
          485.247427572618
        ], 
        [
          369.6966055645106, 
          479.4739335735019
        ], 
        [
          350.61494622436874, 
          343.70966101191414
        ], 
        [
          446.1496641481977, 
          362.50304250498334
        ], 
        [
          455.49183293731465, 
          513.3403989502913
        ], 
        [
          343.61366497203375, 
          511.68795724230114
        ], 
        [
          330.22721899918076, 
          375.2227051266633
        ], 
        [
          424.37632055828936, 
          390.20125515498415
        ]
      ], 
      "projected_cuboid_centroid": [
        401.97312098898493, 
        426.7777740875342
      ], 
      "quaternion_xyzw": [
        0.8499284005329221, 
        -0.0058919530382981, 
        0.3162619202228238, 
        0.4213850930845979
      ], 
      "visibility": 0.9401145822073289
    }, 
    {
      "bounding_box": {
        "bottom_right": [
          507, 
          364
        ], 
        "top_left": [
          382, 
          281
        ]
      }, 
      "class": "004_sugar_box", 
      "cuboid": [
        [
          -14.682566733581782, 
          27.711972019143534, 
          69.51275564703427
        ], 
        [
          -22.652423200945055, 
          26.452726397091205, 
          64.95359670013902
        ], 
        [
          -28.164114597490304, 
          15.4989191527581, 
          77.61402065943416
        ], 
        [
          -20.194258130127032, 
          16.75816477481043, 
          82.17317960632941
        ], 
        [
          -16.50296843626105, 
          31.194312263881663, 
          71.73316717446684
        ], 
        [
          -24.47282490362432, 
          29.935066641829334, 
          67.17400822757158
        ], 
        [
          -29.984516300169574, 
          18.98125939749623, 
          79.83443218686672
        ], 
        [
          -22.0146598328063, 
          20.240505019548557, 
          84.39359113376199
        ]
      ], 
      "cuboid_centroid": [
        -22.333541516875677, 
        23.34661570831988, 
        74.6735939169505
      ], 
      "location": [
        -22.333541516875677, 
        23.34661570831988, 
        74.6735939169505
      ], 
      "pose_transform_permuted": [
        [
          0.40333266967075626, 
          -0.7715558525049383, 
          -0.49195982832195956, 
          0.0
        ], 
        [
          0.8599605403068968, 
          0.13587466097460058, 
          0.4919407027431932, 
          0.0
        ], 
        [
          0.31271476612427995, 
          0.6214820504517243, 
          -0.718309722483155, 
          0.0
        ], 
        [
          -22.333541516875677, 
          23.34661570831988, 
          74.6735939169505, 
          1.0
        ]
      ], 
      "projected_cuboid": [
        [
          368.0099151333845, 
          485.8998523081652
        ], 
        [
          294.05305717723286, 
          490.4840102163613
        ], 
        [
          286.4564579615615, 
          379.78633056945773
        ], 
        [
          349.44025782915054, 
          382.0502184819627
        ], 
        [
          357.87880931017804, 
          505.2090679517225
        ], 
        [
          285.6789603713069, 
          510.95223167556344
        ], 
        [
          279.6216367406279, 
          400.08743168906767
        ], 
        [
          341.3175554138335, 
          401.19503855809415
        ]
      ], 
      "projected_cuboid_centroid": [
        320.76143245483314, 
        440.02830980329094
      ], 
      "quaternion_xyzw": [
        0.8621778266518719, 
        -0.051277155269815196, 
        0.25959649643583355, 
        0.432006463438565
      ], 
      "visibility": 0.6388637392485288
    }, 
    {
      "bounding_box": {
        "bottom_right": [
          403, 
          346
        ], 
        "top_left": [
          306, 
          208
        ]
      }, 
      "class": "024_bowl", 
      "cuboid": [
        [
          -32.92277891228149, 
          6.979200571681973, 
          59.50477109604393
        ], 
        [
          -31.899581640455477, 
          19.14223448112565, 
          70.02864941377524
        ], 
        [
          -33.57755954961063, 
          15.795907548863713, 
          74.05932984235348
        ], 
        [
          -34.60075682143664, 
          3.632873639420034, 
          63.53545152462217
        ], 
        [
          -17.580211181878063, 
          3.011953422325289, 
          62.598239794305414
        ], 
        [
          -16.557013910052053, 
          15.17498733176897, 
          73.12211811203673
        ], 
        [
          -18.23499181920721, 
          11.82866039950703, 
          77.15279854061497
        ], 
        [
          -19.258189091033216, 
          -0.33437350993665016, 
          66.62892022288366
        ]
      ], 
      "cuboid_centroid": [
        -25.57888536574435, 
        9.4039304855945, 
        68.32878481832945
      ], 
      "location": [
        -25.57888536574435, 
        9.4039304855945, 
        68.32878481832945
      ], 
      "pose_transform_permuted": [
        [
          -0.9502219292637623, 
          0.24570627983330057, 
          -0.19158995066739065, 
          0.0
        ], 
        [
          -0.06348795554495719, 
          -0.7546991937893658, 
          -0.6529918884598819, 
          0.0
        ], 
        [
          0.30503698898162324, 
          0.6083235577751046, 
          -0.7327311133075105, 
          0.0
        ], 
        [
          -25.57888536574435, 
          9.4039304855945, 
          68.32878481832945, 
          1.0
        ]
      ], 
      "projected_cuboid": [
        [
          184.06318164873497, 
          335.83856988068425
        ], 
        [
          236.63379573046322, 
          419.0687085630383
        ], 
        [
          237.78169336360915, 
          387.0367818427053
        ], 
        [
          188.73628725530972, 
          303.78105102252215
        ], 
        [
          330.5703784090332, 
          298.94754297141196
        ], 
        [
          359.83136327739584, 
          383.96601674060184
        ], 
        [
          354.4970461468926, 
          355.05228534336936
        ], 
        [
          326.16364609355463, 
          270.6101034790247
        ]
      ], 
      "projected_cuboid_centroid": [
        280.28507149418004, 
        346.686062063156
      ], 
      "quaternion_xyzw": [
        0.658867504301422, 
        -0.4021051940839745, 
        -0.6083217821705612, 
        0.18479619585677853
      ], 
      "visibility": 0.770847392268389
    }, 
    {
      "bounding_box": {
        "bottom_right": [
          337, 
          483
        ], 
        "top_left": [
          249, 
          393
        ]
      }, 
      "class": "025_mug", 
      "cuboid": [
        [
          1.1682866376814502, 
          0.2189455653898314, 
          64.60069402229355
        ], 
        [
          -9.814447161998626, 
          3.5399729266716666, 
          62.31659878031205
        ], 
        [
          -12.600216316378487, 
          -2.2322353863976163, 
          67.31888550513368
        ], 
        [
          -1.6174825166984124, 
          -5.553262747679452, 
          69.6029807471152
        ], 
        [
          1.503821121574441, 
          6.218392642375465, 
          71.71039841620225
        ], 
        [
          -9.478912678105635, 
          9.5394200036573, 
          69.42630317422073
        ], 
        [
          -12.264681832485497, 
          3.7672116905880166, 
          74.42858989904238
        ], 
        [
          -1.2819480328054218, 
          0.44618432930618146, 
          76.71268514102388
        ]
      ], 
      "cuboid_centroid": [
        -5.548197597402024, 
        1.9930786279889243, 
        69.51464196066797
      ], 
      "location": [
        -5.548197597402024, 
        1.9930786279889243, 
        69.51464196066797
      ], 
      "pose_transform_permuted": [
        [
          -0.036044870781734434, 
          -0.6444920120960436, 
          -0.7637616652734196, 
          0.0
        ], 
        [
          0.9387754049963709, 
          -0.2838727463450131, 
          0.19523849662129958, 
          0.0
        ], 
        [
          0.3426404071608824, 
          0.709962562223776, 
          -0.615264749210676, 
          0.0
        ], 
        [
          -5.548197597402024, 
          1.9930786279889243, 
          69.51464196066797, 
          1.0
        ]
      ], 
      "projected_cuboid": [
        [
          491.32239057587043, 
          275.09407208672803
        ], 
        [
          396.902836078611, 
          303.582429006318
        ], 
        [
          380.94265540060877, 
          255.60212688519587
        ], 
        [
          469.1001345298462, 
          230.73571986931003
        ], 
        [
          492.8743860170665, 
          319.5335348643433
        ], 
        [
          408.17506716579, 
          346.56653803095685
        ], 
        [
          392.9818664190868, 
          300.28057039918116
        ], 
        [
          472.61047812408015, 
          276.3884870278755
        ]
      ], 
      "projected_cuboid_centroid": [
        438.676312451326, 
        288.57753039865577
      ], 
      "quaternion_xyzw": [
        0.9236476103598124, 
        -0.16957580642195177, 
        0.04308830122386999, 
        0.34097331795617764
      ], 
      "visibility": 0.8703237410071942
    }, 
    {
      "bounding_box": {
        "bottom_right": [
          376, 
          404
        ], 
        "top_left": [
          311, 
          353
        ]
      }, 
      "class": "061_foam_brick", 
      "cuboid": [
        [
          -16.997437309279235, 
          5.183154999126191, 
          74.10564191701806
        ], 
        [
          -14.562474199317194, 
          10.107156340026629, 
          68.58579041471313
        ], 
        [
          -16.19608440493204, 
          14.063302706244727, 
          71.39425173271296
        ], 
        [
          -18.631047514894078, 
          9.139301365344286, 
          76.91410323501789
        ], 
        [
          -12.295148993889157, 
          5.47040954042761, 
          76.43620104918973
        ], 
        [
          -9.86018588392712, 
          10.39441088132805, 
          70.9163495468848
        ], 
        [
          -11.493796089541965, 
          14.350557247546144, 
          73.72481086488463
        ], 
        [
          -13.928759199504004, 
          9.426555906645707, 
          79.24466236718956
        ]
      ], 
      "cuboid_centroid": [
        -14.245616699410599, 
        9.766856123336169, 
        73.91522639095135
      ], 
      "location": [
        -14.245616699410599, 
        9.766856123336169, 
        73.91522639095135
      ], 
      "pose_transform_permuted": [
        [
          -0.8946514988297193, 
          -0.05465269007003454, 
          -0.4434092681821692, 
          0.0
        ], 
        [
          -0.3126798651981981, 
          -0.6323036555295077, 
          0.7088183047182532, 
          0.0
        ], 
        [
          0.31910812829098345, 
          -0.7727905089169578, 
          -0.5486026173711676, 
          0.0
        ], 
        [
          -14.245616699410599, 
          9.766856123336169, 
          73.91522639095135, 
          1.0
        ]
      ], 
      "projected_cuboid": [
        [
          358.2513973884488, 
          310.58839506190964
        ], 
        [
          367.41635342638307, 
          351.8792665002023
        ], 
        [
          359.60305402233917, 
          378.34030008799226
        ], 
        [
          351.3334822386638, 
          336.6581199102714
        ], 
        [
          395.0950107623287, 
          311.45531790286014
        ], 
        [
          406.82653718642837, 
          351.45670486057645
        ], 
        [
          397.7589433425339, 
          377.09735987098077
        ], 
        [
          387.0747973625592, 
          336.72761674554033
        ]
      ], 
      "projected_cuboid_centroid": [
        377.9542819997664, 
        343.75720946446086
      ], 
      "quaternion_xyzw": [
        0.29913997311752494, 
        -0.7951225758172961, 
        -0.15530622017410575, 
        0.5041580544671954
      ], 
      "visibility": 0.9767522553782095
    }
  ]
}