{
  "camera_data": {
    "location_worldframe": [
      -14.3476178015914, 
      1.5374205731853372, 
      86.97656875495753
    ], 
    "quaternion_xyzw_worldframe": [
      0.8999140753244408, 
      0.023940356261090857, 
      0.03162160116926015, 
      -0.4342592824800227
    ]
  }, 
  "objects": [
    {
      "bounding_box": {
        "bottom_right": [
          460, 
          409
        ], 
        "top_left": [
          301, 
          276
        ]
      }, 
      "class": "003_cracker_box", 
      "cuboid": [
        [
          -11.573924341689121, 
          26.198409783531307, 
          78.0851897257499
        ], 
        [
          -25.20209410974912, 
          20.960359705759423, 
          70.60762756667388
        ], 
        [
          -25.071023073633942, 
          3.367855855344387, 
          82.69233591247269
        ], 
        [
          -11.44285330557394, 
          8.605905933116267, 
          90.16989807154872
        ], 
        [
          -15.569823197798138, 
          29.555762822203967, 
          83.01604872194973
        ], 
        [
          -29.197992965858138, 
          24.31771274443209, 
          75.5384865628737
        ], 
        [
          -29.06692192974296, 
          6.72520889401705, 
          87.6231949086725
        ], 
        [
          -15.43875216168296, 
          11.963258971788932, 
          95.10075706774853
        ]
      ], 
      "cuboid_centroid": [
        -20.32042313571604, 
        16.461809338774177, 
        82.8541923172112
      ], 
      "location": [
        -20.32042313571604, 
        16.461809338774177, 
        82.8541923172112
      ], 
      "pose_transform_permuted": [
        [
          0.5565318874156056, 
          -0.467597927429132, 
          -0.6867491802351162, 
          0.0
        ], 
        [
          0.8308035548612285, 
          0.3193231886025661, 
          0.45584882850637665, 
          0.0
        ], 
        [
          -0.006140970572296178, 
          0.8242480691422154, 
          -0.5661955572024209, 
          0.0
        ], 
        [
          -20.32042313571604, 
          16.461809338774177, 
          82.8541923172112, 
          1.0
        ]
      ], 
      "projected_cuboid": [
        [
          401.88873929546406, 
          452.22091765794676
        ], 
        [
          289.65209299638815, 
          431.6061230834428
        ], 
        [
          318.5554286611351, 
          295.0073354547819
        ], 
        [
          413.3530663896906, 
          324.18709640746107
        ], 
        [
          380.73836999119214, 
          463.1614760363387
        ], 
        [
          273.7344188907152, 
          444.9753421215798
        ], 
        [
          303.2065785578257, 
          314.21959923119186
        ], 
        [
          394.295919791504, 
          340.37580714106707
        ]
      ], 
      "projected_cuboid_centroid": [
        349.7076367918142, 
        379.24865105334277
      ], 
      "quaternion_xyzw": [
        0.9140296499893427, 
        0.08901903761509737, 
        0.27690040359571116, 
        0.28275709782598596
      ], 
      "visibility": 0.9151327980234713
    }, 
    {
      "bounding_box": {
        "bottom_right": [
          432, 
          319
        ], 
        "top_left": [
          314, 
          236
        ]
      }, 
      "class": "004_sugar_box", 
      "cuboid": [
        [
          -26.07138042222233, 
          22.555401440548707, 
          79.04699621179077
        ], 
        [
          -34.42187790673416, 
          20.431155048522015, 
          75.6342244677082
        ], 
        [
          -34.982789145781126, 
          6.123793074462244, 
          85.9121494504559
        ], 
        [
          -26.632291661269285, 
          8.248039466488935, 
          89.32492119453848
        ], 
        [
          -28.023799935727933, 
          24.979742708789523, 
          82.31523897339567
        ], 
        [
          -36.37429742023977, 
          22.85549631676283, 
          78.90246722931309
        ], 
        [
          -36.93520865928673, 
          8.548134342703062, 
          89.1803922120608
        ], 
        [
          -28.584711174774895, 
          10.672380734729751, 
          92.59316395614337
        ]
      ], 
      "cuboid_centroid": [
        -31.503294540754528, 
        15.551767891625884, 
        84.11369421192578
      ], 
      "location": [
        -31.503294540754528, 
        15.551767891625884, 
        84.11369421192578
      ], 
      "pose_transform_permuted": [
        [
          0.432582859893226, 
          -0.5371430022688977, 
          -0.7241198886103642, 
          0.0
        ], 
        [
          0.901032328250694, 
          0.22920965797977685, 
          0.36824364968222806, 
          0.0
        ], 
        [
          0.03182421044926327, 
          0.8117514265000243, 
          -0.5831347722474861, 
          0.0
        ], 
        [
          -31.503294540754528, 
          15.551767891625884, 
          84.11369421192578, 
          1.0
        ]
      ], 
      "projected_cuboid": [
        [
          304.2310595374426, 
          425.46483533635717
        ], 
        [
          236.8553864209044, 
          417.3527351410949
        ], 
        [
          262.62355527040194, 
          311.301403059185
        ], 
        [
          321.26232739599993, 
          322.53193233971194
        ], 
        [
          298.51807381282106, 
          435.13003300524025
        ], 
        [
          233.68608464893725, 
          427.7719957479213
        ], 
        [
          258.8751712116087, 
          324.40637869373927
        ], 
        [
          315.5823389324605, 
          334.75748682584174
        ]
      ], 
      "projected_cuboid_centroid": [
        280.1870798506557, 
        371.89191309002695
      ], 
      "quaternion_xyzw": [
        0.9269443946862566, 
        0.05323551462796286, 
        0.21598558504863452, 
        0.3021426584319453
      ], 
      "visibility": 0.5616671392117947
    }, 
    {
      "bounding_box": {
        "bottom_right": [
          337, 
          299
        ], 
        "top_left": [
          259, 
          174
        ]
      }, 
      "class": "024_bowl", 
      "cuboid": [
        [
          -41.67479057977512, 
          0.6464092117167815, 
          67.2469405502868
        ], 
        [
          -40.8386195664807, 
          10.27312041397047, 
          80.14521915057658
        ], 
        [
          -40.970564124500356, 
          5.870074216828048, 
          83.44001403614331
        ], 
        [
          -41.806735137794774, 
          -3.756636985425641, 
          70.5417354358535
        ], 
        [
          -25.554889379155714, 
          -0.1653012949116947, 
          66.80774306746507
        ], 
        [
          -24.718718365861296, 
          9.461409907341995, 
          79.70602166775488
        ], 
        [
          -24.850662923880957, 
          5.058363710199571, 
          83.00081655332158
        ], 
        [
          -25.686833937175376, 
          -4.568347492054118, 
          70.1025379530318
        ]
      ], 
      "cuboid_centroid": [
        -33.26272675182803, 
        2.852386460958176, 
        75.1238785518042
      ], 
      "location": [
        -33.26272675182803, 
        2.852386460958176, 
        75.1238785518042
      ], 
      "pose_transform_permuted": [
        [
          -0.9983650642806088, 
          0.0502722319474418, 
          0.027201123487800016, 
          0.0
        ], 
        [
          -0.05188323853256437, 
          -0.5973239273420902, 
          -0.8003200955767601, 
          0.0
        ], 
        [
          0.023985995567183796, 
          0.8004229060438263, 
          -0.598955627318925, 
          0.0
        ], 
        [
          -33.26272675182803, 
          2.852386460958176, 
          75.1238785518042, 
          1.0
        ]
      ], 
      "projected_cuboid": [
        [
          148.3298209363374, 
          278.4130565788574
        ], 
        [
          207.575232569633, 
          341.6481490059439
        ], 
        [
          217.5451579048846, 
          310.8060131477068
        ], 
        [
          162.88988502902404, 
          244.8850809033859
        ], 
        [
          275.89486518430283, 
          271.9669541480025
        ], 
        [
          314.823756047555, 
          336.59361418991097
        ], 
        [
          320.589106837395, 
          305.7889221443502
        ], 
        [
          284.5506364517658, 
          238.53188784486517
        ]
      ], 
      "projected_cuboid_centroid": [
        243.4903854885285, 
        293.53620543373825
      ], 
      "quaternion_xyzw": [
        -0.6559989603695005, 
        0.2367800714803391, 
        0.6854756137281964, 
        -0.20910223510965234
      ], 
      "visibility": 0.7256288239292998
    }, 
    {
      "bounding_box": {
        "bottom_right": [
          316, 
          431
        ], 
        "top_left": [
          236, 
          342
        ]
      }, 
      "class": "025_mug", 
      "cuboid": [
        [
          -6.61915290731635, 
          1.1615132822069942, 
          65.07725729030912
        ], 
        [
          -18.264958305964182, 
          2.2140432421942955, 
          65.44352607633166
        ], 
        [
          -18.79320793031109, 
          -4.953554877507488, 
          69.24461284160184
        ], 
        [
          -7.147402531663258, 
          -6.006084837494789, 
          68.87834405557929
        ], 
        [
          -5.970680552518921, 
          5.474849566850344, 
          73.30090969595224
        ], 
        [
          -17.61648595116675, 
          6.527379526837645, 
          73.66717848197479
        ], 
        [
          -18.14473557551366, 
          -0.6402185928641378, 
          77.46826524724496
        ], 
        [
          -6.498930176865827, 
          -1.6927485528514392, 
          77.10199646122241
        ]
      ], 
      "cuboid_centroid": [
        -12.381944241415004, 
        0.26064734467142814, 
        71.27276126877705
      ], 
      "location": [
        -12.381944241415004, 
        0.26064734467142814, 
        71.27276126877705
      ], 
      "pose_transform_permuted": [
        [
          -0.06966229510304185, 
          -0.46336116399803395, 
          -0.8834277922082081, 
          0.0
        ], 
        [
          0.9954530337376483, 
          -0.08996751241359195, 
          -0.03130769935859372, 
          0.0
        ], 
        [
          0.0649729594730541, 
          0.8815909007531894, 
          -0.4675211206421511, 
          0.0
        ], 
        [
          -12.381944241415004, 
          0.26064734467142814, 
          71.27276126877705, 
          1.0
        ]
      ], 
      "projected_cuboid": [
        [
          426.8998920865639, 
          282.80534386397255
        ], 
        [
          331.5098419480085, 
          291.32946277238716
        ], 
        [
          335.64620607267557, 
          235.13443178754392
        ], 
        [
          425.79410294804745, 
          226.781896995314
        ], 
        [
          437.7938315165766, 
          313.1202112745593
        ], 
        [
          352.9982485669238, 
          320.5420376515456
        ], 
        [
          355.64115832778026, 
          268.87904141500275
        ], 
        [
          436.2689198525334, 
          261.57768485109733
        ]
      ], 
      "projected_cuboid_centroid": [
        388.1733829003219, 
        275.23690907328364
      ], 
      "quaternion_xyzw": [
        0.9695967881932992, 
        -0.03994971770052859, 
        -0.02603401632800844, 
        0.2400178857787749
      ], 
      "visibility": 0.8495832525683272
    }, 
    {
      "bounding_box": {
        "bottom_right": [
          337, 
          358
        ], 
        "top_left": [
          272, 
          313
        ]
      }, 
      "class": "061_foam_brick", 
      "cuboid": [
        [
          -23.02303734808403, 
          -0.3373807189739231, 
          78.25474672532035
        ], 
        [
          -22.776275897567704, 
          6.048835170400154, 
          73.80514555663022
        ], 
        [
          -24.518210294729574, 
          8.845892149118393, 
          77.72297252617837
        ], 
        [
          -24.7649717452459, 
          2.459676259744317, 
          82.17257369486849
        ], 
        [
          -18.083477860519476, 
          0.5570514672869522, 
          79.81239866785843
        ], 
        [
          -17.83671641000315, 
          6.943267356661028, 
          75.36279749916831
        ], 
        [
          -19.578650807165022, 
          9.740324335379269, 
          79.28062446871645
        ], 
        [
          -19.82541225768135, 
          3.354108446005192, 
          83.73022563740658
        ]
      ], 
      "cuboid_centroid": [
        -21.300844077624525, 
        4.7014718082026725, 
        78.7676855970184
      ], 
      "location": [
        -21.300844077624525, 
        4.7014718082026725, 
        78.7676855970184
      ], 
      "pose_transform_permuted": [
        [
          -0.9397944155496977, 
          -0.17017355006090346, 
          -0.2963569121199494, 
          0.0
        ], 
        [
          -0.03168727146948826, 
          -0.8200703802232174, 
          0.5713847112999845, 
          0.0
        ], 
        [
          0.34026809037642836, 
          -0.5463749027364057, 
          -0.7653052282137905, 
          0.0
        ], 
        [
          -21.300844077624525, 
          4.7014718082026725, 
          78.7676855970184, 
          1.0
        ]
      ], 
      "projected_cuboid": [
        [
          323.3835218742984, 
          270.98723024685495
        ], 
        [
          315.643035065503, 
          316.9957160803188
        ], 
        [
          311.95595979480674, 
          333.98529100655577
        ], 
        [
          319.52704855608476, 
          289.25042299316544
        ], 
        [
          359.75329704815647, 
          277.00884756361796
        ], 
        [
          354.3201552982334, 
          322.421928059559
        ], 
        [
          348.79420595494344, 
          338.80955510330506
        ], 
        [
          354.2667858092506, 
          294.6505281620034
        ]
      ], 
      "projected_cuboid_centroid": [
        336.17160169930133, 
        305.11922375907164
      ], 
      "quaternion_xyzw": [
        0.42376135321488895, 
        -0.6845471288242037, 
        -0.21734503480246167, 
        0.5518900975617718
      ], 
      "visibility": 0.7834061135371179
    }
  ]
}