{
  "camera_data": {
    "location_worldframe": [
      -15.24626012232941, 
      -3.290577804278079, 
      95.63383298663528
    ], 
    "quaternion_xyzw_worldframe": [
      0.9506533226870875, 
      -0.012073154051472378, 
      0.09109016208091078, 
      -0.2963368363075239
    ]
  }, 
  "objects": [
    {
      "bounding_box": {
        "bottom_right": [
          412, 
          419
        ], 
        "top_left": [
          270, 
          301
        ]
      }, 
      "class": "003_cracker_box", 
      "cuboid": [
        [
          -8.586431901165584, 
          17.270299218769285, 
          80.54041763753412
        ], 
        [
          -22.333113692133598, 
          11.695469918662068, 
          73.5384083759228
        ], 
        [
          -25.34134752785233, 
          -1.5576938188698515, 
          89.99616421571461
        ], 
        [
          -11.594665736884318, 
          4.017135481237368, 
          96.99817347732593
        ], 
        [
          -12.371073556541562, 
          22.34190267044572, 
          83.93272120653843
        ], 
        [
          -26.117755347509576, 
          16.767073370338498, 
          76.93071194492711
        ], 
        [
          -29.125989183228306, 
          3.5139096328065804, 
          93.38846778471893
        ], 
        [
          -15.379307392260296, 
          9.088738932913799, 
          100.39047704633023
        ]
      ], 
      "cuboid_centroid": [
        -18.856210542196948, 
        10.392104425787933, 
        86.96444271112652
      ], 
      "location": [
        -18.856210542196948, 
        10.392104425787933, 
        86.96444271112652
      ], 
      "pose_transform_permuted": [
        [
          0.5271088782535116, 
          -0.7063514725528826, 
          -0.4724656894301416, 
          0.0
        ], 
        [
          0.8380283114941061, 
          0.3398539994070627, 
          0.42685806566276996, 
          0.0
        ], 
        [
          0.1409424691165238, 
          0.6209403001170067, 
          -0.7710825922622939, 
          0.0
        ], 
        [
          -18.856210542196948, 
          10.392104425787933, 
          86.96444271112652, 
          1.0
        ]
      ], 
      "projected_cuboid": [
        [
          424.26592713660585, 
          387.64637184828365
        ], 
        [
          318.2818000492934, 
          358.1051148280579
        ], 
        [
          330.17211691229153, 
          264.05560435856785
        ], 
        [
          417.3155078312898, 
          295.37372729223546
        ], 
        [
          402.33455831250353, 
          415.2499349518672
        ], 
        [
          299.02773239325217, 
          389.52371237896915
        ], 
        [
          313.87926263339347, 
          293.35364974720005
        ], 
        [
          399.2143732770929, 
          321.5700266336105
        ]
      ], 
      "projected_cuboid_centroid": [
        364.9954877452781, 
        337.0173298758003
      ], 
      "quaternion_xyzw": [
        0.8560715947047383, 
        0.058088462320474515, 
        0.27858854032100777, 
        0.43145750716233844
      ], 
      "visibility": 0.9219092331768388
    }, 
    {
      "bounding_box": {
        "bottom_right": [
          393, 
          328
        ], 
        "top_left": [
          294, 
          258
        ]
      }, 
      "class": "004_sugar_box", 
      "cuboid": [
        [
          -23.47812435484639, 
          15.74553991693568, 
          81.07554863832173
        ], 
        [
          -31.82210964869025, 
          13.698529513411057, 
          77.60022134811373
        ], 
        [
          -34.95547272133784, 
          3.12642808858075, 
          91.35026416055322
        ], 
        [
          -26.611487427493984, 
          5.173438492105374, 
          94.82559145076122
        ], 
        [
          -25.271040851240933, 
          19.216528637256562, 
          83.33574133602636
        ], 
        [
          -33.61502614508479, 
          17.16951823373194, 
          79.86041404581835
        ], 
        [
          -36.74838921773239, 
          6.597416808901634, 
          93.61045685825783
        ], 
        [
          -28.404403923888527, 
          8.644427212426258, 
          97.08578414846585
        ]
      ], 
      "cuboid_centroid": [
        -30.113256786289387, 
        11.171478362918657, 
        87.34300274828979
      ], 
      "location": [
        -30.113256786289387, 
        11.171478362918657, 
        87.34300274828979
      ], 
      "pose_transform_permuted": [
        [
          0.39724297990011065, 
          -0.769040780891183, 
          -0.5007738420557656, 
          0.0
        ], 
        [
          0.9003296522328327, 
          0.22087576857093183, 
          0.374993495362074, 
          0.0
        ], 
        [
          0.17777644464267736, 
          0.5998253506319717, 
          -0.7801310183995445, 
          0.0
        ], 
        [
          -30.113256786289387, 
          11.171478362918657, 
          87.34300274828979, 
          1.0
        ]
      ], 
      "projected_cuboid": [
        [
          325.86959397448265, 
          376.86159761828844
        ], 
        [
          261.0721112697953, 
          367.43181132256086
        ], 
        [
          275.8199361235141, 
          291.53919811699797
        ], 
        [
          330.6810539176556, 
          302.3830721338626
        ], 
        [
          318.5235037276663, 
          396.26559688839137
        ], 
        [
          255.24022215469745, 
          387.9471043843309
        ], 
        [
          270.4885872316046, 
          310.87348820706427
        ], 
        [
          324.2633614744876, 
          320.77281373355146
        ]
      ], 
      "projected_cuboid_centroid": [
        296.1921087762045, 
        341.49999522983404
      ], 
      "quaternion_xyzw": [
        0.866159460624972, 
        0.012439777514280227, 
        0.22289096591549726, 
        0.44713816269262124
      ], 
      "visibility": 0.6178584261588214
    }, 
    {
      "bounding_box": {
        "bottom_right": [
          302, 
          318
        ], 
        "top_left": [
          214, 
          203
        ]
      }, 
      "class": "024_bowl", 
      "cuboid": [
        [
          -41.20827909090779, 
          -6.697492066742769, 
          74.39243226365248
        ], 
        [
          -39.830848127026584, 
          6.078373830581903, 
          84.11962486476212
        ], 
        [
          -40.76279465399002, 
          2.8581986640468084, 
          88.48102900634649
        ], 
        [
          -42.14022561787122, 
          -9.917667233277864, 
          78.75383640523687
        ], 
        [
          -25.355333532020165, 
          -9.442628398057789, 
          75.7530669400657
        ], 
        [
          -23.977902568138965, 
          3.3332374992668847, 
          85.48025954117531
        ], 
        [
          -24.909849095102402, 
          0.11306233273178923, 
          89.8416636827597
        ], 
        [
          -26.287280058983598, 
          -12.662803564592885, 
          80.11447108165008
        ]
      ], 
      "cuboid_centroid": [
        -33.05906409300509, 
        -3.29221486700549, 
        82.1170479732061
      ], 
      "location": [
        -33.05906409300509, 
        -3.29221486700549, 
        82.1170479732061
      ], 
      "pose_transform_permuted": [
        [
          -0.9818315146576508, 
          0.1700164396644717, 
          -0.08426913473436817, 
          0.0
        ], 
        [
          -0.08546765927656583, 
          -0.7927245590580608, 
          -0.6035586572024194, 
          0.0
        ], 
        [
          0.16941710670073104, 
          0.5853906248907816, 
          -0.7928528616629521, 
          0.0
        ], 
        [
          -33.05906409300509, 
          -3.29221486700549, 
          82.1170479732061, 
          1.0
        ]
      ], 
      "projected_cuboid": [
        [
          183.7128750010275, 
          225.27219608348253
        ], 
        [
          226.96449130606638, 
          311.8235119978553
        ], 
        [
          233.8517108320779, 
          290.5143362704949
        ], 
        [
          193.84604546691796, 
          206.12427140098265
        ], 
        [
          301.6019007965463, 
          206.80819136509922
        ], 
        [
          330.74992271737506, 
          294.08292820370815
        ], 
        [
          332.49452598757, 
          273.95770048770623
        ], 
        [
          305.14513537018394, 
          188.99064202570963
        ]
      ], 
      "projected_cuboid_centroid": [
        265.1015231564028, 
        251.90483096787926
      ], 
      "quaternion_xyzw": [
        -0.629323466181856, 
        0.3822126924632905, 
        0.6297994024752999, 
        -0.2474230087816633
      ], 
      "visibility": 0.7853573213393303
    }, 
    {
      "bounding_box": {
        "bottom_right": [
          253, 
          436
        ], 
        "top_left": [
          178, 
          361
        ]
      }, 
      "class": "025_mug", 
      "cuboid": [
        [
          -6.347447058948527, 
          -10.849890739415155, 
          75.55601269978835
        ], 
        [
          -17.739323066982944, 
          -8.409454525848039, 
          74.49009167619401
        ], 
        [
          -19.472935123343323, 
          -14.066226254972214, 
          80.06658644539363
        ], 
        [
          -8.08105911530891, 
          -16.506662468539332, 
          81.13250746898795
        ], 
        [
          -5.605669545717454, 
          -4.451840694812202, 
          82.27676912565428
        ], 
        [
          -16.99754555375187, 
          -2.0114044812450853, 
          81.21084810205996
        ], 
        [
          -18.731157610112252, 
          -7.668176210369262, 
          86.78734287125955
        ], 
        [
          -7.339281602077836, 
          -10.108612423936378, 
          87.8532638948539
        ]
      ], 
      "cuboid_centroid": [
        -12.539302334530388, 
        -9.25903347489221, 
        81.17167778552395
      ], 
      "location": [
        -12.539302334530388, 
        -9.25903347489221, 
        81.17167778552395
      ], 
      "pose_transform_permuted": [
        [
          -0.07968562367418962, 
          -0.6873120295627558, 
          -0.7219788384048984, 
          0.0
        ], 
        [
          0.973747812536663, 
          -0.20860211460520112, 
          0.09111214556143311, 
          0.0
        ], 
        [
          0.21322855840959545, 
          0.6957642435791653, 
          -0.6858904425892504, 
          0.0
        ], 
        [
          -12.539302334530388, 
          -9.25903347489221, 
          81.17167778552395, 
          1.0
        ]
      ], 
      "projected_cuboid": [
        [
          436.4196105392577, 
          196.70151185533365
        ], 
        [
          353.5321220573237, 
          213.07817091541253
        ], 
        [
          350.80788105804777, 
          179.59209868859605
        ], 
        [
          428.0340405052209, 
          164.78100028887528
        ], 
        [
          444.95820482688725, 
          244.4296218806634
        ], 
        [
          369.04229835934694, 
          260.07744800643485
        ], 
        [
          365.53241910268997, 
          226.16459133693985
        ], 
        [
          436.6721410254246, 
          211.92147622545198
        ]
      ], 
      "projected_cuboid_centroid": [
        398.5239358641484, 
        212.4522173401311
      ], 
      "quaternion_xyzw": [
        0.9208000454116962, 
        -0.11452830479232687, 
        0.0031023352855436216, 
        0.3728286284830812
      ], 
      "visibility": 0.8075618031992244
    }, 
    {
      "bounding_box": {
        "bottom_right": [
          290, 
          367
        ], 
        "top_left": [
          234, 
          330
        ]
      }, 
      "class": "061_foam_brick", 
      "cuboid": [
        [
          -23.55991163912215, 
          -6.594557234198225, 
          86.98422807844062
        ], 
        [
          -22.17312655406078, 
          -1.835376732770937, 
          80.9783456917926
        ], 
        [
          -23.745593799194925, 
          2.1531690984483824, 
          83.77585892049665
        ], 
        [
          -25.132378884256294, 
          -2.606011402978906, 
          89.78174130714467
        ], 
        [
          -18.64636044025774, 
          -5.860924408555543, 
          88.70013423391029
        ], 
        [
          -17.25957535519637, 
          -1.1017439071282542, 
          82.69425184726227
        ], 
        [
          -18.832042600330517, 
          2.886801924091065, 
          85.49176507596631
        ], 
        [
          -20.218827685391886, 
          -1.8723785773362231, 
          91.49764746261434
        ]
      ], 
      "cuboid_centroid": [
        -21.195977119726333, 
        -1.85387765505358, 
        86.23799657720348
      ], 
      "location": [
        -21.195977119726333, 
        -1.85387765505358, 
        86.23799657720348
      ], 
      "pose_transform_permuted": [
        [
          -0.9348461110419908, 
          -0.1395800646471975, 
          -0.3264661609152605, 
          0.0
        ], 
        [
          -0.1780806336169181, 
          -0.6111385883227516, 
          0.7712307785568928, 
          0.0
        ], 
        [
          0.3071645106457801, 
          -0.7791193948400708, 
          -0.546464026248553, 
          0.0
        ], 
        [
          -21.195977119726333, 
          -1.85387765505358, 
          86.23799657720348, 
          1.0
        ]
      ], 
      "projected_cuboid": [
        [
          335.9422415262179, 
          232.85384583672496
        ], 
        [
          334.34894342689535, 
          261.19883298176865
        ], 
        [
          329.1721809350405, 
          286.9936758237491
        ], 
        [
          331.0621290410549, 
          257.8063646751356
        ], 
        [
          368.5494193487194, 
          238.04706749398872
        ], 
        [
          369.3573622128601, 
          266.18106706676684
        ], 
        [
          363.1389359307509, 
          291.2951496586636
        ], 
        [
          362.7638716031545, 
          262.37285670004985
        ]
      ], 
      "projected_cuboid_centroid": [
        349.4229200041419, 
        261.82164666339145
      ], 
      "quaternion_xyzw": [
        0.3038363591056338, 
        -0.7555901980194434, 
        -0.13462455001000612, 
        0.5644848537179479
      ], 
      "visibility": 0.9559471365638766
    }
  ]
}