{
  "camera_data": {
    "location_worldframe": [
      -10.950225772305306, 
      4.957499920278632, 
      82.88601921749068
    ], 
    "quaternion_xyzw_worldframe": [
      0.9266641267296745, 
      -0.005501519281536877, 
      0.10461265234085826, 
      -0.3609994524084519
    ]
  }, 
  "objects": [
    {
      "bounding_box": {
        "bottom_right": [
          498, 
          443
        ], 
        "top_left": [
          330, 
          311
        ]
      }, 
      "class": "003_cracker_box", 
      "cuboid": [
        [
          -4.147563544975495, 
          27.461186765623495, 
          70.96029200926408
        ], 
        [
          -17.54246482812291, 
          22.705752864856144, 
          62.772460567586464
        ], 
        [
          -20.875110268376517, 
          7.305021436298698, 
          77.16914396972444
        ], 
        [
          -7.480208985229105, 
          12.06045533706605, 
          85.35697541140206
        ], 
        [
          -8.137550476316681, 
          31.97551741623631, 
          74.86582918097388
        ], 
        [
          -21.532451759464095, 
          27.220083515468957, 
          66.67799773929626
        ], 
        [
          -24.865097199717702, 
          11.819352086911511, 
          81.07468114143424
        ], 
        [
          -11.470195916570288, 
          16.574785987678865, 
          89.26251258311186
        ]
      ], 
      "cuboid_centroid": [
        -14.506330372346598, 
        19.640269426267505, 
        76.01748657534915
      ], 
      "location": [
        -14.506330372346598, 
        19.640269426267505, 
        76.01748657534915
      ], 
      "pose_transform_permuted": [
        [
          0.5557084995452466, 
          -0.6287368744488373, 
          -0.5439466943014525, 
          0.0
        ], 
        [
          0.8165829889451306, 
          0.28990183252079677, 
          0.499148424485664, 
          0.0
        ], 
        [
          0.15614187682555716, 
          0.7215586394808055, 
          -0.6745167485630001, 
          0.0
        ], 
        [
          -14.506330372346598, 
          19.640269426267505, 
          76.01748657534915, 
          1.0
        ]
      ], 
      "projected_cuboid": [
        [
          450.1652588245374, 
          479.6778628271005
        ], 
        [
          331.3129113171456, 
          466.1963354304937
        ], 
        [
          336.12593137892355, 
          323.771884676373
        ], 
        [
          434.47043161057616, 
          348.64156294825335
        ], 
        [
          423.14474329617263, 
          501.0696241593236
        ], 
        [
          307.93591903120773, 
          491.0045872113113
        ], 
        [
          316.6682110975353, 
          351.03574204365356
        ], 
        [
          412.49461542442225, 
          372.3164408857398
        ]
      ], 
      "projected_cuboid_centroid": [
        378.9761741455704, 
        411.07773281926404
      ], 
      "quaternion_xyzw": [
        0.8777938714082293, 
        0.03809549145081488, 
        0.3004284258497447, 
        0.37117302406117575
      ], 
      "visibility": 0.9379939532169946
    }, 
    {
      "bounding_box": {
        "bottom_right": [
          479, 
          334
        ], 
        "top_left": [
          355, 
          258
        ]
      }, 
      "class": "004_sugar_box", 
      "cuboid": [
        [
          -19.018871826207622, 
          25.681045278448256, 
          70.74056669358387
        ], 
        [
          -27.20010573020557, 
          24.01389248565002, 
          66.71834649528236
        ], 
        [
          -30.61308000475997, 
          11.634683362662075, 
          78.79136426700835
        ], 
        [
          -22.43184610076202, 
          13.301836155460311, 
          82.81358446530986
        ], 
        [
          -20.950812686262317, 
          28.789524662214767, 
          73.3817300214274
        ], 
        [
          -29.132046590260263, 
          27.12237186941653, 
          69.35950982312589
        ], 
        [
          -32.54502086481466, 
          14.743162746428585, 
          81.43252759485188
        ], 
        [
          -24.363786960816714, 
          16.41031553922682, 
          85.45474779315339
        ]
      ], 
      "cuboid_centroid": [
        -25.78194634551114, 
        20.21210401243842, 
        76.08654714421787
      ], 
      "location": [
        -25.78194634551114, 
        20.21210401243842, 
        76.08654714421787
      ], 
      "pose_transform_permuted": [
        [
          0.4280455591669837, 
          -0.6887223224554123, 
          -0.5851826300138963, 
          0.0
        ], 
        [
          0.8827685112360374, 
          0.1798885114606387, 
          0.4340041340931497, 
          0.0
        ], 
        [
          0.19364064046191745, 
          0.7023545418608139, 
          -0.6849822780836404, 
          0.0
        ], 
        [
          -25.78194634551114, 
          20.21210401243842, 
          76.08654714421787, 
          1.0
        ]
      ], 
      "projected_cuboid": [
        [
          337.0171568149792, 
          466.8982802032228
        ], 
        [
          262.35845017196976, 
          465.2439200737679
        ], 
        [
          272.65776395501706, 
          352.0388801832489
        ], 
        [
          335.932082322491, 
          358.95037875882184
        ], 
        [
          328.0630327207959, 
          482.52141549201485
        ], 
        [
          255.7280215553211, 
          481.8360519110611
        ], 
        [
          266.6763034377028, 
          369.8427624138786
        ], 
        [
          328.2765304099898, 
          375.702645560055
        ]
      ], 
      "projected_cuboid_centroid": [
        299.3755913958433, 
        414.9608719013793
      ], 
      "quaternion_xyzw": [
        0.8902676118885191, 
        -0.0038617963906679847, 
        0.24207600101037957, 
        0.38575608676390627
      ], 
      "visibility": 0.6176162181055574
    }, 
    {
      "bounding_box": {
        "bottom_right": [
          376, 
          325
        ], 
        "top_left": [
          285, 
          186
        ]
      }, 
      "class": "024_bowl", 
      "cuboid": [
        [
          -36.1007265464416, 
          4.118683808218545, 
          60.44551227724594
        ], 
        [
          -35.28943780336331, 
          15.474888957656702, 
          71.85238549320626
        ], 
        [
          -36.31251719998095, 
          11.681088873114396, 
          75.70209820784632
        ], 
        [
          -37.12380594305924, 
          0.3248837236762392, 
          64.29522499188599
        ], 
        [
          -20.25697006076569, 
          1.4244317431584803, 
          62.00094447626362
        ], 
        [
          -19.445681317687406, 
          12.780636892596636, 
          73.40781769222394
        ], 
        [
          -20.46876071430504, 
          8.98683680805433, 
          77.25753040686399
        ], 
        [
          -21.280049457383328, 
          -2.3693683413838262, 
          65.85065719090368
        ]
      ], 
      "cuboid_centroid": [
        -28.28474363037332, 
        6.552760308136437, 
        68.85152134205497
      ], 
      "location": [
        -28.28474363037332, 
        6.552760308136437, 
        68.85152134205497
      ], 
      "pose_transform_permuted": [
        [
          -0.9812624013886853, 
          0.16686498897514945, 
          -0.09633366532648145, 
          0.0
        ], 
        [
          -0.05033932856638518, 
          -0.704636600916919, 
          -0.707780483375839, 
          0.0
        ], 
        [
          0.18598400904485524, 
          0.689669004742546, 
          -0.699833274628343, 
          0.0
        ], 
        [
          -28.28474363037332, 
          6.552760308136437, 
          68.85152134205497, 
          1.0
        ]
      ], 
      "projected_cuboid": [
        [
          160.42067364955517, 
          309.6262867743285
        ], 
        [
          217.48071819713778, 
          388.14787865741835
        ], 
        [
          223.64430941050972, 
          355.5795469769082
        ], 
        [
          171.09427447181, 
          275.9814014353227
        ], 
        [
          305.89862287842664, 
          285.5392117097825
        ], 
        [
          339.1437440554767, 
          366.13991728770264
        ], 
        [
          339.1208218860597, 
          335.323934663129
        ], 
        [
          307.81528188956474, 
          254.09719971040764
        ]
      ], 
      "projected_cuboid_centroid": [
        260.6794033550678, 
        324.04380997828736
      ], 
      "quaternion_xyzw": [
        0.6587228820799081, 
        -0.3380103508586389, 
        -0.6410293807584896, 
        0.20227333077088264
      ], 
      "visibility": 0.7624015546691214
    }, 
    {
      "bounding_box": {
        "bottom_right": [
          329, 
          466
        ], 
        "top_left": [
          240, 
          376
        ]
      }, 
      "class": "025_mug", 
      "cuboid": [
        [
          -1.2312867197660227, 
          0.30848638192300015, 
          62.309834639273355
        ], 
        [
          -12.621972211791341, 
          2.719951380833976, 
          61.16796069515712
        ], 
        [
          -14.443907703156237, 
          -3.6630805174270478, 
          65.86255608979705
        ], 
        [
          -3.053222211130919, 
          -6.074545516338023, 
          67.00443003391328
        ], 
        [
          -0.8366620923788926, 
          5.745521839656523, 
          69.85547987497091
        ], 
        [
          -12.22734758440421, 
          8.156986838567498, 
          68.71360593085468
        ], 
        [
          -14.049283075769106, 
          1.7739549403064756, 
          73.40820132549462
        ], 
        [
          -2.6585975837437887, 
          -0.6375100586045003, 
          74.55007526961084
        ]
      ], 
      "cuboid_centroid": [
        -7.640284897767565, 
        1.0412206611147379, 
        67.85901798238399
      ], 
      "location": [
        -7.640284897767565, 
        1.0412206611147379, 
        67.85901798238399
      ], 
      "pose_transform_permuted": [
        [
          -0.04239264333258685, 
          -0.5840748117329551, 
          -0.8105927126472917, 
          0.0
        ], 
        [
          0.9736460503371068, 
          -0.20612573083153202, 
          0.09760440286495373, 
          0.0
        ], 
        [
          0.22409204926425358, 
          0.7850918462150613, 
          -0.5774197316191871, 
          0.0
        ], 
        [
          -7.640284897767565, 
          1.0412206611147379, 
          67.85901798238399, 
          1.0
        ]
      ], 
      "projected_cuboid": [
        [
          470.9704690334887, 
          275.9269209895688
        ], 
        [
          370.62978472322845, 
          297.0016221560007
        ], 
        [
          363.6633856779378, 
          243.624880574562
        ], 
        [
          457.0925245177054, 
          224.93639037048135
        ], 
        [
          475.1562462971987, 
          317.1513760458321
        ], 
        [
          385.9038293858632, 
          336.5968643970646
        ], 
        [
          378.6767035604707, 
          286.17453812645545
        ], 
        [
          462.4193806461107, 
          268.7258906917744
        ]
      ], 
      "projected_cuboid_centroid": [
        421.0499167003405, 
        281.4697299209215
      ], 
      "quaternion_xyzw": [
        0.9446336074372249, 
        -0.11385837236485775, 
        0.01461195089230296, 
        0.30739287015821337
      ], 
      "visibility": 0.8929737158563821
    }, 
    {
      "bounding_box": {
        "bottom_right": [
          362, 
          383
        ], 
        "top_left": [
          294, 
          338
        ]
      }, 
      "class": "061_foam_brick", 
      "cuboid": [
        [
          -18.900526945723573, 
          2.747011505997638, 
          73.5718054818663
        ], 
        [
          -17.39419043076993, 
          8.294431967289588, 
          68.31817134072932
        ], 
        [
          -19.133660670680023, 
          11.845717554002904, 
          71.56930119288847
        ], 
        [
          -20.639997185633664, 
          6.298297092710955, 
          76.82293533402544
        ], 
        [
          -14.06292546121359, 
          3.3061837957830624, 
          75.54929749664258
        ], 
        [
          -12.55658894625995, 
          8.853604257075013, 
          70.29566335550561
        ], 
        [
          -14.29605918617004, 
          12.40488984378833, 
          73.54679320766475
        ], 
        [
          -15.80239570112368, 
          6.8574693824963795, 
          78.80042734880173
        ]
      ], 
      "cuboid_centroid": [
        -16.598293065946805, 
        7.575950674892984, 
        73.55929934476552
      ], 
      "location": [
        -16.598293065946805, 
        7.575950674892984, 
        73.55929934476552
      ], 
      "pose_transform_permuted": [
        [
          -0.9203960132969233, 
          -0.1063874211037348, 
          -0.37623515962496845, 
          0.0
        ], 
        [
          -0.19343253970125696, 
          -0.7123585055305149, 
          0.6746326498051016, 
          0.0
        ], 
        [
          0.33978674384362106, 
          -0.6937053237717208, 
          -0.6350731394720776, 
          0.0
        ], 
        [
          -16.598293065946805, 
          7.575950674892984, 
          73.55929934476552, 
          1.0
        ]
      ], 
      "projected_cuboid": [
        [
          343.4460037220204, 
          293.19953347950144
        ], 
        [
          344.67932746455, 
          338.0362658009077
        ], 
        [
          337.82880440758044, 
          361.5583674245833
        ], 
        [
          337.11615638877237, 
          317.01052699028685
        ], 
        [
          381.49639909253204, 
          296.62563738116927
        ], 
        [
          385.5387719132554, 
          340.4571187335651
        ], 
        [
          377.0662542084594, 
          363.2397554125889
        ], 
        [
          373.7555244659026, 
          319.6977420285092
        ]
      ], 
      "projected_cuboid_centroid": [
        360.2532710025778, 
        328.21369052433937
      ], 
      "quaternion_xyzw": [
        0.3496774571487237, 
        -0.7522255351784372, 
        -0.17570718276764308, 
        0.5301032032645848
      ], 
      "visibility": 0.953080229226361
    }
  ]
}