{
  "camera_data": {
    "location_worldframe": [
      -11.897355443614629, 
      2.3998109913722976, 
      90.92718014369876
    ], 
    "quaternion_xyzw_worldframe": [
      0.9429595009269356, 
      -0.03101616253124931, 
      0.15603281732335494, 
      -0.2924379755056192
    ]
  }, 
  "objects": [
    {
      "bounding_box": {
        "bottom_right": [
          455, 
          461
        ], 
        "top_left": [
          310, 
          330
        ]
      }, 
      "class": "003_cracker_box", 
      "cuboid": [
        [
          -2.0420986978285023, 
          22.32237532618565, 
          76.75396655416165
        ], 
        [
          -15.287735110046786, 
          17.76000844766108, 
          68.2207350333241
        ], 
        [
          -21.129693000401588, 
          4.857056081635805, 
          84.18754108193004
        ], 
        [
          -7.884056588183309, 
          9.419422960160375, 
          92.72077260276758
        ], 
        [
          -5.793976379236058, 
          27.681866423564884, 
          79.71228813502658
        ], 
        [
          -19.039612791454342, 
          23.119499545040316, 
          71.17905661418905
        ], 
        [
          -24.881570681809144, 
          10.21654717901504, 
          87.14586266279498
        ], 
        [
          -11.635934269590864, 
          14.77891405753961, 
          95.67909418363251
        ]
      ], 
      "cuboid_centroid": [
        -13.461834689818824, 
        16.269461252600344, 
        81.94991460847831
      ], 
      "location": [
        -13.461834689818824, 
        16.269461252600344, 
        81.94991460847831
      ], 
      "pose_transform_permuted": [
        [
          0.522545650572209, 
          -0.7464472458935091, 
          -0.4120225141494839, 
          0.0
        ], 
        [
          0.8074834702647525, 
          0.2781320372265157, 
          0.5202047819055681, 
          0.0
        ], 
        [
          0.273708765510458, 
          0.6045321157442526, 
          -0.7480804988211613, 
          0.0
        ], 
        [
          -13.461834689818824, 
          16.269461252600344, 
          81.94991460847831, 
          1.0
        ]
      ], 
      "projected_cuboid": [
        [
          467.2894411151089, 
          428.3920059959178
        ], 
        [
          361.0883432423121, 
          412.12644197537355
        ], 
        [
          346.6271144370161, 
          304.0554984666451
        ], 
        [
          435.87094076993327, 
          327.4660123948689
        ], 
        [
          442.5090929656958, 
          458.49363475184856
        ], 
        [
          337.7511239668811, 
          446.51279928634364
        ], 
        [
          328.0566368800359, 
          335.81027136903117
        ], 
        [
          416.1973408030478, 
          355.664871013747
        ]
      ], 
      "projected_cuboid_centroid": [
        393.25908431733507, 
        379.1661149780687
      ], 
      "quaternion_xyzw": [
        0.8402437295449591, 
        0.0013160680527937946, 
        0.31025236958402747, 
        0.4446709008837366
      ], 
      "visibility": 0.9523809523809523
    }, 
    {
      "bounding_box": {
        "bottom_right": [
          446, 
          357
        ], 
        "top_left": [
          340, 
          282
        ]
      }, 
      "class": "004_sugar_box", 
      "cuboid": [
        [
          -16.970823648505384, 
          21.924202744847243, 
          75.59294450798029
        ], 
        [
          -24.997792328155082, 
          20.492005255172412, 
          71.1876265720559
        ], 
        [
          -30.455216240495535, 
          10.257686504612343, 
          84.45888174927254
        ], 
        [
          -22.428247560845836, 
          11.689883994287174, 
          88.86419968519691
        ], 
        [
          -18.741759207599106, 
          25.531965171159232, 
          77.64687264966993
        ], 
        [
          -26.768727887248804, 
          24.099767681484398, 
          73.24155471374554
        ], 
        [
          -32.22615179958926, 
          13.865448930924329, 
          86.51280989096216
        ], 
        [
          -24.199183119939562, 
          15.29764642059916, 
          90.91812782688655
        ]
      ], 
      "cuboid_centroid": [
        -24.59848772404732, 
        17.894825837885787, 
        81.05287719947123
      ], 
      "location": [
        -24.59848772404732, 
        17.894825837885787, 
        81.05287719947123
      ], 
      "pose_transform_permuted": [
        [
          0.3923728294765233, 
          -0.7993446989203531, 
          -0.45507336072050025, 
          0.0
        ], 
        [
          0.8661230413678735, 
          0.15453645019712872, 
          0.47534100619186476, 
          0.0
        ], 
        [
          0.3096358122405605, 
          0.5806607018180958, 
          -0.7529662240379139, 
          0.0
        ], 
        [
          -24.59848772404732, 
          17.894825837885787, 
          81.05287719947123, 
          1.0
        ]
      ], 
      "projected_cuboid": [
        [
          360.8675702015362, 
          427.9650829878046
        ], 
        [
          292.7592908734563, 
          426.80742675509566
        ], 
        [
          287.68354443609974, 
          338.059182108792
        ], 
        [
          345.87194510721525, 
          343.4435199971166
        ], 
        [
          351.7960431427209, 
          448.6535110217941
        ], 
        [
          285.05210610811264, 
          448.77268248839425
        ], 
        [
          281.2791636636983, 
          358.7619196462016
        ], 
        [
          338.4633480981244, 
          363.02149631744317
        ]
      ], 
      "projected_cuboid_centroid": [
        318.3927258638851, 
        391.0326487492804
      ], 
      "quaternion_xyzw": [
        0.8517419069040911, 
        -0.04552416664784832, 
        0.2546880189394319, 
        0.45562831603548837
      ], 
      "visibility": 0.6649701904900392
    }, 
    {
      "bounding_box": {
        "bottom_right": [
          353, 
          342
        ], 
        "top_left": [
          260, 
          217
        ]
      }, 
      "class": "024_bowl", 
      "cuboid": [
        [
          -35.46892133215057, 
          0.8427027916528638, 
          66.86922604146207
        ], 
        [
          -34.2441539966181, 
          13.52975846884738, 
          76.7321315263252
        ], 
        [
          -35.903817955555574, 
          10.411688415883635, 
          80.9491272823976
        ], 
        [
          -37.12858529108804, 
          -2.275367261310883, 
          71.08622179753446
        ], 
        [
          -20.124013286869292, 
          -3.0791824671660173, 
          70.00858842763861
        ], 
        [
          -18.899245951336823, 
          9.607873210028501, 
          79.87149391250176
        ], 
        [
          -20.558909910274295, 
          6.489803157064753, 
          84.08848966857416
        ], 
        [
          -21.78367724580676, 
          -6.197252520129764, 
          74.225584183711
        ]
      ], 
      "cuboid_centroid": [
        -28.013915621212433, 
        3.666252974358809, 
        75.4788578550181
      ], 
      "location": [
        -28.013915621212433, 
        3.666252974358809, 
        75.4788578550181
      ], 
      "pose_transform_permuted": [
        [
          -0.9503668736144992, 
          0.2428968502841341, 
          -0.1944323163937783, 
          0.0
        ], 
        [
          -0.07599509526880695, 
          -0.7872140094672679, 
          -0.6119794512837446, 
          0.0
        ], 
        [
          0.30170772451378886, 
          0.5668290954251689, 
          -0.7666010863207782, 
          0.0
        ], 
        [
          -28.013915621212433, 
          3.666252974358809, 
          75.4788578550181, 
          1.0
        ]
      ], 
      "projected_cuboid": [
        [
          196.35510096455982, 
          280.00756539848356
        ], 
        [
          241.60277369776531, 
          367.32387284338165
        ], 
        [
          243.0795946395993, 
          341.8821796206052
        ], 
        [
          200.72101889399852, 
          256.2157486121559
        ], 
        [
          327.01646002339174, 
          249.8295829594917
        ], 
        [
          354.3509899483627, 
          337.4404267411343
        ], 
        [
          350.11840848040606, 
          314.44721440968686
        ], 
        [
          323.77442711791485, 
          228.7585471654701
        ]
      ], 
      "projected_cuboid_centroid": [
        282.0063989763011, 
        299.19160018893155
      ], 
      "quaternion_xyzw": [
        0.6490890379120072, 
        -0.41940383767838146, 
        -0.6017457673927168, 
        0.20170739507529603
      ], 
      "visibility": 0.8138849470581814
    }, 
    {
      "bounding_box": {
        "bottom_right": [
          290, 
          465
        ], 
        "top_left": [
          211, 
          384
        ]
      }, 
      "class": "025_mug", 
      "cuboid": [
        [
          -1.3763647030305832, 
          -5.91236153185995, 
          71.96227124887554
        ], 
        [
          -12.357964440167684, 
          -2.6281105167236807, 
          69.62028106820718
        ], 
        [
          -15.13289391008944, 
          -8.109209340377335, 
          74.94560670994868
        ], 
        [
          -4.151294172952339, 
          -11.393460355513604, 
          77.28759689061704
        ], 
        [
          -0.9209847443814062, 
          0.4470134131464687, 
          78.74495689618979
        ], 
        [
          -11.902584481518508, 
          3.7312644282827376, 
          76.40296671552143
        ], 
        [
          -14.677513951440263, 
          -1.7498343953709168, 
          81.72829235726292
        ], 
        [
          -3.6959142143031616, 
          -5.034085410507186, 
          84.07028253793129
        ]
      ], 
      "cuboid_centroid": [
        -8.026939327235423, 
        -3.8310979636154334, 
        76.84528180306923
      ], 
      "location": [
        -8.026939327235423, 
        -3.8310979636154334, 
        76.84528180306923
      ], 
      "pose_transform_permuted": [
        [
          -0.04891929907072071, 
          -0.6831573479000734, 
          -0.7286315995721516, 
          0.0
        ], 
        [
          0.9386784682916769, 
          -0.2807292003138695, 
          0.200187204793993, 
          0.0
        ], 
        [
          0.3413071617660219, 
          0.6741570562919781, 
          -0.6549974692920246, 
          0.0
        ], 
        [
          -8.026939327235423, 
          -3.8310979636154334, 
          76.84528180306923, 
          1.0
        ]
      ], 
      "projected_cuboid": [
        [
          471.3116876193722, 
          229.46943586658324
        ], 
        [
          386.1411400640543, 
          253.15414575604908
        ], 
        [
          373.01264117548834, 
          215.58068522884827
        ], 
        [
          452.7125297590704, 
          194.6664776853547
        ], 
        [
          475.3074922782151, 
          276.31404623806526
        ], 
        [
          397.82045769351294, 
          299.33207619989827
        ], 
        [
          385.0204902174802, 
          261.8679591338764
        ], 
        [
          457.9557821116302, 
          241.35163480600818
        ]
      ], 
      "projected_cuboid_centroid": [
        425.42447084012133, 
        246.69805367761953
      ], 
      "quaternion_xyzw": [
        0.9139840157458727, 
        -0.1701442124160858, 
        0.04137597132916691, 
        0.36602248894365874
      ], 
      "visibility": 0.8431758530183727
    }, 
    {
      "bounding_box": {
        "bottom_right": [
          330, 
          394
        ], 
        "top_left": [
          272, 
          349
        ]
      }, 
      "class": "061_foam_brick", 
      "cuboid": [
        [
          -19.402872711983807, 
          -0.3152232090082314, 
          81.38023815809203
        ], 
        [
          -16.990488104342752, 
          4.294644233556213, 
          75.58600673137423
        ], 
        [
          -18.56491099695059, 
          8.404743896285844, 
          78.20048653951831
        ], 
        [
          -20.977295604591646, 
          3.7948764537213986, 
          83.99471796623612
        ], 
        [
          -14.674075513235568, 
          0.05596874843996416, 
          83.64435609338994
        ], 
        [
          -12.261690905594513, 
          4.665836191004408, 
          77.85012466667214
        ], 
        [
          -13.836113798202351, 
          8.775935853734037, 
          80.46460447481623
        ], 
        [
          -16.248498405843407, 
          4.166068411169594, 
          86.25883590153403
        ]
      ], 
      "cuboid_centroid": [
        -16.61949325509308, 
        4.230356322362903, 
        80.92242131645413
      ], 
      "location": [
        -16.61949325509308, 
        4.230356322362903, 
        80.92242131645413
      ], 
      "pose_transform_permuted": [
        [
          -0.8996950458515092, 
          -0.07062251797655181, 
          -0.43076824909097383, 
          0.0
        ], 
        [
          -0.3097805017404033, 
          -0.5919649150434498, 
          0.7440521353366747, 
          0.0
        ], 
        [
          0.3075465252798601, 
          -0.8028636243548795, 
          -0.5107104223295548, 
          0.0
        ], 
        [
          -16.61949325509308, 
          4.230356322362903, 
          80.92242131645413, 
          1.0
        ]
      ], 
      "projected_cuboid": [
        [
          353.3820746148796, 
          271.22074517670603
        ], 
        [
          360.71658417162575, 
          303.5886794961802
        ], 
        [
          353.93109706103496, 
          330.60606001742957
        ], 
        [
          347.2929718867453, 
          297.381885611488
        ], 
        [
          387.25490216884594, 
          273.64339684176633
        ], 
        [
          396.89718975498107, 
          305.25028657125097
        ], 
        [
          389.12704211949966, 
          331.453460965752
        ], 
        [
          380.2989505410429, 
          299.0444310168075
        ]
      ], 
      "projected_cuboid_centroid": [
        371.15344517840225, 
        301.16672043031684
      ], 
      "quaternion_xyzw": [
        0.28201246559136867, 
        -0.797403971520436, 
        -0.13797520456095558, 
        0.5153433014805524
      ], 
      "visibility": 0.9816353301268037
    }
  ]
}