{
  "camera_data": {
    "location_worldframe": [
      -16.080436060223377, 
      0.26277837020390743, 
      87.04356645190711
    ], 
    "quaternion_xyzw_worldframe": [
      0.896006695440131, 
      0.019888811107280236, 
      -0.011751051517452616, 
      -0.4434395542085224
    ]
  }, 
  "objects": [
    {
      "bounding_box": {
        "bottom_right": [
          451, 
          399
        ], 
        "top_left": [
          291, 
          258
        ]
      }, 
      "class": "003_cracker_box", 
      "cuboid": [
        [
          -14.79529122513977, 
          25.14554177268799, 
          78.4347879550493
        ], 
        [
          -28.825156012460614, 
          19.602437778702775, 
          71.99157386202741
        ], 
        [
          -27.169588816176436, 
          1.82244276728738, 
          83.68278516791983
        ], 
        [
          -13.139724028855596, 
          7.3655467612726, 
          90.12599926094174
        ], 
        [
          -18.473661504093098, 
          28.290570571364494, 
          83.73863405777051
        ], 
        [
          -32.50352629141394, 
          22.74746657737927, 
          77.2954199647486
        ], 
        [
          -30.847959095129763, 
          4.967471565963881, 
          88.98663127064104
        ], 
        [
          -16.818094307808924, 
          10.5105755599491, 
          95.42984536366293
        ]
      ], 
      "cuboid_centroid": [
        -22.82162516013477, 
        15.056506669325936, 
        83.71070961284516
      ], 
      "location": [
        -22.82162516013477, 
        15.056506669325936, 
        83.71070961284516
      ], 
      "pose_transform_permuted": [
        [
          0.5123078505427295, 
          -0.4380263055527435, 
          -0.7386972464522276, 
          0.0
        ], 
        [
          0.8552917770988258, 
          0.33791995414979026, 
          0.3927926687382748, 
          0.0
        ], 
        [
          -0.07756701811608402, 
          0.8330324484863829, 
          -0.5477593426582159, 
          0.0
        ], 
        [
          -22.82162516013477, 
          15.056506669325936, 
          83.71070961284516, 
          1.0
        ]
      ], 
      "projected_cuboid": [
        [
          380.15770193700143, 
          444.2643681823424
        ], 
        [
          266.2783744227787, 
          418.50303186323276
        ], 
        [
          306.9993042789823, 
          284.9011659488559
        ], 
        [
          403.19493381990725, 
          316.87207778972294
        ], 
        [
          362.96042609992094, 
          453.4652031168728
        ], 
        [
          255.4617185190226, 
          430.23852037289186
        ], 
        [
          295.1766800174535, 
          303.05786236067866
        ], 
        [
          386.8241400216149, 
          332.02597903532694
        ]
      ], 
      "projected_cuboid_centroid": [
        334.9891990206393, 
        369.2112995565815
      ], 
      "quaternion_xyzw": [
        0.9256108080664135, 
        0.11221967392910526, 
        0.24446033672936063, 
        0.2662527380893083
      ], 
      "visibility": 0.898091988880465
    }, 
    {
      "bounding_box": {
        "bottom_right": [
          419, 
          311
        ], 
        "top_left": [
          301, 
          223
        ]
      }, 
      "class": "004_sugar_box", 
      "cuboid": [
        [
          -29.04775110433779, 
          21.026926577573676, 
          80.5029774129146
        ], 
        [
          -37.58151807618636, 
          18.695414035623525, 
          77.7408926048392
        ], 
        [
          -36.86317883914849, 
          4.206749457645598, 
          87.75156478572843
        ], 
        [
          -28.329411867299914, 
          6.538261999595749, 
          90.51364959380382
        ], 
        [
          -30.798418615897965, 
          23.332581399214313, 
          83.9656212579857
        ], 
        [
          -39.33218558774654, 
          21.001068857264162, 
          81.2035364499103
        ], 
        [
          -38.613846350708656, 
          6.512404279286235, 
          91.21420863079953
        ], 
        [
          -30.080079378860088, 
          8.843916821236386, 
          93.97629343887492
        ]
      ], 
      "cuboid_centroid": [
        -33.830798727523224, 
        13.769665428429956, 
        85.85859302185706
      ], 
      "location": [
        -33.830798727523224, 
        13.769665428429956, 
        85.85859302185706
      ], 
      "pose_transform_permuted": [
        [
          0.3878821911142917, 
          -0.510846541828034, 
          -0.7671918698472033, 
          0.0
        ], 
        [
          0.9208074055055055, 
          0.25157401435249316, 
          0.2980334656781866, 
          0.0
        ], 
        [
          -0.04075614368558381, 
          0.8220379242922495, 
          -0.5679717503334473, 
          0.0
        ], 
        [
          -33.830798727523224, 
          13.769665428429956, 
          85.85859302185706, 
          1.0
        ]
      ], 
      "projected_cuboid": [
        [
          287.55660196939107, 
          412.58662448883024
        ], 
        [
          221.63107849127604, 
          401.5411808933957
        ], 
        [
          255.69008714659043, 
          298.85351074978723
        ], 
        [
          313.28501432611694, 
          311.81092827987754
        ], 
        [
          284.34632421927506, 
          421.48674658707705
        ], 
        [
          221.1227711022247, 
          411.21502950733617
        ], 
        [
          253.94462910146763, 
          311.36385935281373
        ], 
        [
          309.46871894708164, 
          323.47615346962124
        ]
      ], 
      "projected_cuboid_centroid": [
        269.7023057495179, 
        358.81824736813485
      ], 
      "quaternion_xyzw": [
        0.9367546636719989, 
        0.07801673409667574, 
        0.18305637628313134, 
        0.2879137766799594
      ], 
      "visibility": 0.5502505157677572
    }, 
    {
      "bounding_box": {
        "bottom_right": [
          324, 
          283
        ], 
        "top_left": [
          247, 
          162
        ]
      }, 
      "class": "024_bowl", 
      "cuboid": [
        [
          -44.893264878973035, 
          -1.166603332693191, 
          69.59062339978249
        ], 
        [
          -43.29536826450221, 
          8.263748237031239, 
          82.56188151403737
        ], 
        [
          -43.022977318878155, 
          3.8039879606103897, 
          85.77065697644021
        ], 
        [
          -44.62087393334899, 
          -5.626363609114042, 
          72.79939886218534
        ], 
        [
          -28.84642758887343, 
          -1.4569186536662255, 
          67.82491869834018
        ], 
        [
          -27.248530974402595, 
          7.973432916058205, 
          80.79617681259505
        ], 
        [
          -26.976140028778552, 
          3.513672639637355, 
          84.0049522749979
        ], 
        [
          -28.57403664324938, 
          -5.916678930087076, 
          71.03369416074304
        ]
      ], 
      "cuboid_centroid": [
        -35.93470245387579, 
        1.173534653472082, 
        76.7977878373902
      ], 
      "location": [
        -35.93470245387579, 
        1.173534653472082, 
        76.7977878373902
      ], 
      "pose_transform_permuted": [
        [
          -0.9938399462408107, 
          0.017980300901208494, 
          0.10935661861800236, 
          0.0
        ], 
        [
          -0.09914724366291378, 
          -0.5851400875644548, 
          -0.8048483720547049, 
          0.0
        ], 
        [
          -0.04951752548449918, 
          0.8107328701271238, 
          -0.5833182904429856, 
          0.0
        ], 
        [
          -35.93470245387579, 
          1.173534653472082, 
          76.7977878373902, 
          1.0
        ]
      ], 
      "projected_cuboid": [
        [
          134.68276778107355, 
          264.3460748454211
        ], 
        [
          199.5941548678902, 
          326.66733168894615
        ], 
        [
          211.85203090561575, 
          296.9396303682413
        ], 
        [
          151.9858247663489, 
          232.06847929303248
        ], 
        [
          252.88214989509416, 
          261.83052352540096
        ], 
        [
          300.23601868150377, 
          325.91759166481154
        ], 
        [
          308.90728053058245, 
          295.59368032033973
        ], 
        [
          265.2759424524026, 
          228.86422856851135
        ]
      ], 
      "projected_cuboid_centroid": [
        229.97016010574953, 
        281.43610882000974
      ], 
      "quaternion_xyzw": [
        -0.6328959250631588, 
        0.2115760826025635, 
        0.7104992491917286, 
        -0.22331396330500952
      ], 
      "visibility": 0.7211161168434821
    }, 
    {
      "bounding_box": {
        "bottom_right": [
          309, 
          408
        ], 
        "top_left": [
          229, 
          317
        ]
      }, 
      "class": "025_mug", 
      "cuboid": [
        [
          -10.165340883683951, 
          0.5012788580169889, 
          64.58458909267723
        ], 
        [
          -21.768504857856318, 
          1.175997516080122, 
          65.9180417706491
        ], 
        [
          -21.765421326388058, 
          -6.067646653917483, 
          69.61011174541673
        ], 
        [
          -10.16225735221569, 
          -6.742365311980617, 
          68.27665906744487
        ], 
        [
          -8.976234888042747, 
          4.694293897269242, 
          72.8100676197863
        ], 
        [
          -20.57939886221511, 
          5.369012555332374, 
          74.14352029775814
        ], 
        [
          -20.57631533074685, 
          -1.87463161466523, 
          77.83559027252578
        ], 
        [
          -8.973151356574483, 
          -2.549350272728363, 
          76.50213759455391
        ]
      ], 
      "cuboid_centroid": [
        -15.3708281072154, 
        -0.6866763783241205, 
        71.2100896826015
      ], 
      "location": [
        -15.3708281072154, 
        -0.6866763783241205, 
        71.2100896826015
      ], 
      "pose_transform_permuted": [
        [
          -0.1277399910178597, 
          -0.45043562593678776, 
          -0.8836239637358176, 
          0.0
        ], 
        [
          0.9918081561268712, 
          -0.057673188937737575, 
          -0.1139800527481593, 
          0.0
        ], 
        [
          -0.00037926418853397037, 
          0.8909443138295638, 
          -0.4541124153923164, 
          0.0
        ], 
        [
          -15.3708281072154, 
          -0.6866763783241205, 
          71.2100896826015, 
          1.0
        ]
      ], 
      "projected_cuboid": [
        [
          396.95528949611776, 
          277.42594391969243
        ], 
        [
          304.0080764681189, 
          282.80111833362974
        ], 
        [
          313.4510896076192, 
          226.79911391103605
        ], 
        [
          401.55659233790914, 
          220.62087585199424
        ], 
        [
          415.2999717940773, 
          307.67132770101153
        ], 
        [
          332.33439352266356, 
          311.90622486103285
        ], 
        [
          339.4358551191633, 
          260.4418001457975
        ], 
        [
          418.52121165004246, 
          255.5142447154034
        ]
      ], 
      "projected_cuboid_centroid": [
        365.51972224134204, 
        268.14375608783564
      ], 
      "quaternion_xyzw": [
        0.9703577218856266, 
        -0.014761031797085208, 
        -0.062276013864325665, 
        0.23304499488378386
      ], 
      "visibility": 0.8600425285134351
    }, 
    {
      "bounding_box": {
        "bottom_right": [
          328, 
          343
        ], 
        "top_left": [
          263, 
          297
        ]
      }, 
      "class": "061_foam_brick", 
      "cuboid": [
        [
          -25.38067001976797, 
          -1.7405941907412932, 
          79.02232798801977
        ], 
        [
          -25.6935891208942, 
          4.724109722644913, 
          74.6918222314178
        ], 
        [
          -27.192650977874962, 
          7.398028788321673, 
          78.79184683240335
        ], 
        [
          -26.879731876748732, 
          0.9333248749354668, 
          83.12235258900532
        ], 
        [
          -20.35950190875565, 
          -0.7155693376827101, 
          80.18968881170126
        ], 
        [
          -20.672421009881884, 
          5.749134575703496, 
          75.8591830550993
        ], 
        [
          -22.17148286686264, 
          8.423053641380255, 
          79.95920765608483
        ], 
        [
          -21.85856376573641, 
          1.9583497279940492, 
          84.2897134126868
        ]
      ], 
      "cuboid_centroid": [
        -23.776076443315304, 
        3.341229725319481, 
        79.4907678220523
      ], 
      "location": [
        -23.776076443315304, 
        3.341229725319481, 
        79.4907678220523
      ], 
      "pose_transform_permuted": [
        [
          -0.9553211702673983, 
          -0.19501994765510275, 
          -0.22210061156045874, 
          0.0
        ], 
        [
          0.040182745257120706, 
          -0.830149228920095, 
          0.5560913636327874, 
          0.0
        ], 
        [
          0.2928255600567173, 
          -0.5223212399854832, 
          -0.8008955697452055, 
          0.0
        ], 
        [
          -23.776076443315304, 
          3.341229725319481, 
          79.4907678220523, 
          1.0
        ]
      ], 
      "projected_cuboid": [
        [
          308.8761251300148, 
          261.53931422947244
        ], 
        [
          296.6091105104415, 
          307.0179446182916
        ], 
        [
          296.0038912144059, 
          323.3616890064934
        ], 
        [
          307.6973638853877, 
          279.2748241374467
        ], 
        [
          345.0632115761398, 
          268.52748296378684
        ], 
        [
          335.0507482392476, 
          313.7051917557841
        ], 
        [
          332.4832139616876, 
          329.4674280719246
        ], 
        [
          342.14056132040673, 
          285.6774480741479
        ]
      ], 
      "projected_cuboid_centroid": [
        320.7492279428657, 
        295.7035216539981
      ], 
      "quaternion_xyzw": [
        0.43010525363918084, 
        -0.652732545972855, 
        -0.2320535515764289, 
        0.578878954031442
      ], 
      "visibility": 0.6421052631578947
    }
  ]
}