{
  "camera_data": {
    "location_worldframe": [
      -13.421057637041118, 
      2.5711936494869665, 
      85.24215511912084
    ], 
    "quaternion_xyzw_worldframe": [
      0.9083512601183165, 
      0.01708464978419051, 
      0.047879825649841536, 
      -0.4151111309031204
    ]
  }, 
  "objects": [
    {
      "bounding_box": {
        "bottom_right": [
          473, 
          414
        ], 
        "top_left": [
          309, 
          281
        ]
      }, 
      "class": "003_cracker_box", 
      "cuboid": [
        [
          -9.739816504761894, 
          26.762045566537008, 
          75.43569959384807
        ], 
        [
          -23.335494050694223, 
          21.600492661392813, 
          67.84662591113914
        ], 
        [
          -23.986006130445908, 
          4.52001403872559, 
          80.62894304071705
        ], 
        [
          -10.390328584513579, 
          9.68156694386979, 
          88.21801672342598
        ], 
        [
          -13.751142603867017, 
          30.427191120696524, 
          80.12913847471202
        ], 
        [
          -27.346820149799346, 
          25.265638215552322, 
          72.54006479200311
        ], 
        [
          -27.99733222955103, 
          8.185159592885102, 
          85.322381921581
        ], 
        [
          -14.401654683618704, 
          13.346712498029301, 
          92.91145560428993
        ]
      ], 
      "cuboid_centroid": [
        -18.868574367156462, 
        17.473602579711056, 
        80.37904075771453
      ], 
      "location": [
        -18.868574367156462, 
        17.473602579711056, 
        80.37904075771453
      ], 
      "pose_transform_permuted": [
        [
          0.5586805285527845, 
          -0.5104659668226744, 
          -0.6536823110133649, 
          0.0
        ], 
        [
          0.8288227566976866, 
          0.3146597507354461, 
          0.4626468191257281, 
          0.0
        ], 
        [
          0.030477942778813993, 
          0.800258544461038, 
          -0.5988800856774854, 
          0.0
        ], 
        [
          -18.868574367156462, 
          17.473602579711056, 
          80.37904075771453, 
          1.0
        ]
      ], 
      "projected_cuboid": [
        [
          412.16412310522475, 
          462.49036406375717
        ], 
        [
          296.63593256533306, 
          443.0807700122728
        ], 
        [
          321.619639883391, 
          303.1841394152469
        ], 
        [
          418.25915862492104, 
          331.8161834974522
        ], 
        [
          389.31017026816914, 
          475.80234177582963
        ], 
        [
          278.86584848896365, 
          459.04126097910176
        ], 
        [
          305.13741655696776, 
          324.44903255734727
        ], 
        [
          398.2414523456807, 
          349.89779221116066
        ]
      ], 
      "projected_cuboid_centroid": [
        355.359678527159, 
        389.2249014709913
      ], 
      "quaternion_xyzw": [
        0.9059199208776801, 
        0.07842354533977708, 
        0.2818481314245254, 
        0.3061380004276191
      ], 
      "visibility": 0.917951702065755
    }, 
    {
      "bounding_box": {
        "bottom_right": [
          446, 
          321
        ], 
        "top_left": [
          325, 
          238
        ]
      }, 
      "class": "004_sugar_box", 
      "cuboid": [
        [
          -24.353786180881826, 
          23.562712993431077, 
          76.19142774337442
        ], 
        [
          -32.6804119784416, 
          21.531829589602122, 
          72.66537366302492
        ], 
        [
          -33.88691081442249, 
          7.677691452988156, 
          83.49395561433529
        ], 
        [
          -25.56028501686272, 
          9.708574856817108, 
          87.0200096946848
        ], 
        [
          -26.31121846636863, 
          26.17162005687178, 
          79.31117870658589
        ], 
        [
          -34.6378442639284, 
          24.140736653042826, 
          75.78512462623638
        ], 
        [
          -35.844343099909295, 
          10.28659851642886, 
          86.61370657754676
        ], 
        [
          -27.517717302349524, 
          12.317481920257814, 
          90.13976065789626
        ]
      ], 
      "cuboid_centroid": [
        -30.09906464039556, 
        16.92465575492997, 
        81.40256716046059
      ], 
      "location": [
        -30.09906464039556, 
        16.92465575492997, 
        81.40256716046059
      ], 
      "pose_transform_permuted": [
        [
          0.43369350195791484, 
          -0.5780358528953906, 
          -0.6912196812648723, 
          0.0
        ], 
        [
          0.8984565342080537, 
          0.21913563894267454, 
          0.38046699893604036, 
          0.0
        ], 
        [
          0.06845267163532948, 
          0.7860370357382973, 
          -0.6143771900009027, 
          0.0
        ], 
        [
          -30.09906464039556, 
          16.92465575492997, 
          81.40256716046059, 
          1.0
        ]
      ], 
      "projected_cuboid": [
        [
          309.70647335121765, 
          438.2192166859731
        ], 
        [
          239.74391726273385, 
          431.31705241725274
        ], 
        [
          263.3398170963864, 
          322.3279706851133
        ], 
        [
          323.64027714551963, 
          332.7874862574709
        ], 
        [
          303.19565347373003, 
          449.27481261396696
        ], 
        [
          235.81022910751474, 
          443.1711647171156
        ], 
        [
          259.0480208783699, 
          336.6257558697612
        ], 
        [
          317.42935765170085, 
          346.16397048718216
        ]
      ], 
      "projected_cuboid_centroid": [
        282.75574875363355, 
        384.1706374317861
      ], 
      "quaternion_xyzw": [
        0.9186557096120427, 
        0.04100637641793462, 
        0.22156301114097005, 
        0.32449943717213187
      ], 
      "visibility": 0.5686248508155417
    }, 
    {
      "bounding_box": {
        "bottom_right": [
          348, 
          304
        ], 
        "top_left": [
          266, 
          174
        ]
      }, 
      "class": "024_bowl", 
      "cuboid": [
        [
          -40.299346980051936, 
          1.6282058888655457, 
          64.90739296906844
        ], 
        [
          -39.48705649110926, 
          11.747626841865078, 
          77.42441518376997
        ], 
        [
          -39.82074674409598, 
          7.488326008277749, 
          80.88951341363041
        ], 
        [
          -40.63303723303865, 
          -2.631094944721784, 
          68.37249119892887
        ], 
        [
          -24.203341507323834, 
          0.354878671496054, 
          64.89226972100305
        ], 
        [
          -23.39105101838116, 
          10.474299624495586, 
          77.40929193570459
        ], 
        [
          -23.724741271367872, 
          6.214998790908258, 
          80.87439016556502
        ], 
        [
          -24.53703176031055, 
          -3.904422162091275, 
          68.35736795086349
        ]
      ], 
      "cuboid_centroid": [
        -32.012044125709906, 
        3.9216023398869018, 
        72.89089156731673
      ], 
      "location": [
        -32.012044125709906, 
        3.9216023398869018, 
        72.89089156731673
      ], 
      "pose_transform_permuted": [
        [
          -0.9968851135280996, 
          0.07886186108699564, 
          0.0009366386517525062, 
          0.0
        ], 
        [
          -0.05040148549218735, 
          -0.6278958762841494, 
          -0.7766636716143875, 
          0.0
        ], 
        [
          0.06066103103516607, 
          0.7742916604298768, 
          -0.629914806860813, 
          0.0
        ], 
        [
          -32.012044125709906, 
          3.9216023398869018, 
          72.89089156731673, 
          1.0
        ]
      ], 
      "projected_cuboid": [
        [
          147.71308829591138, 
          286.66489206785485
        ], 
        [
          207.33321963333896, 
          354.2072583470052
        ], 
        [
          216.86355966926484, 
          322.65846194100476
        ], 
        [
          162.00968861854474, 
          252.76345282544625
        ], 
        [
          281.02331463409666, 
          276.2031218206556
        ], 
        [
          319.0989340300992, 
          345.45034377345144
        ], 
        [
          323.84240582966186, 
          314.2708416378931
        ], 
        [
          288.56545918825367, 
          242.82449910498968
        ]
      ], 
      "projected_cuboid_centroid": [
        245.42317826417698, 
        301.9796610905132
      ], 
      "quaternion_xyzw": [
        -0.6563066235163899, 
        0.26228476242938625, 
        0.675579341116537, 
        -0.20990682023798585
      ], 
      "visibility": 0.7214560815008075
    }, 
    {
      "bounding_box": {
        "bottom_right": [
          321, 
          440
        ], 
        "top_left": [
          238, 
          349
        ]
      }, 
      "class": "025_mug", 
      "cuboid": [
        [
          -5.202367540619296, 
          1.0869352849294103, 
          63.56951043800259
        ], 
        [
          -16.818736878772768, 
          2.474389848650619, 
          63.610604922758704
        ], 
        [
          -17.639074993331405, 
          -4.514455789610944, 
          67.68305542468528
        ], 
        [
          -6.022705655177932, 
          -5.901910353332152, 
          67.64196093992915
        ], 
        [
          -4.6212751925841635, 
          5.713461422023304, 
          71.62627360778978
        ], 
        [
          -16.237644530737636, 
          7.100915985744513, 
          71.66736809254591
        ], 
        [
          -17.05798264529627, 
          0.11207034748295054, 
          75.73981859447247
        ], 
        [
          -5.4416133071427994, 
          -1.275384216238258, 
          75.69872410971635
        ]
      ], 
      "cuboid_centroid": [
        -11.130175092957783, 
        0.5995028162061804, 
        69.65466451623753
      ], 
      "location": [
        -11.130175092957783, 
        0.5995028162061804, 
        69.65466451623753
      ], 
      "pose_transform_permuted": [
        [
          -0.062423982042516084, 
          -0.4970056574961466, 
          -0.8654996768279491, 
          0.0
        ], 
        [
          0.9929369161556219, 
          -0.11859599292203388, 
          -0.0035126492432305894, 
          0.0
        ], 
        [
          0.10089887927003509, 
          0.85960493579073, 
          -0.5008979641865855, 
          0.0
        ], 
        [
          -11.130175092957783, 
          0.5995028162061804, 
          69.65466451623753, 
          1.0
        ]
      ], 
      "projected_cuboid": [
        [
          437.5878255008613, 
          282.4054358476995
        ], 
        [
          339.4114770991465, 
          294.032144225672
        ], 
        [
          341.4488476670768, 
          237.71415335942316
        ], 
        [
          433.7156306292692, 
          226.7532275064793
        ], 
        [
          446.9009249441676, 
          315.8282019627721
        ], 
        [
          359.7561086325262, 
          326.12868433680666
        ], 
        [
          360.4828460500653, 
          274.07567785679555
        ], 
        [
          442.939827920606, 
          264.30108430851215
        ]
      ], 
      "projected_cuboid_centroid": [
        395.6673224240541, 
        277.87670569338337
      ], 
      "quaternion_xyzw": [
        0.9641111876716167, 
        -0.05691637930324239, 
        -0.017097776721424474, 
        0.25876258735590607
      ], 
      "visibility": 0.8404255319148937
    }, 
    {
      "bounding_box": {
        "bottom_right": [
          345, 
          363
        ], 
        "top_left": [
          278, 
          318
        ]
      }, 
      "class": "061_foam_brick", 
      "cuboid": [
        [
          -21.942611831230245, 
          0.5813017146086029, 
          76.39496886988654
        ], 
        [
          -21.41087384932655, 
          6.770956196701753, 
          71.69932969396294
        ], 
        [
          -23.162344130796164, 
          9.77288834137117, 
          75.45805109910329
        ], 
        [
          -23.69408211269986, 
          3.5832338592780197, 
          80.15369027502688
        ], 
        [
          -17.016856137654894, 
          1.4020968153185023, 
          78.03471357286982
        ], 
        [
          -16.4851181557512, 
          7.591751297411653, 
          73.33907439694623
        ], 
        [
          -18.236588437220814, 
          10.593683442081069, 
          77.09779580208657
        ], 
        [
          -18.76832641912451, 
          4.404028959987919, 
          81.79343497801017
        ]
      ], 
      "cuboid_centroid": [
        -20.08960013422553, 
        5.587492578344836, 
        76.74638233598655
      ], 
      "location": [
        -20.08960013422553, 
        5.587492578344836, 
        76.74638233598655
      ], 
      "pose_transform_permuted": [
        [
          -0.9371681229547586, 
          -0.15616345018208144, 
          -0.31197577813779637, 
          0.0
        ], 
        [
          -0.06828183959838352, 
          -0.7948294252040975, 
          0.6029790835599397, 
          0.0
        ], 
        [
          0.34213082249121546, 
          -0.586395055962235, 
          -0.7342256728312708, 
          0.0
        ], 
        [
          -20.08960013422553, 
          5.587492578344836, 
          76.74638233598655, 
          1.0
        ]
      ], 
      "projected_cuboid": [
        [
          327.13732817327343, 
          277.3446532306181
        ], 
        [
          321.0098279730865, 
          323.6507959446323
        ], 
        [
          316.52687366762484, 
          342.3589916252871
        ], 
        [
          322.629655975285, 
          297.1283446615488
        ], 
        [
          364.3280678054074, 
          282.86901294513183
        ], 
        [
          360.71875905381194, 
          328.49352921724466
        ], 
        [
          354.3952345066725, 
          346.56773595603204
        ], 
        [
          358.2017058243763, 
          302.0022275700418
        ]
      ], 
      "projected_cuboid_centroid": [
        340.82868685702596, 
        312.11467713474417
      ], 
      "quaternion_xyzw": [
        0.4053698566054149, 
        -0.7011869710887418, 
        -0.20610131337424342, 
        0.5491214433588565
      ], 
      "visibility": 0.8301268931641425
    }
  ]
}