{
  "camera_data": {
    "location_worldframe": [
      -9.945898764789126, 
      6.675499438917154, 
      83.45489580082163
    ], 
    "quaternion_xyzw_worldframe": [
      0.9325964829545609, 
      -0.02165963109291904, 
      0.1397684971531942, 
      -0.33205577928187
    ]
  }, 
  "objects": [
    {
      "bounding_box": {
        "bottom_right": [
          507, 
          466
        ], 
        "top_left": [
          344, 
          328
        ]
      }, 
      "class": "003_cracker_box", 
      "cuboid": [
        [
          -1.1563995871948243, 
          28.02269135020086, 
          70.72865672848039
        ], 
        [
          -14.395200647369421, 
          23.622367825898298, 
          62.100249282274234
        ], 
        [
          -19.404737083490296, 
          9.285992056949858, 
          77.09779647016737
        ], 
        [
          -6.1659360233157035, 
          13.686315581252417, 
          85.72620391637352
        ], 
        [
          -5.046577548304933, 
          32.98090095210792, 
          74.16887045867107
        ], 
        [
          -18.28537860847953, 
          28.580577427805366, 
          65.54046301246491
        ], 
        [
          -23.294915044600405, 
          14.244201658856925, 
          80.53801020035804
        ], 
        [
          -10.056113984425812, 
          18.644525183159484, 
          89.1664176465642
        ]
      ], 
      "cuboid_centroid": [
        -12.225657315897616, 
        21.13344650452889, 
        75.63333346441922
      ], 
      "location": [
        -12.225657315897616, 
        21.13344650452889, 
        75.63333346441922
      ], 
      "pose_transform_permuted": [
        [
          0.5418075284286259, 
          -0.6905584568870868, 
          -0.47913841398889034, 
          0.0
        ], 
        [
          0.807066771993945, 
          0.26825351376955053, 
          0.5260069181042808, 
          0.0
        ], 
        [
          0.2347079625435351, 
          0.6716912013507512, 
          -0.7026685579607557, 
          0.0
        ], 
        [
          -12.225657315897616, 
          21.13344650452889, 
          75.63333346441922, 
          1.0
        ]
      ], 
      "projected_cuboid": [
        [
          472.80473348520377, 
          484.5877383929628
        ], 
        [
          356.94022751318573, 
          476.1564379903483
        ], 
        [
          346.2472944455383, 
          337.52185520038296
        ], 
        [
          442.9178977688433, 
          358.4318003105906
        ], 
        [
          445.00668015047825, 
          510.43940601908855
        ], 
        [
          331.5642769010657, 
          505.85403811778406
        ], 
        [
          326.0535303669563, 
          367.6110894870985
        ], 
        [
          420.9484930769571, 
          384.80262959476346
        ]
      ], 
      "projected_cuboid_centroid": [
        394.67086477761626, 
        422.3065581828097
      ], 
      "quaternion_xyzw": [
        0.8599267973690531, 
        0.009752443850060284, 
        0.3104376005608518, 
        0.4050423300885673
      ], 
      "visibility": 0.9409909669143193
    }, 
    {
      "bounding_box": {
        "bottom_right": [
          499, 
          354
        ], 
        "top_left": [
          373, 
          277
        ]
      }, 
      "class": "004_sugar_box", 
      "cuboid": [
        [
          -16.080259631664543, 
          27.12578676426105, 
          69.80801091653592
        ], 
        [
          -24.13771882425691, 
          25.726584144336062, 
          65.44798507507706
        ], 
        [
          -28.921350044664685, 
          14.275105771935992, 
          77.96323519081359
        ], 
        [
          -20.863890852072316, 
          15.674308391860977, 
          82.32326103227246
        ], 
        [
          -17.943693322326872, 
          30.488414202293214, 
          72.1725689902346
        ], 
        [
          -26.00115251491924, 
          29.089211582368225, 
          67.81254314877575
        ], 
        [
          -30.784783735327014, 
          17.637733209968157, 
          80.32779326451227
        ], 
        [
          -22.727324542734646, 
          19.036935829893142, 
          84.68781910597114
        ]
      ], 
      "cuboid_centroid": [
        -23.43252168349578, 
        22.381759987114602, 
        75.0679020905241
      ], 
      "location": [
        -23.43252168349578, 
        22.381759987114602, 
        75.0679020905241
      ], 
      "pose_transform_permuted": [
        [
          0.4128669425561875, 
          -0.7450319891996956, 
          -0.5238972909401075, 
          0.0
        ], 
        [
          0.8694130175539925, 
          0.15097624981790905, 
          0.4704539151648557, 
          0.0
        ], 
        [
          0.27140708916545375, 
          0.6497182304595196, 
          -0.7100730486076459, 
          0.0
        ], 
        [
          -23.43252168349578, 
          22.381759987114602, 
          75.0679020905241, 
          1.0
        ]
      ], 
      "projected_cuboid": [
        [
          357.723248411214, 
          480.52225635195015
        ], 
        [
          283.2655751487095, 
          482.9261642668828
        ], 
        [
          282.10738190504827, 
          370.9376095586955
        ], 
        [
          345.30691694728785, 
          374.8303241874532
        ], 
        [
          347.8970671409747, 
          498.58083720634335
        ], 
        [
          275.40388425170846, 
          502.0620045179082
        ], 
        [
          275.5046530557256, 
          390.3885787738314
        ], 
        [
          337.27953336361713, 
          393.1712013112364
        ]
      ], 
      "projected_cuboid_centroid": [
        313.73348616735916, 
        432.29765424481815
      ], 
      "quaternion_xyzw": [
        0.8722139271637463, 
        -0.03451872172551753, 
        0.2531835454042262, 
        0.4170722894035391
      ], 
      "visibility": 0.633913340156943
    }, 
    {
      "bounding_box": {
        "bottom_right": [
          394, 
          340
        ], 
        "top_left": [
          299, 
          201
        ]
      }, 
      "class": "024_bowl", 
      "cuboid": [
        [
          -33.94166296938833, 
          6.077094713786075, 
          59.776304604571514
        ], 
        [
          -32.9937083449037, 
          17.99029898332686, 
          70.58904188279472
        ], 
        [
          -34.44444479642058, 
          14.48790434601721, 
          74.57507927239642
        ], 
        [
          -35.39239942090522, 
          2.574700076476429, 
          63.76234199417322
        ], 
        [
          -18.395968527620838, 
          2.5320152782451504, 
          62.31929088296996
        ], 
        [
          -17.448013903136207, 
          14.445219547785932, 
          73.13202816119316
        ], 
        [
          -18.89875035465309, 
          10.942824910476286, 
          77.11806555079487
        ], 
        [
          -19.84670497913772, 
          -0.9703793590644966, 
          66.30532827257166
        ]
      ], 
      "cuboid_centroid": [
        -26.42020666202071, 
        8.50995981213118, 
        68.44718507768319
      ], 
      "location": [
        -26.42020666202071, 
        8.50995981213118, 
        68.44718507768319
      ], 
      "pose_transform_permuted": [
        [
          -0.9628023173023883, 
          0.21955987288605, 
          -0.1574965396934572, 
          0.0
        ], 
        [
          -0.058819254815361544, 
          -0.7391976150530759, 
          -0.6709151817948451, 
          0.0
        ], 
        [
          0.263727118552713, 
          0.6366948626446629, 
          -0.7246155248280132, 
          0.0
        ], 
        [
          -26.42020666202071, 
          8.50995981213118, 
          68.44718507768319, 
          1.0
        ]
      ], 
      "projected_cuboid": [
        [
          176.2485673630844, 
          327.50590870178746
        ], 
        [
          230.24319476745086, 
          409.20818387716633
        ], 
        [
          233.216736067081, 
          376.8959901231953
        ], 
        [
          183.1017767676418, 
          294.82178792100945
        ], 
        [
          322.85505187081895, 
          294.95516279477846
        ], 
        [
          353.29604565974836, 
          378.6291445212179
        ], 
        [
          349.81124369415556, 
          348.9630059826465
        ], 
        [
          320.631968887369, 
          265.4813988051884
        ]
      ], 
      "projected_cuboid_centroid": [
        274.02335412224784, 
        339.5935484838841
      ], 
      "quaternion_xyzw": [
        0.658667622462718, 
        -0.3806641997430793, 
        -0.6200841833506494, 
        0.19169594599685608
      ], 
      "visibility": 0.7715686274509804
    }, 
    {
      "bounding_box": {
        "bottom_right": [
          334, 
          478
        ], 
        "top_left": [
          247, 
          388
        ]
      }, 
      "class": "025_mug", 
      "cuboid": [
        [
          0.48289999651960835, 
          0.29917567144837276, 
          63.705597158104155
        ], 
        [
          -10.66257679505247, 
          3.319390629086147, 
          61.82852384529788
        ], 
        [
          -13.114262571397434, 
          -2.66797313239104, 
          66.75218946250878
        ], 
        [
          -1.9687857798253556, 
          -5.688188090028815, 
          68.62926277531506
        ], 
        [
          0.8383358583825627, 
          6.120195587123521, 
          70.9611631372413
        ], 
        [
          -10.307140933189515, 
          9.140410544761297, 
          69.08408982443503
        ], 
        [
          -12.75882670953448, 
          3.153046783284108, 
          74.00775544164593
        ], 
        [
          -1.6133499179624027, 
          0.13283182564633386, 
          75.8848287544522
        ]
      ], 
      "cuboid_centroid": [
        -6.137963356507436, 
        1.7261112273662405, 
        68.85667629987505
      ], 
      "location": [
        -6.137963356507436, 
        1.7261112273662405, 
        68.85667629987505
      ], 
      "pose_transform_permuted": [
        [
          -0.038182780986917755, 
          -0.6253244323624528, 
          -0.7794308803435919, 
          0.0
        ], 
        [
          0.9526862509578915, 
          -0.25816008761999587, 
          0.16044732500836204, 
          0.0
        ], 
        [
          0.301549254832059, 
          0.7364259719178133, 
          -0.605594612587607, 
          0.0
        ], 
        [
          -6.137963356507436, 
          1.7261112273662405, 
          68.85667629987505, 
          1.0
        ]
      ], 
      "projected_cuboid": [
        [
          485.6734180328071, 
          275.79112551392177
        ], 
        [
          388.85750844540735, 
          301.9188894688477
        ], 
        [
          375.94692357417, 
          251.9706481157139
        ], 
        [
          466.17009075660985, 
          229.08349720122177
        ], 
        [
          487.95021834805004, 
          319.28381332397544
        ], 
        [
          401.3642754975344, 
          343.84923851253546
        ], 
        [
          388.88735411539983, 
          296.00823229773033
        ], 
        [
          470.16393355022944, 
          274.220081814219
        ]
      ], 
      "projected_cuboid_centroid": [
        433.66016577122514, 
        286.6558867469328
      ], 
      "quaternion_xyzw": [
        0.9312012541898901, 
        -0.15026540716458253, 
        0.03282441455896927, 
        0.33046536380068375
      ], 
      "visibility": 0.879066478076379
    }, 
    {
      "bounding_box": {
        "bottom_right": [
          372, 
          398
        ], 
        "top_left": [
          306, 
          349
        ]
      }, 
      "class": "061_foam_brick", 
      "cuboid": [
        [
          -17.541663997001216, 
          4.422230209653101, 
          73.85927667063605
        ], 
        [
          -15.428863728884822, 
          9.564132315671364, 
          68.40579036197664
        ], 
        [
          -17.103306058196562, 
          13.390991808135698, 
          71.36528705234069
        ], 
        [
          -19.216106326312953, 
          8.249089702117434, 
          76.8187733610001
        ], 
        [
          -12.783875613714832, 
          4.801765517298638, 
          76.06039890513749
        ], 
        [
          -10.67107534559844, 
          9.943667623316902, 
          70.60691259647808
        ], 
        [
          -12.34551767491018, 
          13.770527115781233, 
          73.56640928684213
        ], 
        [
          -14.458317943026572, 
          8.628625009762972, 
          79.01989559550154
        ]
      ], 
      "cuboid_centroid": [
        -14.943590835955698, 
        9.096378662717168, 
        73.71284297873909
      ], 
      "location": [
        -14.943590835955698, 
        9.096378662717168, 
        73.71284297873909
      ], 
      "pose_transform_permuted": [
        [
          -0.9052108723938781, 
          -0.0722099133591113, 
          -0.418782765777895, 
          0.0
        ], 
        [
          -0.27131010746016976, 
          -0.6602848522814733, 
          0.7002961797965086, 
          0.0
        ], 
        [
          0.32708424310850676, 
          -0.7475357130333657, 
          -0.5781057478090253, 
          0.0
        ], 
        [
          -14.943590835955698, 
          9.096378662717168, 
          73.71284297873909, 
          1.0
        ]
      ], 
      "projected_cuboid": [
        [
          353.87749025616284, 
          305.2183694102242
        ], 
        [
          360.3048845475785, 
          347.852434128478
        ], 
        [
          352.71728785656643, 
          373.35869440848506
        ], 
        [
          347.0761689007295, 
          330.5564069078789
        ], 
        [
          391.2122116454226, 
          306.95551186316857
        ], 
        [
          400.3228688707659, 
          348.39466092638764
        ], 
        [
          391.35241463155086, 
          373.11595541025275
        ], 
        [
          383.20206251303654, 
          331.52269052083295
        ]
      ], 
      "projected_cuboid_centroid": [
        372.5777296797624, 
        339.09972169172124
      ], 
      "quaternion_xyzw": [
        0.3162028404696735, 
        -0.780645339810504, 
        -0.1620120586938739, 
        0.5141601987210068
      ], 
      "visibility": 0.9741620111731844
    }
  ]
}