{
  "camera_data": {
    "location_worldframe": [
      -14.275392375142488, 
      -1.6987510683240918, 
      96.40956685784009
    ], 
    "quaternion_xyzw_worldframe": [
      0.9494343139738243, 
      -0.018981793055405045, 
      0.10861429748985812, 
      -0.2939685506927016
    ]
  }, 
  "objects": [
    {
      "bounding_box": {
        "bottom_right": [
          420, 
          432
        ], 
        "top_left": [
          281, 
          316
        ]
      }, 
      "class": "003_cracker_box", 
      "cuboid": [
        [
          -6.683496472899303, 
          18.64696218844276, 
          81.46536712443356
        ], 
        [
          -20.348713156194073, 
          13.379705565188349, 
          74.0764581149423
        ], 
        [
          -24.156139232808254, 
          0.2566657226616448, 
          90.47288696725556
        ], 
        [
          -10.490922549513487, 
          5.523922345916055, 
          97.86179597674682
        ], 
        [
          -10.443143242895603, 
          23.818853382507374, 
          84.73170990751005
        ], 
        [
          -24.10835992619037, 
          18.551596759252963, 
          77.3428008980188
        ], 
        [
          -27.915786002804555, 
          5.42855691672626, 
          93.73922975033207
        ], 
        [
          -14.250569319509784, 
          10.69581353998067, 
          101.12813875982332
        ]
      ], 
      "cuboid_centroid": [
        -17.29964123785193, 
        12.03775955258451, 
        87.60229843738281
      ], 
      "location": [
        -17.29964123785193, 
        12.03775955258451, 
        87.60229843738281
      ], 
      "pose_transform_permuted": [
        [
          0.5236276963625278, 
          -0.7203191250300262, 
          -0.45492240406255, 
          0.0
        ], 
        [
          0.833062017251815, 
          0.32110368460643673, 
          0.45044433523411875, 
          0.0
        ], 
        [
          0.17838640927606922, 
          0.614843705219585, 
          -0.7682092860265641, 
          0.0
        ], 
        [
          -17.29964123785193, 
          12.03775955258451, 
          87.60229843738281, 
          1.0
        ]
      ], 
      "projected_cuboid": [
        [
          437.4783958206771, 
          395.3603768749409
        ], 
        [
          333.87394595531333, 
          369.6148341306208
        ], 
        [
          338.0147990503578, 
          274.7995311091308
        ], 
        [
          423.94800795308527, 
          303.39037915448847
        ], 
        [
          415.31790779692295, 
          423.20751764111213
        ], 
        [
          313.97179116323525, 
          401.2096250163838
        ], 
        [
          321.44954835132995, 
          304.171747085034
        ], 
        [
          405.81753328639957, 
          329.69306230565246
        ]
      ], 
      "projected_cuboid_centroid": [
        375.399803223191, 
        346.5719770785357
      ], 
      "quaternion_xyzw": [
        0.8518844003933207, 
        0.04188281745283574, 
        0.28585804339970045, 
        0.4368340382713097
      ], 
      "visibility": 0.9332062584385672
    }, 
    {
      "bounding_box": {
        "bottom_right": [
          404, 
          336
        ], 
        "top_left": [
          306, 
          271
        ]
      }, 
      "class": "004_sugar_box", 
      "cuboid": [
        [
          -21.61680885897711, 
          17.48084711122713, 
          81.56611578300034
        ], 
        [
          -29.901972256113446, 
          15.622691334451586, 
          77.85214667407212
        ], 
        [
          -33.69056599715696, 
          5.1739993754438425, 
          91.53141433856874
        ], 
        [
          -25.405402600020615, 
          7.032155152219389, 
          95.24538344749696
        ], 
        [
          -23.39138761007403, 
          21.001186640310692, 
          83.763583222241
        ], 
        [
          -31.676551007210367, 
          19.14303086353515, 
          80.04961411331276
        ], 
        [
          -35.46514474825388, 
          8.694338904527404, 
          93.72888177780938
        ], 
        [
          -27.179981351117537, 
          10.552494681302951, 
          97.4428508867376
        ]
      ], 
      "cuboid_centroid": [
        -28.540976803615493, 
        13.087593007877269, 
        87.64749878040486
      ], 
      "location": [
        -28.540976803615493, 
        13.087593007877269, 
        87.64749878040486
      ], 
      "pose_transform_permuted": [
        [
          0.3931800240394649, 
          -0.7799750672189567, 
          -0.48687627982275256, 
          0.0
        ], 
        [
          0.8939826734281804, 
          0.20049804564409407, 
          0.4007433376844363, 
          0.0
        ], 
        [
          0.2149520211550554, 
          0.5928235140874919, 
          -0.7761154753939545, 
          0.0
        ], 
        [
          -28.540976803615493, 
          13.087593007877269, 
          87.64749878040486, 
          1.0
        ]
      ], 
      "projected_cuboid": [
        [
          339.07781496221713, 
          387.58495718826487
        ], 
        [
          275.04907487877784, 
          380.308471048774
        ], 
        [
          283.6587518094689, 
          303.4335122216961
        ], 
        [
          338.1558766573968, 
          312.6625782558054
        ], 
        [
          331.4238542066481, 
          407.0003032509229
        ], 
        [
          268.7976755089877, 
          400.8243575432044
        ], 
        [
          278.117860015106, 
          322.7575346748901
        ], 
        [
          331.597188734094, 
          331.041950652907
        ]
      ], 
      "projected_cuboid_centroid": [
        306.48299771173464, 
        352.9222348900522
      ], 
      "quaternion_xyzw": [
        0.8622184275661279, 
        -0.004190926292239557, 
        0.23019786412040327, 
        0.4511880321919838
      ], 
      "visibility": 0.6181264553107648
    }, 
    {
      "bounding_box": {
        "bottom_right": [
          314, 
          328
        ], 
        "top_left": [
          228, 
          214
        ]
      }, 
      "class": "024_bowl", 
      "cuboid": [
        [
          -39.67716980648417, 
          -4.553308618768499, 
          74.42247881264612
        ], 
        [
          -38.279312868135676, 
          8.217927200666518, 
          84.15283713133384
        ], 
        [
          -39.41594193894537, 
          5.035376423903358, 
          88.49326838032655
        ], 
        [
          -40.81379887729387, 
          -7.7358593955316595, 
          78.76291006163883
        ], 
        [
          -23.94150373308822, 
          -7.672595538405662, 
          76.25601240458685
        ], 
        [
          -22.543646794739725, 
          5.098640281029356, 
          85.98637072327456
        ], 
        [
          -23.680275865549426, 
          1.9160895042661958, 
          90.32680197226728
        ], 
        [
          -25.07813280389792, 
          -10.855146315168822, 
          80.59644365357957
        ]
      ], 
      "cuboid_centroid": [
        -31.6787228360168, 
        -1.3186095572511516, 
        82.3746403924567
      ], 
      "location": [
        -31.6787228360168, 
        -1.3186095572511516, 
        82.3746403924567
      ], 
      "pose_transform_permuted": [
        [
          -0.9745679626287347, 
          0.19318896854737272, 
          -0.11355751251801804, 
          0.0
        ], 
        [
          -0.0867350623420839, 
          -0.7924372692193149, 
          -0.6037550855377948, 
          0.0
        ], 
        [
          0.20662602734939373, 
          0.5785509457116437, 
          -0.7890402322049052, 
          0.0
        ], 
        [
          -31.6787228360168, 
          -1.3186095572511516, 
          82.3746403924567, 
          1.0
        ]
      ], 
      "projected_cuboid": [
        [
          194.89667169623405, 
          240.6570328459713
        ], 
        [
          236.97980140661366, 
          325.3677471075192
        ], 
        [
          242.07065436191095, 
          303.6330819011869
        ], 
        [
          202.93554618186107, 
          220.90547048320772
        ], 
        [
          312.7595068651204, 
          219.6259107685552
        ], 
        [
          340.60772422448537, 
          304.9102091114712
        ], 
        [
          340.61565478745626, 
          284.59976986190856
        ], 
        [
          314.2681294511113, 
          201.4562952854785
        ]
      ], 
      "projected_cuboid_centroid": [
        274.7897654115561, 
        264.7494409320493
      ], 
      "quaternion_xyzw": [
        0.6335166524819174, 
        -0.39425297372006535, 
        -0.6228419734442497, 
        0.2351363856511017
      ], 
      "visibility": 0.7824597030079959
    }, 
    {
      "bounding_box": {
        "bottom_right": [
          263, 
          445
        ], 
        "top_left": [
          189, 
          371
        ]
      }, 
      "class": "025_mug", 
      "cuboid": [
        [
          -4.975316035566066, 
          -9.535056644803873, 
          76.621879260293
        ], 
        [
          -16.26909080161277, 
          -6.8261841706278705, 
          75.21496171618509
        ], 
        [
          -18.30099945295059, 
          -12.421426789477447, 
          80.75268492497001
        ], 
        [
          -7.007224686903888, 
          -15.130299263653448, 
          82.15960246907792
        ], 
        [
          -4.277624580785366, 
          -3.1344722183308664, 
          83.3449433550131
        ], 
        [
          -15.57139934683207, 
          -0.42559974415486423, 
          81.93802581090519
        ], 
        [
          -17.603307998169893, 
          -6.02084236300444, 
          87.47574901969011
        ], 
        [
          -6.309533232123189, 
          -8.729714837180442, 
          88.88266656379801
        ]
      ], 
      "cuboid_centroid": [
        -11.28931201686798, 
        -7.777949503904156, 
        82.04881413999155
      ], 
      "location": [
        -11.28931201686798, 
        -7.777949503904156, 
        82.04881413999155
      ], 
      "pose_transform_permuted": [
        [
          -0.07494966848507559, 
          -0.687584286130718, 
          -0.7222267402738517, 
          0.0
        ], 
        [
          0.9653623745521475, 
          -0.231547345170305, 
          0.12025963766005808, 
          0.0
        ], 
        [
          0.24991805459311084, 
          0.6881963661893286, 
          -0.6811216686849701, 
          0.0
        ], 
        [
          -11.28931201686798, 
          -7.777949503904156, 
          82.04881413999155, 
          1.0
        ]
      ], 
      "projected_cuboid": [
        [
          446.6782447847276, 
          206.91864822967182
        ], 
        [
          365.27803581349184, 
          224.88476241095944
        ], 
        [
          359.7234867559911, 
          191.25099744293638
        ], 
        [
          435.73227438888637, 
          175.07178700837227
        ], 
        [
          453.9966834258909, 
          253.229227367867
        ], 
        [
          379.4010716662559, 
          270.516387298598
        ], 
        [
          373.3793545702133, 
          236.5788427017536
        ], 
        [
          443.422697516037, 
          220.90593264905303
        ]
      ], 
      "projected_cuboid_centroid": [
        407.6047042891468, 
        222.72964900226197
      ], 
      "quaternion_xyzw": [
        0.9186655377523596, 
        -0.1310230383033053, 
        0.012330376865404006, 
        0.37247123642093233
      ], 
      "visibility": 0.830807453416149
    }, 
    {
      "bounding_box": {
        "bottom_right": [
          300, 
          377
        ], 
        "top_left": [
          245, 
          340
        ]
      }, 
      "class": "061_foam_brick", 
      "cuboid": [
        [
          -22.408574045644187, 
          -4.831304167957736, 
          87.52771848870124
        ], 
        [
          -20.73220159035743, 
          -0.12650558978465543, 
          81.55291799918363
        ], 
        [
          -22.2898323556934, 
          3.9077351581388355, 
          84.29261129154385
        ], 
        [
          -23.96620481098016, 
          -0.7970634200342451, 
          90.26741178106144
        ], 
        [
          -17.53129494587216, 
          -4.209831197965943, 
          89.38552805149222
        ], 
        [
          -15.854922490585398, 
          0.4949673802071376, 
          83.41072756197462
        ], 
        [
          -17.41255325592137, 
          4.5292081281306285, 
          86.15042085433483
        ], 
        [
          -19.088925711208127, 
          -0.17559045004245213, 
          92.12522134385243
        ]
      ], 
      "cuboid_centroid": [
        -19.910563650782777, 
        -0.15104801991355377, 
        86.83906967151803
      ], 
      "location": [
        -19.910563650782777, 
        -0.15104801991355377, 
        86.83906967151803
      ], 
      "pose_transform_permuted": [
        [
          -0.9279450267948834, 
          -0.11824067066784952, 
          -0.3534645258673928, 
          0.0
        ], 
        [
          -0.21526729140024117, 
          -0.6041552659213665, 
          0.7672394723374748, 
          0.0
        ], 
        [
          0.3042663643912144, 
          -0.7880454038058341, 
          -0.5351695255156567, 
          0.0
        ], 
        [
          -19.910563650782777, 
          -0.15104801991355377, 
          86.83906967151803, 
          1.0
        ]
      ], 
      "projected_cuboid": [
        [
          343.9203991227991, 
          243.84867338816537
        ], 
        [
          344.88789548799616, 
          272.45924804420156
        ], 
        [
          339.3939789320379, 
          298.0107890604964
        ], 
        [
          338.81948927801216, 
          268.5773132175231
        ], 
        [
          376.1247425070361, 
          248.16854104543577
        ], 
        [
          379.37752169123115, 
          276.45130832466543
        ], 
        [
          372.905265784004, 
          301.3248849452209
        ], 
        [
          370.1689798508553, 
          272.27003214015275
        ]
      ], 
      "projected_cuboid_centroid": [
        358.2979049546504, 
        272.35888102559915
      ], 
      "quaternion_xyzw": [
        0.29586814236299497, 
        -0.7675899330165602, 
        -0.13579153298992389, 
        0.5521126666130293
      ], 
      "visibility": 0.9644012944983819
    }
  ]
}