{
  "camera_data": {
    "location_worldframe": [
      -12.770388188888765, 
      3.0580424125808108, 
      84.36891441007337
    ], 
    "quaternion_xyzw_worldframe": [
      0.9130214936982904, 
      0.011336560146388463, 
      0.057150144433829445, 
      -0.403732136748765
    ]
  }, 
  "objects": [
    {
      "bounding_box": {
        "bottom_right": [
          479, 
          418
        ], 
        "top_left": [
          314, 
          286
        ]
      }, 
      "class": "003_cracker_box", 
      "cuboid": [
        [
          -8.502171598118931, 
          26.93337642738832, 
          74.0409752936335
        ], 
        [
          -22.105705424790745, 
          21.85527863256233, 
          66.4097954438373
        ], 
        [
          -23.24016652037725, 
          5.099479689634856, 
          79.58210530024391
        ], 
        [
          -9.636632693705437, 
          10.17757748446085, 
          87.2132851500401
        ], 
        [
          -12.496172356535821, 
          30.785678600359013, 
          78.5973031401381
        ], 
        [
          -26.099706183207633, 
          25.70758080553302, 
          70.96612329034191
        ], 
        [
          -27.234167278794143, 
          8.951781862605543, 
          84.13843314674851
        ], 
        [
          -13.630633452122327, 
          14.029879657431538, 
          91.76961299654471
        ]
      ], 
      "cuboid_centroid": [
        -17.868169438456537, 
        17.942579144996934, 
        79.08970422019101
      ], 
      "location": [
        -17.868169438456537, 
        17.942579144996934, 
        79.08970422019101
      ], 
      "pose_transform_permuted": [
        [
          0.5562675283992394, 
          -0.5365323488959011, 
          -0.6345860662170645, 
          0.0
        ], 
        [
          0.8293016930535904, 
          0.30957214150370616, 
          0.4652137047672371, 
          0.0
        ], 
        [
          0.053152034270100734, 
          0.7850465768303538, 
          -0.6171521153329167, 
          0.0
        ], 
        [
          -17.868169438456537, 
          17.942579144996934, 
          79.08970422019101, 
          1.0
        ]
      ], 
      "projected_cuboid": [
        [
          419.8452898967988, 
          467.2885352900985
        ], 
        [
          302.5925579949975, 
          448.8005267312533
        ], 
        [
          324.55516532549296, 
          307.4607078177973
        ], 
        [
          422.1768293265185, 
          335.5236314743204
        ], 
        [
          396.0980559666555, 
          482.18181330036225
        ], 
        [
          283.81984511826573, 
          466.482328365145
        ], 
        [
          307.532082742436, 
          330.02827172963856
        ], 
        [
          401.722435538819, 
          354.82125657204807
        ]
      ], 
      "projected_cuboid_centroid": [
        360.1039027919411, 
        394.27736637022224
      ], 
      "quaternion_xyzw": [
        0.9012400257563199, 
        0.07112980446535812, 
        0.2833543795142837, 
        0.3200269715220001
      ], 
      "visibility": 0.9225944968642296
    }, 
    {
      "bounding_box": {
        "bottom_right": [
          454, 
          324
        ], 
        "top_left": [
          331, 
          242
        ]
      }, 
      "class": "004_sugar_box", 
      "cuboid": [
        [
          -23.183677544125384, 
          24.03474310171689, 
          74.69296168181455
        ], 
        [
          -31.50625855020485, 
          22.081136471911083, 
          71.11409196033694
        ], 
        [
          -33.11054235630407, 
          8.51437536673512, 
          82.25052929955912
        ], 
        [
          -24.787961350224606, 
          10.467981996540928, 
          85.82939902103674
        ], 
        [
          -25.12640627036212, 
          26.7543312282331, 
          77.72618254564271
        ], 
        [
          -33.448987276441585, 
          24.800724598427287, 
          74.1473128241651
        ], 
        [
          -35.05327108254082, 
          11.23396349325132, 
          85.28375016338728
        ], 
        [
          -26.730690076461343, 
          13.18757012305713, 
          88.8626198848649
        ]
      ], 
      "cuboid_centroid": [
        -29.1184743133331, 
        17.634353297484108, 
        79.98835592260092
      ], 
      "location": [
        -29.1184743133331, 
        17.634353297484108, 
        79.98835592260092
      ], 
      "pose_transform_permuted": [
        [
          0.4304357452785721, 
          -0.6025586209122157, 
          -0.6720478600455346, 
          0.0
        ], 
        [
          0.8980200945957376, 
          0.21079734870943714, 
          0.3861658929458863, 
          0.0
        ], 
        [
          0.09102164818874747, 
          0.7697322329636076, 
          -0.6318438656009342, 
          0.0
        ], 
        [
          -29.1184743133331, 
          17.634353297484108, 
          79.98835592260092, 
          1.0
        ]
      ], 
      "projected_cuboid": [
        [
          314.6824455099082, 
          444.8984125679272
        ], 
        [
          243.34707226170838, 
          438.88385033568545
        ], 
        [
          265.11629454973104, 
          328.49448813348596
        ], 
        [
          326.2881208698961, 
          338.3316141291772
        ], 
        [
          307.75504126850944, 
          456.8618572798602
        ], 
        [
          239.00349281287848, 
          451.6707787770766
        ], 
        [
          260.56565503565207, 
          343.5378193345945
        ], 
        [
          319.8327264192442, 
          352.43330869539403
        ]
      ], 
      "projected_cuboid_centroid": [
        285.832728665392, 
        390.862975722039
      ], 
      "quaternion_xyzw": [
        0.9137560105964939, 
        0.03277015393926133, 
        0.22341895121745525, 
        0.33772759691816967
      ], 
      "visibility": 0.5779828271177753
    }, 
    {
      "bounding_box": {
        "bottom_right": [
          354, 
          307
        ], 
        "top_left": [
          270, 
          175
        ]
      }, 
      "class": "024_bowl", 
      "cuboid": [
        [
          -39.42050063123828, 
          2.1488338073326023, 
          63.734595624201404
        ], 
        [
          -38.558257973025825, 
          12.54573307398591, 
          76.01870587375497
        ], 
        [
          -39.01585361633902, 
          8.377302338797001, 
          79.57885895356365
        ], 
        [
          -39.87809627455148, 
          -2.019596927856304, 
          67.29474870401008
        ], 
        [
          -23.3533684785226, 
          0.5660028041924836, 
          63.94647647724647
        ], 
        [
          -22.49112582031014, 
          10.96290207084579, 
          76.23058672680004
        ], 
        [
          -22.948721463623333, 
          6.794471335656883, 
          79.79073980660871
        ], 
        [
          -23.810964121835795, 
          -3.602427930996424, 
          67.50662955705515
        ]
      ], 
      "cuboid_centroid": [
        -31.18461104743081, 
        4.471652571494743, 
        71.76266771540506
      ], 
      "location": [
        -31.18461104743081, 
        4.471652571494743, 
        71.76266771540506
      ], 
      "pose_transform_permuted": [
        [
          -0.9950968820971848, 
          0.09803057453817426, 
          -0.013122564390285835, 
          0.0
        ], 
        [
          -0.053500947530738925, 
          -0.645113016445696, 
          -0.762211810867326, 
          0.0
        ], 
        [
          0.08318559883642636, 
          0.7577725268628118, 
          -0.6471946798901971, 
          0.0
        ], 
        [
          -31.18461104743081, 
          4.471652571494743, 
          71.76266771540506, 
          1.0
        ]
      ], 
      "projected_cuboid": [
        [
          148.98451234161172, 
          291.26759111603025
        ], 
        [
          208.83205041372906, 
          361.30283682117397
        ], 
        [
          217.94259508865898, 
          329.42933080575744
        ], 
        [
          162.92427977857525, 
          257.2809712398826
        ], 
        [
          285.204680424757, 
          278.0070542042962
        ], 
        [
          322.93479578297183, 
          349.98449629209915
        ], 
        [
          326.9300402199591, 
          318.700637780278
        ], 
        [
          291.9167396506821, 
          244.82643894865353
        ]
      ], 
      "projected_cuboid_centroid": [
        247.9106376286384, 
        306.5185785596009
      ], 
      "quaternion_xyzw": [
        -0.655246927448416, 
        0.2778718162472641, 
        0.6704757471384153, 
        -0.2095256316158977
      ], 
      "visibility": 0.7221827651515151
    }, 
    {
      "bounding_box": {
        "bottom_right": [
          323, 
          445
        ], 
        "top_left": [
          238, 
          355
        ]
      }, 
      "class": "025_mug", 
      "cuboid": [
        [
          -4.327537447123914, 
          0.9006022521690366, 
          62.83949255285081
        ], 
        [
          -15.914275833476625, 
          2.5119220034314638, 
          62.70571008437129
        ], 
        [
          -16.918848963994954, 
          -4.360958549590252, 
          66.93135995127032
        ], 
        [
          -5.332110577642242, 
          -5.972278300852679, 
          67.06514241974983
        ], 
        [
          -3.7511565253289096, 
          5.705493431420081, 
          70.79151436976903
        ], 
        [
          -15.337894911681621, 
          7.316813182682508, 
          70.65773190128952
        ], 
        [
          -16.342468042199947, 
          0.4439326296607921, 
          74.88338176818856
        ], 
        [
          -4.7557296558472375, 
          -1.1673871216016354, 
          75.01716423666807
        ]
      ], 
      "cuboid_centroid": [
        -10.335002744661931, 
        0.6722674409149143, 
        68.86143716051969
      ], 
      "location": [
        -10.335002744661931, 
        0.6722674409149143, 
        68.86143716051969
      ], 
      "pose_transform_permuted": [
        [
          -0.06191785597150031, 
          -0.5161665640650925, 
          -0.8542478123821184, 
          0.0
        ], 
        [
          0.9904041397736615, 
          -0.13773140455376426, 
          0.011435376047439995, 
          0.0
        ], 
        [
          0.123559177874631, 
          0.8453416132320192, 
          -0.5197409802019012, 
          0.0
        ], 
        [
          -10.335002744661931, 
          0.6722674409149143, 
          68.86143716051969, 
          1.0
        ]
      ], 
      "projected_cuboid": [
        [
          444.56313025368104, 
          280.9299609025517
        ], 
        [
          345.1162780961128, 
          294.650735819654
        ], 
        [
          345.66156439413226, 
          238.53773566235176
        ], 
        [
          438.8413676472259, 
          225.79341623336538
        ], 
        [
          453.101605739774, 
          316.2698164960999
        ], 
        [
          364.8629513971988, 
          328.5133284787702
        ], 
        [
          364.23603294334856, 
          276.44822698928056
        ], 
        [
          447.50540070900524, 
          264.98723182361033
        ]
      ], 
      "projected_cuboid_centroid": [
        400.88727231160533, 
        278.49312974240183
      ], 
      "quaternion_xyzw": [
        0.9604677981832342, 
        -0.06801128130548405, 
        -0.013140076122164139, 
        0.26963619869048633
      ], 
      "visibility": 0.8622230164403145
    }, 
    {
      "bounding_box": {
        "bottom_right": [
          349, 
          366
        ], 
        "top_left": [
          282, 
          322
        ]
      }, 
      "class": "061_foam_brick", 
      "cuboid": [
        [
          -21.22433866227628, 
          1.0225322567033235, 
          75.46745508468268
        ], 
        [
          -20.516559973396813, 
          7.087316550611245, 
          70.63412952607409
        ], 
        [
          -22.25322813894512, 
          10.21098999530491, 
          74.29935520032903
        ], 
        [
          -22.96100682782459, 
          4.1462057013969895, 
          79.13268075893764
        ], 
        [
          -16.303150378707638, 
          1.7871755740591437, 
          77.14756309192235
        ], 
        [
          -15.595371689828166, 
          7.851959867967065, 
          72.31423753331376
        ], 
        [
          -17.332039855376475, 
          10.975633312660731, 
          75.9794632075687
        ], 
        [
          -18.039818544255944, 
          4.91084901875281, 
          80.8127887661773
        ]
      ], 
      "cuboid_centroid": [
        -19.278189258826377, 
        5.999082784682027, 
        75.72345914612569
      ], 
      "location": [
        -19.278189258826377, 
        5.999082784682027, 
        75.72345914612569
      ], 
      "pose_transform_permuted": [
        [
          -0.9362991332343932, 
          -0.14548008204932134, 
          -0.31965524996697076, 
          0.0
        ], 
        [
          -0.09088767880037422, 
          -0.7787945237103989, 
          0.6206597454974608, 
          0.0
        ], 
        [
          0.33923938884923704, 
          -0.610175905428603, 
          -0.7159622905485878, 
          0.0
        ], 
        [
          -19.278189258826377, 
          5.999082784682027, 
          75.72345914612569, 
          1.0
        ]
      ], 
      "projected_cuboid": [
        [
          330.35723171978884, 
          280.512652553765
        ], 
        [
          325.3968327963843, 
          326.7989792606707
        ], 
        [
          320.5326111225369, 
          346.58086083763993
        ], 
        [
          325.56035751097386, 
          301.2301470592956
        ], 
        [
          367.95449506214607, 
          285.6412475018799
        ], 
        [
          365.6222621303848, 
          331.1949680043835
        ], 
        [
          358.9251391343835, 
          350.32735843783007
        ], 
        [
          361.5521424371415, 
          305.6954177105535
        ]
      ], 
      "projected_cuboid_centroid": [
        344.68947627649754, 
        315.5380194405929
      ], 
      "quaternion_xyzw": [
        0.39325299291232146, 
        -0.7107599514245206, 
        -0.20065924063247145, 
        0.5476387898654682
      ], 
      "visibility": 0.8494666139865665
    }
  ]
}