{
  "camera_data": {
    "location_worldframe": [
      -9.617015402141236, 
      7.690822403938083, 
      84.05516598327665
    ], 
    "quaternion_xyzw_worldframe": [
      0.9344137789998217, 
      -0.03497354792300021, 
      0.16456173363149393, 
      -0.313957986299708
    ]
  }, 
  "objects": [
    {
      "bounding_box": {
        "bottom_right": [
          511, 
          479
        ], 
        "top_left": [
          352, 
          334
        ]
      }, 
      "class": "003_cracker_box", 
      "cuboid": [
        [
          0.6069606926982662, 
          28.180931456656587, 
          70.9960504697023
        ], 
        [
          -12.51018213767606, 
          24.10636568004053, 
          62.02852052067259
        ], 
        [
          -18.712623359984534, 
          10.518522791291785, 
          77.27495602740282
        ], 
        [
          -5.595480529610208, 
          14.593088567907841, 
          86.24248597643252
        ], 
        [
          -3.1658693388770534, 
          33.42289254895835, 
          74.1329271001391
        ], 
        [
          -16.28301216925138, 
          29.348326772342293, 
          65.16539715110939
        ], 
        [
          -22.485453391559854, 
          15.76048388359355, 
          80.41183265783962
        ], 
        [
          -9.368310561185528, 
          19.835049660209606, 
          89.37936260686932
        ]
      ], 
      "cuboid_centroid": [
        -10.939246349430794, 
        21.970707670125066, 
        75.70394156377095
      ], 
      "location": [
        -10.939246349430794, 
        21.970707670125066, 
        75.70394156377095
      ], 
      "pose_transform_permuted": [
        [
          0.5254638052614428, 
          -0.7300781640150398, 
          -0.43689090604931724, 
          0.0
        ], 
        [
          0.7996502155878844, 
          0.24839459658495358, 
          0.5466805805016747, 
          0.0
        ], 
        [
          0.29059821415558384, 
          0.6366207653036672, 
          -0.714329531178544, 
          0.0
        ], 
        [
          -10.939246349430794, 
          21.970707670125066, 
          75.70394156377095, 
          1.0
        ]
      ], 
      "projected_cuboid": [
        [
          486.1945307804401, 
          484.9806043190063
        ], 
        [
          373.1384801587439, 
          480.55243419067483
        ], 
        [
          351.3740830363147, 
          345.88100427448154
        ], 
        [
          446.7065153725981, 
          363.52952928786647
        ], 
        [
          458.63169215458345, 
          513.7341207202935
        ], 
        [
          347.22486500063997, 
          513.4759342756262
        ], 
        [
          331.222834878784, 
          377.8156155755173
        ], 
        [
          425.23125735077787, 
          391.64070955335177
        ]
      ], 
      "projected_cuboid_centroid": [
        403.8899782027629, 
        428.06591161201106
      ], 
      "quaternion_xyzw": [
        0.8475201895738044, 
        -0.012449148141194535, 
        0.31625924637331376, 
        0.42606881610688785
      ], 
      "visibility": 0.9384272593880767
    }, 
    {
      "bounding_box": {
        "bottom_right": [
          510, 
          367
        ], 
        "top_left": [
          385, 
          282
        ]
      }, 
      "class": "004_sugar_box", 
      "cuboid": [
        [
          -14.300673788609158, 
          27.93650087356163, 
          69.55493914263526
        ], 
        [
          -22.255691978338714, 
          26.76306419521636, 
          64.94723104499376
        ], 
        [
          -28.009768960207882, 
          15.962961901128464, 
          77.63184213677778
        ], 
        [
          -20.05475077047832, 
          17.136398579473738, 
          82.23955023441928
        ], 
        [
          -16.086967139210216, 
          31.457219929448314, 
          71.74228380809396
        ], 
        [
          -24.041985328939777, 
          30.283783251103042, 
          67.13457571045245
        ], 
        [
          -29.796062310808942, 
          19.48368095701515, 
          79.81918680223647
        ], 
        [
          -21.841044121079385, 
          20.65711763536042, 
          84.42689489987798
        ]
      ], 
      "cuboid_centroid": [
        -22.04836804970905, 
        23.71009091528839, 
        74.68706297243587
      ], 
      "location": [
        -22.04836804970905, 
        23.71009091528839, 
        74.68706297243587
      ], 
      "pose_transform_permuted": [
        [
          0.3957755394606899, 
          -0.780059156109057, 
          -0.4846334532158908, 
          0.0
        ], 
        [
          0.8583594658956619, 
          0.1266157356858377, 
          0.4971792354668557, 
          0.0
        ], 
        [
          0.3264669061069312, 
          0.6127613503780223, 
          -0.7196820187412908, 
          0.0
        ], 
        [
          -22.04836804970905, 
          23.71009091528839, 
          74.68706297243587, 
          1.0
        ]
      ], 
      "projected_cuboid": [
        [
          371.0314085065109, 
          487.4925050170026
        ], 
        [
          297.31961577192317, 
          493.0536629430404
        ], 
        [
          287.5704238503378, 
          382.9497889485733
        ], 
        [
          350.4591516409084, 
          384.41527009887534
        ], 
        [
          361.0127829035259, 
          507.13400602933234
        ], 
        [
          289.0150129818262, 
          513.8620460472288
        ], 
        [
          280.85272647334875, 
          403.468628565497
        ], 
        [
          342.4787507761841, 
          403.7762993290797
        ]
      ], 
      "projected_cuboid_centroid": [
        322.8437520348609, 
        442.59371516362495
      ], 
      "quaternion_xyzw": [
        0.8596153601305608, 
        -0.05812226598380568, 
        0.2596960269509147, 
        0.43616634962832757
      ], 
      "visibility": 0.640761300555115
    }, 
    {
      "bounding_box": {
        "bottom_right": [
          406, 
          348
        ], 
        "top_left": [
          308, 
          210
        ]
      }, 
      "class": "024_bowl", 
      "cuboid": [
        [
          -32.762645366056226, 
          7.404683529867835, 
          59.539258050029545
        ], 
        [
          -31.64049944170479, 
          19.61386964949801, 
          69.99941599369633
        ], 
        [
          -33.39365125784758, 
          16.31537564493443, 
          74.03752130806485
        ], 
        [
          -34.515797182199016, 
          4.106189525304256, 
          63.57736336439807
        ], 
        [
          -17.499646999128828, 
          3.23954373704657, 
          62.76345941635996
        ], 
        [
          -16.37750107477739, 
          15.448729856676746, 
          73.22361736002675
        ], 
        [
          -18.130652890920178, 
          12.150235852113166, 
          77.26172267439527
        ], 
        [
          -19.252798815271618, 
          -0.0589502675170106, 
          66.80156473072849
        ]
      ], 
      "cuboid_centroid": [
        -25.446649128488204, 
        9.7774596909905, 
        68.40049036221241
      ], 
      "location": [
        -25.446649128488204, 
        9.7774596909905, 
        68.40049036221241
      ], 
      "pose_transform_permuted": [
        [
          -0.9452939044767088, 
          0.2579625027005713, 
          -0.199686708019427, 
          0.0
        ], 
        [
          -0.06962758064536115, 
          -0.7575628736967532, 
          -0.6490381286255767, 
          0.0
        ], 
        [
          0.3187027363745908, 
          0.5996280843962988, 
          -0.7340808717236629, 
          0.0
        ], 
        [
          -25.446649128488204, 
          9.7774596909905, 
          68.40049036221241, 
          1.0
        ]
      ], 
      "projected_cuboid": [
        [
          185.68186316834593, 
          339.6135777027742
        ], 
        [
          238.5218681951141, 
          422.7229388049143
        ], 
        [
          239.04567417035764, 
          390.812208540172
        ], 
        [
          189.64797292533595, 
          307.73136504205684
        ], 
        [
          331.65822621096805, 
          300.81389436957
        ], 
        [
          361.31851557951126, 
          385.8063842378188
        ], 
        [
          355.40246190488017, 
          357.1567714654678
        ], 
        [
          326.60874679276816, 
          272.81590032157317
        ]
      ], 
      "projected_cuboid_centroid": [
        281.5357507813988, 
        349.52152839244644
      ], 
      "quaternion_xyzw": [
        0.6575878670889475, 
        -0.40917178674381055, 
        -0.6061288965686739, 
        0.1810094106247745
      ], 
      "visibility": 0.7588065447545717
    }, 
    {
      "bounding_box": {
        "bottom_right": [
          337, 
          483
        ], 
        "top_left": [
          250, 
          393
        ]
      }, 
      "class": "025_mug", 
      "cuboid": [
        [
          1.1931411613919474, 
          0.1940197307489233, 
          64.91385163299164
        ], 
        [
          -9.725337089029466, 
          3.6562410458357313, 
          62.533387017860086
        ], 
        [
          -12.627240116316038, 
          -2.046484689374448, 
          67.54932651883931
        ], 
        [
          -1.708761865894623, 
          -5.5087060044612555, 
          69.92979113397088
        ], 
        [
          1.564172011709017, 
          6.229928144158048, 
          71.99085600781348
        ], 
        [
          -9.354306238712399, 
          9.692149459244856, 
          69.61039139268192
        ], 
        [
          -12.256209265998969, 
          3.989423724034676, 
          74.62633089366115
        ], 
        [
          -1.3377310155775548, 
          0.5272024089478679, 
          77.0067955087927
        ]
      ], 
      "cuboid_centroid": [
        -5.531534052303511, 
        2.0917217273918, 
        69.77009126332639
      ], 
      "location": [
        -5.531534052303511, 
        2.0917217273918, 
        69.77009126332639
      ], 
      "pose_transform_permuted": [
        [
          -0.03985807628637339, 
          -0.6484088797296345, 
          -0.7602488580386136, 
          0.0
        ], 
        [
          0.9332830084420337, 
          -0.2959416368037952, 
          0.20347589898015686, 
          0.0
        ], 
        [
          0.35692449004526716, 
          0.701416434584018, 
          -0.6169439955955244, 
          0.0
        ], 
        [
          -5.531534052303511, 
          2.0917217273918, 
          69.77009126332639, 
          1.0
        ]
      ], 
      "projected_cuboid": [
        [
          491.48137528929004, 
          274.88056636408334
        ], 
        [
          397.9627643431933, 
          304.4689997595159
        ], 
        [
          381.0708946939303, 
          257.12900662249695
        ], 
        [
          468.4565944760838, 
          231.27438918946683
        ], 
        [
          493.2812672467732, 
          319.43882544233094
        ], 
        [
          409.33186263010197, 
          347.54288112534584
        ], 
        [
          393.2777284754062, 
          301.79708877652973
        ], 
        [
          472.2552493266387, 
          276.9377400231408
        ]
      ], 
      "projected_cuboid_centroid": [
        438.9618951696669, 
        289.2755690915178
      ], 
      "quaternion_xyzw": [
        0.9212692740269625, 
        -0.17716484888161893, 
        0.04440010844456833, 
        0.343372158118921
      ], 
      "visibility": 0.8624501631025734
    }, 
    {
      "bounding_box": {
        "bottom_right": [
          377, 
          405
        ], 
        "top_left": [
          313, 
          354
        ]
      }, 
      "class": "061_foam_brick", 
      "cuboid": [
        [
          -16.966114569653726, 
          5.4701002492267286, 
          74.26189819016895
        ], 
        [
          -14.423399406174395, 
          10.326635800170296, 
          68.73087141393681
        ], 
        [
          -16.020314757580586, 
          14.321923987226981, 
          71.5048153593581
        ], 
        [
          -18.56302992105992, 
          9.465388436283414, 
          77.03584213559024
        ], 
        [
          -12.27653636428311, 
          5.704676995014431, 
          76.62375475803027
        ], 
        [
          -9.73382120080378, 
          10.561212545957998, 
          71.09272798179813
        ], 
        [
          -11.330736552209972, 
          14.556500733014685, 
          73.86667192721943
        ], 
        [
          -13.873451715689303, 
          9.699965182071118, 
          79.39769870345157
        ]
      ], 
      "cuboid_centroid": [
        -14.148425560931848, 
        10.013300491120706, 
        74.0642850586942
      ], 
      "location": [
        -14.148425560931848, 
        10.013300491120706, 
        74.0642850586942
      ], 
      "pose_transform_permuted": [
        [
          -0.8922332891801781, 
          -0.04463027852262966, 
          -0.4493638791866931, 
          0.0
        ], 
        [
          -0.3265165830650004, 
          -0.6236402002094257, 
          0.710253350337965, 
          0.0
        ], 
        [
          0.3119401844300877, 
          -0.7804364413081567, 
          -0.5418600210533924, 
          0.0
        ], 
        [
          -14.148425560931848, 
          10.013300491120706, 
          74.0642850586942, 
          1.0
        ]
      ], 
      "projected_cuboid": [
        [
          358.7377541631053, 
          312.570634616716
        ], 
        [
          368.745521382302, 
          353.41642702850316
        ], 
        [
          361.11359134727763, 
          380.10679187189
        ], 
        [
          352.0141467052492, 
          338.8154771797186
        ], 
        [
          395.43737174983215, 
          312.99244859250814
        ], 
        [
          407.96789568275767, 
          352.5140712705542
        ], 
        [
          399.10706036110344, 
          378.38490915227914
        ], 
        [
          387.6315857531391, 
          338.4418443965304
        ]
      ], 
      "projected_cuboid_centroid": [
        378.8685519861982, 
        345.38997136852413
      ], 
      "quaternion_xyzw": [
        0.29257941435340934, 
        -0.7994243090436782, 
        -0.15549619173001517, 
        0.5011377004019112
      ], 
      "visibility": 0.9780181437543615
    }
  ]
}