{
  "camera_data": {
    "location_worldframe": [
      -13.373436503280287, 
      -0.34396453217018924, 
      96.23811465684484
    ], 
    "quaternion_xyzw_worldframe": [
      0.9474524431428223, 
      -0.019043122721688368, 
      0.12861875549468274, 
      -0.29228967405803125
    ]
  }, 
  "objects": [
    {
      "bounding_box": {
        "bottom_right": [
          428, 
          443
        ], 
        "top_left": [
          289, 
          328
        ]
      }, 
      "class": "003_cracker_box", 
      "cuboid": [
        [
          -4.963803300129979, 
          19.862141296008602, 
          81.5443702478777
        ], 
        [
          -18.400172366036742, 
          14.7406951498097, 
          73.65051875551451
        ], 
        [
          -22.994702500592016, 
          1.7146630811444616, 
          89.92216060675878
        ], 
        [
          -9.55833343468525, 
          6.836109227343365, 
          97.81601209912196
        ], 
        [
          -8.78150214019698, 
          25.08954349014003, 
          84.65111120944556
        ], 
        [
          -22.217871206103744, 
          19.96809734394113, 
          76.75725971708238
        ], 
        [
          -26.81240134065902, 
          6.942065275275892, 
          93.02890156832665
        ], 
        [
          -13.376032274752253, 
          12.063511421474796, 
          100.92275306068983
        ]
      ], 
      "cuboid_centroid": [
        -15.888102320394498, 
        13.402103285642248, 
        87.28663590810217
      ], 
      "location": [
        -15.888102320394498, 
        13.402103285642248, 
        87.28663590810217
      ], 
      "pose_transform_permuted": [
        [
          0.5317129430837854, 
          -0.7280504622715287, 
          -0.4326937375828226, 
          0.0
        ], 
        [
          0.8191109572574586, 
          0.3122147534634127, 
          0.4812267526027104, 
          0.0
        ], 
        [
          0.21526399108524638, 
          0.6102986745078133, 
          -0.7623627365211768, 
          0.0
        ], 
        [
          -15.888102320394498, 
          13.402103285642248, 
          87.28663590810217, 
          1.0
        ]
      ], 
      "projected_cuboid": [
        [
          448.86207099322877, 
          403.18966783176836
        ], 
        [
          347.24702259422565, 
          380.0271492600328
        ], 
        [
          344.0812051386248, 
          283.45603784158635
        ], 
        [
          429.0481286912705, 
          310.5588704493003
        ], 
        [
          425.81072671935766, 
          431.35587322038896
        ], 
        [
          325.93789456502657, 
          412.0275168991794
        ], 
        [
          326.60497063185124, 
          313.08427069182073
        ], 
        [
          410.3232617590473, 
          337.0353625801101
        ]
      ], 
      "projected_cuboid_centroid": [
        383.71209908044995, 
        355.17311848203514
      ], 
      "quaternion_xyzw": [
        0.8458876062084275, 
        0.028653559192318268, 
        0.2993718338736679, 
        0.4404879524932614
      ], 
      "visibility": 0.9454602774274905
    }, 
    {
      "bounding_box": {
        "bottom_right": [
          414, 
          347
        ], 
        "top_left": [
          315, 
          281
        ]
      }, 
      "class": "004_sugar_box", 
      "cuboid": [
        [
          -19.903372366098022, 
          18.879544282429052, 
          81.07567399276432
        ], 
        [
          -28.062595549564158, 
          17.111992325321268, 
          77.05161148437824
        ], 
        [
          -32.50118992002399, 
          6.751703271323664, 
          90.6020454537384
        ], 
        [
          -24.34196673655785, 
          8.519255228431449, 
          94.62610796212448
        ], 
        [
          -21.717110063604252, 
          22.427970886025957, 
          83.19459057770256
        ], 
        [
          -29.876333247070384, 
          20.660418928918173, 
          79.17052806931648
        ], 
        [
          -34.31492761753021, 
          10.300129874920568, 
          92.72096203867663
        ], 
        [
          -26.15570443406408, 
          12.067681832028354, 
          96.74502454706271
        ]
      ], 
      "cuboid_centroid": [
        -27.109149991814117, 
        14.589837078674812, 
        86.89831801572048
      ], 
      "location": [
        -27.109149991814117, 
        14.589837078674812, 
        86.89831801572048
      ], 
      "pose_transform_permuted": [
        [
          0.40185617632690485, 
          -0.7861981083917016, 
          -0.46947235972968987, 
          0.0
        ], 
        [
          0.8803935185120659, 
          0.1907217454014959, 
          0.4342029223627024, 
          0.0
        ], 
        [
          0.25183086290878026, 
          0.5878078316452057, 
          -0.7688058863867072, 
          0.0
        ], 
        [
          -27.109149991814117, 
          14.589837078674812, 
          86.89831801572048, 
          1.0
        ]
      ], 
      "projected_cuboid": [
        [
          349.5806828714311, 
          397.4770650693117
        ], 
        [
          285.7406315437598, 
          391.7287150930515
        ], 
        [
          288.6878429572309, 
          313.02974197119704
        ], 
        [
          343.2606827092089, 
          321.3016761415534
        ], 
        [
          341.21918777392045, 
          417.0612233456031
        ], 
        [
          278.66275254789474, 
          412.4621413279825
        ], 
        [
          282.57698840612807, 
          332.53161968377884
        ], 
        [
          336.20874788063855, 
          339.8112101765261
        ]
      ], 
      "projected_cuboid_centroid": [
        313.8340357968321, 
        362.82849928759225
      ], 
      "quaternion_xyzw": [
        0.8569821628667311, 
        -0.017826834721642693, 
        0.2438962953128648, 
        0.4536278764474783
      ], 
      "visibility": 0.6388888888888888
    }, 
    {
      "bounding_box": {
        "bottom_right": [
          324, 
          337
        ], 
        "top_left": [
          237, 
          222
        ]
      }, 
      "class": "024_bowl", 
      "cuboid": [
        [
          -37.94813537847076, 
          -2.952862674572686, 
          73.30091333098258
        ], 
        [
          -36.76604175521095, 
          9.829447177418773, 
          83.04532459587153
        ], 
        [
          -38.107315802662036, 
          6.67412776345334, 
          87.34705004550277
        ], 
        [
          -39.289409425921846, 
          -6.108182088538118, 
          77.60263878061382
        ], 
        [
          -22.334004121178044, 
          -6.259348968717592, 
          75.74407451270709
        ], 
        [
          -21.15191049791823, 
          6.522960883273867, 
          85.48848577759604
        ], 
        [
          -22.493184545369314, 
          3.367641469308434, 
          89.79021122722727
        ], 
        [
          -23.675278168629127, 
          -9.414668382683024, 
          80.04579996233832
        ]
      ], 
      "cuboid_centroid": [
        -30.22065996192004, 
        0.2073893973678742, 
        81.54556227910493
      ], 
      "location": [
        -30.22065996192004, 
        0.2073893973678742, 
        81.54556227910493
      ], 
      "pose_transform_permuted": [
        [
          -0.9670408622463468, 
          0.20478291774332263, 
          -0.1513140024795284, 
          0.0
        ], 
        [
          -0.07334725127791218, 
          -0.7931243974066214, 
          -0.604627051138434, 
          0.0
        ], 
        [
          0.24382811871442964, 
          0.5736005987086443, 
          -0.7820039652618571, 
          0.0
        ], 
        [
          -30.22065996192004, 
          0.2073893973678742, 
          81.54556227910493, 
          1.0
        ]
      ], 
      "projected_cuboid": [
        [
          203.1947842851837, 
          251.80222872523538
        ], 
        [
          243.51678667405105, 
          336.4115446807815
        ], 
        [
          246.98418584844177, 
          314.0371189682189
        ], 
        [
          209.33273630014156, 
          231.30841485856027
        ], 
        [
          323.03121602936756, 
          229.21400287693453
        ], 
        [
          348.54129825237504, 
          313.98000386360906
        ], 
        [
          346.88277085787473, 
          293.28904293307556
        ], 
        [
          322.5417193265316, 
          210.55961139803594
        ]
      ], 
      "projected_cuboid_centroid": [
        282.3025511862088, 
        274.64289415664666
      ], 
      "quaternion_xyzw": [
        0.6425666015889444, 
        -0.4034416485220621, 
        -0.6114805490583959, 
        0.22457634978661245
      ], 
      "visibility": 0.7988966900702106
    }, 
    {
      "bounding_box": {
        "bottom_right": [
          271, 
          454
        ], 
        "top_left": [
          197, 
          379
        ]
      }, 
      "class": "025_mug", 
      "cuboid": [
        [
          -3.420095479095443, 
          -8.353176516294676, 
          76.84127460899491
        ], 
        [
          -14.617344566243984, 
          -5.510256867592038, 
          74.99569169976759
        ], 
        [
          -16.92886206506561, 
          -11.06350147714276, 
          80.46562151900883
        ], 
        [
          -5.7316129779170675, 
          -13.906421125845398, 
          82.31120442823615
        ], 
        [
          -2.9012415045057014, 
          -1.9414609074920077, 
          83.5699103320138
        ], 
        [
          -14.098490591654242, 
          0.9014587412106312, 
          81.72432742278649
        ], 
        [
          -16.410008090475863, 
          -4.65178586834009, 
          87.19425724202773
        ], 
        [
          -5.212759003327325, 
          -7.494705517042728, 
          89.03984015125505
        ]
      ], 
      "cuboid_centroid": [
        -9.915051784785653, 
        -6.502481192317383, 
        82.01776592551133
      ], 
      "location": [
        -9.915051784785653, 
        -6.502481192317383, 
        82.01776592551133
      ], 
      "pose_transform_permuted": [
        [
          -0.05573801014932648, 
          -0.6887800560082741, 
          -0.7228252737531656, 
          0.0
        ], 
        [
          0.9571116115861168, 
          -0.24300534759940223, 
          0.15775560754415546, 
          0.0
        ], 
        [
          0.2843090195433139, 
          0.6830307497262841, 
          -0.6727833056301789, 
          0.0
        ], 
        [
          -9.915051784785653, 
          -6.502481192317383, 
          82.01776592551133, 
          1.0
        ]
      ], 
      "projected_cuboid": [
        [
          457.66196007350356, 
          215.31102104091087
        ], 
        [
          376.78195552018764, 
          234.10124841100475
        ], 
        [
          368.4589026495955, 
          199.95855163375953
        ], 
        [
          444.15070630702587, 
          183.1825628330157
        ], 
        [
          462.9278700882789, 
          260.89668237655184
        ], 
        [
          388.8259055495906, 
          279.1693101653076
        ], 
        [
          380.3895795019562, 
          244.83410798460324
        ], 
        [
          450.11414842018695, 
          228.39569793107424
        ]
      ], 
      "projected_cuboid_centroid": [
        416.5872748926211, 
        231.0042285338155
      ], 
      "quaternion_xyzw": [
        0.9169197940749189, 
        -0.14377330780461664, 
        0.027815300218748857, 
        0.3712329503727573
      ], 
      "visibility": 0.8383964143426295
    }, 
    {
      "bounding_box": {
        "bottom_right": [
          308, 
          386
        ], 
        "top_left": [
          253, 
          346
        ]
      }, 
      "class": "061_foam_brick", 
      "cuboid": [
        [
          -21.198726628667547, 
          -3.4032123378081245, 
          87.05902465426111
        ], 
        [
          -19.236736016515017, 
          1.2626925774948954, 
          81.14095745975074
        ], 
        [
          -20.84811108193549, 
          5.323948929072193, 
          83.80870905891533
        ], 
        [
          -22.81010169408802, 
          0.6580440137691738, 
          89.72677625342568
        ], 
        [
          -16.388848283552832, 
          -2.8360138385519744, 
          89.10081127600668
        ], 
        [
          -14.426857671400303, 
          1.8298910767510452, 
          83.18274408149631
        ], 
        [
          -16.038232736820774, 
          5.891147428328343, 
          85.85049568066088
        ], 
        [
          -18.0002233489733, 
          1.2252425130253237, 
          91.76856287517126
        ]
      ], 
      "cuboid_centroid": [
        -18.61847968274416, 
        1.2439675452601096, 
        86.454760167461
      ], 
      "location": [
        -18.61847968274416, 
        1.2439675452601096, 
        86.454760167461
      ], 
      "pose_transform_permuted": [
        [
          -0.9151214434388684, 
          -0.1079144776879525, 
          -0.3884677712033503, 
          0.0
        ], 
        [
          -0.25194425230431805, 
          -0.5991608308050724, 
          0.759954204251673, 
          0.0
        ], 
        [
          0.314764733553777, 
          -0.7933226105023806, 
          -0.5211164919444673, 
          0.0
        ], 
        [
          -18.61847968274416, 
          1.2439675452601096, 
          86.454760167461, 
          1.0
        ]
      ], 
      "projected_cuboid": [
        [
          350.6524318316279, 
          252.43861563621417
        ], 
        [
          354.10505059746305, 
          281.58590614500326
        ], 
        [
          347.8238120592542, 
          307.1656688684323
        ], 
        [
          344.88813509055575, 
          277.1978315081348
        ], 
        [
          382.68289790661265, 
          256.31136461787435
        ], 
        [
          388.3295887929631, 
          285.0187398590907
        ], 
        [
          381.1342306906888, 
          309.8834646032997
        ], 
        [
          376.115713326662, 
          280.40712269865577
        ]
      ], 
      "projected_cuboid_centroid": [
        365.78680694422866, 
        280.96028840803416
      ], 
      "quaternion_xyzw": [
        0.29291675796915906, 
        -0.7800215756647454, 
        -0.13243287979065776, 
        0.5368683700393216
      ], 
      "visibility": 0.9610793980280228
    }
  ]
}