{
  "camera_data": {
    "location_worldframe": [
      -16.202462661720507, 
      -0.10925227784744085, 
      88.35219060399402
    ], 
    "quaternion_xyzw_worldframe": [
      0.8911723585573036, 
      0.020035197509317593, 
      -0.007861704324538064, 
      -0.4531558233435603
    ]
  }, 
  "objects": [
    {
      "bounding_box": {
        "bottom_right": [
          445, 
          399
        ], 
        "top_left": [
          289, 
          262
        ]
      }, 
      "class": "003_cracker_box", 
      "cuboid": [
        [
          -14.781846064910395, 
          24.95126683875086, 
          80.29818637972599
        ], 
        [
          -28.786051827502618, 
          19.59650379358824, 
          73.64334983956245
        ], 
        [
          -27.264124029607988, 
          1.5599957208279835, 
          84.95359561344576
        ], 
        [
          -13.259918267015768, 
          6.914758765990606, 
          91.60843215360929
        ], 
        [
          -18.485395298668827, 
          27.991786452781547, 
          85.64527540879261
        ], 
        [
          -32.48960106126105, 
          22.637023407618926, 
          78.99043886862907
        ], 
        [
          -30.967673263366425, 
          4.600515334858667, 
          90.30068464251238
        ], 
        [
          -16.9634675007742, 
          9.95527838002129, 
          96.95552118267592
        ]
      ], 
      "cuboid_centroid": [
        -22.87475966413841, 
        14.775891086804766, 
        85.29943551111919
      ], 
      "location": [
        -22.87475966413841, 
        14.775891086804766, 
        85.29943551111919
      ], 
      "pose_transform_permuted": [
        [
          0.5158146688445525, 
          -0.42347070845741625, 
          -0.7447199382877825, 
          0.0
        ], 
        [
          0.8537275458541598, 
          0.3264382708078002, 
          0.40569364402446173, 
          0.0
        ], 
        [
          -0.0713057140390459, 
          0.8450506579079075, 
          -0.529910257227386, 
          0.0
        ], 
        [
          -22.87475966413841, 
          14.775891086804766, 
          85.29943551111919, 
          1.0
        ]
      ], 
      "projected_cuboid": [
        [
          382.60174568473946, 
          439.0063360240276
        ], 
        [
          271.3933925722396, 
          415.20293990471777
        ], 
        [
          309.0126743532484, 
          283.0798405670774
        ], 
        [
          403.75808905093857, 
          313.54239845313793
        ], 
        [
          365.5278475454628, 
          447.59350134815645
        ], 
        [
          260.4090537585938, 
          426.1248822279497
        ], 
        [
          297.17653604825693, 
          300.45737207281036
        ], 
        [
          387.50915819345505, 
          328.04716276300104
        ]
      ], 
      "projected_cuboid_centroid": [
        337.3848291267221, 
        365.67017485051775
      ], 
      "quaternion_xyzw": [
        0.9278332476864916, 
        0.10717011538404178, 
        0.24829577813867731, 
        0.25688370406590105
      ], 
      "visibility": 0.9044368600682594
    }, 
    {
      "bounding_box": {
        "bottom_right": [
          414, 
          313
        ], 
        "top_left": [
          299, 
          228
        ]
      }, 
      "class": "004_sugar_box", 
      "cuboid": [
        [
          -29.060651392060628, 
          20.83543717422622, 
          82.18222833319587
        ], 
        [
          -37.58320994683706, 
          18.592956376401954, 
          79.31386338049516
        ], 
        [
          -36.97696816105748, 
          3.8867756037257144, 
          89.00982583939486
        ], 
        [
          -28.45440960628104, 
          6.129256401549983, 
          91.87819079209557
        ], 
        [
          -30.826979413880608, 
          23.070656782372197, 
          85.68289425742928
        ], 
        [
          -39.349537968657046, 
          20.82817598454793, 
          82.8145293047286
        ], 
        [
          -38.74329618287746, 
          6.121995211871692, 
          92.5104917636283
        ], 
        [
          -30.220737628101023, 
          8.364476009695961, 
          95.37885671632898
        ]
      ], 
      "cuboid_centroid": [
        -33.90197378746904, 
        13.478716193048957, 
        87.34636004841208
      ], 
      "location": [
        -33.90197378746904, 
        13.478716193048957, 
        87.34636004841208
      ], 
      "pose_transform_permuted": [
        [
          0.39135197220832224, 
          -0.4952407430332852, 
          -0.7756161350368037, 
          0.0
        ], 
        [
          0.9195979989822123, 
          0.2419673436305687, 
          0.3095012670081284, 
          0.0
        ], 
        [
          -0.03439611266582499, 
          0.8343790589929261, 
          -0.5501161829534091, 
          0.0
        ], 
        [
          -33.90197378746904, 
          13.478716193048957, 
          87.34636004841208, 
          1.0
        ]
      ], 
      "projected_cuboid": [
        [
          291.43706772127524, 
          408.4976036134736
        ], 
        [
          226.77531256787913, 
          398.3086630166471
        ], 
        [
          258.196081873735, 
          296.574905589288
        ], 
        [
          315.05311016240285, 
          308.864648967758
        ], 
        [
          288.12040785227333, 
          416.88618135590553
        ], 
        [
          226.07710399913668, 
          407.418485932507
        ], 
        [
          256.3820667582612, 
          308.57961525653445
        ], 
        [
          311.2068395683493, 
          320.0572690691814
        ]
      ], 
      "projected_cuboid_centroid": [
        272.8732982862039, 
        355.5849107788226
      ], 
      "quaternion_xyzw": [
        0.9393605794650878, 
        0.07355095113043995, 
        0.18652401818254566, 
        0.2782097069109408
      ], 
      "visibility": 0.5465525149059777
    }, 
    {
      "bounding_box": {
        "bottom_right": [
          322, 
          286
        ], 
        "top_left": [
          248, 
          166
        ]
      }, 
      "class": "024_bowl", 
      "cuboid": [
        [
          -44.90328795726646, 
          -1.0620727323129215, 
          70.68341088244564
        ], 
        [
          -43.361776299245825, 
          8.077352406235889, 
          83.86798487369818
        ], 
        [
          -43.12473251411607, 
          3.5476867329055097, 
          86.98019271545645
        ], 
        [
          -44.6662441721367, 
          -5.5917384056433, 
          73.79561872420393
        ], 
        [
          -28.846083995964978, 
          -1.3666202956118083, 
          69.01714715179806
        ], 
        [
          -27.30457233794435, 
          7.772804842937002, 
          82.20172114305058
        ], 
        [
          -27.06752855281459, 
          3.2431391696066227, 
          85.31392898480887
        ], 
        [
          -28.609040210835225, 
          -5.896285968942188, 
          72.12935499355633
        ]
      ], 
      "cuboid_centroid": [
        -35.985408255040525, 
        1.0905332186468508, 
        77.99866993362726
      ], 
      "location": [
        -35.985408255040525, 
        1.0905332186468508, 
        77.99866993362726
      ], 
      "pose_transform_permuted": [
        [
          -0.9944819925059845, 
          0.01886175627414595, 
          0.10319787173959269, 
          0.0
        ], 
        [
          -0.09564863620266667, 
          -0.567088510573472, 
          -0.8180843230181905, 
          0.0
        ], 
        [
          -0.043091820266689014, 
          0.8234408632839494, 
          -0.5657634131863665, 
          0.0
        ], 
        [
          -35.985408255040525, 
          1.0905332186468508, 
          77.99866993362726, 
          1.0
        ]
      ], 
      "projected_cuboid": [
        [
          139.96991437642333, 
          265.27300015377455
        ], 
        [
          203.56006751793646, 
          324.6507173510429
        ], 
        [
          214.97395985316933, 
          295.039200864174
        ], 
        [
          156.10486044507292, 
          232.87514707156203
        ], 
        [
          256.83573559925543, 
          262.72618600389154
        ], 
        [
          302.9704379156225, 
          323.7160056527004
        ], 
        [
          310.98081592517286, 
          293.56024534296824
        ], 
        [
          268.30093729207954, 
          229.6897974380734
        ]
      ], 
      "projected_cuboid_centroid": [
        233.4946624443913, 
        280.7431102806545
      ], 
      "quaternion_xyzw": [
        -0.6372978807711684, 
        0.20555406902997836, 
        0.7110357535360315, 
        -0.21453925762723275
      ], 
      "visibility": 0.704908068682571
    }, 
    {
      "bounding_box": {
        "bottom_right": [
          308, 
          409
        ], 
        "top_left": [
          229, 
          320
        ]
      }, 
      "class": "025_mug", 
      "cuboid": [
        [
          -10.137773970954154, 
          0.6003371688204393, 
          65.94309920049227
        ], 
        [
          -21.74734547580231, 
          1.2839909150543931, 
          67.21479985415976
        ], 
        [
          -21.791576639353444, 
          -6.038550726416175, 
          70.74753230672218
        ], 
        [
          -10.182005134505285, 
          -6.722204472650128, 
          69.4758316530547
        ], 
        [
          -8.990057936129793, 
          4.608720924320939, 
          74.2659264100554
        ], 
        [
          -20.59962944097795, 
          5.292374670554892, 
          75.53762706372288
        ], 
        [
          -20.64386060452908, 
          -2.0301669709156758, 
          79.07035951628531
        ], 
        [
          -9.034289099680924, 
          -2.7138207171496296, 
          77.79865886261781
        ]
      ], 
      "cuboid_centroid": [
        -15.390817287741617, 
        -0.7149149010476183, 
        72.50672935838878
      ], 
      "location": [
        -15.390817287741617, 
        -0.7149149010476183, 
        72.50672935838878
      ], 
      "pose_transform_permuted": [
        [
          -0.12329366475060194, 
          -0.43060156689199486, 
          -0.894081668825075, 
          0.0
        ], 
        [
          0.9923558551164768, 
          -0.05843693694158019, 
          -0.10870165096923526, 
          0.0
        ], 
        [
          0.005440287062024374, 
          0.9006484422951108, 
          -0.43451442630604786, 
          0.0
        ], 
        [
          -15.390817287741617, 
          -0.7149149010476183, 
          72.50672935838878, 
          1.0
        ]
      ], 
      "projected_cuboid": [
        [
          398.9238231026995, 
          278.1418082450305
        ], 
        [
          307.6035452723692, 
          283.47443560365764
        ], 
        [
          315.9555912124286, 
          227.76583568459927
        ], 
        [
          402.7852598717196, 
          221.68466144330324
        ], 
        [
          416.4995215516157, 
          306.3827537175684
        ], 
        [
          334.9451298707494, 
          310.6523801848818
        ], 
        [
          341.1964753784753, 
          259.59331830569096
        ], 
        [
          419.149776628384, 
          254.68295592962565
        ]
      ], 
      "projected_cuboid_centroid": [
        367.4472816915269, 
        268.0280175599037
      ], 
      "quaternion_xyzw": [
        0.9730218350885892, 
        -0.01641207362982477, 
        -0.059606914088088034, 
        0.22227558570648054
      ], 
      "visibility": 0.8339044547470268
    }, 
    {
      "bounding_box": {
        "bottom_right": [
          325, 
          345
        ], 
        "top_left": [
          262, 
          300
        ]
      }, 
      "class": "061_foam_brick", 
      "cuboid": [
        [
          -25.45557090823005, 
          -1.906254309423163, 
          80.22818170154889
        ], 
        [
          -25.719381467166087, 
          4.652504194163946, 
          76.03811176893667
        ], 
        [
          -27.23717886385043, 
          7.241143937453528, 
          80.18569741502174
        ], 
        [
          -26.973368304914402, 
          0.6823854338664191, 
          84.37576734763394
        ], 
        [
          -20.439053219259517, 
          -0.9235265861607549, 
          81.45061081576299
        ], 
        [
          -20.702863778195546, 
          5.635231917426354, 
          77.26054088315078
        ], 
        [
          -22.220661174879897, 
          8.223871660715936, 
          81.40812652923583
        ], 
        [
          -21.956850615943864, 
          1.6651131571288273, 
          85.59819646184805
        ]
      ], 
      "cuboid_centroid": [
        -23.838116041554976, 
        3.1588086756463865, 
        80.81815411539236
      ], 
      "location": [
        -23.838116041554976, 
        3.1588086756463865, 
        80.81815411539236
      ], 
      "pose_transform_permuted": [
        [
          -0.9544363867809726, 
          -0.1869725485952679, 
          -0.23257783570295887, 
          0.0
        ], 
        [
          0.0338765912586107, 
          -0.8422270203515012, 
          0.538057638877592, 
          0.0
        ], 
        [
          0.2964853455959997, 
          -0.5056628444543085, 
          -0.8101861067589342, 
          0.0
        ], 
        [
          -23.838116041554976, 
          3.1588086756463865, 
          80.81815411539236, 
          1.0
        ]
      ], 
      "projected_cuboid": [
        [
          310.9701173584256, 
          260.6146472298575
        ], 
        [
          299.7019958017451, 
          305.91848451205885
        ], 
        [
          298.9313916519998, 
          321.44779355319906
        ], 
        [
          309.6838839549659, 
          277.59973745317797
        ], 
        [
          346.6516430391608, 
          267.2395015130064
        ], 
        [
          337.4969233030153, 
          312.1858195929879
        ], 
        [
          334.81231257316574, 
          327.16263110797223
        ], 
        [
          343.6548612756194, 
          283.6610258982285
        ]
      ], 
      "projected_cuboid_centroid": [
        322.9782389619271, 
        294.1315392642878
      ], 
      "quaternion_xyzw": [
        0.4361168371283266, 
        -0.6527564800326875, 
        -0.2386853203404652, 
        0.5716121062420653
      ], 
      "visibility": 0.65948670944088
    }
  ]
}