{
  "camera_data": {
    "location_worldframe": [
      -19.393610998284185, 
      -4.440905928257489, 
      98.40197651807858
    ], 
    "quaternion_xyzw_worldframe": [
      0.9544079236702372, 
      0.0038523829289543, 
      0.023054964690393726, 
      -0.29760165914221975
    ]
  }, 
  "objects": [
    {
      "bounding_box": {
        "bottom_right": [
          401, 
          390
        ], 
        "top_left": [
          259, 
          260
        ]
      }, 
      "class": "003_cracker_box", 
      "cuboid": [
        [
          -16.06971342620521, 
          16.458228431962336, 
          82.68277138753652
        ], 
        [
          -30.129029911622922, 
          9.888315941025422, 
          77.36769984413758
        ], 
        [
          -30.190558898945934, 
          -3.456076433430888, 
          94.02533933737512
        ], 
        [
          -16.131242413528224, 
          3.113836057506029, 
          99.34041088077406
        ], 
        [
          -19.768585584030152, 
          21.26772060742228, 
          86.52198059116162
        ], 
        [
          -33.827902069447866, 
          14.697808116485364, 
          81.2069090477627
        ], 
        [
          -33.889431056770874, 
          1.3534157420290542, 
          97.86454854100023
        ], 
        [
          -19.830114571353164, 
          7.923328232965971, 
          103.17962008439916
        ]
      ], 
      "cuboid_centroid": [
        -24.979572241488043, 
        8.905822086995697, 
        90.27365996426838
      ], 
      "location": [
        -24.979572241488043, 
        8.905822086995697, 
        90.27365996426838
      ], 
      "pose_transform_permuted": [
        [
          0.5151632654956232, 
          -0.6698457229034235, 
          -0.5347088155172647, 
          0.0
        ], 
        [
          0.8570872181515873, 
          0.4005164850081392, 
          0.3240185885376006, 
          0.0
        ], 
        [
          0.0028827703792756454, 
          0.6252145653651358, 
          -0.780447587535656, 
          0.0
        ], 
        [
          -24.979572241488043, 
          8.905822086995697, 
          90.27365996426838, 
          1.0
        ]
      ], 
      "projected_cuboid": [
        [
          377.08057174577493, 
          379.445238031888
        ], 
        [
          272.1775282437746, 
          341.4497707847415
        ], 
        [
          308.92663400083455, 
          253.68338359906863
        ], 
        [
          394.27307219559395, 
          290.0034987180432
        ], 
        [
          358.72847620138305, 
          404.38029949559876
        ], 
        [
          257.5837585966524, 
          369.8131634881773
        ], 
        [
          295.3752259657815, 
          280.662070083275
        ], 
        [
          378.244080626266, 
          314.2410027010868
        ]
      ], 
      "projected_cuboid_centroid": [
        332.79269873104215, 
        325.90043803946884
      ], 
      "quaternion_xyzw": [
        0.8684772016342726, 
        0.11446291102420685, 
        0.24156703608744087, 
        0.41748168740352776
      ], 
      "visibility": 0.9137902284475571
    }, 
    {
      "bounding_box": {
        "bottom_right": [
          375, 
          309
        ], 
        "top_left": [
          279, 
          225
        ]
      }, 
      "class": "004_sugar_box", 
      "cuboid": [
        [
          -30.6435116310322, 
          13.887519840138102, 
          85.00077914711575
        ], 
        [
          -39.17876920186731, 
          11.237303183019911, 
          82.54803133702184
        ], 
        [
          -39.87963414955962, 
          0.5438913231471234, 
          96.54126903049644
        ], 
        [
          -31.34437657872452, 
          3.194107980265316, 
          98.99401684059033
        ], 
        [
          -32.39291970954264, 
          17.235145104492812, 
          87.47135797700406
        ], 
        [
          -40.92817728037774, 
          14.584928447374617, 
          85.01861016691016
        ], 
        [
          -41.62904222807006, 
          3.8915165875018296, 
          99.01184786038473
        ], 
        [
          -33.093784657234956, 
          6.541733244620023, 
          101.46459567047866
        ]
      ], 
      "cuboid_centroid": [
        -36.13627692955113, 
        8.889518213819967, 
        92.00631350375025
      ], 
      "location": [
        -36.13627692955113, 
        8.889518213819967, 
        92.00631350375025
      ], 
      "pose_transform_permuted": [
        [
          0.3876031480363426, 
          -0.7417080707748294, 
          -0.5473875099239394, 
          0.0
        ], 
        [
          0.9209682435726768, 
          0.2859627093309128, 
          0.2646554979556287, 
          0.0
        ], 
        [
          0.039764711489414274, 
          0.6067080952548877, 
          -0.7939290750892165, 
          0.0
        ], 
        [
          -36.13627692955113, 
          8.889518213819967, 
          92.00631350375025, 
          1.0
        ]
      ], 
      "projected_cuboid": [
        [
          287.72851753761586, 
          360.4208721221215
        ], 
        [
          226.36466684415362, 
          345.88758918116434
        ], 
        [
          259.4554657721424, 
          276.2911379485187
        ], 
        [
          311.32538579039203, 
          290.49445004527075
        ], 
        [
          282.4490616271805, 
          378.3705405121701
        ], 
        [
          222.7160898230424, 
          364.7774238576458
        ], 
        [
          255.49684482740386, 
          294.24788805417205
        ], 
        [
          306.19946873936897, 
          307.6712849385717
        ]
      ], 
      "projected_cuboid_centroid": [
        270.3855909864985, 
        324.815112139485
      ], 
      "quaternion_xyzw": [
        0.8767929984824673, 
        0.07019843859029788, 
        0.18597851691359452, 
        0.43785624101751797
      ], 
      "visibility": 0.5588178106163718
    }, 
    {
      "bounding_box": {
        "bottom_right": [
          285, 
          289
        ], 
        "top_left": [
          202, 
          184
        ]
      }, 
      "class": "024_bowl", 
      "cuboid": [
        [
          -47.414603258768516, 
          -9.788095301858982, 
          80.42755981315295
        ], 
        [
          -45.785794970887174, 
          3.1050512726787485, 
          89.9591964173558
        ], 
        [
          -45.956191366008255, 
          -0.14955570247301084, 
          94.39071952170053
        ], 
        [
          -47.584999653889604, 
          -13.042702277010743, 
          84.8590829174977
        ], 
        [
          -31.358764311670917, 
          -11.39849774837239, 
          79.86220792419687
        ], 
        [
          -29.729956023789573, 
          1.4946488261653421, 
          89.3938445283997
        ], 
        [
          -29.900352418910657, 
          -1.7599581489864187, 
          93.82536763274445
        ], 
        [
          -31.529160706792002, 
          -14.65310472352415, 
          84.2937310285416
        ]
      ], 
      "cuboid_centroid": [
        -38.65747783883959, 
        -5.774026725422701, 
        87.1264637229487
      ], 
      "location": [
        -38.65747783883959, 
        -5.774026725422701, 
        87.1264637229487
      ], 
      "pose_transform_permuted": [
        [
          -0.9943974521309268, 
          0.09973817593678738, 
          0.03501433215590223, 
          0.0
        ], 
        [
          -0.10106526964025478, 
          -0.8000016605772009, 
          -0.5914246818879506, 
          0.0
        ], 
        [
          0.030976095106775455, 
          0.5916499297173315, 
          -0.8055996786229577, 
          0.0
        ], 
        [
          -38.65747783883959, 
          -5.774026725422701, 
          87.1264637229487, 
          1.0
        ]
      ], 
      "projected_cuboid": [
        [
          164.56808535745185, 
          208.38113840752982
        ], 
        [
          207.8957240042803, 
          291.6947132033137
        ], 
        [
          219.77486625619392, 
          272.44152922095606
        ], 
        [
          180.04419199244452, 
          191.31619016889226
        ], 
        [
          270.43818020097444, 
          197.1674044644999
        ], 
        [
          302.7514149574416, 
          282.20354443935196
        ], 
        [
          310.2219489516684, 
          263.2826321071723
        ], 
        [
          280.4522397819274, 
          180.57753568721995
        ]
      ], 
      "projected_cuboid_centroid": [
        242.99447106681131, 
        237.94249445163473
      ], 
      "quaternion_xyzw": [
        -0.6032350967742957, 
        0.34438387294087286, 
        0.657215628906048, 
        -0.29253167896755894
      ], 
      "visibility": 0.7560449050086355
    }, 
    {
      "bounding_box": {
        "bottom_right": [
          247, 
          402
        ], 
        "top_left": [
          174, 
          324
        ]
      }, 
      "class": "025_mug", 
      "cuboid": [
        [
          -12.46067438007248, 
          -11.45967079600077, 
          77.37524214974289
        ], 
        [
          -24.042075883742044, 
          -9.836293130334987, 
          77.69546033922961
        ], 
        [
          -24.687658333517685, 
          -15.571531342647138, 
          83.4218935237576
        ], 
        [
          -13.106256829848123, 
          -17.19490900831292, 
          83.1016753342709
        ], 
        [
          -11.371145984699849, 
          -4.989319769796281, 
          83.97837251810371
        ], 
        [
          -22.95254748836941, 
          -3.3659421041304984, 
          84.29859070759042
        ], 
        [
          -23.598129938145057, 
          -9.101180316442647, 
          90.02502389211841
        ], 
        [
          -12.016728434475493, 
          -10.724557982108431, 
          89.7048057026317
        ]
      ], 
      "cuboid_centroid": [
        -18.029402159108766, 
        -10.28042555622171, 
        83.70013302093065
      ], 
      "location": [
        -18.029402159108766, 
        -10.28042555622171, 
        83.70013302093065
      ], 
      "pose_transform_permuted": [
        [
          -0.11704284390859067, 
          -0.6950789795018001, 
          -0.7093428315356626, 
          0.0
        ], 
        [
          0.9899479569785877, 
          -0.13876208358904701, 
          -0.027371414622773572, 
          0.0
        ], 
        [
          0.07940450955861339, 
          0.7054153619088155, 
          -0.7043323725662561, 
          0.0
        ], 
        [
          -18.029402159108766, 
          -10.28042555622171, 
          83.70013302093065, 
          1.0
        ]
      ], 
      "projected_cuboid": [
        [
          394.99440224152664, 
          194.29916834743946
        ], 
        [
          315.19142239299106, 
          205.7679502889865
        ], 
        [
          322.45258346020205, 
          173.73710012754702
        ], 
        [
          396.7844187818732, 
          162.93519225835607
        ], 
        [
          408.7807835719078, 
          241.6009758521897
        ], 
        [
          335.17642252907564, 
          251.99172362113487
        ], 
        [
          340.63376112444666, 
          219.3699991916514
        ], 
        [
          409.5589646435597, 
          209.52611012126943
        ]
      ], 
      "projected_cuboid_centroid": [
        365.76017143013587, 
        207.78183596268113
      ], 
      "quaternion_xyzw": [
        0.9225922921885736, 
        -0.05911782349441852, 
        -0.039132740364864936, 
        0.37920633087784966
      ], 
      "visibility": 0.8278061224489796
    }, 
    {
      "bounding_box": {
        "bottom_right": [
          280, 
          343
        ], 
        "top_left": [
          225, 
          301
        ]
      }, 
      "class": "061_foam_brick", 
      "cuboid": [
        [
          -28.432072683095903, 
          -8.370520323851826, 
          90.8048528788094
        ], 
        [
          -28.118024931971252, 
          -3.5574446656284042, 
          84.69099387832581
        ], 
        [
          -29.621189370189676, 
          0.32489512081187377, 
          87.67011552804563
        ], 
        [
          -29.93523712131433, 
          -4.488180537411547, 
          93.78397452852921
        ], 
        [
          -23.412229717908446, 
          -7.282227745664463, 
          91.91945249760595
        ], 
        [
          -23.098181966783795, 
          -2.4691520874410413, 
          85.80559349712237
        ], 
        [
          -24.601346405002218, 
          1.4131876989992374, 
          88.78471514684219
        ], 
        [
          -24.91539415612687, 
          -3.399887959224184, 
          94.89857414732576
        ]
      ], 
      "cuboid_centroid": [
        -26.51670954404906, 
        -3.478666312426294, 
        89.79478401282579
      ], 
      "location": [
        -26.51670954404906, 
        -3.478666312426294, 
        89.79478401282579
      ], 
      "pose_transform_permuted": [
        [
          -0.9550690496786842, 
          -0.20705718597772033, 
          -0.2120623306503151, 
          0.0
        ], 
        [
          -0.04032767810144933, 
          -0.6180594037933865, 
          0.7850963327907663, 
          0.0
        ], 
        [
          0.29362695503785363, 
          -0.7583731898726058, 
          -0.5819392718812225, 
          0.0
        ], 
        [
          -26.51670954404906, 
          -3.478666312426294, 
          89.79478401282579, 
          1.0
        ]
      ], 
      "projected_cuboid": [
        [
          313.2167991446277, 
          224.1243812407571
        ], 
        [
          303.05551033242705, 
          250.88445224191605
        ], 
        [
          299.9022040661647, 
          275.26295753286496
        ], 
        [
          309.94627833667545, 
          247.76368521855707
        ], 
        [
          344.6265544054504, 
          231.03482128440348
        ], 
        [
          336.8352810578913, 
          257.93966945701465
        ], 
        [
          332.5880998812026, 
          281.7753941243687
        ], 
        [
          340.4084096582333, 
          254.17954037336708
        ]
      ], 
      "projected_cuboid_centroid": [
        322.7934991547027, 
        252.6256400447611
      ], 
      "quaternion_xyzw": [
        0.3214659634690196, 
        -0.7090069108662431, 
        -0.13218562476544915, 
        0.6135925319625479
      ], 
      "visibility": 0.8636099825885084
    }
  ]
}