{
  "camera_data": {
    "location_worldframe": [
      -9.815476673198617, 
      6.887900160778757, 
      83.4890436505493
    ], 
    "quaternion_xyzw_worldframe": [
      0.9333446705409547, 
      -0.0240732647080469, 
      0.14594519878074488, 
      -0.3270917315962624
    ]
  }, 
  "objects": [
    {
      "bounding_box": {
        "bottom_right": [
          508, 
          469
        ], 
        "top_left": [
          346, 
          330
        ]
      }, 
      "class": "003_cracker_box", 
      "cuboid": [
        [
          -0.69302333865469, 
          28.0263815425853, 
          70.64924784986275
        ], 
        [
          -13.893077729155445, 
          23.676669023827994, 
          61.936229958274104
        ], 
        [
          -19.18724807822142, 
          9.532209437540503, 
          77.01799280196535
        ], 
        [
          -5.987193687720661, 
          13.881921956297806, 
          85.73101069355398
        ], 
        [
          -4.565731072182418, 
          33.05502308531364, 
          74.00592724777431
        ], 
        [
          -17.765785462683176, 
          28.705310566556335, 
          65.29290935618567
        ], 
        [
          -23.059955811749145, 
          14.560850980268844, 
          80.37467219987691
        ], 
        [
          -9.85990142124839, 
          18.910563499026146, 
          89.08769009146556
        ]
      ], 
      "cuboid_centroid": [
        -11.876489575201918, 
        21.29361626142707, 
        75.51196002486982
      ], 
      "location": [
        -11.876489575201918, 
        21.29361626142707, 
        75.51196002486982
      ], 
      "pose_transform_permuted": [
        [
          0.5393743490414306, 
          -0.7003679196315408, 
          -0.46750410559386585, 
          0.0
        ], 
        [
          0.80470468879041, 
          0.26516815425042795, 
          0.5311649591324245, 
          0.0
        ], 
        [
          0.24804369662392584, 
          0.6626994998658203, 
          -0.7066142493912282, 
          0.0
        ], 
        [
          -11.876489575201918, 
          21.29361626142707, 
          75.51196002486982, 
          1.0
        ]
      ], 
      "projected_cuboid": [
        [
          476.3219525815418, 
          484.8530949793397
        ], 
        [
          360.96981580474704, 
          477.1612533649187
        ], 
        [
          347.6256262994508, 
          339.2933732543409
        ], 
        [
          444.0412616243348, 
          359.64386389481996
        ], 
        [
          448.4201875126455, 
          511.49571647804316
        ], 
        [
          335.27489929249117, 
          507.7546359281804
        ], 
        [
          327.3094788855678, 
          369.9038772858192
        ], 
        [
          422.07930410272826, 
          386.4938041309732
        ]
      ], 
      "projected_cuboid_centroid": [
        397.0177686942336, 
        423.6773177335489
      ], 
      "quaternion_xyzw": [
        0.8565787024917932, 
        0.004997923009493158, 
        0.3124462775748594, 
        0.41064007455761165
      ], 
      "visibility": 0.9411859145884619
    }, 
    {
      "bounding_box": {
        "bottom_right": [
          502, 
          357
        ], 
        "top_left": [
          376, 
          278
        ]
      }, 
      "class": "004_sugar_box", 
      "cuboid": [
        [
          -15.615732808415078, 
          27.268872076484374, 
          69.59464685561723
        ], 
        [
          -23.64523723787586, 
          25.90873074475776, 
          65.1711509389147
        ], 
        [
          -28.661214081006957, 
          14.623337526569102, 
          77.74615973596467
        ], 
        [
          -20.631709651546178, 
          15.983478858295713, 
          82.16965565266719
        ], 
        [
          -17.467687681482886, 
          30.67187849296425, 
          71.90994246696214
        ], 
        [
          -25.49719211094367, 
          29.311737161237637, 
          67.48644655025961
        ], 
        [
          -30.513168954074764, 
          18.026343943048982, 
          80.06145534730958
        ], 
        [
          -22.48366452461398, 
          19.38648527477559, 
          84.4849512640121
        ]
      ], 
      "cuboid_centroid": [
        -23.064450881244923, 
        22.647608009766675, 
        74.8280511014634
      ], 
      "location": [
        -23.064450881244923, 
        22.647608009766675, 
        74.8280511014634
      ], 
      "pose_transform_permuted": [
        [
          0.41032366755361627, 
          -0.7539784547803002, 
          -0.5129825788595491, 
          0.0
        ], 
        [
          0.8663966529174105, 
          0.1467614729719628, 
          0.47730244003144146, 
          0.0
        ], 
        [
          0.28458959555822205, 
          0.6402951193999107, 
          -0.7134635544807678, 
          0.0
        ], 
        [
          -23.064450881244923, 
          22.647608009766675, 
          74.8280511014634, 
          1.0
        ]
      ], 
      "projected_cuboid": [
        [
          360.93291466482657, 
          482.25409721841567
        ], 
        [
          286.48684630597813, 
          485.3072447238862
        ], 
        [
          283.3497255364836, 
          373.59904602976644
        ], 
        [
          346.5716635727863, 
          377.0268082140803
        ], 
        [
          350.9684858027683, 
          500.7643093683208
        ], 
        [
          278.4233479496326, 
          504.9259892186746
        ], 
        [
          276.6434586249641, 
          393.36682126009345
        ], 
        [
          338.4839396132297, 
          395.66563735011806
        ]
      ], 
      "projected_cuboid_centroid": [
        315.84062359450303, 
        434.7021125660851
      ], 
      "quaternion_xyzw": [
        0.8688605111260481, 
        -0.03965772434738496, 
        0.25539948479034036, 
        0.4222317594337597
      ], 
      "visibility": 0.6351688193972355
    }, 
    {
      "bounding_box": {
        "bottom_right": [
          397, 
          342
        ], 
        "top_left": [
          301, 
          203
        ]
      }, 
      "class": "024_bowl", 
      "cuboid": [
        [
          -33.591248933881275, 
          6.304977340715891, 
          59.58921969264106
        ], 
        [
          -32.626358919022856, 
          18.309263606730035, 
          70.29923556044326
        ], 
        [
          -34.149648704200324, 
          14.859030168859574, 
          74.30365511552144
        ], 
        [
          -35.11453871905874, 
          2.8547439028454296, 
          63.59363924771924
        ], 
        [
          -18.10651144877948, 
          2.62999355707422, 
          62.313257559608545
        ], 
        [
          -17.14162143392106, 
          14.634279823088365, 
          73.02327342741076
        ], 
        [
          -18.664911219098528, 
          11.184046385217904, 
          77.02769298248893
        ], 
        [
          -19.629801233956947, 
          -0.8202398807962406, 
          66.31767711468672
        ]
      ], 
      "cuboid_centroid": [
        -26.1280800764899, 
        8.744511862966897, 
        68.30845633756499
      ], 
      "location": [
        -26.1280800764899, 
        8.744511862966897, 
        68.30845633756499
      ], 
      "pose_transform_permuted": [
        [
          -0.959027027664908, 
          0.22760532932079214, 
          -0.16870973378256848, 
          0.0
        ], 
        [
          -0.05987007203389143, 
          -0.7448491251794928, 
          -0.6645414623588214, 
          0.0
        ], 
        [
          0.27691647600471164, 
          0.627212559491691, 
          -0.7279571900414293, 
          0.0
        ], 
        [
          -26.1280800764899, 
          8.744511862966897, 
          68.30845633756499, 
          1.0
        ]
      ], 
      "projected_cuboid": [
        [
          178.4522203520928, 
          329.7156690322883
        ], 
        [
          232.01708832818312, 
          412.18831631608305
        ], 
        [
          234.44297868431275, 
          379.9382466176134
        ], 
        [
          184.65958212330517, 
          297.22746739412804
        ], 
        [
          325.3376994782598, 
          295.79582609335716
        ], 
        [
          355.3613255980014, 
          380.166819416884
        ], 
        [
          351.2891595598618, 
          350.7219475773989
        ], 
        [
          322.4207945408815, 
          266.6902576176027
        ]
      ], 
      "projected_cuboid_centroid": [
        275.9015802346976, 
        341.5594820916943
      ], 
      "quaternion_xyzw": [
        0.6587966722062977, 
        -0.3877393603713611, 
        -0.616111373402369, 
        0.18987340169955938
      ], 
      "visibility": 0.7754685830824511
    }, 
    {
      "bounding_box": {
        "bottom_right": [
          335, 
          480
        ], 
        "top_left": [
          247, 
          390
        ]
      }, 
      "class": "025_mug", 
      "cuboid": [
        [
          0.7351120718119074, 
          0.22320905870272106, 
          63.90032644344969
        ], 
        [
          -10.361365103259288, 
          3.336009139550531, 
          61.88900213263899
        ], 
        [
          -12.91922534120043, 
          -2.5802278178053513, 
          66.84453059445448
        ], 
        [
          -1.8227481661292344, 
          -5.693027898653162, 
          68.85585490526518
        ], 
        [
          1.0802023983698499, 
          6.108332184377481, 
          71.1044977108726
        ], 
        [
          -10.016274776701346, 
          9.221132265225291, 
          69.09317340006189
        ], 
        [
          -12.574135014642488, 
          3.3048953078694083, 
          74.04870186187738
        ], 
        [
          -1.4776578395712918, 
          0.1920952270215985, 
          76.06002617268808
        ]
      ], 
      "cuboid_centroid": [
        -5.919511471415291, 
        1.7640521832860647, 
        68.97451415266353
      ], 
      "location": [
        -5.919511471415291, 
        1.7640521832860647, 
        68.97451415266353
      ], 
      "pose_transform_permuted": [
        [
          -0.03707140942560918, 
          -0.6322107347607103, 
          -0.7739097913600956, 
          0.0
        ], 
        [
          0.9484978916965003, 
          -0.2660740221761327, 
          0.17192274973607835, 
          0.0
        ], 
        [
          0.3146083630120043, 
          0.7276776098771685, 
          -0.6095136372603635, 
          0.0
        ], 
        [
          -5.919511471415291, 
          1.7640521832860647, 
          68.97451415266353, 
          1.0
        ]
      ], 
      "projected_cuboid": [
        [
          487.78352923179466, 
          275.149466839126
        ], 
        [
          391.5654134628628, 
          302.0341173970344
        ], 
        [
          377.6619458437687, 
          252.70017119808165
        ], 
        [
          467.36141146412723, 
          229.19147489538773
        ], 
        [
          489.7666505084362, 
          319.10210913826455
        ], 
        [
          403.63868476093154, 
          344.46304029058444
        ], 
        [
          390.2799062637272, 
          297.08932376564644
        ], 
        [
          471.1496467674247, 
          274.6334760717763
        ]
      ], 
      "projected_cuboid_centroid": [
        435.4452359048201, 
        286.9264104276545
      ], 
      "quaternion_xyzw": [
        0.9287202610223604, 
        -0.15631251130154794, 
        0.03630031182964103, 
        0.33425683279864865
      ], 
      "visibility": 0.8835192069392813
    }, 
    {
      "bounding_box": {
        "bottom_right": [
          373, 
          400
        ], 
        "top_left": [
          307, 
          350
        ]
      }, 
      "class": "061_foam_brick", 
      "cuboid": [
        [
          -17.342405660390103, 
          4.61999189659091, 
          73.84278751986128
        ], 
        [
          -15.126856452777766, 
          9.689230809061879, 
          68.36211660139683
        ], 
        [
          -16.790817802861017, 
          13.560139144991556, 
          71.26978450364948
        ], 
        [
          -19.00636701047335, 
          8.49090023252059, 
          76.7504554221139
        ], 
        [
          -12.602063882404543, 
          4.973003365865737, 
          76.08557131941625
        ], 
        [
          -10.386514674792208, 
          10.042242278336706, 
          70.6049004009518
        ], 
        [
          -12.050476024875456, 
          13.913150614266383, 
          73.51256830320445
        ], 
        [
          -14.266025232487795, 
          8.843911701795417, 
          78.99323922166887
        ]
      ], 
      "cuboid_centroid": [
        -14.69644084263278, 
        9.266571255428648, 
        73.67767791153285
      ], 
      "location": [
        -14.69644084263278, 
        9.266571255428648, 
        73.67767791153285
      ], 
      "pose_transform_permuted": [
        [
          -0.9018915030709065, 
          -0.06716352101532246, 
          -0.4267092430840054, 
          0.0
        ], 
        [
          -0.28450436260900897, 
          -0.6509539850209862, 
          0.7037870253434195, 
          0.0
        ], 
        [
          0.32503689689778603, 
          -0.7561401793517666, 
          -0.5679815532435324, 
          0.0
        ], 
        [
          -14.69644084263278, 
          9.266571255428648, 
          73.67767791153285, 
          1.0
        ]
      ], 
      "projected_cuboid": [
        [
          355.3000797848356, 
          306.6538069497312
        ], 
        [
          362.6031071334441, 
          348.8760134575693
        ], 
        [
          354.9024578163292, 
          374.75854055468994
        ], 
        [
          348.4259988916802, 
          332.28766504772386
        ], 
        [
          392.52713917325246, 
          308.144659386057
        ], 
        [
          402.48791618625035, 
          349.14139275174216
        ], 
        [
          393.44462723874267, 
          374.2237771157462
        ], 
        [
          384.4779343159504, 
          332.99584157345856
        ]
      ], 
      "projected_cuboid_centroid": [
        374.32961308165824, 
        340.3630808293924
      ], 
      "quaternion_xyzw": [
        0.3106705252849187, 
        -0.785390632908997, 
        -0.1594168593446415, 
        0.5111082501923522
      ], 
      "visibility": 0.9780334728033473
    }
  ]
}