{
  "camera_data": {
    "location_worldframe": [
      -16.580759866491928, 
      -0.47370647846844555, 
      90.60064051544167
    ], 
    "quaternion_xyzw_worldframe": [
      0.8832912674623724, 
      0.027632345007953623, 
      0.008797474618715514, 
      -0.46792790681655294
    ]
  }, 
  "objects": [
    {
      "bounding_box": {
        "bottom_right": [
          437, 
          399
        ], 
        "top_left": [
          287, 
          269
        ]
      }, 
      "class": "003_cracker_box", 
      "cuboid": [
        [
          -14.850565684896571, 
          24.84473802920798, 
          83.46637504108992
        ], 
        [
          -28.611597793788164, 
          19.750096425132107, 
          76.13447638445055
        ], 
        [
          -27.511913792657865, 
          1.3339596726027414, 
          86.86714377686474
        ], 
        [
          -13.750881683766272, 
          6.428601276678618, 
          94.19904243350409
        ], 
        [
          -18.740952639338477, 
          27.708214853588213, 
          88.77841677246667
        ], 
        [
          -32.50198474823007, 
          22.613573249512335, 
          81.44651811582732
        ], 
        [
          -31.40230074709977, 
          4.197436496982973, 
          92.17918550824149
        ], 
        [
          -17.641268638208178, 
          9.29207810105885, 
          99.51108416488084
        ]
      ], 
      "cuboid_centroid": [
        -23.126433215998173, 
        14.521087263095477, 
        87.8227802746657
      ], 
      "location": [
        -23.126433215998173, 
        14.521087263095477, 
        87.8227802746657
      ], 
      "pose_transform_permuted": [
        [
          0.5418366361357004, 
          -0.39881293772158916, 
          -0.739838698938508, 
          0.0
        ], 
        [
          0.8389031388074728, 
          0.3105806889293452, 
          0.4469688572631686, 
          0.0
        ], 
        [
          -0.051522649777726304, 
          0.8628371088276446, 
          -0.5028494209898552, 
          0.0
        ], 
        [
          -23.126433215998173, 
          14.521087263095477, 
          87.8227802746657, 
          1.0
        ]
      ], 
      "projected_cuboid": [
        [
          385.91662454606455, 
          432.03531943037837
        ], 
        [
          279.5035036530481, 
          411.6353346534332
        ], 
        [
          311.2804608199882, 
          281.47636425668446
        ], 
        [
          403.09595920247267, 
          309.6828628769026
        ], 
        [
          368.0761216085536, 
          439.73840920600946
        ], 
        [
          266.9973746025899, 
          421.36237643887364
        ], 
        [
          298.3992319147077, 
          297.57157663322687
        ], 
        [
          386.2625686119994, 
          323.08649002938375
        ]
      ], 
      "projected_cuboid_centroid": [
        339.98729991449954, 
        361.46844456791956
      ], 
      "quaternion_xyzw": [
        0.9275746528681164, 
        0.09759412290628748, 
        0.2665029413916776, 
        0.24301611625637096
      ], 
      "visibility": 0.9005900728913572
    }, 
    {
      "bounding_box": {
        "bottom_right": [
          409, 
          313
        ], 
        "top_left": [
          296, 
          234
        ]
      }, 
      "class": "004_sugar_box", 
      "cuboid": [
        [
          -29.1912714920239, 
          20.69666725733757, 
          84.69548347259168
        ], 
        [
          -37.607359219861195, 
          18.571454612530488, 
          81.44845706035174
        ], 
        [
          -37.36199398020229, 
          3.540842286857228, 
          90.65016663196592
        ], 
        [
          -28.945906252365, 
          5.666054931664311, 
          93.89719304420585
        ], 
        [
          -31.080133858265018, 
          22.814461037685067, 
          88.2051745922937
        ], 
        [
          -39.496221586102315, 
          20.689248392877985, 
          84.95814818005375
        ], 
        [
          -39.25085634644341, 
          5.658636067204724, 
          94.15985775166794
        ], 
        [
          -30.834768618606116, 
          7.783848712011807, 
          97.40688416390788
        ]
      ], 
      "cuboid_centroid": [
        -34.22106391923366, 
        13.177651662271147, 
        89.4276706121298
      ], 
      "location": [
        -34.22106391923366, 
        13.177651662271147, 
        89.4276706121298
      ], 
      "pose_transform_permuted": [
        [
          0.41850098233558825, 
          -0.4692235883884872, 
          -0.7776157794984052, 
          0.0
        ], 
        [
          0.9081096227189199, 
          0.22931391823421207, 
          0.3503594574501067, 
          0.0
        ], 
        [
          -0.013921195512335038, 
          0.8527862102500507, 
          -0.5220739423899005, 
          0.0
        ], 
        [
          -34.22106391923366, 
          13.177651662271147, 
          89.4276706121298, 
          1.0
        ]
      ], 
      "projected_cuboid": [
        [
          296.2505216897078, 
          403.6115270144945
        ], 
        [
          233.29421200537004, 
          394.8913023970158
        ], 
        [
          259.95449806762565, 
          294.1182761090468
        ], 
        [
          315.8193036416712, 
          305.4687359408288
        ], 
        [
          292.1095732093289, 
          411.23081287384696
        ], 
        [
          231.59577712005014, 
          403.16203039011396
        ], 
        [
          257.4283127315143, 
          305.3369414202125
        ], 
        [
          311.36444947346354, 
          315.904459560489
        ]
      ], 
      "projected_cuboid_centroid": [
        275.8122521469182, 
        351.8740673623442
      ], 
      "quaternion_xyzw": [
        0.9405465980571319, 
        0.06465259516354452, 
        0.20436532367825114, 
        0.2634897443747314
      ], 
      "visibility": 0.5505780346820809
    }, 
    {
      "bounding_box": {
        "bottom_right": [
          320, 
          290
        ], 
        "top_left": [
          249, 
          173
        ]
      }, 
      "class": "024_bowl", 
      "cuboid": [
        [
          -44.62997803123291, 
          -0.7613911687623105, 
          71.89271194812207
        ], 
        [
          -43.55461720428707, 
          7.9182442130932635, 
          85.42954577718548
        ], 
        [
          -43.433272700150916, 
          3.2842417443325154, 
          88.3911661359339
        ], 
        [
          -44.508633527096755, 
          -5.395393637523059, 
          74.8543323068705
        ], 
        [
          -28.523599506921716, 
          -1.0422636264391196, 
          70.79331912144694
        ], 
        [
          -27.44823867997588, 
          7.637371755416454, 
          84.33015295051034
        ], 
        [
          -27.326894175839723, 
          3.0033692866557065, 
          87.29177330925879
        ], 
        [
          -28.40225500278556, 
          -5.6762660951998685, 
          73.75493948019538
        ]
      ], 
      "cuboid_centroid": [
        -35.97843610353632, 
        1.120989058946698, 
        79.59224262869043
      ], 
      "location": [
        -35.97843610353632, 
        1.120989058946698, 
        79.59224262869043
      ], 
      "pose_transform_permuted": [
        [
          -0.997527554953866, 
          0.01739546947424127, 
          0.06808946136909219, 
          0.0
        ], 
        [
          -0.0667246309737377, 
          -0.5385592010876559, 
          -0.8399415518625355, 
          0.0
        ], 
        [
          -0.022059028291855524, 
          0.8424080867166439, 
          -0.5383883493401607, 
          0.0
        ], 
        [
          -35.97843610353632, 
          1.120989058946698, 
          79.59224262869043, 
          1.0
        ]
      ], 
      "projected_cuboid": [
        [
          147.760778165649, 
          267.63833234624485
        ], 
        [
          207.4283874124367, 
          322.71855432608965
        ], 
        [
          217.35288887433904, 
          293.10243717917905
        ], 
        [
          161.84080575199783, 
          234.84562217696774
        ], 
        [
          264.92456858620835, 
          265.4346727248654
        ], 
        [
          306.56270003745806, 
          321.5866984651017
        ], 
        [
          313.2487832373812, 
          291.6359837006042
        ], 
        [
          274.5097760557451, 
          232.24164133863653
        ]
      ], 
      "projected_cuboid_centroid": [
        238.50920381005906, 
        280.79789082075536
      ], 
      "quaternion_xyzw": [
        -0.6533746999949215, 
        0.19762785917476425, 
        0.7030686629091559, 
        -0.1993468984450916
      ], 
      "visibility": 0.7223654527876249
    }, 
    {
      "bounding_box": {
        "bottom_right": [
          307, 
          413
        ], 
        "top_left": [
          232, 
          327
        ]
      }, 
      "class": "025_mug", 
      "cuboid": [
        [
          -9.715420978300044, 
          0.9896521595573461, 
          68.4607007238287
        ], 
        [
          -21.36255075270738, 
          1.653626786319674, 
          69.33834600330681
        ], 
        [
          -21.539787858852787, 
          -5.785407114337329, 
          72.61418676582386
        ], 
        [
          -9.892658084445449, 
          -6.449381741099658, 
          71.73654148634576
        ], 
        [
          -8.863591462858867, 
          4.7084783472232505, 
          76.95178801879575
        ], 
        [
          -20.510721237266203, 
          5.372452973985578, 
          77.82943329827387
        ], 
        [
          -20.687958343411612, 
          -2.0665809266714246, 
          81.10527406079092
        ], 
        [
          -9.040828569004274, 
          -2.7305555534337524, 
          80.2276287813128
        ]
      ], 
      "cuboid_centroid": [
        -15.201689660855827, 
        -0.5384643835570392, 
        74.7829873923098
      ], 
      "location": [
        -15.201689660855827, 
        -0.5384643835570392, 
        74.7829873923098
      ], 
      "pose_transform_permuted": [
        [
          -0.09150798587347822, 
          -0.3994957771222618, 
          -0.9121570480401745, 
          0.0
        ], 
        [
          0.9955662379191093, 
          -0.05675481719899977, 
          -0.0750188266157579, 
          0.0
        ], 
        [
          0.021799578805084846, 
          0.9149766055084824, 
          -0.40291759670693983, 
          0.0
        ], 
        [
          -15.201689660855827, 
          -0.5384643835570392, 
          74.7829873923098, 
          1.0
        ]
      ], 
      "projected_cuboid": [
        [
          405.2816974417948, 
          280.9960833357649
        ], 
        [
          315.91657935936774, 
          286.0054965265178
        ], 
        [
          322.07833897541786, 
          230.79524188465177
        ], 
        [
          407.4379941324271, 
          225.3391249809138
        ], 
        [
          419.6554212240276, 
          305.91896633902087
        ], 
        [
          339.87783264444573, 
          310.10081581013065
        ], 
        [
          344.4267096146067, 
          259.6974330660663
        ], 
        [
          420.9965955596509, 
          255.13495140578732
        ]
      ], 
      "projected_cuboid_centroid": [
        372.28180911293043, 
        269.44644532660936
      ], 
      "quaternion_xyzw": [
        0.9775862994472363, 
        -0.020088864801118378, 
        -0.04258621785703129, 
        0.20520269522059484
      ], 
      "visibility": 0.851883932438285
    }, 
    {
      "bounding_box": {
        "bottom_right": [
          323, 
          348
        ], 
        "top_left": [
          261, 
          304
        ]
      }, 
      "class": "061_foam_brick", 
      "cuboid": [
        [
          -25.537970551547275, 
          -1.9723219113979784, 
          82.09353885302764
        ], 
        [
          -25.645652347202326, 
          4.726519545129937, 
          78.1239641993965
        ], 
        [
          -27.309045753201737, 
          7.174872396472964, 
          82.3007957786835
        ], 
        [
          -27.201363957546683, 
          0.47603093994504875, 
          86.27037043231464
        ], 
        [
          -20.567695262265087, 
          -1.0424786173208578, 
          83.52786497992896
        ], 
        [
          -20.67537705792014, 
          5.656362839207057, 
          79.55829032629784
        ], 
        [
          -22.33877046391955, 
          8.104715690550085, 
          83.73512190558483
        ], 
        [
          -22.231088668264494, 
          1.4058742340221693, 
          87.70469655921596
        ]
      ], 
      "cuboid_centroid": [
        -23.93837050773341, 
        3.0661968895760534, 
        82.91433037930624
      ], 
      "location": [
        -23.93837050773341, 
        3.0661968895760534, 
        82.91433037930624
      ], 
      "pose_transform_permuted": [
        [
          -0.9456383656015259, 
          -0.17691082318372284, 
          -0.2728930965468568, 
          0.0
        ], 
        [
          0.01382769587431143, 
          -0.860215432029237, 
          0.5097432739385196, 
          0.0
        ], 
        [
          0.32492595514868017, 
          -0.47825931369834357, 
          -0.8158989842691968, 
          0.0
        ], 
        [
          -23.93837050773341, 
          3.0661968895760534, 
          82.91433037930624, 
          1.0
        ]
      ], 
      "projected_cuboid": [
        [
          314.3073914637071, 
          260.47337491936696
        ], 
        [
          305.0659728199057, 
          305.5525073224847
        ], 
        [
          303.1562408169542, 
          319.7806200809939
        ], 
        [
          312.0381035052259, 
          276.22934002570435
        ], 
        [
          349.17938496552705, 
          266.6303848307713
        ], 
        [
          341.84452048615964, 
          311.20400779254203
        ], 
        [
          338.13293261446495, 
          324.9064973896095
        ], 
        [
          345.2864719302903, 
          281.83545599717144
        ]
      ], 
      "projected_cuboid_centroid": [
        326.3380897977503, 
        293.00885666372534
      ], 
      "quaternion_xyzw": [
        0.4495724298494138, 
        -0.6590380706702171, 
        -0.24239425213919996, 
        0.5520855714981597
      ], 
      "visibility": 0.7148418491484185
    }
  ]
}