{
  "camera_data": {
    "location_worldframe": [
      -13.543711554604807, 
      2.3468302741923965, 
      85.89309370175481
    ], 
    "quaternion_xyzw_worldframe": [
      0.9066845182964874, 
      0.018515775550150198, 
      0.04307648152154042, 
      -0.4192022423920085
    ]
  }, 
  "objects": [
    {
      "bounding_box": {
        "bottom_right": [
          470, 
          413
        ], 
        "top_left": [
          307, 
          281
        ]
      }, 
      "class": "003_cracker_box", 
      "cuboid": [
        [
          -10.106095679374642, 
          26.645481382952074, 
          76.26632214245174
        ], 
        [
          -23.722177048331048, 
          21.45256724298722, 
          68.73544659069367
        ], 
        [
          -24.156543416500107, 
          4.260024486408173, 
          81.37591124068973
        ], 
        [
          -10.5404620475437, 
          9.452938626373026, 
          88.90678679244782
        ], 
        [
          -14.10745774766836, 
          30.242207490367935, 
          81.02080007820832
        ], 
        [
          -27.723539116624764, 
          25.049293350403083, 
          73.48992452645024
        ], 
        [
          -28.157905484793822, 
          7.856750593824035, 
          86.13038917644631
        ], 
        [
          -14.541824115837418, 
          13.049664733788887, 
          93.66126472820439
        ]
      ], 
      "cuboid_centroid": [
        -19.13200058208423, 
        17.251115988388054, 
        81.19835565944904
      ], 
      "location": [
        -19.13200058208423, 
        17.251115988388054, 
        81.19835565944904
      ], 
      "pose_transform_permuted": [
        [
          0.5572927804957329, 
          -0.5009367957391869, 
          -0.6621835723437202, 
          0.0
        ], 
        [
          0.8300666191524156, 
          0.31657160139604623, 
          0.45909893155878856, 
          0.0
        ], 
        [
          0.020351033787337658, 
          0.8055089992446383, 
          -0.5922339804162605, 
          0.0
        ], 
        [
          -19.13200058208423, 
          17.251115988388054, 
          81.19835565944904, 
          1.0
        ]
      ], 
      "projected_cuboid": [
        [
          410.33763946061856, 
          459.6146134064931
        ], 
        [
          296.0023887167208, 
          439.7373983084263
        ], 
        [
          321.96113204956197, 
          301.20578888444766
        ], 
        [
          417.8417426024174, 
          329.9912898889457
        ], 
        [
          387.9608281357374, 
          472.35593099371636
        ], 
        [
          278.7295075975811, 
          455.07035085717825
        ], 
        [
          305.79026581369027, 
          321.9355571237259
        ], 
        [
          398.1039646114737, 
          347.59304853885374
        ]
      ], 
      "projected_cuboid_centroid": [
        354.8888196756983, 
        386.59373384080794
      ], 
      "quaternion_xyzw": [
        0.9079866726363297, 
        0.08155972343422048, 
        0.2798476405780932, 
        0.3009875610237311
      ], 
      "visibility": 0.9200237670825906
    }, 
    {
      "bounding_box": {
        "bottom_right": [
          443, 
          321
        ], 
        "top_left": [
          322, 
          239
        ]
      }, 
      "class": "004_sugar_box", 
      "cuboid": [
        [
          -24.69114023801641, 
          23.336605039100196, 
          77.10409304312552
        ], 
        [
          -33.029712129950326, 
          21.27692268864486, 
          73.62326420959211
        ], 
        [
          -34.0573787695401, 
          7.323175873191391, 
          84.34183786068704
        ], 
        [
          -25.71880687760618, 
          9.382858223646728, 
          87.82266669422046
        ], 
        [
          -26.643196494646016, 
          25.90503275443874, 
          80.2605845657547
        ], 
        [
          -34.98176838657994, 
          23.8453504039834, 
          76.77975573222129
        ], 
        [
          -36.00943502616971, 
          9.891603588529934, 
          87.49832938331622
        ], 
        [
          -27.67086313423579, 
          11.95128593898527, 
          90.97915821684963
        ]
      ], 
      "cuboid_centroid": [
        -30.35028763209306, 
        16.614104313815066, 
        82.30121121322087
      ], 
      "location": [
        -30.35028763209306, 
        16.614104313815066, 
        82.30121121322087
      ], 
      "pose_transform_permuted": [
        [
          0.43250237580811496, 
          -0.5690671491677749, 
          -0.6993600097941911, 
          0.0
        ], 
        [
          0.899745537318037, 
          0.22224309235824244, 
          0.3755871208796736, 
          0.0
        ], 
        [
          0.05830633642777503, 
          0.7916884959646023, 
          -0.6081356903597644, 
          0.0
        ], 
        [
          -30.35028763209306, 
          16.614104313815066, 
          82.30121121322087, 
          1.0
        ]
      ], 
      "projected_cuboid": [
        [
          309.38822447321314, 
          434.70298140061135
        ], 
        [
          240.3392154388079, 
          427.4144438994446
        ], 
        [
          264.4470364673373, 
          319.5932489002861
        ], 
        [
          324.1132503938551, 
          330.2657009373073
        ], 
        [
          303.0816437255429, 
          445.4216070864135
        ], 
        [
          236.5853972219162, 
          438.91864004718127
        ], 
        [
          260.2833755034151, 
          333.57781371103647
        ], 
        [
          318.03879017967165, 
          343.3449443270584
        ]
      ], 
      "projected_cuboid_centroid": [
        283.28537503673255, 
        380.94749529651307
      ], 
      "quaternion_xyzw": [
        0.9207054419135403, 
        0.04451389892671614, 
        0.21942128825922397, 
        0.3196469755519501
      ], 
      "visibility": 0.5679196634550142
    }, 
    {
      "bounding_box": {
        "bottom_right": [
          345, 
          304
        ], 
        "top_left": [
          264, 
          176
        ]
      }, 
      "class": "024_bowl", 
      "cuboid": [
        [
          -40.56742114953775, 
          1.386449364828431, 
          65.75280584386618
        ], 
        [
          -39.731575244595604, 
          11.404745058775214, 
          78.34937102639127
        ], 
        [
          -40.00926020122028, 
          7.113932350013608, 
          81.78036445129202
        ], 
        [
          -40.845106106162426, 
          -2.9043633439331757, 
          69.18379926876693
        ], 
        [
          -24.46346446175124, 
          0.2270993584434576, 
          65.60628057706815
        ], 
        [
          -23.62761855680909, 
          10.245395052390242, 
          78.20284575959323
        ], 
        [
          -23.90530351343376, 
          5.954582343628633, 
          81.63383918449398
        ], 
        [
          -24.74114941837591, 
          -4.0637133503181495, 
          69.0372740019689
        ]
      ], 
      "cuboid_centroid": [
        -32.23636233148576, 
        3.6705158542285323, 
        73.69332251418008
      ], 
      "location": [
        -32.23636233148576, 
        3.6705158542285323, 
        73.69332251418008
      ], 
      "pose_transform_permuted": [
        [
          -0.9973775616662182, 
          0.07180283112428651, 
          0.009074851364469536, 
          0.0
        ], 
        [
          -0.05186306601531425, 
          -0.6216211958017086, 
          -0.7815992011981238, 
          0.0
        ], 
        [
          0.050479915493601785, 
          0.7800201551066429, 
          -0.6237149475194322, 
          0.0
        ], 
        [
          -32.23636233148576, 
          3.6705158542285323, 
          73.69332251418008, 
          1.0
        ]
      ], 
      "projected_cuboid": [
        [
          149.8135184118835, 
          284.5319987317186
        ], 
        [
          208.8927543312921, 
          350.9179701325674
        ], 
        [
          218.50774856924207, 
          319.67908539881284
        ], 
        [
          164.10903576446643, 
          250.89757027027244
        ], 
        [
          281.0740273555014, 
          275.13264987984144
        ], 
        [
          319.1211008258521, 
          343.15701092511574
        ], 
        [
          324.1205594448904, 
          312.18824106421147
        ], 
        [
          288.8765408182177, 
          241.8939614139294
        ]
      ], 
      "projected_cuboid_centroid": [
        246.35790310613766, 
        299.85011143171045
      ], 
      "quaternion_xyzw": [
        -0.6555688822936266, 
        0.2563045354379249, 
        0.6784095504351384, 
        -0.21047068100005786
      ], 
      "visibility": 0.7264247380526451
    }, 
    {
      "bounding_box": {
        "bottom_right": [
          320, 
          438
        ], 
        "top_left": [
          237, 
          348
        ]
      }, 
      "class": "025_mug", 
      "cuboid": [
        [
          -5.4787347497376135, 
          1.104537349737256, 
          64.14753295487972
        ], 
        [
          -17.103899237645194, 
          2.4094213460738025, 
          64.28747547399922
        ], 
        [
          -17.844472038080994, 
          -4.619306098108067, 
          68.30622073974405
        ], 
        [
          -6.21930755017341, 
          -5.924190094444613, 
          68.16627822062455
        ], 
        [
          -4.869253869345387, 
          5.666623563326681, 
          72.23887076913583
        ], 
        [
          -16.49441835725297, 
          6.971507559663228, 
          72.37881328825534
        ], 
        [
          -17.234991157688768, 
          -0.05721988451864186, 
          76.39755855400017
        ], 
        [
          -5.609826669781183, 
          -1.3621038808551884, 
          76.25761603488066
        ]
      ], 
      "cuboid_centroid": [
        -11.35686295371319, 
        0.523658732609307, 
        70.27254575443995
      ], 
      "location": [
        -11.35686295371319, 
        0.523658732609307, 
        70.27254575443995
      ], 
      "pose_transform_permuted": [
        [
          -0.0654736268021911, 
          -0.49008318357050323, 
          -0.8692138661349534, 
          0.0
        ], 
        [
          0.9936887025890379, 
          -0.1115380764459399, 
          -0.01196192108985226, 
          0.0
        ], 
        [
          0.09108800902423766, 
          0.8645102662260824, 
          -0.49429239747512593, 
          0.0
        ], 
        [
          -11.35686295371319, 
          0.523658732609307, 
          70.27254575443995, 
          1.0
        ]
      ], 
      "projected_cuboid": [
        [
          435.66753330337895, 
          282.4696097509011
        ], 
        [
          338.5231420792492, 
          293.2747484142971
        ], 
        [
          341.11037733130763, 
          237.22003662763555
        ], 
        [
          432.53292913148454, 
          226.93683730436524
        ], 
        [
          445.34913919589417, 
          315.12165091446275
        ], 
        [
          359.04594834779067, 
          324.6557348068465
        ], 
        [
          360.27960467771953, 
          272.88709478536754
        ], 
        [
          442.03691648199884, 
          263.760451122895
        ]
      ], 
      "projected_cuboid_centroid": [
        394.6881321047273, 
        277.2607423310974
      ], 
      "quaternion_xyzw": [
        0.9653254418782912, 
        -0.052476107196531535, 
        -0.020054259561773383, 
        0.2549336053782729
      ], 
      "visibility": 0.8557818045955539
    }, 
    {
      "bounding_box": {
        "bottom_right": [
          343, 
          363
        ], 
        "top_left": [
          277, 
          318
        ]
      }, 
      "class": "061_foam_brick", 
      "cuboid": [
        [
          -22.117641625811572, 
          0.3718798271892275, 
          77.09327369540667
        ], 
        [
          -21.664748972107958, 
          6.604754043491649, 
          72.44679520007958
        ], 
        [
          -23.408778459377928, 
          9.56223135990851, 
          76.2440205581461
        ], 
        [
          -23.861671113081538, 
          3.329357143606088, 
          80.89049905347319
        ], 
        [
          -17.185517219798374, 
          1.213537865806432, 
          78.70302430675648
        ], 
        [
          -16.73262456609476, 
          7.4464120821088535, 
          74.05654581142939
        ], 
        [
          -18.476654053364726, 
          10.403889398525715, 
          77.85377116949593
        ], 
        [
          -18.929546707068344, 
          4.171015182223292, 
          82.50024966482302
        ]
      ], 
      "cuboid_centroid": [
        -20.29714783958815, 
        5.387884612857471, 
        77.47352243245129
      ], 
      "location": [
        -20.29714783958815, 
        5.387884612857471, 
        77.47352243245129
      ], 
      "pose_transform_permuted": [
        [
          -0.938379826224736, 
          -0.16013280667765684, 
          -0.3062691397447191, 
          0.0
        ], 
        [
          -0.0581571085532824, 
          -0.8003793822491009, 
          0.5966662343347992, 
          0.0
        ], 
        [
          0.3406773436246617, 
          -0.5777112848959106, 
          -0.7417470046078786, 
          0.0
        ], 
        [
          -20.29714783958815, 
          5.387884612857471, 
          77.47352243245129, 
          1.0
        ]
      ], 
      "projected_cuboid": [
        [
          327.31549231404205, 
          275.85914626383766
        ], 
        [
          320.782192195112, 
          321.90766281787296
        ], 
        [
          316.49036742833835, 
          340.1734257100703
        ], 
        [
          322.9635054583225, 
          295.23734042217797
        ], 
        [
          364.17143178064003, 
          281.5099006089211
        ], 
        [
          360.09257119876366, 
          326.9120121949243
        ], 
        [
          353.97216962309255, 
          344.5560201661909
        ], 
        [
          358.2079989598904, 
          300.24989975817346
        ]
      ], 
      "projected_cuboid_centroid": [
        340.7092479495069, 
        310.3761691958767
      ], 
      "quaternion_xyzw": [
        0.4093900176773751, 
        -0.6968029730838394, 
        -0.2086724010935878, 
        0.5507460931767716
      ], 
      "visibility": 0.81438127090301
    }
  ]
}