{
  "camera_data": {
    "location_worldframe": [
      -13.43833776643859, 
      -0.8526819283300763, 
      96.62626481845123
    ], 
    "quaternion_xyzw_worldframe": [
      0.947938495378464, 
      -0.01820937884066159, 
      0.1252826365620852, 
      -0.29221000859049334
    ]
  }, 
  "objects": [
    {
      "bounding_box": {
        "bottom_right": [
          424, 
          441
        ], 
        "top_left": [
          286, 
          327
        ]
      }, 
      "class": "003_cracker_box", 
      "cuboid": [
        [
          -5.187799661827543, 
          19.375126131317984, 
          81.87230561053883
        ], 
        [
          -18.652822755333055, 
          14.202105709808945, 
          74.06134353809412
        ], 
        [
          -23.10424443427383, 
          1.1686187000490345, 
          90.36676007828318
        ], 
        [
          -9.639221340768318, 
          6.341639121558071, 
          98.1777221507279
        ], 
        [
          -9.00534316298318, 
          24.59068255052314, 
          84.99908196803786
        ], 
        [
          -22.470366256488695, 
          19.417662129014104, 
          77.18811989559315
        ], 
        [
          -26.92178793542947, 
          6.384175119254193, 
          93.4935364357822
        ], 
        [
          -13.456764841923958, 
          11.55719554076323, 
          101.30449850822691
        ]
      ], 
      "cuboid_centroid": [
        -16.054793798628506, 
        12.879650625286088, 
        87.68292102316052
      ], 
      "location": [
        -16.054793798628506, 
        12.879650625286088, 
        87.68292102316052
      ], 
      "pose_transform_permuted": [
        [
          0.5316913081373956, 
          -0.726400632855166, 
          -0.4354841827652977, 
          0.0
        ], 
        [
          0.8208577705416551, 
          0.31535883605089804, 
          0.476173629116529, 
          0.0
        ], 
        [
          0.2085590405437469, 
          0.6106479551363754, 
          -0.7639451560781274, 
          0.0
        ], 
        [
          -16.054793798628506, 
          12.879650625286088, 
          87.68292102316052, 
          1.0
        ]
      ], 
      "projected_cuboid": [
        [
          447.5219081731738, 
          399.49691052666327
        ], 
        [
          346.15776393435834, 
          375.5566391633286
        ], 
        [
          344.10590194158686, 
          280.18340180012535
        ], 
        [
          428.79867163641546, 
          307.73549706136544
        ], 
        [
          424.62292998608643, 
          427.5787051917877
        ], 
        [
          325.04766154543444, 
          407.4499233160115
        ], 
        [
          326.7460558761697, 
          309.704088790746
        ], 
        [
          410.1632825039552, 
          334.1296278658071
        ]
      ], 
      "projected_cuboid_centroid": [
        383.1321649054398, 
        351.6252819775801
      ], 
      "quaternion_xyzw": [
        0.8466094005566156, 
        0.03153750579574656, 
        0.297618044576191, 
        0.4400924995498054
      ], 
      "visibility": 0.9492446646950683
    }, 
    {
      "bounding_box": {
        "bottom_right": [
          410, 
          346
        ], 
        "top_left": [
          312, 
          281
        ]
      }, 
      "class": "004_sugar_box", 
      "cuboid": [
        [
          -20.126244498567726, 
          18.339604012116023, 
          81.49320571995437
        ], 
        [
          -28.303021156647823, 
          16.54113133011422, 
          77.51877979335129
        ], 
        [
          -32.624136342744535, 
          6.1724685183563315, 
          91.10074449181826
        ], 
        [
          -24.447359684664434, 
          7.970941200358139, 
          95.07517041842135
        ], 
        [
          -21.939836541251413, 
          21.882737851245643, 
          83.62108489676983
        ], 
        [
          -30.116613199331514, 
          20.084265169243835, 
          79.64665897016674
        ], 
        [
          -34.43772838542822, 
          9.715602357485952, 
          93.22862366863372
        ], 
        [
          -26.260951727348125, 
          11.51407503948776, 
          97.2030495952368
        ]
      ], 
      "cuboid_centroid": [
        -27.281986441997972, 
        14.027603184800988, 
        87.36091469429404
      ], 
      "location": [
        -27.281986441997972, 
        14.027603184800988, 
        87.36091469429404
      ], 
      "pose_transform_permuted": [
        [
          0.40182390468689333, 
          -0.7850254305045156, 
          -0.47145813358591204, 
          0.0
        ], 
        [
          0.8822875671157149, 
          0.19405814216038778, 
          0.4288470540526664, 
          0.0
        ], 
        [
          0.24516549051771874, 
          0.5882829303964218, 
          -0.7705948335299648, 
          0.0
        ], 
        [
          -27.281986441997972, 
          14.027603184800988, 
          87.36091469429404, 
          1.0
        ]
      ], 
      "projected_cuboid": [
        [
          348.78636409247844, 
          393.3072179983295
        ], 
        [
          285.25308104540187, 
          387.0874684098102
        ], 
        [
          289.01810900965796, 
          309.42124089423595
        ], 
        [
          343.31795467855096, 
          317.99914822181665
        ], 
        [
          340.5028144254663, 
          412.8505324438006
        ], 
        [
          278.2535625831139, 
          407.7721782688956
        ], 
        [
          282.95237766799966, 
          328.8651874954289
        ], 
        [
          336.3115562346177, 
          336.46029360156564
        ]
      ], 
      "projected_cuboid_centroid": [
        313.6584584011788, 
        358.9220365288987
      ], 
      "quaternion_xyzw": [
        0.8576171393894318, 
        -0.014898066401085484, 
        0.24214504368783485, 
        0.4534716578606339
      ], 
      "visibility": 0.6432614078528476
    }, 
    {
      "bounding_box": {
        "bottom_right": [
          321, 
          337
        ], 
        "top_left": [
          234, 
          222
        ]
      }, 
      "class": "024_bowl", 
      "cuboid": [
        [
          -38.139820232966564, 
          -3.5604657620825617, 
          73.83738273260518
        ], 
        [
          -36.94478362815378, 
          9.23112527213763, 
          83.56802647863655
        ], 
        [
          -38.24924386890839, 
          6.0733885000604175, 
          87.87928853018015
        ], 
        [
          -39.44428047372117, 
          -6.718202534159776, 
          78.14864478414877
        ], 
        [
          -22.499828047687735, 
          -6.810563332739458, 
          76.18908282378307
        ], 
        [
          -21.30479144287495, 
          5.981027701480734, 
          85.91972656981444
        ], 
        [
          -22.609251683629555, 
          2.8232909294035204, 
          90.23098862135804
        ], 
        [
          -23.804288288442336, 
          -9.968300104816672, 
          80.50034487532666
        ]
      ], 
      "cuboid_centroid": [
        -30.37453595829806, 
        -0.3685874163395206, 
        82.03418567698161
      ], 
      "location": [
        -30.37453595829806, 
        -0.3685874163395206, 
        82.03418567698161
      ], 
      "pose_transform_permuted": [
        [
          -0.968642525104567, 
          0.20129055567179555, 
          -0.1456494790803873, 
          0.0
        ], 
        [
          -0.0741503451290008, 
          -0.7937002817458074, 
          -0.6037727959041183, 
          0.0
        ], 
        [
          0.23713579416928707, 
          0.5740400464723395, 
          -0.7837376092607372, 
          0.0
        ], 
        [
          -30.37453595829806, 
          -0.3685874163395206, 
          82.03418567698161, 
          1.0
        ]
      ], 
      "projected_cuboid": [
        [
          203.821473475983, 
          247.56967145861225
        ], 
        [
          243.85572089710283, 
          332.1983023222579
        ], 
        [
          247.53660495804525, 
          310.14456309137086
        ], 
        [
          210.16926882773427, 
          227.43866710569915
        ], 
        [
          322.7869419442597, 
          225.61295190902928
        ], 
        [
          348.25225176479375, 
          310.411879600125
        ], 
        [
          346.8491048931989, 
          289.9738907927726
        ], 
        [
          322.57800239783967, 
          207.24595560804036
        ]
      ], 
      "projected_cuboid_centroid": [
        282.48090354434186, 
        270.89028225436124
      ], 
      "quaternion_xyzw": [
        0.6413928555151917, 
        -0.4017958989764109, 
        -0.6128908778324559, 
        0.22702429898486226
      ], 
      "visibility": 0.8132118451025057
    }, 
    {
      "bounding_box": {
        "bottom_right": [
          268, 
          453
        ], 
        "top_left": [
          194, 
          379
        ]
      }, 
      "class": "025_mug", 
      "cuboid": [
        [
          -3.5726138076352374, 
          -8.837089632274601, 
          77.17454347902999
        ], 
        [
          -14.790631908861327, 
          -6.034661995677974, 
          75.39431182397394
        ], 
        [
          -17.04988231557487, 
          -11.593108571459267, 
          80.8807706392971
        ], 
        [
          -5.831864214348783, 
          -14.395536208055896, 
          82.66100229435314
        ], 
        [
          -3.0362920892101393, 
          -2.41999918799478, 
          83.89668260526618
        ], 
        [
          -14.254310190436225, 
          0.38242844860184866, 
          82.11645095021014
        ], 
        [
          -16.513560597149773, 
          -5.176018127179445, 
          87.60290976553328
        ], 
        [
          -5.295542495923684, 
          -7.978445763776072, 
          89.38314142058934
        ]
      ], 
      "cuboid_centroid": [
        -10.043087202392504, 
        -7.006553879727023, 
        82.38872662228164
      ], 
      "location": [
        -10.043087202392504, 
        -7.006553879727023, 
        82.38872662228164
      ], 
      "pose_transform_permuted": [
        [
          -0.057614486635703586, 
          -0.6893574489724764, 
          -0.7221273753171038, 
          0.0
        ], 
        [
          0.9588868926734717, 
          -0.23954419614501246, 
          0.15216955299520066, 
          0.0
        ], 
        [
          0.27788033980405036, 
          0.6836705743953447, 
          -0.6748163175682141, 
          0.0
        ], 
        [
          -10.043087202392504, 
          -7.006553879727023, 
          82.38872662228164, 
          1.0
        ]
      ], 
      "projected_cuboid": [
        [
          456.7025498966376, 
          212.21726893663217
        ], 
        [
          376.10012312770135, 
          230.59892213545663
        ], 
        [
          368.2349788944803, 
          196.84275805552463
        ], 
        [
          443.65696864642484, 
          180.4081411932322
        ], 
        [
          462.1349332715433, 
          257.9029385572684
        ], 
        [
          388.24847658068376, 
          275.7702861030485
        ], 
        [
          380.2260219664829, 
          241.77534916976273
        ], 
        [
          449.7370095501557, 
          225.68179617594654
        ]
      ], 
      "projected_cuboid_centroid": [
        416.04427873436214, 
        227.93163873977613
      ], 
      "quaternion_xyzw": [
        0.9171538641888176, 
        -0.14104082099863968, 
        0.02577404676889381, 
        0.3718497571144299
      ], 
      "visibility": 0.8395681646999749
    }, 
    {
      "bounding_box": {
        "bottom_right": [
          305, 
          386
        ], 
        "top_left": [
          250, 
          346
        ]
      }, 
      "class": "061_foam_brick", 
      "cuboid": [
        [
          -21.30729011249611, 
          -3.9444160791460985, 
          87.49560172957473
        ], 
        [
          -19.397096576088416, 
          0.7252190218673096, 
          81.56354779890171
        ], 
        [
          -21.006864861102425, 
          4.782190935344375, 
          84.2387779406563
        ], 
        [
          -22.917058397510115, 
          0.11255583433096737, 
          90.17083187132931
        ], 
        [
          -16.487357335605974, 
          -3.3591681231475863, 
          89.50837824408417
        ], 
        [
          -14.577163799198283, 
          1.310466977865822, 
          83.57632431341116
        ], 
        [
          -16.18693208421229, 
          5.367438891342887, 
          86.25155445516575
        ], 
        [
          -18.097125620619984, 
          0.6978037903294798, 
          92.18360838583877
        ]
      ], 
      "cuboid_centroid": [
        -18.7471110983542, 
        0.7115114060983947, 
        86.87357809237024
      ], 
      "location": [
        -18.7471110983542, 
        0.7115114060983947, 
        86.87357809237024
      ], 
      "pose_transform_permuted": [
        [
          -0.9170343870642768, 
          -0.11134854477285797, 
          -0.38294834445211146, 
          0.0
        ], 
        [
          -0.24529285680871668, 
          -0.599639833530131, 
          0.7617502769560215, 
          0.0
        ], 
        [
          0.3144508663372778, 
          -0.7924856917452351, 
          -0.5225773445518009, 
          0.0
        ], 
        [
          -18.7471110983542, 
          0.7115114060983947, 
          86.87357809237024, 
          1.0
        ]
      ], 
      "projected_cuboid": [
        [
          350.63855560858843, 
          249.24379414517338
        ], 
        [
          353.7083140116711, 
          278.02852771689487
        ], 
        [
          347.4933187193955, 
          303.5628090602892
        ], 
        [
          344.9235002250942, 
          273.9522547038287
        ], 
        [
          382.54145332882104, 
          253.27153851006153
        ], 
        [
          387.801676240916, 
          281.6489265901289
        ], 
        [
          380.6742545674061, 
          306.4750444415196
        ], 
        [
          376.0253394314706, 
          277.32361608143873
        ]
      ], 
      "projected_cuboid_centroid": [
        365.54887576134473, 
        277.6545285126695
      ], 
      "quaternion_xyzw": [
        0.2937557641554288, 
        -0.7779342666649386, 
        -0.13215409623936197, 
        0.5395008087307208
      ], 
      "visibility": 0.9504480759093306
    }
  ]
}