{
  "camera_data": {
    "location_worldframe": [
      -10.901235484427076, 
      3.132432084781084, 
      88.87997193124124
    ], 
    "quaternion_xyzw_worldframe": [
      0.9408732942295327, 
      -0.031852296127415525, 
      0.16844568547900676, 
      -0.29218065363928636
    ]
  }, 
  "objects": [
    {
      "bounding_box": {
        "bottom_right": [
          464, 
          471
        ], 
        "top_left": [
          317, 
          333
        ]
      }, 
      "class": "003_cracker_box", 
      "cuboid": [
        [
          -0.5351011646336321, 
          22.96669649370867, 
          74.94943229969509
        ], 
        [
          -13.616777652016793, 
          18.52538438654698, 
          66.1050780138593
        ], 
        [
          -19.949655027682812, 
          5.673915804451596, 
          81.92556999655656
        ], 
        [
          -6.867978540299649, 
          10.11522791161329, 
          90.76992428239234
        ], 
        [
          -4.307002024878888, 
          28.359563401221173, 
          77.82034643168865
        ], 
        [
          -17.38867851226205, 
          23.918251294059477, 
          68.97599214585286
        ], 
        [
          -23.721555887928066, 
          11.066782711964096, 
          84.79648412855012
        ], 
        [
          -10.639879400544904, 
          15.50809481912579, 
          93.64083841438591
        ]
      ], 
      "cuboid_centroid": [
        -12.128328526280848, 
        17.016739602836385, 
        79.8729582141226
      ], 
      "location": [
        -12.128328526280848, 
        17.016739602836385, 
        79.8729582141226
      ], 
      "pose_transform_permuted": [
        [
          0.5253343942095934, 
          -0.7510956875273843, 
          -0.39984877446130246, 
          0.0
        ], 
        [
          0.7974881083984035, 
          0.2707522689896318, 
          0.5391715179793, 
          0.0
        ], 
        [
          0.29670943905372454, 
          0.6021199855632864, 
          -0.7412253582829531, 
          0.0
        ], 
        [
          -12.128328526280848, 
          17.016739602836385, 
          79.8729582141226, 
          1.0
        ]
      ], 
      "projected_cuboid": [
        [
          477.7577051092736, 
          436.7112448139744
        ], 
        [
          370.82474600951224, 
          422.7448031550591
        ], 
        [
          350.6464191129034, 
          310.2226302406101
        ], 
        [
          440.90791173168634, 
          332.71865909590883
        ], 
        [
          451.83427801497504, 
          467.64072972654054
        ], 
        [
          346.0280786400473, 
          458.22149017983514
        ], 
        [
          331.15923745844947, 
          342.8900363298195
        ], 
        [
          420.4939821153481, 
          361.6109358057518
        ]
      ], 
      "projected_cuboid_centroid": [
        399.9401626432872, 
        386.90897885294385
      ], 
      "quaternion_xyzw": [
        0.8365788767986841, 
        -0.007756940434422162, 
        0.3181128348179229, 
        0.4459594567821762
      ], 
      "visibility": 0.9258037389223106
    }, 
    {
      "bounding_box": {
        "bottom_right": [
          458, 
          365
        ], 
        "top_left": [
          348, 
          284
        ]
      }, 
      "class": "004_sugar_box", 
      "cuboid": [
        [
          -15.435316633591366, 
          22.703757253832137, 
          73.4369857296701
        ], 
        [
          -23.368913671545936, 
          21.34477373231814, 
          68.84335494588947
        ], 
        [
          -29.229753118064373, 
          11.158671056021035, 
          81.97898752585743
        ], 
        [
          -21.296156080109803, 
          12.517654577535033, 
          86.57261830963807
        ], 
        [
          -17.22144408129927, 
          26.32715081011845, 
          75.44983226311548
        ], 
        [
          -25.15504111925384, 
          24.96816728860445, 
          70.85620147933484
        ], 
        [
          -31.015880565772274, 
          14.782064612307346, 
          83.99183405930282
        ], 
        [
          -23.082283527817705, 
          16.141048133821347, 
          88.58546484308346
        ]
      ], 
      "cuboid_centroid": [
        -23.22559859968182, 
        18.74291093306974, 
        78.71440989448647
      ], 
      "location": [
        -23.22559859968182, 
        18.74291093306974, 
        78.71440989448647
      ], 
      "pose_transform_permuted": [
        [
          0.3957387816084506, 
          -0.8028079704462128, 
          -0.4459712187574716, 
          0.0
        ], 
        [
          0.8560480886042574, 
          0.14663654335747242, 
          0.49566027029057785, 
          0.0
        ], 
        [
          0.33252424799377456, 
          0.577925084509038, 
          -0.7452714556395307, 
          0.0
        ], 
        [
          -23.22559859968182, 
          18.74291093306974, 
          78.71440989448647, 
          1.0
        ]
      ], 
      "projected_cuboid": [
        [
          368.56740419101743, 
          438.16746595967317
        ], 
        [
          299.0527855156436, 
          438.6414344525581
        ], 
        [
          289.8563566181253, 
          345.8799912058238
        ], 
        [
          349.3115187589051, 
          350.39995388499625
        ], 
        [
          358.8522904329232, 
          459.3808562189093
        ], 
        [
          290.6825732849787, 
          461.2166315073993
        ], 
        [
          283.01556726461905, 
          367.1476213324484
        ], 
        [
          341.4745156743178, 
          370.462040507989
        ]
      ], 
      "projected_cuboid_centroid": [
        322.92356527878604, 
        400.2767734368981
      ], 
      "quaternion_xyzw": [
        0.8485199455332159, 
        -0.0547682189484329, 
        0.26263349983448736, 
        0.45611167840990446
      ], 
      "visibility": 0.7174237288135593
    }, 
    {
      "bounding_box": {
        "bottom_right": [
          362, 
          347
        ], 
        "top_left": [
          266, 
          219
        ]
      }, 
      "class": "024_bowl", 
      "cuboid": [
        [
          -33.912684345057556, 
          1.7915377532553962, 
          64.27299905701655
        ], 
        [
          -32.805894966559535, 
          14.465815500357799, 
          74.16623120059394
        ], 
        [
          -34.59255852543387, 
          11.36238769813998, 
          78.34193086919198
        ], 
        [
          -35.6993479039319, 
          -1.3118900489624206, 
          68.44869872561459
        ], 
        [
          -18.682074947043763, 
          -2.269409579036373, 
          67.77160266741669
        ], 
        [
          -17.57528556854574, 
          10.404868168066027, 
          77.6648348109941
        ], 
        [
          -19.361949127420086, 
          7.301440365848211, 
          81.84053447959214
        ], 
        [
          -20.468738505918108, 
          -5.3728373812541905, 
          71.94730233601473
        ]
      ], 
      "cuboid_centroid": [
        -26.63731673623882, 
        4.546489059551803, 
        73.05676676830434
      ], 
      "location": [
        -26.63731673623882, 
        4.546489059551803, 
        73.05676676830434
      ], 
      "pose_transform_permuted": [
        [
          -0.9432879359146822, 
          0.2515094785002686, 
          -0.216681453249558, 
          0.0
        ], 
        [
          -0.06867472851477847, 
          -0.7864211568278183, 
          -0.6138611779197454, 
          0.0
        ], 
        [
          0.324794783857806, 
          0.5641673034819714, 
          -0.7590939349386487, 
          0.0
        ], 
        [
          -26.63731673623882, 
          4.546489059551803, 
          73.05676676830434, 
          1.0
        ]
      ], 
      "projected_cuboid": [
        [
          197.85394747127035, 
          288.15222313413756
        ], 
        [
          243.7283032196437, 
          377.3083086443583
        ], 
        [
          244.14270649729164, 
          350.6369913563849
        ], 
        [
          201.12680275115105, 
          263.06491701412256
        ], 
        [
          333.35581038365433, 
          255.4277221485587
        ], 
        [
          359.90291750041183, 
          344.73611960802447
        ], 
        [
          354.3720989604239, 
          320.86688624314115
        ], 
        [
          328.60521671391115, 
          233.4596188395
        ]
      ], 
      "projected_cuboid_centroid": [
        285.5222754049089, 
        306.4762308379813
      ], 
      "quaternion_xyzw": [
        0.6542503397432727, 
        -0.424614200858369, 
        -0.5950127264914573, 
        0.19395651236404246
      ], 
      "visibility": 0.8413942456429824
    }, 
    {
      "bounding_box": {
        "bottom_right": [
          296, 
          474
        ], 
        "top_left": [
          215, 
          390
        ]
      }, 
      "class": "025_mug", 
      "cuboid": [
        [
          -0.012052913991712766, 
          -5.272335239605024, 
          70.16536486156953
        ], 
        [
          -10.90529125277956, 
          -1.8885724576833671, 
          67.5664682777277
        ], 
        [
          -13.854341219296117, 
          -7.344973137979002, 
          72.82313708785311
        ], 
        [
          -2.9611028805082693, 
          -10.72873591990066, 
          75.42203367169495
        ], 
        [
          0.34092563020189787, 
          1.081849779694012, 
          76.95900777800635
        ], 
        [
          -10.55231270858595, 
          4.46561256161567, 
          74.36011119416452
        ], 
        [
          -13.501362675102508, 
          -0.990788118679966, 
          79.61678000428992
        ], 
        [
          -2.60812433631466, 
          -4.374550900601623, 
          82.21567658813176
        ]
      ], 
      "cuboid_centroid": [
        -6.7567077945471095, 
        -3.131561679142495, 
        74.89107243292973
      ], 
      "location": [
        -6.7567077945471095, 
        -3.131561679142495, 
        74.89107243292973
      ], 
      "pose_transform_permuted": [
        [
          -0.03791880305882669, 
          -0.682599818911342, 
          -0.7298086867825673, 
          0.0
        ], 
        [
          0.9311255667068471, 
          -0.28923520627466026, 
          0.22214689325447062, 
          0.0
        ], 
        [
          0.36272340788767116, 
          0.6711192662141447, 
          -0.6465529057134788, 
          0.0
        ], 
        [
          -6.7567077945471095, 
          -3.131561679142495, 
          74.89107243292973, 
          1.0
        ]
      ], 
      "projected_cuboid": [
        [
          481.5046927151215, 
          233.2120705020426
        ], 
        [
          394.80145303864776, 
          258.379547848695
        ], 
        [
          379.2893892062765, 
          219.49569390361802
        ], 
        [
          460.484212498086, 
          197.42216930554721
        ], 
        [
          483.9793443235639, 
          280.78366782001797
        ], 
        [
          405.2839223346773, 
          305.3144436921464
        ], 
        [
          390.40339061362545, 
          266.64966185511054
        ], 
        [
          464.5376045364195, 
          244.90954517801416
        ]
      ], 
      "projected_cuboid_centroid": [
        433.07974637712573, 
        250.98584024619163
      ], 
      "quaternion_xyzw": [
        0.9126956666523018, 
        -0.17858050552427457, 
        0.05046262870716219, 
        0.36407336344108315
      ], 
      "visibility": 0.7165764264889629
    }, 
    {
      "bounding_box": {
        "bottom_right": [
          337, 
          401
        ], 
        "top_left": [
          277, 
          353
        ]
      }, 
      "class": "061_foam_brick", 
      "cuboid": [
        [
          -18.204033977959547, 
          0.4865582074572661, 
          79.15800160423433
        ], 
        [
          -15.614249109824415, 
          5.0750985607101, 
          73.42372685297659
        ], 
        [
          -17.212585633126672, 
          9.198964670054647, 
          76.0017648705412
        ], 
        [
          -19.802370501261805, 
          4.6104243168018115, 
          81.73603962179894
        ], 
        [
          -13.526715790629659, 
          0.8146771549113307, 
          81.53298980881468
        ], 
        [
          -10.936930922494529, 
          5.403217508164166, 
          75.79871505755693
        ], 
        [
          -12.535267445796785, 
          9.52708361750871, 
          78.37675307512154
        ], 
        [
          -15.125052313931917, 
          4.938543264255877, 
          84.11102782637928
        ]
      ], 
      "cuboid_centroid": [
        -15.369650711878165, 
        5.006820912482988, 
        78.76737733967794
      ], 
      "location": [
        -15.369650711878165, 
        5.006820912482988, 
        78.76737733967794
      ], 
      "pose_transform_permuted": [
        [
          -0.8899007134680682, 
          -0.06242750091980653, 
          -0.4518622879793469, 
          0.0
        ], 
        [
          -0.3325609247006007, 
          -0.5892262487434384, 
          0.7363529446902598, 
          0.0
        ], 
        [
          0.31221779502665137, 
          -0.8055527511719162, 
          -0.5035919117182608, 
          0.0
        ], 
        [
          -15.369650711878165, 
          5.006820912482988, 
          78.76737733967794, 
          1.0
        ]
      ], 
      "projected_cuboid": [
        [
          357.92701359203653, 
          276.56467809526714
        ], 
        [
          367.2364707459101, 
          310.14995482174595
        ], 
        [
          359.80635512534053, 
          337.83751270940803
        ], 
        [
          351.3117950373847, 
          303.3691011476483
        ], 
        [
          392.37942789561885, 
          278.61546412158026
        ], 
        [
          404.00356490120464, 
          311.3035638248022
        ], 
        [
          395.5892221144974, 
          338.1141822046712
        ], 
        [
          384.89501810977174, 
          304.6001707265054
        ]
      ], 
      "projected_cuboid_centroid": [
        376.664730381178, 
        307.1868115749412
      ], 
      "quaternion_xyzw": [
        0.28006633683237875, 
        -0.8046701131289552, 
        -0.1370637493553069, 
        0.5052547719942803
      ], 
      "visibility": 0.9808006535947712
    }
  ]
}