{
  "camera_data": {
    "location_worldframe": [
      -16.267806352273197, 
      1.8672975382250934, 
      84.70870813949863
    ], 
    "quaternion_xyzw_worldframe": [
      0.9076501721616412, 
      0.014802700604640898, 
      -0.028155301712462884, 
      -0.4185229076875639
    ]
  }, 
  "objects": [
    {
      "bounding_box": {
        "bottom_right": [
          468, 
          395
        ], 
        "top_left": [
          300, 
          244
        ]
      }, 
      "class": "003_cracker_box", 
      "cuboid": [
        [
          -15.423726622780743, 
          26.23652757346042, 
          74.69155244372007
        ], 
        [
          -29.619285240632653, 
          20.277377252616503, 
          69.03003686325292
        ], 
        [
          -27.470097302746215, 
          3.1854670174940427, 
          81.63166941100461
        ], 
        [
          -13.274538684894303, 
          9.144617338337962, 
          87.29318499147178
        ], 
        [
          -18.948191717173973, 
          29.65555090659108, 
          79.92995131941238
        ], 
        [
          -33.14375033502589, 
          23.696400585747163, 
          74.26843573894523
        ], 
        [
          -30.994562397139447, 
          6.604490350624703, 
          86.87006828669693
        ], 
        [
          -16.79900377928753, 
          12.563640671468622, 
          92.53158386716407
        ]
      ], 
      "cuboid_centroid": [
        -23.209144509960094, 
        16.42050896204256, 
        80.7808103652085
      ], 
      "location": [
        -23.209144509960094, 
        16.42050896204256, 
        80.7808103652085
      ], 
      "pose_transform_permuted": [
        [
          0.49087258755669844, 
          -0.47618710513559814, 
          -0.7295820335561796, 
          0.0
        ], 
        [
          0.8653928417147374, 
          0.3632830640335007, 
          0.34513858795464003, 
          0.0
        ], 
        [
          -0.1006942515453732, 
          0.8007941410181585, 
          -0.5904146097588598, 
          0.0
        ], 
        [
          -23.209144509960094, 
          16.42050896204256, 
          80.7808103652085, 
          1.0
        ]
      ], 
      "projected_cuboid": [
        [
          370.54936789701554, 
          460.62303711069694
        ], 
        [
          250.85424235417756, 
          429.9476506734717
        ], 
        [
          300.6326223104113, 
          294.09797004246246
        ], 
        [
          399.8201324682067, 
          329.1557734506016
        ], 
        [
          354.11474814470387, 
          471.15837184520325
        ], 
        [
          241.60929813454547, 
          443.4497352711839
        ], 
        [
          289.7270644587034, 
          313.8333466846168
        ], 
        [
          383.96662347519487, 
          345.6989546503065
        ]
      ], 
      "projected_cuboid_centroid": [
        327.0920233430779, 
        381.69568806921785
      ], 
      "quaternion_xyzw": [
        0.9213806238858449, 
        0.12589186910130817, 
        0.2268365412291643, 
        0.28940312158838205
      ], 
      "visibility": 0.9049438598553877
    }, 
    {
      "bounding_box": {
        "bottom_right": [
          433, 
          306
        ], 
        "top_left": [
          311, 
          211
        ]
      }, 
      "class": "004_sugar_box", 
      "cuboid": [
        [
          -29.574614618614014, 
          22.173615858769107, 
          77.45174226548276
        ], 
        [
          -38.17831935448496, 
          19.651984821172707, 
          75.10485418160073
        ], 
        [
          -37.04168955667615, 
          5.748095367177744, 
          85.87708239955407
        ], 
        [
          -28.437984820805195, 
          8.269726404774145, 
          88.22397048343612
        ], 
        [
          -31.226792534433017, 
          24.660775390669446, 
          80.83628490633589
        ], 
        [
          -39.830497270303965, 
          22.139144353073043, 
          78.48939682245386
        ], 
        [
          -38.69386747249515, 
          8.235254899078083, 
          89.2616250404072
        ], 
        [
          -30.090162736624197, 
          10.756885936674482, 
          91.60851312428925
        ]
      ], 
      "cuboid_centroid": [
        -34.13424104555458, 
        15.204435378923595, 
        83.35668365294498
      ], 
      "location": [
        -34.13424104555458, 
        15.204435378923595, 
        83.35668365294498
      ], 
      "pose_transform_permuted": [
        [
          0.36606059452568585, 
          -0.5510611709613271, 
          -0.7498875753305728, 
          0.0
        ], 
        [
          0.9283538045633594, 
          0.27208811079924805, 
          0.25323306045971056, 
          0.0
        ], 
        [
          -0.06448853823972506, 
          0.7888597575599372, 
          -0.6111798693820423, 
          0.0
        ], 
        [
          -34.13424104555458, 
          15.204435378923595, 
          83.35668365294498, 
          1.0
        ]
      ], 
      "projected_cuboid": [
        [
          276.254192132572, 
          425.97030236546846
        ], 
        [
          208.23356105718238, 
          412.83528576238893
        ], 
        [
          249.64126381937612, 
          308.9837430982587
        ], 
        [
          308.25500693541403, 
          323.27756666633906
        ], 
        [
          273.8605874374202, 
          435.98667279426377
        ], 
        [
          208.70150471236224, 
          423.7175479795777
        ], 
        [
          248.4826750039737, 
          322.4904675323062
        ], 
        [
          304.96057257511353, 
          335.9101711822421
        ]
      ], 
      "projected_cuboid_centroid": [
        261.3847741081146, 
        370.5651578027465
      ], 
      "quaternion_xyzw": [
        0.9310076714847559, 
        0.09037966585769537, 
        0.16629660365680898, 
        0.3120922297261649
      ], 
      "visibility": 0.539517014270033
    }, 
    {
      "bounding_box": {
        "bottom_right": [
          333, 
          273
        ], 
        "top_left": [
          253, 
          150
        ]
      }, 
      "class": "024_bowl", 
      "cuboid": [
        [
          -45.62234343165878, 
          -0.6677008271030009, 
          68.31617891419573
        ], 
        [
          -43.66509364531704, 
          9.479205217240825, 
          80.68338605190021
        ], 
        [
          -43.25983554380285, 
          5.206793012163605, 
          84.12462977177567
        ], 
        [
          -45.217085330144585, 
          -4.940113032180219, 
          71.7574226340712
        ], 
        [
          -29.639759901625183, 
          -0.9815876695238985, 
          66.04428942549411
        ], 
        [
          -27.68251011528345, 
          9.165318374819925, 
          78.41149656319858
        ], 
        [
          -27.27725201376926, 
          4.892906169742707, 
          81.85274028307404
        ], 
        [
          -29.23450180011099, 
          -5.253999874601117, 
          69.48553314536957
        ]
      ], 
      "cuboid_centroid": [
        -36.44979772271402, 
        2.112602671319853, 
        75.0844595986349
      ], 
      "location": [
        -36.44979772271402, 
        2.112602671319853, 
        75.0844595986349
      ], 
      "pose_transform_permuted": [
        [
          -0.9898604733829923, 
          0.019440172350332754, 
          0.14070651347037333, 
          0.0
        ], 
        [
          -0.12144460393632793, 
          -0.6296012876505239, 
          -0.767367856222523, 
          0.0
        ], 
        [
          -0.07367123868069164, 
          0.7766751562189895, 
          -0.6255783326678295, 
          0.0
        ], 
        [
          -36.44979772271402, 
          2.112602671319853, 
          75.0844595986349, 
          1.0
        ]
      ], 
      "projected_cuboid": [
        [
          122.47196730335355, 
          268.07404026195866
        ], 
        [
          190.56421405041726, 
          335.94436659562683
        ], 
        [
          205.05994749966732, 
          306.2957136109628
        ], 
        [
          142.7314773695467, 
          236.5703499352703
        ], 
        [
          240.2560461162318, 
          265.3600400009098
        ], 
        [
          291.74406902340905, 
          335.6248938289111
        ], 
        [
          302.3883512572312, 
          305.16674956528993
        ], 
        [
          255.344748141004, 
          232.96071912009953
        ]
      ], 
      "projected_cuboid_centroid": [
        220.53919138119937, 
        288.2922046945914
      ], 
      "quaternion_xyzw": [
        -0.615330000652554, 
        0.22586662781770436, 
        0.7139373700867764, 
        -0.2462654834294973
      ], 
      "visibility": 0.6751220835594139
    }, 
    {
      "bounding_box": {
        "bottom_right": [
          316, 
          400
        ], 
        "top_left": [
          232, 
          304
        ]
      }, 
      "class": "025_mug", 
      "cuboid": [
        [
          -11.086750498992675, 
          0.8794416636798039, 
          62.08941959752858
        ], 
        [
          -22.64461672986432, 
          1.5736396592022917, 
          63.76291081523778
        ], 
        [
          -22.474832453551738, 
          -5.452568017189017, 
          67.85012870226365
        ], 
        [
          -10.916966222680097, 
          -6.146766012711505, 
          66.17663748455445
        ], 
        [
          -9.65831251950828, 
          5.530461320939956, 
          70.02550340975887
        ], 
        [
          -21.21617875037992, 
          6.224659316462445, 
          71.69899462746807
        ], 
        [
          -21.04639447406734, 
          -0.8015483599288645, 
          75.78621251449394
        ], 
        [
          -9.4885282431957, 
          -1.4957463554513524, 
          74.11272129678473
        ]
      ], 
      "cuboid_centroid": [
        -16.06657248653001, 
        0.038946651875469696, 
        68.93781605601126
      ], 
      "location": [
        -16.06657248653001, 
        0.038946651875469696, 
        68.93781605601126
      ], 
      "pose_transform_permuted": [
        [
          -0.15345028562446472, 
          -0.49963687965590575, 
          -0.8525356684831351, 
          0.0
        ], 
        [
          0.9879362233195953, 
          -0.059338231835617886, 
          -0.14304565915169382, 
          0.0
        ], 
        [
          -0.02088290534547492, 
          0.864200343108314, 
          -0.5027143037907364, 
          0.0
        ], 
        [
          -16.06657248653001, 
          0.038946651875469696, 
          68.93781605601126, 
          1.0
        ]
      ], 
      "projected_cuboid": [
        [
          385.5733740602187, 
          280.84053775365606
        ], 
        [
          290.61676536195733, 
          286.44862290474134
        ], 
        [
          303.4668808270679, 
          230.42794128075508
        ], 
        [
          392.88371282889307, 
          223.7495591871442
        ], 
        [
          407.4256216623594, 
          315.40695387003836
        ], 
        [
          322.4693492928097, 
          319.5875039752644
        ], 
        [
          332.2560045794118, 
          267.645915194975
        ], 
        [
          412.7480377659734, 
          262.5230575848022
        ]
      ], 
      "projected_cuboid_centroid": [
        356.26637156609286, 
        273.5878386801296
      ], 
      "quaternion_xyzw": [
        0.962376256319617, 
        -0.009989680812888707, 
        -0.07702183600986738, 
        0.2603844330282784
      ], 
      "visibility": 0.8263752015767784
    }, 
    {
      "bounding_box": {
        "bottom_right": [
          338, 
          337
        ], 
        "top_left": [
          270, 
          287
        ]
      }, 
      "class": "061_foam_brick", 
      "cuboid": [
        [
          -25.810465382877336, 
          -0.6237861333664787, 
          77.12050902073062
        ], 
        [
          -26.305613292996522, 
          5.587624272126092, 
          72.44966279320326
        ], 
        [
          -27.688006340925874, 
          8.479215558680455, 
          76.44151958448353
        ], 
        [
          -27.192858430806687, 
          2.2678051531878833, 
          81.11236581201089
        ], 
        [
          -20.760770441109734, 
          0.4881002723926664, 
          78.06381493975995
        ], 
        [
          -21.25591835122892, 
          6.699510677885237, 
          73.3929687122326
        ], 
        [
          -22.638311399158276, 
          9.5911019644396, 
          77.38482550351287
        ], 
        [
          -22.14316348903909, 
          3.379691558947029, 
          82.05567173104022
        ]
      ], 
      "cuboid_centroid": [
        -24.224388391017808, 
        4.48365791553656, 
        77.25266726212175
      ], 
      "location": [
        -24.224388391017808, 
        4.48365791553656, 
        77.25266726212175
      ], 
      "pose_transform_permuted": [
        [
          -0.9607486494393043, 
          -0.21154611812829477, 
          -0.17947220538401618, 
          0.0
        ], 
        [
          0.06358321452830995, 
          -0.7976231591904408, 
          0.5997953573955934, 
          0.0
        ], 
        [
          0.2700355669736856, 
          -0.5648411598209804, 
          -0.7797661551653097, 
          0.0
        ], 
        [
          -24.224388391017808, 
          4.48365791553656, 
          77.25266726212175, 
          1.0
        ]
      ], 
      "projected_cuboid": [
        [
          301.6197875392127, 
          268.97280399732057
        ], 
        [
          286.34133221497274, 
          314.4183988188445
        ], 
        [
          286.81269515820816, 
          332.44459412624894
        ], 
        [
          301.3120945538121, 
          288.1975184084473
        ], 
        [
          338.58080306262724, 
          276.62116150731674
        ], 
        [
          325.8509771309046, 
          321.96940644789197
        ], 
        [
          324.2785093514627, 
          339.3863510719833
        ], 
        [
          336.47856219151737, 
          295.2527915680576
        ]
      ], 
      "projected_cuboid_centroid": [
        312.9685298915259, 
        304.2398067207843
      ], 
      "quaternion_xyzw": [
        0.41176882473402043, 
        -0.6482148854115986, 
        -0.21914802090521693, 
        0.6018621455460699
      ], 
      "visibility": 0.5796407185628742
    }
  ]
}