{
  "camera_data": {
    "location_worldframe": [
      -17.040835305276982, 
      3.0285918917215855, 
      83.0978532983896
    ], 
    "quaternion_xyzw_worldframe": [
      0.9164266607260412, 
      0.01696155302677356, 
      -0.04167226717491976, 
      -0.39766612851755767
    ]
  }, 
  "objects": [
    {
      "bounding_box": {
        "bottom_right": [
          481, 
          388
        ], 
        "top_left": [
          306, 
          226
        ]
      }, 
      "class": "003_cracker_box", 
      "cuboid": [
        [
          -16.815219482763528, 
          26.925408626533958, 
          71.9710310723691
        ], 
        [
          -31.026754956660284, 
          20.49260356252432, 
          66.8986160489525
        ], 
        [
          -28.326325603412066, 
          4.0294409898335575, 
          80.21122310240621
        ], 
        [
          -14.114790129515312, 
          10.462246053843199, 
          85.28363812582278
        ], 
        [
          -20.283991189188203, 
          30.524393335727172, 
          77.12538160824107
        ], 
        [
          -34.495526663084966, 
          24.09158827171753, 
          72.0529665848245
        ], 
        [
          -31.795097309836745, 
          7.628425699026768, 
          85.36557363827818
        ], 
        [
          -17.58356183593999, 
          14.06123076303641, 
          90.43798866169477
        ]
      ], 
      "cuboid_centroid": [
        -24.305158396300136, 
        17.276917162780364, 
        78.66830235532363
      ], 
      "location": [
        -24.305158396300136, 
        17.276917162780364, 
        78.66830235532363
      ], 
      "pose_transform_permuted": [
        [
          0.48311584809986186, 
          -0.5012513642393748, 
          -0.7178761363654018, 
          0.0
        ], 
        [
          0.8663668264113966, 
          0.3921581111672129, 
          0.3092257071131199, 
          0.0
        ], 
        [
          -0.1265211421407358, 
          0.7713359097656025, 
          -0.6237253521362381, 
          0.0
        ], 
        [
          -24.305158396300136, 
          17.276917162780364, 
          78.66830235532363, 
          1.0
        ]
      ], 
      "projected_cuboid": [
        [
          355.95457302004434, 
          472.8091443892353
        ], 
        [
          232.18873465100694, 
          436.65474252037086
        ], 
        [
          291.68750186645286, 
          300.07804802195847
        ], 
        [
          392.59492968468163, 
          338.7119915278424
        ], 
        [
          340.1650220653138, 
          484.3617559045399
        ], 
        [
          224.14128490716263, 
          451.606965633464
        ], 
        [
          281.30251770499916, 
          320.94496327704803
        ], 
        [
          377.0413729810145, 
          356.2066674578677
        ]
      ], 
      "projected_cuboid_centroid": [
        315.45086736956864, 
        390.41272456315056
      ], 
      "quaternion_xyzw": [
        0.9159119598168811, 
        0.1415745388376762, 
        0.2162712110920014, 
        0.3070646431455404
      ], 
      "visibility": 0.8865761353517364
    }, 
    {
      "bounding_box": {
        "bottom_right": [
          443, 
          298
        ], 
        "top_left": [
          318, 
          194
        ]
      }, 
      "class": "004_sugar_box", 
      "cuboid": [
        [
          -30.834709248475395, 
          22.77175217919704, 
          75.22276289396808
        ], 
        [
          -39.4431922079913, 
          20.01127523893048, 
          73.18216735636979
        ], 
        [
          -37.84684344538416, 
          6.6330696126845625, 
          84.54554074968281
        ], 
        [
          -29.238360485868252, 
          9.393546552951124, 
          86.58613628728111
        ], 
        [
          -32.45575764321498, 
          25.38464276550969, 
          78.52666788295714
        ], 
        [
          -41.064240602730884, 
          22.62416582524313, 
          76.48607234535885
        ], 
        [
          -39.46789184012374, 
          9.24596019899721, 
          87.84944573867188
        ], 
        [
          -30.859408880607837, 
          12.00643713926377, 
          89.89004127627017
        ]
      ], 
      "cuboid_centroid": [
        -35.151300544299566, 
        16.008856189097127, 
        81.53610431631998
      ], 
      "location": [
        -35.151300544299566, 
        16.008856189097127, 
        81.53610431631998
      ], 
      "pose_transform_permuted": [
        [
          0.3591634614236591, 
          -0.5789184520010002, 
          -0.7320212992474158, 
          0.0
        ], 
        [
          0.9288693827051052, 
          0.2978599741134028, 
          0.22018359405178037, 
          0.0
        ], 
        [
          -0.09057144060430844, 
          0.7590342315239733, 
          -0.6447194513285147, 
          0.0
        ], 
        [
          -35.151300544299566, 
          16.008856189097127, 
          81.53610431631998, 
          1.0
        ]
      ], 
      "projected_cuboid": [
        [
          261.161173155087, 
          434.7352924948091
        ], 
        [
          191.75693065987357, 
          419.1199473307217
        ], 
        [
          240.8668021591134, 
          315.1284363194667
        ], 
        [
          300.0052013530696, 
          331.14525009092273
        ], 
        [
          259.3345040074462, 
          445.6881878111266
        ], 
        [
          192.87952434151032, 
          431.039581346404
        ], 
        [
          239.9972284553238, 
          329.4172465804938
        ], 
        [
          296.9817382843489, 
          344.5209924278712
        ]
      ], 
      "projected_cuboid_centroid": [
        249.75983857387402, 
        377.9988808313399
      ], 
      "quaternion_xyzw": [
        0.9246519498541728, 
        0.10502097972620156, 
        0.15663922397146532, 
        0.3308374311876202
      ], 
      "visibility": 0.5294572644063427
    }, 
    {
      "bounding_box": {
        "bottom_right": [
          339, 
          261
        ], 
        "top_left": [
          255, 
          137
        ]
      }, 
      "class": "024_bowl", 
      "cuboid": [
        [
          -46.69070626283589, 
          -0.7110998634153508, 
          67.48611047711006
        ], 
        [
          -44.640226201448044, 
          10.019117811427048, 
          79.33500500588848
        ], 
        [
          -44.090943356198295, 
          5.915100035781283, 
          82.9564998590694
        ], 
        [
          -46.14142341758614, 
          -4.815117639061115, 
          71.107605330291
        ], 
        [
          -30.756983701366003, 
          -0.8781835271452952, 
          64.88004994891067
        ], 
        [
          -28.70650363997816, 
          9.852034147697102, 
          76.72894447768908
        ], 
        [
          -28.15722079472841, 
          5.748016372051338, 
          80.35043933087
        ], 
        [
          -30.207700856116254, 
          -4.98220130279106, 
          68.50154480209159
        ]
      ], 
      "cuboid_centroid": [
        -37.42396352878215, 
        2.5184582543179936, 
        73.91827490399004
      ], 
      "location": [
        -37.42396352878215, 
        2.5184582543179936, 
        73.91827490399004
      ], 
      "pose_transform_permuted": [
        [
          -0.9868343329982707, 
          0.010348108875107453, 
          0.16140296112081476, 
          0.0
        ], 
        [
          -0.1272294117349342, 
          -0.665794956149913, 
          -0.7352072858418353, 
          0.0
        ], 
        [
          -0.09985327238223542, 
          0.7460629953348741, 
          -0.6583459052705614, 
          0.0
        ], 
        [
          -37.42396352878215, 
          2.5184582543179936, 
          73.91827490399004, 
          1.0
        ]
      ], 
      "projected_cuboid": [
        [
          109.54152140237363, 
          267.6669596701565
        ], 
        [
          179.00797368988842, 
          340.6387960992266
        ], 
        [
          195.77832205143463, 
          311.31416319293476
        ], 
        [
          132.64427944475875, 
          237.1723063144301
        ], 
        [
          226.66509625767554, 
          266.0677939605275
        ], 
        [
          280.4040924441317, 
          341.7650343403357
        ], 
        [
          293.14831497505605, 
          311.43853467407297
        ], 
        [
          244.45475897134457, 
          234.49755110886284
        ]
      ], 
      "projected_cuboid_centroid": [
        209.33339659737393, 
        291.45718804288987
      ], 
      "quaternion_xyzw": [
        -0.6036204565948551, 
        0.23439467532307842, 
        0.7132137421892932, 
        -0.2683796536862502
      ], 
      "visibility": 0.662617909290606
    }, 
    {
      "bounding_box": {
        "bottom_right": [
          321, 
          389
        ], 
        "top_left": [
          235, 
          290
        ]
      }, 
      "class": "025_mug", 
      "cuboid": [
        [
          -12.325752831610064, 
          1.0905245925250688, 
          60.43813952261415
        ], 
        [
          -23.855407231775303, 
          1.6794112360572222, 
          62.33208710828808
        ], 
        [
          -23.481981994178863, 
          -5.149393689355111, 
          66.72864803142761
        ], 
        [
          -11.952327594013626, 
          -5.738280332887263, 
          64.83470044575368
        ], 
        [
          -10.806607429519076, 
          6.120724514725242, 
          68.12209235811494
        ], 
        [
          -22.336261829684315, 
          6.7096111582573945, 
          70.01603994378887
        ], 
        [
          -21.962836592087875, 
          -0.11919376715493765, 
          74.41260086692839
        ], 
        [
          -10.433182191922638, 
          -0.7080804106870907, 
          72.51865328125446
        ]
      ], 
      "cuboid_centroid": [
        -17.14429471184897, 
        0.4856654126850657, 
        67.42537019477128
      ], 
      "location": [
        -17.14429471184897, 
        0.4856654126850657, 
        67.42537019477128
      ], 
      "pose_transform_permuted": [
        [
          -0.16319455181393186, 
          -0.5403704087232362, 
          -0.8254504390579955, 
          0.0
        ], 
        [
          0.9855247497029023, 
          -0.05033649247648656, 
          -0.16188969378778229, 
          0.0
        ], 
        [
          -0.045930071144992424, 
          0.839920456577238, 
          -0.5407624757577946, 
          0.0
        ], 
        [
          -17.14429471184897, 
          0.4856654126850657, 
          67.42537019477128, 
          1.0
        ]
      ], 
      "projected_cuboid": [
        [
          371.9254872558541, 
          282.90956949294855
        ], 
        [
          275.7868638757245, 
          287.65574879946803
        ], 
        [
          292.3565351439451, 
          232.1307139536869
        ], 
        [
          382.4598529982777, 
          226.08438767898792
        ], 
        [
          396.28840595140207, 
          321.20494644338294
        ], 
        [
          310.04155247479054, 
          324.3943559762137
        ], 
        [
          322.87632676836114, 
          272.4322690877926
        ], 
        [
          404.2295268207058, 
          268.079144677885
        ]
      ], 
      "projected_cuboid_centroid": [
        344.8594467456548, 
        277.1280426658831
      ], 
      "quaternion_xyzw": [
        0.9553658520873216, 
        -0.0011530717059508701, 
        -0.08506799905278618, 
        0.282910699110432
      ], 
      "visibility": 0.8005770536320435
    }, 
    {
      "bounding_box": {
        "bottom_right": [
          344, 
          328
        ], 
        "top_left": [
          275, 
          275
        ]
      }, 
      "class": "061_foam_brick", 
      "cuboid": [
        [
          -26.69976032448784, 
          0.04469834447426643, 
          75.8418532446701
        ], 
        [
          -27.397272952840417, 
          6.027926780628126, 
          70.90646584613168
        ], 
        [
          -28.742458951273747, 
          9.076720183447332, 
          74.79266768932973
        ], 
        [
          -28.04494632292117, 
          3.093491747293473, 
          79.72805508786816
        ], 
        [
          -21.650359276674166, 
          1.2773758723157356, 
          76.6226167247291
        ], 
        [
          -22.34787190502674, 
          7.2606043084695955, 
          71.68722932619067
        ], 
        [
          -23.69305790346007, 
          10.309397711288801, 
          75.57343116938873
        ], 
        [
          -22.995545275107496, 
          4.3261692751349425, 
          80.50881856792714
        ]
      ], 
      "cuboid_centroid": [
        -25.196409113973957, 
        5.177048027881534, 
        75.70764220702941
      ], 
      "location": [
        -25.196409113973957, 
        5.177048027881534, 
        75.70764220702941
      ], 
      "pose_transform_permuted": [
        [
          -0.9606927335428853, 
          -0.2345276860731157, 
          -0.14854708406120792, 
          0.0
        ], 
        [
          0.08956938760798057, 
          -0.7683217266054518, 
          0.6337657684267497, 
          0.0
        ], 
        [
          0.26276757128958816, 
          -0.5955488971454883, 
          -0.7591276009916664, 
          0.0
        ], 
        [
          -25.196409113973957, 
          5.177048027881534, 
          75.70764220702941, 
          1.0
        ]
      ], 
      "projected_cuboid": [
        [
          292.2798283848602, 
          273.6008565459692
        ], 
        [
          273.812526396242, 
          318.6253002461768
        ], 
        [
          274.9369687808465, 
          338.00936141253294
        ], 
        [
          292.43450897460826, 
          293.9796268494839
        ], 
        [
          329.64736169692804, 
          282.1775103456882
        ], 
        [
          313.95380127789974, 
          327.3020509223005
        ], 
        [
          313.0024477438152, 
          346.03966834819795
        ], 
        [
          327.99679227339914, 
          301.94465066503057
        ]
      ], 
      "projected_cuboid_centroid": [
        302.6227700095039, 
        309.75605434461187
      ], 
      "quaternion_xyzw": [
        0.40080156390778326, 
        -0.6431420126221569, 
        -0.20392071448563237, 
        0.6197925460773671
      ], 
      "visibility": 0.5018587360594795
    }
  ]
}