{
  "camera_data": {
    "location_worldframe": [
      -9.462087758469275, 
      8.657880908642705, 
      85.14008383784322
    ], 
    "quaternion_xyzw_worldframe": [
      0.9345903425724658, 
      -0.04775101626011194, 
      0.1906097193475556, 
      -0.2965289784193639
    ]
  }, 
  "objects": [
    {
      "bounding_box": {
        "bottom_right": [
          514, 
          491
        ], 
        "top_left": [
          360, 
          339
        ]
      }, 
      "class": "003_cracker_box", 
      "cuboid": [
        [
          2.201405909302083, 
          28.246159377316083, 
          71.90464340290609
        ], 
        [
          -10.734618557296537, 
          24.492758864673863, 
          62.54251910986153
        ], 
        [
          -18.147328449907718, 
          11.682179370699389, 
          77.92089133266002
        ], 
        [
          -5.211303983309099, 
          15.435579883341605, 
          87.28301562570458
        ], 
        [
          -1.4418863338894126, 
          33.74904853505619, 
          74.73254546685203
        ], 
        [
          -14.377910800488033, 
          29.995648022413974, 
          65.37042117380746
        ], 
        [
          -21.790620693099218, 
          17.185068528439498, 
          80.74879339660596
        ], 
        [
          -8.854596226500595, 
          20.938469041081714, 
          90.11091768965052
        ]
      ], 
      "cuboid_centroid": [
        -9.794607391898566, 
        22.71561395287779, 
        76.32671839975602
      ], 
      "location": [
        -9.794607391898566, 
        22.71561395287779, 
        76.32671839975602
      ], 
      "pose_transform_permuted": [
        [
          0.5074223301248345, 
          -0.7664191210730738, 
          -0.39385823559278316, 
          0.0
        ], 
        [
          0.788608837102259, 
          0.22881564742680874, 
          0.5707359297756474, 
          0.0
        ], 
        [
          0.34730200249193194, 
          0.6002042405266952, 
          -0.7205110607887062, 
          0.0
        ], 
        [
          -9.794607391898566, 
          22.71561395287779, 
          76.32671839975602, 
          1.0
        ]
      ], 
      "projected_cuboid": [
        [
          498.0610529459049, 
          482.7894189134213
        ], 
        [
          389.2967958298273, 
          482.1439382641748
        ], 
        [
          356.35491525906195, 
          353.2437218118074
        ], 
        [
          449.48942768383324, 
          367.6015312292663
        ], 
        [
          471.2214746036236, 
          514.1324557097759
        ], 
        [
          363.3184510203553, 
          518.0037390184078
        ], 
        [
          336.47772747677726, 
          386.7883402850242
        ], 
        [
          428.7546015678358, 
          397.21042942033216
        ]
      ], 
      "projected_cuboid_centroid": [
        412.58863360051333, 
        432.0079139139836
      ], 
      "quaternion_xyzw": [
        0.8340670406540677, 
        -0.035514637699928554, 
        0.3231629495438999, 
        0.44568665028884935
      ], 
      "visibility": 0.928511164857416
    }, 
    {
      "bounding_box": {
        "bottom_right": [
          519, 
          380
        ], 
        "top_left": [
          395, 
          288
        ]
      }, 
      "class": "004_sugar_box", 
      "cuboid": [
        [
          -12.63454915110443, 
          28.63300235110221, 
          69.87541537543484
        ], 
        [
          -20.451467218320825, 
          27.678278314091575, 
          64.98925779573429
        ], 
        [
          -27.187881275481416, 
          17.550992240492093, 
          77.74503187886295
        ], 
        [
          -19.37096320826502, 
          18.505716277502728, 
          82.6311894585635
        ], 
        [
          -14.338321272156069, 
          32.297584641914725, 
          71.88508711076535
        ], 
        [
          -22.155239339372464, 
          31.34286060490409, 
          66.9989295310648
        ], 
        [
          -28.89165339653306, 
          21.215574531304608, 
          79.75470361419346
        ], 
        [
          -21.07473532931666, 
          22.17029856831524, 
          84.64086119389401
        ]
      ], 
      "cuboid_centroid": [
        -20.763101273818744, 
        24.92428844120341, 
        74.81505949481415
      ], 
      "location": [
        -20.763101273818744, 
        24.92428844120341, 
        74.81505949481415
      ], 
      "pose_transform_permuted": [
        [
          0.37749193328206726, 
          -0.8119338475712241, 
          -0.44526780269416366, 
          0.0
        ], 
        [
          0.8434582369388802, 
          0.10301628417949049, 
          0.52722438973284, 
          0.0
        ], 
        [
          0.38220139605814957, 
          0.5745880289967609, 
          -0.7237195666724011, 
          0.0
        ], 
        [
          -20.763101273818744, 
          24.92428844120341, 
          74.81505949481415, 
          1.0
        ]
      ], 
      "projected_cuboid": [
        [
          384.3610687409232, 
          491.82607433740384
        ], 
        [
          312.3681295082492, 
          500.4220424329903
        ], 
        [
          293.5379234870808, 
          393.6837857505765
        ], 
        [
          355.5307850254949, 
          392.72643659684127
        ], 
        [
          374.33374695983076, 
          512.904170385767
        ], 
        [
          303.7689962290361, 
          522.7794995883562
        ], 
        [
          286.78860128540884, 
          415.1550529784383
        ], 
        [
          347.69915992070605, 
          412.9809388234566
        ]
      ], 
      "projected_cuboid_centroid": [
        332.3537370929447, 
        450.9594719075438
      ], 
      "quaternion_xyzw": [
        0.8460664968886614, 
        -0.08249502636770838, 
        0.2673301467266243, 
        0.45376262382769617
      ], 
      "visibility": 0.670028653295129
    }, 
    {
      "bounding_box": {
        "bottom_right": [
          416, 
          356
        ], 
        "top_left": [
          317, 
          220
        ]
      }, 
      "class": "024_bowl", 
      "cuboid": [
        [
          -31.630795866775575, 
          8.656914814226806, 
          59.7358273732139
        ], 
        [
          -30.347013844681282, 
          21.1229482631515, 
          69.86934873332375
        ], 
        [
          -32.40654248515823, 
          18.034867853485267, 
          73.92915164492041
        ], 
        [
          -33.69032450725252, 
          5.568834404560573, 
          63.79563028481057
        ], 
        [
          -16.714196927463966, 
          3.9066796087265625, 
          63.68972730484758
        ], 
        [
          -15.430414905369675, 
          16.372713057651257, 
          73.82324866495742
        ], 
        [
          -17.48994354584663, 
          13.284632647985022, 
          77.88305157655408
        ], 
        [
          -18.773725567940918, 
          0.8185991990603297, 
          67.74953021644424
        ]
      ], 
      "cuboid_centroid": [
        -24.5603697063111, 
        10.970773731105915, 
        68.80943947488399
      ], 
      "location": [
        -24.5603697063111, 
        10.970773731105915, 
        68.80943947488399
      ], 
      "pose_transform_permuted": [
        [
          -0.9238401075511348, 
          0.29419962425731455, 
          -0.2448796373052754, 
          0.0
        ], 
        [
          -0.07965687379392959, 
          -0.7734998902165394, 
          -0.6287707867676261, 
          0.0
        ], 
        [
          0.3743985017829081, 
          0.5613773249088855, 
          -0.7380252441081252, 
          0.0
        ], 
        [
          -24.5603697063111, 
          10.970773731105915, 
          68.80943947488399, 
          1.0
        ]
      ], 
      "projected_cuboid": [
        [
          196.84494260343877, 
          350.57520046913044
        ], 
        [
          248.02494641579423, 
          434.52007124430816
        ], 
        [
          245.87040237928227, 
          403.3887776549554
        ], 
        [
          197.605137549009, 
          319.8409560525506
        ], 
        [
          340.47079843455583, 
          305.99995706292475
        ], 
        [
          369.1945121014155, 
          391.5675491967031
        ], 
        [
          360.83315292010195, 
          364.255684708321
        ], 
        [
          332.5800344649188, 
          279.73049386175404
        ]
      ], 
      "projected_cuboid_centroid": [
        289.65126641240784, 
        358.3174366196082
      ], 
      "quaternion_xyzw": [
        0.65700077785727, 
        -0.4367949136008567, 
        -0.5907949224133405, 
        0.16888321704058526
      ], 
      "visibility": 0.7720496297008752
    }, 
    {
      "bounding_box": {
        "bottom_right": [
          339, 
          486
        ], 
        "top_left": [
          254, 
          397
        ]
      }, 
      "class": "025_mug", 
      "cuboid": [
        [
          1.7194477208490384, 
          0.08539700074186585, 
          66.67559732535497
        ], 
        [
          -8.925913400903479, 
          3.9631286497716607, 
          63.75905153126003
        ], 
        [
          -12.281757083690872, 
          -1.4429661295428184, 
          68.82010117358244
        ], 
        [
          -1.6363959619383548, 
          -5.320697778572613, 
          71.7366469676774
        ], 
        [
          2.0970468049935165, 
          6.316048875130139, 
          73.58140946731427
        ], 
        [
          -8.548314316759, 
          10.193780524159934, 
          70.66486367321933
        ], 
        [
          -11.904157999546394, 
          4.787685744845454, 
          75.72591331554175
        ], 
        [
          -1.2587968777938767, 
          0.9099540958156602, 
          78.6424591096367
        ]
      ], 
      "cuboid_centroid": [
        -5.092355139348678, 
        2.43654137279366, 
        71.20075532044837
      ], 
      "location": [
        -5.092355139348678, 
        2.43654137279366, 
        71.20075532044837
      ], 
      "pose_transform_permuted": [
        [
          -0.0405636703487968, 
          -0.6693292417894096, 
          -0.7418584921937295, 
          0.0
        ], 
        [
          0.9099376694987318, 
          -0.33145837508974607, 
          0.24929871824096336, 
          0.0
        ], 
        [
          0.41275769172428567, 
          0.6649318065074858, 
          -0.6224923940235182, 
          0.0
        ], 
        [
          -5.092355139348678, 
          2.43654137279366, 
          71.20075532044837, 
          1.0
        ]
      ], 
      "projected_cuboid": [
        [
          495.46506807730975, 
          273.9696048704723
        ], 
        [
          406.3130907856562, 
          306.43656246875963
        ], 
        [
          385.6267505116873, 
          262.10430951018066
        ], 
        [
          469.3300493302709, 
          233.73029383851426
        ], 
        [
          496.92317285880955, 
          319.06539133255654
        ], 
        [
          416.543864251482, 
          350.2207100364995
        ], 
        [
          397.06025001222287, 
          307.0050691156298
        ], 
        [
          472.98930589505153, 
          279.4574581761958
        ]
      ], 
      "projected_cuboid_centroid": [
        443.13560409135454, 
        291.53712006401565
      ], 
      "quaternion_xyzw": [
        0.9105943070599479, 
        -0.20432152415297197, 
        0.05730736681357946, 
        0.3546644278899171
      ], 
      "visibility": 0.8754724111866969
    }, 
    {
      "bounding_box": {
        "bottom_right": [
          383, 
          412
        ], 
        "top_left": [
          319, 
          359
        ]
      }, 
      "class": "061_foam_brick", 
      "cuboid": [
        [
          -16.52241979527489, 
          6.468266431696942, 
          75.12980787092789
        ], 
        [
          -13.54456139389802, 
          11.029672713183954, 
          69.56478071590668
        ], 
        [
          -15.059895740712543, 
          15.177815419988425, 
          72.15397079214289
        ], 
        [
          -18.037754142089412, 
          10.616409138501414, 
          77.7189979471641
        ], 
        [
          -11.921825232375797, 
          6.5635398027465435, 
          77.66968761093395
        ], 
        [
          -8.943966830998926, 
          11.124946084233555, 
          72.10466045591274
        ], 
        [
          -10.459301177813451, 
          15.273088791038026, 
          74.69385053214894
        ], 
        [
          -13.437159579190322, 
          10.711682509551014, 
          80.25887768717016
        ]
      ], 
      "cuboid_centroid": [
        -13.49086048654417, 
        10.870677611367483, 
        74.91182920153841
      ], 
      "location": [
        -13.49086048654417, 
        10.870677611367483, 
        74.91182920153841
      ], 
      "pose_transform_permuted": [
        [
          -0.8753033725589612, 
          -0.018126592520734064, 
          -0.4832343454582836, 
          0.0
        ], 
        [
          -0.3823944435594993, 
          -0.5857418929159088, 
          0.7146194262809462, 
          0.0
        ], 
        [
          0.2960042153783107, 
          -0.8102949225602214, 
          -0.505770346057769, 
          0.0
        ], 
        [
          -13.49086048654417, 
          10.870677611367483, 
          74.91182920153841, 
          1.0
        ]
      ], 
      "projected_cuboid": [
        [
          363.33291929352345, 
          319.2024434649018
        ], 
        [
          376.8921066238848, 
          357.845712801983
        ], 
        [
          369.3555673182954, 
          385.4719950584318
        ], 
        [
          356.7877509680446, 
          346.13795199952494
        ], 
        [
          399.05355909621784, 
          318.35514092551654
        ], 
        [
          414.8920391139899, 
          355.5718101251497
        ], 
        [
          406.29454038477445, 
          382.33751459786254
        ], 
        [
          391.56315470645177, 
          344.4655802965088
        ]
      ], 
      "projected_cuboid_centroid": [
        384.75122491102144, 
        350.6781237199844
      ], 
      "quaternion_xyzw": [
        -0.26951112191269716, 
        0.8179125429375083, 
        0.14905131292695342, 
        -0.485969683607537
      ], 
      "visibility": 0.9657848324514992
    }
  ]
}