{
  "camera_data": {
    "location_worldframe": [
      -18.056204829899293, 
      -4.278091731431417, 
      96.28699183082456
    ], 
    "quaternion_xyzw_worldframe": [
      0.9526984926500175, 
      -0.005475699521634165, 
      0.06044822314757936, 
      -0.2977979070981373
    ]
  }, 
  "objects": [
    {
      "bounding_box": {
        "bottom_right": [
          405, 
          397
        ], 
        "top_left": [
          262, 
          274
        ]
      }, 
      "class": "003_cracker_box", 
      "cuboid": [
        [
          -12.87164053252857, 
          16.483431663274416, 
          80.89236242828525
        ], 
        [
          -26.801314214317813, 
          10.486445229002962, 
          74.64108571762938
        ], 
        [
          -28.493254583885886, 
          -2.8578898742378303, 
          91.21273637725399
        ], 
        [
          -14.563580902096643, 
          3.1390965600336234, 
          97.46401308790988
        ], 
        [
          -16.620417224779015, 
          21.434270994010458, 
          84.4962853974703
        ], 
        [
          -30.55009090656825, 
          15.437284559739005, 
          78.24500868681442
        ], 
        [
          -32.24203127613633, 
          2.0929494564982125, 
          94.81665934643904
        ], 
        [
          -18.312357594347088, 
          8.089935890769667, 
          101.06793605709493
        ]
      ], 
      "cuboid_centroid": [
        -22.55683590433245, 
        9.288190559886313, 
        87.85451088736215
      ], 
      "location": [
        -22.55683590433245, 
        9.288190559886313, 
        87.85451088736215
      ], 
      "pose_transform_permuted": [
        [
          0.5221137579216169, 
          -0.6895319566994496, 
          -0.5019391441989713, 
          0.0
        ], 
        [
          0.8491839043574532, 
          0.36558963770206476, 
          0.38109173880458885, 
          0.0
        ], 
        [
          0.0792711824637373, 
          0.6252118820808683, 
          -0.7764188187671003, 
          0.0
        ], 
        [
          -22.55683590433245, 
          9.288190559886313, 
          87.85451088736215, 
          1.0
        ]
      ], 
      "projected_cuboid": [
        [
          396.0277406676053, 
          381.96103628998856
        ], 
        [
          288.50257862911906, 
          348.2134571802806
        ], 
        [
          313.6090481902649, 
          256.5764961932619
        ], 
        [
          401.2415662728025, 
          290.46356174528415
        ], 
        [
          375.8189002459419, 
          408.5743369459713
        ], 
        [
          271.63173192925274, 
          378.5073859929425
        ], 
        [
          298.7325345202598, 
          285.0588461331021
        ], 
        [
          384.1603608873334, 
          315.97585573607137
        ]
      ], 
      "projected_cuboid_centroid": [
        343.52499309018145, 
        329.67036924723897
      ], 
      "quaternion_xyzw": [
        0.8626028823620537, 
        0.08298095829865114, 
        0.26176747005904105, 
        0.4248625889854311
      ], 
      "visibility": 0.9056259904912837
    }, 
    {
      "bounding_box": {
        "bottom_right": [
          383, 
          313
        ], 
        "top_left": [
          284, 
          234
        ]
      }, 
      "class": "004_sugar_box", 
      "cuboid": [
        [
          -27.657405404750207, 
          14.497102659562863, 
          82.2374369750448
        ], 
        [
          -36.11150923154733, 
          12.193009837267494, 
          79.21923772680647
        ], 
        [
          -38.159427097391614, 
          1.5252526470528966, 
          93.09929388559885
        ], 
        [
          -29.70532327059449, 
          3.829345469348264, 
          96.11749313383719
        ], 
        [
          -29.430714069765934, 
          17.910200210720507, 
          84.59898832431875
        ], 
        [
          -37.88481789656306, 
          15.606107388425142, 
          81.58078907608044
        ], 
        [
          -39.93273576240734, 
          4.938350198210543, 
          95.46084523487282
        ], 
        [
          -31.478631935610213, 
          7.2424430205059105, 
          98.47904448311114
        ]
      ], 
      "cuboid_centroid": [
        -33.79507058357877, 
        9.717726428886703, 
        88.8491411049588
      ], 
      "location": [
        -33.79507058357877, 
        9.717726428886703, 
        88.8491411049588
      ], 
      "pose_transform_permuted": [
        [
          0.39289862064971454, 
          -0.756214271349578, 
          -0.5232311136961488, 
          0.0
        ], 
        [
          0.9122116219375673, 
          0.2486153817816369, 
          0.32566863241485744, 
          0.0
        ], 
        [
          0.11619194733229127, 
          0.6052525358911713, 
          -0.7875075368351129, 
          0.0
        ], 
        [
          -33.79507058357877, 
          9.717726428886703, 
          88.8491411049588, 
          1.0
        ]
      ], 
      "projected_cuboid": [
        [
          300.7407827168283, 
          367.3019770804619
        ], 
        [
          236.46128072990845, 
          355.37229278809565
        ], 
        [
          261.17899741106726, 
          282.0239523269888
        ], 
        [
          315.3999131841677, 
          294.5341263542137
        ], 
        [
          294.5170654376749, 
          386.19404077892966
        ], 
        [
          231.86803218415545, 
          375.3086289856929
        ], 
        [
          256.64213209315744, 
          300.87605767176234
        ], 
        [
          309.7018636375606, 
          312.50845278686774
        ]
      ], 
      "projected_cuboid_centroid": [
        277.0506580296352, 
        331.61747673865676
      ], 
      "quaternion_xyzw": [
        0.871879474400689, 
        0.03797068239861094, 
        0.2060397320278985, 
        0.4426419744672311
      ], 
      "visibility": 0.5830552465702633
    }, 
    {
      "bounding_box": {
        "bottom_right": [
          291, 
          297
        ], 
        "top_left": [
          205, 
          185
        ]
      }, 
      "class": "024_bowl", 
      "cuboid": [
        [
          -45.02279355863584, 
          -8.483680934152849, 
          76.48933599342085
        ], 
        [
          -43.5119594981488, 
          4.3262976919909635, 
          86.15164262409529
        ], 
        [
          -44.10385340857441, 
          1.077638497239921, 
          90.5511623198892
        ], 
        [
          -45.61468746906145, 
          -11.732340128903893, 
          80.88885568921475
        ], 
        [
          -29.04175607044348, 
          -10.735848195791917, 
          76.97633344701829
        ], 
        [
          -27.530922009956445, 
          2.0741304303518957, 
          86.63864007769273
        ], 
        [
          -28.122815920382056, 
          -1.1745287643991484, 
          91.03815977348664
        ], 
        [
          -29.63364998086909, 
          -13.98450739054296, 
          81.37585314281219
        ]
      ], 
      "cuboid_centroid": [
        -36.572804739508946, 
        -4.829104849275998, 
        83.76374788345375
      ], 
      "location": [
        -36.572804739508946, 
        -4.829104849275998, 
        83.76374788345375
      ], 
      "pose_transform_permuted": [
        [
          -0.9897647212972324, 
          0.13948504305042358, 
          -0.030161552357815744, 
          0.0
        ], 
        [
          -0.09374513430516554, 
          -0.7948412060335962, 
          -0.59953257374822, 
          0.0
        ], 
        [
          0.10759947151133344, 
          0.5905686919878836, 
          -0.799781828859722, 
          0.0
        ], 
        [
          -36.572804739508946, 
          -4.829104849275998, 
          83.76374788345375, 
          1.0
        ]
      ], 
      "projected_cuboid": [
        [
          165.06093966752962, 
          214.13432910425848
        ], 
        [
          209.99265796249964, 
          300.06837534969446
        ], 
        [
          219.67370110360318, 
          279.6335102282061
        ], 
        [
          178.34222148746449, 
          195.9324118307373
        ], 
        [
          278.70858728009773, 
          198.90473998751926
        ], 
        [
          310.7132784370778, 
          286.05421733981285
        ], 
        [
          315.4750987157833, 
          266.40591569501794
        ], 
        [
          285.7661185042615, 
          181.63512832691245
        ]
      ], 
      "projected_cuboid_centroid": [
        246.79933240684548, 
        242.5398695194529
      ], 
      "quaternion_xyzw": [
        -0.6178561948464492, 
        0.3651499673678944, 
        0.643069256366535, 
        -0.2671725198018759
      ], 
      "visibility": 0.7604642065458339
    }, 
    {
      "bounding_box": {
        "bottom_right": [
          247, 
          414
        ], 
        "top_left": [
          173, 
          336
        ]
      }, 
      "class": "025_mug", 
      "cuboid": [
        [
          -10.038631975564794, 
          -11.552478656431479, 
          75.73820071342877
        ], 
        [
          -21.54186488263296, 
          -9.466490860578256, 
          75.30111591072365
        ], 
        [
          -22.79193150433461, 
          -15.175763801850131, 
          80.95295693747372
        ], 
        [
          -11.28869859726644, 
          -17.261751597703352, 
          81.39004174017886
        ], 
        [
          -9.129028663169194, 
          -5.136205854343938, 
          82.42085814378297
        ], 
        [
          -20.63226157023736, 
          -3.050218058490718, 
          81.98377334107782
        ], 
        [
          -21.88232819193901, 
          -8.759490999762592, 
          87.63561436782791
        ], 
        [
          -10.379095284870843, 
          -10.845478795615813, 
          88.07269917053303
        ]
      ], 
      "cuboid_centroid": [
        -15.960480083751902, 
        -10.155984828097035, 
        81.68690754062834
      ], 
      "location": [
        -15.960480083751902, 
        -10.155984828097035, 
        81.68690754062834
      ], 
      "pose_transform_permuted": [
        [
          -0.09771434958796439, 
          -0.6892696135678271, 
          -0.7178860448589067, 
          0.0
        ], 
        [
          0.9832663094697851, 
          -0.17830478946204065, 
          0.03736086753638843, 
          0.0
        ], 
        [
          0.15375406665145247, 
          0.7022217193102195, 
          -0.6951577834687167, 
          0.0
        ], 
        [
          -15.960480083751902, 
          -10.155984828097035, 
          81.68690754062834, 
          1.0
        ]
      ], 
      "projected_cuboid": [
        [
          410.3197610401498, 
          191.93838020100915
        ], 
        [
          327.7555267744645, 
          206.24018815253362
        ], 
        [
          330.19209115684936, 
          173.308324321399
        ], 
        [
          407.00986182788006, 
          160.1765067041523
        ], 
        [
          422.0337104706389, 
          240.0517570411385
        ], 
        [
          346.2618993904059, 
          253.44430631483922
        ], 
        [
          347.31914097174064, 
          219.97935091503427
        ], 
        [
          418.22324232126243, 
          207.61231333470687
        ]
      ], 
      "projected_cuboid_centroid": [
        376.52549576879574, 
        206.97988299490325
      ], 
      "quaternion_xyzw": [
        0.9224117943791308, 
        -0.08999745507834701, 
        -0.016357521233832304, 
        0.37521945335932977
      ], 
      "visibility": 0.8199317738791423
    }, 
    {
      "bounding_box": {
        "bottom_right": [
          283, 
          349
        ], 
        "top_left": [
          227, 
          309
        ]
      }, 
      "class": "061_foam_brick", 
      "cuboid": [
        [
          -26.72402080639197, 
          -7.836285414090378, 
          88.09815259595167
        ], 
        [
          -25.81577683703953, 
          -3.034840769949617, 
          82.03475277564044
        ], 
        [
          -27.355715868744557, 
          0.9022757828380374, 
          84.9217810709517
        ], 
        [
          -28.26395983809699, 
          -3.899168861302723, 
          90.98518089126293
        ], 
        [
          -21.74908275820675, 
          -6.950950908754201, 
          89.54442735251811
        ], 
        [
          -20.840838788854313, 
          -2.1495062646134406, 
          83.48102753220688
        ], 
        [
          -22.380777820559338, 
          1.7876102881742146, 
          86.36805582751813
        ], 
        [
          -23.289021789911775, 
          -3.0138343559665466, 
          92.43145564782937
        ]
      ], 
      "cuboid_centroid": [
        -24.552399313475654, 
        -3.0243375629580815, 
        87.2331042117349
      ], 
      "location": [
        -24.552399313475654, 
        -3.0243375629580815, 
        87.2331042117349
      ], 
      "pose_transform_permuted": [
        [
          -0.946525496283757, 
          -0.16844263665678127, 
          -0.2751664278957372, 
          0.0
        ], 
        [
          -0.11662994020004841, 
          -0.6165658354101098, 
          0.778616739900939, 
          0.0
        ], 
        [
          0.3008104751063724, 
          -0.7690732401801178, 
          -0.5639498287127448, 
          0.0
        ], 
        [
          -24.552399313475654, 
          -3.0243375629580815, 
          87.2331042117349, 
          1.0
        ]
      ], 
      "projected_cuboid": [
        [
          318.46973467091834, 
          225.84803504460012
        ], 
        [
          312.3664027629505, 
          253.55660695029138
        ], 
        [
          308.3680165483027, 
          278.95294462458565
        ], 
        [
          314.5441440728378, 
          250.43113349189423
        ], 
        [
          350.9817480405288, 
          231.88721977812742
        ], 
        [
          347.3455686938208, 
          259.5543904629451
        ], 
        [
          342.24488747174934, 
          284.3249660741719
        ], 
        [
          346.10209240765124, 
          255.89703706742796
        ]
      ], 
      "projected_cuboid_centroid": [
        330.2394277419447, 
        254.79655687826752
      ], 
      "quaternion_xyzw": [
        0.3120349529762538, 
        -0.734994831321266, 
        -0.13452720182568434, 
        0.5867871999465248
      ], 
      "visibility": 0.9189034837235865
    }
  ]
}