{
  "camera_data": {
    "location_worldframe": [
      -14.686614261429925, 
      -2.3456004772925922, 
      96.10779264101164
    ], 
    "quaternion_xyzw_worldframe": [
      0.9500195918490099, 
      -0.011116260490939372, 
      0.1010734138209486, 
      -0.2951699384190392
    ]
  }, 
  "objects": [
    {
      "bounding_box": {
        "bottom_right": [
          417, 
          425
        ], 
        "top_left": [
          276, 
          309
        ]
      }, 
      "class": "003_cracker_box", 
      "cuboid": [
        [
          -7.642446038437178, 
          18.151653173187604, 
          81.10256083177528
        ], 
        [
          -21.2731451981593, 
          12.619949721064724, 
          73.84429567940734
        ], 
        [
          -24.661467287931853, 
          -0.5822370372425321, 
          90.26912704417731
        ], 
        [
          -11.030768128209733, 
          4.949466414880349, 
          97.52739219654526
        ], 
        [
          -11.470857415849862, 
          23.247292832119665, 
          84.40863408059458
        ], 
        [
          -25.101556575571983, 
          17.715589379996782, 
          77.15036892822663
        ], 
        [
          -28.489878665344538, 
          4.513402621689526, 
          93.57520029299661
        ], 
        [
          -14.859179505622416, 
          10.045106073812407, 
          100.83346544536455
        ]
      ], 
      "cuboid_centroid": [
        -18.066162351890856, 
        11.332527897438565, 
        87.33888056238595
      ], 
      "location": [
        -18.066162351890856, 
        11.332527897438565, 
        87.33888056238595
      ], 
      "pose_transform_permuted": [
        [
          0.5332049399642587, 
          -0.7096991338105834, 
          -0.46045589524537456, 
          0.0
        ], 
        [
          0.8309577522054274, 
          0.33722495174904443, 
          0.44247999499136514, 
          0.0
        ], 
        [
          0.15875045211719863, 
          0.6185519148675904, 
          -0.7695400071251803, 
          0.0
        ], 
        [
          -18.066162351890856, 
          11.332527897438565, 
          87.33888056238595, 
          1.0
        ]
      ], 
      "projected_cuboid": [
        [
          430.9225596285687, 
          392.6493793628731
        ], 
        [
          326.6774246223537, 
          364.4305628916213
        ], 
        [
          334.6802862726752, 
          269.8466197704502
        ], 
        [
          420.7736424294889, 
          300.35224030211185
        ], 
        [
          408.51669718674924, 
          420.1700488702099
        ], 
        [
          306.6307778799785, 
          395.74960426386144
        ], 
        [
          317.86959034214306, 
          299.01008436280665
        ], 
        [
          402.3502432906198, 
          326.4162381314151
        ]
      ], 
      "projected_cuboid_centroid": [
        370.35987450725696, 
        342.48663552814236
      ], 
      "quaternion_xyzw": [
        0.8529310585150468, 
        0.05231211182020091, 
        0.28598001128435036, 
        0.43357523628906175
      ], 
      "visibility": 0.928887134964483
    }, 
    {
      "bounding_box": {
        "bottom_right": [
          399, 
          332
        ], 
        "top_left": [
          300, 
          264
        ]
      }, 
      "class": "004_sugar_box", 
      "cuboid": [
        [
          -22.548270750766015, 
          16.692237100106723, 
          81.34850756542787
        ], 
        [
          -30.83125275034593, 
          14.67317265646031, 
          77.71452491314082
        ], 
        [
          -34.27986986252515, 
          4.146326842873149, 
          91.4237746102029
        ], 
        [
          -25.99688786294524, 
          6.16539128651956, 
          95.05775726248996
        ], 
        [
          -24.370095801074328, 
          20.176103657837274, 
          83.56535455707873
        ], 
        [
          -32.65307780065424, 
          18.157039214190863, 
          79.93137190479169
        ], 
        [
          -36.10169491283346, 
          7.6301934006037015, 
          93.64062160185378
        ], 
        [
          -27.818712913253552, 
          9.649257844250112, 
          97.27460425414083
        ]
      ], 
      "cuboid_centroid": [
        -29.32498283179974, 
        12.161215250355212, 
        87.49456458364082
      ], 
      "location": [
        -29.32498283179974, 
        12.161215250355212, 
        87.49456458364082
      ], 
      "pose_transform_permuted": [
        [
          0.4036480300652479, 
          -0.7718940261580838, 
          -0.4911700610245309, 
          0.0
        ], 
        [
          0.8937472970661428, 
          0.21786035381977842, 
          0.392112668267482, 
          0.0
        ], 
        [
          0.19566289476280954, 
          0.597257700002152, 
          -0.7778165547228002, 
          0.0
        ], 
        [
          -29.32498283179974, 
          12.161215250355212, 
          87.49456458364082, 
          1.0
        ]
      ], 
      "projected_cuboid": [
        [
          332.53903427418885, 
          382.72059152277166
        ], 
        [
          268.2529307659156, 
          373.9818756121803
        ], 
        [
          279.9593591457422, 
          297.4740899935971
        ], 
        [
          334.52657984734964, 
          307.87733841378594
        ], 
        [
          324.7693897102402, 
          402.0517571305485
        ], 
        [
          261.912983939966, 
          394.4342720259438
        ], 
        [
          274.27046047094075, 
          316.74344262723514
        ], 
        [
          327.80664310532325, 
          326.1897413495159
        ]
      ], 
      "projected_cuboid_centroid": [
        301.3582089466129, 
        347.4147341618263
      ], 
      "quaternion_xyzw": [
        0.8634487619559174, 
        0.006426976340404478, 
        0.23040182967259754, 
        0.4486978988105849
      ], 
      "visibility": 0.6150268336314848
    }, 
    {
      "bounding_box": {
        "bottom_right": [
          308, 
          324
        ], 
        "top_left": [
          221, 
          210
        ]
      }, 
      "class": "024_bowl", 
      "cuboid": [
        [
          -40.24123466018883, 
          -5.689626901646576, 
          74.36821917319305
        ], 
        [
          -38.99948187377301, 
          7.1025397158717665, 
          84.09225458205712
        ], 
        [
          -40.03085267158445, 
          3.896447726795599, 
          88.44163924583674
        ], 
        [
          -41.27260545800027, 
          -8.895718890722742, 
          78.71760383697267
        ], 
        [
          -24.43013669948545, 
          -8.499816750305332, 
          76.04601456738015
        ], 
        [
          -23.188383913069625, 
          4.2923498672130105, 
          85.77004997624424
        ], 
        [
          -24.21975471088107, 
          1.086257878136843, 
          90.11943464002385
        ], 
        [
          -25.461507497296893, 
          -11.7059087393815, 
          80.39539923115979
        ]
      ], 
      "cuboid_centroid": [
        -32.23049468553495, 
        -2.3016845117548663, 
        82.24382690660845
      ], 
      "location": [
        -32.23049468553495, 
        -2.3016845117548663, 
        82.24382690660845
      ], 
      "pose_transform_permuted": [
        [
          -0.9792397382235873, 
          0.17404544444658934, 
          -0.10391207028632166, 
          0.0
        ], 
        [
          -0.07704901867173888, 
          -0.7937359958821245, 
          -0.6033627578519692, 
          0.0
        ], 
        [
          0.1874912899457527, 
          0.5828304660091143, 
          -0.7906678595251463, 
          0.0
        ], 
        [
          -32.23049468553495, 
          -2.3016845117548663, 
          82.24382690660845, 
          1.0
        ]
      ], 
      "projected_cuboid": [
        [
          190.60868355026196, 
          232.4843044289709
        ], 
        [
          232.19814205312605, 
          318.3313942473472
        ], 
        [
          238.19189984525974, 
          296.7828446444826
        ], 
        [
          199.64079686050124, 
          213.01715909341058
        ], 
        [
          308.8378713675642, 
          213.6763302395501
        ], 
        [
          336.2097398030648, 
          299.9764401400653
        ], 
        [
          337.0720545366228, 
          279.71492494478434
        ], 
        [
          311.28530123225863, 
          195.63296042314713
        ]
      ], 
      "projected_cuboid_centroid": [
        270.8529808137586, 
        258.3609992441085
      ], 
      "quaternion_xyzw": [
        0.6343684886609078, 
        -0.38669452509343416, 
        -0.6236921144271691, 
        0.2430064016815325
      ], 
      "visibility": 0.7880010083186287
    }, 
    {
      "bounding_box": {
        "bottom_right": [
          259, 
          442
        ], 
        "top_left": [
          185, 
          368
        ]
      }, 
      "class": "025_mug", 
      "cuboid": [
        [
          -5.428330374097541, 
          -9.98936059581256, 
          76.22540677350082
        ], 
        [
          -16.78637036416913, 
          -7.502385216240028, 
          74.93055675562427
        ], 
        [
          -18.653689271821932, 
          -13.138800428163233, 
          80.48444860946965
        ], 
        [
          -7.295649281750347, 
          -15.625775807735764, 
          81.77929862734622
        ], 
        [
          -4.790813813366477, 
          -3.579116930282637, 
          82.94524263247273
        ], 
        [
          -16.148853803438065, 
          -1.092141550710106, 
          81.65039261459616
        ], 
        [
          -18.01617271109087, 
          -6.728556762633313, 
          87.20428446844156
        ], 
        [
          -6.658132721019282, 
          -9.215532142205845, 
          88.49913448631811
        ]
      ], 
      "cuboid_centroid": [
        -11.722251542594206, 
        -8.358958679222935, 
        81.71484562097119
      ], 
      "location": [
        -11.722251542594206, 
        -8.358958679222935, 
        81.71484562097119
      ], 
      "pose_transform_permuted": [
        [
          -0.06848536635088603, 
          -0.6886219321562973, 
          -0.7218799462899754, 
          0.0
        ], 
        [
          0.9708555980802368, 
          -0.21258016098343532, 
          0.1106803981698112, 
          0.0
        ], 
        [
          0.2296740596080728, 
          0.6932604591822595, 
          -0.6831103586372773, 
          0.0
        ], 
        [
          -11.722251542594206, 
          -8.358958679222935, 
          81.71484562097119, 
          1.0
        ]
      ], 
      "projected_cuboid": [
        [
          443.30064176695527, 
          203.39485941112054
        ], 
        [
          361.12410903826424, 
          219.8881764910255
        ], 
        [
          356.9607814311657, 
          186.2240098933392
        ], 
        [
          433.62236479684213, 
          171.38382689948006
        ], 
        [
          450.53648982560253, 
          250.2736069344191
        ], 
        [
          375.23784379655166, 
          266.1529473404458
        ], 
        [
          370.49645653720285, 
          232.136368470101
        ], 
        [
          441.13899882240855, 
          217.75126309644375
        ]
      ], 
      "projected_cuboid_centroid": [
        404.4531298428853, 
        218.73101230344383
      ], 
      "quaternion_xyzw": [
        0.9200538032572431, 
        -0.12017074953274652, 
        0.011465370739608696, 
        0.37273154187756885
      ], 
      "visibility": 0.8219042920572275
    }, 
    {
      "bounding_box": {
        "bottom_right": [
          295, 
          373
        ], 
        "top_left": [
          240, 
          335
        ]
      }, 
      "class": "061_foam_brick", 
      "cuboid": [
        [
          -22.843159411597526, 
          -5.633667968933363, 
          87.30393562338551
        ], 
        [
          -21.318069249121834, 
          -0.8943414658647248, 
          81.31590761299725
        ], 
        [
          -22.9277905966326, 
          3.1073656429431056, 
          84.07314694758827
        ], 
        [
          -24.452880759108293, 
          -1.6319608601255322, 
          90.06117495797655
        ], 
        [
          -17.961094066697864, 
          -4.917238591156789, 
          89.11437848519847
        ], 
        [
          -16.436003904222172, 
          -0.1779120880881508, 
          83.12635047481021
        ], 
        [
          -18.04572525173294, 
          3.8237950207196794, 
          85.88358980940123
        ], 
        [
          -19.57081541420863, 
          -0.9155314823489583, 
          91.87161781978949
        ]
      ], 
      "cuboid_centroid": [
        -20.444442331665233, 
        -0.9049364741068415, 
        86.59376271639337
      ], 
      "location": [
        -20.444442331665233, 
        -0.9049364741068415, 
        86.59376271639337
      ], 
      "pose_transform_permuted": [
        [
          -0.928855651811897, 
          -0.13630695815390154, 
          -0.3444525965295183, 
          0.0
        ], 
        [
          -0.1958407437332516, 
          -0.6085890854144612, 
          0.7689380522567449, 
          0.0
        ], 
        [
          0.3144416976024387, 
          -0.7816903084170995, 
          -0.5385969555573784, 
          0.0
        ], 
        [
          -20.444442331665233, 
          -0.9049364741068415, 
          86.59376271639337, 
          1.0
        ]
      ], 
      "projected_cuboid": [
        [
          340.8905923872536, 
          238.87176124242004
        ], 
        [
          340.61493032851746, 
          267.42089825866833
        ], 
        [
          334.94214730265236, 
          292.99817016867667
        ], 
        [
          335.5865444728261, 
          263.62247701310025
        ], 
        [
          373.2101816683296, 
          243.85851884056916
        ], 
        [
          375.26867328285783, 
          272.14509486359947
        ], 
        [
          368.6029367274771, 
          297.0315254826318
        ], 
        [
          367.040685108879, 
          267.9718294769636
        ]
      ], 
      "projected_cuboid_centroid": [
        354.63312729572954, 
        267.7131533861998
      ], 
      "quaternion_xyzw": [
        0.30287024630160003, 
        -0.7619028233114559, 
        -0.1320017412637365, 
        0.5570899766093287
      ], 
      "visibility": 0.9613920609026645
    }
  ]
}