{
  "camera_data": {
    "location_worldframe": [
      -13.991432187074931, 
      -1.1876074649861463, 
      96.41257983383082
    ], 
    "quaternion_xyzw_worldframe": [
      0.9484717753677546, 
      -0.01985383132323986, 
      0.11758570147141578, 
      -0.29356806587949447
    ]
  }, 
  "objects": [
    {
      "bounding_box": {
        "bottom_right": [
          423, 
          436
        ], 
        "top_left": [
          284, 
          321
        ]
      }, 
      "class": "003_cracker_box", 
      "cuboid": [
        [
          -6.007401713972889, 
          19.098013077168886, 
          81.59155588959291
        ], 
        [
          -19.58403455135394, 
          13.924268299436157, 
          73.9767334057141
        ], 
        [
          -23.75753633025416, 
          0.8350451527816466, 
          90.31098170384512
        ], 
        [
          -10.18090349287311, 
          6.008789930514376, 
          97.92580418772391
        ], 
        [
          -9.784525021833216, 
          24.29761190933519, 
          84.79310380219638
        ], 
        [
          -23.361157859214266, 
          19.123867131602463, 
          77.17828131831759
        ], 
        [
          -27.53465963811449, 
          6.034643984947949, 
          93.5125296164486
        ], 
        [
          -13.958026800733435, 
          11.208388762680679, 
          101.1273521003274
        ]
      ], 
      "cuboid_centroid": [
        -16.77103067604369, 
        12.566328531058419, 
        87.55204275302076
      ], 
      "location": [
        -16.77103067604369, 
        12.566328531058419, 
        87.55204275302076
      ], 
      "pose_transform_permuted": [
        [
          0.5260617546190547, 
          -0.7241781276434147, 
          -0.44589804862771, 
          0.0
        ], 
        [
          0.8276617488855607, 
          0.3154029944181529, 
          0.4642165233420261, 
          0.0
        ], 
        [
          0.19553787295257308, 
          0.6132593175443328, 
          -0.7652959882857369, 
          0.0
        ], 
        [
          -16.77103067604369, 
          12.566328531058419, 
          87.55204275302076, 
          1.0
        ]
      ], 
      "projected_cuboid": [
        [
          442.00272080610716, 
          398.1198526873746
        ], 
        [
          339.23353639879076, 
          373.67059961188403
        ], 
        [
          340.13090463955774, 
          278.21778692158085
        ], 
        [
          425.6881734609623, 
          306.0113684557571
        ], 
        [
          419.54290134679854, 
          426.1101955016266
        ], 
        [
          318.8208333939802, 
          405.43683561738317
        ], 
        [
          323.2530561965295, 
          307.7032501358308
        ], 
        [
          407.3725945466022, 
          332.39669066300297
        ]
      ], 
      "projected_cuboid_centroid": [
        378.58568803582756, 
        349.8337992838509
      ], 
      "quaternion_xyzw": [
        0.849532094016701, 
        0.03527386496337106, 
        0.29141873654205136, 
        0.43832190873646676
      ], 
      "visibility": 0.9350845171018173
    }, 
    {
      "bounding_box": {
        "bottom_right": [
          408, 
          341
        ], 
        "top_left": [
          310, 
          275
        ]
      }, 
      "class": "004_sugar_box", 
      "cuboid": [
        [
          -20.948198141196812, 
          18.0372558897205, 
          81.44298031729454
        ], 
        [
          -29.18303095597518, 
          16.236076601717414, 
          77.5915489424414
        ], 
        [
          -33.273415855995005, 
          5.819903431660575, 
          91.2085624875227
        ], 
        [
          -25.038583041216633, 
          7.621082719663663, 
          95.05999386237585
        ], 
        [
          -22.73436884095734, 
          21.57091294745458, 
          83.60946256278811
        ], 
        [
          -30.969201655735713, 
          19.769733659451493, 
          79.75803118793496
        ], 
        [
          -35.05958655575554, 
          9.353560489394654, 
          93.37504473301627
        ], 
        [
          -26.824753740977165, 
          11.154739777397744, 
          97.2264761078694
        ]
      ], 
      "cuboid_centroid": [
        -28.00389234847617, 
        13.695408189557579, 
        87.4090125251554
      ], 
      "location": [
        -28.00389234847617, 
        13.695408189557579, 
        87.4090125251554
      ], 
      "pose_transform_permuted": [
        [
          0.395748364639399, 
          -0.7829257315564624, 
          -0.480011124238754, 
          0.0
        ], 
        [
          0.888551921321695, 
          0.19435018937212753, 
          0.41557574087270976, 
          0.0
        ], 
        [
          0.232074632873993, 
          0.590978507763698, 
          -0.7725833867858299, 
          0.0
        ], 
        [
          -28.00389234847617, 
          13.695408189557579, 
          87.4090125251554, 
          1.0
        ]
      ], 
      "projected_cuboid": [
        [
          343.27714079616965, 
          391.4013436427684
        ], 
        [
          279.33813506546124, 
          384.88396996447386
        ], 
        [
          285.41761719940473, 
          307.31698849636524
        ], 
        [
          339.9512676486682, 
          316.0434591027245
        ], 
        [
          335.3728839940714, 
          410.8808957147869
        ], 
        [
          272.78897713501044, 
          405.4812017366028
        ], 
        [
          279.6824763584254, 
          326.71020161269024
        ], 
        [
          333.22814814229366, 
          334.4739985026219
        ]
      ], 
      "projected_cuboid_centroid": [
        309.3095071099603, 
        356.8480515600438
      ], 
      "quaternion_xyzw": [
        0.8601659074452072, 
        -0.010964292811229709, 
        0.23580454028974354, 
        0.4520956669168437
      ], 
      "visibility": 0.6207507082152974
    }, 
    {
      "bounding_box": {
        "bottom_right": [
          318, 
          331
        ], 
        "top_left": [
          232, 
          217
        ]
      }, 
      "class": "024_bowl", 
      "cuboid": [
        [
          -39.04171179288538, 
          -3.871886904721307, 
          74.0047442035896
        ], 
        [
          -37.716602887348515, 
          8.89311179365699, 
          83.75344852799249
        ], 
        [
          -38.948053272021134, 
          5.72041126864971, 
          88.07518427271661
        ], 
        [
          -40.273162177558, 
          -7.044587429728587, 
          78.32647994831372
        ], 
        [
          -23.361295368346635, 
          -7.101306354045726, 
          76.10197424976943
        ], 
        [
          -22.03618646280977, 
          5.66369234433257, 
          85.85067857417232
        ], 
        [
          -23.267636847482386, 
          2.49099181932529, 
          90.17241431889644
        ], 
        [
          -24.59274575301925, 
          -10.274006879053006, 
          80.42370999449355
        ]
      ], 
      "cuboid_centroid": [
        -31.154674320183883, 
        -0.6904475426980087, 
        82.08857926124303
      ], 
      "location": [
        -31.154674320183883, 
        -0.6904475426980087, 
        82.08857926124303
      ], 
      "pose_transform_permuted": [
        [
          -0.9711461476593796, 
          0.20000988318650087, 
          -0.12988920861283526, 
          0.0
        ], 
        [
          -0.0822211489450268, 
          -0.7920502646061468, 
          -0.6048934294596796, 
          0.0
        ], 
        [
          0.22386344621779158, 
          0.576760283796531, 
          -0.7856416056208064, 
          0.0
        ], 
        [
          -31.154674320183883, 
          -0.6904475426980087, 
          82.08857926124303, 
          1.0
        ]
      ], 
      "projected_cuboid": [
        [
          197.8959628704339, 
          245.38355510737756
        ], 
        [
          239.42636133761704, 
          329.915497842143
        ], 
        [
          243.79045209295305, 
          307.92520923209366
        ], 
        [
          205.09469700708112, 
          225.3204295323549
        ], 
        [
          316.5177241476794, 
          223.52086787831382
        ], 
        [
          343.56358623985165, 
          308.4703954704519
        ], 
        [
          342.83514317604516, 
          288.01936651663505
        ], 
        [
          317.1543473424666, 
          205.15577074116268
        ]
      ], 
      "projected_cuboid_centroid": [
        277.50213912039493, 
        268.8007837024951
      ], 
      "quaternion_xyzw": [
        0.6372653182671131, 
        -0.39854424903683255, 
        -0.6182823432964755, 
        0.22974407426830776
      ], 
      "visibility": 0.7854793827472806
    }, 
    {
      "bounding_box": {
        "bottom_right": [
          266, 
          448
        ], 
        "top_left": [
          192, 
          374
        ]
      }, 
      "class": "025_mug", 
      "cuboid": [
        [
          -4.417436103427205, 
          -9.097304882692118, 
          76.78539772331152
        ], 
        [
          -15.666718828262145, 
          -6.309435230272656, 
          75.18909684274135
        ], 
        [
          -17.8303413819373, 
          -11.88796983625695, 
          80.69368221889377
        ], 
        [
          -6.58105865710236, 
          -14.675839488676413, 
          82.28998309946394
        ], 
        [
          -3.7870671125034145, 
          -2.6990787491357846, 
          83.51735007514496
        ], 
        [
          -15.036349837338353, 
          0.08879090328367673, 
          81.92104919457479
        ], 
        [
          -17.199972391013507, 
          -5.489743702700617, 
          87.42563457072721
        ], 
        [
          -5.950689666178567, 
          -8.277613355120078, 
          89.02193545129738
        ]
      ], 
      "cuboid_centroid": [
        -10.808704247220357, 
        -7.293524292696367, 
        82.10551614701936
      ], 
      "location": [
        -10.808704247220357, 
        -7.293524292696367, 
        82.10551614701936
      ], 
      "pose_transform_permuted": [
        [
          -0.06771753698468372, 
          -0.6873309459599529, 
          -0.7231815633829648, 
          0.0
        ], 
        [
          0.9615593110554337, 
          -0.23829981767412128, 
          0.13644763070711766, 
          0.0
        ], 
        [
          0.2661184296509855, 
          0.6861413357780655, 
          -0.6770458246948909, 
          0.0
        ], 
        [
          -10.808704247220357, 
          -7.293524292696367, 
          82.10551614701936, 
          1.0
        ]
      ], 
      "projected_cuboid": [
        [
          450.6597000527119, 
          210.10042458131915
        ], 
        [
          369.54627960189663, 
          228.53343535949315
        ], 
        [
          362.77096330411945, 
          194.71672999293304
        ], 
        [
          438.58993249560746, 
          178.1727427905049
        ], 
        [
          457.2123343877432, 
          256.05093900541385
        ], 
        [
          382.8921821262352, 
          273.8645814512664
        ], 
        [
          375.798280169703, 
          239.79764381879545
        ], 
        [
          445.6501222407428, 
          223.696363584253
        ]
      ], 
      "projected_cuboid_centroid": [
        410.80362554476727, 
        225.91116640878298
      ], 
      "quaternion_xyzw": [
        0.917998122304243, 
        -0.13736908471527692, 
        0.018717384069892304, 
        0.37156306137918826
      ], 
      "visibility": 0.8295057413879181
    }, 
    {
      "bounding_box": {
        "bottom_right": [
          303, 
          380
        ], 
        "top_left": [
          248, 
          342
        ]
      }, 
      "class": "061_foam_brick", 
      "cuboid": [
        [
          -21.99694614963551, 
          -4.266322916783061, 
          87.39690984362066
        ], 
        [
          -20.18778595541823, 
          0.4241229571728204, 
          81.4496203723814
        ], 
        [
          -21.762483180274454, 
          4.470353412376491, 
          84.16173746110441
        ], 
        [
          -23.571643374491728, 
          -0.2200924615793882, 
          90.10902693234367
        ], 
        [
          -17.147135777742903, 
          -3.6785039200057352, 
          89.33581278724928
        ], 
        [
          -15.337975583525628, 
          1.0119419539501455, 
          83.38852331601002
        ], 
        [
          -16.91267280838185, 
          5.058172409153817, 
          86.10064040473303
        ], 
        [
          -18.721833002599123, 
          0.36772653519793685, 
          92.04792987597229
        ]
      ], 
      "cuboid_centroid": [
        -19.454809479008677, 
        0.3959247461853786, 
        86.74877512417684
      ], 
      "location": [
        -19.454809479008677, 
        0.3959247461853786, 
        86.74877512417684
      ], 
      "pose_transform_permuted": [
        [
          -0.9227188609539154, 
          -0.11183770777862026, 
          -0.3688932511699463, 
          0.0
        ], 
        [
          -0.23231890591501494, 
          -0.6023121983194373, 
          0.7637067118403879, 
          0.0
        ], 
        [
          0.307600113124751, 
          -0.7903874637634575, 
          -0.5297828116607879, 
          0.0
        ], 
        [
          -19.454809479008677, 
          0.3959247461853786, 
          86.74877512417684, 
          1.0
        ]
      ], 
      "projected_cuboid": [
        [
          346.2471332478495, 
          247.25228157896674
        ], 
        [
          348.3089722806788, 
          276.06362985366974
        ], 
        [
          342.5424256759571, 
          301.61445860710165
        ], 
        [
          340.9232423030624, 
          271.9838980144455
        ], 
        [
          378.3785239064369, 
          251.32649624562103
        ], 
        [
          382.6840407039033, 
          279.75851325588496
        ], 
        [
          375.9645576758925, 
          304.6175755692743
        ], 
        [
          372.2200505221675, 
          275.41712106719274
        ]
      ], 
      "projected_cuboid_centroid": [
        360.9948300929699, 
        275.7206290714878
      ], 
      "quaternion_xyzw": [
        0.2941882396916446, 
        -0.7732398755962505, 
        -0.13512789403155365, 
        0.5452465741933865
      ], 
      "visibility": 0.9718384697130712
    }
  ]
}