{
  "camera_data": {
    "location_worldframe": [
      -13.125322589754033, 
      2.8184307276900396, 
      84.89193817524308
    ], 
    "quaternion_xyzw_worldframe": [
      0.9102534453744885, 
      0.018748437909626447, 
      0.053567640276973055, 
      -0.4101494708620859
    ]
  }, 
  "objects": [
    {
      "bounding_box": {
        "bottom_right": [
          476, 
          415
        ], 
        "top_left": [
          311, 
          283
        ]
      }, 
      "class": "003_cracker_box", 
      "cuboid": [
        [
          -9.274011590708316, 
          26.89621018501066, 
          74.87473360507222
        ], 
        [
          -22.791885930415155, 
          21.68434555596317, 
          67.18177213945086
        ], 
        [
          -23.631094245652946, 
          4.741402589912188, 
          80.13499414014144
        ], 
        [
          -10.113219905946107, 
          9.953267218959681, 
          87.82795560576282
        ], 
        [
          -13.331484580196717, 
          30.61949443553871, 
          79.48195238263038
        ], 
        [
          -26.849358919903555, 
          25.407629806491215, 
          71.78899091700902
        ], 
        [
          -27.68856723514135, 
          8.464686840440237, 
          84.74221291769962
        ], 
        [
          -14.170692895434508, 
          13.67655146948773, 
          92.43517438332097
        ]
      ], 
      "cuboid_centroid": [
        -18.48128941292483, 
        17.680448512725448, 
        79.80847326138591
      ], 
      "location": [
        -18.48128941292483, 
        17.680448512725448, 
        79.80847326138591
      ], 
      "pose_transform_permuted": [
        [
          0.5651076722138666, 
          -0.5185632784882082, 
          -0.641673939792311, 
          0.0
        ], 
        [
          0.8240797001162203, 
          0.3177268653797041, 
          0.4689800495461909, 
          0.0
        ], 
        [
          0.039318782552178966, 
          0.7938146919902329, 
          -0.6068873603223797, 
          0.0
        ], 
        [
          -18.48128941292483, 
          17.680448512725448, 
          79.80847326138591, 
          1.0
        ]
      ], 
      "projected_cuboid": [
        [
          414.98942331961945, 
          464.8635214858103
        ], 
        [
          299.156866030721, 
          445.42677431280566
        ], 
        [
          323.0152619467117, 
          304.84182640482186
        ], 
        [
          419.6745783435772, 
          333.72597651549466
        ], 
        [
          391.3980679926968, 
          478.74168244818566
        ], 
        [
          280.4712565715641, 
          462.03952593510985
        ], 
        [
          305.8887101676322, 
          326.55849185172383
        ], 
        [
          399.15563057729736, 
          352.1955980615127
        ]
      ], 
      "projected_cuboid_centroid": [
        357.06677748025953, 
        391.4360156716427
      ], 
      "quaternion_xyzw": [
        0.9027137325723428, 
        0.07710309281387104, 
        0.28638307041517913, 
        0.31168536552655
      ], 
      "visibility": 0.9184517314649974
    }, 
    {
      "bounding_box": {
        "bottom_right": [
          450, 
          322
        ], 
        "top_left": [
          327, 
          239
        ]
      }, 
      "class": "004_sugar_box", 
      "cuboid": [
        [
          -23.903121010175127, 
          23.736883996818353, 
          75.49293541432661
        ], 
        [
          -32.192609706492256, 
          21.686981156014877, 
          71.89119729961287
        ], 
        [
          -33.55750142080297, 
          7.95074983997164, 
          82.85039388815024
        ], 
        [
          -25.268012724485843, 
          10.000652680775115, 
          86.45213200286396
        ], 
        [
          -25.890880113832747, 
          26.382882501202666, 
          78.5618585073705
        ], 
        [
          -34.18036881014987, 
          24.332979660399186, 
          74.96012039265676
        ], 
        [
          -35.545260524460595, 
          10.596748344355948, 
          85.91931698119411
        ], 
        [
          -27.255771828143466, 
          12.646651185159424, 
          89.52105509590785
        ]
      ], 
      "cuboid_centroid": [
        -29.72419076731786, 
        17.16681617058715, 
        80.70612619776037
      ], 
      "location": [
        -29.72419076731786, 
        17.16681617058715, 
        80.70612619776037
      ], 
      "pose_transform_permuted": [
        [
          0.44041278623316654, 
          -0.5862539235968739, 
          -0.6799581335865785, 
          0.0
        ], 
        [
          0.8944493802798951, 
          0.22118786728128007, 
          0.38863342995659816, 
          0.0
        ], 
        [
          0.07743934892530048, 
          0.7793474007122246, 
          -0.6217878236511187, 
          0.0
        ], 
        [
          -29.72419076731786, 
          17.16681617058715, 
          80.70612619776037, 
          1.0
        ]
      ], 
      "projected_cuboid": [
        [
          311.3263236015857, 
          440.9756735208989
        ], 
        [
          240.78834994606638, 
          434.1698197295974
        ], 
        [
          263.7825730502329, 
          324.466627677523
        ], 
        [
          324.42074816761954, 
          334.98014571078187
        ], 
        [
          304.3713264881757, 
          452.38754406410885
        ], 
        [
          236.38705121379724, 
          446.4086528048704
        ], 
        [
          259.1213466902331, 
          339.0628221576517
        ], 
        [
          317.8682865097975, 
          348.62866538771067
        ]
      ], 
      "projected_cuboid_centroid": [
        283.5377518378297, 
        386.72773105814224
      ], 
      "quaternion_xyzw": [
        0.9156629994952697, 
        0.03924711341269014, 
        0.22635134777935498, 
        0.32982706189774164
      ], 
      "visibility": 0.5723778501628665
    }, 
    {
      "bounding_box": {
        "bottom_right": [
          350, 
          306
        ], 
        "top_left": [
          267, 
          175
        ]
      }, 
      "class": "024_bowl", 
      "cuboid": [
        [
          -39.76613246661319, 
          1.7190766404109097, 
          64.25481894551883
        ], 
        [
          -39.07693010863248, 
          11.9684539487962, 
          76.67309605169885
        ], 
        [
          -39.46090459794454, 
          7.746756732482993, 
          80.17876784521417
        ], 
        [
          -40.15010695592525, 
          -2.502620575902296, 
          67.76049073903414
        ], 
        [
          -23.674023020112383, 
          0.41060931970939435, 
          64.44166092611813
        ], 
        [
          -22.98482066213167, 
          10.659986628094684, 
          76.85993803229816
        ], 
        [
          -23.36879515144373, 
          6.438289411781478, 
          80.36560982581346
        ], 
        [
          -24.057997509424446, 
          -3.8110878966038104, 
          67.94733271963345
        ]
      ], 
      "cuboid_centroid": [
        -31.56746380902846, 
        4.0786830260961935, 
        72.31021438566614
      ], 
      "location": [
        -31.56746380902846, 
        4.0786830260961935, 
        72.31021438566614
      ], 
      "pose_transform_permuted": [
        [
          -0.996643818223219, 
          0.08103821757239116, 
          -0.01157181447018905, 
          0.0
        ], 
        [
          -0.04276403961366287, 
          -0.6359594858545612, 
          -0.770536676133929, 
          0.0
        ], 
        [
          0.06980212398891422, 
          0.7674557574507419, 
          -0.6372906117638514, 
          0.0
        ], 
        [
          -31.56746380902846, 
          4.0786830260961935, 
          72.31021438566614, 
          1.0
        ]
      ], 
      "projected_cuboid": [
        [
          148.78475214143927, 
          287.5549967888682
        ], 
        [
          207.52222379081388, 
          356.5362200716319
        ], 
        [
          216.9303103790123, 
          324.81510573732777
        ], 
        [
          162.9558875262852, 
          253.58926973826306
        ], 
        [
          284.0379504430437, 
          276.68474324316287
        ], 
        [
          320.7797457384459, 
          347.25458649477656
        ], 
        [
          325.2254917621739, 
          316.01209973438796
        ], 
        [
          291.19187019650195, 
          243.3732547502594
        ]
      ], 
      "projected_cuboid_centroid": [
        246.83291696992524, 
        303.36861628593607
      ], 
      "quaternion_xyzw": [
        -0.6588367651223, 
        0.26780594496440413, 
        0.6705684123551853, 
        -0.2110736769859083
      ], 
      "visibility": 0.7314590402326708
    }, 
    {
      "bounding_box": {
        "bottom_right": [
          322, 
          443
        ], 
        "top_left": [
          238, 
          352
        ]
      }, 
      "class": "025_mug", 
      "cuboid": [
        [
          -4.657287023964963, 
          1.0872288746684389, 
          63.33389610308507
        ], 
        [
          -16.270119277579205, 
          2.5003350357066547, 
          63.224289759687835
        ], 
        [
          -17.154088386497243, 
          -4.443269296350169, 
          67.36031787402743
        ], 
        [
          -5.541256132883004, 
          -5.856375457388385, 
          67.46992421742466
        ], 
        [
          -4.159769518224069, 
          5.797383898920666, 
          71.3476817981976
        ], 
        [
          -15.772601771838307, 
          7.210490059958882, 
          71.23807545480037
        ], 
        [
          -16.656570880756348, 
          0.2668857279020589, 
          75.37410356913996
        ], 
        [
          -5.043738627142109, 
          -1.146220433136157, 
          75.4837099125372
        ]
      ], 
      "cuboid_centroid": [
        -10.656928952360655, 
        0.6770573012852489, 
        69.35399983611251
      ], 
      "location": [
        -10.656928952360655, 
        0.6770573012852489, 
        69.35399983611251
      ], 
      "pose_transform_permuted": [
        [
          -0.05344593496923716, 
          -0.5059895103516514, 
          -0.8608828115114535, 
          0.0
        ], 
        [
          0.9926345754059153, 
          -0.12078862447436912, 
          0.00936886400869599, 
          0.0
        ], 
        [
          0.10872528146171702, 
          0.8540404045178821, 
          -0.5087178005751342, 
          0.0
        ], 
        [
          -10.656928952360655, 
          0.6770573012852489, 
          69.35399983611251, 
          1.0
        ]
      ], 
      "projected_cuboid": [
        [
          442.05234604078083, 
          282.4418321592328
        ], 
        [
          343.2090421841862, 
          294.3777616883328
        ], 
        [
          344.64920745428645, 
          238.10733153115942
        ], 
        [
          437.43089882712775, 
          226.99450854676348
        ], 
        [
          450.24392191484264, 
          316.62163011800396
        ], 
        [
          362.5324025445514, 
          327.2674397490142
        ], 
        [
          362.759112088837, 
          275.1749237587665
        ], 
        [
          445.66426781733713, 
          265.18807800469676
        ]
      ], 
      "projected_cuboid_centroid": [
        398.9643017870317, 
        278.4929848851135
      ], 
      "quaternion_xyzw": [
        0.9627509791523522, 
        -0.05959846079257177, 
        -0.011445605331751662, 
        0.26349163306491213
      ], 
      "visibility": 0.8464745332608301
    }, 
    {
      "bounding_box": {
        "bottom_right": [
          347, 
          365
        ], 
        "top_left": [
          280, 
          319
        ]
      }, 
      "class": "061_foam_brick", 
      "cuboid": [
        [
          -21.547416043162823, 
          0.7536859186108864, 
          75.96702711408298
        ], 
        [
          -20.94658035515901, 
          6.8921721387275925, 
          71.21291536097688
        ], 
        [
          -22.734951324240534, 
          9.93748752326456, 
          74.91899345448488
        ], 
        [
          -23.335787012244342, 
          3.799001303147853, 
          79.67310520759098
        ], 
        [
          -16.63928730255838, 
          1.5810406544946816, 
          77.65560428074265
        ], 
        [
          -16.038451614554567, 
          7.719526874611388, 
          72.90149252763655
        ], 
        [
          -17.82682258363609, 
          10.764842259148356, 
          76.60757062114453
        ], 
        [
          -18.427658271639903, 
          4.626356039031649, 
          81.36168237425065
        ]
      ], 
      "cuboid_centroid": [
        -19.687119313399457, 
        5.75926408887962, 
        76.28729886761376
      ], 
      "location": [
        -19.687119313399457, 
        5.75926408887962, 
        76.28729886761376
      ], 
      "pose_transform_permuted": [
        [
          -0.9338144409094422, 
          -0.15741147817323953, 
          -0.3212665816550199, 
          0.0
        ], 
        [
          -0.07715485346068673, 
          -0.788258777299099, 
          0.6104876973358181, 
          0.0
        ], 
        [
          0.3493389736866555, 
          -0.5948695037991486, 
          -0.7239423698840322, 
          0.0
        ], 
        [
          -19.687119313399457, 
          5.75926408887962, 
          76.28729886761376, 
          1.0
        ]
      ], 
      "projected_cuboid": [
        [
          329.0647736407886, 
          278.5777212121794
        ], 
        [
          323.4190594760016, 
          324.90260163418384
        ], 
        [
          318.4069592855372, 
          344.0277006599716
        ], 
        [
          324.0891302550055, 
          298.7164717863551
        ], 
        [
          366.37022776504904, 
          284.14473618414814
        ], 
        [
          363.28807595619605, 
          329.75965961862914
        ], 
        [
          356.4576911037992, 
          348.2282329079615
        ], 
        [
          359.79856073892006, 
          303.611946728373
        ]
      ], 
      "projected_cuboid_centroid": [
        342.8187332790007, 
        313.54918155181576
      ], 
      "quaternion_xyzw": [
        0.4028778426505932, 
        -0.705919779244578, 
        -0.20063571965537336, 
        0.5469113430628958
      ], 
      "visibility": 0.842611133360032
    }
  ]
}