{
  "camera_data": {
    "location_worldframe": [
      -16.287811844369994, 
      -3.575586790586581, 
      96.05756776741819
    ], 
    "quaternion_xyzw_worldframe": [
      0.9519239716636803, 
      -0.009217584780477012, 
      0.07398414413489036, 
      -0.29712922018087484
    ]
  }, 
  "objects": [
    {
      "bounding_box": {
        "bottom_right": [
          410, 
          408
        ], 
        "top_left": [
          267, 
          290
        ]
      }, 
      "class": "003_cracker_box", 
      "cuboid": [
        [
          -10.424007404947252, 
          17.09366746326596, 
          80.78305771774453
        ], 
        [
          -24.292069030203965, 
          11.305890499820915, 
          74.20608118846808
        ], 
        [
          -26.57912937082424, 
          -1.9996228119468287, 
          90.73745190160403
        ], 
        [
          -12.711067745567528, 
          3.7881541514982158, 
          97.31442843088048
        ], 
        [
          -14.180799298274952, 
          22.10368231636075, 
          84.29570107808438
        ], 
        [
          -28.048860923531667, 
          16.315905352915706, 
          77.71872454880791
        ], 
        [
          -30.335921264151942, 
          3.010392041147965, 
          94.25009526194387
        ], 
        [
          -16.467859638895227, 
          8.79816900459301, 
          100.82707179122032
        ]
      ], 
      "cuboid_centroid": [
        -20.379964334549598, 
        10.052029752206963, 
        87.5165764898442
      ], 
      "location": [
        -20.379964334549598, 
        10.052029752206963, 
        87.5165764898442
      ], 
      "pose_transform_permuted": [
        [
          0.523230081218119, 
          -0.6977736731024489, 
          -0.4892261064514011, 
          0.0
        ], 
        [
          0.8454278962902877, 
          0.3528357628214791, 
          0.40094712450442127, 
          0.0
        ], 
        [
          0.10715388132335271, 
          0.623392994506116, 
          -0.7745316133754898, 
          0.0
        ], 
        [
          -20.379964334549598, 
          10.052029752206963, 
          87.5165764898442, 
          1.0
        ]
      ], 
      "projected_cuboid": [
        [
          412.20558700271226, 
          386.1367799000782
        ], 
        [
          305.5548845021947, 
          354.5420457804394
        ], 
        [
          324.0733663621925, 
          261.5335299101546
        ], 
        [
          411.35512274859667, 
          294.04704416372283
        ], 
        [
          391.1307284846799, 
          413.13147062621186
        ], 
        [
          287.51683639958384, 
          385.2491556439549
        ], 
        [
          308.5090010407881, 
          290.3210144358589
        ], 
        [
          393.76527743447355, 
          319.8239980389376
        ]
      ], 
      "projected_cuboid_centroid": [
        356.36809028354014, 
        334.5428682961051
      ], 
      "quaternion_xyzw": [
        0.8599486899297836, 
        0.07142341292426026, 
        0.2686721942090524, 
        0.4280212597911379
      ], 
      "visibility": 0.9115742933838623
    }, 
    {
      "bounding_box": {
        "bottom_right": [
          389, 
          323
        ], 
        "top_left": [
          290, 
          248
        ]
      }, 
      "class": "004_sugar_box", 
      "cuboid": [
        [
          -25.266198281217907, 
          15.334319419072306, 
          81.77870836693299
        ], 
        [
          -33.680831583835094, 
          13.157584829086849, 
          78.56218619891801
        ], 
        [
          -36.21917765592155, 
          2.531919330321629, 
          92.39341904174599
        ], 
        [
          -27.804544353304355, 
          4.708653920307086, 
          95.60994120976096
        ], 
        [
          -27.04244286105764, 
          18.77573699861005, 
          84.0965486388746
        ], 
        [
          -35.457076163674834, 
          16.599002408624592, 
          80.8800264708596
        ], 
        [
          -37.99542223576128, 
          5.973336909859374, 
          94.71125931368759
        ], 
        [
          -29.580788933144092, 
          8.15007149984483, 
          97.92778148170255
        ]
      ], 
      "cuboid_centroid": [
        -31.630810258489596, 
        10.653828164465839, 
        88.24498384031028
      ], 
      "location": [
        -31.630810258489596, 
        10.653828164465839, 
        88.24498384031028
      ], 
      "pose_transform_permuted": [
        [
          0.3935491091447273, 
          -0.7624889263528583, 
          -0.5135463801075713, 
          0.0
        ], 
        [
          0.9079526878602762, 
          0.23487322033641356, 
          0.34706799963618296, 
          0.0
        ], 
        [
          0.14401718840291802, 
          0.6028643953912118, 
          -0.7847374666815493, 
          0.0
        ], 
        [
          -31.630810258489596, 
          10.653828164465839, 
          88.24498384031028, 
          1.0
        ]
      ], 
      "projected_cuboid": [
        [
          315.45049410457375, 
          373.2892526745868
        ], 
        [
          251.0492675094285, 
          362.60683310178956
        ], 
        [
          270.78800173782423, 
          287.9014551029673
        ], 
        [
          325.20869257966484, 
          299.5517705953319
        ], 
        [
          308.6713906981232, 
          392.357634142936
        ], 
        [
          245.84616037474578, 
          382.7396802700819
        ], 
        [
          265.861674295062, 
          306.9224285185451
        ], 
        [
          319.15609814948846, 
          317.67223394376464
        ]
      ], 
      "projected_cuboid_centroid": [
        288.8392388940936, 
        337.67427934169194
      ], 
      "quaternion_xyzw": [
        0.8695348560234747, 
        0.026122021246219804, 
        0.21293485351693478, 
        0.4448431199498221
      ], 
      "visibility": 0.5884084636614535
    }, 
    {
      "bounding_box": {
        "bottom_right": [
          298, 
          310
        ], 
        "top_left": [
          211, 
          197
        ]
      }, 
      "class": "024_bowl", 
      "cuboid": [
        [
          -42.84013375388504, 
          -7.382488262834561, 
          75.62905026230244
        ], 
        [
          -41.362526132092036, 
          5.40957694235579, 
          85.32018460704981
        ], 
        [
          -42.10785965482767, 
          2.173370670952472, 
          89.7055403996092
        ], 
        [
          -43.58546727662067, 
          -10.618694534237877, 
          80.01440605486185
        ], 
        [
          -26.911371360544024, 
          -9.878149897140085, 
          76.49460483409973
        ], 
        [
          -25.433763738751026, 
          2.9139153080502633, 
          86.18573917884709
        ], 
        [
          -26.179097261486657, 
          -0.32229096335305296, 
          90.5710949714065
        ], 
        [
          -27.65670488327966, 
          -13.114356168543404, 
          80.87996062665913
        ]
      ], 
      "cuboid_centroid": [
        -34.50961550768585, 
        -3.852389613093807, 
        83.10007261685448
      ], 
      "location": [
        -34.50961550768585, 
        -3.852389613093807, 
        83.10007261685448
      ], 
      "pose_transform_permuted": [
        [
          -0.9865271314521077, 
          0.15456554956182655, 
          -0.05360699392360852, 
          0.0
        ], 
        [
          -0.09168348038875157, 
          -0.7937297033894172, 
          -0.6013212929716967, 
          0.0
        ], 
        [
          0.1354930194979825, 
          0.5883048944603455, 
          -0.7972069949651224, 
          0.0
        ], 
        [
          -34.50961550768585, 
          -3.852389613093807, 
          83.10007261685448, 
          1.0
        ]
      ], 
      "projected_cuboid": [
        [
          176.98022713096108, 
          221.22683936766964
        ], 
        [
          220.89348128120753, 
          307.10073251601955
        ], 
        [
          229.17016559628055, 
          286.207714701907
        ], 
        [
          188.6661188192329, 
          202.5098113637495
        ], 
        [
          292.40768483747854, 
          204.41618043046225
        ], 
        [
          322.9007104369368, 
          291.31792127398353
        ], 
        [
          326.1592163215433, 
          271.3887572127525
        ], 
        [
          297.70997738389053, 
          186.81093993248993
        ]
      ], 
      "projected_cuboid_centroid": [
        258.27560974762, 
        248.5626748370446
      ], 
      "quaternion_xyzw": [
        -0.6225408436390342, 
        0.3731573327204003, 
        0.6376482927377537, 
        -0.25807200120668566
      ], 
      "visibility": 0.7671373555840821
    }, 
    {
      "bounding_box": {
        "bottom_right": [
          251, 
          427
        ], 
        "top_left": [
          177, 
          351
        ]
      }, 
      "class": "025_mug", 
      "cuboid": [
        [
          -7.898788521278689, 
          -10.985767558702236, 
          75.70652160872797
        ], 
        [
          -19.35524059791336, 
          -8.724620515408622, 
          74.99682069437182
        ], 
        [
          -20.825709021329942, 
          -14.41023390888927, 
          80.61939074941743
        ], 
        [
          -9.36925694469527, 
          -16.671380952182883, 
          81.32909166377357
        ], 
        [
          -7.049458101026866, 
          -4.57952926931023, 
          82.40671518839116
        ], 
        [
          -18.505910177661537, 
          -2.318382226016616, 
          81.69701427403503
        ], 
        [
          -19.97637860107812, 
          -8.003995619497262, 
          87.31958432908064
        ], 
        [
          -8.519926524443447, 
          -10.265142662790876, 
          88.02928524343677
        ]
      ], 
      "cuboid_centroid": [
        -13.937583561178405, 
        -9.49488158909975, 
        81.5130529689043
      ], 
      "location": [
        -13.937583561178405, 
        -9.49488158909975, 
        81.5130529689043
      ], 
      "pose_transform_permuted": [
        [
          -0.09123951998548258, 
          -0.6881916536834312, 
          -0.7197698698193675, 
          0.0
        ], 
        [
          0.9792676062473188, 
          -0.19327694452415325, 
          0.06066338085335195, 
          0.0
        ], 
        [
          0.18086276047838495, 
          0.6993116730575775, 
          -0.6915575506041063, 
          0.0
        ], 
        [
          -13.937583561178405, 
          -9.49488158909975, 
          81.5130529689043, 
          1.0
        ]
      ], 
      "projected_cuboid": [
        [
          425.4898254921979, 
          195.8965740691756
        ], 
        [
          342.81049317196783, 
          211.2437615874043
        ], 
        [
          342.6811475952848, 
          177.95885229381975
        ], 
        [
          419.6456916166081, 
          163.96312420149337
        ], 
        [
          435.5942051029544, 
          243.64875135876636
        ], 
        [
          359.78340554390184, 
          258.15209698138597
        ], 
        [
          358.5710870101956, 
          224.40073944846725
        ], 
        [
          429.5495044057266, 
          211.09585233662438
        ]
      ], 
      "projected_cuboid_centroid": [
        389.64699900461676, 
        211.1638949577492
      ], 
      "quaternion_xyzw": [
        0.9217305936557958, 
        -0.1014775107763902, 
        -0.008293133411916658, 
        0.374227896357203
      ], 
      "visibility": 0.8095121951219513
    }, 
    {
      "bounding_box": {
        "bottom_right": [
          287, 
          360
        ], 
        "top_left": [
          232, 
          322
        ]
      }, 
      "class": "061_foam_brick", 
      "cuboid": [
        [
          -24.813063961045938, 
          -7.00663342908599, 
          87.6671726218878
        ], 
        [
          -23.68844418344997, 
          -2.2237724785195296, 
          81.6253958432448
        ], 
        [
          -25.235857541870704, 
          1.7383781482337164, 
          84.47392277108501
        ], 
        [
          -26.360477319466668, 
          -3.0444828023327433, 
          90.51569954972803
        ], 
        [
          -19.860760535041948, 
          -6.196385805609863, 
          89.23041476773133
        ], 
        [
          -18.736140757445984, 
          -1.4135248550434032, 
          83.18863798908833
        ], 
        [
          -20.283554115866718, 
          2.5486257717098426, 
          86.03716491692856
        ], 
        [
          -21.40817389346268, 
          -2.2342351788566166, 
          92.07894169557156
        ]
      ], 
      "cuboid_centroid": [
        -22.548309038456328, 
        -2.2290038286880733, 
        86.85216876940818
      ], 
      "location": [
        -22.548309038456328, 
        -2.2290038286880733, 
        86.85216876940818
      ], 
      "pose_transform_permuted": [
        [
          -0.9422190613521503, 
          -0.15415670034388398, 
          -0.2974204972152364, 
          0.0
        ], 
        [
          -0.14441531332415788, 
          -0.6141794556009357, 
          0.7758400695988984, 
          0.0
        ], 
        [
          0.302270504188149, 
          -0.7739633764312263, 
          -0.5564290019769079, 
          0.0
        ], 
        [
          -22.548309038456328, 
          -2.2290038286880733, 
          86.85216876940818, 
          1.0
        ]
      ], 
      "projected_cuboid": [
        [
          329.3898908490728, 
          230.66197615200323
        ], 
        [
          325.5329815899813, 
          258.75697400126074
        ], 
        [
          320.94469615919985, 
          284.26165407640104
        ], 
        [
          324.98648921822854, 
          255.34840893654192
        ], 
        [
          361.9024289953572, 
          236.25147652153356
        ], 
        [
          360.4792989877066, 
          264.2244772876097
        ], 
        [
          354.8173737518142, 
          289.0847344415338
        ], 
        [
          356.56798650099876, 
          260.34588779201823
        ]
      ], 
      "projected_cuboid_centroid": [
        341.9843290244388, 
        259.59924139867536
      ], 
      "quaternion_xyzw": [
        0.3078318564816887, 
        -0.7442780372566794, 
        -0.13512164859645465, 
        0.5770891538341004
      ], 
      "visibility": 0.9397727272727273
    }
  ]
}