{
  "camera_data": {
    "location_worldframe": [
      -16.586361969524948, 
      0.59976916678786, 
      86.61496786243276
    ], 
    "quaternion_xyzw_worldframe": [
      0.8987191920949128, 
      0.01619356160319456, 
      -0.016106866776727527, 
      -0.4379304236901358
    ]
  }, 
  "objects": [
    {
      "bounding_box": {
        "bottom_right": [
          454, 
          396
        ], 
        "top_left": [
          293, 
          252
        ]
      }, 
      "class": "003_cracker_box", 
      "cuboid": [
        [
          -15.32799353985027, 
          25.369072752061587, 
          77.6811679834519
        ], 
        [
          -29.441479323149, 
          19.78509249120367, 
          71.45968912564565
        ], 
        [
          -27.7070236689046, 
          2.148326125793548, 
          83.35463271112738
        ], 
        [
          -13.593537885605874, 
          7.732306386651463, 
          89.57611156893364
        ], 
        [
          -18.940369943934428, 
          28.590580625550427, 
          82.98447084781935
        ], 
        [
          -33.05385572723315, 
          23.006600364692513, 
          76.7629919900131
        ], 
        [
          -31.319400072988756, 
          5.3698339992823865, 
          88.65793557549485
        ], 
        [
          -17.205914289690032, 
          10.953814260140303, 
          94.8794144333011
        ]
      ], 
      "cuboid_centroid": [
        -23.323696806419512, 
        15.369453375671988, 
        83.16955177947337
      ], 
      "location": [
        -23.323696806419512, 
        15.369453375671988, 
        83.16955177947337
      ], 
      "pose_transform_permuted": [
        [
          0.5031165028481652, 
          -0.44867798753614485, 
          -0.7386215865125707, 
          0.0
        ], 
        [
          0.8603894990895133, 
          0.3404118623374095, 
          0.3792751953878247, 
          0.0
        ], 
        [
          -0.08126311843836903, 
          0.8263218667568294, 
          -0.557304654655943, 
          0.0
        ], 
        [
          -23.323696806419512, 
          15.369453375671988, 
          83.16955177947337, 
          1.0
        ]
      ], 
      "projected_cuboid": [
        [
          375.4858505796353, 
          447.45775163324527
        ], 
        [
          260.03763600830075, 
          420.9470919177726
        ], 
        [
          302.84467243726556, 
          287.0319574819275
        ], 
        [
          399.9892004256318, 
          319.323258562983
        ], 
        [
          358.8578464991072, 
          457.0307540505102
        ], 
        [
          250.0379049796353, 
          433.12750038528793
        ], 
        [
          291.6259592413375, 
          305.58863944145503
        ], 
        [
          384.0762143019216, 
          334.85820439869525
        ]
      ], 
      "projected_cuboid_centroid": [
        330.7889351546699, 
        371.8422027951147
      ], 
      "quaternion_xyzw": [
        0.9253827522110666, 
        0.11391907288315237, 
        0.23838560210022397, 
        0.2717747439609285
      ], 
      "visibility": 0.8727397431101135
    }, 
    {
      "bounding_box": {
        "bottom_right": [
          422, 
          307
        ], 
        "top_left": [
          304, 
          218
        ]
      }, 
      "class": "004_sugar_box", 
      "cuboid": [
        [
          -29.568206409811708, 
          21.316671086095905, 
          79.9544502691162
        ], 
        [
          -38.13754439087928, 
          18.974700204903545, 
          77.31402210157118
        ], 
        [
          -37.3496518514679, 
          4.610576779118171, 
          87.49744753611891
        ], 
        [
          -28.780313870400327, 
          6.952547660310532, 
          90.13787570366392
        ], 
        [
          -31.2751560982577, 
          23.6704095481458, 
          83.40655416439179
        ], 
        [
          -39.84449407932527, 
          21.328438666953435, 
          80.76612599684678
        ], 
        [
          -39.056601539913885, 
          6.964315241168063, 
          90.94955143139451
        ], 
        [
          -30.487263558846315, 
          9.306286122360424, 
          93.58997959893951
        ]
      ], 
      "cuboid_centroid": [
        -34.3124039748628, 
        14.140493163631984, 
        85.45200085025535
      ], 
      "location": [
        -34.3124039748628, 
        14.140493163631984, 
        85.45200085025535
      ], 
      "pose_transform_permuted": [
        [
          0.37819596291373425, 
          -0.521500071224985, 
          -0.7648566126987609, 
          0.0
        ], 
        [
          0.9246455755443888, 
          0.25270248625186464, 
          0.2849065153057608, 
          0.0
        ], 
        [
          -0.04470236329768603, 
          0.8149718796829387, 
          -0.5777731868487228, 
          0.0
        ], 
        [
          -34.3124039748628, 
          14.140493163631984, 
          85.45200085025535, 
          1.0
        ]
      ], 
      "projected_cuboid": [
        [
          282.72486842478645, 
          415.4749727710919
        ], 
        [
          216.3282531159546, 
          404.1758505408312
        ], 
        [
          252.0441003025329, 
          301.3891964618764
        ], 
        [
          309.89325313758815, 
          314.4227395085766
        ], 
        [
          279.95040272002694, 
          424.6402664765137
        ], 
        [
          216.30100642418404, 
          414.12372534380836
        ], 
        [
          250.6642647457731, 
          314.1246250641838
        ], 
        [
          306.4185573189733, 
          326.31811953447703
        ]
      ], 
      "projected_cuboid_centroid": [
        265.66325784684483, 
        361.53961391675557
      ], 
      "quaternion_xyzw": [
        0.9360120282248098, 
        0.07943403518905434, 
        0.1771084286911087, 
        0.29360553735578876
      ], 
      "visibility": 0.536326649229875
    }, 
    {
      "bounding_box": {
        "bottom_right": [
          326, 
          277
        ], 
        "top_left": [
          249, 
          156
        ]
      }, 
      "class": "024_bowl", 
      "cuboid": [
        [
          -45.590029981580685, 
          -0.9672371431798925, 
          69.4930264760498
        ], 
        [
          -43.826751071894186, 
          8.620294586760725, 
          82.32690446361853
        ], 
        [
          -43.531573731378295, 
          4.200320942269668, 
          85.58828482140697
        ], 
        [
          -45.294852641064786, 
          -5.38721078767095, 
          72.75440683383827
        ], 
        [
          -29.564062888300825, 
          -1.324650312157485, 
          67.55818342169856
        ], 
        [
          -27.80078397861433, 
          8.262881417783134, 
          80.39206140926727
        ], 
        [
          -27.505606638098435, 
          3.842907773292076, 
          83.65344176705572
        ], 
        [
          -29.26888554778493, 
          -5.744623956648541, 
          70.819563779487
        ]
      ], 
      "cuboid_centroid": [
        -36.547818309839556, 
        1.4378353150560919, 
        76.57323412155277
      ], 
      "location": [
        -36.547818309839556, 
        1.4378353150560919, 
        76.57323412155277
      ], 
      "pose_transform_permuted": [
        [
          -0.9925473778106333, 
          0.022135918637475223, 
          0.11983198198857795, 
          0.0
        ], 
        [
          -0.10940898311012381, 
          -0.5948928960395456, 
          -0.7963241278879417, 
          0.0
        ], 
        [
          -0.053659828699357905, 
          0.803500120315957, 
          -0.5928812523905593, 
          0.0
        ], 
        [
          -36.547818309839556, 
          1.4378353150560919, 
          76.57323412155277, 
          1.0
        ]
      ], 
      "projected_cuboid": [
        [
          128.80371789070338, 
          265.86354122641364
        ], 
        [
          195.3182408296797, 
          329.1294236793344
        ], 
        [
          208.08166870182689, 
          299.4596692550743
        ], 
        [
          146.80027803901183, 
          233.7960777224771
        ], 
        [
          246.26674437965525, 
          262.82944875039993
        ], 
        [
          295.6301834539148, 
          328.1023543229318
        ], 
        [
          304.77797802790815, 
          297.78640228497926
        ], 
        [
          259.34558025283667, 
          230.0256042714456
        ]
      ], 
      "projected_cuboid_centroid": [
        224.926421154878, 
        283.3008169875591
      ], 
      "quaternion_xyzw": [
        -0.6273474227286772, 
        0.2156831476991125, 
        0.7128711463887879, 
        -0.22744388239876723
      ], 
      "visibility": 0.670302856322664
    }, 
    {
      "bounding_box": {
        "bottom_right": [
          310, 
          402
        ], 
        "top_left": [
          229, 
          310
        ]
      }, 
      "class": "025_mug", 
      "cuboid": [
        [
          -10.913933722434153, 
          0.5404140928761274, 
          64.09228939780044
        ], 
        [
          -22.500152555911495, 
          1.2643181093389184, 
          65.54220375430025
        ], 
        [
          -22.476466590429432, 
          -5.93250278864577, 
          69.32466049637374
        ], 
        [
          -10.89024775695209, 
          -6.656406805108562, 
          67.87474613987395
        ], 
        [
          -9.62473431893867, 
          4.832755723392075, 
          72.25118720407085
        ], 
        [
          -21.21095315241601, 
          5.556659739854866, 
          73.70110156057063
        ], 
        [
          -21.18726718693395, 
          -1.6401611581298225, 
          77.48355830264414
        ], 
        [
          -9.601048353456608, 
          -2.3640651745926133, 
          76.03364394614434
        ]
      ], 
      "cuboid_centroid": [
        -16.05060045468405, 
        -0.5498735326268476, 
        70.78792385022228
      ], 
      "location": [
        -16.05060045468405, 
        -0.5498735326268476, 
        70.78792385022228
      ], 
      "pose_transform_permuted": [
        [
          -0.138492548878236, 
          -0.46110580834472126, 
          -0.8764715141534698, 
          0.0
        ], 
        [
          0.9903597297506302, 
          -0.06187742493159148, 
          -0.12393489290187494, 
          0.0
        ], 
        [
          -0.0029132955413812694, 
          0.8851852059860851, 
          -0.4652296893067561, 
          0.0
        ], 
        [
          -16.05060045468405, 
          -0.5498735326268476, 
          70.78792385022228, 
          1.0
        ]
      ], 
      "projected_cuboid": [
        [
          390.0241060549765, 
          277.7833880933678
        ], 
        [
          296.9866692813393, 
          283.574345965373
        ], 
        [
          307.24302403825175, 
          227.64736871975938
        ], 
        [
          395.314854851644, 
          220.9844329333756
        ], 
        [
          409.96038051854623, 
          308.95935344241377
        ], 
        [
          326.8302183008192, 
          313.4959160440925
        ], 
        [
          334.5497447572698, 
          261.99730340897696
        ], 
        [
          413.69162528051027, 
          256.70437529571427
        ]
      ], 
      "projected_cuboid_centroid": [
        359.66334200002603, 
        269.1437646485446
      ], 
      "quaternion_xyzw": [
        0.9685061241275382, 
        -0.015220381141969292, 
        -0.06774026390811781, 
        0.23911451734132053
      ], 
      "visibility": 0.7787694644891758
    }, 
    {
      "bounding_box": {
        "bottom_right": [
          330, 
          339
        ], 
        "top_left": [
          264, 
          292
        ]
      }, 
      "class": "061_foam_brick", 
      "cuboid": [
        [
          -25.978144198869813, 
          -1.4777967992543217, 
          78.72025010153175
        ], 
        [
          -26.320628591738725, 
          4.9330218300807385, 
          74.31256316823271
        ], 
        [
          -27.76811019518133, 
          7.662269773317651, 
          78.3946256397737
        ], 
        [
          -27.425625802312414, 
          1.2514511439825904, 
          82.80231257307274
        ], 
        [
          -20.941924311455445, 
          -0.4523215196713157, 
          79.82044378342474
        ], 
        [
          -21.284408704324356, 
          5.958497109663745, 
          75.41275685012569
        ], 
        [
          -22.73189030776696, 
          8.687745052900658, 
          79.49481932166668
        ], 
        [
          -22.38940591489805, 
          2.2769264235655973, 
          83.90250625496572
        ]
      ], 
      "cuboid_centroid": [
        -24.355017253318387, 
        3.6049741268231674, 
        79.10753471159921
      ], 
      "location": [
        -24.355017253318387, 
        3.6049741268231674, 
        79.10753471159921
      ], 
      "pose_transform_permuted": [
        [
          -0.9581849024367065, 
          -0.19510564524277926, 
          -0.20932147509693813, 
          0.0
        ], 
        [
          0.04397930028451544, 
          -0.8232296812339941, 
          0.5660023967103504, 
          0.0
        ], 
        [
          0.28274991403861427, 
          -0.533129139261563, 
          -0.7973868615555321, 
          0.0
        ], 
        [
          -24.355017253318387, 
          3.6049741268231674, 
          79.10753471159921, 
          1.0
        ]
      ], 
      "projected_cuboid": [
        [
          304.13178943056926, 
          263.274654482927
        ], 
        [
          291.127431401223, 
          308.68939631424365
        ], 
        [
          291.1160203795266, 
          325.41305160786646
        ], 
        [
          303.47988535959905, 
          281.34698196817595
        ], 
        [
          340.50773377856046, 
          270.2643557822862
        ], 
        [
          329.819178730361, 
          315.4250743190979
        ], 
        [
          327.821102706539, 
          331.5713999365504
        ], 
        [
          338.0945991657914, 
          287.75963902846746
        ]
      ], 
      "projected_cuboid_centroid": [
        316.03443363249664, 
        297.5902064710336
      ], 
      "quaternion_xyzw": [
        0.4243146344753769, 
        -0.6516270624509825, 
        -0.23106821793411103, 
        0.5847621235274093
      ], 
      "visibility": 0.5587858058999573
    }
  ]
}