{
  "camera_data": {
    "location_worldframe": [
      -10.231784367542492, 
      6.174840207817906, 
      83.119950315633
    ], 
    "quaternion_xyzw_worldframe": [
      0.9310382192995845, 
      -0.013129129113108769, 
      0.12896364874573757, 
      -0.3411304197071777
    ]
  }, 
  "objects": [
    {
      "bounding_box": {
        "bottom_right": [
          506, 
          458
        ], 
        "top_left": [
          340, 
          325
        ]
      }, 
      "class": "003_cracker_box", 
      "cuboid": [
        [
          -2.1654819420388742, 
          27.939822940683325, 
          70.6244693378266
        ], 
        [
          -15.406381330499242, 
          23.338715114037463, 
          62.104697871442994
        ], 
        [
          -19.841212628803614, 
          8.642353004725267, 
          76.93381649845344
        ], 
        [
          -6.600313240343247, 
          13.243460831371126, 
          85.45358796483706
        ], 
        [
          -6.132478812564365, 
          32.74136964733473, 
          74.19665110644206
        ], 
        [
          -19.37337820102473, 
          28.14026182068887, 
          65.67687964005844
        ], 
        [
          -23.808209499329106, 
          13.443899711376675, 
          80.5059982670689
        ], 
        [
          -10.567310110868739, 
          18.045007538022535, 
          89.0257697334525
        ]
      ], 
      "cuboid_centroid": [
        -12.98684572068399, 
        20.691861326029997, 
        75.56523380244775
      ], 
      "location": [
        -12.98684572068399, 
        20.691861326029997, 
        75.56523380244775
      ], 
      "pose_transform_permuted": [
        [
          0.5525065411378166, 
          -0.6687391116222959, 
          -0.49751836406965777, 
          0.0
        ], 
        [
          0.8071946907555069, 
          0.2804937716314756, 
          0.5193842270343517, 
          0.0
        ], 
        [
          0.2077817441837653, 
          0.6885573648306812, 
          -0.6947773039768788, 
          0.0
        ], 
        [
          -12.98684572068399, 
          20.691861326029997, 
          75.56523380244775, 
          1.0
        ]
      ], 
      "projected_cuboid": [
        [
          465.10819095416826, 
          484.27367691941095
        ], 
        [
          348.1933523414757, 
          473.70605925716706
        ], 
        [
          342.9078592419343, 
          333.1969429486791
        ], 
        [
          440.0609434570814, 
          355.93955675504793
        ], 
        [
          437.1499627183896, 
          508.62887961513803
        ], 
        [
          322.9673388635006, 
          501.7954559870795
        ], 
        [
          322.562976324395, 
          362.34692037034534
        ], 
        [
          417.76477470679436, 
          381.3873264083407
        ]
      ], 
      "projected_cuboid_centroid": [
        389.17548867493736, 
        419.3242632968037
      ], 
      "quaternion_xyzw": [
        0.8650535271958386, 
        0.021013736480392703, 
        0.30977585041668293, 
        0.39405550429323016
      ], 
      "visibility": 0.9385471898197243
    }, 
    {
      "bounding_box": {
        "bottom_right": [
          493, 
          347
        ], 
        "top_left": [
          367, 
          270
        ]
      }, 
      "class": "004_sugar_box", 
      "cuboid": [
        [
          -17.07306215342943, 
          26.674984103538364, 
          69.89024188453752
        ], 
        [
          -25.15197893314945, 
          25.138858274616606, 
          65.61687517266233
        ], 
        [
          -29.46881075864961, 
          13.371268793769234, 
          78.0079917820099
        ], 
        [
          -21.389893978929592, 
          14.907394622690992, 
          82.2813584938851
        ], 
        [
          -18.98848149712311, 
          29.95074909197041, 
          72.3338694684305
        ], 
        [
          -27.06739827684313, 
          28.414623263048643, 
          68.06050275655531
        ], 
        [
          -31.38423010234329, 
          16.647033782201277, 
          80.45161936590289
        ], 
        [
          -23.305313322623274, 
          18.183159611123035, 
          84.72498607777807
        ]
      ], 
      "cuboid_centroid": [
        -24.22864612788636, 
        21.66100894286982, 
        75.1709306252202
      ], 
      "location": [
        -24.22864612788636, 
        21.66100894286982, 
        75.1709306252202
      ], 
      "pose_transform_permuted": [
        [
          0.4243850114477146, 
          -0.7257865316505213, 
          -0.5414161257056934, 
          0.0
        ], 
        [
          0.8717283262795061, 
          0.16575048788249694, 
          0.4611032534302971, 
          0.0
        ], 
        [
          0.24492246709517845, 
          0.667653307777046, 
          -0.7030301324452958, 
          0.0
        ], 
        [
          -24.22864612788636, 
          21.66100894286982, 
          75.1709306252202, 
          1.0
        ]
      ], 
      "projected_cuboid": [
        [
          350.2299675936091, 
          476.8384362092109
        ], 
        [
          275.4636741196222, 
          477.60966951030053
        ], 
        [
          278.4478056453752, 
          364.70229342723724
        ], 
        [
          341.7997257254094, 
          369.9111639218563
        ], 
        [
          340.42776380631136, 
          494.11422408171535
        ], 
        [
          267.73040253246535, 
          495.9424752850228
        ], 
        [
          271.81496888595336, 
          383.6409247263505
        ], 
        [
          333.6742483478936, 
          387.74433317819376
        ]
      ], 
      "projected_cuboid_centroid": [
        308.26817746985137, 
        426.9661607344619
      ], 
      "quaternion_xyzw": [
        0.8776100728344914, 
        -0.022553290368743456, 
        0.25224421764499455, 
        0.407019218535473
      ], 
      "visibility": 0.6267653758542141
    }, 
    {
      "bounding_box": {
        "bottom_right": [
          388, 
          335
        ], 
        "top_left": [
          294, 
          196
        ]
      }, 
      "class": "024_bowl", 
      "cuboid": [
        [
          -34.53054489179524, 
          5.336675573130405, 
          59.75968535349085
        ], 
        [
          -33.73620089174283, 
          17.097210883847115, 
          70.75046185930384
        ], 
        [
          -35.0419636857828, 
          13.49593395360596, 
          74.6983329965032
        ], 
        [
          -35.8363076858352, 
          1.7353986428892514, 
          63.70755649069022
        ], 
        [
          -18.86593018428123, 
          2.151786116810867, 
          62.03549472806049
        ], 
        [
          -18.071586184228824, 
          13.912321427527575, 
          73.02627123387346
        ], 
        [
          -19.377348978268788, 
          10.31104449728642, 
          76.97414237107283
        ], 
        [
          -20.171692978321193, 
          -1.4494908134302862, 
          65.98336586525984
        ]
      ], 
      "cuboid_centroid": [
        -26.953946935032015, 
        7.823860035208413, 
        68.36691386228185
      ], 
      "location": [
        -26.953946935032015, 
        7.823860035208413, 
        68.36691386228185
      ], 
      "pose_transform_permuted": [
        [
          -0.9701674889171945, 
          0.1972519761264362, 
          -0.14094928649099403, 
          0.0
        ], 
        [
          -0.04928793102891135, 
          -0.7297247202967987, 
          -0.6819622661428183, 
          0.0
        ], 
        [
          0.23737258330100747, 
          0.6546705205689155, 
          -0.7176773412857835, 
          0.0
        ], 
        [
          -26.953946935032015, 
          7.823860035208413, 
          68.36691386228185, 
          1.0
        ]
      ], 
      "projected_cuboid": [
        [
          170.86443305668718, 
          320.91318754202035
        ], 
        [
          225.17309021556238, 
          402.16594233211424
        ], 
        [
          229.32494429635017, 
          369.64271598315014
        ], 
        [
          179.09799572446602, 
          287.8142036437765
        ], 
        [
          318.0549153660291, 
          291.7854583160214
        ], 
        [
          348.51826567156013, 
          374.889883452953
        ], 
        [
          346.22120494480896, 
          344.72717744763736
        ], 
        [
          317.19789788502, 
          261.5708301467119
        ]
      ], 
      "projected_cuboid_centroid": [
        269.58131497005127, 
        334.3192442576326
      ], 
      "quaternion_xyzw": [
        0.6607442538590476, 
        -0.36591211272346186, 
        -0.6251018247267464, 
        0.19690877450686328
      ], 
      "visibility": 0.7716061562746646
    }, 
    {
      "bounding_box": {
        "bottom_right": [
          333, 
          475
        ], 
        "top_left": [
          245, 
          385
        ]
      }, 
      "class": "025_mug", 
      "cuboid": [
        [
          0.08111938445181238, 
          0.3823402743230462, 
          63.131326696472236
        ], 
        [
          -11.162539717741096, 
          3.1449563335505246, 
          61.453578793349315
        ], 
        [
          -13.392611482368027, 
          -2.980724043530189, 
          66.31203440297973
        ], 
        [
          -2.1489523801751176, 
          -5.743340102757668, 
          67.98978230610264
        ], 
        [
          0.38888324247938616, 
          6.094700090647291, 
          70.47490020837591
        ], 
        [
          -10.854775859713522, 
          8.85731614987477, 
          68.79715230525301
        ], 
        [
          -13.084847624340451, 
          2.731635772794056, 
          73.65560791488342
        ], 
        [
          -1.8411885221475437, 
          -0.03098028643342271, 
          75.33335581800632
        ]
      ], 
      "cuboid_centroid": [
        -6.50186411994432, 
        1.5569880235585511, 
        68.39346730567783
      ], 
      "location": [
        -6.50186411994432, 
        1.5569880235585511, 
        68.39346730567783
      ], 
      "pose_transform_permuted": [
        [
          -0.03306160477213379, 
          -0.6136515956549065, 
          -0.7888851102325253, 
          0.0
        ], 
        [
          0.9610786184774642, 
          -0.23614120647504913, 
          0.14340950950499248, 
          0.0
        ], 
        [
          0.27429146317755715, 
          0.7534384589047538, 
          -0.5975739969837579, 
          0.0
        ], 
        [
          -6.50186411994432, 
          1.5569880235585511, 
          68.39346730567783, 
          1.0
        ]
      ], 
      "projected_cuboid": [
        [
          482.28805864553686, 
          276.51646465020116
        ], 
        [
          383.91663575036233, 
          300.5797702688629
        ], 
        [
          372.98835841187287, 
          249.31383802197968
        ], 
        [
          464.59996709064353, 
          228.23512517027956
        ], 
        [
          484.56447189221376, 
          319.4082480127585
        ], 
        [
          396.7489659022958, 
          341.9489752885326
        ], 
        [
          386.06381060283786, 
          293.06554589357467
        ], 
        [
          468.45382165292534, 
          273.0672142400755
        ]
      ], 
      "projected_cuboid_centroid": [
        430.4742249203008, 
        285.42764204354467
      ], 
      "quaternion_xyzw": [
        0.9358688727079695, 
        -0.13635261427587905, 
        0.029477394737353297, 
        0.3235564372212584
      ], 
      "visibility": 0.8736933797909407
    }, 
    {
      "bounding_box": {
        "bottom_right": [
          369, 
          393
        ], 
        "top_left": [
          302, 
          346
        ]
      }, 
      "class": "061_foam_brick", 
      "cuboid": [
        [
          -17.900075718964377, 
          3.8799482290475384, 
          73.59209643853147
        ], 
        [
          -15.994580999169795, 
          9.160238330414936, 
          68.19476177429212
        ], 
        [
          -17.72465477003349, 
          12.895440038794526, 
          71.23817175236255
        ], 
        [
          -19.630149489828067, 
          7.615149937427127, 
          76.63550641660191
        ], 
        [
          -13.12342698875139, 
          4.34648084512139, 
          75.7348774976682
        ], 
        [
          -11.217932268956812, 
          9.626770946488788, 
          70.33754283342884
        ], 
        [
          -12.948006039820504, 
          13.361972654868376, 
          73.38095281149927
        ], 
        [
          -14.853500759615084, 
          8.081682553500977, 
          78.77828747573862
        ]
      ], 
      "cuboid_centroid": [
        -15.42404087939244, 
        8.620960441957957, 
        73.48652462501536
      ], 
      "location": [
        -15.42404087939244, 
        8.620960441957957, 
        73.48652462501536
      ], 
      "pose_transform_permuted": [
        [
          -0.9087992184319351, 
          -0.08876191254742258, 
          -0.40768284665708926, 
          0.0
        ], 
        [
          -0.24468946970228886, 
          -0.6780556101027246, 
          0.69308560295611, 
          0.0
        ], 
        [
          0.337951244995956, 
          -0.7296313538281819, 
          -0.5944973032037552, 
          0.0
        ], 
        [
          -15.42404087939244, 
          8.620960441957957, 
          73.48652462501536, 
          1.0
        ]
      ], 
      "projected_cuboid": [
        [
          350.7947533136174, 
          301.4043994418656
        ], 
        [
          355.4684645343614, 
          344.9245107672996
        ], 
        [
          347.7968700075816, 
          369.82734661147015
        ], 
        [
          343.84906489791354, 
          326.28166752799996
        ], 
        [
          388.4126993899369, 
          303.89414479578414
        ], 
        [
          395.8306336344028, 
          346.27949823630246
        ], 
        [
          386.7090704624408, 
          370.398954945336
        ], 
        [
          380.2026557050985, 
          327.9985621807687
        ]
      ], 
      "projected_cuboid_centroid": [
        368.7261143720087, 
        335.85211790103386
      ], 
      "quaternion_xyzw": [
        0.3291511898530136, 
        -0.77168705933616, 
        -0.16384082917348297, 
        0.5189554502721799
      ], 
      "visibility": 0.964248159831756
    }
  ]
}