{
  "camera_data": {
    "location_worldframe": [
      -12.489885263959422, 
      3.4795885973922855, 
      83.77958988731561
    ], 
    "quaternion_xyzw_worldframe": [
      0.9164486046574646, 
      0.009557006523371898, 
      0.0678643606480427, 
      -0.3942429828560311
    ]
  }, 
  "objects": [
    {
      "bounding_box": {
        "bottom_right": [
          484, 
          420
        ], 
        "top_left": [
          317, 
          289
        ]
      }, 
      "class": "003_cracker_box", 
      "cuboid": [
        [
          -7.722600919954094, 
          27.089155649724038, 
          73.06620380951323
        ], 
        [
          -21.254008886455953, 
          22.036936117680746, 
          65.29097442824822
        ], 
        [
          -22.844748373699375, 
          5.560750826273561, 
          78.7653357590623
        ], 
        [
          -9.313340407197517, 
          10.612970358316856, 
          86.5405651403273
        ], 
        [
          -11.745820103717007, 
          31.081898300960333, 
          77.47348313528136
        ], 
        [
          -25.277228070218865, 
          26.02967876891704, 
          69.69825375401636
        ], 
        [
          -26.86796755746229, 
          9.553493477509853, 
          83.17261508483044
        ], 
        [
          -13.336559590960432, 
          14.60571300955315, 
          90.94784446609545
        ]
      ], 
      "cuboid_centroid": [
        -17.29528423870819, 
        18.321324563616948, 
        78.11940944717183
      ], 
      "location": [
        -17.29528423870819, 
        18.321324563616948, 
        78.11940944717183
      ], 
      "pose_transform_permuted": [
        [
          0.5603369470684019, 
          -0.5560923045537415, 
          -0.6138272188215279, 
          0.0
        ], 
        [
          0.8249047401210653, 
          0.3079945450194088, 
          0.4739952847487886, 
          0.0
        ], 
        [
          0.07452969526209524, 
          0.7719460532021628, 
          -0.6313039010411254, 
          0.0
        ], 
        [
          -17.29528423870819, 
          18.321324563616948, 
          78.11940944717183, 
          1.0
        ]
      ], 
      "projected_cuboid": [
        [
          424.75906901627116, 
          471.01375585132104
        ], 
        [
          306.54008283715643, 
          453.2919627368332
        ], 
        [
          325.6263803057292, 
          310.9383461557641
        ], 
        [
          423.72387000543546, 
          338.6906050628934
        ], 
        [
          400.06621292142694, 
          487.2511665897897
        ], 
        [
          286.5680261276991, 
          472.46136207547056
        ], 
        [
          307.8785179924124, 
          334.5454650219905
        ], 
        [
          402.73954464587405, 
          358.93466763090834
        ]
      ], 
      "projected_cuboid_centroid": [
        362.5385456533528, 
        398.36583963718016
      ], 
      "quaternion_xyzw": [
        0.8959182457323821, 
        0.0651468063267492, 
        0.28862349794306835, 
        0.33133497706149845
      ], 
      "visibility": 0.9214569975679858
    }, 
    {
      "bounding_box": {
        "bottom_right": [
          460, 
          324
        ], 
        "top_left": [
          336, 
          243
        ]
      }, 
      "class": "004_sugar_box", 
      "cuboid": [
        [
          -22.45047703739518, 
          24.393375041449186, 
          73.50916120628138
        ], 
        [
          -30.73308852284778, 
          22.476819170833785, 
          69.81925571617144
        ], 
        [
          -32.71503805076547, 
          9.154600845086991, 
          81.18769206317066
        ], 
        [
          -24.43242656531287, 
          11.071156715702395, 
          84.87759755328061
        ], 
        [
          -24.41078124047845, 
          27.197185639532428, 
          76.45307643125746
        ], 
        [
          -32.69339272593105, 
          25.280629768917024, 
          72.76317094114752
        ], 
        [
          -34.67534225384873, 
          11.958411443170233, 
          84.13160728814674
        ], 
        [
          -26.392730768396138, 
          13.874967313785636, 
          87.82151277825669
        ]
      ], 
      "cuboid_centroid": [
        -28.562909645621957, 
        18.17589324230971, 
        78.82038424721406
      ], 
      "location": [
        -28.562909645621957, 
        18.17589324230971, 
        78.82038424721406
      ], 
      "pose_transform_permuted": [
        [
          0.43432981107010193, 
          -0.6212191584481934, 
          -0.652261083488553, 
          0.0
        ], 
        [
          0.8937073179861658, 
          0.20679951122984924, 
          0.39814683387970007, 
          0.0
        ], 
        [
          0.11244912650250896, 
          0.7558577010686418, 
          -0.6450067062315865, 
          0.0
        ], 
        [
          -28.562909645621957, 
          18.17589324230971, 
          78.82038424721406, 
          1.0
        ]
      ], 
      "projected_cuboid": [
        [
          317.35823770194065, 
          450.2639976035896
        ], 
        [
          244.8837298528235, 
          444.97739472635743
        ], 
        [
          264.9020275432564, 
          333.4228441471674
        ], 
        [
          326.79909821585835, 
          342.8510032236847
        ], 
        [
          309.8938439223189, 
          463.0080297221322
        ], 
        [
          239.97304417976832, 
          458.58158156286385
        ], 
        [
          259.95443120184706, 
          349.0922335081763
        ], 
        [
          319.9844927482742, 
          357.54598137072634
        ]
      ], 
      "projected_cuboid_centroid": [
        286.72228894683576, 
        396.26944272532415
      ], 
      "quaternion_xyzw": [
        0.9085463805639424, 
        0.025961906498591793, 
        0.22906828499858112, 
        0.3484208103646351
      ], 
      "visibility": 0.586318407960199
    }, 
    {
      "bounding_box": {
        "bottom_right": [
          358, 
          310
        ], 
        "top_left": [
          273, 
          175
        ]
      }, 
      "class": "024_bowl", 
      "cuboid": [
        [
          -38.77775257429036, 
          2.50620082195823, 
          62.68856541604413
        ], 
        [
          -37.997000417662655, 
          13.13187384766224, 
          74.78087041577481
        ], 
        [
          -38.57311017617628, 
          9.040861103155448, 
          78.41289613002111
        ], 
        [
          -39.35386233280398, 
          -1.5848119225485617, 
          66.32059113029042
        ], 
        [
          -22.739309615635822, 
          0.7209670377351935, 
          63.22173601807724
        ], 
        [
          -21.95855745900812, 
          11.346640063439203, 
          75.31404101780792
        ], 
        [
          -22.534667217521744, 
          7.255627318932412, 
          78.94606673205422
        ], 
        [
          -23.315419374149442, 
          -3.3700457067715983, 
          66.85376173232353
        ]
      ], 
      "cuboid_centroid": [
        -30.656209895906052, 
        4.880914070445321, 
        70.81731607404917
      ], 
      "location": [
        -30.656209895906052, 
        4.880914070445321, 
        70.81731607404917
      ], 
      "pose_transform_permuted": [
        [
          -0.9933200542670042, 
          0.11056612689867239, 
          -0.0330212261071958, 
          0.0
        ], 
        [
          -0.04844457620879768, 
          -0.6593081073088132, 
          -0.7503105641484866, 
          0.0
        ], 
        [
          0.10473009513480769, 
          0.7436988309924233, 
          -0.6602602940913205, 
          0.0
        ], 
        [
          -30.656209895906052, 
          4.880914070445321, 
          70.81731607404917, 
          1.0
        ]
      ], 
      "projected_cuboid": [
        [
          148.94820580936596, 
          294.60790606250896
        ], 
        [
          208.35312988741993, 
          366.9399743181956
        ], 
        [
          217.05855908015096, 
          334.7772941326682
        ], 
        [
          162.4941967535103, 
          260.54221198051357
        ], 
        [
          288.1765262357674, 
          279.36839944653525
        ], 
        [
          324.8066230551813, 
          353.63523879800107
        ], 
        [
          328.0956511740747, 
          322.3018758894233
        ], 
        [
          294.05050066511257, 
          246.40231598657718
        ]
      ], 
      "projected_cuboid_centroid": [
        248.8036293180097, 
        310.04431421263547
      ], 
      "quaternion_xyzw": [
        -0.6573194582717792, 
        0.2905886144206144, 
        0.6631595172155085, 
        -0.20906659626275972
      ], 
      "visibility": 0.7296254256526674
    }, 
    {
      "bounding_box": {
        "bottom_right": [
          324, 
          449
        ], 
        "top_left": [
          238, 
          358
        ]
      }, 
      "class": "025_mug", 
      "cuboid": [
        [
          -3.6940183413669767, 
          0.7884742191761398, 
          62.45255633004408
        ], 
        [
          -15.254186196716438, 
          2.546001461079029, 
          62.07789291633175
        ], 
        [
          -16.42480101288395, 
          -4.2285076750625965, 
          66.41810696460057
        ], 
        [
          -4.864633157534491, 
          -5.986034916965485, 
          66.7927703783129
        ], 
        [
          -3.1958842728226453, 
          5.741761428238834, 
          70.31834640240736
        ], 
        [
          -14.756052128172106, 
          7.499288670141723, 
          69.94368298869503
        ], 
        [
          -15.926666944339619, 
          0.7247795340000979, 
          74.28389703696384
        ], 
        [
          -4.366499088990159, 
          -1.0327477079027911, 
          74.65856045067618
        ]
      ], 
      "cuboid_centroid": [
        -9.810342642853298, 
        0.7566268765881189, 
        68.36822668350396
      ], 
      "location": [
        -9.810342642853298, 
        0.7566268765881189, 
        68.36822668350396
      ], 
      "pose_transform_permuted": [
        [
          -0.05351216937328664, 
          -0.5321080424402012, 
          -0.844984346959118, 
          0.0
        ], 
        [
          0.9881329601695205, 
          -0.15022883904894432, 
          0.03202525021187001, 
          0.0
        ], 
        [
          0.1439817569268359, 
          0.8332422537858879, 
          -0.5338319962104889, 
          0.0
        ], 
        [
          -9.810342642853298, 
          0.7566268765881189, 
          68.36822668350396, 
          1.0
        ]
      ], 
      "projected_cuboid": [
        [
          449.7887611398861, 
          280.0197890542968
        ], 
        [
          349.4541745492512, 
          295.15958125314995
        ], 
        [
          348.61124056474665, 
          239.3327555904027
        ], 
        [
          442.43078423593045, 
          225.4899032755851
        ], 
        [
          457.15634126207374, 
          316.8341179266835
        ], 
        [
          368.144738020295, 
          330.46850691330457
        ], 
        [
          366.2990200226813, 
          278.49007649223216
        ], 
        [
          450.1452693450266, 
          265.9091578956841
        ]
      ], 
      "projected_cuboid_centroid": [
        404.4318487725098, 
        279.1887523580943
      ], 
      "quaternion_xyzw": [
        0.9573870117296515, 
        -0.07682645376717832, 
        -0.005610823757311465, 
        0.27834617181742494
      ], 
      "visibility": 0.8569174118884797
    }, 
    {
      "bounding_box": {
        "bottom_right": [
          352, 
          368
        ], 
        "top_left": [
          284, 
          324
        ]
      }, 
      "class": "061_foam_brick", 
      "cuboid": [
        [
          -20.810072618818186, 
          1.3776455772147707, 
          74.76820474930307
        ], 
        [
          -19.936054676254344, 
          7.336099369522317, 
          69.83094678555683
        ], 
        [
          -21.69625891419717, 
          10.553717451008266, 
          73.40247954782485
        ], 
        [
          -22.570276856761016, 
          4.595263658700718, 
          78.33973751157109
        ], 
        [
          -15.909914430711042, 
          2.11187102598596, 
          76.52174378878988
        ], 
        [
          -15.035896488147197, 
          8.070324818293507, 
          71.58448582504364
        ], 
        [
          -16.796100726090025, 
          11.287942899779454, 
          75.15601858731166
        ], 
        [
          -17.670118668653867, 
          5.329489107471907, 
          80.0932765510579
        ]
      ], 
      "cuboid_centroid": [
        -18.803086672454107, 
        6.3327942384971125, 
        74.96211166830736
      ], 
      "location": [
        -18.803086672454107, 
        6.3327942384971125, 
        74.96211166830736
      ], 
      "pose_transform_permuted": [
        [
          -0.9322979735514398, 
          -0.13969281638307562, 
          -0.3336261464016936, 
          0.0
        ], 
        [
          -0.11223488821805178, 
          -0.7651403509753631, 
          0.6340059725081301, 
          0.0
        ], 
        [
          0.34383690665570116, 
          -0.6285269766368525, 
          -0.6976603910651493, 
          0.0
        ], 
        [
          -18.803086672454107, 
          6.3327942384971125, 
          74.96211166830736, 
          1.0
        ]
      ], 
      "projected_cuboid": [
        [
          331.92237381948087, 
          283.1132466400326
        ], 
        [
          328.0706835129855, 
          329.3144974743884
        ], 
        [
          322.64511765123285, 
          349.9665660479335
        ], 
        [
          326.6631472965227, 
          304.57007526234327
        ], 
        [
          369.7885937106137, 
          288.00525869431914
        ], 
        [
          368.64292807974925, 
          333.41216741834154
        ], 
        [
          361.4158942623495, 
          353.3876545031454
        ], 
        [
          362.95597437211035, 
          308.7741722961602
        ]
      ], 
      "projected_cuboid_centroid": [
        346.70727996258404, 
        318.3413411135596
      ], 
      "quaternion_xyzw": [
        0.3849884029249421, 
        -0.7201367945148685, 
        -0.19370193931625065, 
        0.5437522280453448
      ], 
      "visibility": 0.8732286480275756
    }
  ]
}