{
  "camera_data": {
    "location_worldframe": [
      -11.691150835808978, 
      3.656152749728301, 
      90.35146404345464
    ], 
    "quaternion_xyzw_worldframe": [
      0.9420295546239846, 
      -0.033645460923724155, 
      0.1613744556786641, 
      -0.2922486665187084
    ]
  }, 
  "objects": [
    {
      "bounding_box": {
        "bottom_right": [
          465, 
          464
        ], 
        "top_left": [
          319, 
          331
        ]
      }, 
      "class": "003_cracker_box", 
      "cuboid": [
        [
          -1.5483398262312904, 
          23.506284441736945, 
          76.27983112146111
        ], 
        [
          -14.755179731090559, 
          19.058202338993848, 
          67.62696679675165
        ], 
        [
          -20.84326911342298, 
          6.193383382334218, 
          83.53247364285681
        ], 
        [
          -7.636429208563711, 
          10.641465485077312, 
          92.18533796756628
        ], 
        [
          -5.282093403692595, 
          28.89447816828633, 
          79.20879853727705
        ], 
        [
          -18.488933308551864, 
          24.446396065543237, 
          70.55593421256758
        ], 
        [
          -24.577022690884284, 
          11.581577108883604, 
          86.46144105867273
        ], 
        [
          -11.370182786025016, 
          16.029659211626697, 
          95.11430538338222
        ]
      ], 
      "cuboid_centroid": [
        -13.062681258557788, 
        17.543930775310272, 
        81.37063609006692
      ], 
      "location": [
        -13.062681258557788, 
        17.543930775310272, 
        81.37063609006692
      ], 
      "pose_transform_permuted": [
        [
          0.520021402051378, 
          -0.7504448266534509, 
          -0.4079341902287565, 
          0.0
        ], 
        [
          0.8051183488450291, 
          0.27116498298506525, 
          0.527497863840001, 
          0.0
        ], 
        [
          0.2852405752370681, 
          0.6027454804075947, 
          -0.7452084943736521, 
          0.0
        ], 
        [
          -13.062681258557788, 
          17.543930775310272, 
          81.37063609006692, 
          1.0
        ]
      ], 
      "projected_cuboid": [
        [
          470.68145178746596, 
          437.63354342259504
        ], 
        [
          364.2651065490483, 
          423.5832762333682
        ], 
        [
          347.4126058135946, 
          312.828676503608
        ], 
        [
          437.049889007727, 
          334.8505790963934
        ], 
        [
          445.7359043923573, 
          467.8355191202668
        ], 
        [
          340.6779079826763, 
          458.0724373564297
        ], 
        [
          328.7354199489418, 
          344.72510991065843
        ], 
        [
          417.3115217986191, 
          363.1671414791072
        ]
      ], 
      "projected_cuboid_centroid": [
        395.2681389817595, 
        388.2730035894394
      ], 
      "quaternion_xyzw": [
        0.8390169872358634, 
        -0.004194072487845207, 
        0.31212695387206196, 
        0.4456564478969979
      ], 
      "visibility": 0.9310712619158723
    }, 
    {
      "bounding_box": {
        "bottom_right": [
          458, 
          360
        ], 
        "top_left": [
          350, 
          283
        ]
      }, 
      "class": "004_sugar_box", 
      "cuboid": [
        [
          -16.46903106846258, 
          23.231328181444344, 
          74.98700766782828
        ], 
        [
          -24.468317710412734, 
          21.867855684918876, 
          70.51011165371071
        ], 
        [
          -30.126259664863408, 
          11.670151532055641, 
          83.72546230651568
        ], 
        [
          -22.126973022913255, 
          13.033624028581109, 
          88.20235832063325
        ], 
        [
          -18.228371053100652, 
          26.852181005139364, 
          77.02782391090096
        ], 
        [
          -26.227657695050805, 
          25.488708508613893, 
          72.5509278967834
        ], 
        [
          -31.88559964950148, 
          15.291004355750658, 
          85.76627854958836
        ], 
        [
          -23.886313007551323, 
          16.654476852276126, 
          90.24317456370594
        ]
      ], 
      "cuboid_centroid": [
        -24.177315358982028, 
        19.261166268597503, 
        80.37664310870832
      ], 
      "location": [
        -24.177315358982028, 
        19.261166268597503, 
        80.37664310870832
      ], 
      "pose_transform_permuted": [
        [
          0.38980368553720357, 
          -0.8022450394967097, 
          -0.45216825627798024, 
          0.0
        ], 
        [
          0.8631361042512038, 
          0.14712091109886105, 
          0.48306439782999555, 
          0.0
        ], 
        [
          0.3210125291375731, 
          0.5785833131307181, 
          -0.7497943900183905, 
          0.0
        ], 
        [
          -24.177315358982028, 
          19.261166268597503, 
          80.37664310870832, 
          1.0
        ]
      ], 
      "projected_cuboid": [
        [
          363.49057849333735, 
          438.5114569050309
        ], 
        [
          294.9829717357848, 
          438.68913634923877
        ], 
        [
          288.0977680145163, 
          347.6237847300347
        ], 
        [
          346.69035978561794, 
          352.09494023371633
        ], 
        [
          354.3370537195069, 
          459.20369432564286
        ], 
        [
          287.19169084959094, 
          460.6532304753498
        ], 
        [
          281.67084555118583, 
          368.37043583952
        ], 
        [
          339.2572221720552, 
          371.7112520468647
        ]
      ], 
      "projected_cuboid_centroid": [
        319.83751129022846, 
        401.08930217333256
      ], 
      "quaternion_xyzw": [
        0.8505715245733163, 
        -0.05111022795112488, 
        0.2565534050193685, 
        0.4561754610506361
      ], 
      "visibility": 0.6444413052691058
    }, 
    {
      "bounding_box": {
        "bottom_right": [
          363, 
          343
        ], 
        "top_left": [
          270, 
          217
        ]
      }, 
      "class": "024_bowl", 
      "cuboid": [
        [
          -35.06168510697794, 
          2.307830588824968, 
          66.08560088572425
        ], 
        [
          -33.81997831060821, 
          14.978098423907296, 
          75.967949726202
        ], 
        [
          -35.542261393001354, 
          11.871048552402977, 
          80.16793551172618
        ], 
        [
          -36.78396818937109, 
          -0.7992192826793504, 
          70.28558667124844
        ], 
        [
          -19.777715351135218, 
          -1.7417986739196645, 
          69.35726016352596
        ], 
        [
          -18.53600855476548, 
          10.928469161162663, 
          79.23960900400371
        ], 
        [
          -20.258291637158628, 
          7.821419289658345, 
          83.4395947895279
        ], 
        [
          -21.499998433528365, 
          -4.848848545423984, 
          73.55724594905017
        ]
      ], 
      "cuboid_centroid": [
        -27.659988372068284, 
        5.064624939241656, 
        74.76259783762607
      ], 
      "location": [
        -27.659988372068284, 
        5.064624939241656, 
        74.76259783762607
      ], 
      "pose_transform_permuted": [
        [
          -0.9465927401073948, 
          0.2508085086189814, 
          -0.20262595189238883, 
          0.0
        ], 
        [
          -0.07704616505388649, 
          -0.786172347411414, 
          -0.6131858842277081, 
          0.0
        ], 
        [
          0.3130911573750745, 
          0.5648257538125802, 
          -0.7635088702848103, 
          0.0
        ], 
        [
          -27.659988372068284, 
          5.064624939241656, 
          74.76259783762607, 
          1.0
        ]
      ], 
      "projected_cuboid": [
        [
          196.28661716495984, 
          291.91103758748534
        ], 
        [
          242.1912738304821, 
          378.4376344230898
        ], 
        [
          243.18068520018713, 
          352.25904270367465
        ], 
        [
          200.1582213622534, 
          267.2221467614463
        ], 
        [
          328.2498399076378, 
          259.8930541478365
        ], 
        [
          355.80141513560034, 
          346.84024036575045
        ], 
        [
          351.0333920801751, 
          323.27858415434963
        ], 
        [
          324.4143824523521, 
          238.13043810656055
        ]
      ], 
      "projected_cuboid_centroid": [
        282.64001155847006, 
        309.41508005511866
      ], 
      "quaternion_xyzw": [
        0.6500779839086773, 
        -0.4227429370000447, 
        -0.5998428892164342, 
        0.1971687914206662
      ], 
      "visibility": 0.7747056917593692
    }, 
    {
      "bounding_box": {
        "bottom_right": [
          299, 
          467
        ], 
        "top_left": [
          219, 
          385
        ]
      }, 
      "class": "025_mug", 
      "cuboid": [
        [
          -1.0718404067388971, 
          -4.729941656018124, 
          71.47407233317927
        ], 
        [
          -12.00507450635673, 
          -1.3542234329215346, 
          69.03774843749795
        ], 
        [
          -14.87168420368861, 
          -6.815784229314957, 
          74.33450910593942
        ], 
        [
          -3.9384501040707773, 
          -10.191502452411548, 
          76.77083300162073
        ], 
        [
          -0.6241710432960595, 
          1.6211401777092345, 
          78.26503668815347
        ], 
        [
          -11.557405142913892, 
          4.9968584008058246, 
          75.82871279247216
        ], 
        [
          -14.424014840245771, 
          -0.4647023955875979, 
          81.12547346091364
        ], 
        [
          -3.49078074062794, 
          -3.8404206186841887, 
          83.56179735659495
        ]
      ], 
      "cuboid_centroid": [
        -7.747927623492334, 
        -2.5973220258028613, 
        76.29977289704645
      ], 
      "location": [
        -7.747927623492334, 
        -2.5973220258028613, 
        76.29977289704645
      ], 
      "pose_transform_permuted": [
        [
          -0.048090986568714474, 
          -0.6822664584720659, 
          -0.7295209416879943, 
          0.0
        ], 
        [
          0.9345442998980678, 
          -0.2885475783937733, 
          0.20825060441118803, 
          0.0
        ], 
        [
          0.3525835270021788, 
          0.6717539434550652, 
          -0.6514840718998992, 
          0.0
        ], 
        [
          -7.747927623492334, 
          -2.5973220258028613, 
          76.29977289704645, 
          1.0
        ]
      ], 
      "projected_cuboid": [
        [
          473.5326453993618, 
          237.99303321718514
        ], 
        [
          388.08450175006, 
          262.82510357616684
        ], 
        [
          374.0096679718413, 
          224.3860845058869
        ], 
        [
          454.009029886516, 
          202.4871519738211
        ], 
        [
          477.30835038873215, 
          284.3334350433101
        ], 
        [
          399.63396573258444, 
          308.4305136780339
        ], 
        [
          385.9832521037837, 
          270.23158030488236
        ], 
        [
          459.13206313959245, 
          248.77567789523974
        ]
      ], 
      "projected_cuboid_centroid": [
        426.9893483970031, 
        255.13179586927316
      ], 
      "quaternion_xyzw": [
        0.9132112550008796, 
        -0.17551555072416797, 
        0.04384517190447879, 
        0.3651265036069557
      ], 
      "visibility": 0.8486416558861578
    }, 
    {
      "bounding_box": {
        "bottom_right": [
          339, 
          396
        ], 
        "top_left": [
          281, 
          350
        ]
      }, 
      "class": "061_foam_brick", 
      "cuboid": [
        [
          -19.134215854249163, 
          1.008878374381967, 
          80.73681330612469
        ], 
        [
          -16.633137510434615, 
          5.602502174101348, 
          74.96733996236819
        ], 
        [
          -18.19681261785179, 
          9.723707082832409, 
          77.57076493886085
        ], 
        [
          -20.69789096166634, 
          5.130083283113028, 
          83.34023828261735
        ], 
        [
          -14.42268161722379, 
          1.3398286324105828, 
          83.04277373534926
        ], 
        [
          -11.92160327340924, 
          5.933452432129964, 
          77.27330039159276
        ], 
        [
          -13.485278380826415, 
          10.054657340861025, 
          79.87672536808542
        ], 
        [
          -15.986356724640965, 
          5.461033541141644, 
          85.64619871184192
        ]
      ], 
      "cuboid_centroid": [
        -16.30974711753779, 
        5.531767857621496, 
        80.30676933710505
      ], 
      "location": [
        -16.30974711753779, 
        5.531767857621496, 
        80.30676933710505
      ], 
      "pose_transform_permuted": [
        [
          -0.8964106163261965, 
          -0.06296618253166864, 
          -0.4387291496983954, 
          0.0
        ], 
        [
          -0.3211698921411001, 
          -0.589879027156959, 
          0.7408728863323544, 
          0.0
        ], 
        [
          0.30544706140305655, 
          -0.8050329143443442, 
          -0.508550980239434, 
          0.0
        ], 
        [
          -16.30974711753779, 
          5.531767857621496, 
          80.30676933710505, 
          1.0
        ]
      ], 
      "projected_cuboid": [
        [
          354.1497204365034, 
          279.9508410677568
        ], 
        [
          362.2824067307269, 
          313.14288243365985
        ], 
        [
          355.4465654611882, 
          340.13960321009233
        ], 
        [
          348.0411634159678, 
          306.11550433146016
        ], 
        [
          388.199427559838, 
          281.8912222377104
        ], 
        [
          398.63168206109464, 
          314.23763443820906
        ], 
        [
          390.808451393192, 
          340.4193058464936
        ], 
        [
          381.2203150643422, 
          307.2924387178402
        ]
      ], 
      "projected_cuboid_centroid": [
        372.38093188443423, 
        310.02316868366324
      ], 
      "quaternion_xyzw": [
        0.27952027798218465, 
        -0.8007702473531093, 
        -0.13911131163420937, 
        0.5111589460492814
      ], 
      "visibility": 0.9600340136054422
    }
  ]
}