{
  "camera_data": {
    "location_worldframe": [
      -9.62343305455304, 
      8.439301913930445, 
      84.84694655441935
    ], 
    "quaternion_xyzw_worldframe": [
      0.9348950052184805, 
      -0.04421573906181294, 
      0.18421239643992718, 
      -0.3001431701422148
    ]
  }, 
  "objects": [
    {
      "bounding_box": {
        "bottom_right": [
          513, 
          487
        ], 
        "top_left": [
          358, 
          337
        ]
      }, 
      "class": "003_cracker_box", 
      "cuboid": [
        [
          1.680010986226059, 
          28.24047313200565, 
          71.61587369171963
        ], 
        [
          -11.300787751804425, 
          24.38842455953969, 
          62.3563541790632
        ], 
        [
          -18.41310318483455, 
          11.402311776387638, 
          77.729362704096
        ], 
        [
          -5.4323044468040695, 
          15.254360348853597, 
          86.98888221675244
        ], 
        [
          -2.0003449593672102, 
          33.68341524965936, 
          74.51100041650218
        ], 
        [
          -14.981143697397691, 
          29.83136667719341, 
          65.25148090384575
        ], 
        [
          -22.093459130427824, 
          16.84525389404136, 
          80.62448942887855
        ], 
        [
          -9.112660392397338, 
          20.697302466507317, 
          89.88400894153499
        ]
      ], 
      "cuboid_centroid": [
        -10.206724072100881, 
        22.542863513023505, 
        76.12018156029909
      ], 
      "location": [
        -10.206724072100881, 
        22.542863513023505, 
        76.12018156029909
      ], 
      "pose_transform_permuted": [
        [
          0.5125844057916731, 
          -0.7580699509449933, 
          -0.40322100194986427, 
          0.0
        ], 
        [
          0.7913383763217583, 
          0.23482945266819985, 
          0.5644809140440412, 
          0.0
        ], 
        [
          0.3332278516265415, 
          0.6084283668878434, 
          -0.720259759577439, 
          0.0
        ], 
        [
          -10.206724072100881, 
          22.542863513023505, 
          76.12018156029909, 
          1.0
        ]
      ], 
      "projected_cuboid": [
        [
          494.2122815122151, 
          483.5918318070775
        ], 
        [
          384.1385645790636, 
          481.87513478977473
        ], 
        [
          354.20757297480145, 
          351.52050198446256
        ], 
        [
          448.01464120591845, 
          366.8093985525337
        ], 
        [
          467.1600928726514, 
          514.3787912099984
        ], 
        [
          358.1313651118022, 
          517.1070891985144
        ], 
        [
          334.23406024789824, 
          384.71550762603977
        ], 
        [
          427.07723934680376, 
          396.09232795665366
        ]
      ], 
      "projected_cuboid_centroid": [
        409.48992441327454, 
        431.22823393924074
      ], 
      "quaternion_xyzw": [
        0.8371062873314633, 
        -0.029386471123044943, 
        0.3216632511712446, 
        0.44150000211892687
      ], 
      "visibility": 0.9301703975943869
    }, 
    {
      "bounding_box": {
        "bottom_right": [
          517, 
          376
        ], 
        "top_left": [
          393, 
          286
        ]
      }, 
      "class": "004_sugar_box", 
      "cuboid": [
        [
          -13.17844492738077, 
          28.463426332313997, 
          69.73141996856883
        ], 
        [
          -21.0304348143338, 
          27.44452359422338, 
          64.91495508490321
        ], 
        [
          -27.523497200602787, 
          17.16464059030632, 
          77.67485776085046
        ], 
        [
          -19.671507313649762, 
          18.183543328396933, 
          82.49132264451609
        ], 
        [
          -14.905759622846551, 
          32.09590735279003, 
          71.77891816615171
        ], 
        [
          -22.75774950979958, 
          31.077004614699412, 
          66.9624532824861
        ], 
        [
          -29.250811896068573, 
          20.797121610782348, 
          79.72235595843334
        ], 
        [
          -21.39882200911554, 
          21.81602434887296, 
          84.53882084209896
        ]
      ], 
      "cuboid_centroid": [
        -21.21462841172467, 
        24.63027397154817, 
        74.72688796350108
      ], 
      "location": [
        -21.21462841172467, 
        24.63027397154817, 
        74.72688796350108
      ], 
      "pose_transform_permuted": [
        [
          0.382708083857736, 
          -0.8048214113185113, 
          -0.45364872652103094, 
          0.0
        ], 
        [
          0.8472425436166438, 
          0.10994127093213094, 
          0.5197044339114176, 
          0.0
        ], 
        [
          0.3683944436412346, 
          0.5832458637596898, 
          -0.7239538090936112, 
          0.0
        ], 
        [
          -21.21462841172467, 
          24.63027397154817, 
          74.72688796350108, 
          1.0
        ]
      ], 
      "projected_cuboid": [
        [
          379.96578874352605, 
          490.98040788993086
        ], 
        [
          307.37818367562056, 
          498.76157473465054
        ], 
        [
          291.04446474625155, 
          391.13984635940807
        ], 
        [
          353.3577771330233, 
          390.8460513652323
        ], 
        [
          369.9238732929413, 
          511.7601228196307
        ], 
        [
          298.83347229233556, 
          520.7980064964954
        ], 
        [
          284.28686745411017, 
          412.41328725117694
        ], 
        [
          345.47597839360486, 
          410.9145873946639
        ]
      ], 
      "projected_cuboid_centroid": [
        328.9282758172594, 
        449.0707544245596
      ], 
      "quaternion_xyzw": [
        0.8491373760907837, 
        -0.0760928619992437, 
        0.2656850773439144, 
        0.4500965519414012
      ], 
      "visibility": 0.6595284200934047
    }, 
    {
      "bounding_box": {
        "bottom_right": [
          413, 
          353
        ], 
        "top_left": [
          315, 
          216
        ]
      }, 
      "class": "024_bowl", 
      "cuboid": [
        [
          -32.035200516701266, 
          8.322837010877484, 
          59.65700529686784
        ], 
        [
          -30.80046880705927, 
          20.744401014765565, 
          69.85104898366262
        ], 
        [
          -32.78413717117614, 
          17.60874060172605, 
          73.91215623585587
        ], 
        [
          -34.01886888081814, 
          5.18717659783797, 
          63.71811254906109
        ], 
        [
          -17.026155443794487, 
          3.726716499711898, 
          63.43949460148115
        ], 
        [
          -15.791423734152488, 
          16.14828050359998, 
          73.63353828827593
        ], 
        [
          -17.77509209826936, 
          13.012620090560464, 
          77.69464554046918
        ], 
        [
          -19.009823807911356, 
          0.5910560866723841, 
          67.5006018536744
        ]
      ], 
      "cuboid_centroid": [
        -24.905146307485314, 
        10.667728550718975, 
        68.67582541866851
      ], 
      "location": [
        -24.905146307485314, 
        10.667728550718975, 
        68.67582541866851
      ], 
      "pose_transform_permuted": [
        [
          -0.9295656383072226, 
          0.2846547315932023, 
          -0.2342635436001233, 
          0.0
        ], 
        [
          -0.07661337070592802, 
          -0.7707406235263978, 
          -0.63252611224772, 
          0.0
        ], 
        [
          0.3606079803714291, 
          0.5700268195688175, 
          -0.7382623581523692, 
          0.0
        ], 
        [
          -24.905146307485314, 
          10.667728550718975, 
          68.67582541866851, 
          1.0
        ]
      ], 
      "projected_cuboid": [
        [
          192.82330219351303, 
          347.69074153396605
        ], 
        [
          244.47272955625647, 
          431.67206637797307
        ], 
        [
          243.06892672025685, 
          400.3439352506223
        ], 
        [
          194.48681301100794, 
          316.70312316141843
        ], 
        [
          337.2697251181982, 
          304.6160891184485
        ], 
        [
          366.26837959868817, 
          390.2467496908584
        ], 
        [
          358.5666481852927, 
          362.60910421989456
        ], 
        [
          330.149541993921, 
          277.9564487247233
        ]
      ], 
      "projected_cuboid_centroid": [
        286.57805824499354, 
        356.12949632039414
      ], 
      "quaternion_xyzw": [
        0.6572056360955476, 
        -0.43036324620523586, 
        -0.5942172680667026, 
        0.17255163439180374
      ], 
      "visibility": 0.7754200672107537
    }, 
    {
      "bounding_box": {
        "bottom_right": [
          339, 
          484
        ], 
        "top_left": [
          253, 
          395
        ]
      }, 
      "class": "025_mug", 
      "cuboid": [
        [
          1.4793305174453895, 
          0.1066365818303782, 
          66.22577910358758
        ], 
        [
          -9.238666378645904, 
          3.8748910493129056, 
          63.434443164089124
        ], 
        [
          -12.4815153009011, 
          -1.5997152042267517, 
          68.49550908980281
        ], 
        [
          -1.7635184048098078, 
          -5.36796967170928, 
          71.28684502930126
        ], 
        [
          1.8502403313050884, 
          6.301292480634924, 
          73.16425944106683
        ], 
        [
          -8.867756564786204, 
          10.06954694811745, 
          70.37292350156838
        ], 
        [
          -12.1106054870414, 
          4.594940694577793, 
          75.43398942728204
        ], 
        [
          -1.3926085909501076, 
          0.8266862270952654, 
          78.22532536678051
        ]
      ], 
      "cuboid_centroid": [
        -5.315637484798006, 
        2.3507886382040857, 
        70.82988426543481
      ], 
      "location": [
        -5.315637484798006, 
        2.3507886382040857, 
        70.82988426543481
      ], 
      "pose_transform_permuted": [
        [
          -0.039845073916497394, 
          -0.6654623656533885, 
          -0.74536788077438, 
          0.0
        ], 
        [
          0.9161463858088819, 
          -0.3221005514986935, 
          0.2385961068418065, 
          0.0
        ], 
        [
          0.39885970929637093, 
          0.6733584916069313, 
          -0.6224943968268732, 
          0.0
        ], 
        [
          -5.315637484798006, 
          2.3507886382040857, 
          70.82988426543481, 
          1.0
        ]
      ], 
      "projected_cuboid": [
        [
          493.6094717357333, 
          274.14528782390397
        ], 
        [
          403.2764895706744, 
          305.8643486498051
        ], 
        [
          383.60363996003116, 
          260.83083895462465
        ], 
        [
          468.29367852606, 
          233.12704787334286
        ], 
        [
          495.1965052576276, 
          319.21883750697924
        ], 
        [
          413.83293253128426, 
          349.59836807007144
        ], 
        [
          395.2613481072189, 
          305.772846534567
        ], 
        [
          472.0235098100147, 
          278.92266607653175
        ]
      ], 
      "projected_cuboid_centroid": [
        441.2389829588176, 
        290.98699915898214
      ], 
      "quaternion_xyzw": [
        0.9130816992731527, 
        -0.1973975224147455, 
        0.05441764769886483, 
        0.35264006591784813
      ], 
      "visibility": 0.8856502242152466
    }, 
    {
      "bounding_box": {
        "bottom_right": [
          381, 
          409
        ], 
        "top_left": [
          318, 
          357
        ]
      }, 
      "class": "061_foam_brick", 
      "cuboid": [
        [
          -16.75394899614515, 
          6.224203187866445, 
          74.89213198743968
        ], 
        [
          -13.883960469013235, 
          10.852624601479588, 
          69.32576187472692
        ], 
        [
          -15.42295945719106, 
          14.967506765272304, 
          71.95377599988286
        ], 
        [
          -18.29294798432298, 
          10.339085351659163, 
          77.52014611259563
        ], 
        [
          -12.130461562814714, 
          6.359244219414767, 
          77.38826185480134
        ], 
        [
          -9.260473035682795, 
          10.987665633027909, 
          71.82189174208858
        ], 
        [
          -10.799472023860622, 
          15.102547796820625, 
          74.44990586724452
        ], 
        [
          -13.66946055099254, 
          10.474126383207484, 
          80.01627597995729
        ]
      ], 
      "cuboid_centroid": [
        -13.776710510002887, 
        10.663375492343535, 
        74.6710189273421
      ], 
      "location": [
        -13.776710510002887, 
        10.663375492343535, 
        74.6710189273421
      ], 
      "pose_transform_permuted": [
        [
          -0.8796589414799239, 
          -0.025692737912901664, 
          -0.4749105493595175, 
          0.0
        ], 
        [
          -0.36854259603053036, 
          -0.5943474781067928, 
          0.7147918789264276, 
          0.0
        ], 
        [
          0.30062684774566806, 
          -0.8037978343381091, 
          -0.5133542051331309, 
          0.0
        ], 
        [
          -13.776710510002887, 
          10.663375492343535, 
          74.6710189273421, 
          1.0
        ]
      ], 
      "projected_cuboid": [
        [
          361.29510029234797, 
          317.6101453035257
        ], 
        [
          373.89837004637326, 
          356.7752306730914
        ], 
        [
          366.32983636785775, 
          384.22532275319367
        ], 
        [
          354.6972927331122, 
          344.4169081707379
        ], 
        [
          397.3035911062379, 
          317.11113611939413
        ], 
        [
          412.2595862607258, 
          354.87638633120184
        ], 
        [
          403.5906915522248, 
          381.47316900532184
        ], 
        [
          389.7289593069398, 
          343.0980438077414
        ]
      ], 
      "projected_cuboid_centroid": [
        382.38027385186035, 
        349.44710274227947
      ], 
      "quaternion_xyzw": [
        -0.2750318704218104, 
        0.8135187428277478, 
        0.14986177992812555, 
        -0.4899858898346108
      ], 
      "visibility": 0.9756956674885523
    }
  ]
}