{
  "camera_data": {
    "location_worldframe": [
      -12.577168769112621, 
      1.4466913353868314, 
      93.14375007686526
    ], 
    "quaternion_xyzw_worldframe": [
      0.944971820005429, 
      -0.028189085043210396, 
      0.1440000065024809, 
      -0.29240064961141515
    ]
  }, 
  "objects": [
    {
      "bounding_box": {
        "bottom_right": [
          445, 
          453
        ], 
        "top_left": [
          303, 
          329
        ]
      }, 
      "class": "003_cracker_box", 
      "cuboid": [
        [
          -3.28095373798781, 
          21.469004647263855, 
          78.73539536217244
        ], 
        [
          -16.650276395284095, 
          16.72894351148655, 
          70.4970006276775
        ], 
        [
          -21.983333815260547, 
          3.7784118259229835, 
          86.60276899689366
        ], 
        [
          -8.614011157964264, 
          8.51847296170029, 
          94.8411637313886
        ], 
        [
          -7.0345461003415934, 
          26.785793918199758, 
          81.76767070598324
        ], 
        [
          -20.403868757637877, 
          22.04573278242245, 
          73.52927597148829
        ], 
        [
          -25.73692617761433, 
          9.095201096858885, 
          89.63504434070447
        ], 
        [
          -12.367603520318045, 
          13.835262232636191, 
          97.87343907519941
        ]
      ], 
      "cuboid_centroid": [
        -14.50893995780107, 
        15.28210287206137, 
        84.18521985143845
      ], 
      "location": [
        -14.50893995780107, 
        15.28210287206137, 
        84.18521985143845
      ], 
      "pose_transform_permuted": [
        [
          0.522784464080179, 
          -0.740499916163111, 
          -0.42232248137984074, 
          0.0
        ], 
        [
          0.8150236589949427, 
          0.28896467455907915, 
          0.50223087533072, 
          0.0
        ], 
        [
          0.24986564268601552, 
          0.6067613130543109, 
          -0.7545911936841785, 
          0.0
        ], 
        [
          -14.50893995780107, 
          15.28210287206137, 
          84.18521985143845, 
          1.0
        ]
      ], 
      "projected_cuboid": [
        [
          459.188102260913, 
          418.70830867186464
        ], 
        [
          354.5857146844448, 
          399.8433148797827
        ], 
        [
          345.090511003498, 
          296.55485888376637
        ], 
        [
          432.7542980191865, 
          321.1884011645533
        ], 
        [
          435.33274799122063, 
          447.9935869168182
        ], 
        [
          332.37124989928515, 
          433.18775913289943
        ], 
        [
          327.1887912961755, 
          327.40207832073736
        ], 
        [
          413.6434728828965, 
          348.6759015993192
        ]
      ], 
      "projected_cuboid_centroid": [
        388.91588516540514, 
        370.099787956776
      ], 
      "quaternion_xyzw": [
        0.8432240884588589, 
        0.01159212373324273, 
        0.3038976689115629, 
        0.44326624746330257
      ], 
      "visibility": 0.9402043922591867
    }, 
    {
      "bounding_box": {
        "bottom_right": [
          433, 
          353
        ], 
        "top_left": [
          331, 
          283
        ]
      }, 
      "class": "004_sugar_box", 
      "cuboid": [
        [
          -18.225219689438532, 
          20.88298208114074, 
          77.89872974972184
        ], 
        [
          -26.32720641785951, 
          19.344160587194377, 
          73.67024522068024
        ], 
        [
          -31.367580763210306, 
          9.062752469658793, 
          87.06943339031397
        ], 
        [
          -23.265594034789324, 
          10.601573963605157, 
          91.29791791935557
        ], 
        [
          -19.996189783428335, 
          24.471501007490637, 
          79.98606779896497
        ], 
        [
          -28.098176511849317, 
          22.932679513544272, 
          75.75758326992337
        ], 
        [
          -33.13855085720011, 
          12.65127139600869, 
          89.1567714395571
        ], 
        [
          -25.036564128779133, 
          14.190092889955054, 
          93.3852559685987
        ]
      ], 
      "cuboid_centroid": [
        -25.68188527331932, 
        16.767126738574714, 
        83.52775059463947
      ], 
      "location": [
        -25.68188527331932, 
        16.767126738574714, 
        83.52775059463947
      ], 
      "pose_transform_permuted": [
        [
          0.39238048111286933, 
          -0.795081061832948, 
          -0.46247574184724366, 
          0.0
        ], 
        [
          0.8742176114543365, 
          0.16604135454496924, 
          0.4562603925384122, 
          0.0
        ], 
        [
          0.28597382748481937, 
          0.5833323935586598, 
          -0.7602247102130245, 
          0.0
        ], 
        [
          -25.68188527331932, 
          16.767126738574714, 
          83.52775059463947, 
          1.0
        ]
      ], 
      "projected_cuboid": [
        [
          355.7815725299965, 
          416.2581029179513
        ], 
        [
          289.4187444735419, 
          413.32434605787944
        ], 
        [
          287.8625332955734, 
          328.7979061080065
        ], 
        [
          344.55780675908363, 
          335.21595692198804
        ], 
        [
          347.15826425865794, 
          436.4540879813872
        ], 
        [
          282.14260339046325, 
          434.7284234172992
        ], 
        [
          281.7163425314529, 
          348.96414135986805
        ], 
        [
          337.4226683501115, 
          354.32560937162765
        ]
      ], 
      "projected_cuboid_centroid": [
        316.25329159588637, 
        380.3436175691658
      ], 
      "quaternion_xyzw": [
        0.8544041413260238, 
        -0.03509243083539967, 
        0.2483136587839457, 
        0.4550849231700115
      ], 
      "visibility": 0.6439962476547842
    }, 
    {
      "bounding_box": {
        "bottom_right": [
          342, 
          339
        ], 
        "top_left": [
          252, 
          218
        ]
      }, 
      "class": "024_bowl", 
      "cuboid": [
        [
          -36.643057641129104, 
          -0.4407029134474414, 
          69.60434559598903
        ], 
        [
          -35.36358946363777, 
          12.275594650162066, 
          79.42254700165851
        ], 
        [
          -36.89243203693023, 
          9.14348282106693, 
          83.67841523207271
        ], 
        [
          -38.17190021442156, 
          -3.5728147425425774, 
          73.86021382640322
        ], 
        [
          -21.185941697281695, 
          -4.1662174829066725, 
          72.41523353121954
        ], 
        [
          -19.906473519790367, 
          8.550080080702834, 
          82.23343493688903
        ], 
        [
          -21.43531609308283, 
          5.417968251607699, 
          86.48930316730322
        ], 
        [
          -22.714784270574157, 
          -7.298329312001808, 
          76.67110176163374
        ]
      ], 
      "cuboid_centroid": [
        -29.039186867105965, 
        2.488632669080129, 
        78.04682438164613
      ], 
      "location": [
        -29.039186867105965, 
        2.488632669080129, 
        78.04682438164613
      ], 
      "pose_transform_permuted": [
        [
          -0.9573163235193448, 
          0.2307348876600802, 
          -0.17408867952826929, 
          0.0
        ], 
        [
          -0.07938920578706347, 
          -0.7890284275036379, 
          -0.6092056258732644, 
          0.0
        ], 
        [
          0.2779259087021316, 
          0.5693817280240266, 
          -0.7736676528487337, 
          0.0
        ], 
        [
          -29.039186867105965, 
          2.488632669080129, 
          78.04682438164613, 
          1.0
        ]
      ], 
      "projected_cuboid": [
        [
          198.49236157021895, 
          269.9098020594235
        ], 
        [
          242.15289773116058, 
          355.71672020495
        ], 
        [
          244.50579024839112, 
          331.5620016519624
        ], 
        [
          203.67376825722005, 
          247.48845305144857
        ], 
        [
          324.2677811476806, 
          242.60341699935339
        ], 
        [
          351.41905587893115, 
          328.7375251403678
        ], 
        [
          348.3188337214168, 
          306.69539276192194
        ], 
        [
          322.27767271024544, 
          222.51979722657262
        ]
      ], 
      "projected_cuboid_centroid": [
        281.5091100096328, 
        290.2921823270626
      ], 
      "quaternion_xyzw": [
        0.6449963569209582, 
        -0.4135505281375258, 
        -0.6071824796308812, 
        0.21044024488001403
      ], 
      "visibility": 0.7901205936920223
    }, 
    {
      "bounding_box": {
        "bottom_right": [
          283, 
          459
        ], 
        "top_left": [
          206, 
          381
        ]
      }, 
      "class": "025_mug", 
      "cuboid": [
        [
          -2.3663798429845992, 
          -6.762462494579606, 
          73.96562871297282
        ], 
        [
          -13.436312350601797, 
          -3.6189240481622282, 
          71.8581383010952
        ], 
        [
          -16.026537864862533, 
          -9.126097354300038, 
          77.24919988762183
        ], 
        [
          -4.956605357245333, 
          -12.269635800717415, 
          79.35669029949946
        ], 
        [
          -1.843699562594979, 
          -0.38761361488626606, 
          80.72890841100111
        ], 
        [
          -12.913632070212177, 
          2.755924831531112, 
          78.6214179991235
        ], 
        [
          -15.503857584472913, 
          -2.751248474606698, 
          84.01247958565014
        ], 
        [
          -4.433925076855714, 
          -5.8947869210240755, 
          86.11996999752776
        ]
      ], 
      "cuboid_centroid": [
        -8.935118713728755, 
        -4.756855484593152, 
        78.98905414931147
      ], 
      "location": [
        -8.935118713728755, 
        -4.756855484593152, 
        78.98905414931147
      ], 
      "pose_transform_permuted": [
        [
          -0.05614905194904788, 
          -0.6848196389701411, 
          -0.7265469109097732, 
          0.0
        ], 
        [
          0.9462289228410096, 
          -0.26870145739516144, 
          0.18014277692809225, 
          0.0
        ], 
        [
          0.3185891851266379, 
          0.6773641315375467, 
          -0.6630827734353607, 
          0.0
        ], 
        [
          -8.935118713728755, 
          -4.756855484593152, 
          78.98905414931147, 
          1.0
        ]
      ], 
      "projected_cuboid": [
        [
          464.3924031825297, 
          224.52667827936878
        ], 
        [
          381.0438751977658, 
          246.42746383166016
        ], 
        [
          370.0296301334192, 
          210.2810124348273
        ], 
        [
          448.0084201661996, 
          190.8279950885288
        ], 
        [
          469.3155295227199, 
          270.72584521856334
        ], 
        [
          393.26889030247446, 
          291.98104540458513
        ], 
        [
          382.35685160972224, 
          255.82133880014464
        ], 
        [
          453.9100487331252, 
          236.7815867640402
        ]
      ], 
      "projected_cuboid_centroid": [
        420.7660414287847, 
        241.16912359319488
      ], 
      "quaternion_xyzw": [
        0.9151693784879837, 
        -0.1604322260793144, 
        0.03387179682079814, 
        0.3682111869369108
      ], 
      "visibility": 0.8627950023137436
    }, 
    {
      "bounding_box": {
        "bottom_right": [
          322, 
          390
        ], 
        "top_left": [
          265, 
          347
        ]
      }, 
      "class": "061_foam_brick", 
      "cuboid": [
        [
          -20.253219167229286, 
          -1.37620577618991, 
          83.76513038190758
        ], 
        [
          -18.024706152830035, 
          3.254593107030792, 
          77.91423074105076
        ], 
        [
          -19.59337954727386, 
          7.348701093939083, 
          80.55710321671597
        ], 
        [
          -21.821892561673106, 
          2.7179022107183823, 
          86.40800285757278
        ], 
        [
          -15.481500702239687, 
          -0.9426481305799157, 
          85.92574767793931
        ], 
        [
          -13.25298768784044, 
          3.6881507526407864, 
          80.0748480370825
        ], 
        [
          -14.82166108228426, 
          7.782258739549078, 
          82.7177205127477
        ], 
        [
          -17.05017409668351, 
          3.1514598563283767, 
          88.56862015360453
        ]
      ], 
      "cuboid_centroid": [
        -17.537440124756774, 
        3.203026481679584, 
        83.24142544732764
      ], 
      "location": [
        -17.537440124756774, 
        3.203026481679584, 
        83.24142544732764
      ], 
      "pose_transform_permuted": [
        [
          -0.9078611923314739, 
          -0.08248813587303169, 
          -0.41107634680028216, 
          0.0
        ], 
        [
          -0.28616907832564686, 
          -0.5946527750837216, 
          0.7513290462210804, 
          0.0
        ], 
        [
          0.3064234228461059, 
          -0.7997398230208503, 
          -0.5162566235951408, 
          0.0
        ], 
        [
          -17.537440124756774, 
          3.203026481679584, 
          83.24142544732764, 
          1.0
        ]
      ], 
      "projected_cuboid": [
        [
          351.573365163827, 
          264.5244494182227
        ], 
        [
          357.19054787323716, 
          295.5640888566034
        ], 
        [
          350.80022950320125, 
          321.93781822577847
        ], 
        [
          345.7875580346744, 
          290.0617257671026
        ], 
        [
          384.7065066768893, 
          267.43575725896494
        ], 
        [
          392.5930924275411, 
          297.85059361548196
        ], 
        [
          385.2385625478161, 
          323.4623765004222
        ], 
        [
          378.0731561102049, 
          292.2631829155299
        ]
      ], 
      "projected_cuboid_centroid": [
        368.3000632786819, 
        293.8080119820987
      ], 
      "quaternion_xyzw": [
        0.2851172765081873, 
        -0.7900925971281432, 
        -0.13725242120315606, 
        0.5249986661637631
      ], 
      "visibility": 0.9638157894736842
    }
  ]
}