{
  "camera_data": {
    "location_worldframe": [
      -10.456127497133295, 
      5.897903209956494, 
      83.0836383470793
    ], 
    "quaternion_xyzw_worldframe": [
      0.9299376152614249, 
      -0.01292464719563262, 
      0.12181916762780373, 
      -0.34671493159904193
    ]
  }, 
  "objects": [
    {
      "bounding_box": {
        "bottom_right": [
          504, 
          454
        ], 
        "top_left": [
          338, 
          322
        ]
      }, 
      "class": "003_cracker_box", 
      "cuboid": [
        [
          -2.6937564566002465, 
          27.855822348489617, 
          70.73409576012098
        ], 
        [
          -16.011736276256492, 
          23.261640344184553, 
          62.33153538118263
        ], 
        [
          -20.159797964443072, 
          8.369949831925442, 
          77.04835178502779
        ], 
        [
          -6.841818144786823, 
          12.964131836230507, 
          85.45091216396614
        ], 
        [
          -6.646398833747874, 
          32.59006271272366, 
          74.41050487051342
        ], 
        [
          -19.964378653404122, 
          27.995880708418593, 
          66.00794449157507
        ], 
        [
          -24.1124403415907, 
          13.104190196159482, 
          80.72476089542025
        ], 
        [
          -10.794460521934452, 
          17.698372200464547, 
          89.12732127435858
        ]
      ], 
      "cuboid_centroid": [
        -13.403098399095473, 
        20.480006272324548, 
        75.7294283277706
      ], 
      "location": [
        -13.403098399095473, 
        20.480006272324548, 
        75.7294283277706
      ], 
      "pose_transform_permuted": [
        [
          0.5505073080290349, 
          -0.6593649690002138, 
          -0.5120347072825944, 
          0.0
        ], 
        [
          0.8118936853628284, 
          0.28007155809003914, 
          0.5122387783221631, 
          0.0
        ], 
        [
          0.19434594792428728, 
          0.6977089364515583, 
          -0.6895156941803757, 
          0.0
        ], 
        [
          -13.403098399095473, 
          20.480006272324548, 
          75.7294283277706, 
          1.0
        ]
      ], 
      "projected_cuboid": [
        [
          461.11747889761733, 
          483.31333487676807
        ], 
        [
          343.45614926843893, 
          472.3172253593501
        ], 
        [
          340.8904387764235, 
          331.2223413063456
        ], 
        [
          438.5397918759704, 
          354.19878586718465
        ], 
        [
          433.563607338778, 
          506.86805569478673
        ], 
        [
          318.94809463802403, 
          499.48281700400946
        ], 
        [
          320.9672616697486, 
          359.8612292619104
        ], 
        [
          416.4669566168845, 
          379.18996186763087
        ]
      ], 
      "projected_cuboid_centroid": [
        386.42001303141774, 
        417.515652734877
      ], 
      "quaternion_xyzw": [
        0.8691428721874472, 
        0.02465808928226, 
        0.30568797155193045, 
        0.38799163703251244
      ], 
      "visibility": 0.9384950116748036
    }, 
    {
      "bounding_box": {
        "bottom_right": [
          490, 
          344
        ], 
        "top_left": [
          364, 
          267
        ]
      }, 
      "class": "004_sugar_box", 
      "cuboid": [
        [
          -17.60076850853809, 
          26.498873913579406, 
          70.17490595860968
        ], 
        [
          -25.723288644709296, 
          24.95646298121943, 
          65.98731988745666
        ], 
        [
          -29.80380999411465, 
          13.021493101548085, 
          78.29816102501644
        ], 
        [
          -21.681289857943444, 
          14.56390403390806, 
          82.48574709616948
        ], 
        [
          -19.506394106370823, 
          29.73397679787759, 
          72.67959829486298
        ], 
        [
          -27.628914242542034, 
          28.19156586551762, 
          68.49201222370995
        ], 
        [
          -31.70943559194739, 
          16.25659598584627, 
          80.80285336126974
        ], 
        [
          -23.58691545577618, 
          17.79900691820625, 
          84.99043943242276
        ]
      ], 
      "cuboid_centroid": [
        -24.65510205024274, 
        21.37773494971284, 
        75.48887965993971
      ], 
      "location": [
        -24.65510205024274, 
        21.37773494971284, 
        75.48887965993971
      ], 
      "pose_transform_permuted": [
        [
          0.42221508507467365, 
          -0.7167773360479245, 
          -0.5549457821304347, 
          0.0
        ], 
        [
          0.876433199714368, 
          0.166428660817072, 
          0.4518473820798672, 
          0.0
        ], 
        [
          0.23151500830475624, 
          0.6771499066441083, 
          -0.6984755731313677, 
          0.0
        ], 
        [
          -24.65510205024274, 
          21.37773494971284, 
          75.48887965993971, 
          1.0
        ]
      ], 
      "projected_cuboid": [
        [
          346.71894050940404, 
          474.6743160916104
        ], 
        [
          271.96499013604955, 
          474.9884779491483
        ], 
        [
          276.8998399555396, 
          361.98105113819696
        ], 
        [
          340.24637572765783, 
          367.450869422268
        ], 
        [
          337.26720055633206, 
          491.47310593038617
        ], 
        [
          264.66905882744953, 
          492.8028533618588
        ], 
        [
          270.5625229476125, 
          380.58424634564153
        ], 
        [
          332.3544659546139, 
          384.9762646597609
        ]
      ], 
      "projected_cuboid_centroid": [
        305.9602495042792, 
        424.3175871092504
      ], 
      "quaternion_xyzw": [
        0.8815510320578315, 
        -0.018457906893872954, 
        0.24787630987005663, 
        0.4013530861269665
      ], 
      "visibility": 0.6211009174311927
    }, 
    {
      "bounding_box": {
        "bottom_right": [
          386, 
          332
        ], 
        "top_left": [
          293, 
          193
        ]
      }, 
      "class": "024_bowl", 
      "cuboid": [
        [
          -35.0450815714575, 
          5.158663711894727, 
          60.02577894219257
        ], 
        [
          -34.18801874159496, 
          16.799988316713122, 
          71.13808500964238
        ], 
        [
          -35.41948100222581, 
          13.145841873483846, 
          75.06117218565502
        ], 
        [
          -36.27654383208835, 
          1.5045172686654542, 
          63.948866118205196
        ], 
        [
          -19.332018299705616, 
          2.0540183005334667, 
          62.06631871902965
        ], 
        [
          -18.47495546984308, 
          13.69534290535186, 
          73.17862478647949
        ], 
        [
          -19.70641773047393, 
          10.041196462122585, 
          77.10171196249212
        ], 
        [
          -20.563480560336465, 
          -1.6001281426958072, 
          65.9894058950423
        ]
      ], 
      "cuboid_centroid": [
        -27.375749650965712, 
        7.599930087008657, 
        68.56374545234235
      ], 
      "location": [
        -27.375749650965712, 
        7.599930087008657, 
        68.56374545234235
      ], 
      "pose_transform_permuted": [
        [
          -0.9731680875776745, 
          0.19228216582140606, 
          -0.1263781706919414, 
          0.0
        ], 
        [
          -0.053179546447032336, 
          -0.7223278632048633, 
          -0.6895030049808226, 
          0.0
        ], 
        [
          0.2238656051297298, 
          0.6642815869380436, 
          -0.7131719036073805, 
          0.0
        ], 
        [
          -27.375749650965712, 
          7.599930087008657, 
          68.56374545234235, 
          1.0
        ]
      ], 
      "projected_cuboid": [
        [
          167.63223260294947, 
          319.12045182697403
        ], 
        [
          223.15482515075817, 
          399.23542689424625
        ], 
        [
          227.8397421280424, 
          366.6894879255084
        ], 
        [
          176.53739957898418, 
          285.8338835608751
        ], 
        [
          314.0977869133951, 
          290.9361780193025
        ], 
        [
          345.83110859798677, 
          373.09703033462915
        ], 
        [
          344.15002537446065, 
          342.7424109499102
        ], 
        [
          314.020171316426, 
          260.354467105691
        ]
      ], 
      "projected_cuboid_centroid": [
        266.88165315848136, 
        332.4022050062278
      ], 
      "quaternion_xyzw": [
        0.6590675631494378, 
        -0.35891368398297735, 
        -0.6306906854182038, 
        0.19758586483032062
      ], 
      "visibility": 0.7547452547452548
    }, 
    {
      "bounding_box": {
        "bottom_right": [
          332, 
          472
        ], 
        "top_left": [
          244, 
          382
        ]
      }, 
      "class": "025_mug", 
      "cuboid": [
        [
          -0.3613801195084476, 
          0.4001445222092682, 
          62.901416861804
        ], 
        [
          -11.643522332662275, 
          3.1056183227969454, 
          61.39794284474669
        ], 
        [
          -13.770921371149317, 
          -3.0891785045488276, 
          66.21462600510074
        ], 
        [
          -2.4887791579954888, 
          -5.7946523051365055, 
          67.71810002215805
        ], 
        [
          0.0024612091389264457, 
          6.031536298186573, 
          70.30471959377577
        ], 
        [
          -11.279681004014902, 
          8.73701009877425, 
          68.80124557671846
        ], 
        [
          -13.407080042501942, 
          2.542213271428477, 
          73.6179287370725
        ], 
        [
          -2.1249378293481147, 
          -0.16326052915919992, 
          75.12140275412982
        ]
      ], 
      "cuboid_centroid": [
        -6.884230081005195, 
        1.4711788968188726, 
        68.25967279943825
      ], 
      "location": [
        -6.884230081005195, 
        1.4711788968188726, 
        68.25967279943825
      ], 
      "pose_transform_permuted": [
        [
          -0.039085740231491986, 
          -0.6049535848934061, 
          -0.7953015357345146, 
          0.0
        ], 
        [
          0.9643680543079957, 
          -0.23125683542723685, 
          0.12851303282117402, 
          0.0
        ], 
        [
          0.26166305689573055, 
          0.7619395540594264, 
          -0.5924361236586635, 
          0.0
        ], 
        [
          -6.884230081005195, 
          1.4711788968188726, 
          68.25967279943825, 
          1.0
        ]
      ], 
      "projected_cuboid": [
        [
          478.50751668446276, 
          276.67922642058
        ], 
        [
          379.6153566707952, 
          300.2628012349272
        ], 
        [
          369.7561292322914, 
          248.40503533184958
        ], 
        [
          461.8331377665789, 
          227.6502671618774
        ], 
        [
          481.6158950114009, 
          319.0407411560864
        ], 
        [
          393.43287199479414, 
          341.01232615549605
        ], 
        [
          383.66107233593567, 
          291.70341204335966
        ], 
        [
          466.38549074623154, 
          272.1274803205385
        ]
      ], 
      "projected_cuboid_centroid": [
        427.36166075917595, 
        284.78100438954385
      ], 
      "quaternion_xyzw": [
        0.9382975466372511, 
        -0.13133357698992576, 
        0.023827007997137748, 
        0.319032516082818
      ], 
      "visibility": 0.8669788414845647
    }, 
    {
      "bounding_box": {
        "bottom_right": [
          367, 
          390
        ], 
        "top_left": [
          301, 
          343
        ]
      }, 
      "class": "061_foam_brick", 
      "cuboid": [
        [
          -18.230128163826986, 
          3.658634576283463, 
          73.62854209538875
        ], 
        [
          -16.42858341590102, 
          9.011997748767788, 
          68.26761545680543
        ], 
        [
          -18.144243988530114, 
          12.701000834336895, 
          71.37486446255289
        ], 
        [
          -19.94578873645608, 
          7.347637661852568, 
          76.73579110113621
        ], 
        [
          -13.429683869873967, 
          4.133222295841103, 
          75.715654339184
        ], 
        [
          -11.628139121948003, 
          9.486585468325428, 
          70.35472770060068
        ], 
        [
          -13.343799694577097, 
          13.175588553894535, 
          73.46197670634814
        ], 
        [
          -15.145344442503061, 
          7.822225381410208, 
          78.82290334493146
        ]
      ], 
      "cuboid_centroid": [
        -15.786963929202042, 
        8.417111565088998, 
        73.54525940086845
      ], 
      "location": [
        -15.786963929202042, 
        8.417111565088998, 
        73.54525940086845
      ], 
      "pose_transform_permuted": [
        [
          -0.9133265326537882, 
          -0.09029446647045904, 
          -0.39709136741488615, 
          0.0
        ], 
        [
          -0.2313409869025878, 
          -0.6874391107943698, 
          0.6884103548968326, 
          0.0
        ], 
        [
          0.3351357822279586, 
          -0.7206069513091455, 
          -0.6069675684873065, 
          0.0
        ], 
        [
          -15.786963929202042, 
          8.417111565088998, 
          73.54525940086845, 
          1.0
        ]
      ], 
      "projected_cuboid": [
        [
          348.448881079592, 
          299.7874221721225
        ], 
        [
          352.1843019257105, 
          343.68997672397023
        ], 
        [
          344.8917790668438, 
          368.18958994279853
        ], 
        [
          341.8170872239606, 
          324.3531784484259
        ], 
        [
          386.21387762385024, 
          302.3997829399602
        ], 
        [
          392.7161222465434, 
          345.1990017637599
        ], 
        [
          383.9163959388948, 
          368.93873399687857
        ], 
        [
          378.2689635275592, 
          326.2120939157143
        ]
      ], 
      "projected_cuboid_centroid": [
        366.16255679201583, 
        334.3239245916358
      ], 
      "quaternion_xyzw": [
        0.3335953496390323, 
        -0.7663287978450601, 
        -0.16855464112458907, 
        0.522535787528393
      ], 
      "visibility": 0.9668430335097001
    }
  ]
}