{
  "camera_data": {
    "location_worldframe": [
      -16.437689743961116, 
      0.16208756916443606, 
      89.58085173700015
    ], 
    "quaternion_xyzw_worldframe": [
      0.8880580244507137, 
      0.031258078201143416, 
      0.019033358877593484, 
      -0.45827317843480864
    ]
  }, 
  "objects": [
    {
      "bounding_box": {
        "bottom_right": [
          444, 
          398
        ], 
        "top_left": [
          291, 
          267
        ]
      }, 
      "class": "003_cracker_box", 
      "cuboid": [
        [
          -14.454636505467247, 
          25.31873397582952, 
          81.9568706306514
        ], 
        [
          -28.07137055422989, 
          20.117371980712743, 
          74.43300839585609
        ], 
        [
          -27.27751544689754, 
          1.9276532282624186, 
          85.57111743292852
        ], 
        [
          -13.660781398134894, 
          7.129015223379199, 
          93.09497966772383
        ], 
        [
          -18.449323903124224, 
          28.30652813376623, 
          87.12097328258838
        ], 
        [
          -32.066057951886876, 
          23.105166138649448, 
          79.59711104779306
        ], 
        [
          -31.27220284455452, 
          4.91544738619912, 
          90.7352200848655
        ], 
        [
          -17.65546879579187, 
          10.1168093813159, 
          98.2590823196608
        ]
      ], 
      "cuboid_centroid": [
        -22.86341967501088, 
        15.117090681014322, 
        86.34604535775846
      ], 
      "location": [
        -22.86341967501088, 
        15.117090681014322, 
        86.34604535775846
      ], 
      "pose_transform_permuted": [
        [
          0.5563631606076661, 
          -0.41612732999577895, 
          -0.719234369833111, 
          0.0
        ], 
        [
          0.8301064079657662, 
          0.31708660144452105, 
          0.45867138415050046, 
          0.0
        ], 
        [
          -0.03719388354045694, 
          0.8522289201939507, 
          -0.5218452669251982, 
          0.0
        ], 
        [
          -22.86341967501088, 
          15.117090681014322, 
          86.34604535775846, 
          1.0
        ]
      ], 
      "projected_cuboid": [
        [
          386.7522642273441, 
          438.04364188872466
        ], 
        [
          278.7868731879096, 
          417.42942123281153
        ], 
        [
          310.1739681411447, 
          285.30058252165327
        ], 
        [
          402.68543802241436, 
          314.127015533755
        ], 
        [
          367.7165398303283, 
          446.5677263854634
        ], 
        [
          264.95639039862874, 
          428.09664869972164
        ], 
        [
          296.25486755896367, 
          302.17834370643925
        ], 
        [
          384.9701150154975, 
          328.19741680190367
        ]
      ], 
      "projected_cuboid_centroid": [
        339.2034670022315, 
        366.65781477071494
      ], 
      "quaternion_xyzw": [
        0.922167243236392, 
        0.09604561634113486, 
        0.2751763718031916, 
        0.2542848392741417
      ], 
      "visibility": 0.9058713262368615
    }, 
    {
      "bounding_box": {
        "bottom_right": [
          415, 
          311
        ], 
        "top_left": [
          301, 
          230
        ]
      }, 
      "class": "004_sugar_box", 
      "cuboid": [
        [
          -28.834639939375627, 
          21.245904802526898, 
          82.95747821888587
        ], 
        [
          -37.185747899003786, 
          19.081242026928763, 
          79.57170314297485
        ], 
        [
          -37.19950405431665, 
          4.246933322733644, 
          89.0897946566493
        ], 
        [
          -28.84839609468849, 
          6.411596098331778, 
          92.47556973256032
        ], 
        [
          -30.7917149310182, 
          23.443482810231448, 
          86.37965467072706
        ], 
        [
          -39.14282289064636, 
          21.278820034633313, 
          82.99387959481605
        ], 
        [
          -39.15657904595922, 
          6.444511330438192, 
          92.51197110849048
        ], 
        [
          -30.80547108633106, 
          8.609174106036326, 
          95.8977461844015
        ]
      ], 
      "cuboid_centroid": [
        -33.99560949266742, 
        13.845208066482545, 
        87.73472466368818
      ], 
      "location": [
        -33.99560949266742, 
        13.845208066482545, 
        87.73472466368818
      ], 
      "pose_transform_permuted": [
        [
          0.4336143390567594, 
          -0.4869007776430221, 
          -0.7582258148704273, 
          0.0
        ], 
        [
          0.9010981995136242, 
          0.23357065183150788, 
          0.3653306650579288, 
          0.0
        ], 
        [
          0.0007804778210418391, 
          0.841648605354689, 
          -0.5400243858924774, 
          0.0
        ], 
        [
          -33.99560949266742, 
          13.845208066482545, 
          87.73472466368818, 
          1.0
        ]
      ], 
      "projected_cuboid": [
        [
          294.6792389153672, 
          409.87286312840587
        ], 
        [
          230.2871636145465, 
          401.1762229100634
        ], 
        [
          257.0533395007753, 
          298.7100190677384
        ], 
        [
          313.83784970417366, 
          310.26311210271996
        ], 
        [
          289.90058223522436, 
          418.02974780431043
        ], 
        [
          227.96870747078688, 
          410.02446958131304
        ], 
        [
          253.98329090639749, 
          310.4383147224195
        ], 
        [
          308.8497985815504, 
          321.16504741845836
        ]
      ], 
      "projected_cuboid_centroid": [
        273.22329669368577, 
        357.44843195487493
      ], 
      "quaternion_xyzw": [
        0.9355443094448733, 
        0.06220714819712745, 
        0.21349737154319295, 
        0.2744191678491553
      ], 
      "visibility": 0.5517400677548506
    }, 
    {
      "bounding_box": {
        "bottom_right": [
          324, 
          290
        ], 
        "top_left": [
          251, 
          170
        ]
      }, 
      "class": "024_bowl", 
      "cuboid": [
        [
          -44.071698993386505, 
          -0.4246575984259988, 
          70.27161114328527
        ], 
        [
          -43.25954728601297, 
          8.534352119402703, 
          83.64377984794291
        ], 
        [
          -43.22083020544878, 
          3.9633416036425415, 
          86.7038880765846
        ], 
        [
          -44.032981912822315, 
          -4.995668114186158, 
          73.33171937192695
        ], 
        [
          -27.946314397558847, 
          -0.7829973430337672, 
          69.53232273048744
        ], 
        [
          -27.13416269018531, 
          8.176012374794933, 
          82.90449143514509
        ], 
        [
          -27.095445609621123, 
          3.605001859034773, 
          85.96459966378677
        ], 
        [
          -27.90759731699466, 
          -5.354007858793927, 
          72.59243095912913
        ]
      ], 
      "cuboid_centroid": [
        -35.583572301503814, 
        1.5901721303043872, 
        78.11810540353602
      ], 
      "location": [
        -35.583572301503814, 
        1.5901721303043872, 
        78.11810540353602
      ], 
      "pose_transform_permuted": [
        [
          -0.9987046712137675, 
          0.022193304891092305, 
          0.04578686398750717, 
          0.0
        ], 
        [
          -0.05039287429048214, 
          -0.5558939867746918, 
          -0.829724311858151, 
          0.0
        ], 
        [
          -0.0070383177353062105, 
          0.8309568777534424, 
          -0.5562923057149959, 
          0.0
        ], 
        [
          -35.583572301503814, 
          1.5901721303043872, 
          78.11810540353602, 
          1.0
        ]
      ], 
      "projected_cuboid": [
        [
          144.33179884471258, 
          270.0636402892048
        ], 
        [
          203.47204892026937, 
          327.70226528632185
        ], 
        [
          213.52826825506344, 
          297.6652335498793
        ], 
        [
          158.68969049917683, 
          236.9545433256671
        ], 
        [
          265.45985803454585, 
          267.28087327454085
        ], 
        [
          305.5900024637001, 
          325.88233148122237
        ], 
        [
          312.0975803263924, 
          295.65176851017753
        ], 
        [
          274.85786140648975, 
          233.95189658948834
        ]
      ], 
      "projected_cuboid_centroid": [
        236.6402218911715, 
        284.1427912574642
      ], 
      "quaternion_xyzw": [
        -0.6585546939084582, 
        0.20835614494749852, 
        0.694106730991609, 
        -0.20275423050061275
      ], 
      "visibility": 0.7331096538050937
    }, 
    {
      "bounding_box": {
        "bottom_right": [
          310, 
          416
        ], 
        "top_left": [
          234, 
          328
        ]
      }, 
      "class": "025_mug", 
      "cuboid": [
        [
          -9.08389662322236, 
          1.135878979043081, 
          67.5712180074726
        ], 
        [
          -20.74481024466035, 
          1.8575057127463466, 
          68.17875721939805
        ], 
        [
          -21.022241689146824, 
          -5.510286736068934, 
          71.60518937151748
        ], 
        [
          -9.361328067708833, 
          -6.231913469772199, 
          70.99765015959204
        ], 
        [
          -8.403832383388357, 
          5.029710582753631, 
          75.99911414232389
        ], 
        [
          -20.064746004826347, 
          5.751337316456897, 
          76.60665335424933
        ], 
        [
          -20.34217744931282, 
          -1.616455132358384, 
          80.03308550636878
        ], 
        [
          -8.68126382787483, 
          -2.3380818660616494, 
          79.42554629444332
        ]
      ], 
      "cuboid_centroid": [
        -14.71303703626759, 
        -0.24028807665765137, 
        73.8021517569207
      ], 
      "location": [
        -14.71303703626759, 
        -0.24028807665765137, 
        73.8021517569207
      ], 
      "pose_transform_permuted": [
        [
          -0.07305606077708754, 
          -0.41829577506657056, 
          -0.9053687228150178, 
          0.0
        ], 
        [
          0.9967444451682904, 
          -0.061682768748180496, 
          -0.051930865313615564, 
          0.0
        ], 
        [
          0.034123151571486834, 
          0.906214142176802, 
          -0.42143984036347576, 
          0.0
        ], 
        [
          -14.71303703626759, 
          -0.24028807665765137, 
          73.8021517569207, 
          1.0
        ]
      ], 
      "projected_cuboid": [
        [
          409.30308226330766, 
          282.2516938791598
        ], 
        [
          317.9711398365962, 
          287.8166381601761
        ], 
        [
          323.7173783470874, 
          232.24560434202616
        ], 
        [
          410.6907027331369, 
          226.47369999895844
        ], 
        [
          422.1321829881264, 
          308.582254013628
        ], 
        [
          340.7463994061181, 
          313.326151852902
        ], 
        [
          344.912459141866, 
          262.5149030763231
        ], 
        [
          422.8191124712761, 
          257.58699413938996
        ]
      ], 
      "projected_cuboid_centroid": [
        374.38959990943135, 
        271.55013417973936
      ], 
      "quaternion_xyzw": [
        0.9757468050370587, 
        -0.024546818863534138, 
        -0.03202340131822316, 
        0.21515202793775828
      ], 
      "visibility": 0.8533417138068301
    }, 
    {
      "bounding_box": {
        "bottom_right": [
          327, 
          348
        ], 
        "top_left": [
          264, 
          303
        ]
      }, 
      "class": "061_foam_brick", 
      "cuboid": [
        [
          -25.21227739155582, 
          -1.4850296081368195, 
          80.91239927376581
        ], 
        [
          -25.2073525088334, 
          5.129090186090507, 
          76.80180439556341
        ], 
        [
          -26.952350299152616, 
          7.670428734928131, 
          80.88883417787525
        ], 
        [
          -26.95727518187504, 
          1.0563089407008053, 
          84.99942905607764
        ], 
        [
          -20.271051300255905, 
          -0.5419866263822827, 
          82.4357150947043
        ], 
        [
          -20.26612641753348, 
          6.072133167845044, 
          78.32512021650192
        ], 
        [
          -22.0111242078527, 
          8.61347171668267, 
          82.41214999881375
        ], 
        [
          -22.01604909057512, 
          1.9993519224553422, 
          86.52274487701615
        ]
      ], 
      "cuboid_centroid": [
        -23.61170079970426, 
        3.5642210542729242, 
        81.66227463628978
      ], 
      "location": [
        -23.61170079970426, 
        3.5642210542729242, 
        81.66227463628978
      ], 
      "pose_transform_permuted": [
        [
          -0.9401115014937729, 
          -0.1794221792666824, 
          -0.28982416453139137, 
          0.0
        ], 
        [
          -0.0006324168359940208, 
          -0.8493361058336427, 
          0.5278520430729513, 
          0.0
        ], 
        [
          0.34086649117810053, 
          -0.4964230664609953, 
          -0.7983571721212209, 
          0.0
        ], 
        [
          -23.61170079970426, 
          3.5642210542729242, 
          81.66227463628978, 
          1.0
        ]
      ], 
      "projected_cuboid": [
        [
          314.02997542651383, 
          263.4982313842148
        ], 
        [
          305.09591433601423, 
          308.903464714097
        ], 
        [
          302.41283021326996, 
          323.8595236998369
        ], 
        [
          311.04706926750254, 
          279.91423242845144
        ], 
        [
          349.3601863369245, 
          269.78014416493886
        ], 
        [
          342.4540516661928, 
          314.6319903865313
        ], 
        [
          337.96787618629804, 
          329.0275075552635
        ], 
        [
          344.760922348991, 
          285.6103903443249
        ]
      ], 
      "projected_cuboid_centroid": [
        326.10883238254684, 
        296.56373538330547
      ], 
      "quaternion_xyzw": [
        0.44518779218280535, 
        -0.6683710885107879, 
        -0.23150873949141068, 
        0.5490825268330822
      ], 
      "visibility": 0.7372641509433963
    }
  ]
}