{
  "camera_data": {
    "location_worldframe": [
      -16.487121446099934, 
      -0.6329702665138173, 
      90.11340599825944
    ], 
    "quaternion_xyzw_worldframe": [
      0.8847084571743037, 
      0.02098338228635123, 
      -0.0031120703060631212, 
      -0.4656619606708763
    ]
  }, 
  "objects": [
    {
      "bounding_box": {
        "bottom_right": [
          437, 
          400
        ], 
        "top_left": [
          286, 
          268
        ]
      }, 
      "class": "003_cracker_box", 
      "cuboid": [
        [
          -14.935171637285807, 
          24.641838768781444, 
          82.7860461696658
        ], 
        [
          -28.89351537320881, 
          19.51529670614017, 
          75.86063482325862
        ], 
        [
          -27.514483504780117, 
          1.1615000628281829, 
          86.66757551099276
        ], 
        [
          -13.556139768857115, 
          6.288042125469456, 
          93.59298685739994
        ], 
        [
          -18.678016129264922, 
          27.53949814492517, 
          88.18484999863112
        ], 
        [
          -32.63635986518793, 
          22.41295608228389, 
          81.25943865222395
        ], 
        [
          -31.257327996759233, 
          4.059159438971906, 
          92.06637933995808
        ], 
        [
          -17.298984260836228, 
          9.185701501613178, 
          98.99179068636525
        ]
      ], 
      "cuboid_centroid": [
        -23.096249817022517, 
        14.350499103876674, 
        87.42621275481194
      ], 
      "location": [
        -23.096249817022517, 
        14.350499103876674, 
        87.42621275481194
      ], 
      "pose_transform_permuted": [
        [
          0.5212875461649096, 
          -0.40357373891667775, 
          -0.7519225568302766, 
          0.0
        ], 
        [
          0.8509316946548868, 
          0.31252541186932126, 
          0.42218848630401284, 
          0.0
        ], 
        [
          -0.06461072082193209, 
          0.8599163355773192, 
          -0.5063292906421137, 
          0.0
        ], 
        [
          -23.096249817022517, 
          14.350499103876674, 
          87.42621275481194, 
          1.0
        ]
      ], 
      "projected_cuboid": [
        [
          384.5807447586436, 
          432.0327976325276
        ], 
        [
          276.77551768027155, 
          410.4840440269406
        ], 
        [
          310.8723302282106, 
          280.43397144439416
        ], 
        [
          403.7065728941036, 
          309.1175988111049
        ], 
        [
          367.695815104148, 
          439.83843064351953
        ], 
        [
          265.61403624341784, 
          420.38659913980365
        ], 
        [
          299.0215577089992, 
          296.8003248332459
        ], 
        [
          387.6218897911006, 
          322.7746264583484
        ]
      ], 
      "projected_cuboid_centroid": [
        339.53061435311804, 
        360.82781375236993
      ], 
      "quaternion_xyzw": [
        0.9304260565814034, 
        0.10133425703836617, 
        0.25350645163987234, 
        0.24448558354598915
      ], 
      "visibility": 0.9025584442452245
    }, 
    {
      "bounding_box": {
        "bottom_right": [
          408, 
          314
        ], 
        "top_left": [
          295, 
          233
        ]
      }, 
      "class": "004_sugar_box", 
      "cuboid": [
        [
          -29.239839338230066, 
          20.51248791054487, 
          84.42851362093757
        ], 
        [
          -37.74236807336743, 
          18.374996466782655, 
          81.42378777885278
        ], 
        [
          -37.256759392077825, 
          3.398374872833401, 
          90.70365630519296
        ], 
        [
          -28.75423065694047, 
          5.5358663165956195, 
          93.70838214727773
        ], 
        [
          -31.03132747443788, 
          22.65231846638673, 
          87.97569260437045
        ], 
        [
          -39.533856209575234, 
          20.514827022624512, 
          84.97096676228567
        ], 
        [
          -39.04824752828564, 
          5.538205428675261, 
          94.25083528862585
        ], 
        [
          -30.54571879314828, 
          7.675696872437479, 
          97.25556113071062
        ]
      ], 
      "cuboid_centroid": [
        -34.144043433257856, 
        13.025346669610066, 
        89.3396744547817
      ], 
      "location": [
        -34.144043433257856, 
        13.025346669610066, 
        89.3396744547817
      ], 
      "pose_transform_permuted": [
        [
          0.39692650891103365, 
          -0.47410611045929996, 
          -0.7859216826057075, 
          0.0
        ], 
        [
          0.9174367487025359, 
          0.2306388207123206, 
          0.32421482986734196, 
          0.0
        ], 
        [
          -0.027551797492250948, 
          0.8497229583679634, 
          -0.5265084176696626, 
          0.0
        ], 
        [
          -34.144043433257856, 
          13.025346669610066, 
          89.3396744547817, 
          1.0
        ]
      ], 
      "projected_cuboid": [
        [
          295.3550898368737, 
          402.86019779228366
        ], 
        [
          232.32731573668062, 
          393.6413596344383
        ], 
        [
          260.7091199474175, 
          293.2683109822998
        ], 
        [
          316.58524995390104, 
          304.7926407313239
        ], 
        [
          291.9136366992325, 
          410.6077080082712
        ], 
        [
          231.39531000923898, 
          402.04768326936187
        ], 
        [
          258.80071492855353, 
          304.62454577406976
        ], 
        [
          312.697848588509, 
          315.3776987229239
        ]
      ], 
      "projected_cuboid_centroid": [
        276.0731728745136, 
        351.04227751026116
      ], 
      "quaternion_xyzw": [
        0.9424809533455049, 
        0.06848695914969893, 
        0.19128804041571223, 
        0.26542035798630786
      ], 
      "visibility": 0.5478748997594226
    }, 
    {
      "bounding_box": {
        "bottom_right": [
          319, 
          289
        ], 
        "top_left": [
          247, 
          172
        ]
      }, 
      "class": "024_bowl", 
      "cuboid": [
        [
          -45.03427613695759, 
          -1.0078921886267989, 
          72.17611852169358
        ], 
        [
          -43.58609719811598, 
          7.750060890902455, 
          85.62748934416459
        ], 
        [
          -43.387316982121824, 
          3.1333981344740547, 
          88.61191725209841
        ], 
        [
          -44.83549592096343, 
          -5.624554945055201, 
          75.1605464296274
        ], 
        [
          -28.963882728055623, 
          -1.3080570603474126, 
          70.64140687903095
        ], 
        [
          -27.51570378921402, 
          7.449896019181843, 
          84.09277770150196
        ], 
        [
          -27.316923573219864, 
          2.8332332627534407, 
          87.07720560943577
        ], 
        [
          -28.765102512061468, 
          -5.924719816775814, 
          73.62583478696477
        ]
      ], 
      "cuboid_centroid": [
        -36.17559985508873, 
        0.9126705370633209, 
        79.62666206556467
      ], 
      "location": [
        -36.17559985508873, 
        0.9126705370633209, 
        79.62666206556467
      ], 
      "pose_transform_permuted": [
        [
          -0.9952988637471667, 
          0.018590319985250042, 
          0.09505036468338932, 
          0.0
        ], 
        [
          -0.08985747188930485, 
          -0.543418704377199, 
          -0.8346386921768421, 
          0.0
        ], 
        [
          -0.03613594566718959, 
          0.8392559274356377, 
          -0.5425344981610716, 
          0.0
        ], 
        [
          -36.17559985508873, 
          0.9126705370633209, 
          79.62666206556467, 
          1.0
        ]
      ], 
      "projected_cuboid": [
        [
          146.05930714020278, 
          265.83907955710436
        ], 
        [
          207.8644753922644, 
          321.5567754430778
        ], 
        [
          218.29007127454952, 
          292.14520438668535
        ], 
        [
          160.80487727317868, 
          233.37616689826817
        ], 
        [
          261.1069254880776, 
          263.41113378141455
        ], 
        [
          305.63718494234985, 
          320.53406087480107
        ], 
        [
          312.8955303633563, 
          290.6391708793673
        ], 
        [
          271.4964007026604, 
          230.36995697109506
        ]
      ], 
      "projected_cuboid_centroid": [
        237.28272236224356, 
        279.39937830115645
      ], 
      "quaternion_xyzw": [
        -0.6431073181948219, 
        0.19719988575698894, 
        0.7113655466791198, 
        -0.20367680609144398
      ], 
      "visibility": 0.7079703130041949
    }, 
    {
      "bounding_box": {
        "bottom_right": [
          306, 
          410
        ], 
        "top_left": [
          230, 
          323
        ]
      }, 
      "class": "025_mug", 
      "cuboid": [
        [
          -10.22472156685926, 
          0.6951650978464461, 
          67.78698566273023
        ], 
        [
          -21.843290339226858, 
          1.3735673228327632, 
          68.9766854678737
        ], 
        [
          -21.936239884892355, 
          -6.046002854184321, 
          72.29980295580073
        ], 
        [
          -10.31767111252476, 
          -6.724405079170638, 
          71.11010315065727
        ], 
        [
          -9.140205927994009, 
          4.462993123719988, 
          76.22980172046215
        ], 
        [
          -20.758774700361606, 
          5.141395348706306, 
          77.41950152560561
        ], 
        [
          -20.851724246027104, 
          -2.278174828310779, 
          80.74261901353265
        ], 
        [
          -9.233155473659508, 
          -2.9565770532970963, 
          79.5529192083892
        ]
      ], 
      "cuboid_centroid": [
        -15.538222906443183, 
        -0.7915048652321667, 
        74.26480233813145
      ], 
      "location": [
        -15.538222906443183, 
        -0.7915048652321667, 
        74.26480233813145
      ], 
      "pose_transform_permuted": [
        [
          -0.11650434736280384, 
          -0.40475981110699244, 
          -0.9069714990366041, 
          0.0
        ], 
        [
          0.993124918048665, 
          -0.05798805061910189, 
          -0.10169243257358966, 
          0.0
        ], 
        [
          0.011432487190179641, 
          0.9125826317715117, 
          -0.4087324778209192, 
          0.0
        ], 
        [
          -15.538222906443183, 
          -0.7915048652321667, 
          74.26480233813145, 
          1.0
        ]
      ], 
      "projected_cuboid": [
        [
          400.48286558781007, 
          278.755805519945
        ], 
        [
          311.29988106398054, 
          283.9067982491146
        ], 
        [
          318.43589833530797, 
          228.68819068004154
        ], 
        [
          403.57057179805577, 
          222.85408527778503
        ], 
        [
          417.11738068253067, 
          304.51056819951623
        ], 
        [
          337.4044320023821, 
          308.70405902273546
        ], 
        [
          342.7198918934757, 
          258.2387817323834
        ], 
        [
          419.18253002877515, 
          253.465763868202
        ]
      ], 
      "projected_cuboid_centroid": [
        369.08216410303925, 
        267.60248535470646
      ], 
      "quaternion_xyzw": [
        0.9763041340761573, 
        -0.01777636071237468, 
        -0.055873157841041396, 
        0.20830913762792044
      ], 
      "visibility": 0.834647347112721
    }, 
    {
      "bounding_box": {
        "bottom_right": [
          322, 
          346
        ], 
        "top_left": [
          260, 
          303
        ]
      }, 
      "class": "061_foam_brick", 
      "cuboid": [
        [
          -25.673035357482103, 
          -2.174262259505613, 
          81.86164955899147
        ], 
        [
          -25.884215004138746, 
          4.501287999612591, 
          77.85714870939881
        ], 
        [
          -27.431984132194074, 
          6.975400304594325, 
          82.0631456635237
        ], 
        [
          -27.220804485537442, 
          0.29985004547612193, 
          86.06764651311633
        ], 
        [
          -20.665043241745725, 
          -1.2399982243538306, 
          83.15497941732043
        ], 
        [
          -20.876222888402364, 
          5.435552034764374, 
          79.15047856772779
        ], 
        [
          -22.423992016457696, 
          7.909664339746109, 
          83.35647552185266
        ], 
        [
          -22.212812369801064, 
          1.234114080627904, 
          87.3609763714453
        ]
      ], 
      "cuboid_centroid": [
        -24.0485136869699, 
        2.867701040120248, 
        82.60906254042206
      ], 
      "location": [
        -24.0485136869699, 
        2.867701040120248, 
        82.60906254042206
      ], 
      "pose_transform_permuted": [
        [
          -0.9528143218711378, 
          -0.17775190785635758, 
          -0.24606732267952247, 
          0.0
        ], 
        [
          0.02711812067256708, 
          -0.8572245495651134, 
          0.5142282364418316, 
          0.0
        ], 
        [
          0.3023399999477928, 
          -0.48329114504231624, 
          -0.8215961255722029, 
          0.0
        ], 
        [
          -24.0485136869699, 
          2.867701040120248, 
          82.60906254042206, 
          1.0
        ]
      ], 
      "projected_cuboid": [
        [
          312.9462452058555, 
          259.12146009464453
        ], 
        [
          302.8132362791089, 
          304.1202517698374
        ], 
        [
          301.83386499098884, 
          318.618916515295
        ], 
        [
          311.5172565168369, 
          275.1445637059194
        ], 
        [
          347.9560441152305, 
          265.33373298070916
        ], 
        [
          339.7598787205816, 
          309.9115388398328
        ], 
        [
          336.9314511416368, 
          323.8930309058054
        ], 
        [
          344.8626629265174, 
          280.8205335296037
        ]
      ], 
      "projected_cuboid_centroid": [
        325.0473523361673, 
        291.8002588292905
      ], 
      "quaternion_xyzw": [
        0.44437998894802094, 
        -0.6523496660245315, 
        -0.24674045655586865, 
        0.5622148039307042
      ], 
      "visibility": 0.6676300578034682
    }
  ]
}