{
  "camera_data": {
    "location_worldframe": [
      -17.07506823809267, 
      4.2422713052702665, 
      82.75367473230311
    ], 
    "quaternion_xyzw_worldframe": [
      0.9206866732796938, 
      0.022880717201720635, 
      -0.047771289472602445, 
      -0.386694621696563
    ]
  }, 
  "objects": [
    {
      "bounding_box": {
        "bottom_right": [
          491, 
          387
        ], 
        "top_left": [
          313, 
          220
        ]
      }, 
      "class": "003_cracker_box", 
      "cuboid": [
        [
          -17.306374985522467, 
          27.87434406314476, 
          71.07521660467562
        ], 
        [
          -31.437557434194225, 
          21.093119997741756, 
          66.23757270869625
        ], 
        [
          -28.391448410698423, 
          4.990502740900918, 
          79.9116534618242
        ], 
        [
          -14.260265962026663, 
          11.771726806303928, 
          84.74929735780357
        ], 
        [
          -20.80550484437207, 
          31.534852700641135, 
          76.16532114983619
        ], 
        [
          -34.936687293043825, 
          24.753628635238123, 
          71.32767725385682
        ], 
        [
          -31.890578269548026, 
          8.651011378397286, 
          85.00175800698477
        ], 
        [
          -17.759395820876268, 
          15.432235443800296, 
          89.83940190296414
        ]
      ], 
      "cuboid_centroid": [
        -24.598476627535245, 
        18.262677720771027, 
        78.0384873058302
      ], 
      "location": [
        -24.598476627535245, 
        18.262677720771027, 
        78.0384873058302
      ], 
      "pose_transform_permuted": [
        [
          0.48734400313478343, 
          -0.5098201566870191, 
          -0.7089282265816388, 
          0.0
        ], 
        [
          0.8614683271897887, 
          0.4133985088042623, 
          0.29491353676499654, 
          0.0
        ], 
        [
          -0.14271700619544625, 
          0.7544435570365985, 
          -0.6406612017194215, 
          0.0
        ], 
        [
          -24.598476627535245, 
          18.262677720771027, 
          78.0384873058302, 
          1.0
        ]
      ], 
      "projected_cuboid": [
        [
          350.6548618084257, 
          482.44430445875196
        ], 
        [
          226.3644797216008, 
          443.12026685987377
        ], 
        [
          290.5373336579295, 
          306.5924793090442
        ], 
        [
          391.1106797422141, 
          347.3649389743909
        ], 
        [
          334.7001387271851, 
          494.0977187625664
        ], 
        [
          218.19730547749623, 
          458.3703008906597
        ], 
        [
          279.8411771857066, 
          327.5648716360939
        ], 
        [
          375.29222013562276, 
          364.89793787895616
        ]
      ], 
      "projected_cuboid_centroid": [
        312.0887139262024, 
        398.09474487889145
      ], 
      "quaternion_xyzw": [
        0.9117072050291181, 
        0.1524929034047579, 
        0.2145034983777484, 
        0.31547446155416103
      ], 
      "visibility": 0.8978723404255319
    }, 
    {
      "bounding_box": {
        "bottom_right": [
          450, 
          296
        ], 
        "top_left": [
          324, 
          189
        ]
      }, 
      "class": "004_sugar_box", 
      "cuboid": [
        [
          -31.237053312592067, 
          23.56803930428911, 
          74.50541514721229
        ], 
        [
          -39.809918616102976, 
          20.62005446801518, 
          72.58041960356991
        ], 
        [
          -37.92955446320793, 
          7.537705925612988, 
          84.24092376477427
        ], 
        [
          -29.356689159697027, 
          10.485690761886914, 
          86.16591930841665
        ], 
        [
          -32.882710270860855, 
          26.230122150310937, 
          77.75747778298879
        ], 
        [
          -41.455575574371764, 
          23.28213731403701, 
          75.8324822393464
        ], 
        [
          -39.575211421476716, 
          10.199788771634815, 
          87.49298640055078
        ], 
        [
          -31.00234611796581, 
          13.147773607908741, 
          89.41798194419314
        ]
      ], 
      "cuboid_centroid": [
        -35.406132367034395, 
        16.88391403796196, 
        80.99920077388153
      ], 
      "location": [
        -35.406132367034395, 
        16.88391403796196, 
        80.99920077388153
      ], 
      "pose_transform_permuted": [
        [
          0.36461579516427794, 
          -0.5898176098113004, 
          -0.7205349802154918, 
          0.0
        ], 
        [
          0.9250261794017643, 
          0.3180923825918522, 
          0.2077101657448976, 
          0.0
        ], 
        [
          -0.10668551520675196, 
          0.7422482991986633, 
          -0.6615776481875963, 
          0.0
        ], 
        [
          -35.406132367034395, 
          16.88391403796196, 
          80.99920077388153, 
          1.0
        ]
      ], 
      "projected_cuboid": [
        [
          256.1347552362621, 
          441.989670137527
        ], 
        [
          186.63677675759902, 
          424.8023174976406
        ], 
        [
          239.468318713119, 
          321.00688579646686
        ], 
        [
          298.3811150525511, 
          338.1871886246973
        ], 
        [
          254.183077590768, 
          453.19255101819647
        ], 
        [
          187.61596464279873, 
          437.02665832280786
        ], 
        [
          238.3532895012461, 
          335.46005976772284
        ], 
        [
          295.1474775544956, 
          351.7043795356623
        ]
      ], 
      "projected_cuboid_centroid": [
        246.53124356656872, 
        384.4545731100838
      ], 
      "quaternion_xyzw": [
        0.9203001492469617, 
        0.11539113031389268, 
        0.15547263612243326, 
        0.33994215338953676
      ], 
      "visibility": 0.5276515151515152
    }, 
    {
      "bounding_box": {
        "bottom_right": [
          344, 
          259
        ], 
        "top_left": [
          260, 
          136
        ]
      }, 
      "class": "024_bowl", 
      "cuboid": [
        [
          -46.745370794385416, 
          -0.3452787290079168, 
          67.40895074307925
        ], 
        [
          -44.806835714937684, 
          10.6897773272317, 
          78.99376670912567
        ], 
        [
          -44.16967311502067, 
          6.680650760892388, 
          82.70602027197094
        ], 
        [
          -46.1082081944684, 
          -4.354405295347227, 
          71.12120430592451
        ], 
        [
          -30.825777951669043, 
          -0.31157132231455914, 
          64.71295173972509
        ], 
        [
          -28.887242872221307, 
          10.723484733925057, 
          76.29776770577152
        ], 
        [
          -28.250080272304295, 
          6.714358167585746, 
          80.01002126861678
        ], 
        [
          -30.18861535175203, 
          -4.320697888653871, 
          68.42520530257036
        ]
      ], 
      "cuboid_centroid": [
        -37.497725533344855, 
        3.1845397192889147, 
        73.709486005848
      ], 
      "location": [
        -37.497725533344855, 
        3.1845397192889147, 
        73.709486005848
      ], 
      "pose_transform_permuted": [
        [
          -0.9859592272891194, 
          -0.0020876242869809353, 
          0.16697318332079478, 
          0.0
        ], 
        [
          -0.12028338262344979, 
          -0.684709750138764, 
          -0.7188215814300322, 
          0.0
        ], 
        [
          -0.11582879602285481, 
          0.7288128702827276, 
          -0.6748447896532569, 
          0.0
        ], 
        [
          -37.497725533344855, 
          3.1845397192889147, 
          73.709486005848, 
          1.0
        ]
      ], 
      "projected_cuboid": [
        [
          108.67955389530904, 
          270.55479530034523
        ], 
        [
          176.5666217078168, 
          345.45764496693056
        ], 
        [
          194.40079484359188, 
          316.3658914238424
        ], 
        [
          132.96215021961635, 
          240.63397480093022
        ], 
        [
          225.43514542965673, 
          270.7187817088856
        ], 
        [
          277.9932120284019, 
          348.24344144542
        ], 
        [
          291.7223955256606, 
          318.04216536936576
        ], 
        [
          244.34018382718529, 
          239.61016409558638
        ]
      ], 
      "projected_cuboid_centroid": [
        208.0240375262934, 
        296.32804169709505
      ], 
      "quaternion_xyzw": [
        -0.6003241425135432, 
        0.23690574550859234, 
        0.7099417997672366, 
        -0.2819028779627025
      ], 
      "visibility": 0.6632117722328855
    }, 
    {
      "bounding_box": {
        "bottom_right": [
          329, 
          388
        ], 
        "top_left": [
          241, 
          288
        ]
      }, 
      "class": "025_mug", 
      "cuboid": [
        [
          -12.454470723520512, 
          1.8553557410136454, 
          60.117345228135534
        ], 
        [
          -23.98159330645855, 
          2.29895387345096, 
          62.065529300105716
        ], 
        [
          -23.470908280496523, 
          -4.418715850329816, 
          66.61678026602095
        ], 
        [
          -11.943785697558488, 
          -4.862313982767131, 
          64.66859619405078
        ], 
        [
          -10.976066672723613, 
          7.087129427081917, 
          67.67358177476032
        ], 
        [
          -22.503189255661653, 
          7.530727559519232, 
          69.62176584673051
        ], 
        [
          -21.992504229699627, 
          0.8130578357384562, 
          74.17301681264576
        ], 
        [
          -10.465381646761589, 
          0.36945970330114175, 
          72.22483274067557
        ]
      ], 
      "cuboid_centroid": [
        -17.22348747661007, 
        1.334206788376051, 
        67.14518102039064
      ], 
      "location": [
        -17.22348747661007, 
        1.334206788376051, 
        67.14518102039064
      ], 
      "pose_transform_permuted": [
        [
          -0.15881790257707706, 
          -0.5620245176759562, 
          -0.8117304867125738, 
          0.0
        ], 
        [
          0.985308336577883, 
          -0.03791760995305234, 
          -0.16652568700377351, 
          0.0
        ], 
        [
          -0.06281257187139276, 
          0.8262511937536929, 
          -0.5597888402205765, 
          0.0
        ], 
        [
          -17.22348747661007, 
          1.334206788376051, 
          67.14518102039064, 
          1.0
        ]
      ], 
      "projected_cuboid": [
        [
          370.1888525449864, 
          289.74597321891304
        ], 
        [
          273.8096206440749, 
          293.04109635457183
        ], 
        [
          292.12814117419697, 
          237.91125136387342
        ], 
        [
          382.27624628282126, 
          233.18720972703355
        ], 
        [
          394.3764202344812, 
          329.1385383160913
        ], 
        [
          307.7806580865838, 
          330.9737344231334
        ], 
        [
          322.1485533910482, 
          279.1325947374298
        ], 
        [
          403.67503773729976, 
          276.0146868394683
        ]
      ], 
      "projected_cuboid_centroid": [
        343.65460345459013, 
        283.8838525977253
      ], 
      "quaternion_xyzw": [
        0.9517470799855587, 
        0.006539279825980176, 
        -0.08545957125126856, 
        0.294672130203319
      ], 
      "visibility": 0.8152502519314746
    }, 
    {
      "bounding_box": {
        "bottom_right": [
          351, 
          327
        ], 
        "top_left": [
          281, 
          273
        ]
      }, 
      "class": "061_foam_brick", 
      "cuboid": [
        [
          -26.723521304910413, 
          0.9324258321900203, 
          75.62616761016541
        ], 
        [
          -27.547265603212047, 
          6.787018119472367, 
          70.55775665205704
        ], 
        [
          -28.921080594716496, 
          9.902887013646376, 
          74.38021983081592
        ], 
        [
          -28.097336296414866, 
          4.04829472636403, 
          79.44863078892428
        ], 
        [
          -21.690935648931365, 
          2.2655801153418405, 
          76.34819095719024
        ], 
        [
          -22.51467994723299, 
          8.120172402624187, 
          71.27977999908188
        ], 
        [
          -23.888494938737445, 
          11.236041296798197, 
          75.10224317784076
        ], 
        [
          -23.064750640435815, 
          5.38144900951585, 
          80.17065413594912
        ]
      ], 
      "cuboid_centroid": [
        -25.30600812182393, 
        6.084233564494109, 
        75.36420539400308
      ], 
      "location": [
        -25.30600812182393, 
        6.084233564494109, 
        75.36420539400308
      ], 
      "pose_transform_permuted": [
        [
          -0.9574934581052184, 
          -0.2536442679810661, 
          -0.13737125975276052, 
          0.0
        ], 
        [
          0.10577912047084512, 
          -0.751803228430181, 
          0.650847665275348, 
          0.0
        ], 
        [
          0.2683599362015979, 
          -0.6086513706895814, 
          -0.7466769405837902, 
          0.0
        ], 
        [
          -25.30600812182393, 
          6.084233564494109, 
          75.36420539400308, 
          1.0
        ]
      ], 
      "projected_cuboid": [
        [
          291.570936063819, 
          279.86205240820027
        ], 
        [
          271.6424314554689, 
          324.58705894756616
        ], 
        [
          272.49958947642403, 
          344.29202285794986
        ], 
        [
          291.41460394177454, 
          300.4617684993084
        ], 
        [
          328.8153913874464, 
          289.1124302207478
        ], 
        [
          311.7370506136675, 
          334.0421542459797
        ], 
        [
          310.5452805734806, 
          353.0764431472808
        ], 
        [
          326.8846857720254, 
          309.0855740943865
        ]
      ], 
      "projected_cuboid_centroid": [
        301.025131381442, 
        316.3420029938759
      ], 
      "quaternion_xyzw": [
        0.39827723056120873, 
        -0.6403599593141925, 
        -0.19248262849333508, 
        0.6279050946217243
      ], 
      "visibility": 0.5197947214076246
    }
  ]
}