{
  "camera_data": {
    "location_worldframe": [
      -12.578826755727695, 
      4.110195986650407, 
      84.0344161545824
    ], 
    "quaternion_xyzw_worldframe": [
      0.9183342846185717, 
      0.010847607410496576, 
      0.07381527432598725, 
      -0.38871293950052227
    ]
  }, 
  "objects": [
    {
      "bounding_box": {
        "bottom_right": [
          488, 
          420
        ], 
        "top_left": [
          321, 
          290
        ]
      }, 
      "class": "003_cracker_box", 
      "cuboid": [
        [
          -7.610824392346782, 
          27.578149426866084, 
          73.10330619629062
        ], 
        [
          -21.065903702807425, 
          22.476510803040288, 
          65.2285211333026
        ], 
        [
          -22.867359011467304, 
          6.164056029699994, 
          78.87447750085063
        ], 
        [
          -9.412279701006659, 
          11.265694653525792, 
          86.74926256383864
        ], 
        [
          -11.672849385657951, 
          31.634425829194544, 
          77.41595877174477
        ], 
        [
          -25.127928696118595, 
          26.532787205368745, 
          69.54117370875676
        ], 
        [
          -26.929384004778473, 
          10.220332432028453, 
          83.18713007630478
        ], 
        [
          -13.47430469431783, 
          15.32197105585425, 
          91.0619151392928
        ]
      ], 
      "cuboid_centroid": [
        -17.270104198562628, 
        18.89924092944727, 
        78.1452181362977
      ], 
      "location": [
        -17.270104198562628, 
        18.89924092944727, 
        78.1452181362977
      ], 
      "pose_transform_permuted": [
        [
          0.5657416560483511, 
          -0.5649410166165755, 
          -0.6006480053707823, 
          0.0
        ], 
        [
          0.8202515754000442, 
          0.31100724282327263, 
          0.48006442064082616, 
          0.0
        ], 
        [
          0.08440220178061048, 
          0.7642749130095117, 
          -0.6393435114857186, 
          0.0
        ], 
        [
          -17.270104198562628, 
          18.89924092944727, 
          78.1452181362977, 
          1.0
        ]
      ], 
      "projected_cuboid": [
        [
          425.6101689635657, 
          474.4808193655798
        ], 
        [
          307.92327092994077, 
          457.05834767986346
        ], 
        [
          325.68804442555444, 
          314.9655689755579
        ], 
        [
          423.24976793928323, 
          342.54609592096637
        ], 
        [
          400.5125164545262, 
          491.2165237977732
        ], 
        [
          287.282029900316, 
          476.769658240507
        ], 
        [
          307.51180222574857, 
          338.8099359820659
        ], 
        [
          402.02487672768916, 
          363.02226563848046
        ]
      ], 
      "projected_cuboid_centroid": [
        362.7511455330926, 
        402.26865019672016
      ], 
      "quaternion_xyzw": [
        0.892352858148101, 
        0.06348526789977886, 
        0.2929911825630104, 
        0.3373902254881395
      ], 
      "visibility": 0.9164182400353318
    }, 
    {
      "bounding_box": {
        "bottom_right": [
          464, 
          324
        ], 
        "top_left": [
          340, 
          243
        ]
      }, 
      "class": "004_sugar_box", 
      "cuboid": [
        [
          -22.351401425426737, 
          24.932599069999796, 
          73.40397786154438
        ], 
        [
          -30.596121018437255, 
          22.998221592385665, 
          69.63927009641667
        ], 
        [
          -32.753963193315414, 
          9.816051288783601, 
          81.1381862740831
        ], 
        [
          -24.509243600304885, 
          11.75042876639773, 
          84.9028940392108
        ], 
        [
          -24.337244693602738, 
          27.77662472876674, 
          76.29166341522073
        ], 
        [
          -32.581964286613264, 
          25.84224725115261, 
          72.52695565009302
        ], 
        [
          -34.73980646149141, 
          12.660076947550547, 
          84.02587182775945
        ], 
        [
          -26.495086868480893, 
          14.594454425164678, 
          87.79057959288716
        ]
      ], 
      "cuboid_centroid": [
        -28.545603943459074, 
        18.79633800877517, 
        78.71492484465192
      ], 
      "location": [
        -28.545603943459074, 
        18.79633800877517, 
        78.71492484465192
      ], 
      "pose_transform_permuted": [
        [
          0.4399883090211797, 
          -0.6301293060066454, 
          -0.6398026994919603, 
          0.0
        ], 
        [
          0.889618720853811, 
          0.20872249175610114, 
          0.40621812162545473, 
          0.0
        ], 
        [
          0.12242868159728422, 
          0.7479118489988748, 
          -0.6524096914126161, 
          0.0
        ], 
        [
          -28.545603943459074, 
          18.79633800877517, 
          78.71492484465192, 
          1.0
        ]
      ], 
      "projected_cuboid": [
        [
          317.84873032357956, 
          454.43534940507016
        ], 
        [
          245.32961618065926, 
          449.41420181747355
        ], 
        [
          264.5118265598345, 
          337.80723559767995
        ], 
        [
          326.35867044119715, 
          347.09714058449026
        ], 
        [
          310.0489090098584, 
          467.4600198417317
        ], 
        [
          240.0122973902506, 
          463.31487170445297
        ], 
        [
          259.2629534890146, 
          353.64115750174926
        ], 
        [
          319.3005626535617, 
          361.9464874513409
        ]
      ], 
      "projected_cuboid_centroid": [
        286.5794317442687, 
        400.6379287344306
      ], 
      "quaternion_xyzw": [
        0.9051703250417358, 
        0.023833583517786576, 
        0.233714696349446, 
        0.35422587383212273
      ], 
      "visibility": 0.5786412572701398
    }, 
    {
      "bounding_box": {
        "bottom_right": [
          363, 
          310
        ], 
        "top_left": [
          276, 
          176
        ]
      }, 
      "class": "024_bowl", 
      "cuboid": [
        [
          -38.61989358849557, 
          2.970118261391227, 
          62.647668705171924
        ], 
        [
          -37.947546723671564, 
          13.734143939237326, 
          74.62356292171356
        ], 
        [
          -38.57932984825919, 
          9.687686847497375, 
          78.29601899452256
        ], 
        [
          -39.2516767130832, 
          -1.0763388303487262, 
          66.32012477798092
        ], 
        [
          -22.59458880888296, 
          1.1424263554793743, 
          63.3907246322787
        ], 
        [
          -21.922241944058957, 
          11.906452033325476, 
          75.36661884882034
        ], 
        [
          -22.554025068646585, 
          7.859994941585521, 
          79.03907492162932
        ], 
        [
          -23.226371933470592, 
          -2.904030736260578, 
          67.06318070508769
        ]
      ], 
      "cuboid_centroid": [
        -30.58695932857108, 
        5.4150566014883745, 
        70.84337181340062
      ], 
      "location": [
        -30.58695932857108, 
        5.4150566014883745, 
        70.84337181340062
      ], 
      "pose_transform_permuted": [
        [
          -0.9925063582771543, 
          0.11319571531001205, 
          -0.04602020007427437, 
          0.0
        ], 
        [
          -0.041718179905386205, 
          -0.6678926953160196, 
          -0.7430874383333932, 
          0.0
        ], 
        [
          0.1148508695866225, 
          0.735599128315795, 
          -0.6676100659638377, 
          0.0
        ], 
        [
          -30.58695932857108, 
          5.4150566014883745, 
          70.84337181340062, 
          1.0
        ]
      ], 
      "projected_cuboid": [
        [
          150.0861035084178, 
          298.57115376799857
        ], 
        [
          208.13350887863092, 
          371.44170015951
        ], 
        [
          216.62094782519333, 
          339.2749902392868
        ], 
        [
          163.3205361979798, 
          264.6310570354301
        ], 
        [
          289.9198650703619, 
          282.8980127080981
        ], 
        [
          325.1751267671781, 
          357.54060340790585
        ], 
        [
          328.1445754964482, 
          326.3221944605899
        ], 
        [
          295.3502051866044, 
          250.1922492003905
        ]
      ], 
      "projected_cuboid_centroid": [
        249.4149224765646, 
        314.0519004370893
      ], 
      "quaternion_xyzw": [
        0.6595265628624604, 
        -0.29670661083967514, 
        -0.6578938189683248, 
        0.2101561869803889
      ], 
      "visibility": 0.7018276173285198
    }, 
    {
      "bounding_box": {
        "bottom_right": [
          327, 
          450
        ], 
        "top_left": [
          242, 
          360
        ]
      }, 
      "class": "025_mug", 
      "cuboid": [
        [
          -3.541437303152374, 
          1.1429244400268357, 
          62.84543995057034
        ], 
        [
          -15.090750865171588, 
          2.9311322519355363, 
          62.31400360344297
        ], 
        [
          -16.333858557106694, 
          -3.788527169589303, 
          66.71884543865698
        ], 
        [
          -4.784544995087479, 
          -5.576734981498004, 
          67.25028178578434
        ], 
        [
          -3.120049184735189, 
          6.186381131923124, 
          70.6582385425488
        ], 
        [
          -14.669362746754405, 
          7.974588943831824, 
          70.12680219542145
        ], 
        [
          -15.912470438689507, 
          1.2549295223069852, 
          74.53164403063545
        ], 
        [
          -4.363156876670295, 
          -0.5332782896017157, 
          75.06308037776282
        ]
      ], 
      "cuboid_centroid": [
        -9.726953870920942, 
        1.1989269811669103, 
        68.68854199060289
      ], 
      "location": [
        -9.726953870920942, 
        1.1989269811669103, 
        68.68854199060289
      ], 
      "pose_transform_permuted": [
        [
          -0.04526771764582525, 
          -0.5417945203231398, 
          -0.8392917247259517, 
          0.0
        ], 
        [
          0.9872051635204431, 
          -0.15285133405411006, 
          0.04542579116492925, 
          0.0
        ], 
        [
          0.15289814126909843, 
          0.826495920006075, 
          -0.5417810005987355, 
          0.0
        ], 
        [
          -9.726953870920942, 
          1.1989269811669103, 
          68.68854199060289, 
          1.0
        ]
      ], 
      "projected_cuboid": [
        [
          451.29323871901863, 
          282.98563447006916
        ], 
        [
          351.3653017966661, 
          298.37287717366445
        ], 
        [
          349.94369071395715, 
          243.0028045380018
        ], 
        [
          443.3376585644618, 
          229.0609690052001
        ], 
        [
          457.8510740203681, 
          319.9805721757395
        ], 
        [
          369.1057647435563, 
          333.93388419342733
        ], 
        [
          366.7847078862225, 
          282.2663276862059
        ], 
        [
          450.33870933177184, 
          269.497621330356
        ]
      ], 
      "projected_cuboid_centroid": [
        405.4445457998733, 
        282.59538658002765
      ], 
      "quaternion_xyzw": [
        0.9556402053404396, 
        -0.07998550961297396, 
        4.135278063350345e-05, 
        0.2834684839719201
      ], 
      "visibility": 0.7977011494252874
    }, 
    {
      "bounding_box": {
        "bottom_right": [
          355, 
          369
        ], 
        "top_left": [
          288, 
          324
        ]
      }, 
      "class": "061_foam_brick", 
      "cuboid": [
        [
          -20.799144927760878, 
          1.9282924693370853, 
          74.9506863696023
        ], 
        [
          -19.84818319240393, 
          7.825876964803018, 
          69.95491174935668
        ], 
        [
          -21.640006673178437, 
          11.0904111007078, 
          73.46766235803766
        ], 
        [
          -22.59096840853538, 
          5.192826605241868, 
          78.46343697828327
        ], 
        [
          -15.91762954690682, 
          2.6680626702491885, 
          76.75320795821887
        ], 
        [
          -14.966667811549875, 
          8.56564716571512, 
          71.75743333797327
        ], 
        [
          -16.75849129232438, 
          11.830181301619904, 
          75.27018394665423
        ], 
        [
          -17.709453027681327, 
          5.932596806153971, 
          80.26595856689984
        ]
      ], 
      "cuboid_centroid": [
        -18.77881811004263, 
        6.879236885478495, 
        75.11043515812827
      ], 
      "location": [
        -18.77881811004263, 
        6.879236885478495, 
        75.11043515812827
      ], 
      "pose_transform_permuted": [
        [
          -0.9287510163398234, 
          -0.14074775399659284, 
          -0.34294550498972987, 
          0.0
        ], 
        [
          -0.12211543821897575, 
          -0.7573239682740079, 
          0.6415202466222693, 
          0.0
        ], 
        [
          0.3500133845959805, 
          -0.637691521680055, 
          -0.6861779315753626, 
          0.0
        ], 
        [
          -18.77881811004263, 
          6.879236885478495, 
          75.11043515812827, 
          1.0
        ]
      ], 
      "projected_cuboid": [
        [
          332.36519031084123, 
          287.0075082058787
        ], 
        [
          329.0182369211053, 
          332.9491597537484
        ], 
        [
          323.1978964483907, 
          353.7945225230045
        ], 
        [
          326.7655908268568, 
          308.5824188049345
        ], 
        [
          370.07171860647026, 
          291.82556858386135
        ], 
        [
          369.43397963222674, 
          336.94861678648687
        ], 
        [
          361.8668766493155, 
          357.10813944172304
        ], 
        [
          362.94768418831325, 
          312.7051173178224
        ]
      ], 
      "projected_cuboid_centroid": [
        347.14740634219874, 
        322.13237066200827
      ], 
      "quaternion_xyzw": [
        0.381817543170393, 
        -0.725043527122469, 
        -0.18806808045837475, 
        0.5414403426212692
      ], 
      "visibility": 0.8843069873997709
    }
  ]
}