{
  "camera_data": {
    "location_worldframe": [
      -15.674148717155004, 
      0.545696762820172, 
      88.20161737681725
    ], 
    "quaternion_xyzw_worldframe": [
      0.8931718872764065, 
      0.021784876713659276, 
      0.02009864650861522, 
      -0.4487391298794993
    ]
  }, 
  "objects": [
    {
      "bounding_box": {
        "bottom_right": [
          450, 
          402
        ], 
        "top_left": [
          294, 
          270
        ]
      }, 
      "class": "003_cracker_box", 
      "cuboid": [
        [
          -13.278411655440037, 
          25.49451092360314, 
          80.03263668632479
        ], 
        [
          -27.03786191780345, 
          20.388800140023104, 
          72.70547068853696
        ], 
        [
          -26.505776169354288, 
          2.4269191187066856, 
          84.22246951977618
        ], 
        [
          -12.746325906990874, 
          7.532629902286725, 
          91.54963551756403
        ], 
        [
          -17.183314053061636, 
          28.664352974519723, 
          85.15672062125724
        ], 
        [
          -30.942764315425052, 
          23.558642190939683, 
          77.8295546234694
        ], 
        [
          -30.41067856697589, 
          5.596761169623267, 
          89.34655345470863
        ], 
        [
          -16.651228304612474, 
          10.702471953203304, 
          96.67371945249646
        ]
      ], 
      "cuboid_centroid": [
        -21.844545111207964, 
        15.545636046613204, 
        84.68959507051672
      ], 
      "location": [
        -21.844545111207964, 
        15.545636046613204, 
        84.68959507051672
      ], 
      "pose_transform_permuted": [
        [
          0.5438582856519587, 
          -0.4414821903484708, 
          -0.7136607322340421, 
          0.0
        ], 
        [
          0.8388067059231442, 
          0.31125549074337955, 
          0.4466803438483292, 
          0.0
        ], 
        [
          -0.024929404848017978, 
          0.8415542139917157, 
          -0.5395970994053887, 
          0.0
        ], 
        [
          -21.844545111207964, 
          15.545636046613204, 
          84.68959507051672, 
          1.0
        ]
      ], 
      "projected_cuboid": [
        [
          392.375317857487, 
          443.17625425079206
        ], 
        [
          281.6122657474946, 
          422.84538532896096
        ], 
        [
          312.3565710532382, 
          288.65444989566396
        ], 
        [
          406.7249476227785, 
          317.1676415703112
        ], 
        [
          373.08457664013815, 
          452.8056724515495
        ], 
        [
          267.79775672552427, 
          434.719881576098
        ], 
        [
          298.5595812672299, 
          306.6942321641215
        ], 
        [
          388.9717777075706, 
          332.3288290333274
        ]
      ], 
      "projected_cuboid_centroid": [
        342.8880537067084, 
        371.1827686766791
      ], 
      "quaternion_xyzw": [
        0.9211435355237669, 
        0.09124118083297436, 
        0.26883395239186647, 
        0.2662666706975294
      ], 
      "visibility": 0.9081527347781218
    }, 
    {
      "bounding_box": {
        "bottom_right": [
          422, 
          314
        ], 
        "top_left": [
          306, 
          232
        ]
      }, 
      "class": "004_sugar_box", 
      "cuboid": [
        [
          -27.724053400625913, 
          21.711192237201804, 
          81.20859801649137
        ], 
        [
          -36.13571855549827, 
          19.630748249720508, 
          77.92136755798313
        ], 
        [
          -36.35996562334626, 
          5.003697241337189, 
          87.75244390172922
        ], 
        [
          -27.948300468473896, 
          7.084141228818483, 
          91.03967436023746
        ], 
        [
          -29.617754062608252, 
          24.016522285610463, 
          84.59535671192681
        ], 
        [
          -38.02941921748062, 
          21.93607829812917, 
          81.30812625341856
        ], 
        [
          -38.253666285328606, 
          7.309027289745853, 
          91.13920259716465
        ], 
        [
          -29.842001130456243, 
          9.389471277227146, 
          94.42643305567289
        ]
      ], 
      "cuboid_centroid": [
        -32.988859842977256, 
        14.510109763473828, 
        86.17390030682802
      ], 
      "location": [
        -32.988859842977256, 
        14.510109763473828, 
        86.17390030682802
      ], 
      "pose_transform_permuted": [
        [
          0.4195729670162727, 
          -0.5107745842735574, 
          -0.7503785698234389, 
          0.0
        ], 
        [
          0.9076324198668932, 
          0.22448330693018742, 
          0.3546975397597426, 
          0.0
        ], 
        [
          0.012723021724346379, 
          0.8298895032551286, 
          -0.557782088727155, 
          0.0
        ], 
        [
          -32.988859842977256, 
          14.510109763473828, 
          86.17390030682802, 
          1.0
        ]
      ], 
      "projected_cuboid": [
        [
          298.0081547340198, 
          415.8700116148758
        ], 
        [
          232.2111842448786, 
          407.6458645947426
        ], 
        [
          258.7761386246726, 
          303.6967420556716
        ], 
        [
          316.50871112039624, 
          314.78615091204927
        ], 
        [
          293.3200401629398, 
          424.695340455064
        ], 
        [
          230.07419904406436, 
          417.1705588467663
        ], 
        [
          255.8825061895201, 
          316.0567979406227
        ], 
        [
          311.6451402981448, 
          326.31818119532005
        ]
      ], 
      "projected_cuboid_centroid": [
        275.7316997774492, 
        363.0878080094818
      ], 
      "quaternion_xyzw": [
        0.9337960822558451, 
        0.056693396242966376, 
        0.20729111031006595, 
        0.28607869890054455
      ], 
      "visibility": 0.5544953034143433
    }, 
    {
      "bounding_box": {
        "bottom_right": [
          329, 
          292
        ], 
        "top_left": [
          254, 
          170
        ]
      }, 
      "class": "024_bowl", 
      "cuboid": [
        [
          -43.44077839012917, 
          0.06374418123814042, 
          69.08069043430145
        ], 
        [
          -42.37575576923013, 
          9.286728177928856, 
          82.2541726770315
        ], 
        [
          -42.40107158363883, 
          4.781473521563329, 
          85.41042648643207
        ], 
        [
          -43.46609420453787, 
          -4.441510475127387, 
          72.236944243702
        ], 
        [
          -27.329944278626233, 
          -0.6092064822976213, 
          68.24933928749334
        ], 
        [
          -26.264921657727196, 
          8.613777514393094, 
          81.42282153022342
        ], 
        [
          -26.290237472135896, 
          4.108522858027566, 
          84.57907533962398
        ], 
        [
          -27.355260093034932, 
          -5.11446113866315, 
          71.40559309689391
        ]
      ], 
      "cuboid_centroid": [
        -34.865507931132534, 
        2.0861335196328534, 
        76.82988288696271
      ], 
      "location": [
        -34.865507931132534, 
        2.0861335196328534, 
        76.82988288696271
      ], 
      "pose_transform_permuted": [
        [
          -0.9978035059375434, 
          0.04167832197586569, 
          0.05148864939016676, 
          0.0
        ], 
        [
          -0.06608315978925877, 
          -0.5722732205186356, 
          -0.8173960955800416, 
          0.0
        ], 
        [
          0.004602122446734837, 
          0.819003222554408, 
          -0.573770460998543, 
          0.0
        ], 
        [
          -34.865507931132534, 
          2.0861335196328534, 
          76.82988288696271, 
          1.0
        ]
      ], 
      "projected_cuboid": [
        [
          143.42894457624743, 
          273.77865842716017
        ], 
        [
          204.55146837891664, 
          333.4998236991549
        ], 
        [
          214.63000719467183, 
          303.1430036422069
        ], 
        [
          158.01608566088618, 
          240.4952212937595
        ], 
        [
          266.2534365362776, 
          268.526026735524
        ], 
        [
          308.12813824072936, 
          329.70679150703796
        ], 
        [
          314.4405510645099, 
          299.19313118186795
        ], 
        [
          275.5813504668532, 
          235.08725744446707
        ]
      ], 
      "projected_cuboid_centroid": [
        237.5590083328283, 
        287.7675682436686
      ], 
      "quaternion_xyzw": [
        -0.6521946437557931, 
        0.2211285191040972, 
        0.6958043963165643, 
        -0.20396216992772215
      ], 
      "visibility": 0.7220447284345048
    }, 
    {
      "bounding_box": {
        "bottom_right": [
          311, 
          419
        ], 
        "top_left": [
          233, 
          331
        ]
      }, 
      "class": "025_mug", 
      "cuboid": [
        [
          -8.448758014630705, 
          0.9174961190804656, 
          66.13110277358834
        ], 
        [
          -20.090152633823124, 
          1.8679915336027146, 
          66.79536575665327
        ], 
        [
          -20.48064584242949, 
          -5.419313448168799, 
          70.37928431389862
        ], 
        [
          -8.839251223237076, 
          -6.369808862691048, 
          69.7150213308337
        ], 
        [
          -7.641626829498809, 
          4.975318491847859, 
          74.46995533429795
        ], 
        [
          -19.283021448691223, 
          5.925813906370108, 
          75.1342183173629
        ], 
        [
          -19.673514657297595, 
          -1.361491075401405, 
          78.71813687460825
        ], 
        [
          -8.032120038105178, 
          -2.311986489923654, 
          78.05387389154332
        ]
      ], 
      "cuboid_centroid": [
        -14.06113633596415, 
        -0.22199747816046972, 
        72.42461982409829
      ], 
      "location": [
        -14.06113633596415, 
        -0.22199747816046972, 
        72.42461982409829
      ], 
      "pose_transform_permuted": [
        [
          -0.08670625723603931, 
          -0.43591252196980784, 
          -0.895803195937894, 
          0.0
        ], 
        [
          0.9950760118280643, 
          -0.08124586591922223, 
          -0.056779465142736046, 
          0.0
        ], 
        [
          0.04802937521943764, 
          0.8963144495063359, 
          -0.44081014816152386, 
          0.0
        ], 
        [
          -14.06113633596415, 
          -0.22199747816046972, 
          72.42461982409829, 
          1.0
        ]
      ], 
      "projected_cuboid": [
        [
          412.89357158397564, 
          280.68575903275223
        ], 
        [
          319.8528960341468, 
          288.20129224294624
        ], 
        [
          325.105645479003, 
          232.22010746247082
        ], 
        [
          413.4133238875082, 
          224.55753033458888
        ], 
        [
          426.415191689755, 
          308.91748165938753
        ], 
        [
          343.58119135430434, 
          315.3492981095293
        ], 
        [
          347.1971873620974, 
          264.0623632022361
        ], 
        [
          426.25855830714306, 
          257.4894018544481
        ]
      ], 
      "projected_cuboid_centroid": [
        377.19095431166573, 
        271.6517955029088
      ], 
      "quaternion_xyzw": [
        0.9730356696021341, 
        -0.03321441473762195, 
        -0.036865483676833094, 
        0.22525450441344458
      ], 
      "visibility": 0.8487225910279622
    }, 
    {
      "bounding_box": {
        "bottom_right": [
          331, 
          350
        ], 
        "top_left": [
          267, 
          306
        ]
      }, 
      "class": "061_foam_brick", 
      "cuboid": [
        [
          -24.534447983068198, 
          -1.1211947574464456, 
          79.62462566748361
        ], 
        [
          -24.43479347466966, 
          5.40334365458881, 
          75.37444183047191
        ], 
        [
          -26.105747972518657, 
          8.062423554217881, 
          79.41726714243356
        ], 
        [
          -26.20540248091719, 
          1.5378851421826247, 
          83.66745097944526
        ], 
        [
          -19.566770567081583, 
          -0.23799107262074612, 
          81.09692617448208
        ], 
        [
          -19.467116058683047, 
          6.286547339414511, 
          76.84674233747036
        ], 
        [
          -21.13807055653204, 
          8.94562723904358, 
          80.88956764943201
        ], 
        [
          -21.237725064930576, 
          2.4210888270083246, 
          85.13975148644373
        ]
      ], 
      "cuboid_centroid": [
        -22.83625926980012, 
        3.9122162407985677, 
        80.25709665845781
      ], 
      "location": [
        -22.83625926980012, 
        3.9122162407985677, 
        80.25709665845781
      ], 
      "pose_transform_permuted": [
        [
          -0.9451440974746559, 
          -0.1680372294091661, 
          -0.28011805465073064, 
          0.0
        ], 
        [
          -0.012796891306058766, 
          -0.8378327305284945, 
          0.5457770196958351, 
          0.0
        ], 
        [
          0.3264029328632317, 
          -0.5194225690010577, 
          -0.78972230576996, 
          0.0
        ], 
        [
          -22.83625926980012, 
          3.9122162407985677, 
          80.25709665845781, 
          1.0
        ]
      ], 
      "projected_cuboid": [
        [
          315.8977868523426, 
          265.776862228709
        ], 
        [
          307.2653938737492, 
          311.518449430639
        ], 
        [
          304.8252860475685, 
          327.42902517597696
        ], 
        [
          313.16451424456386, 
          283.08944524576
        ], 
        [
          351.8473282395881, 
          271.721431809896
        ], 
        [
          345.3685937151716, 
          316.9154375894207
        ], 
        [
          341.06851787126004, 
          332.2666800314919
        ], 
        [
          347.4542725720705, 
          288.45235725500913
        ]
      ], 
      "projected_cuboid_centroid": [
        328.5823321094742, 
        299.2837596813084
      ], 
      "quaternion_xyzw": [
        0.4324056528144649, 
        -0.6731154275007086, 
        -0.23089839088561803, 
        0.5537390231517615
      ], 
      "visibility": 0.7478379608557123
    }
  ]
}