{
  "camera_data": {
    "location_worldframe": [
      -21.992471282223093, 
      -2.772151118213733, 
      95.4176069581549
    ], 
    "quaternion_xyzw_worldframe": [
      0.9520820213427617, 
      0.04072454550030966, 
      -0.0688625300668182, 
      -0.29519453208211693
    ]
  }, 
  "objects": [
    {
      "bounding_box": {
        "bottom_right": [
          413, 
          367
        ], 
        "top_left": [
          261, 
          210
        ]
      }, 
      "class": "003_cracker_box", 
      "cuboid": [
        [
          -23.735807976503125, 
          18.13681855116261, 
          79.45857457391195
        ], 
        [
          -37.509222905357454, 
          9.794922231138127, 
          76.33064831667198
        ], 
        [
          -33.36735354059285, 
          -3.1997924215480698, 
          92.74819552710763
        ], 
        [
          -19.593938611738533, 
          5.142103898476412, 
          95.87612178434756
        ], 
        [
          -27.377963238662, 
          22.508435269950116, 
          83.83762353975928
        ], 
        [
          -41.15137816751632, 
          14.166538949925634, 
          80.70969728251933
        ], 
        [
          -37.009508802751725, 
          1.171824297239439, 
          97.12724449295496
        ], 
        [
          -23.236093873897403, 
          9.51372061726392, 
          100.2551707501949
        ]
      ], 
      "cuboid_centroid": [
        -30.37265838962743, 
        9.654321424201024, 
        88.29290953343344
      ], 
      "location": [
        -30.37265838962743, 
        9.654321424201024, 
        88.29290953343344
      ], 
      "pose_transform_permuted": [
        [
          0.5072639762167835, 
          -0.6088602817973958, 
          -0.6098954137246272, 
          0.0
        ], 
        [
          0.8396580230670125, 
          0.508540562299343, 
          0.1906853449939565, 
          0.0
        ], 
        [
          -0.1940558237516584, 
          0.6088313836735617, 
          -0.7691987282375092, 
          0.0
        ], 
        [
          -30.37265838962743, 
          9.654321424201024, 
          88.29290953343344, 
          1.0
        ]
      ], 
      "projected_cuboid": [
        [
          320.95659030911065, 
          395.0194102563994
        ], 
        [
          217.33741901006778, 
          341.72331870721086
        ], 
        [
          288.1295627819879, 
          254.88712922964518
        ], 
        [
          371.6957197721788, 
          301.88995514850177
        ], 
        [
          305.9851792426288, 
          416.4703355316081
        ], 
        [
          207.40783028758312, 
          366.8972551831774
        ], 
        [
          276.68667289348895, 
          279.72095140494065
        ], 
        [
          356.9597550713151, 
          323.8959327491965
        ]
      ], 
      "projected_cuboid_centroid": [
        296.6068712023808, 
        331.601964497145
      ], 
      "quaternion_xyzw": [
        0.8744119195872735, 
        0.20087683227792402, 
        0.19954820650780222, 
        0.39399594720911263
      ], 
      "visibility": 0.8672015596880623
    }, 
    {
      "bounding_box": {
        "bottom_right": [
          374, 
          289
        ], 
        "top_left": [
          274, 
          185
        ]
      }, 
      "class": "004_sugar_box", 
      "cuboid": [
        [
          -37.35033534998841, 
          13.815004107577304, 
          83.96849028566791
        ], 
        [
          -45.76120910375016, 
          10.090298353554823, 
          82.83976902055474
        ], 
        [
          -42.98276173669976, 
          -0.39387168157690305, 
          96.73269451984488
        ], 
        [
          -34.571887982938, 
          3.3308340724455765, 
          97.86141578495806
        ], 
        [
          -39.10713268191521, 
          16.95707210878585, 
          86.69096252624485
        ], 
        [
          -47.518006435676966, 
          13.232366354763373, 
          85.56224126113167
        ], 
        [
          -44.73955906862655, 
          2.7481963196316452, 
          99.45516676042182
        ], 
        [
          -36.3286853148648, 
          6.472902073654126, 
          100.58388802553499
        ]
      ], 
      "cuboid_centroid": [
        -41.04494720930748, 
        8.281600213604474, 
        91.71182852304487
      ], 
      "location": [
        -41.04494720930748, 
        8.281600213604474, 
        91.71182852304487
      ], 
      "pose_transform_permuted": [
        [
          0.38924032916120505, 
          -0.6961642989837297, 
          -0.6031976323029641, 
          0.0
        ], 
        [
          0.9075470263934388, 
          0.40190183924015954, 
          0.12179086950655471, 
          0.0
        ], 
        [
          -0.15763972546075364, 
          0.5948364203769487, 
          -0.7882376997768281, 
          0.0
        ], 
        [
          -41.04494720930748, 
          8.281600213604474, 
          91.71182852304487, 
          1.0
        ]
      ], 
      "projected_cuboid": [
        [
          242.39226338383617, 
          361.0315028735616
        ], 
        [
          184.5328454849889, 
          338.24753166377036
        ], 
        [
          242.6439130482723, 
          271.1149921345612
        ], 
        [
          291.61905543338105, 
          291.4387282484594
        ], 
        [
          239.00651313015211, 
          377.605816085227
        ], 
        [
          182.94343773601753, 
          355.7654446191475
        ], 
        [
          239.6858057203763, 
          288.02349900015315
        ], 
        [
          287.36854840282814, 
          307.6073969539227
        ]
      ], 
      "projected_cuboid_centroid": [
        240.92477984008704, 
        321.44542484519235
      ], 
      "quaternion_xyzw": [
        0.8811329467046035, 
        0.1587562826908166, 
        0.14499264854951593, 
        0.4211628915682226
      ], 
      "visibility": 0.39544513457556935
    }, 
    {
      "bounding_box": {
        "bottom_right": [
          280, 
          259
        ], 
        "top_left": [
          195, 
          162
        ]
      }, 
      "class": "024_bowl", 
      "cuboid": [
        [
          -51.5343190690763, 
          -11.82348025619795, 
          81.92021506568776
        ], 
        [
          -50.095217621921066, 
          1.3153004369417645, 
          91.14191611853798
        ], 
        [
          -49.18123538684819, 
          -1.8676912687079148, 
          95.53430712962232
        ], 
        [
          -50.62033683400343, 
          -15.006471961847629, 
          86.31260607677208
        ], 
        [
          -35.677861819756565, 
          -11.439673166535332, 
          78.89888444630175
        ], 
        [
          -34.23876037260133, 
          1.6991075266043834, 
          88.12058549915199
        ], 
        [
          -33.32477813752847, 
          -1.4838841790452972, 
          92.51297651023633
        ], 
        [
          -34.7638795846837, 
          -14.622664872185009, 
          83.29127545738609
        ]
      ], 
      "cuboid_centroid": [
        -42.42954860330238, 
        -6.653682217621623, 
        87.21659578796204
      ], 
      "location": [
        -42.42954860330238, 
        -6.653682217621623, 
        87.21659578796204
      ], 
      "pose_transform_permuted": [
        [
          -0.9820490066261407, 
          -0.023770591703604814, 
          0.18712217280341462, 
          0.0
        ], 
        [
          -0.08929422626256928, 
          -0.8152429131015523, 
          -0.5721936156528349, 
          0.0
        ], 
        [
          -0.16615140607524068, 
          0.5786311014867378, 
          -0.7984859163764036, 
          0.0
        ], 
        [
          -42.42954860330238, 
          -6.653682217621623, 
          87.21659578796204, 
          1.0
        ]
      ], 
      "projected_cuboid": [
        [
          143.30080783192344, 
          196.31294169861874
        ], 
        [
          186.02060275106768, 
          280.9830568900599
        ], 
        [
          204.75517284087275, 
          262.8601648925699
        ], 
        [
          166.21097479340088, 
          180.56259260034645
        ], 
        [
          238.42163697073772, 
          195.9596940392618
        ], 
        [
          272.65186930315264, 
          283.569802813582
        ], 
        [
          287.88514607771094, 
          264.7322300162697
        ], 
        [
          257.14662746534015, 
          179.65664107254486
        ]
      ], 
      "projected_cuboid_centroid": [
        219.98304569637577, 
        232.60002648903182
      ], 
      "quaternion_xyzw": [
        -0.5705731115336479, 
        0.28440330165647554, 
        0.6810006425387428, 
        -0.36027657606834074
      ], 
      "visibility": 0.6460534493474207
    }, 
    {
      "bounding_box": {
        "bottom_right": [
          256, 
          370
        ], 
        "top_left": [
          181, 
          286
        ]
      }, 
      "class": "025_mug", 
      "cuboid": [
        [
          -17.521034040764633, 
          -9.195724022941034, 
          73.54995280808117
        ], 
        [
          -29.02958833121484, 
          -9.015760839258016, 
          75.64460001459092
        ], 
        [
          -28.07467773547324, 
          -14.699210994841994, 
          81.37943315526906
        ], 
        [
          -16.56612344502303, 
          -14.879174178525012, 
          79.28478594875929
        ], 
        [
          -16.25493407701879, 
          -2.5407514157073345, 
          79.93447907609583
        ], 
        [
          -27.76348836746899, 
          -2.360788232024316, 
          82.02912628260559
        ], 
        [
          -26.808577771727393, 
          -8.044238387608294, 
          87.76395942328371
        ], 
        [
          -15.300023481277186, 
          -8.224201571291312, 
          85.66931221677396
        ]
      ], 
      "cuboid_centroid": [
        -22.164805906246013, 
        -8.619981205274664, 
        80.65695611568245
      ], 
      "location": [
        -22.164805906246013, 
        -8.619981205274664, 
        80.65695611568245
      ], 
      "pose_transform_permuted": [
        [
          -0.1360110861348368, 
          -0.7149119962293438, 
          -0.6858592346847144, 
          0.0
        ], 
        [
          0.983721167425075, 
          -0.01538278298718152, 
          -0.1790449732718634, 
          0.0
        ], 
        [
          -0.11745085008667128, 
          0.699045601939468, 
          -0.7053655394354088, 
          0.0
        ], 
        [
          -22.164805906246013, 
          -8.619981205274664, 
          80.65695611568245, 
          1.0
        ]
      ], 
      "projected_cuboid": [
        [
          353.4911859253467, 
          206.60723343220178
        ], 
        [
          275.2232095806881, 
          209.72242617654294
        ], 
        [
          296.0765891368672, 
          176.9553548217223
        ], 
        [
          369.2342116284754, 
          173.19980789994983
        ], 
        [
          372.2410220049522, 
          256.3347481952459
        ], 
        [
          299.58604777327355, 
          257.93766553921427
        ], 
        [
          317.3304545436518, 
          224.40371760733072
        ], 
        [
          385.5556525559774, 
          222.088184213658
        ]
      ], 
      "projected_cuboid_centroid": [
        333.81768772670665, 
        216.2895348122773
      ], 
      "quaternion_xyzw": [
        0.9176908526362865, 
        0.02780567846085499, 
        -0.08582848420620799, 
        0.38691611984162905
      ], 
      "visibility": 0.73469868173258
    }, 
    {
      "bounding_box": {
        "bottom_right": [
          285, 
          320
        ], 
        "top_left": [
          227, 
          270
        ]
      }, 
      "class": "061_foam_brick", 
      "cuboid": [
        [
          -31.520241224441108, 
          -7.906621585227747, 
          89.27701494572449
        ], 
        [
          -32.744058974168176, 
          -3.1850829771032263, 
          83.20635283628323
        ], 
        [
          -34.248720934204904, 
          0.5257613848216565, 
          86.39584462293509
        ], 
        [
          -33.024903184477836, 
          -4.195777223302863, 
          92.46650673237636
        ], 
        [
          -26.564766611793285, 
          -6.187717393991857, 
          89.61491461405174
        ], 
        [
          -27.788584361520353, 
          -1.4661787858673372, 
          83.54425250461048
        ], 
        [
          -29.29324632155708, 
          2.2446655760575465, 
          86.73374429126235
        ], 
        [
          -28.069428571830013, 
          -2.4768730320669734, 
          92.80440640070361
        ]
      ], 
      "cuboid_centroid": [
        -30.406743772999096, 
        -2.8309780045851, 
        88.00537961849342
      ], 
      "location": [
        -30.406743772999096, 
        -2.8309780045851, 
        88.00537961849342
      ], 
      "pose_transform_permuted": [
        [
          -0.9428224073602405, 
          -0.32703656345374604, 
          -0.06428836865099101, 
          0.0
        ], 
        [
          0.1571535796358684, 
          -0.6063048961507589, 
          0.7795493090954866, 
          0.0
        ], 
        [
          0.2939194797679707, 
          -0.7248734089949649, 
          -0.6230328084017281, 
          0.0
        ], 
        [
          -30.406743772999096, 
          -2.8309780045851, 
          88.00537961849342, 
          1.0
        ]
      ], 
      "projected_cuboid": [
        [
          291.7335126861998, 
          226.05426738312735
        ], 
        [
          269.9716809698172, 
          252.8714246179581
        ], 
        [
          268.4186476682411, 
          276.5320510477678
        ], 
        [
          289.53179863282526, 
          249.08653044478896
        ], 
        [
          322.1863762809975, 
          236.46196613915924
        ], 
        [
          302.7253893876322, 
          263.92692513565646
        ], 
        [
          299.9739423038209, 
          287.08882588176556
        ], 
        [
          318.9460779232195, 
          259.0526783592289
        ]
      ], 
      "projected_cuboid_centroid": [
        295.7941923764826, 
        256.13058665303794
      ], 
      "quaternion_xyzw": [
        0.3523380973198524, 
        -0.6387503812151678, 
        -0.11584973318719373, 
        0.674117686309268
      ], 
      "visibility": 0.6303501945525292
    }
  ]
}