{
  "camera_data": {
    "location_worldframe": [
      -11.151302491493881, 
      4.611038658025175, 
      82.71915742816
    ], 
    "quaternion_xyzw_worldframe": [
      0.9253205532147291, 
      -0.004937601902106267, 
      0.09827549711856608, 
      -0.36619820657208485
    ]
  }, 
  "objects": [
    {
      "bounding_box": {
        "bottom_right": [
          496, 
          440
        ], 
        "top_left": [
          328, 
          307
        ]
      }, 
      "class": "003_cracker_box", 
      "cuboid": [
        [
          -4.630132651524146, 
          27.284346694034124, 
          70.95861499580761
        ], 
        [
          -18.08272676153978, 
          22.524988059830374, 
          62.86822978931965
        ], 
        [
          -21.154041231323813, 
          6.951512113820805, 
          77.13663620114968
        ], 
        [
          -7.701447121308175, 
          11.710870748024558, 
          85.22702140763764
        ], 
        [
          -8.606642240177415, 
          31.730302951528916, 
          74.95526884405793
        ], 
        [
          -22.05923635019305, 
          26.970944317325163, 
          66.86488363756999
        ], 
        [
          -25.13055081997708, 
          11.397468371315599, 
          81.13329004940002
        ], 
        [
          -11.677956709961443, 
          16.15682700551935, 
          89.22367525588797
        ]
      ], 
      "cuboid_centroid": [
        -14.880341735750612, 
        19.340907532674862, 
        76.04595252260381
      ], 
      "location": [
        -14.880341735750612, 
        19.340907532674862, 
        76.04595252260381
      ], 
      "pose_transform_permuted": [
        [
          0.5538314322736397, 
          -0.619213978243721, 
          -0.5566370395269374, 
          0.0
        ], 
        [
          0.8201000720507762, 
          0.2901410930045108, 
          0.493207885148301, 
          0.0
        ], 
        [
          0.14389793760871106, 
          0.7296521056625085, 
          -0.668506685272651, 
          0.0
        ], 
        [
          -14.880341735750612, 
          19.340907532674862, 
          76.04595252260381, 
          1.0
        ]
      ], 
      "projected_cuboid": [
        [
          446.5073377502223, 
          478.3536240120605
        ], 
        [
          326.9205364705632, 
          464.3690176895657
        ], 
        [
          334.12003657928665, 
          321.34901160660513
        ], 
        [
          433.0026083531082, 
          346.5688914270047
        ], 
        [
          419.8490081309581, 
          499.053081214174
        ], 
        [
          304.1846079635857, 
          488.4089161046789
        ], 
        [
          315.02788435813284, 
          348.20637763412657
        ], 
        [
          411.21233206987915, 
          369.8612668215057
        ]
      ], 
      "projected_cuboid_centroid": [
        376.36974150914546, 
        408.9266924053257
      ], 
      "quaternion_xyzw": [
        0.8812475840023934, 
        0.04148753371090166, 
        0.2970332448080496, 
        0.36531182805287404
      ], 
      "visibility": 0.9373941574936494
    }, 
    {
      "bounding_box": {
        "bottom_right": [
          477, 
          332
        ], 
        "top_left": [
          351, 
          255
        ]
      }, 
      "class": "004_sugar_box", 
      "cuboid": [
        [
          -19.4908480337147, 
          25.406263189692567, 
          70.88310445531383
        ], 
        [
          -27.704729240221777, 
          23.72632122596236, 
          66.93339655801644
        ], 
        [
          -30.90205436538143, 
          11.198033636211827, 
          78.91129671365205
        ], 
        [
          -22.688173158874353, 
          12.877975599942035, 
          82.86100461094944
        ], 
        [
          -21.414106822979836, 
          28.473672877269387, 
          73.57807323592522
        ], 
        [
          -29.62798802948691, 
          26.79373091353917, 
          69.62836533862784
        ], 
        [
          -32.825313154646565, 
          14.265443323788643, 
          81.60626549426344
        ], 
        [
          -24.611431948139487, 
          15.945385287518851, 
          85.55597339156083
        ]
      ], 
      "cuboid_centroid": [
        -26.158080594180632, 
        19.835853256740606, 
        76.24468497478864
      ], 
      "location": [
        -26.158080594180632, 
        19.835853256740606, 
        76.24468497478864
      ], 
      "pose_transform_permuted": [
        [
          0.4261219382515181, 
          -0.6796228197564337, 
          -0.5971038982019935, 
          0.0
        ], 
        [
          0.8862912085418525, 
          0.18126848390929864, 
          0.4261799382866421, 
          0.0
        ], 
        [
          0.18140543560989195, 
          0.7108127508775685, 
          -0.6795856255989515, 
          0.0
        ], 
        [
          -26.158080594180632, 
          19.835853256740606, 
          76.24468497478864, 
          1.0
        ]
      ], 
      "projected_cuboid": [
        [
          333.72718064390676, 
          464.44150782061934
        ], 
        [
          259.00853669047063, 
          462.3358376900937
        ], 
        [
          271.00601805063116, 
          348.9681055125356
        ], 
        [
          334.3518937358182, 
          356.1732542516083
        ], 
        [
          325.0866358060994, 
          479.67366776621395
        ], 
        [
          252.76984034914827, 
          478.51355046281344
        ], 
        [
          265.2868117743096, 
          366.5151674391742
        ], 
        [
          326.9013534884799, 
          372.6832942561023
        ]
      ], 
      "projected_cuboid_centroid": [
        297.10060848124067, 
        412.03521264940645
      ], 
      "quaternion_xyzw": [
        0.8936173478650431, 
        -3.8313854615875454e-05, 
        0.23844150926971414, 
        0.3802546046701907
      ], 
      "visibility": 0.6118390266729059
    }, 
    {
      "bounding_box": {
        "bottom_right": [
          373, 
          322
        ], 
        "top_left": [
          282, 
          183
        ]
      }, 
      "class": "024_bowl", 
      "cuboid": [
        [
          -36.54180717205862, 
          3.8385632532708756, 
          60.5481059593079
        ], 
        [
          -35.68006751931794, 
          15.07936257984332, 
          72.06505766782813
        ], 
        [
          -36.6354103489182, 
          11.238454327144119, 
          75.88535116320207
        ], 
        [
          -37.49715000165887, 
          -0.002344999428324779, 
          64.36839945468185
        ], 
        [
          -20.664324013837266, 
          1.235124514040041, 
          61.90110942740692
        ], 
        [
          -19.802584361096585, 
          12.475923840612484, 
          73.41806113592715
        ], 
        [
          -20.75792719069684, 
          8.635015587913285, 
          77.23835463130109
        ], 
        [
          -21.61966684343752, 
          -2.6057837386591594, 
          65.72140292278087
        ]
      ], 
      "cuboid_centroid": [
        -28.64986718137773, 
        6.23678942059208, 
        68.89323029530449
      ], 
      "location": [
        -28.64986718137773, 
        6.23678942059208, 
        68.89323029530449
      ], 
      "pose_transform_permuted": [
        [
          -0.983351218881097, 
          0.1612405840392463, 
          -0.08379650579673951, 
          0.0
        ], 
        [
          -0.05346973674674775, 
          -0.6974758314802962, 
          -0.714610699439284, 
          0.0
        ], 
        [
          0.1736702840940088, 
          0.6982327252138445, 
          -0.6944852006077261, 
          0.0
        ], 
        [
          -28.64986718137773, 
          6.23678942059208, 
          68.89323029530449, 
          1.0
        ]
      ], 
      "projected_cuboid": [
        [
          157.04737869357743, 
          307.0973553765547
        ], 
        [
          215.3451977129744, 
          384.8818051723312
        ], 
        [
          221.97903792378642, 
          352.2700003409912
        ], 
        [
          168.32816365800025, 
          273.26710866319456
        ], 
        [
          302.0763785980964, 
          283.92796423510833
        ], 
        [
          336.54941782233163, 
          363.91348180703886
        ], 
        [
          337.0721581170353, 
          332.91006227846856
        ], 
        [
          304.69459306285285, 
          252.1409836333534
        ]
      ], 
      "projected_cuboid_centroid": [
        257.96308329858056, 
        321.5670717851039
      ], 
      "quaternion_xyzw": [
        0.6573734658213389, 
        -0.3312980219264985, 
        -0.6457371671515919, 
        0.20279363417195076
      ], 
      "visibility": 0.7551230563278756
    }, 
    {
      "bounding_box": {
        "bottom_right": [
          327, 
          464
        ], 
        "top_left": [
          239, 
          374
        ]
      }, 
      "class": "025_mug", 
      "cuboid": [
        [
          -1.6293571432134253, 
          0.24445144419071846, 
          61.98953794761726
        ], 
        [
          -13.047698842779138, 
          2.5908384338525425, 
          60.99822747649088
        ], 
        [
          -14.775328375215832, 
          -3.853380209871314, 
          65.64463612606333
        ], 
        [
          -3.356986675650119, 
          -6.199767199533139, 
          66.63594659718972
        ], 
        [
          -1.1875783303000294, 
          5.60434957463231, 
          69.58757510861791
        ], 
        [
          -12.605920029865741, 
          7.950736564294135, 
          68.59626463749154
        ], 
        [
          -14.333549562302435, 
          1.5065179205702774, 
          73.242673287064
        ], 
        [
          -2.915207862736723, 
          -0.8398690690915468, 
          74.23398375819036
        ]
      ], 
      "cuboid_centroid": [
        -7.9814533527579306, 
        0.8754846823804979, 
        67.61610561734062
      ], 
      "location": [
        -7.9814533527579306, 
        0.8754846823804979, 
        67.61610561734062
      ], 
      "pose_transform_permuted": [
        [
          -0.04745819279382871, 
          -0.5757883162215943, 
          -0.8162209275349113, 
          0.0
        ], 
        [
          0.9760100307365186, 
          -0.20056303254497163, 
          0.08473463037371516, 
          0.0
        ], 
        [
          0.21249272772174416, 
          0.7926176138635662, 
          -0.5714929210922911, 
          0.0
        ], 
        [
          -7.9814533527579306, 
          0.8754846823804979, 
          67.61610561734062, 
          1.0
        ]
      ], 
      "projected_cuboid": [
        [
          467.4622703543385, 
          275.38964677426975
        ], 
        [
          366.56777656032796, 
          295.93875150909156
        ], 
        [
          360.55686809696334, 
          241.98035291275812
        ], 
        [
          454.50558568769065, 
          223.66681428184583
        ], 
        [
          472.4196133154154, 
          316.2383059432152
        ], 
        [
          382.77229723947335, 
          335.1016168750371
        ], 
        [
          376.35695625282216, 
          284.2563111120442
        ], 
        [
          460.4787912840393, 
          267.2526624008752
        ]
      ], 
      "projected_cuboid_centroid": [
        418.1190207355567, 
        280.19189169290587
      ], 
      "quaternion_xyzw": [
        0.9466848171560316, 
        -0.10907953544337774, 
        0.009843940904183368, 
        0.30297339107023824
      ], 
      "visibility": 0.8929851510496671
    }, 
    {
      "bounding_box": {
        "bottom_right": [
          360, 
          380
        ], 
        "top_left": [
          292, 
          336
        ]
      }, 
      "class": "061_foam_brick", 
      "cuboid": [
        [
          -19.189069151040414, 
          2.445032016249729, 
          73.46976640523
        ], 
        [
          -17.77763236202882, 
          8.057457010696053, 
          68.25899611362225
        ], 
        [
          -19.50465026712872, 
          11.562519556917275, 
          71.56643878917575
        ], 
        [
          -20.916087056140313, 
          5.950094562470949, 
          76.77720908078352
        ], 
        [
          -14.33375999309786, 
          3.0160176646595955, 
          75.39991790477873
        ], 
        [
          -12.922323204086267, 
          8.628442659105922, 
          70.18914761317096
        ], 
        [
          -14.649341109186167, 
          12.133505205327141, 
          73.49659028872448
        ], 
        [
          -16.06077789819776, 
          6.521080210880817, 
          78.70736058033224
        ]
      ], 
      "cuboid_centroid": [
        -16.91920513011329, 
        7.289268610788435, 
        73.48317834697724
      ], 
      "location": [
        -16.91920513011329, 
        7.289268610788435, 
        73.48317834697724
      ], 
      "pose_transform_permuted": [
        [
          -0.923765053116406, 
          -0.10863501595345512, 
          -0.3672282123552543, 
          0.0
        ], 
        [
          -0.18124622221927725, 
          -0.7207059045448264, 
          0.6691283928256697, 
          0.0
        ], 
        [
          0.33735431458939963, 
          -0.6846761515220288, 
          -0.6460732419508644, 
          0.0
        ], 
        [
          -16.91920513011329, 
          7.289268610788435, 
          73.48317834697724, 
          1.0
        ]
      ], 
      "projected_cuboid": [
        [
          341.14213872991184, 
          291.0351102111897
        ], 
        [
          341.53976456112525, 
          336.24087160818283
        ], 
        [
          335.0353668387376, 
          359.4514808629582
        ], 
        [
          335.09631520527375, 
          314.61783915633237
        ], 
        [
          379.36644898470405, 
          294.6194694812337
        ], 
        [
          382.59087395717484, 
          338.8482038351318
        ], 
        [
          374.40993970984465, 
          361.33192774835004
        ], 
        [
          371.86262510543486, 
          317.47325386479844
        ]
      ], 
      "projected_cuboid_centroid": [
        357.77907519232014, 
        326.18993416786486
      ], 
      "quaternion_xyzw": [
        0.35401477321361463, 
        -0.747186487112916, 
        -0.1798206456041645, 
        0.5329638160671644
      ], 
      "visibility": 0.9271095152603231
    }
  ]
}