{
  "camera_data": {
    "location_worldframe": [
      -12.945620573705273, 
      0.7611882717617382, 
      94.04874788548912
    ], 
    "quaternion_xyzw_worldframe": [
      0.9456449615893038, 
      -0.0217707638384157, 
      0.14029245387111017, 
      -0.2925745854994252
    ]
  }, 
  "objects": [
    {
      "bounding_box": {
        "bottom_right": [
          439, 
          448
        ], 
        "top_left": [
          297, 
          328
        ]
      }, 
      "class": "003_cracker_box", 
      "cuboid": [
        [
          -3.987863969596418, 
          20.890193849506275, 
          79.57480345746605
        ], 
        [
          -17.31573372328717, 
          15.94409001776983, 
          71.39054659434807
        ], 
        [
          -22.406704184914666, 
          2.9460636304296184, 
          87.53634719200318
        ], 
        [
          -9.07883443122392, 
          7.892167462166063, 
          95.72060405512116
        ], 
        [
          -7.8071643067604155, 
          26.157680541135857, 
          82.61107196057755
        ], 
        [
          -21.13503406045116, 
          21.211576709399413, 
          74.42681509745957
        ], 
        [
          -26.226004522078668, 
          8.213550322059202, 
          90.57261569511466
        ], 
        [
          -12.898134768387914, 
          13.159654153795646, 
          98.75687255823264
        ]
      ], 
      "cuboid_centroid": [
        -15.106934245837541, 
        14.551872085782739, 
        85.07370957629036
      ], 
      "location": [
        -15.106934245837541, 
        14.551872085782739, 
        85.07370957629036
      ], 
      "pose_transform_permuted": [
        [
          0.5319359928240753, 
          -0.7336332614994537, 
          -0.422878631713568, 
          0.0
        ], 
        [
          0.8124965977489408, 
          0.30152549579695626, 
          0.49893051022241164, 
          0.0
        ], 
        [
          0.23852332838668233, 
          0.6089865458333824, 
          -0.7564667929322908, 
          0.0
        ], 
        [
          -15.106934245837541, 
          14.551872085782739, 
          85.07370957629036, 
          1.0
        ]
      ], 
      "projected_cuboid": [
        [
          454.6472098863196, 
          413.29504560078766
        ], 
        [
          351.16273314690653, 
          392.3960818631657
        ], 
        [
          343.94545745600595, 
          291.23557832612914
        ], 
        [
          430.591640035127, 
          317.25875799391537
        ], 
        [
          430.77564837321785, 
          442.15498323753553
        ], 
        [
          328.887849739435, 
          425.28214916332234
        ], 
        [
          325.88331991838993, 
          321.650463440553
        ], 
        [
          411.36243534573316, 
          344.35299731914193
        ]
      ], 
      "projected_cuboid_centroid": [
        386.1038115817298, 
        364.5109408410512
      ], 
      "quaternion_xyzw": [
        0.8432617884287019, 
        0.018678116414971642, 
        0.30561876430075163, 
        0.4417667428072169
      ], 
      "visibility": 0.9416226667658214
    }, 
    {
      "bounding_box": {
        "bottom_right": [
          426, 
          349
        ], 
        "top_left": [
          325, 
          282
        ]
      }, 
      "class": "004_sugar_box", 
      "cuboid": [
        [
          -18.92491920704298, 
          20.08783639754572, 
          78.79068741010411
        ], 
        [
          -27.018358677153554, 
          18.425331836175896, 
          74.59276434301891
        ], 
        [
          -31.864355138294652, 
          8.095678850554837, 
          88.02651130807328
        ], 
        [
          -23.770915668184077, 
          9.75818341192466, 
          92.22443437515847
        ], 
        [
          -20.740182274294504, 
          23.654116518617684, 
          80.87808995516225
        ], 
        [
          -28.83362174440508, 
          21.991611957247866, 
          76.68016688807707
        ], 
        [
          -33.67961820554618, 
          11.661958971626804, 
          90.11391385313144
        ], 
        [
          -25.586178735435606, 
          13.324463532996628, 
          94.31183692021663
        ]
      ], 
      "cuboid_centroid": [
        -26.30226870629458, 
        15.874897684586262, 
        84.45230063161777
      ], 
      "location": [
        -26.30226870629458, 
        15.874897684586262, 
        84.45230063161777
      ], 
      "pose_transform_permuted": [
        [
          0.4021941409919021, 
          -0.7901537775473788, 
          -0.4624900316983343, 
          0.0
        ], 
        [
          0.8732953483113478, 
          0.17938695969154236, 
          0.45296276083773757, 
          0.0
        ], 
        [
          0.27494548242209194, 
          0.5860696445320185, 
          -0.7621854596182384, 
          0.0
        ], 
        [
          -26.30226870629458, 
          15.874897684586262, 
          84.45230063161777, 
          1.0
        ]
      ], 
      "projected_cuboid": [
        [
          352.43027383486145, 
          409.2573853810402
        ], 
        [
          286.8127459126769, 
          405.02304595520127
        ], 
        [
          286.93408189427277, 
          322.3352166795467
        ], 
        [
          342.9879987011301, 
          329.71659737963154
        ], 
        [
          343.69416169744943, 
          429.2645484535493
        ], 
        [
          279.3846208623731, 
          426.24078675635104
        ], 
        [
          280.610495211662, 
          342.30530358342315
        ], 
        [
          335.7052412383129, 
          348.63442186803996
        ]
      ], 
      "projected_cuboid_centroid": [
        314.1130148886974, 
        373.5371380563659
      ], 
      "quaternion_xyzw": [
        0.854671724193228, 
        -0.027951820572030904, 
        0.25014191929564233, 
        0.45407470296006236
      ], 
      "visibility": 0.6372897800776197
    }, 
    {
      "bounding_box": {
        "bottom_right": [
          335, 
          338
        ], 
        "top_left": [
          245, 
          218
        ]
      }, 
      "class": "024_bowl", 
      "cuboid": [
        [
          -37.062333977621485, 
          -1.5128536024891042, 
          70.5957241335748
        ], 
        [
          -35.93235095569843, 
          11.237488865021833, 
          80.3880806792239
        ], 
        [
          -37.401380806169485, 
          8.09107489148038, 
          84.65445254815963
        ], 
        [
          -38.53136382809254, 
          -4.659267576030559, 
          74.86209600251051
        ], 
        [
          -21.543674423166916, 
          -5.010794747363969, 
          73.35952522503312
        ], 
        [
          -20.41369140124386, 
          7.73954772014697, 
          83.15188177068224
        ], 
        [
          -21.88272125171491, 
          4.593133746605515, 
          87.41825363961794
        ], 
        [
          -23.012704273637965, 
          -8.157208720905423, 
          77.62589709396885
        ]
      ], 
      "cuboid_centroid": [
        -29.4725276146682, 
        1.5401400720582055, 
        79.00698888659637
      ], 
      "location": [
        -29.4725276146682, 
        1.5401400720582055, 
        79.00698888659637
      ], 
      "pose_transform_permuted": [
        [
          -0.9611279468038301, 
          0.21664042431095004, 
          -0.17117241724946716, 
          0.0
        ], 
        [
          -0.07011386155709633, 
          -0.7911408660381631, 
          -0.607601988559894, 
          0.0
        ], 
        [
          0.2670526470383817, 
          0.5719816925730725, 
          -0.7755770929256722, 
          0.0
        ], 
        [
          -29.4725276146682, 
          1.5401400720582055, 
          79.00698888659637, 
          1.0
        ]
      ], 
      "projected_cuboid": [
        [
          199.27416817847606, 
          261.85759575326523
        ], 
        [
          241.22405289277478, 
          347.83954169474265
        ], 
        [
          244.00629614895414, 
          324.25997834567335
        ], 
        [
          204.81105680291364, 
          240.09379059365017
        ], 
        [
          323.6705710643532, 
          236.8583446715309
        ], 
        [
          349.57662082499706, 
          322.9264532322444
        ], 
        [
          346.98284825914305, 
          301.30823909305315
        ], 
        [
          322.17341315105324, 
          217.2433962241555
        ]
      ], 
      "projected_cuboid_centroid": [
        280.99121018977803, 
        283.68292028673045
      ], 
      "quaternion_xyzw": [
        0.6467302854098924, 
        -0.40905518766833016, 
        -0.6064081003912921, 
        0.21606250751828973
      ], 
      "visibility": 0.7922339292056352
    }, 
    {
      "bounding_box": {
        "bottom_right": [
          279, 
          457
        ], 
        "top_left": [
          203, 
          380
        ]
      }, 
      "class": "025_mug", 
      "cuboid": [
        [
          -2.683519896892285, 
          -7.333396048057514, 
          74.84934368983761
        ], 
        [
          -13.804692492557663, 
          -4.3530523382509205, 
          72.7747769899463
        ], 
        [
          -16.29692624661912, 
          -9.887581727156064, 
          78.18398454990822
        ], 
        [
          -5.175753650953744, 
          -12.867925436962658, 
          80.25855124979954
        ], 
        [
          -2.2294591099919394, 
          -0.9400039543878691, 
          81.60006302384932
        ], 
        [
          -13.350631705657317, 
          2.0403397554187244, 
          79.525496323958
        ], 
        [
          -15.842865459718775, 
          -3.4941896334864193, 
          84.93470388391991
        ], 
        [
          -4.721692864053398, 
          -6.474533343293013, 
          87.00927058381123
        ]
      ], 
      "cuboid_centroid": [
        -9.263192678305531, 
        -5.413792840771967, 
        79.89202378687877
      ], 
      "location": [
        -9.263192678305531, 
        -5.413792840771967, 
        79.89202378687877
      ], 
      "pose_transform_permuted": [
        [
          -0.04877758673560133, 
          -0.6868116480891416, 
          -0.7251976108536442, 
          0.0
        ], 
        [
          0.9506087917595188, 
          -0.254751997474761, 
          0.17732854400415196, 
          0.0
        ], 
        [
          0.3065365221985908, 
          0.6807288393860018, 
          -0.6653146682484762, 
          0.0
        ], 
        [
          -9.263192678305531, 
          -5.413792840771967, 
          79.89202378687877, 
          1.0
        ]
      ], 
      "projected_cuboid": [
        [
          462.3170010346817, 
          221.0343266623137
        ], 
        [
          379.5882797045369, 
          241.38581420623387
        ], 
        [
          369.5037729259039, 
          205.8399759309764
        ], 
        [
          446.9174737846534, 
          187.7789313345306
        ], 
        [
          466.90439799931846, 
          267.1428844282898
        ], 
        [
          391.3179802799513, 
          286.9696106837381
        ], 
        [
          381.28797760440193, 
          251.34592155921544
        ], 
        [
          452.41447157077397, 
          233.60116421949084
        ]
      ], 
      "projected_cuboid_centroid": [
        419.2452663054863, 
        237.1467382322439
      ], 
      "quaternion_xyzw": [
        0.91604247199559, 
        -0.15318299555767048, 
        0.03508324155224583, 
        0.3690129982161262
      ], 
      "visibility": 0.8470254957507082
    }, 
    {
      "bounding_box": {
        "bottom_right": [
          317, 
          388
        ], 
        "top_left": [
          260, 
          346
        ]
      }, 
      "class": "061_foam_brick", 
      "cuboid": [
        [
          -20.61233206591292, 
          -2.188032755741356, 
          84.70142768292858
        ], 
        [
          -18.470737606610918, 
          2.4642163626921865, 
          78.83510460356408
        ], 
        [
          -20.089094388402323, 
          6.539902295244112, 
          81.47649379403924
        ], 
        [
          -22.23068884770433, 
          1.8876531768105709, 
          87.34281687340375
        ], 
        [
          -15.839972175385236, 
          -1.6821541641768487, 
          86.84483720212467
        ], 
        [
          -13.698377716083233, 
          2.9700949542566937, 
          80.97851412276016
        ], 
        [
          -15.31673449787464, 
          7.04578088680862, 
          83.61990331323533
        ], 
        [
          -17.45832895717664, 
          2.393531768375078, 
          89.48622639259983
        ]
      ], 
      "cuboid_centroid": [
        -17.96453328189378, 
        2.4288740655336323, 
        84.16066549808195
      ], 
      "location": [
        -17.96453328189378, 
        2.4288740655336323, 
        84.16066549808195
      ], 
      "pose_transform_permuted": [
        [
          -0.9079832291528143, 
          -0.09624782867690017, 
          -0.40780241668265166, 
          0.0
        ], 
        [
          -0.2750076434850785, 
          -0.5974072548651115, 
          0.7533096095625728, 
          0.0
        ], 
        [
          0.31612853651958234, 
          -0.7961412734618863, 
          -0.5159668798367526, 
          0.0
        ], 
        [
          -17.96453328189378, 
          2.4288740655336323, 
          84.16066549808195, 
          1.0
        ]
      ], 
      "projected_cuboid": [
        [
          350.7306739113022, 
          259.5096661012464
        ], 
        [
          355.6011930601727, 
          289.95696481733876
        ], 
        [
          349.004322291417, 
          316.09468796020593
        ], 
        [
          344.7241700865037, 
          284.8126421473619
        ], 
        [
          383.5121701785929, 
          262.9563239287518
        ], 
        [
          390.6285607538777, 
          292.84740323245245
        ], 
        [
          383.0943400039735, 
          318.2238409055016
        ], 
        [
          376.68191620380526, 
          287.55149714304156
        ]
      ], 
      "projected_cuboid_centroid": [
        366.8085329296145, 
        288.6781237838922
      ], 
      "quaternion_xyzw": [
        0.29010924655019504, 
        -0.7872342938461232, 
        -0.13328911559139095, 
        0.5275725574018602
      ], 
      "visibility": 0.9598257502420136
    }
  ]
}