{
  "camera_data": {
    "location_worldframe": [
      -16.04007353422047, 
      0.20730457733393742, 
      87.84716125379461
    ], 
    "quaternion_xyzw_worldframe": [
      0.8938057020381505, 
      0.019445516999760697, 
      -0.010410249114540736, 
      -0.4479150876391588
    ]
  }, 
  "objects": [
    {
      "bounding_box": {
        "bottom_right": [
          448, 
          400
        ], 
        "top_left": [
          290, 
          261
        ]
      }, 
      "class": "003_cracker_box", 
      "cuboid": [
        [
          -14.689973238082777, 
          25.17239849713374, 
          79.49033997442248
        ], 
        [
          -28.719303901467125, 
          19.722306494773235, 
          72.96711270639126
        ], 
        [
          -27.120089956492162, 
          1.8228439527237794, 
          84.48255028428477
        ], 
        [
          -13.090759293107812, 
          7.272935955084284, 
          91.00577755231598
        ], 
        [
          -18.37155382016926, 
          28.271549785108114, 
          84.81890669041593
        ], 
        [
          -32.40088448355361, 
          22.821457782747608, 
          78.29567942238471
        ], 
        [
          -30.801670538578644, 
          4.921995240698155, 
          89.8111170002782
        ], 
        [
          -16.772339875194298, 
          10.372087243058658, 
          96.33434426830942
        ]
      ], 
      "cuboid_centroid": [
        -22.74582188833071, 
        15.047196868915947, 
        84.65072848735035
      ], 
      "location": [
        -22.74582188833071, 
        15.047196868915947, 
        84.65072848735035
      ], 
      "pose_transform_permuted": [
        [
          0.5127549679814362, 
          -0.43163667995400024, 
          -0.7421402288844368, 
          0.0
        ], 
        [
          0.855259215715109, 
          0.332249736167355, 
          0.39767044993448974, 
          0.0
        ], 
        [
          -0.07492674252049808, 
          0.8386297689296575, 
          -0.5395239512016645, 
          0.0
        ], 
        [
          -22.74582188833071, 
          15.047196868915947, 
          84.65072848735035, 
          1.0
        ]
      ], 
      "projected_cuboid": [
        [
          382.2172069383377, 
          442.1741421636422
        ], 
        [
          269.93721738899745, 
          417.4376752381616
        ], 
        [
          308.96723619877656, 
          284.7937471480782
        ], 
        [
          404.2422076547979, 
          315.90799868777566
        ], 
        [
          365.1187863544494, 
          451.0508093605645
        ], 
        [
          259.05567282410004, 
          428.73739353111097
        ], 
        [
          297.1652230468334, 
          302.5145059414749
        ], 
        [
          387.9693919969717, 
          330.7077753095904
        ]
      ], 
      "projected_cuboid_centroid": [
        337.0987902815505, 
        368.08743226108237
      ], 
      "quaternion_xyzw": [
        0.9268264688615128, 
        0.10983082927811098, 
        0.2455760189483654, 
        0.26195859305480634
      ], 
      "visibility": 0.906799379524302
    }, 
    {
      "bounding_box": {
        "bottom_right": [
          417, 
          313
        ], 
        "top_left": [
          301, 
          227
        ]
      }, 
      "class": "004_sugar_box", 
      "cuboid": [
        [
          -28.954332246297305, 
          21.061937269550203, 
          81.49195263267191
        ], 
        [
          -37.48777230962156, 
          18.77536107026308, 
          78.69155767470772
        ], 
        [
          -36.81622012334619, 
          4.185769145862378, 
          88.55785359396842
        ], 
        [
          -28.282780060021928, 
          6.472345345149499, 
          91.3582485519326
        ], 
        [
          -30.70659485876015, 
          23.336319520678934, 
          84.97441503779723
        ], 
        [
          -39.24003492208441, 
          21.049743321391812, 
          82.17402007983304
        ], 
        [
          -38.568482735809035, 
          6.46015139699111, 
          92.04031599909374
        ], 
        [
          -30.035042672484774, 
          8.74672759627823, 
          94.84071095705792
        ]
      ], 
      "cuboid_centroid": [
        -33.76140749105317, 
        13.761044333270656, 
        86.76613431588282
      ], 
      "location": [
        -33.76140749105317, 
        13.761044333270656, 
        86.76613431588282
      ], 
      "pose_transform_permuted": [
        [
          0.38823560558568276, 
          -0.5039177143426116, 
          -0.7715829186601849, 
          0.0
        ], 
        [
          0.9207721315413702, 
          0.24672530952648278, 
          0.3021671934727239, 
          0.0
        ], 
        [
          -0.03810160434653225, 
          0.827764201266306, 
          -0.5597803285645578, 
          0.0
        ], 
        [
          -33.76140749105317, 
          13.761044333270656, 
          86.76613431588282, 
          1.0
        ]
      ], 
      "projected_cuboid": [
        [
          290.52792007200964, 
          411.1252231827255
        ], 
        [
          225.41234417608436, 
          400.53357738142944
        ], 
        [
          258.0320474643541, 
          298.4943830852377
        ], 
        [
          315.1155342496403, 
          311.06997381046875
        ], 
        [
          287.26914324628666, 
          419.75081424601683
        ], 
        [
          224.80205263369456, 
          409.90198314424765
        ], 
        [
          256.25296839395793, 
          310.71932178782413
        ], 
        [
          311.29293430441203, 
          322.4721785010513
        ]
      ], 
      "projected_cuboid_centroid": [
        272.34872257649516, 
        357.87062698903003
      ], 
      "quaternion_xyzw": [
        0.9380990421415882, 
        0.07590534183437153, 
        0.18398984756510486, 
        0.2834716791946752
      ], 
      "visibility": 0.548372513562387
    }, 
    {
      "bounding_box": {
        "bottom_right": [
          324, 
          285
        ], 
        "top_left": [
          248, 
          165
        ]
      }, 
      "class": "024_bowl", 
      "cuboid": [
        [
          -44.824483550047695, 
          -0.989326442435411, 
          70.32978878180305
        ], 
        [
          -43.23102061015273, 
          8.307437145484357, 
          83.39766558085785
        ], 
        [
          -42.97325855235257, 
          3.815231713230009, 
          86.5620845787943
        ], 
        [
          -44.56672149224753, 
          -5.481531874689758, 
          73.4942077797395
        ], 
        [
          -28.775121985033348, 
          -1.2942015112107141, 
          68.58966590076892
        ], 
        [
          -27.181659045138385, 
          8.002562076709054, 
          81.65754269982372
        ], 
        [
          -26.92389698733822, 
          3.5103566444547067, 
          84.82196169776017
        ], 
        [
          -28.517359927233183, 
          -5.786406943465063, 
          71.75408489870537
        ]
      ], 
      "cuboid_centroid": [
        -35.874190268692956, 
        1.2605151010096478, 
        77.57587523978161
      ], 
      "location": [
        -35.874190268692956, 
        1.2605151010096478, 
        77.57587523978161
      ], 
      "pose_transform_permuted": [
        [
          -0.9939962839165913, 
          0.018882039898837265, 
          0.10777224192373064, 
          0.0
        ], 
        [
          -0.09887214037430617, 
          -0.5768511406685944, 
          -0.8108434259258351, 
          0.0
        ], 
        [
          -0.046858162766074234, 
          0.8166310244404144, 
          -0.575254797897061, 
          0.0
        ], 
        [
          -35.874190268692956, 
          1.2605151010096478, 
          77.57587523978161, 
          1.0
        ]
      ], 
      "projected_cuboid": [
        [
          138.85475764409725, 
          265.7843518517883
        ], 
        [
          202.83522155459224, 
          326.41175299545284
        ], 
        [
          214.62715622348864, 
          296.7926468846817
        ], 
        [
          155.498184093671, 
          233.50914078422653
        ], 
        [
          255.9912871075168, 
          263.2234621312491
        ], 
        [
          302.58950046799555, 
          325.5526597620127
        ], 
        [
          310.90185373978056, 
          295.35796741940925
        ], 
        [
          267.8725114819744, 
          230.27847588289566
        ]
      ], 
      "projected_cuboid_centroid": [
        232.9134592064826, 
        281.9523427328931
      ], 
      "quaternion_xyzw": [
        -0.6344262451503679, 
        0.20884735694410989, 
        0.7112094288496271, 
        -0.21924248967126014
      ], 
      "visibility": 0.7088002390557299
    }, 
    {
      "bounding_box": {
        "bottom_right": [
          309, 
          409
        ], 
        "top_left": [
          230, 
          319
        ]
      }, 
      "class": "025_mug", 
      "cuboid": [
        [
          -10.084327450399908, 
          0.658745481067028, 
          65.40213895811911
        ], 
        [
          -21.688491553990186, 
          1.3434022648451707, 
          66.7217510484069
        ], 
        [
          -21.70644369324032, 
          -5.936827656392561, 
          70.34110196851653
        ], 
        [
          -10.102279589650044, 
          -6.621484440170704, 
          69.02148987822872
        ], 
        [
          -8.901589948887786, 
          4.766816161286323, 
          73.6712823525123
        ], 
        [
          -20.505754052478064, 
          5.451472945064466, 
          74.9908944428001
        ], 
        [
          -20.5237061917282, 
          -1.8287569761732667, 
          78.61024536290972
        ], 
        [
          -8.919542088137923, 
          -2.5134137599514093, 
          77.29063327262193
        ]
      ], 
      "cuboid_centroid": [
        -15.304016821064053, 
        -0.5850057475531193, 
        72.00619216051442
      ], 
      "location": [
        -15.304016821064053, 
        -0.5850057475531193, 
        72.00619216051442
      ], 
      "pose_transform_permuted": [
        [
          -0.12705585403946712, 
          -0.4413104582060198, 
          -0.8883146723649226, 
          0.0
        ], 
        [
          0.9918936445777864, 
          -0.05852267397153535, 
          -0.11279699545609707, 
          0.0
        ], 
        [
          0.002208053848397576, 
          0.8954442404230847, 
          -0.4451682117933928, 
          0.0
        ], 
        [
          -15.304016821064053, 
          -0.5850057475531193, 
          72.00619216051442, 
          1.0
        ]
      ], 
      "projected_cuboid": [
        [
          398.67946834887834, 
          278.65825626122296
        ], 
        [
          306.792149036116, 
          284.02460652221146
        ], 
        [
          315.6493650356033, 
          228.27407211925194
        ], 
        [
          402.88763424892613, 
          222.12323611941693
        ], 
        [
          416.61985379195613, 
          307.7943723371109
        ], 
        [
          334.5491272196635, 
          312.0562752986529
        ], 
        [
          341.1966588084097, 
          260.87960675063385
        ], 
        [
          419.53768898060144, 
          255.94352082609876
        ]
      ], 
      "projected_cuboid_centroid": [
        367.30204352926984, 
        268.95364643313263
      ], 
      "quaternion_xyzw": [
        0.9715519231319798, 
        -0.015627247081184306, 
        -0.06171899920756514, 
        0.22810892781254613
      ], 
      "visibility": 0.8493367649970303
    }, 
    {
      "bounding_box": {
        "bottom_right": [
          327, 
          345
        ], 
        "top_left": [
          263, 
          299
        ]
      }, 
      "class": "061_foam_brick", 
      "cuboid": [
        [
          -25.329943654631464, 
          -1.6969502173867106, 
          79.78979277730039
        ], 
        [
          -25.622230209733093, 
          4.811402511949025, 
          75.52370458320287
        ], 
        [
          -27.123299064932983, 
          7.447146059425308, 
          79.64764439767846
        ], 
        [
          -26.831012509831353, 
          0.938793330089574, 
          83.913732591776
        ], 
        [
          -20.30884114954037, 
          -0.6937593451305256, 
          80.97624722155474
        ], 
        [
          -20.601127704642, 
          5.814593384205209, 
          76.71015902745721
        ], 
        [
          -22.102196559841882, 
          8.450336931681493, 
          80.83409884193281
        ], 
        [
          -21.809910004740253, 
          1.9419842023457583, 
          85.10018703603033
        ]
      ], 
      "cuboid_centroid": [
        -23.716070107236675, 
        3.3766933571473916, 
        80.3119458096166
      ], 
      "location": [
        -23.716070107236675, 
        3.3766933571473916, 
        80.3119458096166
      ], 
      "pose_transform_permuted": [
        [
          -0.9553086881668089, 
          -0.19086584175173799, 
          -0.22573333995095105, 
          0.0
        ], 
        [
          0.037533267043970836, 
          -0.8357542854531167, 
          0.5478193390267966, 
          0.0
        ], 
        [
          0.29321760550488285, 
          -0.5148640643889907, 
          -0.805567148674046, 
          0.0
        ], 
        [
          -23.716070107236675, 
          3.3766933571473916, 
          80.3119458096166, 
          1.0
        ]
      ], 
      "projected_cuboid": [
        [
          310.87933946657677, 
          261.94402472131395
        ], 
        [
          299.15483405364307, 
          307.2628265692697
        ], 
        [
          298.4663011777801, 
          323.1525304067318
        ], 
        [
          309.6496101583563, 
          279.25310450187504
        ], 
        [
          346.7258644146652, 
          268.717353097456
        ], 
        [
          337.17623427965395, 
          313.7119074408318
        ], 
        [
          334.5580571628304, 
          329.0393729189881
        ], 
        [
          343.7761636382378, 
          285.45687792300896
        ]
      ], 
      "projected_cuboid_centroid": [
        322.795672631051, 
        295.7098110770672
      ], 
      "quaternion_xyzw": [
        0.4325513098483033, 
        -0.652507497523203, 
        -0.2355150359404296, 
        0.575904504124167
      ], 
      "visibility": 0.6543488057683642
    }
  ]
}