{
  "camera_data": {
    "location_worldframe": [
      -10.761523373214658, 
      5.626808503822696, 
      87.68798494748887
    ], 
    "quaternion_xyzw_worldframe": [
      0.9384970881197869, 
      -0.04052749363949167, 
      0.17798801494848937, 
      -0.2930900901883817
    ]
  }, 
  "objects": [
    {
      "bounding_box": {
        "bottom_right": [
          484, 
          476
        ], 
        "top_left": [
          335, 
          334
        ]
      }, 
      "class": "003_cracker_box", 
      "cuboid": [
        [
          0.22399196497822765, 
          25.30364878450569, 
          74.01117748189021
        ], 
        [
          -12.827683175025356, 
          21.194948254947704, 
          64.96405243105895
        ], 
        [
          -19.655799284966413, 
          8.401355223771192, 
          80.62465123468682
        ], 
        [
          -6.604124144962831, 
          12.510055753329178, 
          89.67177628551809
        ], 
        [
          -3.4692264979677825, 
          30.762203674532106, 
          76.86016211373119
        ], 
        [
          -16.520901637971363, 
          26.653503144974124, 
          67.81303706289992
        ], 
        [
          -23.34901774791242, 
          13.859910113797607, 
          83.4736358665278
        ], 
        [
          -10.29734260790884, 
          17.968610643355593, 
          92.52076091735907
        ]
      ], 
      "cuboid_centroid": [
        -11.562512891467097, 
        19.581779449151647, 
        78.74240667420901
      ], 
      "location": [
        -11.562512891467097, 
        19.581779449151647, 
        78.74240667420901
      ], 
      "pose_transform_permuted": [
        [
          0.5143758427917096, 
          -0.7602444318288332, 
          -0.3967945264561662, 
          0.0
        ], 
        [
          0.7956591595022725, 
          0.2504755270819399, 
          0.5515328750248365, 
          0.0
        ], 
        [
          0.31991247905084275, 
          0.5994083868334503, 
          -0.7337340059866826, 
          0.0
        ], 
        [
          -11.562512891467097, 
          19.581779449151647, 
          78.74240667420901, 
          1.0
        ]
      ], 
      "projected_cuboid": [
        [
          483.2245911026958, 
          455.6229347475008
        ], 
        [
          375.41116804966305, 
          447.28555044541866
        ], 
        [
          350.4934744191948, 
          328.86020183483873
        ], 
        [
          441.9919616649118, 
          347.6896333162469
        ], 
        [
          457.3240890762214, 
          486.7402334973384
        ], 
        [
          350.58470293151777, 
          482.9045672424378
        ], 
        [
          331.17518480303494, 
          361.8385868762422
        ], 
        [
          421.7452014955223, 
          376.8634200072835
        ]
      ], 
      "projected_cuboid_centroid": [
        402.6319516899055, 
        405.91324949127574
      ], 
      "quaternion_xyzw": [
        0.8354433063936608, 
        -0.020778475163275828, 
        0.3189650062604876, 
        0.44706158586168415
      ], 
      "visibility": 0.9360196862503845
    }, 
    {
      "bounding_box": {
        "bottom_right": [
          483, 
          369
        ], 
        "top_left": [
          369, 
          284
        ]
      }, 
      "class": "004_sugar_box", 
      "cuboid": [
        [
          -14.656137804983981, 
          25.37328667942932, 
          72.2935217152226
        ], 
        [
          -22.553202367699768, 
          24.21163156818044, 
          67.58425737300384
        ], 
        [
          -28.814522880065823, 
          14.086589483472206, 
          80.58157856816405
        ], 
        [
          -20.91745831735004, 
          15.248244594721088, 
          85.2908429103828
        ], 
        [
          -16.39080537552175, 
          29.024077698990443, 
          74.3018634793684
        ], 
        [
          -24.287869938237534, 
          27.86242258774156, 
          69.59259913714962
        ], 
        [
          -30.549190450603593, 
          17.737380503033325, 
          82.58992033230984
        ], 
        [
          -22.652125887887806, 
          18.89903561428221, 
          87.2991846745286
        ]
      ], 
      "cuboid_centroid": [
        -22.602664127793787, 
        21.555333591231324, 
        77.44172102376622
      ], 
      "location": [
        -22.602664127793787, 
        21.555333591231324, 
        77.44172102376622
      ], 
      "pose_transform_permuted": [
        [
          0.3843372049073235, 
          -0.8088782196602029, 
          -0.44497313101388475, 
          0.0
        ], 
        [
          0.8521061748102331, 
          0.12534448533806003, 
          0.5081373202599558, 
          0.0
        ], 
        [
          0.35524619191869017, 
          0.5744607126412493, 
          -0.7374241345105589, 
          0.0
        ], 
        [
          -22.602664127793787, 
          21.555333591231324, 
          77.44172102376622, 
          1.0
        ]
      ], 
      "projected_cuboid": [
        [
          372.57563309205415, 
          460.4688795591566
        ], 
        [
          302.1425453482147, 
          464.344896210776
        ], 
        [
          289.3023303894945, 
          366.5169532341406
        ], 
        [
          349.7112060544311, 
          368.63308602637613
        ], 
        [
          362.967670844579, 
          481.6138705072291
        ], 
        [
          293.91701857337773, 
          486.8088921522878
        ], 
        [
          282.6835051700075, 
          387.82463583119215
        ], 
        [
          342.05970371813504, 
          388.74266547819576
        ]
      ], 
      "projected_cuboid_centroid": [
        324.64162810457964, 
        421.73212227394447
      ], 
      "quaternion_xyzw": [
        0.8472809478657841, 
        -0.06783514581548467, 
        0.2633348853810926, 
        0.45625431507274605
      ], 
      "visibility": 0.6618998978549541
    }, 
    {
      "bounding_box": {
        "bottom_right": [
          385, 
          348
        ], 
        "top_left": [
          288, 
          217
        ]
      }, 
      "class": "024_bowl", 
      "cuboid": [
        [
          -33.454833829567875, 
          4.917029629153066, 
          62.76132278765164
        ], 
        [
          -32.20985091876238, 
          17.51193333777172, 
          72.73913615071825
        ], 
        [
          -34.1209250024912, 
          14.426216473846035, 
          76.87266319196313
        ], 
        [
          -35.365907913296695, 
          1.8313127652273837, 
          66.89484982889653
        ], 
        [
          -18.365704603221193, 
          0.5069448398992288, 
          66.44538500691736
        ], 
        [
          -17.120721692415692, 
          13.10184854851788, 
          76.42319836998398
        ], 
        [
          -19.031795776144513, 
          10.016131684592198, 
          80.55672541122885
        ], 
        [
          -20.27677868695001, 
          -2.5787720240264544, 
          70.57891204816225
        ]
      ], 
      "cuboid_centroid": [
        -26.243314802856194, 
        7.466580656872631, 
        71.65902409944024
      ], 
      "location": [
        -26.243314802856194, 
        7.466580656872631, 
        71.65902409944024
      ], 
      "pose_transform_permuted": [
        [
          -0.9345255459395232, 
          0.27313285170365464, 
          -0.2281675903950121, 
          0.0
        ], 
        [
          -0.07724944335943447, 
          -0.7814961090726706, 
          -0.6191093239525101, 
          0.0
        ], 
        [
          0.34741117927765963, 
          0.5609476596122902, 
          -0.7514274387380331, 
          0.0
        ], 
        [
          -26.243314802856194, 
          7.466580656872631, 
          71.65902409944024, 
          1.0
        ]
      ], 
      "projected_cuboid": [
        [
          194.9427244014508, 
          315.06940800048517
        ], 
        [
          243.46805409703646, 
          401.68312725175025
        ], 
        [
          242.90356012720974, 
          373.3713202317352
        ], 
        [
          197.29248089343335, 
          287.88668975851834
        ], 
        [
          332.95747439520625, 
          277.35549793520295
        ], 
        [
          361.1243817297619, 
          364.71783836798693
        ], 
        [
          354.5485215026284, 
          339.5975647485364
        ], 
        [
          327.1016021306669, 
          253.8004113037004
        ]
      ], 
      "projected_cuboid_centroid": [
        284.65452645779715, 
        328.85628280675104
      ], 
      "quaternion_xyzw": [
        0.6541914487838916, 
        -0.43141319351120805, 
        -0.5937233178376763, 
        0.1827808158924668
      ], 
      "visibility": 0.7892875189489641
    }, 
    {
      "bounding_box": {
        "bottom_right": [
          314, 
          475
        ], 
        "top_left": [
          232, 
          390
        ]
      }, 
      "class": "025_mug", 
      "cuboid": [
        [
          0.1999448822904218, 
          -2.914493569918478, 
          69.07768183191632
        ], 
        [
          -10.580366555865572, 
          0.719367601321505, 
          66.34881873385189
        ], 
        [
          -13.719437852700977, 
          -4.699103911274967, 
          71.53419904091248
        ], 
        [
          -2.9391264145449867, 
          -8.33296508251495, 
          74.2630621389769
        ], 
        [
          0.5969624211419791, 
          3.3946419111864445, 
          75.91076545083278
        ], 
        [
          -10.183349017014013, 
          7.028503082426428, 
          73.18190235276836
        ], 
        [
          -13.32242031384942, 
          1.6100315698299565, 
          78.36728265982896
        ], 
        [
          -2.5421088756934282, 
          -2.0238296014100268, 
          81.09614575789338
        ]
      ], 
      "cuboid_centroid": [
        -6.5612377157795, 
        -0.6522310000442608, 
        73.72248224587264
      ], 
      "location": [
        -6.5612377157795, 
        -0.6522310000442608, 
        73.72248224587264
      ], 
      "pose_transform_permuted": [
        [
          -0.04264970240897965, 
          -0.6777603616843421, 
          -0.7340456135148833, 
          0.0
        ], 
        [
          0.9214728701370056, 
          -0.31061296348917916, 
          0.2332560914969736, 
          0.0
        ], 
        [
          0.3860954040515806, 
          0.6664541038322287, 
          -0.6377846552367249, 
          0.0
        ], 
        [
          -6.5612377157795, 
          -0.6522310000442608, 
          73.72248224587264, 
          1.0
        ]
      ], 
      "projected_cuboid": [
        [
          483.15362341815774, 
          250.78496504727033
        ], 
        [
          395.84210710769486, 
          279.06889909358375
        ], 
        [
          378.4601063531004, 
          238.25260773772433
        ], 
        [
          460.31385799359003, 
          213.44341629504743
        ], 
        [
          485.82604649149675, 
          297.1359748608706
        ], 
        [
          406.7665644837221, 
          324.507375561848
        ], 
        [
          390.17730779742595, 
          284.2434237706404
        ], 
        [
          464.73986005242654, 
          259.97705268658865
        ]
      ], 
      "projected_cuboid_centroid": [
        433.7365325596409, 
        268.5682003118653
      ], 
      "quaternion_xyzw": [
        0.9113139672313979, 
        -0.19112742495799304, 
        0.05228889162838755, 
        0.36089236646886264
      ], 
      "visibility": 0.8837772397094431
    }, 
    {
      "bounding_box": {
        "bottom_right": [
          356, 
          403
        ], 
        "top_left": [
          296, 
          353
        ]
      }, 
      "class": "061_foam_brick", 
      "cuboid": [
        [
          -17.985154502080576, 
          3.191855570631789, 
          77.85241314350966
        ], 
        [
          -15.217471130771184, 
          7.753026549021927, 
          72.17973800547888
        ], 
        [
          -16.761348785387106, 
          11.897097251408725, 
          74.75856548143149
        ], 
        [
          -19.529032156696495, 
          7.335926273018588, 
          80.43124061946224
        ], 
        [
          -13.335044838792456, 
          3.4055098828421357, 
          80.29298037171081
        ], 
        [
          -10.567361467483066, 
          7.966680861232274, 
          74.62030523368006
        ], 
        [
          -12.11123912209899, 
          12.110751563619074, 
          77.19913270963264
        ], 
        [
          -14.878922493408378, 
          7.549580585228935, 
          82.8718078476634
        ]
      ], 
      "cuboid_centroid": [
        -15.048196812089781, 
        7.651303567125431, 
        77.52577292657115
      ], 
      "location": [
        -15.048196812089781, 
        7.651303567125431, 
        77.52577292657115
      ], 
      "pose_transform_permuted": [
        [
          -0.8847240536840979, 
          -0.04064960245521734, 
          -0.46433927106482253, 
          0.0
        ], 
        [
          -0.3554053282826968, 
          -0.5857116770410522, 
          0.7284427801866298, 
          0.0
        ], 
        [
          0.3015798425973567, 
          -0.8094995004309706, 
          -0.5037461238967135, 
          0.0
        ], 
        [
          -15.048196812089781, 
          7.651303567125431, 
          77.52577292657115, 
          1.0
        ]
      ], 
      "projected_cuboid": [
        [
          357.3649669029126, 
          295.152001282283
        ], 
        [
          368.22164488504404, 
          330.5718787390498
        ], 
        [
          361.02693498037615, 
          358.15915299494617
        ], 
        [
          351.025779690043, 
          321.92924337759985
        ], 
        [
          392.2853103792222, 
          295.90651176736895
        ], 
        [
          405.4415676946447, 
          330.22528813616174
        ], 
        [
          397.2309838593788, 
          356.9519983188245
        ], 
        [
          385.04615090077414, 
          321.87168744785646
        ]
      ], 
      "projected_cuboid_centroid": [
        377.2139914108119, 
        325.92180848689907
      ], 
      "quaternion_xyzw": [
        -0.2736030164084248, 
        0.8107472016261434, 
        0.14279929690557291, 
        -0.4974321313213119
      ], 
      "visibility": 0.9694744976816074
    }
  ]
}