{
  "camera_data": {
    "location_worldframe": [
      -20.572499185324173, 
      -3.7973700921765046, 
      95.62448041403864
    ], 
    "quaternion_xyzw_worldframe": [
      0.9538080654578204, 
      0.021680932040691957, 
      -0.03775454619183165, 
      -0.29725017926650715
    ]
  }, 
  "objects": [
    {
      "bounding_box": {
        "bottom_right": [
          408, 
          378
        ], 
        "top_left": [
          258, 
          228
        ]
      }, 
      "class": "003_cracker_box", 
      "cuboid": [
        [
          -20.394570191126178, 
          17.19950610667785, 
          79.68663838768681
        ], 
        [
          -34.43911252509614, 
          9.633607252125639, 
          75.86746035581044
        ], 
        [
          -31.812120291651958, 
          -3.5938318492057197, 
          92.41095798395394
        ], 
        [
          -17.767577957681986, 
          3.97206700534649, 
          96.23013601583033
        ], 
        [
          -23.997440801795104, 
          21.758617422110348, 
          83.90401018908354
        ], 
        [
          -38.04198313576507, 
          14.192718567558138, 
          80.08483215720715
        ], 
        [
          -35.41499090232088, 
          0.9652794662267803, 
          96.62832978535066
        ], 
        [
          -21.370448568350913, 
          8.53117832077899, 
          100.44750781722705
        ]
      ], 
      "cuboid_centroid": [
        -27.90478054672353, 
        9.082392786452315, 
        88.15748408651874
      ], 
      "location": [
        -27.90478054672353, 
        9.082392786452315, 
        88.15748408651874
      ], 
      "pose_transform_permuted": [
        [
          0.5017925761570101, 
          -0.6349737359934493, 
          -0.5873777022599961, 
          0.0
        ], 
        [
          0.8561865530034609, 
          0.4612340300319922, 
          0.23282559136937542, 
          0.0
        ], 
        [
          -0.12308044917761307, 
          0.6197350434975974, 
          -0.7750997864089942, 
          0.0
        ], 
        [
          -27.90478054672353, 
          9.082392786452315, 
          88.15748408651874, 
          1.0
        ]
      ], 
      "projected_cuboid": [
        [
          343.96463498760835, 
          388.3978491517705
        ], 
        [
          237.48562217516482, 
          341.0071573357996
        ], 
        [
          296.4738543135862, 
          252.54591429762513
        ], 
        [
          382.3063011074058, 
          295.30023563713394
        ], 
        [
          327.7908308308314, 
          411.5909735833715
        ], 
        [
          226.14782676206684, 
          367.8019979833614
        ], 
        [
          284.5026161467345, 
          278.6141933772732
        ], 
        [
          367.18648257450445, 
          318.58228065207874
        ]
      ], 
      "projected_cuboid_centroid": [
        311.3768426646118, 
        328.2315943797507
      ], 
      "quaternion_xyzw": [
        0.8751141780877875, 
        0.16692521211528974, 
        0.20986352007563183, 
        0.40282558485213793
      ], 
      "visibility": 0.903968680432947
    }, 
    {
      "bounding_box": {
        "bottom_right": [
          374, 
          297
        ], 
        "top_left": [
          274, 
          200
        ]
      }, 
      "class": "004_sugar_box", 
      "cuboid": [
        [
          -34.4272177027314, 
          13.627504916355516, 
          83.52065139840296
        ], 
        [
          -42.966003303571156, 
          10.373433710297123, 
          81.97455858137074
        ], 
        [
          -41.439391782013345, 
          -0.26843329719035, 
          95.94134396251863
        ], 
        [
          -32.90060618117359, 
          2.9856379088680427, 
          97.48743677955085
        ], 
        [
          -36.13763534121633, 
          16.857537537956357, 
          86.16869672576233
        ], 
        [
          -44.67642094205609, 
          13.603466331897968, 
          84.62260390873011
        ], 
        [
          -43.14980942049828, 
          2.9615993244104946, 
          98.589389289878
        ], 
        [
          -34.61102381965853, 
          6.215670530468886, 
          100.13548210691022
        ]
      ], 
      "cuboid_centroid": [
        -38.78851356161484, 
        8.294552120383004, 
        91.05502034414047
      ], 
      "location": [
        -38.78851356161484, 
        8.294552120383004, 
        91.05502034414047
      ], 
      "pose_transform_permuted": [
        [
          0.37896433043692057, 
          -0.715653956199047, 
          -0.5867074227194355, 
          0.0
        ], 
        [
          0.9213489237770743, 
          0.3511196022184948, 
          0.1668259421915925, 
          0.0
        ], 
        [
          -0.08661478493259138, 
          0.6037836143108551, 
          -0.7924282601727877, 
          0.0
        ], 
        [
          -38.78851356161484, 
          8.294552120383004, 
          91.05502034414047, 
          1.0
        ]
      ], 
      "projected_cuboid": [
        [
          259.93070749425186, 
          360.3047199516064
        ], 
        [
          199.73436722542436, 
          340.77522518110544
        ], 
        [
          249.3237560457741, 
          271.79436861780056
        ], 
        [
          300.10945640624095, 
          289.6199160828429
        ], 
        [
          256.06830152767094, 
          377.6220476810602
        ], 
        [
          197.68508201340083, 
          359.0200732155368
        ], 
        [
          246.2328473552919, 
          289.30731799225856
        ], 
        [
          295.72326254727807, 
          306.39107542101766
        ]
      ], 
      "projected_cuboid_centroid": [
        252.51506110499088, 
        321.8686706602807
      ], 
      "quaternion_xyzw": [
        0.8820204023727803, 
        0.12407150276045445, 
        0.1546988797425341, 
        0.427451057910578
      ], 
      "visibility": 0.4669728011303426
    }, 
    {
      "bounding_box": {
        "bottom_right": [
          281, 
          270
        ], 
        "top_left": [
          196, 
          169
        ]
      }, 
      "class": "024_bowl", 
      "cuboid": [
        [
          -49.88356006973875, 
          -11.187734635102249, 
          80.68876042118653
        ], 
        [
          -48.16998418975962, 
          1.8381546199913348, 
          90.02300962523908
        ], 
        [
          -47.64464344576226, 
          -1.3968522886121228, 
          94.44100078893578
        ], 
        [
          -49.358219325741395, 
          -14.422741543705708, 
          85.10675158488323
        ], 
        [
          -33.90300890390599, 
          -11.673445970803524, 
          78.43286768708073
        ], 
        [
          -32.18943302392686, 
          1.35244328429006, 
          87.76711689113328
        ], 
        [
          -31.664092279929502, 
          -1.8825636243133979, 
          92.18510805482998
        ], 
        [
          -33.37766815990864, 
          -14.90845287940698, 
          82.85085885077743
        ]
      ], 
      "cuboid_centroid": [
        -40.77382617483413, 
        -6.535149129707824, 
        86.43693423800826
      ], 
      "location": [
        -40.77382617483413, 
        -6.535149129707824, 
        86.43693423800826
      ], 
      "pose_transform_permuted": [
        [
          -0.9897346015559412, 
          0.0300818983227137, 
          0.13971577533050616, 
          0.0
        ], 
        [
          -0.10632497983196883, 
          -0.8082381577162214, 
          -0.5791770705710128, 
          0.0
        ], 
        [
          -0.09550087510925742, 
          0.5880868641661624, 
          -0.8031397282220422, 
          0.0
        ], 
        [
          -40.77382617483413, 
          -6.535149129707824, 
          86.43693423800826, 
          1.0
        ]
      ], 
      "projected_cuboid": [
        [
          149.1395676215218, 
          199.34020467457924
        ], 
        [
          193.84747769380476, 
          284.17624117863926
        ], 
        [
          210.29991348427157, 
          265.3983466864363
        ], 
        [
          169.7172964209506, 
          182.9067459551522
        ], 
        [
          249.14581719160057, 
          193.9106650481893
        ], 
        [
          284.3669509465816, 
          281.50470116360833
        ], 
        [
          296.8838345608834, 
          262.3953206406169
        ], 
        [
          264.95104775122, 
          177.3192784302402
        ]
      ], 
      "projected_cuboid_centroid": [
        227.92429854906638, 
        232.96438819046696
      ], 
      "quaternion_xyzw": [
        -0.5792335688225623, 
        0.30762084630893444, 
        0.6771498392764775, 
        -0.33365548524352745
      ], 
      "visibility": 0.6891911873428952
    }, 
    {
      "bounding_box": {
        "bottom_right": [
          250, 
          383
        ], 
        "top_left": [
          175, 
          300
        ]
      }, 
      "class": "025_mug", 
      "cuboid": [
        [
          -15.413972314763589, 
          -10.42513787889439, 
          73.97002874607426
        ], 
        [
          -26.982673088434677, 
          -9.61463206593684, 
          75.51113168224832
        ], 
        [
          -26.618487542431033, 
          -15.350542379555614, 
          81.26165103535817
        ], 
        [
          -15.04978676875995, 
          -16.161048192513167, 
          79.72054809918411
        ], 
        [
          -14.092716613437183, 
          -3.859474652727907, 
          80.43533577362331
        ], 
        [
          -25.66141738710827, 
          -3.0489688397703567, 
          81.97643870979736
        ], 
        [
          -25.29723184110463, 
          -8.78487915338913, 
          87.72695806290722
        ], 
        [
          -13.728531067433542, 
          -9.595384966346682, 
          86.18585512673316
        ]
      ], 
      "cuboid_centroid": [
        -20.35560207793411, 
        -9.60500851614176, 
        80.84849340449074
      ], 
      "location": [
        -20.35560207793411, 
        -9.60500851614176, 
        80.84849340449074
      ], 
      "pose_transform_permuted": [
        [
          -0.1419362042058503, 
          -0.7053179149807793, 
          -0.6945371267609144, 
          0.0
        ], 
        [
          0.9888623317448763, 
          -0.06927992034490552, 
          -0.1317294545634929, 
          0.0
        ], 
        [
          -0.04479361958926341, 
          0.7054980281501994, 
          -0.7072948917674101, 
          0.0
        ], 
        [
          -20.35560207793411, 
          -9.60500851614176, 
          80.84849340449074, 
          1.0
        ]
      ], 
      "projected_cuboid": [
        [
          369.5370926094031, 
          198.1219033000036
        ], 
        [
          289.4358556684773, 
          205.38037035403622
        ], 
        [
          305.444300521624, 
          172.54104783930882
        ], 
        [
          380.0770219760823, 
          165.17133191289952
        ], 
        [
          387.3778328055989, 
          247.69662288683799
        ], 
        [
          313.25861558555494, 
          253.45065810765155
        ], 
        [
          326.5256824373765, 
          219.88051329134234
        ], 
        [
          395.9367247859782, 
          213.91012751252802
        ]
      ], 
      "projected_cuboid_centroid": [
        346.2017154273572, 
        209.9268027226025
      ], 
      "quaternion_xyzw": [
        0.9204479190394192, 
        -0.006650648083705822, 
        -0.07432947946010378, 
        0.38367537628375376
      ], 
      "visibility": 0.7686655605593743
    }, 
    {
      "bounding_box": {
        "bottom_right": [
          281, 
          330
        ], 
        "top_left": [
          224, 
          282
        ]
      }, 
      "class": "061_foam_brick", 
      "cuboid": [
        [
          -30.06157814031824, 
          -8.390144472668904, 
          89.01292767716726
        ], 
        [
          -30.73065088089612, 
          -3.5993833406183056, 
          82.91009680920014
        ], 
        [
          -32.180833348618826, 
          0.18398164720720006, 
          86.03905055266404
        ], 
        [
          -31.511760608040944, 
          -4.606779484843398, 
          92.14188142063115
        ], 
        [
          -25.041143118311922, 
          -6.947307932572515, 
          89.59515731354465
        ], 
        [
          -25.7102158588898, 
          -2.156546800521917, 
          83.49232644557753
        ], 
        [
          -27.160398326612505, 
          1.6268181873035887, 
          86.62128018904144
        ], 
        [
          -26.491325586034627, 
          -3.163942944747009, 
          92.72411105700856
        ]
      ], 
      "cuboid_centroid": [
        -28.610988233465374, 
        -3.3816631426826573, 
        87.81710393310435
      ], 
      "location": [
        -28.610988233465374, 
        -3.3816631426826573, 
        87.81710393310435
      ], 
      "pose_transform_permuted": [
        [
          -0.9551816936691975, 
          -0.2745122771265972, 
          -0.11077428305348455, 
          0.0
        ], 
        [
          0.08591734859381192, 
          -0.6151939381905878, 
          0.7836801819774216, 
          0.0
        ], 
        [
          0.2832774987355201, 
          -0.7390395308238428, 
          -0.6112073548230761, 
          0.0
        ], 
        [
          -28.610988233465374, 
          -3.3816631426826573, 
          87.81710393310435, 
          1.0
        ]
      ], 
      "projected_cuboid": [
        [
          299.98260629491654, 
          223.01711678973962
        ], 
        [
          282.27468347914464, 
          250.13348790950837
        ], 
        [
          280.4593981548531, 
          274.4269621814865
        ], 
        [
          297.68622712503964, 
          246.6223796558386
        ], 
        [
          331.2962477412227, 
          231.93234561370744
        ], 
        [
          316.00066559965984, 
          259.51127635313344
        ], 
        [
          312.9793241553743, 
          283.30271409490894
        ], 
        [
          327.9576162972158, 
          255.0885448895164
        ]
      ], 
      "projected_cuboid_centroid": [
        306.39247572186906, 
        252.74945469234638
      ], 
      "quaternion_xyzw": [
        0.3382499448719296, 
        -0.6640588199255235, 
        -0.12675649641030315, 
        0.6546339810085041
      ], 
      "visibility": 0.7339403136064745
    }
  ]
}