{
  "camera_data": {
    "location_worldframe": [
      -16.719503740391364, 
      -0.7387983853531677, 
      90.81696145168023
    ], 
    "quaternion_xyzw_worldframe": [
      0.8822988742551434, 
      0.027837294445288666, 
      0.0018838923132013933, 
      -0.46986345534872637
    ]
  }, 
  "objects": [
    {
      "bounding_box": {
        "bottom_right": [
          435, 
          398
        ], 
        "top_left": [
          285, 
          268
        ]
      }, 
      "class": "003_cracker_box", 
      "cuboid": [
        [
          -15.250607726826825, 
          24.618820335048266, 
          83.76372231040237
        ], 
        [
          -29.06406829006612, 
          19.457520950447662, 
          76.57850055895236
        ], 
        [
          -27.707346734554804, 
          1.0075313065472575, 
          87.223252125202
        ], 
        [
          -13.893886171315511, 
          6.168830691147861, 
          94.40847387665201
        ], 
        [
          -19.095953244294694, 
          27.434364706299696, 
          89.13386432712286
        ], 
        [
          -32.90941380753399, 
          22.273065321699097, 
          81.94864257567285
        ], 
        [
          -31.552692252022673, 
          3.8230756777986903, 
          92.59339414192249
        ], 
        [
          -17.73923168878338, 
          8.984375062399295, 
          99.7786158933725
        ]
      ], 
      "cuboid_centroid": [
        -23.40164998942475, 
        14.220948006423479, 
        88.17855822616242
      ], 
      "location": [
        -23.40164998942475, 
        14.220948006423479, 
        88.17855822616242
      ], 
      "pose_transform_permuted": [
        [
          0.535563455348667, 
          -0.3921371084354077, 
          -0.7479306608790106, 
          0.0
        ], 
        [
          0.8420992940498324, 
          0.3146442955589673, 
          0.4380271067331051, 
          0.0
        ], 
        [
          -0.06356543286858174, 
          0.8644231923428006, 
          -0.4987303683195071, 
          0.0
        ], 
        [
          -23.40164998942475, 
          14.220948006423479, 
          88.17855822616242, 
          1.0
        ]
      ], 
      "projected_cuboid": [
        [
          383.6879998895765, 
          430.0333806133644
        ], 
        [
          277.49787645556546, 
          408.7955501335862
        ], 
        [
          310.77089901279214, 
          279.4470073900783
        ], 
        [
          402.45552869262673, 
          308.1346620720205
        ], 
        [
          366.387023872179, 
          437.436090569348
        ], 
        [
          265.6386585978642, 
          418.23905384944715
        ], 
        [
          298.34530782923343, 
          295.30669552950167
        ], 
        [
          385.9902056439241, 
          321.3082821240125
        ]
      ], 
      "projected_cuboid_centroid": [
        338.88022755784704, 
        359.29735756902573
      ], 
      "quaternion_xyzw": [
        0.9293079612366995, 
        0.10174499310331882, 
        0.26191278959510433, 
        0.23965884128695372
      ], 
      "visibility": 0.8943311610959288
    }, 
    {
      "bounding_box": {
        "bottom_right": [
          406, 
          313
        ], 
        "top_left": [
          294, 
          233
        ]
      }, 
      "class": "004_sugar_box", 
      "cuboid": [
        [
          -29.54643473316503, 
          20.36646976590092, 
          85.14960619640209
        ], 
        [
          -37.98641924758244, 
          18.19560931230519, 
          81.99615281360194
        ], 
        [
          -37.52584483830799, 
          3.131105474236699, 
          91.13396247194954
        ], 
        [
          -29.085860323890582, 
          5.301965927832425, 
          94.2874158547497
        ], 
        [
          -31.407161527638923, 
          22.4573201916662, 
          88.69034391385587
        ], 
        [
          -39.84714604205633, 
          20.286459738070473, 
          85.53689053105573
        ], 
        [
          -39.38657163278189, 
          5.22195590000198, 
          94.67470018940334
        ], 
        [
          -30.946587118364477, 
          7.392816353597706, 
          97.82815357220348
        ]
      ], 
      "cuboid_centroid": [
        -34.466503182973454, 
        12.794212832951448, 
        89.91215319290271
      ], 
      "location": [
        -34.466503182973454, 
        12.794212832951448, 
        89.91215319290271
      ], 
      "pose_transform_permuted": [
        [
          0.41226719599222983, 
          -0.46325395261110003, 
          -0.7844945399044088, 
          0.0
        ], 
        [
          0.9106881250524549, 
          0.23423939141813452, 
          0.3402627746196541, 
          0.0
        ], 
        [
          -0.026131437396760673, 
          0.8547091002686966, 
          -0.5184484769937352, 
          0.0
        ], 
        [
          -34.466503182973454, 
          12.794212832951448, 
          89.91215319290271, 
          1.0
        ]
      ], 
      "projected_cuboid": [
        [
          294.99597763063844, 
          400.848339514194
        ], 
        [
          232.46672899757144, 
          391.6344657926758
        ], 
        [
          260.16426243572465, 
          291.60989209762204
        ], 
        [
          315.7071784110063, 
          303.2761419278962
        ], 
        [
          291.1632447828439, 
          408.328619398928
        ], 
        [
          231.08104938511642, 
          399.7719197197142
        ], 
        [
          257.87646615843755, 
          302.7027530669399
        ], 
        [
          311.4828390047369, 
          313.5891869857586
        ]
      ], 
      "projected_cuboid_centroid": [
        275.4531322253683, 
        349.17621488009945
      ], 
      "quaternion_xyzw": [
        0.9420578226979437, 
        0.06909629710128184, 
        0.19970376352714903, 
        0.26052074669720227
      ], 
      "visibility": 0.5463984425697599
    }, 
    {
      "bounding_box": {
        "bottom_right": [
          317, 
          289
        ], 
        "top_left": [
          247, 
          173
        ]
      }, 
      "class": "024_bowl", 
      "cuboid": [
        [
          -44.99087557280083, 
          -1.147931535005436, 
          72.4487128388064
        ], 
        [
          -43.81135279593052, 
          7.485827263545383, 
          86.00619329842922
        ], 
        [
          -43.622151631107734, 
          2.841204364471246, 
          88.94755005393235
        ], 
        [
          -44.80167440797805, 
          -5.792554434079575, 
          75.39006959430952
        ], 
        [
          -28.89745661658805, 
          -1.3126289338906476, 
          71.15344292105544
        ], 
        [
          -27.71793383971774, 
          7.321129864660173, 
          84.71092338067827
        ], 
        [
          -27.528732674894957, 
          2.6765069655860345, 
          87.65228013618139
        ], 
        [
          -28.708255451765268, 
          -5.957251832964785, 
          74.09479967655857
        ]
      ], 
      "cuboid_centroid": [
        -36.25980412384789, 
        0.764287715290299, 
        80.05049648749389
      ], 
      "location": [
        -36.25980412384789, 
        0.764287715290299, 
        80.05049648749389
      ], 
      "pose_transform_permuted": [
        [
          -0.9967249209999355, 
          0.010200318673080008, 
          0.0802208536269737, 
          0.0
        ], 
        [
          -0.07318773386540149, 
          -0.5357126234416767, 
          -0.8412226463290701, 
          0.0
        ], 
        [
          -0.03439458488366864, 
          0.8443387581914051, 
          -0.5347046604869611, 
          0.0
        ], 
        [
          -36.25980412384789, 
          0.764287715290299, 
          80.05049648749389, 
          1.0
        ]
      ], 
      "projected_cuboid": [
        [
          147.64394466306834, 
          264.8362240452823
        ], 
        [
          207.6613418852203, 
          319.7057331902311
        ], 
        [
          217.86385201476793, 
          290.32208225944044
        ], 
        [
          162.02277284328005, 
          232.30922183219184
        ], 
        [
          263.19565748666196, 
          263.4479316239376
        ], 
        [
          305.63738323575507, 
          319.3786093689249
        ], 
        [
          312.7028673093885, 
          289.57172277096123
        ], 
        [
          273.23876509091355, 
          230.40742799974697
        ]
      ], 
      "projected_cuboid_centroid": [
        238.0105979731563, 
        278.3784440110891
      ], 
      "quaternion_xyzw": [
        -0.6501788543737466, 
        0.19276158982472547, 
        0.706708452207093, 
        -0.20167694561486643
      ], 
      "visibility": 0.7127171419206817
    }, 
    {
      "bounding_box": {
        "bottom_right": [
          305, 
          411
        ], 
        "top_left": [
          231, 
          325
        ]
      }, 
      "class": "025_mug", 
      "cuboid": [
        [
          -10.133356473850618, 
          0.8590013630326129, 
          68.60162038961872
        ], 
        [
          -21.773291150815822, 
          1.4386272125785515, 
          69.62275217052726
        ], 
        [
          -21.85948799008139, 
          -6.014248694353536, 
          72.87067179531158
        ], 
        [
          -10.219553313116192, 
          -6.593874543899475, 
          71.84954001440303
        ], 
        [
          -9.204305753860572, 
          4.550323145985523, 
          77.09661029206009
        ], 
        [
          -20.84424043082577, 
          5.1299489955314606, 
          78.11774207296864
        ], 
        [
          -20.930437270091346, 
          -2.3229269114006263, 
          81.36566169775294
        ], 
        [
          -9.290502593126144, 
          -2.902552760946565, 
          80.3445299168444
        ]
      ], 
      "cuboid_centroid": [
        -15.531896871970982, 
        -0.7319627741840067, 
        74.98364104368584
      ], 
      "location": [
        -15.531896871970982, 
        -0.7319627741840067, 
        74.98364104368584
      ], 
      "pose_transform_permuted": [
        [
          -0.09980349191887661, 
          -0.3965411099825213, 
          -0.9125762865652023, 
          0.0
        ], 
        [
          0.9949512197789604, 
          -0.04954490399008896, 
          -0.08728367805882876, 
          0.0
        ], 
        [
          0.010601926600953868, 
          0.9166791265729294, 
          -0.3994833889635956, 
          0.0
        ], 
        [
          -15.531896871970982, 
          -0.7319627741840067, 
          74.98364104368584, 
          1.0
        ]
      ], 
      "projected_cuboid": [
        [
          402.16229102829493, 
          279.9645471344862
        ], 
        [
          313.42083122689104, 
          284.3066146292506
        ], 
        [
          320.2805092361411, 
          229.26997373498628
        ], 
        [
          405.10794963613233, 
          224.34200162768352
        ], 
        [
          417.3952264482552, 
          304.76362153047603
        ], 
        [
          338.10492269508103, 
          308.3093405789618
        ], 
        [
          343.2630863599094, 
          258.06067505258466
        ], 
        [
          419.41364470631044, 
          254.01966032090974
        ]
      ], 
      "projected_cuboid_centroid": [
        370.2061690354825, 
        268.0804680148251
      ], 
      "quaternion_xyzw": [
        0.977778941391802, 
        -0.015378432702137125, 
        -0.04783473085220046, 
        0.20352874899643217
      ], 
      "visibility": 0.8346422338568935
    }, 
    {
      "bounding_box": {
        "bottom_right": [
          321, 
          347
        ], 
        "top_left": [
          260, 
          303
        ]
      }, 
      "class": "061_foam_brick", 
      "cuboid": [
        [
          -25.768669962244182, 
          -2.266221892882106, 
          82.41290277747298
        ], 
        [
          -25.97067078031151, 
          4.4472232689171705, 
          78.47178048952284
        ], 
        [
          -27.60014771637611, 
          6.867568844038514, 
          82.67819981733065
        ], 
        [
          -27.398146898308784, 
          0.1541236822392381, 
          86.61932210528079
        ], 
        [
          -20.787901217212315, 
          -1.3075138694385244, 
          83.79071193530278
        ], 
        [
          -20.98990203527964, 
          5.405931292360752, 
          79.84958964735264
        ], 
        [
          -22.619378971344243, 
          7.826276867482096, 
          84.05600897516045
        ], 
        [
          -22.417378153276918, 
          1.112831705682819, 
          87.99713126311059
        ]
      ], 
      "cuboid_centroid": [
        -24.194024466794215, 
        2.780027487299995, 
        83.23445587631672
      ], 
      "location": [
        -24.194024466794215, 
        2.780027487299995, 
        83.23445587631672
      ], 
      "pose_transform_permuted": [
        [
          -0.9476348373796666, 
          -0.1824025905231476, 
          -0.2621402486358369, 
          0.0
        ], 
        [
          0.025939443724961583, 
          -0.8620907313210258, 
          0.5060896326043626, 
          0.0
        ], 
        [
          0.31830073867908787, 
          -0.4727883944650335, 
          -0.8216786317140804, 
          0.0
        ], 
        [
          -24.194024466794215, 
          2.780027487299995, 
          83.23445587631672, 
          1.0
        ]
      ], 
      "projected_cuboid": [
        [
          313.450298075907, 
          258.62110969833424
        ], 
        [
          303.6210861771702, 
          303.51130470970634
        ], 
        [
          302.07736062531, 
          317.5861110417333
        ], 
        [
          311.4994834950402, 
          274.2354853521931
        ], 
        [
          348.18150283705506, 
          264.9643416934044
        ], 
        [
          340.2361165660288, 
          309.3930356632211
        ], 
        [
          336.8853671717884, 
          322.94279418057226
        ], 
        [
          344.60101966663143, 
          280.0310185445556
        ]
      ], 
      "projected_cuboid_centroid": [
        325.2834887751052, 
        291.0993906651161
      ], 
      "quaternion_xyzw": [
        0.4514674124163795, 
        -0.6536415683262329, 
        -0.24450557926873984, 
        0.5560097997234756
      ], 
      "visibility": 0.6866404715127702
    }
  ]
}