{
  "camera_data": {
    "location_worldframe": [
      -14.120787215469377, 
      1.4975612534258054, 
      85.97641844718179
    ], 
    "quaternion_xyzw_worldframe": [
      0.9021239931911859, 
      0.01986846026499484, 
      0.03361444848460422, 
      -0.4297063921859268
    ]
  }, 
  "objects": [
    {
      "bounding_box": {
        "bottom_right": [
          463, 
          410
        ], 
        "top_left": [
          301, 
          276
        ]
      }, 
      "class": "003_cracker_box", 
      "cuboid": [
        [
          -11.113347028945324, 
          26.04326543957487, 
          76.84525558130882
        ], 
        [
          -24.78981330299911, 
          20.861531916551897, 
          69.41679519989698
        ], 
        [
          -24.82605925053661, 
          3.387373736857863, 
          81.67265213805983
        ], 
        [
          -11.14959297648282, 
          8.569107259880834, 
          89.10111251947168
        ], 
        [
          -15.077732378592806, 
          29.486211195688256, 
          81.74241504929675
        ], 
        [
          -28.754198652646597, 
          24.304477672665286, 
          74.3139546678849
        ], 
        [
          -28.790444600184088, 
          6.83031949297125, 
          86.56981160604776
        ], 
        [
          -15.113978326130303, 
          12.012053015994223, 
          93.99827198745962
        ]
      ], 
      "cuboid_centroid": [
        -19.951895814564708, 
        16.436792466273058, 
        81.70753359367829
      ], 
      "location": [
        -19.951895814564708, 
        16.436792466273058, 
        81.70753359367829
      ], 
      "pose_transform_permuted": [
        [
          0.5521428195583676, 
          -0.47951891900115123, 
          -0.6820556525167893, 
          0.0
        ], 
        [
          0.8337478173374016, 
          0.3158900061078348, 
          0.4528554748772625, 
          0.0
        ], 
        [
          0.001698203537486065, 
          0.8187033103396856, 
          -0.5742142507318899, 
          0.0
        ], 
        [
          -19.951895814564708, 
          16.436792466273058, 
          81.70753359367829, 
          1.0
        ]
      ], 
      "projected_cuboid": [
        [
          403.8257336534479, 
          454.0313785520207
        ], 
        [
          289.55320472222184, 
          433.56278631598104
        ], 
        [
          318.13278797690697, 
          295.4059708894314
        ], 
        [
          414.30441981646754, 
          324.57739824975977
        ], 
        [
          382.40423343092255, 
          465.6661472050816
        ], 
        [
          273.5207600689072, 
          447.7094166925296
        ], 
        [
          302.753372021061, 
          315.36521503220865
        ], 
        [
          395.13001457246435, 
          341.4395260318369
        ]
      ], 
      "projected_cuboid_centroid": [
        350.28222964434485, 
        380.5724016127613
      ], 
      "quaternion_xyzw": [
        0.9130315958653725, 
        0.08602982744330914, 
        0.27518168565762813, 
        0.28852593231845153
      ], 
      "visibility": 0.9106917483021816
    }, 
    {
      "bounding_box": {
        "bottom_right": [
          435, 
          318
        ], 
        "top_left": [
          315, 
          235
        ]
      }, 
      "class": "004_sugar_box", 
      "cuboid": [
        [
          -25.64467919096286, 
          22.547016491875375, 
          77.84003957468003
        ], 
        [
          -34.01460566575598, 
          20.468588499777947, 
          74.44670642889133
        ], 
        [
          -34.71159711472324, 
          6.268173449457054, 
          84.8636822541746
        ], 
        [
          -26.341670639930122, 
          8.346601441554478, 
          88.25701539996331
        ], 
        [
          -27.574360293481597, 
          25.021491243742034, 
          81.08412478246238
        ], 
        [
          -35.94428676827472, 
          22.943063251644606, 
          77.69079163667368
        ], 
        [
          -36.64127821724198, 
          8.742648201323714, 
          88.10776746195695
        ], 
        [
          -28.271351742448857, 
          10.821076193421138, 
          91.50110060774566
        ]
      ], 
      "cuboid_centroid": [
        -31.14297870410242, 
        15.644832346599543, 
        82.9739035183185
      ], 
      "location": [
        -31.14297870410242, 
        15.644832346599543, 
        82.9739035183185
      ], 
      "pose_transform_permuted": [
        [
          0.427544881740433, 
          -0.5482506999605369, 
          -0.7187674816874187, 
          0.0
        ], 
        [
          0.903128748060553, 
          0.2242657777329342, 
          0.36614619315210656, 
          0.0
        ], 
        [
          0.039544942246047605, 
          0.8056836190270449, 
          -0.5910240477120282, 
          0.0
        ], 
        [
          -31.14297870410242, 
          15.644832346599543, 
          82.9739035183185, 
          1.0
        ]
      ], 
      "projected_cuboid": [
        [
          304.4287917865116, 
          427.7670020575526
        ], 
        [
          235.89337198384672, 
          419.9189359805342
        ], 
        [
          261.63668753546773, 
          312.6784140173639
        ], 
        [
          321.09308451402575, 
          323.7233897323428
        ], 
        [
          298.7191158622677, 
          437.8619257806413
        ], 
        [
          232.7961023017053, 
          430.7824866294905
        ], 
        [
          257.9577514775534, 
          326.2061116904746
        ], 
        [
          315.4426119272454, 
          336.35782134969276
        ]
      ], 
      "projected_cuboid_centroid": [
        279.75561480169637, 
        373.84460638698937
      ], 
      "quaternion_xyzw": [
        0.9256862115175715, 
        0.04988754104483607, 
        0.21435208416666407, 
        0.3076838386208746
      ], 
      "visibility": 0.5649530127142067
    }, 
    {
      "bounding_box": {
        "bottom_right": [
          338, 
          299
        ], 
        "top_left": [
          259, 
          172
        ]
      }, 
      "class": "024_bowl", 
      "cuboid": [
        [
          -41.453546556274176, 
          0.6723485668602647, 
          66.25164840062104
        ], 
        [
          -40.52746669368731, 
          10.416169911385499, 
          79.05550184713664
        ], 
        [
          -40.70130185604139, 
          6.046938576268698, 
          82.39309040702246
        ], 
        [
          -41.62738171862826, 
          -3.696882768256536, 
          69.58923696050685
        ], 
        [
          -25.342003292895072, 
          -0.2959470332968166, 
          65.82320891107932
        ], 
        [
          -24.415923430308204, 
          9.447874311228418, 
          78.62706235759494
        ], 
        [
          -24.589758592662285, 
          5.078642976111617, 
          81.96465091748075
        ], 
        [
          -25.515838455249153, 
          -4.665178368413618, 
          69.16079747096514
        ]
      ], 
      "cuboid_centroid": [
        -33.02165257446823, 
        2.8754957714859404, 
        74.1081496590509
      ], 
      "location": [
        -33.02165257446823, 
        2.8754957714859404, 
        74.1081496590509
      ], 
      "pose_transform_permuted": [
        [
          -0.9978474263344254, 
          0.05997012556480864, 
          0.02653484119990921, 
          0.0
        ], 
        [
          -0.05746195652190218, 
          -0.6045904474073076, 
          -0.7944611472290553, 
          0.0
        ], 
        [
          0.031601223242753405, 
          0.7942757549765527, 
          -0.6067350226795786, 
          0.0
        ], 
        [
          -33.02165257446823, 
          2.8754957714859404, 
          74.1081496590509, 
          1.0
        ]
      ], 
      "projected_cuboid": [
        [
          145.11901477558771, 
          278.69888116202054
        ], 
        [
          205.91463318449524, 
          343.555491635306
        ], 
        [
          215.94741924545798, 
          312.42757207817635
        ], 
        [
          159.9135872470786, 
          244.9542834099691
        ], 
        [
          274.5573678156243, 
          270.8886854450782
        ], 
        [
          314.6061541535773, 
          337.37053448891766
        ], 
        [
          320.265480055901, 
          306.3317559476751
        ], 
        [
          283.1971039809271, 
          237.3119530454257
        ]
      ], 
      "projected_cuboid_centroid": [
        241.97623595961605, 
        293.9800543263273
      ], 
      "quaternion_xyzw": [
        -0.6538881703423646, 
        0.24323412607272038, 
        0.6852504200470008, 
        -0.2090437332841231
      ], 
      "visibility": 0.7305876180482687
    }, 
    {
      "bounding_box": {
        "bottom_right": [
          316, 
          432
        ], 
        "top_left": [
          234, 
          341
        ]
      }, 
      "class": "025_mug", 
      "cuboid": [
        [
          -6.394426654004734, 
          0.8348573873265942, 
          64.08315669742804
        ], 
        [
          -18.029791792435372, 
          2.0009422593535087, 
          64.43710540851943
        ], 
        [
          -18.62608661616062, 
          -5.123894346952763, 
          68.30788141404129
        ], 
        [
          -6.990721477729981, 
          -6.289979218979677, 
          67.9539327029499
        ], 
        [
          -5.705881980510809, 
          5.221946502207195, 
          72.26442802399437
        ], 
        [
          -17.341247118941446, 
          6.38803137423411, 
          72.61837673508576
        ], 
        [
          -17.937541942666694, 
          -0.7368052320721621, 
          76.48915274060764
        ], 
        [
          -6.302176804236054, 
          -1.9028901040990764, 
          76.13520402951625
        ]
      ], 
      "cuboid_centroid": [
        -12.165984298335713, 
        0.049026077627216044, 
        70.28615471901783
      ], 
      "location": [
        -12.165984298335713, 
        0.049026077627216044, 
        70.28615471901783
      ], 
      "pose_transform_permuted": [
        [
          -0.07396707335587964, 
          -0.4712840791179497, 
          -0.8788749948289676, 
          0.0
        ], 
        [
          0.9945606275578728, 
          -0.09967388975858595, 
          -0.030254611525997732, 
          0.0
        ], 
        [
          0.07334229430601441, 
          0.8763313758074063, 
          -0.4760926670737835, 
          0.0
        ], 
        [
          -12.165984298335713, 
          0.049026077627216044, 
          70.28615471901783, 
          1.0
        ]
      ], 
      "projected_cuboid": [
        [
          427.93721921299493, 
          280.2344758915264
        ], 
        [
          331.12827921244985, 
          289.84751918849696
        ], 
        [
          334.96041506363247, 
          233.28129787208374
        ], 
        [
          426.27490716870415, 
          223.92119646565595
        ], 
        [
          439.1360948364237, 
          311.8250888016874
        ], 
        [
          353.1791789766001, 
          320.20113980762426
        ], 
        [
          355.4855319855827, 
          268.149173464147
        ], 
        [
          437.0830501006345, 
          259.95698078020706
        ]
      ], 
      "projected_cuboid_centroid": [
        388.5143186943471, 
        273.65853965643356
      ], 
      "quaternion_xyzw": [
        0.9682157556808099, 
        -0.044673974537561216, 
        -0.026910759371136482, 
        0.24461922371981454
      ], 
      "visibility": 0.8647940074906367
    }, 
    {
      "bounding_box": {
        "bottom_right": [
          338, 
          358
        ], 
        "top_left": [
          272, 
          313
        ]
      }, 
      "class": "061_foam_brick", 
      "cuboid": [
        [
          -22.812828845345916, 
          -0.38020283231932905, 
          77.27179218343514
        ], 
        [
          -22.50534049788518, 
          5.959656106432383, 
          72.76011458940548
        ], 
        [
          -24.22107731109585, 
          8.811164022811026, 
          76.65015072550429
        ], 
        [
          -24.528565658556587, 
          2.471305084059315, 
          81.16182831953395
        ], 
        [
          -17.86516269753708, 
          0.48266198851280306, 
          78.82150197300797
        ], 
        [
          -17.55767435007634, 
          6.822520927264514, 
          74.30982437897832
        ], 
        [
          -19.27341116328701, 
          9.674028843643159, 
          78.19986051507712
        ], 
        [
          -19.580899510747752, 
          3.3341699048914464, 
          82.71153810910678
        ]
      ], 
      "cuboid_centroid": [
        -21.043120004316464, 
        4.646913005661914, 
        77.73582634925613
      ], 
      "location": [
        -21.043120004316464, 
        4.646913005661914, 
        77.73582634925613
      ], 
      "pose_transform_permuted": [
        [
          -0.9413367785975599, 
          -0.16416758256152697, 
          -0.29484584802142416, 
          0.0
        ], 
        [
          -0.03948536823440356, 
          -0.8141175651631869, 
          0.579356104471298, 
          0.0
        ], 
        [
          0.3351506750029934, 
          -0.5570113059253541, 
          -0.7598765887408097, 
          0.0
        ], 
        [
          -21.043120004316464, 
          4.646913005661914, 
          77.73582634925613, 
          1.0
        ]
      ], 
      "projected_cuboid": [
        [
          322.83384967666973, 
          270.6624288424667
        ], 
        [
          315.26194996472424, 
          316.96982969231294
        ], 
        [
          311.66623755631554, 
          334.593218782711
        ], 
        [
          319.0751016557721, 
          289.52564230681224
        ], 
        [
          359.71101731816486, 
          276.5523104430455
        ], 
        [
          354.5360030729419, 
          322.2515846292168
        ], 
        [
          349.0578681881676, 
          339.2629859762839
        ], 
        [
          354.2883110483429, 
          294.7850875737889
        ]
      ], 
      "projected_cuboid_centroid": [
        336.0241294103048, 
        305.1674585762403
      ], 
      "quaternion_xyzw": [
        0.4178364434385979, 
        -0.6876304462029698, 
        -0.2165803628492351, 
        0.5528743278697082
      ], 
      "visibility": 0.7864450127877238
    }
  ]
}