{
  "camera_data": {
    "location_worldframe": [
      -9.377330835827857, 
      8.775669226789502, 
      85.34965470393162
    ], 
    "quaternion_xyzw_worldframe": [
      0.9342981648558202, 
      -0.04918298071978837, 
      0.19632531791324395, 
      -0.29347565248972035
    ]
  }, 
  "objects": [
    {
      "bounding_box": {
        "bottom_right": [
          514, 
          493
        ], 
        "top_left": [
          360, 
          340
        ]
      }, 
      "class": "003_cracker_box", 
      "cuboid": [
        [
          2.5554943568115567, 
          28.205103698178824, 
          72.12013952729772
        ], 
        [
          -10.316736387466294, 
          24.493275225259943, 
          62.65408856922377
        ], 
        [
          -17.970384081002166, 
          11.822467983694246, 
          78.03023463957295
        ], 
        [
          -5.098153336724316, 
          15.53429645661313, 
          87.4962855976469
        ], 
        [
          -1.0746872777518832, 
          33.749857312769684, 
          74.88236438934328
        ], 
        [
          -13.946918022029736, 
          30.038028839850796, 
          65.41631343126933
        ], 
        [
          -21.600565715565605, 
          17.367221598285102, 
          80.79245950161851
        ], 
        [
          -8.728334971287756, 
          21.079050071203987, 
          90.25851045969246
        ]
      ], 
      "cuboid_centroid": [
        -9.522535679377025, 
        22.786162648231965, 
        76.45629951445811
      ], 
      "location": [
        -9.522535679377025, 
        22.786162648231965, 
        76.45629951445811
      ], 
      "pose_transform_permuted": [
        [
          0.5055963400215605, 
          -0.7722498255092374, 
          -0.38471099276957893, 
          0.0
        ], 
        [
          0.7847198298339362, 
          0.22628132337796095, 
          0.5770715305364812, 
          0.0
        ], 
        [
          0.3585904762011966, 
          0.5936555985512736, 
          -0.7204067605780278, 
          0.0
        ], 
        [
          -9.522535679377025, 
          22.786162648231965, 
          76.45629951445811, 
          1.0
        ]
      ], 
      "projected_cuboid": [
        [
          500.65211977860366, 
          481.8598192618754
        ], 
        [
          393.04786605672194, 
          481.7764168055333
        ], 
        [
          357.74987077250586, 
          354.09052026140614
        ], 
        [
          450.26312843756943, 
          367.97335187883255
        ], 
        [
          473.87925526789496, 
          513.6563497644283
        ], 
        [
          366.94446521407014, 
          518.1775778438939
        ], 
        [
          337.8211885548506, 
          387.92940738749377
        ], 
        [
          429.5932806649879, 
          397.8384515944855
        ]
      ], 
      "projected_cuboid_centroid": [
        414.61923890383576, 
        432.2310179366409
      ], 
      "quaternion_xyzw": [
        0.8311267083235245, 
        -0.03979812930392947, 
        0.3256626997169612, 
        0.44898586796053036
      ], 
      "visibility": 0.9302523390983839
    }, 
    {
      "bounding_box": {
        "bottom_right": [
          520, 
          383
        ], 
        "top_left": [
          396, 
          290
        ]
      }, 
      "class": "004_sugar_box", 
      "cuboid": [
        [
          -12.257059934952407, 
          28.687926718257394, 
          69.94537620057586
        ], 
        [
          -20.033289227294535, 
          27.762564593034067, 
          64.98914730350023
        ], 
        [
          -26.96588174520408, 
          17.75544520436398, 
          77.73464425526232
        ], 
        [
          -19.189652452861953, 
          18.680807329587314, 
          82.69087315233797
        ], 
        [
          -13.953372079652382, 
          32.375868206907775, 
          71.91829180303593
        ], 
        [
          -21.72960137199451, 
          31.45050608168445, 
          66.96206290596028
        ], 
        [
          -28.662193889904053, 
          21.443386693014364, 
          79.7075598577224
        ], 
        [
          -20.885964597561927, 
          22.368748818237695, 
          84.66378875479803
        ]
      ], 
      "cuboid_centroid": [
        -20.45962691242823, 
        25.06565670563588, 
        74.82646802914913
      ], 
      "location": [
        -20.45962691242823, 
        25.06565670563588, 
        74.82646802914913
      ], 
      "pose_transform_permuted": [
        [
          0.3758390826100597, 
          -0.8171093687825309, 
          -0.4371240236724305, 
          0.0
        ], 
        [
          0.8390678516203252, 
          0.09984808590284021, 
          0.5347851994157562, 
          0.0
        ], 
        [
          0.3933318997561947, 
          0.56777017689474, 
          -0.7231364769272582, 
          0.0
        ], 
        [
          -20.45962691242823, 
          25.06565670563588, 
          74.82646802914913, 
          1.0
        ]
      ], 
      "projected_cuboid": [
        [
          387.3605926521406, 
          492.0262739083889
        ], 
        [
          315.82812840772095, 
          501.1141059809537
        ], 
        [
          295.0485738910122, 
          395.10257928619075
        ], 
        [
          356.80089498800953, 
          393.769488499588
        ], 
        [
          377.26170123619283, 
          513.3740609748984
        ], 
        [
          307.0893369255817, 
          523.774203177194
        ], 
        [
          288.2214774574715, 
          416.7632429929752
        ], 
        [
          348.9344467082125, 
          414.1931991557085
        ]
      ], 
      "projected_cuboid_centroid": [
        334.5575059452924, 
        451.9399735672651
      ], 
      "quaternion_xyzw": [
        0.8432025338237984, 
        -0.08701462640370901, 
        0.2699897846298771, 
        0.45666544629704886
      ], 
      "visibility": 0.6776935446818286
    }, 
    {
      "bounding_box": {
        "bottom_right": [
          417, 
          358
        ], 
        "top_left": [
          317, 
          223
        ]
      }, 
      "class": "024_bowl", 
      "cuboid": [
        [
          -31.299770953415944, 
          8.793568296297938, 
          59.73246408741611
        ], 
        [
          -30.02289434173693, 
          21.30623002665557, 
          69.80923062862144
        ], 
        [
          -32.143879622483624, 
          18.255779324696114, 
          73.86583887594935
        ], 
        [
          -33.42075623416264, 
          5.743117594338486, 
          63.789072334744034
        ], 
        [
          -16.45695502278606, 
          3.9576826076682075, 
          63.85654070517732
        ], 
        [
          -15.180078411107045, 
          16.47034433802584, 
          73.93330724638264
        ], 
        [
          -17.30106369185374, 
          13.419893636066385, 
          77.98991549371055
        ], 
        [
          -18.57794030353276, 
          0.9072319057087539, 
          67.91314895250524
        ]
      ], 
      "cuboid_centroid": [
        -24.300417322634843, 
        11.10673096618216, 
        68.86118979056334
      ], 
      "location": [
        -24.300417322634843, 
        11.10673096618216, 
        68.86118979056334
      ], 
      "pose_transform_permuted": [
        [
          -0.9192704531042131, 
          0.29950427526174817, 
          -0.25541930848999994, 
          0.0
        ], 
        [
          -0.0792284027634293, 
          -0.7763931096770146, 
          -0.6252492298608701, 
          0.0
        ], 
        [
          0.38557060863754977, 
          0.5545366789906601, 
          -0.7374444910695849, 
          0.0
        ], 
        [
          -24.300417322634843, 
          11.10673096618216, 
          68.86118979056334, 
          1.0
        ]
      ], 
      "projected_cuboid": [
        [
          199.8090859271614, 
          351.79965894536036
        ], 
        [
          250.32060117944917, 
          436.0591343049034
        ], 
        [
          247.58061281354486, 
          405.09529786382564
        ], 
        [
          199.84849534491255, 
          321.30286694515326
        ], 
        [
          343.00581194325736, 
          306.3404681714584
        ], 
        [
          371.18269348294893, 
          392.09573919528935
        ], 
        [
          362.3010105730423, 
          365.0559934921956
        ], 
        [
          334.48935911389225, 
          280.4109984026496
        ]
      ], 
      "projected_cuboid_centroid": [
        291.82558687701356, 
        359.30650288901313
      ], 
      "quaternion_xyzw": [
        0.6577856004651574, 
        -0.4416194720182663, 
        -0.5870148578324251, 
        0.1664448930997214
      ], 
      "visibility": 0.7855424006160362
    }, 
    {
      "bounding_box": {
        "bottom_right": [
          339, 
          487
        ], 
        "top_left": [
          254, 
          399
        ]
      }, 
      "class": "025_mug", 
      "cuboid": [
        [
          1.9188386144651661, 
          0.0198521691286032, 
          67.0415887010425
        ], 
        [
          -8.669400158927147, 
          3.95816190569107, 
          64.0009191004464
        ], 
        [
          -12.113138409252663, 
          -1.3952573522453733, 
          69.05891674578861
        ], 
        [
          -1.5248996358603508, 
          -5.333567088807841, 
          72.09958634638471
        ], 
        [
          2.2752702156990385, 
          6.285969662279636, 
          73.91636675301376
        ], 
        [
          -8.312968557693273, 
          10.224279398842102, 
          70.87569715241766
        ], 
        [
          -11.75670680801879, 
          4.87086014090566, 
          75.93369479775987
        ], 
        [
          -1.168468034626477, 
          0.9325504043431925, 
          78.97436439835597
        ]
      ], 
      "cuboid_centroid": [
        -4.9189340967768125, 
        2.4453561550171314, 
        71.48764174940119
      ], 
      "location": [
        -4.9189340967768125, 
        2.4453561550171314, 
        71.48764174940119
      ], 
      "pose_transform_permuted": [
        [
          -0.03828974852283439, 
          -0.6731391442193059, 
          -0.7385246477838531, 
          0.0
        ], 
        [
          0.9050550003296259, 
          -0.336636431819032, 
          0.25990849708502506, 
          0.0
        ], 
        [
          0.42356843329673166, 
          0.6584528913166829, 
          -0.622117008472886, 
          0.0
        ], 
        [
          -4.9189340967768125, 
          2.4453561550171314, 
          71.48764174940119, 
          1.0
        ]
      ], 
      "projected_cuboid": [
        [
          496.98874438082703, 
          273.44446309582844
        ], 
        [
          408.75293612956773, 
          306.2698964603035
        ], 
        [
          387.2716686157419, 
          262.5114186401468
        ], 
        [
          470.22340947405036, 
          233.83422041954728
        ], 
        [
          498.1503509695417, 
          318.64091438518017
        ], 
        [
          418.52304583457305, 
          350.2213498604574
        ], 
        [
          398.33582511791195, 
          307.49697785205495
        ], 
        [
          473.6405623395509, 
          279.5841181736824
        ]
      ], 
      "projected_cuboid_centroid": [
        444.59450896543797, 
        291.5296397733566
      ], 
      "quaternion_xyzw": [
        0.908574782204272, 
        -0.20917509488636926, 
        0.060979776487007094, 
        0.3563977831163774
      ], 
      "visibility": 0.8793070626308775
    }, 
    {
      "bounding_box": {
        "bottom_right": [
          383, 
          414
        ], 
        "top_left": [
          319, 
          360
        ]
      }, 
      "class": "061_foam_brick", 
      "cuboid": [
        [
          -16.35669787835055, 
          6.581473086835215, 
          75.28370329488847
        ], 
        [
          -13.292212088170082, 
          11.090157934276828, 
          69.72274268112795
        ], 
        [
          -14.802162764708768, 
          15.263507658762085, 
          72.27429757591078
        ], 
        [
          -17.86664855488923, 
          10.754822811320471, 
          77.8352581896713
        ], 
        [
          -11.780215072284808, 
          6.657621146777387, 
          77.86741052285622
        ], 
        [
          -8.715729282104345, 
          11.166305994219, 
          72.30644990909569
        ], 
        [
          -10.225679958643028, 
          15.339655718704256, 
          74.85800480387852
        ], 
        [
          -13.290165748823494, 
          10.830970871262645, 
          80.41896541763904
        ]
      ], 
      "cuboid_centroid": [
        -13.291188918496788, 
        10.960564402769736, 
        75.0708540493835
      ], 
      "location": [
        -13.291188918496788, 
        10.960564402769736, 
        75.0708540493835
      ], 
      "pose_transform_permuted": [
        [
          -0.8707158998342934, 
          -0.01448783472873641, 
          -0.49157290855032876, 
          0.0
        ], 
        [
          -0.3935184889886728, 
          -0.5789717981974603, 
          0.7140972312760157, 
          0.0
        ], 
        [
          0.29495257347551473, 
          -0.8152188415001658, 
          -0.4984187194150107, 
          0.0
        ], 
        [
          -13.291188918496788, 
          10.960564402769736, 
          75.0708540493835, 
          1.0
        ]
      ], 
      "projected_cuboid": [
        [
          364.75845484331234, 
          319.9105526048151
        ], 
        [
          379.0756664257313, 
          358.1167982289514
        ], 
        [
          371.4601215613126, 
          385.9175536443778
        ], 
        [
          358.15634396974514, 
          346.97753293947716
        ], 
        [
          400.24113668738727, 
          318.8850715793711
        ], 
        [
          416.7756651669464, 
          355.647235621622
        ], 
        [
          408.13795469430966, 
          382.5726299006839
        ], 
        [
          392.72533476378237, 
          345.11497845442875
        ]
      ], 
      "projected_cuboid_centroid": [
        386.38670757438985, 
        351.15275800286116
      ], 
      "quaternion_xyzw": [
        -0.2659114411140908, 
        0.8216310362685867, 
        0.14724701944197244, 
        -0.48221557522573977
      ], 
      "visibility": 0.9639703285058283
    }
  ]
}