{
  "camera_data": {
    "location_worldframe": [
      -10.383535681843137, 
      6.734323017384555, 
      87.14638667980076
    ], 
    "quaternion_xyzw_worldframe": [
      0.9374672456032619, 
      -0.04217022415788377, 
      0.1839718603103787, 
      -0.29245849560559684
    ]
  }, 
  "objects": [
    {
      "bounding_box": {
        "bottom_right": [
          492, 
          481
        ], 
        "top_left": [
          343, 
          335
        ]
      }, 
      "class": "003_cracker_box", 
      "cuboid": [
        [
          0.8816588176663642, 
          26.327832411938175, 
          73.57787084018109
        ], 
        [
          -12.101601360605391, 
          22.304562691197958, 
          64.39493168190316
        ], 
        [
          -19.18320046330892, 
          9.566498045491773, 
          79.98807794482248
        ], 
        [
          -6.199940285037167, 
          13.589767766231986, 
          89.1710171031004
        ], 
        [
          -2.8037330969099328, 
          31.813209239620583, 
          76.38516936888145
        ], 
        [
          -15.786993275181688, 
          27.78993951888037, 
          67.20223021060352
        ], 
        [
          -22.868592377885218, 
          15.051874873174182, 
          82.79537647352284
        ], 
        [
          -9.885332199613464, 
          19.075144593914395, 
          91.97831563180077
        ]
      ], 
      "cuboid_centroid": [
        -10.993466780109427, 
        20.689853642556177, 
        78.18662365685196
      ], 
      "location": [
        -10.993466780109427, 
        20.689853642556177, 
        78.18662365685196
      ], 
      "pose_transform_permuted": [
        [
          0.5132857942461899, 
          -0.7639800778312368, 
          -0.3909886623701966, 
          0.0
        ], 
        [
          0.7914884311961349, 
          0.24526747487328457, 
          0.5598124052322924, 
          0.0
        ], 
        [
          0.3317887229966373, 
          0.5968067580433893, 
          -0.730573703910838, 
          0.0
        ], 
        [
          -10.993466780109427, 
          20.689853642556177, 
          78.18662365685196, 
          1.0
        ]
      ], 
      "projected_cuboid": [
        [
          488.0409140154359, 
          464.12039125008295
        ], 
        [
          380.53623093318794, 
          458.0131890794648
        ], 
        [
          352.6274123630308, 
          337.07105288812824
        ], 
        [
          444.2070638545856, 
          354.56506901018486
        ], 
        [
          461.8583320275188, 
          495.40566962955984
        ], 
        [
          355.26678353992975, 
          493.82860800074377
        ], 
        [
          333.06333880362484, 
          370.24194751293965
        ], 
        [
          423.80109921275306, 
          383.8903046831432
        ]
      ], 
      "projected_cuboid_centroid": [
        405.98450791628915, 
        414.4143115626015
      ], 
      "quaternion_xyzw": [
        0.833559213794935, 
        -0.025949340698139634, 
        0.3218422223998344, 
        0.4482446348765788
      ], 
      "visibility": 0.9319072009641458
    }, 
    {
      "bounding_box": {
        "bottom_right": [
          495, 
          373
        ], 
        "top_left": [
          378, 
          286
        ]
      }, 
      "class": "004_sugar_box", 
      "cuboid": [
        [
          -13.978611356481984, 
          26.499212768766345, 
          71.70277354721148
        ], 
        [
          -21.83323346694905, 
          25.38961463235183, 
          66.91070244720551
        ], 
        [
          -28.301477664625452, 
          15.314748002210393, 
          79.84553330848613
        ], 
        [
          -20.44685555415839, 
          16.424346138624905, 
          84.63760440849212
        ], 
        [
          -15.709190544473156, 
          30.162923917071655, 
          73.69101387128477
        ], 
        [
          -23.563812654940218, 
          29.05332578065714, 
          68.89894277127878
        ], 
        [
          -30.032056852616623, 
          18.9784591505157, 
          81.83377363255941
        ], 
        [
          -22.177434742149558, 
          20.088057286930212, 
          86.6258447325654
        ]
      ], 
      "cuboid_centroid": [
        -22.005334104549306, 
        22.738835959641023, 
        76.76827358988545
      ], 
      "location": [
        -22.005334104549306, 
        22.738835959641023, 
        76.76827358988545
      ], 
      "pose_transform_permuted": [
        [
          0.38343137283480494, 
          -0.8117408350989893, 
          -0.440519406609681, 
          0.0
        ], 
        [
          0.8475265648364244, 
          0.11972745266142025, 
          0.5170723047806146, 
          0.0
        ], 
        [
          0.3669863433897901, 
          0.5716139267072856, 
          -0.733878643891031, 
          0.0
        ], 
        [
          -22.005334104549306, 
          22.738835959641023, 
          76.76827358988545, 
          1.0
        ]
      ], 
      "projected_cuboid": [
        [
          376.758806443751, 
          470.38559578701114
        ], 
        [
          306.1224899702175, 
          475.6574322832244
        ], 
        [
          290.9850748077612, 
          375.5797368928126
        ], 
        [
          351.6833827282566, 
          376.7798433239854
        ], 
        [
          366.95843163459614, 
          491.58286972649285
        ], 
        [
          297.67885411966785, 
          498.17689147369055
        ], 
        [
          284.2438390131453, 
          396.9712157628902
        ], 
        [
          343.9219162801483, 
          396.9604181272322
        ]
      ], 
      "projected_cuboid_centroid": [
        327.4490554990763, 
        431.2563078967846
      ], 
      "quaternion_xyzw": [
        0.8455264481601671, 
        -0.07310797056271735, 
        0.2662553251808033, 
        0.4569991519346404
      ], 
      "visibility": 0.6673694654595064
    }, 
    {
      "bounding_box": {
        "bottom_right": [
          395, 
          351
        ], 
        "top_left": [
          297, 
          219
        ]
      }, 
      "class": "024_bowl", 
      "cuboid": [
        [
          -32.8161155905727, 
          6.168137991739597, 
          61.98124165815963
        ], 
        [
          -31.589891394435092, 
          18.759328448268743, 
          71.96606206185145
        ], 
        [
          -33.56585176633027, 
          15.689009077768157, 
          76.08050225346278
        ], 
        [
          -34.79207596246788, 
          3.09781862123901, 
          66.09568184977097
        ], 
        [
          -17.797613700084728, 
          1.6560037110306278, 
          65.82678821118417
        ], 
        [
          -16.571389503947113, 
          14.247194167559773, 
          75.81160861487596
        ], 
        [
          -18.547349875842286, 
          11.176874797059186, 
          79.9260488064873
        ], 
        [
          -19.7735740719799, 
          -1.4143156594699584, 
          69.9412284027955
        ]
      ], 
      "cuboid_centroid": [
        -25.681732733207497, 
        8.672506394399392, 
        70.95364523232347
      ], 
      "location": [
        -25.681732733207497, 
        8.672506394399392, 
        70.95364523232347
      ], 
      "pose_transform_permuted": [
        [
          -0.9301513339746361, 
          0.2794531539082668, 
          -0.2381689120685724, 
          0.0
        ], 
        [
          -0.07608549142591332, 
          -0.7812657069888524, 
          -0.6195441009949864, 
          0.0
        ], 
        [
          0.3592067564783298, 
          0.5581485732794907, 
          -0.7479576700899502, 
          0.0
        ], 
        [
          -25.681732733207497, 
          8.672506394399392, 
          70.95364523232347, 
          1.0
        ]
      ], 
      "projected_cuboid": [
        [
          196.87663276269382, 
          326.36047930128626
        ], 
        [
          245.54265077658278, 
          412.30647240556294
        ], 
        [
          244.34170441318426, 
          383.26551464286746
        ], 
        [
          198.52371188992993, 
          298.2825330235036
        ], 
        [
          336.2016076025063, 
          286.70325225379696
        ], 
        [
          364.0491478372884, 
          373.5127143365745
        ], 
        [
          356.80549566598927, 
          347.86605613521976
        ], 
        [
          329.56204080041095, 
          262.502022821979
        ]
      ], 
      "projected_cuboid_centroid": [
        286.95292172657395, 
        338.473005571167
      ], 
      "quaternion_xyzw": [
        0.6557880743659017, 
        -0.43477173039854927, 
        -0.5907760050638549, 
        0.1786036276409465
      ], 
      "visibility": 0.7787548715898871
    }, 
    {
      "bounding_box": {
        "bottom_right": [
          323, 
          478
        ], 
        "top_left": [
          239, 
          392
        ]
      }, 
      "class": "025_mug", 
      "cuboid": [
        [
          0.715049770370127, 
          -1.8920664774282066, 
          68.65696697309917
        ], 
        [
          -10.010444159170627, 
          1.8146411638326765, 
          65.81252432944068
        ], 
        [
          -13.241534086483675, 
          -3.579363137617997, 
          70.96679891912204
        ], 
        [
          -2.516040156942921, 
          -7.286070778878881, 
          73.81124156278055
        ], 
        [
          1.0832715617203532, 
          4.417722791495361, 
          75.49105925242561
        ], 
        [
          -9.6422223678204, 
          8.124430432756244, 
          72.64661660876712
        ], 
        [
          -12.873312295133449, 
          2.730426131305571, 
          77.80089119844848
        ], 
        [
          -2.147818365592695, 
          -0.976281509955312, 
          80.64533384210698
        ]
      ], 
      "cuboid_centroid": [
        -6.079131262381661, 
        0.41917982693868217, 
        73.22892908577383
      ], 
      "location": [
        -6.079131262381661, 
        0.41917982693868217, 
        73.22892908577383
      ], 
      "pose_transform_permuted": [
        [
          -0.039556312466740545, 
          -0.677830594994398, 
          -0.7341539690964559, 
          0.0
        ], 
        [
          0.9167872126504641, 
          -0.31683968951602853, 
          0.2431355292310954, 
          0.0
        ], 
        [
          0.39741339174760854, 
          0.6634447176539422, 
          -0.6339587547125943, 
          0.0
        ], 
        [
          -6.079131262381661, 
          0.41917982693868217, 
          73.22892908577383, 
          1.0
        ]
      ], 
      "projected_cuboid": [
        [
          487.1977831297775, 
          258.58917878306755
        ], 
        [
          399.8002268469385, 
          287.99169750784955
        ], 
        [
          381.25690044922607, 
          246.38741774990086
        ], 
        [
          463.2660420845528, 
          220.64138328041253
        ], 
        [
          489.3138036905951, 
          304.4963011117661
        ], 
        [
          410.22085802701764, 
          332.9303046723898
        ], 
        [
          392.61602999536467, 
          292.00341517649406
        ], 
        [
          467.2748587741458, 
          266.830243201052
        ]
      ], 
      "projected_cuboid_centroid": [
        436.9543562707706, 
        276.3393862665008
      ], 
      "quaternion_xyzw": [
        0.9102727475049528, 
        -0.19616457902903184, 
        0.0559115982880854, 
        0.3602737073318387
      ], 
      "visibility": 0.8774940143655228
    }, 
    {
      "bounding_box": {
        "bottom_right": [
          364, 
          406
        ], 
        "top_left": [
          304, 
          355
        ]
      }, 
      "class": "061_foam_brick", 
      "cuboid": [
        [
          -17.519295045330548, 
          4.344138661035767, 
          77.23600777622933
        ], 
        [
          -14.660321962609265, 
          8.88316330569728, 
          71.59091049212573
        ], 
        [
          -16.202762055903637, 
          13.039123456484198, 
          74.15139972920528
        ], 
        [
          -19.061735138624915, 
          8.500098811822681, 
          79.79649701330888
        ], 
        [
          -12.893907885465271, 
          4.526983725564755, 
          79.72556551704034
        ], 
        [
          -10.034934802743992, 
          9.06600837022627, 
          74.08046823293672
        ], 
        [
          -11.57737489603836, 
          13.221968521013183, 
          76.64095747001628
        ], 
        [
          -14.436347978759642, 
          8.68294387635167, 
          82.28605475411989
        ]
      ], 
      "cuboid_centroid": [
        -14.548334970684454, 
        8.783053591024476, 
        76.93848262312281
      ], 
      "location": [
        -14.548334970684454, 
        8.783053591024476, 
        76.93848262312281
      ], 
      "pose_transform_permuted": [
        [
          -0.8800203810765121, 
          -0.03478787349110188, 
          -0.47366014477462387, 
          0.0
        ], 
        [
          -0.3671280745294345, 
          -0.5828678094618804, 
          0.7249014371522648, 
          0.0
        ], 
        [
          0.3012990305033531, 
          -0.8118219758980882, 
          -0.5001639467881143, 
          0.0
        ], 
        [
          -14.548334970684454, 
          8.783053591024476, 
          76.93848262312281, 
          1.0
        ]
      ], 
      "projected_cuboid": [
        [
          359.6170915742307, 
          303.2830938191425
        ], 
        [
          371.4742394461533, 
          339.4620471189643
        ], 
        [
          364.09069087184, 
          367.06790842251604
        ], 
        [
          353.1363514214502, 
          330.0969159417452
        ], 
        [
          394.6252218070497, 
          303.5695351340202
        ], 
        [
          408.75159462638703, 
          338.5544813458304
        ], 
        [
          400.36249368474984, 
          365.29393158801275
        ], 
        [
          387.251210442306, 
          329.5631941253181
        ]
      ], 
      "projected_cuboid_centroid": [
        379.91101032453696, 
        334.1686131203494
      ], 
      "quaternion_xyzw": [
        -0.27143603958718393, 
        0.8143417886861367, 
        0.14286878057917562, 
        -0.49270522541222095
      ], 
      "visibility": 0.9715801439939371
    }
  ]
}