{
  "camera_data": {
    "location_worldframe": [
      -16.53628716095479, 
      -0.27063522850606925, 
      89.86734697085666
    ], 
    "quaternion_xyzw_worldframe": [
      0.8857498861978297, 
      0.0260733094594813, 
      0.011940152185646893, 
      -0.4632755094600877
    ]
  }, 
  "objects": [
    {
      "bounding_box": {
        "bottom_right": [
          440, 
          399
        ], 
        "top_left": [
          288, 
          268
        ]
      }, 
      "class": "003_cracker_box", 
      "cuboid": [
        [
          -14.625372887170368, 
          24.9621175129206, 
          82.48010809860762
        ], 
        [
          -28.384916346125948, 
          19.873134867363905, 
          75.14148866975783
        ], 
        [
          -27.440436688485793, 
          1.5627051282312205, 
          86.068046594877
        ], 
        [
          -13.680893229530211, 
          6.651687773787912, 
          93.40666602372679
        ], 
        [
          -18.521378870489958, 
          27.9031842047072, 
          87.74543445386273
        ], 
        [
          -32.28092232944554, 
          22.814201559150504, 
          80.40681502501293
        ], 
        [
          -31.336442671805383, 
          4.5037718200178185, 
          91.3333729501321
        ], 
        [
          -17.576899212849803, 
          9.59275446557451, 
          98.6719923789819
        ]
      ], 
      "cuboid_centroid": [
        -22.980907779487875, 
        14.732944666469209, 
        86.90674052436987
      ], 
      "location": [
        -22.980907779487875, 
        14.732944666469209, 
        86.90674052436987
      ], 
      "pose_transform_permuted": [
        [
          0.5426192307056203, 
          -0.4096193261981078, 
          -0.7333323789888517, 
          0.0
        ], 
        [
          0.8388123873947864, 
          0.3102357062255364, 
          0.4473785704923751, 
          0.0
        ], 
        [
          -0.044250979893099895, 
          0.8578844993282897, 
          -0.5119336251807939, 
          0.0
        ], 
        [
          -22.980907779487875, 
          14.732944666469209, 
          86.90674052436987, 
          1.0
        ]
      ], 
      "projected_cuboid": [
        [
          386.2407526879556, 
          434.69255955386205
        ], 
        [
          278.4551440444667, 
          414.33687104506726
        ], 
        [
          310.14575739786875, 
          282.96982092534364
        ], 
        [
          402.8329677445325, 
          311.26536221224615
        ], 
        [
          368.0853954881076, 
          442.88299233629795
        ], 
        [
          265.70096022386736, 
          424.6077967842326
        ], 
        [
          297.0904558969283, 
          299.58524602390855
        ], 
        [
          385.802672805914, 
          325.135129356723
        ]
      ], 
      "projected_cuboid_centroid": [
        339.3951498250417, 
        363.6980280568407
      ], 
      "quaternion_xyzw": [
        0.9260169093639607, 
        0.09570200137115133, 
        0.2672731434996096, 
        0.24879484976464275
      ], 
      "visibility": 0.9042119565217391
    }, 
    {
      "bounding_box": {
        "bottom_right": [
          412, 
          312
        ], 
        "top_left": [
          298, 
          232
        ]
      }, 
      "class": "004_sugar_box", 
      "cuboid": [
        [
          -28.995540270006, 
          20.91151258079484, 
          83.6896916724042
        ], 
        [
          -37.410128563670334, 
          18.80246883799836, 
          80.42826862575977
        ], 
        [
          -37.29330423685095, 
          3.866539125412441, 
          89.78536890967284
        ], 
        [
          -28.878715943186616, 
          5.975582868208919, 
          93.04679195631726
        ], 
        [
          -30.88679364713646, 
          23.07653992610756, 
          87.1691457312957
        ], 
        [
          -39.301381940800795, 
          20.967496183311084, 
          83.90772268465128
        ], 
        [
          -39.18455761398141, 
          6.031566470725161, 
          93.26482296856435
        ], 
        [
          -30.76996932031708, 
          8.14061021352164, 
          96.52624601520877
        ]
      ], 
      "cuboid_centroid": [
        -34.09004894199371, 
        13.47153952576, 
        88.47725732048427
      ], 
      "location": [
        -34.09004894199371, 
        13.47153952576, 
        88.47725732048427
      ], 
      "pose_transform_permuted": [
        [
          0.4190307405772952, 
          -0.47968877298343265, 
          -0.7709163820842218, 
          0.0
        ], 
        [
          0.9079478313206917, 
          0.22756926727768004, 
          0.3519128778350008, 
          0.0
        ], 
        [
          -0.006628217984382839, 
          0.847414238367481, 
          -0.5308902869125443, 
          0.0
        ], 
        [
          -34.09004894199371, 
          13.47153952576, 
          88.47725732048427, 
          1.0
        ]
      ], 
      "projected_cuboid": [
        [
          295.2807149238419, 
          406.54690673417485
        ], 
        [
          231.46336129213572, 
          397.9656466407261
        ], 
        [
          258.2310867801303, 
          296.25354318196446
        ], 
        [
          314.69250432625984, 
          307.5369973199364
        ], 
        [
          291.0502178029181, 
          414.47377288174727
        ], 
        [
          229.71478243391206, 
          406.5564679335631
        ], 
        [
          255.65930962567822, 
          307.77706092083366
        ], 
        [
          310.1723736106462, 
          318.2644276752919
        ]
      ], 
      "projected_cuboid_centroid": [
        274.39804143909635, 
        354.48973145891375
      ], 
      "quaternion_xyzw": [
        0.9389193857531638, 
        0.06235825162833307, 
        0.20527417745078178, 
        0.26908035855637663
      ], 
      "visibility": 0.5503693226465504
    }, 
    {
      "bounding_box": {
        "bottom_right": [
          322, 
          289
        ], 
        "top_left": [
          250, 
          170
        ]
      }, 
      "class": "024_bowl", 
      "cuboid": [
        [
          -44.50641803288855, 
          -0.5863499530858349, 
          71.04190820694566
        ], 
        [
          -43.43745656574701, 
          8.226188654224933, 
          84.49310986561497
        ], 
        [
          -43.356281981740494, 
          3.622396147419556, 
          87.50282808493583
        ], 
        [
          -44.42524344888202, 
          -5.190142459891211, 
          74.05162642626652
        ], 
        [
          -28.39743635459578, 
          -0.973435747093315, 
          70.01533284696274
        ], 
        [
          -27.328474887454245, 
          7.839102860217452, 
          83.46653450563204
        ], 
        [
          -27.247300303447723, 
          3.2353103534120757, 
          86.4762527249529
        ], 
        [
          -28.316261770589257, 
          -5.577228253898691, 
          73.0250510662836
        ]
      ], 
      "cuboid_centroid": [
        -35.87685916816813, 
        1.3244802001631204, 
        78.75908046594928
      ], 
      "location": [
        -35.87685916816813, 
        1.3244802001631204, 
        78.75908046594928
      ], 
      "pose_transform_permuted": [
        [
          -0.9976887779018112, 
          0.023973653982540484, 
          0.063579606506451, 
          0.0
        ], 
        [
          -0.0663275596738439, 
          -0.5468056598124944, 
          -0.8346281958002228, 
          0.0
        ], 
        [
          -0.014756601116192099, 
          0.8369162648149144, 
          -0.547131984453248, 
          0.0
        ], 
        [
          -35.87685916816813, 
          1.3244802001631204, 
          78.75908046594928, 
          1.0
        ]
      ], 
      "projected_cuboid": [
        [
          144.69803605170185, 
          268.88474303441296
        ], 
        [
          205.13545933862818, 
          325.2101505829385
        ], 
        [
          215.14341374970812, 
          295.36462214972454
        ], 
        [
          158.98028722363455, 
          235.90714813016504
        ], 
        [
          263.48599472430465, 
          265.8717000341753
        ], 
        [
          305.5232624727738, 
          323.37544001395946
        ], 
        [
          312.1561275212688, 
          293.23946511160375
        ], 
        [
          273.07319301632265, 
          232.55469316670545
        ]
      ], 
      "projected_cuboid_centroid": [
        236.63123380546014, 
        282.2552971910457
      ], 
      "quaternion_xyzw": [
        -0.6532627914236772, 
        0.20361218550990398, 
        0.7012174111848638, 
        -0.2002097537694484
      ], 
      "visibility": 0.7265625
    }, 
    {
      "bounding_box": {
        "bottom_right": [
          308, 
          413
        ], 
        "top_left": [
          232, 
          326
        ]
      }, 
      "class": "025_mug", 
      "cuboid": [
        [
          -9.567777950355769, 
          0.9234668215274383, 
          67.7434997777571
        ], 
        [
          -21.21440815874412, 
          1.665072172543007, 
          68.56373255926567
        ], 
        [
          -21.449801319223514, 
          -5.738551722150575, 
          71.91525674300789
        ], 
        [
          -9.803171110835162, 
          -6.480157073166144, 
          71.09502396149931
        ], 
        [
          -8.73020820028171, 
          4.724726239989228, 
          76.19942958680315
        ], 
        [
          -20.37683840867006, 
          5.466331591004797, 
          77.01966236831174
        ], 
        [
          -20.612231569149454, 
          -1.9372923036887855, 
          80.37118655205396
        ], 
        [
          -8.965601360761106, 
          -2.678897654704354, 
          79.55095377054538
        ]
      ], 
      "cuboid_centroid": [
        -15.090004759752611, 
        -0.5069127410806735, 
        74.05734316490552
      ], 
      "location": [
        -15.090004759752611, 
        -0.5069127410806735, 
        74.05734316490552
      ], 
      "pose_transform_permuted": [
        [
          -0.08997612722791612, 
          -0.40835118631205525, 
          -0.9083802468532153, 
          0.0
        ], 
        [
          0.9955235363203679, 
          -0.06339048878407633, 
          -0.0701113562157402, 
          0.0
        ], 
        [
          0.028952581452321026, 
          0.9106212917015936, 
          -0.4122264076050534, 
          0.0
        ], 
        [
          -15.090004759752611, 
          -0.5069127410806735, 
          74.05734316490552, 
          1.0
        ]
      ], 
      "projected_cuboid": [
        [
          405.6457715040398, 
          280.5566516003821
        ], 
        [
          315.2066912535894, 
          286.2382190504745
        ], 
        [
          321.20090476400304, 
          230.7297544688608
        ], 
        [
          407.4457095563614, 
          224.6756159144272
        ], 
        [
          419.9851664498816, 
          306.35488301462726
        ], 
        [
          339.322614031897, 
          311.1379332738325
        ], 
        [
          343.68052288200715, 
          260.4312353760072
        ], 
        [
          420.9896523325812, 
          255.32687171915498
        ]
      ], 
      "projected_cuboid_centroid": [
        372.021688165969, 
        269.63603581346933
      ], 
      "quaternion_xyzw": [
        0.9765404593352978, 
        -0.023640359534937382, 
        -0.04098332074039798, 
        0.2100726053059931
      ], 
      "visibility": 0.8498416050686378
    }, 
    {
      "bounding_box": {
        "bottom_right": [
          325, 
          347
        ], 
        "top_left": [
          262, 
          303
        ]
      }, 
      "class": "061_foam_brick", 
      "cuboid": [
        [
          -25.465753174635847, 
          -1.8042741018396666, 
          81.33737746373184
        ], 
        [
          -25.51669927336687, 
          4.8537191773199, 
          77.29855026400499
        ], 
        [
          -27.18337695569002, 
          7.3548474374563355, 
          81.44267553710229
        ], 
        [
          -27.132430856958994, 
          0.6968541582967693, 
          85.48150273682914
        ], 
        [
          -20.49622528178741, 
          -0.8889574869333193, 
          82.78358784185075
        ], 
        [
          -20.54717138051843, 
          5.769035792226246, 
          78.7447606421239
        ], 
        [
          -22.21384906284158, 
          8.270164052362682, 
          82.8888859152212
        ], 
        [
          -22.162902964110557, 
          1.612170773203116, 
          86.92771311494805
        ]
      ], 
      "cuboid_centroid": [
        -23.839801118738713, 
        3.232944975261508, 
        82.11313168947652
      ], 
      "location": [
        -23.839801118738713, 
        3.232944975261508, 
        82.11313168947652
      ], 
      "pose_transform_permuted": [
        [
          -0.9454961668900003, 
          -0.1741469953574673, 
          -0.27515417933275915, 
          0.0
        ], 
        [
          0.006542119352205819, 
          -0.8549700126876163, 
          0.5186361712022396, 
          0.0
        ], 
        [
          0.32556750309375077, 
          -0.48856842040077003, 
          -0.8095101602304927, 
          0.0
        ], 
        [
          -23.839801118738713, 
          3.232944975261508, 
          82.11313168947652, 
          1.0
        ]
      ], 
      "projected_cuboid": [
        [
          313.2296324919918, 
          261.45612566762924
        ], 
        [
          304.0780512670826, 
          306.77466265695654
        ], 
        [
          302.10588817750295, 
          321.44905405502175
        ], 
        [
          310.9069833656061, 
          277.634215049983
        ], 
        [
          348.4531362887549, 
          267.55957628832937
        ], 
        [
          341.2762484362011, 
          312.35884881100986
        ], 
        [
          337.4787281276879, 
          326.4980197918467
        ], 
        [
          344.4899105509573, 
          283.17754067730095
        ]
      ], 
      "projected_cuboid_centroid": [
        325.46872555992854, 
        294.28431058061
      ], 
      "quaternion_xyzw": [
        0.4452886362473772, 
        -0.6627934218859834, 
        -0.23965354207389938, 
        0.5522581734162512
      ], 
      "visibility": 0.7174845164363983
    }
  ]
}