{
  "camera_data": {
    "location_worldframe": [
      -9.570127856152375, 
      8.11628394678528, 
      85.65139128682588
    ], 
    "quaternion_xyzw_worldframe": [
      0.9350525750328308, 
      -0.04693714039005653, 
      0.19401597010344468, 
      -0.2929740793379564
    ]
  }, 
  "objects": [
    {
      "bounding_box": {
        "bottom_right": [
          507, 
          491
        ], 
        "top_left": [
          355, 
          339
        ]
      }, 
      "class": "003_cracker_box", 
      "cuboid": [
        [
          2.2127694729842355, 
          27.583087449314935, 
          72.34268082962949
        ], 
        [
          -10.670628684681368, 
          23.78214484628644, 
          62.927320882888324
        ], 
        [
          -18.203981353626244, 
          11.101452478832922, 
          78.35464034524804
        ], 
        [
          -5.32058319596064, 
          14.90239508186142, 
          87.7700002919892
        ], 
        [
          -1.4382379699567376, 
          33.113699141248695, 
          75.1058088577125
        ], 
        [
          -14.321636127622343, 
          29.312756538220196, 
          65.69044891097133
        ], 
        [
          -21.854988796567216, 
          16.63206417076668, 
          81.11776837333105
        ], 
        [
          -8.971590638901613, 
          20.433006773795174, 
          90.53312832007221
        ]
      ], 
      "cuboid_centroid": [
        -9.82110966179149, 
        22.107575810040807, 
        76.73022460148027
      ], 
      "location": [
        -9.82110966179149, 
        22.107575810040807, 
        76.73022460148027
      ], 
      "pose_transform_permuted": [
        [
          0.5084968705056054, 
          -0.7702801983511305, 
          -0.3848367819142924, 
          0.0
        ], 
        [
          0.7854006202041071, 
          0.23171391904880068, 
          0.573981293686519, 
          0.0
        ], 
        [
          0.352954385819201, 
          0.5941187387611917, 
          -0.722804348204825, 
          0.0
        ], 
        [
          -9.82110966179149, 
          22.107575810040807, 
          76.73022460148027, 
          1.0
        ]
      ], 
      "projected_cuboid": [
        [
          498.04583474500856, 
          476.6326198841237
        ], 
        [
          390.40805813731635, 
          474.8441984440829
        ], 
        [
          356.65939968188, 
          348.8483934442115
        ], 
        [
          448.9980240234195, 
          363.83842480916553
        ], 
        [
          471.29916218229994, 
          508.4239327030949
        ], 
        [
          364.35535872634404, 
          511.2673610345395
        ], 
        [
          336.7110987361041, 
          382.63626133680884
        ], 
        [
          428.3060946566271, 
          393.65488112547274
        ]
      ], 
      "projected_cuboid_centroid": [
        412.76579148881854, 
        426.94701763169286
      ], 
      "quaternion_xyzw": [
        0.831317650011052, 
        -0.03646033100848651, 
        0.32553084978339314, 
        0.4490114418165264
      ], 
      "visibility": 0.9360602056643879
    }, 
    {
      "bounding_box": {
        "bottom_right": [
          513, 
          381
        ], 
        "top_left": [
          391, 
          289
        ]
      }, 
      "class": "004_sugar_box", 
      "cuboid": [
        [
          -12.609350252012796, 
          27.98109026698724, 
          70.21655009791836
        ], 
        [
          -20.39693669976103, 
          27.003430559688535, 
          65.28827243065388
        ], 
        [
          -27.232495289776832, 
          16.984917513268854, 
          78.0771545212445
        ], 
        [
          -19.444908842028592, 
          17.96257722056756, 
          83.00543218850898
        ], 
        [
          -14.319074864361431, 
          31.663799377229022, 
          72.187661117031
        ], 
        [
          -22.10666131210967, 
          30.686139669930316, 
          67.25938344976652
        ], 
        [
          -28.942219902125466, 
          20.66762662351064, 
          80.04826554035714
        ], 
        [
          -21.15463345437723, 
          21.645286330809345, 
          84.97654320762162
        ]
      ], 
      "cuboid_centroid": [
        -20.77578507706913, 
        24.32435844524894, 
        75.13240781913775
      ], 
      "location": [
        -20.77578507706913, 
        24.32435844524894, 
        75.13240781913775
      ], 
      "pose_transform_permuted": [
        [
          0.3788107818650352, 
          -0.8159500701787323, 
          -0.4367241957563785, 
          0.0
        ], 
        [
          0.8402933072529807, 
          0.10549108049407932, 
          0.5317692160302235, 
          0.0
        ], 
        [
          0.3878265222079464, 
          0.5684166145782246, 
          -0.7255980032657123, 
          0.0
        ], 
        [
          -20.77578507706913, 
          24.32435844524894, 
          75.13240781913775, 
          1.0
        ]
      ], 
      "projected_cuboid": [
        [
          385.02646225793774, 
          485.81283522978475
        ], 
        [
          313.59233834964544, 
          493.8691601603358
        ], 
        [
          294.0306013904215, 
          389.3049710803013
        ], 
        [
          355.6201055554788, 
          388.69819169340514
        ], 
        [
          374.9267169775712, 
          507.21743453869294
        ], 
        [
          304.8460137371028, 
          516.6060330244067
        ], 
        [
          287.16331898390035, 
          410.98408759830335
        ], 
        [
          347.72246968319416, 
          409.13408658508274
        ]
      ], 
      "projected_cuboid_centroid": [
        332.8933341790933, 
        445.95046668386783
      ], 
      "quaternion_xyzw": [
        0.8434207309503935, 
        -0.08368760434537886, 
        0.26990681058704474, 
        0.4569333005685606
      ], 
      "visibility": 0.6851356070306134
    }, 
    {
      "bounding_box": {
        "bottom_right": [
          410, 
          356
        ], 
        "top_left": [
          311, 
          222
        ]
      }, 
      "class": "024_bowl", 
      "cuboid": [
        [
          -31.577677159148916, 
          7.9628738238368815, 
          60.1077862998045
        ], 
        [
          -30.335175547290717, 
          20.502847752593862, 
          70.15485477754413
        ], 
        [
          -32.42600876488712, 
          17.449231077953677, 
          74.2247122909066
        ], 
        [
          -33.66851037674532, 
          4.909257149196698, 
          64.17764381316697
        ], 
        [
          -16.695129303881767, 
          3.216031698100857, 
          64.19193153011157
        ], 
        [
          -15.452627692023569, 
          15.756005626857839, 
          74.2390000078512
        ], 
        [
          -17.543460909619974, 
          12.702388952217653, 
          78.30885752121367
        ], 
        [
          -18.785962521478172, 
          0.16241502346067416, 
          68.26178904347404
        ]
      ], 
      "cuboid_centroid": [
        -24.560569034384443, 
        10.332631388027268, 
        69.20832191050908
      ], 
      "location": [
        -24.560569034384443, 
        10.332631388027268, 
        69.20832191050908
      ], 
      "pose_transform_permuted": [
        [
          -0.9217311980554881, 
          0.2939894782858998, 
          -0.25294621006921525, 
          0.0
        ], 
        [
          -0.07709548224011005, 
          -0.7780877932786612, 
          -0.6234065066783537, 
          0.0
        ], 
        [
          0.3800893120693608, 
          0.5551122162301311, 
          -0.7398530544930614, 
          0.0
        ], 
        [
          -24.560569034384443, 
          10.332631388027268, 
          69.20832191050908, 
          1.0
        ]
      ], 
      "projected_cuboid": [
        [
          199.08228044658296, 
          343.9388911955632
        ], 
        [
          249.06624945022446, 
          429.14988132249874
        ], 
        [
          246.6680243473333, 
          398.66279553671507
        ], 
        [
          199.4783695208441, 
          314.08272214973573
        ], 
        [
          341.73463470437383, 
          300.0059814350378
        ], 
        [
          369.66308356141207, 
          386.4748399853601
        ], 
        [
          361.12229365798527, 
          359.7956889984745
        ], 
        [
          333.601904812177, 
          274.555463303003
        ]
      ], 
      "projected_cuboid_centroid": [
        290.7559979780903, 
        352.9098334580884
      ], 
      "quaternion_xyzw": [
        0.6578303246391193, 
        -0.44015039363812747, 
        -0.5872098194855538, 
        0.16944474870923554
      ], 
      "visibility": 0.8071718538565629
    }, 
    {
      "bounding_box": {
        "bottom_right": [
          334, 
          485
        ], 
        "top_left": [
          249, 
          397
        ]
      }, 
      "class": "025_mug", 
      "cuboid": [
        [
          1.712281539976384, 
          -0.6155271659038237, 
          67.32340216789113
        ], 
        [
          -8.90728420931842, 
          3.259052995718693, 
          64.31022985436073
        ], 
        [
          -12.304990511451486, 
          -2.1026234293957504, 
          69.3905633931261
        ], 
        [
          -1.6854247621566836, 
          -5.977203591018268, 
          72.40373570665652
        ], 
        [
          2.057607375779057, 
          5.666469678245319, 
          74.18424110386863
        ], 
        [
          -8.561958373515747, 
          9.541049839867835, 
          71.17106879033821
        ], 
        [
          -11.959664675648812, 
          4.179373414753392, 
          76.2514023291036
        ], 
        [
          -1.3400989263540102, 
          0.30479325313087485, 
          79.26457464263402
        ]
      ], 
      "cuboid_centroid": [
        -5.1236915678362145, 
        1.781923124424784, 
        71.78740224849737
      ], 
      "location": [
        -5.1236915678362145, 
        1.781923124424784, 
        71.78740224849737
      ], 
      "pose_transform_permuted": [
        [
          -0.037096709061568464, 
          -0.6748449872318745, 
          -0.737027234972574, 
          0.0
        ], 
        [
          0.9077327484228219, 
          -0.33118899417593434, 
          0.2575581007927885, 
          0.0
        ], 
        [
          0.41790665567015717, 
          0.6594684956137645, 
          -0.6248642496090675, 
          0.0
        ], 
        [
          -5.1236915678362145, 
          1.781923124424784, 
          71.78740224849737, 
          1.0
        ]
      ], 
      "projected_cuboid": [
        [
          495.2743844414176, 
          268.41048179622203
        ], 
        [
          407.11409874289654, 
          300.3136033355098
        ], 
        [
          386.2356710540606, 
          257.12626782224663
        ], 
        [
          469.07891955550934, 
          229.25897922940996
        ], 
        [
          496.51273304480156, 
          314.0234815948698
        ], 
        [
          416.903462369623, 
          344.7822849204529
        ], 
        [
          397.25137668102906, 
          302.5180225101087
        ], 
        [
          472.5052776483119, 
          275.33729282931034
        ]
      ], 
      "projected_cuboid_centroid": [
        443.2151681434586, 
        286.5247172189511
      ], 
      "quaternion_xyzw": [
        0.9088768452063735, 
        -0.2060498223155852, 
        0.0606411619170365, 
        0.3575042217479488
      ], 
      "visibility": 0.886883042058767
    }, 
    {
      "bounding_box": {
        "bottom_right": [
          377, 
          412
        ], 
        "top_left": [
          315, 
          359
        ]
      }, 
      "class": "061_foam_brick", 
      "cuboid": [
        [
          -16.571008921522427, 
          5.8636780717121475, 
          75.61335082311803
        ], 
        [
          -13.54963853396412, 
          10.377553341991442, 
          70.03304203371307
        ], 
        [
          -15.07371736116635, 
          14.547853029790653, 
          72.58118166723919
        ], 
        [
          -18.09508774872466, 
          10.033977759511359, 
          78.16149045664415
        ], 
        [
          -11.986410721560452, 
          5.96993667569911, 
          78.18156126914562
        ], 
        [
          -8.965040334002145, 
          10.483811945978406, 
          72.60125247974067
        ], 
        [
          -10.489119161204377, 
          14.654111633777617, 
          75.14939211326679
        ], 
        [
          -13.510489548762683, 
          10.140236363498321, 
          80.72970090267174
        ]
      ], 
      "cuboid_centroid": [
        -13.530064041363401, 
        10.258894852744882, 
        75.3813714681924
      ], 
      "location": [
        -13.530064041363401, 
        10.258894852744882, 
        75.3813714681924
      ], 
      "pose_transform_permuted": [
        [
          -0.872259924535862, 
          -0.02021662921206993, 
          -0.488624510183427, 
          0.0
        ], 
        [
          -0.3879819294306628, 
          -0.5796383137214813, 
          0.7165817801907733, 
          0.0
        ], 
        [
          0.2977123552759482, 
          -0.8146230497410561, 
          -0.4977515849765103, 
          0.0
        ], 
        [
          -13.530064041363401, 
          10.258894852744882, 
          75.3813714681924, 
          1.0
        ]
      ], 
      "projected_cuboid": [
        [
          363.7436445430686, 
          314.6445033541217
        ], 
        [
          377.5532085713229, 
          352.31426920611824
        ], 
        [
          369.9138114681342, 
          380.18277107741744
        ], 
        [
          357.099864229787, 
          341.7514150582036
        ], 
        [
          399.149746690217, 
          314.0107712630045
        ], 
        [
          415.1922076848574, 
          350.2992894988296
        ], 
        [
          406.5376347589462, 
          377.2837159824267
        ], 
        [
          391.5997687157258, 
          340.27534842132184
        ]
      ], 
      "projected_cuboid_centroid": [
        385.0747923332177, 
        345.86772641167147
      ], 
      "quaternion_xyzw": [
        -0.2674039692168517, 
        0.8202483601561094, 
        0.14554584286933414, 
        -0.4842562880662899
      ], 
      "visibility": 0.9695449659620208
    }
  ]
}