{
  "camera_data": {
    "location_worldframe": [
      -18.00354479544941, 
      5.140745626197971, 
      81.7443733156743
    ], 
    "quaternion_xyzw_worldframe": [
      0.9269662942636121, 
      0.01896877820828154, 
      -0.06464542740959738, 
      -0.36904416577570687
    ]
  }, 
  "objects": [
    {
      "bounding_box": {
        "bottom_right": [
          501, 
          379
        ], 
        "top_left": [
          318, 
          205
        ]
      }, 
      "class": "003_cracker_box", 
      "cuboid": [
        [
          -18.800802325728643, 
          28.302248080929353, 
          69.18158433618805
        ], 
        [
          -33.028072483037676, 
          21.24594663952228, 
          65.07409002382478
        ], 
        [
          -29.411905318018178, 
          5.703791412685239, 
          79.2486550289998
        ], 
        [
          -15.184635160709147, 
          12.760092854092314, 
          83.35614934136308
        ], 
        [
          -22.161169013497624, 
          32.1333195276536, 
          74.2395705786337
        ], 
        [
          -36.38843917080665, 
          25.07701808624652, 
          70.13207626627043
        ], 
        [
          -32.77227200578716, 
          9.534862859409483, 
          84.30664127144546
        ], 
        [
          -18.545001848478126, 
          16.591164300816555, 
          88.41413558380873
        ]
      ], 
      "cuboid_centroid": [
        -25.7865371657579, 
        18.91855547016942, 
        76.74411280381676
      ], 
      "location": [
        -25.7865371657579, 
        18.91855547016942, 
        76.74411280381676
      ], 
      "pose_transform_permuted": [
        [
          0.4680176557255614, 
          -0.5335754231641412, 
          -0.7044549252609125, 
          0.0
        ], 
        [
          0.8673260477254845, 
          0.4301678377556588, 
          0.2504019933976409, 
          0.0
        ], 
        [
          -0.16942550240752002, 
          0.72818466006627, 
          -0.6641100059313446, 
          0.0
        ], 
        [
          -25.7865371657579, 
          18.91855547016942, 
          76.74411280381676, 
          1.0
        ]
      ], 
      "projected_cuboid": [
        [
          335.45420328058213, 
          491.4680568662524
        ], 
        [
          208.65727150607796, 
          447.40928640124383
        ], 
        [
          282.01432072530724, 
          311.67133653221566
        ], 
        [
          383.63488541812313, 
          354.9266743833783
        ], 
        [
          321.069749298046, 
          504.12473441525987
        ], 
        [
          202.57505388354068, 
          463.98479682315207
        ], 
        [
          272.5536485424237, 
          333.6036020832005
        ], 
        [
          368.80023363518893, 
          373.3654763865728
        ]
      ], 
      "projected_cuboid_centroid": [
        300.90474853842557, 
        404.7576795313204
      ], 
      "quaternion_xyzw": [
        0.9082903766214673, 
        0.1650334946830173, 
        0.19773953011466452, 
        0.3296537814125231
      ], 
      "visibility": 0.8758700696055685
    }, 
    {
      "bounding_box": {
        "bottom_right": [
          457, 
          289
        ], 
        "top_left": [
          329, 
          176
        ]
      }, 
      "class": "004_sugar_box", 
      "cuboid": [
        [
          -32.57808024860018, 
          24.039557422763934, 
          73.22982282996982
        ], 
        [
          -41.18555950854931, 
          20.96278089972639, 
          71.70175576111586
        ], 
        [
          -38.823779813131075, 
          8.35312156387566, 
          83.78767559081656
        ], 
        [
          -30.216300553181952, 
          11.429898086913207, 
          85.31574265967052
        ], 
        [
          -34.13796055485642, 
          26.81426686009359, 
          76.42959536234514
        ], 
        [
          -42.74543981480554, 
          23.73749033705604, 
          74.90152829349117
        ], 
        [
          -40.38366011938731, 
          11.127831001205312, 
          86.98744812319187
        ], 
        [
          -31.776180859438185, 
          14.204607524242856, 
          88.51551519204584
        ]
      ], 
      "cuboid_centroid": [
        -36.480870183993744, 
        17.583694211984625, 
        80.10863547658084
      ], 
      "location": [
        -36.480870183993744, 
        17.583694211984625, 
        80.10863547658084
      ], 
      "pose_transform_permuted": [
        [
          0.3456109095938433, 
          -0.6147714338388454, 
          -0.7089494565527078, 
          0.0
        ], 
        [
          0.9287610818812081, 
          0.3319892161157462, 
          0.16488093449838218, 
          0.0
        ], 
        [
          -0.13399940815857722, 
          0.7154295090957078, 
          -0.6857142973045666, 
          0.0
        ], 
        [
          -36.480870183993744, 
          17.583694211984625, 
          80.10863547658084, 
          1.0
        ]
      ], 
      "projected_cuboid": [
        [
          242.3595747213237, 
          448.3622960383055
        ], 
        [
          172.70488476013506, 
          429.2082647630966
        ], 
        [
          232.41923151915404, 
          326.4552561635678
        ], 
        [
          291.1370357853272, 
          344.73628797327063
        ], 
        [
          241.39997344052966, 
          460.3943403591315
        ], 
        [
          174.70133569372234, 
          442.30402988737706
        ], 
        [
          231.9417476826266, 
          341.5112108417891
        ], 
        [
          288.5451882745928, 
          358.8714814515454
        ]
      ], 
      "projected_cuboid_centroid": [
        236.7033793330626, 
        390.3491793802645
      ], 
      "quaternion_xyzw": [
        0.9155790582371388, 
        0.12723877312450238, 
        0.13939043261734532, 
        0.35509924551118904
      ], 
      "visibility": 0.5012132977432662
    }, 
    {
      "bounding_box": {
        "bottom_right": [
          349, 
          248
        ], 
        "top_left": [
          262, 
          126
        ]
      }, 
      "class": "024_bowl", 
      "cuboid": [
        [
          -48.12027286640475, 
          -0.23196598482939992, 
          67.56898328723065
        ], 
        [
          -45.89274419626384, 
          11.254726660106984, 
          78.65195894768523
        ], 
        [
          -45.10358018986531, 
          7.396219860750087, 
          82.49240735494702
        ], 
        [
          -47.33110886000622, 
          -4.090472784186299, 
          71.40943169449243
        ], 
        [
          -32.297594973507096, 
          -0.19707497297803203, 
          64.35267639762591
        ], 
        [
          -30.07006630336619, 
          11.289617671958352, 
          75.43565205808049
        ], 
        [
          -29.28090229696766, 
          7.4311108726014545, 
          79.27610046534228
        ], 
        [
          -31.508430967108563, 
          -4.055581772334931, 
          68.19312480488769
        ]
      ], 
      "cuboid_centroid": [
        -38.7005875816862, 
        3.599572443886027, 
        73.42254187628646
      ], 
      "location": [
        -38.7005875816862, 
        3.599572443886027, 
        73.42254187628646
      ], 
      "pose_transform_permuted": [
        [
          -0.9799569262265171, 
          -0.0021609293292980947, 
          0.19919777389597243, 
          0.0
        ], 
        [
          -0.13821502957356568, 
          -0.7127331669863144, 
          -0.6876830943666107, 
          0.0
        ], 
        [
          -0.14346089481337954, 
          0.7014319375834638, 
          -0.6981491306284444, 
          0.0
        ], 
        [
          -38.7005875816862, 
          3.599572443886027, 
          73.42254187628646, 
          1.0
        ]
      ], 
      "projected_cuboid": [
        [
          98.6202945929518, 
          271.4556387090101
        ], 
        [
          167.81637198050396, 
          349.6020705044823
        ], 
        [
          187.56900907271677, 
          321.10365254574714
        ], 
        [
          125.16001778589258, 
          242.7369426623144
        ], 
        [
          211.7017762931237, 
          271.6532890114517
        ], 
        [
          267.2342415718768, 
          353.1025669637879
        ], 
        [
          282.97206645347705, 
          323.27836313190386
        ], 
        [
          233.12480036528214, 
          241.56895374509693
        ]
      ], 
      "projected_cuboid_centroid": [
        198.14483578633576, 
        299.43276537032466
      ], 
      "quaternion_xyzw": [
        -0.5839561486348794, 
        0.24371362194906632, 
        0.7139406034560932, 
        -0.29981277772092324
      ], 
      "visibility": 0.61888595498554
    }, 
    {
      "bounding_box": {
        "bottom_right": [
          332, 
          375
        ], 
        "top_left": [
          243, 
          273
        ]
      }, 
      "class": "025_mug", 
      "cuboid": [
        [
          -14.103311124812679, 
          1.9122666128988355, 
          59.07687871162115
        ], 
        [
          -25.56407196099005, 
          2.3544928756298895, 
          61.38385779950952
        ], 
        [
          -24.85268663850694, 
          -4.178921076786005, 
          66.17031829946355
        ], 
        [
          -13.391925802329569, 
          -4.6211473395170595, 
          63.86333921157517
        ], 
        [
          -12.421052615206774, 
          7.441547038657655, 
          66.37420078676463
        ], 
        [
          -23.881813451384144, 
          7.8837733013887075, 
          68.681179874653
        ], 
        [
          -23.170428128901033, 
          1.3503593489728138, 
          73.46764037460703
        ], 
        [
          -11.709667292723664, 
          0.9081330862417598, 
          71.16066128671865
        ]
      ], 
      "cuboid_centroid": [
        -18.636869626856857, 
        1.6313129809358247, 
        66.27225954311409
      ], 
      "location": [
        -18.636869626856857, 
        1.6313129809358247, 
        66.27225954311409
      ], 
      "pose_transform_permuted": [
        [
          -0.18071701571978002, 
          -0.5939842491003448, 
          -0.7839165387696206, 
          0.0
        ], 
        [
          0.9796359077611774, 
          -0.037800346113047896, 
          -0.19719454801077407, 
          0.0
        ], 
        [
          -0.0874980456153948, 
          0.8035883423027945, 
          -0.5887188362270509, 
          0.0
        ], 
        [
          -18.636869626856857, 
          1.6313129809358247, 
          66.27225954311409, 
          1.0
        ]
      ], 
      "projected_cuboid": [
        [
          353.2176858235817, 
          290.5496238983743
        ], 
        [
          257.6385473878462, 
          293.7430098296481
        ], 
        [
          279.6200956785436, 
          239.6052666190956
        ], 
        [
          368.82977702766135, 
          234.6955653935662
        ], 
        [
          380.96165533300075, 
          333.0796913115279
        ], 
        [
          294.6058150484204, 
          334.505210965592
        ], 
        [
          311.9955620737446, 
          283.0891270050288
        ], 
        [
          393.1066360930478, 
          280.0926180579955
        ]
      ], 
      "projected_cuboid_centroid": [
        330.3688182581084, 
        286.4143710297166
      ], 
      "quaternion_xyzw": [
        0.9443437918514624, 
        0.013156675548454273, 
        -0.10004607617254198, 
        0.3131018320691797
      ], 
      "visibility": 0.7505268276868212
    }, 
    {
      "bounding_box": {
        "bottom_right": [
          356, 
          317
        ], 
        "top_left": [
          285, 
          260
        ]
      }, 
      "class": "061_foam_brick", 
      "cuboid": [
        [
          -27.852389982402464, 
          1.4944314207240987, 
          75.0696147361789
        ], 
        [
          -28.88668074844399, 
          7.143395002179484, 
          69.81004743209054
        ], 
        [
          -30.159878486615487, 
          10.395368379989781, 
          73.5531568372588
        ], 
        [
          -29.125587720573964, 
          4.746404798534397, 
          78.81272414134716
        ], 
        [
          -22.809626940034498, 
          2.8877241066022616, 
          75.57440462425838
        ], 
        [
          -23.843917706076024, 
          8.536687688057647, 
          70.31483732017001
        ], 
        [
          -25.117115444247524, 
          11.788661065867945, 
          74.05794672533827
        ], 
        [
          -24.082824678206002, 
          6.13969748441256, 
          79.31751402942663
        ]
      ], 
      "cuboid_centroid": [
        -26.484752713324994, 
        6.6415462432960215, 
        74.5637807307586
      ], 
      "location": [
        -26.484752713324994, 
        6.6415462432960215, 
        74.5637807307586
      ], 
      "pose_transform_permuted": [
        [
          -0.9594297949217441, 
          -0.2650861253338482, 
          -0.09604069331230089, 
          0.0
        ], 
        [
          0.13281593301290134, 
          -0.7253979183226875, 
          0.675394542494255, 
          0.0
        ], 
        [
          0.24870544134443986, 
          -0.635237913107049, 
          -0.7311760370779862, 
          0.0
        ], 
        [
          -26.484752713324994, 
          6.6415462432960215, 
          74.5637807307586, 
          1.0
        ]
      ], 
      "projected_cuboid": [
        [
          282.07542248459976, 
          283.9034772741093
        ], 
        [
          259.07584081859255, 
          327.8590900011885
        ], 
        [
          261.0912726184394, 
          348.6613250023817
        ], 
        [
          282.8640187613697, 
          305.40509061737794
        ], 
        [
          319.2908400375295, 
          293.6648634807015
        ], 
        [
          299.2400947412961, 
          338.0350731835664
        ], 
        [
          299.2117679319062, 
          358.1811925566143
        ], 
        [
          318.3181676134916, 
          314.5689828897443
        ]
      ], 
      "projected_cuboid_centroid": [
        290.5854694924502, 
        320.79038823383223
      ], 
      "quaternion_xyzw": [
        0.3852332777740499, 
        -0.6321516181673604, 
        -0.18432678899697996, 
        0.6465317379695388
      ], 
      "visibility": 0.43571924947880475
    }
  ]
}