{
  "camera_data": {
    "location_worldframe": [
      -10.39484922932624, 
      5.186427031238311, 
      82.60491574606
    ], 
    "quaternion_xyzw_worldframe": [
      0.9290198226522118, 
      -0.00894115628859599, 
      0.11634083778517783, 
      -0.35115190943300556
    ]
  }, 
  "objects": [
    {
      "bounding_box": {
        "bottom_right": [
          500, 
          452
        ], 
        "top_left": [
          333, 
          318
        ]
      }, 
      "class": "003_cracker_box", 
      "cuboid": [
        [
          -2.990088116698833, 
          27.33638191935884, 
          70.37937516818884
        ], 
        [
          -16.310500371948063, 
          22.646333991811037, 
          62.03382644598565
        ], 
        [
          -20.170875978531104, 
          7.587281456884276, 
          76.65832589290041
        ], 
        [
          -6.850463723281875, 
          12.277329384432074, 
          85.0038746151036
        ], 
        [
          -6.974016901375649, 
          31.992051630762763, 
          74.12176057216345
        ], 
        [
          -20.294429156624876, 
          27.302003703214968, 
          65.77621184996028
        ], 
        [
          -24.154804763207917, 
          12.242951168288203, 
          80.40071129687503
        ], 
        [
          -10.83439250795869, 
          16.932999095836003, 
          88.74626001907822
        ]
      ], 
      "cuboid_centroid": [
        -13.572446439953376, 
        19.789666543823518, 
        75.39004323253194
      ], 
      "location": [
        -13.572446439953376, 
        19.789666543823518, 
        75.39004323253194
      ], 
      "pose_transform_permuted": [
        [
          0.5548647465077524, 
          -0.6484219808792391, 
          -0.5212236063298856, 
          0.0
        ], 
        [
          0.8120419720493028, 
          0.2859157580945607, 
          0.5087632208635883, 
          0.0
        ], 
        [
          0.1808672129302796, 
          0.7055502207397123, 
          -0.6851904387110028, 
          0.0
        ], 
        [
          -13.572446439953376, 
          19.789666543823518, 
          75.39004323253194, 
          1.0
        ]
      ], 
      "projected_cuboid": [
        [
          458.7500092217969, 
          480.4356889336781
        ], 
        [
          340.20324068286715, 
          467.98246594234496
        ], 
        [
          340.0968317457286, 
          326.0720082725682
        ], 
        [
          438.25865762401105, 
          350.31526425312876
        ], 
        [
          430.99957492619575, 
          503.4751831080839
        ], 
        [
          315.6766936989269, 
          494.653698315167
        ], 
        [
          320.0364976877991, 
          354.497332121635
        ], 
        [
          415.94532846423414, 
          375.0451925736092
        ]
      ], 
      "projected_cuboid_centroid": [
        384.7835773454974, 
        413.2813736349266
      ], 
      "quaternion_xyzw": [
        0.8716099757229292, 
        0.030130605457203478, 
        0.3050756637133336, 
        0.3825140994067099
      ], 
      "visibility": 0.9403691433980123
    }, 
    {
      "bounding_box": {
        "bottom_right": [
          484, 
          341
        ], 
        "top_left": [
          359, 
          264
        ]
      }, 
      "class": "004_sugar_box", 
      "cuboid": [
        [
          -17.882990854422612, 
          25.800804156268693, 
          69.91414699688521
        ], 
        [
          -26.015717602011957, 
          24.19227766164818, 
          65.77148600239943
        ], 
        [
          -29.861908810583397, 
          12.109743075733377, 
          78.01363210482485
        ], 
        [
          -21.729182062994056, 
          13.718269570353886, 
          82.15629309931063
        ], 
        [
          -19.810129143211537, 
          28.99205415854656, 
          72.45832559306139
        ], 
        [
          -27.942855890800878, 
          27.38352766392605, 
          68.31566459857561
        ], 
        [
          -31.789047099372326, 
          15.300993078011244, 
          80.55781070100103
        ], 
        [
          -23.65632035178298, 
          16.909519572631755, 
          84.70047169548681
        ]
      ], 
      "cuboid_centroid": [
        -24.836018976897467, 
        20.550898617139968, 
        75.23597884894312
      ], 
      "location": [
        -24.836018976897467, 
        20.550898617139968, 
        75.23597884894312
      ], 
      "pose_transform_permuted": [
        [
          0.4269814896887711, 
          -0.7070611838646012, 
          -0.56369445480338, 
          0.0
        ], 
        [
          0.8775345097700489, 
          0.17356263805707522, 
          0.44699989287321756, 
          0.0
        ], 
        [
          0.21821990705277444, 
          0.685522229998432, 
          -0.6945780487054889, 
          0.0
        ], 
        [
          -24.836018976897467, 
          20.550898617139968, 
          75.23597884894312, 
          1.0
        ]
      ], 
      "projected_cuboid": [
        [
          344.04509392107497, 
          470.1004119848555
        ], 
        [
          268.8860954757499, 
          469.4538472923444
        ], 
        [
          275.75278741946556, 
          356.0715968898816
        ], 
        [
          339.3660626953019, 
          362.3390199409935
        ], 
        [
          334.5722164790578, 
          486.6785824781406
        ], 
        [
          261.6378175624507, 
          487.0613968706081
        ], 
        [
          269.3891460909459, 
          374.58421699554646
        ], 
        [
          331.4028892512827, 
          379.75793949289596
        ]
      ], 
      "projected_cuboid_centroid": [
        304.0767183844295, 
        418.96413601323803
      ], 
      "quaternion_xyzw": [
        0.8841310981087392, 
        -0.012627445491745054, 
        0.24713003095116148, 
        0.39633240917788143
      ], 
      "visibility": 0.6369020501138952
    }, 
    {
      "bounding_box": {
        "bottom_right": [
          380, 
          330
        ], 
        "top_left": [
          286, 
          191
        ]
      }, 
      "class": "024_bowl", 
      "cuboid": [
        [
          -35.136868326848855, 
          4.329810772672355, 
          59.71548223186567
        ], 
        [
          -34.343017212731446, 
          15.89134157672683, 
          70.91544416310805
        ], 
        [
          -35.501642191754954, 
          12.191002850860349, 
          74.81736420205726
        ], 
        [
          -36.29549330587237, 
          0.6294720468058728, 
          63.61740227081491
        ], 
        [
          -19.37282868596477, 
          1.4023041905605007, 
          61.62014558940312
        ], 
        [
          -18.578977571847357, 
          12.963834994614976, 
          72.82010752064548
        ], 
        [
          -19.73760255087087, 
          9.263496268748494, 
          76.72202755959472
        ], 
        [
          -20.53145366498828, 
          -2.2980345353059803, 
          65.52206562835235
        ]
      ], 
      "cuboid_centroid": [
        -27.437235438859865, 
        6.796653520710424, 
        68.2187548957302
      ], 
      "location": [
        -27.437235438859865, 
        6.796653520710424, 
        68.2187548957302
      ], 
      "pose_transform_permuted": [
        [
          -0.9763252425386186, 
          0.18131130337943396, 
          -0.117962841813678, 
          0.0
        ], 
        [
          -0.049257348147983784, 
          -0.7173767697890041, 
          -0.6949419283800068, 
          0.0
        ], 
        [
          0.21062462922302388, 
          0.6726788100081235, 
          -0.7093239627495459, 
          0.0
        ], 
        [
          -27.437235438859865, 
          6.796653520710424, 
          68.2187548957302, 
          1.0
        ]
      ], 
      "projected_cuboid": [
        [
          165.17421225704743, 
          311.95612232014
        ], 
        [
          221.1680590487162, 
          392.79736902462895
        ], 
        [
          226.42227180229187, 
          360.18749510818077
        ], 
        [
          174.78777458752634, 
          278.5635495794773
        ], 
        [
          312.5288189191147, 
          285.42341755605105
        ], 
        [
          344.3945028576612, 
          368.2310156954704
        ], 
        [
          343.25124082409366, 
          337.68009125293725
        ], 
        [
          313.08777519004735, 
          254.5815901332717
        ]
      ], 
      "projected_cuboid_centroid": [
        265.3111226589902, 
        326.42131635967354
      ], 
      "quaternion_xyzw": [
        0.6598076052293231, 
        -0.35161818068522077, 
        -0.6332403406966484, 
        0.20006311506010738
      ], 
      "visibility": 0.7975423644832028
    }, 
    {
      "bounding_box": {
        "bottom_right": [
          328, 
          472
        ], 
        "top_left": [
          240, 
          382
        ]
      }, 
      "class": "025_mug", 
      "cuboid": [
        [
          -0.3779067889144186, 
          -0.024855191979264446, 
          62.30826231423833
        ], 
        [
          -11.7027523249063, 
          2.5536873264677937, 
          60.90621110620569
        ], 
        [
          -13.719758600553389, 
          -3.70520401619083, 
          65.68739672413358
        ], 
        [
          -2.394913064561506, 
          -6.283746534637888, 
          67.08944793216621
        ], 
        [
          -0.030163660621305988, 
          5.5510595343593625, 
          69.7542071750013
        ], 
        [
          -11.355009196613187, 
          8.12960205280642, 
          68.35215596696865
        ], 
        [
          -13.372015472260273, 
          1.8707107101477958, 
          73.13334158489654
        ], 
        [
          -2.0471699362683933, 
          -0.7078318082992623, 
          74.53539279292917
        ]
      ], 
      "cuboid_centroid": [
        -6.874961130587347, 
        0.9229277590842657, 
        67.72080194956743
      ], 
      "location": [
        -6.874961130587347, 
        0.9229277590842657, 
        67.72080194956743
      ], 
      "pose_transform_permuted": [
        [
          -0.03735638727540987, 
          -0.598993949799042, 
          -0.799882376440673, 
          0.0
        ], 
        [
          0.968018222829166, 
          -0.22040708089692684, 
          0.11984367596024513, 
          0.0
        ], 
        [
          0.2480851115919616, 
          0.7698229677977997, 
          -0.5880700431559087, 
          0.0
        ], 
        [
          -6.874961130587347, 
          0.9229277590842657, 
          67.72080194956743, 
          1.0
        ]
      ], 
      "projected_cuboid": [
        [
          478.33546839079395, 
          273.0737931521995
        ], 
        [
          378.26903415500755, 
          295.64766397770455
        ], 
        [
          369.2773110296694, 
          243.20378299301996
        ], 
        [
          462.4003383021686, 
          223.33464262533352
        ], 
        [
          481.3645249813801, 
          315.728261239724
        ], 
        [
          392.2609643167943, 
          336.71798234209643
        ], 
        [
          383.2699776454013, 
          286.9285599996916
        ], 
        [
          466.8269808486186, 
          268.22182240388145
        ]
      ], 
      "projected_cuboid_centroid": [
        427.00370025257683, 
        280.5548430457855
      ], 
      "quaternion_xyzw": [
        0.9404418598546695, 
        -0.12454044542458122, 
        0.02192780122994057, 
        0.3155601753888308
      ], 
      "visibility": 0.9089508813965429
    }, 
    {
      "bounding_box": {
        "bottom_right": [
          363, 
          389
        ], 
        "top_left": [
          295, 
          343
        ]
      }, 
      "class": "061_foam_brick", 
      "cuboid": [
        [
          -18.208154325400972, 
          2.92761585770364, 
          73.1869447259835
        ], 
        [
          -16.510561630519852, 
          8.345533165162838, 
          67.85703419658587
        ], 
        [
          -18.24901356316379, 
          11.988133452493676, 
          71.00607839668133
        ], 
        [
          -19.94660625804491, 
          6.570216145034478, 
          76.33598892607894
        ], 
        [
          -13.39910243997242, 
          3.4444346017302356, 
          75.24399474729556
        ], 
        [
          -11.701509745091302, 
          8.862351909189432, 
          69.91408421789794
        ], 
        [
          -13.43996167773524, 
          12.50495219652027, 
          73.0631284179934
        ], 
        [
          -15.13755437261636, 
          7.087034889061074, 
          78.39303894739102
        ]
      ], 
      "cuboid_centroid": [
        -15.824058001568106, 
        7.716284027111955, 
        73.12503657198845
      ], 
      "location": [
        -15.824058001568106, 
        7.716284027111955, 
        73.12503657198845
      ], 
      "pose_transform_permuted": [
        [
          -0.9149642022517358, 
          -0.09832928841334368, 
          -0.39137176653147937, 
          0.0
        ], 
        [
          -0.21799223685370336, 
          -0.695728673021965, 
          0.6844274966763205, 
          0.0
        ], 
        [
          0.33958782850591723, 
          -0.7115426653231846, 
          -0.6151318087657432, 
          0.0
        ], 
        [
          -15.824058001568106, 
          7.716284027111955, 
          73.12503657198845, 
          1.0
        ]
      ], 
      "projected_cuboid": [
        [
          347.80694760208945, 
          294.62032742655487
        ], 
        [
          350.75159281515454, 
          338.87791434620937
        ], 
        [
          343.3882977323861, 
          363.3282144160376
        ], 
        [
          341.07924423175996, 
          319.18919785536826
        ], 
        [
          385.8345409784506, 
          297.7002394631879
        ], 
        [
          391.59158644027264, 
          340.8904532582793
        ], 
        [
          382.67538387589354, 
          364.5656282343085
        ], 
        [
          377.7558075750186, 
          321.5006976020352
        ]
      ], 
      "projected_cuboid_centroid": [
        365.2264058111775, 
        329.5633697464113
      ], 
      "quaternion_xyzw": [
        0.3397929017631886, 
        -0.7617261103422226, 
        -0.16961559848598795, 
        0.5249234853619148
      ], 
      "visibility": 0.9537815126050421
    }
  ]
}