{
  "camera_data": {
    "location_worldframe": [
      -9.418469490749356, 
      8.832813169621646, 
      85.41861341208408
    ], 
    "quaternion_xyzw_worldframe": [
      0.9345476107677592, 
      -0.04830400360259516, 
      0.196395536320479, 
      -0.29277692440552006
    ]
  }, 
  "objects": [
    {
      "bounding_box": {
        "bottom_right": [
          514, 
          493
        ], 
        "top_left": [
          361, 
          340
        ]
      }, 
      "class": "003_cracker_box", 
      "cuboid": [
        [
          2.4944965089412214, 
          28.25445701955206, 
          72.15979525782417
        ], 
        [
          -10.36813872271645, 
          24.50815360815336, 
          62.69428199470855
        ], 
        [
          -18.01207860236332, 
          11.854778693789276, 
          78.08960055390963
        ], 
        [
          -5.14944337070565, 
          15.60108210518798, 
          87.55511381702526
        ], 
        [
          -1.1445054316836707, 
          33.79927342765303, 
          74.9102631110312
        ], 
        [
          -14.00714066334134, 
          30.05297001625432, 
          65.44474984791557
        ], 
        [
          -21.651080542988215, 
          17.39959510189024, 
          80.84006840711666
        ], 
        [
          -8.788445311330543, 
          21.14589851328894, 
          90.30558167023229
        ]
      ], 
      "cuboid_centroid": [
        -9.578292017023497, 
        22.82702606072115, 
        76.49993183247041
      ], 
      "location": [
        -9.578292017023497, 
        22.82702606072115, 
        76.49993183247041
      ], 
      "pose_transform_permuted": [
        [
          0.5068247949341412, 
          -0.7722585711236675, 
          -0.3830735263183784, 
          0.0
        ], 
        [
          0.7841348660323958, 
          0.22838299234232767, 
          0.5770387514553258, 
          0.0
        ], 
        [
          0.3581356434541563, 
          0.5928388551156173, 
          -0.7213050344707721, 
          0.0
        ], 
        [
          -9.578292017023497, 
          22.82702606072115, 
          76.49993183247041, 
          1.0
        ]
      ], 
      "projected_cuboid": [
        [
          500.18706732681085, 
          482.10995809446104
        ], 
        [
          392.6637284644222, 
          481.7693190378947
        ], 
        [
          357.55689358917635, 
          354.2497595462987
        ], 
        [
          449.96915800350143, 
          368.3165395727273
        ], 
        [
          473.3809206968152, 
          513.9186445488065
        ], 
        [
          366.4994293569377, 
          518.1929281711774
        ], 
        [
          337.5698275077118, 
          388.0754661693027
        ], 
        [
          429.2624340423488, 
          398.16831795898497
        ]
      ], 
      "projected_cuboid_centroid": [
        414.2654953969085, 
        432.42524218840254
      ], 
      "quaternion_xyzw": [
        0.8306694961695643, 
        -0.039050624740089857, 
        0.3262018020968168, 
        0.44950597454271957
      ], 
      "visibility": 0.9315045152496166
    }, 
    {
      "bounding_box": {
        "bottom_right": [
          520, 
          383
        ], 
        "top_left": [
          396, 
          290
        ]
      }, 
      "class": "004_sugar_box", 
      "cuboid": [
        [
          -12.317608350234451, 
          28.7133246403791, 
          69.9770802723814
        ], 
        [
          -20.090187923865685, 
          27.76850739542453, 
          65.01879739468147
        ], 
        [
          -27.015403234995862, 
          17.775043339916298, 
          77.77901052345024
        ], 
        [
          -19.242823661364625, 
          18.71986058487087, 
          82.73729340115015
        ], 
        [
          -14.019853318614823, 
          32.40252405968717, 
          71.9425199185157
        ], 
        [
          -21.792432892246058, 
          31.45770681473259, 
          66.98423704081578
        ], 
        [
          -28.717648203376235, 
          21.46424275922436, 
          79.74445016958455
        ], 
        [
          -20.945068629745, 
          22.409060004178933, 
          84.70273304728447
        ]
      ], 
      "cuboid_centroid": [
        -20.51762827680534, 
        25.08878369980173, 
        74.86076522098297
      ], 
      "location": [
        -20.51762827680534, 
        25.08878369980173, 
        74.86076522098297
      ], 
      "pose_transform_permuted": [
        [
          0.37715357358761653, 
          -0.8173880789868093, 
          -0.43546763243813796, 
          0.0
        ], 
        [
          0.8386740410056118, 
          0.10194732512306033, 
          0.5350068272825402, 
          0.0
        ], 
        [
          0.39291334194395805, 
          0.5669954193822395, 
          -0.7239714231388268, 
          0.0
        ], 
        [
          -20.51762827680534, 
          25.08878369980173, 
          74.86076522098297, 
          1.0
        ]
      ], 
      "projected_cuboid": [
        [
          386.9379817208874, 
          492.1207372515161
        ], 
        [
          315.43311944875995, 
          501.0589573867822
        ], 
        [
          294.81259229870403, 
          395.1674752818019
        ], 
        [
          356.52531801023343, 
          393.9536257448657
        ], 
        [
          376.7998968836022, 
          513.490810013861
        ], 
        [
          306.64268000877354, 
          523.7486142417123
        ], 
        [
          287.93697303755073, 
          416.83635213263915
        ], 
        [
          348.62019982512436, 
          414.38222770391747
        ]
      ], 
      "projected_cuboid_centroid": [
        334.20821746866403, 
        452.0228843913549
      ], 
      "quaternion_xyzw": [
        0.84278364554997, 
        -0.08631100590206159, 
        0.2705796457034101, 
        0.45722277308780745
      ], 
      "visibility": 0.6793147062205358
    }, 
    {
      "bounding_box": {
        "bottom_right": [
          417, 
          358
        ], 
        "top_left": [
          318, 
          223
        ]
      }, 
      "class": "024_bowl", 
      "cuboid": [
        [
          -31.328504129956958, 
          8.774861476952852, 
          59.790978881638715
        ], 
        [
          -30.073388096698224, 
          21.307394523631917, 
          69.84576085653595
        ], 
        [
          -32.192204359962126, 
          18.26140177438908, 
          73.9068499139941
        ], 
        [
          -33.44732039322086, 
          5.728868727710011, 
          63.85206793909687
        ], 
        [
          -16.481157008723194, 
          3.966492822513881, 
          63.93088919924451
        ], 
        [
          -15.22604097546446, 
          16.499025869192945, 
          73.98567117414173
        ], 
        [
          -17.344857238728366, 
          13.453033119950106, 
          78.04676023159989
        ], 
        [
          -18.5999732719871, 
          0.9205000732710398, 
          67.99197825670265
        ]
      ], 
      "cuboid_centroid": [
        -24.336680684342664, 
        11.11394729845148, 
        68.9188695566193
      ], 
      "location": [
        -24.336680684342664, 
        11.11394729845148, 
        68.9188695566193
      ], 
      "pose_transform_permuted": [
        [
          -0.9195510864866521, 
          0.29780004362491813, 
          -0.25639994804643396, 
          0.0
        ], 
        [
          -0.0778781893945897, 
          -0.7776260969825648, 
          -0.6238851183577654, 
          0.0
        ], 
        [
          0.38517630632976063, 
          0.5537262747140137, 
          -0.7382590505598305, 
          0.0
        ], 
        [
          -24.336680684342664, 
          11.11394729845148, 
          68.9188695566193, 
          1.0
        ]
      ], 
      "projected_cuboid": [
        [
          199.8264313094819, 
          351.5559617775752
        ], 
        [
          250.05279476957924, 
          435.98289387263384
        ], 
        [
          247.35884653322225, 
          405.06272914330356
        ], 
        [
          199.9027406166114, 
          321.13648208690614
        ], 
        [
          342.9634082481069, 
          306.3755239982204
        ], 
        [
          370.92676172494504, 
          392.2183995114459
        ], 
        [
          362.0861491169776, 
          365.2156071013915
        ], 
        [
          334.4856507467203, 
          280.506812019241
        ]
      ], 
      "projected_cuboid_centroid": [
        291.7014531463163, 
        359.2903534637357
      ], 
      "quaternion_xyzw": [
        0.6580744702094623, 
        -0.4417442310678799, 
        -0.5863455713276449, 
        0.1673287093156479
      ], 
      "visibility": 0.7913253012048193
    }, 
    {
      "bounding_box": {
        "bottom_right": [
          339, 
          487
        ], 
        "top_left": [
          254, 
          398
        ]
      }, 
      "class": "025_mug", 
      "cuboid": [
        [
          1.8983323389391598, 
          0.05926988727694149, 
          67.1318237458692
        ], 
        [
          -8.693751584609489, 
          3.9777696576031016, 
          64.0789770039058
        ], 
        [
          -12.132690243331187, 
          -1.371167648576436, 
          69.14497558902183
        ], 
        [
          -1.5406063197825413, 
          -5.289667418902596, 
          72.19782233098522
        ], 
        [
          2.242985226104674, 
          6.338254786259484, 
          73.99545312207499
        ], 
        [
          -8.34909869744397, 
          10.256754556585642, 
          70.94260638011161
        ], 
        [
          -11.788037356165674, 
          4.907817250406106, 
          76.00860496522762
        ], 
        [
          -1.1959534326170258, 
          0.9893174800799462, 
          79.06145170719101
        ]
      ], 
      "cuboid_centroid": [
        -4.944852508613256, 
        2.4835435688415237, 
        71.57021435554842
      ], 
      "location": [
        -4.944852508613256, 
        2.4835435688415237, 
        71.57021435554842
      ], 
      "pose_transform_permuted": [
        [
          -0.03702441739608092, 
          -0.674521428314555, 
          -0.7373269986698433, 
          0.0
        ], 
        [
          0.905383673723803, 
          -0.3349431276366985, 
          0.2609493673298366, 
          0.0
        ], 
        [
          0.42297809937808956, 
          0.6579016260503391, 
          -0.6231010976453331, 
          0.0
        ], 
        [
          -4.944852508613256, 
          2.4835435688415237, 
          71.57021435554842, 
          1.0
        ]
      ], 
      "projected_cuboid": [
        [
          496.8037887974207, 
          273.75739948665523
        ], 
        [
          408.63730912423773, 
          306.3929100699661
        ], 
        [
          387.2370061116921, 
          262.71063492315653
        ], 
        [
          470.1218941296309, 
          234.21218460232527
        ], 
        [
          497.89802675378127, 
          318.96928277203347
        ], 
        [
          418.30865767336763, 
          350.3929250163007
        ], 
        [
          398.19621819147534, 
          307.72257389426596
        ], 
        [
          473.4623750309564, 
          279.9601111919835
        ]
      ], 
      "projected_cuboid_centroid": [
        444.44245420972396, 
        291.7931532381948
      ], 
      "quaternion_xyzw": [
        0.9083793671209163, 
        -0.20859160127585208, 
        0.06162759691566964, 
        0.3571257155676784
      ], 
      "visibility": 0.8815311004784689
    }, 
    {
      "bounding_box": {
        "bottom_right": [
          383, 
          414
        ], 
        "top_left": [
          320, 
          360
        ]
      }, 
      "class": "061_foam_brick", 
      "cuboid": [
        [
          -16.389988628710146, 
          6.611029198623103, 
          75.3533248715307
        ], 
        [
          -13.328918940226252, 
          11.113813528912043, 
          69.78570591934721
        ], 
        [
          -14.845729655791775, 
          15.289714444223412, 
          72.32900459393858
        ], 
        [
          -17.90679934427567, 
          10.786930113934472, 
          77.89662354612207
        ], 
        [
          -11.814855858962506, 
          6.6980195234259385, 
          77.93907993798094
        ], 
        [
          -8.75378617047861, 
          11.200803853714877, 
          72.37146098579744
        ], 
        [
          -10.270596886044133, 
          15.376704769026247, 
          74.91475966038881
        ], 
        [
          -13.331666574528029, 
          10.873920438737308, 
          80.4823786125723
        ]
      ], 
      "cuboid_centroid": [
        -13.33029275737714, 
        10.993866983824676, 
        75.13404226595975
      ], 
      "location": [
        -13.33029275737714, 
        10.993866983824676, 
        75.13404226595975
      ], 
      "pose_transform_permuted": [
        [
          -0.8704590436114399, 
          -0.01655067049245429, 
          -0.4919625277409941, 
          0.0
        ], 
        [
          -0.3930798185983016, 
          -0.5782140976391441, 
          0.714952245609507, 
          0.0
        ], 
        [
          0.29629260808495456, 
          -0.8157171891026942, 
          -0.49680595587876697, 
          0.0
        ], 
        [
          -13.33029275737714, 
          10.993866983824676, 
          75.13404226595975, 
          1.0
        ]
      ], 
      "projected_cuboid": [
        [
          364.62882447664464, 
          320.07666094618884
        ], 
        [
          378.88530445160484, 
          358.2210431296874
        ], 
        [
          371.2195065754335, 
          386.02559999366747
        ], 
        [
          357.9764046465307, 
          347.1393034822861
        ], 
        [
          400.0769336131162, 
          319.11957813469644
        ], 
        [
          416.55110819774836, 
          355.82747277916263
        ], 
        [
          407.87117754730525, 
          382.75358846840305
        ], 
        [
          392.51805945149107, 
          345.342990782616
        ]
      ], 
      "projected_cuboid_centroid": [
        386.1868984850353, 
        351.3236617727742
      ], 
      "quaternion_xyzw": [
        -0.2660664954668279, 
        0.8216993877693335, 
        0.14611647901127844, 
        -0.4823574511613247
      ], 
      "visibility": 0.9695898161244696
    }
  ]
}