{
  "camera_data": {
    "location_worldframe": [
      -12.672822332081369, 
      3.234476938767235, 
      84.23275089613556
    ], 
    "quaternion_xyzw_worldframe": [
      0.914839945070498, 
      0.00878656511561631, 
      0.06232524379464682, 
      -0.39888543418811334
    ]
  }, 
  "objects": [
    {
      "bounding_box": {
        "bottom_right": [
          481, 
          419
        ], 
        "top_left": [
          315, 
          288
        ]
      }, 
      "class": "003_cracker_box", 
      "cuboid": [
        [
          -8.104086482146661, 
          26.96478210218508, 
          73.70114226795472
        ], 
        [
          -21.69943327453362, 
          21.939062166084195, 
          66.02085578854734
        ], 
        [
          -23.087854735617636, 
          5.326468798060313, 
          79.34930560769308
        ], 
        [
          -9.492507943230674, 
          10.352188734161201, 
          87.02959208710045
        ], 
        [
          -12.09434950530558, 
          30.899548187507587, 
          78.18977395197037
        ], 
        [
          -25.689696297692542, 
          25.8738282514067, 
          70.50948747256298
        ], 
        [
          -27.078117758776553, 
          9.26123488338282, 
          83.83793729170873
        ], 
        [
          -13.482770966389593, 
          14.286954819483705, 
          91.5182237711161
        ]
      ], 
      "cuboid_centroid": [
        -17.591102120461606, 
        18.11300849278395, 
        78.76953977983172
      ], 
      "location": [
        -17.591102120461606, 
        18.11300849278395, 
        78.76953977983172
      ], 
      "pose_transform_permuted": [
        [
          0.5557469524455718, 
          -0.5480175737320272, 
          -0.625157631104605, 
          0.0
        ], 
        [
          0.8288025932255587, 
          0.30637907068308695, 
          0.4682073541818379, 
          0.0
        ], 
        [
          0.0650506441939539, 
          0.7783370760334047, 
          -0.6244676210675151, 
          0.0
        ], 
        [
          -17.591102120461606, 
          18.11300849278395, 
          78.76953977983172, 
          1.0
        ]
      ], 
      "projected_cuboid": [
        [
          422.46520258063464, 
          468.41032994050363
        ], 
        [
          304.84724841421473, 
          450.51131566466483
        ], 
        [
          325.1266698909394, 
          309.08660072174774
        ], 
        [
          422.9419715895553, 
          336.7250173332212
        ], 
        [
          398.41603846444275, 
          484.04727211095224
        ], 
        [
          285.66607040856456, 
          468.9909714231273
        ], 
        [
          307.90914366471776, 
          332.200176451215
        ], 
        [
          402.37187452160475, 
          356.543319801941
        ]
      ], 
      "projected_cuboid_centroid": [
        361.5016390596187, 
        395.92305669599955
      ], 
      "quaternion_xyzw": [
        0.8989295440082565, 
        0.06711550090262593, 
        0.28477045655371314, 
        0.3260781678093264
      ], 
      "visibility": 0.925169686430695
    }, 
    {
      "bounding_box": {
        "bottom_right": [
          457, 
          324
        ], 
        "top_left": [
          333, 
          243
        ]
      }, 
      "class": "004_sugar_box", 
      "cuboid": [
        [
          -22.816724480352413, 
          24.210814009390482, 
          74.27395043548324
        ], 
        [
          -31.131277442993227, 
          22.299980203261544, 
          70.65356852926382
        ], 
        [
          -32.94454830041724, 
          8.860294521144747, 
          81.91135994629457
        ], 
        [
          -24.62999533777642, 
          10.771128327273685, 
          85.53174185251397
        ], 
        [
          -24.755548234916507, 
          26.97855763334426, 
          77.26582960603758
        ], 
        [
          -33.07010119755732, 
          25.06772382721532, 
          73.64544769981818
        ], 
        [
          -34.88337205498133, 
          11.628038145098522, 
          84.90323911684892
        ], 
        [
          -26.56881909234052, 
          13.53887195122746, 
          88.52362102306833
        ]
      ], 
      "cuboid_centroid": [
        -28.85004826766687, 
        17.919426077244502, 
        79.58859477616608
      ], 
      "location": [
        -28.85004826766687, 
        17.919426077244502, 
        79.58859477616608
      ], 
      "pose_transform_permuted": [
        [
          0.42957055016949275, 
          -0.6132280711287441, 
          -0.6628880930049448, 
          0.0
        ], 
        [
          0.8971538555861163, 
          0.2061820911185082, 
          0.3906451255350879, 
          0.0
        ], 
        [
          0.10287886808298854, 
          0.7625224023792975, 
          -0.6387290863670897, 
          0.0
        ], 
        [
          -28.85004826766687, 
          17.919426077244502, 
          79.58859477616608, 
          1.0
        ]
      ], 
      "projected_cuboid": [
        [
          316.39765048722353, 
          447.1308152821037
        ], 
        [
          244.6482328788491, 
          441.6151361583596
        ], 
        [
          265.30969856770497, 
          330.9753443190263
        ], 
        [
          326.74081381078645, 
          340.44819686229755
        ], 
        [
          309.3004258098877, 
          459.5033065702964
        ], 
        [
          240.1169634660662, 
          454.81993128868874
        ], 
        [
          260.65117225593303, 
          346.32804406705463
        ], 
        [
          320.1965893336919, 
          354.85285284958263
        ]
      ], 
      "projected_cuboid_centroid": [
        286.6631352309569, 
        393.36380373866535
      ], 
      "quaternion_xyzw": [
        0.9113951326085682, 
        0.028336563181945086, 
        0.2249890432695706, 
        0.3434177758642728
      ], 
      "visibility": 0.585195530726257
    }, 
    {
      "bounding_box": {
        "bottom_right": [
          356, 
          309
        ], 
        "top_left": [
          271, 
          176
        ]
      }, 
      "class": "024_bowl", 
      "cuboid": [
        [
          -39.18015604458292, 
          2.3704984601275116, 
          63.41335419417684
        ], 
        [
          -38.30856592909269, 
          12.880476551595201, 
          75.60019269204876
        ], 
        [
          -38.83138440657798, 
          8.75213606457095, 
          79.19788141973412
        ], 
        [
          -39.70297452206821, 
          -1.7578420268967394, 
          67.0110429218622
        ], 
        [
          -23.130684106694822, 
          0.6389903989216211, 
          63.75877197330861
        ], 
        [
          -22.259093991204594, 
          11.148968490389311, 
          75.94561047118053
        ], 
        [
          -22.781912468689885, 
          7.02062800336506, 
          79.5432991988659
        ], 
        [
          -23.65350258418012, 
          -3.489350088102631, 
          67.35646070099396
        ]
      ], 
      "cuboid_centroid": [
        -30.981034256636402, 
        4.695563231746285, 
        71.47832669652136
      ], 
      "location": [
        -30.981034256636402, 
        4.695563231746285, 
        71.47832669652136
      ], 
      "pose_transform_permuted": [
        [
          -0.9940031197166264, 
          0.10723869428937861, 
          -0.02139299980655602, 
          0.0
        ], 
        [
          -0.05408094414375812, 
          -0.6521293989171617, 
          -0.7561762351121999, 
          0.0
        ], 
        [
          0.09504235621097482, 
          0.7504845831294942, 
          -0.6540182268185005, 
          0.0
        ], 
        [
          -30.981034256636402, 
          4.695563231746285, 
          71.47832669652136, 
          1.0
        ]
      ], 
      "projected_cuboid": [
        [
          149.33774609643905, 
          293.22292625056645
        ], 
        [
          209.09818255204536, 
          364.15152312141294
        ], 
        [
          217.92686830578936, 
          332.2235382412813
        ], 
        [
          162.98046252276023, 
          259.2964322288887
        ], 
        [
          286.5047039987081, 
          278.6314667285872
        ], 
        [
          323.9824322116574, 
          351.5789263261047
        ], 
        [
          327.576643670166, 
          320.3582390306131
        ], 
        [
          292.75100366143533, 
          245.6583236251897
        ]
      ], 
      "projected_cuboid_centroid": [
        248.512633183387, 
        308.32143514881056
      ], 
      "quaternion_xyzw": [
        -0.6553237060400554, 
        0.28503919064789146, 
        0.6676774160226434, 
        -0.20859139059426193
      ], 
      "visibility": 0.727748082732977
    }, 
    {
      "bounding_box": {
        "bottom_right": [
          323, 
          447
        ], 
        "top_left": [
          238, 
          356
        ]
      }, 
      "class": "025_mug", 
      "cuboid": [
        [
          -4.094999583623415, 
          0.783835964633128, 
          62.78819747396216
        ], 
        [
          -15.664692342003997, 
          2.502518583875391, 
          62.55347411668646
        ], 
        [
          -16.764872183799014, 
          -4.3182631962810625, 
          66.83930090873965
        ], 
        [
          -5.19517942541843, 
          -6.036945815523325, 
          67.07402426601534
        ], 
        [
          -3.5307956216931835, 
          5.6619362543876655, 
          70.69639933283224
        ], 
        [
          -15.100488380073768, 
          7.380618873629928, 
          70.46167597555655
        ], 
        [
          -16.20066822186878, 
          0.559837093473475, 
          74.74750276760973
        ], 
        [
          -4.630975463488199, 
          -1.158845525768788, 
          74.98222612488543
        ]
      ], 
      "cuboid_centroid": [
        -10.147833902746099, 
        0.6718365290533015, 
        68.76785012078595
      ], 
      "location": [
        -10.147833902746099, 
        0.6718365290533015, 
        68.76785012078595
      ], 
      "pose_transform_permuted": [
        [
          -0.06060974319648035, 
          -0.524031069964837, 
          -0.8495404430912457, 
          0.0
        ], 
        [
          0.9889471240073849, 
          -0.14690850214236986, 
          0.020063539625719166, 
          0.0
        ], 
        [
          0.13531848766081808, 
          0.8389336362038186, 
          -0.5271425432869441, 
          0.0
        ], 
        [
          -10.147833902746099, 
          0.6718365290533015, 
          68.76785012078595, 
          1.0
        ]
      ], 
      "projected_cuboid": [
        [
          446.52449945868955, 
          279.94439864236676
        ], 
        [
          346.92976227864904, 
          294.622557872846
        ], 
        [
          346.7131774213225, 
          238.83054732096474
        ], 
        [
          439.94487078374135, 
          225.28552028205465
        ], 
        [
          454.73948007224715, 
          315.99905957557644
        ], 
        [
          366.35003318085006, 
          329.1499350228978
        ], 
        [
          365.042855092286, 
          277.2809468149087
        ], 
        [
          448.38423854312873, 
          265.04411781464273
        ]
      ], 
      "projected_cuboid_centroid": [
        402.24109211725363, 
        278.49687358163976
      ], 
      "quaternion_xyzw": [
        0.9588301730888595, 
        -0.07358628194135704, 
        -0.010571789642409277, 
        0.27407711051307404
      ], 
      "visibility": 0.8608649415101028
    }, 
    {
      "bounding_box": {
        "bottom_right": [
          350, 
          367
        ], 
        "top_left": [
          283, 
          323
        ]
      }, 
      "class": "061_foam_brick", 
      "cuboid": [
        [
          -21.080951073021815, 
          1.1900452563675536, 
          75.29000433999038
        ], 
        [
          -20.280792903295435, 
          7.1995495235570415, 
          70.4023463603835
        ], 
        [
          -22.014328118545244, 
          10.37569211392921, 
          74.02370042380284
        ], 
        [
          -22.814486288271628, 
          4.366187846739721, 
          78.91135840340972
        ], 
        [
          -16.165048637334444, 
          1.9250976830767728, 
          76.99855273377176
        ], 
        [
          -15.364890467608063, 
          7.934601950266263, 
          72.11089475416489
        ], 
        [
          -17.098425682857876, 
          11.110744540638429, 
          75.73224881758422
        ], 
        [
          -17.898583852584256, 
          5.1012402734489415, 
          80.61990679719109
        ]
      ], 
      "cuboid_centroid": [
        -19.089688377939844, 
        6.1503948985029915, 
        75.5111265787873
      ], 
      "location": [
        -19.089688377939844, 
        6.1503948985029915, 
        75.5111265787873
      ], 
      "pose_transform_permuted": [
        [
          -0.9352934544217835, 
          -0.13985015617216015, 
          -0.32506628237082663, 
          0.0
        ], 
        [
          -0.10275036513846107, 
          -0.771695873537115, 
          0.6276367111870543, 
          0.0
        ], 
        [
          0.3386274008105081, 
          -0.6204251869358718, 
          -0.7073924447122039, 
          0.0
        ], 
        [
          -19.089688377939844, 
          6.1503948985029915, 
          75.5111265787873, 
          1.0
        ]
      ], 
      "projected_cuboid": [
        [
          331.0249307692995, 
          281.71626840374626
        ], 
        [
          326.68347260774357, 
          327.82535592464086
        ], 
        [
          321.6683777375644, 
          348.0404311485149
        ], 
        [
          326.1212281179853, 
          302.7952618151582
        ], 
        [
          368.69908342929784, 
          286.6204547558467
        ], 
        [
          367.01403335829747, 
          331.9694681984473
        ], 
        [
          360.1835598361514, 
          351.53032104150606
        ], 
        [
          362.2070232913543, 
          307.03243827298013
        ]
      ], 
      "projected_cuboid_centroid": [
        345.6469384900188, 
        316.72551435778576
      ], 
      "quaternion_xyzw": [
        0.387908085213654, 
        -0.7155839982918077, 
        -0.1982794088097417, 
        0.5460330895253932
      ], 
      "visibility": 0.8640625
    }
  ]
}