{
  "camera_data": {
    "location_worldframe": [
      -21.276301036939767, 
      -3.638783106696062, 
      95.03629507851316
    ], 
    "quaternion_xyzw_worldframe": [
      0.9528433650923342, 
      0.03329147802840181, 
      -0.05885818830457062, 
      -0.29583179350139777
    ]
  }, 
  "objects": [
    {
      "bounding_box": {
        "bottom_right": [
          409, 
          372
        ], 
        "top_left": [
          257, 
          216
        ]
      }, 
      "class": "003_cracker_box", 
      "cuboid": [
        [
          -22.3617504238326, 
          17.30762594448101, 
          79.0680719010363
        ], 
        [
          -36.25336734363091, 
          9.247101402234614, 
          75.73205044658296
        ], 
        [
          -32.61697773670893, 
          -3.835346100107627, 
          92.1995877585651
        ], 
        [
          -18.72536081691062, 
          4.225178442138769, 
          95.53560921301846
        ], 
        [
          -25.978893108333256, 
          21.75018714287179, 
          83.39615765959732
        ], 
        [
          -39.87051002813157, 
          13.689662600625397, 
          80.06013620514398
        ], 
        [
          -36.23412042120959, 
          0.6072150982831537, 
          96.52767351712612
        ], 
        [
          -22.342503501411276, 
          8.66773964052955, 
          99.86369497157948
        ]
      ], 
      "cuboid_centroid": [
        -29.297935422521093, 
        8.957420521382083, 
        87.79787270908122
      ], 
      "location": [
        -29.297935422521093, 
        8.957420521382083, 
        87.79787270908122
      ], 
      "pose_transform_permuted": [
        [
          0.5037803302200952, 
          -0.6187411287750328, 
          -0.6027974738214569, 
          0.0
        ], 
        [
          0.8468638794614709, 
          0.49138751260931607, 
          0.20337129127557912, 
          0.0
        ], 
        [
          -0.1703729689440172, 
          0.6129418634861119, 
          -0.7715408760651463, 
          0.0
        ], 
        [
          -29.297935422521093, 
          8.957420521382083, 
          87.79787270908122, 
          1.0
        ]
      ], 
      "projected_cuboid": [
        [
          329.50856530586674, 
          390.0276653728537
        ], 
        [
          224.1663463395813, 
          338.40639458507485
        ], 
        [
          291.35503631709423, 
          251.10135003045707
        ], 
        [
          376.1931746714253, 
          296.8732448036083
        ], 
        [
          314.07719374249086, 
          412.3792859744343
        ], 
        [
          213.7868119357099, 
          364.4800519821029
        ], 
        [
          279.7336503510382, 
          276.6414277380411
        ], 
        [
          361.2831306442548, 
          319.5763862935653
        ]
      ], 
      "projected_cuboid_centroid": [
        302.1465313986064, 
        327.6975120899006
      ], 
      "quaternion_xyzw": [
        0.8750147451284805, 
        0.18907123715274232, 
        0.20203991573646038, 
        0.3972167362265537
      ], 
      "visibility": 0.8853441174267955
    }, 
    {
      "bounding_box": {
        "bottom_right": [
          372, 
          292
        ], 
        "top_left": [
          271, 
          190
        ]
      }, 
      "class": "004_sugar_box", 
      "cuboid": [
        [
          -36.125720491340005, 
          13.260048571891787, 
          83.3742183571393
        ], 
        [
          -44.59260883534024, 
          9.706567308659272, 
          82.11930217182103
        ], 
        [
          -42.231330075363715, 
          -0.8372644686645586, 
          96.04420590919136
        ], 
        [
          -33.76444173136348, 
          2.716216794567957, 
          97.29912209450961
        ], 
        [
          -37.858554693512936, 
          16.43587741428362, 
          86.07276983561948
        ], 
        [
          -46.32544303751317, 
          12.882396151051104, 
          84.81785365030123
        ], 
        [
          -43.964164277536646, 
          2.3385643737272748, 
          98.74275738767156
        ], 
        [
          -35.49727593353641, 
          5.892045636959789, 
          99.99767357298981
        ]
      ], 
      "cuboid_centroid": [
        -40.04494238443833, 
        7.799306472809531, 
        91.05848787240542
      ], 
      "location": [
        -40.04494238443833, 
        7.799306472809531, 
        91.05848787240542
      ], 
      "pose_transform_permuted": [
        [
          0.3839309993121561, 
          -0.7036444338269036, 
          -0.5978976895360268, 
          0.0
        ], 
        [
          0.913591092241276, 
          0.3834264368014219, 
          0.13540750767412316, 
          0.0
        ], 
        [
          -0.13397098677243166, 
          0.5982214262515274, 
          -0.7900520370687489, 
          0.0
        ], 
        [
          -40.04494238443833, 
          7.799306472809531, 
          91.05848787240542, 
          1.0
        ]
      ], 
      "projected_cuboid": [
        [
          248.58603785837477, 
          358.1070462457254
        ], 
        [
          189.57923822793492, 
          336.3253399946993
        ], 
        [
          245.13835173558977, 
          268.63732949243615
        ], 
        [
          294.983855597903, 
          288.1747669551188
        ], 
        [
          245.06502162381867, 
          375.12565978939085
        ], 
        [
          187.88347810938342, 
          354.28875449413454
        ], 
        [
          242.1633501331216, 
          285.9173598261049
        ], 
        [
          290.7010507655378, 
          304.71070227296866
        ]
      ], 
      "projected_cuboid_centroid": [
        245.10369419854973, 
        318.9662211640868
      ], 
      "quaternion_xyzw": [
        0.8817185219826154, 
        0.14670141623271216, 
        0.14725178558643204, 
        0.42351851346418234
      ], 
      "visibility": 0.417946505608283
    }, 
    {
      "bounding_box": {
        "bottom_right": [
          277, 
          263
        ], 
        "top_left": [
          192, 
          164
        ]
      }, 
      "class": "024_bowl", 
      "cuboid": [
        [
          -50.79311647463687, 
          -12.085663687163995, 
          81.09951023878604
        ], 
        [
          -49.22473677709838, 
          1.0175967904641634, 
          90.35062321861399
        ], 
        [
          -48.44000128253839, 
          -2.1850030493130155, 
          94.75374063566693
        ], 
        [
          -50.008380980076886, 
          -15.288263526941176, 
          85.50262765583896
        ], 
        [
          -34.88938900973061, 
          -12.02120634992882, 
          78.31198785019764
        ], 
        [
          -33.32100931219211, 
          1.0820541276993403, 
          87.5631008300256
        ], 
        [
          -32.536273817632136, 
          -2.1205457120778384, 
          91.96621824707853
        ], 
        [
          -34.104653515170625, 
          -15.223806189705996, 
          82.71510526725058
        ]
      ], 
      "cuboid_centroid": [
        -41.6646951461345, 
        -7.103104699620917, 
        86.53286424293228
      ], 
      "location": [
        -41.6646951461345, 
        -7.103104699620917, 
        86.53286424293228
      ], 
      "pose_transform_permuted": [
        [
          -0.984976625799191, 
          -0.003992081144373348, 
          0.1726415648601963, 
          0.0
        ], 
        [
          -0.09731576036870951, 
          -0.8130389335509418, 
          -0.5740185844676176, 
          0.0
        ], 
        [
          -0.14265584254807281, 
          0.5821956336305556, 
          -0.8004358530003609, 
          0.0
        ], 
        [
          -41.6646951461345, 
          -7.103104699620917, 
          86.53286424293228, 
          1.0
        ]
      ], 
      "projected_cuboid": [
        [
          144.79219428194932, 
          193.80984199391304
        ], 
        [
          188.6130111818685, 
          279.2931849396251
        ], 
        [
          206.68138198604098, 
          260.98829088670624
        ], 
        [
          167.07214023492085, 
          177.92654080780358
        ], 
        [
          242.01359626878946, 
          191.41982848068574
        ], 
        [
          276.9579040195917, 
          279.87699276070856
        ], 
        [
          291.34419509194635, 
          260.98932084217734
        ], 
        [
          259.8690613599442, 
          175.12848154011778
        ]
      ], 
      "projected_cuboid_centroid": [
        222.66915703450863, 
        229.5086638666045
      ], 
      "quaternion_xyzw": [
        -0.5727648532342156, 
        0.29260833971281375, 
        0.68046913208085, 
        -0.3511161385001163
      ], 
      "visibility": 0.6857099788965934
    }, 
    {
      "bounding_box": {
        "bottom_right": [
          250, 
          375
        ], 
        "top_left": [
          175, 
          291
        ]
      }, 
      "class": "025_mug", 
      "cuboid": [
        [
          -16.614177694877068, 
          -10.142535397610684, 
          73.23225580927704
        ], 
        [
          -28.146330378631145, 
          -9.73084341788644, 
          75.1575401300657
        ], 
        [
          -27.390957957903655, 
          -15.434762705221466, 
          80.90179711751489
        ], 
        [
          -15.858805274149573, 
          -15.84645468494571, 
          78.97651279672624
        ], 
        [
          -15.307986409808915, 
          -3.5171074198334087, 
          79.63939351860525
        ], 
        [
          -26.840139093562996, 
          -3.105415440109166, 
          81.5646778393939
        ], 
        [
          -26.084766672835503, 
          -8.809334727444192, 
          87.3089348268431
        ], 
        [
          -14.552613989081422, 
          -9.221026707168436, 
          85.38365050605444
        ]
      ], 
      "cuboid_centroid": [
        -21.349472183856285, 
        -9.475935062527437, 
        80.27059531806006
      ], 
      "location": [
        -21.349472183856285, 
        -9.475935062527437, 
        80.27059531806006
      ], 
      "pose_transform_permuted": [
        [
          -0.1403179057492177, 
          -0.7117381574670939, 
          -0.6882882740814382, 
          0.0
        ], 
        [
          0.9857382964600837, 
          -0.03519035533854442, 
          -0.164568276072956, 
          0.0
        ], 
        [
          -0.09290831345061179, 
          0.7015632375541715, 
          -0.7065246414699713, 
          0.0
        ], 
        [
          -21.349472183856285, 
          -9.475935062527437, 
          80.27059531806006, 
          1.0
        ]
      ], 
      "projected_cuboid": [
        [
          359.59472394451797, 
          199.42273724532475
        ], 
        [
          280.2056493537456, 
          204.236255780211
        ], 
        [
          299.5260629141713, 
          171.53773257063276
        ], 
        [
          373.61186514820963, 
          166.27719674769565
        ], 
        [
          378.2300805727751, 
          249.73359288428952
        ], 
        [
          304.6373676683867, 
          252.9814388629985
        ], 
        [
          320.932539660456, 
          219.4754276503633
        ], 
        [
          389.9416746331683, 
          215.69056860403845
        ]
      ], 
      "projected_cuboid_centroid": [
        338.5686301766479, 
        210.32821908920027
      ], 
      "quaternion_xyzw": [
        0.9186389127529507, 
        0.015707466043186614, 
        -0.08297225862893713, 
        0.38596851800204507
      ], 
      "visibility": 0.726487747957993
    }, 
    {
      "bounding_box": {
        "bottom_right": [
          281, 
          324
        ], 
        "top_left": [
          223, 
          274
        ]
      }, 
      "class": "061_foam_brick", 
      "cuboid": [
        [
          -30.814442956826166, 
          -8.57713262654149, 
          88.75262727197703
        ], 
        [
          -31.85312841907237, 
          -3.829349493344849, 
          82.66795119265981
        ], 
        [
          -33.32929194128466, 
          -0.0901500700631018, 
          85.83758212987478
        ], 
        [
          -32.29060647903845, 
          -4.837933203259741, 
          91.922258209192
        ], 
        [
          -25.830761276330637, 
          -6.958879517121433, 
          89.16458627776119
        ], 
        [
          -26.86944673857684, 
          -2.211096383924794, 
          83.07991019844397
        ], 
        [
          -28.34561026078913, 
          1.5281030393569532, 
          86.24954113565893
        ], 
        [
          -27.306924798542926, 
          -3.2196800938396866, 
          92.33421721497615
        ]
      ], 
      "cuboid_centroid": [
        -29.580026608807646, 
        -3.524514793592268, 
        87.50108420381798
      ], 
      "location": [
        -29.580026608807646, 
        -3.524514793592268, 
        87.50108420381798
      ], 
      "pose_transform_permuted": [
        [
          -0.9481890488409306, 
          -0.30788681440270366, 
          -0.07837880564978014, 
          0.0
        ], 
        [
          0.13338026723679364, 
          -0.6096750230032635, 
          0.7813488789508894, 
          0.0
        ], 
        [
          0.2883526174148111, 
          -0.730412264302103, 
          -0.6191532057472545, 
          0.0
        ], 
        [
          -29.580026608807646, 
          -3.524514793592268, 
          87.50108420381798, 
          1.0
        ]
      ], 
      "projected_cuboid": [
        [
          294.88824525140745, 
          221.74606038889135
        ], 
        [
          274.38900271130706, 
          248.58207819813
        ], 
        [
          272.79232995315283, 
          272.72642437389965
        ], 
        [
          292.69041453779073, 
          245.21755262752328
        ], 
        [
          325.80815617944427, 
          231.66343537601142
        ], 
        [
          307.6750992732118, 
          259.0927214617819
        ], 
        [
          304.862804074182, 
          282.73548420493546
        ], 
        [
          322.5587186723059, 
          254.68976532896178
        ]
      ], 
      "projected_cuboid_centroid": [
        299.80419074695715, 
        251.8046011837065
      ], 
      "quaternion_xyzw": [
        0.3468958087756576, 
        -0.647188303879769, 
        -0.12023795450202399, 
        0.6680968728203112
      ], 
      "visibility": 0.6637426900584795
    }
  ]
}