{
  "camera_data": {
    "location_worldframe": [
      -15.174564950615924, 
      0.9244870624377552, 
      87.83643566999177
    ], 
    "quaternion_xyzw_worldframe": [
      0.8953310560167316, 
      0.02500960134226405, 
      0.025184063206407016, 
      -0.44398650269071427
    ]
  }, 
  "objects": [
    {
      "bounding_box": {
        "bottom_right": [
          454, 
          405
        ], 
        "top_left": [
          297, 
          272
        ]
      }, 
      "class": "003_cracker_box", 
      "cuboid": [
        [
          -12.701304968827486, 
          25.78990218672832, 
          79.43947112577256
        ], 
        [
          -26.366725192264646, 
          20.59538740910296, 
          71.99961749622697
        ], 
        [
          -25.958846347597873, 
          2.7539610696164174, 
          83.70733666637896
        ], 
        [
          -12.293426124160716, 
          7.948475847241777, 
          91.14719029592455
        ], 
        [
          -16.670629464148988, 
          29.008705214442887, 
          84.48289929067775
        ], 
        [
          -30.33604968758614, 
          23.81419043681753, 
          77.04304566113215
        ], 
        [
          -29.92817084291937, 
          5.9727640973309875, 
          88.75076483128416
        ], 
        [
          -16.262750619482212, 
          11.167278874956347, 
          96.19061846082974
        ]
      ], 
      "cuboid_centroid": [
        -21.31473790587343, 
        15.881333142029652, 
        84.09511797852835
      ], 
      "location": [
        -21.31473790587343, 
        15.881333142029652, 
        84.09511797852835
      ], 
      "pose_transform_permuted": [
        [
          0.5528307228720307, 
          -0.4483012680599696, 
          -0.7024273378112579, 
          0.0
        ], 
        [
          0.8330744255118183, 
          0.31666917982961634, 
          0.45355003263608235, 
          0.0
        ], 
        [
          -0.019110034195195746, 
          0.8359106433117482, 
          -0.5485327729417787, 
          0.0
        ], 
        [
          -21.31473790587343, 
          15.881333142029652, 
          84.09511797852835, 
          1.0
        ]
      ], 
      "projected_cuboid": [
        [
          395.6158220650104, 
          446.4279208397642
        ], 
        [
          284.664410714764, 
          425.8418404987943
        ], 
        [
          314.82872995826796, 
          290.8326866012528
        ], 
        [
          409.0664490851856, 
          319.79458515144705
        ], 
        [
          375.4825210059744, 
          456.41129699415586
        ], 
        [
          269.85004086443735, 
          438.1369019349098
        ], 
        [
          300.2544809078355, 
          309.1779701828771
        ], 
        [
          390.67840932402237, 
          335.2024359145889
        ]
      ], 
      "projected_cuboid_centroid": [
        345.29546954943856, 
        374.00375171638615
      ], 
      "quaternion_xyzw": [
        0.918070314114723, 
        0.09143613753283082, 
        0.27404784253332104, 
        0.2714481738697148
      ], 
      "visibility": 0.9090099828320722
    }, 
    {
      "bounding_box": {
        "bottom_right": [
          425, 
          316
        ], 
        "top_left": [
          308, 
          234
        ]
      }, 
      "class": "004_sugar_box", 
      "cuboid": [
        [
          -27.156932094560897, 
          22.004865860754204, 
          80.4797045482252
        ], 
        [
          -35.52642521999203, 
          19.882393838460153, 
          77.11266738062143
        ], 
        [
          -35.857252207648486, 
          5.357466726796822, 
          87.09104480037038
        ], 
        [
          -27.48775908221735, 
          7.479938749090877, 
          90.45808196797415
        ], 
        [
          -29.093441487377845, 
          24.343214690378428, 
          83.81929126111687
        ], 
        [
          -37.46293461280898, 
          22.220742668084377, 
          80.4522540935131
        ], 
        [
          -37.79376160046543, 
          7.695815556421046, 
          90.43063151326204
        ], 
        [
          -29.4242684750343, 
          9.818287578715099, 
          93.79766868086581
        ]
      ], 
      "cuboid_centroid": [
        -32.475346847513165, 
        14.850340708587625, 
        85.45516803074362
      ], 
      "location": [
        -32.475346847513165, 
        14.850340708587625, 
        85.45516803074362
      ], 
      "pose_transform_permuted": [
        [
          0.4290577744998776, 
          -0.5180903064887947, 
          -0.7399270295809529, 
          0.0
        ], 
        [
          0.9030819889560442, 
          0.22901820058525163, 
          0.36330881412270816, 
          0.0
        ], 
        [
          0.01877000663306967, 
          0.8240953380559468, 
          -0.566139454591463, 
          0.0
        ], 
        [
          -32.475346847513165, 
          14.850340708587625, 
          85.45516803074362, 
          1.0
        ]
      ], 
      "projected_cuboid": [
        [
          300.1349104494478, 
          419.10747450788773
        ], 
        [
          233.8448668434604, 
          410.79533328783174
        ], 
        [
          260.18808199208013, 
          306.0940663345273
        ], 
        [
          318.18516113904514, 
          317.3864981953074
        ], 
        [
          294.94068306835095, 
          428.1758590003175
        ], 
        [
          231.18496487650842, 
          420.5882804996921
        ], 
        [
          256.84883117472907, 
          318.67303010286395
        ], 
        [
          312.9008417943248, 
          329.1118597892783
        ]
      ], 
      "projected_cuboid_centroid": [
        277.23174628307646, 
        365.9664507259064
      ], 
      "quaternion_xyzw": [
        0.9310081036963297, 
        0.05645713316496528, 
        0.21277113095919803, 
        0.2911440181819042
      ], 
      "visibility": 0.5566134466090523
    }, 
    {
      "bounding_box": {
        "bottom_right": [
          332, 
          295
        ], 
        "top_left": [
          256, 
          172
        ]
      }, 
      "class": "024_bowl", 
      "cuboid": [
        [
          -42.70736829571303, 
          0.21802669486485488, 
          68.38712393989321
        ], 
        [
          -41.80969138269043, 
          9.577631644494296, 
          81.47644450027612
        ], 
        [
          -41.86938227411617, 
          5.105198543574349, 
          84.67858092363385
        ], 
        [
          -42.76705918713878, 
          -4.25440640605509, 
          71.58926036325096
        ], 
        [
          -26.58708698317514, 
          -0.4477879224089265, 
          67.75767625081602
        ], 
        [
          -25.68941007015253, 
          8.911817027220513, 
          80.8469968111989
        ], 
        [
          -25.749100961578275, 
          4.439383926300568, 
          84.04913323455665
        ], 
        [
          -26.64677787460088, 
          -4.920221023328873, 
          70.95981267417375
        ]
      ], 
      "cuboid_centroid": [
        -34.22823462864565, 
        2.3287053105827114, 
        76.21812858722492
      ], 
      "location": [
        -34.22823462864565, 
        2.3287053105827114, 
        76.21812858722492
      ], 
      "pose_transform_permuted": [
        [
          -0.9983886060167038, 
          0.04123636025436471, 
          0.03898402197047563, 
          0.0
        ], 
        [
          -0.055699593340398396, 
          -0.5807503590192145, 
          -0.812173981238483, 
          0.0
        ], 
        [
          0.010851114124205065, 
          0.8130366431422544, 
          -0.5821113898818999, 
          0.0
        ], 
        [
          -34.22823462864565, 
          2.3287053105827114, 
          76.21812858722492, 
          1.0
        ]
      ], 
      "projected_cuboid": [
        [
          145.76651149298138, 
          274.98682744130065
        ], 
        [
          205.6431076800541, 
          335.97874979476694
        ], 
        [
          215.69928254947678, 
          305.43991525307894
        ], 
        [
          160.3395863051284, 
          241.592422975846
        ], 
        [
          270.58660490652727, 
          269.7620064251258
        ], 
        [
          310.7207110454603, 
          332.0747024120081
        ], 
        [
          316.8489098337774, 
          301.4558990919656
        ], 
        [
          279.65631148098856, 
          236.307153081978
        ]
      ], 
      "projected_cuboid_centroid": [
        240.09661089825073, 
        289.58114096617146
      ], 
      "quaternion_xyzw": [
        -0.655429826112487, 
        0.2256540096185242, 
        0.6906012341527361, 
        -0.20630546859440174
      ], 
      "visibility": 0.7298793470546487
    }, 
    {
      "bounding_box": {
        "bottom_right": [
          313, 
          424
        ], 
        "top_left": [
          235, 
          335
        ]
      }, 
      "class": "025_mug", 
      "cuboid": [
        [
          -7.682890970669487, 
          1.0753855217894979, 
          65.85229138503055
        ], 
        [
          -19.33227515940524, 
          2.0213529687305933, 
          66.36585650847789
        ], 
        [
          -19.759931318405595, 
          -5.228932897168031, 
          70.01992768193728
        ], 
        [
          -8.11054712966984, 
          -6.174900344109126, 
          69.50636255848994
        ], 
        [
          -6.980190133069199, 
          5.219882231604149, 
          74.15790417057315
        ], 
        [
          -18.629574321804952, 
          6.1658496785452455, 
          74.67146929402048
        ], 
        [
          -19.057230480805305, 
          -1.084436187353379, 
          78.32554046747988
        ], 
        [
          -7.407846292069554, 
          -2.0304036342944745, 
          77.81197534403253
        ]
      ], 
      "cuboid_centroid": [
        -13.370060725737396, 
        -0.004525332781940561, 
        72.08891592625521
      ], 
      "location": [
        -13.370060725737396, 
        -0.004525332781940561, 
        72.08891592625521
      ], 
      "pose_transform_permuted": [
        [
          -0.07548780261165872, 
          -0.4452235329953014, 
          -0.8922324052793366, 
          0.0
        ], 
        [
          0.9957589393687474, 
          -0.08085882707467412, 
          -0.043898205633494926, 
          0.0
        ], 
        [
          0.05260029540292599, 
          0.8917612204939893, 
          -0.44943868830641975, 
          0.0
        ], 
        [
          -13.370060725737396, 
          -0.004525332781940561, 
          72.08891592625521, 
          1.0
        ]
      ], 
      "projected_cuboid": [
        [
          418.85692400341486, 
          281.9957893402943
        ], 
        [
          324.94721162493954, 
          289.5302388758469
        ], 
        [
          329.8376998841596, 
          233.45941439720272
        ], 
        [
          418.84654885726195, 
          225.9067707713126
        ], 
        [
          430.97946963350967, 
          310.82623718272777
        ], 
        [
          347.43184063828227, 
          317.3243533819823
        ], 
        [
          350.7547822734495, 
          265.90259843932466
        ], 
        [
          430.4009239404215, 
          259.3702479101005
        ]
      ], 
      "projected_cuboid_centroid": [
        381.85999465959503, 
        273.2530592064813
      ], 
      "quaternion_xyzw": [
        0.9720792875509272, 
        -0.03432310619791088, 
        -0.030703773286317192, 
        0.23008982722894653
      ], 
      "visibility": 0.8545563072025467
    }, 
    {
      "bounding_box": {
        "bottom_right": [
          333, 
          353
        ], 
        "top_left": [
          269, 
          309
        ]
      }, 
      "class": "061_foam_brick", 
      "cuboid": [
        [
          -23.92901353412299, 
          -0.8395198807870146, 
          79.17061457089632
        ], 
        [
          -23.783461629116914, 
          5.6408669280476085, 
          74.85471413061799
        ], 
        [
          -25.505479872419436, 
          8.339932951465656, 
          78.84932639221417
        ], 
        [
          -25.65103177742551, 
          1.8595461426310338, 
          83.1652268324925
        ], 
        [
          -18.980270491273014, 
          0.06367860957461266, 
          80.69367439373765
        ], 
        [
          -18.83471858626694, 
          6.544065418409235, 
          76.37777395345934
        ], 
        [
          -20.55673682956946, 
          9.243131441827284, 
          80.37238621505551
        ], 
        [
          -20.702288734575536, 
          2.7627446329926606, 
          84.68828665533383
        ]
      ], 
      "cuboid_centroid": [
        -22.242875181846227, 
        4.201805780520135, 
        79.77150039297591
      ], 
      "location": [
        -22.242875181846227, 
        4.201805780520135, 
        79.77150039297591
      ], 
      "pose_transform_permuted": [
        [
          -0.9415416673023809, 
          -0.17184141612459553, 
          -0.2897754586533267, 
          0.0
        ], 
        [
          -0.018690693855049692, 
          -0.8321631097935529, 
          0.5542158574616391, 
          0.0
        ], 
        [
          0.33637768459972056, 
          -0.5272334268642465, 
          -0.7803044065621529, 
          0.0
        ], 
        [
          -22.242875181846227, 
          4.201805780520135, 
          79.77150039297591, 
          1.0
        ]
      ], 
      "projected_cuboid": [
        [
          319.0599645154285, 
          267.631252932659
        ], 
        [
          310.7342178837331, 
          313.4761884761357
        ], 
        [
          307.64594027993263, 
          329.6960188085303
        ], 
        [
          315.73205032707193, 
          285.21138219154
        ], 
        [
          355.1075196381873, 
          273.70740181952925
        ], 
        [
          348.9847472554885, 
          318.98148378225676
        ], 
        [
          344.0538915091831, 
          334.62032735731947
        ], 
        [
          350.1391496230975, 
          290.68476239082196
        ]
      ], 
      "projected_cuboid_centroid": [
        331.65106248573704, 
        301.37809068376384
      ], 
      "quaternion_xyzw": [
        0.4312340831654051, 
        -0.6774399566331731, 
        -0.22454498899857261, 
        0.5519889660029151
      ], 
      "visibility": 0.7656320287899235
    }
  ]
}