{
  "camera_data": {
    "location_worldframe": [
      -13.55327175253439, 
      -0.5952916994487495, 
      96.80570690833513
    ], 
    "quaternion_xyzw_worldframe": [
      0.9479381487568111, 
      -0.018998309396288743, 
      0.12472184281337724, 
      -0.29240374327385965
    ]
  }, 
  "objects": [
    {
      "bounding_box": {
        "bottom_right": [
          426, 
          441
        ], 
        "top_left": [
          288, 
          327
        ]
      }, 
      "class": "003_cracker_box", 
      "cuboid": [
        [
          -5.302500909441184, 
          19.631926462121324, 
          82.05106576749861
        ], 
        [
          -18.785139362602663, 
          14.478560302316875, 
          74.2575175863766
        ], 
        [
          -23.226420347719063, 
          1.4404981537006742, 
          90.56204167530544
        ], 
        [
          -9.74378189455758, 
          6.593864313505125, 
          98.35558985642746
        ], 
        [
          -9.109454736415763, 
          24.8499160016005, 
          85.18668137852497
        ], 
        [
          -22.592093189577245, 
          19.696549841796053, 
          77.39313319740295
        ], 
        [
          -27.03337417469364, 
          6.658487693179853, 
          93.69765728633179
        ], 
        [
          -13.550735721532162, 
          11.811853852984303, 
          101.49120546745381
        ]
      ], 
      "cuboid_centroid": [
        -16.167937542067413, 
        13.14520707765059, 
        87.8743615269152
      ], 
      "location": [
        -16.167937542067413, 
        13.14520707765059, 
        87.8743615269152
      ], 
      "pose_transform_permuted": [
        [
          0.5302164231186994, 
          -0.7267395075532426, 
          -0.4367152766007653, 
          0.0
        ], 
        [
          0.8219316420644942, 
          0.3141606685221509, 
          0.47511203955159864, 
          0.0
        ], 
        [
          0.20808392640561307, 
          0.6108623106027955, 
          -0.7639033427447728, 
          0.0
        ], 
        [
          -16.167937542067413, 
          13.14520707765059, 
          87.8743615269152, 
          1.0
        ]
      ], 
      "projected_cuboid": [
        [
          446.84439201745073, 
          400.89110642535235
        ], 
        [
          345.55734750501796, 
          377.27196593986406
        ], 
        [
          343.6768886963118, 
          281.76962715079014
        ], 
        [
          428.32246307765837, 
          309.04085527340595
        ], 
        [
          424.0911667762956, 
          428.8618770995587
        ], 
        [
          324.61654250038777, 
          409.01635427848174
        ], 
        [
          326.44296672051365, 
          311.1861182262756
        ], 
        [
          409.79677811054955, 
          335.3558862006974
        ]
      ], 
      "projected_cuboid_centroid": [
        382.65427280501746, 
        353.0663080706178
      ], 
      "quaternion_xyzw": [
        0.8469812910076667, 
        0.0313102376766601, 
        0.29673868636290757, 
        0.4399869472100661
      ], 
      "visibility": 0.9378702962369896
    }, 
    {
      "bounding_box": {
        "bottom_right": [
          411, 
          345
        ], 
        "top_left": [
          313, 
          280
        ]
      }, 
      "class": "004_sugar_box", 
      "cuboid": [
        [
          -20.242705690358648, 
          18.61334323185998, 
          81.69402223973515
        ], 
        [
          -28.427508559934004, 
          16.826354751128395, 
          77.73095321358775
        ], 
        [
          -32.739634396647155, 
          6.454566365790237, 
          91.31338843279514
        ], 
        [
          -24.55483152707179, 
          8.241554846521822, 
          95.27645745894252
        ], 
        [
          -22.04909970475516, 
          22.15725524142519, 
          83.8267227868368
        ], 
        [
          -30.233902574330525, 
          20.370266760693607, 
          79.86365376068942
        ], 
        [
          -34.546028411043665, 
          9.998478375355448, 
          93.44608897989679
        ], 
        [
          -26.361225541468308, 
          11.785466856087032, 
          97.40915800604418
        ]
      ], 
      "cuboid_centroid": [
        -27.394367050701156, 
        14.305910803607713, 
        87.57005560981597
      ], 
      "location": [
        -27.394367050701156, 
        14.305910803607713, 
        87.57005560981597
      ], 
      "pose_transform_permuted": [
        [
          0.4002290918710413, 
          -0.7851978438563505, 
          -0.4725263682212383, 
          0.0
        ], 
        [
          0.8831536084556494, 
          0.19281897807132595, 
          0.42762162592957625, 
          0.0
        ], 
        [
          0.24465546517561546, 
          0.5884602648915591, 
          -0.7706215292886184, 
          0.0
        ], 
        [
          -27.394367050701156, 
          14.305910803607713, 
          87.57005560981597, 
          1.0
        ]
      ], 
      "projected_cuboid": [
        [
          348.3462088171699, 
          394.7992286493786
        ], 
        [
          284.92778115356805, 
          388.733784299173
        ], 
        [
          288.78638013770524, 
          310.9846970666963
        ], 
        [
          343.0034940356164, 
          319.4194727342125
        ], 
        [
          340.14799352842783, 
          414.2546891475351
        ], 
        [
          278.01628914199927, 
          409.316655141509
        ], 
        [
          282.7914129083466, 
          330.3502886177775
        ], 
        [
          336.0653875633622, 
          337.8125065846715
        ]
      ], 
      "projected_cuboid_centroid": [
        313.36941652843564, 
        360.4124662857268
      ], 
      "quaternion_xyzw": [
        0.8579248570778865, 
        -0.015105194434173958, 
        0.24123637139396392, 
        0.45336702868247947
      ], 
      "visibility": 0.6299645390070922
    }, 
    {
      "bounding_box": {
        "bottom_right": [
          322, 
          336
        ], 
        "top_left": [
          236, 
          222
        ]
      }, 
      "class": "024_bowl", 
      "cuboid": [
        [
          -38.29240122413948, 
          -3.262049615296366, 
          74.05271965089759
        ], 
        [
          -37.0682823294565, 
          9.522487265614526, 
          83.78901725615152
        ], 
        [
          -38.369737333624464, 
          6.363684295025365, 
          88.10040649671438
        ], 
        [
          -39.59385622830745, 
          -6.4208525858855285, 
          78.36410889146045
        ], 
        [
          -22.65250957690438, 
          -6.531024956276302, 
          76.37878340239489
        ], 
        [
          -21.428390682221394, 
          6.253511924634592, 
          86.11508100764883
        ], 
        [
          -22.72984568638936, 
          3.0947089540454296, 
          90.42647024821169
        ], 
        [
          -23.953964581072345, 
          -9.689827926865464, 
          80.69017264295776
        ]
      ], 
      "cuboid_centroid": [
        -30.51112345526442, 
        -0.08367033062546825, 
        82.23959494955464
      ], 
      "location": [
        -30.51112345526442, 
        -0.08367033062546825, 
        82.23959494955464
      ], 
      "pose_transform_permuted": [
        [
          -0.9686362984119069, 
          0.20245972576455706, 
          -0.14406172580605925, 
          0.0
        ], 
        [
          -0.07595486042362225, 
          -0.7932625814273646, 
          -0.60412360993858, 
          0.0
        ], 
        [
          0.23658947689385496, 
          0.5742338690381594, 
          -0.7837607307543283, 
          0.0
        ], 
        [
          -30.51112345526442, 
          -0.08367033062546825, 
          82.23959494955464, 
          1.0
        ]
      ], 
      "projected_cuboid": [
        [
          203.52118435459693, 
          249.79361362545097
        ], 
        [
          243.69013222119645, 
          333.89745222243295
        ], 
        [
          247.38856845799023, 
          311.8093733531684
        ], 
        [
          209.8891213165506, 
          229.58839002634508
        ], 
        [
          322.10638306030086, 
          227.68325193521622
        ], 
        [
          347.78290631158427, 
          312.01518265060395
        ], 
        [
          346.4232299907853, 
          291.538592771113
        ], 
        [
          321.95457716017614, 
          209.24187403180343
        ]
      ], 
      "projected_cuboid_centroid": [
        282.085090135357, 
        272.74394015030134
      ], 
      "quaternion_xyzw": [
        0.6407692124354517, 
        -0.4018030354513023, 
        -0.6136218305389163, 
        0.22679811767966646
      ], 
      "visibility": 0.7896613190730838
    }, 
    {
      "bounding_box": {
        "bottom_right": [
          270, 
          452
        ], 
        "top_left": [
          196, 
          378
        ]
      }, 
      "class": "025_mug", 
      "cuboid": [
        [
          -3.726000115214144, 
          -8.579302739043209, 
          77.33435484787621
        ], 
        [
          -14.94355968593592, 
          -5.763279405881169, 
          75.57278583479284
        ], 
        [
          -17.20071013272271, 
          -11.322410526933984, 
          81.05941541111741
        ], 
        [
          -5.983150562000932, 
          -14.138433860096026, 
          82.82098442420079
        ], 
        [
          -3.172296886442895, 
          -2.1667595105717856, 
          84.05942341746203
        ], 
        [
          -14.38985645716467, 
          0.6492638225902542, 
          82.29785440437867
        ], 
        [
          -16.64700690395146, 
          -4.909867298462562, 
          87.78448398070323
        ], 
        [
          -5.4294473332296835, 
          -7.725890631624602, 
          89.5460529937866
        ]
      ], 
      "cuboid_centroid": [
        -10.186503509582803, 
        -6.744585018752885, 
        82.55941941428972
      ], 
      "location": [
        -10.186503509582803, 
        -6.744585018752885, 
        82.55941941428972
      ], 
      "pose_transform_permuted": [
        [
          -0.059481699469238, 
          -0.688868963245678, 
          -0.7224420714573467, 
          0.0
        ], 
        [
          0.9588476986833652, 
          -0.2407063207837589, 
          0.15057431909481153, 
          0.0
        ], 
        [
          0.27762205166729137, 
          0.68375477120332, 
          -0.6748373206075222, 
          0.0
        ], 
        [
          -10.186503509582803, 
          -6.744585018752885, 
          82.55941941428972, 
          1.0
        ]
      ], 
      "projected_cuboid": [
        [
          455.68738386843205, 
          214.12123984600714
        ], 
        [
          375.26105662960083, 
          232.61488962957173
        ], 
        [
          367.4841934625243, 
          198.79225212838392
        ], 
        [
          442.7479403777548, 
          182.24314233259182
        ], 
        [
          461.302531625555, 
          259.5394144344255
        ], 
        [
          387.56852996143056, 
          277.4940001776006
        ], 
        [
          379.61821234720236, 
          243.45748092828575
        ], 
        [
          448.9908143951443, 
          227.27257495874582
        ]
      ], 
      "projected_cuboid_centroid": [
        415.2456449596253, 
        229.7176842227441
      ], 
      "quaternion_xyzw": [
        0.9172028866810265, 
        -0.1412796394281596, 
        0.02482891761145661, 
        0.37170246181515043
      ], 
      "visibility": 0.8337957124842371
    }, 
    {
      "bounding_box": {
        "bottom_right": [
          306, 
          385
        ], 
        "top_left": [
          252, 
          346
        ]
      }, 
      "class": "061_foam_brick", 
      "cuboid": [
        [
          -21.439564432491927, 
          -3.6728476169910413, 
          87.68515827601871
        ], 
        [
          -19.533139764411285, 
          0.9981294046531433, 
          81.75294841730931
        ], 
        [
          -21.13430671601885, 
          5.055328410396679, 
          84.4329916950204
        ], 
        [
          -23.040731384099495, 
          0.38435138875249286, 
          90.36520155372979
        ], 
        [
          -16.61593326942471, 
          -3.094174229926035, 
          89.69096383860212
        ], 
        [
          -14.709508601344062, 
          1.5768027917181502, 
          83.75875397989273
        ], 
        [
          -16.31067555295163, 
          5.634001797461686, 
          86.43879725760382
        ], 
        [
          -18.217100221032272, 
          0.9630247758174997, 
          92.37100711631321
        ]
      ], 
      "cuboid_centroid": [
        -18.87511999272178, 
        0.9805770902353215, 
        87.06197776681125
      ], 
      "location": [
        -18.87511999272178, 
        0.9805770902353215, 
        87.06197776681125
      ], 
      "pose_transform_permuted": [
        [
          -0.9177380373967654, 
          -0.11009767550325808, 
          -0.38162205984968117, 
          0.0
        ], 
        [
          -0.24480888674952808, 
          -0.5998121530039748, 
          0.7617703000755498, 
          0.0
        ], 
        [
          0.31277068865798646, 
          -0.7925300517693419, 
          -0.523517538730933, 
          0.0
        ], 
        [
          -18.87511999272178, 
          0.9805770902353215, 
          87.06197776681125, 
          1.0
        ]
      ], 
      "projected_cuboid": [
        [
          350.11043514734723, 
          250.94750594161385
        ], 
        [
          353.10971881482254, 
          279.7978867259874
        ], 
        [
          346.9900930222878, 
          305.21843553120567
        ], 
        [
          344.48149729360586, 
          275.55491252070806
        ], 
        [
          381.97219439696835, 
          254.88798767114383
        ], 
        [
          387.15626059495236, 
          283.32656087652396
        ], 
        [
          380.1230239184507, 
          308.0478209415985
        ], 
        [
          375.54105311221736, 
          278.846723888857
        ]
      ], 
      "projected_cuboid_centroid": [
        365.0093160509591, 
        279.2933044074426
      ], 
      "quaternion_xyzw": [
        0.2933782206175212, 
        -0.7776504674930366, 
        -0.1329067108261516, 
        0.5399303439264487
      ], 
      "visibility": 0.9561774023231256
    }
  ]
}