{
  "camera_data": {
    "location_worldframe": [
      -13.301801103544747, 
      0.14633835022281466, 
      95.11782877826087
    ], 
    "quaternion_xyzw_worldframe": [
      0.9465177421280931, 
      -0.021896276143579894, 
      0.1337415301939081, 
      -0.29281086579609733
    ]
  }, 
  "objects": [
    {
      "bounding_box": {
        "bottom_right": [
          433, 
          445
        ], 
        "top_left": [
          293, 
          327
        ]
      }, 
      "class": "003_cracker_box", 
      "cuboid": [
        [
          -4.603068681486501, 
          20.31176621692059, 
          80.5369435592675
        ], 
        [
          -18.01539652176152, 
          15.31824342231227, 
          72.5211898397557
        ], 
        [
          -22.852808543786118, 
          2.2976988872025275, 
          88.72669545003492
        ], 
        [
          -9.440480703511103, 
          7.29122168181085, 
          96.74244916954673
        ], 
        [
          -8.40296976370136, 
          25.564366830148934, 
          83.62293385384692
        ], 
        [
          -21.815297603976376, 
          20.57084403554061, 
          75.60718013433512
        ], 
        [
          -26.65270962600098, 
          7.550299500430866, 
          91.81268574461434
        ], 
        [
          -13.24038178572596, 
          12.54382229503919, 
          99.82843946412613
        ]
      ], 
      "cuboid_centroid": [
        -15.627889153743741, 
        13.93103285867573, 
        86.17481465194092
      ], 
      "location": [
        -15.627889153743741, 
        13.93103285867573, 
        86.17481465194092
      ], 
      "pose_transform_permuted": [
        [
          0.5292341466662842, 
          -0.7315599914775673, 
          -0.4298036724735514, 
          0.0
        ], 
        [
          0.8176453506457119, 
          0.3044162612916832, 
          0.4886581836300759, 
          0.0
        ], 
        [
          0.22664354958802818, 
          0.6100415713134113, 
          -0.7592641060260941, 
          0.0
        ], 
        [
          -15.627889153743741, 
          13.93103285867573, 
          86.17481465194092, 
          1.0
        ]
      ], 
      "projected_cuboid": [
        [
          450.8613024021887, 
          407.79204829181884
        ], 
        [
          348.00808583309004, 
          385.93663673123865
        ], 
        [
          343.08838151201456, 
          287.0975765483537
        ], 
        [
          429.12009672462796, 
          313.4814197684042
        ], 
        [
          427.559084866285, 
          436.3276659777125
        ], 
        [
          326.43347129706217, 
          418.3896081795397
        ], 
        [
          325.48717973187746, 
          317.1445577063762
        ], 
        [
          410.2726955628023, 
          340.3001677013234
        ]
      ], 
      "projected_cuboid_centroid": [
        384.0730245757231, 
        359.5030580556694
      ], 
      "quaternion_xyzw": [
        0.8452056842024719, 
        0.023004078521147376, 
        0.3010782905633301, 
        0.4409648814981613
      ], 
      "visibility": 0.9410187667560321
    }, 
    {
      "bounding_box": {
        "bottom_right": [
          420, 
          347
        ], 
        "top_left": [
          320, 
          280
        ]
      }, 
      "class": "004_sugar_box", 
      "cuboid": [
        [
          -19.54576620845506, 
          19.454328149394858, 
          79.94233516647634
        ], 
        [
          -27.685651711502018, 
          17.762835116316005, 
          75.84705040636297
        ], 
        [
          -32.3224171478517, 
          7.412185456660521, 
          89.3383597548731
        ], 
        [
          -24.18253164480474, 
          9.103678489739373, 
          93.43364451498647
        ], 
        [
          -21.34756086872415, 
          23.013375871554224, 
          82.05361406894608
        ], 
        [
          -29.48744637177111, 
          21.32188283847537, 
          77.9583293088327
        ], 
        [
          -34.12421180812078, 
          10.971233178819888, 
          91.44963865734283
        ], 
        [
          -25.98432630507383, 
          12.662726211898741, 
          95.54492341745619
        ]
      ], 
      "cuboid_centroid": [
        -26.834989008287923, 
        15.212780664107372, 
        85.69598691190959
      ], 
      "location": [
        -26.834989008287923, 
        15.212780664107372, 
        85.69598691190959
      ], 
      "pose_transform_permuted": [
        [
          0.39921004768082413, 
          -0.7885513494913905, 
          -0.4677801360542306, 
          0.0
        ], 
        [
          0.8783069511855837, 
          0.1825148631733245, 
          0.441887919743533, 
          0.0
        ], 
        [
          0.26307442029684236, 
          0.5872609249462627, 
          -0.7654513549641222, 
          0.0
        ], 
        [
          -26.834989008287923, 
          15.212780664107372, 
          85.69598691190959, 
          1.0
        ]
      ], 
      "projected_cuboid": [
        [
          350.1146731260706, 
          403.07226613040274
        ], 
        [
          285.30272118953354, 
          398.1861585918196
        ], 
        [
          287.0352598291347, 
          317.5347609058302
        ], 
        [
          342.41278012469826, 
          325.2503679559063
        ], 
        [
          341.68915360439, 
          422.8653733129944
        ], 
        [
          278.18984145843814, 
          419.1513579263555
        ], 
        [
          280.93172458412647, 
          337.26900518095823
        ], 
        [
          335.3471668109496, 
          343.9682615475702
        ]
      ], 
      "projected_cuboid_centroid": [
        313.200717914178, 
        367.96161128440997
      ], 
      "quaternion_xyzw": [
        0.856350981225875, 
        -0.02351826496660167, 
        0.24554709046409823, 
        0.45366991412532215
      ], 
      "visibility": 0.6336018798254448
    }, 
    {
      "bounding_box": {
        "bottom_right": [
          330, 
          336
        ], 
        "top_left": [
          241, 
          219
        ]
      }, 
      "class": "024_bowl", 
      "cuboid": [
        [
          -37.70571684047348, 
          -2.211463698972249, 
          71.97227303215683
        ], 
        [
          -36.49864876425897, 
          10.540691489102974, 
          81.7530637008295
        ], 
        [
          -37.901738385858266, 
          7.387866418591327, 
          86.03686249477764
        ], 
        [
          -39.108806462072785, 
          -5.364288769483896, 
          76.25607182610497
        ], 
        [
          -22.140382265801033, 
          -5.652576306891407, 
          74.53783080608142
        ], 
        [
          -20.933314189586522, 
          7.099578881183816, 
          84.31862147475408
        ], 
        [
          -22.33640381118582, 
          3.946753810672168, 
          88.60242026870222
        ], 
        [
          -23.543471887400333, 
          -8.805401377403054, 
          78.82162960002955
        ]
      ], 
      "cuboid_centroid": [
        -30.02106032582965, 
        0.8676450558499592, 
        80.28734665042953
      ], 
      "location": [
        -30.02106032582965, 
        0.8676450558499592, 
        80.28734665042953
      ], 
      "pose_transform_permuted": [
        [
          -0.9640187033277181, 
          0.21312082296571502, 
          -0.15889447584092006, 
          0.0
        ], 
        [
          -0.07489688105372058, 
          -0.7912533428065924, 
          -0.6068843421162042, 
          0.0
        ], 
        [
          0.2550654755994413, 
          0.573147155899608, 
          -0.7787451064638676, 
          0.0
        ], 
        [
          -30.02106032582965, 
          0.8676450558499592, 
          80.28734665042953, 
          1.0
        ]
      ], 
      "projected_cuboid": [
        [
          199.86666197061697, 
          256.8994371098671
        ], 
        [
          241.51236626098088, 
          342.0491865822974
        ], 
        [
          244.6963904135357, 
          319.0819531632289
        ], 
        [
          205.79858653968114, 
          235.7697844686818
        ], 
        [
          321.86206213086405, 
          232.8422480519723
        ], 
        [
          348.0893937158548, 
          318.1917366597283
        ], 
        [
          346.0283767264029, 
          297.0430120236047
        ], 
        [
          320.97070169560527, 
          213.7078028540222
        ]
      ], 
      "projected_cuboid_centroid": [
        280.51624262229643, 
        279.0499878752415
      ], 
      "quaternion_xyzw": [
        0.6436506720820712, 
        -0.4064001110343821, 
        -0.6101535792553395, 
        0.21969381375322736
      ], 
      "visibility": 0.7946624421155253
    }, 
    {
      "bounding_box": {
        "bottom_right": [
          275, 
          454
        ], 
        "top_left": [
          200, 
          378
        ]
      }, 
      "class": "025_mug", 
      "cuboid": [
        [
          -3.254433014960427, 
          -7.905745248218947, 
          75.78738114900698
        ], 
        [
          -14.412000113025004, 
          -4.9661109535817936, 
          73.85502450763865
        ], 
        [
          -16.814857195893808, 
          -10.511091013856264, 
          79.29388882280159
        ], 
        [
          -5.657290097829228, 
          -13.450725308493416, 
          81.22624546416993
        ], 
        [
          -2.738339353269677, 
          -1.5122910731574748, 
          82.5335827641345
        ], 
        [
          -13.895906451334254, 
          1.4273432214796786, 
          80.60122612276615
        ], 
        [
          -16.298763534203054, 
          -4.117636838794791, 
          86.04009043792912
        ], 
        [
          -5.14119643613848, 
          -7.057271133431945, 
          87.97244707929744
        ]
      ], 
      "cuboid_centroid": [
        -9.77659827458174, 
        -6.011691043506869, 
        80.91373579346805
      ], 
      "location": [
        -9.77659827458174, 
        -6.011691043506869, 
        80.91373579346805
      ], 
      "pose_transform_permuted": [
        [
          -0.0554414828874875, 
          -0.6868183171972476, 
          -0.7247122938408617, 
          0.0
        ], 
        [
          0.9537196987843657, 
          -0.2512722629742335, 
          0.1651727995675198, 
          0.0
        ], 
        [
          0.29554348677065956, 
          0.6820142374554939, 
          -0.6689623512092758, 
          0.0
        ], 
        [
          -9.77659827458174, 
          -6.011691043506869, 
          80.91373579346805, 
          1.0
        ]
      ], 
      "projected_cuboid": [
        [
          458.5046103468667, 
          217.6534141484892
        ], 
        [
          376.6583037691312, 
          237.425413550125
        ], 
        [
          367.5602208799392, 
          202.5904129533006
        ], 
        [
          444.14258582359435, 
          184.97105357264738
        ], 
        [
          463.754872957449, 
          263.5143408011104
        ], 
        [
          388.8848506436151, 
          282.7309363924749
        ], 
        [
          379.727248662967, 
          247.76336208356201
        ], 
        [
          450.16961035618925, 
          230.5029048762308
        ]
      ], 
      "projected_cuboid_centroid": [
        416.62042803049815, 
        233.66220806963292
      ], 
      "quaternion_xyzw": [
        0.9165759965873972, 
        -0.14914632059447383, 
        0.029929683160093864, 
        0.36979494156905063
      ], 
      "visibility": 0.8425006057669009
    }, 
    {
      "bounding_box": {
        "bottom_right": [
          312, 
          386
        ], 
        "top_left": [
          257, 
          345
        ]
      }, 
      "class": "061_foam_brick", 
      "cuboid": [
        [
          -21.0755894519483, 
          -2.8290561758780823, 
          85.86778860060323
        ], 
        [
          -19.025864845670295, 
          1.8324367594668716, 
          79.97603947053065
        ], 
        [
          -20.625609819934134, 
          5.9014980253391, 
          82.63889278632311
        ], 
        [
          -22.67533442621214, 
          1.2400050899941468, 
          88.53064191639568
        ], 
        [
          -16.278302395878082, 
          -2.306016980415568, 
          87.95057599800417
        ], 
        [
          -14.228577789600081, 
          2.355475954929385, 
          82.0588268679316
        ], 
        [
          -15.82832276386392, 
          6.424537220801614, 
          84.72168018372405
        ], 
        [
          -17.87804737014192, 
          1.7630442854566604, 
          90.61342931379663
        ]
      ], 
      "cuboid_centroid": [
        -18.45195610790611, 
        1.797740522461766, 
        85.29473439216363
      ], 
      "location": [
        -18.45195610790611, 
        1.797740522461766, 
        85.29473439216363
      ], 
      "pose_transform_permuted": [
        [
          -0.9127258405195424, 
          -0.09951278373036361, 
          -0.3962685275443013, 
          0.0
        ], 
        [
          -0.2632103997643015, 
          -0.5985942771300286, 
          0.7565746340203954, 
          0.0
        ], 
        [
          0.3124929207259124, 
          -0.7948472163009772, 
          -0.5201596651363657, 
          0.0
        ], 
        [
          -18.45195610790611, 
          1.797740522461766, 
          85.29473439216363, 
          1.0
        ]
      ], 
      "projected_cuboid": [
        [
          349.60701967507026, 
          255.71544310318134
        ], 
        [
          353.66593385703294, 
          285.5061279388307
        ], 
        [
          347.37805390515985, 
          311.37253309631757
        ], 
        [
          343.8596859486453, 
          280.75648266285185
        ], 
        [
          382.06519906970124, 
          259.30318425321497
        ], 
        [
          388.3515591204783, 
          288.5953292766655
        ], 
        [
          381.12806959439627, 
          313.7287424471071
        ], 
        [
          375.49612294884975, 
          283.66321228404723
        ]
      ], 
      "projected_cuboid_centroid": [
        365.26165726408, 
        284.52721107716246
      ], 
      "quaternion_xyzw": [
        0.29077951762418836, 
        -0.7833144553130595, 
        -0.13425224012937645, 
        0.532768310101205
      ], 
      "visibility": 0.958354239839438
    }
  ]
}