{
  "camera_data": {
    "location_worldframe": [
      -11.57880744643652, 
      4.495676635856132, 
      83.24518056343295
    ], 
    "quaternion_xyzw_worldframe": [
      0.9228179067312211, 
      -7.500048211650289e-06, 
      0.08764928960240344, 
      -0.3751334717998512
    ]
  }, 
  "objects": [
    {
      "bounding_box": {
        "bottom_right": [
          494, 
          433
        ], 
        "top_left": [
          326, 
          301
        ]
      }, 
      "class": "003_cracker_box", 
      "cuboid": [
        [
          -5.662878713318357, 
          27.488135590512712, 
          71.78814068877008
        ], 
        [
          -19.14996451129201, 
          22.618244554673776, 
          63.82191236764412
        ], 
        [
          -21.70916653623308, 
          6.744515833385939, 
          77.85860601767777
        ], 
        [
          -8.22208073825943, 
          11.614406869224876, 
          85.82483433880373
        ], 
        [
          -9.657989406036437, 
          31.788612384308408, 
          75.92303940988732
        ], 
        [
          -23.14507520401009, 
          26.91872134846947, 
          67.95681108876137
        ], 
        [
          -25.70427722895116, 
          11.044992627181632, 
          81.99350473879501
        ], 
        [
          -12.217191430977511, 
          15.914883663020568, 
          89.95973305992098
        ]
      ], 
      "cuboid_centroid": [
        -15.68357797113476, 
        19.266564108847174, 
        76.89082271378254
      ], 
      "location": [
        -15.68357797113476, 
        19.266564108847174, 
        76.89082271378254
      ], 
      "pose_transform_permuted": [
        [
          0.5564221153529618, 
          -0.5989522140129045, 
          -0.575891200553694, 
          0.0
        ], 
        [
          0.8222027621006055, 
          0.2968793941681111, 
          0.4856390051391165, 
          0.0
        ], 
        [
          0.11990432661197137, 
          0.7437196183020961, 
          -0.6576504252354094, 
          0.0
        ], 
        [
          -15.68357797113476, 
          19.266564108847174, 
          76.89082271378254, 
          1.0
        ]
      ], 
      "projected_cuboid": [
        [
          439.1765191381328, 
          477.497997905448
        ], 
        [
          320.23929283437747, 
          462.2929827973557
        ], 
        [
          331.6533542421146, 
          319.48544336815496
        ], 
        [
          430.0788901707217, 
          345.4590120443946
        ], 
        [
          413.1893864392245, 
          496.5848890242761
        ], 
        [
          298.4426739027173, 
          484.5424962740422
        ], 
        [
          313.01255204809655, 
          345.12772690026674
        ], 
        [
          408.56477202213307, 
          367.63674148555015
        ]
      ], 
      "projected_cuboid_centroid": [
        371.90824531585383, 
        406.9206386064075
      ], 
      "quaternion_xyzw": [
        0.8862580861346762, 
        0.049921989521133275, 
        0.2939496792172925, 
        0.3544685963681464
      ], 
      "visibility": 0.9318940454398622
    }, 
    {
      "bounding_box": {
        "bottom_right": [
          472, 
          329
        ], 
        "top_left": [
          348, 
          251
        ]
      }, 
      "class": "004_sugar_box", 
      "cuboid": [
        [
          -20.485615854418025, 
          25.333004764380153, 
          71.90699857439235
        ], 
        [
          -28.727758990767843, 
          23.56798468290189, 
          68.05446400842344
        ], 
        [
          -31.505083749737345, 
          10.775841770307217, 
          79.8569432781709
        ], 
        [
          -23.262940613387528, 
          12.540861851785479, 
          83.70947784413981
        ], 
        [
          -22.42292591950875, 
          28.316524575331815, 
          74.6848075202619
        ], 
        [
          -30.665069055858563, 
          26.55150449385355, 
          70.83227295429299
        ], 
        [
          -33.442393814828066, 
          13.759361581258878, 
          82.63475222404045
        ], 
        [
          -25.20025067847825, 
          15.524381662737138, 
          86.48728679000936
        ]
      ], 
      "cuboid_centroid": [
        -26.964004834623047, 
        19.546183172819514, 
        77.2708753992164
      ], 
      "location": [
        -26.964004834623047, 
        19.546183172819514, 
        77.2708753992164
      ], 
      "pose_transform_permuted": [
        [
          0.42923517341421463, 
          -0.6610359727721798, 
          -0.6154581685591155, 
          0.0
        ], 
        [
          0.8893407169686608, 
          0.1904485518824822, 
          0.4156947769973706, 
          0.0
        ], 
        [
          0.15757603246740293, 
          0.7257830112999084, 
          -0.6696328366350766, 
          0.0
        ], 
        [
          -26.964004834623047, 
          19.546183172819514, 
          77.2708753992164, 
          1.0
        ]
      ], 
      "projected_cuboid": [
        [
          328.3932459990806, 
          461.176281807056
        ], 
        [
          254.59131241450683, 
          457.98078178171573
        ], 
        [
          269.4389307627416, 
          345.25232085944594
        ], 
        [
          332.1519556835148, 
          353.18534260489963
        ], 
        [
          320.141973558151, 
          475.4930855349569
        ], 
        [
          248.78552635735556, 
          473.2015868514084
        ], 
        [
          263.9632579058765, 
          362.0886071559491
        ], 
        [
          324.9059696583548, 
          369.01687089687533
        ]
      ], 
      "projected_cuboid_centroid": [
        293.9419985247069, 
        408.19328270844875
      ], 
      "quaternion_xyzw": [
        0.8986909781492864, 
        0.009144555863566998, 
        0.23504462906470547, 
        0.3701686235205012
      ], 
      "visibility": 0.5996647910930205
    }, 
    {
      "bounding_box": {
        "bottom_right": [
          370, 
          318
        ], 
        "top_left": [
          281, 
          182
        ]
      }, 
      "class": "024_bowl", 
      "cuboid": [
        [
          -37.2941617016735, 
          3.6316657349421346, 
          61.45524885504506
        ], 
        [
          -36.46056008577154, 
          14.685046912346897, 
          73.15423232707049
        ], 
        [
          -37.284831213564786, 
          10.761145750746563, 
          76.92032782511563
        ], 
        [
          -38.118432829466734, 
          -0.2922354266582001, 
          65.22134435309022
        ], 
        [
          -21.352017269898173, 
          1.303633478797888, 
          62.51886524453223
        ], 
        [
          -20.518415653996218, 
          12.35701465620265, 
          74.21784871655765
        ], 
        [
          -21.342686781789453, 
          8.433113494602315, 
          77.9839442146028
        ], 
        [
          -22.17628839769141, 
          -2.620267682802447, 
          66.28496074257738
        ]
      ], 
      "cuboid_centroid": [
        -29.318424241731478, 
        6.0323896147722245, 
        69.71959653482394
      ], 
      "location": [
        -29.318424241731478, 
        6.0323896147722245, 
        69.71959653482394
      ], 
      "pose_transform_permuted": [
        [
          -0.9873559305554895, 
          0.1441836425748983, 
          -0.06587369437595944, 
          0.0
        ], 
        [
          -0.05172381102828742, 
          -0.6858467982036132, 
          -0.7259055150407402, 
          0.0
        ], 
        [
          0.1498429636973767, 
          0.7133198767787746, 
          -0.6846326311407457, 
          0.0
        ], 
        [
          -29.318424241731478, 
          6.0323896147722245, 
          69.71959653482394, 
          1.0
        ]
      ], 
      "projected_cuboid": [
        [
          155.25459043265496, 
          304.8027793450445
        ], 
        [
          213.5718754729475, 
          380.3455945665103
        ], 
        [
          220.93202509328665, 
          347.89789142340777
        ], 
        [
          167.30238849754753, 
          270.89690806075413
        ], 
        [
          297.9349608587021, 
          284.4072334835221
        ], 
        [
          332.92574768469365, 
          362.0824006970771
        ], 
        [
          334.42153046411397, 
          330.95923739504207
        ], 
        [
          301.68280475545987, 
          252.2042283182209
        ]
      ], 
      "projected_cuboid_centroid": [
        255.45701092095692, 
        319.4312616283848
      ], 
      "quaternion_xyzw": [
        0.657166219484547, 
        -0.31791415060731104, 
        -0.6517610745954193, 
        0.2055982841714508
      ], 
      "visibility": 0.7305222602739726
    }, 
    {
      "bounding_box": {
        "bottom_right": [
          328, 
          459
        ], 
        "top_left": [
          241, 
          369
        ]
      }, 
      "class": "025_mug", 
      "cuboid": [
        [
          -2.3030278362618075, 
          0.6690948631633575, 
          62.29841292104021
        ], 
        [
          -13.776928047132284, 
          2.817586122230227, 
          61.52358727345235
        ], 
        [
          -15.312180908182393, 
          -3.737612361530962, 
          66.08145328282775
        ], 
        [
          -3.838280697311914, 
          -5.886103620597832, 
          66.85627893041563
        ], 
        [
          -1.8417393391653978, 
          5.903639846402024, 
          69.98220084947076
        ], 
        [
          -13.315639550035877, 
          8.052131105468893, 
          69.20737520188288
        ], 
        [
          -14.850892411085981, 
          1.496932621707704, 
          73.76524121125829
        ], 
        [
          -3.3769922002155055, 
          -0.6515586373591654, 
          74.54006685884616
        ]
      ], 
      "cuboid_centroid": [
        -8.576960123673896, 
        1.0830137424355308, 
        68.03182706614925
      ], 
      "location": [
        -8.576960123673896, 
        1.0830137424355308, 
        68.03182706614925
      ], 
      "pose_transform_permuted": [
        [
          -0.049554025201902156, 
          -0.5623222249257317, 
          -0.8254327238772217, 
          0.0
        ], 
        [
          0.9807590271979136, 
          -0.1836474222766299, 
          0.06623007298392868, 
          0.0
        ], 
        [
          0.18883103238402363, 
          0.8062677677240379, 
          -0.5606024687227847, 
          0.0
        ], 
        [
          -8.576960123673896, 
          1.0830137424355308, 
          68.03182706614925, 
          1.0
        ]
      ], 
      "projected_cuboid": [
        [
          461.71718061238863, 
          279.01447512770756
        ], 
        [
          361.1759995884393, 
          297.71089167813585
        ], 
        [
          356.9881278991391, 
          243.12161624196423
        ], 
        [
          450.72354036376714, 
          226.3324690493807
        ], 
        [
          467.44459698367774, 
          318.2769313079907
        ], 
        [
          378.13017986884023, 
          335.3371386909858
        ], 
        [
          373.3309611095068, 
          284.1092977085816
        ], 
        [
          457.2339987457665, 
          268.6247635085739
        ]
      ], 
      "projected_cuboid_centroid": [
        413.79967580216294, 
        281.77657069983826
      ], 
      "quaternion_xyzw": [
        0.9503235657920901, 
        -0.09798727193253239, 
        0.0043869394547022275, 
        0.29540588439279725
      ], 
      "visibility": 0.860774818401937
    }, 
    {
      "bounding_box": {
        "bottom_right": [
          359, 
          376
        ], 
        "top_left": [
          291, 
          332
        ]
      }, 
      "class": "061_foam_brick", 
      "cuboid": [
        [
          -19.718734297274956, 
          2.3400363306337497, 
          74.0831455148576
        ], 
        [
          -18.49303063820288, 
          8.067569686146053, 
          68.95122507888097
        ], 
        [
          -20.232672817992402, 
          11.48165649391073, 
          72.34605757914888
        ], 
        [
          -21.458376477064476, 
          5.7541231383984295, 
          77.47797801512553
        ], 
        [
          -14.845232518907483, 
          2.9684784384366663, 
          75.9485080465094
        ], 
        [
          -13.619528859835409, 
          8.69601179394897, 
          70.81658761053275
        ], 
        [
          -15.359171039624927, 
          12.110098601713648, 
          74.21142011080067
        ], 
        [
          -16.584874698697003, 
          6.382565246201345, 
          79.34334054677731
        ]
      ], 
      "cuboid_centroid": [
        -17.53895266844994, 
        7.225067466173699, 
        74.14728281282915
      ], 
      "location": [
        -17.53895266844994, 
        7.225067466173699, 
        74.14728281282915
      ], 
      "pose_transform_permuted": [
        [
          -0.9272263583446549, 
          -0.11956661011904517, 
          -0.35490154428453696, 
          0.0
        ], 
        [
          -0.15739575409730505, 
          -0.7354872647527254, 
          0.659003080401522, 
          0.0
        ], 
        [
          0.3398203304439709, 
          -0.6669050225715761, 
          -0.6631439013409951, 
          0.0
        ], 
        [
          -17.53895266844994, 
          7.225067466173699, 
          74.14728281282915, 
          1.0
        ]
      ], 
      "projected_cuboid": [
        [
          338.4602502162051, 
          290.13230218037364
        ], 
        [
          337.36632561170427, 
          335.6870667218219
        ], 
        [
          331.2032012123743, 
          357.92684127298037
        ], 
        [
          332.6574213998179, 
          312.8950387748735
        ], 
        [
          376.48332704131957, 
          294.13155158552195
        ], 
        [
          378.17366496089824, 
          338.77618584058234
        ], 
        [
          370.2987067178013, 
          360.3156330827621
        ], 
        [
          369.1900442473275, 
          316.18802175069914
        ]
      ], 
      "projected_cuboid_centroid": [
        354.3932485776137, 
        325.25432187406983
      ], 
      "quaternion_xyzw": [
        0.3642117404806081, 
        -0.7381060765488618, 
        -0.18411218539330296, 
        0.5372633721438989
      ], 
      "visibility": 0.9135393671817513
    }
  ]
}