{
  "camera_data": {
    "location_worldframe": [
      -16.581445148755947, 
      -0.8299637124649817, 
      91.52991963679482
    ], 
    "quaternion_xyzw_worldframe": [
      0.8802061843480061, 
      0.03026869689664227, 
      0.0037624048533564164, 
      -0.4736111399466172
    ]
  }, 
  "objects": [
    {
      "bounding_box": {
        "bottom_right": [
          433, 
          400
        ], 
        "top_left": [
          284, 
          271
        ]
      }, 
      "class": "003_cracker_box", 
      "cuboid": [
        [
          -15.142513372272331, 
          24.591720119402112, 
          84.70479236294807
        ], 
        [
          -28.903179764230664, 
          19.45664314833886, 
          77.40046757295956
        ], 
        [
          -27.554386324279957, 
          0.9185653448448211, 
          87.89208206999209
        ], 
        [
          -13.793719932321624, 
          6.053642315908074, 
          95.19640685998058
        ], 
        [
          -19.024267579606104, 
          27.350398279645958, 
          90.07825275798056
        ], 
        [
          -32.784933971564435, 
          22.21532130858271, 
          82.77392796799205
        ], 
        [
          -31.436140531613727, 
          3.6772435050886716, 
          93.26554246502458
        ], 
        [
          -17.675474139655396, 
          8.812320476151923, 
          100.5698672550131
        ]
      ], 
      "cuboid_centroid": [
        -23.28932695194303, 
        14.134481812245392, 
        88.98516741398632
      ], 
      "location": [
        -23.28932695194303, 
        14.134481812245392, 
        88.98516741398632
      ], 
      "pose_transform_permuted": [
        [
          0.5406343036406408, 
          -0.38421702314750317, 
          -0.7483928305713989, 
          0.0
        ], 
        [
          0.8388808438894172, 
          0.3130457188788519, 
          0.4452878929939621, 
          0.0
        ], 
        [
          -0.06319398296023843, 
          0.8685503192189235, 
          -0.491555554848409, 
          0.0
        ], 
        [
          -23.28932695194303, 
          14.134481812245392, 
          88.98516741398632, 
          1.0
        ]
      ], 
      "projected_cuboid": [
        [
          385.46202640137534, 
          428.1212947605325
        ], 
        [
          280.78316492991814, 
          407.3504414585113
        ], 
        [
          313.0067120472355, 
          278.86029246864814
        ], 
        [
          403.6764154152914, 
          307.20090621316876
        ], 
        [
          368.02285716595327, 
          435.21799827803034
        ], 
        [
          268.6005586102867, 
          416.42177622804667
        ], 
        [
          300.338001814525, 
          294.3140892240407
        ], 
        [
          387.08333204140087, 
          320.01806116416697
        ]
      ], 
      "projected_cuboid_centroid": [
        340.8526911569779, 
        357.99948697637103
      ], 
      "quaternion_xyzw": [
        0.9294923337069193, 
        0.10119494486269844, 
        0.2651776031069119, 
        0.23555131824036502
      ], 
      "visibility": 0.8971595775049958
    }, 
    {
      "bounding_box": {
        "bottom_right": [
          404, 
          315
        ], 
        "top_left": [
          293, 
          236
        ]
      }, 
      "class": "004_sugar_box", 
      "cuboid": [
        [
          -29.43412175153292, 
          20.289880622260235, 
          85.97639856004314
        ], 
        [
          -37.85114514150919, 
          18.12426233408883, 
          82.75862656180972
        ], 
        [
          -37.399433704592546, 
          2.9822549913621184, 
          91.76787405737885
        ], 
        [
          -28.982410314616274, 
          5.147873279533524, 
          94.98564605561228
        ], 
        [
          -31.31949528611551, 
          22.34500344070899, 
          89.5250067557422
        ], 
        [
          -39.736518676091784, 
          20.179385152537584, 
          86.30723475750878
        ], 
        [
          -39.28480723917514, 
          5.0373778098108755, 
          95.31648225307792
        ], 
        [
          -30.867783849198865, 
          7.202996097982281, 
          98.53425425131132
        ]
      ], 
      "cuboid_centroid": [
        -34.35946449535403, 
        12.663629216035554, 
        90.64644040656053
      ], 
      "location": [
        -34.35946449535403, 
        12.663629216035554, 
        90.64644040656053
      ], 
      "pose_transform_permuted": [
        [
          0.41772798822950996, 
          -0.455338056235749, 
          -0.786238342383599, 
          0.0
        ], 
        [
          0.9082105821931435, 
          0.2336737532000389, 
          0.3472028583597174, 
          0.0
        ], 
        [
          -0.02562858226053661, 
          0.8591063875239661, 
          -0.5111542938159724, 
          0.0
        ], 
        [
          -34.35946449535403, 
          12.663629216035554, 
          90.64644040656053, 
          1.0
        ]
      ], 
      "projected_cuboid": [
        [
          297.49292145867855, 
          399.1465513954548
        ], 
        [
          235.64103120538832, 
          390.08432009640916
        ], 
        [
          262.43464499446935, 
          290.61825679088315
        ], 
        [
          317.5123040427001, 
          302.1905013239732
        ], 
        [
          293.46530310983275, 
          406.4004952187784
        ], 
        [
          234.00635439510629, 
          397.98131366783895
        ], 
        [
          259.9569573257727, 
          301.4719280661303
        ], 
        [
          313.1319643498697, 
          312.27296869781907
        ]
      ], 
      "projected_cuboid_centroid": [
        277.7580259510368, 
        347.7931752485862
      ], 
      "quaternion_xyzw": [
        0.942543806952853, 
        0.0687772635997878, 
        0.20288999857263132, 
        0.25635210345721
      ], 
      "visibility": 0.5519973588643117
    }, 
    {
      "bounding_box": {
        "bottom_right": [
          316, 
          292
        ], 
        "top_left": [
          247, 
          177
        ]
      }, 
      "class": "024_bowl", 
      "cuboid": [
        [
          -44.752199617484436, 
          -1.1540287501788344, 
          73.00612398877709
        ], 
        [
          -43.668869119251994, 
          7.364771025288936, 
          86.64411455934335
        ], 
        [
          -43.48307334106648, 
          2.6952999031910334, 
          89.54608249287055
        ], 
        [
          -44.56640383929892, 
          -5.823499872276735, 
          75.9080919223043
        ], 
        [
          -28.6516526348507, 
          -1.26510890802898, 
          71.79656574224475
        ], 
        [
          -27.568322136618264, 
          7.253690867438789, 
          85.43455631281101
        ], 
        [
          -27.382526358432745, 
          2.5842197453408877, 
          88.33652424633821
        ], 
        [
          -28.465856856665184, 
          -5.934580030126882, 
          74.69853367577196
        ]
      ], 
      "cuboid_centroid": [
        -36.06736298795859, 
        0.7150954975810266, 
        80.67132411755765
      ], 
      "location": [
        -36.06736298795859, 
        0.7150954975810266, 
        80.67132411755765
      ], 
      "pose_transform_permuted": [
        [
          -0.997166386023039, 
          0.00687960475391125, 
          0.0749124130180148, 
          0.0
        ], 
        [
          -0.06721913789853495, 
          -0.5285795773048713, 
          -0.8462181857868462, 
          0.0
        ], 
        [
          -0.03377552495416486, 
          0.848855877929012, 
          -0.5275442279273246, 
          0.0
        ], 
        [
          -36.06736298795859, 
          0.7150954975810266, 
          80.67132411755765, 
          1.0
        ]
      ], 
      "projected_cuboid": [
        [
          151.95180979337047, 
          264.8562023001778
        ], 
        [
          210.56254319875453, 
          318.61883358320813
        ], 
        [
          220.4618906919381, 
          289.339235998744
        ], 
        [
          165.8704083168923, 
          232.37144650925376
        ], 
        [
          266.99310191870796, 
          263.88905011386277
        ], 
        [
          308.0694906050724, 
          318.5672248233088
        ], 
        [
          314.9011580012001, 
          288.8884083195132
        ], 
        [
          276.6678315259945, 
          230.9158568955008
        ]
      ], 
      "projected_cuboid_centroid": [
        241.16801645876407, 
        278.0140472527808
      ], 
      "quaternion_xyzw": [
        -0.6532082989009826, 
        0.18937452769017551, 
        0.705511769718543, 
        -0.19927204846043253
      ], 
      "visibility": 0.7425410660408984
    }, 
    {
      "bounding_box": {
        "bottom_right": [
          305, 
          413
        ], 
        "top_left": [
          232, 
          328
        ]
      }, 
      "class": "025_mug", 
      "cuboid": [
        [
          -9.880021757776836, 
          0.9779600594716775, 
          69.36521357466648
        ], 
        [
          -21.526799946324658, 
          1.5180582770711881, 
          70.32833727678
        ], 
        [
          -21.610525735240856, 
          -5.962930172929795, 
          73.51103626843936
        ], 
        [
          -9.963747546693034, 
          -6.503028390529305, 
          72.54791256632583
        ], 
        [
          -9.006643858954098, 
          4.597838288674924, 
          77.89677485263815
        ], 
        [
          -20.65342204750192, 
          5.137936506274435, 
          78.85989855475167
        ], 
        [
          -20.737147836418117, 
          -2.3430519437265476, 
          82.04259754641102
        ], 
        [
          -9.090369647870297, 
          -2.8831501613260584, 
          81.0794738442975
        ]
      ], 
      "cuboid_centroid": [
        -15.308584797097478, 
        -0.6825459421274351, 
        75.70390556053876
      ], 
      "location": [
        -15.308584797097478, 
        -0.6825459421274351, 
        75.70390556053876
      ], 
      "pose_transform_permuted": [
        [
          -0.09382282602204359, 
          -0.3888662694319573, 
          -0.9165049751757023, 
          0.0
        ], 
        [
          0.9955361852779656, 
          -0.04616618523336769, 
          -0.08232529896514132, 
          0.0
        ], 
        [
          0.010297995567582603, 
          0.9201368765405855, 
          -0.3914614664528617, 
          0.0
        ], 
        [
          -15.308584797097478, 
          -0.6825459421274351, 
          75.70390556053876, 
          1.0
        ]
      ], 
      "projected_cuboid": [
        [
          405.0007476527261, 
          280.8056563463494
        ], 
        [
          316.992887085108, 
          284.79840131997634
        ], 
        [
          323.50702253763654, 
          230.02572170491516
        ], 
        [
          407.7404311445149, 
          225.48099447366764
        ], 
        [
          419.4192832118513, 
          304.76559734227857
        ], 
        [
          340.7565731647781, 
          308.0337568607954
        ], 
        [
          345.67143690439065, 
          258.05548090441266
        ], 
        [
          421.3046982569715, 
          254.3219299326575
        ]
      ], 
      "projected_cuboid_centroid": [
        372.85226912714205, 
        268.47813193348753
      ], 
      "quaternion_xyzw": [
        0.978797481223038, 
        -0.014421824198606574, 
        -0.04499095276764564, 
        0.19930776050572155
      ], 
      "visibility": 0.8664734730271957
    }, 
    {
      "bounding_box": {
        "bottom_right": [
          321, 
          349
        ], 
        "top_left": [
          259, 
          306
        ]
      }, 
      "class": "061_foam_brick", 
      "cuboid": [
        [
          -25.58105510365149, 
          -2.3081869402889303, 
          83.06410273131112
        ], 
        [
          -25.779807159483802, 
          4.438664524310308, 
          79.18027883024392
        ], 
        [
          -27.438399680969557, 
          6.818103787244692, 
          83.39864000387625
        ], 
        [
          -27.23964762513724, 
          0.07125232264545527, 
          87.28246390494347
        ], 
        [
          -20.610367495599363, 
          -1.3483686505213568, 
          84.47709600620162
        ], 
        [
          -20.809119551431678, 
          5.39848281407788, 
          80.59327210513442
        ], 
        [
          -22.46771207291743, 
          7.777922077012267, 
          84.81163327876675
        ], 
        [
          -22.268960017085114, 
          1.0310706124130282, 
          88.69545717983397
        ]
      ], 
      "cuboid_centroid": [
        -24.024383588284458, 
        2.734867568361668, 
        83.93786800503894
      ], 
      "location": [
        -24.024383588284458, 
        2.734867568361668, 
        83.93786800503894
      ], 
      "pose_transform_permuted": [
        [
          -0.9457168128554547, 
          -0.18261382840654333, 
          -0.26883433478115615, 
          0.0
        ], 
        [
          0.02552226182452548, 
          -0.866380520440839, 
          0.4987317996198171, 
          0.0
        ], 
        [
          0.32398815415672466, 
          -0.46479778772641184, 
          -0.8240113424527311, 
          0.0
        ], 
        [
          -24.024383588284458, 
          2.734867568361668, 
          83.93786800503894, 
          1.0
        ]
      ], 
      "projected_cuboid": [
        [
          315.9831574313069, 
          258.4666427872632
        ], 
        [
          306.5098771687315, 
          303.1832085781234
        ], 
        [
          304.6711137807464, 
          316.8871083224137
        ], 
        [
          313.76837023529015, 
          273.7219090435381
        ], 
        [
          350.395659996585, 
          264.7740364792021
        ], 
        [
          342.74682211511714, 
          309.0105696401174
        ], 
        [
          339.1363399722573, 
          322.19631603529507
        ], 
        [
          346.57949557323593, 
          279.4862934899638
        ]
      ], 
      "projected_cuboid_centroid": [
        327.68025716453786, 
        290.6631817567974
      ], 
      "quaternion_xyzw": [
        0.45540059532220367, 
        -0.653473385204601, 
        -0.24538012127508751, 
        0.552604224280312
      ], 
      "visibility": 0.6920380570856285
    }
  ]
}