{
  "camera_data": {
    "location_worldframe": [
      -17.1185740712933, 
      3.7453270219805948, 
      83.05379674819197
    ], 
    "quaternion_xyzw_worldframe": [
      0.9187517949194979, 
      0.0219720306823634, 
      -0.04419962758014732, 
      -0.3917414580923879
    ]
  }, 
  "objects": [
    {
      "bounding_box": {
        "bottom_right": [
          486, 
          387
        ], 
        "top_left": [
          310, 
          223
        ]
      }, 
      "class": "003_cracker_box", 
      "cuboid": [
        [
          -17.172453615683526, 
          27.50360397937242, 
          71.63203251158812
        ], 
        [
          -31.3092658269215, 
          20.843990248630533, 
          66.64422726793002
        ], 
        [
          -28.41547062505579, 
          4.579320311159438, 
          80.15866430027356
        ], 
        [
          -14.27865841381782, 
          11.238934041901324, 
          85.14646954393166
        ], 
        [
          -20.681841451165837, 
          31.125608149669524, 
          76.74257850447987
        ], 
        [
          -34.81865366240381, 
          24.465994418927643, 
          71.75477326082176
        ], 
        [
          -31.924858460538104, 
          8.201324481456547, 
          85.26921029316529
        ], 
        [
          -17.788046249300127, 
          14.860938212198432, 
          90.25701553682339
        ]
      ], 
      "cuboid_centroid": [
        -24.548656038110813, 
        17.852464230414483, 
        78.45062140237671
      ], 
      "location": [
        -24.548656038110813, 
        17.852464230414483, 
        78.45062140237671
      ], 
      "pose_transform_permuted": [
        [
          0.48877269072224283, 
          -0.5044574173945633, 
          -0.7117752249409542, 
          0.0
        ], 
        [
          0.8618115300433367, 
          0.4059848721924615, 
          0.30406770666289684, 
          0.0
        ], 
        [
          -0.13558076371116135, 
          0.7620360868006696, 
          -0.6331815371005539, 
          0.0
        ], 
        [
          -24.548656038110813, 
          17.852464230414483, 
          78.45062140237671, 
          1.0
        ]
      ], 
      "projected_cuboid": [
        [
          352.67810186948486, 
          478.0582036131515
        ], 
        [
          228.95708396365785, 
          440.0903054905297
        ], 
        [
          290.9649298914326, 
          303.7541264932161
        ], 
        [
          391.4165982194713, 
          343.6822179270637
        ], 
        [
          336.6716525800977, 
          489.5927487945255
        ], 
        [
          220.64970297999963, 
          455.1308021663573
        ], 
        [
          280.257803787312, 
          324.5820400608336
        ], 
        [
          375.6133828131419, 
          361.09831998776895
        ]
      ], 
      "projected_cuboid_centroid": [
        313.32072320074536, 
        394.6503794876541
      ], 
      "quaternion_xyzw": [
        0.9131843792171656, 
        0.148262948926011, 
        0.21705375590874873, 
        0.3114483176635059
      ], 
      "visibility": 0.8852097130242825
    }, 
    {
      "bounding_box": {
        "bottom_right": [
          447, 
          296
        ], 
        "top_left": [
          321, 
          191
        ]
      }, 
      "class": "004_sugar_box", 
      "cuboid": [
        [
          -31.142234628891945, 
          23.228078863874313, 
          74.93947694642571
        ], 
        [
          -39.71845785368134, 
          20.342824638796227, 
          72.9359936783805
        ], 
        [
          -37.96483949625367, 
          7.1257265524606055, 
          84.46353074657185
        ], 
        [
          -29.38861627146427, 
          10.010980777538693, 
          86.46701401461708
        ], 
        [
          -32.79291094629215, 
          25.862673019266776, 
          78.21132116978688
        ], 
        [
          -41.36913417108155, 
          22.977418794188686, 
          76.20783790174166
        ], 
        [
          -39.61551581365387, 
          9.760320707853063, 
          87.735374969933
        ], 
        [
          -31.039292588864477, 
          12.645574932931153, 
          89.73885823797823
        ]
      ], 
      "cuboid_centroid": [
        -35.37887522127291, 
        16.49419978586369, 
        81.33742595817937
      ], 
      "location": [
        -35.37887522127291, 
        16.49419978586369, 
        81.33742595817937
      ], 
      "pose_transform_permuted": [
        [
          0.3657278966941385, 
          -0.5837271480407042, 
          -0.7249178373173616, 
          0.0
        ], 
        [
          0.9253885045965511, 
          0.31132364710474963, 
          0.21617911950351648, 
          0.0
        ], 
        [
          -0.09949438657940254, 
          0.7498935334987744, 
          -0.6540335441363697, 
          0.0
        ], 
        [
          -35.37887522127291, 
          16.49419978586369, 
          81.33742595817937, 
          1.0
        ]
      ], 
      "projected_cuboid": [
        [
          258.1210868733945, 
          438.5931272762087
        ], 
        [
          188.74910199462883, 
          422.03650640892243
        ], 
        [
          239.88180520702815, 
          318.2797969792436
        ], 
        [
          298.82054391902506, 
          335.0332301305215
        ], 
        [
          256.1201524212507, 
          449.64297574552785
        ], 
        [
          189.67392289039083, 
          434.0876806337908
        ], 
        [
          238.77826357685746, 
          332.6168841879999
        ], 
        [
          295.5927559106591, 
          348.4394080380787
        ]
      ], 
      "projected_cuboid_centroid": [
        247.6889282766165, 
        381.4369945629029
      ], 
      "quaternion_xyzw": [
        0.921981544746516, 
        0.11139540591268017, 
        0.15778705645286017, 
        0.3356251269968144
      ], 
      "visibility": 0.5270702675028798
    }, 
    {
      "bounding_box": {
        "bottom_right": [
          342, 
          260
        ], 
        "top_left": [
          258, 
          137
        ]
      }, 
      "class": "024_bowl", 
      "cuboid": [
        [
          -46.72592865378139, 
          -0.53117822848219, 
          67.49913175518294
        ], 
        [
          -44.798019279801906, 
          10.367952870144947, 
          79.21367178569312
        ], 
        [
          -44.20047273626489, 
          6.315726126381841, 
          82.88549627277797
        ], 
        [
          -46.12838211024439, 
          -4.583404972245297, 
          71.1709562422678
        ], 
        [
          -30.79181142453562, 
          -0.5455592278297308, 
          64.8901694318196
        ], 
        [
          -28.863902050556128, 
          10.353571870797406, 
          76.60470946232975
        ], 
        [
          -28.266355507019124, 
          6.3013451270343, 
          80.27653394941461
        ], 
        [
          -30.19426488099861, 
          -4.597785971592838, 
          68.56199391890445
        ]
      ], 
      "cuboid_centroid": [
        -37.496142080400254, 
        2.885083449276055, 
        73.88783285229879
      ], 
      "location": [
        -37.496142080400254, 
        2.885083449276055, 
        73.88783285229879
      ], 
      "pose_transform_permuted": [
        [
          -0.9868587762324157, 
          0.0008906684451313734, 
          0.16158268002103282, 
          0.0
        ], 
        [
          -0.11962407250312684, 
          -0.6762757971719517, 
          -0.7268707776745519, 
          0.0
        ], 
        [
          -0.10862705487504154, 
          0.7366479843650983, 
          -0.6674952509793703, 
          0.0
        ], 
        [
          -37.496142080400254, 
          2.885083449276055, 
          73.88783285229879, 
          1.0
        ]
      ], 
      "projected_cuboid": [
        [
          109.33267877934479, 
          269.08962842071406
        ], 
        [
          177.47326956107412, 
          343.0905525965293
        ], 
        [
          194.82284589300951, 
          313.92453348863387
        ], 
        [
          133.05342981780092, 
          238.9407913684272
        ], 
        [
          226.4162247145205, 
          268.8026936252107
        ], 
        [
          278.9728695468499, 
          345.367780417078
        ], 
        [
          292.24374056389115, 
          315.1497150673459
        ], 
        [
          244.76922513455685, 
          237.52198158915218
        ]
      ], 
      "projected_cuboid_centroid": [
        208.69589931406222, 
        294.1109612076201
      ], 
      "quaternion_xyzw": [
        -0.603208345400024, 
        0.235262304735053, 
        0.710256069472352, 
        -0.2762746021410617
      ], 
      "visibility": 0.6593194122196442
    }, 
    {
      "bounding_box": {
        "bottom_right": [
          326, 
          389
        ], 
        "top_left": [
          239, 
          290
        ]
      }, 
      "class": "025_mug", 
      "cuboid": [
        [
          -12.385389479523793, 
          1.5818028119528753, 
          60.41822637492567
        ], 
        [
          -23.92076118830118, 
          2.060227205871722, 
          62.30848169183445
        ], 
        [
          -23.46728627797871, 
          -4.708842172849452, 
          66.78908782494352
        ], 
        [
          -11.931914569201322, 
          -5.187266566768299, 
          64.89883250803474
        ], 
        [
          -10.923356986580247, 
          6.724018398272646, 
          68.03885135202464
        ], 
        [
          -22.458728695357635, 
          7.202442792191493, 
          69.92910666893341
        ], 
        [
          -22.005253785035165, 
          0.43337341347032005, 
          74.40971280204248
        ], 
        [
          -10.469882076257777, 
          -0.045050980448527005, 
          72.51945748513371
        ]
      ], 
      "cuboid_centroid": [
        -17.195321632279477, 
        1.0075881127115975, 
        67.41396958848408
      ], 
      "location": [
        -17.195321632279477, 
        1.0075881127115975, 
        67.41396958848408
      ], 
      "pose_transform_permuted": [
        [
          -0.15705918412741693, 
          -0.5524037177646066, 
          -0.8186474289873366, 
          0.0
        ], 
        [
          0.9860134503129468, 
          -0.04089446783954576, 
          -0.16157408829569125, 
          0.0
        ], 
        [
          -0.05577591656000826, 
          0.8325731815856772, 
          -0.551099759060185, 
          0.0
        ], 
        [
          -17.195321632279477, 
          1.0075881127115975, 
          67.41396958848408, 
          1.0
        ]
      ], 
      "projected_cuboid": [
        [
          371.3585333438441, 
          287.2493182043211
        ], 
        [
          275.14484467123395, 
          290.9207265355331
        ], 
        [
          292.64611068415076, 
          235.68581866295875
        ], 
        [
          382.7269651124359, 
          230.6591017660922
        ], 
        [
          395.2612738283808, 
          325.99246434765354
        ], 
        [
          308.88649472464397, 
          328.2165087864545
        ], 
        [
          322.5636144216566, 
          276.3926718385075
        ], 
        [
          403.95823882905, 
          272.9552259315736
        ]
      ], 
      "projected_cuboid_centroid": [
        344.42927872968517, 
        281.2576821754325
      ], 
      "quaternion_xyzw": [
        0.9535766960352429, 
        0.0039014818583382447, 
        -0.08353635154568938, 
        0.2893064295228979
      ], 
      "visibility": 0.7976633931594989
    }, 
    {
      "bounding_box": {
        "bottom_right": [
          348, 
          327
        ], 
        "top_left": [
          278, 
          274
        ]
      }, 
      "class": "061_foam_brick", 
      "cuboid": [
        [
          -26.743554269839848, 
          0.5599542471905818, 
          75.8383919994835
        ], 
        [
          -27.511367572254937, 
          6.473137039637536, 
          70.8295670718875
        ], 
        [
          -28.891157065874683, 
          9.55398185712605, 
          74.67817818674202
        ], 
        [
          -28.123343763459594, 
          3.640799064679096, 
          79.68700311433801
        ], 
        [
          -21.70866325258683, 
          1.860721337615312, 
          76.60220733184727
        ], 
        [
          -22.476476555001923, 
          7.773904130062265, 
          71.59338240425129
        ], 
        [
          -23.85626604862167, 
          10.85474894755078, 
          75.4419935191058
        ], 
        [
          -23.088452746206585, 
          4.941566155103826, 
          80.45081844670179
        ]
      ], 
      "cuboid_centroid": [
        -25.29991015923076, 
        5.707351597370681, 
        75.64019275929465
      ], 
      "location": [
        -25.29991015923076, 
        5.707351597370681, 
        75.64019275929465
      ], 
      "pose_transform_permuted": [
        [
          -0.9579320732603851, 
          -0.24748232116437563, 
          -0.14532255065939836, 
          0.0
        ], 
        [
          0.09859687767519265, 
          -0.7593269856410445, 
          0.6431960700983705, 
          0.0
        ], 
        [
          0.26952699072961817, 
          -0.6018097951914523, 
          -0.7517846577843013, 
          0.0
        ], 
        [
          -25.29991015923076, 
          5.707351597370681, 
          75.64019275929465, 
          1.0
        ]
      ], 
      "projected_cuboid": [
        [
          291.96064860322105, 
          277.2243135306403
        ], 
        [
          272.7206891764173, 
          322.0267871528777
        ], 
        [
          273.5493491285966, 
          341.5169868941773
        ], 
        [
          291.80799753518136, 
          297.6532397483283
        ], 
        [
          329.1975707206561, 
          286.2412446764483
        ], 
        [
          312.7680526080633, 
          331.19657339290734
        ], 
        [
          311.54533952539225, 
          350.02165477907295
        ], 
        [
          327.2650268201684, 
          306.04486229604214
        ]
      ], 
      "projected_cuboid_centroid": [
        301.72733527948265, 
        313.52760908244557
      ], 
      "quaternion_xyzw": [
        0.40065871797052505, 
        -0.6419765315367179, 
        -0.19638659353043722, 
        0.6235150604049685
      ], 
      "visibility": 0.5233679525222552
    }
  ]
}