{
  "camera_data": {
    "location_worldframe": [
      -16.184534409516296, 
      0.49558471336763055, 
      89.02625222151646
    ], 
    "quaternion_xyzw_worldframe": [
      0.8904161365241177, 
      0.028850963424991598, 
      0.021064936533581425, 
      -0.4537439424203015
    ]
  }, 
  "objects": [
    {
      "bounding_box": {
        "bottom_right": [
          448, 
          400
        ], 
        "top_left": [
          293, 
          268
        ]
      }, 
      "class": "003_cracker_box", 
      "cuboid": [
        [
          -14.02697188583259, 
          25.561484997038157, 
          81.1547798960237
        ], 
        [
          -27.665268661228176, 
          20.373122606017464, 
          73.66105769321736
        ], 
        [
          -27.0064328757438, 
          2.290863779646948, 
          84.98145513722551
        ], 
        [
          -13.368136100348217, 
          7.479226170667641, 
          92.47517734003185
        ], 
        [
          -18.01032827851142, 
          28.626428776620337, 
          86.2822928420676
        ], 
        [
          -31.648625053907008, 
          23.438066385599647, 
          78.78857063926125
        ], 
        [
          -30.989789268422633, 
          5.355807559229129, 
          90.10896808326942
        ], 
        [
          -17.351492493027045, 
          10.544169950249824, 
          97.60269028607576
        ]
      ], 
      "cuboid_centroid": [
        -22.508380577127614, 
        15.458646278133644, 
        85.63187398964655
      ], 
      "location": [
        -22.508380577127614, 
        15.458646278133644, 
        85.63187398964655
      ], 
      "pose_transform_permuted": [
        [
          0.5547850261718652, 
          -0.42687240290524886, 
          -0.7141383103946894, 
          0.0
        ], 
        [
          0.8314209197633178, 
          0.3162941166517261, 
          0.45683398073197606, 
          0.0
        ], 
        [
          -0.03086792696961549, 
          0.8471941828231611, 
          -0.5303858856296946, 
          0.0
        ], 
        [
          -22.508380577127614, 
          15.458646278133644, 
          85.63187398964655, 
          1.0
        ]
      ], 
      "projected_cuboid": [
        [
          388.6487453110316, 
          441.2672846647716
        ], 
        [
          279.6262245946021, 
          420.79168651443473
        ], 
        [
          310.6999265788661, 
          287.6633513001802
        ], 
        [
          403.85834194790965, 
          316.42046752358993
        ], 
        [
          369.34568845187925, 
          450.2293910274321
        ], 
        [
          265.5823396845584, 
          431.9387345333644
        ], 
        [
          296.65217468006824, 
          304.98545891895395
        ], 
        [
          385.9951108912869, 
          330.9018793851466
        ]
      ], 
      "projected_cuboid_centroid": [
        340.2455301264731, 
        369.5637581955019
      ], 
      "quaternion_xyzw": [
        0.9209714182564473, 
        0.09423800694015491, 
        0.2746065151563023, 
        0.25985016189405563
      ], 
      "visibility": 0.9055957867017775
    }, 
    {
      "bounding_box": {
        "bottom_right": [
          419, 
          312
        ], 
        "top_left": [
          304, 
          230
        ]
      }, 
      "class": "004_sugar_box", 
      "cuboid": [
        [
          -28.43454438107804, 
          21.59167988252596, 
          82.17258468550023
        ], 
        [
          -36.79416867888826, 
          19.44719264394307, 
          78.79499707995964
        ], 
        [
          -36.91870089096053, 
          4.709127322697854, 
          88.4606523780093
        ], 
        [
          -28.559076593150312, 
          6.853614561280742, 
          91.83823998354988
        ], 
        [
          -30.38271916206363, 
          23.835917696814153, 
          85.56946486384719
        ], 
        [
          -38.74234345987385, 
          21.691430458231263, 
          82.1918772583066
        ], 
        [
          -38.86687567194612, 
          6.953365136986048, 
          91.85753255635626
        ], 
        [
          -30.5072513741359, 
          9.097852375568936, 
          95.23512016189684
        ]
      ], 
      "cuboid_centroid": [
        -33.65071002651208, 
        14.272522509756003, 
        87.01505862092824
      ], 
      "location": [
        -33.65071002651208, 
        14.272522509756003, 
        87.01505862092824
      ], 
      "pose_transform_permuted": [
        [
          0.43164238653681347, 
          -0.4972388389225762, 
          -0.7526211104218814, 
          0.0
        ], 
        [
          0.9020171263242226, 
          0.23139367840875416, 
          0.36444722362177084, 
          0.0
        ], 
        [
          0.007065537377061563, 
          0.836188080658213, 
          -0.548396656943108, 
          0.0
        ], 
        [
          -33.65071002651208, 
          14.272522509756003, 
          87.01505862092824, 
          1.0
        ]
      ], 
      "projected_cuboid": [
        [
          295.51219797369896, 
          413.4216664915827
        ], 
        [
          230.482395393116, 
          404.9137866529697
        ], 
        [
          257.1633984183769, 
          301.6773507702567
        ], 
        [
          314.36777793886665, 
          313.08659144165676
        ], 
        [
          290.65590620995533, 
          421.8460937855231
        ], 
        [
          228.1141341177747, 
          414.0360260849039
        ], 
        [
          254.05767586700804, 
          313.6573784916462
        ], 
        [
          309.3318160745265, 
          324.2347893034547
        ]
      ], 
      "projected_cuboid_centroid": [
        273.6314443755643, 
        360.76353192180505
      ], 
      "quaternion_xyzw": [
        0.9341876574602552, 
        0.060032943927338434, 
        0.21304327984884924, 
        0.2798247995237965
      ], 
      "visibility": 0.5515674693321218
    }, 
    {
      "bounding_box": {
        "bottom_right": [
          327, 
          290
        ], 
        "top_left": [
          253, 
          169
        ]
      }, 
      "class": "024_bowl", 
      "cuboid": [
        [
          -43.791528756583304, 
          -0.10584625719500147, 
          69.67887461299165
        ], 
        [
          -42.94237839220417, 
          8.980908197809734, 
          82.96225439823044
        ], 
        [
          -42.93799726858114, 
          4.440548127343838, 
          86.06789599938031
        ], 
        [
          -43.78714763296028, 
          -4.646206327660898, 
          72.78451621414152
        ], 
        [
          -27.66766186756068, 
          -0.5755412573101591, 
          68.96944791123488
        ], 
        [
          -26.81851150318154, 
          8.511213197694575, 
          82.25282769647367
        ], 
        [
          -26.814130379558517, 
          3.9708531272286796, 
          85.35846929762354
        ], 
        [
          -27.66328074393765, 
          -5.115901327776056, 
          72.07508951238475
        ]
      ], 
      "cuboid_centroid": [
        -35.30282956807091, 
        1.9325034350168393, 
        77.5186719553076
      ], 
      "location": [
        -35.30282956807091, 
        1.9325034350168393, 
        77.5186719553076
      ], 
      "pose_transform_permuted": [
        [
          -0.9986106740215328, 
          0.029089947459741985, 
          0.04393741784686349, 
          0.0
        ], 
        [
          -0.05268858906208486, 
          -0.5638203685372827, 
          -0.8242150839466175, 
          0.0
        ], 
        [
          -0.0007964376354612189, 
          0.8253849810720283, 
          -0.5645697465396288, 
          0.0
        ], 
        [
          -35.30282956807091, 
          1.9325034350168393, 
          77.5186719553076, 
          1.0
        ]
      ], 
      "projected_cuboid": [
        [
          143.62507138774, 
          272.4763945616255
        ], 
        [
          203.2431826614297, 
          331.0199524275158
        ], 
        [
          213.31457351133565, 
          300.8023875189153
        ], 
        [
          158.0783639492694, 
          239.24203303886063
        ], 
        [
          265.8686058403087, 
          268.83605399551885
        ], 
        [
          306.25926124812145, 
          328.47244224755485
        ], 
        [
          312.66626931062297, 
          298.0964221332168
        ], 
        [
          275.1968120940012, 
          235.43142906470743
        ]
      ], 
      "projected_cuboid_centroid": [
        236.69360274269422, 
        286.58194024315344
      ], 
      "quaternion_xyzw": [
        -0.6574113959620492, 
        0.21410639302878917, 
        0.6931830544634254, 
        -0.2036319275756816
      ], 
      "visibility": 0.7178225205070843
    }, 
    {
      "bounding_box": {
        "bottom_right": [
          312, 
          417
        ], 
        "top_left": [
          235, 
          329
        ]
      }, 
      "class": "025_mug", 
      "cuboid": [
        [
          -8.790203927327674, 
          1.2019529817605497, 
          67.01998798912732
        ], 
        [
          -20.447143960852266, 
          2.004802325242433, 
          67.60131191770992
        ], 
        [
          -20.777558767687736, 
          -5.326440546747458, 
          71.10066544023498
        ], 
        [
          -9.120618734163147, 
          -6.129289890229341, 
          70.51934151165239
        ], 
        [
          -8.098155548367112, 
          5.1753407881033775, 
          75.40969022280531
        ], 
        [
          -19.755095581891705, 
          5.9781901315852615, 
          75.99101415138792
        ], 
        [
          -20.085510388727176, 
          -1.3530527404046295, 
          79.49036767391297
        ], 
        [
          -8.428570355202586, 
          -2.155902083886513, 
          78.90904374533038
        ]
      ], 
      "cuboid_centroid": [
        -14.437857158027425, 
        -0.07554987932203994, 
        73.25517783152014
      ], 
      "location": [
        -14.437857158027425, 
        -0.07554987932203994, 
        73.25517783152014
      ], 
      "pose_transform_permuted": [
        [
          -0.07434345973899245, 
          -0.426842118829796, 
          -0.9012657340060327, 
          0.0
        ], 
        [
          0.9964047932500405, 
          -0.06862546532815271, 
          -0.04969005135179623, 
          0.0
        ], 
        [
          0.0406399301852032, 
          0.901718664916843, 
          -0.43040892813129267, 
          0.0
        ], 
        [
          -14.437857158027425, 
          -0.07554987932203994, 
          73.25517783152014, 
          1.0
        ]
      ], 
      "projected_cuboid": [
        [
          411.06504540303996, 
          282.8512228233342
        ], 
        [
          318.94137533655305, 
          289.10280411751796
        ], 
        [
          324.44771734417753, 
          233.33339500325823
        ], 
        [
          412.0453621508516, 
          226.9323001323469
        ], 
        [
          423.84724077885977, 
          309.8880753133737
        ], 
        [
          341.7965980702483, 
          315.24262851002413
        ], 
        [
          345.7156399091327, 
          264.20858873252286
        ], 
        [
          424.1564812658348, 
          258.71552373309447
        ]
      ], 
      "projected_cuboid_centroid": [
        375.6092017087587, 
        272.73651228575915
      ], 
      "quaternion_xyzw": [
        0.974601096881811, 
        -0.0280282353115919, 
        -0.03181648150397837, 
        0.21989792790707446
      ], 
      "visibility": 0.8372860383584244
    }, 
    {
      "bounding_box": {
        "bottom_right": [
          330, 
          348
        ], 
        "top_left": [
          266, 
          304
        ]
      }, 
      "class": "061_foam_brick", 
      "cuboid": [
        [
          -24.95602011417252, 
          -1.181446474344966, 
          80.36040116586398
        ], 
        [
          -24.901909003289532, 
          5.391099373144164, 
          76.18400221103511
        ], 
        [
          -26.63682718152448, 
          7.984350845587664, 
          80.2426149130591
        ], 
        [
          -26.690938292407466, 
          1.4118049980985328, 
          84.41901386788797
        ], 
        [
          -20.01118776146506, 
          -0.25511525522488726, 
          81.882268412769
        ], 
        [
          -19.957076650582074, 
          6.317430592264244, 
          77.70586945794011
        ], 
        [
          -21.69199482881702, 
          8.910682064707743, 
          81.7644821599641
        ], 
        [
          -21.74610593970001, 
          2.3381362172186124, 
          85.94088111479297
        ]
      ], 
      "cuboid_centroid": [
        -23.32400747149477, 
        3.8646177951813883, 
        81.06244166291404
      ], 
      "location": [
        -23.32400747149477, 
        3.8646177951813883, 
        81.06244166291404
      ], 
      "pose_transform_permuted": [
        [
          -0.9407976242827283, 
          -0.17624262019114245, 
          -0.2895485606459403, 
          0.0
        ], 
        [
          -0.006948546689432525, 
          -0.8439974885836843, 
          0.536302113517501, 
          0.0
        ], 
        [
          0.3388975477085661, 
          -0.5065636959875772, 
          -0.7928062020850533, 
          0.0
        ], 
        [
          -23.32400747149477, 
          3.8646177951813883, 
          81.06244166291404, 
          1.0
        ]
      ], 
      "projected_cuboid": [
        [
          314.59380069084847, 
          265.4457540618009
        ], 
        [
          305.82065609510124, 
          311.02646745580205
        ], 
        [
          303.0843521021387, 
          326.353236636192
        ], 
        [
          311.5710813768715, 
          282.2056572486086
        ], 
        [
          350.17305092901756, 
          271.6249088617916
        ], 
        [
          343.4839793389596, 
          316.64503166642857
        ], 
        [
          338.9290794622419, 
          331.4076330948764
        ], 
        [
          345.5236061543386, 
          287.7962080777749
        ]
      ], 
      "projected_cuboid_centroid": [
        326.8668178005197, 
        298.7123246880904
      ], 
      "quaternion_xyzw": [
        0.44046461775292783, 
        -0.6713904980193998, 
        -0.22958456506041253, 
        0.5500151335763873
      ], 
      "visibility": 0.744661095636026
    }
  ]
}