{
  "camera_data": {
    "location_worldframe": [
      -12.03411361928973, 
      -2.245438681490472, 
      71.59231840771247
    ], 
    "quaternion_xyzw_worldframe": [
      -0.8271922259069621, 
      -0.07402981554825468, 
      -0.13710778156037495, 
      0.5398866953464696
    ]
  }, 
  "objects": [
    {
      "bounding_box": {
        "bottom_right": [
          465, 
          411
        ], 
        "top_left": [
          286, 
          274
        ]
      }, 
      "class": "003_cracker_box", 
      "cuboid": [
        [
          -8.249977238560614, 
          23.79677209514564, 
          70.04364985350952
        ], 
        [
          -19.60044657729637, 
          20.904422278491392, 
          58.55977968637179
        ], 
        [
          -21.55830392468448, 
          0.8331494363218284, 
          65.55008356022881
        ], 
        [
          -10.207834585948724, 
          3.7254992529760793, 
          77.03395372736654
        ], 
        [
          -13.391533903331082, 
          25.885002993862177, 
          74.59953443408688
        ], 
        [
          -24.742003242066836, 
          22.992653177207927, 
          63.11566426694915
        ], 
        [
          -26.69986058945495, 
          2.9213803350383634, 
          70.10596814080617
        ], 
        [
          -15.34939125071919, 
          5.813730151692615, 
          81.5898383079439
        ]
      ], 
      "cuboid_centroid": [
        -17.47491891400778, 
        13.359076215092003, 
        70.07480899715785
      ], 
      "location": [
        -17.47491891400778, 
        13.359076215092003, 
        70.07480899715785
      ], 
      "pose_transform_permuted": [
        [
          0.7160942601248181, 
          -0.29083996499199516, 
          -0.6345243300140226, 
          0.0
        ], 
        [
          0.6919498682842887, 
          0.17632408096429553, 
          0.7000822796310816, 
          0.0
        ], 
        [
          0.09172998636021201, 
          0.940383928635295, 
          -0.32751133776833397, 
          0.0
        ], 
        [
          -17.47491891400778, 
          13.359076215092003, 
          70.07480899715785, 
          1.0
        ]
      ], 
      "projected_cuboid": [
        [
          418.25740996508296, 
          454.4776181313786
        ], 
        [
          301.6029680471764, 
          463.6687053274848
        ], 
        [
          304.73566013949454, 
          280.06509394910495
        ], 
        [
          410.33750271248795, 
          299.078823234422
        ], 
        [
          385.0618141425911, 
          458.34103077143976
        ], 
        [
          270.78792644032075, 
          467.5716231641405
        ], 
        [
          276.7896227907986, 
          295.510456770172
        ], 
        [
          380.4282166923596, 
          311.2885270216359
        ]
      ], 
      "projected_cuboid_centroid": [
        347.4920641687571, 
        374.9586946457994
      ], 
      "quaternion_xyzw": [
        0.9037225966707934, 
        0.023401565623045746, 
        0.3917619590826116, 
        0.17105672278148784
      ], 
      "visibility": 0.819838056680162
    }, 
    {
      "bounding_box": {
        "bottom_right": [
          445, 
          297
        ], 
        "top_left": [
          299, 
          213
        ]
      }, 
      "class": "004_sugar_box", 
      "cuboid": [
        [
          -22.433803420322825, 
          20.336346973258003, 
          66.69441939390347
        ], 
        [
          -29.69708653480935, 
          19.31905372093112, 
          61.028726604167126
        ], 
        [
          -32.04141960536767, 
          2.8963982028908486, 
          66.98283931857873
        ], 
        [
          -24.77813649088115, 
          3.9136914552177298, 
          72.64853210831505
        ], 
        [
          -25.172107018086987, 
          21.89828923585448, 
          69.92440593647336
        ], 
        [
          -32.43539013257351, 
          20.8809959835276, 
          64.25871314673704
        ], 
        [
          -34.77972320313183, 
          4.458340465487328, 
          70.21282586114862
        ], 
        [
          -27.516440088645304, 
          5.47563371781421, 
          75.87851865088496
        ]
      ], 
      "cuboid_centroid": [
        -28.606763311727327, 
        12.397343719372666, 
        68.45362262752604
      ], 
      "location": [
        -28.606763311727327, 
        12.397343719372666, 
        68.45362262752604
      ], 
      "pose_transform_permuted": [
        [
          0.606705266661599, 
          -0.3460677617019426, 
          -0.7156437468158435, 
          0.0
        ], 
        [
          0.783720120571036, 
          0.1097676047873686, 
          0.6113375131191643, 
          0.0
        ], 
        [
          0.13300954555194713, 
          0.9317660423953703, 
          -0.3378162583870158, 
          0.0
        ], 
        [
          -28.606763311727327, 
          12.397343719372666, 
          68.45362262752604, 
          1.0
        ]
      ], 
      "projected_cuboid": [
        [
          300.71098639675125, 
          435.9054225832426
        ], 
        [
          219.9166202122496, 
          442.11243770132927
        ], 
        [
          224.35621876786817, 
          296.347756317024
        ], 
        [
          298.18262359393356, 
          302.0173083767024
        ], 
        [
          288.0072455493071, 
          440.3067125687934
        ], 
        [
          210.1539470164062, 
          446.5897917939305
        ], 
        [
          215.2171953464912, 
          307.1510100280508
        ], 
        [
          286.58335980031507, 
          311.772564644905
        ]
      ], 
      "projected_cuboid_centroid": [
        256.86552991971485, 
        369.87377370483114
      ], 
      "quaternion_xyzw": [
        0.9261654697976828, 
        -0.0062737009536901756, 
        0.32878649104863517, 
        0.1846009278013653
      ], 
      "visibility": 0.5532567721574472
    }, 
    {
      "bounding_box": {
        "bottom_right": [
          339, 
          297
        ], 
        "top_left": [
          256, 
          122
        ]
      }, 
      "class": "024_bowl", 
      "cuboid": [
        [
          -34.080920153661545, 
          2.44887931040273, 
          46.517857576950725
        ], 
        [
          -36.58052236004126, 
          8.489493854616104, 
          61.24882177227291
        ], 
        [
          -37.292492470837416, 
          3.401348170737264, 
          63.21446939569781
        ], 
        [
          -34.7928902644577, 
          -2.639266373476109, 
          48.483505200375646
        ], 
        [
          -18.267489857715, 
          1.4335888001604504, 
          49.61746893134195
        ], 
        [
          -20.767092064094715, 
          7.474203344373823, 
          64.34843312666413
        ], 
        [
          -21.479062174890874, 
          2.3860576604949846, 
          66.31408075008905
        ], 
        [
          -18.979459968511158, 
          -3.6545568837183886, 
          51.58311655476686
        ]
      ], 
      "cuboid_centroid": [
        -27.779991164276208, 
        2.417468485448857, 
        56.41596916351988
      ], 
      "location": [
        -27.779991164276208, 
        2.417468485448857, 
        56.41596916351988
      ], 
      "pose_transform_permuted": [
        [
          -0.979384188366053, 
          0.06288069405056756, 
          -0.19197038806619918, 
          0.0
        ], 
        [
          0.1550968108774413, 
          -0.37481165969376673, 
          -0.914035666160381, 
          0.0
        ], 
        [
          0.1294279368382862, 
          0.9249660740120813, 
          -0.35733201800631, 
          0.0
        ], 
        [
          -27.779991164276208, 
          2.417468485448857, 
          56.41596916351988, 
          1.0
        ]
      ], 
      "projected_cuboid": [
        [
          87.60874917102548, 
          301.36253634184897
        ], 
        [
          160.4204634182837, 
          347.20817749822174
        ], 
        [
          164.35070481208027, 
          301.98258820504105
        ], 
        [
          95.68511031189539, 
          244.25455202327083
        ], 
        [
          283.6103730224739, 
          288.6956468660169
        ], 
        [
          308.04513746480734, 
          335.2327085169551
        ], 
        [
          307.4158598676432, 
          292.47599612552324
        ], 
        [
          283.7325093275915, 
          235.5019510065365
        ]
      ], 
      "projected_cuboid_centroid": [
        216.79474654288933, 
        296.13970002234635
      ], 
      "quaternion_xyzw": [
        0.7536632658149994, 
        -0.16726289425383378, 
        -0.6280722241646342, 
        0.0976733699622893
      ], 
      "visibility": 0.8167687665721861
    }, 
    {
      "bounding_box": {
        "bottom_right": [
          323, 
          474
        ], 
        "top_left": [
          232, 
          367
        ]
      }, 
      "class": "025_mug", 
      "cuboid": [
        [
          0.49822247999764396, 
          2.753350750802277, 
          52.68716894062062
        ], 
        [
          -10.955195871861292, 
          3.925411938328508, 
          50.61057650264542
        ], 
        [
          -12.062465528759937, 
          -3.956551045147707, 
          52.269004825579366
        ], 
        [
          -0.6090471769010009, 
          -5.128612232673938, 
          54.34559726355458
        ], 
        [
          -0.9134028413428628, 
          4.837342845856252, 
          61.64920755290635
        ], 
        [
          -12.3668211932018, 
          6.009404033382483, 
          59.57261511493114
        ], 
        [
          -13.474090850100445, 
          -1.8725589500937316, 
          61.2310434378651
        ], 
        [
          -2.0206724982415074, 
          -3.0446201376199626, 
          63.3076358758403
        ]
      ], 
      "cuboid_centroid": [
        -6.4879341850514, 
        0.4403959003542728, 
        56.95910618924286
      ], 
      "location": [
        -6.4879341850514, 
        0.4403959003542728, 
        56.95910618924286
      ], 
      "pose_transform_permuted": [
        [
          0.1516441818724365, 
          -0.22387334054264582, 
          -0.9627491039751851, 
          0.0
        ], 
        [
          0.9790082913757272, 
          -0.10018472960097757, 
          0.17750169880557098, 
          0.0
        ], 
        [
          0.13619051150743997, 
          0.9694554201087379, 
          -0.2039812074607183, 
          0.0
        ], 
        [
          -6.4879341850514, 
          0.4403959003542728, 
          56.95910618924286, 
          1.0
        ]
      ], 
      "projected_cuboid": [
        [
          486.68229437484956, 
          301.1570025417301
        ], 
        [
          365.19234591759465, 
          314.6513910100304
        ], 
        [
          357.49369370456895, 
          232.9164149757474
        ], 
        [
          475.570386666525, 
          222.95699012659222
        ], 
        [
          473.62948604816444, 
          315.1337858636403
        ], 
        [
          369.9613546114432, 
          327.0852985026478
        ], 
        [
          363.2603427435063, 
          256.9766353135051
        ], 
        [
          464.43255259663766, 
          247.6378856467551
        ]
      ], 
      "projected_cuboid_centroid": [
        420.34299073114084, 
        277.41005349494907
      ], 
      "quaternion_xyzw": [
        0.9888393215608452, 
        -0.05976078113866575, 
        0.08321520835115641, 
        0.10817089760549066
      ], 
      "visibility": 0.9117566079295154
    }, 
    {
      "bounding_box": {
        "bottom_right": [
          335, 
          365
        ], 
        "top_left": [
          259, 
          308
        ]
      }, 
      "class": "061_foam_brick", 
      "cuboid": [
        [
          -18.411043640453002, 
          -1.6748887084198396, 
          60.92192493383217
        ], 
        [
          -17.39966197088459, 
          5.620756290648314, 
          58.39323627652456
        ], 
        [
          -20.095757137621433, 
          7.374898075351802, 
          62.375859633130915
        ], 
        [
          -21.10713880718985, 
          0.07925307628364811, 
          64.90454829043853
        ], 
        [
          -13.995474208225517, 
          -1.3070991529926252, 
          63.749116804434166
        ], 
        [
          -12.984092538657102, 
          5.988545846075529, 
          61.22042814712656
        ], 
        [
          -15.68018770539395, 
          7.742687630779016, 
          65.20305150373291
        ], 
        [
          -16.691569374962363, 
          0.44704263171086234, 
          67.73174016104052
        ]
      ], 
      "cuboid_centroid": [
        -17.045615672923475, 
        3.0338994611795886, 
        63.06248821878254
      ], 
      "location": [
        -17.045615672923475, 
        3.0338994611795886, 
        63.06248821878254
      ], 
      "pose_transform_permuted": [
        [
          -0.8401007224078112, 
          -0.06997518121973717, 
          -0.5378979923955275, 
          0.0
        ], 
        [
          -0.12987411711116653, 
          -0.9368525073376175, 
          0.324715403391669, 
          0.0
        ], 
        [
          0.5266531020647928, 
          -0.342652671824523, 
          -0.7779625033232945, 
          0.0
        ], 
        [
          -17.045615672923475, 
          3.0338994611795886, 
          63.06248821878254, 
          1.0
        ]
      ], 
      "projected_cuboid": [
        [
          319.0809173029525, 
          258.6243133586465
        ], 
        [
          321.3574124756976, 
          324.6222678224662
        ], 
        [
          308.34454539888935, 
          336.3426239513864
        ], 
        [
          306.7147215816637, 
          273.93775917812997
        ], 
        [
          363.5364147948003, 
          262.3514598128089
        ], 
        [
          367.5439991942013, 
          325.45554220262187
        ], 
        [
          352.27427597921314, 
          336.61680925923025
        ], 
        [
          349.0724153807486, 
          276.80655074704424
        ]
      ], 
      "projected_cuboid_centroid": [
        336.2409464778359, 
        298.94423151242955
      ], 
      "quaternion_xyzw": [
        -0.5160841025113635, 
        0.7089472443932653, 
        0.24966149727737164, 
        -0.41075557279172403
      ], 
      "visibility": 1.0
    }
  ]
}