{
  "camera_data": {
    "location_worldframe": [
      -10.31226570869329, 
      -1.7683369296675218, 
      76.32558873167456
    ], 
    "quaternion_xyzw_worldframe": [
      -0.8232445171094451, 
      -0.09723199782596616, 
      -0.17739317694338275, 
      0.5304237339371073
    ]
  }, 
  "objects": [
    {
      "bounding_box": {
        "bottom_right": [
          459, 
          430
        ], 
        "top_left": [
          289, 
          303
        ]
      }, 
      "class": "003_cracker_box", 
      "cuboid": [
        [
          -6.199628220347907, 
          24.227822238577126, 
          74.84209782913382
        ], 
        [
          -16.441767161549766, 
          21.271110921493037, 
          62.37475794511287
        ], 
        [
          -19.202175332963066, 
          1.2992521524627794, 
          69.37893892389255
        ], 
        [
          -8.960036391761207, 
          4.255963469546869, 
          81.84627880791349
        ], 
        [
          -11.730645275029516, 
          26.40476366556519, 
          78.86964967848684
        ], 
        [
          -21.97278421623138, 
          23.448052348481102, 
          66.40230979446589
        ], 
        [
          -24.733192387644674, 
          3.4761935794508454, 
          73.40649077324558
        ], 
        [
          -14.491053446442818, 
          6.432904896534936, 
          85.87383065726652
        ]
      ], 
      "cuboid_centroid": [
        -15.466410303996291, 
        13.852007909013986, 
        74.12429430118969
      ], 
      "location": [
        -15.466410303996291, 
        13.852007909013986, 
        74.12429430118969
      ], 
      "pose_transform_permuted": [
        [
          0.770336655559702, 
          -0.303195192066152, 
          -0.5609403824017862, 
          0.0
        ], 
        [
          0.6243835809615417, 
          0.1802477012495837, 
          0.7600367820177405, 
          0.0
        ], 
        [
          0.12933128363522448, 
          0.9357261574318683, 
          -0.32816151110551506, 
          0.0
        ], 
        [
          -15.466410303996291, 
          13.852007909013986, 
          74.12429430118969, 
          1.0
        ]
      ], 
      "projected_cuboid": [
        [
          437.05078997487124, 
          445.93231398469317
        ], 
        [
          339.84436239570255, 
          455.1597890202667
        ], 
        [
          332.75883204982733, 
          283.2739581860853
        ], 
        [
          422.72591161446815, 
          301.01887592800665
        ], 
        [
          401.6129565800072, 
          451.83655829036275
        ], 
        [
          303.64885074119184, 
          461.6129010759514
        ], 
        [
          300.4057225061488, 
          298.54209905357186
        ], 
        [
          390.8503647344166, 
          313.2381056678981
        ]
      ], 
      "projected_cuboid_centroid": [
        369.38987678226295, 
        372.9508538952014
      ], 
      "quaternion_xyzw": [
        0.883324702586087, 
        0.01441044767153362, 
        0.4331287897578907, 
        0.17868760528355548
      ], 
      "visibility": 0.814260193358554
    }, 
    {
      "bounding_box": {
        "bottom_right": [
          442, 
          324
        ], 
        "top_left": [
          302, 
          241
        ]
      }, 
      "class": "004_sugar_box", 
      "cuboid": [
        [
          -20.031780775763405, 
          20.820206460493655, 
          70.21258959941707
        ], 
        [
          -26.737694264948498, 
          19.782031325255556, 
          63.90044585784844
        ], 
        [
          -29.757426969894922, 
          3.4484276436700045, 
          69.7949835996414
        ], 
        [
          -23.051513480709833, 
          4.486602778908101, 
          76.10712734121003
        ], 
        [
          -23.04962134960706, 
          22.43908417940649, 
          73.1524291345731
        ], 
        [
          -29.755534838792148, 
          21.400909044168394, 
          66.84028539300446
        ], 
        [
          -32.77526754373857, 
          5.067305362582839, 
          72.73482313479742
        ], 
        [
          -26.069354054553486, 
          6.105480497820935, 
          79.04696687636606
        ]
      ], 
      "cuboid_centroid": [
        -26.40352415975099, 
        12.943755911538247, 
        71.47370636710725
      ], 
      "location": [
        -26.40352415975099, 
        12.943755911538247, 
        71.47370636710725
      ], 
      "pose_transform_permuted": [
        [
          0.6686401652435402, 
          -0.35868252115926436, 
          -0.6513580636476826, 
          0.0
        ], 
        [
          0.7235790269280469, 
          0.11202079408688624, 
          0.6810906275066217, 
          0.0
        ], 
        [
          0.17132944111803164, 
          0.926713541773269, 
          -0.3344361755251613, 
          0.0
        ], 
        [
          -26.40352415975099, 
          12.943755911538247, 
          71.47370636710725, 
          1.0
        ]
      ], 
      "projected_cuboid": [
        [
          328.17200707840885, 
          431.43230492149763
        ], 
        [
          256.581895851524, 
          438.3893719136657
        ], 
        [
          252.31879346715274, 
          299.63676974117726
        ], 
        [
          318.71778381833315, 
          304.72634142026686
        ], 
        [
          312.1528396625873, 
          436.8792328909663
        ], 
        [
          242.1986902111371, 
          444.044694141463
        ], 
        [
          239.27353272348847, 
          310.4419618526824
        ], 
        [
          304.2447792860285, 
          314.47941916118066
        ]
      ], 
      "projected_cuboid_centroid": [
        282.93848598502, 
        369.86972721684776
      ], 
      "quaternion_xyzw": [
        0.9085222386310914, 
        -0.016320086759931223, 
        0.37140829782655027, 
        0.19072694844783786
      ], 
      "visibility": 0.5786560497183919
    }, 
    {
      "bounding_box": {
        "bottom_right": [
          340, 
          336
        ], 
        "top_left": [
          260, 
          177
        ]
      }, 
      "class": "024_bowl", 
      "cuboid": [
        [
          -29.866841677810967, 
          2.7664464294121704, 
          49.23536776768492
        ], 
        [
          -33.69418239197973, 
          9.001319461328396, 
          63.595596272806766
        ], 
        [
          -34.62684174549145, 
          3.942136515681751, 
          65.5435985755013
        ], 
        [
          -30.79950103132268, 
          -2.2927365162344744, 
          51.18337007037945
        ], 
        [
          -14.423206933421973, 
          1.685069088904463, 
          53.82097045681492
        ], 
        [
          -18.250547647590736, 
          7.919942120820689, 
          68.18119896193677
        ], 
        [
          -19.18320700110245, 
          2.860759175174044, 
          70.12920126463132
        ], 
        [
          -15.355866286933683, 
          -3.3741138567421807, 
          55.76897275950946
        ]
      ], 
      "cuboid_centroid": [
        -24.525024339456706, 
        2.813602802293107, 
        59.68228451615811
      ], 
      "location": [
        -24.525024339456706, 
        2.813602802293107, 
        59.68228451615811
      ], 
      "pose_transform_permuted": [
        [
          -0.9564813830072182, 
          0.06697369572129185, 
          -0.2840033239982077, 
          0.0
        ], 
        [
          0.23748112295384505, 
          -0.38686512638206194, 
          -0.8910320365901396, 
          0.0
        ], 
        [
          0.16954669032800335, 
          0.919700982967194, 
          -0.35412430265091543, 
          0.0
        ], 
        [
          -24.525024339456706, 
          2.813602802293107, 
          59.68228451615811, 
          1.0
        ]
      ], 
      "projected_cuboid": [
        [
          155.38212425626583, 
          303.25280254882955
        ], 
        [
          196.67924518398442, 
          348.7725814255894
        ], 
        [
          197.49503706934996, 
          305.36318084268
        ], 
        [
          157.998537015591, 
          249.3967221784102
        ], 
        [
          337.4844370823072, 
          289.984125120452
        ], 
        [
          337.6499402771342, 
          335.23705065830563
        ], 
        [
          334.4965990325379, 
          295.04208151172094
        ], 
        [
          333.52490741433286, 
          241.01983291929324
        ]
      ], 
      "projected_cuboid_centroid": [
        260.6156550504261, 
        298.4288308057301
      ], 
      "quaternion_xyzw": [
        0.7812146679881348, 
        -0.1780598340987999, 
        -0.5912310326799375, 
        0.09189235004673033
      ], 
      "visibility": 0.8042433110367893
    }, 
    {
      "bounding_box": {
        "bottom_right": [
          321, 
          501
        ], 
        "top_left": [
          238, 
          403
        ]
      }, 
      "class": "025_mug", 
      "cuboid": [
        [
          3.9802622404067107, 
          2.918784556169718, 
          58.627946801504685
        ], 
        [
          -7.217802799858158, 
          4.1407216364592605, 
          55.46931344999465
        ], 
        [
          -8.536545861766335, 
          -3.7131415112878137, 
          57.106237840862086
        ], 
        [
          2.661519178498533, 
          -4.935078591577356, 
          60.26487119237211
        ], 
        [
          1.7481737266054107, 
          5.1203928462932025, 
          67.39290812438645
        ], 
        [
          -9.449891313659458, 
          6.342329926582744, 
          64.23427477287642
        ], 
        [
          -10.768634375567636, 
          -1.5115332211643295, 
          65.87119916374385
        ], 
        [
          0.4294306646972328, 
          -2.733470301453872, 
          69.02983251525389
        ]
      ], 
      "cuboid_centroid": [
        -3.3941860675804625, 
        0.7036256675026942, 
        62.249572982624265
      ], 
      "location": [
        -3.3941860675804625, 
        0.7036256675026942, 
        62.249572982624265
      ], 
      "pose_transform_permuted": [
        [
          0.23978263312876164, 
          -0.23650828793741727, 
          -0.9415780298484324, 
          0.0
        ], 
        [
          0.9571813571277289, 
          -0.10444799066898201, 
          0.2699917304637989, 
          0.0
        ], 
        [
          0.16220104202187335, 
          0.965999233101911, 
          -0.20133629482420418, 
          0.0
        ], 
        [
          -3.3941860675804625, 
          0.7036256675026942, 
          62.249572982624265, 
          1.0
        ]
      ], 
      "projected_cuboid": [
        [
          518.1059685560836, 
          299.8377826998135
        ], 
        [
          411.6218991954314, 
          313.0982428653436
        ], 
        [
          401.2092275227831, 
          238.60922149327916
        ], 
        [
          505.34671328417215, 
          229.61310094752335
        ], 
        [
          495.54668121740525, 
          313.80720780350885
        ], 
        [
          402.4833632410117, 
          325.94516555587285
        ], 
        [
          393.6833198221042, 
          261.04856026591193
        ], 
        [
          484.94246850074677, 
          252.16794057704578
        ]
      ], 
      "projected_cuboid_centroid": [
        452.27524327926744, 
        279.31480981883084
      ], 
      "quaternion_xyzw": [
        0.98294946717495, 
        -0.06781860146310957, 
        0.12965426520288972, 
        0.11135989117019679
      ], 
      "visibility": 0.890531561461794
    }, 
    {
      "bounding_box": {
        "bottom_right": [
          335, 
          395
        ], 
        "top_left": [
          264, 
          337
        ]
      }, 
      "class": "061_foam_brick", 
      "cuboid": [
        [
          -15.652981663254836, 
          -1.2852505919108075, 
          65.09655129315585
        ], 
        [
          -14.352364361996756, 
          5.972437832827077, 
          62.590967823251646
        ], 
        [
          -17.397482354320534, 
          7.7923408018878675, 
          66.28182692995847
        ], 
        [
          -18.698099655578616, 
          0.5346523771499853, 
          68.78741039986268
        ], 
        [
          -11.520141225805201, 
          -0.9122178181463998, 
          68.32238651978784
        ], 
        [
          -10.219523924547119, 
          6.3454706065914825, 
          65.81680304988363
        ], 
        [
          -13.264641916870898, 
          8.165373575652277, 
          69.50766215659046
        ], 
        [
          -14.565259218128979, 
          0.9076851509143922, 
          72.01324562649467
        ]
      ], 
      "cuboid_centroid": [
        -14.458811790062867, 
        3.4400614918707344, 
        67.30210672487316
      ], 
      "location": [
        -14.458811790062867, 
        3.4400614918707344, 
        67.30210672487316
      ], 
      "pose_transform_permuted": [
        [
          -0.7863090571641541, 
          -0.0709727493885601, 
          -0.6137433791625359, 
          0.0
        ], 
        [
          -0.16701560724595996, 
          -0.9319784061668774, 
          0.32174840695007356, 
          0.0
        ], 
        [
          0.5948309453600097, 
          -0.3554984096769992, 
          -0.7209695050133827, 
          0.0
        ], 
        [
          -14.458811790062867, 
          3.4400614918707344, 
          67.30210672487316, 
          1.0
        ]
      ], 
      "projected_cuboid": [
        [
          352.28744911684765, 
          262.7568048952463
        ], 
        [
          358.28558514690843, 
          324.1759580733811
        ], 
        [
          340.4461617694234, 
          335.9855935277147
        ], 
        [
          335.419663411555, 
          277.4317817297544
        ], 
        [
          390.9222881579815, 
          266.16583199739847
        ], 
        [
          398.0972333306144, 
          324.7044674783635
        ], 
        [
          378.97173384116695, 
          335.93795649689247
        ], 
        [
          372.8299631416143, 
          280.0087216870146
        ]
      ], 
      "projected_cuboid_centroid": [
        366.06682644815766, 
        300.5464894184319
      ], 
      "quaternion_xyzw": [
        -0.5223096213548954, 
        0.7307970641849718, 
        0.2223588419685763, 
        -0.3790578528630239
      ], 
      "visibility": 0.9994535519125683
    }
  ]
}