{
  "camera_data": {
    "location_worldframe": [
      -19.283141023049836, 
      8.689182219421943, 
      81.28324197155312
    ], 
    "quaternion_xyzw_worldframe": [
      0.9389380519753423, 
      0.028852797903426142, 
      -0.10184810269247033, 
      -0.3274043992068608
    ]
  }, 
  "objects": [
    {
      "bounding_box": {
        "bottom_right": [
          527, 
          367
        ], 
        "top_left": [
          337, 
          178
        ]
      }, 
      "class": "003_cracker_box", 
      "cuboid": [
        [
          -22.01589067440932, 
          30.597260763732447, 
          66.87893472445873
        ], 
        [
          -36.0565585529878, 
          22.532412291359265, 
          64.2529148600497
        ], 
        [
          -30.827665345852235, 
          8.482256289516451, 
          79.4451937970179
        ], 
        [
          -16.786997467273753, 
          16.547104761889635, 
          82.07121366142692
        ], 
        [
          -25.28520549668408, 
          34.69014466210321, 
          71.78936031927783
        ], 
        [
          -39.32587337526255, 
          26.62529618973003, 
          69.16334045486882
        ], 
        [
          -34.09698016812699, 
          12.575140187887213, 
          84.35561939183701
        ], 
        [
          -20.056312289548508, 
          20.639988660260393, 
          86.98163925624604
        ]
      ], 
      "cuboid_centroid": [
        -28.056435421268155, 
        21.58620047580983, 
        75.61727705814786
      ], 
      "location": [
        -28.056435421268155, 
        21.58620047580983, 
        75.61727705814786
      ], 
      "pose_transform_permuted": [
        [
          0.4553363371084148, 
          -0.5700395537917181, 
          -0.6839033025374501, 
          0.0
        ], 
        [
          0.8559503575812447, 
          0.49165110901158016, 
          0.1600880144302597, 
          0.0
        ], 
        [
          -0.24498531683599203, 
          0.658281166463558, 
          -0.7117921750160974, 
          0.0
        ], 
        [
          -28.056435421268155, 
          21.58620047580983, 
          75.61727705814786, 
          1.0
        ]
      ], 
      "projected_cuboid": [
        [
          304.57041827559146, 
          517.2814285089726
        ], 
        [
          179.82212489806727, 
          460.3127103697616
        ], 
        [
          272.92479599910087, 
          330.228351229873
        ], 
        [
          371.6018247006819, 
          380.81382581595045
        ], 
        [
          292.1891451555651, 
          530.9978953338073
        ], 
        [
          175.82757427779703, 
          478.5946068561724
        ], 
        [
          264.2300556970045, 
          352.79005620196193
        ], 
        [
          357.5989107362387, 
          399.8386499336918
        ]
      ], 
      "projected_cuboid_centroid": [
        282.06936822329186, 
        425.53142020795286
      ], 
      "quaternion_xyzw": [
        0.8941664870959788, 
        0.20595617160736376, 
        0.1720664888530472, 
        0.35838732140668594
      ], 
      "visibility": 0.9003244322435737
    }, 
    {
      "bounding_box": {
        "bottom_right": [
          476, 
          279
        ], 
        "top_left": [
          346, 
          155
        ]
      }, 
      "class": "004_sugar_box", 
      "cuboid": [
        [
          -35.29756264717232, 
          26.047359758345973, 
          72.10096004906241
        ], 
        [
          -43.80167338813675, 
          22.438198207022143, 
          71.36319629829629
        ], 
        [
          -40.096787429525996, 
          11.062768349837569, 
          84.30631746839326
        ], 
        [
          -31.592676688561568, 
          14.671929901161395, 
          85.04408121915937
        ], 
        [
          -36.82019980543521, 
          29.013166151875392, 
          75.1433853662679
        ], 
        [
          -45.32431054639963, 
          25.404004600551566, 
          74.40562161550179
        ], 
        [
          -41.61942458778888, 
          14.02857474336699, 
          87.34874278559874
        ], 
        [
          -33.11531384682445, 
          17.637736294690818, 
          88.08650653636487
        ]
      ], 
      "cuboid_centroid": [
        -38.4584936174806, 
        20.037967250856482, 
        79.72485141733058
      ], 
      "location": [
        -38.4584936174806, 
        20.037967250856482, 
        79.72485141733058
      ], 
      "pose_transform_permuted": [
        [
          0.3373592263060325, 
          -0.6571113445281013, 
          -0.6740872213294059, 
          0.0
        ], 
        [
          0.9176074497172136, 
          0.3894344309011312, 
          0.07960591465175662, 
          0.0
        ], 
        [
          -0.21020272412027444, 
          0.645403494394177, 
          -0.7343490080308346, 
          0.0
        ], 
        [
          -38.4584936174806, 
          20.037967250856482, 
          79.72485141733058, 
          1.0
        ]
      ], 
      "projected_cuboid": [
        [
          218.330684077338, 
          465.95480536063747
        ], 
        [
          151.52547630526865, 
          440.97424166639865
        ], 
        [
          225.83201901022764, 
          343.26932435170033
        ], 
        [
          281.8253212450928, 
          365.2956164149949
        ], 
        [
          218.09312276868025, 
          479.2033941780602
        ], 
        [
          154.01720596839002, 
          455.3756442919363
        ], 
        [
          225.36637507557955, 
          358.93990168218056
        ], 
        [
          279.4296211442673, 
          380.0741782073962
        ]
      ], 
      "projected_cuboid_centroid": [
        222.1849324854496, 
        407.3305675636688
      ], 
      "quaternion_xyzw": [
        0.8995968771400884, 
        0.16664051706351915, 
        0.11587555258177544, 
        0.38668996856195537
      ], 
      "visibility": 0.42892156862745096
    }, 
    {
      "bounding_box": {
        "bottom_right": [
          363, 
          235
        ], 
        "top_left": [
          274, 
          121
        ]
      }, 
      "class": "024_bowl", 
      "cuboid": [
        [
          -49.82166317285209, 
          0.6540939552372387, 
          69.46506436352367
        ], 
        [
          -47.58774603703013, 
          13.160362361192895, 
          79.38177783998555
        ], 
        [
          -46.3797876321947, 
          9.69516864535294, 
          83.47972458468693
        ], 
        [
          -48.61370476801665, 
          -2.8110997606027186, 
          73.56301110822506
        ], 
        [
          -34.22927089707087, 
          1.1685087134920593, 
          65.30385496385792
        ], 
        [
          -31.995353761248914, 
          13.674777119447718, 
          75.2205684403198
        ], 
        [
          -30.787395356413477, 
          10.209583403607759, 
          79.31851518502117
        ], 
        [
          -33.02131249223543, 
          -2.2966850023478966, 
          69.40180170855929
        ]
      ], 
      "cuboid_centroid": [
        -40.304529264632784, 
        5.431838679422499, 
        74.39178977427243
      ], 
      "location": [
        -40.304529264632784, 
        5.431838679422499, 
        74.39178977427243
      ], 
      "pose_transform_permuted": [
        [
          -0.9656944867689781, 
          -0.031859607376020026, 
          0.25771907892479756, 
          0.0
        ], 
        [
          -0.13861142490839223, 
          -0.7759964128653698, 
          -0.6153181616894984, 
          0.0
        ], 
        [
          -0.21959287581537187, 
          0.6299321651082158, 
          -0.7449593520811792, 
          0.0
        ], 
        [
          -40.304529264632784, 
          5.431838679422499, 
          74.39178977427243, 
          1.0
        ]
      ], 
      "projected_cuboid": [
        [
          95.90250437657839, 
          278.30835893212696
        ], 
        [
          159.21858117859648, 
          361.7032900350436
        ], 
        [
          182.82534857231198, 
          335.225210233141
        ], 
        [
          126.21872332388686, 
          252.9065327316295
        ], 
        [
          199.72595666316573, 
          282.8294444508365
        ], 
        [
          252.8571067834276, 
          370.24175361621843
        ], 
        [
          272.86455076393315, 
          341.93344535813037
        ], 
        [
          225.7294512184978, 
          255.63761449568463
        ]
      ], 
      "projected_cuboid_centroid": [
        190.24333692099268, 
        312.2277430411954
      ], 
      "quaternion_xyzw": [
        -0.5553381090099585, 
        0.25047963034714965, 
        0.7117342672903639, 
        -0.3497054077749548
      ], 
      "visibility": 0.6054571317729213
    }, 
    {
      "bounding_box": {
        "bottom_right": [
          350, 
          358
        ], 
        "top_left": [
          260, 
          255
        ]
      }, 
      "class": "025_mug", 
      "cuboid": [
        [
          -16.49841251298595, 
          3.6808635676713815, 
          58.775134354442415
        ], 
        [
          -27.81849521958969, 
          3.7714398716931106, 
          61.7271301153237
        ], 
        [
          -26.492686498399, 
          -2.276252719966588, 
          66.99679961348829
        ], 
        [
          -15.172603791795261, 
          -2.3668290239883176, 
          64.044803852607
        ], 
        [
          -14.704494829879028, 
          9.901993269848816, 
          65.46342634590924
        ], 
        [
          -26.024577536482763, 
          9.992569573870547, 
          68.41542210679053
        ], 
        [
          -24.698768815292073, 
          3.944876982210847, 
          73.6850916049551
        ], 
        [
          -13.378686108688337, 
          3.854300678189118, 
          70.73309584407383
        ]
      ], 
      "cuboid_centroid": [
        -20.598590664139014, 
        3.8128702749411145, 
        66.23011297969876
      ], 
      "location": [
        -20.598590664139014, 
        3.8128702749411145, 
        66.23011297969876
      ], 
      "pose_transform_permuted": [
        [
          -0.19271202867267553, 
          -0.6683063202019803, 
          -0.7184913389105356, 
          0.0
        ], 
        [
          0.9676111086106721, 
          -0.007742225937730609, 
          -0.25232888882817345, 
          0.0
        ], 
        [
          -0.1630700947822624, 
          0.743846218819742, 
          -0.6481519474130085, 
          0.0
        ], 
        [
          -20.598590664139014, 
          3.8128702749411145, 
          66.23011297969876, 
          1.0
        ]
      ], 
      "projected_cuboid": [
        [
          330.6445838694553, 
          306.6863191164652
        ], 
        [
          239.24357346045136, 
          305.8716061122325
        ], 
        [
          268.9479035193389, 
          255.1667149628987
        ], 
        [
          354.19750059672003, 
          253.57726896070685
        ], 
        [
          360.80369391445424, 
          353.95642066271745
        ], 
        [
          277.0367382966418, 
          351.181738739341
        ], 
        [
          301.342028846235, 
          301.83885571612143
        ], 
        [
          379.8826466105648, 
          302.34753137608965
        ]
      ], 
      "projected_cuboid_centroid": [
        314.34413265471056, 
        303.98976789047316
      ], 
      "quaternion_xyzw": [
        0.9260060294540405, 
        0.041934896724190554, 
        -0.12015065327469802, 
        0.35541298483530204
      ], 
      "visibility": 0.7587040618955513
    }, 
    {
      "bounding_box": {
        "bottom_right": [
          375, 
          307
        ], 
        "top_left": [
          303, 
          246
        ]
      }, 
      "class": "061_foam_brick", 
      "cuboid": [
        [
          -29.284254613787418, 
          4.003219562466617, 
          75.5501163219101
        ], 
        [
          -30.911620727185657, 
          9.113927796398414, 
          69.9042385300917
        ], 
        [
          -32.14323629520805, 
          12.615956761096653, 
          73.4293126530784
        ], 
        [
          -30.515870181809813, 
          7.505248527164856, 
          79.07519044489679
        ], 
        [
          -24.30227167022548, 
          5.676306986985788, 
          75.62860747475428
        ], 
        [
          -25.929637783623715, 
          10.787015220917585, 
          69.98272968293588
        ], 
        [
          -27.16125335164611, 
          14.289044185615824, 
          73.50780380592258
        ], 
        [
          -25.53388723824787, 
          9.178335951684026, 
          79.15368159774097
        ]
      ], 
      "cuboid_centroid": [
        -28.222753982716764, 
        9.14613187404122, 
        74.52896006391634
      ], 
      "location": [
        -28.222753982716764, 
        9.14613187404122, 
        74.52896006391634
      ], 
      "pose_transform_permuted": [
        [
          -0.9478658492747158, 
          -0.3183195226716043, 
          -0.01493362865630432, 
          0.0
        ], 
        [
          0.20897426120488963, 
          -0.656279167070432, 
          0.7250016641520285, 
          0.0
        ], 
        [
          0.240582813044891, 
          -0.6840835741014852, 
          -0.6885851971339099, 
          0.0
        ], 
        [
          -28.222753982716764, 
          9.14613187404122, 
          74.52896006391634, 
          1.0
        ]
      ], 
      "projected_cuboid": [
        [
          273.15240763801427, 
          301.54586427155385
        ], 
        [
          243.79807851817097, 
          342.81931990759495
        ], 
        [
          246.19413161390116, 
          364.9166589512682
        ], 
        [
          274.0688056323036, 
          323.9053982533264
        ], 
        [
          308.79357989257363, 
          313.3148523631494
        ], 
        [
          282.347536273483, 
          355.4914832207079
        ], 
        [
          282.89238775642303, 
          376.9575320041502
        ], 
        [
          308.12180535180204, 
          335.1280872960102
        ]
      ], 
      "projected_cuboid_centroid": [
        277.9556716779496, 
        338.7350728128452
      ], 
      "quaternion_xyzw": [
        0.3673636875630569, 
        -0.6103365754960333, 
        -0.15166454433825413, 
        0.6852233589586082
      ], 
      "visibility": 0.42866622428666223
    }
  ]
}