{
  "camera_data": {
    "location_worldframe": [
      -22.956330648204617, 
      15.296221990818168, 
      74.31856630225799
    ], 
    "quaternion_xyzw_worldframe": [
      0.9192493897444382, 
      0.026875212894698238, 
      -0.10727582528701442, 
      -0.3778236287088859
    ]
  }, 
  "objects": [
    {
      "bounding_box": {
        "bottom_right": [
          539, 
          333
        ], 
        "top_left": [
          393, 
          133
        ]
      }, 
      "class": "003_cracker_box", 
      "cuboid": [
        [
          -25.721242406300686, 
          38.63907514287908, 
          62.38621812963297
        ], 
        [
          -39.88866156781202, 
          31.01752055684613, 
          59.180870148318355
        ], 
        [
          -34.5333819058782, 
          15.38251922497668, 
          72.68721163079665
        ], 
        [
          -20.36596274436687, 
          23.00407381100963, 
          75.89255961211127
        ], 
        [
          -28.860036861952278, 
          42.21118618472445, 
          67.7658454034169
        ], 
        [
          -43.027456023463614, 
          34.5896315986915, 
          64.56049742210229
        ], 
        [
          -37.67217636152979, 
          18.954630266822047, 
          78.06683890458058
        ], 
        [
          -23.504757200018457, 
          26.576184852854993, 
          81.27218688589521
        ]
      ], 
      "cuboid_centroid": [
        -31.696709383915238, 
        28.79685270485056, 
        70.22652851710677
      ], 
      "location": [
        -31.696709383915238, 
        28.79685270485056, 
        70.22652851710677
      ], 
      "pose_transform_permuted": [
        [
          0.43715801263157905, 
          -0.4975085135443404, 
          -0.7492517273539708, 
          0.0
        ], 
        [
          0.8636773978394781, 
          0.4646269272698127, 
          0.19540514557462363, 
          0.0
        ], 
        [
          -0.25090680431832857, 
          0.7325347073051985, 
          -0.6328022425213511, 
          0.0
        ], 
        [
          -31.696709383915238, 
          28.79685270485056, 
          70.22652851710677, 
          1.0
        ]
      ], 
      "projected_cuboid": [
        [
          259.88209623254215, 
          603.599483165889
        ], 
        [
          119.13725975507285, 
          552.8067797913583
        ], 
        [
          226.10769502277324, 
          386.15094090910026
        ], 
        [
          337.28671762370203, 
          434.943004950406
        ], 
        [
          252.57477497601718, 
          605.4900556558673
        ], 
        [
          123.19497258003616, 
          559.0236162701502
        ], 
        [
          222.0919936433161, 
          402.77654494099164
        ], 
        [
          326.07015203262915, 
          447.68322116535677
        ]
      ], 
      "projected_cuboid_centroid": [
        238.8775420183748, 
        491.97776201724474
      ], 
      "quaternion_xyzw": [
        0.9145304577348213, 
        0.1956013945561829, 
        0.17292019988404303, 
        0.30898663530171844
      ], 
      "visibility": 0.6116738334957827
    }, 
    {
      "bounding_box": {
        "bottom_right": [
          539, 
          240
        ], 
        "top_left": [
          396, 
          101
        ]
      }, 
      "class": "004_sugar_box", 
      "cuboid": [
        [
          -38.95338145181136, 
          33.66791605227725, 
          67.34318377106896
        ], 
        [
          -47.505920417156425, 
          30.228848976486137, 
          66.38551115239947
        ], 
        [
          -43.68709319097366, 
          17.50600694485176, 
          77.96984623390038
        ], 
        [
          -35.1345542256286, 
          20.945074020642863, 
          78.92751885256988
        ], 
        [
          -40.390844273825316, 
          36.3044139870673, 
          70.71265888828994
        ], 
        [
          -48.94338323917038, 
          32.86534691127619, 
          69.75498626962045
        ], 
        [
          -45.12455601298762, 
          20.14250487964181, 
          81.33932135112136
        ], 
        [
          -36.57201704764256, 
          23.581571955432917, 
          82.29699396979085
        ]
      ], 
      "cuboid_centroid": [
        -42.03896873239949, 
        26.905210465959527, 
        74.34125256109516
      ], 
      "location": [
        -42.03896873239949, 
        26.905210465959527, 
        74.34125256109516
      ], 
      "pose_transform_permuted": [
        [
          0.3184877912946547, 
          -0.5841489540771219, 
          -0.7465491778093325, 
          0.0
        ], 
        [
          0.922832934288362, 
          0.37108095895576654, 
          0.10333444096021453, 
          0.0
        ], 
        [
          -0.21666736705420503, 
          0.7218511132267891, 
          -0.6572560717001505, 
          0.0
        ], 
        [
          -42.03896873239949, 
          26.905210465959527, 
          74.34125256109516, 
          1.0
        ]
      ], 
      "projected_cuboid": [
        [
          170.5377198871918, 
          539.9172190653834
        ], 
        [
          96.76950370031525, 
          516.1352689172123
        ], 
        [
          180.28383203954198, 
          393.02893555923373
        ], 
        [
          242.21162635865315, 
          414.81408513572325
        ], 
        [
          174.4279844993841, 
          547.096846337154
        ], 
        [
          104.27651002910383, 
          524.5622395885982
        ], 
        [
          183.26211693417997, 
          405.3554085841432
        ], 
        [
          242.6197519593265, 
          426.10517107037134
        ]
      ], 
      "projected_cuboid_centroid": [
        177.49882011585456, 
        466.3028665541225
      ], 
      "quaternion_xyzw": [
        0.9207650657638575, 
        0.15958151212067906, 
        0.11453036391669837, 
        0.3370580270515083
      ], 
      "visibility": 0.4224618447746026
    }, 
    {
      "bounding_box": {
        "bottom_right": [
          426, 
          181
        ], 
        "top_left": [
          337, 
          49
        ]
      }, 
      "class": "024_bowl", 
      "cuboid": [
        [
          -53.78212653484772, 
          8.822728694870815, 
          62.28973297791802
        ], 
        [
          -51.24298142335984, 
          20.17957460863165, 
          73.4393129870334
        ], 
        [
          -49.99755762345347, 
          16.28669650077662, 
          77.12093193995719
        ], 
        [
          -52.53670273494133, 
          4.9298505870157845, 
          65.97135193084182
        ], 
        [
          -38.26218751110672, 
          9.649176428616869, 
          57.91349487471042
        ], 
        [
          -35.723042399618855, 
          21.006022342377705, 
          69.0630748838258
        ], 
        [
          -34.47761859971247, 
          17.11314423452267, 
          72.74469383674959
        ], 
        [
          -37.01676371120034, 
          5.756298320761837, 
          61.595113827634215
        ]
      ], 
      "cuboid_centroid": [
        -44.129872567280096, 
        12.967936464696745, 
        67.51721340733381
      ], 
      "location": [
        -44.129872567280096, 
        12.967936464696745, 
        67.51721340733381
      ], 
      "pose_transform_permuted": [
        [
          -0.9612071890659563, 
          -0.0511849628950726, 
          0.27103660133154084, 
          0.0
        ], 
        [
          -0.15755039267515705, 
          -0.7046763594443832, 
          -0.6918158007794518, 
          0.0
        ], 
        [
          -0.22640365159561002, 
          0.7076802441877549, 
          -0.6692757716595849, 
          0.0
        ], 
        [
          -44.129872567280096, 
          12.967936464696745, 
          67.51721340733381, 
          1.0
        ]
      ], 
      "projected_cuboid": [
        [
          17.28150583375662, 
          348.82601720265245
        ], 
        [
          106.36709409958294, 
          419.83151343275307
        ], 
        [
          132.96425576077826, 
          385.9150289829661
        ], 
        [
          53.34529738611142, 
          313.1399862315102
        ], 
        [
          126.30806898546366, 
          362.14483883148426
        ], 
        [
          203.4373311746958, 
          435.4994585408745
        ], 
        [
          226.7218098129556, 
          398.7496400790978
        ], 
        [
          158.417479948223, 
          323.12728719456777
        ]
      ], 
      "projected_cuboid_centroid": [
        130.10955383186666, 
        375.7204821701143
      ], 
      "quaternion_xyzw": [
        -0.5654850241564883, 
        0.21144357826371857, 
        0.7307987476375511, 
        -0.31851450691790667
      ], 
      "visibility": 0.6704225352112676
    }, 
    {
      "bounding_box": {
        "bottom_right": [
          431, 
          305
        ], 
        "top_left": [
          334, 
          187
        ]
      }, 
      "class": "025_mug", 
      "cuboid": [
        [
          -20.626105104991453, 
          12.697140393010494, 
          51.35630021437998
        ], 
        [
          -31.890058533703325, 
          12.565883043238484, 
          54.514286944466285
        ], 
        [
          -30.532357751933464, 
          5.979264686138995, 
          59.08319034390347
        ], 
        [
          -19.268404323221596, 
          6.1105220359110035, 
          55.92520361381717
        ], 
        [
          -18.649108581776584, 
          18.15340053104522, 
          58.63466234067508
        ], 
        [
          -29.913062010488456, 
          18.022143181273215, 
          61.792649070761385
        ], 
        [
          -28.555361228718596, 
          11.435524824173724, 
          66.36155247019857
        ], 
        [
          -17.291407800006724, 
          11.566782173945732, 
          63.20356574011227
        ]
      ], 
      "cuboid_centroid": [
        -24.590733166855024, 
        12.06633260859211, 
        58.85892634228927
      ], 
      "location": [
        -24.590733166855024, 
        12.06633260859211, 
        58.85892634228927
      ], 
      "pose_transform_permuted": [
        [
          -0.2123793160942129, 
          -0.5861400275320504, 
          -0.7818797618090566, 
          0.0
        ], 
        [
          0.9628133245119057, 
          0.011219535494391846, 
          -0.2699364589530791, 
          0.0
        ], 
        [
          -0.16699271292341933, 
          0.8101323083937674, 
          -0.5619600312540585, 
          0.0
        ], 
        [
          -24.590733166855024, 
          12.06633260859211, 
          58.85892634228927, 
          1.0
        ]
      ], 
      "projected_cuboid": [
        [
          265.6162233796657, 
          405.14248542310435
        ], 
        [
          167.01300376089713, 
          396.22002720829175
        ], 
        [
          203.69732666917636, 
          327.2588934267035
        ], 
        [
          296.31648259680406, 
          331.55831625968193
        ], 
        [
          310.55797448690294, 
          438.4032729956957
        ], 
        [
          221.272116953084, 
          428.83193106339746
        ], 
        [
          250.1973321546853, 
          365.18898910794314
        ], 
        [
          334.4740891966398, 
          370.8884908998152
        ]
      ], 
      "projected_cuboid_centroid": [
        256.92407061163556, 
        382.6193423176084
      ], 
      "quaternion_xyzw": [
        0.9427122300462015, 
        0.047260511410008206, 
        -0.12790641716392448, 
        0.3044672653525035
      ], 
      "visibility": 0.7424123495552067
    }, 
    {
      "bounding_box": {
        "bottom_right": [
          444, 
          262
        ], 
        "top_left": [
          363, 
          188
        ]
      }, 
      "class": "061_foam_brick", 
      "cuboid": [
        [
          -33.10591422073957, 
          11.332404635835184, 
          68.30837385017821
        ], 
        [
          -34.781442271123815, 
          17.0301245294353, 
          63.271292460522865
        ], 
        [
          -35.91380892631685, 
          20.14579280208136, 
          67.17226520107933
        ], 
        [
          -34.23828087593261, 
          14.448072908481238, 
          72.2093465907347
        ], 
        [
          -28.106413258020535, 
          12.946146892928489, 
          68.47073915602866
        ], 
        [
          -29.781941308404775, 
          18.64386678652861, 
          63.433657766373294
        ], 
        [
          -30.91430796359781, 
          21.759535059174663, 
          67.33463050692977
        ], 
        [
          -29.23877991321357, 
          16.061815165574544, 
          72.37171189658513
        ]
      ], 
      "cuboid_centroid": [
        -32.01011109216869, 
        16.545969847504924, 
        67.821502178554
      ], 
      "location": [
        -32.01011109216869, 
        16.545969847504924, 
        67.821502178554
      ], 
      "pose_transform_permuted": [
        [
          -0.9511988057087419, 
          -0.3070285852758514, 
          -0.030891420196761818, 
          0.0
        ], 
        [
          0.21515885919853306, 
          -0.7316588415566394, 
          0.6468245549454522, 
          0.0
        ], 
        [
          0.2211956087417865, 
          -0.6086121814386446, 
          -0.7620129364242089, 
          0.0
        ], 
        [
          -32.01011109216869, 
          16.545969847504924, 
          67.821502178554, 
          1.0
        ]
      ], 
      "projected_cuboid": [
        [
          220.96768441650644, 
          361.76461140134006
        ], 
        [
          185.97788045421436, 
          416.8350346564165
        ], 
        [
          194.08027736944513, 
          433.23567454391116
        ], 
        [
          226.61462767457348, 
          379.99627273156557
        ], 
        [
          260.85142056984506, 
          374.1242644279903
        ], 
        [
          229.11822772890304, 
          430.0351729081876
        ], 
        [
          234.70178900765546, 
          445.6315271852097
        ], 
        [
          264.3358858224371, 
          391.6488144095045
        ]
      ], 
      "projected_cuboid_centroid": [
        227.7854400565531, 
        403.3970406801504
      ], 
      "quaternion_xyzw": [
        0.3991986028146425, 
        -0.5967295749409597, 
        -0.19061580414938087, 
        0.6694922741227892
      ], 
      "visibility": 0.1547839915186854
    }
  ]
}