{
  "camera_data": {
    "location_worldframe": [
      -9.831367617464995, 
      0.3983712401650616, 
      82.97607152198879
    ], 
    "quaternion_xyzw_worldframe": [
      -0.8239653087961545, 
      -0.11230202859870601, 
      -0.21174671291480146, 
      0.513454059471805
    ]
  }, 
  "objects": [
    {
      "bounding_box": {
        "bottom_right": [
          461, 
          440
        ], 
        "top_left": [
          303, 
          322
        ]
      }, 
      "class": "003_cracker_box", 
      "cuboid": [
        [
          -5.130376779711142, 
          26.270242964093764, 
          81.1155149240278
        ], 
        [
          -14.458639737443155, 
          23.13724825155453, 
          67.99126370691975
        ], 
        [
          -18.113767585719128, 
          3.4185181078926457, 
          75.29641730425041
        ], 
        [
          -8.785504627987113, 
          6.551512820431876, 
          88.42066852135846
        ], 
        [
          -10.906978541238727, 
          28.65149102823934, 
          84.65287655109705
        ], 
        [
          -20.23524149897074, 
          25.518496315700105, 
          71.528625333989
        ], 
        [
          -23.89036934724671, 
          5.799766172038219, 
          78.83377893131966
        ], 
        [
          -14.562106389514698, 
          8.932760884577451, 
          91.95803014842771
        ]
      ], 
      "cuboid_centroid": [
        -14.510373063478927, 
        16.035004568065993, 
        79.97464692767373
      ], 
      "location": [
        -14.510373063478927, 
        16.035004568065993, 
        79.97464692767373
      ], 
      "pose_transform_permuted": [
        [
          0.8045406545454238, 
          -0.33165015613887144, 
          -0.4926687620670539, 
          0.0
        ], 
        [
          0.5686716674257646, 
          0.19099432930747498, 
          0.8000835586609615, 
          0.0
        ], 
        [
          0.1712508973723108, 
          0.9238665163893808, 
          -0.3422627500090073, 
          0.0
        ], 
        [
          -14.510373063478927, 
          16.035004568065993, 
          79.97464692767373, 
          1.0
        ]
      ], 
      "projected_cuboid": [
        [
          447.5846852555839, 
          446.00855103328195
        ], 
        [
          367.2391976136598, 
          454.77378973243515
        ], 
        [
          352.2292613966723, 
          297.4996774326453
        ], 
        [
          428.164672063008, 
          312.8027522892827
        ], 
        [
          412.30963503904286, 
          453.79311820601924
        ], 
        [
          329.46518177306746, 
          463.5532145000543
        ], 
        [
          318.62909799043956, 
          312.5226233155695
        ], 
        [
          396.43890698147004, 
          325.0929577562048
        ]
      ], 
      "projected_cuboid_centroid": [
        384.02669126023244, 
        380.21770030494383
      ], 
      "quaternion_xyzw": [
        0.8638875716611218, 
        0.005713542069253473, 
        0.4643614128285646, 
        0.19502332486739243
      ], 
      "visibility": 0.8040928216243785
    }, 
    {
      "bounding_box": {
        "bottom_right": [
          447, 
          344
        ], 
        "top_left": [
          316, 
          263
        ]
      }, 
      "class": "004_sugar_box", 
      "cuboid": [
        [
          -18.636383110500727, 
          22.966321225472512, 
          75.54373723374398
        ], 
        [
          -24.866391689152785, 
          21.86410781888813, 
          68.77156175858441
        ], 
        [
          -28.62807818441235, 
          5.754943631865582, 
          74.85395552525077
        ], 
        [
          -22.398069605760288, 
          6.857157038449964, 
          81.62613100041033
        ], 
        [
          -21.835995465802412, 
          24.717244921498686, 
          78.20221993575477
        ], 
        [
          -28.066004044454473, 
          23.615031514914307, 
          71.43004446059521
        ], 
        [
          -31.82769053971403, 
          7.505867327891759, 
          77.51243822726155
        ], 
        [
          -25.59768196106197, 
          8.608080734476141, 
          84.28461370242113
        ]
      ], 
      "cuboid_centroid": [
        -25.23203682510738, 
        15.236094276682136, 
        76.52808773050278
      ], 
      "location": [
        -25.23203682510738, 
        15.236094276682136, 
        76.52808773050278
      ], 
      "pose_transform_permuted": [
        [
          0.708913967327098, 
          -0.3879389519734205, 
          -0.5890199530671703, 
          0.0
        ], 
        [
          0.6722281091702911, 
          0.11893062824171505, 
          0.7307288035261273, 
          0.0
        ], 
        [
          0.2134253948498072, 
          0.913979602406614, 
          -0.34509449230250133, 
          0.0
        ], 
        [
          -25.23203682510738, 
          15.236094276682136, 
          76.52808773050278, 
          1.0
        ]
      ], 
      "projected_cuboid": [
        [
          348.9325144202146, 
          435.42292825618716
        ], 
        [
          287.1525870846575, 
          442.8414611241086
        ], 
        [
          275.9279065416131, 
          314.28936966057927
        ], 
        [
          334.035549830787, 
          318.08905512471176
        ], 
        [
          331.4400446020314, 
          441.85196706391287
        ], 
        [
          270.3010071524613, 
          449.6039245827456
        ], 
        [
          260.78364696759394, 
          324.9301983564648
        ], 
        [
          318.2752990457793, 
          327.7550563449774
        ]
      ], 
      "projected_cuboid_centroid": [
        304.2911687009424, 
        379.46595118474755
      ], 
      "quaternion_xyzw": [
        0.8909584256075133, 
        -0.02651492030721284, 
        0.40395902027403335, 
        0.20568677033838365
      ], 
      "visibility": 0.6035933591084831
    }, 
    {
      "bounding_box": {
        "bottom_right": [
          352, 
          364
        ], 
        "top_left": [
          277, 
          222
        ]
      }, 
      "class": "024_bowl", 
      "cuboid": [
        [
          -27.202125022072476, 
          4.499055725611855, 
          54.37067675186119
        ], 
        [
          -31.981761199925362, 
          11.19708587684414, 
          68.2281589000116
        ], 
        [
          -33.15345388491487, 
          6.210802072320034, 
          70.23415206829526
        ], 
        [
          -28.373817707061978, 
          -0.4872280789122517, 
          56.37666992014484
        ], 
        [
          -12.170645954180308, 
          3.288139652751569, 
          60.14053830905885
        ], 
        [
          -16.9502821320332, 
          9.986169803983854, 
          73.99802045720925
        ], 
        [
          -18.121974817022704, 
          4.999885999459748, 
          76.0040136254929
        ], 
        [
          -13.342338639169812, 
          -1.6981441517725377, 
          62.14653147734249
        ]
      ], 
      "cuboid_centroid": [
        -22.662049919547588, 
        4.7494708625358015, 
        65.18734518867704
      ], 
      "location": [
        -22.662049919547588, 
        4.7494708625358015, 
        65.18734518867704
      ], 
      "pose_transform_permuted": [
        [
          -0.9309550585379612, 
          0.07499650822134869, 
          -0.35734885299548275, 
          0.0
        ], 
        [
          0.2965697207529244, 
          -0.41560337599544495, 
          -0.8598373303094728, 
          0.0
        ], 
        [
          0.2130001871245995, 
          0.9064487617156274, 
          -0.36466637172776417, 
          0.0
        ], 
        [
          -22.662049919547588, 
          4.7494708625358015, 
          65.18734518867704, 
          1.0
        ]
      ], 
      "projected_cuboid": [
        [
          212.5490285140706, 
          317.4175782331079
        ], 
        [
          229.52166977177583, 
          360.81088670849755
        ], 
        [
          227.74998700295563, 
          320.4479583848211
        ], 
        [
          210.94578315177037, 
          268.6773924550531
        ], 
        [
          372.76971817194186, 
          302.4453935274595
        ], 
        [
          358.4146952206325, 
          345.2590027099573
        ], 
        [
          353.37560389870464, 
          308.37069985575926
        ], 
        [
          366.14364856397157, 
          258.7136646503141
        ]
      ], 
      "projected_cuboid_centroid": [
        294.64613588503005, 
        312.14355560287186
      ], 
      "quaternion_xyzw": [
        0.8000573941074531, 
        -0.1964245214623998, 
        -0.5595824755939066, 
        0.09051533853692216
      ], 
      "visibility": 0.7864052953156823
    }, 
    {
      "bounding_box": {
        "bottom_right": [
          330, 
          510
        ], 
        "top_left": [
          254, 
          423
        ]
      }, 
      "class": "025_mug", 
      "cuboid": [
        [
          5.8386151504903125, 
          4.347778144102923, 
          66.2935860342418
        ], 
        [
          -5.064893324042972, 
          5.668045631736029, 
          62.264051044898714
        ], 
        [
          -6.650644626776223, 
          -2.113685175362216, 
          64.00526600004501
        ], 
        [
          4.252863847757062, 
          -3.433952662995322, 
          68.03480098938809
        ], 
        [
          2.994793101723773, 
          6.831184160564462, 
          74.80235891289763
        ], 
        [
          -7.90871537280951, 
          8.151451648197567, 
          70.77282392355457
        ], 
        [
          -9.494466675542762, 
          0.3697208410993219, 
          72.51403887870086
        ], 
        [
          1.4090417989905228, 
          -0.9505466465337835, 
          76.54357386804394
        ]
      ], 
      "cuboid_centroid": [
        -1.8279257625262244, 
        2.3587494926011225, 
        69.40381245647133
      ], 
      "location": [
        -1.8279257625262244, 
        2.3587494926011225, 
        69.40381245647133
      ], 
      "pose_transform_permuted": [
        [
          0.30549825187782526, 
          -0.2667804749108465, 
          -0.9140569260239986, 
          0.0
        ], 
        [
          0.9320034310910381, 
          -0.11285301710967575, 
          0.34443412820201375, 
          0.0
        ], 
        [
          0.19504217396124252, 
          0.957127193388741, 
          -0.21416368985489642, 
          0.0
        ], 
        [
          -1.8279257625262244, 
          2.3587494926011225, 
          69.40381245647133, 
          1.0
        ]
      ], 
      "projected_cuboid": [
        [
          528.9590739410182, 
          308.2636053908813
        ], 
        [
          437.85244700119, 
          321.8358964472486
        ], 
        [
          425.71920781353936, 
          255.6743981197181
        ], 
        [
          515.2127645612908, 
          246.3680466178203
        ], 
        [
          503.1270314591279, 
          321.9909417198232
        ], 
        [
          421.50306241167607, 
          334.71306520256536
        ], 
        [
          411.1861166138494, 
          276.00572681595344
        ], 
        [
          491.4964236979643, 
          266.6635765008534
        ]
      ], 
      "projected_cuboid_centroid": [
        467.4336871919968, 
        291.4118721911107
      ], 
      "quaternion_xyzw": [
        0.9750881435162384, 
        -0.07894034839779353, 
        0.1666342638871948, 
        0.12330786913053404
      ], 
      "visibility": 0.8768943325721403
    }, 
    {
      "bounding_box": {
        "bottom_right": [
          344, 
          414
        ], 
        "top_left": [
          279, 
          357
        ]
      }, 
      "class": "061_foam_brick", 
      "cuboid": [
        [
          -14.301494622088926, 
          0.6559672223888507, 
          71.36573814797487
        ], 
        [
          -12.679620711204587, 
          7.817801857994533, 
          68.7732017781249
        ], 
        [
          -15.9591918125627, 
          9.791143557161378, 
          72.17284400621257
        ], 
        [
          -17.58106572344704, 
          2.6293089215556953, 
          74.76538037606255
        ], 
        [
          -10.416963071422247, 
          1.0499910475133725, 
          74.88435951126624
        ], 
        [
          -8.79508916053791, 
          8.211825683119054, 
          72.29182314141627
        ], 
        [
          -12.074660261896023, 
          10.185167382285899, 
          75.69146536950396
        ], 
        [
          -13.69653417278036, 
          3.023332746680217, 
          78.28400173935393
        ]
      ], 
      "cuboid_centroid": [
        -13.188077441992474, 
        5.420567302337375, 
        73.52860175873941
      ], 
      "location": [
        -13.188077441992474, 
        5.420567302337375, 
        73.52860175873941
      ], 
      "pose_transform_permuted": [
        [
          -0.7390661186556755, 
          -0.07496648058957436, 
          -0.6694485036530059, 
          0.0
        ], 
        [
          -0.20826899337776647, 
          -0.9196695749809051, 
          0.3329142521008275, 
          0.0
        ], 
        [
          0.6406288306442721, 
          -0.385471010119379, 
          -0.6640834297773878, 
          0.0
        ], 
        [
          -13.188077441992474, 
          5.420567302337375, 
          73.52860175873941, 
          1.0
        ]
      ], 
      "projected_cuboid": [
        [
          373.8306617437062, 
          278.1886124880139
        ], 
        [
          382.4502560754151, 
          333.91170476764165
        ], 
        [
          362.6842116640294, 
          345.6379697779245
        ], 
        [
          355.1419572120683, 
          292.04203592739657
        ], 
        [
          406.7901541326356, 
          280.7644785213289
        ], 
        [
          416.1722080565423, 
          333.86776639820914
        ], 
        [
          395.810411592864, 
          345.050893398943
        ], 
        [
          387.51011540632277, 
          293.8833716182191
        ]
      ], 
      "projected_cuboid_centroid": [
        385.1438067970877, 
        312.60313893788015
      ], 
      "quaternion_xyzw": [
        -0.5185818402518209, 
        0.7521948728803846, 
        0.19579931026779807, 
        -0.35628412576503005
      ], 
      "visibility": 0.9785462696125521
    }
  ]
}