{
  "camera_data": {
    "location_worldframe": [
      -12.753992482486954, 
      -1.739106390835822, 
      70.71543293489354
    ], 
    "quaternion_xyzw_worldframe": [
      -0.8304009993687427, 
      -0.06369359652973867, 
      -0.119924627375675, 
      0.5403661347613341
    ]
  }, 
  "objects": [
    {
      "bounding_box": {
        "bottom_right": [
          470, 
          404
        ], 
        "top_left": [
          290, 
          263
        ]
      }, 
      "class": "003_cracker_box", 
      "cuboid": [
        [
          -9.065875108594437, 
          24.303294045855196, 
          68.9532130626414
        ], 
        [
          -20.869103388323033, 
          21.371307055744076, 
          57.94569880402739
        ], 
        [
          -22.518802839549767, 
          1.3148302369526355, 
          65.05694176741285
        ], 
        [
          -10.715574559821173, 
          4.246817227063755, 
          76.06445602602685
        ], 
        [
          -14.020970858512104, 
          26.397014938503897, 
          73.70881570245234
        ], 
        [
          -25.8241991382407, 
          23.46502794839278, 
          62.70130144383834
        ], 
        [
          -27.47389858946744, 
          3.4085511296013378, 
          69.8125444072238
        ], 
        [
          -15.67067030973884, 
          6.340538119712459, 
          80.8200586658378
        ]
      ], 
      "cuboid_centroid": [
        -18.269886849030936, 
        13.855922587728267, 
        69.38287873493259
      ], 
      "location": [
        -18.269886849030936, 
        13.855922587728267, 
        69.38287873493259
      ], 
      "pose_transform_permuted": [
        [
          0.6901247727556319, 
          -0.2916045881206055, 
          -0.6623402163661809, 
          0.0
        ], 
        [
          0.7195510608195945, 
          0.17874045126001903, 
          0.6710425634464338, 
          0.0
        ], 
        [
          0.07729210116424284, 
          0.9396907019175921, 
          -0.3331776040301024, 
          0.0
        ], 
        [
          -18.269886849030936, 
          13.855922587728267, 
          69.38287873493259, 
          1.0
        ]
      ], 
      "projected_cuboid": [
        [
          410.89258403685295, 
          461.26070299164735
        ], 
        [
          287.9217296337633, 
          469.9833904836232
        ], 
        [
          295.4554896996049, 
          284.0651681300729
        ], 
        [
          405.83960327208115, 
          303.0627424226621
        ], 
        [
          379.3030144410947, 
          464.28194158140116
        ], 
        [
          260.1132280000904, 
          472.8734466478405
        ], 
        [
          269.9664199629189, 
          299.3255125395438
        ], 
        [
          377.32688213786923, 
          315.1268088610599
        ]
      ], 
      "projected_cuboid_centroid": [
        339.993146978775, 
        379.79170170013793
      ], 
      "quaternion_xyzw": [
        0.9112603880208126, 
        0.027831877537252057, 
        0.3734298544344763, 
        0.17140605483458102
      ], 
      "visibility": 0.8170307196936734
    }, 
    {
      "bounding_box": {
        "bottom_right": [
          449, 
          289
        ], 
        "top_left": [
          302, 
          204
        ]
      }, 
      "class": "004_sugar_box", 
      "cuboid": [
        [
          -23.369771491479995, 
          20.819781033684656, 
          66.18980320090566
        ], 
        [
          -30.855535259918327, 
          19.781166638886766, 
          60.825582577912996
        ], 
        [
          -32.937612856352686, 
          3.370394061907836, 
          66.90854783631718
        ], 
        [
          -25.451849087914347, 
          4.409008456705725, 
          72.27276845930984
        ], 
        [
          -25.97671934579354, 
          22.386577694210317, 
          69.52443277551382
        ], 
        [
          -33.46248311423188, 
          21.347963299412427, 
          64.16021215252115
        ], 
        [
          -35.54456071066623, 
          4.937190722433496, 
          70.24317741092534
        ], 
        [
          -28.058796942227897, 
          5.975805117231385, 
          75.607398033918
        ]
      ], 
      "cuboid_centroid": [
        -29.457166101073113, 
        12.878485878059076, 
        68.2164903059155
      ], 
      "location": [
        -29.457166101073113, 
        12.878485878059076, 
        68.2164903059155
      ], 
      "pose_transform_permuted": [
        [
          0.577601765712031, 
          -0.34714331402291587, 
          -0.7388287138548858, 
          0.0
        ], 
        [
          0.8077261467979455, 
          0.11206819091139877, 
          0.5788081735429709, 
          0.0
        ], 
        [
          0.11813005514599045, 
          0.9310918444282645, 
          -0.3451269168147387, 
          0.0
        ], 
        [
          -29.457166101073113, 
          12.878485878059076, 
          68.2164903059155, 
          1.0
        ]
      ], 
      "projected_cuboid": [
        [
          291.72760877366983, 
          441.0404276386761
        ], 
        [
          208.80072403477448, 
          446.72809167270816
        ], 
        [
          216.86761972194503, 
          300.15152331360133
        ], 
        [
          292.2160765309431, 
          305.82175978703435
        ], 
        [
          280.66993589492176, 
          445.0132217942319
        ], 
        [
          201.1285550094985, 
          450.7374301532149
        ], 
        [
          209.47689338523077, 
          310.77203614905
        ], 
        [
          282.02650098972185, 
          315.4386815164386
        ]
      ], 
      "projected_cuboid_centroid": [
        249.3804316666658, 
        373.971118638707
      ], 
      "quaternion_xyzw": [
        0.9324224773514815, 
        -0.0016252997921634802, 
        0.31005525052864186, 
        0.1856106667451936
      ], 
      "visibility": 0.5436026352288488
    }, 
    {
      "bounding_box": {
        "bottom_right": [
          343, 
          284
        ], 
        "top_left": [
          260, 
          106
        ]
      }, 
      "class": "024_bowl", 
      "cuboid": [
        [
          -35.80436302234204, 
          2.871452292962495, 
          46.544174416550675
        ], 
        [
          -37.71185493755763, 
          8.94486046792294, 
          61.350035726163
        ], 
        [
          -38.33768589253215, 
          3.8607098404145717, 
          63.35494134267463
        ], 
        [
          -36.43019397731656, 
          -2.2126983345458733, 
          48.54908003306231
        ], 
        [
          -19.877135540776685, 
          1.8803925154132004, 
          49.00267159186165
        ], 
        [
          -21.78462745599228, 
          7.953800690373646, 
          63.80853290147397
        ], 
        [
          -22.4104584109668, 
          2.869650062865277, 
          65.8134385179856
        ], 
        [
          -20.502966495751206, 
          -3.2037581120951675, 
          51.00757720837328
        ]
      ], 
      "cuboid_centroid": [
        -29.10741071665442, 
        2.870551177913886, 
        56.17880646726814
      ], 
      "location": [
        -29.10741071665442, 
        2.870551177913886, 
        56.17880646726814
      ], 
      "pose_transform_permuted": [
        [
          -0.9864320686924481, 
          0.06137999521243397, 
          -0.15226381724775834, 
          0.0
        ], 
        [
          0.11835719782506018, 
          -0.376846458484143, 
          -0.9186829270488044, 
          0.0
        ], 
        [
          0.11376883394909493, 
          0.9242398189407772, 
          -0.36446866738607653, 
          0.0
        ], 
        [
          -29.10741071665442, 
          2.870551177913886, 
          56.17880646726814, 
          1.0
        ]
      ], 
      "projected_cuboid": [
        [
          67.91913074580312, 
          306.18865213804673
        ], 
        [
          151.033632727218, 
          351.0447527862284
        ], 
        [
          156.18238852213076, 
          305.7858524658091
        ], 
        [
          78.07042203443181, 
          248.97968494405845
        ], 
        [
          263.46185475247137, 
          293.75175181448805
        ], 
        [
          298.00111014608046, 
          339.7653845546097
        ], 
        [
          298.48039220705664, 
          296.54076401547115
        ], 
        [
          265.43785818368434, 
          239.78902575999058
        ]
      ], 
      "projected_cuboid_centroid": [
        202.97032139943843, 
        300.5374045260716
      ], 
      "quaternion_xyzw": [
        0.7407531360064559, 
        -0.1655798904471199, 
        -0.6429655519287093, 
        0.10229071516580156
      ], 
      "visibility": 0.8098725250881476
    }, 
    {
      "bounding_box": {
        "bottom_right": [
          328, 
          462
        ], 
        "top_left": [
          236, 
          352
        ]
      }, 
      "class": "025_mug", 
      "cuboid": [
        [
          -1.0039792844677917, 
          3.2274891625388977, 
          51.30613399435692
        ], 
        [
          -12.533499750236468, 
          4.3823976254439, 
          49.69272152533607
        ], 
        [
          -13.563516415907307, 
          -3.496726674928897, 
          51.41325545293019
        ], 
        [
          -2.0339959501386304, 
          -4.651635137833899, 
          53.02666792195103
        ], 
        [
          -2.053629312832438, 
          5.331519787259753, 
          60.313083263470645
        ], 
        [
          -13.583149778601115, 
          6.486428250164755, 
          58.6996707944498
        ], 
        [
          -14.613166444271952, 
          -1.3926960502080425, 
          60.42020472204391
        ], 
        [
          -3.0836459785032777, 
          -2.547604513113045, 
          62.033617191064764
        ]
      ], 
      "cuboid_centroid": [
        -7.808572864369872, 
        0.9173965561654278, 
        55.863169358200416
      ], 
      "location": [
        -7.808572864369872, 
        0.9173965561654278, 
        55.863169358200416
      ], 
      "pose_transform_permuted": [
        [
          0.11275890096146944, 
          -0.22602598430110069, 
          -0.9675736418387934, 
          0.0
        ], 
        [
          0.985513301340439, 
          -0.09871855949280699, 
          0.13791028460285182, 
          0.0
        ], 
        [
          0.12668864868184498, 
          0.9691062714605714, 
          -0.21161999175634974, 
          0.0
        ], 
        [
          -7.808572864369872, 
          0.9173965561654278, 
          55.863169358200416, 
          1.0
        ]
      ], 
      "projected_cuboid": [
        [
          471.0738842231479, 
          306.8358047229901
        ], 
        [
          345.96221200144794, 
          320.3199546096696
        ], 
        [
          339.7276033515681, 
          237.01431992584398
        ], 
        [
          460.9695268317044, 
          226.5023780484506
        ], 
        [
          463.28648224083514, 
          320.4306028634942
        ], 
        [
          357.15805435652345, 
          332.2193933761626
        ], 
        [
          351.53403577948535, 
          260.9934303960175
        ], 
        [
          454.86521102859234, 
          251.3841012295433
        ]
      ], 
      "projected_cuboid_centroid": [
        406.4282312966554, 
        282.04482281485696
      ], 
      "quaternion_xyzw": [
        0.9902263901047835, 
        -0.05690799862211304, 
        0.06328582737978636, 
        0.11049139379408472
      ], 
      "visibility": 0.9176346356916578
    }, 
    {
      "bounding_box": {
        "bottom_right": [
          340, 
          353
        ], 
        "top_left": [
          263, 
          298
        ]
      }, 
      "class": "061_foam_brick", 
      "cuboid": [
        [
          -19.558807196186294, 
          -1.20100775461748, 
          60.310965917409554
        ], 
        [
          -18.659187497959966, 
          6.089600971603605, 
          57.72614407455935
        ], 
        [
          -21.19368194235196, 
          7.850458796432699, 
          61.8106206605634
        ], 
        [
          -22.09330164057829, 
          0.5598500702116156, 
          64.39544250341359
        ], 
        [
          -15.032709740732708, 
          -0.8217337450586039, 
          62.9559856697953
        ], 
        [
          -14.13309004250638, 
          6.4688749811624815, 
          60.37116382694511
        ], 
        [
          -16.667584486898374, 
          8.229732805991578, 
          64.45564041294915
        ], 
        [
          -17.5672041851247, 
          0.9391240797704918, 
          67.04046225579935
        ]
      ], 
      "cuboid_centroid": [
        -18.113195841542336, 
        3.514362525687048, 
        62.38330316517935
      ], 
      "location": [
        -18.113195841542336, 
        3.514362525687048, 
        62.38330316517935
      ], 
      "pose_transform_permuted": [
        [
          -0.8611296459891838, 
          -0.07216019911166549, 
          -0.5032381528289648, 
          0.0
        ], 
        [
          -0.11552247540022792, 
          -0.9362057866097014, 
          0.3319236098802162, 
          0.0
        ], 
        [
          0.4950861445000733, 
          -0.34396457780224265, 
          -0.7978584327694846, 
          0.0
        ], 
        [
          -18.113195841542336, 
          3.514362525687048, 
          62.38330316517935, 
          1.0
        ]
      ], 
      "projected_cuboid": [
        [
          307.20054631840213, 
          262.6662312870434
        ], 
        [
          307.77219652224824, 
          329.5470678318179
        ], 
        [
          297.2080525853329, 
          341.02252523203754
        ], 
        [
          297.0967039295439, 
          277.9231860806819
        ], 
        [
          353.18909799557963, 
          266.32537783550526
        ], 
        [
          355.70472574393693, 
          330.43265692042473
        ], 
        [
          342.5366681253256, 
          341.3810855118258
        ], 
        [
          340.68201591482614, 
          280.7574480246586
        ]
      ], 
      "projected_cuboid_centroid": [
        325.45552998562255, 
        303.3310893632204
      ], 
      "quaternion_xyzw": [
        -0.5108206876259257, 
        0.700486474892884, 
        0.2589979463089529, 
        -0.42579453659395705
      ], 
      "visibility": 0.981028457314029
    }
  ]
}