{
  "camera_data": {
    "location_worldframe": [
      -19.751168224612403, 
      13.944424733053989, 
      71.50713280437735
    ], 
    "quaternion_xyzw_worldframe": [
      0.8988958655851479, 
      0.00881294336056193, 
      -0.04874587633222762, 
      -0.4353535980459323
    ]
  }, 
  "objects": [
    {
      "bounding_box": {
        "bottom_right": [
          539, 
          356
        ], 
        "top_left": [
          398, 
          180
        ]
      }, 
      "class": "003_cracker_box", 
      "cuboid": [
        [
          -19.462028810648142, 
          38.670677456919556, 
          62.372396219739336
        ], 
        [
          -33.86108431225119, 
          32.83211763758842, 
          57.11344807538542
        ], 
        [
          -31.082905561633783, 
          15.30237099678485, 
          68.96854203052764
        ], 
        [
          -16.683850060030743, 
          21.140930816115986, 
          74.22749017488157
        ], 
        [
          -22.77205717864829, 
          41.87175193229202, 
          67.88140991922273
        ], 
        [
          -37.17111268025133, 
          36.03319211296089, 
          62.62246177486882
        ], 
        [
          -34.392933929633934, 
          18.50344547215732, 
          74.47755573001105
        ], 
        [
          -19.993878428030886, 
          24.34200529148845, 
          79.73650387436496
        ]
      ], 
      "cuboid_centroid": [
        -26.927481370141038, 
        28.587061464538436, 
        68.4249759748752
      ], 
      "location": [
        -26.927481370141038, 
        28.587061464538436, 
        68.4249759748752
      ], 
      "pose_transform_permuted": [
        [
          0.46100674751214504, 
          -0.44583211029312275, 
          -0.7672721213362664, 
          0.0
        ], 
        [
          0.877798464575399, 
          0.35593159871978514, 
          0.3205971812443933, 
          0.0
        ], 
        [
          -0.13016387493212356, 
          0.8213077538075233, 
          -0.5554376105363192, 
          0.0
        ], 
        [
          -26.927481370141038, 
          28.587061464538436, 
          68.4249759748752, 
          1.0
        ]
      ], 
      "projected_cuboid": [
        [
          313.7988211177529, 
          603.9428993245513
        ], 
        [
          162.77070925647988, 
          579.8695212044544
        ], 
        [
          239.23631028871839, 
          391.6166328516904
        ], 
        [
          360.7257555256349, 
          425.1827207048057
        ], 
        [
          301.19431999650135, 
          602.2576850708808
        ], 
        [
          162.39392160681933, 
          580.1605645423361
        ], 
        [
          233.2634314871294, 
          405.78618475038127
        ], 
        [
          346.7530782971197, 
          436.098643915517
        ]
      ], 
      "projected_cuboid_centroid": [
        269.96921881248255, 
        496.10049570870876
      ], 
      "quaternion_xyzw": [
        0.9309106213433151, 
        0.13054300340629563, 
        0.20990305375092685, 
        0.2688952349111126
      ], 
      "visibility": 0.5315571497812487
    }, 
    {
      "bounding_box": {
        "bottom_right": [
          539, 
          254
        ], 
        "top_left": [
          403, 
          129
        ]
      }, 
      "class": "004_sugar_box", 
      "cuboid": [
        [
          -33.459585109442244, 
          34.41745207764495, 
          65.5897823407954
        ], 
        [
          -42.14479297259549, 
          31.928242758835374, 
          63.52550443046994
        ], 
        [
          -40.4732514981858, 
          17.645050866630577, 
          73.71605635348338
        ], 
        [
          -31.788043635032547, 
          20.134260185440162, 
          75.78033426380884
        ], 
        [
          -34.97516782645599, 
          36.76764532161314, 
          69.13243445951821
        ], 
        [
          -43.660375689609246, 
          34.27843600280355, 
          67.06815654919276
        ], 
        [
          -41.98883421519955, 
          19.995244110598758, 
          77.25870847220621
        ], 
        [
          -33.3036263520463, 
          22.484453429408344, 
          79.32298638253165
        ]
      ], 
      "cuboid_centroid": [
        -37.724209662320895, 
        27.206348094121857, 
        71.4242454065008
      ], 
      "location": [
        -37.724209662320895, 
        27.206348094121857, 
        71.4242454065008
      ], 
      "pose_transform_permuted": [
        [
          0.33579622698678296, 
          -0.5207145840045786, 
          -0.7849186993487368, 
          0.0
        ], 
        [
          0.9371481252216308, 
          0.2685897543458083, 
          0.222738960780102, 
          0.0
        ], 
        [
          -0.09483762127260975, 
          0.8103800976373051, 
          -0.5781775197500972, 
          0.0
        ], 
        [
          -37.724209662320895, 
          27.206348094121857, 
          71.4242454065008, 
          1.0
        ]
      ], 
      "projected_cuboid": [
        [
          207.2653015398617, 
          553.1395965034142
        ], 
        [
          124.82771475939872, 
          541.3356825288303
        ], 
        [
          186.3417418743322, 
          400.9446309225451
        ], 
        [
          256.01788381244114, 
          414.98550716487654
        ], 
        [
          209.53393517838774, 
          556.9291643464823
        ], 
        [
          131.52066534719395, 
          545.8653912165776
        ], 
        [
          189.33119204604273, 
          411.31441167163734
        ], 
        [
          255.8177240192062, 
          424.4583467806537
        ]
      ], 
      "projected_cuboid_centroid": [
        197.56575113365278, 
        476.4343366398097
      ], 
      "quaternion_xyzw": [
        0.9397402463191188, 
        0.09668293367287704, 
        0.14858765226737358, 
        0.2923393214398715
      ], 
      "visibility": 0.45193144532308854
    }, 
    {
      "bounding_box": {
        "bottom_right": [
          440, 
          199
        ], 
        "top_left": [
          357, 
          44
        ]
      }, 
      "class": "024_bowl", 
      "cuboid": [
        [
          -49.7778142193766, 
          11.824372990938052, 
          56.317210699502986
        ], 
        [
          -47.3342511856633, 
          21.5218073931646, 
          68.95552969771423
        ], 
        [
          -46.75898312164759, 
          17.128379130069057, 
          72.21539982857448
        ], 
        [
          -49.2025461553609, 
          7.430944727842509, 
          59.57708083036325
        ], 
        [
          -33.90775865257554, 
          11.697745208674906, 
          53.34596772649925
        ], 
        [
          -31.464195618862227, 
          21.395179610901454, 
          65.98428672471047
        ], 
        [
          -30.888927554846525, 
          17.001751347805914, 
          69.24415685557074
        ], 
        [
          -33.33249058855983, 
          7.304316945579364, 
          56.6058378573595
        ]
      ], 
      "cuboid_centroid": [
        -40.33337088711156, 
        14.413062169371981, 
        62.78068377753686
      ], 
      "location": [
        -40.33337088711156, 
        14.413062169371981, 
        62.78068377753686
      ], 
      "pose_transform_permuted": [
        [
          -0.9828912006903232, 
          0.007842526601465685, 
          0.18402005972730232, 
          0.0
        ], 
        [
          -0.15161965881597045, 
          -0.6017122027016022, 
          -0.7841899668961053, 
          0.0
        ], 
        [
          -0.10457708480381026, 
          0.798674476802966, 
          -0.5926067105909663, 
          0.0
        ], 
        [
          -40.33337088711156, 
          14.413062169371981, 
          62.78068377753686, 
          1.0
        ]
      ], 
      "projected_cuboid": [
        [
          6.276700043749886, 
          385.26242592865
        ], 
        [
          112.45108167181183, 
          439.7416634562047
        ], 
        [
          133.39850351555216, 
          399.7817182301118
        ], 
        [
          37.47730794946742, 
          339.8065535576436
        ], 
        [
          139.78355805274424, 
          390.2332701265485
        ], 
        [
          225.16765092062732, 
          446.2135913504101
        ], 
        [
          241.7074590211881, 
          404.2342937740864
        ], 
        [
          164.93336899723133, 
          342.1051513298083
        ]
      ], 
      "projected_cuboid_centroid": [
        136.1112560118452, 
        395.7249672223034
      ], 
      "quaternion_xyzw": [
        -0.6047798686835758, 
        0.20550250745775717, 
        0.7304646116250667, 
        -0.2417260454048994
      ], 
      "visibility": 0.6863309352517986
    }, 
    {
      "bounding_box": {
        "bottom_right": [
          442, 
          339
        ], 
        "top_left": [
          347, 
          217
        ]
      }, 
      "class": "025_mug", 
      "cuboid": [
        [
          -15.553519777899016, 
          13.823083465268185, 
          48.66383952115731
        ], 
        [
          -27.03095757748466, 
          14.380413231798922, 
          50.860327766389176
        ], 
        [
          -26.64944507780838, 
          7.209821404029118, 
          54.67330981727782
        ], 
        [
          -15.172007278222743, 
          6.652491637498378, 
          52.47682157204593
        ], 
        [
          -13.80411819478134, 
          18.1880954032849, 
          56.697525479056964
        ], 
        [
          -25.28155599436698, 
          18.74542516981564, 
          58.894013724288854
        ], 
        [
          -24.900043494690706, 
          11.574833342045835, 
          62.706995775177475
        ], 
        [
          -13.422605695105064, 
          11.017503575515097, 
          60.5105075299456
        ]
      ], 
      "cuboid_centroid": [
        -20.22678163629486, 
        12.69895840365701, 
        55.68541764816739
      ], 
      "location": [
        -20.22678163629486, 
        12.69895840365701, 
        55.68541764816739
      ], 
      "pose_transform_permuted": [
        [
          -0.18792987617018972, 
          -0.4689124332052811, 
          -0.8630206019178598, 
          0.0
        ], 
        [
          0.9810614110432623, 
          -0.04763909303771596, 
          -0.1877500793151697, 
          0.0
        ], 
        [
          -0.04692477767603985, 
          0.8819591169600975, 
          -0.46898420149405773, 
          0.0
        ], 
        [
          -20.22678163629486, 
          12.69895840365701, 
          55.68541764816739, 
          1.0
        ]
      ], 
      "projected_cuboid": [
        [
          309.7215375080356, 
          424.7772790404436
        ], 
        [
          195.78930908131963, 
          424.07903829402824
        ], 
        [
          219.4744226771215, 
          343.6158990313872
        ], 
        [
          326.1196726445256, 
          340.8955120175097
        ], 
        [
          350.6679324220108, 
          444.3710320082505
        ], 
        [
          250.74998857801407, 
          443.03727673621165
        ], 
        [
          268.058734688999, 
          371.7298650288294
        ], 
        [
          362.30878905286465, 
          370.39116748024514
        ]
      ], 
      "projected_cuboid_centroid": [
        286.2634284491969, 
        394.90910073811335
      ], 
      "quaternion_xyzw": [
        0.9651478034375383, 
        -0.00018502745360139583, 
        -0.09731150870035432, 
        0.2429411928822871
      ], 
      "visibility": 0.7561807331628303
    }, 
    {
      "bounding_box": {
        "bottom_right": [
          452, 
          279
        ], 
        "top_left": [
          371, 
          211
        ]
      }, 
      "class": "061_foam_brick", 
      "cuboid": [
        [
          -29.60240428986608, 
          11.672524814918573, 
          64.25180198674613
        ], 
        [
          -30.3303673179362, 
          18.048265560798203, 
          59.840045541671614
        ], 
        [
          -31.55199353587343, 
          20.78200377564308, 
          63.99233841499788
        ], 
        [
          -30.824030507803315, 
          14.40626302976345, 
          68.4040948600724
        ], 
        [
          -24.52195190147302, 
          12.781606704690581, 
          65.01631315877184
        ], 
        [
          -25.249914929543138, 
          19.15734745057021, 
          60.60455671369732
        ], 
        [
          -26.47154114748037, 
          21.89108566541509, 
          64.7568495870236
        ], 
        [
          -25.743578119410248, 
          15.51534491953546, 
          69.16860603209811
        ]
      ], 
      "cuboid_centroid": [
        -28.036972718673226, 
        16.78180524016683, 
        64.50432578688486
      ], 
      "location": [
        -28.036972718673226, 
        16.78180524016683, 
        64.50432578688486
      ], 
      "pose_transform_permuted": [
        [
          -0.9666005227992558, 
          -0.21101253442115125, 
          -0.14545494024394537, 
          0.0
        ], 
        [
          0.09347960162311686, 
          -0.8187252401500986, 
          0.5665249731667147, 
          0.0
        ], 
        [
          0.23863150128302554, 
          -0.534006265373662, 
          -0.8111056128132053, 
          0.0
        ], 
        [
          -28.036972718673226, 
          16.78180524016683, 
          64.50432578688486, 
          1.0
        ]
      ], 
      "projected_cuboid": [
        [
          233.8358020834305, 
          370.1738761782901
        ], 
        [
          209.02742040476033, 
          434.1402502190705
        ], 
        [
          216.44772099534185, 
          446.4861719627667
        ], 
        [
          239.2715983007624, 
          385.6064540596171
        ], 
        [
          278.77069001513615, 
          378.1322425257171
        ], 
        [
          257.54633036670276, 
          441.87103246539124
        ], 
        [
          261.7679326253115, 
          453.57549207197684
        ], 
        [
          281.448897887099, 
          392.9164938230102
        ]
      ], 
      "projected_cuboid_centroid": [
        247.85654219721576, 
        412.0379359127172
      ], 
      "quaternion_xyzw": [
        0.4198000346871715, 
        -0.6296788078049181, 
        -0.2382536425530971, 
        0.6086934628269046
      ], 
      "visibility": 0.1400978624774659
    }
  ]
}