{
  "camera_data": {
    "location_worldframe": [
      -13.125122797062286, 
      -1.4815829005560055, 
      70.46805932069059
    ], 
    "quaternion_xyzw_worldframe": [
      -0.8316860311477816, 
      -0.05924344411207172, 
      -0.11400588755760684, 
      0.5401777857262388
    ]
  }, 
  "objects": [
    {
      "bounding_box": {
        "bottom_right": [
          473, 
          401
        ], 
        "top_left": [
          293, 
          259
        ]
      }, 
      "class": "003_cracker_box", 
      "cuboid": [
        [
          -9.432676267982533, 
          24.55388029509474, 
          68.61461235689244
        ], 
        [
          -21.4023507181479, 
          21.621028582528297, 
          57.78856090327784
        ], 
        [
          -22.96964527316882, 
          1.5763952139923902, 
          64.95164739201815
        ], 
        [
          -10.999970823003451, 
          4.509246926558834, 
          75.77769884563274
        ], 
        [
          -14.313749231522893, 
          26.660166430459377, 
          73.44069596324539
        ], 
        [
          -26.283423681688262, 
          23.727314717892934, 
          62.61464450963079
        ], 
        [
          -27.85071823670918, 
          3.6826813493570283, 
          69.7777309983711
        ], 
        [
          -15.881043786543813, 
          6.615533061923472, 
          80.6037824519857
        ]
      ], 
      "cuboid_centroid": [
        -18.641697252345857, 
        14.118280822225884, 
        69.19617167763177
      ], 
      "location": [
        -18.641697252345857, 
        14.118280822225884, 
        69.19617167763177
      ], 
      "pose_transform_permuted": [
        [
          0.6798151922337567, 
          -0.29335462196689366, 
          -0.672156507205607, 
          0.0
        ], 
        [
          0.7296979897502864, 
          0.17879316666510103, 
          0.659980187057351, 
          0.0
        ], 
        [
          0.07343124786200472, 
          0.9391358098403693, 
          -0.33560658889971534, 
          0.0
        ], 
        [
          -18.641697252345857, 
          14.118280822225884, 
          69.19617167763177, 
          1.0
        ]
      ], 
      "projected_cuboid": [
        [
          407.66888217259145, 
          464.13604881305486
        ], 
        [
          282.43284121173957, 
          472.82287823854927
        ], 
        [
          291.4210038877471, 
          286.2303580721744
        ], 
        [
          403.5346761350862, 
          305.0223880787984
        ], 
        [
          376.78570810234396, 
          466.89021590793226
        ], 
        [
          255.86266412143573, 
          475.38369423329067
        ], 
        [
          266.95675443187014, 
          301.4337140803126
        ], 
        [
          375.6435560796557, 
          317.05859467296386
        ]
      ], 
      "projected_cuboid_centroid": [
        336.7215106659506, 
        382.10116544783705
      ], 
      "quaternion_xyzw": [
        0.9139188020273277, 
        0.028821466023396743, 
        0.3664973781913302, 
        0.17205062678199556
      ], 
      "visibility": 0.8202344019303688
    }, 
    {
      "bounding_box": {
        "bottom_right": [
          451, 
          286
        ], 
        "top_left": [
          305, 
          200
        ]
      }, 
      "class": "004_sugar_box", 
      "cuboid": [
        [
          -23.780372935104353, 
          21.08391731683392, 
          66.06982155781103
        ], 
        [
          -31.346590099973838, 
          20.046982643211603, 
          60.81935812619289
        ], 
        [
          -33.35721353956673, 
          3.647153384630558, 
          66.95564068971606
        ], 
        [
          -25.79099637469724, 
          4.6840880582528746, 
          72.20610412133422
        ], 
        [
          -26.335395868378512, 
          22.658472377838695, 
          69.44078840141883
        ], 
        [
          -33.901613033248005, 
          21.62153770421638, 
          64.19032496980068
        ], 
        [
          -35.91223647284089, 
          5.221708445635334, 
          70.32660753332387
        ], 
        [
          -28.346019307971403, 
          6.258643119257651, 
          75.57707096494201
        ]
      ], 
      "cuboid_centroid": [
        -29.84630470397262, 
        13.152812881234627, 
        68.19821454556745
      ], 
      "location": [
        -29.84630470397262, 
        13.152812881234627, 
        68.19821454556745
      ], 
      "pose_transform_permuted": [
        [
          0.5660971527497196, 
          -0.34886228427712435, 
          -0.7468796883692453, 
          0.0
        ], 
        [
          0.8164071997814945, 
          0.11188694625089265, 
          0.566533586646854, 
          0.0
        ], 
        [
          0.11407598746736593, 
          0.9304709574795569, 
          -0.34815196074428734, 
          0.0
        ], 
        [
          -29.84630470397262, 
          13.152812881234627, 
          68.19821454556745, 
          1.0
        ]
      ], 
      "projected_cuboid": [
        [
          288.04078888918554, 
          443.47718977833557
        ], 
        [
          204.4309042990658, 
          449.0767593272988
        ], 
        [
          213.68373137509337, 
          302.3370900008883
        ], 
        [
          289.51538843189354, 
          307.8835560751765
        ], 
        [
          277.65024448562235, 
          447.30828113890396
        ], 
        [
          197.58125138394084, 
          452.9271533133704
        ], 
        [
          206.98822257194212, 
          312.88519728471397
        ], 
        [
          279.9027054819754, 
          317.4514797681814
        ]
      ], 
      "projected_cuboid_centroid": [
        246.2497239841589, 
        376.1433756580462
      ], 
      "quaternion_xyzw": [
        0.9345798314791381, 
        -0.0005855682796537369, 
        0.3029785956337151, 
        0.1864512322928752
      ], 
      "visibility": 0.5398922301407961
    }, 
    {
      "bounding_box": {
        "bottom_right": [
          346, 
          278
        ], 
        "top_left": [
          263, 
          100
        ]
      }, 
      "class": "024_bowl", 
      "cuboid": [
        [
          -36.52814969351641, 
          3.1236134977546626, 
          46.637029380687316
        ], 
        [
          -38.20722656028995, 
          9.219740888640057, 
          61.46120804580488
        ], 
        [
          -38.80913157725171, 
          4.139122721431711, 
          63.48232850438886
        ], 
        [
          -37.13005471047818, 
          -1.9570046694536818, 
          48.65814983927129
        ], 
        [
          -20.56719981753786, 
          2.116616658605721, 
          48.85896986496285
        ], 
        [
          -22.246276684311393, 
          8.212744049491114, 
          63.68314853008042
        ], 
        [
          -22.848181701273163, 
          3.13212588228277, 
          65.70426898866441
        ], 
        [
          -21.16910483449962, 
          -2.964001508602624, 
          50.88009032354683
        ]
      ], 
      "cuboid_centroid": [
        -29.688165697394787, 
        3.1278696900187164, 
        56.17064918467586
      ], 
      "location": [
        -29.688165697394787, 
        3.1278696900187164, 
        56.17064918467586
      ], 
      "pose_transform_permuted": [
        [
          -0.9885206212243172, 
          0.062367036344408426, 
          -0.13761298700305924, 
          0.0
        ], 
        [
          0.10418436445206986, 
          -0.3782561539655288, 
          -0.9198194932653493, 
          0.0
        ], 
        [
          0.10941937496626088, 
          0.923597658488165, 
          -0.3674163382556238, 
          0.0
        ], 
        [
          -29.688165697394787, 
          3.1278696900187164, 
          56.17064918467586, 
          1.0
        ]
      ], 
      "projected_cuboid": [
        [
          60.396902531748815, 
          309.0067429501534
        ], 
        [
          147.29723480305933, 
          353.28933200414565
        ], 
        [
          152.84172856101114, 
          308.059604069198
        ], 
        [
          71.24017165083652, 
          251.83671060360393
        ], 
        [
          255.22512470761583, 
          296.39044535444356
        ], 
        [
          293.7412955165346, 
          342.06481503375505
        ], 
        [
          294.59354283392526, 
          298.70990994326
        ], 
        [
          257.85566460925173, 
          242.21819594362574
        ]
      ], 
      "projected_cuboid_centroid": [
        197.36985258671874, 
        302.98450628886826
      ], 
      "quaternion_xyzw": [
        0.7357640603385188, 
        -0.16570377489878152, 
        -0.6484212186212437, 
        0.10365051731762516
      ], 
      "visibility": 0.8066907775768535
    }, 
    {
      "bounding_box": {
        "bottom_right": [
          330, 
          456
        ], 
        "top_left": [
          238, 
          345
        ]
      }, 
      "class": "025_mug", 
      "cuboid": [
        [
          -1.6601606044844786, 
          3.4439831852313434, 
          50.87866817727684
        ], 
        [
          -13.211089807588323, 
          4.610653824801799, 
          49.43586892335847
        ], 
        [
          -14.224710915746517, 
          -3.2648345163219137, 
          51.182587763414844
        ], 
        [
          -2.6737817126426733, 
          -4.431505155892371, 
          52.62538701733321
        ], 
        [
          -2.5727653310773038, 
          5.561705917594579, 
          59.897329287997756
        ], 
        [
          -14.123694534181148, 
          6.728376557165036, 
          58.45453003407939
        ], 
        [
          -15.137315642339342, 
          -1.1471117839586775, 
          60.20124887413576
        ], 
        [
          -3.5863864392354983, 
          -2.313782423529134, 
          61.64404812805413
        ]
      ], 
      "cuboid_centroid": [
        -8.39873812341191, 
        1.1484357006363326, 
        55.539958525706304
      ], 
      "location": [
        -8.39873812341191, 
        1.1484357006363326, 
        55.539958525706304
      ], 
      "pose_transform_permuted": [
        [
          0.09803677721342419, 
          -0.22749686218218496, 
          -0.9688317891756912, 
          0.0
        ], 
        [
          0.9873432643012883, 
          -0.0997239596385406, 
          0.12332671251352159, 
          0.0
        ], 
        [
          0.12467204924720421, 
          0.9686590604791561, 
          -0.21484064952457552, 
          0.0
        ], 
        [
          -8.39873812341191, 
          1.1484357006363326, 
          55.539958525706304, 
          1.0
        ]
      ], 
      "projected_cuboid": [
        [
          464.04993847692685, 
          309.3870048882386
        ], 
        [
          337.8866642997615, 
          323.0267778020787
        ], 
        [
          332.14120864857085, 
          239.2671524940103
        ], 
        [
          454.2744463581347, 
          228.37649329553372
        ], 
        [
          458.49853303381894, 
          322.80738835908966
        ], 
        [
          351.66334600631706, 
          334.673995528245
        ], 
        [
          346.37888291713267, 
          263.1243371980162
        ], 
        [
          450.3105193181793, 
          253.26862035373662
        ]
      ], 
      "projected_cuboid_centroid": [
        400.2765338050574, 
        284.3143324814752
      ], 
      "quaternion_xyzw": [
        0.9905597046564301, 
        -0.0566336405142725, 
        0.05586828554764511, 
        0.11163827622590976
      ], 
      "visibility": 0.91482979000913
    }, 
    {
      "bounding_box": {
        "bottom_right": [
          342, 
          348
        ], 
        "top_left": [
          266, 
          293
        ]
      }, 
      "class": "061_foam_brick", 
      "cuboid": [
        [
          -20.08381366845898, 
          -0.9495697540817707, 
          60.16554865661917
        ], 
        [
          -19.214174061649608, 
          6.336370683710893, 
          57.55740869665355
        ], 
        [
          -21.685328363128825, 
          8.105933354679745, 
          61.67678677123294
        ], 
        [
          -22.554967969938193, 
          0.8199929168870811, 
          64.28492673119855
        ], 
        [
          -15.518297433880402, 
          -0.5721414016961703, 
          62.74220264808097
        ], 
        [
          -14.648657827071032, 
          6.713799036096494, 
          60.13406268811535
        ], 
        [
          -17.119812128550247, 
          8.483361707065345, 
          64.25344076269474
        ], 
        [
          -17.98945173535962, 
          1.1974212692726822, 
          66.86158072266035
        ]
      ], 
      "cuboid_centroid": [
        -18.601812898504612, 
        3.7668959764917873, 
        62.20949470965695
      ], 
      "location": [
        -18.601812898504612, 
        3.7668959764917873, 
        62.20949470965695
      ], 
      "pose_transform_permuted": [
        [
          -0.8686294136471532, 
          -0.07180904668424153, 
          -0.49023096858654747, 
          0.0
        ], 
        [
          -0.11167265488157944, 
          -0.9356063197058568, 
          0.3349179491728708, 
          0.0
        ], 
        [
          0.48271333097264235, 
          -0.3456649755771655, 
          -0.8046760620029249, 
          0.0
        ], 
        [
          -18.601812898504612, 
          3.7668959764917873, 
          62.20949470965695, 
          1.0
        ]
      ], 
      "projected_cuboid": [
        [
          302.0864924880424, 
          264.86935976655496
        ], 
        [
          302.0773221814603, 
          331.99853785037715
        ], 
        [
          292.5212446473199, 
          343.3785973159405
        ], 
        [
          292.9175323231339, 
          280.08935013156986
        ], 
        [
          348.5895936622363, 
          268.42323702945816
        ], 
        [
          350.59775296418195, 
          332.83017004894685
        ], 
        [
          338.3141749050241, 
          343.7005559047985
        ], 
        [
          336.9088978225902, 
          282.8377362227347
        ]
      ], 
      "projected_cuboid_centroid": [
        320.7954794120907, 
        305.5799909568668
      ], 
      "quaternion_xyzw": [
        -0.50815680112732, 
        0.6977765758187381, 
        0.2625722332606149, 
        -0.4312079985659587
      ], 
      "visibility": 0.9659062421659563
    }
  ]
}