{
  "camera_data": {
    "location_worldframe": [
      -15.823439826410901, 
      11.156453455223367, 
      74.41887554436984
    ], 
    "quaternion_xyzw_worldframe": [
      0.8742880786235733, 
      -0.0009139531399558536, 
      -0.016980976574926865, 
      -0.4851098337437511
    ]
  }, 
  "objects": [
    {
      "bounding_box": {
        "bottom_right": [
          539, 
          390
        ], 
        "top_left": [
          379, 
          232
        ]
      }, 
      "class": "003_cracker_box", 
      "cuboid": [
        [
          -13.935511438884202, 
          36.683290892995906, 
          68.11564767238866
        ], 
        [
          -28.32374943273683, 
          32.209694527491585, 
          61.63153950873512
        ], 
        [
          -26.943981673611372, 
          13.370322251261133, 
          71.56772792859076
        ], 
        [
          -12.555743679758747, 
          17.843918616765457, 
          78.0518360922443
        ], 
        [
          -17.352227078055588, 
          39.431676245749955, 
          73.80114059110305
        ], 
        [
          -31.740465071908215, 
          34.958079880245634, 
          67.31703242744949
        ], 
        [
          -30.360697312782758, 
          16.118707604015185, 
          77.25322084730513
        ], 
        [
          -15.972459318930133, 
          20.59230396951951, 
          83.73732901095867
        ]
      ], 
      "cuboid_centroid": [
        -22.14810437583348, 
        26.400999248505546, 
        72.6844342598469
      ], 
      "location": [
        -22.14810437583348, 
        26.400999248505546, 
        72.6844342598469
      ], 
      "pose_transform_permuted": [
        [
          0.4758656992840037, 
          -0.3827834844656258, 
          -0.7918514003683395, 
          0.0
        ], 
        [
          0.8771390052315001, 
          0.2727203892180705, 
          0.39528566228265716, 
          0.0
        ], 
        [
          -0.0646451989434696, 
          0.8826666377093327, 
          -0.46553260350748926, 
          0.0
        ], 
        [
          -22.14810437583348, 
          26.400999248505546, 
          72.6844342598469, 
          1.0
        ]
      ], 
      "projected_cuboid": [
        [
          371.5780517730681, 
          560.5027368568203
        ], 
        [
          234.45910343573993, 
          552.0084553049032
        ], 
        [
          279.1384433985712, 
          372.9215955177223
        ], 
        [
          395.09010775734913, 
          395.21206485291407
        ], 
        [
          355.1572434186608, 
          558.2372172079038
        ], 
        [
          228.0374659897395, 
          550.2421303166955
        ], 
        [
          270.2545465249668, 
          384.56244759848806
        ], 
        [
          379.0213839315614, 
          404.43806979253964
        ]
      ], 
      "projected_cuboid_centroid": [
        317.73181077481604, 
        467.0029788933653
      ], 
      "quaternion_xyzw": [
        0.9422920252380858, 
        0.0895066442052025, 
        0.23112563256240815, 
        0.2250671939409585
      ], 
      "visibility": 0.6917502365396595
    }, 
    {
      "bounding_box": {
        "bottom_right": [
          523, 
          290
        ], 
        "top_left": [
          385, 
          191
        ]
      }, 
      "class": "004_sugar_box", 
      "cuboid": [
        [
          -28.255627881205125, 
          32.837494438294904, 
          70.24106391091804
        ], 
        [
          -36.93901268267562, 
          31.043131250657947, 
          67.54489420362403
        ], 
        [
          -36.43104611193439, 
          15.665672405047532, 
          76.14295790659908
        ], 
        [
          -27.7476613104639, 
          17.460035592684484, 
          78.83912761389308
        ], 
        [
          -29.827505533732364, 
          34.86258772640223, 
          73.95576189465021
        ], 
        [
          -38.51089033520285, 
          33.06822453876528, 
          71.2595921873562
        ], 
        [
          -38.00292376446163, 
          17.690765693154866, 
          79.85765589033124
        ], 
        [
          -29.31953896299114, 
          19.48512888079182, 
          82.55382559762526
        ]
      ], 
      "cuboid_centroid": [
        -33.12927582283338, 
        25.26413006572488, 
        75.04935990062465
      ], 
      "location": [
        -33.12927582283338, 
        25.26413006572488, 
        75.04935990062465
      ], 
      "pose_transform_permuted": [
        [
          0.3482690710827764, 
          -0.44868463978171147, 
          -0.8230376035103314, 
          0.0
        ], 
        [
          0.9369514138860955, 
          0.19361472100106583, 
          0.2909211185594572, 
          0.0
        ], 
        [
          -0.028820308674731236, 
          0.8724651110736987, 
          -0.4878251133005775, 
          0.0
        ], 
        [
          -33.12927582283338, 
          25.26413006572488, 
          75.04935990062465, 
          1.0
        ]
      ], 
      "projected_cuboid": [
        [
          265.27261258443014, 
          522.6119022502143
        ], 
        [
          187.5041978440907, 
          518.396253736083
        ], 
        [
          224.3007114388005, 
          383.01185082525865
        ], 
        [
          292.3294518252396, 
          391.3976737368608
        ], 
        [
          264.7085021157203, 
          524.6922469916117
        ], 
        [
          190.9727407635892, 
          520.7750680989753
        ], 
        [
          225.68416075042168, 
          391.4321519524818
        ], 
        [
          290.60660973221036, 
          399.1656324693213
        ]
      ], 
      "projected_cuboid_centroid": [
        244.21020133950168, 
        452.81978561572777
      ], 
      "quaternion_xyzw": [
        0.9529499106026146, 
        0.05835433405286127, 
        0.16768724739111165, 
        0.24568703524251093
      ], 
      "visibility": 0.5149199036750078
    }, 
    {
      "bounding_box": {
        "bottom_right": [
          423, 
          248
        ], 
        "top_left": [
          351, 
          98
        ]
      }, 
      "class": "024_bowl", 
      "cuboid": [
        [
          -45.15268203021587, 
          12.269985944161396, 
          57.82417557758556
        ], 
        [
          -42.86601278475104, 
          20.39007255484956, 
          71.55638874890403
        ], 
        [
          -42.654812233847665, 
          15.643202114736706, 
          74.32812356136334
        ], 
        [
          -44.94148147931249, 
          7.523115504048547, 
          60.59591039004487
        ], 
        [
          -29.1817581692847, 
          11.643876074904453, 
          55.53494851301177
        ], 
        [
          -26.895088923819866, 
          19.763962685592613, 
          69.26716168433023
        ], 
        [
          -26.683888372916485, 
          15.017092245479766, 
          72.03889649678955
        ], 
        [
          -28.97055761838132, 
          6.897005634791604, 
          58.306683325471084
        ]
      ], 
      "cuboid_centroid": [
        -35.91828520156618, 
        13.64353909482058, 
        64.93153603718756
      ], 
      "location": [
        -35.91828520156618, 
        13.64353909482058, 
        64.93153603718756
      ], 
      "pose_transform_permuted": [
        [
          -0.9891383469786146, 
          0.03877729845164387, 
          0.14178029362787253, 
          0.0
        ], 
        [
          -0.14188461931980106, 
          -0.5038399846791577, 
          -0.8520645660036457, 
          0.0
        ], 
        [
          -0.03839381899327998, 
          0.8629261793243372, 
          -0.5038693518163342, 
          0.0
        ], 
        [
          -35.91828520156618, 
          13.64353909482058, 
          64.93153603718756, 
          1.0
        ]
      ], 
      "projected_cuboid": [
        [
          61.67776264703358, 
          386.45414865451426
        ], 
        [
          159.4483460199676, 
          425.2565463330422
        ], 
        [
          172.9894774138391, 
          385.529732502628
        ], 
        [
          82.75973020475556, 
          339.49933681458407
        ], 
        [
          199.02006235536746, 
          385.1063433659588
        ], 
        [
          272.79378154275065, 
          425.458333172443
        ], 
        [
          282.4041924679559, 
          384.46133057641663
        ], 
        [
          214.40088205733426, 
          336.37207055655335
        ]
      ], 
      "projected_cuboid_centroid": [
        184.12125776832994, 
        385.3486733798897
      ], 
      "quaternion_xyzw": [
        -0.6283433110920859, 
        0.18518784137166724, 
        0.7325624704201019, 
        -0.18504695011248778
      ], 
      "visibility": 0.6677694363150528
    }, 
    {
      "bounding_box": {
        "bottom_right": [
          422, 
          390
        ], 
        "top_left": [
          336, 
          279
        ]
      }, 
      "class": "025_mug", 
      "cuboid": [
        [
          -10.544385073311224, 
          13.310861109344932, 
          51.903506370346086
        ], 
        [
          -22.075190591916584, 
          14.220810257746445, 
          53.65829187372927
        ], 
        [
          -22.21425510514976, 
          6.666841969268384, 
          56.66162256250038
        ], 
        [
          -10.6834495865444, 
          5.756892820866871, 
          54.90683705911719
        ], 
        [
          -8.979633658481365, 
          16.676209795571044, 
          60.440474592033546
        ], 
        [
          -20.510439177086727, 
          17.586158943972556, 
          62.195260095416735
        ], 
        [
          -20.649503690319904, 
          10.032190655494496, 
          65.19859078418784
        ], 
        [
          -9.118698171714543, 
          9.122241507092985, 
          63.44380528080465
        ]
      ], 
      "cuboid_centroid": [
        -15.596944381815565, 
        11.671525882419715, 
        58.55104857726696
      ], 
      "location": [
        -15.596944381815565, 
        11.671525882419715, 
        58.55104857726696
      ], 
      "pose_transform_permuted": [
        [
          -0.16809378844967202, 
          -0.36152337346401064, 
          -0.9170858173749851, 
          0.0
        ], 
        [
          0.985623144301145, 
          -0.07778007697333206, 
          -0.14999448240002838, 
          0.0
        ], 
        [
          0.017104475925770884, 
          0.929113155688126, 
          -0.3693997574857855, 
          0.0
        ], 
        [
          -15.596944381815565, 
          11.671525882419715, 
          58.55104857726696, 
          1.0
        ]
      ], 
      "projected_cuboid": [
        [
          372.34836359223465, 
          410.0584710341253
        ], 
        [
          260.3592552884664, 
          414.6297737457192
        ], 
        [
          270.76605971309704, 
          336.0372538861231
        ], 
        [
          376.96210774836965, 
          329.2042313696008
        ], 
        [
          401.7015370578434, 
          420.43543641547853
        ], 
        [
          304.2559636488717, 
          424.08650156695785
        ], 
        [
          311.27804936466254, 
          355.3491051984459
        ], 
        [
          404.30492459426614, 
          349.9696753912481
        ]
      ], 
      "projected_cuboid_centroid": [
        338.34642406137567, 
        379.5980980616778
      ], 
      "quaternion_xyzw": [
        0.9787520264812042, 
        -0.024236106371148616, 
        -0.08124843224930192, 
        0.18669773118570204
      ], 
      "visibility": 0.7746438746438746
    }, 
    {
      "bounding_box": {
        "bottom_right": [
          429, 
          319
        ], 
        "top_left": [
          356, 
          263
        ]
      }, 
      "class": "061_foam_brick", 
      "cuboid": [
        [
          -25.410827961901063, 
          10.204920926076344, 
          66.54328369868873
        ], 
        [
          -25.626007385800854, 
          17.053214707134888, 
          62.84218044919563
        ], 
        [
          -26.915850223156312, 
          19.377233213890015, 
          67.21739184805551
        ], 
        [
          -26.70067079925652, 
          12.528939432831471, 
          70.9184950975486
        ], 
        [
          -20.326468394808355, 
          10.958434571627308, 
          67.64193806635058
        ], 
        [
          -20.541647818708146, 
          17.80672835268585, 
          63.940834816857475
        ], 
        [
          -21.831490656063608, 
          20.13074685944098, 
          68.31604621571735
        ], 
        [
          -21.616311232163817, 
          13.282453078382437, 
          72.01714946521045
        ]
      ], 
      "cuboid_centroid": [
        -23.621159308982335, 
        15.167833892758662, 
        67.42966495720304
      ], 
      "location": [
        -23.621159308982335, 
        15.167833892758662, 
        67.42966495720304
      ], 
      "pose_transform_permuted": [
        [
          -0.967343897736176, 
          -0.14336256459954932, 
          -0.20902860709487286, 
          0.0
        ], 
        [
          0.027631742338577507, 
          -0.8794069887705311, 
          0.47526817157987894, 
          0.0
        ], 
        [
          0.25195688188243076, 
          -0.4539719409533885, 
          -0.8546503416597316, 
          0.0
        ], 
        [
          -23.621159308982335, 
          15.167833892758662, 
          67.42966495720304, 
          1.0
        ]
      ], 
      "projected_cuboid": [
        [
          276.24157442784707, 
          355.0751704636159
        ], 
        [
          262.3057492549303, 
          418.0112005301809
        ], 
        [
          266.2603034020015, 
          427.03034827390263
        ], 
        [
          279.1299977405135, 
          367.5063708572343
        ], 
        [
          319.9984569886875, 
          359.6877843829764
        ], 
        [
          308.83487268398164, 
          421.8094180767153
        ], 
        [
          309.74593337806454, 
          430.44026860132675
        ], 
        [
          320.18448244623056, 
          371.64911400473653
        ]
      ], 
      "projected_cuboid_centroid": [
        293.21396585173875, 
        393.2530668738659
      ], 
      "quaternion_xyzw": [
        0.4423483945037163, 
        -0.6394076957837002, 
        -0.27810416646158015, 
        0.564042346858171
      ], 
      "visibility": 0.3467666354264292
    }
  ]
}