{
  "camera_data": {
    "location_worldframe": [
      -21.775844361110813, 
      10.490729044938098, 
      80.14248858874242
    ], 
    "quaternion_xyzw_worldframe": [
      0.9419733129964241, 
      0.03320044757910608, 
      -0.11500353679850794, 
      -0.31362273620124664
    ]
  }, 
  "objects": [
    {
      "bounding_box": {
        "bottom_right": [
          539, 
          347
        ], 
        "top_left": [
          348, 
          148
        ]
      }, 
      "class": "003_cracker_box", 
      "cuboid": [
        [
          -25.229442977696426, 
          31.93159333496122, 
          65.20003747843789
        ], 
        [
          -39.15869402829554, 
          23.529496268732018, 
          63.08843956543405
        ], 
        [
          -33.348776446366685, 
          10.011788666290883, 
          78.55032774290108
        ], 
        [
          -19.41952539576757, 
          18.413885732520086, 
          80.66192565590491
        ], 
        [
          -28.479005506951875, 
          36.09678195458969, 
          70.06254142870046
        ], 
        [
          -42.40825655755099, 
          27.694684888360488, 
          67.95094351569662
        ], 
        [
          -36.598338975622134, 
          14.176977285919351, 
          83.41283169316364
        ], 
        [
          -22.669087925023018, 
          22.579074352148552, 
          85.52442960616747
        ]
      ], 
      "cuboid_centroid": [
        -30.91389097665928, 
        23.054285310440285, 
        74.30643458580076
      ], 
      "location": [
        -30.91389097665928, 
        23.054285310440285, 
        74.30643458580076
      ], 
      "pose_transform_permuted": [
        [
          0.4525853213017922, 
          -0.5801098494722736, 
          -0.6772289786234855, 
          0.0
        ], 
        [
          0.8491581398196522, 
          0.5122105337484366, 
          0.12872770756589053, 
          0.0
        ], 
        [
          -0.27220760555168455, 
          0.6333347706090338, 
          -0.724423969659633, 
          0.0
        ], 
        [
          -30.91389097665928, 
          23.054285310440285, 
          74.30643458580076, 
          1.0
        ]
      ], 
      "projected_cuboid": [
        [
          273.50690308329786, 
          534.4787812071219
        ], 
        [
          147.80950391550178, 
          472.193678952197
        ], 
        [
          253.28774784376446, 
          341.2618489919791
        ], 
        [
          352.1292698147018, 
          395.0352537921865
        ], 
        [
          263.00687649741496, 
          548.05705462666
        ], 
        [
          145.97797014649694, 
          490.65096349974675
        ], 
        [
          245.64692313471778, 
          363.9303809403475
        ], 
        [
          339.0574478612035, 
          414.0868049616406
        ]
      ], 
      "projected_cuboid_centroid": [
        257.86976592700984, 
        438.7540631104391
      ], 
      "quaternion_xyzw": [
        0.8887803284631377, 
        0.22064454910262313, 
        0.16351425944386008, 
        0.3669449517935669
      ], 
      "visibility": 0.9003833203416458
    }, 
    {
      "bounding_box": {
        "bottom_right": [
          489, 
          261
        ], 
        "top_left": [
          356, 
          127
        ]
      }, 
      "class": "004_sugar_box", 
      "cuboid": [
        [
          -38.31091704767292, 
          27.276199044037835, 
          70.81931266436625
        ], 
        [
          -46.755460658337576, 
          23.48586319168124, 
          70.35749096283192
        ], 
        [
          -42.56697889714703, 
          12.549376538823076, 
          83.52946311030776
        ], 
        [
          -34.12243528648238, 
          16.339712391179674, 
          83.99128481184208
        ], 
        [
          -39.82998186007593, 
          30.296177365115817, 
          73.80979027276491
        ], 
        [
          -48.27452547074059, 
          26.505841512759222, 
          73.34796857123058
        ], 
        [
          -44.08604370955005, 
          15.569354859901058, 
          86.51994071870641
        ], 
        [
          -35.641500098885395, 
          19.359690712257652, 
          86.98176242024076
        ]
      ], 
      "cuboid_centroid": [
        -41.198480378611485, 
        21.422776951969446, 
        78.66962669153634
      ], 
      "location": [
        -41.198480378611485, 
        21.422776951969446, 
        78.66962669153634
      ], 
      "pose_transform_permuted": [
        [
          0.33656772858850803, 
          -0.6691138097681703, 
          -0.662577559453405, 
          0.0
        ], 
        [
          0.9111800589898036, 
          0.4089834341289661, 
          0.049831316486468866, 
          0.0
        ], 
        [
          -0.23764031766863797, 
          0.6204993385539547, 
          -0.7473332400423006, 
          0.0
        ], 
        [
          -41.198480378611485, 
          21.422776951969446, 
          78.66962669153634, 
          1.0
        ]
      ], 
      "projected_cuboid": [
        [
          190.68443660868485, 
          478.6956355478247
        ], 
        [
          124.23065316717505, 
          451.312652846999
        ], 
        [
          207.55017898104515, 
          353.411897531567
        ], 
        [
          263.1241889815906, 
          377.03883348592905
        ], 
        [
          191.4034376572585, 
          492.19441760461615
        ], 
        [
          127.66357534458753, 
          466.01286186669967
        ], 
        [
          207.58060770840774, 
          369.2579611603094
        ], 
        [
          261.24379318048256, 
          391.9884577137598
        ]
      ], 
      "projected_cuboid_centroid": [
        199.97554286785828, 
        418.5164946353663
      ], 
      "quaternion_xyzw": [
        0.8936242159035815, 
        0.18089923602388486, 
        0.10809886253034011, 
        0.3962647342703893
      ], 
      "visibility": 0.3802117802779616
    }, 
    {
      "bounding_box": {
        "bottom_right": [
          374, 
          214
        ], 
        "top_left": [
          282, 
          99
        ]
      }, 
      "class": "024_bowl", 
      "cuboid": [
        [
          -52.38237471325817, 
          1.5461678129531642, 
          69.1850598381199
        ], 
        [
          -50.19557508676219, 
          14.365005306914465, 
          78.7052307442924
        ], 
        [
          -48.83720698243527, 
          11.039371717320476, 
          82.87115151159335
        ], 
        [
          -51.02400660893125, 
          -1.7794657766408262, 
          73.35098060542086
        ], 
        [
          -36.890241479111666, 
          2.242227203297506, 
          64.68925153773769
        ], 
        [
          -34.70344185261568, 
          15.061064697258807, 
          74.20942244391019
        ], 
        [
          -33.345073748288755, 
          11.735431107664818, 
          78.37534321121115
        ], 
        [
          -35.53187337478474, 
          -1.0834063862964842, 
          68.85517230503866
        ]
      ], 
      "cuboid_centroid": [
        -42.863724230773464, 
        6.640799460308991, 
        73.78020152466553
      ], 
      "location": [
        -42.863724230773464, 
        6.640799460308991, 
        73.78020152466553
      ], 
      "pose_transform_permuted": [
        [
          -0.959485073739666, 
          -0.04310953084238184, 
          0.27844202560198733, 
          0.0
        ], 
        [
          -0.13568784954336197, 
          -0.7953908863559175, 
          -0.5907132514073523, 
          0.0
        ], 
        [
          -0.24693562067285071, 
          0.6045617472620126, 
          -0.7573162437122398, 
          0.0
        ], 
        [
          -42.863724230773464, 
          6.640799460308991, 
          73.78020152466553, 
          1.0
        ]
      ], 
      "projected_cuboid": [
        [
          74.43754136937737, 
          285.2053189356794
        ], 
        [
          138.6290874174717, 
          370.62617564065766
        ], 
        [
          164.68470372750195, 
          344.3307194047988
        ], 
        [
          107.52061403853851, 
          260.3484158400216
        ], 
        [
          174.9271972884192, 
          291.7722005762486
        ], 
        [
          230.11603463575096, 
          381.5256332597583
        ], 
        [
          252.80341922315924, 
          353.14245911988604
        ], 
        [
          204.09049483032896, 
          264.89498476906584
        ]
      ], 
      "projected_cuboid_centroid": [
        169.1749275859603, 
        321.2895025560324
      ], 
      "quaternion_xyzw": [
        -0.5455345708836112, 
        0.2513384554138911, 
        0.7104033400835333, 
        -0.36680799773062905
      ], 
      "visibility": 0.581881086622245
    }, 
    {
      "bounding_box": {
        "bottom_right": [
          363, 
          333
        ], 
        "top_left": [
          271, 
          227
        ]
      }, 
      "class": "025_mug", 
      "cuboid": [
        [
          -19.347574883146127, 
          4.909835584145196, 
          57.72802410631649
        ], 
        [
          -30.605399053994553, 
          4.866341646394224, 
          60.9102024072764
        ], 
        [
          -29.054740022581992, 
          -1.005322341195805, 
          66.31582814843017
        ], 
        [
          -17.796915851733562, 
          -0.9618284034448323, 
          63.13364984747025
        ], 
        [
          -17.541962065881332, 
          11.348542434306042, 
          64.20387630043103
        ], 
        [
          -28.79978623672976, 
          11.305048496555068, 
          67.38605460139095
        ], 
        [
          -27.24912720531719, 
          5.43338450896504, 
          72.79168034254472
        ], 
        [
          -15.991303034468768, 
          5.476878446716013, 
          69.6095020415848
        ]
      ], 
      "cuboid_centroid": [
        -23.298351044231662, 
        5.171610046555118, 
        65.2598522244306
      ], 
      "location": [
        -23.298351044231662, 
        5.171610046555118, 
        65.2598522244306
      ], 
      "pose_transform_permuted": [
        [
          -0.19396838120790386, 
          -0.6916795964540315, 
          -0.6956699437572953, 
          0.0
        ], 
        [
          0.9622894115556206, 
          0.003717748219322762, 
          -0.2720042912577314, 
          0.0
        ], 
        [
          -0.1907259404662252, 
          0.7221952817794042, 
          -0.6648741163625191, 
          0.0
        ], 
        [
          -23.298351044231662, 
          5.171610046555118, 
          65.2598522244306, 
          1.0
        ]
      ], 
      "projected_cuboid": [
        [
          301.36520138355934, 
          318.6459887458112
        ], 
        [
          211.3881104667735, 
          315.8954145875211
        ], 
        [
          245.98825341072865, 
          265.20161908757575
        ], 
        [
          330.0053110394561, 
          265.16152185379696
        ], 
        [
          334.6676850117625, 
          367.5549882591565
        ], 
        [
          251.76481596007355, 
          362.75911190755255
        ], 
        [
          280.2883472902241, 
          313.09507582385885
        ], 
        [
          358.05722011992805, 
          315.24814443764365
        ]
      ], 
      "projected_cuboid_centroid": [
        289.6105040199162, 
        315.55020883479887
      ], 
      "quaternion_xyzw": [
        0.9192598431744313, 
        0.052880502213086426, 
        -0.1267249613712366, 
        0.3689255336478192
      ], 
      "visibility": 0.7189298491211698
    }, 
    {
      "bounding_box": {
        "bottom_right": [
          387, 
          287
        ], 
        "top_left": [
          314, 
          221
        ]
      }, 
      "class": "061_foam_brick", 
      "cuboid": [
        [
          -31.79634523146483, 
          5.456076127409524, 
          74.74893669473404
        ], 
        [
          -33.63756193498445, 
          10.375045125473415, 
          68.99939234702003
        ], 
        [
          -34.86653842852799, 
          13.949974633650749, 
          72.45145363549847
        ], 
        [
          -33.025321725008375, 
          9.031005635586858, 
          78.20099798321246
        ], 
        [
          -26.847699044775503, 
          7.225659783947879, 
          74.6781479768576
        ], 
        [
          -28.68891574829512, 
          12.144628782011772, 
          68.92860362914361
        ], 
        [
          -29.91789224183866, 
          15.719558290189106, 
          72.38066491762203
        ], 
        [
          -28.07667553831904, 
          10.800589292125215, 
          78.13020926533602
        ]
      ], 
      "cuboid_centroid": [
        -30.857118736651746, 
        10.587817208799315, 
        73.56480080617803
      ], 
      "location": [
        -30.857118736651746, 
        10.587817208799315, 
        73.56480080617803
      ], 
      "pose_transform_permuted": [
        [
          -0.9415232395702893, 
          -0.3366787751923046, 
          0.013468173004429596, 
          0.0
        ], 
        [
          0.2364353645859385, 
          -0.631657439464334, 
          0.7383137527789088, 
          0.0
        ], 
        [
          0.24006729831899626, 
          -0.6983239087303046, 
          -0.6743229276640734, 
          0.0
        ], 
        [
          -30.857118736651746, 
          10.587817208799315, 
          73.56480080617803, 
          1.0
        ]
      ], 
      "projected_cuboid": [
        [
          252.84558285824517, 
          312.2146134121735
        ], 
        [
          219.43431895267764, 
          353.4787621951065
        ], 
        [
          222.80350662025015, 
          375.97315479241183
        ], 
        [
          254.49217071108194, 
          334.8767003246498
        ], 
        [
          288.2643888076729, 
          324.8891281434971
        ], 
        [
          257.7732022635697, 
          367.25287443355353
        ], 
        [
          259.31718323269433, 
          389.11233599668793
        ], 
        [
          288.34754389605445, 
          347.01174406295235
        ]
      ], 
      "projected_cuboid_centroid": [
        256.02929798457245, 
        350.04458257081063
      ], 
      "quaternion_xyzw": [
        0.362161318631354, 
        -0.6017516869814195, 
        -0.1402755321574173, 
        0.6978945920267388
      ], 
      "visibility": 0.39491844416562105
    }
  ]
}