{
  "camera_data": {
    "location_worldframe": [
      -21.37927792972088, 
      10.193042401659413, 
      81.13358972661639
    ], 
    "quaternion_xyzw_worldframe": [
      0.9437410101804287, 
      0.03462817926829494, 
      -0.11166395136558252, 
      -0.309333574189257
    ]
  }, 
  "objects": [
    {
      "bounding_box": {
        "bottom_right": [
          538, 
          351
        ], 
        "top_left": [
          345, 
          155
        ]
      }, 
      "class": "003_cracker_box", 
      "cuboid": [
        [
          -24.745602781801505, 
          31.498908708056884, 
          65.97962642247973
        ], 
        [
          -38.645756493347896, 
          23.058057061124153, 
          63.83116977711488
        ], 
        [
          -32.93860937712167, 
          9.683049119591905, 
          79.45458750513123
        ], 
        [
          -19.038455665575277, 
          18.123900766524635, 
          81.60304415049607
        ], 
        [
          -28.03934546792056, 
          35.70105285011742, 
          70.78021401796491
        ], 
        [
          -41.93949917946695, 
          27.260201203184693, 
          68.63175737260006
        ], 
        [
          -36.232352063240725, 
          13.885193261652443, 
          84.25517510061641
        ], 
        [
          -22.33219835169433, 
          22.326044908585175, 
          86.40363174598126
        ]
      ], 
      "cuboid_centroid": [
        -30.488977422521113, 
        22.692050984854664, 
        75.11740076154807
      ], 
      "location": [
        -30.488977422521113, 
        22.692050984854664, 
        75.11740076154807
      ], 
      "pose_transform_permuted": [
        [
          0.4587385466388225, 
          -0.5852568582906039, 
          -0.6686055306767307, 
          0.0
        ], 
        [
          0.8473843012827516, 
          0.5145730992259454, 
          0.13097469790974212, 
          0.0
        ], 
        [
          -0.2673925798657166, 
          0.6266489730118587, 
          -0.7319919896118667, 
          0.0
        ], 
        [
          -30.488977422521113, 
          22.692050984854664, 
          75.11740076154807, 
          1.0
        ]
      ], 
      "projected_cuboid": [
        [
          279.909131520239, 
          527.8952069508508
        ], 
        [
          156.0147970423935, 
          465.9402747610504
        ], 
        [
          258.66218923373634, 
          338.2816488043689
        ], 
        [
          356.1336563294743, 
          391.7359328889579
        ], 
        [
          268.56364888155167, 
          542.2892654945654
        ], 
        [
          152.98019481113397, 
          485.11849011862745
        ], 
        [
          250.34177590738986, 
          361.17722806322587
        ], 
        [
          342.6046162422359, 
          411.0922843823754
        ]
      ], 
      "projected_cuboid_centroid": [
        263.32706997945934, 
        434.39588215267327
      ], 
      "quaternion_xyzw": [
        0.8863744700987474, 
        0.2205517265757176, 
        0.16632734370239338, 
        0.37152718527523737
      ], 
      "visibility": 0.8964432796107408
    }, 
    {
      "bounding_box": {
        "bottom_right": [
          484, 
          265
        ], 
        "top_left": [
          354, 
          134
        ]
      }, 
      "class": "004_sugar_box", 
      "cuboid": [
        [
          -37.86431412585159, 
          26.872598120241342, 
          71.53578612543879
        ], 
        [
          -46.29953195772759, 
          23.065784000044754, 
          71.04029815065202
        ], 
        [
          -42.19940105674646, 
          12.249699924516195, 
          84.33887784518207
        ], 
        [
          -33.764183224870465, 
          16.056514044712785, 
          84.83436581996885
        ], 
        [
          -39.411218624470095, 
          29.916004405908268, 
          74.48799681285809
        ], 
        [
          -47.84643645634609, 
          26.10919028571168, 
          73.9925088380713
        ], 
        [
          -43.74630555536497, 
          15.293106210183122, 
          87.29108853260136
        ], 
        [
          -35.311087723488974, 
          19.09992033037971, 
          87.78657650738812
        ]
      ], 
      "cuboid_centroid": [
        -40.80530984060828, 
        21.08285216521223, 
        79.41343732902007
      ], 
      "location": [
        -40.80530984060828, 
        21.08285216521223, 
        79.41343732902007
      ], 
      "pose_transform_permuted": [
        [
          0.34273595780273275, 
          -0.6743045671096434, 
          -0.6540990465098182, 
          0.0
        ], 
        [
          0.9101737922146462, 
          0.41076146616417664, 
          0.05346396240109123, 
          0.0
        ], 
        [
          -0.23262758807267686, 
          0.6136681027133579, 
          -0.7545165249213208, 
          0.0
        ], 
        [
          -40.80530984060828, 
          21.08285216521223, 
          79.41343732902007, 
          1.0
        ]
      ], 
      "projected_cuboid": [
        [
          196.95539813155358, 
          473.62938181461897
        ], 
        [
          131.11680680278752, 
          446.4478932777268
        ], 
        [
          212.52401474886145, 
          350.7479060317311
        ], 
        [
          267.5663204272686, 
          374.22739248938734
        ], 
        [
          197.06887419615165, 
          487.4793164500197
        ], 
        [
          133.8579220979506, 
          461.475081643132
        ], 
        [
          212.09431187473788, 
          366.72234187063503
        ], 
        [
          265.28800268588816, 
          389.3220636217694
        ]
      ], 
      "projected_cuboid_centroid": [
        205.27572970446235, 
        414.8733815558413
      ], 
      "quaternion_xyzw": [
        0.8913390125869369, 
        0.18045576518903364, 
        0.11112492402131356, 
        0.40075130557903305
      ], 
      "visibility": 0.38731275533363596
    }, 
    {
      "bounding_box": {
        "bottom_right": [
          370, 
          220
        ], 
        "top_left": [
          279, 
          107
        ]
      }, 
      "class": "024_bowl", 
      "cuboid": [
        [
          -51.88565707764498, 
          1.1083218950410347, 
          70.01329002882535
        ], 
        [
          -49.79232070046069, 
          14.012132973364407, 
          79.43920875607206
        ], 
        [
          -48.462087351353254, 
          10.724627260191102, 
          83.64428710745784
        ], 
        [
          -50.55542372853754, 
          -2.1791838181322714, 
          74.21836838021113
        ], 
        [
          -36.359568908770754, 
          1.788748603531056, 
          65.63372512350244
        ], 
        [
          -34.26623253158647, 
          14.69255968185443, 
          75.05964385074915
        ], 
        [
          -32.93599918247904, 
          11.405053968681125, 
          79.26472220213493
        ], 
        [
          -35.02933555966332, 
          -1.4987571096422485, 
          69.83880347488822
        ]
      ], 
      "cuboid_centroid": [
        -42.41082813006201, 
        6.256687931861079, 
        74.63900611548014
      ], 
      "location": [
        -42.41082813006201, 
        6.256687931861079, 
        74.63900611548014
      ], 
      "pose_transform_permuted": [
        [
          -0.961588028352736, 
          -0.04214134107309423, 
          0.27124264248318064, 
          0.0
        ], 
        [
          -0.1298885860183541, 
          -0.8006633780786987, 
          -0.58486503590637, 
          0.0
        ], 
        [
          -0.241821047369434, 
          0.5976305400296807, 
          -0.7644346398960358, 
          0.0
        ], 
        [
          -42.41082813006201, 
          6.256687931861079, 
          74.63900611548014, 
          1.0
        ]
      ], 
      "projected_cuboid": [
        [
          83.069312344922, 
          281.7290746889572
        ], 
        [
          144.52776973868367, 
          367.3577785402375
        ], 
        [
          170.02567901561142, 
          341.66722407327774
        ], 
        [
          115.28764488283983, 
          257.6273227372278
        ], 
        [
          183.68821467686462, 
          287.8213622328101
        ], 
        [
          236.09701158969813, 
          377.68124868409694
        ], 
        [
          258.1458948644278, 
          350.02355868416606
        ], 
        [
          211.868561518957, 
          261.8413745877554
        ]
      ], 
      "projected_cuboid_centroid": [
        176.03274661169746, 
        317.99257539422484
      ], 
      "quaternion_xyzw": [
        -0.5469230548093913, 
        0.2554483330859161, 
        0.7068878568293586, 
        -0.36868805121509757
      ], 
      "visibility": 0.5797589736944408
    }, 
    {
      "bounding_box": {
        "bottom_right": [
          358, 
          340
        ], 
        "top_left": [
          267, 
          236
        ]
      }, 
      "class": "025_mug", 
      "cuboid": [
        [
          -18.76639800347925, 
          4.422436438621917, 
          58.78799803064575
        ], 
        [
          -30.048888707788723, 
          4.38955370517985, 
          61.88171387998808
        ], 
        [
          -28.532505476230853, 
          -1.4328953607520623, 
          67.34993478243578
        ], 
        [
          -17.250014771921375, 
          -1.400012627309994, 
          64.25621893309345
        ], 
        [
          -17.02110843492195, 
          10.91950682090353, 
          65.22196150254716
        ], 
        [
          -28.303599139231427, 
          10.88662408746146, 
          68.31567735188948
        ], 
        [
          -26.787215907673556, 
          5.06417502152955, 
          73.78389825433719
        ], 
        [
          -15.504725203364075, 
          5.097057754971618, 
          70.69018240499486
        ]
      ], 
      "cuboid_centroid": [
        -22.7768069555764, 
        4.7433057300757335, 
        66.28594814249146
      ], 
      "location": [
        -22.7768069555764, 
        4.7433057300757335, 
        66.28594814249146
      ], 
      "pose_transform_permuted": [
        [
          -0.18748814203973058, 
          -0.6979493126073482, 
          -0.6911700379298327, 
          0.0
        ], 
        [
          0.9643978424219345, 
          0.0028107301849894916, 
          -0.2644427519034134, 
          0.0
        ], 
        [
          -0.18651013026547303, 
          0.71614200892698, 
          -0.6725731145075504, 
          0.0
        ], 
        [
          -22.7768069555764, 
          4.7433057300757335, 
          66.28594814249146, 
          1.0
        ]
      ], 
      "projected_cuboid": [
        [
          309.93118612338213, 
          313.40649506548533
        ], 
        [
          220.46643599913432, 
          311.1173413895959
        ], 
        [
          253.77569357597514, 
          261.9399619380766
        ], 
        [
          337.23069639516495, 
          261.66658643077284
        ], 
        [
          341.25569560060273, 
          362.57527895147365
        ], 
        [
          258.7981775120394, 
          358.2750800778463
        ], 
        [
          286.3620490802368, 
          309.89105164209843
        ], 
        [
          363.64740428568047, 
          311.7411100987742
        ]
      ], 
      "projected_cuboid_centroid": [
        296.8136034511416, 
        311.44994826228896
      ], 
      "quaternion_xyzw": [
        0.9181108170148563, 
        0.05155174542709888, 
        -0.1230600069097735, 
        0.3731909050943907
      ], 
      "visibility": 0.7204869453788243
    }, 
    {
      "bounding_box": {
        "bottom_right": [
          383, 
          292
        ], 
        "top_left": [
          311, 
          228
        ]
      }, 
      "class": "061_foam_brick", 
      "cuboid": [
        [
          -31.349737301189084, 
          5.096975089065718, 
          75.7050501340488
        ], 
        [
          -33.15260866487188, 
          9.963349243179609, 
          69.89887647166594
        ], 
        [
          -34.41387833148321, 
          13.566105616672534, 
          73.31011916178245
        ], 
        [
          -32.61100696780043, 
          8.699731462558644, 
          79.11629282416528
        ], 
        [
          -26.403225072427965, 
          6.873300426924245, 
          75.65791728033125
        ], 
        [
          -28.20609643611075, 
          11.739674581038134, 
          69.8517436179484
        ], 
        [
          -29.467366102722092, 
          15.34243095453106, 
          73.2629863080649
        ], 
        [
          -27.664494739039302, 
          10.476056800417169, 
          79.06915997044774
        ]
      ], 
      "cuboid_centroid": [
        -30.408551701955588, 
        10.21970302179839, 
        74.48401822105684
      ], 
      "location": [
        -30.408551701955588, 
        10.21970302179839, 
        74.48401822105684
      ], 
      "pose_transform_permuted": [
        [
          -0.9411172354014975, 
          -0.3379614390557648, 
          0.008967437850316229, 
          0.0
        ], 
        [
          0.23151134103826887, 
          -0.6249036005050806, 
          0.7455856684824682, 
          0.0
        ], 
        [
          0.24637542125972117, 
          -0.7037595866396018, 
          -0.6663494548748066, 
          0.0
        ], 
        [
          -30.408551701955588, 
          10.21970302179839, 
          74.48401822105684, 
          1.0
        ]
      ], 
      "projected_cuboid": [
        [
          258.90702848763755, 
          309.1932129670669
        ], 
        [
          226.53889167134344, 
          349.30563204391314
        ], 
        [
          229.15517305274398, 
          371.97782201513064
        ], 
        [
          259.93569561571985, 
          331.9310597567972
        ], 
        [
          293.9272929705122, 
          321.7370617397763
        ], 
        [
          264.44824845427945, 
          362.9192089762847
        ], 
        [
          265.3010922539532, 
          384.9721147486199
        ], 
        [
          293.44571087815876, 
          343.9472892549269
        ]
      ], 
      "projected_cuboid_centroid": [
        262.05165076603157, 
        346.4615342543616
      ], 
      "quaternion_xyzw": [
        0.3601334185230354, 
        -0.6048307217211725, 
        -0.13573550583068306, 
        0.6971797410869358
      ], 
      "visibility": 0.4147837314396385
    }
  ]
}