{
  "camera_data": {
    "location_worldframe": [
      -17.66088097710637, 
      12.925303268108944, 
      72.25883712359878
    ], 
    "quaternion_xyzw_worldframe": [
      0.888843533370352, 
      0.007900174280618337, 
      -0.031018724599381157, 
      -0.4570932011659907
    ]
  }, 
  "objects": [
    {
      "bounding_box": {
        "bottom_right": [
          539, 
          373
        ], 
        "top_left": [
          392, 
          205
        ]
      }, 
      "class": "003_cracker_box", 
      "cuboid": [
        [
          -16.644075572589443, 
          38.04907325806697, 
          64.34191848918327
        ], 
        [
          -30.982406356194986, 
          32.753458417197756, 
          58.3881928082141
        ], 
        [
          -28.884174201899203, 
          14.62618563231154, 
          69.45855641359753
        ], 
        [
          -14.545843418293664, 
          19.92180047318075, 
          75.4122820945667
        ], 
        [
          -20.0596052006389, 
          41.048073289008, 
          69.90002551489577
        ], 
        [
          -34.39793598424444, 
          35.75245844813879, 
          63.9462998339266
        ], 
        [
          -32.299703829948655, 
          17.625185663252573, 
          75.01666343931004
        ], 
        [
          -17.961373046343116, 
          22.920800504121786, 
          80.97038912027921
        ]
      ], 
      "cuboid_centroid": [
        -24.47188970126905, 
        27.83712946065977, 
        69.67929096424666
      ], 
      "location": [
        -24.47188970126905, 
        27.83712946065977, 
        69.67929096424666
      ], 
      "pose_transform_permuted": [
        [
          0.4757005166725431, 
          -0.4176880365796575, 
          -0.7741096321166054, 
          0.0
        ], 
        [
          0.87409655063986, 
          0.32283246465576676, 
          0.36295236591566915, 
          0.0
        ], 
        [
          -0.09830685935871536, 
          0.8493031872438216, 
          -0.518671242253233, 
          0.0
        ], 
        [
          -24.47188970126905, 
          27.83712946065977, 
          69.67929096424666, 
          1.0
        ]
      ], 
      "projected_cuboid": [
        [
          342.48736950041626, 
          588.669050137209
        ], 
        [
          196.24445716094266, 
          572.4576537556491
        ], 
        [
          257.969191233624, 
          385.5899261825919
        ], 
        [
          377.87084597507527, 
          414.1745475904292
        ], 
        [
          327.2718909753241, 
          586.4729949993546
        ], 
        [
          192.32353321003748, 
          571.4662025816509
        ], 
        [
          250.0535998239819, 
          398.59012041608423
        ], 
        [
          362.3067922511739, 
          424.2566877314709
        ]
      ], 
      "projected_cuboid_centroid": [
        292.73031188482037, 
        486.34964575987107
      ], 
      "quaternion_xyzw": [
        0.9350814630287951, 
        0.11259428741384256, 
        0.2242192032851759, 
        0.2503416322145764
      ], 
      "visibility": 0.571202525782547
    }, 
    {
      "bounding_box": {
        "bottom_right": [
          539, 
          271
        ], 
        "top_left": [
          398, 
          156
        ]
      }, 
      "class": "004_sugar_box", 
      "cuboid": [
        [
          -30.807767168116527, 
          33.92397776488394, 
          66.93934763156386
        ], 
        [
          -39.470863411614346, 
          31.707978294898943, 
          64.50411627191744
        ], 
        [
          -38.36898664666904, 
          16.92424248095474, 
          74.03711123699671
        ], 
        [
          -29.70589040317122, 
          19.14024195093973, 
          76.47234259664314
        ], 
        [
          -32.386238773318986, 
          36.13174447374652, 
          70.545589004684
        ], 
        [
          -41.04933501681681, 
          33.91574500376153, 
          68.11035764503757
        ], 
        [
          -39.9474582518715, 
          19.132009189817328, 
          77.64335261011685
        ], 
        [
          -31.284362008373684, 
          21.34800865980232, 
          80.07858396976329
        ]
      ], 
      "cuboid_centroid": [
        -35.37761270999402, 
        26.52799347735063, 
        72.29135012084036
      ], 
      "location": [
        -35.37761270999402, 
        26.52799347735063, 
        72.29135012084036
      ], 
      "pose_transform_permuted": [
        [
          0.34973004342325814, 
          -0.4891582112811593, 
          -0.7990076906415334, 
          0.0
        ], 
        [
          0.9347622453172922, 
          0.239109965070495, 
          0.2627654443200646, 
          0.0
        ], 
        [
          -0.06251676845761518, 
          0.8387792702614804, 
          -0.5408699574212879, 
          0.0
        ], 
        [
          -35.37761270999402, 
          26.52799347735063, 
          72.29135012084036, 
          1.0
        ]
      ], 
      "projected_cuboid": [
        [
          234.09975640028884, 
          543.5658627913477
        ], 
        [
          152.5326415498771, 
          535.4478812381816
        ], 
        [
          202.90628721351678, 
          395.1987762444513
        ], 
        [
          272.70116721095377, 
          406.7709522475431
        ], 
        [
          234.71906962693268, 
          546.4399296230498
        ], 
        [
          157.4928345703316, 
          538.8545310701165
        ], 
        [
          204.91780513815775, 
          404.7012028990652
        ], 
        [
          271.50838652429337, 
          415.463266334658
        ]
      ], 
      "projected_cuboid_centroid": [
        218.42855557260015, 
        468.9931944494392
      ], 
      "quaternion_xyzw": [
        0.9450594169442875, 
        0.0797904153220801, 
        0.1620256559433422, 
        0.2724770925072875
      ], 
      "visibility": 0.5044024876180513
    }, 
    {
      "bounding_box": {
        "bottom_right": [
          435, 
          222
        ], 
        "top_left": [
          357, 
          67
        ]
      }, 
      "class": "024_bowl", 
      "cuboid": [
        [
          -47.2495771925276, 
          12.125742014472948, 
          56.112688869907615
        ], 
        [
          -45.01122637687044, 
          21.158478282279543, 
          69.27087273121852
        ], 
        [
          -44.61500123525788, 
          16.603895202691945, 
          72.33006823441971
        ], 
        [
          -46.85335205091504, 
          7.571158934885348, 
          59.17188437310881
        ], 
        [
          -31.302113994744296, 
          11.828157819712153, 
          53.604134645738974
        ], 
        [
          -29.063763179087132, 
          20.86089408751875, 
          66.76231850704988
        ], 
        [
          -28.66753803747457, 
          16.30631100793115, 
          69.82151401025108
        ], 
        [
          -30.905888853131735, 
          7.273574740124554, 
          56.66333014894017
        ]
      ], 
      "cuboid_centroid": [
        -37.958557615001084, 
        14.216026511202049, 
        62.96710144007934
      ], 
      "location": [
        -37.958557615001084, 
        14.216026511202049, 
        62.96710144007934
      ], 
      "pose_transform_permuted": [
        [
          -0.9876853413937673, 
          0.018430489122342665, 
          0.1553640353060776, 
          0.0
        ], 
        [
          -0.13888652852333436, 
          -0.5604686157894138, 
          -0.81644685247102, 
          0.0
        ], 
        [
          -0.07202915097801688, 
          0.8279705597337441, 
          -0.5561263827796485, 
          0.0
        ], 
        [
          -37.958557615001084, 
          14.216026511202049, 
          62.96710144007934, 
          1.0
        ]
      ], 
      "projected_cuboid": [
        [
          28.77395575431356, 
          388.5349034944922
        ], 
        [
          132.16567045039642, 
          436.1866195471112
        ], 
        [
          149.8907275238826, 
          395.7139417524043
        ], 
        [
          55.78594080742334, 
          341.52582713124275
        ], 
        [
          167.56997585868763, 
          390.9675385195691
        ], 
        [
          247.49126795491432, 
          439.93029134596355
        ], 
        [
          260.8002179464312, 
          397.8394800521571
        ], 
        [
          188.284358380859, 
          341.7459779467715
        ]
      ], 
      "projected_cuboid_centroid": [
        157.41593343697494, 
        393.6936261260133
      ], 
      "quaternion_xyzw": [
        -0.6192172469950131, 
        0.19720036351609022, 
        0.7283922575719685, 
        -0.21708693365158982
      ], 
      "visibility": 0.6475240715268226
    }, 
    {
      "bounding_box": {
        "bottom_right": [
          436, 
          366
        ], 
        "top_left": [
          344, 
          248
        ]
      }, 
      "class": "025_mug", 
      "cuboid": [
        [
          -12.779188323533985, 
          13.812172635234447, 
          49.56885605488285
        ], 
        [
          -24.30552494662819, 
          14.49026019163184, 
          51.4531375732438
        ], 
        [
          -24.17043539219351, 
          7.139641647960534, 
          54.92472638904638
        ], 
        [
          -12.644098769099307, 
          6.461554091563141, 
          53.04044487068541
        ], 
        [
          -11.193277608289167, 
          17.753222279974505, 
          57.85178187183686
        ], 
        [
          -22.71961423138337, 
          18.431309836371902, 
          59.73606339019783
        ], 
        [
          -22.584524676948693, 
          11.080691292700596, 
          63.20765220600039
        ], 
        [
          -11.058188053854488, 
          10.4026037363032, 
          61.32337068763943
        ]
      ], 
      "cuboid_centroid": [
        -17.681856500241338, 
        12.446431963967521, 
        56.38825413044162
      ], 
      "location": [
        -17.681856500241338, 
        12.446431963967521, 
        56.38825413044162
      ], 
      "pose_transform_permuted": [
        [
          -0.1703668312691171, 
          -0.4233681842202543, 
          -0.8897952523473428, 
          0.0
        ], 
        [
          0.9852411547828795, 
          -0.057961153569843146, 
          -0.16106346359574075, 
          0.0
        ], 
        [
          -0.0166155691191808, 
          0.9041018085536723, 
          -0.4269939608856613, 
          0.0
        ], 
        [
          -17.681856500241338, 
          12.446431963967521, 
          56.38825413044162, 
          1.0
        ]
      ], 
      "projected_cuboid": [
        [
          342.9578467294841, 
          421.894005225689
        ], 
        [
          227.56714270021888, 
          423.4802849505442
        ], 
        [
          244.94608686108484, 
          342.61252206937843
        ], 
        [
          353.40166326912725, 
          338.2572097612802
        ], 
        [
          377.54941932642595, 
          436.9485860627914
        ], 
        [
          277.0675045604851, 
          437.8400408633321
        ], 
        [
          289.4503225111176, 
          366.7807503943782
        ], 
        [
          384.62432329854863, 
          363.7563250516701
        ]
      ], 
      "projected_cuboid_centroid": [
        312.9685782785142, 
        391.00477574839675
      ], 
      "quaternion_xyzw": [
        0.9720002849387308, 
        -0.010634149261918307, 
        -0.08524439241438837, 
        0.21871447937886088
      ], 
      "visibility": 0.778262543308097
    }, 
    {
      "bounding_box": {
        "bottom_right": [
          445, 
          298
        ], 
        "top_left": [
          367, 
          236
        ]
      }, 
      "class": "061_foam_brick", 
      "cuboid": [
        [
          -27.328767369508235, 
          11.197228799511846, 
          64.61723906621603
        ], 
        [
          -27.806583741592263, 
          17.78949185564233, 
          60.49930821773047
        ], 
        [
          -29.10264900232964, 
          20.345385379408306, 
          64.74134245670261
        ], 
        [
          -28.624832630245606, 
          13.753122323277827, 
          68.85927330518817
        ], 
        [
          -22.25423884191219, 
          12.168112721989424, 
          65.58268252535261
        ], 
        [
          -22.732055213996222, 
          18.760375778119904, 
          61.46475167686706
        ], 
        [
          -24.028120474733598, 
          21.316269301885885, 
          65.70678591583918
        ], 
        [
          -23.550304102649566, 
          14.724006245755403, 
          69.82471676432475
        ]
      ], 
      "cuboid_centroid": [
        -25.678443922120913, 
        16.256749050698865, 
        65.16201249102761
      ], 
      "location": [
        -25.678443922120913, 
        16.256749050698865, 
        65.16201249102761
      ], 
      "pose_transform_permuted": [
        [
          -0.9654734564465682, 
          -0.1847191618581531, 
          -0.18368406610138663, 
          0.0
        ], 
        [
          0.0613576272270737, 
          -0.8465294259731415, 
          0.5287940738535626, 
          0.0
        ], 
        [
          0.2531723651550078, 
          -0.4992662237764587, 
          -0.8286356203530084, 
          0.0
        ], 
        [
          -25.678443922120913, 
          16.256749050698865, 
          65.16201249102761, 
          1.0
        ]
      ], 
      "projected_cuboid": [
        [
          254.15888146955498, 
          365.70307391402355
        ], 
        [
          234.43093389104433, 
          430.1062547810591
        ], 
        [
          239.86038488731893, 
          440.88566457135653
        ], 
        [
          258.04831138006244, 
          379.8053714324364
        ], 
        [
          299.11705406606603, 
          372.2378549295066
        ], 
        [
          282.71102446831935, 
          436.06724590198075
        ], 
        [
          284.9437337230397, 
          446.3034296219258
        ], 
        [
          300.22137948700913, 
          385.74815956022417
        ]
      ], 
      "projected_cuboid_centroid": [
        269.67999276694616, 
        406.34017300583594
      ], 
      "quaternion_xyzw": [
        0.4317914628475192, 
        -0.636708854707309, 
        -0.2528300233828456, 
        0.5867153877524743
      ], 
      "visibility": 0.2432806871709615
    }
  ]
}