{
  "camera_data": {
    "location_worldframe": [
      -15.416055327353147, 
      10.079053085356984, 
      75.91854733101641
    ], 
    "quaternion_xyzw_worldframe": [
      0.8670658458933032, 
      0.0032527547661421285, 
      -0.0063082098056588005, 
      -0.4981455554328146
    ]
  }, 
  "objects": [
    {
      "bounding_box": {
        "bottom_right": [
          539, 
          395
        ], 
        "top_left": [
          370, 
          242
        ]
      }, 
      "class": "003_cracker_box", 
      "cuboid": [
        [
          -13.305164408692033, 
          35.77535534574013, 
          70.42679539978869
        ], 
        [
          -27.5578399167626, 
          31.55311093224316, 
          63.49051335091731
        ], 
        [
          -26.46243576461233, 
          12.420084494590208, 
          72.88630688983251
        ], 
        [
          -12.209760256541765, 
          16.642328908087183, 
          79.82258893870389
        ], 
        [
          -16.840339939551622, 
          38.36582134434455, 
          76.11401065956467
        ], 
        [
          -31.09301544762219, 
          34.14357693084758, 
          69.1777286106933
        ], 
        [
          -29.99761129547192, 
          15.01055049319463, 
          78.5735221496085
        ], 
        [
          -15.744935787401355, 
          19.232794906691602, 
          85.50980419847987
        ]
      ], 
      "cuboid_centroid": [
        -21.651387852081978, 
        25.392952919467383, 
        74.50015877469859
      ], 
      "location": [
        -21.651387852081978, 
        25.392952919467383, 
        74.50015877469859
      ], 
      "pose_transform_permuted": [
        [
          0.49236429183558783, 
          -0.36078914492172426, 
          -0.7920912807447706, 
          0.0
        ], 
        [
          0.8688748144406342, 
          0.25739741490801815, 
          0.42285118851603476, 
          0.0
        ], 
        [
          -0.051322129301050234, 
          0.896424990562691, 
          -0.44021389725755555, 
          0.0
        ], 
        [
          -21.651387852081978, 
          25.392952919467383, 
          74.50015877469859, 
          1.0
        ]
      ], 
      "projected_cuboid": [
        [
          380.0016659687493, 
          544.2018549780535
        ], 
        [
          248.18243856462502, 
          538.33230753015
        ], 
        [
          286.3540065081582, 
          364.1660813175686
        ], 
        [
          399.34003109789035, 
          384.47912186359713
        ], 
        [
          362.6159670842772, 
          542.1101575762759
        ], 
        [
          239.89059435244872, 
          536.5134259182674
        ], 
        [
          276.29080900016595, 
          375.170993624867
        ], 
        [
          382.5784827712045, 
          393.24034046055766
        ]
      ], 
      "projected_cuboid_centroid": [
        325.31099516212976, 
        455.06546690224343
      ], 
      "quaternion_xyzw": [
        0.9430523694032181, 
        0.08184050913429974, 
        0.24262053467157624, 
        0.21234320281867536
      ], 
      "visibility": 0.7669027441617492
    }, 
    {
      "bounding_box": {
        "bottom_right": [
          509, 
          296
        ], 
        "top_left": [
          376, 
          202
        ]
      }, 
      "class": "004_sugar_box", 
      "cuboid": [
        [
          -27.681753856011515, 
          31.923093299078403, 
          72.11435564951921
        ], 
        [
          -36.3078614805945, 
          30.24365550200492, 
          69.17156821496712
        ], 
        [
          -36.04284780731337, 
          14.614319732680386, 
          77.31433194655955
        ], 
        [
          -27.416740182730393, 
          16.293757529753872, 
          80.25711938111162
        ], 
        [
          -29.33046731160157, 
          33.842353124458, 
          75.8518640380631
        ], 
        [
          -37.95657493618455, 
          32.16291532738452, 
          72.90907660351102
        ], 
        [
          -37.69156126290343, 
          16.533579558059984, 
          81.05184033510344
        ], 
        [
          -29.06545363832045, 
          18.21301735513347, 
          83.99462776965552
        ]
      ], 
      "cuboid_centroid": [
        -32.68665755945747, 
        24.228336428569193, 
        76.58309799231132
      ], 
      "location": [
        -32.68665755945747, 
        24.228336428569193, 
        76.58309799231132
      ], 
      "pose_transform_permuted": [
        [
          0.365293000213369, 
          -0.42523591799703414, 
          -0.8280915327916768, 
          0.0
        ], 
        [
          0.9307711128750119, 
          0.1812140835029305, 
          0.3175315744504236, 
          0.0
        ], 
        [
          -0.015035981316332284, 
          0.8867557575603169, 
          -0.46199292970688804, 
          0.0
        ], 
        [
          -32.68665755945747, 
          24.228336428569193, 
          76.58309799231132, 
          1.0
        ]
      ], 
      "projected_cuboid": [
        [
          275.1714408047759, 
          509.37282979470166
        ], 
        [
          199.32702705002944, 
          506.46809164774226
        ], 
        [
          230.89909159839638, 
          374.09712137430876
        ], 
        [
          297.89079519009834, 
          381.5607950326442
        ], 
        [
          273.65399286566395, 
          511.2344103344418
        ], 
        [
          201.63631261108256, 
          508.55371451214876
        ], 
        [
          231.52050897237322, 
          382.0771801405201
        ], 
        [
          295.50951155719366, 
          388.92915801621007
        ]
      ], 
      "projected_cuboid_centroid": [
        252.07242515961627, 
        442.0110558419175
      ], 
      "quaternion_xyzw": [
        0.9546751284111007, 
        0.05139184497921525, 
        0.17881071642670782, 
        0.23233789728568932
      ], 
      "visibility": 0.5069674850696748
    }, 
    {
      "bounding_box": {
        "bottom_right": [
          413, 
          258
        ], 
        "top_left": [
          344, 
          111
        ]
      }, 
      "class": "024_bowl", 
      "cuboid": [
        [
          -44.36029458518737, 
          11.801153373172871, 
          58.71107535694787
        ], 
        [
          -42.35774525881357, 
          19.498431836700984, 
          72.72820922361656
        ], 
        [
          -42.22418713515295, 
          14.670086227656693, 
          75.3605350821958
        ], 
        [
          -44.226736461526755, 
          6.972807764128583, 
          61.3434012155271
        ], 
        [
          -28.34392155119784, 
          11.18206071404849, 
          56.76287048868325
        ], 
        [
          -26.34137222482404, 
          18.8793391775766, 
          70.78000435535195
        ], 
        [
          -26.207814101163425, 
          14.050993568532313, 
          73.41233021393117
        ], 
        [
          -28.21036342753722, 
          6.353715105004201, 
          59.39519634726249
        ]
      ], 
      "cuboid_centroid": [
        -35.2840543431754, 
        12.926073470852591, 
        66.06170278543952
      ], 
      "location": [
        -35.2840543431754, 
        12.926073470852591, 
        66.06170278543952
      ], 
      "pose_transform_permuted": [
        [
          -0.9919531822568955, 
          0.03834269669088393, 
          0.12065952851262293, 
          0.0
        ], 
        [
          -0.12425537685661776, 
          -0.47760533219319246, 
          -0.8697434955105154, 
          0.0
        ], 
        [
          -0.024279323150316383, 
          0.8777374233055697, 
          -0.4785264153589237, 
          0.0
        ], 
        [
          -35.2840543431754, 
          12.926073470852591, 
          66.06170278543952, 
          1.0
        ]
      ], 
      "projected_cuboid": [
        [
          75.27900894563443, 
          380.48583827792527
        ], 
        [
          168.39712206517297, 
          416.26951048481413
        ], 
        [
          180.29017818175657, 
          377.10539042834466
        ], 
        [
          93.8854811522338, 
          333.9081347075767
        ], 
        [
          213.07046001131351, 
          378.348384002766
        ], 
        [
          281.46367985193945, 
          415.5402916006308
        ], 
        [
          289.61815536254056, 
          375.362987690534
        ], 
        [
          226.18048132500735, 
          330.33762796482966
        ]
      ], 
      "projected_cuboid_centroid": [
        194.37324608357116, 
        377.63940544997
      ], 
      "quaternion_xyzw": [
        -0.6389097193532762, 
        0.17738265490065883, 
        0.7284662532806188, 
        -0.17224018720266424
      ], 
      "visibility": 0.6924621769982595
    }, 
    {
      "bounding_box": {
        "bottom_right": [
          412, 
          399
        ], 
        "top_left": [
          330, 
          292
        ]
      }, 
      "class": "025_mug", 
      "cuboid": [
        [
          -9.624177777257382, 
          12.884784044599119, 
          53.601888899821745
        ], 
        [
          -21.188636338894966, 
          13.786405476257729, 
          55.12410192486171
        ], 
        [
          -21.419414884495687, 
          6.146675605107834, 
          57.89593161426142
        ], 
        [
          -9.854956322858099, 
          5.2450541734492235, 
          56.373718589221454
        ], 
        [
          -8.241463280112448, 
          15.987517279465461, 
          62.26877947723407
        ], 
        [
          -19.805921841750035, 
          16.889138711124073, 
          63.79099250227404
        ], 
        [
          -20.036700387350752, 
          9.249408839974176, 
          66.56282219167375
        ], 
        [
          -8.47224182571317, 
          8.347787408315565, 
          65.04060916663377
        ]
      ], 
      "cuboid_centroid": [
        -14.830439082304068, 
        11.067096442286648, 
        60.082355545747745
      ], 
      "location": [
        -14.830439082304068, 
        11.067096442286648, 
        60.082355545747745
      ], 
      "pose_transform_permuted": [
        [
          -0.1485384297892757, 
          -0.3333118468878967, 
          -0.9310427569700662, 
          0.0
        ], 
        [
          0.9884997185383221, 
          -0.07706824549306439, 
          -0.13011479428867426, 
          0.0
        ], 
        [
          0.02838499906006367, 
          0.9396615471653014, 
          -0.34092589899752823, 
          0.0
        ], 
        [
          -14.830439082304068, 
          11.067096442286648, 
          60.082355545747745, 
          1.0
        ]
      ], 
      "projected_cuboid": [
        [
          385.0419547989364, 
          401.4855212067946
        ], 
        [
          274.89100384067484, 
          406.6684846306207
        ], 
        [
          282.6437007618856, 
          329.907830362485
        ], 
        [
          387.58799820687, 
          322.9070025436019
        ], 
        [
          410.4223577427236, 
          410.2164107524816
        ], 
        [
          314.6313002910369, 
          414.48685583532733
        ], 
        [
          319.7196704360789, 
          347.39533782934166
        ], 
        [
          411.5474975764971, 
          341.7366733360733
        ]
      ], 
      "projected_cuboid_centroid": [
        348.857990640872, 
        371.52335323114806
      ], 
      "quaternion_xyzw": [
        0.9822428445493622, 
        -0.026839911621221423, 
        -0.07092269127340697, 
        0.17160668301807655
      ], 
      "visibility": 0.8030441400304414
    }, 
    {
      "bounding_box": {
        "bottom_right": [
          419, 
          326
        ], 
        "top_left": [
          348, 
          274
        ]
      }, 
      "class": "061_foam_brick", 
      "cuboid": [
        [
          -24.82656931153246, 
          9.400295068098533, 
          67.80495845913482
        ], 
        [
          -24.936469026092205, 
          16.35688971452414, 
          64.30677205220542
        ], 
        [
          -26.317149962516968, 
          18.55411420596302, 
          68.71961195815548
        ], 
        [
          -26.207250247957226, 
          11.597519559537416, 
          72.21779836508489
        ], 
        [
          -19.765878750898754, 
          10.101013045518684, 
          69.0394388383771
        ], 
        [
          -19.875778465458495, 
          17.057607691944288, 
          65.54125243144769
        ], 
        [
          -21.25645940188326, 
          19.254832183383172, 
          69.95409233739774
        ], 
        [
          -21.146559687323514, 
          12.298237536957567, 
          73.45227874432715
        ]
      ], 
      "cuboid_centroid": [
        -23.04151435670786, 
        14.327563625740853, 
        68.87952539826628
      ], 
      "location": [
        -23.04151435670786, 
        14.327563625740853, 
        68.87952539826628
      ], 
      "pose_transform_permuted": [
        [
          -0.962840662144465, 
          -0.1333177267553112, 
          -0.23487069432775898, 
          0.0
        ], 
        [
          0.014112504535806758, 
          -0.8933141809761447, 
          0.44921109879726556, 
          0.0
        ], 
        [
          0.2697011244636074, 
          -0.42920409806957344, 
          -0.8620006645376492, 
          0.0
        ], 
        [
          -23.04151435670786, 
          14.327563625740853, 
          68.87952539826628, 
          1.0
        ]
      ], 
      "projected_cuboid": [
        [
          284.69648888947347, 
          347.22451480986393
        ], 
        [
          273.06637558353174, 
          408.9402075116762
        ], 
        [
          275.6527120485119, 
          417.28142055526905
        ], 
        [
          286.4468913251782, 
          358.93279745397615
        ], 
        [
          327.6361077770602, 
          351.31538870331866
        ], 
        [
          318.5169006819505, 
          412.08700160821354
        ], 
        [
          318.1904887184603, 
          420.0825113255483
        ], 
        [
          326.7773807955121, 
          362.58112528457593
        ]
      ], 
      "projected_cuboid_centroid": [
        301.7047532702027, 
        384.2218299503678
      ], 
      "quaternion_xyzw": [
        0.45270826720803087, 
        -0.6422542891763208, 
        -0.28364269031074146, 
        0.5496466838519135
      ], 
      "visibility": 0.41689098250336476
    }
  ]
}