{
  "camera_data": {
    "location_worldframe": [
      -22.95121887175256, 
      11.869773931258724, 
      77.38032704394962
    ], 
    "quaternion_xyzw_worldframe": [
      0.93503032824204, 
      0.03349976037415699, 
      -0.1159910316184864, 
      -0.33338002667927374
    ]
  }, 
  "objects": [
    {
      "bounding_box": {
        "bottom_right": [
          539, 
          335
        ], 
        "top_left": [
          361, 
          129
        ]
      }, 
      "class": "003_cracker_box", 
      "cuboid": [
        [
          -26.408078161636933, 
          33.92297059185218, 
          63.35815298513231
        ], 
        [
          -40.3718298387013, 
          25.655026125984076, 
          60.96381610454108
        ], 
        [
          -34.53258704350816, 
          11.489899053782773, 
          75.82335734085017
        ], 
        [
          -20.568835366443793, 
          19.75784351965087, 
          78.21769422144138
        ], 
        [
          -29.623140689079452, 
          37.89148111318874, 
          68.40460666287656
        ], 
        [
          -43.586892366143815, 
          29.62353664732064, 
          66.01026978228535
        ], 
        [
          -37.74764957095068, 
          15.458409575119337, 
          80.86981101859442
        ], 
        [
          -23.783897893886312, 
          23.726354040987435, 
          83.26414789918564
        ]
      ], 
      "cuboid_centroid": [
        -32.077863866293804, 
        24.690690083485755, 
        72.11398200186336
      ], 
      "location": [
        -32.077863866293804, 
        24.690690083485755, 
        72.11398200186336
      ], 
      "pose_transform_permuted": [
        [
          0.44778030700683896, 
          -0.552717356019051, 
          -0.7028487184395874, 
          0.0
        ], 
        [
          0.8512613747807725, 
          0.5040322927101502, 
          0.14596410418900313, 
          0.0
        ], 
        [
          -0.27358155724246114, 
          0.6636678177075175, 
          -0.6962026711210829, 
          0.0
        ], 
        [
          -32.077863866293804, 
          24.690690083485755, 
          72.11398200186336, 
          1.0
        ]
      ], 
      "projected_cuboid": [
        [
          257.45363141754063, 
          558.8343906819243
        ], 
        [
          125.47570385884026, 
          497.72012357411097
        ], 
        [
          236.68068177784437, 
          354.1031674336976
        ], 
        [
          340.1817581719991, 
          408.00343260669763
        ], 
        [
          248.71422780015558, 
          568.7091695684719
        ], 
        [
          126.50895264299585, 
          512.6252388973948
        ], 
        [
          230.5846400955514, 
          375.2315338612436
        ], 
        [
          327.988045126889, 
          425.25745903897473
        ]
      ], 
      "projected_cuboid_centroid": [
        242.38796599350832, 
        455.8867519481567
      ], 
      "quaternion_xyzw": [
        0.8969082883617306, 
        0.21674842903196398, 
        0.16549752602921095, 
        0.34811809728656284
      ], 
      "visibility": 0.8463126624137185
    }, 
    {
      "bounding_box": {
        "bottom_right": [
          507, 
          247
        ], 
        "top_left": [
          367, 
          108
        ]
      }, 
      "class": "004_sugar_box", 
      "cuboid": [
        [
          -39.477857598172136, 
          29.074663867102444, 
          68.8397105289095
        ], 
        [
          -47.93571472535771, 
          25.33050032619873, 
          68.2599397594078
        ], 
        [
          -43.72050168972486, 
          13.844107329401472, 
          80.94637838548435
        ], 
        [
          -35.26264456253928, 
          17.588270870305188, 
          81.52614915498606
        ], 
        [
          -40.97433884268138, 
          31.971940644178915, 
          71.96014550696003
        ], 
        [
          -49.43219596986695, 
          28.227777103275198, 
          71.38037473745833
        ], 
        [
          -45.216982934234096, 
          16.74138410647794, 
          84.06681336353489
        ], 
        [
          -36.75912580704852, 
          20.485547647381658, 
          84.6465841330366
        ]
      ], 
      "cuboid_centroid": [
        -42.347420266203116, 
        22.908023986790194, 
        76.4532619462222
      ], 
      "location": [
        -42.347420266203116, 
        22.908023986790194, 
        76.4532619462222
      ], 
      "pose_transform_permuted": [
        [
          0.33156405785150495, 
          -0.6419277544914623, 
          -0.6913712332716235, 
          0.0
        ], 
        [
          0.9126166091846032, 
          0.4040013662502236, 
          0.06255821371897063, 
          0.0
        ], 
        [
          -0.2391569599539213, 
          0.6516991683998272, 
          -0.7197857068685377, 
          0.0
        ], 
        [
          -42.347420266203116, 
          22.908023986790194, 
          76.4532619462222, 
          1.0
        ]
      ], 
      "projected_cuboid": [
        [
          173.20281301795438, 
          498.53570732435963
        ], 
        [
          103.9509322961972, 
          471.1954714364048
        ], 
        [
          191.14166986810875, 
          364.4991863735837
        ], 
        [
          248.99707982358288, 
          388.34372376142466
        ], 
        [
          175.39250365772483, 
          510.240784493859
        ], 
        [
          109.18579481026256, 
          484.1908148774012
        ], 
        [
          192.3501541273172, 
          379.4938228319362
        ], 
        [
          248.0644890400162, 
          402.3566457032445
        ]
      ], 
      "projected_cuboid_centroid": [
        183.72987171023743, 
        433.0874083812265
      ], 
      "quaternion_xyzw": [
        0.9021761206737926, 
        0.17822416030137234, 
        0.10921433812616442, 
        0.3773413611144465
      ], 
      "visibility": 0.40133711507293357
    }, 
    {
      "bounding_box": {
        "bottom_right": [
          389, 
          195
        ], 
        "top_left": [
          297, 
          73
        ]
      }, 
      "class": "024_bowl", 
      "cuboid": [
        [
          -53.63354387810705, 
          3.4743644813136547, 
          66.2027406199848
        ], 
        [
          -51.36535603863496, 
          15.880110419766552, 
          76.23723776838214
        ], 
        [
          -49.99813626899265, 
          12.380348259827773, 
          80.25498258903437
        ], 
        [
          -52.266324108464744, 
          -0.0253976786251206, 
          70.22048544063702
        ], 
        [
          -38.15987574376681, 
          4.31330155778095, 
          61.667901908051256
        ], 
        [
          -35.89168790429473, 
          16.719047496233845, 
          71.70239905644861
        ], 
        [
          -34.52446813465242, 
          13.21928533629507, 
          75.72014387710084
        ], 
        [
          -36.792655974124514, 
          0.8135393978421737, 
          65.68564672870349
        ]
      ], 
      "cuboid_centroid": [
        -44.079006006379736, 
        8.346824908804361, 
        70.96144224854282
      ], 
      "location": [
        -44.079006006379736, 
        8.346824908804361, 
        70.96144224854282
      ], 
      "pose_transform_permuted": [
        [
          -0.958341461857334, 
          -0.05195847405333195, 
          0.2808593232548936, 
          0.0
        ], 
        [
          -0.14073787400060966, 
          -0.7697591347531096, 
          -0.6226264733256469, 
          0.0
        ], 
        [
          -0.248544751115239, 
          0.6362163086861207, 
          -0.7303795693027499, 
          0.0
        ], 
        [
          -44.079006006379736, 
          8.346824908804361, 
          70.96144224854282, 
          1.0
        ]
      ], 
      "projected_cuboid": [
        [
          45.9324761129236, 
          301.2755094289327
        ], 
        [
          119.27491460565874, 
          384.3762641794387
        ], 
        [
          146.57489630892138, 
          355.5578432691785
        ], 
        [
          81.32999213787042, 
          273.09364442205776
        ], 
        [
          148.83063039975497, 
          310.58905870472995
        ], 
        [
          212.41139960843907, 
          397.64214614860845
        ], 
        [
          236.40449884226197, 
          366.39391185035095
        ], 
        [
          180.37804350177717, 
          279.8918850269245
        ]
      ], 
      "projected_cuboid_centroid": [
        147.55505105378236, 
        336.01814320409386
      ], 
      "quaternion_xyzw": [
        -0.5510487980729605, 
        0.23646471304382566, 
        0.7172540529585079, 
        -0.35493138089219556
      ], 
      "visibility": 0.6015509601181684
    }, 
    {
      "bounding_box": {
        "bottom_right": [
          383, 
          315
        ], 
        "top_left": [
          288, 
          204
        ]
      }, 
      "class": "025_mug", 
      "cuboid": [
        [
          -20.64103393225119, 
          7.218831482844984, 
          54.742250983028526
        ], 
        [
          -31.884438818125467, 
          7.074636871725675, 
          57.972082249500964
        ], 
        [
          -30.326951890314486, 
          0.9789719293350284, 
          63.12173024214034
        ], 
        [
          -19.08354700444021, 
          1.1231665404543387, 
          59.8918989756679
        ], 
        [
          -18.786893728040294, 
          13.377631454649974, 
          61.47167831368758
        ], 
        [
          -30.030298613914567, 
          13.233436843530665, 
          64.70150958016002
        ], 
        [
          -28.47281168610359, 
          7.137771901140019, 
          69.8511575727994
        ], 
        [
          -17.229406800229313, 
          7.281966512259329, 
          66.62132630632695
        ]
      ], 
      "cuboid_centroid": [
        -24.55692280917739, 
        7.178301691992502, 
        62.29670427791396
      ], 
      "location": [
        -24.55692280917739, 
        7.178301691992502, 
        62.29670427791396
      ], 
      "pose_transform_permuted": [
        [
          -0.19918144715436942, 
          -0.6616105342694333, 
          -0.7229103123899336, 
          0.0
        ], 
        [
          0.9610568887304054, 
          0.012325378810125364, 
          -0.27607754230926806, 
          0.0
        ], 
        [
          -0.1915657491769823, 
          0.7497466595511907, 
          -0.6333896985538144, 
          0.0
        ], 
        [
          -24.55692280917739, 
          7.178301691992502, 
          62.29670427791396, 
          1.0
        ]
      ], 
      "projected_cuboid": [
        [
          278.82854679525553, 
          343.6151073821931
        ], 
        [
          185.82877408870453, 
          338.37032040066055
        ], 
        [
          223.227353401059, 
          281.5579351577543
        ], 
        [
          310.247603030624, 
          283.28800264413104
        ], 
        [
          317.24633506008274, 
          389.3489756263582
        ], 
        [
          232.00143919838277, 
          382.36669804430954
        ], 
        [
          262.3930624207233, 
          327.7840390589131
        ], 
        [
          342.52215812006267, 
          331.58041413645805
        ]
      ], 
      "projected_cuboid_centroid": [
        269.6142743699505, 
        334.73969044952537
      ], 
      "quaternion_xyzw": [
        0.9265141473112445, 
        0.05501565426140611, 
        -0.1282384599422591, 
        0.34942807850839475
      ], 
      "visibility": 0.6964438122332859
    }, 
    {
      "bounding_box": {
        "bottom_right": [
          404, 
          271
        ], 
        "top_left": [
          328, 
          201
        ]
      }, 
      "class": "061_foam_brick", 
      "cuboid": [
        [
          -33.01099378086612, 
          7.0918253424338635, 
          71.82874170378545
        ], 
        [
          -34.86345083127424, 
          12.250727110232834, 
          66.29722016028975
        ], 
        [
          -36.06610028406845, 
          15.682473012657578, 
          69.90054996817796
        ], 
        [
          -34.21364323366033, 
          10.523571244858605, 
          75.43207151167368
        ], 
        [
          -28.05744273203291, 
          8.848943024851883, 
          71.80859479736303
        ], 
        [
          -29.90989978244103, 
          14.007844792650854, 
          66.27707325386731
        ], 
        [
          -31.11254923523524, 
          17.439590695075598, 
          69.88040306175553
        ], 
        [
          -29.26009218482712, 
          12.280688927276625, 
          75.41192460525124
        ]
      ], 
      "cuboid_centroid": [
        -32.06177150805068, 
        12.26570801875473, 
        70.8545723827705
      ], 
      "location": [
        -32.06177150805068, 
        12.26570801875473, 
        70.8545723827705
      ], 
      "pose_transform_permuted": [
        [
          -0.9424564325125884, 
          -0.3343070145338545, 
          0.003833125240027796, 
          0.0
        ], 
        [
          0.23787876639169814, 
          -0.662467822500718, 
          0.7103168846726938, 
          0.0
        ], 
        [
          0.23492459495678278, 
          -0.6703545361856055, 
          -0.7038716008618141, 
          0.0
        ], 
        [
          -32.06177150805068, 
          12.26570801875473, 
          70.8545723827705, 
          1.0
        ]
      ], 
      "projected_cuboid": [
        [
          234.45192598511693, 
          325.942469936179
        ], 
        [
          198.80528161335064, 
          371.8359592117125
        ], 
        [
          204.13071146591864, 
          392.9389580841506
        ], 
        [
          237.68402414190362, 
          347.69025668232337
        ], 
        [
          271.4790020904818, 
          339.00728657478504
        ], 
        [
          238.9118222988619, 
          386.00512344653396
        ], 
        [
          242.17072425119918, 
          406.3835842585384
        ], 
        [
          272.9427373398324, 
          360.1366208301841
        ]
      ], 
      "projected_cuboid_centroid": [
        238.25826279477474, 
        365.6100404439515
      ], 
      "quaternion_xyzw": [
        0.37539682502855043, 
        -0.5976292003729986, 
        -0.15459610494990167, 
        0.6913874506775002
      ], 
      "visibility": 0.2909871244635193
    }
  ]
}