{
  "camera_data": {
    "location_worldframe": [
      -19.0158973725644, 
      13.836345904425439, 
      71.6350880039059
    ], 
    "quaternion_xyzw_worldframe": [
      0.8968795168847036, 
      0.007407357499913707, 
      -0.04543276269133782, 
      -0.4398720076574366
    ]
  }, 
  "objects": [
    {
      "bounding_box": {
        "bottom_right": [
          539, 
          362
        ], 
        "top_left": [
          397, 
          189
        ]
      }, 
      "class": "003_cracker_box", 
      "cuboid": [
        [
          -18.542511632154184, 
          38.648706427833936, 
          62.74480000329129
        ], 
        [
          -32.95142345655374, 
          32.946054855617305, 
          57.36510291426015
        ], 
        [
          -30.32806103119, 
          15.28520187886278, 
          69.05979354142279
        ], 
        [
          -15.919149206790442, 
          20.987853451079406, 
          74.43949063045395
        ], 
        [
          -21.85861192979455, 
          41.814979717369866, 
          68.27024928881582
        ], 
        [
          -36.26752375419411, 
          36.11232814515324, 
          62.89055219978468
        ], 
        [
          -33.644161328830364, 
          18.451475168398712, 
          74.58524282694732
        ], 
        [
          -19.235249504430804, 
          24.154126740615336, 
          79.96493991597848
        ]
      ], 
      "cuboid_centroid": [
        -26.093336480492272, 
        28.550090798116322, 
        68.66502141511931
      ], 
      "location": [
        -26.093336480492272, 
        28.550090798116322, 
        68.66502141511931
      ], 
      "pose_transform_permuted": [
        [
          0.46185242018420375, 
          -0.44098514836156677, 
          -0.7695612002268051, 
          0.0
        ], 
        [
          0.878399327945651, 
          0.34764632954869473, 
          0.3279583056059857, 
          0.0
        ], 
        [
          -0.12291038456787323, 
          0.8274503782559094, 
          -0.5479223566250333, 
          0.0
        ], 
        [
          -26.093336480492272, 
          28.550090798116322, 
          68.66502141511931, 
          1.0
        ]
      ], 
      "projected_cuboid": [
        [
          322.67560381188525, 
          601.7936334079111
        ], 
        [
          172.6969020798596, 
          579.5838398270083
        ], 
        [
          245.43447554549695, 
          391.3276886523
        ], 
        [
          366.5943257312954, 
          423.65340856836923
        ], 
        [
          309.41701852473125, 
          599.9405019773004
        ], 
        [
          171.48102449940833, 
          579.5235023593483
        ], 
        [
          239.0206734628472, 
          405.22326799296235
        ], 
        [
          352.2400650437009, 
          434.3804976430487
        ]
      ], 
      "projected_cuboid_centroid": [
        277.24182133307784, 
        495.0344120831256
      ], 
      "quaternion_xyzw": [
        0.9321226993304537, 
        0.12620567937423105, 
        0.2118312123386526, 
        0.2652299707154796
      ], 
      "visibility": 0.5491693143015106
    }, 
    {
      "bounding_box": {
        "bottom_right": [
          539, 
          260
        ], 
        "top_left": [
          403, 
          137
        ]
      }, 
      "class": "004_sugar_box", 
      "cuboid": [
        [
          -32.57874222231117, 
          34.44599336151601, 
          65.85828343576293
        ], 
        [
          -41.26888102170122, 
          32.027850725488285, 
          63.73123952713156
        ], 
        [
          -39.72584798737716, 
          17.636093319100922, 
          73.7884428081898
        ], 
        [
          -31.03570918798711, 
          20.054235955128643, 
          75.91548671682118
        ], 
        [
          -34.09655633290192, 
          36.77020962075914, 
          69.41708132217869
        ], 
        [
          -42.78669513229197, 
          34.35206698473142, 
          67.29003741354731
        ], 
        [
          -41.243662097967906, 
          19.960309578344056, 
          77.34724069460557
        ], 
        [
          -32.55352329857786, 
          22.378452214371773, 
          79.47428460323694
        ]
      ], 
      "cuboid_centroid": [
        -36.91120216013954, 
        27.20315146993003, 
        71.60276206518425
      ], 
      "location": [
        -36.91120216013954, 
        27.20315146993003, 
        71.60276206518425
      ], 
      "pose_transform_permuted": [
        [
          0.33629062002496335, 
          -0.5149590595048319, 
          -0.78849599527078, 
          0.0
        ], 
        [
          0.9376801813016595, 
          0.2609215431084823, 
          0.22951151459422492, 
          0.0
        ], 
        [
          -0.08754648613910732, 
          0.816539738468801, 
          -0.57061176789974, 
          0.0
        ], 
        [
          -36.91120216013954, 
          27.20315146993003, 
          71.60276206518425, 
          1.0
        ]
      ], 
      "projected_cuboid": [
        [
          215.57623771223066, 
          552.229775841533
        ], 
        [
          133.37036843504896, 
          541.3039204381713
        ], 
        [
          192.07840177920139, 
          400.75465601937793
        ], 
        [
          261.74880900397073, 
          414.1710560548095
        ], 
        [
          217.4560136344231, 
          555.7857801642585
        ], 
        [
          139.65722230158784, 
          545.5501708988955
        ], 
        [
          194.84660145884484, 
          410.91554567054726
        ], 
        [
          261.32313306068903, 
          423.45922423544965
        ]
      ], 
      "projected_cuboid_centroid": [
        204.3798807662332, 
        475.904048597536
      ], 
      "quaternion_xyzw": [
        0.941105190061297, 
        0.09256883102113506, 
        0.15030257525790922, 
        0.2883765913919424
      ], 
      "visibility": 0.46815128206112255
    }, 
    {
      "bounding_box": {
        "bottom_right": [
          440, 
          206
        ], 
        "top_left": [
          358, 
          52
        ]
      }, 
      "class": "024_bowl", 
      "cuboid": [
        [
          -48.98585750368672, 
          12.040407822281903, 
          56.29230151134343
        ], 
        [
          -46.54284552369087, 
          21.59925456749445, 
          69.03586783921651
        ], 
        [
          -46.00767084473893, 
          17.170848557398486, 
          72.25498367920619
        ], 
        [
          -48.450682824734784, 
          7.6120018121859365, 
          59.51141735133313
        ], 
        [
          -33.10363665996015, 
          11.850213125672168, 
          53.390255656830156
        ], 
        [
          -30.6606246799643, 
          21.409059870884718, 
          66.13382198470322
        ], 
        [
          -30.12545000101236, 
          16.98065386078875, 
          69.35293782469292
        ], 
        [
          -32.568461981008205, 
          7.421807115576201, 
          56.60937149681984
        ]
      ], 
      "cuboid_centroid": [
        -39.55565375234954, 
        14.510530841535326, 
        62.82261966801818
      ], 
      "location": [
        -39.55565375234954, 
        14.510530841535326, 
        62.82261966801818
      ], 
      "pose_transform_permuted": [
        [
          -0.983644641256029, 
          0.01177946056513754, 
          0.17973442641044854, 
          0.0
        ], 
        [
          -0.15158546670572917, 
          -0.5931130329717197, 
          -0.7907204160780813, 
          0.0
        ], 
        [
          -0.0972885708184926, 
          0.8050330269174565, 
          -0.5851980515690507, 
          0.0
        ], 
        [
          -39.55565375234954, 
          14.510530841535326, 
          62.82261966801818, 
          1.0
        ]
      ], 
      "projected_cuboid": [
        [
          13.631986108954042, 
          387.35871319168155
        ], 
        [
          119.04542176422173, 
          440.1462560278844
        ], 
        [
          139.18096622507457, 
          400.02588977457685
        ], 
        [
          43.78135200733265, 
          341.50251760777275
        ], 
        [
          148.16647514218766, 
          391.6592756078416
        ], 
        [
          232.28166251605484, 
          445.93451966117675
        ], 
        [
          248.00374862121643, 
          403.86666224237104
        ], 
        [
          172.21106981254403, 
          343.2077360551164
        ]
      ], 
      "projected_cuboid_centroid": [
        142.99916595016194, 
        396.47067612935973
      ], 
      "quaternion_xyzw": [
        -0.6069829350569255, 
        0.20421680475527984, 
        0.7308134030027149, 
        -0.23617574641951647
      ], 
      "visibility": 0.6910451094238499
    }, 
    {
      "bounding_box": {
        "bottom_right": [
          442, 
          347
        ], 
        "top_left": [
          347, 
          226
        ]
      }, 
      "class": "025_mug", 
      "cuboid": [
        [
          -14.71661351946539, 
          13.914082194228733, 
          48.810533730393466
        ], 
        [
          -26.200364963372486, 
          14.51689216807589, 
          50.96154010729067
        ], 
        [
          -25.8775189465269, 
          7.307219171111398, 
          54.70562301162588
        ], 
        [
          -14.39376750261981, 
          6.7044091972642414, 
          52.55461663472868
        ], 
        [
          -12.977995556886318, 
          18.18996712851176, 
          56.89433610286437
        ], 
        [
          -24.46174700079341, 
          18.79277710235892, 
          59.04534247976157
        ], 
        [
          -24.138900983947828, 
          11.583104105394426, 
          62.78942538409679
        ], 
        [
          -12.655149540040734, 
          10.980294131547268, 
          60.63841900719959
        ]
      ], 
      "cuboid_centroid": [
        -19.42775725170661, 
        12.74859314981158, 
        55.79997955724513
      ], 
      "location": [
        -19.42775725170661, 
        12.74859314981158, 
        55.79997955724513
      ], 
      "pose_transform_permuted": [
        [
          -0.1867714431997137, 
          -0.4593379438846288, 
          -0.8684043695303725, 
          0.0
        ], 
        [
          0.981601084872473, 
          -0.05152662239256875, 
          -0.18386240798081327, 
          0.0
        ], 
        [
          -0.039708994009184, 
          0.8867659717219638, 
          -0.460509833978364, 
          0.0
        ], 
        [
          -19.42775725170661, 
          12.74859314981158, 
          55.79997955724513, 
          1.0
        ]
      ], 
      "projected_cuboid": [
        [
          319.4586000019807, 
          425.3162731411311
        ], 
        [
          205.12164269607516, 
          425.20782732471173
        ], 
        [
          227.21739487158158, 
          344.52387827548756
        ], 
        [
          334.31314355073795, 
          341.3222872162792
        ], 
        [
          358.9293395541506, 
          443.79675659678736
        ], 
        [
          258.8081614951979, 
          443.0299187450177
        ], 
        [
          274.8579199581531, 
          371.67087922246156
        ], 
        [
          369.3665034952971, 
          369.85907376338037
        ]
      ], 
      "projected_cuboid_centroid": [
        294.36494321292304, 
        395.1337938160161
      ], 
      "quaternion_xyzw": [
        0.9665365262271274, 
        -0.0030566947194212183, 
        -0.09586648851939802, 
        0.23792369789003634
      ], 
      "visibility": 0.7969749139203148
    }, 
    {
      "bounding_box": {
        "bottom_right": [
          451, 
          286
        ], 
        "top_left": [
          371, 
          219
        ]
      }, 
      "class": "061_foam_brick", 
      "cuboid": [
        [
          -28.847476047674213, 
          11.693118234217058, 
          64.31427189402953
        ], 
        [
          -29.518687728322522, 
          18.11587369334387, 
          59.962113538502784
        ], 
        [
          -30.74306069784793, 
          20.81592787373842, 
          64.1355832705076
        ], 
        [
          -30.071849017199614, 
          14.393172414611607, 
          68.48774162603435
        ], 
        [
          -23.764161535137866, 
          12.76498305227859, 
          65.11211637733462
        ], 
        [
          -24.435373215786182, 
          19.187738511405403, 
          60.75995802180787
        ], 
        [
          -25.659746185311583, 
          21.88779269179995, 
          64.9334277538127
        ], 
        [
          -24.98853450466327, 
          15.465037232673136, 
          69.28558610933943
        ]
      ], 
      "cuboid_centroid": [
        -27.2536111164929, 
        16.790455463008506, 
        64.6238498239211
      ], 
      "location": [
        -27.2536111164929, 
        16.790455463008506, 
        64.6238498239211
      ], 
      "pose_transform_permuted": [
        [
          -0.9671450669621998, 
          -0.2039316608645772, 
          -0.15179689439410965, 
          0.0
        ], 
        [
          0.08619201538040672, 
          -0.8247625201977176, 
          0.558871829458037, 
          0.0
        ], 
        [
          0.23916804957047488, 
          -0.5274264526681653, 
          -0.8152422836743257, 
          0.0
        ], 
        [
          -27.2536111164929, 
          16.790455463008506, 
          64.6238498239211, 
          1.0
        ]
      ], 
      "projected_cuboid": [
        [
          240.388793444113, 
          370.25053615774794
        ], 
        [
          216.8617691395062, 
          434.4141173272068
        ], 
        [
          223.82266371961296, 
          446.381431811578
        ], 
        [
          245.4736699766437, 
          385.36733566031705
        ], 
        [
          285.32774630158826, 
          377.84181616000996
        ], 
        [
          265.3285773921475, 
          441.7066132755422
        ], 
        [
          269.08883285957967, 
          453.0581730040723
        ], 
        [
          287.64713709620435, 
          392.32727464547435
        ]
      ], 
      "projected_cuboid_centroid": [
        254.807556338876, 
        411.85269789273656
      ], 
      "quaternion_xyzw": [
        0.4214743340662485, 
        -0.631076725066348, 
        -0.24216969131030733, 
        0.6045290674679056
      ], 
      "visibility": 0.2157068062827225
    }
  ]
}