{
  "camera_data": {
    "location_worldframe": [
      -23.28747559946797, 
      14.3600085412486, 
      75.78425555395138
    ], 
    "quaternion_xyzw_worldframe": [
      0.9260547280292643, 
      0.0326859911091802, 
      -0.11844899418075126, 
      -0.3568252663817651
    ]
  }, 
  "objects": [
    {
      "bounding_box": {
        "bottom_right": [
          539, 
          331
        ], 
        "top_left": [
          381, 
          122
        ]
      }, 
      "class": "003_cracker_box", 
      "cuboid": [
        [
          -26.756904723361046, 
          37.09534527041244, 
          62.90085247779166
        ], 
        [
          -40.78154547484052, 
          29.018948965103725, 
          60.225148794890025
        ], 
        [
          -34.88365477065113, 
          14.109777779250749, 
          74.31362092421489
        ], 
        [
          -20.859014019171653, 
          22.186174084559465, 
          76.98932460711652
        ], 
        [
          -29.908448152428686, 
          40.823730342197635, 
          68.16576618137053
        ], 
        [
          -43.93308890390816, 
          32.74733403688892, 
          65.49006249846889
        ], 
        [
          -38.035198199718764, 
          17.83816285103594, 
          79.57853462779376
        ], 
        [
          -24.01055744823929, 
          25.91455915634466, 
          82.25423831069538
        ]
      ], 
      "cuboid_centroid": [
        -32.396051461539905, 
        27.466754060724192, 
        71.2396935527927
      ], 
      "location": [
        -32.396051461539905, 
        27.466754060724192, 
        71.2396935527927
      ], 
      "pose_transform_permuted": [
        [
          0.43893363571247795, 
          -0.5192736992930963, 
          -0.7332749066091712, 
          0.0
        ], 
        [
          0.8549733082492591, 
          0.49235509060390453, 
          0.16311685056344927, 
          0.0
        ], 
        [
          -0.2763293426720065, 
          0.6985279450235933, 
          -0.6600763625517678, 
          0.0
        ], 
        [
          -32.396051461539905, 
          27.466754060724192, 
          71.2396935527927, 
          1.0
        ]
      ], 
      "projected_cuboid": [
        [
          252.84181345780257, 
          587.8080952876908
        ], 
        [
          117.44939679080099, 
          530.2618062176673
        ], 
        [
          229.1645525201655, 
          374.5468548692575
        ], 
        [
          335.89859409925214, 
          426.9743534717142
        ], 
        [
          245.64744003442578, 
          592.6857917309268
        ], 
        [
          120.84562829197856, 
          539.965082362549
        ], 
        [
          224.5684482725026, 
          392.8343735975338
        ], 
        [
          324.6201873177131, 
          441.3112157508801
        ]
      ], 
      "projected_cuboid_centroid": [
        237.05038554567022, 
        478.9100758743146
      ], 
      "quaternion_xyzw": [
        0.9064734083085427, 
        0.21199861634944633, 
        0.16604196018263206, 
        0.32525776570917364
      ], 
      "visibility": 0.7209961358427444
    }, 
    {
      "bounding_box": {
        "bottom_right": [
          529, 
          241
        ], 
        "top_left": [
          385, 
          101
        ]
      }, 
      "class": "004_sugar_box", 
      "cuboid": [
        [
          -39.802441799748316, 
          32.040631482775616, 
          68.25219725424286
        ], 
        [
          -48.283391456488, 
          28.367857729562978, 
          67.56338100324062
        ], 
        [
          -44.01507241199351, 
          16.24894850055196, 
          79.62839081091367
        ], 
        [
          -35.53412275525384, 
          19.9217222537646, 
          80.31720706191592
        ], 
        [
          -41.257481543388266, 
          34.78666835582003, 
          71.52525761523599
        ], 
        [
          -49.73843120012794, 
          31.113894602607395, 
          70.83644136423375
        ], 
        [
          -45.470112155633466, 
          18.99498537359637, 
          82.9014511719068
        ], 
        [
          -36.98916249889378, 
          22.667759126809013, 
          83.59026742290905
        ]
      ], 
      "cuboid_centroid": [
        -42.63627697769089, 
        25.517808428185994, 
        75.57682421307483
      ], 
      "location": [
        -42.63627697769089, 
        25.517808428185994, 
        75.57682421307483
      ], 
      "pose_transform_permuted": [
        [
          0.3223821771950689, 
          -0.6084186701150747, 
          -0.7251872877562764, 
          0.0
        ], 
        [
          0.9151083308703969, 
          0.39629829146504836, 
          0.07432439941795228, 
          0.0
        ], 
        [
          -0.24217001564701868, 
          0.6875860044716939, 
          -0.684527933232709, 
          0.0
        ], 
        [
          -42.63627697769089, 
          25.517808428185994, 
          75.57682421307483, 
          1.0
        ]
      ], 
      "projected_cuboid": [
        [
          167.99074017683233, 
          523.6505836000824
        ], 
        [
          97.29021235450453, 
          497.2115967209205
        ], 
        [
          184.34477071185646, 
          382.1155919536782
        ], 
        [
          243.67828031353545, 
          405.57007966682534
        ], 
        [
          171.4019047590992, 
          532.6691964437076
        ], 
        [
          104.00132758665958, 
          507.53954364797727
        ], 
        [
          186.64215747331386, 
          395.4846121838004
        ], 
        [
          243.63347292095995, 
          417.9105501020198
        ]
      ], 
      "projected_cuboid_centroid": [
        178.22026209966293, 
        453.35691135400276
      ], 
      "quaternion_xyzw": [
        0.9121241175271005, 
        0.17499490881872698, 
        0.10873152265958873, 
        0.3543779236024226
      ], 
      "visibility": 0.4081136297305185
    }, 
    {
      "bounding_box": {
        "bottom_right": [
          411, 
          186
        ], 
        "top_left": [
          321, 
          59
        ]
      }, 
      "class": "024_bowl", 
      "cuboid": [
        [
          -54.1066761582197, 
          6.666151190122561, 
          64.4789899317096
        ], 
        [
          -51.690335510899935, 
          18.549857487697558, 
          75.09393995019067
        ], 
        [
          -50.305616211049134, 
          14.849464718037142, 
          78.92141226614328
        ], 
        [
          -52.7219568583689, 
          2.9657584204621443, 
          68.30646224766221
        ], 
        [
          -38.668965782256116, 
          7.6587816480639574, 
          59.85354225445151
        ], 
        [
          -36.25262513493634, 
          19.542487945638953, 
          70.46849227293256
        ], 
        [
          -34.867905835085544, 
          15.842095175978537, 
          74.29596458888518
        ], 
        [
          -37.28424648240532, 
          3.9583888784035404, 
          63.681014570404116
        ]
      ], 
      "cuboid_centroid": [
        -44.487290996652625, 
        11.254123183050549, 
        69.38747726029739
      ], 
      "location": [
        -44.487290996652625, 
        11.254123183050549, 
        69.38747726029739
      ], 
      "pose_transform_permuted": [
        [
          -0.9561144649727809, 
          -0.06147727325471902, 
          0.28647107138937883, 
          0.0
        ], 
        [
          -0.14993054792331156, 
          -0.7373673072674736, 
          -0.6586427597510892, 
          0.0
        ], 
        [
          -0.2517259634388744, 
          0.6726886345451958, 
          -0.6957902272125496, 
          0.0
        ], 
        [
          -44.487290996652625, 
          11.254123183050549, 
          69.38747726029739, 
          1.0
        ]
      ], 
      "projected_cuboid": [
        [
          30.339634800903237, 
          328.42370712501736
        ], 
        [
          111.43134699098262, 
          405.02822405870023
        ], 
        [
          138.81873408842236, 
          373.6333273550411
        ], 
        [
          66.52695105376368, 
          296.4424297161345
        ], 
        [
          134.16937106637099, 
          341.5294202285675
        ], 
        [
          204.94353614220915, 
          421.1879785987281
        ], 
        [
          229.2185551531187, 
          387.006033280571
        ], 
        [
          166.74457616220138, 
          306.4374907559943
        ]
      ], 
      "projected_cuboid_centroid": [
        136.81346702090303, 
        359.78693433430186
      ], 
      "quaternion_xyzw": [
        -0.5559422216454931, 
        0.21838660787050185, 
        0.7261353616678308, 
        -0.3405333643422005
      ], 
      "visibility": 0.6420618040785687
    }, 
    {
      "bounding_box": {
        "bottom_right": [
          414, 
          306
        ], 
        "top_left": [
          317, 
          191
        ]
      }, 
      "class": "025_mug", 
      "cuboid": [
        [
          -21.196692721786455, 
          10.82454393589081, 
          52.92425473150478
        ], 
        [
          -32.41223863642971, 
          10.571327894453974, 
          56.24301458969705
        ], 
        [
          -30.84025996518136, 
          4.221375551816101, 
          61.070929188326076
        ], 
        [
          -19.624714050538106, 
          4.474591593252937, 
          57.75216933013381
        ], 
        [
          -19.253880300012383, 
          16.634418973258285, 
          59.93315458327696
        ], 
        [
          -30.469426214655638, 
          16.381202931821452, 
          63.251914441469225
        ], 
        [
          -28.897447543407285, 
          10.031250589183577, 
          68.07982904009825
        ], 
        [
          -17.68190162876403, 
          10.284466630620411, 
          64.76106918190598
        ]
      ], 
      "cuboid_centroid": [
        -25.047070132596872, 
        10.427897262537194, 
        60.50204188580152
      ], 
      "location": [
        -25.047070132596872, 
        10.427897262537194, 
        60.50204188580152
      ], 
      "pose_transform_permuted": [
        [
          -0.208707080963781, 
          -0.6241271911912404, 
          -0.7529327136456591, 
          0.0
        ], 
        [
          0.9586755766202143, 
          0.021644245976203774, 
          -0.28367892610225176, 
          0.0
        ], 
        [
          -0.19334818576690738, 
          0.7810231701046962, 
          -0.5938175534793966, 
          0.0
        ], 
        [
          -25.047070132596872, 
          10.427897262537194, 
          60.50204188580152, 
          1.0
        ]
      ], 
      "projected_cuboid": [
        [
          266.21720781473846, 
          382.36584933299434
        ], 
        [
          171.68950452019592, 
          373.52825203899715
        ], 
        [
          210.0311648266148, 
          310.15092304361275
        ], 
        [
          298.8599494587638, 
          314.6077100006758
        ], 
        [
          308.83719852827613, 
          421.3091384068046
        ], 
        [
          222.54781807145676, 
          411.40751655711585
        ], 
        [
          253.33551622865753, 
          351.8687327128245
        ], 
        [
          334.7698072495582, 
          357.98105470063257
        ]
      ], 
      "projected_cuboid_centroid": [
        258.9696560496015, 
        365.20743268289164
      ], 
      "quaternion_xyzw": [
        0.9344291653692336, 
        0.05751972426346472, 
        -0.13173443887302835, 
        0.32585261403666005
      ], 
      "visibility": 0.7390237251158985
    }, 
    {
      "bounding_box": {
        "bottom_right": [
          429, 
          264
        ], 
        "top_left": [
          350, 
          191
        ]
      }, 
      "class": "061_foam_brick", 
      "cuboid": [
        [
          -33.41849229536769, 
          9.907939271559982, 
          70.09306000027296
        ], 
        [
          -35.29336283837872, 
          15.342512156939195, 
          64.84007293004196
        ], 
        [
          -36.44776162195984, 
          18.59713777786613, 
          68.6192271827291
        ], 
        [
          -34.572891078948814, 
          13.16256489248692, 
          73.8722142529601
        ], 
        [
          -28.456688673198915, 
          11.641585439788257, 
          70.11569226753267
        ], 
        [
          -30.331559216209943, 
          17.07615832516747, 
          64.86270519730168
        ], 
        [
          -31.485957999791065, 
          20.330783946094407, 
          68.64185944998881
        ], 
        [
          -29.611087456780037, 
          14.896211060715196, 
          73.89484652021982
        ]
      ], 
      "cuboid_centroid": [
        -32.45222514757938, 
        15.119361608827194, 
        69.36745972513089
      ], 
      "location": [
        -32.45222514757938, 
        15.119361608827194, 
        69.36745972513089
      ], 
      "pose_transform_permuted": [
        [
          -0.9440265568028625, 
          -0.32984135357450145, 
          -0.004305986887181895, 
          0.0
        ], 
        [
          0.2407569405278997, 
          -0.697867458549155, 
          0.6745495577685814, 
          0.0
        ], 
        [
          0.22549934731297386, 
          -0.6357560001842564, 
          -0.7382170091451014, 
          0.0
        ], 
        [
          -32.45222514757938, 
          15.119361608827194, 
          69.36745972513089, 
          1.0
        ]
      ], 
      "projected_cuboid": [
        [
          225.2055991524997, 
          348.67343138247685
        ], 
        [
          188.88455745184734, 
          399.48106273413504
        ], 
        [
          195.95854567811904, 
          417.82646031918284
        ], 
        [
          229.91845079099642, 
          368.3135206286081
        ], 
        [
          263.34374035083664, 
          361.8356957150472
        ], 
        [
          230.12403692321078, 
          413.6915613679969
        ], 
        [
          234.92520713631953, 
          431.2485353188405
        ], 
        [
          266.1046753427828, 
          380.79662086057346
        ]
      ], 
      "projected_cuboid_centroid": [
        230.0145684284255, 
        389.5291056491144
      ], 
      "quaternion_xyzw": [
        0.39029057355732577, 
        -0.5914611243656548, 
        -0.17261305889232575, 
        0.6841430687043782
      ], 
      "visibility": 0.20751096491228072
    }
  ]
}