{
  "camera_data": {
    "location_worldframe": [
      -19.072673315024737, 
      7.205730608649626, 
      80.94604291140251
    ], 
    "quaternion_xyzw_worldframe": [
      0.9352323263647278, 
      0.023342635856610748, 
      -0.09069202087372656, 
      -0.34142500607453746
    ]
  }, 
  "objects": [
    {
      "bounding_box": {
        "bottom_right": [
          518, 
          369
        ], 
        "top_left": [
          329, 
          183
        ]
      }, 
      "class": "003_cracker_box", 
      "cuboid": [
        [
          -21.13350207389411, 
          29.56150465693632, 
          67.12985478561082
        ], 
        [
          -35.289195325132546, 
          21.86338836143127, 
          64.05845937556045
        ], 
        [
          -30.58799641101824, 
          7.287408235861798, 
          78.92429535256926
        ], 
        [
          -16.432303159779803, 
          14.98552453136685, 
          81.99569076261965
        ], 
        [
          -24.398471663092014, 
          33.58093857839388, 
          72.10343720350558
        ], 
        [
          -38.55416491433045, 
          25.882822282888824, 
          69.0320417934552
        ], 
        [
          -33.85296600021614, 
          11.306842157319352, 
          83.89787777046402
        ], 
        [
          -19.697272748977706, 
          19.004958452824404, 
          86.9692731805144
        ]
      ], 
      "cuboid_centroid": [
        -27.493234037055124, 
        20.434173407127837, 
        75.51386627803743
      ], 
      "location": [
        -27.493234037055124, 
        20.434173407127837, 
        75.51386627803743
      ], 
      "pose_transform_permuted": [
        [
          0.4547311514286459, 
          -0.5598097517486444, 
          -0.6926995176607957, 
          0.0
        ], 
        [
          0.8629625602564046, 
          0.469294299446578, 
          0.1872390987551931, 
          0.0
        ], 
        [
          -0.2202616614758211, 
          0.6829172002183478, 
          -0.6964975937717546, 
          0.0
        ], 
        [
          -27.493234037055124, 
          20.434173407127837, 
          75.51386627803743, 
          1.0
        ]
      ], 
      "projected_cuboid": [
        [
          312.30075493175684, 
          508.1407528743371
        ], 
        [
          185.34799209858963, 
          455.310478008878
        ], 
        [
          273.1805888040572, 
          322.53015181905016
        ], 
        [
          373.82675474880244, 
          370.7559735375899
        ], 
        [
          299.62765600224134, 
          521.6709820486054
        ], 
        [
          181.2576601835527, 
          473.2489848768103
        ], 
        [
          264.6081833807882, 
          345.16154252948104
        ], 
        [
          359.80135728181654, 
          389.83018781978035
        ]
      ], 
      "projected_cuboid_centroid": [
        285.8069085975636, 
        417.6036731127601
      ], 
      "quaternion_xyzw": [
        0.8998026558828813, 
        0.19158533163191507, 
        0.17836417963057172, 
        0.3490507994466068
      ], 
      "visibility": 0.8846577813408157
    }, 
    {
      "bounding_box": {
        "bottom_right": [
          469, 
          280
        ], 
        "top_left": [
          339, 
          158
        ]
      }, 
      "class": "004_sugar_box", 
      "cuboid": [
        [
          -34.58594053940281, 
          25.140030567797243, 
          72.01407447572346
        ], 
        [
          -43.147819084532316, 
          21.728245000978998, 
          71.0423764904487
        ], 
        [
          -39.88032043142433, 
          9.919862157907138, 
          83.71267708708939
        ], 
        [
          -31.318441886294828, 
          13.331647724725384, 
          84.68437507236415
        ], 
        [
          -36.09742401808784, 
          28.04975032252078, 
          75.11564374514654
        ], 
        [
          -44.659302563217345, 
          24.637964755702534, 
          74.14394575987177
        ], 
        [
          -41.39180391010936, 
          12.829581912630672, 
          86.81424635651247
        ], 
        [
          -32.829925364979864, 
          16.24136747944892, 
          87.78594434178723
        ]
      ], 
      "cuboid_centroid": [
        -37.988872224756086, 
        18.98480624021396, 
        79.41416041611797
      ], 
      "location": [
        -37.988872224756086, 
        18.98480624021396, 
        79.41416041611797
      ], 
      "pose_transform_permuted": [
        [
          0.3348879896805301, 
          -0.6446846511619372, 
          -0.6871913005596606, 
          0.0
        ], 
        [
          0.923840690213523, 
          0.3681372395434079, 
          0.10484780094270182, 
          0.0
        ], 
        [
          -0.18538684472765066, 
          0.6699677854590604, 
          -0.7188700895493414, 
          0.0
        ], 
        [
          -37.988872224756086, 
          18.98480624021396, 
          79.41416041611797, 
          1.0
        ]
      ], 
      "projected_cuboid": [
        [
          223.32707840276763, 
          459.46779103423
        ], 
        [
          154.9843388117785, 
          436.4018381645675
        ], 
        [
          225.40885372073114, 
          336.48433472214157
        ], 
        [
          282.7182189416747, 
          357.24569575356804
        ], 
        [
          223.17026470279146, 
          472.4392098378627
        ], 
        [
          157.6843647792415, 
          450.5081433199554
        ], 
        [
          225.1987968102683, 
          352.1015662177654
        ], 
        [
          280.4856873005024, 
          371.9565403287922
        ]
      ], 
      "projected_cuboid_centroid": [
        224.35014420165885, 
        400.7823006711443
      ], 
      "quaternion_xyzw": [
        0.9056765118175812, 
        0.15279298873507385, 
        0.12138323807822299, 
        0.3763912177579809
      ], 
      "visibility": 0.43441286113699906
    }, 
    {
      "bounding_box": {
        "bottom_right": [
          357, 
          235
        ], 
        "top_left": [
          268, 
          118
        ]
      }, 
      "class": "024_bowl", 
      "cuboid": [
        [
          -49.572467160270435, 
          0.1342278069272257, 
          68.43267452619111
        ], 
        [
          -47.247594961819274, 
          12.30832141632369, 
          78.7343615451354
        ], 
        [
          -46.17539443934992, 
          8.705247496738423, 
          82.75034746245868
        ], 
        [
          -48.50026663780108, 
          -3.4688461126580425, 
          72.44866044351438
        ], 
        [
          -33.908067264522415, 
          0.4454478820930599, 
          64.52976521849226
        ], 
        [
          -31.583195066071255, 
          12.619541491489525, 
          74.83145223743655
        ], 
        [
          -30.510994543601903, 
          9.016467571904256, 
          78.84743815475983
        ], 
        [
          -32.835866742053064, 
          -3.1576260374922067, 
          68.54575113581554
        ]
      ], 
      "cuboid_centroid": [
        -40.04173085193617, 
        4.575347689415741, 
        73.64005634047547
      ], 
      "location": [
        -40.04173085193617, 
        4.575347689415741, 
        73.64005634047547
      ], 
      "pose_transform_permuted": [
        [
          -0.9701541848305318, 
          -0.019275009597231003, 
          0.2417215994917155, 
          0.0
        ], 
        [
          -0.1442550589678207, 
          -0.7553854326587187, 
          -0.6392052300233401, 
          0.0
        ], 
        [
          -0.19491366195830717, 
          0.6549971924611794, 
          -0.730059821007824, 
          0.0
        ], 
        [
          -40.04173085193617, 
          4.575347689415741, 
          73.64005634047547, 
          1.0
        ]
      ], 
      "projected_cuboid": [
        [
          92.04208971624418, 
          274.33262186659755
        ], 
        [
          158.89099768381797, 
          356.65888924546607
        ], 
        [
          181.52019449821805, 
          329.39118417000185
        ], 
        [
          121.59457776871105, 
          247.7511650489017
        ], 
        [
          199.02144795283195, 
          276.9680340785923
        ], 
        [
          254.6295926347256, 
          363.2253057965702
        ], 
        [
          273.50260975419144, 
          334.2734113619731
        ], 
        [
          223.98886821876212, 
          248.7186577814066
        ]
      ], 
      "projected_cuboid_centroid": [
        189.18824795022786, 
        306.42234264867153
      ], 
      "quaternion_xyzw": [
        -0.5632540576865922, 
        0.2487650834697899, 
        0.7143132805220542, 
        -0.33259184748829745
      ], 
      "visibility": 0.5989122185681761
    }, 
    {
      "bounding_box": {
        "bottom_right": [
          343, 
          360
        ], 
        "top_left": [
          252, 
          256
        ]
      }, 
      "class": "025_mug", 
      "cuboid": [
        [
          -16.027835387519712, 
          2.7760800369391423, 
          58.35051750634012
        ], 
        [
          -27.38977412494048, 
          3.0158346990389253, 
          61.12821823762113
        ], 
        [
          -26.27040537897877, 
          -3.203528050594061, 
          66.24371544388846
        ], 
        [
          -14.908466641557997, 
          -3.4432827126938443, 
          63.46601471260745
        ], 
        [
          -14.217092065589936, 
          8.768626644031865, 
          65.23996153123107
        ], 
        [
          -25.579030803010706, 
          9.008381306131648, 
          68.01766226251208
        ], 
        [
          -24.45966205704899, 
          2.789018556498662, 
          73.13315946877943
        ], 
        [
          -13.097723319628225, 
          2.549263894398879, 
          70.35545873749841
        ]
      ], 
      "cuboid_centroid": [
        -20.24374872228435, 
        2.782549296718902, 
        65.74183848755976
      ], 
      "location": [
        -20.24374872228435, 
        2.782549296718902, 
        65.74183848755976
      ], 
      "pose_transform_permuted": [
        [
          -0.19451952687719143, 
          -0.6437507274962093, 
          -0.7401001433712071, 
          0.0
        ], 
        [
          0.9711888528224953, 
          -0.020493602423382783, 
          -0.23743060485022421, 
          0.0
        ], 
        [
          -0.1376786595100582, 
          0.7649610813821549, 
          -0.629189264598625, 
          0.0
        ], 
        [
          -20.24374872228435, 
          2.782549296718902, 
          65.74183848755976, 
          1.0
        ]
      ], 
      "projected_cuboid": [
        [
          333.88298663397376, 
          298.65971222944864
        ], 
        [
          240.64067603780674, 
          299.5985056941574
        ], 
        [
          268.33489544542664, 
          247.49534808256738
        ], 
        [
          355.27376115583303, 
          244.3518378999837
        ], 
        [
          364.40753723556037, 
          344.9677621424855
        ], 
        [
          279.3630916428052, 
          343.9203410764408
        ], 
        [
          301.7398574343927, 
          293.6253039367533
        ], 
        [
          381.4842357427233, 
          292.6108716145472
        ]
      ], 
      "projected_cuboid_centroid": [
        316.00450431845894, 
        295.8595001196952
      ], 
      "quaternion_xyzw": [
        0.932235227501066, 
        0.03142582838260674, 
        -0.11583721548618524, 
        0.3413677027382498
      ], 
      "visibility": 0.7176881549698317
    }, 
    {
      "bounding_box": {
        "bottom_right": [
          367, 
          307
        ], 
        "top_left": [
          295, 
          247
        ]
      }, 
      "class": "061_foam_brick", 
      "cuboid": [
        [
          -29.072403685204286, 
          2.8889483192601735, 
          74.92782247068365
        ], 
        [
          -30.505981463013647, 
          8.188675871910291, 
          69.40502084630715
        ], 
        [
          -31.723528505204424, 
          11.61474477602827, 
          73.00874980584605
        ], 
        [
          -30.289950727395066, 
          6.315017223378152, 
          78.53155143022256
        ], 
        [
          -24.059750748481257, 
          4.456609880138373, 
          75.13100762665718
        ], 
        [
          -25.493328526290615, 
          9.756337432788492, 
          69.60820600228067
        ], 
        [
          -26.710875568481395, 
          13.18240633690647, 
          73.21193496181957
        ], 
        [
          -25.277297790672034, 
          7.882678784256352, 
          78.73473658619608
        ]
      ], 
      "cuboid_centroid": [
        -27.89163962684284, 
        8.03567732808332, 
        74.06987871625161
      ], 
      "location": [
        -27.89163962684284, 
        8.03567732808332, 
        74.06987871625161
      ], 
      "pose_transform_permuted": [
        [
          -0.9537010838478199, 
          -0.2982613295971569, 
          -0.03865775387202615, 
          0.0
        ], 
        [
          0.18408940344215405, 
          -0.6805516231314279, 
          0.7091971374684832, 
          0.0
        ], 
        [
          0.2378346783120701, 
          -0.6692455958167488, 
          -0.7039495708302403, 
          0.0
        ], 
        [
          -27.89163962684284, 
          8.03567732808332, 
          74.06987871625161, 
          1.0
        ]
      ], 
      "projected_cuboid": [
        [
          272.94169786300665, 
          293.84942987694774
        ], 
        [
          245.2306080095173, 
          336.20966875034094
        ], 
        [
          247.92956768385963, 
          358.1307636264911
        ], 
        [
          274.1792184878356, 
          316.17277022763164
        ], 
        [
          309.38497400145775, 
          304.92190929766525
        ], 
        [
          284.64622718985544, 
          348.0370036486774
        ], 
        [
          285.39753178698794, 
          369.31508109340234
        ], 
        [
          308.95127375063515, 
          326.68084836804906
        ]
      ], 
      "projected_cuboid_centroid": [
        279.0974775061132, 
        331.1452000636093
      ], 
      "quaternion_xyzw": [
        0.371988427742528, 
        -0.6172142954935954, 
        -0.16432228003915894, 
        0.6735497838665818
      ], 
      "visibility": 0.41324503311258276
    }
  ]
}