{
  "camera_data": {
    "location_worldframe": [
      -23.188863593804182, 
      15.373985202028, 
      74.92012582628286
    ], 
    "quaternion_xyzw_worldframe": [
      0.9204686924232934, 
      0.02955914780501887, 
      -0.11345833696973161, 
      -0.37281559622180593
    ]
  }, 
  "objects": [
    {
      "bounding_box": {
        "bottom_right": [
          539, 
          331
        ], 
        "top_left": [
          391, 
          129
        ]
      }, 
      "class": "003_cracker_box", 
      "cuboid": [
        [
          -26.3067801961142, 
          38.566650379214806, 
          62.78367384952097
        ], 
        [
          -40.41967774942708, 
          30.764290609209826, 
          59.77910726575896
        ], 
        [
          -34.78001054921505, 
          15.321683565762234, 
          73.39063138023309
        ], 
        [
          -20.66711299590217, 
          23.124043335767215, 
          76.3951979639951
        ], 
        [
          -29.436252095767323, 
          42.15862969729901, 
          68.15549735208316
        ], 
        [
          -43.5491496490802, 
          34.35626992729402, 
          65.15093076832115
        ], 
        [
          -37.90948244886817, 
          18.91366288384644, 
          78.76245488279527
        ], 
        [
          -23.796584895555288, 
          26.716022653851418, 
          81.76702146655728
        ]
      ], 
      "cuboid_centroid": [
        -32.10813132249118, 
        28.740156631530624, 
        70.77306436615812
      ], 
      "location": [
        -32.10813132249118, 
        28.740156631530624, 
        70.77306436615812
      ], 
      "pose_transform_permuted": [
        [
          0.4358596064726157, 
          -0.5002756830030939, 
          -0.7481648511132585, 
          0.0
        ], 
        [
          0.8603536392806295, 
          0.4756492136177092, 
          0.1831650647952034, 
          0.0
        ], 
        [
          -0.2642309951957057, 
          0.7235206054983108, 
          -0.6377302835817381, 
          0.0
        ], 
        [
          -32.10813132249118, 
          28.740156631530624, 
          70.77306436615812, 
          1.0
        ]
      ], 
      "projected_cuboid": [
        [
          256.27034087648485, 
          600.8932013609638
        ], 
        [
          117.98761923723606, 
          547.7502995648687
        ], 
        [
          226.74930636281096, 
          384.6270965663197
        ], 
        [
          336.11633186131616, 
          434.71690902223224
        ], 
        [
          249.3376357186147, 
          603.1795574847688
        ], 
        [
          122.13688315230256, 
          554.5238333026109
        ], 
        [
          222.76364871061324, 
          401.35551222129146
        ], 
        [
          325.09207632626095, 
          447.5398960002352
        ]
      ], 
      "projected_cuboid_centroid": [
        237.62575233406676, 
        489.86170668828356
      ], 
      "quaternion_xyzw": [
        0.9126936912091863, 
        0.20266388820798714, 
        0.16955980884662997, 
        0.31171629034630977
      ], 
      "visibility": 0.6304251999884799
    }, 
    {
      "bounding_box": {
        "bottom_right": [
          539, 
          241
        ], 
        "top_left": [
          394, 
          101
        ]
      }, 
      "class": "004_sugar_box", 
      "cuboid": [
        [
          -39.44127074073203, 
          33.50536171694375, 
          67.9063429994847
        ], 
        [
          -47.964723781978684, 
          29.966729629342403, 
          67.05836118815475
        ], 
        [
          -43.909228463004006, 
          17.400644512358493, 
          78.73301032962104
        ], 
        [
          -35.38577542175735, 
          20.939276599959847, 
          79.580992140951
        ], 
        [
          -40.877199433848446, 
          36.15984864626261, 
          71.26232142920622
        ], 
        [
          -49.4006524750951, 
          32.62121655866126, 
          70.41433961787628
        ], 
        [
          -45.34515715612042, 
          20.05513144167735, 
          82.08898875934256
        ], 
        [
          -36.82170411487377, 
          23.593763529278704, 
          82.93697057067251
        ]
      ], 
      "cuboid_centroid": [
        -42.39321394842623, 
        26.78024657931055, 
        74.99766587941363
      ], 
      "location": [
        -42.39321394842623, 
        26.78024657931055, 
        74.99766587941363
      ], 
      "pose_transform_permuted": [
        [
          0.31814788593038557, 
          -0.588134639861373, 
          -0.7435588185974883, 
          0.0
        ], 
        [
          0.9196945155344712, 
          0.3818241864784486, 
          0.09149862354835861, 
          0.0
        ], 
        [
          -0.23009511580895098, 
          0.7129572549940854, 
          -0.6623801866238404, 
          0.0
        ], 
        [
          -42.39321394842623, 
          26.78024657931055, 
          74.99766587941363, 
          1.0
        ]
      ], 
      "projected_cuboid": [
        [
          169.25369607843717, 
          536.4293425499935
        ], 
        [
          96.9514839941783, 
          511.6139213494968
        ], 
        [
          181.68724703969798, 
          391.15456359595856
        ], 
        [
          242.47970887549224, 
          413.6130904377898
        ], 
        [
          173.1270871449404, 
          543.9029734383469
        ], 
        [
          104.31747657740516, 
          520.3602691562729
        ], 
        [
          184.5414679761774, 
          403.58165432492416
        ], 
        [
          242.84482855073932, 
          425.00435506942745
        ]
      ], 
      "projected_cuboid_centroid": [
        177.62034136501708, 
        463.7248639669753
      ], 
      "quaternion_xyzw": [
        0.9187233790872589, 
        0.16651347843551517, 
        0.11147166786092981, 
        0.3402860030969239
      ], 
      "visibility": 0.41573117437138984
    }, 
    {
      "bounding_box": {
        "bottom_right": [
          423, 
          182
        ], 
        "top_left": [
          334, 
          52
        ]
      }, 
      "class": "024_bowl", 
      "cuboid": [
        [
          -54.04803200938652, 
          8.455835766849562, 
          63.22913148187684
        ], 
        [
          -51.53256052145896, 
          19.949060449935907, 
          74.24350985576987
        ], 
        [
          -50.21353149582474, 
          16.106321397056302, 
          77.95206988892646
        ], 
        [
          -52.729002983752295, 
          4.613096713969959, 
          66.93769151503342
        ], 
        [
          -38.576691308945534, 
          9.402799758151511, 
          58.70764287487199
        ], 
        [
          -36.06121982101798, 
          20.896024441237852, 
          69.72202124876502
        ], 
        [
          -34.742190795383756, 
          17.05328538835825, 
          73.4305812819216
        ], 
        [
          -37.25766228331132, 
          5.560060705271909, 
          62.41620290802857
        ]
      ], 
      "cuboid_centroid": [
        -44.39511140238513, 
        12.754560577603907, 
        68.32985638189922
      ], 
      "location": [
        -44.39511140238513, 
        12.754560577603907, 
        68.32985638189922
      ], 
      "pose_transform_permuted": [
        [
          -0.9581973152732131, 
          -0.05864898018179322, 
          0.2800325019115492, 
          0.0
        ], 
        [
          -0.15608147753868223, 
          -0.713138470791457, 
          -0.6834267289523904, 
          0.0
        ], 
        [
          -0.23978423086714445, 
          0.698565543525343, 
          -0.6741733486475073, 
          0.0
        ], 
        [
          -44.39511140238513, 
          12.754560577603907, 
          68.32985638189922, 
          1.0
        ]
      ], 
      "projected_cuboid": [
        [
          21.918339240742775, 
          344.6090866365984
        ], 
        [
          108.33404787054036, 
          416.58828414731863
        ], 
        [
          135.19150879357892, 
          383.48010469670214
        ], 
        [
          57.9828114317357, 
          310.0409398877229
        ], 
        [
          128.2332565324056, 
          358.704670989216
        ], 
        [
          203.45787990924296, 
          433.1249770475206
        ], 
        [
          227.1649267393484, 
          397.14298710989846
        ], 
        [
          160.593399682305, 
          320.7948630570777
        ]
      ], 
      "projected_cuboid_centroid": [
        132.20231336413818, 
        372.83682669799066
      ], 
      "quaternion_xyzw": [
        -0.5617943494008976, 
        0.21064391286113024, 
        0.7305271252622271, 
        -0.3261079119124236
      ], 
      "visibility": 0.6515910799298421
    }, 
    {
      "bounding_box": {
        "bottom_right": [
          429, 
          304
        ], 
        "top_left": [
          332, 
          187
        ]
      }, 
      "class": "025_mug", 
      "cuboid": [
        [
          -21.03219459536193, 
          12.571761277015966, 
          51.964787459332626
        ], 
        [
          -32.26602979176284, 
          12.352806435090061, 
          55.22358494932209
        ], 
        [
          -30.79825561359735, 
          5.826609076620913, 
          59.84485729235796
        ], 
        [
          -19.564420417196445, 
          6.045563918546819, 
          56.586059802368496
        ], 
        [
          -19.04981982382405, 
          18.12063091565466, 
          59.17131791349441
        ], 
        [
          -30.28365502022496, 
          17.901676073728755, 
          62.430115403483875
        ], 
        [
          -28.81588084205947, 
          11.375478715259607, 
          67.05138774651974
        ], 
        [
          -17.58204564565856, 
          11.594433557185512, 
          63.79259025653028
        ]
      ], 
      "cuboid_centroid": [
        -24.9240377187107, 
        11.973619996137787, 
        59.50808760292618
      ], 
      "location": [
        -24.9240377187107, 
        11.973619996137787, 
        59.50808760292618
      ], 
      "pose_transform_permuted": [
        [
          -0.2129570756841834, 
          -0.5960886248973677, 
          -0.7741632275499215, 
          0.0
        ], 
        [
          0.9602388966644128, 
          0.01871568811136043, 
          -0.27855349945339936, 
          0.0
        ], 
        [
          -0.1805313772091091, 
          0.802700725077103, 
          -0.5684012383903428, 
          0.0
        ], 
        [
          -24.9240377187107, 
          11.973619996137787, 
          59.50808760292618, 
          1.0
        ]
      ], 
      "projected_cuboid": [
        [
          263.94280700639786, 
          402.3117262251554
        ], 
        [
          167.3923713010538, 
          392.5832765941454
        ], 
        [
          204.8449064192501, 
          325.21154648908345
        ], 
        [
          295.6671533811418, 
          330.26554730519365
        ], 
        [
          308.467451433098, 
          436.6103858778694
        ], 
        [
          220.73802866699987, 
          426.2145657449896
        ], 
        [
          250.48859573833846, 
          363.76588182036096
        ], 
        [
          333.38249637622124, 
          370.2184613750103
        ]
      ], 
      "projected_cuboid_centroid": [
        256.3629672493403, 
        380.5957506047609
      ], 
      "quaternion_xyzw": [
        0.9403593527598155, 
        0.05297099048776111, 
        -0.13067094342579566, 
        0.3095863990372683
      ], 
      "visibility": 0.7305844675740593
    }, 
    {
      "bounding_box": {
        "bottom_right": [
          441, 
          262
        ], 
        "top_left": [
          362, 
          189
        ]
      }, 
      "class": "061_foam_brick", 
      "cuboid": [
        [
          -33.34784792056882, 
          11.24359606159167, 
          69.03937301616278
        ], 
        [
          -35.128045027540416, 
          16.87297549431065, 
          63.96152104683818
        ], 
        [
          -36.259360033598185, 
          20.01508955661386, 
          67.84153095997962
        ], 
        [
          -34.479162926626586, 
          14.385710123894874, 
          72.91938292930423
        ], 
        [
          -28.364601252065842, 
          12.911633347439755, 
          69.14155273516624
        ], 
        [
          -30.144798359037438, 
          18.541012780158738, 
          64.06370076584163
        ], 
        [
          -31.276113365095203, 
          21.68312684246194, 
          67.94371067898308
        ], 
        [
          -29.495916258123607, 
          16.05374740974296, 
          73.0215626483077
        ]
      ], 
      "cuboid_centroid": [
        -32.31198064283201, 
        16.463361452026806, 
        68.49154184757293
      ], 
      "location": [
        -32.31198064283201, 
        16.463361452026806, 
        68.49154184757293
      ], 
      "pose_transform_permuted": [
        [
          -0.9481062840028261, 
          -0.31735868959877944, 
          -0.01944058565214976, 
          0.0
        ], 
        [
          0.22859968151335971, 
          -0.7228830674972819, 
          0.6520600097672843, 
          0.0
        ], 
        [
          0.2209901804296823, 
          -0.6137780811187915, 
          -0.7579180742611903, 
          0.0
        ], 
        [
          -32.31198064283201, 
          16.463361452026806, 
          68.49154184757293, 
          1.0
        ]
      ], 
      "projected_cuboid": [
        [
          221.84278831343897, 
          360.1417584584372
        ], 
        [
          186.25389521270813, 
          413.97562901935925
        ], 
        [
          194.1775657398998, 
          430.63026340183296
        ], 
        [
          227.32101187089663, 
          378.5010998536162
        ], 
        [
          260.98498664078477, 
          372.87971520282144
        ], 
        [
          228.5553670371728, 
          427.6373651936762
        ], 
        [
          234.05144321016974, 
          443.486782476559
        ], 
        [
          264.3757188416119, 
          390.53653327576893
        ]
      ], 
      "projected_cuboid_centroid": [
        227.898290158682, 
        401.4809519242712
      ], 
      "quaternion_xyzw": [
        0.398202896161843, 
        -0.5925831134232526, 
        -0.18586396350267786, 
        0.6750809538455371
      ], 
      "visibility": 0.15494475882511452
    }
  ]
}