{
  "camera_data": {
    "location_worldframe": [
      -15.151478632518092, 
      0.8217716937575239, 
      70.57346055110588
    ], 
    "quaternion_xyzw_worldframe": [
      -0.8398781774382428, 
      -0.03941737788487151, 
      -0.07998341809938506, 
      0.5354031792719317
    ]
  }, 
  "objects": [
    {
      "bounding_box": {
        "bottom_right": [
          489, 
          387
        ], 
        "top_left": [
          310, 
          239
        ]
      }, 
      "class": "003_cracker_box", 
      "cuboid": [
        [
          -11.67906520725463, 
          26.827373473550452, 
          68.01111818841379
        ], 
        [
          -24.46193637299494, 
          23.70501553218785, 
          58.21687491324183
        ], 
        [
          -25.409352564379166, 
          3.7785635241455533, 
          65.8058445454044
        ], 
        [
          -12.626481398638855, 
          6.900921465508156, 
          75.60008782057636
        ], 
        [
          -16.167365644462663, 
          29.00708966740072, 
          73.17410124422248
        ], 
        [
          -28.950236810202973, 
          25.884731726038112, 
          63.37985796905053
        ], 
        [
          -29.897653001587198, 
          5.958279717995819, 
          70.9688276012131
        ], 
        [
          -17.114781835846888, 
          9.08063765935842, 
          80.76307087638506
        ]
      ], 
      "cuboid_centroid": [
        -20.788359104420913, 
        16.392826595773137, 
        69.48997289481345
      ], 
      "location": [
        -20.788359104420913, 
        16.392826595773137, 
        69.48997289481345
      ], 
      "pose_transform_permuted": [
        [
          0.6251114964506312, 
          -0.30358164985564196, 
          -0.7190784372209884, 
          0.0
        ], 
        [
          0.779272271080751, 
          0.19034588806729455, 
          0.5970788644898777, 
          0.0
        ], 
        [
          0.044388563052899066, 
          0.9335987493387079, 
          -0.35556016467441826, 
          0.0
        ], 
        [
          -20.788359104420913, 
          16.392826595773137, 
          69.48997289481345, 
          1.0
        ]
      ], 
      "projected_cuboid": [
        [
          389.2506822560333, 
          483.65748937285
        ], 
        [
          255.63596748838376, 
          490.446064691385
        ], 
        [
          273.9523588199919, 
          303.9096830471076
        ], 
        [
          391.78146751481404, 
          321.96897560262425
        ], 
        [
          362.7814313474319, 
          484.70080487887293
        ], 
        [
          235.96073978273668, 
          491.097602521351
        ], 
        [
          255.04856118196582, 
          318.06207342460925
        ], 
        [
          367.63763511599115, 
          333.2506012453209
        ]
      ], 
      "projected_cuboid_centroid": [
        320.721606783236, 
        399.09771739127956
      ], 
      "quaternion_xyzw": [
        0.9262760735386141, 
        0.03939358070019039, 
        0.32986665527034126, 
        0.17790101497817176
      ], 
      "visibility": 0.8163673504128011
    }, 
    {
      "bounding_box": {
        "bottom_right": [
          465, 
          276
        ], 
        "top_left": [
          321, 
          186
        ]
      }, 
      "class": "004_sugar_box", 
      "cuboid": [
        [
          -26.175071925407618, 
          23.300893573273328, 
          66.66822999996019
        ], 
        [
          -34.131047998293404, 
          22.17011566178866, 
          62.051518183888874
        ], 
        [
          -35.610352134444206, 
          5.8706927366518435, 
          68.59303495036905
        ], 
        [
          -27.654376061558423, 
          7.001470648136509, 
          73.20974676644036
        ], 
        [
          -28.458679413213467, 
          24.927630198433953, 
          70.20512808788891
        ], 
        [
          -36.41465548609925, 
          23.79685228694929, 
          65.5884162718176
        ], 
        [
          -37.89395962225006, 
          7.49742936181247, 
          72.12993303829776
        ], 
        [
          -29.937983549364272, 
          8.628207273297136, 
          76.74664485436908
        ]
      ], 
      "cuboid_centroid": [
        -32.034515773828836, 
        15.3991614675429, 
        69.39908151912898
      ], 
      "location": [
        -32.034515773828836, 
        15.3991614675429, 
        69.39908151912898
      ], 
      "pose_transform_permuted": [
        [
          0.5059616804254006, 
          -0.3604237597182862, 
          -0.7836438221619393, 
          0.0
        ], 
        [
          0.8584628230539684, 
          0.12201278501181996, 
          0.498150751402856, 
          0.0
        ], 
        [
          0.08393072356210629, 
          0.9247742410233184, 
          -0.3711435816254358, 
          0.0
        ], 
        [
          -32.034515773828836, 
          15.3991614675429, 
          69.39908151912898, 
          1.0
        ]
      ], 
      "projected_cuboid": [
        [
          270.4618425386417, 
          459.6845096693107
        ], 
        [
          185.8033473408603, 
          463.83396034363517
        ], 
        [
          202.41469943100373, 
          318.9319217365418
        ], 
        [
          278.4611611348273, 
          324.29096802763866
        ], 
        [
          263.60652909087344, 
          462.65152753362526
        ], 
        [
          183.03075883776853, 
          466.7860621941336
        ], 
        [
          199.07901980117478, 
          328.7215804619807
        ], 
        [
          271.82151018594584, 
          333.24475394306904
        ]
      ], 
      "projected_cuboid_centroid": [
        233.36597533527706, 
        391.62635164008464
      ], 
      "quaternion_xyzw": [
        0.9443093886856186, 
        0.01008198740423411, 
        0.26583248135070375, 
        0.1936778745687334
      ], 
      "visibility": 0.5170890071241772
    }, 
    {
      "bounding_box": {
        "bottom_right": [
          362, 
          253
        ], 
        "top_left": [
          283, 
          78
        ]
      }, 
      "class": "024_bowl", 
      "cuboid": [
        [
          -40.38000438931422, 
          5.0114844950468544, 
          48.600849275439764
        ], 
        [
          -40.893627390943315, 
          11.347450557854446, 
          63.41064558899223
        ], 
        [
          -41.321476485042105, 
          6.299925932035267, 
          65.55525250471031
        ], 
        [
          -40.80785348341301, 
          -0.0360401307723246, 
          50.745456191157835
        ], 
        [
          -24.29084366528508, 
          4.058085866995234, 
          49.56672781107777
        ], 
        [
          -24.804466666914177, 
          10.394051929802824, 
          64.37652412463024
        ], 
        [
          -25.232315761012963, 
          5.346527303983646, 
          66.52113104034831
        ], 
        [
          -24.71869275938387, 
          -0.9894387588239448, 
          51.71133472679583
        ]
      ], 
      "cuboid_centroid": [
        -32.80616007516359, 
        5.17900589951525, 
        57.56099015789403
      ], 
      "location": [
        -32.80616007516359, 
        5.17900589951525, 
        57.56099015789403
      ], 
      "pose_transform_permuted": [
        [
          -0.9964611929413805, 
          0.05904750101962325, 
          -0.05982042782510619, 
          0.0
        ], 
        [
          0.03186958682571665, 
          -0.3931378071522931, 
          -0.9189270885239179, 
          0.0
        ], 
        [
          0.07777802001464973, 
          0.9175816351752165, 
          -0.389864748844746, 
          0.0
        ], 
        [
          -32.80616007516359, 
          5.17900589951525, 
          57.56099015789403, 
          1.0
        ]
      ], 
      "projected_cuboid": [
        [
          34.7959591502663, 
          328.27987373200403
        ], 
        [
          134.79218854139847, 
          368.7250490604122
        ], 
        [
          142.62799540307992, 
          324.53908821515944
        ], 
        [
          49.14465077993185, 
          272.90776697485444
        ], 
        [
          218.05855722296204, 
          316.95003481962925
        ], 
        [
          274.3949898297671, 
          359.3948129782336
        ], 
        [
          277.61629952411135, 
          316.151228773361
        ], 
        [
          224.53885151520768, 
          263.08206213069064
        ]
      ], 
      "projected_cuboid_centroid": [
        175.1052522753718, 
        321.2715580443951
      ], 
      "quaternion_xyzw": [
        0.7087438976502795, 
        -0.16610930574788177, 
        -0.6756277859377147, 
        0.11669139195479897
      ], 
      "visibility": 0.7776821572002295
    }, 
    {
      "bounding_box": {
        "bottom_right": [
          350, 
          425
        ], 
        "top_left": [
          258, 
          311
        ]
      }, 
      "class": "025_mug", 
      "cuboid": [
        [
          -5.286383161640167, 
          5.43853838455384, 
          50.05962504616037
        ], 
        [
          -16.918041513803715, 
          6.569078829629374, 
          49.518184556306956
        ], 
        [
          -17.771453822417953, 
          -1.277865303554219, 
          51.4672680000026
        ], 
        [
          -6.139795470254407, 
          -2.408405748629752, 
          52.008708489856026
        ], 
        [
          -5.486535420828293, 
          7.702520854515391, 
          59.086704731033336
        ], 
        [
          -17.118193772991837, 
          8.833061299590925, 
          58.54526424117991
        ], 
        [
          -17.97160608160608, 
          0.9861171664073323, 
          60.494347684875564
        ], 
        [
          -6.339947729442533, 
          -0.14442327866820148, 
          61.03578817472898
        ]
      ], 
      "cuboid_centroid": [
        -11.628994621623123, 
        3.212327775480586, 
        55.27698636551796
      ], 
      "location": [
        -11.628994621623123, 
        3.212327775480586, 
        55.27698636551796
      ], 
      "pose_transform_permuted": [
        [
          0.021501403478424785, 
          -0.24320884886425423, 
          -0.9697361564823119, 
          0.0
        ], 
        [
          0.994243781147626, 
          -0.09663564496314, 
          0.046280919160436036, 
          0.0
        ], 
        [
          0.10496689592529632, 
          0.9651482171577306, 
          -0.23973082754844324, 
          0.0
        ], 
        [
          -11.628994621623123, 
          3.212327775480586, 
          55.27698636551796, 
          1.0
        ]
      ], 
      "projected_cuboid": [
        [
          424.80825684299776, 
          331.22702438411955
        ], 
        [
          297.8683225867502, 
          344.036675827313
        ], 
        [
          295.9091788842963, 
          260.044906600489
        ], 
        [
          418.1122955646034, 
          248.58971340605223
        ], 
        [
          431.66263215982343, 
          342.8098805031864
        ], 
        [
          324.3589255806258, 
          353.7515359873622
        ], 
        [
          321.83862119635853, 
          281.98016996976327
        ], 
        [
          425.7381072466841, 
          272.02459371753827
        ]
      ], 
      "projected_cuboid_centroid": [
        368.46400447544755, 
        304.27949586267573
      ], 
      "quaternion_xyzw": [
        0.9911014270481691, 
        -0.050853155738276964, 
        0.017097726022032682, 
        0.1218189337722611
      ], 
      "visibility": 0.8854206807964033
    }, 
    {
      "bounding_box": {
        "bottom_right": [
          360, 
          325
        ], 
        "top_left": [
          284, 
          272
        ]
      }, 
      "class": "061_foam_brick", 
      "cuboid": [
        [
          -22.905847450583156, 
          1.177746365783807, 
          60.8476592551317
        ], 
        [
          -22.26283065782249, 
          8.420980327258532, 
          58.060961147490644
        ], 
        [
          -24.403997108304935, 
          10.255034371720487, 
          62.334002610295805
        ], 
        [
          -25.0470139010656, 
          3.011800410245761, 
          65.12070071793687
        ], 
        [
          -18.15143080104785, 
          1.6021637245721803, 
          63.04787030620878
        ], 
        [
          -17.50841400828719, 
          8.845397686046905, 
          60.261172198567714
        ], 
        [
          -19.649580458769634, 
          10.679451730508859, 
          64.53421366137287
        ], 
        [
          -20.292597251530296, 
          3.4362177690341342, 
          67.32091176901393
        ]
      ], 
      "cuboid_centroid": [
        -21.277713954676393, 
        5.928599048146333, 
        62.69093645825229
      ], 
      "location": [
        -21.277713954676393, 
        5.928599048146333, 
        62.69093645825229
      ], 
      "pose_transform_permuted": [
        [
          -0.9045693705437711, 
          -0.08074911632420188, 
          -0.4186094051582046, 
          0.0
        ], 
        [
          -0.08257143743081845, 
          -0.9301222714245705, 
          0.357847059399132, 
          0.0
        ], 
        [
          0.41825376459113167, 
          -0.3582626695775851, 
          -0.8346925469851086, 
          0.0
        ], 
        [
          -21.277713954676393, 
          5.928599048146333, 
          62.69093645825229, 
          1.0
        ]
      ], 
      "projected_cuboid": [
        [
          279.1580483143932, 
          283.60928841374835
        ], 
        [
          275.3974295125718, 
          350.6375433603746
        ], 
        [
          271.06042799873205, 
          361.0269433381158
        ], 
        [
          274.7598778310766, 
          297.9523066491322
        ], 
        [
          326.7752438855796, 
          286.8391811652705
        ], 
        [
          325.3539241496897, 
          351.5695124871597
        ], 
        [
          317.85698866142275, 
          361.542990214624
        ], 
        [
          319.49842332721346, 
          300.5084246153306
        ]
      ], 
      "projected_cuboid_centroid": [
        299.0764434279119, 
        323.72186646391555
      ], 
      "quaternion_xyzw": [
        -0.49441260556083133, 
        0.6818070680490574, 
        0.2764504307715166, 
        -0.4628935695677144
      ], 
      "visibility": 0.8142356430304665
    }
  ]
}