{
  "camera_data": {
    "location_worldframe": [
      -10.04120281025527, 
      -0.8861873310830021, 
      79.32757154069141
    ], 
    "quaternion_xyzw_worldframe": [
      -0.8231728955667217, 
      -0.10438602894216445, 
      -0.1945464998041942, 
      0.5231108583695514
    ]
  }, 
  "objects": [
    {
      "bounding_box": {
        "bottom_right": [
          459, 
          435
        ], 
        "top_left": [
          295, 
          312
        ]
      }, 
      "class": "003_cracker_box", 
      "cuboid": [
        [
          -5.637078413722933, 
          25.05434776238505, 
          77.71277042749124
        ], 
        [
          -15.434861201921791, 
          22.04665945103249, 
          64.90514070360463
        ], 
        [
          -18.63778479152324, 
          2.1804974063975107, 
          72.02064723805982
        ], 
        [
          -8.840002003324386, 
          5.188185717750068, 
          84.82827696194643
        ], 
        [
          -11.293897095763562, 
          27.32532294337091, 
          81.50690691170014
        ], 
        [
          -21.091679883962417, 
          24.31763463201835, 
          68.69927718781354
        ], 
        [
          -24.294603473563868, 
          4.451472587383372, 
          75.81478372226871
        ], 
        [
          -14.496820685365014, 
          7.459160898735928, 
          88.62241344615532
        ]
      ], 
      "cuboid_centroid": [
        -14.965840943643402, 
        14.75291017488421, 
        76.76377707487998
      ], 
      "location": [
        -14.965840943643402, 
        14.75291017488421, 
        76.76377707487998
      ], 
      "pose_transform_permuted": [
        [
          0.787857773995178, 
          -0.3162918154987394, 
          -0.52843127784403, 
          0.0
        ], 
        [
          0.5972946410802249, 
          0.18335537225568174, 
          0.7807816078788137, 
          0.0
        ], 
        [
          0.1500641186033771, 
          0.9307740299951925, 
          -0.3333773618503509, 
          0.0
        ], 
        [
          -14.965840943643402, 
          14.75291017488421, 
          76.76377707487998, 
          1.0
        ]
      ], 
      "projected_cuboid": [
        [
          442.58909242833863, 
          445.22705987709077
        ], 
        [
          353.7133162216913, 
          454.44191490965807
        ], 
        [
          342.43239317747344, 
          289.43332383357824
        ], 
        [
          425.55638120058796, 
          305.9049188268484
        ], 
        [
          407.0825069761021, 
          452.08279457307833
        ], 
        [
          316.49567384170285, 
          462.0668468368069
        ], 
        [
          309.2723201018618, 
          304.60045049614916
        ], 
        [
          393.6298356001046, 
          318.1749180946371
        ]
      ], 
      "projected_cuboid_centroid": [
        376.7547715700552, 
        375.7830044770281
      ], 
      "quaternion_xyzw": [
        0.8741424296016421, 
        0.009521118219680715, 
        0.44862236654867577, 
        0.18580186573404087
      ], 
      "visibility": 0.8105063509397091
    }, 
    {
      "bounding_box": {
        "bottom_right": [
          444, 
          334
        ], 
        "top_left": [
          308, 
          252
        ]
      }, 
      "class": "004_sugar_box", 
      "cuboid": [
        [
          -19.31814102043222, 
          21.716195835448236, 
          72.60797072916601
        ], 
        [
          -25.793740498562588, 
          20.665526647410708, 
          66.061754447509
        ], 
        [
          -29.181005220817223, 
          4.426949501992975, 
          72.01876880199362
        ], 
        [
          -22.705405742686853, 
          5.477618690030503, 
          78.56498508365063
        ], 
        [
          -22.42828190990368, 
          23.394749716043993, 
          75.41515148714552
        ], 
        [
          -28.90388138803405, 
          22.34408052800646, 
          68.8689352054885
        ], 
        [
          -32.291146110288686, 
          6.105503382588731, 
          74.82594955997311
        ], 
        [
          -25.815546632158316, 
          7.15617257062626, 
          81.37216584163014
        ]
      ], 
      "cuboid_centroid": [
        -25.80464356536045, 
        13.910849609018483, 
        73.71696014456957
      ], 
      "location": [
        -25.80464356536045, 
        13.910849609018483, 
        73.71696014456957
      ], 
      "pose_transform_permuted": [
        [
          0.6890904497377953, 
          -0.3719045180250395, 
          -0.6219658593473273, 
          0.0
        ], 
        [
          0.698727768665376, 
          0.1133689228066469, 
          0.7063474371956936, 
          0.0
        ], 
        [
          0.1921819672423645, 
          0.9213220568559628, 
          -0.33798088765079903, 
          0.0
        ], 
        [
          -25.80464356536045, 
          13.910849609018483, 
          73.71696014456957, 
          1.0
        ]
      ], 
      "projected_cuboid": [
        [
          338.5190980796007, 
          432.79619504408544
        ], 
        [
          271.62769058037935, 
          440.1202854315812
        ], 
        [
          263.70255531138156, 
          306.06936532487146
        ], 
        [
          326.1824119808883, 
          310.4700404466508
        ], 
        [
          321.6673632679921, 
          438.7291303639557
        ], 
        [
          255.90071791264498, 
          446.3186268032357
        ], 
        [
          249.5249527465, 
          316.8033197690476
        ], 
        [
          310.9899341474832, 
          320.1886565743588
        ]
      ], 
      "projected_cuboid_centroid": [
        293.3526166025559, 
        373.9272657120503
      ], 
      "quaternion_xyzw": [
        0.9002799127033583, 
        -0.021885705579906246, 
        0.38750111694241607, 
        0.19712908053901712
      ], 
      "visibility": 0.5885726201647378
    }, 
    {
      "bounding_box": {
        "bottom_right": [
          345, 
          350
        ], 
        "top_left": [
          268, 
          199
        ]
      }, 
      "class": "024_bowl", 
      "cuboid": [
        [
          -28.531340288080116, 
          3.512985029492593, 
          51.478121017355704
        ], 
        [
          -32.83298480554022, 
          9.943617605517002, 
          65.61605440605659
        ], 
        [
          -33.88405049337581, 
          4.915232292857623, 
          67.58341319026555
        ], 
        [
          -29.58240597591571, 
          -1.5154002831667852, 
          53.44547980156465
        ], 
        [
          -13.279708300196097, 
          2.3479235441317727, 
          56.64855006480435
        ], 
        [
          -17.5813528176562, 
          8.77855612015618, 
          70.78648345350523
        ], 
        [
          -18.632418505491792, 
          3.7501708074968034, 
          72.75384223771418
        ], 
        [
          -14.33077398803169, 
          -2.680461768527605, 
          58.6159088490133
        ]
      ], 
      "cuboid_centroid": [
        -23.581879396785954, 
        3.631577918494698, 
        62.11598162753494
      ], 
      "location": [
        -23.581879396785954, 
        3.631577918494698, 
        62.11598162753494
      ], 
      "pose_transform_permuted": [
        [
          -0.9445899426097562, 
          0.07215656412822324, 
          -0.3202237820239273, 
          0.0
        ], 
        [
          0.2669110086731702, 
          -0.39901173151487435, 
          -0.8772389364150298, 
          0.0
        ], 
        [
          0.1910715933088144, 
          0.9141023292644602, 
          -0.3576430872584003, 
          0.0
        ], 
        [
          -23.581879396785954, 
          3.631577918494698, 
          62.11598162753494, 
          1.0
        ]
      ], 
      "projected_cuboid": [
        [
          183.54562735617512, 
          309.6814893625046
        ], 
        [
          212.5105172455216, 
          354.10709393516373
        ], 
        [
          211.98027596143402, 
          312.07400836616205
        ], 
        [
          183.94133555905663, 
          258.1647231833149
        ], 
        [
          355.5329547904718, 
          295.3911391484837
        ], 
        [
          348.0317545299624, 
          339.4259428852166
        ], 
        [
          343.87452512311944, 
          300.7770384190604
        ], 
        [
          350.1212505131713, 
          248.89823144200003
        ]
      ], 
      "projected_cuboid_centroid": [
        277.4388817864664, 
        304.4667845298788
      ], 
      "quaternion_xyzw": [
        0.7907649966901604, 
        -0.18655457920290847, 
        -0.5759703852125043, 
        0.09025643659150138
      ], 
      "visibility": 0.7878718535469108
    }, 
    {
      "bounding_box": {
        "bottom_right": [
          325, 
          506
        ], 
        "top_left": [
          245, 
          414
        ]
      }, 
      "class": "025_mug", 
      "cuboid": [
        [
          4.942703269331715, 
          3.4742514369787107, 
          62.12520452497331
        ], 
        [
          -6.118309268634444, 
          4.758686355720354, 
          58.5375891473258
        ], 
        [
          -7.569308743907562, 
          -3.064227715417641, 
          60.21042716298528
        ], 
        [
          3.491703794058597, 
          -4.348662634159284, 
          63.79804254063279
        ], 
        [
          2.4062762874538386, 
          5.7945826326773595, 
          70.7760106432531
        ], 
        [
          -8.65473625051232, 
          7.079017551419002, 
          67.18839526560558
        ], 
        [
          -10.105735725785438, 
          -0.7438965197189926, 
          68.86123328126507
        ], 
        [
          0.9552768121807207, 
          -2.028331438460636, 
          72.44884865891258
        ]
      ], 
      "cuboid_centroid": [
        -2.5815162282268616, 
        1.365177458629859, 
        65.49321890311919
      ], 
      "location": [
        -2.5815162282268616, 
        1.365177458629859, 
        65.49321890311919
      ], 
      "pose_transform_permuted": [
        [
          0.27247626458045376, 
          -0.2492621239683321, 
          -0.9293148801679568, 
          0.0
        ], 
        [
          0.9454664671287575, 
          -0.10979014269364255, 
          0.30665999381869374, 
          0.0
        ], 
        [
          0.17846814414472992, 
          0.9621925988752682, 
          -0.20575355208402454, 
          0.0
        ], 
        [
          -2.5815162282268616, 
          1.365177458629859, 
          65.49321890311919, 
          1.0
        ]
      ], 
      "projected_cuboid": [
        [
          524.381764782075, 
          303.1115718363566
        ], 
        [
          425.39033728723075, 
          316.64159685288416
        ], 
        [
          413.99246847397245, 
          246.14484965718026
        ], 
        [
          511.0292050606827, 
          236.9339031505993
        ], 
        [
          499.8802245555362, 
          316.95054738551494
        ], 
        [
          412.32609275884124, 
          329.4774720684808
        ], 
        [
          402.6774682216191, 
          267.52517468725017
        ], 
        [
          488.68777525912066, 
          258.3553293105342
        ]
      ], 
      "projected_cuboid_centroid": [
        460.40027099430614, 
        284.40335107117096
      ], 
      "quaternion_xyzw": [
        0.9794097643698451, 
        -0.07357959286423864, 
        0.14782787538670428, 
        0.11614537974948486
      ], 
      "visibility": 0.8857353483228898
    }, 
    {
      "bounding_box": {
        "bottom_right": [
          338, 
          405
        ], 
        "top_left": [
          270, 
          347
        ]
      }, 
      "class": "061_foam_brick", 
      "cuboid": [
        [
          -14.955598094240674, 
          -0.4834706886336061, 
          67.9023743049285
        ], 
        [
          -13.495855581084829, 
          6.733642370727486, 
          65.36741354719508
        ], 
        [
          -16.659363254661734, 
          8.6219542425101, 
          68.92180925162022
        ], 
        [
          -18.11910576781758, 
          1.4048411831490057, 
          71.45677000935363
        ], 
        [
          -10.942437100840714, 
          -0.11024500480693519, 
          71.27591515559064
        ], 
        [
          -9.482694587684867, 
          7.106868054554158, 
          68.74095439785722
        ], 
        [
          -12.646202261261774, 
          8.99517992633677, 
          72.29535010228236
        ], 
        [
          -14.105944774417619, 
          1.7780668669756774, 
          74.83031086001577
        ]
      ], 
      "cuboid_centroid": [
        -13.800900177751224, 
        4.255854618851582, 
        70.09886220360542
      ], 
      "location": [
        -13.800900177751224, 
        4.255854618851582, 
        70.09886220360542
      ], 
      "pose_transform_permuted": [
        [
          -0.763538995692654, 
          -0.071009452215943, 
          -0.6418456666151487, 
          0.0
        ], 
        [
          -0.1874492842911138, 
          -0.9267680193135915, 
          0.3255208199122011, 
          0.0
        ], 
        [
          0.6179570922607832, 
          -0.36886135074517384, 
          -0.6943128517109873, 
          0.0
        ], 
        [
          -13.800900177751224, 
          4.255854618851582, 
          70.09886220360542, 
          1.0
        ]
      ], 
      "projected_cuboid": [
        [
          363.1537509955371, 
          269.48925712377866
        ], 
        [
          370.5694924049347, 
          328.2249720956613
        ], 
        [
          351.6120002914738, 
          340.0035480638146
        ], 
        [
          345.23765745037997, 
          283.7716090827545
        ], 
        [
          399.03834043446983, 
          272.46163352553333
        ], 
        [
          407.41346217296245, 
          328.4244385489796
        ], 
        [
          387.52915839441124, 
          339.6435803372192
        ], 
        [
          380.2254531124772, 
          285.9589145818723
        ]
      ], 
      "projected_cuboid_centroid": [
        375.72334596748465, 
        305.66553159149385
      ], 
      "quaternion_xyzw": [
        -0.5209450622615741, 
        0.7413090282823075, 
        0.2102036315877958, 
        -0.36727591802312304
      ], 
      "visibility": 0.9955960070463887
    }
  ]
}