{
  "camera_data": {
    "location_worldframe": [
      -22.02563066922159, 
      10.761261921155981, 
      79.68533054020872
    ], 
    "quaternion_xyzw_worldframe": [
      0.9410637128904515, 
      0.034762725867949845, 
      -0.11412954793355297, 
      -0.3164914090525233
    ]
  }, 
  "objects": [
    {
      "bounding_box": {
        "bottom_right": [
          539, 
          345
        ], 
        "top_left": [
          350, 
          144
        ]
      }, 
      "class": "003_cracker_box", 
      "cuboid": [
        [
          -25.484655789262074, 
          32.291035836401406, 
          64.87252733705272
        ], 
        [
          -39.39402025774745, 
          23.87772581506253, 
          62.67618714144738
        ], 
        [
          -33.594110494885996, 
          10.271831689572085, 
          78.06430719995369
        ], 
        [
          -19.684746026400624, 
          18.68514171091096, 
          80.26064739555902
        ], 
        [
          -28.75251006875349, 
          36.41923039171111, 
          69.75428272384377
        ], 
        [
          -42.661874537238866, 
          28.005920370372237, 
          67.55794252823844
        ], 
        [
          -36.86196477437741, 
          14.400026244881792, 
          82.94606258674474
        ], 
        [
          -22.95260030589204, 
          22.813336266220666, 
          85.14240278235008
        ]
      ], 
      "cuboid_centroid": [
        -31.173310281819745, 
        23.3455310406416, 
        73.90929496189872
      ], 
      "location": [
        -31.173310281819745, 
        23.3455310406416, 
        73.90929496189872
      ], 
      "pose_transform_permuted": [
        [
          0.45513291888860186, 
          -0.5749574727030221, 
          -0.6799102372570183, 
          0.0
        ], 
        [
          0.8479458095217965, 
          0.5128941004433164, 
          0.1338937856842729, 
          0.0
        ], 
        [
          -0.2717387168924707, 
          0.6374665060325871, 
          -0.7209677686472806, 
          0.0
        ], 
        [
          -31.173310281819745, 
          23.3455310406416, 
          73.90929496189872, 
          1.0
        ]
      ], 
      "projected_cuboid": [
        [
          270.3407568719159, 
          538.7524058820046
        ], 
        [
          143.5949094490612, 
          476.46511918684524
        ], 
        [
          250.17627663955415, 
          343.4616178813308
        ], 
        [
          349.7049344581803, 
          397.44641348859693
        ], 
        [
          259.932323461391, 
          551.7366633854482
        ], 
        [
          142.00678258484697, 
          494.37239730890195
        ], 
        [
          242.6099772003548, 
          365.8746097364071
        ], 
        [
          336.627205008538, 
          416.1859463919075
        ]
      ], 
      "projected_cuboid_centroid": [
        254.78006868376372, 
        441.7447662722406
      ], 
      "quaternion_xyzw": [
        0.8895676692657228, 
        0.22050959259328964, 
        0.16553735171689524, 
        0.3642008601830146
      ], 
      "visibility": 0.8972053176250164
    }, 
    {
      "bounding_box": {
        "bottom_right": [
          492, 
          258
        ], 
        "top_left": [
          358, 
          123
        ]
      }, 
      "class": "004_sugar_box", 
      "cuboid": [
        [
          -38.57014959671135, 
          27.576416502509122, 
          70.43271659158405
        ], 
        [
          -47.006803743009925, 
          23.774022485183764, 
          69.92783194848563
        ], 
        [
          -42.82788773936699, 
          12.761035563415959, 
          83.03896272051739
        ], 
        [
          -34.391233593068414, 
          16.563429580741314, 
          83.54384736361581
        ], 
        [
          -40.10129100563485, 
          30.574490236754748, 
          73.43903380044642
        ], 
        [
          -48.53794515193343, 
          26.772096219429386, 
          72.934149157348
        ], 
        [
          -44.35902914829049, 
          15.759109297661583, 
          86.04527992937976
        ], 
        [
          -35.92237500199191, 
          19.561503314986943, 
          86.55016457247818
        ]
      ], 
      "cuboid_centroid": [
        -41.46458937250092, 
        21.667762900085354, 
        78.2389982604819
      ], 
      "location": [
        -41.46458937250092, 
        21.667762900085354, 
        78.2389982604819
      ], 
      "pose_transform_permuted": [
        [
          0.3392434489572446, 
          -0.6642605757417874, 
          -0.6660870202126116, 
          0.0
        ], 
        [
          0.9103287728886335, 
          0.41028452983929764, 
          0.05447787827165471, 
          0.0
        ], 
        [
          -0.23709758887286828, 
          0.6248397055990903, 
          -0.7438813057586436, 
          0.0
        ], 
        [
          -41.46458937250092, 
          21.667762900085354, 
          78.2389982604819, 
          1.0
        ]
      ], 
      "projected_cuboid": [
        [
          187.1083766387557, 
          482.09635912965695
        ], 
        [
          120.10198277854155, 
          454.604210913725
        ], 
        [
          204.24176224854182, 
          355.2445724335154
        ], 
        [
          260.2238795874339, 
          379.0226470863733
        ], 
        [
          187.95171110035523, 
          495.3207008088493
        ], 
        [
          123.71313264508834, 
          469.05331337166245
        ], 
        [
          204.3629225961433, 
          370.96350072332376
        ], 
        [
          258.39979609205767, 
          393.82394938535555
        ]
      ], 
      "projected_cuboid_centroid": [
        196.5964341929618, 
        420.9857996674264
      ], 
      "quaternion_xyzw": [
        0.894602635070501, 
        0.18091331651989478, 
        0.11002687444517514, 
        0.3935104330956558
      ], 
      "visibility": 0.38015631784628745
    }, 
    {
      "bounding_box": {
        "bottom_right": [
          376, 
          210
        ], 
        "top_left": [
          285, 
          95
        ]
      }, 
      "class": "024_bowl", 
      "cuboid": [
        [
          -52.59155062767328, 
          1.8322007776114653, 
          68.60265905386555
        ], 
        [
          -50.44901221950467, 
          14.593791358870506, 
          78.20941065841987
        ], 
        [
          -49.093907467088336, 
          11.244022062846081, 
          82.3570166295686
        ], 
        [
          -51.236445875256955, 
          -1.5175685184129608, 
          72.75026502501427
        ], 
        [
          -37.09075014387195, 
          2.584698578724266, 
          64.14598826571847
        ], 
        [
          -34.94821173570334, 
          15.346289159983307, 
          73.7527398702728
        ], 
        [
          -33.59310698328701, 
          11.996519863958882, 
          77.90034584142153
        ], 
        [
          -35.73564539145563, 
          -0.7650707173001605, 
          68.29359423686721
        ]
      ], 
      "cuboid_centroid": [
        -43.09232880548014, 
        6.914360320785173, 
        73.25150244764353
      ], 
      "location": [
        -43.09232880548014, 
        6.914360320785173, 
        73.25150244764353
      ], 
      "pose_transform_permuted": [
        [
          -0.9600218685469715, 
          -0.04660497023084302, 
          0.2760180948078637, 
          0.0
        ], 
        [
          -0.13294150302846303, 
          -0.7918387957192399, 
          -0.5960854623008659, 
          0.0
        ], 
        [
          -0.24634238101494793, 
          0.6089493397185731, 
          -0.7539868254632831, 
          0.0
        ], 
        [
          -43.09232880548014, 
          6.914360320785173, 
          73.25150244764353, 
          1.0
        ]
      ], 
      "projected_cuboid": [
        [
          69.34127668710171, 
          287.53013390727773
        ], 
        [
          134.7121702289685, 
          372.80339482609884
        ], 
        [
          161.03012761587144, 
          346.09948586535916
        ], 
        [
          102.86144546895477, 
          262.1615062115116
        ], 
        [
          170.6490057663827, 
          294.77611832616543
        ], 
        [
          226.77411890141363, 
          384.2583683489881
        ], 
        [
          249.6961193990104, 
          355.4168405397193
        ], 
        [
          200.20399760807234, 
          267.31193376552915
        ]
      ], 
      "projected_cuboid_centroid": [
        165.24173027489593, 
        323.6276728518352
      ], 
      "quaternion_xyzw": [
        -0.5477202164157915, 
        0.24898497369421002, 
        0.7102656083386869, 
        -0.36542005010016476
      ], 
      "visibility": 0.5767229343825359
    }, 
    {
      "bounding_box": {
        "bottom_right": [
          366, 
          331
        ], 
        "top_left": [
          274, 
          224
        ]
      }, 
      "class": "025_mug", 
      "cuboid": [
        [
          -19.537540805463582, 
          5.328117662545124, 
          57.24113568923577
        ], 
        [
          -30.802308206768387, 
          5.244143980577823, 
          60.39783005814411
        ], 
        [
          -29.25307783729475, 
          -0.6591842959056037, 
          65.76927042276317
        ], 
        [
          -17.988310435989945, 
          -0.5752106139383019, 
          62.61257605385483
        ], 
        [
          -17.757924161534632, 
          11.728501121539145, 
          63.76201763623375
        ], 
        [
          -29.022691562839437, 
          11.644527439571842, 
          66.91871200514208
        ], 
        [
          -27.4734611933658, 
          5.741199163088416, 
          72.29015236976115
        ], 
        [
          -16.208693792060995, 
          5.825172845055718, 
          69.13345800085281
        ]
      ], 
      "cuboid_centroid": [
        -23.505500999414693, 
        5.53465841281677, 
        64.76564402949846
      ], 
      "location": [
        -23.505500999414693, 
        5.53465841281677, 
        64.76564402949846
      ], 
      "pose_transform_permuted": [
        [
          -0.1911757361782831, 
          -0.687562697152061, 
          -0.7005072755426456, 
          0.0
        ], 
        [
          0.9628829007635499, 
          0.007177851046538745, 
          -0.26982599129444645, 
          0.0
        ], 
        [
          -0.19055021976529068, 
          0.7260898847553312, 
          -0.6606694279315405, 
          0.0
        ], 
        [
          -23.505500999414693, 
          5.53465841281677, 
          64.76564402949846, 
          1.0
        ]
      ], 
      "projected_cuboid": [
        [
          298.0474886209027, 
          322.9289753066218
        ], 
        [
          207.34262976309927, 
          319.5929148681345
        ], 
        [
          242.4085761986483, 
          267.9412469106122
        ], 
        [
          327.0998945153553, 
          268.38702570777747
        ], 
        [
          331.8280843786069, 
          371.3863089931832
        ], 
        [
          248.36844357262245, 
          366.08949748579954
        ], 
        [
          277.2229131384448, 
          315.64215412261285
        ], 
        [
          355.51553710229183, 
          318.22395097163553
        ]
      ], 
      "projected_cuboid_centroid": [
        286.4254955316592, 
        318.862271257147
      ], 
      "quaternion_xyzw": [
        0.9205270312518702, 
        0.053699691616586546, 
        -0.1252004861947917, 
        0.36615766819201223
      ], 
      "visibility": 0.7212186160440907
    }, 
    {
      "bounding_box": {
        "bottom_right": [
          390, 
          284
        ], 
        "top_left": [
          316, 
          218
        ]
      }, 
      "class": "061_foam_brick", 
      "cuboid": [
        [
          -32.025022354056674, 
          5.743270898579256, 
          74.23736491793866
        ], 
        [
          -33.86233702497086, 
          10.695590132411697, 
          68.5152670364078
        ], 
        [
          -35.10542125694312, 
          14.246174900733093, 
          71.98734433173361
        ], 
        [
          -33.26810658602892, 
          9.293855666900654, 
          77.70944221326448
        ], 
        [
          -27.079430864049336, 
          7.522123075247103, 
          74.1889274465741
        ], 
        [
          -28.91674553496353, 
          12.474442309079544, 
          68.46682956504321
        ], 
        [
          -30.15982976693578, 
          16.025027077400942, 
          71.93890686036903
        ], 
        [
          -28.32251509602159, 
          11.072707843568502, 
          77.6610047418999
        ]
      ], 
      "cuboid_centroid": [
        -31.092426060496226, 
        10.884148987990098, 
        73.08813588915385
      ], 
      "location": [
        -31.092426060496226, 
        10.884148987990098, 
        73.08813588915385
      ], 
      "pose_transform_permuted": [
        [
          -0.940942056796772, 
          -0.33844219225004707, 
          0.009215652773568173, 
          0.0
        ], 
        [
          0.23593429455983722, 
          -0.6359400288726805, 
          0.7347892815821189, 
          0.0
        ], 
        [
          0.24282309280958586, 
          -0.6935684264601414, 
          -0.6782328386446583, 
          0.0
        ], 
        [
          -31.092426060496226, 
          10.884148987990098, 
          73.08813588915385, 
          1.0
        ]
      ], 
      "projected_cuboid": [
        [
          249.61274811569476, 
          314.5460687454255
        ], 
        [
          215.81767131962926, 
          356.5405033809443
        ], 
        [
          219.35052343247304, 
          378.82959044951946
        ], 
        [
          251.37548786496538, 
          337.0702313030453
        ], 
        [
          285.30977875844115, 
          327.3605848928399
        ], 
        [
          254.4741635971624, 
          370.4556987974857
        ], 
        [
          256.1436678697215, 
          392.0881869669303
        ], 
        [
          285.47767090870457, 
          349.32588296974166
        ]
      ], 
      "projected_cuboid_centroid": [
        252.8268622956625, 
        352.7074964014315
      ], 
      "quaternion_xyzw": [
        0.3650856801239019, 
        -0.6017512939592936, 
        -0.14116739332578684, 
        0.696189337356144
      ], 
      "visibility": 0.3789700894233734
    }
  ]
}