{
  "camera_data": {
    "location_worldframe": [
      -22.893545473214644, 
      12.205039788007413, 
      77.02292652121197
    ], 
    "quaternion_xyzw_worldframe": [
      0.933733755716111, 
      0.03219818531651456, 
      -0.11695271109310557, 
      -0.3367907170262954
    ]
  }, 
  "objects": [
    {
      "bounding_box": {
        "bottom_right": [
          539, 
          335
        ], 
        "top_left": [
          364, 
          128
        ]
      }, 
      "class": "003_cracker_box", 
      "cuboid": [
        [
          -26.33975535521622, 
          34.36272039021333, 
          63.16378446569983
        ], 
        [
          -40.33176402619117, 
          26.146194358056874, 
          60.7574368180368
        ], 
        [
          -34.48074977219105, 
          11.86468837523133, 
          75.50049505601447
        ], 
        [
          -20.4887411012161, 
          20.081214407387787, 
          77.9068427036775
        ], 
        [
          -29.52875354775199, 
          38.304398619137245, 
          68.24766691935407
        ], 
        [
          -43.52076221872694, 
          30.087872586980787, 
          65.84131927169106
        ], 
        [
          -37.66974796472682, 
          15.806366604155238, 
          80.58437750966873
        ], 
        [
          -23.677739293751866, 
          24.0228926363117, 
          82.99072515733175
        ]
      ], 
      "cuboid_centroid": [
        -32.00475165997152, 
        25.084543497184285, 
        71.87408098768428
      ], 
      "location": [
        -32.00475165997152, 
        25.084543497184285, 
        71.87408098768428
      ], 
      "pose_transform_permuted": [
        [
          0.4441501767101944, 
          -0.5489802678499468, 
          -0.7080616400001513, 
          0.0
        ], 
        [
          0.8529839840078476, 
          0.5008977105732924, 
          0.14669630727640876, 
          0.0
        ], 
        [
          -0.27413307635964546, 
          0.6691204294100093, 
          -0.6907451826772025, 
          0.0
        ], 
        [
          -32.00475165997152, 
          25.084543497184285, 
          71.87408098768428, 
          1.0
        ]
      ], 
      "projected_cuboid": [
        [
          257.34558087416605, 
          563.4260834528916
        ], 
        [
          124.62066250627078, 
          502.7938741502162
        ], 
        [
          236.00256642149003, 
          357.0961958391665
        ], 
        [
          340.1703682846201, 
          410.7546284039074
        ], 
        [
          248.9224317668141, 
          572.6152451344475
        ], 
        [
          126.13791049078351, 
          517.0005437774035
        ], 
        [
          230.21540379247293, 
          377.895459825709
        ], 
        [
          328.16984947669073, 
          427.6637778847436
        ]
      ], 
      "projected_cuboid_centroid": [
        242.13656253395283, 
        459.41870270781465
      ], 
      "quaternion_xyzw": [
        0.898633136132038, 
        0.21561379048097465, 
        0.16437366379837925, 
        0.3448919811323855
      ], 
      "visibility": 0.8369180220332183
    }, 
    {
      "bounding_box": {
        "bottom_right": [
          511, 
          246
        ], 
        "top_left": [
          370, 
          107
        ]
      }, 
      "class": "004_sugar_box", 
      "cuboid": [
        [
          -39.40414410161262, 
          29.509318889078024, 
          68.65374558556209
        ], 
        [
          -47.873172696156715, 
          25.790277956062873, 
          68.07535890397477
        ], 
        [
          -43.64638302849227, 
          14.206423514461108, 
          80.66898965157722
        ], 
        [
          -35.17735443394818, 
          17.92546444747626, 
          81.24737633316457
        ], 
        [
          -40.8834002096912, 
          32.388770191529666, 
          71.79879643633026
        ], 
        [
          -49.352428804235295, 
          28.669729258514515, 
          71.22040975474293
        ], 
        [
          -45.12563913657085, 
          17.08587481691275, 
          83.81404050234539
        ], 
        [
          -36.656610542026755, 
          20.8049157499279, 
          84.39242718393272
        ]
      ], 
      "cuboid_centroid": [
        -42.264891619091735, 
        23.297596852995387, 
        76.23389304395374
      ], 
      "location": [
        -42.264891619091735, 
        23.297596852995387, 
        76.23389304395374
      ], 
      "pose_transform_permuted": [
        [
          0.3277476143424729, 
          -0.6379782985785178, 
          -0.6968251864539706, 
          0.0
        ], 
        [
          0.9138220287733986, 
          0.4012905957937871, 
          0.0624088683705882, 
          0.0
        ], 
        [
          -0.2398137789805696, 
          0.6572288018145861, 
          -0.7145201011000968, 
          0.0
        ], 
        [
          -42.264891619091735, 
          23.297596852995387, 
          76.23389304395374, 
          1.0
        ]
      ], 
      "projected_cuboid": [
        [
          172.9448510650841, 
          502.52235775143737
        ], 
        [
          103.42102845643544, 
          475.33409984294656
        ], 
        [
          190.63700622268757, 
          367.208178748347
        ], 
        [
          248.76351421209765, 
          390.95189111327414
        ], 
        [
          175.38550775488872, 
          513.8694763499142
        ], 
        [
          108.95163648919825, 
          487.97398657144134
        ], 
        [
          192.0638970454557, 
          382.0061699292028
        ], 
        [
          248.01442640526648, 
          404.76360726253796
        ]
      ], 
      "projected_cuboid_centroid": [
        183.45490394432744, 
        436.27263440661756
      ], 
      "quaternion_xyzw": [
        0.9038633769881868, 
        0.17732336299281654, 
        0.10791356654285607, 
        0.37408817364227925
      ], 
      "visibility": 0.4077386934673367
    }, 
    {
      "bounding_box": {
        "bottom_right": [
          392, 
          194
        ], 
        "top_left": [
          300, 
          71
        ]
      }, 
      "class": "024_bowl", 
      "cuboid": [
        [
          -53.6323455101939, 
          3.96303666374553, 
          65.88627009923104
        ], 
        [
          -51.301081340264055, 
          16.293771472090953, 
          75.99846708317199
        ], 
        [
          -49.92984667584829, 
          12.763060634838297, 
          79.98766437051303
        ], 
        [
          -52.261110845778134, 
          0.43232582649287143, 
          69.8754673865721
        ], 
        [
          -38.17115254496031, 
          4.794681317818944, 
          61.30774824666976
        ], 
        [
          -35.839888375030455, 
          17.12541612616437, 
          71.4199452306107
        ], 
        [
          -34.468653710614696, 
          13.594705288911712, 
          75.40914251795175
        ], 
        [
          -36.79991788054454, 
          1.2639704805662872, 
          65.2969455340108
        ]
      ], 
      "cuboid_centroid": [
        -44.050499610404295, 
        8.778870976328621, 
        70.6477063085914
      ], 
      "location": [
        -44.050499610404295, 
        8.778870976328621, 
        70.6477063085914
      ], 
      "pose_transform_permuted": [
        [
          -0.9575688285234167, 
          -0.05150682737997958, 
          0.2835647816170787, 
          0.0
        ], 
        [
          -0.14465167183247327, 
          -0.7651047993431439, 
          -0.6274476391366519, 
          0.0
        ], 
        [
          -0.24927461257890465, 
          0.6418424205015876, 
          -0.7251899577133576, 
          0.0
        ], 
        [
          -44.050499610404295, 
          8.778870976328621, 
          70.6477063085914, 
          1.0
        ]
      ], 
      "projected_cuboid": [
        [
          43.84963607251384, 
          305.3655289216949
        ], 
        [
          118.59138385761271, 
          387.62815227046326
        ], 
        [
          145.9143714038953, 
          358.3845369207479
        ], 
        [
          79.39374944819748, 
          276.58623440140667
        ], 
        [
          146.77687189767914, 
          314.9957430164869
        ], 
        [
          211.73684575550703, 
          401.1684589286924
        ], 
        [
          235.7913074951923, 
          369.4330039923829
        ], 
        [
          178.52513313817093, 
          283.6101481338448
        ]
      ], 
      "projected_cuboid_centroid": [
        146.28860834588855, 
        339.5582409771131
      ], 
      "quaternion_xyzw": [
        -0.5508234669683284, 
        0.2341177426605081, 
        0.719384958480357, 
        -0.35251620150108637
      ], 
      "visibility": 0.6126925446703635
    }, 
    {
      "bounding_box": {
        "bottom_right": [
          388, 
          314
        ], 
        "top_left": [
          292, 
          202
        ]
      }, 
      "class": "025_mug", 
      "cuboid": [
        [
          -20.66719092143418, 
          7.704230907871959, 
          54.34612631446636
        ], 
        [
          -31.900571994815387, 
          7.565772382103149, 
          57.610898040070346
        ], 
        [
          -30.34197620605159, 
          1.4309671286182546, 
          62.7135164597985
        ], 
        [
          -19.108595132670388, 
          1.5694256543870653, 
          59.44874473419453
        ], 
        [
          -18.776172297234616, 
          13.811955729779656, 
          61.11174463439695
        ], 
        [
          -30.009553370615823, 
          13.673497204010845, 
          64.37651636000092
        ], 
        [
          -28.450957581852027, 
          7.538691950525952, 
          69.4791347797291
        ], 
        [
          -17.21757650847082, 
          7.677150476294763, 
          66.2143630541251
        ]
      ], 
      "cuboid_centroid": [
        -24.559074251643104, 
        7.6214614291989555, 
        61.91263054709773
      ], 
      "location": [
        -24.559074251643104, 
        7.6214614291989555, 
        61.91263054709773
      ], 
      "pose_transform_permuted": [
        [
          -0.20314312008796287, 
          -0.6561237742892199, 
          -0.7267981379171947, 
          0.0
        ], 
        [
          0.9602000794145804, 
          0.011835073213520092, 
          -0.2790641615126698, 
          0.0
        ], 
        [
          -0.19170213541263237, 
          0.7545607885714117, 
          -0.6276052163810669, 
          0.0
        ], 
        [
          -24.559074251643104, 
          7.6214614291989555, 
          61.91263054709773, 
          1.0
        ]
      ], 
      "projected_cuboid": [
        [
          277.0917550918585, 
          348.8911393593775
        ], 
        [
          183.82389855892075, 
          343.32492846763375
        ], 
        [
          221.41674507133473, 
          285.4555700441727
        ], 
        [
          308.7437155197311, 
          287.3659847310379
        ], 
        [
          316.3726934219173, 
          393.8228852360072
        ], 
        [
          230.91469443382042, 
          386.56299718831826
        ], 
        [
          261.38849412646954, 
          331.15329267630204
        ], 
        [
          341.76346362342144, 
          335.1216822478363
        ]
      ], 
      "projected_cuboid_centroid": [
        268.2805563473185, 
        338.93832173957003
      ], 
      "quaternion_xyzw": [
        0.9275719656586204, 
        0.054857524850277076, 
        -0.12996492440838336, 
        0.3459917500198429
      ], 
      "visibility": 0.7154917686787674
    }, 
    {
      "bounding_box": {
        "bottom_right": [
          408, 
          270
        ], 
        "top_left": [
          331, 
          200
        ]
      }, 
      "class": "061_foam_brick", 
      "cuboid": [
        [
          -32.98293789753183, 
          7.490426459373009, 
          71.47089176087377
        ], 
        [
          -34.840069966998286, 
          12.691852748831106, 
          65.9809172444068
        ], 
        [
          -36.0226191193433, 
          16.101705411307666, 
          69.61158022408704
        ], 
        [
          -34.16548704987684, 
          10.90027912184957, 
          75.101554740554
        ], 
        [
          -28.025084966105034, 
          9.235321150567922, 
          71.44694874344452
        ], 
        [
          -29.882217035571497, 
          14.436747440026018, 
          65.95697422697755
        ], 
        [
          -31.064766187916497, 
          17.846600102502578, 
          69.58763720665779
        ], 
        [
          -29.207634118450045, 
          12.64517381304448, 
          75.07761172312475
        ]
      ], 
      "cuboid_centroid": [
        -32.023852042724165, 
        12.668513280937793, 
        70.52926448376577
      ], 
      "location": [
        -32.023852042724165, 
        12.668513280937793, 
        70.52926448376577
      ], 
      "pose_transform_permuted": [
        [
          -0.943274903319141, 
          -0.33198148349779544, 
          0.004555368576503002, 
          0.0
        ], 
        [
          0.23847909759301253, 
          -0.6679285055170618, 
          0.7049817242517474, 
          0.0
        ], 
        [
          0.23099821813054583, 
          -0.6660779279726564, 
          -0.7092108410678485, 
          0.0
        ], 
        [
          -32.023852042724165, 
          12.668513280937793, 
          70.52926448376577, 
          1.0
        ]
      ], 
      "projected_cuboid": [
        [
          233.42558604441254, 
          329.180497307599
        ], 
        [
          197.6401799041045, 
          375.8739814479013
        ], 
        [
          203.3148015794317, 
          396.6475476102869
        ], 
        [
          236.95540155386158, 
          350.6928225490011
        ], 
        [
          270.6589876796366, 
          342.2240883330794
        ], 
        [
          237.95973911283, 
          390.0202150080049
        ], 
        [
          241.5326819658667, 
          410.0628636299538
        ], 
        [
          272.38936637443936, 
          363.1125017050836
        ]
      ], 
      "projected_cuboid_centroid": [
        237.42501559972558, 
        369.0817553545446
      ], 
      "quaternion_xyzw": [
        0.3767777199635923, 
        -0.5964569267355232, 
        -0.15811257303803675, 
        0.6908531671314412
      ], 
      "visibility": 0.28806351006521125
    }
  ]
}