{
  "camera_data": {
    "location_worldframe": [
      -22.302895041289588, 
      15.039015507575224, 
      72.89493178764879
    ], 
    "quaternion_xyzw_worldframe": [
      0.914292736408386, 
      0.01952151807935782, 
      -0.08925100227167299, 
      -0.3946169851988256
    ]
  }, 
  "objects": [
    {
      "bounding_box": {
        "bottom_right": [
          539, 
          336
        ], 
        "top_left": [
          396, 
          145
        ]
      }, 
      "class": "003_cracker_box", 
      "cuboid": [
        [
          -24.05287786048957, 
          38.844007409424954, 
          61.706790210573004
        ], 
        [
          -38.354210066989175, 
          31.7759294535518, 
          57.88680502523612
        ], 
        [
          -33.8255554361166, 
          15.537805325231012, 
          70.97757120502553
        ], 
        [
          -19.524223229616993, 
          22.605883281104166, 
          74.7975563903624
        ], 
        [
          -27.222454491012453, 
          42.3285823619394, 
          67.12563869696704
        ], 
        [
          -41.52378669751206, 
          35.26050440606624, 
          63.305653511630155
        ], 
        [
          -36.995132066639485, 
          19.022380277745455, 
          76.39641969141955
        ], 
        [
          -22.69379986013988, 
          26.09045823361861, 
          80.21640487675644
        ]
      ], 
      "cuboid_centroid": [
        -30.524004963564526, 
        28.933193843585205, 
        69.05160495099628
      ], 
      "location": [
        -30.524004963564526, 
        28.933193843585205, 
        69.05160495099628
      ], 
      "pose_transform_permuted": [
        [
          0.44144522371893874, 
          -0.48531685735718666, 
          -0.7547142919149473, 
          0.0
        ], 
        [
          0.871841035049171, 
          0.43088576028295417, 
          0.23287479724042848, 
          0.0
        ], 
        [
          -0.2121775767137667, 
          0.7607923563958333, 
          -0.6133316120905141, 
          0.0
        ], 
        [
          -30.524004963564526, 
          28.933193843585205, 
          69.05160495099628, 
          1.0
        ]
      ], 
      "projected_cuboid": [
        [
          271.98039329518366, 
          609.0076112960186
        ], 
        [
          125.2893734590514, 
          566.0428136759726
        ], 
        [
          225.31658094235752, 
          390.03631849322426
        ], 
        [
          341.22584261448685, 
          434.47041658000745
        ], 
        [
          263.50966186836706, 
          609.5911503428368
        ], 
        [
          128.8639855355149, 
          570.3392729128076
        ], 
        [
          221.18367615973312, 
          406.08082286583084
        ], 
        [
          329.45974742561356, 
          446.74921474033266
        ]
      ], 
      "projected_cuboid_centroid": [
        243.88048653718573, 
        496.7518562954909
      ], 
      "quaternion_xyzw": [
        0.9202374263416957, 
        0.17470038671246765, 
        0.18319185942046862, 
        0.2984687532801341
      ], 
      "visibility": 0.5640237966437639
    }, 
    {
      "bounding_box": {
        "bottom_right": [
          539, 
          241
        ], 
        "top_left": [
          400, 
          103
        ]
      }, 
      "class": "004_sugar_box", 
      "cuboid": [
        [
          -37.55330873187709, 
          34.12033163067672, 
          66.15632656291709
        ], 
        [
          -46.17732799766468, 
          30.981326152853967, 
          64.86668387456949
        ], 
        [
          -43.04623999272643, 
          17.764400815533516, 
          76.09878708629606
        ], 
        [
          -34.42222072693883, 
          20.903406293356273, 
          77.38842977464367
        ], 
        [
          -38.99848386994937, 
          36.685254454154375, 
          69.57735316618941
        ], 
        [
          -47.62250313573696, 
          33.54624897633162, 
          68.28771047784181
        ], 
        [
          -44.49141513079871, 
          20.32932363901117, 
          79.51981368956838
        ], 
        [
          -35.86739586501111, 
          23.468329116833925, 
          80.80945637791599
        ]
      ], 
      "cuboid_centroid": [
        -41.0223619313379, 
        27.224827634843944, 
        72.83807012624274
      ], 
      "location": [
        -41.0223619313379, 
        27.224827634843944, 
        72.83807012624274
      ], 
      "pose_transform_permuted": [
        [
          0.32019655097147137, 
          -0.5682905967238399, 
          -0.7579710515990498, 
          0.0
        ], 
        [
          0.9305457755473711, 
          0.33870382205613736, 
          0.13915455411471792, 
          0.0
        ], 
        [
          -0.17764736497992814, 
          0.7498837323027365, 
          -0.6372716243040136, 
          0.0
        ], 
        [
          -41.0223619313379, 
          27.224827634843944, 
          72.83807012624274, 
          1.0
        ]
      ], 
      "projected_cuboid": [
        [
          176.33800718099835, 
          548.3477753315426
        ], 
        [
          98.77334583041272, 
          528.0081757004103
        ], 
        [
          177.40406080844227, 
          397.78396035798175
        ], 
        [
          242.40069601667508, 
          417.3416113779829
        ], 
        [
          180.177420019289, 
          554.4838489410084
        ], 
        [
          106.57104397007276, 
          535.2790897278861
        ], 
        [
          180.71756436126955, 
          409.63024788541145
        ], 
        [
          242.90972019346978, 
          428.1708802764737
        ]
      ], 
      "projected_cuboid_centroid": [
        178.7286634024933, 
        472.626439504856
      ], 
      "quaternion_xyzw": [
        0.9271462343461735, 
        0.13923132293154333, 
        0.1238615571280741, 
        0.32507337471904313
      ], 
      "visibility": 0.43699337271747557
    }, 
    {
      "bounding_box": {
        "bottom_right": [
          433, 
          180
        ], 
        "top_left": [
          345, 
          40
        ]
      }, 
      "class": "024_bowl", 
      "cuboid": [
        [
          -52.98439268715217, 
          9.929118412872642, 
          59.88099397987261
        ], 
        [
          -50.39749025247118, 
          20.820928999403698, 
          71.47473105323839
        ], 
        [
          -49.36614223888737, 
          16.76988826605206, 
          75.0503832692852
        ], 
        [
          -51.95304467356837, 
          5.878077679521006, 
          63.45664619591944
        ], 
        [
          -37.337604441483656, 
          10.422189922169986, 
          55.92651788623547
        ], 
        [
          -34.750702006802655, 
          21.314000508701042, 
          67.52025495960123
        ], 
        [
          -33.71935399321886, 
          17.262959775349405, 
          71.09590717564807
        ], 
        [
          -36.30625642789986, 
          6.371149188818349, 
          59.50217010228229
        ]
      ], 
      "cuboid_centroid": [
        -43.35187334018551, 
        13.596039094111024, 
        65.48845057776033
      ], 
      "location": [
        -43.35187334018551, 
        13.596039094111024, 
        65.48845057776033
      ], 
      "pose_transform_permuted": [
        [
          -0.9690634302443295, 
          -0.03053774107844183, 
          0.2449153211477794, 
          0.0
        ], 
        [
          -0.16051366759321928, 
          -0.675821569664393, 
          -0.7193751236261439, 
          0.0
        ], 
        [
          -0.18748714803651842, 
          0.7364323813807907, 
          -0.650012243711571, 
          0.0
        ], 
        [
          -43.35187334018551, 
          13.596039094111024, 
          65.48845057776033, 
          1.0
        ]
      ], 
      "projected_cuboid": [
        [
          5.768296053338599, 
          361.71849178283816
        ], 
        [
          102.41471405357015, 
          428.64506835389585
        ], 
        [
          127.87022802312126, 
          392.455946987476
        ], 
        [
          41.32044375842875, 
          322.6886751226091
        ], 
        [
          122.57560773027555, 
          372.67334401017644
        ], 
        [
          204.8256448090619, 
          441.6385958018808
        ], 
        [
          226.54644801103734, 
          402.7830853557274
        ], 
        [
          153.47124956012442, 
          330.3913229642514
        ]
      ], 
      "projected_cuboid_centroid": [
        125.6094501768271, 
        384.0088689952081
      ], 
      "quaternion_xyzw": [
        -0.5768456016647332, 
        0.21164000393631247, 
        0.7317549743803916, 
        -0.2949446016516363
      ], 
      "visibility": 0.6982578397212543
    }, 
    {
      "bounding_box": {
        "bottom_right": [
          437, 
          310
        ], 
        "top_left": [
          339, 
          189
        ]
      }, 
      "class": "025_mug", 
      "cuboid": [
        [
          -19.452681393053357, 
          13.142364541597512, 
          49.922552738729166
        ], 
        [
          -30.79415274292845, 
          13.253184574783456, 
          52.79056634812286
        ], 
        [
          -29.754692093731872, 
          6.4779216735939755, 
          57.1628775500874
        ], 
        [
          -18.413220743856783, 
          6.3671016404080305, 
          54.2948639406937
        ], 
        [
          -17.50354434760934, 
          18.287221466535104, 
          57.43155781185283
        ], 
        [
          -28.845015697484428, 
          18.398041499721053, 
          60.299571421246526
        ], 
        [
          -27.805555048287857, 
          11.62277859853157, 
          64.67188262321106
        ], 
        [
          -16.464083698412765, 
          11.511958565345624, 
          61.80386901381737
        ]
      ], 
      "cuboid_centroid": [
        -23.629118220670605, 
        12.38257157006454, 
        57.297217680970114
      ], 
      "location": [
        -23.629118220670605, 
        12.38257157006454, 
        57.297217680970114
      ], 
      "pose_transform_permuted": [
        [
          -0.20938650514779109, 
          -0.5526874641863323, 
          -0.8066566345724691, 
          0.0
        ], 
        [
          0.9694393539834198, 
          -0.009472607042417513, 
          -0.24515031382915817, 
          0.0
        ], 
        [
          -0.12785022747073732, 
          0.833334964397783, 
          -0.5377798401277489, 
          0.0
        ], 
        [
          -23.629118220670605, 
          12.38257157006454, 
          57.297217680970114, 
          1.0
        ]
      ], 
      "projected_cuboid": [
        [
          272.0534554519302, 
          413.6856160472187
        ], 
        [
          167.9048992597906, 
          407.1775598451379
        ], 
        [
          201.6775924140787, 
          333.72440666201896
        ], 
        [
          299.2231418152527, 
          335.82836507911156
        ], 
        [
          317.7015264217104, 
          443.10490442452857
        ], 
        [
          224.35126833807053, 
          436.0080232678032
        ], 
        [
          250.386434830653, 
          369.13430344040205
        ], 
        [
          338.3407982458335, 
          372.6258356907909
        ]
      ], 
      "projected_cuboid_centroid": [
        259.82557536344103, 
        388.54288332622866
      ], 
      "quaternion_xyzw": [
        0.9499251224377729, 
        0.03115446092333304, 
        -0.11962438097501855, 
        0.2869877000188283
      ], 
      "visibility": 0.7402046418767158
    }, 
    {
      "bounding_box": {
        "bottom_right": [
          449, 
          263
        ], 
        "top_left": [
          368, 
          189
        ]
      }, 
      "class": "061_foam_brick", 
      "cuboid": [
        [
          -32.40644499863166, 
          11.594962027893475, 
          66.49923126118729
        ], 
        [
          -33.777946605028916, 
          17.507805174651992, 
          61.62061830000213
        ], 
        [
          -34.917764811871734, 
          20.524110923152406, 
          65.59679050910525
        ], 
        [
          -33.546263205474474, 
          14.611267776393888, 
          70.47540347029042
        ], 
        [
          -27.366686710544442, 
          13.047072627992767, 
          66.8423750267383
        ], 
        [
          -28.7381883169417, 
          18.959915774751284, 
          61.96376206555313
        ], 
        [
          -29.87800652378451, 
          21.9762215232517, 
          65.93993427465624
        ], 
        [
          -28.506504917387254, 
          16.06337837649318, 
          70.81854723584141
        ]
      ], 
      "cuboid_centroid": [
        -31.14222576120809, 
        16.785591775572588, 
        66.21958276792176
      ], 
      "location": [
        -31.14222576120809, 
        16.785591775572588, 
        66.21958276792176
      ], 
      "pose_transform_permuted": [
        [
          -0.9588581141270803, 
          -0.27627674819373294, 
          -0.06528610403567081, 
          0.0
        ], 
        [
          0.17611804287831384, 
          -0.759283370866085, 
          0.6264752171466543, 
          0.0
        ], 
        [
          0.2226511889601584, 
          -0.5892027843906815, 
          -0.7767023412613718, 
          0.0
        ], 
        [
          -31.14222576120809, 
          16.785591775572588, 
          66.21958276792176, 
          1.0
        ]
      ], 
      "projected_cuboid": [
        [
          219.53358752938783, 
          366.277392136025
        ], 
        [
          186.816445639909, 
          424.81464035340866
        ], 
        [
          195.34041914459587, 
          440.153090407878
        ], 
        [
          225.62161672571239, 
          383.85667814946373
        ], 
        [
          261.4250690149659, 
          377.3860606686725
        ], 
        [
          232.18736414831864, 
          436.47376291546914
        ], 
        [
          237.93111750785232, 
          451.029349395823
        ], 
        [
          265.1315637075868, 
          394.2564617436669
        ]
      ], 
      "projected_cuboid_centroid": [
        228.69350569021046, 
        408.47441496343833
      ], 
      "quaternion_xyzw": [
        0.4037949239785289, 
        -0.6079413716691848, 
        -0.20578694607246953, 
        0.6519268983623326
      ], 
      "visibility": 0.14559877175025587
    }
  ]
}