{
  "camera_data": {
    "location_worldframe": [
      -22.483986236664194, 
      15.122629765235368, 
      73.35581045035134
    ], 
    "quaternion_xyzw_worldframe": [
      0.9160670596427861, 
      0.023125885168533766, 
      -0.09429280761424294, 
      -0.38909650242391036
    ]
  }, 
  "objects": [
    {
      "bounding_box": {
        "bottom_right": [
          539, 
          335
        ], 
        "top_left": [
          395, 
          141
        ]
      }, 
      "class": "003_cracker_box", 
      "cuboid": [
        [
          -24.572684999696058, 
          38.78056722876768, 
          61.91667457401802
        ], 
        [
          -38.81349353563977, 
          31.507249335885362, 
          58.2593073845186
        ], 
        [
          -34.022522404607926, 
          15.468127899849632, 
          71.50116247842875
        ], 
        [
          -19.781713868664212, 
          22.74144579273195, 
          75.15852966792818
        ], 
        [
          -27.750818001256704, 
          42.28844664601031, 
          67.3154383356045
        ], 
        [
          -41.99162653720042, 
          35.01512875312799, 
          63.658071146105065
        ], 
        [
          -37.20065540616857, 
          18.976007317092257, 
          76.89992624001522
        ], 
        [
          -22.959846870224858, 
          26.24932520997458, 
          80.55729342951464
        ]
      ], 
      "cuboid_centroid": [
        -30.886670202932315, 
        28.87828727292997, 
        69.40830040701663
      ], 
      "location": [
        -30.886670202932315, 
        28.87828727292997, 
        69.40830040701663
      ], 
      "pose_transform_permuted": [
        [
          0.44263691887803724, 
          -0.48856260461141443, 
          -0.7519169764152613, 
          0.0
        ], 
        [
          0.8681513774130492, 
          0.4433976435489182, 
          0.22296124235187648, 
          0.0
        ], 
        [
          -0.22446769019612473, 
          0.7514686361190184, 
          -0.6204104649241817, 
          0.0
        ], 
        [
          -30.886670202932315, 
          28.87828727292997, 
          69.40830040701663, 
          1.0
        ]
      ], 
      "projected_cuboid": [
        [
          268.1762756687583, 
          607.3231459207428
        ], 
        [
          123.32813033235861, 
          561.7114066771612
        ], 
        [
          225.71188191102007, 
          388.66166249741156
        ], 
        [
          340.05765931849845, 
          434.65822053664203
        ], 
        [
          259.9036246936708, 
          608.3249377280882
        ], 
        [
          126.86458356344974, 
          566.6390309974727
        ], 
        [
          221.45151506247564, 
          404.88973719670463
        ], 
        [
          328.3275266944027, 
          447.0669442429297
        ]
      ], 
      "projected_cuboid_centroid": [
        242.29226307130918, 
        495.181556888117
      ], 
      "quaternion_xyzw": [
        0.9180872766174424, 
        0.1818632473063167, 
        0.18124588429169075, 
        0.30197920660153477
      ], 
      "visibility": 0.5794543125457694
    }, 
    {
      "bounding_box": {
        "bottom_right": [
          539, 
          240
        ], 
        "top_left": [
          399, 
          102
        ]
      }, 
      "class": "004_sugar_box", 
      "cuboid": [
        [
          -37.991888823956145, 
          33.95217414681596, 
          66.49763014537533
        ], 
        [
          -46.58648862154608, 
          30.70049682194807, 
          65.29359906425984
        ], 
        [
          -43.23850788679084, 
          17.645586390821933, 
          76.65191358098421
        ], 
        [
          -34.643908089200906, 
          20.89726371568983, 
          77.85594466209969
        ], 
        [
          -39.44671677269711, 
          36.53812974458649, 
          69.89867301136763
        ], 
        [
          -48.04131657028705, 
          33.28645241971859, 
          68.69464193025216
        ], 
        [
          -44.69333583553181, 
          20.231541988592454, 
          80.05295644697654
        ], 
        [
          -36.09873603794187, 
          23.483219313460353, 
          81.25698752809201
        ]
      ], 
      "cuboid_centroid": [
        -41.34261232974398, 
        27.091858067704212, 
        73.27529329617593
      ], 
      "location": [
        -41.34261232974398, 
        27.091858067704212, 
        73.27529329617593
      ], 
      "pose_transform_permuted": [
        [
          0.3223352513973705, 
          -0.5729506698239915, 
          -0.7535434057144729, 
          0.0
        ], 
        [
          0.9273713668399625, 
          0.350861298525017, 
          0.12991692175416508, 
          0.0
        ], 
        [
          -0.18995312638763132, 
          0.740691553377233, 
          -0.6444324277461956, 
          0.0
        ], 
        [
          -41.34261232974398, 
          27.091858067704212, 
          73.27529329617593, 
          1.0
        ]
      ], 
      "projected_cuboid": [
        [
          174.35798803198506, 
          545.5873601934179
        ], 
        [
          97.90651356179403, 
          524.0488853305906
        ], 
        [
          178.25025569314107, 
          396.0589038509574
        ], 
        [
          242.30580767870222, 
          416.4345021174937
        ], 
        [
          178.11455665546157, 
          552.0686562351965
        ], 
        [
          105.51400504896405, 
          531.7101417867358
        ], 
        [
          181.3649613050543, 
          408.0707860486803
        ], 
        [
          242.6932908422525, 
          427.41556881021745
        ]
      ], 
      "projected_cuboid_centroid": [
        178.18553276788177, 
        470.46921446147434
      ], 
      "quaternion_xyzw": [
        0.9248792253494058, 
        0.1461851477711418, 
        0.12224627842102338, 
        0.32906542395042915
      ], 
      "visibility": 0.4384423202596284
    }, 
    {
      "bounding_box": {
        "bottom_right": [
          430, 
          180
        ], 
        "top_left": [
          342, 
          43
        ]
      }, 
      "class": "024_bowl", 
      "cuboid": [
        [
          -53.179306058933264, 
          9.517760287674536, 
          60.58036958001338
        ], 
        [
          -50.651073188476104, 
          20.56629472935426, 
          72.03795512974946
        ], 
        [
          -49.552487483257686, 
          16.567205260864142, 
          75.65185764501177
        ], 
        [
          -52.08072035371485, 
          5.518670819184419, 
          64.19427209527568
        ], 
        [
          -37.5623484879872, 
          10.146158166813578, 
          56.52836570217925
        ], 
        [
          -35.034115617530034, 
          21.194692608493305, 
          67.98595125191534
        ], 
        [
          -33.935529912311615, 
          17.195603140003186, 
          71.59985376717763
        ], 
        [
          -36.46376278276879, 
          6.147068698323461, 
          60.142268217441554
        ]
      ], 
      "cuboid_centroid": [
        -43.55741798562244, 
        13.356681713838862, 
        66.09011167359552
      ], 
      "location": [
        -43.55741798562244, 
        13.356681713838862, 
        66.09011167359552
      ], 
      "pose_transform_permuted": [
        [
          -0.9672159062976151, 
          -0.03891900336066214, 
          0.25095557730860735, 
          0.0
        ], 
        [
          -0.1568733034250885, 
          -0.6855460650500736, 
          -0.710927112555753, 
          0.0
        ], 
        [
          -0.1997101832090285, 
          0.7269882419075104, 
          -0.6569657059929718, 
          0.0
        ], 
        [
          -43.55741798562244, 
          13.356681713838862, 
          66.09011167359552, 
          1.0
        ]
      ], 
      "projected_cuboid": [
        [
          9.531324198581784, 
          357.0761877398635
        ], 
        [
          103.48632766465035, 
          425.54527037713757
        ], 
        [
          129.35793588785776, 
          390.07963836364985
        ], 
        [
          45.30989712621433, 
          319.135102423103
        ], 
        [
          124.26001908357892, 
          369.010954866619
        ], 
        [
          204.4797172244656, 
          439.5494852412009
        ], 
        [
          226.71796037747654, 
          401.36992665459667
        ], 
        [
          155.55516611519053, 
          327.7964893530984
        ]
      ], 
      "projected_cuboid_centroid": [
        127.17775417735618, 
        381.0693778615523
      ], 
      "quaternion_xyzw": [
        -0.5742733149759388, 
        0.21150028617532118, 
        0.7305506694681086, 
        -0.30294142667189333
      ], 
      "visibility": 0.7024764150943397
    }, 
    {
      "bounding_box": {
        "bottom_right": [
          435, 
          309
        ], 
        "top_left": [
          338, 
          189
        ]
      }, 
      "class": "025_mug", 
      "cuboid": [
        [
          -19.744908971777296, 
          13.00429879337569, 
          50.38926604293154
        ], 
        [
          -31.070141230456365, 
          13.016986384963984, 
          53.32281488954291
        ], 
        [
          -29.927461350524403, 
          6.302942328364525, 
          57.763272767546866
        ], 
        [
          -18.60222909184533, 
          6.290254736776234, 
          54.82972392093549
        ], 
        [
          -17.811799777321188, 
          18.254039756288048, 
          57.829504873293544
        ], 
        [
          -29.13703203600026, 
          18.266727347876337, 
          60.763053719904924
        ], 
        [
          -27.99435215606829, 
          11.552683291276882, 
          65.20351159790889
        ], 
        [
          -16.669119897389223, 
          11.539995699688593, 
          62.269962751297506
        ]
      ], 
      "cuboid_centroid": [
        -23.869630563922794, 
        12.278491042326287, 
        57.796388820420205
      ], 
      "location": [
        -23.869630563922794, 
        12.278491042326287, 
        57.796388820420205
      ], 
      "pose_transform_permuted": [
        [
          -0.2076647094889212, 
          -0.5639546566131846, 
          -0.7992694047839518, 
          0.0
        ], 
        [
          0.9680512788745832, 
          -0.0010845021967183382, 
          -0.25075209476846794, 
          0.0
        ], 
        [
          -0.14054585201320957, 
          0.8258052486626275, 
          -0.546161656254938, 
          0.0
        ], 
        [
          -23.869630563922794, 
          12.278491042326287, 
          57.796388820420205, 
          1.0
        ]
      ], 
      "projected_cuboid": [
        [
          270.875571961702, 
          410.9239309533266
        ], 
        [
          168.2526963887, 
          403.4787224592073
        ], 
        [
          202.97864794274486, 
          331.48065362378367
        ], 
        [
          299.14841275992916, 
          334.4707970722767
        ], 
        [
          315.9628477138329, 
          441.63030809226876
        ], 
        [
          223.72906451350985, 
          433.6142835219635
        ], 
        [
          250.71448435863493, 
          367.7794891495689
        ], 
        [
          337.6423838331626, 
          372.12240401423594
        ]
      ], 
      "projected_cuboid_centroid": [
        259.5031165524413, 
        386.5870375162864
      ], 
      "quaternion_xyzw": [
        0.9477771273249268, 
        0.03678643053196399, 
        -0.12091893522247608, 
        0.29282103378074587
      ], 
      "visibility": 0.7564313775186922
    }, 
    {
      "bounding_box": {
        "bottom_right": [
          447, 
          263
        ], 
        "top_left": [
          366, 
          189
        ]
      }, 
      "class": "061_foam_brick", 
      "cuboid": [
        [
          -32.583997524256425, 
          11.49241972016299, 
          67.05820880884848
        ], 
        [
          -34.05167788547941, 
          17.334742783341728, 
          62.12295088830434
        ], 
        [
          -35.20316635944051, 
          20.38167206127805, 
          66.0723214228478
        ], 
        [
          -33.73548599821753, 
          14.539348998099314, 
          71.00757934339194
        ], 
        [
          -27.559399763258753, 
          13.005869305396022, 
          67.35557076713538
        ], 
        [
          -29.027080124481735, 
          18.84819236857476, 
          62.42031284659125
        ], 
        [
          -30.178568598442833, 
          21.895121646511083, 
          66.36968338113472
        ], 
        [
          -28.71088823721985, 
          16.052798583332343, 
          71.30494130167885
        ]
      ], 
      "cuboid_centroid": [
        -31.38128306134963, 
        16.693770683337036, 
        66.7139460949916
      ], 
      "location": [
        -31.38128306134963, 
        16.693770683337036, 
        66.7139460949916
      ], 
      "pose_transform_permuted": [
        [
          -0.9559736911878656, 
          -0.2879470268550787, 
          -0.05657571459529988, 
          0.0
        ], 
        [
          0.1884686037434053, 
          -0.7502277058593838, 
          0.6337491418250422, 
          0.0
        ], 
        [
          0.22493084972866556, 
          -0.5951847604620658, 
          -0.7714669233052409, 
          0.0
        ], 
        [
          -31.38128306134963, 
          16.693770683337036, 
          66.7139460949916, 
          1.0
        ]
      ], 
      "projected_cuboid": [
        [
          220.29421391073464, 
          364.6867200569282
        ], 
        [
          186.83053190545047, 
          422.10364443558694
        ], 
        [
          195.0777555023187, 
          437.8023989951056
        ], 
        [
          226.10701210025326, 
          382.48783196932476
        ], 
        [
          261.56399125965737, 
          376.2666585228026
        ], 
        [
          231.5227179513302, 
          434.32562348301957
        ], 
        [
          237.07355361719925, 
          449.2267648308219
        ], 
        [
          265.0667370927079, 
          393.3521560565123
        ]
      ], 
      "projected_cuboid_centroid": [
        228.64059070934945, 
        406.73861724706836
      ], 
      "quaternion_xyzw": [
        0.4030693358085678, 
        -0.6048330082167228, 
        -0.199856774465634, 
        0.6570916316637603
      ], 
      "visibility": 0.15191511387163562
    }
  ]
}