{
  "camera_data": {
    "location_worldframe": [
      -16.229102046458742, 
      2.552685137943142, 
      71.59671646880415
    ], 
    "quaternion_xyzw_worldframe": [
      -0.8442619102119174, 
      -0.030967550773483572, 
      -0.06483136619932833, 
      0.5310959133517168
    ]
  }, 
  "objects": [
    {
      "bounding_box": {
        "bottom_right": [
          499, 
          381
        ], 
        "top_left": [
          322, 
          232
        ]
      }, 
      "class": "003_cracker_box", 
      "cuboid": [
        [
          -12.879342844637534, 
          28.529016608375002, 
          68.60940423777423
        ], 
        [
          -25.9920156484115, 
          25.281308833922537, 
          59.304119618801856
        ], 
        [
          -26.65043677708521, 
          5.444955816483247, 
          67.15517863852898
        ], 
        [
          -13.53776397331125, 
          8.69266359093571, 
          76.46046325750136
        ], 
        [
          -17.187603860352315, 
          30.765890001210128, 
          73.89974278836257
        ], 
        [
          -30.30027666412628, 
          27.51818222675766, 
          64.59445816939021
        ], 
        [
          -30.958697792799995, 
          7.681829209318369, 
          72.44551718911733
        ], 
        [
          -17.846024989026034, 
          10.929536983770834, 
          81.7508018080897
        ]
      ], 
      "cuboid_centroid": [
        -21.919020318718765, 
        18.105422908846684, 
        70.52746071344578
      ], 
      "location": [
        -21.919020318718765, 
        18.105422908846684, 
        70.52746071344578
      ], 
      "pose_transform_permuted": [
        [
          0.6000363675094501, 
          -0.31154226271795216, 
          -0.7368159717369342, 
          0.0
        ], 
        [
          0.7993777128194929, 
          0.19798749282455205, 
          0.5672708567629084, 
          0.0
        ], 
        [
          0.030848499372586213, 
          0.9293774105419318, 
          -0.36783963742483367, 
          0.0
        ], 
        [
          -21.919020318718765, 
          18.105422908846684, 
          70.52746071344578, 
          1.0
        ]
      ], 
      "projected_cuboid": [
        [
          380.6481214786923, 
          495.05035323235205
        ], 
        [
          245.90398645421092, 
          500.64034031414684
        ], 
        [
          268.1861862966532, 
          316.52820043106937
        ], 
        [
          386.3828624880768, 
          333.9187592034274
        ], 
        [
          356.5239015937407, 
          495.3177793935306
        ], 
        [
          229.34015756232088, 
          500.48846660999084
        ], 
        [
          251.79025209136958, 
          329.83758642258056
        ], 
        [
          364.2043354790855, 
          344.58780940042055
        ]
      ], 
      "projected_cuboid_centroid": [
        314.4669851013222, 
        410.19741639964184
      ], 
      "quaternion_xyzw": [
        0.9308022205466584, 
        0.04489111375180365, 
        0.3135218198090464, 
        0.18247214207970688
      ], 
      "visibility": 0.8097996515679442
    }, 
    {
      "bounding_box": {
        "bottom_right": [
          474, 
          272
        ], 
        "top_left": [
          333, 
          182
        ]
      }, 
      "class": "004_sugar_box", 
      "cuboid": [
        [
          -27.40907838002472, 
          24.975486253393058, 
          67.81423442454444
        ], 
        [
          -35.51974673586643, 
          23.784081072686877, 
          63.49128930957713
        ], 
        [
          -36.750611710491384, 
          7.561730939067955, 
          70.271502992225
        ], 
        [
          -28.639943354649684, 
          8.753136119774135, 
          74.5944481071923
        ], 
        [
          -29.569992677587422, 
          26.64199357459904, 
          71.40922900553504
        ], 
        [
          -37.680661033429125, 
          25.450588393892865, 
          67.08628389056773
        ], 
        [
          -38.91152600805409, 
          9.228238260273942, 
          73.8664975732156
        ], 
        [
          -30.800857652212382, 
          10.419643440980122, 
          78.18944268818291
        ]
      ], 
      "cuboid_centroid": [
        -33.1603021940394, 
        17.1018622568335, 
        70.84036599888002
      ], 
      "location": [
        -33.1603021940394, 
        17.1018622568335, 
        70.84036599888002
      ], 
      "pose_transform_permuted": [
        [
          0.4787774760278994, 
          -0.3692354527567133, 
          -0.7965158237705217, 
          0.0
        ], 
        [
          0.875154373243967, 
          0.12855456646178298, 
          0.4664528441644898, 
          0.0
        ], 
        [
          0.06983512409850738, 
          0.9204013909778367, 
          -0.38468643897059757, 
          0.0
        ], 
        [
          -33.1603021940394, 
          17.1018622568335, 
          70.84036599888002, 
          1.0
        ]
      ], 
      "projected_cuboid": [
        [
          264.2442339667691, 
          469.70423746865805
        ], 
        [
          180.74884370061244, 
          473.07010422696646
        ], 
        [
          200.3570817695633, 
          330.67565050578634
        ], 
        [
          275.1268638837757, 
          335.86785636762403
        ], 
        [
          258.91327470998596, 
          472.26217608771077
        ], 
        [
          179.54868458949497, 
          475.6125039841478
        ], 
        [
          198.3127757661109, 
          339.91485181877516
        ], 
        [
          269.7578182488102, 
          344.3575126000499
        ]
      ], 
      "projected_cuboid_centroid": [
        229.87028749919668, 
        402.03739805475817
      ], 
      "quaternion_xyzw": [
        0.9476380622358312, 
        0.015490999333842329, 
        0.24936480441758493, 
        0.1988950005734595
      ], 
      "visibility": 0.513518605746585
    }, 
    {
      "bounding_box": {
        "bottom_right": [
          373, 
          245
        ], 
        "top_left": [
          297, 
          74
        ]
      }, 
      "class": "024_bowl", 
      "cuboid": [
        [
          -42.21304871617211, 
          6.463160780800299, 
          50.4692217430953
        ], 
        [
          -42.21785755466036, 
          12.972844695375093, 
          65.21243487976136
        ], 
        [
          -42.564647846477236, 
          7.950613047667218, 
          67.42982620489569
        ], 
        [
          -42.559839007989, 
          1.4409291330924237, 
          52.686613068229626
        ], 
        [
          -26.098867560976274, 
          5.533929939246149, 
          50.88476817113282
        ], 
        [
          -26.103676399464515, 
          12.043613853820943, 
          65.62798130779889
        ], 
        [
          -26.4504666912814, 
          7.021382206113068, 
          67.84537263293322
        ], 
        [
          -26.445657852793154, 
          0.5116982915382734, 
          53.102159496267156
        ]
      ], 
      "cuboid_centroid": [
        -34.33175770372676, 
        6.742271493456683, 
        59.157297188014255
      ], 
      "location": [
        -34.33175770372676, 
        6.742271493456683, 
        59.157297188014255
      ], 
      "pose_transform_permuted": [
        [
          -0.9980108007249016, 
          0.057550700672041766, 
          -0.025736326245183162, 
          0.0
        ], 
        [
          0.00029838168315251407, 
          -0.4039167561917869, 
          -0.9147956957899813, 
          0.0
        ], 
        [
          0.06304246667772931, 
          0.9129836641033956, 
          -0.4030961131982371, 
          0.0
        ], 
        [
          -34.33175770372676, 
          6.742271493456683, 
          59.157297188014255, 
          1.0
        ]
      ], 
      "projected_cuboid": [
        [
          31.80494037624154, 
          341.58420722489024
        ], 
        [
          133.45419198036984, 
          379.38090691947735
        ], 
        [
          142.1369617267474, 
          336.1699513785336
        ], 
        [
          47.19544996619493, 
          287.87232514609565
        ], 
        [
          205.77716493440028, 
          331.28725832610206
        ], 
        [
          267.70022783084966, 
          371.1578269103045
        ], 
        [
          271.94225125083943, 
          328.48028939185656
        ], 
        [
          213.78266463858944, 
          278.4256645657649
        ]
      ], 
      "projected_cuboid_centroid": [
        169.50735507224758, 
        334.0700016188772
      ], 
      "quaternion_xyzw": [
        0.6962431996134201, 
        -0.16767101751542748, 
        -0.6868313031915224, 
        0.12407496860222651
      ], 
      "visibility": 0.7519142419601837
    }, 
    {
      "bounding_box": {
        "bottom_right": [
          363, 
          410
        ], 
        "top_left": [
          274, 
          297
        ]
      }, 
      "class": "025_mug", 
      "cuboid": [
        [
          -7.0904560798417045, 
          6.935131087666985, 
          50.69859706974829
        ], 
        [
          -18.735268000234388, 
          8.050007776657441, 
          50.549731927802945
        ], 
        [
          -19.510807804119594, 
          0.22591084839869227, 
          52.61947015716647
        ], 
        [
          -7.86599588372691, 
          -0.8889658405917662, 
          52.76833529911181
        ], 
        [
          -6.978616299401251, 
          9.305203716726348, 
          59.69993545827096
        ], 
        [
          -18.623428219793936, 
          10.420080405716806, 
          59.551070316325614
        ], 
        [
          -19.398968023679142, 
          2.595983477458056, 
          61.620808545689144
        ], 
        [
          -7.754156103286457, 
          1.4811067884675975, 
          61.76967368763449
        ]
      ], 
      "cuboid_centroid": [
        -13.244712051760423, 
        4.76555728256252, 
        56.159702807718716
      ], 
      "location": [
        -13.244712051760423, 
        4.76555728256252, 
        56.159702807718716
      ], 
      "pose_transform_permuted": [
        [
          -0.012014414695806224, 
          -0.2546056091361846, 
          -0.966970891672761, 
          0.0
        ], 
        [
          0.9953681138107575, 
          -0.09529674799716245, 
          0.012724603588557789, 
          0.0
        ], 
        [
          0.09538883498473215, 
          0.9623380863952343, 
          -0.2545709677740442, 
          0.0
        ], 
        [
          -13.244712051760423, 
          4.76555728256252, 
          56.159702807718716, 
          1.0
        ]
      ], 
      "projected_cuboid": [
        [
          406.3880422281289, 
          346.2400600645695
        ], 
        [
          282.28536930285105, 
          358.2172908903364
        ], 
        [
          282.19919670785805, 
          275.5762356758812
        ], 
        [
          401.43441992171046, 
          264.3019283880042
        ], 
        [
          418.73521320683477, 
          356.41304941620683
        ], 
        [
          313.4219291428718, 
          366.60531309441956
        ], 
        [
          312.30252019400655, 
          295.75441626463845
        ], 
        [
          414.08973270680093, 
          286.07441928144
        ]
      ], 
      "projected_cuboid_centroid": [
        354.7707290094678, 
        318.5425649268831
      ], 
      "quaternion_xyzw": [
        0.9905398896408404, 
        -0.04812667944423602, 
        0.00017924288061964657, 
        0.12850986170149367
      ], 
      "visibility": 0.8753976670201484
    }, 
    {
      "bounding_box": {
        "bottom_right": [
          372, 
          317
        ], 
        "top_left": [
          298, 
          265
        ]
      }, 
      "class": "061_foam_brick", 
      "cuboid": [
        [
          -24.318121955073984, 
          2.7878620215392944, 
          62.14363523463297
        ], 
        [
          -23.78131054912512, 
          9.998251378099567, 
          59.251280830205864
        ], 
        [
          -25.77446481971587, 
          11.880851931973009, 
          63.57451833903096
        ], 
        [
          -26.311276225664738, 
          4.670462575412737, 
          66.46687274345805
        ], 
        [
          -19.490430439209312, 
          3.2419434994867227, 
          64.17162465278446
        ], 
        [
          -18.953619033260445, 
          10.452332856046995, 
          61.279270248357356
        ], 
        [
          -20.946773303851195, 
          12.334933409920437, 
          65.60250775718245
        ], 
        [
          -21.48358470980006, 
          5.124544053360164, 
          68.49486216160955
        ]
      ], 
      "cuboid_centroid": [
        -22.63244762946259, 
        7.561397715729866, 
        63.87307149590771
      ], 
      "location": [
        -22.63244762946259, 
        7.561397715729866, 
        63.87307149590771
      ], 
      "pose_transform_permuted": [
        [
          -0.9185105550461258, 
          -0.0863929745666351, 
          -0.38584273248875234, 
          0.0
        ], 
        [
          -0.06893333100704073, 
          -0.9259046113725055, 
          0.37141465576280575, 
          0.0
        ], 
        [
          0.38934118218489544, 
          -0.36774570641226867, 
          -0.8444978029990426, 
          0.0
        ], 
        [
          -22.63244762946259, 
          7.561397715729866, 
          63.87307149590771, 
          1.0
        ]
      ], 
      "projected_cuboid": [
        [
          271.15860795815695, 
          297.21210019954947
        ], 
        [
          265.7581381793011, 
          363.2805968894419
        ], 
        [
          263.57607388199517, 
          372.9536871100797
        ], 
        [
          268.72023236578036, 
          310.7615845892316
        ], 
        [
          318.265499442717, 
          300.2297853304899
        ], 
        [
          315.2671783845004, 
          364.2542303080663
        ], 
        [
          309.8898987897513, 
          373.56413055414237
        ], 
        [
          312.9260408490703, 
          313.1876285483718
        ]
      ], 
      "projected_cuboid_centroid": [
        291.0486003111014, 
        336.42177452947993
      ], 
      "quaternion_xyzw": [
        -0.4871251623221292, 
        0.6750040314524168, 
        0.28077788913392904, 
        -0.47774722472152453
      ], 
      "visibility": 0.7293710328909405
    }
  ]
}