{
  "camera_data": {
    "location_worldframe": [
      -16.06024485536039, 
      5.500535849767417, 
      73.76621387013475
    ], 
    "quaternion_xyzw_worldframe": [
      -0.8521580046532875, 
      -0.018720648709569954, 
      -0.03661689884161945, 
      0.5216657625760133
    ]
  }, 
  "objects": [
    {
      "bounding_box": {
        "bottom_right": [
          512, 
          387
        ], 
        "top_left": [
          341, 
          237
        ]
      }, 
      "class": "003_cracker_box", 
      "cuboid": [
        [
          -13.115095302519775, 
          31.417451300148514, 
          69.95124308400564
        ], 
        [
          -26.743174762968845, 
          27.851565361983976, 
          61.54660011818949
        ], 
        [
          -26.756660713798112, 
          8.211053958706731, 
          69.90145960792734
        ], 
        [
          -13.128581253349036, 
          11.776939896871268, 
          78.30610257374347
        ], 
        [
          -17.111293845165825, 
          33.754788909310264, 
          75.43938007605442
        ], 
        [
          -30.739373305614905, 
          30.188902971145726, 
          67.03473711023827
        ], 
        [
          -30.752859256444165, 
          10.548391567868482, 
          75.3895965999761
        ], 
        [
          -17.12477979599509, 
          14.114277506033018, 
          83.79423956579227
        ]
      ], 
      "cuboid_centroid": [
        -21.93397727948197, 
        20.982921434008496, 
        72.67041984199088
      ], 
      "location": [
        -21.93397727948197, 
        20.982921434008496, 
        72.67041984199088
      ], 
      "pose_transform_permuted": [
        [
          0.5565736264886139, 
          -0.325534493738642, 
          -0.7643645018468865, 
          0.0
        ], 
        [
          0.8307980495083114, 
          0.21738434170375676, 
          0.5123657374524668, 
          0.0
        ], 
        [
          0.0006318468949095268, 
          0.9202017938302178, 
          -0.39144381384963933, 
          0.0
        ], 
        [
          -21.93397727948197, 
          20.982921434008496, 
          72.67041984199088, 
          1.0
        ]
      ], 
      "projected_cuboid": [
        [
          380.7721797522304, 
          512.818264552369
        ], 
        [
          247.92831920316814, 
          514.6286300059029
        ], 
        [
          275.7534508158941, 
          335.9335256010848
        ], 
        [
          391.4370640601171, 
          353.4957741762274
        ], 
        [
          359.6204818218831, 
          511.91641448617963
        ], 
        [
          235.00060871255562, 
          513.4654935949803
        ], 
        [
          262.23283452056523, 
          347.9077595798464
        ], 
        [
          371.69583442334033, 
          363.11873450574575
        ]
      ], 
      "projected_cuboid_centroid": [
        319.2847586139482, 
        427.277707115043
      ], 
      "quaternion_xyzw": [
        0.9374652453805175, 
        0.057802808124600744, 
        0.28506106471904397, 
        0.19120130349399236
      ], 
      "visibility": 0.7992801771871539
    }, 
    {
      "bounding_box": {
        "bottom_right": [
          486, 
          282
        ], 
        "top_left": [
          350, 
          192
        ]
      }, 
      "class": "004_sugar_box", 
      "cuboid": [
        [
          -27.636194605023856, 
          27.746256364015963, 
          70.1322914039433
        ], 
        [
          -35.98512067605219, 
          26.393136451674003, 
          66.34352618115472
        ], 
        [
          -36.66531786994371, 
          10.335118648850482, 
          73.5773609904018
        ], 
        [
          -28.31639179891538, 
          11.688238561192447, 
          77.36612621319038
        ], 
        [
          -29.587721612173866, 
          29.486229696060573, 
          73.8112611557262
        ], 
        [
          -37.9366476832022, 
          28.133109783718606, 
          70.02249593293762
        ], 
        [
          -38.616844877093726, 
          12.075091980895088, 
          77.2563307421847
        ], 
        [
          -30.267918806065392, 
          13.428211893237052, 
          81.04509596497329
        ]
      ], 
      "cuboid_centroid": [
        -33.12651974105879, 
        19.91067417245553, 
        73.694311073064
      ], 
      "location": [
        -33.12651974105879, 
        19.91067417245553, 
        73.694311073064
      ], 
      "pose_transform_permuted": [
        [
          0.43238511399430096, 
          -0.38551276245049637, 
          -0.8151215687398143, 
          0.0
        ], 
        [
          0.9008627701672015, 
          0.14600385034319066, 
          0.4088139606312372, 
          0.0
        ], 
        [
          0.03859209289901551, 
          0.9110777292025143, 
          -0.4104233705779114, 
          0.0
        ], 
        [
          -33.12651974105879, 
          19.91067417245553, 
          73.694311073064, 
          1.0
        ]
      ], 
      "projected_cuboid": [
        [
          269.68682417992426, 
          484.28238001640267
        ], 
        [
          189.91068776244518, 
          485.4545872429516
        ], 
        [
          213.616695960875, 
          348.19981423428027
        ], 
        [
          284.772730472778, 
          353.8588352201883
        ], 
        [
          266.03088308239535, 
          486.3378188369947
        ], 
        [
          190.2483559554927, 
          487.55965383166915
        ], 
        [
          212.79385960801574, 
          356.64388824823743
        ], 
        [
          280.7582961362463, 
          361.6512722613493
        ]
      ], 
      "projected_cuboid_centroid": [
        239.86537918729107, 
        417.3784264283269
      ], 
      "quaternion_xyzw": [
        0.9522423625461023, 
        0.028199689928984563, 
        0.2208468945805832, 
        0.20896364316859328
      ], 
      "visibility": 0.5077555213148434
    }, 
    {
      "bounding_box": {
        "bottom_right": [
          389, 
          251
        ], 
        "top_left": [
          317, 
          91
        ]
      }, 
      "class": "024_bowl", 
      "cuboid": [
        [
          -43.31546676920012, 
          8.710695993615895, 
          54.17860561531692
        ], 
        [
          -42.475645930348456, 
          15.582238638008889, 
          68.73246915840001
        ], 
        [
          -42.64481150767297, 
          10.614038134525467, 
          71.08794475435798
        ], 
        [
          -43.484632346524634, 
          3.742495490132475, 
          56.53408121127489
        ], 
        [
          -27.198751345369203, 
          7.9020232394472965, 
          53.63041275041
        ], 
        [
          -26.35893050651754, 
          14.77356588384029, 
          68.1842762934931
        ], 
        [
          -26.52809608384205, 
          9.80536538035687, 
          70.53975188945107
        ], 
        [
          -27.36791692269372, 
          2.933822735963877, 
          55.98588834636797
        ]
      ], 
      "cuboid_centroid": [
        -34.921781426521086, 
        9.258030686986382, 
        62.35917875238399
      ], 
      "location": [
        -34.921781426521086, 
        9.258030686986382, 
        62.35917875238399
      ], 
      "pose_transform_permuted": [
        [
          -0.9981677573487215, 
          0.050084092709357694, 
          0.03395161037276914, 
          0.0
        ], 
        [
          -0.052109705089020145, 
          -0.4263695828214489, 
          -0.9030468190964402, 
          0.0
        ], 
        [
          0.03075234665776273, 
          0.9031614266022128, 
          -0.42819823758733144, 
          0.0
        ], 
        [
          -34.921781426521086, 
          9.258030686986382, 
          62.35917875238399, 
          1.0
        ]
      ], 
      "projected_cuboid": [
        [
          51.6579966594968, 
          359.03228030324266
        ], 
        [
          149.26688665004949, 
          394.19464905401094
        ], 
        [
          158.99883876135598, 
          352.9157129875215
        ], 
        [
          67.96214121465911, 
          308.591721899756
        ], 
        [
          208.86916988434587, 
          351.8670210346543
        ], 
        [
          273.70625987954696, 
          388.84150794557434
        ], 
        [
          279.35854184173877, 
          347.42052963040135
        ], 
        [
          218.71866529660593, 
          301.23402912352753
        ]
      ], 
      "projected_cuboid_centroid": [
        180.44368854638714, 
        352.46476267510934
      ], 
      "quaternion_xyzw": [
        -0.6739992787719478, 
        0.1695557932614205, 
        0.7051990396448371, 
        -0.14025020381583786
      ], 
      "visibility": 0.7044765679645605
    }, 
    {
      "bounding_box": {
        "bottom_right": [
          383, 
          405
        ], 
        "top_left": [
          298, 
          295
        ]
      }, 
      "class": "025_mug", 
      "cuboid": [
        [
          -8.249394902479956, 
          9.427965721764133, 
          52.24839407712031
        ], 
        [
          -19.890496433262005, 
          10.459309234342825, 
          52.78490244848646
        ], 
        [
          -20.473283547356623, 
          2.6835834005577195, 
          55.08712268246483
        ], 
        [
          -8.832182016574572, 
          1.652239887979027, 
          54.55061431109868
        ], 
        [
          -7.608742477708037, 
          12.02025096313135, 
          61.165987187720326
        ], 
        [
          -19.24984400849009, 
          13.051594475710043, 
          61.70249555908648
        ], 
        [
          -19.832631122584704, 
          5.275868641924935, 
          64.00471579306485
        ], 
        [
          -8.191529591802654, 
          4.244525129346243, 
          63.46820742169869
        ]
      ], 
      "cuboid_centroid": [
        -14.04101301253233, 
        7.351917181844534, 
        58.12655493509258
      ], 
      "location": [
        -14.04101301253233, 
        7.351917181844534, 
        58.12655493509258
      ], 
      "pose_transform_permuted": [
        [
          -0.06882223728239283, 
          -0.27847685123260835, 
          -0.9579745355120477, 
          0.0
        ], 
        [
          0.9950509593961143, 
          -0.08815655021517915, 
          -0.04585933455182862, 
          0.0
        ], 
        [
          0.07168089062496154, 
          0.956388601500117, 
          -0.28316548666788993, 
          0.0
        ], 
        [
          -14.04101301253233, 
          7.351917181844534, 
          58.12655493509258, 
          1.0
        ]
      ], 
      "projected_cuboid": [
        [
          396.6905791411471, 
          369.52143357385154
        ], 
        [
          278.95592016696907, 
          378.96361954015606
        ], 
        [
          281.73556458928687, 
          299.2673391360039
        ], 
        [
          394.5287611247174, 
          289.43982790279983
        ], 
        [
          414.7019184922549, 
          378.0937278596159
        ], 
        [
          313.8263272102327, 
          386.09673896980445
        ], 
        [
          314.9644192358156, 
          317.2477372479743
        ], 
        [
          412.190510384237, 
          308.95303093438537
        ]
      ], 
      "projected_cuboid_centroid": [
        351.6951407959674, 
        340.741445833938
      ], 
      "quaternion_xyzw": [
        0.9886119178434325, 
        -0.04041966264902299, 
        -0.02900065479798912, 
        0.14202801113445765
      ], 
      "visibility": 0.887002425452989
    }, 
    {
      "bounding_box": {
        "bottom_right": [
          391, 
          320
        ], 
        "top_left": [
          319, 
          269
        ]
      }, 
      "class": "061_foam_brick", 
      "cuboid": [
        [
          -24.712170886522678, 
          5.447010473760775, 
          64.82253936689523
        ], 
        [
          -24.412700568194435, 
          12.587286129202354, 
          61.72893689529161
        ], 
        [
          -26.154187144796314, 
          14.562403781912684, 
          66.11908109690941
        ], 
        [
          -26.453657463124557, 
          7.422128126471106, 
          69.21268356851303
        ], 
        [
          -19.773772689350857, 
          5.983968076768755, 
          66.53993164003586
        ], 
        [
          -19.474302371022613, 
          13.124243732210333, 
          63.446329168432236
        ], 
        [
          -21.215788947624493, 
          15.099361384920664, 
          67.83647337005004
        ], 
        [
          -21.515259265952736, 
          7.959085729479084, 
          70.93007584165366
        ]
      ], 
      "cuboid_centroid": [
        -22.963979917073583, 
        10.27318592934072, 
        66.32950636847264
      ], 
      "location": [
        -22.963979917073583, 
        10.27318592934072, 
        66.32950636847264
      ], 
      "pose_transform_permuted": [
        [
          -0.9395734698907436, 
          -0.10216088255729422, 
          -0.3267489078062589, 
          0.0
        ], 
        [
          -0.03845575252562911, 
          -0.9169011309810995, 
          0.3972574368130421, 
          0.0
        ], 
        [
          0.3401806134616668, 
          -0.3858179234829498, 
          -0.8575673035652358, 
          0.0
        ], 
        [
          -22.963979917073583, 
          10.27318592934072, 
          66.32950636847264, 
          1.0
        ]
      ], 
      "projected_cuboid": [
        [
          276.5863361835111, 
          318.10115622637454
        ], 
        [
          268.9209304228705, 
          382.0369317079499
        ], 
        [
          268.8781303515332, 
          390.74756414960757
        ], 
        [
          276.0592342686616, 
          330.4778802985418
        ], 
        [
          321.78891801319315, 
          321.24822477240224
        ], 
        [
          316.53505173009745, 
          383.60680849097787
        ], 
        [
          313.411912371068, 
          391.99531984909197
        ], 
        [
          318.4768111562511, 
          333.13049321905925
        ]
      ], 
      "projected_cuboid_centroid": [
        295.4174518901956, 
        355.8876537991743
      ], 
      "quaternion_xyzw": [
        0.47499348200730085, 
        -0.661631049720091, 
        -0.28543340783640775, 
        0.5051270293577304
      ], 
      "visibility": 0.633291219204043
    }
  ]
}