{
  "camera_data": {
    "location_worldframe": [
      -11.754810839652812, 
      -2.338725893975639, 
      71.98999981838705
    ], 
    "quaternion_xyzw_worldframe": [
      -0.8264462410653364, 
      -0.07506701736048373, 
      -0.14118933050633845, 
      0.5398338675465778
    ]
  }, 
  "objects": [
    {
      "bounding_box": {
        "bottom_right": [
          464, 
          414
        ], 
        "top_left": [
          286, 
          278
        ]
      }, 
      "class": "003_cracker_box", 
      "cuboid": [
        [
          -7.890822238002329, 
          23.695143955438226, 
          70.49926017802146
        ], 
        [
          -19.155524068440357, 
          20.844105291095254, 
          58.920996625445724
        ], 
        [
          -21.22183319570306, 
          0.7708191472676568, 
          65.87420431147132
        ], 
        [
          -9.957131365265031, 
          3.621857811610632, 
          77.45246786404705
        ], 
        [
          -13.063619528058885, 
          25.792051092788082, 
          75.01562444458118
        ], 
        [
          -24.32832135849691, 
          22.941012428445102, 
          63.437360892005444
        ], 
        [
          -26.394630485759617, 
          2.8677262846175084, 
          70.39056857803104
        ], 
        [
          -15.129928655321587, 
          5.718764948960484, 
          81.96883213060677
        ]
      ], 
      "cuboid_centroid": [
        -17.14272636188097, 
        13.281435120027869, 
        70.44491437802624
      ], 
      "location": [
        -17.14272636188097, 
        13.281435120027869, 
        70.44491437802624
      ], 
      "pose_transform_permuted": [
        [
          0.7204453222464056, 
          -0.2920483548026844, 
          -0.6290201078743971, 
          0.0
        ], 
        [
          0.686721290126102, 
          0.1738056611926207, 
          0.7058367104542933, 
          0.0
        ], 
        [
          0.09681119429495183, 
          0.9404782563113521, 
          -0.3257732985754722, 
          0.0
        ], 
        [
          -17.14272636188097, 
          13.281435120027869, 
          70.44491437802624, 
          1.0
        ]
      ], 
      "projected_cuboid": [
        [
          421.40636270910585, 
          452.5378416913468
        ], 
        [
          306.7671752340728, 
          461.95560643065363
        ], 
        [
          308.35264961721475, 
          279.5271134937764
        ], 
        [
          412.4632233214587, 
          298.2258039811179
        ], 
        [
          387.94798497450944, 
          456.6537503425963
        ], 
        [
          275.3637760259131, 
          466.15224068131346
        ], 
        [
          279.9495639618263, 
          295.0140878174012
        ], 
        [
          382.3357887916201, 
          310.4949409750718
        ]
      ], 
      "projected_cuboid_centroid": [
        350.7325278342703, 
        373.83672680155735
      ], 
      "quaternion_xyzw": [
        0.9022499174718515, 
        0.021334018825241663, 
        0.39520148605200517, 
        0.17118916871428574
      ], 
      "visibility": 0.8207517011462757
    }, 
    {
      "bounding_box": {
        "bottom_right": [
          443, 
          301
        ], 
        "top_left": [
          298, 
          218
        ]
      }, 
      "class": "004_sugar_box", 
      "cuboid": [
        [
          -22.056040025188224, 
          20.275049816589746, 
          67.03185697935221
        ], 
        [
          -29.27588832433815, 
          19.282460032081456, 
          61.306579867540336
        ], 
        [
          -31.710827337272057, 
          2.8598460215044237, 
          67.22433206653797
        ], 
        [
          -24.49097903812213, 
          3.852435806012712, 
          72.94960917834983
        ], 
        [
          -24.81631342900486, 
          21.840785710846767, 
          70.24124089780345
        ], 
        [
          -32.03616172815479, 
          20.84819592633848, 
          64.51596378599159
        ], 
        [
          -34.4711007410887, 
          4.425581915761446, 
          70.43371598498919
        ], 
        [
          -27.251252441938767, 
          5.418171700269735, 
          76.15899309680107
        ]
      ], 
      "cuboid_centroid": [
        -28.263570383138457, 
        12.350315866175595, 
        68.73278648217071
      ], 
      "location": [
        -28.263570383138457, 
        12.350315866175595, 
        68.73278648217071
      ], 
      "pose_transform_permuted": [
        [
          0.6115729508184824, 
          -0.34690828804464036, 
          -0.7110789788441538, 
          0.0
        ], 
        [
          0.7790334329979349, 
          0.1071020602296056, 
          0.6177667588672815, 
          0.0
        ], 
        [
          0.13815022089839535, 
          0.9317636874020071, 
          -0.33575328547075933, 
          0.0
        ], 
        [
          -28.263570383138457, 
          12.350315866175595, 
          68.73278648217071, 
          1.0
        ]
      ], 
      "projected_cuboid": [
        [
          304.6521769897287, 
          434.5991079179745
        ], 
        [
          224.79723839888663, 
          441.02894946553783
        ], 
        [
          227.9249031835164, 
          295.97492834897
        ], 
        [
          301.0564543350573, 
          301.45090351262246
        ], 
        [
          291.6044060069356, 
          439.1167337831634
        ], 
        [
          214.56401191792807, 
          445.6276224018377
        ], 
        [
          218.40894428871212, 
          306.79676060133323
        ], 
        [
          289.1740549817939, 
          311.2284402471957
        ]
      ], 
      "projected_cuboid_centroid": [
        260.4634304788736, 
        369.11657262566337
      ], 
      "quaternion_xyzw": [
        0.9249156852443491, 
        -0.008392159729831828, 
        0.33228426366263597, 
        0.18451994717092793
      ], 
      "visibility": 0.5538039146222655
    }, 
    {
      "bounding_box": {
        "bottom_right": [
          339, 
          302
        ], 
        "top_left": [
          256, 
          129
        ]
      }, 
      "class": "024_bowl", 
      "cuboid": [
        [
          -33.585940202992724, 
          2.4386390023797784, 
          46.7430710826235
        ], 
        [
          -36.18890749053811, 
          8.470608546499841, 
          61.459668722857494
        ], 
        [
          -36.92993368505938, 
          3.3823163618031864, 
          63.414166443681495
        ], 
        [
          -34.326966397514, 
          -2.649653182316876, 
          48.6975688034475
        ], 
        [
          -17.800774363946818, 
          1.3790515803962335, 
          49.96933781403479
        ], 
        [
          -20.403741651492204, 
          7.411021124516297, 
          64.68593545426879
        ], 
        [
          -21.14476784601348, 
          2.322728939819642, 
          66.64043317509278
        ], 
        [
          -18.541800558468097, 
          -3.7092406043004207, 
          51.92383553485879
        ]
      ], 
      "cuboid_centroid": [
        -27.3653540245031, 
        2.3806839710997103, 
        56.69175212885814
      ], 
      "location": [
        -27.3653540245031, 
        2.3806839710997103, 
        56.69175212885814
      ], 
      "pose_transform_permuted": [
        [
          -0.977633666078151, 
          0.06562416552645363, 
          -0.19981462371295755, 
          0.0
        ], 
        [
          0.16151046918033662, 
          -0.3742752495637527, 
          -0.9131442415681863, 
          0.0
        ], 
        [
          0.13470999701485314, 
          0.924992706167431, 
          -0.3553050945895808, 
          0.0
        ], 
        [
          -27.3653540245031, 
          2.3806839710997103, 
          56.69175212885814, 
          1.0
        ]
      ], 
      "projected_cuboid": [
        [
          95.20161565444066, 
          301.1104251615303
        ], 
        [
          164.94888830841128, 
          346.79069954137407
        ], 
        [
          168.4243092804225, 
          301.73216225423613
        ], 
        [
          102.52665914596719, 
          244.26841725255622
        ], 
        [
          290.0272712782798, 
          288.00506830828414
        ], 
        [
          311.97135352516244, 
          334.388579240371
        ], 
        [
          310.9664958733651, 
          291.87520511613747
        ], 
        [
          289.5636211990822, 
          235.18822277436772
        ]
      ], 
      "projected_cuboid_centroid": [
        222.01605110423048, 
        295.68248334299733
      ], 
      "quaternion_xyzw": [
        0.7560287360710447, 
        -0.1683088295108058, 
        -0.6252334790448558, 
        0.09579031696882011
      ], 
      "visibility": 0.8148457047539617
    }, 
    {
      "bounding_box": {
        "bottom_right": [
          321, 
          478
        ], 
        "top_left": [
          231, 
          372
        ]
      }, 
      "class": "025_mug", 
      "cuboid": [
        [
          0.9428916463801152, 
          2.6468760893640613, 
          53.19201656612375
        ], 
        [
          -10.490285802465573, 
          3.8508392789319905, 
          51.024141665482084
        ], 
        [
          -11.631348471323012, 
          -4.029918323652905, 
          52.66530182321427
        ], 
        [
          -0.19817102247732254, 
          -5.233881513220834, 
          54.833176723855935
        ], 
        [
          -0.5357489110782786, 
          4.725322547387177, 
          62.144531721719275
        ], 
        [
          -11.968926359923966, 
          5.929285736955106, 
          59.97665682107761
        ], 
        [
          -13.109989028781404, 
          -1.9514718656297891, 
          61.617816978809806
        ], 
        [
          -1.6768115799357164, 
          -3.155435055197718, 
          63.78569187945147
        ]
      ], 
      "cuboid_centroid": [
        -6.083548691200645, 
        0.3477021118671361, 
        57.40491677246678
      ], 
      "location": [
        -6.083548691200645, 
        0.3477021118671361, 
        57.40491677246678
      ], 
      "pose_transform_permuted": [
        [
          0.15884330936076663, 
          -0.22327759918139878, 
          -0.9617260444022591, 
          0.0
        ], 
        [
          0.9772781518430448, 
          -0.1029116294269355, 
          0.1853042853401968, 
          0.0
        ], 
        [
          0.14034694039120055, 
          0.9693071622393676, 
          -0.20185728016173504, 
          0.0
        ], 
        [
          -6.083548691200645, 
          0.3477021118671361, 
          57.40491677246678, 
          1.0
        ]
      ], 
      "projected_cuboid": [
        [
          491.12957479209643, 
          299.8249349781067
        ], 
        [
          371.035714084659, 
          313.5366613948475
        ], 
        [
          362.8296744416476, 
          232.47723306567065
        ], 
        [
          479.6535514873957, 
          222.3806508201742
        ], 
        [
          476.9609976971882, 
          313.83889201005167
        ], 
        [
          374.2810186692713, 
          326.0104536736521
        ], 
        [
          367.18080576645326, 
          256.3959986378261
        ], 
        [
          467.46021637966123, 
          246.90357875067093
        ]
      ], 
      "projected_cuboid_centroid": [
        424.60694054768953, 
        276.5168596297309
      ], 
      "quaternion_xyzw": [
        0.9884724779280241, 
        -0.0615238601099041, 
        0.08704025716081261, 
        0.10752319584918434
      ], 
      "visibility": 0.9013748597081931
    }, 
    {
      "bounding_box": {
        "bottom_right": [
          334, 
          369
        ], 
        "top_left": [
          259, 
          312
        ]
      }, 
      "class": "061_foam_brick", 
      "cuboid": [
        [
          -18.043767387322365, 
          -1.740641152769836, 
          61.26900720020625
        ], 
        [
          -16.9930684662438, 
          5.554942403990343, 
          58.75622238985376
        ], 
        [
          -19.7167242942807, 
          7.311997382711308, 
          62.71875795205172
        ], 
        [
          -20.76742321535927, 
          0.016413825951128516, 
          65.2315427624042
        ], 
        [
          -13.650264837509027, 
          -1.387236019195722, 
          64.13218316361616
        ], 
        [
          -12.599565916430459, 
          5.908347537564458, 
          61.619398353263676
        ], 
        [
          -15.32322174446736, 
          7.665402516285422, 
          65.58193391546163
        ], 
        [
          -16.373920665545928, 
          0.3698189595252432, 
          68.09471872581412
        ]
      ], 
      "cuboid_centroid": [
        -16.68349456589486, 
        2.9623806817577933, 
        63.42547055783394
      ], 
      "location": [
        -16.68349456589486, 
        2.9623806817577933, 
        63.42547055783394
      ], 
      "pose_transform_permuted": [
        [
          -0.8359023049348331, 
          -0.06723841909297527, 
          -0.5447442809268507, 
          0.0
        ], 
        [
          -0.13492294633238217, 
          -0.9368446173730851, 
          0.3226731495678977, 
          0.0
        ], 
        [
          0.5320367798917883, 
          -0.3432217328447533, 
          -0.7740385694171978, 
          0.0
        ], 
        [
          -16.68349456589486, 
          2.9623806817577933, 
          63.42547055783394, 
          1.0
        ]
      ], 
      "projected_cuboid": [
        [
          323.2251729297303, 
          258.13502734878665
        ], 
        [
          326.06867735270276, 
          323.70774354803814
        ], 
        [
          312.5416665227347, 
          335.46301474261975
        ], 
        [
          310.39196685776335, 
          273.42073402285627
        ], 
        [
          367.1362648516532, 
          261.75036224218195
        ], 
        [
          371.6383000945113, 
          324.42363977362186
        ], 
        [
          355.94848268143676, 
          335.62244408774444
        ], 
        [
          352.2874026653041, 
          276.1829695554748
        ]
      ], 
      "projected_cuboid_centroid": [
        340.1431233899853, 
        298.1960201893553
      ], 
      "quaternion_xyzw": [
        -0.5163815454074911, 
        0.7111415049242988, 
        0.248473807754851, 
        -0.4072942749369064
      ], 
      "visibility": 1.0
    }
  ]
}