{
  "camera_data": {
    "location_worldframe": [
      -22.675242273209584, 
      11.245491668942641, 
      78.08193925709047
    ], 
    "quaternion_xyzw_worldframe": [
      0.9373428435717482, 
      0.033623061688977635, 
      -0.1153613620974795, 
      -0.32703323661100636
    ]
  }, 
  "objects": [
    {
      "bounding_box": {
        "bottom_right": [
          539, 
          338
        ], 
        "top_left": [
          355, 
          133
        ]
      }, 
      "class": "003_cracker_box", 
      "cuboid": [
        [
          -26.12538939451015, 
          33.10573520010941, 
          63.75918360390245
        ], 
        [
          -40.074561071260824, 
          24.790644164598273, 
          61.4444511591357
        ], 
        [
          -34.25269684417509, 
          10.831657101926643, 
          76.50453496540788
        ], 
        [
          -20.303525167424418, 
          19.14674813743778, 
          78.81926741017462
        ], 
        [
          -29.356106222424717, 
          37.13752831741858, 
          68.74511486816901
        ], 
        [
          -43.30527789917539, 
          28.822437281907444, 
          66.43038242340226
        ], 
        [
          -37.483413672089654, 
          14.863450219235814, 
          81.49046622967444
        ], 
        [
          -23.534241995338984, 
          23.17854125474695, 
          83.80519867444119
        ]
      ], 
      "cuboid_centroid": [
        -31.804401533299902, 
        23.98459270967261, 
        72.62482491678844
      ], 
      "location": [
        -31.804401533299902, 
        23.98459270967261, 
        72.62482491678844
      ], 
      "pose_transform_permuted": [
        [
          0.4499605717486652, 
          -0.5615310882593829, 
          -0.6944194127397706, 
          0.0
        ], 
        [
          0.8503725455178082, 
          0.5069064525075095, 
          0.14111124064303404, 
          0.0
        ], 
        [
          -0.27276733254035035, 
          0.654009698188403, 
          -0.705598538103883, 
          0.0
        ], 
        [
          -31.804401533299902, 
          23.98459270967261, 
          72.62482491678844, 
          1.0
        ]
      ], 
      "projected_cuboid": [
        [
          261.2477237356839, 
          550.20251932747
        ], 
        [
          130.8630879487889, 
          488.4619649400981
        ], 
        [
          240.82875536893647, 
          348.7949356635372
        ], 
        [
          343.0712285467126, 
          402.84033962490315
        ], 
        [
          251.95664068226864, 
          561.3967718538221
        ], 
        [
          131.03427859647596, 
          504.68021172533673
        ], 
        [
          234.24014416281506, 
          370.5613413070951
        ], 
        [
          330.58175344133207, 
          420.7901553705896
        ]
      ], 
      "projected_cuboid_centroid": [
        246.09546516810866, 
        449.4171241977653
      ], 
      "quaternion_xyzw": [
        0.894259701715053, 
        0.21796626403732755, 
        0.16524053674176367, 
        0.3542398321016551
      ], 
      "visibility": 0.8737273530876912
    }, 
    {
      "bounding_box": {
        "bottom_right": [
          500, 
          250
        ], 
        "top_left": [
          363, 
          112
        ]
      }, 
      "class": "004_sugar_box", 
      "cuboid": [
        [
          -39.20196916140364, 
          28.316041164070686, 
          69.27598431013578
        ], 
        [
          -47.65434221028698, 
          24.554819761423726, 
          68.72749059744048
        ], 
        [
          -43.45464208653259, 
          13.243485119341242, 
          81.57533856942443
        ], 
        [
          -35.00226903764925, 
          17.0047065219882, 
          82.12383228211974
        ], 
        [
          -40.708624689410584, 
          31.25297015462528, 
          72.3541689236315
        ], 
        [
          -49.16099773829392, 
          27.491748751978324, 
          71.8056752109362
        ], 
        [
          -44.96129761453953, 
          16.18041410989584, 
          84.65352318292015
        ], 
        [
          -36.508924565656194, 
          19.941635512542796, 
          85.20201689561546
        ]
      ], 
      "cuboid_centroid": [
        -42.081633387971586, 
        22.248227636983263, 
        76.96475374652798
      ], 
      "location": [
        -42.081633387971586, 
        22.248227636983263, 
        76.96475374652798
      ], 
      "pose_transform_permuted": [
        [
          0.3338182970774274, 
          -0.6507131962414612, 
          -0.6820101387915589, 
          0.0
        ], 
        [
          0.9120248681715507, 
          0.40584193741499563, 
          0.05918336816427561, 
          0.0
        ], 
        [
          -0.23827680969496057, 
          0.6417669482310703, 
          -0.7289435283473202, 
          0.0
        ], 
        [
          -42.081633387971586, 
          22.248227636983263, 
          76.96475374652798, 
          1.0
        ]
      ], 
      "projected_cuboid": [
        [
          177.28658324895704, 
          491.27693423582184
        ], 
        [
          108.72166929116506, 
          463.8298871735386
        ], 
        [
          195.13374168100736, 
          359.86919994083837
        ], 
        [
          252.3948958975386, 
          383.7166377739034
        ], 
        [
          179.03490994423723, 
          503.6508869012269
        ], 
        [
          113.42260953332465, 
          477.4749665698469
        ], 
        [
          195.9790919260197, 
          375.22360314031613
        ], 
        [
          251.1660690327384, 
          398.1106340158042
        ]
      ], 
      "projected_cuboid_centroid": [
        187.5665272467772, 
        427.45341193427936
      ], 
      "quaternion_xyzw": [
        0.8994167492317147, 
        0.1790379008563508, 
        0.10923792156900752, 
        0.38348649993656714
      ], 
      "visibility": 0.39501190106592154
    }, 
    {
      "bounding_box": {
        "bottom_right": [
          383, 
          199
        ], 
        "top_left": [
          291, 
          80
        ]
      }, 
      "class": "024_bowl", 
      "cuboid": [
        [
          -53.32324961139484, 
          2.6666771766411177, 
          66.94944334813857
        ], 
        [
          -51.09124527389762, 
          15.207747726425557, 
          76.82254050599573
        ], 
        [
          -49.72908886835833, 
          11.763452014819894, 
          80.8896347385383
        ], 
        [
          -51.96109320585555, 
          -0.7776185349645484, 
          71.01653758068113
        ], 
        [
          -37.84045570467144, 
          3.462735968277343, 
          62.43808364895626
        ], 
        [
          -35.60845136717422, 
          16.003806518061786, 
          72.31118080681343
        ], 
        [
          -34.24629496163492, 
          12.559510806456121, 
          76.378275039356
        ], 
        [
          -36.478299299132146, 
          0.01844025667167709, 
          66.50517788149884
        ]
      ], 
      "cuboid_centroid": [
        -43.78477228651489, 
        7.613093991548618, 
        71.66385919374729
      ], 
      "location": [
        -43.78477228651489, 
        7.613093991548618, 
        71.66385919374729
      ], 
      "pose_transform_permuted": [
        [
          -0.9589066546720136, 
          -0.049302863385571195, 
          0.27940518121128644, 
          0.0
        ], 
        [
          -0.13849273845529939, 
          -0.7781558370752565, 
          -0.6126118302978314, 
          0.0
        ], 
        [
          -0.24762429004619102, 
          0.626133149487943, 
          -0.7393507219793796, 
          0.0
        ], 
        [
          -43.78477228651489, 
          7.613093991548618, 
          71.66385919374729, 
          1.0
        ]
      ], 
      "projected_cuboid": [
        [
          53.28394921143832, 
          294.52930101536856
        ], 
        [
          123.95420603162883, 
          378.8621883700892
        ], 
        [
          150.99210692449952, 
          350.84504526702375
        ], 
        [
          88.1280658854671, 
          267.4467828052231
        ], 
        [
          155.68643400022293, 
          302.8637574492252
        ], 
        [
          216.78402549739104, 
          391.3200609599475
        ], 
        [
          240.47581878588207, 
          360.9846833595709
        ], 
        [
          186.6318134657342, 
          273.4344144372991
        ]
      ], 
      "projected_cuboid_centroid": [
        153.03710415132448, 
        329.9428799632206
      ], 
      "quaternion_xyzw": [
        -0.5495987695176723, 
        0.24132675346719767, 
        0.7148480728718741, 
        -0.35874060728750945
      ], 
      "visibility": 0.5823522121700334
    }, 
    {
      "bounding_box": {
        "bottom_right": [
          375, 
          320
        ], 
        "top_left": [
          281, 
          210
        ]
      }, 
      "class": "025_mug", 
      "cuboid": [
        [
          -20.309427654671914, 
          6.295644632991644, 
          55.513091132252676
        ], 
        [
          -31.559836153283317, 
          6.181694925542159, 
          58.71965932925159
        ], 
        [
          -30.007046840061353, 
          0.15704399161655808, 
          63.95360597985669
        ], 
        [
          -18.75663834144995, 
          0.27099369906604454, 
          60.74703778285778
        ], 
        [
          -18.47714814153266, 
          12.545771139809398, 
          62.16384414395757
        ], 
        [
          -29.72755664014406, 
          12.431821432359913, 
          65.37041234095648
        ], 
        [
          -28.174767326922094, 
          6.407170498434313, 
          70.60435899156158
        ], 
        [
          -16.924358828310694, 
          6.521120205883799, 
          67.39779079456267
        ]
      ], 
      "cuboid_centroid": [
        -24.242097490797004, 
        6.351407565712979, 
        63.058725061907126
      ], 
      "location": [
        -24.242097490797004, 
        6.351407565712979, 
        63.058725061907126
      ], 
      "pose_transform_permuted": [
        [
          -0.19683305727880596, 
          -0.6714213087546229, 
          -0.7144587051880698, 
          0.0
        ], 
        [
          0.9616555392580113, 
          0.00974012342566527, 
          -0.2740890758796158, 
          0.0
        ], 
        [
          -0.19098795809442426, 
          0.7410121710038056, 
          -0.64375815512283, 
          0.0
        ], 
        [
          -24.242097490797004, 
          6.351407565712979, 
          63.058725061907126, 
          1.0
        ]
      ], 
      "projected_cuboid": [
        [
          284.8564590471183, 
          333.7693989243026
        ], 
        [
          192.5670494132782, 
          329.43160078732586
        ], 
        [
          229.27806652481843, 
          274.5961535201565
        ], 
        [
          315.5536608382167, 
          275.6656868568837
        ], 
        [
          321.7558372837883, 
          380.9199304619435
        ], 
        [
          237.0459070900306, 
          374.7106163516787
        ], 
        [
          267.0015923411923, 
          321.6839676633597
        ], 
        [
          346.55835202786943, 
          324.88824582690154
        ]
      ], 
      "projected_cuboid_centroid": [
        274.86076521241046, 
        327.00360936482645
      ], 
      "quaternion_xyzw": [
        0.9242735546700833, 
        0.054293472020774954, 
        -0.12737628670077983, 
        0.3557332829745687
      ], 
      "visibility": 0.6978197674418605
    }, 
    {
      "bounding_box": {
        "bottom_right": [
          398, 
          275
        ], 
        "top_left": [
          322, 
          206
        ]
      }, 
      "class": "061_foam_brick", 
      "cuboid": [
        [
          -32.71731089697439, 
          6.3824274589004135, 
          72.57232752931317
        ], 
        [
          -34.56317695617195, 
          11.464966337206224, 
          66.96838497058046
        ], 
        [
          -35.77767626944617, 
          14.943093206768479, 
          70.52293926708748
        ], 
        [
          -33.9318102102486, 
          9.86055432846267, 
          76.12688182582019
        ], 
        [
          -27.765687017147865, 
          8.144781947993863, 
          72.53970777142061
        ], 
        [
          -29.61155307634543, 
          13.227320826299671, 
          66.9357652126879
        ], 
        [
          -30.826052389619647, 
          16.705447695861928, 
          70.4903195091949
        ], 
        [
          -28.980186330422082, 
          11.622908817556118, 
          76.09426206792762
        ]
      ], 
      "cuboid_centroid": [
        -31.77168164329702, 
        11.54393757738117, 
        71.53132351925404
      ], 
      "location": [
        -31.77168164329702, 
        11.54393757738117, 
        71.53132351925404
      ], 
      "pose_transform_permuted": [
        [
          -0.9420897717455982, 
          -0.3353033628279219, 
          0.006206194374457283, 
          0.0
        ], 
        [
          0.23703240028668102, 
          -0.6526618677841232, 
          0.7196166531945146, 
          0.0
        ], 
        [
          0.23723933735083058, 
          -0.679414557701575, 
          -0.6943438309630986, 
          0.0
        ], 
        [
          -31.77168164329702, 
          11.54393757738117, 
          71.53132351925404, 
          1.0
        ]
      ], 
      "projected_cuboid": [
        [
          239.16041094797697, 
          320.18972639889313
        ], 
        [
          204.05068781647364, 
          364.5906820296479
        ], 
        [
          208.77878983814554, 
          386.29153072768366
        ], 
        [
          241.9011016148307, 
          342.3662979580023
        ], 
        [
          275.7596337595266, 
          333.16783399122323
        ], 
        [
          243.69693146977946, 
          378.67697024343863
        ], 
        [
          246.42801465035188, 
          399.6775440639413
        ], 
        [
          276.79185757888604, 
          354.74767207170083
        ]
      ], 
      "projected_cuboid_centroid": [
        242.74132964095153, 
        359.35523731516804
      ], 
      "quaternion_xyzw": [
        0.371285485917053, 
        -0.5992027960216049, 
        -0.1497992292922441, 
        0.6932988447204267
      ], 
      "visibility": 0.322439451415232
    }
  ]
}