{
  "camera_data": {
    "location_worldframe": [
      -20.917875275641173, 
      14.614928800938307, 
      71.82048794787545
    ], 
    "quaternion_xyzw_worldframe": [
      0.906851926157557, 
      0.012943123658595544, 
      -0.06680847202441725, 
      -0.4159225730902712
    ]
  }, 
  "objects": [
    {
      "bounding_box": {
        "bottom_right": [
          539, 
          347
        ], 
        "top_left": [
          399, 
          165
        ]
      }, 
      "class": "003_cracker_box", 
      "cuboid": [
        [
          -21.50757834547052, 
          38.93436796921927, 
          61.66505450158657
        ], 
        [
          -35.891065090556495, 
          32.531159559735045, 
          57.061539887098746
        ], 
        [
          -32.345463508605285, 
          15.588860323909293, 
          69.54916388737192
        ], 
        [
          -17.961976763519313, 
          21.992068733393506, 
          74.15267850185974
        ], 
        [
          -24.74686106893055, 
          42.283127909345076, 
          67.12813530236598
        ], 
        [
          -39.13034781401652, 
          35.87991949986086, 
          62.52462068787816
        ], 
        [
          -35.584746232065314, 
          18.937620264035104, 
          75.01224468815133
        ], 
        [
          -21.20125948697934, 
          25.340828673519322, 
          79.61575930263916
        ]
      ], 
      "cuboid_centroid": [
        -28.546162288767917, 
        28.935994116627185, 
        68.33864959486895
      ], 
      "location": [
        -28.546162288767917, 
        28.935994116627185, 
        68.33864959486895
      ], 
      "pose_transform_permuted": [
        [
          0.4511535934409018, 
          -0.4664011170179485, 
          -0.7608747815309505, 
          0.0
        ], 
        [
          0.876849358534068, 
          0.3903538332480051, 
          0.28064049477397596, 
          0.0
        ], 
        [
          -0.16611934734929285, 
          0.7937845317924748, 
          -0.5850730548600289, 
          0.0
        ], 
        [
          -28.546162288767917, 
          28.935994116627185, 
          68.33864959486895, 
          1.0
        ]
      ], 
      "projected_cuboid": [
        [
          294.0353805848869, 
          610.0163286903976
        ], 
        [
          143.34956639189397, 
          577.3355435077393
        ], 
        [
          231.49734909297771, 
          392.82563845896175
        ], 
        [
          351.3346836095569, 
          431.4575058672472
        ], 
        [
          283.34977119696157, 
          609.2175161057348
        ], 
        [
          145.04335908542092, 
          579.3333960248282
        ], 
        [
          226.4894371823209, 
          407.9286059192311
        ], 
        [
          338.39332923376753, 
          443.0363501260358
        ]
      ], 
      "projected_cuboid_centroid": [
        256.96431710731906, 
        499.10505228349433
      ], 
      "quaternion_xyzw": [
        0.9262165880421129, 
        0.15020060852440606, 
        0.19752239855738918, 
        0.2838089345011194
      ], 
      "visibility": 0.5422396299921628
    }, 
    {
      "bounding_box": {
        "bottom_right": [
          539, 
          247
        ], 
        "top_left": [
          404, 
          115
        ]
      }, 
      "class": "004_sugar_box", 
      "cuboid": [
        [
          -35.29946502573683, 
          34.48127129571841, 
          65.45021883392951
        ], 
        [
          -43.97142385633476, 
          31.696903834722956, 
          63.73713102746732
        ], 
        [
          -41.65972334512482, 
          17.90032439072675, 
          74.45913673618725
        ], 
        [
          -32.98776451452689, 
          20.684691851722203, 
          76.17222454264946
        ], 
        [
          -36.77741066258724, 
          36.940996529297976, 
          68.93392544617495
        ], 
        [
          -45.44936949318517, 
          34.15662906830252, 
          67.22083763971276
        ], 
        [
          -43.13766898197523, 
          20.36004962430632, 
          77.94284334843269
        ], 
        [
          -34.4657101513773, 
          23.144417085301768, 
          79.65593115489489
        ]
      ], 
      "cuboid_centroid": [
        -39.21856700385603, 
        27.420660460012364, 
        71.6965310911811
      ], 
      "location": [
        -39.21856700385603, 
        27.420660460012364, 
        71.6965310911811
      ], 
      "pose_transform_permuted": [
        [
          0.32745726312042983, 
          -0.5449827604841366, 
          -0.7718585882437932, 
          0.0
        ], 
        [
          0.935718532952125, 
          0.3004378003513486, 
          0.18484497452007206, 
          0.0
        ], 
        [
          -0.13115808427981204, 
          0.7827713497981039, 
          -0.6083304137251186, 
          0.0
        ], 
        [
          -39.21856700385603, 
          27.420660460012364, 
          71.6965310911811, 
          1.0
        ]
      ], 
      "projected_cuboid": [
        [
          191.5631703936673, 
          554.2563737172715
        ], 
        [
          110.60061567007632, 
          538.5099527859915
        ], 
        [
          180.71928311009617, 
          401.49905777621575
        ], 
        [
          248.70859970037696, 
          418.1103409177327
        ], 
        [
          194.69090503955402, 
          559.0871324407649
        ], 
        [
          118.00392737525237, 
          544.2798760126268
        ], 
        [
          183.97017745577045, 
          412.5990484378199
        ], 
        [
          248.9161061185424, 
          428.2451291837649
        ]
      ], 
      "projected_cuboid_centroid": [
        187.43591730277788, 
        477.2570088569793
      ], 
      "quaternion_xyzw": [
        0.9341237165110977, 
        0.1155082236438521, 
        0.13710770548518014, 
        0.30866178478928324
      ], 
      "visibility": 0.4481383200371806
    }, 
    {
      "bounding_box": {
        "bottom_right": [
          439, 
          188
        ], 
        "top_left": [
          353, 
          39
        ]
      }, 
      "class": "024_bowl", 
      "cuboid": [
        [
          -51.2832497308849, 
          11.127661439680542, 
          57.58624669412822
        ], 
        [
          -48.74433577179084, 
          21.405184938952832, 
          69.73798599416207
        ], 
        [
          -47.96878148385447, 
          17.168199401834006, 
          73.15944293868549
        ], 
        [
          -50.50769544294853, 
          6.890675902561714, 
          61.00770363865162
        ], 
        [
          -35.501903371932656, 
          11.2619880175506, 
          54.175374875592496
        ], 
        [
          -32.96298941283859, 
          21.53951151682289, 
          66.32711417562635
        ], 
        [
          -32.18743512490223, 
          17.302525979704065, 
          69.74857112014976
        ], 
        [
          -34.72634908399629, 
          7.025002480431773, 
          57.5968318201159
        ]
      ], 
      "cuboid_centroid": [
        -41.73534242789356, 
        14.215093709692303, 
        63.66740890713899
      ], 
      "location": [
        -41.73534242789356, 
        14.215093709692303, 
        63.66740890713899
      ], 
      "pose_transform_permuted": [
        [
          -0.9773971115582587, 
          -0.008319341469951627, 
          0.211247899102166, 
          0.0
        ], 
        [
          -0.1575360499933438, 
          -0.6377059175202799, 
          -0.7539983791176957, 
          0.0
        ], 
        [
          -0.14098680530484844, 
          0.7702349974631925, 
          -0.6219813256142088, 
          0.0
        ], 
        [
          -41.73534242789356, 
          14.215093709692303, 
          63.66740890713899, 
          1.0
        ]
      ], 
      "projected_cuboid": [
        [
          2.693025055217819, 
          376.34239074784193
        ], 
        [
          105.71942540622858, 
          436.98217883775766
        ], 
        [
          128.99891327372714, 
          398.4397182272024
        ], 
        [
          36.38737240206602, 
          333.5237241225213
        ], 
        [
          129.19256351125605, 
          384.1531220889039
        ], 
        [
          214.34121383337006, 
          446.48031320652154
        ], 
        [
          233.43077467397688, 
          405.5871112420373
        ], 
        [
          157.3677596396326, 
          338.33475810474476
        ]
      ], 
      "projected_cuboid_centroid": [
        129.08130294838926, 
        392.36139876380633
      ], 
      "quaternion_xyzw": [
        -0.5919144888342578, 
        0.20979344212104512, 
        0.731269264115261, 
        -0.26621272116750433
      ], 
      "visibility": 0.7092958375181342
    }, 
    {
      "bounding_box": {
        "bottom_right": [
          442, 
          324
        ], 
        "top_left": [
          345, 
          202
        ]
      }, 
      "class": "025_mug", 
      "cuboid": [
        [
          -17.342011194542543, 
          13.633960163479966, 
          48.89228009001086
        ], 
        [
          -28.765861694750438, 
          14.004019758368122, 
          51.38736549307651
        ], 
        [
          -28.09811745751052, 
          7.011729954075288, 
          55.481724050250335
        ], 
        [
          -16.674266957302624, 
          6.641670359187132, 
          52.986638647184684
        ], 
        [
          -15.48629540593964, 
          18.374603807212484, 
          56.685640208936825
        ], 
        [
          -26.910145906147537, 
          18.744663402100638, 
          59.18072561200248
        ], 
        [
          -26.24240166890762, 
          11.752373597807805, 
          63.27508416917631
        ], 
        [
          -14.81855116869972, 
          11.382314002919648, 
          60.77999876611065
        ]
      ], 
      "cuboid_centroid": [
        -21.79220643172508, 
        12.693166880643886, 
        56.08368212959358
      ], 
      "location": [
        -21.79220643172508, 
        12.693166880643886, 
        56.08368212959358
      ], 
      "pose_transform_permuted": [
        [
          -0.1993507046779381, 
          -0.5092647574640494, 
          -0.8372035421903073, 
          0.0
        ], 
        [
          0.9764809086297859, 
          -0.031631727801145613, 
          -0.21327338461319403, 
          0.0
        ], 
        [
          -0.0821303362367622, 
          0.8600285568396707, 
          -0.5035925826398852, 
          0.0
        ], 
        [
          -21.79220643172508, 
          12.693166880643886, 
          56.08368212959358, 
          1.0
        ]
      ], 
      "projected_cuboid": [
        [
          290.85305798125916, 
          422.00649822818025
        ], 
        [
          180.56499218813218, 
          418.626115299514
        ], 
        [
          209.25231420795242, 
          340.68698309069634
        ], 
        [
          312.36910857849153, 
          340.13608643283595
        ], 
        [
          334.6820407459771, 
          446.16164369211475
        ], 
        [
          237.069682299467, 
          442.20802329462407
        ], 
        [
          258.56742727171587, 
          372.342447124069
        ], 
        [
          350.4867733385477, 
          373.16167919227877
        ]
      ], 
      "projected_cuboid_centroid": [
        272.6403094327528, 
        393.9903543653942
      ], 
      "quaternion_xyzw": [
        0.9583466240953431, 
        0.013173367330240793, 
        -0.10763957395911934, 
        0.2642199895732007
      ], 
      "visibility": 0.770406306852638
    }, 
    {
      "bounding_box": {
        "bottom_right": [
          453, 
          271
        ], 
        "top_left": [
          371, 
          199
        ]
      }, 
      "class": "061_foam_brick", 
      "cuboid": [
        [
          -30.901943400973597, 
          11.800682010509025, 
          64.9468390875884
        ], 
        [
          -31.91195301056378, 
          17.96541170420747, 
          60.297152694751624
        ], 
        [
          -33.08932119878891, 
          20.84105200024473, 
          64.36553423864511
        ], 
        [
          -32.07931158919873, 
          14.676322306546288, 
          69.0152206314819
        ], 
        [
          -25.832464447051663, 
          13.064185203068208, 
          65.52084192663744
        ], 
        [
          -26.84247405664184, 
          19.22891489676665, 
          60.87115553380067
        ], 
        [
          -28.01984224486698, 
          22.10455519280391, 
          64.93953707769415
        ], 
        [
          -27.009832635276794, 
          15.93982549910547, 
          69.58922347053094
        ]
      ], 
      "cuboid_centroid": [
        -29.460892822920286, 
        16.952618601656468, 
        64.94318808264129
      ], 
      "location": [
        -29.460892822920286, 
        16.952618601656468, 
        64.94318808264129
      ], 
      "pose_transform_permuted": [
        [
          -0.9645127308693635, 
          -0.24039253852205292, 
          -0.10920906287413479, 
          0.0
        ], 
        [
          0.1296979273663271, 
          -0.7916287691270234, 
          0.5970781686909284, 
          0.0
        ], 
        [
          0.22998617268827787, 
          -0.5617253059221715, 
          -0.7947144399460986, 
          0.0
        ], 
        [
          -29.460892822920286, 
          16.952618601656468, 
          64.94318808264129, 
          1.0
        ]
      ], 
      "projected_cuboid": [
        [
          225.72698403458307, 
          370.189403454108
        ], 
        [
          196.98827248374764, 
          432.1880027005134
        ], 
        [
          205.1409419867806, 
          445.9712099428041
        ], 
        [
          231.636273038277, 
          386.6987682604212
        ], 
        [
          269.57644386222273, 
          379.6250037595802
        ], 
        [
          244.45820471382493, 
          441.75971362014167
        ], 
        [
          249.56488004263642, 
          454.8214347809852
        ], 
        [
          272.8734277894801, 
          395.4465602814924
        ]
      ], 
      "projected_cuboid_centroid": [
        237.64526197390532, 
        412.5030401770127
      ], 
      "quaternion_xyzw": [
        0.4114552479669845, 
        -0.6207327205468509, 
        -0.2232530536394556, 
        0.6289304751747931
      ], 
      "visibility": 0.14292942069314446
    }
  ]
}