{
  "camera_data": {
    "location_worldframe": [
      -9.85802964960839, 
      0.32205551299959445, 
      82.70186056046829
    ], 
    "quaternion_xyzw_worldframe": [
      -0.82407478942688, 
      -0.1105017839310902, 
      -0.21012336781668753, 
      0.514339604112189
    ]
  }, 
  "objects": [
    {
      "bounding_box": {
        "bottom_right": [
          461, 
          440
        ], 
        "top_left": [
          303, 
          321
        ]
      }, 
      "class": "003_cracker_box", 
      "cuboid": [
        [
          -5.141350958029456, 
          26.192717854951596, 
          80.86400923783275
        ], 
        [
          -14.535059741155695, 
          23.091460298621374, 
          67.77895850983487
        ], 
        [
          -18.174075965180673, 
          3.3634514975993346, 
          75.06708425068729
        ], 
        [
          -8.780367182054437, 
          6.464709053929557, 
          88.15213497868517
        ], 
        [
          -10.898752966676456, 
          28.573228318240755, 
          84.43302725122817
        ], 
        [
          -20.292461749802694, 
          25.471970761910534, 
          71.34797652323029
        ], 
        [
          -23.931477973827675, 
          5.743961960888494, 
          78.63610226408271
        ], 
        [
          -14.537769190701436, 
          8.845219517218716, 
          91.72115299208059
        ]
      ], 
      "cuboid_centroid": [
        -14.536414465928566, 
        15.968339907920045, 
        79.75005575095773
      ], 
      "location": [
        -14.536414465928566, 
        15.968339907920045, 
        79.75005575095773
      ], 
      "pose_transform_permuted": [
        [
          0.8018665941917162, 
          -0.3315474262121234, 
          -0.4970777296273632, 
          0.0
        ], 
        [
          0.5726613905737533, 
          0.18905956164252946, 
          0.7976938096147357, 
          0.0
        ], 
        [
          0.17049603181749615, 
          0.9243012421952335, 
          -0.3414649569294574, 
          0.0
        ], 
        [
          -14.536414465928566, 
          15.968339907920045, 
          79.75005575095773, 
          1.0
        ]
      ], 
      "projected_cuboid": [
        [
          447.40591813407, 
          446.0344576082878
        ], 
        [
          366.27466968162554, 
          454.98198229084943
        ], 
        [
          351.4020014671719, 
          297.1824248221396
        ], 
        [
          428.03324407990675, 
          312.3979666359777
        ], 
        [
          412.18161196328225, 
          453.7687818691961
        ], 
        [
          328.6487124160592, 
          463.687184100203
        ], 
        [
          317.93829943822504, 
          312.24278467388064
        ], 
        [
          396.3616690354064, 
          324.71773604310454
        ]
      ], 
      "projected_cuboid_centroid": [
        383.5763144567618, 
        380.0730261341387
      ], 
      "quaternion_xyzw": [
        0.8651647765594064, 
        0.005364160194679012, 
        0.46221264640696413, 
        0.1944752032722661
      ], 
      "visibility": 0.8058295397066262
    }, 
    {
      "bounding_box": {
        "bottom_right": [
          447, 
          344
        ], 
        "top_left": [
          316, 
          263
        ]
      }, 
      "class": "004_sugar_box", 
      "cuboid": [
        [
          -18.676918376866688, 
          22.91129328580126, 
          75.35096542106436
        ], 
        [
          -24.94018980094407, 
          21.8267902439874, 
          68.6066695963902
        ], 
        [
          -28.688156398948717, 
          5.710576403205489, 
          74.67884942280189
        ], 
        [
          -22.424884974871336, 
          6.795079445019349, 
          81.42314524747604
        ], 
        [
          -21.862152389455414, 
          24.66058508761774, 
          78.0277257329977
        ], 
        [
          -28.125423813532795, 
          23.57608204580388, 
          71.28342990832353
        ], 
        [
          -31.87339041153744, 
          7.459868205021969, 
          77.35560973473521
        ], 
        [
          -25.610118987460062, 
          8.544371246835828, 
          84.09990555940936
        ]
      ], 
      "cuboid_centroid": [
        -25.275154394202065, 
        15.185580745411615, 
        76.35328757789979
      ], 
      "location": [
        -25.275154394202065, 
        15.185580745411615, 
        76.35328757789979
      ], 
      "pose_transform_permuted": [
        [
          0.7057282664220045, 
          -0.3875773854866123, 
          -0.5930695851865004, 
          0.0
        ], 
        [
          0.675817224562926, 
          0.11701965093372242, 
          0.7277205436668484, 
          0.0
        ], 
        [
          0.21264697418859096, 
          0.9143795759660912, 
          -0.3445149878077559, 
          0.0
        ], 
        [
          -25.275154394202065, 
          15.185580745411615, 
          76.35328757789979, 
          1.0
        ]
      ], 
      "projected_cuboid": [
        [
          348.303824474083, 
          435.4482477460662
        ], 
        [
          286.1067945896025, 
          442.9588853402096
        ], 
        [
          275.0130313391459, 
          314.0686637180246
        ], 
        [
          333.4905791520753, 
          317.7941399196553
        ], 
        [
          330.92397441979944, 
          441.8416616395239
        ], 
        [
          269.41815273088, 
          449.67516386051443
        ], 
        [
          260.0182780045121, 
          324.7177633994352
        ], 
        [
          317.837069705297, 
          327.4706715010973
        ]
      ], 
      "projected_cuboid_centroid": [
        303.58157023617446, 
        379.35620243552813
      ], 
      "quaternion_xyzw": [
        0.8920855320140998, 
        -0.02679881015415827, 
        0.401712828716237, 
        0.20516316738191348
      ], 
      "visibility": 0.6022611644997173
    }, 
    {
      "bounding_box": {
        "bottom_right": [
          352, 
          362
        ], 
        "top_left": [
          277, 
          220
        ]
      }, 
      "class": "024_bowl", 
      "cuboid": [
        [
          -27.361065552585284, 
          4.489229419361015, 
          54.18682960013541
        ], 
        [
          -32.068207222332006, 
          11.167475899870707, 
          68.07863231368768
        ], 
        [
          -33.235065681779005, 
          6.178792437237793, 
          70.08147458500807
        ], 
        [
          -28.52792401203228, 
          -0.4994540432718998, 
          56.18967187145579
        ], 
        [
          -12.303407867342058, 
          3.2540337587966492, 
          59.882812378144614
        ], 
        [
          -17.01054953708878, 
          9.932280239306342, 
          73.77461509169689
        ], 
        [
          -18.17740799653578, 
          4.943596776673428, 
          75.77745736301726
        ], 
        [
          -13.470266326789055, 
          -1.7346497038362656, 
          61.885654649465
        ]
      ], 
      "cuboid_centroid": [
        -22.769236774560532, 
        4.716413098017221, 
        64.98214348157634
      ], 
      "location": [
        -22.769236774560532, 
        4.716413098017221, 
        64.98214348157634
      ], 
      "pose_transform_permuted": [
        [
          -0.9325763970728068, 
          0.07650023283089896, 
          -0.3527732671270895, 
          0.0
        ], 
        [
          0.2920715382082387, 
          -0.4143758269763683, 
          -0.861966873253447, 
          0.0
        ], 
        [
          0.2121213807973537, 
          0.9068849918233673, 
          -0.36409357507947737, 
          0.0
        ], 
        [
          -22.769236774560532, 
          4.716413098017221, 
          64.98214348157634, 
          1.0
        ]
      ], 
      "projected_cuboid": [
        [
          210.0588253553932, 
          317.4705948890067
        ], 
        [
          228.2851652851979, 
          360.77116259242933
        ], 
        [
          226.57072212716614, 
          320.3071097750775
        ], 
        [
          208.5701848675908, 
          268.54601159465943
        ], 
        [
          371.1091046132299, 
          302.2671395755522
        ], 
        [
          357.60236641244927, 
          345.08738100287223
        ], 
        [
          352.5988643865474, 
          308.07943106666073
        ], 
        [
          364.545313215198, 
          258.33763484325215
        ]
      ], 
      "projected_cuboid_centroid": [
        293.1687471854455, 
        311.99494821124904
      ], 
      "quaternion_xyzw": [
        0.7987067354728354, 
        -0.19609738466861523, 
        -0.5617028098754802, 
        0.0900184415241981
      ], 
      "visibility": 0.7885272888438648
    }, 
    {
      "bounding_box": {
        "bottom_right": [
          330, 
          509
        ], 
        "top_left": [
          254, 
          422
        ]
      }, 
      "class": "025_mug", 
      "cuboid": [
        [
          5.7360068695005815, 
          4.285855292617796, 
          65.95171683245385
        ], 
        [
          -5.185327868578103, 
          5.623460216656064, 
          61.97654185146438
        ], 
        [
          -6.770172564809021, 
          -2.1598004940938513, 
          63.711733790591786
        ], 
        [
          4.151162173269664, 
          -3.4974054181321192, 
          67.68690877158126
        ], 
        [
          2.935155014070947, 
          6.757072366091833, 
          74.47827300994452
        ], 
        [
          -7.986179724007737, 
          8.0946772901301, 
          70.50309802895505
        ], 
        [
          -9.571024420238656, 
          0.3114165793801863, 
          72.23828996808244
        ], 
        [
          1.3503103178400293, 
          -1.026188344658082, 
          76.21346494907192
        ]
      ], 
      "cuboid_centroid": [
        -1.9175087753690372, 
        2.298635935998991, 
        69.09500340026815
      ], 
      "location": [
        -1.9175087753690372, 
        2.298635935998991, 
        69.09500340026815
      ], 
      "pose_transform_permuted": [
        [
          0.3008821687607504, 
          -0.26547107484605165, 
          -0.9159673010803471, 
          0.0
        ], 
        [
          0.9335271735475742, 
          -0.1143349758987824, 
          0.339787576643125, 
          0.0
        ], 
        [
          0.19493066435514128, 
          0.9573153664860348, 
          -0.21342287877304125, 
          0.0
        ], 
        [
          -1.9175087753690372, 
          2.298635935998991, 
          69.09500340026815, 
          1.0
        ]
      ], 
      "projected_cuboid": [
        [
          528.3679228302401, 
          307.94417341490737
        ], 
        [
          436.6045176513678, 
          321.67745120654394
        ], 
        [
          424.4528825781741, 
          255.20723247973729
        ], 
        [
          514.5775329776473, 
          245.72973514274727
        ], 
        [
          502.79010554327914, 
          321.67217948604144
        ], 
        [
          420.68229776338165, 
          334.51859783367246
        ], 
        [
          410.3474236733257, 
          275.5856588546039
        ], 
        [
          491.12489076667407, 
          266.105571460705
        ]
      ], 
      "projected_cuboid_centroid": [
        466.67316473835524, 
        291.0288854583939
      ], 
      "quaternion_xyzw": [
        0.9755523872547743, 
        -0.07925398069195545, 
        0.16418127662183632, 
        0.12272379214987907
      ], 
      "visibility": 0.8780638516992791
    }, 
    {
      "bounding_box": {
        "bottom_right": [
          344, 
          413
        ], 
        "top_left": [
          278, 
          356
        ]
      }, 
      "class": "061_foam_brick", 
      "cuboid": [
        [
          -14.383216018798073, 
          0.604209334515151, 
          71.11343628775164
        ], 
        [
          -12.76690387854643, 
          7.769036398691364, 
          68.52569917488903
        ], 
        [
          -16.028347731325184, 
          9.739519548387104, 
          71.94438481435162
        ], 
        [
          -17.644659871576827, 
          2.5746924842108907, 
          74.53212192721423
        ], 
        [
          -10.481578265279934, 
          0.9884083104161466, 
          74.61417198590703
        ], 
        [
          -8.865266125028288, 
          8.15323537459236, 
          72.02643487304444
        ], 
        [
          -12.126709977807042, 
          10.1237185242881, 
          75.44512051250703
        ], 
        [
          -13.743022118058686, 
          2.9588914601118863, 
          78.03285762536964
        ]
      ], 
      "cuboid_centroid": [
        -13.254962998302558, 
        5.363963929401626, 
        73.27927840012933
      ], 
      "location": [
        -13.254962998302558, 
        5.363963929401626, 
        73.27927840012933
      ], 
      "pose_transform_permuted": [
        [
          -0.7423207234340037, 
          -0.07309721705359856, 
          -0.6660455993544563, 
          0.0
        ], 
        [
          -0.20755479212987932, 
          -0.9200538404172975, 
          0.33229796718804133, 
          0.0
        ], 
        [
          0.637087868213122, 
          -0.38491262332171067, 
          -0.6678033547259694, 
          0.0
        ], 
        [
          -13.254962998302558, 
          5.363963929401626, 
          73.27927840012933, 
          1.0
        ]
      ], 
      "projected_cuboid": [
        [
          372.83033753775726, 
          277.81784299569233
        ], 
        [
          381.40718986887066, 
          333.7511418261467
        ], 
        [
          361.78968319996676, 
          345.48503574101113
        ], 
        [
          354.28735430779864, 
          291.7099222480766
        ], 
        [
          406.05356991494784, 
          280.35138228760275
        ], 
        [
          415.4071884208274, 
          333.6571518975373
        ], 
        [
          395.1592950474738, 
          344.85083938142145
        ], 
        [
          386.8869301182304, 
          293.50923401201726
        ]
      ], 
      "projected_cuboid_centroid": [
        384.3247935901264, 
        312.32495469936634
      ], 
      "quaternion_xyzw": [
        -0.5180680900959994, 
        0.7514174962705562, 
        0.19786142212020044, 
        -0.3575304993414461
      ], 
      "visibility": 0.9812101910828025
    }
  ]
}