{
  "camera_data": {
    "location_worldframe": [
      -11.247920170151385, 
      -2.3708850685191067, 
      73.1191364546851
    ], 
    "quaternion_xyzw_worldframe": [
      -0.824556438051889, 
      -0.08449542709072537, 
      -0.15452001912581537, 
      0.5376794103908185
    ]
  }, 
  "objects": [
    {
      "bounding_box": {
        "bottom_right": [
          461, 
          419
        ], 
        "top_left": [
          285, 
          287
        ]
      }, 
      "class": "003_cracker_box", 
      "cuboid": [
        [
          -7.358364828809686, 
          23.663153960289883, 
          71.69985992385452
        ], 
        [
          -18.231691678732393, 
          20.776886098118013, 
          59.761755521157255
        ], 
        [
          -20.51012657490224, 
          0.7168512160700802, 
          66.68687516642918
        ], 
        [
          -9.636799724979534, 
          3.603119078241951, 
          78.62497956912644
        ], 
        [
          -12.679409328478917, 
          25.765171600474602, 
          76.0381089724725
        ], 
        [
          -23.552736178401624, 
          22.878903738302732, 
          64.10000456977522
        ], 
        [
          -25.83117107457147, 
          2.8188688562547997, 
          71.02512421504716
        ], 
        [
          -14.957844224648763, 
          5.705136718426671, 
          82.9632286177444
        ]
      ], 
      "cuboid_centroid": [
        -16.594767951690578, 
        13.24101140827234, 
        71.36249206945084
      ], 
      "location": [
        -16.594767951690578, 
        13.24101140827234, 
        71.36249206945084
      ], 
      "pose_transform_permuted": [
        [
          0.7410925664186909, 
          -0.29276012401675855, 
          -0.6042129738632316, 
          0.0
        ], 
        [
          0.6628622004148824, 
          0.17595331148530724, 
          0.727773409406042, 
          0.0
        ], 
        [
          0.10674976000019104, 
          0.939857405122206, 
          -0.32445731117799614, 
          0.0
        ], 
        [
          -16.594767951690578, 
          13.24101140827234, 
          71.36249206945084, 
          1.0
        ]
      ], 
      "projected_cuboid": [
        [
          426.40778646208815, 
          449.29836589879716
        ], 
        [
          317.5398441526629, 
          458.7014431630575
        ], 
        [
          316.2030834714428, 
          279.01946205076825
        ], 
        [
          415.6851392407681, 
          297.72678553958605
        ], 
        [
          391.92453258059027, 
          453.999482634921
        ], 
        [
          284.0024804091418, 
          463.64171013812813
        ], 
        [
          286.01734297244667, 
          294.45310375723204
        ], 
        [
          384.6409773250473, 
          309.96135388843015
        ]
      ], 
      "projected_cuboid_centroid": [
        356.54441427384387, 
        372.2417521316315
      ], 
      "quaternion_xyzw": [
        0.8953955242517577, 
        0.019322062041505775, 
        0.4101165172375077, 
        0.1723309471840771
      ], 
      "visibility": 0.8205882352941176
    }, 
    {
      "bounding_box": {
        "bottom_right": [
          442, 
          308
        ], 
        "top_left": [
          298, 
          225
        ]
      }, 
      "class": "004_sugar_box", 
      "cuboid": [
        [
          -21.398330715926132, 
          20.222753794342502, 
          67.77350267299214
        ], 
        [
          -28.424095163879095, 
          19.21125507272915, 
          61.814832837522125
        ], 
        [
          -31.03974768781817, 
          2.7993066579224193, 
          67.6848653016218
        ], 
        [
          -24.01398323986521, 
          3.810805379535773, 
          73.6435351370918
        ], 
        [
          -24.26451333602869, 
          21.792946594896268, 
          70.88642333496009
        ], 
        [
          -31.290277783981647, 
          20.781447873282914, 
          64.92775349949008
        ], 
        [
          -33.90593030792073, 
          4.369499458476185, 
          70.79778596358975
        ], 
        [
          -26.880165859967764, 
          5.380998180089539, 
          76.75645579905975
        ]
      ], 
      "cuboid_centroid": [
        -27.652130511923428, 
        12.296126626409343, 
        69.28564431829093
      ], 
      "location": [
        -27.652130511923428, 
        12.296126626409343, 
        69.28564431829093
      ], 
      "pose_transform_permuted": [
        [
          0.6350384567474571, 
          -0.3478957711438336, 
          -0.6897063429554486, 
          0.0
        ], 
        [
          0.7580914682055114, 
          0.10914236545167469, 
          0.6429502152523048, 
          0.0
        ], 
        [
          0.1484032955471144, 
          0.9311585574977861, 
          -0.3330458287819686, 
          0.0
        ], 
        [
          -27.652130511923428, 
          12.296126626409343, 
          69.28564431829093, 
          1.0
        ]
      ], 
      "projected_cuboid": [
        [
          311.80722725058695, 
          432.4223388298892
        ], 
        [
          234.31894964485323, 
          439.03540564420126
        ], 
        [
          234.9827136657374, 
          295.3435377747942
        ], 
        [
          306.24079258630707, 
          300.8840335766289
        ], 
        [
          297.51975826685964, 
          437.2474863162205
        ], 
        [
          222.43539180155807, 
          443.9863161211358
        ], 
        [
          224.05526800409535, 
          306.2019688546482
        ], 
        [
          293.2717244483556, 
          310.67481596502085
        ]
      ], 
      "projected_cuboid_centroid": [
        266.9736654807164, 
        367.9347900333404
      ], 
      "quaternion_xyzw": [
        0.9190968894326031, 
        -0.010679214168507612, 
        0.3476207695547522, 
        0.18522029825010503
      ], 
      "visibility": 0.5642367376398412
    }, 
    {
      "bounding_box": {
        "bottom_right": [
          337, 
          313
        ], 
        "top_left": [
          255, 
          144
        ]
      }, 
      "class": "024_bowl", 
      "cuboid": [
        [
          -32.23619557036738, 
          2.3321510075478242, 
          47.153729952109856
        ], 
        [
          -35.32941164918132, 
          8.393540468105128, 
          61.76297064021463
        ], 
        [
          -36.13042233296788, 
          3.3088137396285036, 
          63.70303107733846
        ], 
        [
          -33.03720625415394, 
          -2.7525757209288, 
          49.093790389233696
        ], 
        [
          -16.56547041647956, 
          1.2938283965083717, 
          50.90249540221878
        ], 
        [
          -19.65868649529349, 
          7.355217857065675, 
          65.51173609032355
        ], 
        [
          -20.45969717908006, 
          2.270491128589051, 
          67.45179652744739
        ], 
        [
          -17.366481100266125, 
          -3.7908983319682523, 
          52.84255583934261
        ]
      ], 
      "cuboid_centroid": [
        -26.34794637472372, 
        2.3013210680684377, 
        57.30276323977862
      ], 
      "location": [
        -26.34794637472372, 
        2.3013210680684377, 
        57.30276323977862
      ], 
      "pose_transform_permuted": [
        [
          -0.9705459314467642, 
          0.06430715718496964, 
          -0.2321749006394103, 
          0.0
        ], 
        [
          0.19192971903865674, 
          -0.37610071411329216, 
          -0.9064828932711382, 
          0.0
        ], 
        [
          0.14561448383273798, 
          0.9243445474379448, 
          -0.35268056328619224, 
          0.0
        ], 
        [
          -26.34794637472372, 
          2.3013210680684377, 
          57.30276323977862, 
          1.0
        ]
      ], 
      "projected_cuboid": [
        [
          113.95985212275511, 
          299.66370484608797
        ], 
        [
          173.9874097971414, 
          345.76426140339294
        ], 
        [
          176.59366892872956, 
          300.98781270205666
        ], 
        [
          119.71381192086348, 
          243.38453765728235
        ], 
        [
          306.58965820861755, 
          286.84233746962224
        ], 
        [
          320.22546050523135, 
          333.1640798657608
        ], 
        [
          318.4807471516318, 
          291.238578470085
        ], 
        [
          304.8632131471981, 
          235.02645978998177
        ]
      ], 
      "projected_cuboid_centroid": [
        234.33189892418017, 
        294.7050442344328
      ], 
      "quaternion_xyzw": [
        0.7662325311411693, 
        -0.1702209109971573, 
        -0.6124214087864412, 
        0.09408808500721735
      ], 
      "visibility": 0.8113530474469905
    }, 
    {
      "bounding_box": {
        "bottom_right": [
          320, 
          487
        ], 
        "top_left": [
          232, 
          383
        ]
      }, 
      "class": "025_mug", 
      "cuboid": [
        [
          2.0603054344706035, 
          2.5855082915794263, 
          54.74032313605595
        ], 
        [
          -9.295931076458858, 
          3.774448732587534, 
          52.19295813295404
        ], 
        [
          -10.484089861878475, 
          -4.103762573411426, 
          53.81278416896765
        ], 
        [
          0.8721466490509879, 
          -5.292703014419533, 
          56.36014917206956
        ], 
        [
          0.28471509928926914, 
          4.682005941008117, 
          63.63446850004387
        ], 
        [
          -11.071521411640193, 
          5.870946382016224, 
          61.087103496941964
        ], 
        [
          -12.25968019705981, 
          -2.0072649239827354, 
          62.70692953295558
        ], 
        [
          -0.9034436861303465, 
          -3.196205364990843, 
          65.25429453605749
        ]
      ], 
      "cuboid_centroid": [
        -5.099687381294602, 
        0.2891216837983456, 
        58.72362633450577
      ], 
      "location": [
        -5.099687381294602, 
        0.2891216837983456, 
        58.72362633450577
      ], 
      "pose_transform_permuted": [
        [
          0.19074320901490086, 
          -0.22521675266011487, 
          -0.9554556558220983, 
          0.0
        ], 
        [
          0.970701441392755, 
          -0.10162752411029599, 
          0.21774210830187274, 
          0.0
        ], 
        [
          0.14613960721328445, 
          0.9689939761673682, 
          -0.19923325363729102, 
          0.0
        ], 
        [
          -5.099687381294602, 
          0.2891216837983456, 
          58.72362633450577, 
          1.0
        ]
      ], 
      "projected_cuboid": [
        [
          501.8373246468757, 
          298.4764185914464
        ], 
        [
          385.81753439558236, 
          311.854718379194
        ], 
        [
          376.8270525664724, 
          232.61559001091118
        ], 
        [
          489.9187129140363, 
          223.20323964095223
        ], 
        [
          484.00314775494166, 
          312.52636375072814
        ], 
        [
          384.13188419832346, 
          324.5427033262822
        ], 
        [
          376.4601260409581, 
          256.21484111243257
        ], 
        [
          474.15174294401135, 
          247.16413599846103
        ]
      ], 
      "projected_cuboid_centroid": [
        434.8964726528549, 
        275.91229980020887
      ], 
      "quaternion_xyzw": [
        0.986806854630406, 
        -0.06276991545026761, 
        0.10348664366284872, 
        0.10753117601123104
      ], 
      "visibility": 0.8972853998532648
    }, 
    {
      "bounding_box": {
        "bottom_right": [
          333, 
          378
        ], 
        "top_left": [
          259, 
          320
        ]
      }, 
      "class": "061_foam_brick", 
      "cuboid": [
        [
          -17.179400170599106, 
          -1.80167403523495, 
          62.19475724247713
        ], 
        [
          -16.05225523268868, 
          5.489404782923858, 
          59.70210622079315
        ], 
        [
          -18.906914976386037, 
          7.2525625220762375, 
          63.568554705399116
        ], 
        [
          -20.034059914296463, 
          -0.038516296082569124, 
          66.06120572708309
        ], 
        [
          -12.88327483987414, 
          -1.4381047699182068, 
          65.20086119495807
        ], 
        [
          -11.756129901963716, 
          5.8529740482406005, 
          62.70821017327408
        ], 
        [
          -14.610789645661074, 
          7.616131787392981, 
          66.57465865788005
        ], 
        [
          -15.737934583571498, 
          0.3250529692341735, 
          69.06730967956403
        ]
      ], 
      "cuboid_centroid": [
        -15.895094908130089, 
        2.9072288760790155, 
        64.3847079501786
      ], 
      "location": [
        -15.895094908130089, 
        2.9072288760790155, 
        64.3847079501786
      ], 
      "pose_transform_permuted": [
        [
          -0.8173754369152447, 
          -0.06917223409706247, 
          -0.5719375815223501, 
          0.0
        ], 
        [
          -0.1447395756439846, 
          -0.9362661523224782, 
          0.32008771806750286, 
          0.0
        ], 
        [
          0.5576269813863143, 
          -0.3444138412510204, 
          -0.7552689955139856, 
          0.0
        ], 
        [
          -15.895094908130089, 
          2.9072288760790155, 
          64.3847079501786, 
          1.0
        ]
      ], 
      "projected_cuboid": [
        [
          333.05620056062503, 
          257.8371964600002
        ], 
        [
          337.0071071147035, 
          322.3234523552704
        ], 
        [
          321.65228807804726, 
          334.1331883280075
        ], 
        [
          318.5119961869763, 
          272.9755915682421
        ], 
        [
          375.3383247622055, 
          261.5233584406638
        ], 
        [
          380.780547110875, 
          323.0647994099456
        ], 
        [
          363.57683284854426, 
          334.2982248922499
        ], 
        [
          359.06015586398746, 
          275.7965114387018
        ]
      ], 
      "projected_cuboid_centroid": [
        348.83557380996245, 
        297.368065128741
      ], 
      "quaternion_xyzw": [
        -0.5202845770891505, 
        0.7178250132200318, 
        0.23894986548992575, 
        -0.39614917773633157
      ], 
      "visibility": 1.0
    }
  ]
}