{
  "camera_data": {
    "location_worldframe": [
      -16.755144267477284, 
      12.288330343091234, 
      72.8422407232025
    ], 
    "quaternion_xyzw_worldframe": [
      0.8837924432227495, 
      0.004755979109168706, 
      -0.02638332661359537, 
      -0.46711608094825463
    ]
  }, 
  "objects": [
    {
      "bounding_box": {
        "bottom_right": [
          539, 
          381
        ], 
        "top_left": [
          387, 
          216
        ]
      }, 
      "class": "003_cracker_box", 
      "cuboid": [
        [
          -15.439612699187698, 
          37.57035210531707, 
          65.49343077990414
        ], 
        [
          -29.801799816835743, 
          32.55850366963564, 
          59.35445104850101
        ], 
        [
          -27.946166646754378, 
          14.168127266574556, 
          70.02704344389508
        ], 
        [
          -13.583979529106333, 
          19.179975702255987, 
          76.16602317529822
        ], 
        [
          -18.85182772338619, 
          40.48018162711199, 
          71.10075441223243
        ], 
        [
          -33.214014841034235, 
          35.46833319143056, 
          64.96177468082931
        ], 
        [
          -31.358381670952866, 
          17.07795678836948, 
          75.63436707622338
        ], 
        [
          -16.99619455330482, 
          22.089805224050906, 
          81.77334680762651
        ]
      ], 
      "cuboid_centroid": [
        -23.398997185070282, 
        27.324154446843274, 
        70.56389892806376
      ], 
      "location": [
        -23.398997185070282, 
        27.324154446843274, 
        70.56389892806376
      ], 
      "pose_transform_permuted": [
        [
          0.4752388726711214, 
          -0.40526874531530804, 
          -0.780964312867648, 
          0.0
        ], 
        [
          0.8755508858489005, 
          0.30553343315025006, 
          0.37424586506283164, 
          0.0
        ], 
        [
          -0.0869405555048226, 
          0.8616301789619359, 
          -0.5000347733013527, 
          0.0
        ], 
        [
          -23.398997185070282, 
          27.324154446843274, 
          70.56389892806376, 
          1.0
        ]
      ], 
      "projected_cuboid": [
        [
          354.82300856210134, 
          579.2256876915304
        ], 
        [
          211.58639045667113, 
          565.8355768324112
        ], 
        [
          266.98793925946853, 
          381.18970447994917
        ], 
        [
          385.68848539457196, 
          407.5860093246797
        ], 
        [
          339.01300366409777, 
          576.9242950000778
        ], 
        [
          206.6461128338911, 
          564.47249720695
        ], 
        [
          258.6374546837889, 
          393.70810225008444
        ], 
        [
          369.8254194468547, 
          417.35457694940715
        ]
      ], 
      "projected_cuboid_centroid": [
        303.27445753263964, 
        479.80158153012525
      ], 
      "quaternion_xyzw": [
        0.9378359901494617, 
        0.10462223479835868, 
        0.22644810677359797, 
        0.24132778228962606
      ], 
      "visibility": 0.6076353551630399
    }, 
    {
      "bounding_box": {
        "bottom_right": [
          537, 
          279
        ], 
        "top_left": [
          393, 
          170
        ]
      }, 
      "class": "004_sugar_box", 
      "cuboid": [
        [
          -29.65798898027468, 
          33.53624674952043, 
          67.93036555177294
        ], 
        [
          -38.33117530273939, 
          31.465508925143403, 
          65.40487038674279
        ], 
        [
          -37.429650322132396, 
          16.462305877029504, 
          74.61041876977013
        ], 
        [
          -28.756463999667687, 
          18.53304370140653, 
          77.13591393480029
        ], 
        [
          -31.23164905137024, 
          35.67943202945727, 
          71.57743754542722
        ], 
        [
          -39.90483537383495, 
          33.60869420508024, 
          69.05194238039707
        ], 
        [
          -39.003310393227956, 
          18.60549115696634, 
          78.25749076342441
        ], 
        [
          -30.330124070763247, 
          20.67622898134337, 
          80.78298592845456
        ]
      ], 
      "cuboid_centroid": [
        -34.33064968675132, 
        26.070868953243387, 
        73.09392815759867
      ], 
      "location": [
        -34.33064968675132, 
        26.070868953243387, 
        73.09392815759867
      ], 
      "pose_transform_permuted": [
        [
          0.3486639881159637, 
          -0.4748493913644135, 
          -0.8080542231514237, 
          0.0
        ], 
        [
          0.9358509813310005, 
          0.22343599606560258, 
          0.2725050564656286, 
          0.0
        ], 
        [
          -0.05114948446540771, 
          0.851231100356383, 
          -0.5222917435922714, 
          0.0
        ], 
        [
          -34.33064968675132, 
          26.070868953243387, 
          73.09392815759867, 
          1.0
        ]
      ], 
      "projected_cuboid": [
        [
          246.8125337129992, 
          536.5787636643296
        ], 
        [
          166.4351137712401, 
          529.8602763742703
        ], 
        [
          211.81813641013056, 
          390.960051320976
        ], 
        [
          281.11728179941537, 
          401.42445244344975
        ], 
        [
          246.9524987825604, 
          539.1320400037273
        ], 
        [
          170.8254403538983, 
          532.8617818701331
        ], 
        [
          213.5770150301884, 
          400.08172003658655
        ], 
        [
          279.6925567332708, 
          409.78852160020483
        ]
      ], 
      "projected_cuboid_centroid": [
        229.0208486722815, 
        463.50897250533313
      ], 
      "quaternion_xyzw": [
        0.9480422333470709, 
        0.07240855704328276, 
        0.16380310463294181, 
        0.2629474457683889
      ], 
      "visibility": 0.5154137897500729
    }, 
    {
      "bounding_box": {
        "bottom_right": [
          431, 
          233
        ], 
        "top_left": [
          355, 
          79
        ]
      }, 
      "class": "024_bowl", 
      "cuboid": [
        [
          -46.26936385994676, 
          12.157258943485102, 
          56.541050517847594
        ], 
        [
          -44.00391496918601, 
          20.870684808625178, 
          69.90826011453692
        ], 
        [
          -43.670015979744534, 
          16.245172730368594, 
          72.86681516679982
        ], 
        [
          -45.93546487050528, 
          7.53174686522852, 
          59.4996055701105
        ], 
        [
          -30.313451520722946, 
          11.749450817875267, 
          54.10270332171028
        ], 
        [
          -28.048002629962205, 
          20.462876683015345, 
          67.4699129183996
        ], 
        [
          -27.714103640520726, 
          15.837364604758761, 
          70.42846797066251
        ], 
        [
          -29.979552531281467, 
          7.123938739618685, 
          57.06125837397319
        ]
      ], 
      "cuboid_centroid": [
        -36.99173375023374, 
        13.99731177412193, 
        63.48475924425505
      ], 
      "location": [
        -36.99173375023374, 
        13.99731177412193, 
        63.48475924425505
      ], 
      "pose_transform_permuted": [
        [
          -0.9882086279531812, 
          0.025257064573260067, 
          0.15101585455849625, 
          0.0
        ], 
        [
          -0.14056792607481466, 
          -0.5406558531797598, 
          -0.8294166061645325, 
          0.0
        ], 
        [
          -0.06069897690996251, 
          0.8408646318591406, 
          -0.5378311120514279, 
          0.0
        ], 
        [
          -36.99173375023374, 
          13.99731177412193, 
          63.48475924425505, 
          1.0
        ]
      ], 
      "projected_cuboid": [
        [
          41.52744208925436, 
          387.9590495966293
        ], 
        [
          143.1002723617082, 
          432.5058477510654
        ], 
        [
          159.30820278394117, 
          392.18659871924746
        ], 
        [
          66.42725556352478, 
          340.7967014560667
        ], 
        [
          180.29080373188384, 
          389.1072239722702
        ], 
        [
          258.04251072137936, 
          435.03645570056955
        ], 
        [
          269.9830988745406, 
          393.21498357899947
        ], 
        [
          199.0599312686878, 
          339.8699984135516
        ]
      ], 
      "projected_cuboid_centroid": [
        168.24905289913713, 
        390.874453092995
      ], 
      "quaternion_xyzw": [
        -0.6223505545964085, 
        0.19280005164494746, 
        0.7301452616590159, 
        -0.2059024627247941
      ], 
      "visibility": 0.6395403932717365
    }, 
    {
      "bounding_box": {
        "bottom_right": [
          431, 
          376
        ], 
        "top_left": [
          342, 
          260
        ]
      }, 
      "class": "025_mug", 
      "cuboid": [
        [
          -11.750961342451523, 
          13.629677363856679, 
          50.201280431145975
        ], 
        [
          -23.278986704275543, 
          14.385696612360585, 
          52.04514096722078
        ], 
        [
          -23.237099634182112, 
          6.958538309574077, 
          55.35230532464175
        ], 
        [
          -11.709074272358095, 
          6.202519061070171, 
          53.50844478856695
        ], 
        [
          -10.16600501569874, 
          17.368440852487392, 
          58.5776403927621
        ], 
        [
          -21.69403037752276, 
          18.124460100991296, 
          60.4215009288369
        ], 
        [
          -21.65214330742933, 
          10.697301798204789, 
          63.728665286257865
        ], 
        [
          -10.124117945605313, 
          9.941282549700883, 
          61.884804750183065
        ]
      ], 
      "cuboid_centroid": [
        -16.701552324940426, 
        12.163489581030735, 
        56.96497285870193
      ], 
      "location": [
        -16.701552324940426, 
        12.163489581030735, 
        56.96497285870193
      ], 
      "pose_transform_permuted": [
        [
          -0.17026430586108185, 
          -0.4016375463636082, 
          -0.8998324372943942, 
          0.0
        ], 
        [
          0.9853855037595491, 
          -0.06462255110107293, 
          -0.1576083835848665, 
          0.0
        ], 
        [
          -0.0051519713071069145, 
          0.9135159461845653, 
          -0.4067702954471591, 
          0.0
        ], 
        [
          -16.701552324940426, 
          12.163489581030735, 
          56.96497285870193, 
          1.0
        ]
      ], 
      "projected_cuboid": [
        [
          355.7189215635894, 
          418.0831206187858
        ], 
        [
          241.0635401590022, 
          420.70037101846776
        ], 
        [
          255.84177329714223, 
          340.3320698518192
        ], 
        [
          363.9199650397599, 
          335.1071514066983
        ], 
        [
          388.2694501400149, 
          431.4173464891436
        ], 
        [
          288.515653391049, 
          433.26484632646105
        ], 
        [
          298.88896549928626, 
          362.8079568036922
        ], 
        [
          393.62092754172977, 
          358.9599223767762
        ]
      ], 
      "projected_cuboid_centroid": [
        323.9301128755022, 
        387.16401158881405
      ], 
      "quaternion_xyzw": [
        0.9745170454176916, 
        -0.015256423700746069, 
        -0.08411158403735708, 
        0.20738678856670803
      ], 
      "visibility": 0.787758346581876
    }, 
    {
      "bounding_box": {
        "bottom_right": [
          439, 
          307
        ], 
        "top_left": [
          363, 
          247
        ]
      }, 
      "class": "061_foam_brick", 
      "cuboid": [
        [
          -26.40198887916181, 
          10.831863752474819, 
          65.11783102510357
        ], 
        [
          -26.791156843672603, 
          17.51887880211901, 
          61.14593309328382
        ], 
        [
          -28.082027463384744, 
          19.99297424472401, 
          65.43775509956228
        ], 
        [
          -27.692859498873958, 
          13.305959195079819, 
          69.40965303138202
        ], 
        [
          -21.322617213376503, 
          11.728049604849334, 
          66.12895457834632
        ], 
        [
          -21.711785177887293, 
          18.415064654493523, 
          62.15705664652658
        ], 
        [
          -23.002655797599438, 
          20.889160097098525, 
          66.44887865280504
        ], 
        [
          -22.613487833088648, 
          14.202145047454334, 
          70.42077658462478
        ]
      ], 
      "cuboid_centroid": [
        -24.702322338380625, 
        15.860511924786671, 
        65.7833548389543
      ], 
      "location": [
        -24.702322338380625, 
        15.860511924786671, 
        65.7833548389543
      ], 
      "pose_transform_permuted": [
        [
          -0.9663949058663931, 
          -0.17050720038427436, 
          -0.1923751037234348, 
          0.0
        ], 
        [
          0.049974057588325446, 
          -0.858696772754666, 
          0.5100416120561932, 
          0.0
        ], 
        [
          0.2521576480768412, 
          -0.4832878511589532, 
          -0.8383611235252488, 
          0.0
        ], 
        [
          -24.702322338380625, 
          15.860511924786671, 
          65.7833548389543, 
          1.0
        ]
      ], 
      "projected_cuboid": [
        [
          263.5609429766053, 
          362.0002584861842
        ], 
        [
          245.97518195754716, 
          426.0875611683421
        ], 
        [
          250.82044947897808, 
          436.2298521939207
        ], 
        [
          267.04156076922385, 
          375.5248910301645
        ], 
        [
          308.2004627840334, 
          367.87140729550225
        ], 
        [
          293.7532833531934, 
          431.2913589216333
        ], 
        [
          295.43891484528314, 
          440.9432145370993
        ], 
        [
          308.9105316342568, 
          380.844029451903
        ]
      ], 
      "projected_cuboid_centroid": [
        279.66118208408966, 
        401.87106562245015
      ], 
      "quaternion_xyzw": [
        0.4356206234078017, 
        -0.6375125287580752, 
        -0.26189835219474306, 
        0.5789833341780753
      ], 
      "visibility": 0.2796194868838282
    }
  ]
}