{
  "camera_data": {
    "location_worldframe": [
      -16.244368435954215, 
      3.1631988105811413, 
      72.01702618575855
    ], 
    "quaternion_xyzw_worldframe": [
      -0.8466261044063818, 
      -0.022202562609245132, 
      -0.05416446397269853, 
      0.5289605888302165
    ]
  }, 
  "objects": [
    {
      "bounding_box": {
        "bottom_right": [
          502, 
          383
        ], 
        "top_left": [
          327, 
          233
        ]
      }, 
      "class": "003_cracker_box", 
      "cuboid": [
        [
          -12.878949302931947, 
          29.10892201336235, 
          68.79091937764036
        ], 
        [
          -26.254886795904447, 
          25.861364079445416, 
          59.86815190688882
        ], 
        [
          -26.772801284059206, 
          6.071954752637182, 
          67.84716125801697
        ], 
        [
          -13.396863791086705, 
          9.319512686554114, 
          76.76992872876852
        ], 
        [
          -17.031510975928832, 
          31.39240508785886, 
          74.1848357781223
        ], 
        [
          -30.407448468901332, 
          28.144847153941928, 
          65.26206830737074
        ], 
        [
          -30.92536295705609, 
          8.355437827133693, 
          73.2410776584989
        ], 
        [
          -17.54942546408359, 
          11.602995761050625, 
          82.16384512925045
        ]
      ], 
      "cuboid_centroid": [
        -21.90215612999402, 
        18.732179920248022, 
        71.01599851806964
      ], 
      "location": [
        -21.90215612999402, 
        18.732179920248022, 
        71.01599851806964
      ], 
      "pose_transform_permuted": [
        [
          0.5783512217656617, 
          -0.31803386199034017, 
          -0.7512418564681256, 
          0.0
        ], 
        [
          0.8154269140972896, 
          0.1979783582120765, 
          0.543951760219068, 
          0.0
        ], 
        [
          0.024265449675161865, 
          0.9271779938648028, 
          -0.3738343960163407, 
          0.0
        ], 
        [
          -21.90215612999402, 
          18.732179920248022, 
          71.01599851806964, 
          1.0
        ]
      ], 
      "projected_cuboid": [
        [
          380.91756685149915, 
          498.9610644331602
        ], 
        [
          245.76327498261793, 
          503.66565395177497
        ], 
        [
          269.392919066096, 
          321.01576228008446
        ], 
        [
          387.7536669055782, 
          338.02905765878774
        ], 
        [
          358.1360723116114, 
          498.96856882491426
        ], 
        [
          231.03756210468043, 
          503.28534957074913
        ], 
        [
          254.53122069582636, 
          334.128332799869
        ], 
        [
          366.73572670691516, 
          348.60074525941366
        ]
      ], 
      "projected_cuboid_centroid": [
        315.744420047077, 
        413.9624222247809
      ], 
      "quaternion_xyzw": [
        0.9345917242879666, 
        0.046467592217676795, 
        0.3002121013964076, 
        0.18507232624325654
      ], 
      "visibility": 0.806827717175286
    }, 
    {
      "bounding_box": {
        "bottom_right": [
          477, 
          275
        ], 
        "top_left": [
          337, 
          185
        ]
      }, 
      "class": "004_sugar_box", 
      "cuboid": [
        [
          -27.43850713051466, 
          25.608719505447603, 
          68.41558937118315
        ], 
        [
          -35.66948830277155, 
          24.42538157245574, 
          64.3240246059154
        ], 
        [
          -36.77527668224371, 
          8.246184200151179, 
          71.22777535993943
        ], 
        [
          -28.54429550998682, 
          9.429522133143038, 
          75.31934012520718
        ], 
        [
          -29.493357155897627, 
          27.30385305049174, 
          72.05906256691898
        ], 
        [
          -37.72433832815451, 
          26.12051511749988, 
          67.96749780165123
        ], 
        [
          -38.830126707626675, 
          9.941317745195317, 
          74.87124855567527
        ], 
        [
          -30.599145535369786, 
          11.124655678187176, 
          78.96281332094301
        ]
      ], 
      "cuboid_centroid": [
        -33.13431691907066, 
        17.775018625321458, 
        71.64341896342921
      ], 
      "location": [
        -33.13431691907066, 
        17.775018625321458, 
        71.64341896342921
      ], 
      "pose_transform_permuted": [
        [
          0.4552776155344845, 
          -0.3755779491772786, 
          -0.8072568646508727, 
          0.0
        ], 
        [
          0.8881363227977552, 
          0.1276840972467343, 
          0.44148652621900925, 
          0.0
        ], 
        [
          0.06273870026292293, 
          0.9179530489551873, 
          -0.3916955154234792, 
          0.0
        ], 
        [
          -33.13431691907066, 
          17.775018625321458, 
          71.64341896342921, 
          1.0
        ]
      ], 
      "projected_cuboid": [
        [
          265.92339043580535, 
          472.91401671429736
        ], 
        [
          183.39173351545895, 
          475.8008302513302
        ], 
        [
          203.9466659309149, 
          335.03002917083705
        ], 
        [
          277.7968895722222, 
          340.0548979430475
        ], 
        [
          261.4933697404878, 
          475.3663182218662
        ], 
        [
          183.11923181587113, 
          478.2460066282595
        ], 
        [
          202.69902273321807, 
          344.10009509871657
        ], 
        [
          273.20632473474046, 
          348.42313050757457
        ]
      ], 
      "projected_cuboid_centroid": [
        232.88694816710122, 
        405.6052584064722
      ], 
      "quaternion_xyzw": [
        0.9504401922798477, 
        0.01708297836921885, 
        0.2358812656066239, 
        0.20182055400042512
      ], 
      "visibility": 0.5111886079628015
    }, 
    {
      "bounding_box": {
        "bottom_right": [
          377, 
          245
        ], 
        "top_left": [
          302, 
          77
        ]
      }, 
      "class": "024_bowl", 
      "cuboid": [
        [
          -42.78443662681748, 
          7.0586871215222144, 
          51.589676012077376
        ], 
        [
          -42.35891527400501, 
          13.650617617323274, 
          66.29014285169144
        ], 
        [
          -42.66374514209035, 
          8.642270841600524, 
          68.54479134849723
        ], 
        [
          -43.08926649490282, 
          2.050340345799464, 
          53.844324508883155
        ], 
        [
          -26.668584716776156, 
          6.067824517328414, 
          51.567503812220835
        ], 
        [
          -26.24306336396368, 
          12.659755013129473, 
          66.2679706518349
        ], 
        [
          -26.547893232049024, 
          7.651408237406724, 
          68.52261914864069
        ], 
        [
          -26.973414584861498, 
          1.059477741605662, 
          53.82215230902661
        ]
      ], 
      "cuboid_centroid": [
        -34.66616492943325, 
        7.355047679464469, 
        60.05614758035903
      ], 
      "location": [
        -34.66616492943325, 
        7.355047679464469, 
        60.05614758035903
      ], 
      "pose_transform_permuted": [
        [
          -0.9981142767479829, 
          0.06136778353772941, 
          0.0013732062907535099, 
          0.0
        ], 
        [
          -0.02640300309106222, 
          -0.40902004119498014, 
          -0.9121433480153379, 
          0.0
        ], 
        [
          0.055414546642771845, 
          0.9104595548647524, 
          -0.409869036371196, 
          0.0
        ], 
        [
          -34.66616492943325, 
          7.355047679464469, 
          60.05614758035903, 
          1.0
        ]
      ], 
      "projected_cuboid": [
        [
          35.617711989072, 
          346.2572632192612
        ], 
        [
          137.969804336483, 
          383.10892460665553
        ], 
        [
          146.881235086267, 
          340.5285879201515
        ], 
        [
          51.247960120009104, 
          293.5948372971849
        ], 
        [
          203.48771326597114, 
          336.0409744599047
        ], 
        [
          268.6348332588907, 
          375.1712826060102
        ], 
        [
          273.24978309946187, 
          332.8383458741575
        ], 
        [
          212.09220577715465, 
          283.7848217417723
        ]
      ], 
      "projected_cuboid_centroid": [
        171.18394927070918, 
        338.6019323358135
      ], 
      "quaternion_xyzw": [
        -0.6860545432913727, 
        0.1692411311823726, 
        0.6961026799701623, 
        -0.12699473250389054
      ], 
      "visibility": 0.7251561011747275
    }, 
    {
      "bounding_box": {
        "bottom_right": [
          367, 
          406
        ], 
        "top_left": [
          279, 
          293
        ]
      }, 
      "class": "025_mug", 
      "cuboid": [
        [
          -7.66730952206009, 
          7.392503432693667, 
          50.85104980904143
        ], 
        [
          -19.30747254774815, 
          8.552753111343476, 
          51.01591624606824
        ], 
        [
          -20.055636390686608, 
          0.743482460832693, 
          53.15070284886433
        ], 
        [
          -8.41547336499855, 
          -0.41676721781711557, 
          52.98583641183752
        ], 
        [
          -7.298899928289522, 
          9.81236650454207, 
          59.83227368293075
        ], 
        [
          -18.939062953977583, 
          10.972616183191878, 
          59.99714011995756
        ], 
        [
          -19.68722679691604, 
          3.1633455326810935, 
          62.13192672275365
        ], 
        [
          -8.047063771227982, 
          2.0030958540312853, 
          61.96706028572684
        ]
      ], 
      "cuboid_centroid": [
        -13.677268159488065, 
        5.277924482687381, 
        56.49148826589754
      ], 
      "location": [
        -13.677268159488065, 
        5.277924482687381, 
        56.49148826589754
      ], 
      "pose_transform_permuted": [
        [
          -0.03957648718587871, 
          -0.25995435915339155, 
          -0.9648100852114271, 
          0.0
        ], 
        [
          0.9949707384314828, 
          -0.09917511266667607, 
          -0.014092352506500982, 
          0.0
        ], 
        [
          0.09202168218584875, 
          0.9605145031897642, 
          -0.2625717029114283, 
          0.0
        ], 
        [
          -13.677268159488065, 
          5.277924482687381, 
          56.49148826589754, 
          1.0
        ]
      ], 
      "projected_cuboid": [
        [
          400.51313494985413, 
          350.818208696608
        ], 
        [
          278.0750160756172, 
          362.6968840057304
        ], 
        [
          278.6797222465428, 
          280.74671696032567
        ], 
        [
          396.1867203197112, 
          269.0916411196022
        ], 
        [
          415.9955883417898, 
          360.7498231284581
        ], 
        [
          311.8432013738858, 
          370.82303851157076
        ], 
        [
          311.2002579842176, 
          300.4396331758573
        ], 
        [
          411.76284871023967, 
          290.52618499709143
        ]
      ], 
      "projected_cuboid_centroid": [
        351.39793815323213, 
        323.1138760729129
      ], 
      "quaternion_xyzw": [
        0.9899867836027754, 
        -0.04828266347069767, 
        -0.013552918226106818, 
        0.13195278732995674
      ], 
      "visibility": 0.8691739422431162
    }, 
    {
      "bounding_box": {
        "bottom_right": [
          376, 
          316
        ], 
        "top_left": [
          303, 
          265
        ]
      }, 
      "class": "061_foam_brick", 
      "cuboid": [
        [
          -24.58935577183998, 
          3.3776623038669475, 
          62.78863299318866
        ], 
        [
          -24.104794003008486, 
          10.569590434255845, 
          59.84160655641022
        ], 
        [
          -25.971091589464024, 
          12.48421544767805, 
          64.2071965195537
        ], 
        [
          -26.455653358295518, 
          5.2922873172891505, 
          67.15422295633216
        ], 
        [
          -19.706015771955215, 
          3.823897232125502, 
          64.68056356153113
        ], 
        [
          -19.22145400312372, 
          11.0158253625144, 
          61.73353712475268
        ], 
        [
          -21.08775158957926, 
          12.930450375936603, 
          66.09912708789618
        ], 
        [
          -21.572313358410753, 
          5.738522245547706, 
          69.04615352467462
        ]
      ], 
      "cuboid_centroid": [
        -22.83855368070962, 
        8.154056339901777, 
        64.44388004054242
      ], 
      "location": [
        -22.83855368070962, 
        8.154056339901777, 
        64.44388004054242
      ], 
      "pose_transform_permuted": [
        [
          -0.9290981660765324, 
          -0.08490009982800702, 
          -0.3599563457454521, 
          0.0
        ], 
        [
          -0.062223820943551736, 
          -0.9235339579170003, 
          0.37843523181826644, 
          0.0
        ], 
        [
          0.36456109762344335, 
          -0.37400133906625876, 
          -0.8527708980002989, 
          0.0
        ], 
        [
          -22.83855368070962, 
          8.154056339901777, 
          64.44388004054242, 
          1.0
        ]
      ], 
      "projected_cuboid": [
        [
          270.99731361487244, 
          301.976021509236
        ], 
        [
          264.9803768372818, 
          367.4847035900626
        ], 
        [
          264.0775492088291, 
          376.9832719876735
        ], 
        [
          269.742954528278, 
          315.3163663648854
        ], 
        [
          317.7582644699468, 
          304.81624591272765
        ], 
        [
          314.1579944175209, 
          368.45288781734456
        ], 
        [
          310.0330179360558, 
          377.61563744956527
        ], 
        [
          313.5817154115642, 
          317.6114733439844
        ]
      ], 
      "projected_cuboid_centroid": [
        291.016483621925, 
        340.76723476155803
      ], 
      "quaternion_xyzw": [
        -0.4805546758006942, 
        0.6701084810975128, 
        0.28647257117036584, 
        -0.4878066144429715
      ], 
      "visibility": 0.6830860534124629
    }
  ]
}