{
  "camera_data": {
    "location_worldframe": [
      -22.051478439817267, 
      14.87178064435611, 
      72.52159784698293
    ], 
    "quaternion_xyzw_worldframe": [
      0.9124547409114958, 
      0.017188921705844108, 
      -0.0836515958605037, 
      -0.4001667484183757
    ]
  }, 
  "objects": [
    {
      "bounding_box": {
        "bottom_right": [
          539, 
          338
        ], 
        "top_left": [
          397, 
          149
        ]
      }, 
      "class": "003_cracker_box", 
      "cuboid": [
        [
          -23.485316368404696, 
          38.818140972394, 
          61.59317045706615
        ], 
        [
          -37.82289524474651, 
          31.932226348960786, 
          57.58117251955146
        ], 
        [
          -33.5533168153111, 
          15.503467377425642, 
          70.52026544898432
        ], 
        [
          -19.21573793896928, 
          22.389382000858856, 
          74.53226338649901
        ], 
        [
          -26.664197042329853, 
          42.27133357122482, 
          67.0266386010114
        ], 
        [
          -41.00177591867167, 
          35.38541894779161, 
          63.014640663496714
        ], 
        [
          -36.73219748923625, 
          18.95665997625646, 
          75.95373359292957
        ], 
        [
          -22.394618612894433, 
          25.842574599689677, 
          79.96573153044426
        ]
      ], 
      "cuboid_centroid": [
        -30.108756928820473, 
        28.887400474325233, 
        68.77345202499787
      ], 
      "location": [
        -30.108756928820473, 
        28.887400474325233, 
        68.77345202499787
      ], 
      "pose_transform_permuted": [
        [
          0.44274105152182375, 
          -0.48094605590399503, 
          -0.7567504559679772, 
          0.0
        ], 
        [
          0.8740507126998973, 
          0.4197806781822624, 
          0.24458032188555612, 
          0.0
        ], 
        [
          -0.2000392784583856, 
          0.7697240242679398, 
          -0.6062253818000509, 
          0.0
        ], 
        [
          -30.108756928820473, 
          28.887400474325233, 
          68.77345202499787, 
          1.0
        ]
      ], 
      "projected_cuboid": [
        [
          276.54904191703747, 
          609.4029387000294
        ], 
        [
          128.36021713936432, 
          569.0443508389613
        ], 
        [
          225.73066889214948, 
          390.5337251097585
        ], 
        [
          342.9519781049204, 
          433.4949542244412
        ], 
        [
          267.6665180105037, 
          609.6323621319227
        ], 
        [
          131.68981700315638, 
          572.7683200699687
        ], 
        [
          221.52750870911999, 
          406.39333232334434
        ], 
        [
          330.99480670300113, 
          445.6397554134368
        ]
      ], 
      "projected_cuboid_centroid": [
        246.16601800230313, 
        497.30054231358946
      ], 
      "quaternion_xyzw": [
        0.9220256494447178, 
        0.16805930426499777, 
        0.18636178229459055, 
        0.2947779810569223
      ], 
      "visibility": 0.5544421219594001
    }, 
    {
      "bounding_box": {
        "bottom_right": [
          539, 
          241
        ], 
        "top_left": [
          401, 
          105
        ]
      }, 
      "class": "004_sugar_box", 
      "cuboid": [
        [
          -37.065038010189426, 
          34.174681979035334, 
          65.882969275032
        ], 
        [
          -45.70819708385121, 
          31.133879054683238, 
          64.4902881368259
        ], 
        [
          -42.79250319242164, 
          17.760586463631, 
          75.59455508387997
        ], 
        [
          -34.14934411875986, 
          20.801389387983093, 
          76.98723622208605
        ], 
        [
          -38.512641194374524, 
          36.71438950441592, 
          69.32173562316589
        ], 
        [
          -47.15580026803631, 
          33.67358658006383, 
          67.9290544849598
        ], 
        [
          -44.24010637660674, 
          20.300293989011593, 
          79.03332143201386
        ], 
        [
          -35.59694730294496, 
          23.341096913363685, 
          80.42600257021995
        ]
      ], 
      "cuboid_centroid": [
        -40.652572193398086, 
        27.237487984023463, 
        72.45814535352292
      ], 
      "location": [
        -40.652572193398086, 
        27.237487984023463, 
        72.45814535352292
      ], 
      "pose_transform_permuted": [
        [
          0.3207345148281992, 
          -0.5627038333830543, 
          -0.7619015130152117, 
          0.0
        ], 
        [
          0.932610992102808, 
          0.32810760601536254, 
          0.1502725712804668, 
          0.0
        ], 
        [
          -0.1654266300032501, 
          0.7587554824901438, 
          -0.6300186261346453, 
          0.0
        ], 
        [
          -40.652572193398086, 
          27.237487984023463, 
          72.45814535352292, 
          1.0
        ]
      ], 
      "projected_cuboid": [
        [
          179.05691371775293, 
          549.929004898493
        ], 
        [
          100.45093962766026, 
          530.7564280944389
        ], 
        [
          177.18005884865232, 
          398.58747479029046
        ], 
        [
          243.06027520153208, 
          417.38559728234884
        ], 
        [
          182.83489184230615, 
          555.7448857256132
        ], 
        [
          108.28563691939893, 
          537.6621176935505
        ], 
        [
          180.57546298000238, 
          410.2736230779991
        ], 
        [
          243.58004982375104, 
          428.0656352730586
        ]
      ], 
      "projected_cuboid_centroid": [
        179.88508832371446, 
        473.7648371070172
      ], 
      "quaternion_xyzw": [
        0.9291485332830488, 
        0.13279207207989696, 
        0.1267308372226591, 
        0.32091813547381387
      ], 
      "visibility": 0.44078952780607283
    }, 
    {
      "bounding_box": {
        "bottom_right": [
          434, 
          181
        ], 
        "top_left": [
          347, 
          38
        ]
      }, 
      "class": "024_bowl", 
      "cuboid": [
        [
          -52.67653460334538, 
          10.206350856768209, 
          59.21120151921735
        ], 
        [
          -50.07740453456401, 
          20.94025434129841, 
          70.94858539536757
        ], 
        [
          -49.11313245979906, 
          16.83908349063835, 
          74.48560045584479
        ], 
        [
          -51.71226252858043, 
          6.105180006108152, 
          62.74821657969457
        ], 
        [
          -36.9949663404665, 
          10.593344167485485, 
          55.384762432109206
        ], 
        [
          -34.395836271685134, 
          21.327247652015686, 
          67.12214630825942
        ], 
        [
          -33.431564196920185, 
          17.226076801355628, 
          70.65916136873665
        ], 
        [
          -36.030694265701555, 
          6.492173316825428, 
          58.92177749258642
        ]
      ], 
      "cuboid_centroid": [
        -43.05404940013278, 
        13.716213829061918, 
        64.935181443977
      ], 
      "location": [
        -43.05404940013278, 
        13.716213829061918, 
        64.935181443977
      ], 
      "pose_transform_permuted": [
        [
          -0.9712174852652478, 
          -0.023967926150538346, 
          0.23698551607870694, 
          0.0
        ], 
        [
          -0.161272375138245, 
          -0.6660236554711971, 
          -0.7282882062549504, 
          0.0
        ], 
        [
          -0.17529351765629525, 
          0.7455454572786467, 
          -0.6429884554164687, 
          0.0
        ], 
        [
          -43.05404940013278, 
          13.716213829061918, 
          64.935181443977, 
          1.0
        ]
      ], 
      "projected_cuboid": [
        [
          3.181766465173549, 
          365.21587981151856
        ], 
        [
          102.02887735530418, 
          430.69415442037007
        ], 
        [
          127.01477026014041, 
          393.85498252978897
        ], 
        [
          38.41325313280584, 
          325.1766510957586
        ], 
        [
          122.39065807031314, 
          375.2936180464113
        ], 
        [
          206.02716963345878, 
          442.7423652090754
        ], 
        [
          227.16024963277934, 
          403.3051218623067
        ], 
        [
          152.75412276925465, 
          332.0492453291525
        ]
      ], 
      "projected_cuboid_centroid": [
        125.04276256417396, 
        385.93926766253645
      ], 
      "quaternion_xyzw": [
        -0.5803635856214825, 
        0.21138909727141297, 
        0.7320866322532462, 
        -0.28730109800600107
      ], 
      "visibility": 0.7052619511635905
    }, 
    {
      "bounding_box": {
        "bottom_right": [
          438, 
          312
        ], 
        "top_left": [
          340, 
          190
        ]
      }, 
      "class": "025_mug", 
      "cuboid": [
        [
          -19.037948361954655, 
          13.208890082888308, 
          49.55196228591525
        ], 
        [
          -30.400167407694045, 
          13.396529160934865, 
          52.3325243615552
        ], 
        [
          -29.460121855842125, 
          6.5623084349869, 
          56.63502508761602
        ], 
        [
          -18.097902810102727, 
          6.374669356940343, 
          53.85446301197607
        ], 
        [
          -17.099165073333207, 
          18.249046541403317, 
          57.1342961892493
        ], 
        [
          -28.4613841190726, 
          18.43668561944987, 
          59.91485826488925
        ], 
        [
          -27.521338567220678, 
          11.602464893501907, 
          64.21735899095007
        ], 
        [
          -16.159119521481287, 
          11.414825815455352, 
          61.43679691531012
        ]
      ], 
      "cuboid_centroid": [
        -23.279643464587664, 
        12.405677488195108, 
        56.88466063843266
      ], 
      "location": [
        -23.279643464587664, 
        12.405677488195108, 
        56.88466063843266
      ], 
      "pose_transform_permuted": [
        [
          -0.2082742503880266, 
          -0.5414399919766114, 
          -0.8145340013898603, 
          0.0
        ], 
        [
          0.9712128128455768, 
          -0.016038898392623527, 
          -0.23767518509394106, 
          0.0
        ], 
        [
          -0.11562249877378002, 
          0.8405865821597232, 
          -0.5291933821112479, 
          0.0
        ], 
        [
          -23.279643464587664, 
          12.405677488195108, 
          56.88466063843266, 
          1.0
        ]
      ], 
      "projected_cuboid": [
        [
          274.98721693710996, 
          415.45163958754915
        ], 
        [
          169.20785479333526, 
          409.81026648895016
        ], 
        [
          201.86569314472874, 
          335.08235415302516
        ], 
        [
          300.88036736370583, 
          336.41475083802374
        ], 
        [
          320.6549323366903, 
          443.6321017474483
        ], 
        [
          226.14276744388872, 
          437.39684007296984
        ], 
        [
          251.13001414064865, 
          369.64400016907075
        ], 
        [
          340.15426162138266, 
          372.3761789056157
        ]
      ], 
      "projected_cuboid_centroid": [
        261.5209631236419, 
        389.595410579153
      ], 
      "quaternion_xyzw": [
        0.9521467056597896, 
        0.026147126222568318, 
        -0.11709052628947217, 
        0.2811104023475995
      ], 
      "visibility": 0.7410923437307361
    }, 
    {
      "bounding_box": {
        "bottom_right": [
          450, 
          264
        ], 
        "top_left": [
          368, 
          190
        ]
      }, 
      "class": "061_foam_brick", 
      "cuboid": [
        [
          -32.13658990592501, 
          11.598269359654372, 
          66.00832768559981
        ], 
        [
          -33.412887404886106, 
          17.579125085349393, 
          61.18712196066647
        ], 
        [
          -34.55522862210803, 
          20.560910717815823, 
          65.18852700577045
        ], 
        [
          -33.27893112314693, 
          14.5800549921208, 
          70.0097327307038
        ], 
        [
          -27.086052605562898, 
          12.99769433621593, 
          66.40735043398368
        ], 
        [
          -28.362350104523998, 
          18.978550061910955, 
          61.58614470905034
        ], 
        [
          -29.504691321745923, 
          21.96033569437738, 
          65.58754975415432
        ], 
        [
          -28.228393822784824, 
          15.97947996868236, 
          70.40875547908767
        ]
      ], 
      "cuboid_centroid": [
        -30.820640613835465, 
        16.779302527015876, 
        65.79793871987707
      ], 
      "location": [
        -30.820640613835465, 
        16.779302527015876, 
        65.79793871987707
      ], 
      "pose_transform_permuted": [
        [
          -0.9609089155328695, 
          -0.2662528472962609, 
          -0.07591756948216147, 
          0.0
        ], 
        [
          0.16389263898711603, 
          -0.7680170407630306, 
          0.6191034065351573, 
          0.0
        ], 
        [
          0.2231440318164116, 
          -0.5824596521684839, 
          -0.7816313035315852, 
          0.0
        ], 
        [
          -30.820640613835465, 
          16.779302527015876, 
          65.79793871987707, 
          1.0
        ]
      ], 
      "projected_cuboid": [
        [
          219.78310845091744, 
          366.9956864673613
        ], 
        [
          187.93644244389466, 
          426.5098203096803
        ], 
        [
          196.5383412152875, 
          441.49921032290416
        ], 
        [
          225.9724436108782, 
          384.3543645209306
        ], 
        [
          262.255318811161, 
          377.6714423673999
        ], 
        [
          233.93988225458972, 
          437.6357184022653
        ], 
        [
          239.6828428564276, 
          451.85514014334075
        ], 
        [
          265.9958363323893, 
          394.3250301149958
        ]
      ], 
      "projected_cuboid_centroid": [
        229.70116094472274, 
        409.2897442172456
      ], 
      "quaternion_xyzw": [
        0.4053857904209253, 
        -0.6112455690357865, 
        -0.21079026267965895, 
        0.6462264931263338
      ], 
      "visibility": 0.1395584876934788
    }
  ]
}