{
  "camera_data": {
    "location_worldframe": [
      -22.352984098072895, 
      11.099271538464956, 
      78.66555053505981
    ], 
    "quaternion_xyzw_worldframe": [
      0.9386144699214818, 
      0.032493543871210485, 
      -0.11593862486371452, 
      -0.32327477628126117
    ]
  }, 
  "objects": [
    {
      "bounding_box": {
        "bottom_right": [
          539, 
          341
        ], 
        "top_left": [
          354, 
          138
        ]
      }, 
      "class": "003_cracker_box", 
      "cuboid": [
        [
          -25.80059743599626, 
          32.84499608772656, 
          64.16890087980434
        ], 
        [
          -39.7606317583441, 
          24.52469721292446, 
          61.93995852074846
        ], 
        [
          -33.93283301043305, 
          10.683711731317066, 
          77.10628404139372
        ], 
        [
          -19.972798688085213, 
          19.00401060611917, 
          79.33522640044959
        ], 
        [
          -29.021098015405457, 
          36.920531182705965, 
          69.12579378187101
        ], 
        [
          -42.981132337753294, 
          28.600232307903863, 
          66.89685142281515
        ], 
        [
          -37.15333358984225, 
          14.759246826296474, 
          82.06317694346039
        ], 
        [
          -23.19329926749441, 
          23.079545701098574, 
          84.29211930251627
        ]
      ], 
      "cuboid_centroid": [
        -31.476965512919254, 
        23.802121457011516, 
        73.11603891163236
      ], 
      "location": [
        -31.476965512919254, 
        23.802121457011516, 
        73.11603891163236
      ], 
      "pose_transform_permuted": [
        [
          0.4485376958782439, 
          -0.5676232858521449, 
          -0.6903750725038169, 
          0.0
        ], 
        [
          0.8510347565652868, 
          0.5072239339793227, 
          0.1358812861155017, 
          0.0
        ], 
        [
          -0.2730453780859496, 
          0.6484810607542475, 
          -0.7105761995373523, 
          0.0
        ], 
        [
          -31.476965512919254, 
          23.802121457011516, 
          73.11603891163236, 
          1.0
        ]
      ], 
      "projected_cuboid": [
        [
          265.3765518514416, 
          546.2673648710112
        ], 
        [
          136.39443098567227, 
          484.4507300048136
        ], 
        [
          244.93858084760615, 
          347.18236577425006
        ], 
        [
          346.213923973141, 
          401.03825023946024
        ], 
        [
          255.82747693045934, 
          558.1359584879386
        ], 
        [
          136.0844489171389, 
          501.29523567998126
        ], 
        [
          238.12945437692505, 
          369.20526375467324
        ], 
        [
          333.62924122148115, 
          419.31173932812686
        ]
      ], 
      "projected_cuboid_centroid": [
        250.08590280555057, 
        446.9028564117104
      ], 
      "quaternion_xyzw": [
        0.8930132823512973, 
        0.21843720790211238, 
        0.16360870368438832, 
        0.3578332793729584
      ], 
      "visibility": 0.8941698698384073
    }, 
    {
      "bounding_box": {
        "bottom_right": [
          498, 
          254
        ], 
        "top_left": [
          361, 
          117
        ]
      }, 
      "class": "004_sugar_box", 
      "cuboid": [
        [
          -38.87466929577194, 
          28.11316930992077, 
          69.74129772563103
        ], 
        [
          -47.331316280117534, 
          24.355732802136338, 
          69.2343119051069
        ], 
        [
          -43.125986995934504, 
          13.145784407971192, 
          82.1688869904198
        ], 
        [
          -34.669340011588915, 
          16.90322091575563, 
          82.67587281094391
        ], 
        [
          -40.37459207274514, 
          31.076618411657364, 
          72.79727291776355
        ], 
        [
          -48.83123905709073, 
          27.31918190387293, 
          72.29028709723943
        ], 
        [
          -44.6259097729077, 
          16.10923350970779, 
          85.22486218255231
        ], 
        [
          -36.1692627885621, 
          19.866670017492222, 
          85.73184800307644
        ]
      ], 
      "cuboid_centroid": [
        -41.75028953433982, 
        22.111201409814278, 
        77.48307995409166
      ], 
      "location": [
        -41.75028953433982, 
        22.111201409814278, 
        77.48307995409166
      ], 
      "pose_transform_permuted": [
        [
          0.332326572231931, 
          -0.6565890571721873, 
          -0.6770893648782609, 
          0.0
        ], 
        [
          0.9124860327940766, 
          0.4054335410725634, 
          0.054704598750460236, 
          0.0
        ], 
        [
          -0.2385961892574705, 
          0.6360146347351509, 
          -0.7338641320259465, 
          0.0
        ], 
        [
          -41.75028953433982, 
          22.111201409814278, 
          77.48307995409166, 
          1.0
        ]
      ], 
      "projected_cuboid": [
        [
          181.84069756413479, 
          488.27111995712306
        ], 
        [
          113.96029895080645, 
          460.9014489762394
        ], 
        [
          199.3539368227081, 
          358.60963919046526
        ], 
        [
          256.0908488912275, 
          382.32462160293977
        ], 
        [
          183.34409915775885, 
          500.95673101732854
        ], 
        [
          118.34379724683897, 
          474.83304292133033
        ], 
        [
          200.01012458266223, 
          374.0947937014765
        ], 
        [
          254.7207269693553, 
          396.87286464439757
        ]
      ], 
      "projected_cuboid_centroid": [
        191.83311729310927, 
        425.47894858620583
      ], 
      "quaternion_xyzw": [
        0.8979963853501148, 
        0.1792963036479642, 
        0.10774853253765987, 
        0.3870987711871517
      ], 
      "visibility": 0.39928247335654743
    }, 
    {
      "bounding_box": {
        "bottom_right": [
          381, 
          204
        ], 
        "top_left": [
          289, 
          86
        ]
      }, 
      "class": "024_bowl", 
      "cuboid": [
        [
          -53.02336511622705, 
          2.459263823458272, 
          67.64254039082368
        ], 
        [
          -50.766787689577, 
          15.078485151767829, 
          77.40990711734905
        ], 
        [
          -49.402715207656314, 
          11.666247929645992, 
          81.50329714549821
        ], 
        [
          -51.65929263430636, 
          -0.9529733986635605, 
          71.73593041897284
        ], 
        [
          -37.54560058328408, 
          3.203492202951113, 
          63.10514992105486
        ], 
        [
          -35.28902315663402, 
          15.822713531260668, 
          72.87251664758023
        ], 
        [
          -33.92495067471334, 
          12.410476309138835, 
          76.96590667572939
        ], 
        [
          -36.181528101363384, 
          -0.20874501917072102, 
          67.19853994920402
        ]
      ], 
      "cuboid_centroid": [
        -43.47415789547019, 
        7.434870066298553, 
        72.30422353327654
      ], 
      "location": [
        -43.47415789547019, 
        7.434870066298553, 
        72.30422353327654
      ], 
      "pose_transform_permuted": [
        [
          -0.9585951669640498, 
          -0.04609281438420186, 
          0.28101736304952657, 
          0.0
        ], 
        [
          -0.14001746417016858, 
          -0.7830049832657575, 
          -0.6060514053348498, 
          0.0
        ], 
        [
          -0.24797261058536577, 
          0.6203052866477397, 
          -0.7441309936807796, 
          0.0
        ], 
        [
          -43.47415789547019, 
          7.434870066298553, 
          72.30422353327654, 
          1.0
        ]
      ], 
      "projected_cuboid": [
        [
          60.05675291027576, 
          292.67631177846687
        ], 
        [
          128.9219046770327, 
          377.1705460555237
        ], 
        [
          155.6347638623184, 
          349.6250261275396
        ], 
        [
          94.33633931768689, 
          266.2016730778915
        ], 
        [
          161.64421189365427, 
          300.3601623767062
        ], 
        [
          221.18110227116475, 
          389.08551643497526
        ], 
        [
          244.56201595193346, 
          359.2824072957699
        ], 
        [
          192.05024356145762, 
          271.6298381975213
        ]
      ], 
      "projected_cuboid_centroid": [
        158.25720485143785, 
        328.1265128947276
      ], 
      "quaternion_xyzw": [
        -0.5475560380974821, 
        0.2442820165673799, 
        0.7143773711889667, 
        -0.3607958606440831
      ], 
      "visibility": 0.5837506259389084
    }, 
    {
      "bounding_box": {
        "bottom_right": [
          372, 
          324
        ], 
        "top_left": [
          278, 
          215
        ]
      }, 
      "class": "025_mug", 
      "cuboid": [
        [
          -20.020745845493753, 
          5.96279610093919, 
          56.13495906074514
        ], 
        [
          -31.26714887936819, 
          5.885907642654684, 
          59.356645340956604
        ], 
        [
          -29.713411393813548, 
          -0.09724050749367816, 
          64.63770670280859
        ], 
        [
          -18.46700835993912, 
          -0.02035204920917133, 
          61.41602042259711
        ], 
        [
          -18.17400873736145, 
          12.265324431606297, 
          62.732045075250554
        ], 
        [
          -29.420411771235884, 
          12.18843597332179, 
          65.95373135546203
        ], 
        [
          -27.86667428568125, 
          6.205287823173428, 
          71.234792717314
        ], 
        [
          -16.620271251806813, 
          6.282176281457935, 
          68.01310643710254
        ]
      ], 
      "cuboid_centroid": [
        -23.9437100655875, 
        6.084041962056309, 
        63.68487588902957
      ], 
      "location": [
        -23.9437100655875, 
        6.084041962056309, 
        63.68487588902957
      ], 
      "pose_transform_permuted": [
        [
          -0.1983861678184228, 
          -0.6770505869959005, 
          -0.7086935154023445, 
          0.0
        ], 
        [
          0.9613131625921256, 
          0.006572224628415107, 
          -0.2753813301534154, 
          0.0
        ], 
        [
          -0.19110458016040366, 
          0.7359074656446465, 
          -0.649553109029731, 
          0.0
        ], 
        [
          -23.9437100655875, 
          6.084041962056309, 
          63.68487588902957, 
          1.0
        ]
      ], 
      "projected_cuboid": [
        [
          289.8014945447669, 
          329.9370813201446
        ], 
        [
          198.32048716136134, 
          326.1714305243511
        ], 
        [
          234.39146250219315, 
          272.48421578330533
        ], 
        [
          319.898337329602, 
          273.10980646535484
        ], 
        [
          325.8022445136881, 
          377.5608001304922
        ], 
        [
          241.71316086424366, 
          371.84550438420325
        ], 
        [
          271.2266285376631, 
          319.74419426247147
        ], 
        [
          350.1844000766624, 
          322.547743818772
        ]
      ], 
      "projected_cuboid_centroid": [
        279.4130254514649, 
        324.23644842569144
      ], 
      "quaternion_xyzw": [
        0.9227559460170274, 
        0.05355609076323716, 
        -0.1283566635405609, 
        0.35941347811189067
      ], 
      "visibility": 0.7114243323442137
    }, 
    {
      "bounding_box": {
        "bottom_right": [
          395, 
          279
        ], 
        "top_left": [
          320, 
          211
        ]
      }, 
      "class": "061_foam_brick", 
      "cuboid": [
        [
          -32.40672256260414, 
          6.201009124768399, 
          73.20865727380944
        ], 
        [
          -34.25490730678305, 
          11.239333424627656, 
          67.56568850193098
        ], 
        [
          -35.4615436486996, 
          14.747577117993288, 
          71.09322110643762
        ], 
        [
          -33.61335890452069, 
          9.709252818134031, 
          76.73618987831607
        ], 
        [
          -27.45346658325562, 
          7.958264987119651, 
          73.15533299808598
        ], 
        [
          -29.30165132743454, 
          12.99658928697891, 
          67.51236422620752
        ], 
        [
          -30.50828766935109, 
          16.50483298034454, 
          71.03989683071417
        ], 
        [
          -28.660102925172176, 
          11.466508680485282, 
          76.68286560259261
        ]
      ], 
      "cuboid_centroid": [
        -31.457505115977614, 
        11.35292105255647, 
        72.1242770522618
      ], 
      "location": [
        -31.457505115977614, 
        11.35292105255647, 
        72.1242770522618
      ], 
      "pose_transform_permuted": [
        [
          -0.942400292961153, 
          -0.3343333044752794, 
          0.010145410064256968, 
          0.0
        ], 
        [
          0.2373301485788175, 
          -0.6469841602361519, 
          0.7246281094320574, 
          0.0
        ], 
        [
          0.2357033907314195, 
          -0.6852975542946008, 
          -0.68906543497374, 
          0.0
        ], 
        [
          -31.457505115977614, 
          11.35292105255647, 
          72.1242770522618, 
          1.0
        ]
      ], 
      "projected_cuboid": [
        [
          243.5491389932387, 
          318.4604248523953
        ], 
        [
          208.95784951716072, 
          362.0025231219202
        ], 
        [
          213.35852407090218, 
          383.9183473008796
        ], 
        [
          246.03605198579726, 
          340.76623268717583
        ], 
        [
          279.78694961887476, 
          331.3041614649784
        ], 
        [
          248.1972477865812, 
          375.95418502093116
        ], 
        [
          250.6527675729584, 
          397.19368084176966
        ], 
        [
          280.6085956099946, 
          353.034648355886
        ]
      ], 
      "projected_cuboid_centroid": [
        247.04755216319904, 
        357.23518011669063
      ], 
      "quaternion_xyzw": [
        0.36806493456316886, 
        -0.5995460773892873, 
        -0.14791695912811897, 
        0.6951210529356875
      ], 
      "visibility": 0.3492252681764005
    }
  ]
}