{
  "camera_data": {
    "location_worldframe": [
      -19.72336706100651, 
      9.210568711790982, 
      81.20990406538515
    ], 
    "quaternion_xyzw_worldframe": [
      0.9405119171954631, 
      0.02959797114659116, 
      -0.10746290427182342, 
      -0.3209600494601153
    ]
  }, 
  "objects": [
    {
      "bounding_box": {
        "bottom_right": [
          531, 
          363
        ], 
        "top_left": [
          340, 
          172
        ]
      }, 
      "class": "003_cracker_box", 
      "cuboid": [
        [
          -22.729519830548426, 
          30.907175725354985, 
          66.54238728526109
        ], 
        [
          -36.74248291553348, 
          22.720646471574803, 
          64.15581651467754
        ], 
        [
          -31.282977138916713, 
          8.907187679076031, 
          79.4834288535065
        ], 
        [
          -17.27001405393166, 
          17.093716932856214, 
          81.86999962409006
        ], 
        [
          -25.978887441750853, 
          35.044708913950195, 
          71.42857463077748
        ], 
        [
          -39.9918505267359, 
          26.858179660170013, 
          69.04200386019393
        ], 
        [
          -34.53234475011914, 
          13.04472086767124, 
          84.36961619902289
        ], 
        [
          -20.519381665134084, 
          21.23125012145142, 
          86.75618696960645
        ]
      ], 
      "cuboid_centroid": [
        -28.63093229033378, 
        21.975948296513113, 
        75.45600174214199
      ], 
      "location": [
        -28.63093229033378, 
        21.975948296513113, 
        75.45600174214199
      ], 
      "pose_transform_permuted": [
        [
          0.4525581739399979, 
          -0.5762581180385051, 
          -0.6805275017182002, 
          0.0
        ], 
        [
          0.8542614117142757, 
          0.4990690402137697, 
          0.1454906648415608, 
          0.0
        ], 
        [
          -0.2557900304078079, 
          0.6471913739341919, 
          -0.718132846936516, 
          0.0
        ], 
        [
          -28.63093229033378, 
          21.975948296513113, 
          75.45600174214199, 
          1.0
        ]
      ], 
      "projected_cuboid": [
        [
          297.90786878861894, 
          520.9993530354072
        ], 
        [
          173.6158709598699, 
          462.1605382496264
        ], 
        [
          269.94465653506177, 
          333.05217326860014
        ], 
        [
          368.1587866056561, 
          384.63885300934373
        ], 
        [
          286.009925418605, 
          534.9469399557564
        ], 
        [
          170.10294932582883, 
          480.7543456960384
        ], 
        [
          261.4911435971572, 
          355.74519323143903
        ], 
        [
          354.40631173001043, 
          403.8022033246071
        ]
      ], 
      "projected_cuboid_centroid": [
        277.5485530503656, 
        428.61153950137805
      ], 
      "quaternion_xyzw": [
        0.8919053043017889, 
        0.21158610308201511, 
        0.16763238089769233, 
        0.36281625379173804
      ], 
      "visibility": 0.8948436262866192
    }, 
    {
      "bounding_box": {
        "bottom_right": [
          479, 
          276
        ], 
        "top_left": [
          349, 
          150
        ]
      }, 
      "class": "004_sugar_box", 
      "cuboid": [
        [
          -35.93273867517778, 
          26.344604376946474, 
          71.94903502116136
        ], 
        [
          -44.42023341283624, 
          22.67297770600519, 
          71.33925422650006
        ], 
        [
          -40.52261400886717, 
          11.494465461078722, 
          84.39683428551875
        ], 
        [
          -32.035119271208714, 
          15.166092132020005, 
          85.00661508018005
        ], 
        [
          -37.445782566961384, 
          29.34116516827361, 
          74.96600450987235
        ], 
        [
          -45.93327730461985, 
          25.66953849733233, 
          74.35622371521104
        ], 
        [
          -42.035657900650776, 
          14.49102625240586, 
          87.41380377422973
        ], 
        [
          -33.54816316299232, 
          18.162652923347142, 
          88.02358456889104
        ]
      ], 
      "cuboid_centroid": [
        -38.98419828791428, 
        20.417815314676165, 
        79.68141939769555
      ], 
      "location": [
        -38.98419828791428, 
        20.417815314676165, 
        79.68141939769555
      ], 
      "pose_transform_permuted": [
        [
          0.3352337186368975, 
          -0.6639253643950419, 
          -0.6684471654833473, 
          0.0
        ], 
        [
          0.9158145558000831, 
          0.3961745194129553, 
          0.06579634448789487, 
          0.0
        ], 
        [
          -0.22113776927307996, 
          0.6342310537343745, 
          -0.7408430190530113, 
          0.0
        ], 
        [
          -38.98419828791428, 
          20.417815314676165, 
          79.68141939769555, 
          1.0
        ]
      ], 
      "projected_cuboid": [
        [
          213.02732503100214, 
          468.56495166675376
        ], 
        [
          146.75192034887638, 
          442.7856889120545
        ], 
        [
          223.39302736213955, 
          345.9222426304837
        ], 
        [
          278.93831796010085, 
          368.4364733900498
        ], 
        [
          212.98205332450206, 
          482.0240594701078
        ], 
        [
          149.39537136082015, 
          457.40115391495476
        ], 
        [
          222.9964441553809, 
          361.6976097684016
        ], 
        [
          276.64069176614476, 
          383.33089181913437
        ]
      ], 
      "projected_cuboid_centroid": [
        218.49559247357215, 
        409.9460106062846
      ], 
      "quaternion_xyzw": [
        0.8970079117568871, 
        0.17204761535407265, 
        0.11176881994812389, 
        0.3915150482610188
      ], 
      "visibility": 0.41149878289092384
    }, 
    {
      "bounding_box": {
        "bottom_right": [
          366, 
          232
        ], 
        "top_left": [
          276, 
          119
        ]
      }, 
      "class": "024_bowl", 
      "cuboid": [
        [
          -50.31898733442427, 
          0.8284182166162266, 
          69.78720717519273
        ], 
        [
          -48.07231508113939, 
          13.479485463225013, 
          79.51558333434008
        ], 
        [
          -46.80419805051847, 
          10.076839129337817, 
          83.64762588514363
        ], 
        [
          -49.05087030380335, 
          -2.5742281172709687, 
          73.91924972599628
        ], 
        [
          -34.76964656449276, 
          1.3845161207125671, 
          65.47307460481153
        ], 
        [
          -32.522974311207875, 
          14.035583367321353, 
          75.20145076395887
        ], 
        [
          -31.254857280586958, 
          10.632937033434157, 
          79.33349331476242
        ], 
        [
          -33.50152953387184, 
          -2.0181302131746293, 
          69.60511715561508
        ]
      ], 
      "cuboid_centroid": [
        -40.78692230750561, 
        5.730677625025192, 
        74.56035024497758
      ], 
      "location": [
        -40.78692230750561, 
        5.730677625025192, 
        74.56035024497758
      ], 
      "pose_transform_permuted": [
        [
          -0.9630281478832678, 
          -0.03444119866864455, 
          0.26719017612702217, 
          0.0
        ], 
        [
          -0.13940286205619817, 
          -0.7849809778280394, 
          -0.6036320953185605, 
          0.0
        ], 
        [
          -0.23052901863987263, 
          0.6185617740229363, 
          -0.7511575755342781, 
          0.0
        ], 
        [
          -40.78692230750561, 
          5.730677625025192, 
          74.56035024497758, 
          1.0
        ]
      ], 
      "projected_cuboid": [
        [
          93.85063393256647, 
          279.6173782007327
        ], 
        [
          156.48392497636038, 
          363.69489904924677
        ], 
        [
          180.69655544192094, 
          337.53433446427147
        ], 
        [
          124.75100815220577, 
          254.71375387473228
        ], 
        [
          196.0160887047025, 
          284.56429704268294
        ], 
        [
          249.02595298931035, 
          372.8251957464151
        ], 
        [
          269.7352573290646, 
          344.76648055823495
        ], 
        [
          222.76671492755327, 
          257.8234742289657
        ]
      ], 
      "projected_cuboid_centroid": [
        187.42276408317227, 
        314.2772601578311
      ], 
      "quaternion_xyzw": [
        -0.5504472581091934, 
        0.25181883959815216, 
        0.711539670750366, 
        -0.3568002032117862
      ], 
      "visibility": 0.5892207792207792
    }, 
    {
      "bounding_box": {
        "bottom_right": [
          353, 
          353
        ], 
        "top_left": [
          263, 
          250
        ]
      }, 
      "class": "025_mug", 
      "cuboid": [
        [
          -17.116731343840783, 
          3.920064086692834, 
          58.74511380869267
        ], 
        [
          -28.409153102361316, 
          3.9794073155114345, 
          61.801982260612974
        ], 
        [
          -26.99584600930885, 
          -1.98909822557142, 
          67.13876741040849
        ], 
        [
          -15.703424250788311, 
          -2.0484414543900216, 
          64.0818989584882
        ], 
        [
          -15.300150658203169, 
          10.240886133669152, 
          65.33306405525828
        ], 
        [
          -26.592572416723705, 
          10.300229362487753, 
          68.38993250717857
        ], 
        [
          -25.17926532367123, 
          4.331723821404897, 
          73.72671765697409
        ], 
        [
          -13.886843565150697, 
          4.2723805925862965, 
          70.6698492050538
        ]
      ], 
      "cuboid_centroid": [
        -21.147998333756007, 
        4.125893954048865, 
        66.23591573283338
      ], 
      "location": [
        -21.147998333756007, 
        4.125893954048865, 
        66.23591573283338
      ], 
      "pose_transform_permuted": [
        [
          -0.19514660704526798, 
          -0.6790157937693823, 
          -0.7077121033845333, 
          0.0
        ], 
        [
          0.965246723002041, 
          -0.005072504231104757, 
          -0.26129313259470127, 
          0.0
        ], 
        [
          -0.1738321055947875, 
          0.7341064730806306, 
          -0.656406950942477, 
          0.0
        ], 
        [
          -21.147998333756007, 
          4.125893954048865, 
          66.23591573283338, 
          1.0
        ]
      ], 
      "projected_cuboid": [
        [
          324.9072335958568, 
          308.87497775410344
        ], 
        [
          234.3975496568101, 
          307.62679331219874
        ], 
        [
          265.36738281687025, 
          257.48605373864956
        ], 
        [
          349.8166965496292, 
          256.2384485776946
        ], 
        [
          355.659756806317, 
          356.8837977011409
        ], 
        [
          272.4942368134929, 
          353.6099690594313
        ], 
        [
          297.9390504525115, 
          304.6210828555573
        ], 
        [
          375.92477923151137, 
          305.5286364494149
        ]
      ], 
      "projected_cuboid_centroid": [
        309.8981890138296, 
        306.5074879665946
      ], 
      "quaternion_xyzw": [
        0.922911872752107, 
        0.04571389922107205, 
        -0.12364120375840275, 
        0.3617416744053937
      ], 
      "visibility": 0.738367412654967
    }, 
    {
      "bounding_box": {
        "bottom_right": [
          378, 
          303
        ], 
        "top_left": [
          306, 
          241
        ]
      }, 
      "class": "061_foam_brick", 
      "cuboid": [
        [
          -29.747474146399068, 
          4.386347500663803, 
          75.63382513479159
        ], 
        [
          -31.459852808794714, 
          9.411089168256096, 
          69.93616547049984
        ], 
        [
          -32.680802319839444, 
          12.952056149889007, 
          73.42587412252169
        ], 
        [
          -30.9684236574438, 
          7.927314482296715, 
          79.12353378681344
        ], 
        [
          -24.775714683327937, 
          6.091356436442907, 
          75.64324911362914
        ], 
        [
          -26.488093345723584, 
          11.1160981040352, 
          69.94558944933739
        ], 
        [
          -27.709042856768317, 
          14.657065085668112, 
          73.43529810135922
        ], 
        [
          -25.99666419437267, 
          9.632323418075819, 
          79.13295776565099
        ]
      ], 
      "cuboid_centroid": [
        -28.728258501583692, 
        9.521706293165957, 
        74.53456161807541
      ], 
      "location": [
        -28.728258501583692, 
        9.521706293165957, 
        74.53456161807541
      ], 
      "pose_transform_permuted": [
        [
          -0.9459207426519632, 
          -0.3243928695142764, 
          -0.00179299443727296, 
          0.0
        ], 
        [
          0.21989094090813094, 
          -0.645239979550664, 
          0.731651107356502, 
          0.0
        ], 
        [
          0.23849931389271406, 
          -0.6916896955989387, 
          -0.6816769339466845, 
          0.0
        ], 
        [
          -28.728258501583692, 
          9.521706293165957, 
          74.53456161807541, 
          1.0
        ]
      ], 
      "projected_cuboid": [
        [
          270.08956979491523, 
          304.21615203346505
        ], 
        [
          239.69108622331123, 
          345.0536718903992
        ], 
        [
          242.24602600502303, 
          367.3621655393962
        ], 
        [
          271.1198174566799, 
          326.71933923568946
        ], 
        [
          305.4612205132778, 
          316.2333933016052
        ], 
        [
          277.9481526456831, 
          358.04431690654764
        ], 
        [
          278.68475578485476, 
          379.7326210518896
        ], 
        [
          304.93148017426654, 
          338.2039485692107
        ]
      ], 
      "projected_cuboid_centroid": [
        274.3237802853595, 
        341.41751401601954
      ], 
      "quaternion_xyzw": [
        0.3640035163794662, 
        -0.6069579369956539, 
        -0.14716178941530436, 
        0.6909753327850778
      ], 
      "visibility": 0.43031704095112283
    }
  ]
}