{
  "camera_data": {
    "location_worldframe": [
      -22.249173255000354, 
      10.936014348529723, 
      79.24575456039221
    ], 
    "quaternion_xyzw_worldframe": [
      0.9397960708741303, 
      0.03470599063639855, 
      -0.11453122036020132, 
      -0.32009978993758054
    ]
  }, 
  "objects": [
    {
      "bounding_box": {
        "bottom_right": [
          539, 
          343
        ], 
        "top_left": [
          352, 
          141
        ]
      }, 
      "class": "003_cracker_box", 
      "cuboid": [
        [
          -25.71514355253645, 
          32.5790706879927, 
          64.6006033870031
        ], 
        [
          -39.63240358468399, 
          24.190700042223952, 
          62.359347758131165
        ], 
        [
          -33.820101504646026, 
          10.465584086828297, 
          77.6365164646594
        ], 
        [
          -19.90284147249849, 
          18.853954732597046, 
          79.87777209353135
        ], 
        [
          -28.974053429240755, 
          36.67217830921909, 
          69.51775438646614
        ], 
        [
          -42.89131346138829, 
          28.283807663450343, 
          67.27649875759418
        ], 
        [
          -37.07901138135033, 
          14.558691708054688, 
          82.55366746412243
        ], 
        [
          -23.161751349202785, 
          22.947062353823437, 
          84.79492309299437
        ]
      ], 
      "cuboid_centroid": [
        -31.39707746694339, 
        23.568881198023696, 
        73.57713542556277
      ], 
      "location": [
        -31.39707746694339, 
        23.568881198023696, 
        73.57713542556277
      ], 
      "pose_transform_permuted": [
        [
          0.45388718030908065, 
          -0.5700707129645564, 
          -0.6848399884433987, 
          0.0
        ], 
        [
          0.8484271406520805, 
          0.5113737406127365, 
          0.13663193044333644, 
          0.0
        ], 
        [
          -0.2723193246099276, 
          0.6430523148483489, 
          -0.7157694501808338, 
          0.0
        ], 
        [
          -31.39707746694339, 
          23.568881198023696, 
          73.57713542556277, 
          1.0
        ]
      ], 
      "projected_cuboid": [
        [
          267.53283144970203, 
          542.2477471412741
        ], 
        [
          139.82183644609603, 
          480.17411020519774
        ], 
        [
          247.33573826376832, 
          345.1792657466045
        ], 
        [
          347.6044486802078, 
          399.1686578200103
        ], 
        [
          257.4643490148394, 
          554.6246079818412
        ], 
        [
          138.7521606520847, 
          497.50017561312694
        ], 
        [
          240.0601543865675, 
          367.33972340328626
        ], 
        [
          334.70671280461283, 
          417.61260472156164
        ]
      ], 
      "projected_cuboid_centroid": [
        252.12063693097335, 
        444.12420138920567
      ], 
      "quaternion_xyzw": [
        0.8911115872807158, 
        0.21986389707212586, 
        0.1656692380564885, 
        0.3607405013858067
      ], 
      "visibility": 0.8977030995433395
    }, 
    {
      "bounding_box": {
        "bottom_right": [
          494, 
          255
        ], 
        "top_left": [
          359, 
          120
        ]
      }, 
      "class": "004_sugar_box", 
      "cuboid": [
        [
          -38.79604940654303, 
          27.830215768477967, 
          70.14248512506309
        ], 
        [
          -47.235620972729556, 
          24.0366626439886, 
          69.62015532409637
        ], 
        [
          -43.045803254657464, 
          12.922522950308638, 
          82.64214812030643
        ], 
        [
          -34.60623168847092, 
          16.716076074798007, 
          83.16447792127315
        ], 
        [
          -40.321413040795676, 
          30.80638835856846, 
          73.17340013338803
        ], 
        [
          -48.76098460698222, 
          27.012835234079084, 
          72.65107033242131
        ], 
        [
          -44.57116688891011, 
          15.898695540399126, 
          85.67306312863137
        ], 
        [
          -36.131595322723584, 
          19.692248664888496, 
          86.19539292959809
        ]
      ], 
      "cuboid_centroid": [
        -41.68360814772657, 
        21.864455654438547, 
        77.90777412684723
      ], 
      "location": [
        -41.68360814772657, 
        21.864455654438547, 
        77.90777412684723
      ], 
      "pose_transform_permuted": [
        [
          0.3379633110188349, 
          -0.6594081044834195, 
          -0.6715369690402037, 
          0.0
        ], 
        [
          0.9106435672633407, 
          0.40933058305102576, 
          0.05636023932139188, 
          0.0
        ], 
        [
          -0.23771611535281725, 
          0.6305787724545313, 
          -0.7388239178796071, 
          0.0
        ], 
        [
          -41.68360814772657, 
          21.864455654438547, 
          77.90777412684723, 
          1.0
        ]
      ], 
      "projected_cuboid": [
        [
          184.15794404305078, 
          484.89009104551485
        ], 
        [
          116.73696212305971, 
          457.4174529792728
        ], 
        [
          201.4920060595741, 
          356.68023853415275
        ], 
        [
          257.82381085542295, 
          380.48387688504425
        ], 
        [
          185.2680063257987, 
          497.8169024096357
        ], 
        [
          120.667727303244, 
          471.5833278482851
        ], 
        [
          201.82687167333543, 
          372.2568020169341
        ], 
        [
          256.17583472924633, 
          395.1290343459314
        ]
      ], 
      "projected_cuboid_centroid": [
        193.8729639447871, 
        422.96020670804353
      ], 
      "quaternion_xyzw": [
        0.8962085846439539, 
        0.1804955647297504, 
        0.10999770508136895, 
        0.3900409029552303
      ], 
      "visibility": 0.38890079280051426
    }, 
    {
      "bounding_box": {
        "bottom_right": [
          378, 
          207
        ], 
        "top_left": [
          287, 
          90
        ]
      }, 
      "class": "024_bowl", 
      "cuboid": [
        [
          -52.83514027107721, 
          2.1087440165159186, 
          68.13675102506134
        ], 
        [
          -50.672259509196024, 
          14.796156925427736, 
          77.83674287425514
        ], 
        [
          -49.313626813002216, 
          11.41436575360598, 
          81.95711957857958
        ], 
        [
          -51.47650757488339, 
          -1.2730471553058398, 
          72.25712772938577
        ], 
        [
          -37.339836972034696, 
          2.885845709256072, 
          63.66521082921813
        ], 
        [
          -35.17695621015353, 
          15.57325861816789, 
          73.36520267841193
        ], 
        [
          -33.81832351395971, 
          12.191467446346133, 
          77.48557938273638
        ], 
        [
          -35.98120427584088, 
          -0.49594546256568617, 
          67.78558753354257
        ]
      ], 
      "cuboid_centroid": [
        -43.32673189251845, 
        7.150105731431025, 
        72.81116520389885
      ], 
      "location": [
        -43.32673189251845, 
        7.150105731431025, 
        72.81116520389885
      ], 
      "pose_transform_permuted": [
        [
          -0.9596814075759765, 
          -0.048128780181064784, 
          0.27693901218729483, 
          0.0
        ], 
        [
          -0.1342037175434389, 
          -0.787236175194261, 
          -0.601870888698757, 
          0.0
        ], 
        [
          -0.24698372041596742, 
          0.61477054661377, 
          -0.7490368594840265, 
          0.0
        ], 
        [
          -43.32673189251845, 
          7.150105731431025, 
          72.81116520389885, 
          1.0
        ]
      ], 
      "projected_cuboid": [
        [
          64.59982623496681, 
          289.7920869397246
        ], 
        [
          131.5089634027544, 
          374.66642558479987
        ], 
        [
          158.0242760916457, 
          347.56324288734044
        ], 
        [
          98.49003997236677, 
          263.89035798424993
        ], 
        [
          166.19686082577894, 
          297.4610912533197
        ], 
        [
          223.7513790998312, 
          386.4944825060905
        ], 
        [
          246.8917513626672, 
          357.1982592142835
        ], 
        [
          196.14705410600186, 
          269.38456653005164
        ]
      ], 
      "projected_cuboid_centroid": [
        161.5972811978075, 
        325.6588822178961
      ], 
      "quaternion_xyzw": [
        -0.5485498648443538, 
        0.2462184795777796, 
        0.7116729017506047, 
        -0.3633059138075259
      ], 
      "visibility": 0.5867726871134671
    }, 
    {
      "bounding_box": {
        "bottom_right": [
          369, 
          327
        ], 
        "top_left": [
          276, 
          219
        ]
      }, 
      "class": "025_mug", 
      "cuboid": [
        [
          -19.794153059868673, 
          5.67111491070502, 
          56.757853394445156
        ], 
        [
          -31.054760253955198, 
          5.5698678721687145, 
          59.92885168853722
        ], 
        [
          -29.501889150791527, 
          -0.3747658431916746, 
          65.25348241708986
        ], 
        [
          -18.241281956705006, 
          -0.2735188046553691, 
          62.0824841229978
        ], 
        [
          -18.002070372588108, 
          12.021023572158809, 
          63.32450739944198
        ], 
        [
          -29.262677566674633, 
          11.919776533622505, 
          66.49550569353404
        ], 
        [
          -27.70980646351096, 
          5.975142818262115, 
          71.82013642208668
        ], 
        [
          -16.449199269424437, 
          6.076389856798421, 
          68.64913812799462
        ]
      ], 
      "cuboid_centroid": [
        -23.751979761689817, 
        5.823128864483568, 
        64.28899490826592
      ], 
      "location": [
        -23.751979761689817, 
        5.823128864483568, 
        64.28899490826592
      ], 
      "pose_transform_permuted": [
        [
          -0.192514903814811, 
          -0.682140430164886, 
          -0.7054243496294575, 
          0.0
        ], 
        [
          0.9625272971144542, 
          0.008654332458588073, 
          -0.2710486534660242, 
          0.0
        ], 
        [
          -0.19099801798717725, 
          0.7311703173434048, 
          -0.6549119972644523, 
          0.0
        ], 
        [
          -23.751979761689817, 
          5.823128864483568, 
          64.28899490826592, 
          1.0
        ]
      ], 
      "projected_cuboid": [
        [
          294.0532730918209, 
          326.57461107457436
        ], 
        [
          202.93108140895407, 
          322.85397550454655
        ], 
        [
          238.4674481876115, 
          270.2235602540516
        ], 
        [
          323.5894569087867, 
          270.9368746754492
        ], 
        [
          328.7199905385438, 
          374.5277089605362
        ], 
        [
          244.9432547324122, 
          368.88773968825836
        ], 
        [
          274.1157470177748, 
          317.6565550264548
        ], 
        [
          352.7420283800264, 
          320.49263253678106
        ]
      ], 
      "projected_cuboid_centroid": [
        282.9167181915608, 
        321.5932297128834
      ], 
      "quaternion_xyzw": [
        0.9218353925847224, 
        0.05414533658931306, 
        -0.12571755245289926, 
        0.3626060677927527
      ], 
      "visibility": 0.7195894959251434
    }, 
    {
      "bounding_box": {
        "bottom_right": [
          392, 
          281
        ], 
        "top_left": [
          318, 
          214
        ]
      }, 
      "class": "061_foam_brick", 
      "cuboid": [
        [
          -32.25879790029775, 
          5.965151654195282, 
          73.77338317493873
        ], 
        [
          -34.10078114008259, 
          10.961623575184092, 
          68.09130950006565
        ], 
        [
          -35.3371415735822, 
          14.486603961708045, 
          71.59176054280701
        ], 
        [
          -33.495158333797356, 
          9.490132040719235, 
          77.27383421768008
        ], 
        [
          -27.312220914100283, 
          7.741434900877142, 
          73.73178523893208
        ], 
        [
          -29.15420415388512, 
          12.737906821865952, 
          68.04971156405901
        ], 
        [
          -30.390564587384734, 
          16.262887208389902, 
          71.55016260680037
        ], 
        [
          -28.548581347599892, 
          11.266415287401095, 
          77.23223628167344
        ]
      ], 
      "cuboid_centroid": [
        -31.32468124384124, 
        11.114019431292594, 
        72.66177289086954
      ], 
      "location": [
        -31.32468124384124, 
        11.114019431292594, 
        72.66177289086954
      ], 
      "pose_transform_permuted": [
        [
          -0.941129556070414, 
          -0.3379534308410902, 
          0.007914371323162306, 
          0.0
        ], 
        [
          0.23653379747598857, 
          -0.6416097888011614, 
          0.729649670435146, 
          0.0
        ], 
        [
          0.24150967132248025, 
          -0.6885668867272557, 
          -0.6837753440717509, 
          0.0
        ], 
        [
          -31.32468124384124, 
          11.114019431292594, 
          72.66177289086954, 
          1.0
        ]
      ], 
      "projected_cuboid": [
        [
          246.44964840977127, 
          316.4095731040649
        ], 
        [
          212.27968907428857, 
          359.14255336604964
        ], 
        [
          216.16089198697813, 
          381.2038391882407
        ], 
        [
          248.49758457547517, 
          338.7844301908205
        ], 
        [
          282.3949257248658, 
          329.28218247998086
        ], 
        [
          251.20546857704326, 
          373.1161331490129
        ], 
        [
          253.1845607123268, 
          394.5066150733846
        ], 
        [
          282.8147918048725, 
          351.08565651266395
        ]
      ], 
      "projected_cuboid_centroid": [
        249.7655878041632, 
        354.8607134334326
      ], 
      "quaternion_xyzw": [
        0.36744133525828643, 
        -0.6008574535462017, 
        -0.14388683671545308, 
        0.6951645588503499
      ], 
      "visibility": 0.36380200425144243
    }
  ]
}