{
  "camera_data": {
    "location_worldframe": [
      -22.745607477903608, 
      15.19747881672714, 
      73.73285376210286
    ], 
    "quaternion_xyzw_worldframe": [
      0.9176987380605598, 
      0.023412181093399886, 
      -0.10128371930605413, 
      -0.3834354713410097
    ]
  }, 
  "objects": [
    {
      "bounding_box": {
        "bottom_right": [
          539, 
          334
        ], 
        "top_left": [
          394, 
          137
        ]
      }, 
      "class": "003_cracker_box", 
      "cuboid": [
        [
          -25.13733371922191, 
          38.70206752560786, 
          62.03975311688724
        ], 
        [
          -39.369438602077125, 
          31.287675812772697, 
          58.64091481252407
        ], 
        [
          -34.30765434318462, 
          15.441331785105733, 
          72.01347134520124
        ], 
        [
          -20.075549460329416, 
          22.85572349794089, 
          75.41230964956442
        ], 
        [
          -28.275176509515042, 
          42.252255387914936, 
          67.43442699958632
        ], 
        [
          -42.50728139237025, 
          34.83786367507978, 
          64.03558869522314
        ], 
        [
          -37.44549713347776, 
          18.991519647412808, 
          77.40814522790032
        ], 
        [
          -23.21339225062254, 
          26.40591136024797, 
          80.8069835322635
        ]
      ], 
      "cuboid_centroid": [
        -31.291415426349833, 
        28.846793586510334, 
        69.72394917239379
      ], 
      "location": [
        -31.291415426349833, 
        28.846793586510334, 
        69.72394917239379
      ], 
      "pose_transform_permuted": [
        [
          0.4370254687066186, 
          -0.4944551458476222, 
          -0.7513473553866858, 
          0.0
        ], 
        [
          0.8676207833531518, 
          0.45199781753481627, 
          0.2072007462279662, 
          0.0
        ], 
        [
          -0.23715588964945283, 
          0.7424365842875535, 
          -0.6265341190358327, 
          0.0
        ], 
        [
          -31.291415426349833, 
          28.846793586510334, 
          69.72394917239379, 
          1.0
        ]
      ], 
      "projected_cuboid": [
        [
          263.7052674864802, 
          605.98564595065
        ], 
        [
          120.56130507239251, 
          557.8375255676336
        ], 
        [
          225.4030307167436, 
          387.64242830873457
        ], 
        [
          338.43863531417765, 
          434.923344832201
        ], 
        [
          256.11324427815237, 
          607.4475331013581
        ], 
        [
          124.62547104608028, 
          563.433240968687
        ], 
        [
          221.45854066893867, 
          404.13257895457775
        ], 
        [
          327.1137987418288, 
          447.56342624417897
        ]
      ], 
      "projected_cuboid_centroid": [
        240.25392254896127, 
        493.9361155511615
      ], 
      "quaternion_xyzw": [
        0.9167067037809027, 
        0.1879428023003146, 
        0.17569038501559758, 
        0.3057109924744743
      ], 
      "visibility": 0.5922765652700139
    }, 
    {
      "bounding_box": {
        "bottom_right": [
          539, 
          240
        ], 
        "top_left": [
          398, 
          101
        ]
      }, 
      "class": "004_sugar_box", 
      "cuboid": [
        [
          -38.46643598428262, 
          33.83648908823195, 
          66.83913938596385
        ], 
        [
          -47.051768594011946, 
          30.511553564994436, 
          65.77748515943021
        ], 
        [
          -43.476363603976715, 
          17.616688431139803, 
          77.24874936015287
        ], 
        [
          -34.89103099424739, 
          20.941623954377313, 
          78.31040358668649
        ], 
        [
          -39.89857924554593, 
          36.452829845181256, 
          70.22654399910644
        ], 
        [
          -48.48391185527527, 
          33.12789432194375, 
          69.1648897725728
        ], 
        [
          -44.908506865240035, 
          20.233029188089112, 
          80.63615397329546
        ], 
        [
          -36.32317425551071, 
          23.557964711326623, 
          81.6978081998291
        ]
      ], 
      "cuboid_centroid": [
        -41.68747142476133, 
        27.03475913816053, 
        73.73764667962965
      ], 
      "location": [
        -41.68747142476133, 
        27.03475913816053, 
        73.73764667962965
      ], 
      "pose_transform_permuted": [
        [
          0.3173091763571528, 
          -0.579682880276176, 
          -0.7505216809361308, 
          0.0
        ], 
        [
          0.9263714221217141, 
          0.3587659778764989, 
          0.11455422641645197, 
          0.0
        ], 
        [
          -0.20285641100284896, 
          0.731611123413952, 
          -0.650840811575064, 
          0.0
        ], 
        [
          -41.68747142476133, 
          27.03475913816053, 
          73.73764667962965, 
          1.0
        ]
      ], 
      "projected_cuboid": [
        [
          172.1097633582454, 
          543.2729923596978
        ], 
        [
          96.92520053979901, 
          520.6722352264142
        ], 
        [
          178.93813719337703, 
          394.9108362227968
        ], 
        [
          241.99747371690543, 
          415.9058790490906
        ], 
        [
          176.0712798597625, 
          550.1192982364197
        ], 
        [
          104.62974759506814, 
          528.7305190130206
        ], 
        [
          182.10139753379536, 
          407.1058009444838
        ], 
        [
          242.50502295647198, 
          427.0718621785603
        ]
      ], 
      "projected_cuboid_centroid": [
        177.57296287778652, 
        468.819852698396
      ], 
      "quaternion_xyzw": [
        0.9231067417248934, 
        0.15210115024994691, 
        0.11695922672134207, 
        0.33325606786055834
      ], 
      "visibility": 0.42515681387988247
    }, 
    {
      "bounding_box": {
        "bottom_right": [
          428, 
          180
        ], 
        "top_left": [
          340, 
          45
        ]
      }, 
      "class": "024_bowl", 
      "cuboid": [
        [
          -53.55152203966716, 
          9.229110261896887, 
          61.3958430306391
        ], 
        [
          -50.963992556388796, 
          20.430943314839364, 
          72.69017651309545
        ], 
        [
          -49.79413376642013, 
          16.482992004011766, 
          76.337779750481
        ], 
        [
          -52.381663249698505, 
          5.281158951069284, 
          65.04344626802465
        ], 
        [
          -37.98900455964711, 
          9.916542695197545, 
          57.14867109781899
        ], 
        [
          -35.40147507636873, 
          21.118375748140025, 
          68.44300458027534
        ], 
        [
          -34.23161628640007, 
          17.170424437312423, 
          72.0906078176609
        ], 
        [
          -36.81914576967844, 
          5.968591384369945, 
          60.79627433520455
        ]
      ], 
      "cuboid_centroid": [
        -43.891569163033616, 
        13.199767349604654, 
        66.74322542415
      ], 
      "location": [
        -43.891569163033616, 
        13.199767349604654, 
        66.74322542415
      ], 
      "pose_transform_permuted": [
        [
          -0.9638442302432548, 
          -0.04257523150541503, 
          0.26304305634068126, 
          0.0
        ], 
        [
          -0.16055257507916645, 
          -0.6950580288569987, 
          -0.7007975507640362, 
          0.0
        ], 
        [
          -0.21266680620688105, 
          0.7176919159247118, 
          -0.6630921077452818, 
          0.0
        ], 
        [
          -43.891569163033616, 
          13.199767349604654, 
          66.74322542415, 
          1.0
        ]
      ], 
      "projected_cuboid": [
        [
          12.541181405444686, 
          353.455894650405
        ], 
        [
          104.56398544523276, 
          423.18605253964273
        ], 
        [
          130.8206445508698, 
          388.4418706846697
        ], 
        [
          48.517715122243935, 
          316.5890634786036
        ], 
        [
          124.12384473352635, 
          365.8291346001597
        ], 
        [
          203.44388761718935, 
          437.844529266574
        ], 
        [
          226.24436687895678, 
          400.31173420312297
        ], 
        [
          155.91902420569122, 
          325.6444612923351
        ]
      ], 
      "projected_cuboid_centroid": [
        127.95358794896627, 
        378.76082958347166
      ], 
      "quaternion_xyzw": [
        -0.5687917642918326, 
        0.2120245285419667, 
        0.7316569461408399, 
        -0.3101606701924032
      ], 
      "visibility": 0.6844316408594406
    }, 
    {
      "bounding_box": {
        "bottom_right": [
          433, 
          306
        ], 
        "top_left": [
          336, 
          187
        ]
      }, 
      "class": "025_mug", 
      "cuboid": [
        [
          -20.26691345394023, 
          12.82372303473469, 
          50.761737091677695
        ], 
        [
          -31.556017464761617, 
          12.793496656566303, 
          53.831260266762
        ], 
        [
          -30.313091037410267, 
          6.141031479217405, 
          58.336991287211305
        ], 
        [
          -19.023987026588884, 
          6.171257857385794, 
          55.267468112127005
        ], 
        [
          -18.281798541068493, 
          18.17520052290259, 
          58.11529763501477
        ], 
        [
          -29.570902551889876, 
          18.1449741447342, 
          61.18482081009907
        ], 
        [
          -28.32797612453853, 
          11.492508967385302, 
          65.69055183054839
        ], 
        [
          -17.038872113717147, 
          11.522735345553691, 
          62.62102865546407
        ]
      ], 
      "cuboid_centroid": [
        -24.297444789239382, 
        12.158116001059998, 
        58.22614446111304
      ], 
      "location": [
        -24.297444789239382, 
        12.158116001059998, 
        58.22614446111304
      ], 
      "pose_transform_permuted": [
        [
          -0.2132514360108977, 
          -0.5748837267465188, 
          -0.7899579694311778, 
          0.0
        ], 
        [
          0.9649631305926505, 
          0.00258367187297486, 
          -0.26237482528434347, 
          0.0
        ], 
        [
          -0.15287584632384613, 
          0.8182312498530888, 
          -0.5541900372386896, 
          0.0
        ], 
        [
          -24.297444789239382, 
          12.158116001059998, 
          58.22614446111304, 
          1.0
        ]
      ], 
      "projected_cuboid": [
        [
          266.89171360273883, 
          408.01680954868203
        ], 
        [
          166.35847623399053, 
          400.03486730476413
        ], 
        [
          202.163912375647, 
          329.42814344429854
        ], 
        [
          296.4896985640422, 
          332.837893970194
        ], 
        [
          312.42829880212247, 
          440.07894482417663
        ], 
        [
          221.69327014082054, 
          431.447825689637
        ], 
        [
          249.69513140634012, 
          366.590368156086
        ], 
        [
          335.2741401472889, 
          371.42131065170025
        ]
      ], 
      "projected_cuboid_centroid": [
        257.19114880890066, 
        384.64821953948973
      ], 
      "quaternion_xyzw": [
        0.9451391894685297, 
        0.04112079996498689, 
        -0.12580852285965816, 
        0.29865277425965925
      ], 
      "visibility": 0.7389074121569633
    }, 
    {
      "bounding_box": {
        "bottom_right": [
          446, 
          262
        ], 
        "top_left": [
          365, 
          188
        ]
      }, 
      "class": "061_foam_brick", 
      "cuboid": [
        [
          -32.8945271996697, 
          11.422808819718371, 
          67.6010110586793
        ], 
        [
          -34.462225086445436, 
          17.19548291836081, 
          62.614814888628935
        ], 
        [
          -35.58772678119252, 
          20.281397954058843, 
          66.54134079292464
        ], 
        [
          -34.02002889441679, 
          14.508723855416406, 
          71.527536962975
        ], 
        [
          -27.87749032694109, 
          12.974264688993586, 
          67.81978524471141
        ], 
        [
          -29.445188213716822, 
          18.746938787636026, 
          62.833589074661056
        ], 
        [
          -30.570689908463905, 
          21.83285382333406, 
          66.76011497895675
        ], 
        [
          -29.002992021688172, 
          16.06017972469162, 
          71.74631114900713
        ]
      ], 
      "cuboid_centroid": [
        -31.732608554066804, 
        16.627831321526216, 
        67.18056301881803
      ], 
      "location": [
        -31.732608554066804, 
        16.627831321526216, 
        67.18056301881803
      ], 
      "pose_transform_permuted": [
        [
          -0.9545351660340043, 
          -0.2951780549636703, 
          -0.04162370325066951, 
          0.0
        ], 
        [
          0.20131211101435456, 
          -0.7412839034858261, 
          0.6402902532381394, 
          0.0
        ], 
        [
          0.21985461278622187, 
          -0.6028002076149948, 
          -0.7670044712620255, 
          0.0
        ], 
        [
          -31.732608554066804, 
          16.627831321526216, 
          67.18056301881803, 
          1.0
        ]
      ], 
      "projected_cuboid": [
        [
          219.92209065652634, 
          363.4036463348573
        ], 
        [
          185.62007613244108, 
          419.7484863040225
        ], 
        [
          193.98941480070567, 
          435.8391191902722
        ], 
        [
          225.8249818487199, 
          381.465665733608
        ], 
        [
          260.5478406034146, 
          375.31324613037833
        ], 
        [
          229.58913906194053, 
          432.40699771001954
        ], 
        [
          235.34499122123088, 
          447.7003852938207
        ], 
        [
          264.2093697354776, 
          392.6684019303352
        ]
      ], 
      "projected_cuboid_centroid": [
        227.58527900105005, 
        405.28823119368866
      ], 
      "quaternion_xyzw": [
        0.40004237483360094, 
        -0.6006479417785658, 
        -0.19638226633277064, 
        0.6637937585159037
      ], 
      "visibility": 0.1527850078084331
    }
  ]
}