{
  "camera_data": {
    "location_worldframe": [
      -10.483748171298785, 
      -1.9600175275673746, 
      75.3914156829409
    ], 
    "quaternion_xyzw_worldframe": [
      -0.823523856575208, 
      -0.0935533269498146, 
      -0.17120670279293765, 
      0.5326813754497158
    ]
  }, 
  "objects": [
    {
      "bounding_box": {
        "bottom_right": [
          459, 
          427
        ], 
        "top_left": [
          288, 
          300
        ]
      }, 
      "class": "003_cracker_box", 
      "cuboid": [
        [
          -6.425121793000041, 
          24.04642779405073, 
          73.93979047627177
        ], 
        [
          -16.84489869661263, 
          21.12046132155982, 
          61.61318976204575
        ], 
        [
          -19.47807221916574, 
          1.1206045950928778, 
          68.58640102138071
        ], 
        [
          -9.05829531555315, 
          4.04657106758379, 
          80.91300173560671
        ], 
        [
          -11.899298621713323, 
          26.202136491896916, 
          78.0554563510667
        ], 
        [
          -22.31907552532591, 
          23.276170019406003, 
          65.7288556368407
        ], 
        [
          -24.952249047879018, 
          3.2763132929390633, 
          72.70206689617565
        ], 
        [
          -14.532472144266428, 
          6.202279765429974, 
          85.02866761040167
        ]
      ], 
      "cuboid_centroid": [
        -15.68868542043953, 
        13.661370543494897, 
        73.32092868622371
      ], 
      "location": [
        -15.68868542043953, 
        13.661370543494897, 
        73.32092868622371
      ], 
      "pose_transform_permuted": [
        [
          0.7624201893581308, 
          -0.30023798737958923, 
          -0.5732125310854305, 
          0.0
        ], 
        [
          0.6352127864352675, 
          0.17837342710885987, 
          0.751457009050141, 
          0.0
        ], 
        [
          0.12337005636804799, 
          0.9370379242248917, 
          -0.3267105106299012, 
          0.0
        ], 
        [
          -15.68868542043953, 
          13.661370543494897, 
          73.32092868622371, 
          1.0
        ]
      ], 
      "projected_cuboid": [
        [
          434.8671651120551, 
          446.730779103456
        ], 
        [
          334.5736730097206, 
          456.1038157737185
        ], 
        [
          328.8757392167847, 
          282.00022417366307
        ], 
        [
          421.3938239048674, 
          299.95858757475173
        ], 
        [
          399.61670623003124, 
          452.31454147168637
        ], 
        [
          298.99240312373695, 
          462.1478405599717
        ], 
        [
          297.02980334608594, 
          297.3205457383765
        ], 
        [
          389.6864132190015, 
          312.18867948465333
        ]
      ], 
      "projected_cuboid_centroid": [
        366.53018905719017, 
        372.6562073835115
      ], 
      "quaternion_xyzw": [
        0.8867726937814434, 
        0.015506614921311555, 
        0.4267940389415585, 
        0.1767500573726535
      ], 
      "visibility": 0.814724051666922
    }, 
    {
      "bounding_box": {
        "bottom_right": [
          442, 
          320
        ], 
        "top_left": [
          301, 
          238
        ]
      }, 
      "class": "004_sugar_box", 
      "cuboid": [
        [
          -20.319316739967018, 
          20.637426857989112, 
          69.5010434270263
        ], 
        [
          -27.115565636769624, 
          19.612873791909948, 
          63.28400764640044
        ], 
        [
          -30.02873097768335, 
          3.2548149653472453, 
          69.16434344880685
        ], 
        [
          -23.232482080880747, 
          4.279368031426407, 
          75.38137922943272
        ], 
        [
          -23.295814172075353, 
          22.242108685933353, 
          72.49039830025795
        ], 
        [
          -30.092063068877962, 
          21.217555619854195, 
          66.27336251963209
        ], 
        [
          -33.005228409791684, 
          4.859496793291491, 
          72.1536983220385
        ], 
        [
          -26.20897951298908, 
          5.884049859370653, 
          78.37073410266436
        ]
      ], 
      "cuboid_centroid": [
        -26.662272574879353, 
        12.7484618256403, 
        70.8273708745324
      ], 
      "location": [
        -26.662272574879353, 
        12.7484618256403, 
        70.8273708745324
      ], 
      "pose_transform_permuted": [
        [
          0.6594800772782637, 
          -0.35553724471050624, 
          -0.6623288034938918, 
          0.0
        ], 
        [
          0.7333263650716791, 
          0.11055095055808652, 
          0.6708283230580093, 
          0.0
        ], 
        [
          0.16528316858164577, 
          0.9281010441553614, 
          -0.33363040542044164, 
          0.0
        ], 
        [
          -26.662272574879353, 
          12.7484618256403, 
          70.8273708745324, 
          1.0
        ]
      ], 
      "projected_cuboid": [
        [
          324.3764451988046, 
          431.6488207172913
        ], 
        [
          251.17905252965124, 
          438.5720510913914
        ], 
        [
          248.118802472703, 
          298.3841023341284
        ], 
        [
          315.858619692071, 
          303.56285818260693
        ], 
        [
          308.77900048247005, 
          436.92410118112696
        ], 
        [
          237.42010077584754, 
          444.0299179591628
        ], 
        [
          235.6079562507957, 
          309.2052069407524
        ], 
        [
          301.7563889369315, 
          313.32800313151233
        ]
      ], 
      "projected_cuboid_centroid": [
        279.1610525266413, 
        369.2805620850248
      ], 
      "quaternion_xyzw": [
        0.9115585846122195, 
        -0.015010614497926796, 
        0.3648444605735876, 
        0.18900805218792446
      ], 
      "visibility": 0.5767914845086486
    }, 
    {
      "bounding_box": {
        "bottom_right": [
          339, 
          331
        ], 
        "top_left": [
          259, 
          168
        ]
      }, 
      "class": "024_bowl", 
      "cuboid": [
        [
          -30.43804196702337, 
          2.6449816828700077, 
          48.606232419377235
        ], 
        [
          -34.06255930120187, 
          8.824423527964237, 
          63.042842615787684
        ], 
        [
          -34.96041784388372, 
          3.7572340635270494, 
          64.98638049484946
        ], 
        [
          -31.335900509705215, 
          -2.4222077815671814, 
          50.549770298439014
        ], 
        [
          -14.927667584780707, 
          1.567226066641525, 
          52.961655756732306
        ], 
        [
          -18.55218491895921, 
          7.746667911735755, 
          67.39826595314275
        ], 
        [
          -19.45004346164105, 
          2.6794784472985667, 
          69.34180383220453
        ], 
        [
          -15.825526127462552, 
          -3.4999633977956632, 
          54.90519363579408
        ]
      ], 
      "cuboid_centroid": [
        -24.944042714332213, 
        2.662230065084287, 
        58.974018125790884
      ], 
      "location": [
        -24.944042714332213, 
        2.662230065084287, 
        58.974018125790884
      ], 
      "pose_transform_permuted": [
        [
          -0.9606148154648119, 
          0.06674938894993918, 
          -0.26974746594604937, 
          0.0
        ], 
        [
          0.22489621671252993, 
          -0.383425698989455, 
          -0.895771413398998, 
          0.0
        ], 
        [
          0.16322030516420466, 
          0.9211564755399908, 
          -0.3533127220365073, 
          0.0
        ], 
        [
          -24.944042714332213, 
          2.662230065084287, 
          58.974018125790884, 
          1.0
        ]
      ], 
      "projected_cuboid": [
        [
          144.84017747344487, 
          302.3079300620359
        ], 
        [
          191.03880764725793, 
          347.93796044887586
        ], 
        [
          192.29868655156116, 
          304.1207910876763
        ], 
        [
          148.23611293551676, 
          247.73131118628595
        ], 
        [
          330.02396621435435, 
          289.06837751521846
        ], 
        [
          333.5710426114229, 
          334.58558838318453
        ], 
        [
          330.7568408312109, 
          293.89486152731996
        ], 
        [
          326.59536614969034, 
          239.28977197768577
        ]
      ], 
      "projected_cuboid_centroid": [
        254.14082553335973, 
        297.3618761343823
      ], 
      "quaternion_xyzw": [
        0.777142226075538, 
        -0.17585133898660585, 
        -0.5971835548810372, 
        0.09218497061138789
      ], 
      "visibility": 0.8079429735234216
    }, 
    {
      "bounding_box": {
        "bottom_right": [
          321, 
          498
        ], 
        "top_left": [
          236, 
          399
        ]
      }, 
      "class": "025_mug", 
      "cuboid": [
        [
          3.542605268142133, 
          2.8075323963321144, 
          57.503311401573534
        ], 
        [
          -7.701957000337104, 
          4.026247263391341, 
          54.51310923674216
        ], 
        [
          -8.986978894991113, 
          -3.834998734533357, 
          56.14139089501261
        ], 
        [
          2.2575833734881234, 
          -5.053713601592584, 
          59.13159305984398
        ], 
        [
          1.436271736126319, 
          4.975472135130188, 
          66.30769903099122
        ], 
        [
          -9.808290532352917, 
          6.194187002189415, 
          63.31749686615985
        ], 
        [
          -11.093312427006927, 
          -1.6670589957352835, 
          64.9457785244303
        ], 
        [
          0.15124984147230972, 
          -2.885773862794511, 
          67.93598068926167
        ]
      ], 
      "cuboid_centroid": [
        -3.7753535794323967, 
        0.5702367002984154, 
        61.22454496300192
      ], 
      "location": [
        -3.7753535794323967, 
        0.5702367002984154, 
        61.22454496300192
      ], 
      "pose_transform_permuted": [
        [
          0.22627337465843758, 
          -0.23289143589928316, 
          -0.94581341009311, 
          0.0
        ], 
        [
          0.9611558187731002, 
          -0.10417256429650978, 
          0.25559467246600903, 
          0.0
        ], 
        [
          0.15805344979954494, 
          0.9669072992950095, 
          -0.20027326725375383, 
          0.0
        ], 
        [
          -3.7753535794323967, 
          0.5702367002984154, 
          61.22454496300192, 
          1.0
        ]
      ], 
      "projected_cuboid": [
        [
          514.7270853860471, 
          299.3252472462787
        ], 
        [
          405.61836600888495, 
          312.67663226005254
        ], 
        [
          395.51309787475066, 
          236.85566418302903
        ], 
        [
          502.1283459240034, 
          227.70609118474596
        ], 
        [
          493.24541871097546, 
          313.3047675982866
        ], 
        [
          398.2939382853897, 
          325.45981383083694
        ], 
        [
          389.7422265388143, 
          259.5970383876655
        ], 
        [
          482.79432455001796, 
          250.63227292163876
        ]
      ], 
      "projected_cuboid_centroid": [
        448.4363602650614, 
        278.2538006943851
      ], 
      "quaternion_xyzw": [
        0.9841082928419539, 
        -0.06661513168911172, 
        0.12241235304828231, 
        0.1100398976168882
      ], 
      "visibility": 0.8910431020669765
    }, 
    {
      "bounding_box": {
        "bottom_right": [
          334, 
          391
        ], 
        "top_left": [
          262, 
          333
        ]
      }, 
      "class": "061_foam_brick", 
      "cuboid": [
        [
          -15.988733424003426, 
          -1.4442884403545422, 
          64.24345302531472
        ], 
        [
          -14.73381195115545, 
          5.823819809551568, 
          61.74477943234682
        ], 
        [
          -17.72684477279315, 
          7.62684267595101, 
          65.48618216679965
        ], 
        [
          -18.981766245641126, 
          0.35873442604489914, 
          67.98485575976756
        ], 
        [
          -11.809608493303674, 
          -1.077314662886325, 
          67.40980447475232
        ], 
        [
          -10.554687020455699, 
          6.190793587019786, 
          64.91113088178442
        ], 
        [
          -13.547719842093397, 
          7.993816453419226, 
          68.65253361623725
        ], 
        [
          -14.802641314941372, 
          0.7257082035131164, 
          71.15120720920515
        ]
      ], 
      "cuboid_centroid": [
        -14.768226633048412, 
        3.274764006532342, 
        66.44799332077599
      ], 
      "location": [
        -14.768226633048412, 
        3.274764006532342, 
        66.44799332077599
      ], 
      "pose_transform_permuted": [
        [
          -0.7951150870120616, 
          -0.06981997232466794, 
          -0.6024260700454329, 
          0.0
        ], 
        [
          -0.1611476885867674, 
          -0.9333164426716855, 
          0.32086109191021084, 
          0.0
        ], 
        [
          0.5846566692247206, 
          -0.3522010637452039, 
          -0.7308426573673726, 
          0.0
        ], 
        [
          -14.768226633048412, 
          3.274764006532342, 
          66.44799332077599, 
          1.0
        ]
      ], 
      "projected_cuboid": [
        [
          347.7598433454451, 
          261.2967199888491
        ], 
        [
          353.27344424713147, 
          323.5896920593775
        ], 
        [
          336.0265234861809, 
          335.39955819827526
        ], 
        [
          331.4502346703041, 
          276.1006955232775
        ], 
        [
          387.3855139498598, 
          264.76325251233277
        ], 
        [
          394.15550366234567, 
          324.1510262514204
        ], 
        [
          375.4760584022103, 
          335.38561334426885
        ], 
        [
          369.71804160556803, 
          278.7261420553831
        ]
      ], 
      "projected_cuboid_centroid": [
        362.0777203106212, 
        299.57018760974734
      ], 
      "quaternion_xyzw": [
        -0.5217943363322041, 
        0.727285161126192, 
        0.22722266326014381, 
        -0.38361025309322866
      ], 
      "visibility": 0.9994646680942184
    }
  ]
}