{
  "camera_data": {
    "location_worldframe": [
      -18.61924503500179, 
      13.338574015201536, 
      71.80421556717259
    ], 
    "quaternion_xyzw_worldframe": [
      0.893353622864677, 
      0.009689403831840006, 
      -0.035856242882737914, 
      -0.44781755688059394
    ]
  }, 
  "objects": [
    {
      "bounding_box": {
        "bottom_right": [
          539, 
          365
        ], 
        "top_left": [
          394, 
          193
        ]
      }, 
      "class": "003_cracker_box", 
      "cuboid": [
        [
          -17.858942486103135, 
          38.30125289886589, 
          63.3661246616407
        ], 
        [
          -32.19163525477141, 
          32.76899977777939, 
          57.61754143702361
        ], 
        [
          -29.873899847808072, 
          14.891109177490886, 
          69.04394408238052
        ], 
        [
          -15.541207079139793, 
          20.423362298577377, 
          74.79252730699761
        ], 
        [
          -21.262928416686133, 
          41.38657339206761, 
          68.88392084975467
        ], 
        [
          -35.59562118535441, 
          35.85432027098112, 
          63.13533762513759
        ], 
        [
          -33.27788577839107, 
          17.976429670692607, 
          74.5617402704945
        ], 
        [
          -18.94519300972279, 
          23.5086827917791, 
          80.31032349511159
        ]
      ], 
      "cuboid_centroid": [
        -25.568414132247103, 
        28.138841284779247, 
        68.9639324660676
      ], 
      "location": [
        -25.568414132247103, 
        28.138841284779247, 
        68.9639324660676
      ], 
      "pose_transform_permuted": [
        [
          0.4740927593267985, 
          -0.4297103853713647, 
          -0.7684953091970669, 
          0.0
        ], 
        [
          0.8737528447034095, 
          0.33725846079220545, 
          0.3504464252874777, 
          0.0
        ], 
        [
          -0.10859107664353373, 
          0.8376190753129165, 
          -0.5353524659001138, 
          0.0
        ], 
        [
          -25.568414132247103, 
          28.138841284779247, 
          68.9639324660676, 
          1.0
        ]
      ], 
      "projected_cuboid": [
        [
          330.0350678485544, 
          595.6481837350589
        ], 
        [
          181.1416403629893, 
          576.6030083921422
        ], 
        [
          248.9175977305021, 
          388.3106757974862
        ], 
        [
          369.85459613766454, 
          418.91845416634925
        ], 
        [
          315.60132328739724, 
          593.7135664962924
        ], 
        [
          178.40641572022926, 
          576.1567191047079
        ], 
        [
          241.5859119553806, 
          401.8669861321743
        ], 
        [
          354.7386196792163, 
          429.4014726719605
        ]
      ], 
      "projected_cuboid_centroid": [
        282.2207774432312, 
        490.8929674335461
      ], 
      "quaternion_xyzw": [
        0.9327201119860922, 
        0.1195024991169021, 
        0.22100391479136752, 
        0.2586689294220635
      ], 
      "visibility": 0.5486975088875616
    }, 
    {
      "bounding_box": {
        "bottom_right": [
          539, 
          262
        ], 
        "top_left": [
          400, 
          143
        ]
      }, 
      "class": "004_sugar_box", 
      "cuboid": [
        [
          -31.97137717259212, 
          34.116804112631996, 
          66.14148668936419
        ], 
        [
          -40.63160745116777, 
          31.781528810586597, 
          63.80971853283928
        ], 
        [
          -39.34742374007328, 
          17.20667282952178, 
          73.6369976757775
        ], 
        [
          -30.687193461497642, 
          19.541948131567178, 
          75.96876583230238
        ], 
        [
          -33.54453422466156, 
          36.38563939602545, 
          69.71196937896637
        ], 
        [
          -42.2047645032372, 
          34.05036409398004, 
          67.38020122244149
        ], 
        [
          -40.92058079214272, 
          19.47550811291523, 
          77.2074803653797
        ], 
        [
          -32.260350513567076, 
          21.81078341496063, 
          79.5392485219046
        ]
      ], 
      "cuboid_centroid": [
        -36.44597898236742, 
        26.796156112773613, 
        71.67448352737193
      ], 
      "location": [
        -36.44597898236742, 
        26.796156112773613, 
        71.67448352737193
      ], 
      "pose_transform_permuted": [
        [
          0.3485525379858069, 
          -0.5026887145553909, 
          -0.7910849089467162, 
          0.0
        ], 
        [
          0.9344530030175008, 
          0.2519800223173548, 
          0.25160159558293504, 
          0.0
        ], 
        [
          -0.07286024923805322, 
          0.8269281335799347, 
          -0.5575666483700792, 
          0.0
        ], 
        [
          -36.44597898236742, 
          26.796156112773613, 
          71.67448352737193, 
          1.0
        ]
      ], 
      "projected_cuboid": [
        [
          221.65346782205285, 
          548.3810461217604
        ], 
        [
          139.1693484258477, 
          538.9155375683981
        ], 
        [
          194.24656120736995, 
          397.9067135840242
        ], 
        [
          264.37005124765136, 
          410.4758620108116
        ], 
        [
          222.83169980102653, 
          551.6486931317795
        ], 
        [
          144.75919507631045, 
          542.7978433198783
        ], 
        [
          196.5778477152446, 
          407.81585845235236
        ], 
        [
          263.48518055364264, 
          419.53028727081306
        ]
      ], 
      "projected_cuboid_centroid": [
        208.14778663840838, 
        472.6729040261347
      ], 
      "quaternion_xyzw": [
        0.9423993375348043, 
        0.08617373193543103, 
        0.15920908198499698, 
        0.2812648844010656
      ], 
      "visibility": 0.47963916777220317
    }, 
    {
      "bounding_box": {
        "bottom_right": [
          438, 
          211
        ], 
        "top_left": [
          357, 
          55
        ]
      }, 
      "class": "024_bowl", 
      "cuboid": [
        [
          -48.30399328113836, 
          11.968657155773904, 
          55.8741595188971
        ], 
        [
          -46.054677873099536, 
          21.28827475680039, 
          68.82883625556485
        ], 
        [
          -45.60150209949539, 
          16.801019096433397, 
          71.97829126798217
        ], 
        [
          -47.85081750753421, 
          7.4814014954069075, 
          59.023614531314415
        ], 
        [
          -32.3711520202161, 
          11.747670924010974, 
          53.266724470263426
        ], 
        [
          -30.121836612177283, 
          21.06728852503746, 
          66.22140120693119
        ], 
        [
          -29.668660838573135, 
          16.580032864670464, 
          69.3708562193485
        ], 
        [
          -31.917976246611957, 
          7.260415263643975, 
          56.416179482680754
        ]
      ], 
      "cuboid_centroid": [
        -38.986327059855746, 
        14.274345010222184, 
        62.6225078691228
      ], 
      "location": [
        -38.986327059855746, 
        14.274345010222184, 
        62.6225078691228
      ], 
      "pose_transform_permuted": [
        [
          -0.9867797507978626, 
          0.013686494149892856, 
          0.1614880902518583, 
          0.0
        ], 
        [
          -0.1395668661012998, 
          -0.5782692001260379, 
          -0.8038195208330375, 
          0.0
        ], 
        [
          -0.08238211761037245, 
          0.8157312131232181, 
          -0.5725345182908651, 
          0.0
        ], 
        [
          -38.986327059855746, 
          14.274345010222184, 
          62.6225078691228, 
          1.0
        ]
      ], 
      "projected_cuboid": [
        [
          16.69254564520089, 
          387.5275270253395
        ], 
        [
          121.76898016880529, 
          438.2385324852166
        ], 
        [
          140.89924818259115, 
          397.7728566132598
        ], 
        [
          45.628379549816074, 
          340.88622598342215
        ], 
        [
          154.78814766814898, 
          390.9071167336157
        ], 
        [
          236.98672281112266, 
          442.95370493868216
        ], 
        [
          251.60512254429102, 
          400.75297991766234
        ], 
        [
          177.35209354709633, 
          341.92148769909085
        ]
      ], 
      "projected_cuboid_centroid": [
        146.80619927147578, 
        394.8528563857232
      ], 
      "quaternion_xyzw": [
        -0.6153609218926035, 
        0.20146188394223793, 
        0.7274589626701248, 
        -0.22704075131313997
      ], 
      "visibility": 0.6845151953690304
    }, 
    {
      "bounding_box": {
        "bottom_right": [
          439, 
          354
        ], 
        "top_left": [
          345, 
          234
        ]
      }, 
      "class": "025_mug", 
      "cuboid": [
        [
          -13.891524239101663, 
          13.797012209630669, 
          49.068991968902026
        ], 
        [
          -25.41061619633759, 
          14.421079978835257, 
          51.01522305067082
        ], 
        [
          -25.1930372160824, 
          7.144864818759256, 
          54.63615157798512
        ], 
        [
          -13.673945258846473, 
          6.520797049554669, 
          52.689920496216324
        ], 
        [
          -12.284452124737486, 
          17.92048874599808, 
          57.25850389950313
        ], 
        [
          -23.803544081973413, 
          18.544556515202668, 
          59.204734981271926
        ], 
        [
          -23.585965101718223, 
          11.268341355126667, 
          62.825663508586224
        ], 
        [
          -12.066873144482296, 
          10.64427358592208, 
          60.879432426817424
        ]
      ], 
      "cuboid_centroid": [
        -18.738744670409943, 
        12.532676782378669, 
        55.94732773874412
      ], 
      "location": [
        -18.738744670409943, 
        12.532676782378669, 
        55.94732773874412
      ], 
      "pose_transform_permuted": [
        [
          -0.1726400995423751, 
          -0.4429654359230581, 
          -0.8797602436539169, 
          0.0
        ], 
        [
          0.9846218996639615, 
          -0.053343683227329436, 
          -0.16635875050137777, 
          0.0
        ], 
        [
          -0.026761496108561905, 
          0.8949504380572474, 
          -0.44536225227018533, 
          0.0
        ], 
        [
          -18.738744670409943, 
          12.532676782378669, 
          55.94732773874412, 
          1.0
        ]
      ], 
      "projected_cuboid": [
        [
          329.3550606817197, 
          423.2430890618156
        ], 
        [
          213.73751181183863, 
          424.0463289471837
        ], 
        [
          233.63105166713987, 
          343.02966989869594
        ], 
        [
          342.0380097486822, 
          339.289081383676
        ], 
        [
          366.22317908846446, 
          440.20231358418954
        ], 
        [
          265.38649898125965, 
          440.33694626229595
        ], 
        [
          279.7100909284469, 
          368.9421471533943
        ], 
        [
          375.0072090143557, 
          366.5331292473381
        ]
      ], 
      "projected_cuboid_centroid": [
        301.48082351370266, 
        392.75465608009813
      ], 
      "quaternion_xyzw": [
        0.9694499189456778, 
        -0.006854966563841921, 
        -0.08742041322063081, 
        0.22908034516092932
      ], 
      "visibility": 0.780420973969361
    }, 
    {
      "bounding_box": {
        "bottom_right": [
          448, 
          289
        ], 
        "top_left": [
          369, 
          225
        ]
      }, 
      "class": "061_foam_brick", 
      "cuboid": [
        [
          -28.321794022441445, 
          11.375750012543783, 
          64.26392106440296
        ], 
        [
          -28.88004985103059, 
          17.877720988568623, 
          60.01464830117156
        ], 
        [
          -30.169558866727193, 
          20.509964272572397, 
          64.21175363006017
        ], 
        [
          -29.611303038138043, 
          14.007993296547557, 
          68.46102639329158
        ], 
        [
          -23.24924597369806, 
          12.407085071083701, 
          65.175590265
        ], 
        [
          -23.807501802287206, 
          18.90905604710854, 
          60.9263175017686
        ], 
        [
          -25.097010817983804, 
          21.541299331112313, 
          65.1234228306572
        ], 
        [
          -24.538754989394658, 
          15.039328355087475, 
          69.37269559388861
        ]
      ], 
      "cuboid_centroid": [
        -26.709402420212626, 
        16.458524671828048, 
        64.69367194753008
      ], 
      "location": [
        -26.709402420212626, 
        16.458524671828048, 
        64.69367194753008
      ], 
      "pose_transform_permuted": [
        [
          -0.9650966530149008, 
          -0.19622051946464553, 
          -0.1734530428688466, 
          0.0
        ], 
        [
          0.0716870643810632, 
          -0.8349347881240543, 
          0.5456600263723428, 
          0.0
        ], 
        [
          0.25189167342304625, 
          -0.5141803256847399, 
          -0.8198592425159779, 
          0.0
        ], 
        [
          -26.709402420212626, 
          16.458524671828048, 
          64.69367194753008, 
          1.0
        ]
      ], 
      "projected_cuboid": [
        [
          244.59874261509074, 
          367.69270172717
        ], 
        [
          222.81605342032606, 
          432.15673010230324
        ], 
        [
          228.93143897562925, 
          443.6348773169722
        ], 
        [
          248.99913515379512, 
          382.4104810415555
        ], 
        [
          289.7674611848085, 
          374.8113789775078
        ], 
        [
          271.46098425918785, 
          438.8072899768436
        ], 
        [
          274.35566829127487, 
          449.6961350339025
        ], 
        [
          291.37728071638355, 
          388.9050570665698
        ]
      ], 
      "projected_cuboid_centroid": [
        259.57604097065706, 
        408.96678696638196
      ], 
      "quaternion_xyzw": [
        0.42748092985686814, 
        -0.6355993832935422, 
        -0.24529551925450566, 
        0.5942251987245569
      ], 
      "visibility": 0.20417447150120419
    }
  ]
}