{
  "camera_data": {
    "location_worldframe": [
      -15.721065492751476, 
      6.372729097564586, 
      74.41104875815493
    ], 
    "quaternion_xyzw_worldframe": [
      -0.8545004826788106, 
      -0.016140555803764074, 
      -0.0288339696752961, 
      0.5183993497302214
    ]
  }, 
  "objects": [
    {
      "bounding_box": {
        "bottom_right": [
          516, 
          390
        ], 
        "top_left": [
          347, 
          241
        ]
      }, 
      "class": "003_cracker_box", 
      "cuboid": [
        [
          -12.927008409713553, 
          32.267399610988974, 
          70.33994516135735
        ], 
        [
          -26.67532556744186, 
          28.587851920066075, 
          62.18379289402605
        ], 
        [
          -26.487252292981463, 
          9.016067776018724, 
          70.69633898838852
        ], 
        [
          -12.738935135253154, 
          12.695615466941623, 
          78.85249125571984
        ], 
        [
          -16.842997683562736, 
          34.6360153722587, 
          75.87231218800206
        ], 
        [
          -30.59131484129104, 
          30.9564676813358, 
          67.71615992067073
        ], 
        [
          -30.40324156683064, 
          11.384683537288447, 
          76.22870601503323
        ], 
        [
          -16.654924409102335, 
          15.064231228211344, 
          84.38485828236453
        ]
      ], 
      "cuboid_centroid": [
        -21.665124988272098, 
        21.82604157413871, 
        73.28432558819529
      ], 
      "location": [
        -21.665124988272098, 
        21.82604157413871, 
        73.28432558819529
      ], 
      "pose_transform_permuted": [
        [
          0.545402418868205, 
          -0.32989078243721875, 
          -0.770524673943457, 
          0.0
        ], 
        [
          0.8381280070908792, 
          0.2243134150753492, 
          0.49721719152409133, 
          0.0
        ], 
        [
          -0.008811652658957947, 
          0.9169817683466741, 
          -0.39883178320844004, 
          0.0
        ], 
        [
          -21.665124988272098, 
          21.82604157413871, 
          73.28432558819529, 
          1.0
        ]
      ], 
      "projected_cuboid": [
        [
          382.76730793723067, 
          517.9389338721762
        ], 
        [
          250.90946407623704, 
          518.4703802689452
        ], 
        [
          280.11717045141273, 
          341.30201907924516
        ], 
        [
          394.719142586899, 
          359.15345532425675
        ], 
        [
          362.2181040334254, 
          516.7490706016476
        ], 
        [
          238.65788886589857, 
          517.0937836906143
        ], 
        [
          267.1139669377409, 
          352.9373020576963
        ], 
        [
          375.45931822018775, 
          368.4937787466004
        ]
      ], 
      "projected_cuboid_centroid": [
        322.61730682889953, 
        432.1234420692961
      ], 
      "quaternion_xyzw": [
        0.9388336446598261, 
        0.06207837486980372, 
        0.2776369424771935, 
        0.19404997088427253
      ], 
      "visibility": 0.7974659784138902
    }, 
    {
      "bounding_box": {
        "bottom_right": [
          489, 
          287
        ], 
        "top_left": [
          355, 
          197
        ]
      }, 
      "class": "004_sugar_box", 
      "cuboid": [
        [
          -27.43059468853737, 
          28.549450818269428, 
          70.78326399359564
        ], 
        [
          -35.834308078750674, 
          27.137741817166916, 
          67.1397875079516
        ], 
        [
          -36.34318520093348, 
          11.136967047256427, 
          74.51320061606948
        ], 
        [
          -27.939471810720185, 
          12.548676048358942, 
          78.15667710171353
        ], 
        [
          -29.329049740873252, 
          30.312807445651057, 
          74.47883230027398
        ], 
        [
          -37.73276313108656, 
          28.901098444548545, 
          70.83535581462993
        ], 
        [
          -38.241640253269374, 
          12.90032367463806, 
          78.20876892274782
        ], 
        [
          -29.83792686305607, 
          14.312032675740575, 
          81.85224540839187
        ]
      ], 
      "cuboid_centroid": [
        -32.83611747090337, 
        20.724887246453743, 
        74.49601645817174
      ], 
      "location": [
        -32.83611747090337, 
        20.724887246453743, 
        74.49601645817174
      ], 
      "pose_transform_permuted": [
        [
          0.42062636141330567, 
          -0.39069362276286695, 
          -0.8187991853058739, 
          0.0
        ], 
        [
          0.9067744114622749, 
          0.15232570878981844, 
          0.39313706840526236, 
          0.0
        ], 
        [
          0.028871970290125667, 
          0.9078299527285151, 
          -0.41834257213458165, 
          0.0
        ], 
        [
          -32.83611747090337, 
          20.724887246453743, 
          74.49601645817174, 
          1.0
        ]
      ], 
      "projected_cuboid": [
        [
          273.1977105682405, 
          488.3936176936986
        ], 
        [
          194.5779675516579, 
          488.8530402201192
        ], 
        [
          219.30720458158385, 
          352.9980867315322
        ], 
        [
          289.3570305778956, 
          358.91523827470553
        ], 
        [
          269.8307572427076, 
          490.34705480699694
        ], 
        [
          195.13952156686122, 
          490.8829853822322
        ], 
        [
          218.64729512576503, 
          361.2561523826883
        ], 
        [
          285.56379776636743, 
          366.53855889881396
        ]
      ], 
      "projected_cuboid_centroid": [
        244.56315372333907, 
        421.65672947689274
      ], 
      "quaternion_xyzw": [
        0.9530744395765559, 
        0.03238302628138427, 
        0.21345746880488095, 
        0.21221747255568454
      ], 
      "visibility": 0.509578947368421
    }, 
    {
      "bounding_box": {
        "bottom_right": [
          393, 
          255
        ], 
        "top_left": [
          323, 
          99
        ]
      }, 
      "class": "024_bowl", 
      "cuboid": [
        [
          -43.297040611229235, 
          9.332539370727872, 
          55.23723654779502
        ], 
        [
          -42.24837521755002, 
          16.325089566177404, 
          69.71973923351833
        ], 
        [
          -42.362656275677715, 
          11.37569253703303, 
          72.11771909293499
        ], 
        [
          -43.41132166935693, 
          4.3831423415835, 
          57.6352164072117
        ], 
        [
          -27.18845034049227, 
          8.573119961574571, 
          54.43749612507139
        ], 
        [
          -26.13978494681306, 
          15.565670157024103, 
          68.9199988107947
        ], 
        [
          -26.25406600494075, 
          10.61627312787973, 
          71.31797867021137
        ], 
        [
          -27.30273139861997, 
          3.6237229324301983, 
          56.83547598448807
        ]
      ], 
      "cuboid_centroid": [
        -34.775553308084994, 
        9.9744062493038, 
        63.2776076090032
      ], 
      "location": [
        -34.775553308084994, 
        9.9744062493038, 
        63.2776076090032
      ], 
      "pose_transform_permuted": [
        [
          -0.9976645365851463, 
          0.04703365100067392, 
          0.04953088040698403, 
          0.0
        ], 
        [
          -0.06506821678348088, 
          -0.4338779316351349, 
          -0.898618977990469, 
          0.0
        ], 
        [
          0.02077497545033656, 
          0.8997431723072777, 
          -0.4359250213987188, 
          0.0
        ], 
        [
          -34.775553308084994, 
          9.9744062493038, 
          63.2776076090032, 
          1.0
        ]
      ], 
      "projected_cuboid": [
        [
          60.07723981838822, 
          363.3928922849902
        ], 
        [
          155.72585595783073, 
          398.1649448484482
        ], 
        [
          165.70920504284337, 
          357.4112118956981
        ], 
        [
          76.54876329278129, 
          313.84534546603095
        ], 
        [
          213.01435801944075, 
          357.27667510821294
        ], 
        [
          277.63543212047125, 
          393.7374500993182
        ], 
        [
          283.6316712818349, 
          352.6755849645733
        ], 
        [
          223.26499251678825, 
          307.28999040926135
        ]
      ], 
      "projected_cuboid_centroid": [
        186.05743073566356, 
        357.3533411407491
      ], 
      "quaternion_xyzw": [
        -0.6680464196290576, 
        0.17014270779937843, 
        0.7096376310303982, 
        -0.14553306438420205
      ], 
      "visibility": 0.7179052006303794
    }, 
    {
      "bounding_box": {
        "bottom_right": [
          388, 
          406
        ], 
        "top_left": [
          304, 
          297
        ]
      }, 
      "class": "025_mug", 
      "cuboid": [
        [
          -8.268948303280906, 
          10.15087128472757, 
          52.73981616308623
        ], 
        [
          -19.90348162776871, 
          11.147762786010658, 
          53.454376992905935
        ], 
        [
          -20.42246233658611, 
          3.3891370620596404, 
          55.82843616820215
        ], 
        [
          -8.787929012098306, 
          2.3922455607765527, 
          55.11387533838244
        ], 
        [
          -7.4947490978486035, 
          12.81778223564665, 
          61.624749857738834
        ], 
        [
          -19.12928242233641, 
          13.81467373692974, 
          62.339310687558545
        ], 
        [
          -19.648263131153808, 
          6.056048012978721, 
          64.71336986285476
        ], 
        [
          -8.013729806666003, 
          5.059156511695632, 
          63.99880903303505
        ]
      ], 
      "cuboid_centroid": [
        -13.958605717217356, 
        8.103459648853145, 
        58.7265930129705
      ], 
      "location": [
        -13.958605717217356, 
        8.103459648853145, 
        58.7265930129705
      ], 
      "pose_transform_permuted": [
        [
          -0.08316853157790048, 
          -0.2864935356180202, 
          -0.9544660900790386, 
          0.0
        ], 
        [
          0.9944895262742298, 
          -0.08521168225726568, 
          -0.06107879373604422, 
          0.0
        ], 
        [
          0.06383291346960968, 
          0.9542853444564253, 
          -0.2920014392321773, 
          0.0
        ], 
        [
          -13.958605717217356, 
          8.103459648853145, 
          58.7265930129705, 
          1.0
        ]
      ], 
      "projected_cuboid": [
        [
          397.2823485348568, 
          375.93495119649674
        ], 
        [
          281.3632089193173, 
          384.50886507197504
        ], 
        [
          284.87894203493653, 
          305.66238959586775
        ], 
        [
          395.85038580891205, 
          296.43554351739436
        ], 
        [
          416.19467158387374, 
          384.2155769613009
        ], 
        [
          316.5801694910007, 
          391.4725743325741
        ], 
        [
          318.32124299246277, 
          323.19599268594374
        ], 
        [
          414.2599482491989, 
          315.4458731750381
        ]
      ], 
      "projected_cuboid_centroid": [
        353.77702185418013, 
        346.87728282876606
      ], 
      "quaternion_xyzw": [
        0.9878310787793748, 
        -0.03772016261905934, 
        -0.03650607082847242, 
        0.14640533874602873
      ], 
      "visibility": 0.9017137835066648
    }, 
    {
      "bounding_box": {
        "bottom_right": [
          396, 
          324
        ], 
        "top_left": [
          325, 
          273
        ]
      }, 
      "class": "061_foam_brick", 
      "cuboid": [
        [
          -24.51469798781451, 
          6.2175956471561316, 
          65.60783882875764
        ], 
        [
          -24.289450278876238, 
          13.333409340915328, 
          62.452200366434916
        ], 
        [
          -25.967334438576106, 
          15.338387471906051, 
          66.85356365414569
        ], 
        [
          -26.192582147514383, 
          8.222573778146854, 
          70.0092021164684
        ], 
        [
          -19.551355547438433, 
          6.7849624386389635, 
          67.24150439569144
        ], 
        [
          -19.326107838500153, 
          13.90077613239816, 
          64.08586593336872
        ], 
        [
          -21.003991998200025, 
          15.905754263388882, 
          68.48722922107949
        ], 
        [
          -21.2292397071383, 
          8.789940569629685, 
          71.64286768340222
        ]
      ], 
      "cuboid_centroid": [
        -22.759344993007268, 
        11.061674955272508, 
        67.04753402491856
      ], 
      "location": [
        -22.759344993007268, 
        11.061674955272508, 
        67.04753402491856
      ], 
      "pose_transform_permuted": [
        [
          -0.9443193304320523, 
          -0.10794649675670016, 
          -0.3108191693096115, 
          0.0
        ], 
        [
          -0.02892463667267685, 
          -0.9137599076705542, 
          0.40522363767092123, 
          0.0
        ], 
        [
          0.32775656754017124, 
          -0.3916508457438285, 
          -0.8597588309883358, 
          0.0
        ], 
        [
          -22.759344993007268, 
          11.061674955272508, 
          67.04753402491856, 
          1.0
        ]
      ], 
      "projected_cuboid": [
        [
          280.6588470669542, 
          323.82875333352155
        ], 
        [
          272.4452330381494, 
          387.14911240193595
        ], 
        [
          272.7181801278387, 
          395.64744091480014
        ], 
        [
          280.40311477648663, 
          335.92486962046587
        ], 
        [
          325.23507798384884, 
          327.1008208730398
        ], 
        [
          319.42581263570133, 
          388.9681477203752
        ], 
        [
          316.67302040296704, 
          397.1468595370095
        ], 
        [
          322.2466465210085, 
          338.72009183372046
        ]
      ], 
      "projected_cuboid_centroid": [
        299.0525954750202, 
        361.27497725987445
      ], 
      "quaternion_xyzw": [
        0.4717636290805775, 
        -0.6579123520131913, 
        -0.2856810378810768, 
        0.5128125972910426
      ], 
      "visibility": 0.6148867313915858
    }
  ]
}