{
  "camera_data": {
    "location_worldframe": [
      -20.54373322451846, 
      9.671620262481934, 
      81.25053653096174
    ], 
    "quaternion_xyzw_worldframe": [
      0.9422781497469992, 
      0.03144818623138199, 
      -0.1095228600511222, 
      -0.3148504603536134
    ]
  }, 
  "objects": [
    {
      "bounding_box": {
        "bottom_right": [
          534, 
          358
        ], 
        "top_left": [
          342, 
          164
        ]
      }, 
      "class": "003_cracker_box", 
      "cuboid": [
        [
          -23.708511655590485, 
          31.166917876009027, 
          66.32229729722286
        ], 
        [
          -37.676431618171, 
          22.867591133061012, 
          64.06475367197686
        ], 
        [
          -32.10455930891008, 
          9.277572554674348, 
          79.55085005404786
        ], 
        [
          -18.136639346329574, 
          17.57689929762236, 
          81.80839367929387
        ], 
        [
          -26.973413590531404, 
          35.34493397237707, 
          71.16347426038496
        ], 
        [
          -40.94133355311192, 
          27.045607229429052, 
          68.90593063513894
        ], 
        [
          -35.369461243851, 
          13.455588651042389, 
          84.39202701720994
        ], 
        [
          -21.40154128127049, 
          21.754915393990405, 
          86.64957064245596
        ]
      ], 
      "cuboid_centroid": [
        -29.538986449720745, 
        22.311253263525707, 
        75.35716215721641
      ], 
      "location": [
        -29.538986449720745, 
        22.311253263525707, 
        75.35716215721641
      ], 
      "pose_transform_permuted": [
        [
          0.4547217288299544, 
          -0.5818964061639524, 
          -0.6742586460872222, 
          0.0
        ], 
        [
          0.8515154827412272, 
          0.5059454261536989, 
          0.1376248829468231, 
          0.0
        ], 
        [
          -0.26105465324692456, 
          0.6367227012190069, 
          -0.7255581780743012, 
          0.0
        ], 
        [
          -29.538986449720745, 
          22.311253263525707, 
          75.35716215721641, 
          1.0
        ]
      ], 
      "projected_cuboid": [
        [
          289.36029498189066, 
          523.9100586938044
        ], 
        [
          165.33847005211723, 
          463.652276897043
        ], 
        [
          264.5701386174412, 
          335.4846304510608
        ], 
        [
          362.37663699353124, 
          387.872635877424
        ], 
        [
          277.7659405940795, 
          538.1716584631542
        ], 
        [
          162.07775016643495, 
          482.61470235360383
        ], 
        [
          256.2153090078356, 
          358.3197950832335
        ], 
        [
          348.7749588295723, 
          407.1859020962491
        ]
      ], 
      "projected_cuboid_centroid": [
        270.8008610028628, 
        431.1882947607661
      ], 
      "quaternion_xyzw": [
        0.8891705165556627, 
        0.21565044755749294, 
        0.1665447180118281, 
        0.3676051330690985
      ], 
      "visibility": 0.901105379513633
    }, 
    {
      "bounding_box": {
        "bottom_right": [
          481, 
          271
        ], 
        "top_left": [
          351, 
          143
        ]
      }, 
      "class": "004_sugar_box", 
      "cuboid": [
        [
          -36.87363945755634, 
          26.59235102347976, 
          71.81102350397576
        ], 
        [
          -45.34000815783504, 
          22.862605998988105, 
          71.2634424293338
        ], 
        [
          -41.3501945057497, 
          11.869865271172468, 
          84.45025433890869
        ], 
        [
          -32.883825805471, 
          15.599610295664124, 
          84.99783541355066
        ], 
        [
          -38.39894767048833, 
          29.616825013911658, 
          74.79376975988808
        ], 
        [
          -46.86531637076703, 
          25.887079989420002, 
          74.24618868524611
        ], 
        [
          -42.87550271868169, 
          14.894339261604367, 
          87.43300059482101
        ], 
        [
          -34.409134018402995, 
          18.62408428609602, 
          87.98058166946298
        ]
      ], 
      "cuboid_centroid": [
        -39.87457108811901, 
        20.743345142542065, 
        79.62201204939838
      ], 
      "location": [
        -39.87457108811901, 
        20.743345142542065, 
        79.62201204939838
      ], 
      "pose_transform_permuted": [
        [
          0.33795103173498936, 
          -0.6701098813054607, 
          -0.6608645820188664, 
          0.0
        ], 
        [
          0.9135350218343161, 
          0.402445584760944, 
          0.059084893026528085, 
          0.0
        ], 
        [
          -0.22636855972621633, 
          0.6236910048916038, 
          -0.7481751980548734, 
          0.0
        ], 
        [
          -39.87457108811901, 
          20.743345142542065, 
          79.62201204939838, 
          1.0
        ]
      ], 
      "projected_cuboid": [
        [
          205.4651392204649, 
          470.78019384887756
        ], 
        [
          139.4549535288348, 
          444.38514178067425
        ], 
        [
          218.286473891351, 
          348.2470179500875
        ], 
        [
          273.5477911321293, 
          371.16641480462266
        ], 
        [
          205.51027141501538, 
          484.47034141827044
        ], 
        [
          142.15229388714937, 
          459.23664470009913
        ], 
        [
          217.88768646806443, 
          364.13830736562574
        ], 
        [
          271.2779985901297, 
          386.1817778165282
        ]
      ], 
      "projected_cuboid_centroid": [
        212.28574418216007, 
        412.228419758201
      ], 
      "quaternion_xyzw": [
        0.8941603056422247, 
        0.17581135634161227, 
        0.11100803800397656, 
        0.3965410537715775
      ], 
      "visibility": 0.3999079613437644
    }, 
    {
      "bounding_box": {
        "bottom_right": [
          368, 
          226
        ], 
        "top_left": [
          278, 
          113
        ]
      }, 
      "class": "024_bowl", 
      "cuboid": [
        [
          -51.11003507861875, 
          0.9655301447203474, 
          69.99283930801055
        ], 
        [
          -48.92103863013201, 
          13.749083695584458, 
          79.55983437158545
        ], 
        [
          -47.62456544636013, 
          10.40542052435088, 
          83.73104191852129
        ], 
        [
          -49.81356189484687, 
          -2.3781330265132294, 
          74.16404685494639
        ], 
        [
          -35.5725884914688, 
          1.561553627335549, 
          65.64134615590146
        ], 
        [
          -33.38359204298206, 
          14.34510717819966, 
          75.20834121947635
        ], 
        [
          -32.087118859210165, 
          11.001444006966082, 
          79.3795487664122
        ], 
        [
          -34.27611530769691, 
          -1.7821095438980277, 
          69.8125537028373
        ]
      ], 
      "cuboid_centroid": [
        -41.598576968914465, 
        5.983487075843215, 
        74.68619403721138
      ], 
      "location": [
        -41.598576968914465, 
        5.983487075843215, 
        74.68619403721138
      ], 
      "pose_transform_permuted": [
        [
          -0.9622914971799237, 
          -0.036913937320596814, 
          0.2695040550468818, 
          0.0
        ], 
        [
          -0.13582415926655028, 
          -0.7932015671772144, 
          -0.5936186246969901, 
          0.0
        ], 
        [
          -0.2356838395282045, 
          0.6078393168092224, 
          -0.7582773191426353, 
          0.0
        ], 
        [
          -41.598576968914465, 
          5.983487075843215, 
          74.68619403721138, 
          1.0
        ]
      ], 
      "projected_cuboid": [
        [
          88.91207321421733, 
          280.64352105873843
        ], 
        [
          150.92802613126148, 
          365.45183273641186
        ], 
        [
          175.72750059586426, 
          339.56320682030423
        ], 
        [
          120.39858650222848, 
          256.1851934862221
        ], 
        [
          190.1701067940635, 
          285.9737721471093
        ], 
        [
          242.89356500063167, 
          375.0109804670996
        ], 
        [
          264.21994581875146, 
          347.2008600361162
        ], 
        [
          217.5691757505837, 
          259.6724547155142
        ]
      ], 
      "projected_cuboid_centroid": [
        182.07427006959736, 
        316.01345524285995
      ], 
      "quaternion_xyzw": [
        -0.5482953361318585, 
        0.25420502916467175, 
        0.7094306751055128, 
        -0.36257432995563454
      ], 
      "visibility": 0.5887096774193549
    }, 
    {
      "bounding_box": {
        "bottom_right": [
          355, 
          347
        ], 
        "top_left": [
          265, 
          243
        ]
      }, 
      "class": "025_mug", 
      "cuboid": [
        [
          -17.948194129559063, 
          4.119675451416047, 
          58.84760669983196
        ], 
        [
          -29.2349137487542, 
          4.149037631148935, 
          61.92589414962241
        ], 
        [
          -27.775500279729155, 
          -1.7444880307766288, 
          67.33313361786684
        ], 
        [
          -16.488780660534026, 
          -1.773850210509518, 
          64.2548461680764
        ], 
        [
          -16.157147453730207, 
          10.53219612709542, 
          65.35341760833401
        ], 
        [
          -27.443867072925336, 
          10.561558306828308, 
          68.43170505812446
        ], 
        [
          -25.9844536039003, 
          4.668032644902745, 
          73.8389445263689
        ], 
        [
          -14.697733984705167, 
          4.638670465169857, 
          70.76065707657845
        ]
      ], 
      "cuboid_centroid": [
        -21.96632386672968, 
        4.393854048159396, 
        66.34327561310043
      ], 
      "location": [
        -21.96632386672968, 
        4.393854048159396, 
        66.34327561310043
      ], 
      "pose_transform_permuted": [
        [
          -0.1924036100411516, 
          -0.6888665405066923, 
          -0.6988882656905749, 
          0.0
        ], 
        [
          0.9647593190230145, 
          -0.0025098024474673112, 
          -0.26312397259928555, 
          0.0
        ], 
        [
          -0.17950303759255015, 
          0.7248841955337149, 
          -0.665072599466018, 
          0.0
        ], 
        [
          -21.96632386672968, 
          4.393854048159396, 
          66.34327561310043, 
          1.0
        ]
      ], 
      "projected_cuboid": [
        [
          317.5820219472916, 
          310.62201715829497
        ], 
        [
          227.72128911592537, 
          309.018973506054
        ], 
        [
          259.764758244658, 
          259.46912626403423
        ], 
        [
          343.59856057289267, 
          258.56346087060723
        ], 
        [
          348.647135507385, 
          359.2350109754931
        ], 
        [
          265.93206105595533, 
          355.59759349365925
        ], 
        [
          292.35405837448434, 
          307.0025294596149
        ], 
        [
          369.89781690593156, 
          308.24796854411926
        ]
      ], 
      "projected_cuboid_centroid": [
        303.5428734009547, 
        308.6078028394595
      ], 
      "quaternion_xyzw": [
        0.9203982535086788, 
        0.04807517682436962, 
        -0.12373110794808288, 
        0.36775904745888993
      ], 
      "visibility": 0.7379610243195361
    }, 
    {
      "bounding_box": {
        "bottom_right": [
          380, 
          298
        ], 
        "top_left": [
          308, 
          235
        ]
      }, 
      "class": "061_foam_brick", 
      "cuboid": [
        [
          -30.5492165739812, 
          4.718793167030476, 
          75.75430336581735
        ], 
        [
          -32.30271186027588, 
          9.662374574107304, 
          69.99844962270416
        ], 
        [
          -33.53830347582129, 
          13.238807541514062, 
          73.44658998219809
        ], 
        [
          -31.784808189526608, 
          8.295226134437234, 
          79.20244372531127
        ], 
        [
          -25.58780951590028, 
          6.453588416454914, 
          75.73281179304377
        ], 
        [
          -27.34130480219496, 
          11.39716982353174, 
          69.97695804993059
        ], 
        [
          -28.576896417740365, 
          14.973602790938498, 
          73.4250984094245
        ], 
        [
          -26.82340113144569, 
          10.030021383861671, 
          79.18095215253769
        ]
      ], 
      "cuboid_centroid": [
        -29.563056495860785, 
        9.846197978984488, 
        74.58970088762092
      ], 
      "location": [
        -29.563056495860785, 
        9.846197978984488, 
        74.58970088762092
      ], 
      "pose_transform_permuted": [
        [
          -0.9439511070150602, 
          -0.3300599763269728, 
          0.004088959779680504, 
          0.0
        ], 
        [
          0.22517083215804615, 
          -0.634817982102899, 
          0.7391239584427339, 
          0.0
        ], 
        [
          0.24135949103007054, 
          -0.6986175932696238, 
          -0.6735570164907075, 
          0.0
        ], 
        [
          -29.563056495860785, 
          9.846197978984488, 
          74.58970088762092, 
          1.0
        ]
      ], 
      "projected_cuboid": [
        [
          264.7345449085616, 
          306.5074204012599
        ], 
        [
          233.43105670392097, 
          346.9043624915791
        ], 
        [
          236.0350514119041, 
          369.41782632898975
        ], 
        [
          265.78647849347277, 
          329.1434829978256
        ], 
        [
          299.902993220074, 
          318.73348498806956
        ], 
        [
          271.4826209621787, 
          360.1484712378028
        ], 
        [
          272.30042575199934, 
          382.0465638040034
        ], 
        [
          299.42371083699646, 
          340.8432757854191
        ]
      ], 
      "projected_cuboid_centroid": [
        268.45842058357175, 
        343.68727882746913
      ], 
      "quaternion_xyzw": [
        0.36140845283029194, 
        -0.6060853490499288, 
        -0.14168674457408717, 
        0.6942401215010824
      ], 
      "visibility": 0.4253098499673842
    }
  ]
}