{
  "camera_data": {
    "location_worldframe": [
      -14.989230930789377, 
      9.185819929787032, 
      76.6443262565305
    ], 
    "quaternion_xyzw_worldframe": [
      -0.8625731643708916, 
      -0.008630630960957978, 
      -0.003882218961909988, 
      0.5058472244791503
    ]
  }, 
  "objects": [
    {
      "bounding_box": {
        "bottom_right": [
          531, 
          398
        ], 
        "top_left": [
          363, 
          249
        ]
      }, 
      "class": "003_cracker_box", 
      "cuboid": [
        [
          -12.735283565494344, 
          34.97425431179113, 
          71.6652161288299
        ], 
        [
          -26.828073933218093, 
          30.892921465312124, 
          64.32940686639674
        ], 
        [
          -25.96155334468337, 
          11.593069679480841, 
          73.40235623586781
        ], 
        [
          -11.868762976959616, 
          15.674402525959847, 
          80.73816549830099
        ], 
        [
          -16.398146859710344, 
          37.46606587102937, 
          77.31558825605076
        ], 
        [
          -30.490937227434102, 
          33.384733024550364, 
          69.97977899361759
        ], 
        [
          -29.62441663889937, 
          14.084881238719085, 
          79.05272836308868
        ], 
        [
          -15.531626271175616, 
          18.16621408519809, 
          86.38853762552185
        ]
      ], 
      "cuboid_centroid": [
        -21.179850102196855, 
        24.529567775255106, 
        75.3589722459593
      ], 
      "location": [
        -21.179850102196855, 
        24.529567775255106, 
        75.3589722459593
      ], 
      "pose_transform_permuted": [
        [
          0.5101481033131933, 
          -0.347048971979547, 
          -0.7869599251130206, 
          0.0
        ], 
        [
          0.8591278605040215, 
          0.24880713222207962, 
          0.4472072564943538, 
          0.0
        ], 
        [
          -0.04059842351291426, 
          0.9042411304532457, 
          -0.42508792738079704, 
          0.0
        ], 
        [
          -21.179850102196855, 
          24.529567775255106, 
          75.3589722459593, 
          1.0
        ]
      ], 
      "projected_cuboid": [
        [
          386.0335917552136, 
          533.5586161086434
        ], 
        [
          257.32680870636244, 
          529.4026876769724
        ], 
        [
          291.3962369809303, 
          357.5183175344948
        ], 
        [
          402.54407569580434, 
          376.82450877887135
        ], 
        [
          367.5407249819982, 
          531.7258396035929
        ], 
        [
          247.28754216834565, 
          527.7133475110427
        ], 
        [
          280.07403950546257, 
          368.30847013724093
        ], 
        [
          384.9135277870178, 
          385.43564931045233
        ]
      ], 
      "projected_cuboid_centroid": [
        330.4569865293958, 
        446.8836355980215
      ], 
      "quaternion_xyzw": [
        0.9421158256910728, 
        0.0767967026566785, 
        0.2540439651104724, 
        0.2048943660387926
      ], 
      "visibility": 0.799107585523054
    }, 
    {
      "bounding_box": {
        "bottom_right": [
          501, 
          299
        ], 
        "top_left": [
          369, 
          209
        ]
      }, 
      "class": "004_sugar_box", 
      "cuboid": [
        [
          -27.149412132393913, 
          31.10813337494738, 
          72.95340667463084
        ], 
        [
          -35.70693079182687, 
          29.49129585606387, 
          69.78402932551752
        ], 
        [
          -35.639438995389206, 
          13.717981289203818, 
          77.64844045783657
        ], 
        [
          -27.08192033595625, 
          15.334818808087325, 
          80.81781780694988
        ], 
        [
          -28.88206786257841, 
          32.96178248106384, 
          76.6860561897137
        ], 
        [
          -37.43958652201137, 
          31.34494496218033, 
          73.51667884060038
        ], 
        [
          -37.3720947255737, 
          15.57163039532028, 
          81.38108997291941
        ], 
        [
          -28.814576066140745, 
          17.18846791420379, 
          84.55046732203273
        ]
      ], 
      "cuboid_centroid": [
        -32.260753428983804, 
        23.339881885133828, 
        77.16724832377513
      ], 
      "location": [
        -32.260753428983804, 
        23.339881885133828, 
        77.16724832377513
      ], 
      "pose_transform_permuted": [
        [
          0.38389145662031454, 
          -0.41069904598660384, 
          -0.8270149888608788, 
          0.0
        ], 
        [
          0.9233702514202234, 
          0.17445941116020197, 
          0.34198099661406317, 
          0.0
        ], 
        [
          -0.003829256723542311, 
          0.8949246285581375, 
          -0.4462001427528838, 
          0.0
        ], 
        [
          -32.260753428983804, 
          23.339881885133828, 
          77.16724832377513, 
          1.0
        ]
      ], 
      "projected_cuboid": [
        [
          281.4696505820196, 
          500.69986219743254
        ], 
        [
          206.43521971060568, 
          498.6717122849435
        ], 
        [
          234.77166224901825, 
          367.5069501361443
        ], 
        [
          301.39321448750286, 
          374.48153924056203
        ], 
        [
          279.06041995426693, 
          502.5220074635248
        ], 
        [
          207.7318348218454, 
          500.67538695267615
        ], 
        [
          234.64328879284102, 
          375.33303839683674
        ], 
        [
          298.3285114213754, 
          381.70635910955554
        ]
      ], 
      "projected_cuboid_centroid": [
        256.77795530554357, 
        434.5935218201766
      ], 
      "quaternion_xyzw": [
        0.9546347297316444, 
        0.04669028433887552, 
        0.19009167345043748, 
        0.22440499021556884
      ], 
      "visibility": 0.5104166666666666
    }, 
    {
      "bounding_box": {
        "bottom_right": [
          407, 
          265
        ], 
        "top_left": [
          339, 
          119
        ]
      }, 
      "class": "024_bowl", 
      "cuboid": [
        [
          -43.53009130810578, 
          11.24848050754738, 
          58.81193604942375
        ], 
        [
          -41.84415831945035, 
          18.690608639760196, 
          73.00738250972412
        ], 
        [
          -41.774314939529326, 
          13.815629700679851, 
          75.55485199223462
        ], 
        [
          -43.46024792818476, 
          6.373501568467038, 
          61.35940553193424
        ], 
        [
          -27.473689789811246, 
          10.6468455800564, 
          57.22039943641401
        ], 
        [
          -25.787756801155815, 
          18.088973712269212, 
          71.41584589671439
        ], 
        [
          -25.71791342123479, 
          13.213994773188873, 
          73.96331537922488
        ], 
        [
          -27.40384640989022, 
          5.771866640976056, 
          59.76786891892451
        ]
      ], 
      "cuboid_centroid": [
        -34.62400236467029, 
        12.231237640368125, 
        66.38762571432432
      ], 
      "location": [
        -34.62400236467029, 
        12.231237640368125, 
        66.38762571432432
      ], 
      "pose_transform_permuted": [
        [
          -0.9944322942445478, 
          0.03726147484296695, 
          0.09856974513537035, 
          0.0
        ], 
        [
          -0.10460977719820776, 
          -0.4617736120177489, 
          -0.8808075418379562, 
          0.0
        ], 
        [
          -0.012696719185138344, 
          0.8862148236949146, 
          -0.46310050700180105, 
          0.0
        ], 
        [
          -34.62400236467029, 
          12.231237640368125, 
          66.38762571432432, 
          1.0
        ]
      ], 
      "projected_cuboid": [
        [
          83.56703691364433, 
          375.29023550556565
        ], 
        [
          173.37779144343443, 
          409.8216015093494
        ], 
        [
          184.2670783481107, 
          370.8070238129839
        ], 
        [
          100.70424037306196, 
          328.68331326581165
        ], 
        [
          223.39611364503867, 
          372.5198761400246
        ], 
        [
          287.4142860786712, 
          408.37145924909834
        ], 
        [
          294.61020432110234, 
          368.56731532801496
        ], 
        [
          235.02976101419674, 
          324.78995556623244
        ]
      ], 
      "projected_cuboid_centroid": [
        201.1300027648267, 
        371.5451891960224
      ], 
      "quaternion_xyzw": [
        -0.6486592521041645, 
        0.17307888979300942, 
        0.7227368722482084, 
        -0.16412277739717307
      ], 
      "visibility": 0.7481632653061224
    }, 
    {
      "bounding_box": {
        "bottom_right": [
          405, 
          407
        ], 
        "top_left": [
          324, 
          302
        ]
      }, 
      "class": "025_mug", 
      "cuboid": [
        [
          -8.685265062450982, 
          12.38545410250805, 
          54.520282692621805
        ], 
        [
          -20.280961668265366, 
          13.272323326576894, 
          55.79309011276228
        ], 
        [
          -20.580494026987694, 
          5.584312051027475, 
          58.421118663100046
        ], 
        [
          -8.984797421173313, 
          4.69744282695863, 
          57.14831124295957
        ], 
        [
          -7.499495347192912, 
          15.330538420586754, 
          63.27095545132904
        ], 
        [
          -19.095191953007294, 
          16.217407644655594, 
          64.54376287146951
        ], 
        [
          -19.39472431172963, 
          8.529396369106177, 
          67.17179142180728
        ], 
        [
          -7.799027705915243, 
          7.6425271450373335, 
          65.8989840016668
        ]
      ], 
      "cuboid_centroid": [
        -14.039994687090305, 
        10.457425235807113, 
        60.846037057214545
      ], 
      "location": [
        -14.039994687090305, 
        10.457425235807113, 
        60.846037057214545
      ], 
      "pose_transform_permuted": [
        [
          -0.12738159031368623, 
          -0.3163763749549937, 
          -0.9400430774842173, 
          0.0
        ], 
        [
          0.9911698649798413, 
          -0.07580726531205727, 
          -0.10879625447714739, 
          0.0
        ], 
        [
          0.0368414910435483, 
          0.9456000004774656, 
          -0.32323883373552853, 
          0.0
        ], 
        [
          -14.039994687090305, 
          10.457425235807113, 
          60.846037057214545, 
          1.0
        ]
      ], 
      "projected_cuboid": [
        [
          395.9294458803576, 
          394.44154476258774
        ], 
        [
          286.1181771796374, 
          400.15511489547004
        ], 
        [
          292.15445981763554, 
          324.26507183194644
        ], 
        [
          397.0503755034895, 
          317.12402321863027
        ], 
        [
          417.85599358817865, 
          402.5097542571239
        ], 
        [
          322.5002534077877, 
          407.2895880110368
        ], 
        [
          326.32675920419115, 
          341.00684169803964
        ], 
        [
          417.9536527811874, 
          335.13740644493663
        ]
      ], 
      "projected_cuboid_centroid": [
        357.51004029595975, 
        364.94656939087247
      ], 
      "quaternion_xyzw": [
        0.9844812013113206, 
        -0.028606121733345025, 
        -0.05997520431986073, 
        0.1624244342701923
      ], 
      "visibility": 0.8870536416548687
    }, 
    {
      "bounding_box": {
        "bottom_right": [
          411, 
          332
        ], 
        "top_left": [
          342, 
          282
        ]
      }, 
      "class": "061_foam_brick", 
      "cuboid": [
        [
          -24.211687482288227, 
          8.663216770406745, 
          68.3063627966476
        ], 
        [
          -24.236560343306525, 
          15.68162167866754, 
          64.93220082008973
        ], 
        [
          -25.716543247821395, 
          17.800771004236214, 
          69.35103416021657
        ], 
        [
          -25.691670386803096, 
          10.78236609597542, 
          72.72519613677444
        ], 
        [
          -19.18015033740568, 
          9.336084793346586, 
          69.66886748451964
        ], 
        [
          -19.205023198423977, 
          16.354489701607378, 
          66.29470550796177
        ], 
        [
          -20.685006102938843, 
          18.473639027176052, 
          70.7135388480886
        ], 
        [
          -20.660133241920544, 
          11.45523411891526, 
          74.08770082464648
        ]
      ], 
      "cuboid_centroid": [
        -22.448346792613535, 
        13.568427898791398, 
        69.50995082236811
      ], 
      "location": [
        -22.448346792613535, 
        13.568427898791398, 
        69.50995082236811
      ], 
      "pose_transform_permuted": [
        [
          -0.9572939696942343, 
          -0.12801902921764596, 
          -0.2592284393063866, 
          0.0
        ], 
        [
          0.003193987949335335, 
          -0.9012513954084378, 
          0.43328480323607366, 
          0.0
        ], 
        [
          0.2890986925394734, 
          -0.4139529567867768, 
          -0.8631714172396182, 
          0.0
        ], 
        [
          -22.448346792613535, 
          13.568427898791398, 
          69.50995082236811, 
          1.0
        ]
      ], 
      "projected_cuboid": [
        [
          290.9826987006721, 
          340.92684216026294
        ], 
        [
          280.87154457058784, 
          402.0872844752611
        ], 
        [
          282.1850229933565, 
          410.1770672585061
        ], 
        [
          291.6208761749779, 
          352.3574418410745
        ], 
        [
          333.5482335131634, 
          344.75485704869186
        ], 
        [
          325.811318815507, 
          404.85314746868204
        ], 
        [
          324.2912381136204, 
          412.61422014981315
        ], 
        [
          331.6359266011682, 
          355.74692772800717
        ]
      ], 
      "projected_cuboid_centroid": [
        307.92534265225345, 
        377.39117660739936
      ], 
      "quaternion_xyzw": [
        0.4605620127813801, 
        -0.6461399631937005, 
        -0.28444007099804924, 
        0.5380331089788355
      ], 
      "visibility": 0.555710792874607
    }
  ]
}