{
  "camera_data": {
    "location_worldframe": [
      -22.87058825342126, 
      11.520215731534332, 
      77.82992920253658
    ], 
    "quaternion_xyzw_worldframe": [
      0.9360929840773343, 
      0.03222427459583888, 
      -0.11632692070001896, 
      -0.330392596156431
    ]
  }, 
  "objects": [
    {
      "bounding_box": {
        "bottom_right": [
          539, 
          337
        ], 
        "top_left": [
          358, 
          131
        ]
      }, 
      "class": "003_cracker_box", 
      "cuboid": [
        [
          -26.308108440511596, 
          33.485508197627695, 
          63.66575263016262
        ], 
        [
          -40.287019275477185, 
          25.223465757477975, 
          61.34049516648189
        ], 
        [
          -34.454134813244714, 
          11.147917935465676, 
          76.28739984627722
        ], 
        [
          -20.475223978279118, 
          19.40996037561539, 
          78.61265730995795
        ], 
        [
          -29.511836102959617, 
          37.49225848463208, 
          68.68914577995672
        ], 
        [
          -43.49074693792521, 
          29.230216044482365, 
          66.36388831627599
        ], 
        [
          -37.65786247569273, 
          15.154668222470063, 
          81.31079299607133
        ], 
        [
          -23.678951640727142, 
          23.41671066261978, 
          83.63605045975206
        ]
      ], 
      "cuboid_centroid": [
        -31.982985458102164, 
        24.32008821004888, 
        72.48827281311698
      ], 
      "location": [
        -31.982985458102164, 
        24.32008821004888, 
        72.48827281311698
      ], 
      "pose_transform_permuted": [
        [
          0.44620163496429077, 
          -0.5580432288020691, 
          -0.699636945667791, 
          0.0
        ], 
        [
          0.8521855107790308, 
          0.5036724920889981, 
          0.14175286921660885, 
          0.0
        ], 
        [
          -0.27328365515243724, 
          0.6594708299091177, 
          -0.7002958434301207, 
          0.0
        ], 
        [
          -31.982985458102164, 
          24.32008821004888, 
          72.48827281311698, 
          1.0
        ]
      ], 
      "projected_cuboid": [
        [
          259.38098726737627, 
          553.7902081096046
        ], 
        [
          128.4060931644318, 
          492.58976022311737
        ], 
        [
          238.72348833394253, 
          351.22080967700964
        ], 
        [
          341.5326177895413, 
          404.96650315646286
        ], 
        [
          250.55032399926316, 
          564.3857420860144
        ], 
        [
          129.1801235984202, 
          508.1890886359692
        ], 
        [
          232.53980767610736, 
          372.68639674182447
        ], 
        [
          329.34587954731546, 
          422.60719936103425
        ]
      ], 
      "projected_cuboid_centroid": [
        244.32698257931648, 
        452.21726433917127
      ], 
      "quaternion_xyzw": [
        0.8960040856988236, 
        0.21678365077862932, 
        0.16404905780154289, 
        0.351097470512863
      ], 
      "visibility": 0.8621871157421986
    }, 
    {
      "bounding_box": {
        "bottom_right": [
          503, 
          248
        ], 
        "top_left": [
          365, 
          110
        ]
      }, 
      "class": "004_sugar_box", 
      "cuboid": [
        [
          -39.379628504007805, 
          28.69372431419675, 
          69.19267253568438
        ], 
        [
          -47.843823640877915, 
          24.958862772494793, 
          68.6463650221124
        ], 
        [
          -43.633104876654116, 
          13.55012249540505, 
          81.40416509909956
        ], 
        [
          -35.168909739784, 
          17.284984037107005, 
          81.95047261267152
        ], 
        [
          -40.86842065391932, 
          31.613877674152146, 
          72.29541093572695
        ], 
        [
          -49.33261579078944, 
          27.879016132450186, 
          71.74910342215499
        ], 
        [
          -45.12189702656564, 
          16.470275855360445, 
          84.50690349914214
        ], 
        [
          -36.657701889695524, 
          20.2051373970624, 
          85.05321101271412
        ]
      ], 
      "cuboid_centroid": [
        -42.25076276528672, 
        22.5820000847786, 
        76.84978801741326
      ], 
      "location": [
        -42.25076276528672, 
        22.5820000847786, 
        76.84978801741326
      ], 
      "pose_transform_permuted": [
        [
          0.3298604431785007, 
          -0.64699634634782, 
          -0.68745033600951, 
          0.0
        ], 
        [
          0.9133004907896363, 
          0.4029976653313631, 
          0.05894747370532004, 
          0.0
        ], 
        [
          -0.23890197016377032, 
          0.6472934151863091, 
          -0.723834514725557, 
          0.0
        ], 
        [
          -42.25076276528672, 
          22.5820000847786, 
          76.84978801741326, 
          1.0
        ]
      ], 
      "projected_cuboid": [
        [
          175.539411994854, 
          494.4504926326025
        ], 
        [
          106.79664344724397, 
          467.1941146748985
        ], 
        [
          193.3524349290366, 
          362.06019805607576
        ], 
        [
          250.81653054614102, 
          385.7742416870563
        ], 
        [
          177.60037264433166, 
          506.50051166770095
        ], 
        [
          111.84602814328171, 
          480.5145666788479
        ], 
        [
          194.4615614372464, 
          377.2297697197012
        ], 
        [
          249.82224463629282, 
          399.9812897281533
        ]
      ], 
      "projected_cuboid_centroid": [
        185.94316389955847, 
        430.00034530717556
      ], 
      "quaternion_xyzw": [
        0.9011165632127532, 
        0.1780845180579544, 
        0.10786837484642467, 
        0.38031452229275153
      ], 
      "visibility": 0.40063740104862755
    }, 
    {
      "bounding_box": {
        "bottom_right": [
          386, 
          197
        ], 
        "top_left": [
          294, 
          77
        ]
      }, 
      "class": "024_bowl", 
      "cuboid": [
        [
          -53.577348243824275, 
          3.0984218493935907, 
          66.73962780419205
        ], 
        [
          -51.27970299842365, 
          15.56673819672158, 
          76.68951499827651
        ], 
        [
          -49.91369493965164, 
          12.09151575840158, 
          80.72891464501674
        ], 
        [
          -52.211340185052265, 
          -0.3768005889264098, 
          70.77902745093229
        ], 
        [
          -38.10712064974313, 
          3.8834780869489207, 
          62.18345309458919
        ], 
        [
          -35.80947540434251, 
          16.35179443427691, 
          72.13334028867365
        ], 
        [
          -34.4434673455705, 
          12.876571995956912, 
          76.17273993541389
        ], 
        [
          -36.74111259097113, 
          0.40825564862892183, 
          66.22285274132943
        ]
      ], 
      "cuboid_centroid": [
        -44.010407794697386, 
        7.987496922675251, 
        71.45618386980297
      ], 
      "location": [
        -44.010407794697386, 
        7.987496922675251, 
        71.45618386980297
      ], 
      "pose_transform_permuted": [
        [
          -0.958128376482047, 
          -0.04862143454332736, 
          0.28218074045339464, 
          0.0
        ], 
        [
          -0.14256566472049997, 
          -0.7736415408603918, 
          -0.6173765443373765, 
          0.0
        ], 
        [
          -0.24832447608457592, 
          0.6317552709381281, 
          -0.7343161663883028, 
          0.0
        ], 
        [
          -44.010407794697386, 
          7.987496922675251, 
          71.45618386980297, 
          1.0
        ]
      ], 
      "projected_cuboid": [
        [
          49.889985846804066, 
          298.0461763488396
        ], 
        [
          122.01233162307692, 
          381.54183633084426
        ], 
        [
          149.1041915012613, 
          353.1667416548551
        ], 
        [
          84.90639552337986, 
          270.44734761301453
        ], 
        [
          152.0457610123519, 
          306.5933874970999
        ], 
        [
          214.63248250523964, 
          394.18392269825176
        ], 
        [
          238.43321017321452, 
          363.4412050628573
        ], 
        [
          183.24011966803118, 
          276.57438686352003
        ]
      ], 
      "projected_cuboid_centroid": [
        150.38411536376887, 
        332.90193162103566
      ], 
      "quaternion_xyzw": [
        -0.5493197761241246, 
        0.23907616638269144, 
        0.717025396361946, 
        -0.356321415576852
      ], 
      "visibility": 0.5919583023082651
    }, 
    {
      "bounding_box": {
        "bottom_right": [
          379, 
          317
        ], 
        "top_left": [
          284, 
          206
        ]
      }, 
      "class": "025_mug", 
      "cuboid": [
        [
          -20.59102835881126, 
          6.716121928962042, 
          55.22075704455987
        ], 
        [
          -31.831286116248265, 
          6.6106360186032775, 
          58.46301455940248
        ], 
        [
          -30.27782489214242, 
          0.5467624151151214, 
          63.651267272446276
        ], 
        [
          -19.03756713470542, 
          0.6522483254738858, 
          60.40900975760366
        ], 
        [
          -18.720452832162334, 
          12.916419839519259, 
          61.90739283602027
        ], 
        [
          -29.960710589599334, 
          12.810933929160493, 
          65.14965035086288
        ], 
        [
          -28.407249365493488, 
          6.7470603256723365, 
          70.33790306390668
        ], 
        [
          -17.166991608056488, 
          6.852546236031102, 
          67.09564554906406
        ]
      ], 
      "cuboid_centroid": [
        -24.499138862152375, 
        6.73159112731719, 
        62.77933005423327
      ], 
      "location": [
        -24.499138862152375, 
        6.73159112731719, 
        62.77933005423327
      ], 
      "pose_transform_permuted": [
        [
          -0.20094701552952332, 
          -0.6660684600917738, 
          -0.718313421235644, 
          0.0
        ], 
        [
          0.9607878804099667, 
          0.009016660152624702, 
          -0.2771397055701715, 
          0.0
        ], 
        [
          -0.19107060091443911, 
          0.7458364298436745, 
          -0.6381379516877494, 
          0.0
        ], 
        [
          -24.499138862152375, 
          6.73159112731719, 
          62.77933005423327, 
          1.0
        ]
      ], 
      "projected_cuboid": [
        [
          281.0725791435156, 
          338.150540928557
        ], 
        [
          188.801351265939, 
          333.5910171894895
        ], 
        [
          225.79187522276635, 
          277.86773668836304
        ], 
        [
          312.123696949929, 
          279.04489764436664
        ], 
        [
          318.98020753930194, 
          384.55886474735684
        ], 
        [
          234.29271647614038, 
          378.1577369262883
        ], 
        [
          264.4112291936318, 
          324.44443783023814
        ], 
        [
          344.0055710922137, 
          327.75500716977723
        ]
      ], 
      "projected_cuboid_centroid": [
        271.73889864169786, 
        330.47238834011233
      ], 
      "quaternion_xyzw": [
        0.9253293645358508, 
        0.05405838956797521, 
        -0.12916663499042452, 
        0.3523627536757463
      ], 
      "visibility": 0.6898889369681235
    }, 
    {
      "bounding_box": {
        "bottom_right": [
          400, 
          273
        ], 
        "top_left": [
          324, 
          204
        ]
      }, 
      "class": "061_foam_brick", 
      "cuboid": [
        [
          -32.94344231575222, 
          6.721186716832533, 
          72.32040002207418
        ], 
        [
          -34.79370885847261, 
          11.846252040639028, 
          66.7567848028872
        ], 
        [
          -35.98734845984009, 
          15.303600124117883, 
          70.33857207759284
        ], 
        [
          -34.137081917119694, 
          10.178534800311388, 
          75.90218729677983
        ], 
        [
          -27.98722183571714, 
          8.4704885081533, 
          72.28354575144154
        ], 
        [
          -29.837488378437538, 
          13.595553831959794, 
          66.71993053225455
        ], 
        [
          -31.031127979805014, 
          17.05290191543865, 
          70.3017178069602
        ], 
        [
          -29.180861437084616, 
          11.927836591632156, 
          75.86533302614718
        ]
      ], 
      "cuboid_centroid": [
        -31.987285147778614, 
        11.887044316135592, 
        71.31105891451719
      ], 
      "location": [
        -31.987285147778614, 
        11.887044316135592, 
        71.31105891451719
      ], 
      "pose_transform_permuted": [
        [
          -0.9429643151572911, 
          -0.3328199728605566, 
          0.00701184747686924, 
          0.0
        ], 
        [
          0.23759747767495668, 
          -0.6581227978459014, 
          0.7144381159750516, 
          0.0
        ], 
        [
          0.23316461768981794, 
          -0.6753556460270257, 
          -0.6996634994316764, 
          0.0
        ], 
        [
          -31.987285147778614, 
          11.887044316135592, 
          71.31105891451719, 
          1.0
        ]
      ], 
      "projected_cuboid": [
        [
          236.63440441008768, 
          322.85125965253314
        ], 
        [
          201.31387801672113, 
          367.92617976629083
        ], 
        [
          206.46067483930543, 
          389.3211602113119
        ], 
        [
          239.7371836011743, 
          344.8050558308592
        ], 
        [
          273.38203612554406, 
          335.78315949414247
        ], 
        [
          241.10629663800907, 
          381.96133792200783
        ], 
        [
          244.22841608933282, 
          402.65245996890275
        ], 
        [
          274.7513773451049, 
          357.1370739962226
        ]
      ], 
      "projected_cuboid_centroid": [
        240.3776671958571, 
        362.1871042655208
      ], 
      "quaternion_xyzw": [
        0.3725687802846145, 
        -0.5980690430199508, 
        -0.15334497365000826, 
        0.6928140030301877
      ], 
      "visibility": 0.3033381712626996
    }
  ]
}