{
  "camera_data": {
    "location_worldframe": [
      -15.395373736136087, 
      8.180948040280253, 
      75.76879108335825
    ], 
    "quaternion_xyzw_worldframe": [
      -0.8598220681361419, 
      -0.010232314100967093, 
      -0.012212277351566605, 
      0.5103467560949686
    ]
  }, 
  "objects": [
    {
      "bounding_box": {
        "bottom_right": [
          526, 
          394
        ], 
        "top_left": [
          357, 
          245
        ]
      }, 
      "class": "003_cracker_box", 
      "cuboid": [
        [
          -12.920539793061431, 
          34.00766845356396, 
          71.10289907612234
        ], 
        [
          -26.916647893802327, 
          30.084456182163024, 
          63.50056527701431
        ], 
        [
          -26.3011314639907, 
          10.684639338899157, 
          72.37872911413982
        ], 
        [
          -12.305023363249807, 
          14.607851610300099, 
          79.98106291324785
        ], 
        [
          -16.65938482643991, 
          36.45997894340315, 
          76.72069300370178
        ], 
        [
          -30.655492927180806, 
          32.53676667200221, 
          69.11835920459374
        ], 
        [
          -30.03997649736918, 
          13.136949828738349, 
          77.99652304171926
        ], 
        [
          -16.043868396628287, 
          17.06016210013929, 
          85.59885684082728
        ]
      ], 
      "cuboid_centroid": [
        -21.480258145215306, 
        23.572309141151155, 
        74.54971105892079
      ], 
      "location": [
        -21.480258145215306, 
        23.572309141151155, 
        74.54971105892079
      ], 
      "pose_transform_permuted": [
        [
          0.5207305184913367, 
          -0.3415474301489824, 
          -0.7824225712940351, 
          0.0
        ], 
        [
          0.85323389436855, 
          0.23916775011081204, 
          0.46345518532821484, 
          0.0
        ], 
        [
          -0.028838318474238733, 
          0.908924716500524, 
          -0.4159617904591962, 
          0.0
        ], 
        [
          -21.480258145215306, 
          23.572309141151155, 
          74.54971105892079, 
          1.0
        ]
      ], 
      "projected_cuboid": [
        [
          383.87670211788753, 
          528.3669327324274
        ], 
        [
          253.64941769438792, 
          525.9556214928782
        ], 
        [
          286.18327415644177, 
          352.01584793615376
        ], 
        [
          398.86249966886004, 
          370.69276200575695
        ], 
        [
          364.82521306377515, 
          526.736031348059
        ], 
        [
          243.08705186646878, 
          524.3413234094977
        ], 
        [
          274.47990763420006, 
          363.11352428254855
        ], 
        [
          380.8034902087193, 
          379.5790619224655
        ]
      ], 
      "projected_cuboid_centroid": [
        326.6493200097705, 
        441.91997608562986
      ], 
      "quaternion_xyzw": [
        0.9413529070124432, 
        0.07117576909482795, 
        0.2613753291905812, 
        0.20117567358778168
      ], 
      "visibility": 0.7993888538584664
    }, 
    {
      "bounding_box": {
        "bottom_right": [
          497, 
          294
        ], 
        "top_left": [
          365, 
          203
        ]
      }, 
      "class": "004_sugar_box", 
      "cuboid": [
        [
          -27.374400843955566, 
          30.209811302979904, 
          72.12016798894619
        ], 
        [
          -35.88899170615717, 
          28.675259602100926, 
          68.79794953184143
        ], 
        [
          -36.03371163096578, 
          12.819098866424033, 
          76.49289546365871
        ], 
        [
          -27.519120768764182, 
          14.353650567303008, 
          79.8151139207635
        ], 
        [
          -29.1562081453015, 
          32.03345791552447, 
          75.84444765940876
        ], 
        [
          -37.6707990075031, 
          30.498906214645494, 
          72.52222920230399
        ], 
        [
          -37.81551893231171, 
          14.642745478968603, 
          80.21717513412129
        ], 
        [
          -29.30092807011011, 
          16.177297179847578, 
          83.53939359122606
        ]
      ], 
      "cuboid_centroid": [
        -32.59495988813364, 
        22.426278390974254, 
        76.16867156153374
      ], 
      "location": [
        -32.59495988813364, 
        22.426278390974254, 
        76.16867156153374
      ], 
      "pose_transform_permuted": [
        [
          0.3947815993761014, 
          -0.40405161986558735, 
          -0.8251605455418816, 
          0.0
        ], 
        [
          0.9187382719294467, 
          0.16558063689362046, 
          0.3584728019994772, 
          0.0
        ], 
        [
          0.008210920057755013, 
          0.8996250405445723, 
          -0.43658525927549535, 
          0.0
        ], 
        [
          -32.59495988813364, 
          22.426278390974254, 
          76.16867156153374, 
          1.0
        ]
      ], 
      "projected_cuboid": [
        [
          277.4798548188086, 
          496.6842978736971
        ], 
        [
          201.06823783135044, 
          495.5762661257141
        ], 
        [
          228.27114351513222, 
          362.663158158129
        ], 
        [
          296.18365271074777, 
          369.19673044370376
        ], 
        [
          274.86921860293717, 
          498.5379696980534
        ], 
        [
          202.2620231142, 
          497.5717554724309
        ], 
        [
          228.08745144806758, 
          370.6380453396512
        ], 
        [
          292.9796500890443, 
          376.56319606934113
        ]
      ], 
      "projected_cuboid_centroid": [
        251.47100504987804, 
        430.3113777003756
      ], 
      "quaternion_xyzw": [
        0.9544008405821819, 
        0.04122212338472753, 
        0.19731080730086525, 
        0.22020016207977583
      ], 
      "visibility": 0.5053349466505335
    }, 
    {
      "bounding_box": {
        "bottom_right": [
          402, 
          260
        ], 
        "top_left": [
          333, 
          110
        ]
      }, 
      "class": "024_bowl", 
      "cuboid": [
        [
          -43.63611032844755, 
          10.594756240860802, 
          57.507879307484245
        ], 
        [
          -42.136122743385954, 
          17.875875577158745, 
          71.80730866116873
        ], 
        [
          -42.13375063426503, 
          12.973771845373616, 
          74.30315959710913
        ], 
        [
          -43.63373821932663, 
          5.692652509075675, 
          60.00373024342465
        ], 
        [
          -27.5598975988479, 
          9.919101652592998, 
          56.165546173262506
        ], 
        [
          -26.059910013786297, 
          17.20022098889094, 
          70.464975526947
        ], 
        [
          -26.057537904665374, 
          12.298117257105813, 
          72.9608264628874
        ], 
        [
          -27.557525489726974, 
          5.016997920807871, 
          58.66139710920291
        ]
      ], 
      "cuboid_centroid": [
        -34.84682411655646, 
        11.446436748983308, 
        65.23435288518581
      ], 
      "location": [
        -34.84682411655646, 
        11.446436748983308, 
        65.23435288518581
      ], 
      "pose_transform_permuted": [
        [
          -0.9956592757875455, 
          0.04184578602885944, 
          0.0831356525796687, 
          0.0
        ], 
        [
          -0.09307212571865855, 
          -0.45178324206773135, 
          -0.8872595345224417, 
          0.0
        ], 
        [
          -0.0004312220201677583, 
          0.8911457974868067, 
          -0.453716851868181, 
          0.0
        ], 
        [
          -34.84682411655646, 
          11.446436748983308, 
          65.23435288518581, 
          1.0
        ]
      ], 
      "projected_cuboid": [
        [
          73.54985373344635, 
          371.5407433219617
        ], 
        [
          166.04018380630896, 
          406.0523342406261
        ], 
        [
          176.65694070785707, 
          366.40729664431984
        ], 
        [
          90.54380819595198, 
          323.88344338984706
        ], 
        [
          217.7213966718322, 
          367.473304054609
        ], 
        [
          282.71696152383225, 
          403.46773253444985
        ], 
        [
          289.5377551156344, 
          363.18171992109967
        ], 
        [
          228.97019079328973, 
          318.8985310765672
        ]
      ], 
      "projected_cuboid_centroid": [
        194.33480134045877, 
        366.8662027710428
      ], 
      "quaternion_xyzw": [
        -0.6547782103866315, 
        0.1723301160942156, 
        0.7189147334324729, 
        -0.1572559453361013
      ], 
      "visibility": 0.7171677730053364
    }, 
    {
      "bounding_box": {
        "bottom_right": [
          399, 
          405
        ], 
        "top_left": [
          317, 
          298
        ]
      }, 
      "class": "025_mug", 
      "cuboid": [
        [
          -8.72154249840823, 
          11.579838197461838, 
          53.78336763223268
        ], 
        [
          -20.33102977191549, 
          12.518823966506357, 
          54.8810317408129
        ], 
        [
          -20.714732302180227, 
          4.805127332569909, 
          57.421391494106345
        ], 
        [
          -9.10524502867297, 
          3.8661415635253897, 
          56.32372738552613
        ], 
        [
          -7.659444568961902, 
          14.424953140127828, 
          62.582862739310244
        ], 
        [
          -19.26893184246916, 
          15.363938909172347, 
          63.68052684789046
        ], 
        [
          -19.6526343727339, 
          7.6502422752358985, 
          66.2208866011839
        ], 
        [
          -8.043147099226644, 
          6.711256506191378, 
          65.12322249260369
        ]
      ], 
      "cuboid_centroid": [
        -14.187088435571066, 
        9.615040236348868, 
        60.002127116708294
      ], 
      "location": [
        -14.187088435571066, 
        9.615040236348868, 
        60.002127116708294
      ], 
      "pose_transform_permuted": [
        [
          -0.11409611966038596, 
          -0.3056371413087996, 
          -0.9452878297309941, 
          0.0
        ], 
        [
          0.9923486552414177, 
          -0.08026205147995806, 
          -0.09382546157245394, 
          0.0
        ], 
        [
          0.04719414420676864, 
          0.9487592147440062, 
          -0.3124558611883081, 
          0.0
        ], 
        [
          -14.187088435571066, 
          9.615040236348868, 
          60.002127116708294, 
          1.0
        ]
      ], 
      "projected_cuboid": [
        [
          394.39293998454804, 
          388.11301227157406
        ], 
        [
          282.37894382340653, 
          394.9412111505082
        ], 
        [
          287.5990244496418, 
          317.91569863759054
        ], 
        [
          394.6626033452941, 
          309.8943603477842
        ], 
        [
          415.7807496637431, 
          396.21332111697234
        ], 
        [
          318.87639577042535, 
          401.9583612293639
        ], 
        [
          322.00271506138733, 
          334.89888162097424
        ], 
        [
          415.17966937616904, 
          328.24764686764144
        ]
      ], 
      "projected_cuboid_centroid": [
        354.44648220025437, 
        358.74832904509657
      ], 
      "quaternion_xyzw": [
        0.9856971770929976, 
        -0.03232640780777583, 
        -0.05273464966340851, 
        0.15676543893530706
      ], 
      "visibility": 0.8775072730056653
    }, 
    {
      "bounding_box": {
        "bottom_right": [
          406, 
          328
        ], 
        "top_left": [
          336, 
          277
        ]
      }, 
      "class": "061_foam_brick", 
      "cuboid": [
        [
          -24.486259716373496, 
          7.7992709184364015, 
          67.28008432049822
        ], 
        [
          -24.418687586998796, 
          14.853179821811175, 
          63.98138785828997
        ], 
        [
          -25.957352910962733, 
          16.933583124592193, 
          68.39858860855475
        ], 
        [
          -26.024925040337433, 
          9.87967422121742, 
          71.697285070763
        ], 
        [
          -19.473492058103602, 
          8.42909255877872, 
          68.7295744193471
        ], 
        [
          -19.405919928728903, 
          15.483001462153492, 
          65.43087795713886
        ], 
        [
          -20.94458525269284, 
          17.56340476493451, 
          69.84807870740364
        ], 
        [
          -21.01215738206754, 
          10.509495861559737, 
          73.14677516961187
        ]
      ], 
      "cuboid_centroid": [
        -22.715422484533168, 
        12.681337841685455, 
        68.56408151395092
      ], 
      "location": [
        -22.715422484533168, 
        12.681337841685455, 
        68.56408151395092
      ], 
      "pose_transform_permuted": [
        [
          -0.9537229106259679, 
          -0.11982907825610531, 
          -0.27577817490045164, 
          0.0
        ], 
        [
          -0.008677110637772954, 
          -0.9058105545845332, 
          0.42359408276584837, 
          0.0
        ], 
        [
          0.3005616700414605, 
          -0.4063843392744764, 
          -0.8628525084244325, 
          0.0
        ], 
        [
          -22.715422484533168, 
          12.681337841685455, 
          68.56408151395092, 
          1.0
        ]
      ], 
      "projected_cuboid": [
        [
          285.88046827312405, 
          335.1102404525105
        ], 
        [
          276.3578270897483, 
          397.095850915994
        ], 
        [
          277.5149282624835, 
          405.32159422047465
        ], 
        [
          286.3976520029694, 
          346.7764021000838
        ], 
        [
          329.22971605664566, 
          338.6936086338825
        ], 
        [
          322.103481421808, 
          399.48670744031085
        ], 
        [
          320.3436098001494, 
          407.39055174449555
        ], 
        [
          327.1188689254895, 
          349.91219836399205
        ]
      ], 
      "projected_cuboid_centroid": [
        303.4347340689421, 
        371.92719154877034
      ], 
      "quaternion_xyzw": [
        0.463874100642675, 
        -0.6501614462602155, 
        -0.28570727872371615, 
        0.5296057622742251
      ], 
      "visibility": 0.5694444444444444
    }
  ]
}