{
  "camera_data": {
    "location_worldframe": [
      -14.939368568357134, 
      9.768645981066252, 
      77.34734987440126
    ], 
    "quaternion_xyzw_worldframe": [
      -0.8634937082423695, 
      -0.009758324269015425, 
      -0.0014109192402464784, 
      0.5042647721447749
    ]
  }, 
  "objects": [
    {
      "bounding_box": {
        "bottom_right": [
          534, 
          399
        ], 
        "top_left": [
          366, 
          251
        ]
      }, 
      "class": "003_cracker_box", 
      "cuboid": [
        [
          -12.814949374092995, 
          35.548062490217944, 
          72.26568349095098
        ], 
        [
          -26.912180105359766, 
          31.377311367319244, 
          64.98893720793251
        ], 
        [
          -25.932201753829514, 
          12.115364935691828, 
          74.13063339857696
        ], 
        [
          -11.83497102256274, 
          16.286116058590526, 
          81.40737968159543
        ], 
        [
          -16.47129696240163, 
          38.044693403131824, 
          77.9181479033197
        ], 
        [
          -30.5685276936684, 
          33.87394228023312, 
          70.64140162030125
        ], 
        [
          -29.588549342138148, 
          14.611995848605714, 
          79.78309781094569
        ], 
        [
          -15.491318610871375, 
          18.78274697150441, 
          87.05984409396417
        ]
      ], 
      "cuboid_centroid": [
        -21.20174935811557, 
        25.080029169411826, 
        76.02439065094833
      ], 
      "location": [
        -21.20174935811557, 
        25.080029169411826, 
        76.02439065094833
      ], 
      "pose_transform_permuted": [
        [
          0.5092406233601086, 
          -0.34772019117047526, 
          -0.7872513297366833, 
          0.0
        ], 
        [
          0.8593985549464302, 
          0.2542582693287772, 
          0.4436066458405717, 
          0.0
        ], 
        [
          -0.04591417292945077, 
          0.9024651800099011, 
          -0.4283088693850518, 
          0.0
        ], 
        [
          -21.20174935811557, 
          25.080029169411826, 
          76.02439065094833, 
          1.0
        ]
      ], 
      "projected_cuboid": [
        [
          386.23481235041913, 
          535.6306680580408
        ], 
        [
          258.9068279033962, 
          530.7785872191226
        ], 
        [
          293.4777401965602, 
          360.4483640881782
        ], 
        [
          403.4171597069862, 
          379.9808531874565
        ], 
        [
          367.9178933073227, 
          533.6877484004501
        ], 
        [
          248.8914050759935, 
          529.0237736942892
        ], 
        [
          282.1606268910895, 
          370.9621578695336
        ], 
        [
          385.9080195293189, 
          388.347699529579
        ]
      ], 
      "projected_cuboid_centroid": [
        331.6249638070779, 
        449.225741019086
      ], 
      "quaternion_xyzw": [
        0.9419547580288842, 
        0.07966742555830465, 
        0.25289093267987456, 
        0.20596240263689264
      ], 
      "visibility": 0.7968828810652678
    }, 
    {
      "bounding_box": {
        "bottom_right": [
          502, 
          301
        ], 
        "top_left": [
          372, 
          211
        ]
      }, 
      "class": "004_sugar_box", 
      "cuboid": [
        [
          -27.207765454686854, 
          31.623206100672373, 
          73.61303034405408
        ], 
        [
          -35.767814410813095, 
          29.956835998800802, 
          70.4763100022965
        ], 
        [
          -35.60619005909213, 
          14.213345211026434, 
          78.39889451809967
        ], 
        [
          -27.046141102965887, 
          15.879715312898007, 
          81.53561485985725
        ], 
        [
          -28.93704538439092, 
          33.483066711502865, 
          77.3441552043877
        ], 
        [
          -37.497094340517165, 
          31.816696609631297, 
          74.20743486263012
        ], 
        [
          -37.33546998879619, 
          16.073205821856927, 
          82.1300193784333
        ], 
        [
          -28.77542103266995, 
          17.739575923728502, 
          85.26673972019088
        ]
      ], 
      "cuboid_centroid": [
        -32.27161772174153, 
        23.84820596126465, 
        77.87152486124369
      ], 
      "location": [
        -32.27161772174153, 
        23.84820596126465, 
        77.87152486124369
      ], 
      "pose_transform_permuted": [
        [
          0.3831435059795064, 
          -0.4120752822180329, 
          -0.8266771826121692, 
          0.0
        ], 
        [
          0.9236432745694361, 
          0.17980405783026995, 
          0.33845725213943606, 
          0.0
        ], 
        [
          -0.009170020182931754, 
          0.8932325279975785, 
          -0.4495007041780576, 
          0.0
        ], 
        [
          -32.27161772174153, 
          23.84820596126465, 
          77.87152486124369, 
          1.0
        ]
      ], 
      "projected_cuboid": [
        [
          282.83664314624514, 
          502.3937356789154
        ], 
        [
          208.6735351353703, 
          499.98068935636104
        ], 
        [
          237.3624029932065, 
          369.97483173871757
        ], 
        [
          303.21561541149845, 
          377.154806665097
        ], 
        [
          280.4014939623713, 
          504.1659772187174
        ], 
        [
          209.86434923316506, 
          501.9491700363325
        ], 
        [
          237.1350258584521, 
          377.6595247895662
        ], 
        [
          300.1149803064399, 
          384.2426184921043
        ]
      ], 
      "projected_cuboid_centroid": [
        258.736211568975, 
        436.6160128479449
      ], 
      "quaternion_xyzw": [
        0.954404655423891, 
        0.04950051242396509, 
        0.18901855570854523, 
        0.22568414285799684
      ], 
      "visibility": 0.507380073800738
    }, 
    {
      "bounding_box": {
        "bottom_right": [
          409, 
          267
        ], 
        "top_left": [
          341, 
          123
        ]
      }, 
      "class": "024_bowl", 
      "cuboid": [
        [
          -43.544084194678426, 
          11.638993701019297, 
          59.59630295413587
        ], 
        [
          -41.8471717551687, 
          19.141255967741344, 
          73.75874943910871
        ], 
        [
          -41.747882702938746, 
          14.276145251205326, 
          76.32404433803781
        ], 
        [
          -43.44479514244847, 
          6.773882984483278, 
          62.161597853064954
        ], 
        [
          -27.49017989964562, 
          11.102286575133421, 
          57.95706976749977
        ], 
        [
          -25.793267460135905, 
          18.60454884185547, 
          72.11951625247262
        ], 
        [
          -25.69397840790595, 
          13.73943812531945, 
          74.6848111514017
        ], 
        [
          -27.390890847415665, 
          6.2371758585974035, 
          60.522364666428864
        ]
      ], 
      "cuboid_centroid": [
        -34.61903130129219, 
        12.689215913169374, 
        67.14055705276878
      ], 
      "location": [
        -34.61903130129219, 
        12.689215913169374, 
        67.14055705276878
      ], 
      "pose_transform_permuted": [
        [
          -0.994277631977627, 
          0.033240256101217586, 
          0.10152377023774631, 
          0.0
        ], 
        [
          -0.10529103672355933, 
          -0.4655048507178321, 
          -0.8787599396557895, 
          0.0
        ], 
        [
          -0.018049602063184608, 
          0.884420894898178, 
          -0.46634096167167827, 
          0.0
        ], 
        [
          -34.61903130129219, 
          12.689215913169374, 
          67.14055705276878, 
          1.0
        ]
      ], 
      "projected_cuboid": [
        [
          88.67937943036378, 
          377.4423825803227
        ], 
        [
          176.49559450662102, 
          411.68919165597356
        ], 
        [
          187.44980092169035, 
          373.042098639914
        ], 
        [
          105.75332639033267, 
          331.4035197597055
        ], 
        [
          226.5250019128064, 
          375.449516065898
        ], 
        [
          289.26783752840225, 
          410.86608300625903
        ], 
        [
          296.5889416179442, 
          371.39900959426046
        ], 
        [
          238.21868170203655, 
          328.24817154294453
        ]
      ], 
      "projected_cuboid_centroid": [
        204.31504787102142, 
        374.0811640412301
      ], 
      "quaternion_xyzw": [
        -0.647612169422578, 
        0.1727327209792882, 
        0.7230552713761729, 
        -0.16719138630324892
      ], 
      "visibility": 0.7319630872483222
    }, 
    {
      "bounding_box": {
        "bottom_right": [
          408, 
          408
        ], 
        "top_left": [
          328, 
          304
        ]
      }, 
      "class": "025_mug", 
      "cuboid": [
        [
          -8.718102565994526, 
          12.913729311194183, 
          55.192094374323474
        ], 
        [
          -20.313614494963204, 
          13.754164713200016, 
          56.497669712502265
        ], 
        [
          -20.57100724370829, 
          6.074735503056645, 
          59.15509083975656
        ], 
        [
          -8.975495314739613, 
          5.234300101050813, 
          57.84951550157778
        ], 
        [
          -7.518299756501349, 
          15.896545262362082, 
          63.92806183122188
        ], 
        [
          -19.11381168547003, 
          16.736980664367916, 
          65.23363716940067
        ], 
        [
          -19.371204434215112, 
          9.057551454224544, 
          67.89105829665498
        ], 
        [
          -7.775692505246434, 
          8.217116052218712, 
          66.58548295847618
        ]
      ], 
      "cuboid_centroid": [
        -14.04465350010482, 
        10.985640382709363, 
        61.541576335489225
      ], 
      "location": [
        -14.04465350010482, 
        10.985640382709363, 
        61.541576335489225
      ], 
      "pose_transform_permuted": [
        [
          -0.1288890987596248, 
          -0.32042970450641367, 
          -0.9384633569817047, 
          0.0
        ], 
        [
          0.9911540792853337, 
          -0.07183822345892565, 
          -0.11159717054125198, 
          0.0
        ], 
        [
          0.0316584581646383, 
          0.9445444347711734, 
          -0.32685402363967203, 
          0.0
        ], 
        [
          -14.04465350010482, 
          10.985640382709363, 
          61.541576335489225, 
          1.0
        ]
      ], 
      "projected_cuboid": [
        [
          396.65226103422685, 
          398.0715241557437
        ], 
        [
          288.24518391754754, 
          403.12136885213005
        ], 
        [
          294.5912281995342, 
          328.05402054927134
        ], 
        [
          398.16165256746984, 
          321.54199394992935
        ], 
        [
          418.35299493271356, 
          405.903399033269
        ], 
        [
          324.0292771787019, 
          410.1202320507157
        ], 
        [
          328.15805978358316, 
          344.43831683588627
        ], 
        [
          418.79828088460823, 
          339.1019186488867
        ]
      ], 
      "projected_cuboid_centroid": [
        358.87175485462916, 
        368.48814799278017
      ], 
      "quaternion_xyzw": [
        0.9841445360106172, 
        -0.02629102683511912, 
        -0.06109018048195574, 
        0.16442801449926017
      ], 
      "visibility": 0.8800386971944534
    }, 
    {
      "bounding_box": {
        "bottom_right": [
          414, 
          334
        ], 
        "top_left": [
          345, 
          284
        ]
      }, 
      "class": "061_foam_brick", 
      "cuboid": [
        [
          -24.185162945628306, 
          9.174329464386954, 
          69.04010927248466
        ], 
        [
          -24.25151950862821, 
          16.179954544181967, 
          65.64004909544994
        ], 
        [
          -25.72718272619767, 
          18.308979035383302, 
          70.05557897686943
        ], 
        [
          -25.66082616319777, 
          11.303353955588289, 
          73.45563915390414
        ], 
        [
          -19.152459848582588, 
          9.874453363408945, 
          70.3844539098845
        ], 
        [
          -19.21881641158249, 
          16.880078443203956, 
          66.9843937328498
        ], 
        [
          -20.694479629151953, 
          19.00910293440529, 
          71.39992361426928
        ], 
        [
          -20.628123066152053, 
          12.003477854610278, 
          74.79998379130399
        ]
      ], 
      "cuboid_centroid": [
        -22.43982128739013, 
        14.091716199396123, 
        70.22001644337696
      ], 
      "location": [
        -22.43982128739013, 
        14.091716199396123, 
        70.22001644337696
      ], 
      "pose_transform_permuted": [
        [
          -0.9575158022958062, 
          -0.1332046981416472, 
          -0.25577333079664727, 
          0.0
        ], 
        [
          0.00852101663837869, 
          -0.8996103048204173, 
          0.4366104576580415, 
          0.0
        ], 
        [
          0.28825488830073115, 
          -0.41588196384780696, 
          -0.8625261222228717, 
          0.0
        ], 
        [
          -22.43982128739013, 
          14.091716199396123, 
          70.22001644337696, 
          1.0
        ]
      ], 
      "projected_cuboid": [
        [
          293.21511932633143, 
          344.1562051557833
        ], 
        [
          282.9135710066746, 
          404.74723510375594
        ], 
        [
          284.10882687590936, 
          412.6692568176304
        ], 
        [
          293.7358083837675, 
          355.35375691066923
        ], 
        [
          335.2649859898494, 
          348.1075965998442
        ], 
        [
          327.30459356626784, 
          407.68316229261217
        ], 
        [
          325.7321052644531, 
          415.2744609406183
        ], 
        [
          333.2940645032969, 
          358.87064484282024
        ]
      ], 
      "projected_cuboid_centroid": [
        309.74680380706855, 
        380.3128331929747
      ], 
      "quaternion_xyzw": [
        0.4605465187109819, 
        -0.6448128174141073, 
        -0.28276478242399955, 
        0.540515876198271
      ], 
      "visibility": 0.5538076510547014
    }
  ]
}