{
  "camera_data": {
    "location_worldframe": [
      -18.022958685144076, 
      13.10066763378252, 
      71.99743516633373
    ], 
    "quaternion_xyzw_worldframe": [
      0.8911922050407602, 
      0.0028398725838397775, 
      -0.03602112393714202, 
      -0.4521869096537451
    ]
  }, 
  "objects": [
    {
      "bounding_box": {
        "bottom_right": [
          539, 
          371
        ], 
        "top_left": [
          393, 
          201
        ]
      }, 
      "class": "003_cracker_box", 
      "cuboid": [
        [
          -17.009167175668587, 
          38.12938249903456, 
          63.784600990462145
        ], 
        [
          -31.447011923544032, 
          32.82793327687964, 
          58.081848070309086
        ], 
        [
          -29.275531447653208, 
          14.817449875630146, 
          69.32732304216049
        ], 
        [
          -14.837686699777757, 
          20.11889909778507, 
          75.03007596231356
        ], 
        [
          -20.33810250559529, 
          41.20505582138196, 
          69.35333699770014
        ], 
        [
          -34.77594725347074, 
          35.90360659922703, 
          63.65058407754708
        ], 
        [
          -32.60446677757991, 
          17.89312319797754, 
          74.89605904939849
        ], 
        [
          -18.166622029704463, 
          23.194572420132467, 
          80.59881196955155
        ]
      ], 
      "cuboid_centroid": [
        -24.806816976624248, 
        28.011252848506054, 
        69.34033001993032
      ], 
      "location": [
        -24.806816976624248, 
        28.011252848506054, 
        69.34033001993032
      ], 
      "pose_transform_permuted": [
        [
          0.4636400291804722, 
          -0.42836676822861075, 
          -0.7755899916959388, 
          0.0
        ], 
        [
          0.8801631433431254, 
          0.3231881415217791, 
          0.3476525079444227, 
          0.0
        ], 
        [
          -0.10173870670437896, 
          0.8438313439645825, 
          -0.5268756005937703, 
          0.0
        ], 
        [
          -24.806816976624248, 
          28.011252848506054, 
          69.34033001993032, 
          1.0
        ]
      ], 
      "projected_cuboid": [
        [
          338.1938348080712, 
          592.096188981667
        ], 
        [
          190.4377475100453, 
          574.7194343727853
        ], 
        [
          254.51016130530644, 
          387.27386425573326
        ], 
        [
          375.2507284865869, 
          416.2932288727316
        ], 
        [
          323.89593759499394, 
          590.1489147107905
        ], 
        [
          187.7858906166935, 
          574.1179723404969
        ], 
        [
          247.49250771184344, 
          400.6998241635734
        ], 
        [
          360.3873959802277, 
          426.76423067510854
        ]
      ], 
      "projected_cuboid_centroid": [
        289.20955720147964, 
        488.73041730783785
      ], 
      "quaternion_xyzw": [
        0.935358818716599, 
        0.11357321910141338, 
        0.216839923057032, 
        0.25531441776885794
      ], 
      "visibility": 0.5708720315538984
    }, 
    {
      "bounding_box": {
        "bottom_right": [
          539, 
          268
        ], 
        "top_left": [
          400, 
          152
        ]
      }, 
      "class": "004_sugar_box", 
      "cuboid": [
        [
          -31.15374539852117, 
          34.093662816094174, 
          66.61617295821878
        ], 
        [
          -39.85747841467473, 
          31.887123504060582, 
          64.32129653495456
        ], 
        [
          -38.68909073635153, 
          17.206880203373956, 
          74.00511277090396
        ], 
        [
          -29.98535772019798, 
          19.413419515407544, 
          76.29998919416819
        ], 
        [
          -32.67502475393284, 
          36.34846061869674, 
          70.2178918926406
        ], 
        [
          -41.378757770086395, 
          34.14192130666315, 
          67.92301546937637
        ], 
        [
          -40.2103700917632, 
          19.461678005976527, 
          77.60683170532579
        ], 
        [
          -31.506637075609646, 
          21.668217318010115, 
          79.90170812859002
        ]
      ], 
      "cuboid_centroid": [
        -35.68205774514219, 
        26.77767041103535, 
        72.11150233177229
      ], 
      "location": [
        -35.68205774514219, 
        26.77767041103535, 
        72.11150233177229
      ], 
      "pose_transform_permuted": [
        [
          0.3370583881734046, 
          -0.49957853585444584, 
          -0.7980056880225903, 
          0.0
        ], 
        [
          0.9391470195114652, 
          0.23808919856402233, 
          0.24762091726110685, 
          0.0
        ], 
        [
          -0.06629037318713894, 
          0.832907454379473, 
          -0.549427047260585, 
          0.0
        ], 
        [
          -35.68205774514219, 
          26.77767041103535, 
          72.11150233177229, 
          1.0
        ]
      ], 
      "projected_cuboid": [
        [
          230.10613901510612, 
          546.2355417205281
        ], 
        [
          148.36501552336975, 
          537.678400892201
        ], 
        [
          200.4597246429861, 
          397.288324265412
        ], 
        [
          270.25960216375864, 
          408.98192815424375
        ], 
        [
          231.35525578511482, 
          549.3607028924993
        ], 
        [
          153.99078016114765, 
          541.3629052349048
        ], 
        [
          202.96579780724065, 
          407.02855236193165
        ], 
        [
          269.54733776390674, 
          417.91529372098876
        ]
      ], 
      "projected_cuboid_centroid": [
        215.50183994743915, 
        471.3278429067308
      ], 
      "quaternion_xyzw": [
        0.9447301416163147, 
        0.08054669750199935, 
        0.1547212478142696, 
        0.27759397549238607
      ], 
      "visibility": 0.4904790349435647
    }, 
    {
      "bounding_box": {
        "bottom_right": [
          437, 
          218
        ], 
        "top_left": [
          358, 
          63
        ]
      }, 
      "class": "024_bowl", 
      "cuboid": [
        [
          -47.82713497589795, 
          12.244926779191001, 
          56.25544978494755
        ], 
        [
          -45.37689979031938, 
          21.415360868022145, 
          69.27995851055869
        ], 
        [
          -44.95855392391553, 
          16.893796408900393, 
          72.3848482181953
        ], 
        [
          -47.40878910949411, 
          7.723362320069252, 
          59.36033949258418
        ], 
        [
          -31.91584295789668, 
          11.851724563566682, 
          53.538988589064964
        ], 
        [
          -29.4656077723181, 
          21.022158652397824, 
          66.56349731467608
        ], 
        [
          -29.04726190591426, 
          16.500594193276076, 
          69.66838702231271
        ], 
        [
          -31.497497091492832, 
          7.330160104444933, 
          56.64387829670158
        ]
      ], 
      "cuboid_centroid": [
        -38.43719844090611, 
        14.372760486233538, 
        62.961918403630136
      ], 
      "location": [
        -38.43719844090611, 
        14.372760486233538, 
        62.961918403630136
      ], 
      "pose_transform_permuted": [
        [
          -0.9854451265327229, 
          0.02435246658099656, 
          0.16824048253713267, 
          0.0
        ], 
        [
          -0.15203365648061934, 
          -0.5690125724442655, 
          -0.8081524977982141, 
          0.0
        ], 
        [
          -0.07605044306273848, 
          0.8219681561786812, 
          -0.5644330609896803, 
          0.0
        ], 
        [
          -38.43719844090611, 
          14.372760486233538, 
          62.961918403630136, 
          1.0
        ]
      ], 
      "projected_cuboid": [
        [
          24.40203529055623, 
          389.37234425982916
        ], 
        [
          129.37307138402286, 
          438.1427471527002
        ], 
        [
          147.58942538280877, 
          397.7572342770747
        ], 
        [
          52.10591169886145, 
          342.6766460641838
        ], 
        [
          161.02336395682747, 
          391.3454884897305
        ], 
        [
          243.54552038859578, 
          441.7201290959836
        ], 
        [
          257.38386513414434, 
          399.60050035888787
        ], 
        [
          182.5670397843547, 
          342.30225599077176
        ]
      ], 
      "projected_cuboid_centroid": [
        153.30112780751693, 
        395.03115482104585
      ], 
      "quaternion_xyzw": [
        -0.6127181279268896, 
        0.20113740189532464, 
        0.7318200419495958, 
        -0.22036258182699262
      ], 
      "visibility": 0.6622667273554848
    }, 
    {
      "bounding_box": {
        "bottom_right": [
          437, 
          359
        ], 
        "top_left": [
          345, 
          240
        ]
      }, 
      "class": "025_mug", 
      "cuboid": [
        [
          -13.440346387788788, 
          13.711957676723117, 
          49.236113748505176
        ], 
        [
          -24.93770091131473, 
          14.459897380556045, 
          51.2654438555228
        ], 
        [
          -24.786363426993063, 
          7.148231101795813, 
          54.81768318616578
        ], 
        [
          -13.28900890346712, 
          6.400291397962884, 
          52.788353079148166
        ], 
        [
          -11.728189614441984, 
          17.739054421086117, 
          57.45224764366663
        ], 
        [
          -23.22554413796793, 
          18.486994124919047, 
          59.481577750684245
        ], 
        [
          -23.07420665364626, 
          11.175327846158815, 
          63.03381708132723
        ], 
        [
          -11.576852130120317, 
          10.427388142325887, 
          61.004486974309614
        ]
      ], 
      "cuboid_centroid": [
        -18.257276520717525, 
        12.443642761440966, 
        56.1349654149162
      ], 
      "location": [
        -18.257276520717525, 
        12.443642761440966, 
        56.1349654149162
      ], 
      "pose_transform_permuted": [
        [
          -0.18392884372814233, 
          -0.4326118141180417, 
          -0.8826201144528888, 
          0.0
        ], 
        [
          0.9827638405953475, 
          -0.06393193272143925, 
          -0.17346183817569022, 
          0.0
        ], 
        [
          -0.018614010843343992, 
          0.8993108085930382, 
          -0.4369137078967187, 
          0.0
        ], 
        [
          -18.257276520717525, 
          12.443642761440966, 
          56.1349654149162, 
          1.0
        ]
      ], 
      "projected_cuboid": [
        [
          334.799644932129, 
          421.812792306948
        ], 
        [
          220.00568845529645, 
          423.7143088874878
        ], 
        [
          238.44169278454214, 
          342.8314623569123
        ], 
        [
          346.2196533669134, 
          337.94854278801733
        ], 
        [
          371.8189729021734, 
          437.95520627063513
        ], 
        [
          271.61841009112726, 
          439.04333821486244
        ], 
        [
          284.74276687433905, 
          367.83929497256906
        ], 
        [
          379.5453213724356, 
          364.4459030289752
        ]
      ], 
      "projected_cuboid_centroid": [
        306.69527119790547, 
        391.5094374097993
      ], 
      "quaternion_xyzw": [
        0.9701410675310671, 
        -0.01167817841002902, 
        -0.09209760669480875, 
        0.22407192910295884
      ], 
      "visibility": 0.78134073980558
    }, 
    {
      "bounding_box": {
        "bottom_right": [
          446, 
          295
        ], 
        "top_left": [
          368, 
          231
        ]
      }, 
      "class": "061_foam_brick", 
      "cuboid": [
        [
          -27.798756290859362, 
          11.327769180040445, 
          64.50481094830268
        ], 
        [
          -28.304478677172852, 
          17.87532090358612, 
          60.31943086340732
        ], 
        [
          -29.53349172190176, 
          20.484163213463074, 
          64.54917081848883
        ], 
        [
          -29.027769335588268, 
          13.936611489917397, 
          68.7345509033842
        ], 
        [
          -22.70790058437128, 
          12.287966075574339, 
          65.39179828678382
        ], 
        [
          -23.21362297068477, 
          18.835517799120012, 
          61.206418201888454
        ], 
        [
          -24.442636015413676, 
          21.444360108996964, 
          65.43615815696998
        ], 
        [
          -23.936913629100186, 
          14.89680838545129, 
          69.62153824186534
        ]
      ], 
      "cuboid_centroid": [
        -26.120696153136517, 
        16.386064644518704, 
        64.97048455263634
      ], 
      "location": [
        -26.120696153136517, 
        16.386064644518704, 
        64.97048455263634
      ], 
      "pose_transform_permuted": [
        [
          -0.968579845099858, 
          -0.1826858614665315, 
          -0.16875710262553603, 
          0.0
        ], 
        [
          0.06494111016847343, 
          -0.8407879289507629, 
          0.5374554034901621, 
          0.0
        ], 
        [
          0.24007443819869836, 
          -0.5096091978672658, 
          -0.8262340646406807, 
          0.0
        ], 
        [
          -26.120696153136517, 
          16.386064644518704, 
          64.97048455263634, 
          1.0
        ]
      ], 
      "projected_cuboid": [
        [
          249.84426409485204, 
          366.94344587005656
        ], 
        [
          229.25499693278368, 
          431.3327688044509
        ], 
        [
          235.55131874385563, 
          442.53124318971186
        ], 
        [
          254.49018236961732, 
          381.4223697128242
        ], 
        [
          294.8535909498926, 
          373.5041970325853
        ], 
        [
          277.64049847024694, 
          437.40904010702826
        ], 
        [
          280.72387421683953, 
          448.06295390835356
        ], 
        [
          296.70585335684666, 
          387.4000700770519
        ]
      ], 
      "projected_cuboid_centroid": [
        265.3947334016563, 
        407.79391046301464
      ], 
      "quaternion_xyzw": [
        0.4254671006454973, 
        -0.6351033755075483, 
        -0.253324194136054, 
        0.5928307527048093
      ], 
      "visibility": 0.21836900568951503
    }
  ]
}