{
  "camera_data": {
    "location_worldframe": [
      -15.568900478544883, 
      1.4023614400706153, 
      70.95185957038007
    ], 
    "quaternion_xyzw_worldframe": [
      -0.8414169203922932, 
      -0.03756117017132543, 
      -0.07600840122455875, 
      0.5336970384325408
    ]
  }, 
  "objects": [
    {
      "bounding_box": {
        "bottom_right": [
          492, 
          384
        ], 
        "top_left": [
          314, 
          236
        ]
      }, 
      "class": "003_cracker_box", 
      "cuboid": [
        [
          -12.138976542626024, 
          27.398592586023597, 
          68.24141515863556
        ], 
        [
          -25.004909844352653, 
          24.222599949079918, 
          58.57399840270963
        ], 
        [
          -25.87046630748615, 
          4.330079045527713, 
          66.26112863819166
        ], 
        [
          -13.004533005759523, 
          7.506071682471388, 
          75.92854539411759
        ], 
        [
          -16.583463668630536, 
          29.59844223425394, 
          73.43367798392703
        ], 
        [
          -29.44939697035716, 
          26.422449597310266, 
          63.766261228001085
        ], 
        [
          -30.31495343349066, 
          6.52992869375806, 
          71.45339146348311
        ], 
        [
          -17.449020131764033, 
          9.705921330701736, 
          81.12080821940906
        ]
      ], 
      "cuboid_centroid": [
        -21.22696498805834, 
        16.964260639890828, 
        69.84740331105934
      ], 
      "location": [
        -21.22696498805834, 
        16.964260639890828, 
        69.84740331105934
      ], 
      "pose_transform_permuted": [
        [
          0.6190093638251408, 
          -0.30638575220403164, 
          -0.723156399641989, 
          0.0
        ], 
        [
          0.784335923722761, 
          0.19361557845940364, 
          0.5893472376585761, 
          0.0
        ], 
        [
          0.04055325208608779, 
          0.9320090013643648, 
          -0.3601592080192343, 
          0.0
        ], 
        [
          -21.22696498805834, 
          16.964260639890828, 
          69.84740331105934, 
          1.0
        ]
      ], 
      "projected_cuboid": [
        [
          385.93807987321617, 
          487.4117278457759
        ], 
        [
          252.02864027475863, 
          493.8346866556617
        ], 
        [
          271.6367772899666, 
          308.13828287501536
        ], 
        [
          389.49244780908776, 
          326.0089363912764
        ], 
        [
          360.15428839726627, 
          488.24824640005215
        ], 
        [
          233.2396190557943, 
          494.2750283558746
        ], 
        [
          253.44427152446272, 
          322.02514615333894
        ], 
        [
          365.92446451459904, 
          337.097020544444
        ]
      ], 
      "projected_cuboid_centroid": [
        318.16797314304796, 
        402.8170857812089
      ], 
      "quaternion_xyzw": [
        0.9272946301916554, 
        0.04126582894739739, 
        0.32577472200878893, 
        0.17970150438741975
      ], 
      "visibility": 0.8137250696976196
    }, 
    {
      "bounding_box": {
        "bottom_right": [
          468, 
          274
        ], 
        "top_left": [
          325, 
          184
        ]
      }, 
      "class": "004_sugar_box", 
      "cuboid": [
        [
          -26.643480925876844, 
          23.85556258554938, 
          67.04181599982917
        ], 
        [
          -34.63879193100654, 
          22.69811748591885, 
          62.50027829518787
        ], 
        [
          -36.048212499705244, 
          6.427448521978494, 
          69.12823689133546
        ], 
        [
          -28.052901494575554, 
          7.584893621609023, 
          73.66977459597676
        ], 
        [
          -28.897208711489032, 
          25.496663289731664, 
          70.59122198358023
        ], 
        [
          -36.89251971661872, 
          24.339218190101136, 
          66.04968427893893
        ], 
        [
          -38.30194028531743, 
          8.06854922616078, 
          72.67764287508652
        ], 
        [
          -30.306629280187742, 
          9.225994325791309, 
          77.2191805797278
        ]
      ], 
      "cuboid_centroid": [
        -32.472710605597136, 
        15.96205590585508, 
        69.85972943745784
      ], 
      "location": [
        -32.472710605597136, 
        15.96205590585508, 
        69.85972943745784
      ], 
      "pose_transform_permuted": [
        [
          0.49934146026355336, 
          -0.363606300324923, 
          -0.7864151022626774, 
          0.0
        ], 
        [
          0.8627071265397247, 
          0.12489021820278039, 
          0.4900393419004158, 
          0.0
        ], 
        [
          0.07996576582419486, 
          0.9231428383188175, 
          -0.3760479992720304, 
          0.0
        ], 
        [
          -32.472710605597136, 
          15.96205590585508, 
          69.85972943745784, 
          1.0
        ]
      ], 
      "projected_cuboid": [
        [
          267.8811197646003, 
          463.05822755605504
        ], 
        [
          183.55846143603063, 
          466.9712844586674
        ], 
        [
          201.1699605657541, 
          322.8738603368998
        ], 
        [
          276.82053622601813, 
          328.1960626387147
        ], 
        [
          261.45809680276767, 
          465.9148769709154
        ], 
        [
          181.2251619910811, 
          469.81407390480337
        ], 
        [
          198.1893458472316, 
          332.4947778178295
        ], 
        [
          270.5379176545499, 
          337.0065025191335
        ]
      ], 
      "projected_cuboid_centroid": [
        231.6296634758075, 
        395.1432510093082
      ], 
      "quaternion_xyzw": [
        0.9450218340230584, 
        0.011884501172670625, 
        0.26173490562436796, 
        0.19567121969239762
      ], 
      "visibility": 0.515625
    }, 
    {
      "bounding_box": {
        "bottom_right": [
          366, 
          250
        ], 
        "top_left": [
          287, 
          76
        ]
      }, 
      "class": "024_bowl", 
      "cuboid": [
        [
          -40.9924421895033, 
          5.474175045360171, 
          49.18277751871255
        ], 
        [
          -41.38093758359151, 
          11.876838675719469, 
          63.96767897766759
        ], 
        [
          -41.786104309964564, 
          6.838779869961123, 
          66.1387851270944
        ], 
        [
          -41.39760891587635, 
          0.43611623960182544, 
          51.35388366813935
        ], 
        [
          -24.89470386657521, 
          4.536794939158913, 
          50.01170605378027
        ], 
        [
          -25.283199260663423, 
          10.939458569518209, 
          64.7966075127353
        ], 
        [
          -25.688365987036477, 
          5.901399763759865, 
          66.96771366216211
        ], 
        [
          -25.299870592948263, 
          -0.5012638665994336, 
          52.18281220320707
        ]
      ], 
      "cuboid_centroid": [
        -33.340404088269885, 
        5.687787404560018, 
        58.07524559043733
      ], 
      "location": [
        -33.340404088269885, 
        5.687787404560018, 
        58.07524559043733
      ], 
      "pose_transform_permuted": [
        [
          -0.9969924353460043, 
          0.058055414753225884, 
          -0.051338608090545114, 
          0.0
        ], 
        [
          0.02410559428611095, 
          -0.3972762976665638, 
          -0.9173823977145306, 
          0.0
        ], 
        [
          0.07365462773619236, 
          0.9158608584988108, 
          -0.39468200324167857, 
          0.0
        ], 
        [
          -33.340404088269885, 
          5.687787404560018, 
          58.07524559043733, 
          1.0
        ]
      ], 
      "projected_cuboid": [
        [
          33.38609922366627, 
          332.64643794411217
        ], 
        [
          133.7154574420855, 
          372.30764916067665
        ], 
        [
          141.84085343564766, 
          328.4320206605955
        ], 
        [
          48.09247491215913, 
          277.8156858180752
        ], 
        [
          213.91022075271073, 
          321.66644294375163
        ], 
        [
          271.7651760455957, 
          363.3256265751828
        ], 
        [
          275.314397210635, 
          320.2842909286589
        ], 
        [
          220.87213906597685, 
          268.16351327068315
        ]
      ], 
      "projected_cuboid_centroid": [
        172.87225052315614, 
        325.5189199012376
      ], 
      "quaternion_xyzw": [
        0.7055680443577833, 
        -0.1668623349543145, 
        -0.678309784707945, 
        0.1192750264061542
      ], 
      "visibility": 0.7827232796486091
    }, 
    {
      "bounding_box": {
        "bottom_right": [
          354, 
          420
        ], 
        "top_left": [
          263, 
          306
        ]
      }, 
      "class": "025_mug", 
      "cuboid": [
        [
          -5.887717687804556, 
          5.933231602288627, 
          50.331529963885544
        ], 
        [
          -17.52453945745222, 
          7.05288168222078, 
          49.8870996280371
        ], 
        [
          -18.354821462667264, 
          -0.7857619946613076, 
          51.879100673965496
        ], 
        [
          -6.717999693019597, 
          -1.90541207459346, 
          52.32353100981394
        ], 
        [
          -6.010383500574261, 
          8.237967943752158, 
          59.34967770512999
        ], 
        [
          -17.647205270221928, 
          9.35761802368431, 
          58.90524736928155
        ], 
        [
          -18.477487275436967, 
          1.5189743468022239, 
          60.89724841520994
        ], 
        [
          -6.840665505789302, 
          0.3993242668700714, 
          61.34167875105838
        ]
      ], 
      "cuboid_centroid": [
        -12.182602481620762, 
        3.7261029745454257, 
        55.614389189547744
      ], 
      "location": [
        -12.182602481620762, 
        3.7261029745454257, 
        55.614389189547744
      ], 
      "pose_transform_permuted": [
        [
          0.013177403762859011, 
          -0.2475868430873838, 
          -0.9687766403390409, 
          0.0
        ], 
        [
          0.9946851365904723, 
          -0.09570476498967351, 
          0.03798874452742865, 
          0.0
        ], 
        [
          0.10212194498526754, 
          0.9641272884414019, 
          -0.24500955090578833, 
          0.0
        ], 
        [
          -12.182602481620762, 
          3.7261029745454257, 
          55.614389189547744, 
          1.0
        ]
      ], 
      "projected_cuboid": [
        [
          418.690125449879, 
          336.1558488738506
        ], 
        [
          292.68917869546465, 
          348.6855879755829
        ], 
        [
          291.3362047450239, 
          265.20886789809873
        ], 
        [
          412.55168098123846, 
          253.86518866154992
        ], 
        [
          427.1373297302523, 
          347.3133869858638
        ], 
        [
          320.4903352656269, 
          358.00905705651275
        ], 
        [
          318.4283208393956, 
          286.58925340070687
        ], 
        [
          421.62701543578453, 
          276.75836098813113
        ]
      ], 
      "projected_cuboid_centroid": [
        363.7972451099349, 
        309.0183641184525
      ], 
      "quaternion_xyzw": [
        0.9909072945249362, 
        -0.049910498960900204, 
        0.012908914025811537, 
        0.12427913204265342
      ], 
      "visibility": 0.8994282744282744
    }, 
    {
      "bounding_box": {
        "bottom_right": [
          364, 
          322
        ], 
        "top_left": [
          289, 
          269
        ]
      }, 
      "class": "061_foam_brick", 
      "cuboid": [
        [
          -23.40858082081611, 
          1.7086337289470122, 
          61.292974458339245
        ], 
        [
          -22.795567156100237, 
          8.93962386971595, 
          58.46798047771957
        ], 
        [
          -24.900558099769622, 
          10.791480263980763, 
          62.75130539787463
        ], 
        [
          -25.513571764485498, 
          3.5604901232118245, 
          65.57629937849431
        ], 
        [
          -18.635367592289846, 
          2.1464597641567025, 
          63.449425310785344
        ], 
        [
          -18.022353927573974, 
          9.377449904925642, 
          60.62443133016567
        ], 
        [
          -20.12734487124336, 
          11.229306299190453, 
          64.90775625032073
        ], 
        [
          -20.74035853595923, 
          3.998316158421515, 
          67.73275023094041
        ]
      ], 
      "cuboid_centroid": [
        -21.767962846029736, 
        6.4689700140687325, 
        63.10036535432999
      ], 
      "location": [
        -21.767962846029736, 
        6.4689700140687325, 
        63.10036535432999
      ], 
      "pose_transform_permuted": [
        [
          -0.9081455841740785, 
          -0.08330023434442042, 
          -0.4102836444501365, 
          0.0
        ], 
        [
          -0.07871865871963922, 
          -0.928550010969316, 
          0.3627647307805212, 
          0.0
        ], 
        [
          0.4111872696406132, 
          -0.3617401665381489, 
          -0.8367013094279521, 
          0.0
        ], 
        [
          -21.767962846029736, 
          6.4689700140687325, 
          63.10036535432999, 
          1.0
        ]
      ], 
      "projected_cuboid": [
        [
          276.21802549784394, 
          288.1536224420459
        ], 
        [
          271.93298146917306, 
          354.829913294707
        ], 
        [
          268.20510721266993, 
          365.0026818878342
        ], 
        [
          272.3708548856302, 
          302.2433276507689
        ], 
        [
          323.6534770053022, 
          291.32845122346265
        ], 
        [
          321.73126506729153, 
          355.78096415207284
        ], 
        [
          314.8410067852659, 
          365.55299889080885
        ], 
        [
          316.92903924344506, 
          304.76880172719035
        ]
      ], 
      "projected_cuboid_centroid": [
        296.0826573505076, 
        327.961790209797
      ], 
      "quaternion_xyzw": [
        -0.4923984207916258, 
        0.6802099803935407, 
        0.27690018406067984, 
        -0.46710220063931746
      ], 
      "visibility": 0.7884880198292481
    }
  ]
}