{
  "camera_data": {
    "location_worldframe": [
      -22.93182450645724, 
      12.598480681357488, 
      76.7195005252793
    ], 
    "quaternion_xyzw_worldframe": [
      0.9325689490587098, 
      0.032471760441634065, 
      -0.11742008402984869, 
      -0.33981544351754017
    ]
  }, 
  "objects": [
    {
      "bounding_box": {
        "bottom_right": [
          539, 
          335
        ], 
        "top_left": [
          367, 
          127
        ]
      }, 
      "class": "003_cracker_box", 
      "cuboid": [
        [
          -26.398257349352527, 
          34.844647447903576, 
          63.007937188353566
        ], 
        [
          -40.39148461391466, 
          26.641102373856405, 
          60.56466998488453
        ], 
        [
          -34.520719241709685, 
          12.265703996695384, 
          75.20828916146894
        ], 
        [
          -20.527491977147548, 
          20.469249070742553, 
          77.65155636493797
        ], 
        [
          -29.582119184251855, 
          38.75273865151004, 
          68.12088589682972
        ], 
        [
          -43.57534644881399, 
          30.54919357746288, 
          65.67761869336067
        ], 
        [
          -37.70458107660901, 
          16.173795200301857, 
          80.32123786994508
        ], 
        [
          -23.711353812046877, 
          24.377340274349024, 
          82.76450507341411
        ]
      ], 
      "cuboid_centroid": [
        -32.05141921298077, 
        25.509221324102715, 
        71.66458752914933
      ], 
      "location": [
        -32.05141921298077, 
        25.509221324102715, 
        71.66458752914933
      ], 
      "pose_transform_permuted": [
        [
          0.4434348065487405, 
          -0.5443024090587985, 
          -0.7121098650024934, 
          0.0
        ], 
        [
          0.8530582721845725, 
          0.500106362481344, 
          0.14894700555281443, 
          0.0
        ], 
        [
          -0.27505846032898684, 
          0.6735194976379426, 
          -0.6860862407183081, 
          0.0
        ], 
        [
          -32.05141921298077, 
          25.509221324102715, 
          71.66458752914933, 
          1.0
        ]
      ], 
      "projected_cuboid": [
        [
          256.29159856233525, 
          568.2229171412405
        ], 
        [
          122.95419929200895, 
          507.8824107368045
        ], 
        [
          234.7625660849169, 
          360.26551617323844
        ], 
        [
          339.4370522500737, 
          413.87163238611055
        ], 
        [
          248.0681145222415, 
          576.6823930451097
        ], 
        [
          124.80500125224265, 
          521.3540457425553
        ], 
        [
          229.15864125623975, 
          380.67783252905195
        ], 
        [
          327.5320761115223, 
          430.36973375968427
        ]
      ], 
      "projected_cuboid_centroid": [
        241.08637103617727, 
        463.12321677425376
      ], 
      "quaternion_xyzw": [
        0.8998177085978315, 
        0.2153671836538578, 
        0.16458383916022612, 
        0.3418438640461959
      ], 
      "visibility": 0.821642095413028
    }, 
    {
      "bounding_box": {
        "bottom_right": [
          514, 
          245
        ], 
        "top_left": [
          373, 
          106
        ]
      }, 
      "class": "004_sugar_box", 
      "cuboid": [
        [
          -39.455369090461375, 
          29.9532781122159, 
          68.48148214771116
        ], 
        [
          -47.92435708325527, 
          26.236389369774223, 
          67.88884194969191
        ], 
        [
          -43.68081107819569, 
          14.572166889485032, 
          80.40240264435867
        ], 
        [
          -35.21182308540178, 
          18.289055631926715, 
          80.99504284237793
        ], 
        [
          -40.931531216110564, 
          32.81203936020907, 
          71.64679615996448
        ], 
        [
          -49.40051920890447, 
          29.09515061776739, 
          71.05415596194521
        ], 
        [
          -45.15697320384488, 
          17.4309281374782, 
          83.56771665661199
        ], 
        [
          -36.68798521105098, 
          21.147816879919883, 
          84.16035685463125
        ]
      ], 
      "cuboid_centroid": [
        -42.30617114715313, 
        23.69210312484705, 
        76.02459940216157
      ], 
      "location": [
        -42.30617114715313, 
        23.69210312484705, 
        76.02459940216157
      ], 
      "pose_transform_permuted": [
        [
          0.32706210400081415, 
          -0.6333941593261279, 
          -0.7013147422513248, 
          0.0
        ], 
        [
          0.9138176477781856, 
          0.4010583709129524, 
          0.06394684609230297, 
          0.0
        ], 
        [
          -0.2407644770063891, 
          0.661788613061957, 
          -0.7099771965584821, 
          0.0
        ], 
        [
          -42.30617114715313, 
          23.69210312484705, 
          76.02459940216157, 
          1.0
        ]
      ], 
      "projected_cuboid": [
        [
          171.7661901268711, 
          506.55645703721444
        ], 
        [
          101.97658836692098, 
          479.3937544364267
        ], 
        [
          189.44201284487087, 
          369.94561427516845
        ], 
        [
          247.80928662651962, 
          393.71256880896186
        ], 
        [
          174.37461307111272, 
          517.5305808764105
        ], 
        [
          107.71574810817255, 
          491.669451544998
        ], 
        [
          191.00883341740956, 
          384.52872217040016
        ], 
        [
          247.16985098352006, 
          407.2990981094753
        ]
      ], 
      "projected_cuboid_centroid": [
        182.34213380084884, 
        439.4888285867568
      ], 
      "quaternion_xyzw": [
        0.9051133911134376, 
        0.1772769175168744, 
        0.10799999036919342, 
        0.3710505692088047
      ], 
      "visibility": 0.4058981767460397
    }, 
    {
      "bounding_box": {
        "bottom_right": [
          396, 
          192
        ], 
        "top_left": [
          304, 
          69
        ]
      }, 
      "class": "024_bowl", 
      "cuboid": [
        [
          -53.68191551083877, 
          4.422622353608969, 
          65.56529022774114
        ], 
        [
          -51.34129517205511, 
          16.68816347933364, 
          75.75432054021904
        ], 
        [
          -49.96477938527411, 
          13.131998785985816, 
          79.7190141577697
        ], 
        [
          -52.305399724057764, 
          0.866457660261144, 
          69.52998384529182
        ], 
        [
          -38.22618537946696, 
          5.286903245474674, 
          60.97438533443523
        ], 
        [
          -35.8855650406833, 
          17.552444371199343, 
          71.16341564691312
        ], 
        [
          -34.509049253902305, 
          13.99627967785152, 
          75.12810926446379
        ], 
        [
          -36.84966959268596, 
          1.7307385521268481, 
          64.93907895198589
        ]
      ], 
      "cuboid_centroid": [
        -44.09548238237054, 
        9.209451015730243, 
        70.34669974610247
      ], 
      "location": [
        -44.09548238237054, 
        9.209451015730243, 
        70.34669974610247
      ], 
      "pose_transform_permuted": [
        [
          -0.9572304950304442, 
          -0.05352811021762651, 
          0.28433170910100897, 
          0.0
        ], 
        [
          -0.14523220898656639, 
          -0.7610596227794378, 
          -0.6322150394032889, 
          0.0
        ], 
        [
          -0.25023465958306707, 
          0.6464696373313673, 
          -0.7207354737710622, 
          0.0
        ], 
        [
          -44.09548238237054, 
          9.209451015730243, 
          70.34669974610247, 
          1.0
        ]
      ], 
      "projected_cuboid": [
        [
          41.30003891626761, 
          309.26092476379034
        ], 
        [
          117.13599314065327, 
          390.7732282087596
        ], 
        [
          144.54748568058932, 
          361.1395074735743
        ], 
        [
          77.05272211985196, 
          279.9325748801942
        ], 
        [
          144.46095983983417, 
          319.52905473133933
        ], 
        [
          210.41888768471176, 
          404.8297225037876
        ], 
        [
          234.58266716784556, 
          372.6433581758882
        ], 
        [
          176.44296627297624, 
          287.5004254910039
        ]
      ], 
      "projected_cuboid_centroid": [
        144.5099866936103, 
        343.1061683929736
      ], 
      "quaternion_xyzw": [
        -0.5515672486750351, 
        0.23153340069749676, 
        0.7204223683747858, 
        -0.3509379798422633
      ], 
      "visibility": 0.6277866732356201
    }, 
    {
      "bounding_box": {
        "bottom_right": [
          392, 
          313
        ], 
        "top_left": [
          296, 
          200
        ]
      }, 
      "class": "025_mug", 
      "cuboid": [
        [
          -20.730837880561985, 
          8.244845142951766, 
          54.01151062132698
        ], 
        [
          -31.960409370541587, 
          8.083064356944053, 
          57.28829359433211
        ], 
        [
          -30.394751310776556, 
          1.9156963023424263, 
          62.3493268077441
        ], 
        [
          -19.165179820796958, 
          2.077477088350138, 
          59.072543834738966
        ], 
        [
          -18.833153405860497, 
          14.309061932582997, 
          60.81429781122414
        ], 
        [
          -30.0627248958401, 
          14.147281146575285, 
          64.09108078422928
        ], 
        [
          -28.49706683607507, 
          7.979913091973659, 
          69.15211399764127
        ], 
        [
          -17.26749534609547, 
          8.141693877981371, 
          65.87533102463613
        ]
      ], 
      "cuboid_centroid": [
        -24.613952358318528, 
        8.112379117462712, 
        61.58181230948412
      ], 
      "location": [
        -24.613952358318528, 
        8.112379117462712, 
        61.58181230948412
      ], 
      "pose_transform_permuted": [
        [
          -0.2038592006445854, 
          -0.6514499136976722, 
          -0.7307910125079199, 
          0.0
        ], 
        [
          0.9598744461737193, 
          0.013828599115226207, 
          -0.2800908515744699, 
          0.0
        ], 
        [
          -0.19257077142561296, 
          0.7585659055838514, 
          -0.6224903733217847, 
          0.0
        ], 
        [
          -24.613952358318528, 
          8.112379117462712, 
          61.58181230948412, 
          1.0
        ]
      ], 
      "projected_cuboid": [
        [
          275.19109112811185, 
          354.6976543225032
        ], 
        [
          181.58537253233544, 
          348.535009233116
        ], 
        [
          219.4418154233823, 
          289.67289539309013
        ], 
        [
          307.12779058855756, 
          292.0424462745693
        ], 
        [
          315.0607016955127, 
          398.77187975326444
        ], 
        [
          229.35211505825066, 
          391.00997144166666
        ], 
        [
          259.98855603885016, 
          334.8297602768306
        ], 
        [
          340.636294703107, 
          339.20081450610604
        ]
      ], 
      "projected_cuboid_centroid": [
        266.6553936541366, 
        343.5425192070024
      ], 
      "quaternion_xyzw": [
        0.9286053203952542, 
        0.055567033164581364, 
        -0.1302894894068304, 
        0.3429714053536796
      ], 
      "visibility": 0.7321977101368333
    }, 
    {
      "bounding_box": {
        "bottom_right": [
          412, 
          269
        ], 
        "top_left": [
          334, 
          198
        ]
      }, 
      "class": "061_foam_brick", 
      "cuboid": [
        [
          -33.02673354630725, 
          7.917884963947257, 
          71.148752391179
        ], 
        [
          -34.89119688868761, 
          13.154339597612294, 
          65.69467919089547
        ], 
        [
          -36.0701941535909, 
          16.54040885684955, 
          69.3486813488765
        ], 
        [
          -34.20573081121053, 
          11.303954223184512, 
          74.80275454916003
        ], 
        [
          -28.069242382820057, 
          9.663874612237567, 
          71.13036889013428
        ], 
        [
          -29.933705725200426, 
          14.900329245902602, 
          65.67629568985073
        ], 
        [
          -31.112702990103706, 
          18.286398505139857, 
          69.33029784783177
        ], 
        [
          -29.248239647723345, 
          13.04994387147482, 
          74.7843710481153
        ]
      ], 
      "cuboid_centroid": [
        -32.06971826820548, 
        13.102141734543556, 
        70.23952511950539
      ], 
      "location": [
        -32.06971826820548, 
        13.102141734543556, 
        70.23952511950539
      ], 
      "pose_transform_permuted": [
        [
          -0.9432060738030215, 
          -0.33218980866648984, 
          0.003497621936447176, 
          0.0
        ], 
        [
          0.23942052517237655, 
          -0.6724265851388564, 
          0.7003715440569238, 
          0.0
        ], 
        [
          0.23030439524089166, 
          -0.6614320967541696, 
          -0.7137698977374363, 
          0.0
        ], 
        [
          -32.06971826820548, 
          13.102141734543556, 
          70.23952511950539, 
          1.0
        ]
      ], 
      "projected_cuboid": [
        [
          231.9709220383338, 
          332.6377278006536
        ], 
        [
          195.98443719533213, 
          380.0755047211121
        ], 
        [
          201.89092105610226, 
          400.4890137233656
        ], 
        [
          235.68886231412378, 
          353.88009621106556
        ], 
        [
          269.38632428536664, 
          345.74410653386826
        ], 
        [
          236.4969201006928, 
          394.28357807128356
        ], 
        [
          240.2697896153397, 
          413.9536738686589
        ], 
        [
          271.27704304577435, 
          366.35131245769514
        ]
      ], 
      "projected_cuboid_centroid": [
        236.06664278768835, 
        372.7693969077634
      ], 
      "quaternion_xyzw": [
        0.37897585888871604, 
        -0.59550691634215, 
        -0.1601912919058813, 
        0.6899909861481875
      ], 
      "visibility": 0.282108805384184
    }
  ]
}