{
  "camera_data": {
    "location_worldframe": [
      -23.100843715807176, 
      13.543418066673615, 
      75.99998915551758
    ], 
    "quaternion_xyzw_worldframe": [
      0.9286373209384664, 
      0.03183314379683134, 
      -0.11819086696794132, 
      -0.3502154521954316
    ]
  }, 
  "objects": [
    {
      "bounding_box": {
        "bottom_right": [
          539, 
          333
        ], 
        "top_left": [
          375, 
          124
        ]
      }, 
      "class": "003_cracker_box", 
      "cuboid": [
        [
          -26.550049008298217, 
          36.09384555051379, 
          62.79029539572114
        ], 
        [
          -40.575259464748825, 
          27.985141220491567, 
          60.21726188880686
        ], 
        [
          -34.69577144480812, 
          13.276407074581872, 
          74.52244652916433
        ], 
        [
          -20.67056098835752, 
          21.3851114046041, 
          77.09548003607863
        ], 
        [
          -29.704996087778003, 
          39.89811610316433, 
          67.99858033635762
        ], 
        [
          -43.73020654422861, 
          31.789411773142106, 
          65.42554682944332
        ], 
        [
          -37.850718524287906, 
          17.08067762723241, 
          79.73073146980082
        ], 
        [
          -23.825508067837298, 
          25.189381957254636, 
          82.30376497671509
        ]
      ], 
      "cuboid_centroid": [
        -32.20038376629306, 
        26.5872615888731, 
        71.26051343276097
      ], 
      "location": [
        -32.20038376629306, 
        26.5872615888731, 
        71.26051343276097
      ], 
      "pose_transform_permuted": [
        [
          0.4394076817422159, 
          -0.5298427080228504, 
          -0.7253878920832249, 
          0.0
        ], 
        [
          0.8550080387320237, 
          0.4943246596831977, 
          0.1568578481705944, 
          0.0
        ], 
        [
          -0.2754671358430074, 
          0.6891370223577482, 
          -0.6702298273624853, 
          0.0
        ], 
        [
          -32.20038376629306, 
          26.5872615888731, 
          71.26051343276097, 
          1.0
        ]
      ], 
      "projected_cuboid": [
        [
          254.21064038133957, 
          579.8554837512853
        ], 
        [
          119.2439186892061, 
          521.1394522879299
        ], 
        [
          231.22770627234726, 
          368.2990908000745
        ], 
        [
          337.4137275816057, 
          421.2212637920104
        ], 
        [
          246.67631095001187, 
          586.2114041212706
        ], 
        [
          122.15748148229085, 
          532.4195014445438
        ], 
        [
          226.3033561721111, 
          387.5393449544483
        ], 
        [
          325.92374177762855, 
          436.51103554339335
        ]
      ], 
      "projected_cuboid_centroid": [
        238.59843050414784, 
        472.2678052385019
      ], 
      "quaternion_xyzw": [
        0.9040924943241422, 
        0.2128631197468534, 
        0.16487957085589755, 
        0.3318445133986137
      ], 
      "visibility": 0.7675845198195218
    }, 
    {
      "bounding_box": {
        "bottom_right": [
          523, 
          243
        ], 
        "top_left": [
          380, 
          103
        ]
      }, 
      "class": "004_sugar_box", 
      "cuboid": [
        [
          -39.602339840769574, 
          31.120708786547514, 
          68.20127183808576
        ], 
        [
          -48.084028600731926, 
          27.44153469578865, 
          67.55716335413122
        ], 
        [
          -43.83122785186257, 
          15.494489955320729, 
          79.7977833460076
        ], 
        [
          -35.34953909190022, 
          19.17366404607959, 
          80.44189182996215
        ], 
        [
          -41.059336179597324, 
          33.913696418306486, 
          71.43347929551787
        ], 
        [
          -49.54102493955968, 
          30.234522327547626, 
          70.78937081156333
        ], 
        [
          -45.288224190690315, 
          18.287477587079707, 
          83.0299908034397
        ], 
        [
          -36.80653543072797, 
          21.96665167783857, 
          83.67409928739424
        ]
      ], 
      "cuboid_centroid": [
        -42.445282015729944, 
        24.70409318681361, 
        75.61563132076273
      ], 
      "location": [
        -42.445282015729944, 
        24.70409318681361, 
        75.61563132076273
      ], 
      "pose_transform_permuted": [
        [
          0.3228156852276088, 
          -0.6188211954629372, 
          -0.7161358181642529, 
          0.0
        ], 
        [
          0.9151880813162573, 
          0.39698889834823836, 
          0.06950035827446502, 
          0.0
        ], 
        [
          -0.2412895599324444, 
          0.677834993489201, 
          -0.6944914623440461, 
          0.0
        ], 
        [
          -42.445282015729944, 
          24.70409318681361, 
          75.61563132076273, 
          1.0
        ]
      ], 
      "projected_cuboid": [
        [
          169.3343676218963, 
          516.6439269379805
        ], 
        [
          98.8417974112454, 
          489.91949174857353
        ], 
        [
          186.21471375347318, 
          376.84223311384375
        ], 
        [
          245.28101861937031, 
          400.4055090087922
        ], 
        [
          172.49503723356523, 
          526.4848788151407
        ], 
        [
          105.24988146670431, 
          501.0702103074569
        ], 
        [
          188.2768222152209, 
          390.75096053065425
        ], 
        [
          245.0456088017128, 
          413.2969547802157
        ]
      ], 
      "projected_cuboid_centroid": [
        179.73427967186984, 
        447.5253355803503
      ], 
      "quaternion_xyzw": [
        0.9095546840308327, 
        0.17543707637567563, 
        0.10783190125619069, 
        0.3609768276896873
      ], 
      "visibility": 0.4097127222982216
    }, 
    {
      "bounding_box": {
        "bottom_right": [
          404, 
          188
        ], 
        "top_left": [
          314, 
          63
        ]
      }, 
      "class": "024_bowl", 
      "cuboid": [
        [
          -53.91260899502207, 
          5.7001185254060385, 
          64.77743398218455
        ], 
        [
          -51.501501355682635, 
          17.73322004814133, 
          75.22393430912797
        ], 
        [
          -50.121649809145296, 
          14.087323927382783, 
          79.10508745022847
        ], 
        [
          -52.53275744848472, 
          2.054222404647495, 
          68.65858712328505
        ], 
        [
          -38.47032296105954, 
          6.621081139691601, 
          60.15243527930985
        ], 
        [
          -36.0592153217201, 
          18.654182662426887, 
          70.59893560625326
        ], 
        [
          -34.67936377518276, 
          15.008286541668344, 
          74.48008874735376
        ], 
        [
          -37.09047141452219, 
          2.975185018933056, 
          64.03358842041034
        ]
      ], 
      "cuboid_centroid": [
        -44.29598638510242, 
        10.354202533537192, 
        69.62876136476915
      ], 
      "location": [
        -44.29598638510242, 
        10.354202533537192, 
        69.62876136476915
      ], 
      "pose_transform_permuted": [
        [
          -0.956397852385358, 
          -0.05703861879599564, 
          0.286443264746301, 
          0.0
        ], 
        [
          -0.14960584711812883, 
          -0.7466370714417652, 
          -0.6481906926645364, 
          0.0
        ], 
        [
          -0.25084106215040125, 
          0.6627817736741932, 
          -0.7055487807547742, 
          0.0
        ], 
        [
          -44.29598638510242, 
          10.354202533537192, 
          69.62876136476915, 
          1.0
        ]
      ], 
      "projected_cuboid": [
        [
          34.02976914586783, 
          320.2162270585257
        ], 
        [
          113.42097530727904, 
          399.010798633531
        ], 
        [
          140.8652571432745, 
          368.26204419872835
        ], 
        [
          70.13758679382941, 
          289.24312961097496
        ], 
        [
          137.67158467174954, 
          331.9899340645069
        ], 
        [
          206.92793500119015, 
          414.20425630809393
        ], 
        [
          231.20378529518703, 
          380.7543626998914
        ], 
        [
          170.10553124836585, 
          298.0661024771313
        ]
      ], 
      "projected_cuboid_centroid": [
        139.4857469173184, 
        352.59426758941515
      ], 
      "quaternion_xyzw": [
        -0.5537898206471845, 
        0.22381957504742203, 
        0.724367117824005, 
        -0.34425849443186546
      ], 
      "visibility": 0.6486252167451078
    }, 
    {
      "bounding_box": {
        "bottom_right": [
          405, 
          308
        ], 
        "top_left": [
          308, 
          194
        ]
      }, 
      "class": "025_mug", 
      "cuboid": [
        [
          -20.990564459076914, 
          9.68134640314734, 
          53.194690222464246
        ], 
        [
          -32.209222132418134, 
          9.479555537598852, 
          56.50645047623014
        ], 
        [
          -30.64401181639278, 
          3.198578395639156, 
          61.425923402985084
        ], 
        [
          -19.425354143051557, 
          3.4003692611876453, 
          58.11416314921918
        ], 
        [
          -19.051967753136957, 
          15.589946865971365, 
          60.12174793628703
        ], 
        [
          -30.270625426478183, 
          15.388156000422876, 
          63.43350819005293
        ], 
        [
          -28.70541511045282, 
          9.10717885846318, 
          68.35298111680787
        ], 
        [
          -17.4867574371116, 
          9.30896972401167, 
          65.04122086304197
        ]
      ], 
      "cuboid_centroid": [
        -24.847989784764867, 
        9.394262630805262, 
        60.77383566963606
      ], 
      "location": [
        -24.847989784764867, 
        9.394262630805262, 
        60.77383566963606
      ], 
      "pose_transform_permuted": [
        [
          -0.20825420669962147, 
          -0.6347327932210692, 
          -0.7441408027438058, 
          0.0
        ], 
        [
          0.9589415616277014, 
          0.017248556232453655, 
          -0.2830806181945821, 
          0.0
        ], 
        [
          -0.19251570042411814, 
          0.7725394481827931, 
          -0.6050789255061164, 
          0.0
        ], 
        [
          -24.847989784764867, 
          9.394262630805262, 
          60.77383566963606, 
          1.0
        ]
      ], 
      "projected_cuboid": [
        [
          269.3959972873799, 
          370.3498276945419
        ], 
        [
          175.06638881040132, 
          362.75654654420333
        ], 
        [
          213.31869404425285, 
          301.0576222761096
        ], 
        [
          301.8430138837741, 
          304.4920723766929
        ], 
        [
          311.18514532900014, 
          411.57965569037503
        ], 
        [
          224.97476306565426, 
          402.66303280385154
        ], 
        [
          255.75850125725293, 
          344.34469452855785
        ], 
        [
          337.0156972693316, 
          349.6174522398998
        ]
      ], 
      "projected_cuboid_centroid": [
        261.7268786744375, 
        355.7257023892284
      ], 
      "quaternion_xyzw": [
        0.9321509819436845, 
        0.056258122535895336, 
        -0.13177447495407119, 
        0.33251365463939636
      ], 
      "visibility": 0.7424035039693403
    }, 
    {
      "bounding_box": {
        "bottom_right": [
          422, 
          266
        ], 
        "top_left": [
          343, 
          194
        ]
      }, 
      "class": "061_foam_brick", 
      "cuboid": [
        [
          -33.22833663264757, 
          9.014238754995894, 
          70.36362272286677
        ], 
        [
          -35.09639482418502, 
          14.373969789235074, 
          65.0319028321367
        ], 
        [
          -36.25302014609627, 
          17.682610239436972, 
          68.76316904959324
        ], 
        [
          -34.384961954558825, 
          12.32287920519779, 
          74.0948889403233
        ], 
        [
          -28.2659091486523, 
          10.746244522556877, 
          70.3660575380401
        ], 
        [
          -30.13396734018975, 
          16.10597555679606, 
          65.03433764731004
        ], 
        [
          -31.290592662101, 
          19.414616006997953, 
          68.76560386476658
        ], 
        [
          -29.422534470563555, 
          14.054884972758774, 
          74.09732375549663
        ]
      ], 
      "cuboid_centroid": [
        -32.25946464737429, 
        14.214427380996925, 
        69.56461329381666
      ], 
      "location": [
        -32.25946464737429, 
        14.214427380996925, 
        69.56461329381666
      ], 
      "pose_transform_permuted": [
        [
          -0.9441452519743829, 
          -0.3295292529934144, 
          -0.000463244892294018, 
          0.0
        ], 
        [
          0.23988214898312157, 
          -0.6882568242730516, 
          0.6846598414109105, 
          0.0
        ], 
        [
          0.22593427755315793, 
          -0.6463072143053766, 
          -0.7288625981372316, 
          0.0
        ], 
        [
          -32.25946464737429, 
          14.214427380996925, 
          69.56461329381666, 
          1.0
        ]
      ], 
      "projected_cuboid": [
        [
          227.64476929072703, 
          341.6097690685303
        ], 
        [
          191.37676998286713, 
          391.1659055327293
        ], 
        [
          198.07945288512445, 
          410.43091996116794
        ], 
        [
          232.03875869482485, 
          361.9840567330678
        ], 
        [
          265.5783037588109, 
          354.73465160250805
        ], 
        [
          232.42157295070123, 
          405.36495195864615
        ], 
        [
          236.89690092692194, 
          423.8588348035849
        ], 
        [
          268.0619567695371, 
          374.44734940188897
        ]
      ], 
      "projected_cuboid_centroid": [
        232.2177007631701, 
        382.2619512972687
      ], 
      "quaternion_xyzw": [
        0.38536936164219077, 
        -0.5930616136234389, 
        -0.1683355219637315, 
        0.6866087165184047
      ], 
      "visibility": 0.23959194926936864
    }
  ]
}