{
  "camera_data": {
    "location_worldframe": [
      -9.346684893940127, 
      -1.5078790181206176, 
      81.14373131828712
    ], 
    "quaternion_xyzw_worldframe": [
      -0.8239951037381076, 
      -0.10635344611181606, 
      -0.20826203984086988, 
      0.5160966828076453
    ]
  }, 
  "objects": [
    {
      "bounding_box": {
        "bottom_right": [
          451, 
          443
        ], 
        "top_left": [
          291, 
          322
        ]
      }, 
      "class": "003_cracker_box", 
      "cuboid": [
        [
          -4.53609001977161, 
          24.350683092989414, 
          79.38076822153712
        ], 
        [
          -14.042907502883567, 
          21.34508321000158, 
          66.35522000377152
        ], 
        [
          -17.708338655668495, 
          1.6009968304119826, 
          73.58634817618653
        ], 
        [
          -8.20152117255654, 
          4.606596713399819, 
          86.61189639395215
        ], 
        [
          -10.255903100366856, 
          26.739602162985083, 
          83.0041922286063
        ], 
        [
          -19.762720583478814, 
          23.734002279997245, 
          69.97864401084068
        ], 
        [
          -23.428151736263743, 
          3.9899159004076505, 
          77.20977218325571
        ], 
        [
          -13.921334253151784, 
          6.995515783395486, 
          90.23532040102131
        ]
      ], 
      "cuboid_centroid": [
        -13.982120878017676, 
        14.170299496698533, 
        78.29527020239641
      ], 
      "location": [
        -13.982120878017676, 
        14.170299496698533, 
        78.29527020239641
      ], 
      "pose_transform_permuted": [
        [
          0.7966313673183959, 
          -0.3327185413803053, 
          -0.5046551662533388, 
          0.0
        ], 
        [
          0.5795567486176562, 
          0.18322805701533681, 
          0.7940664041842571, 
          0.0
        ], 
        [
          0.17173363018393914, 
          0.9250545126337946, 
          -0.33879449363839964, 
          0.0
        ], 
        [
          -13.982120878017676, 
          14.170299496698533, 
          78.29527020239641, 
          1.0
        ]
      ], 
      "projected_cuboid": [
        [
          450.86738421256985, 
          436.8865691734021
        ], 
        [
          367.7888357768355, 
          444.8442674210244
        ], 
        [
          352.18573696805043, 
          284.8898174404091
        ], 
        [
          430.67469976039337, 
          301.652020568877
        ], 
        [
          415.151561842685, 
          445.0941671726109
        ], 
        [
          329.72673531222, 
          454.16755363801565
        ], 
        [
          318.42061291455485, 
          300.84652455726416
        ], 
        [
          398.6318553937791, 
          314.6322720585918
        ]
      ], 
      "projected_cuboid_centroid": [
        385.5621300644431, 
        369.8095872212378
      ], 
      "quaternion_xyzw": [
        0.867361866164404, 
        0.0033130424796710416, 
        0.4584873492700752, 
        0.1935504260719433
      ], 
      "visibility": 0.8097882467809849
    }, 
    {
      "bounding_box": {
        "bottom_right": [
          437, 
          345
        ], 
        "top_left": [
          304, 
          262
        ]
      }, 
      "class": "004_sugar_box", 
      "cuboid": [
        [
          -18.127204897105358, 
          21.149317814803766, 
          73.95807175831942
        ], 
        [
          -24.44657023995586, 
          20.120010498472894, 
          67.25759490497437
        ], 
        [
          -28.215179204536756, 
          3.993367330879452, 
          73.28917319287231
        ], 
        [
          -21.895813861686253, 
          5.022674647210325, 
          79.98965004621738
        ], 
        [
          -21.28444147291136, 
          22.90021548059651, 
          76.66676108319781
        ], 
        [
          -27.60380681576186, 
          21.87090816426564, 
          69.96628422985275
        ], 
        [
          -31.372415780342756, 
          5.744264996672197, 
          75.9978625177507
        ], 
        [
          -25.053050437492253, 
          6.773572313003069, 
          82.69833937109576
        ]
      ], 
      "cuboid_centroid": [
        -24.749810338724057, 
        13.446791405737981, 
        74.97796713803507
      ], 
      "location": [
        -24.749810338724057, 
        13.446791405737981, 
        74.97796713803507
      ], 
      "pose_transform_permuted": [
        [
          0.6995250856048835, 
          -0.38793318465100624, 
          -0.6001438556687403, 
          0.0
        ], 
        [
          0.6818698500893206, 
          0.11106394193151446, 
          0.7229924050342158, 
          0.0
        ], 
        [
          0.21381815239355864, 
          0.9149713007670744, 
          -0.3422113935556237, 
          0.0
        ], 
        [
          -24.749810338724057, 
          13.446791405737981, 
          74.97796713803507, 
          1.0
        ]
      ], 
      "projected_cuboid": [
        [
          349.790515665312, 
          425.79653578402707
        ], 
        [
          286.1323657780463, 
          432.82830612829196
        ], 
        [
          274.5663785945734, 
          302.34595982467454
        ], 
        [
          334.3932642480068, 
          306.77450483348133
        ], 
        [
          332.3015125679592, 
          432.5880814676352
        ], 
        [
          269.4329642896307, 
          439.9980298683197
        ], 
        [
          259.6045577311805, 
          313.59726399605535
        ], 
        [
          318.6841356079269, 
          316.9691414051869
        ]
      ], 
      "projected_cuboid_centroid": [
        304.0841548920757, 
        368.9337989200366
      ], 
      "quaternion_xyzw": [
        0.8940057335561579, 
        -0.028734214615523376, 
        0.39779316766253786, 
        0.20417782313942098
      ], 
      "visibility": 0.6025823394244447
    }, 
    {
      "bounding_box": {
        "bottom_right": [
          340, 
          363
        ], 
        "top_left": [
          262, 
          217
        ]
      }, 
      "class": "024_bowl", 
      "cuboid": [
        [
          -27.05063567425048, 
          2.8551835151817446, 
          52.78248465063903
        ], 
        [
          -31.62297741798025, 
          9.49272579345416, 
          66.73866840080714
        ], 
        [
          -32.79525968102903, 
          4.50030522022604, 
          68.72899240314139
        ], 
        [
          -28.22291793729927, 
          -2.1372370580463746, 
          54.77280865297327
        ], 
        [
          -11.954965117418213, 
          1.5329244937120894, 
          58.35701105320887
        ], 
        [
          -16.52730686114798, 
          8.170466771984504, 
          72.31319480337699
        ], 
        [
          -17.69958912419677, 
          3.1780461987563853, 
          74.30351880571124
        ], 
        [
          -13.127247380467002, 
          -3.4594960795160308, 
          60.34733505554312
        ]
      ], 
      "cuboid_centroid": [
        -22.375112399223624, 
        3.0166148569690647, 
        63.54300172817513
      ], 
      "location": [
        -22.375112399223624, 
        3.0166148569690647, 
        63.54300172817513
      ], 
      "pose_transform_permuted": [
        [
          -0.934930674714783, 
          0.0818923885783148, 
          -0.3452510248649507, 
          0.0
        ], 
        [
          0.28370739187392013, 
          -0.41185018832066567, 
          -0.8659616262723944, 
          0.0
        ], 
        [
          0.21310736560114113, 
          0.9075643553341937, 
          -0.3618178984701711, 
          0.0
        ], 
        [
          -22.375112399223624, 
          3.0166148569690647, 
          63.54300172817513, 
          1.0
        ]
      ], 
      "projected_cuboid": [
        [
          205.9969600605594, 
          302.1356020653372
        ], 
        [
          226.78677995973095, 
          349.1444579045382
        ], 
        [
          224.9934147293424, 
          308.2077672949059
        ], 
        [
          204.5020995675607, 
          252.47638774508545
        ], 
        [
          371.4312131351072, 
          287.2957998895538
        ], 
        [
          358.69016441471706, 
          333.54483447900583
        ], 
        [
          353.49812689662764, 
          296.09722449079504
        ], 
        [
          364.6182284014814, 
          242.7132408273594
        ]
      ], 
      "projected_cuboid_centroid": [
        292.23663575885524, 
        298.6051369514501
      ], 
      "quaternion_xyzw": [
        0.7963232340063087, 
        -0.19620096690436883, 
        -0.5653772940690408, 
        0.08788061742326315
      ], 
      "visibility": 0.7851650301668047
    }, 
    {
      "bounding_box": {
        "bottom_right": [
          317, 
          513
        ], 
        "top_left": [
          239, 
          424
        ]
      }, 
      "class": "025_mug", 
      "cuboid": [
        [
          6.134694265852408, 
          2.463607725699864, 
          64.29119364543477
        ], 
        [
          -4.811160290597603, 
          3.8637029501937348, 
          60.405996492798586
        ], 
        [
          -6.415171051337913, 
          -3.920348248182501, 
          62.119900658373204
        ], 
        [
          4.530683505112097, 
          -5.320443472676372, 
          66.00509781100939
        ], 
        [
          3.409775577841631, 
          4.909515954236496, 
          72.84959281055343
        ], 
        [
          -7.536078978608379, 
          6.309611178730368, 
          68.96439565791724
        ], 
        [
          -9.140089739348689, 
          -1.4744400196458687, 
          70.67829982349187
        ], 
        [
          1.8057648171013216, 
          -2.87453524413974, 
          74.56349697612805
        ]
      ], 
      "cuboid_centroid": [
        -1.5026977367481407, 
        0.4945838530269975, 
        67.48474673446331
      ], 
      "location": [
        -1.5026977367481407, 
        0.4945838530269975, 
        67.48474673446331
      ], 
      "pose_transform_permuted": [
        [
          0.2927250304067282, 
          -0.2627522662311533, 
          -0.9193880415092851, 
          0.0
        ], 
        [
          0.9356230635911487, 
          -0.11967648359518702, 
          0.33209650684267955, 
          0.0
        ], 
        [
          0.1972880270019509, 
          0.9574125938538202, 
          -0.21080455291994482, 
          0.0
        ], 
        [
          -1.5026977367481407, 
          0.4945838530269975, 
          67.48474673446331, 
          1.0
        ]
      ], 
      "projected_cuboid": [
        [
          532.9107506523311, 
          293.7230887882776
        ], 
        [
          438.7657437679192, 
          307.3988540846901
        ], 
        [
          426.06175557592826, 
          239.6290711882298
        ], 
        [
          518.5099538132675, 
          230.29748426837315
        ], 
        [
          506.7674859095015, 
          309.2282763120054
        ], 
        [
          422.83294783095016, 
          322.08039996935173
        ], 
        [
          412.05363931576744, 
          262.1608071892095
        ], 
        [
          494.6205374654876, 
          252.72626384748227
        ]
      ], 
      "projected_cuboid_centroid": [
        469.6225591410148, 
        277.19514351236234
      ], 
      "quaternion_xyzw": [
        0.9762714400916188, 
        -0.08116710619113066, 
        0.16000200138774182, 
        0.12126668867488759
      ], 
      "visibility": 0.8854531310774018
    }, 
    {
      "bounding_box": {
        "bottom_right": [
          332, 
          415
        ], 
        "top_left": [
          265, 
          357
        ]
      }, 
      "class": "061_foam_brick", 
      "cuboid": [
        [
          -13.959517956730691, 
          -1.1568288200844303, 
          69.59182267228545
        ], 
        [
          -12.33318854897491, 
          6.012360792585106, 
          67.02250990140229
        ], 
        [
          -15.560010465709755, 
          7.981545995296585, 
          70.47463407423163
        ], 
        [
          -17.186339873465535, 
          0.812356382627049, 
          73.04394684511479
        ], 
        [
          -10.029534047148447, 
          -0.8039649560640051, 
          73.06403378409794
        ], 
        [
          -8.403204639392667, 
          6.365224656605531, 
          70.49472101321479
        ], 
        [
          -11.630026556127513, 
          8.33440985931701, 
          73.94684518604414
        ], 
        [
          -13.256355963883292, 
          1.1652202466474735, 
          76.5161579569273
        ]
      ], 
      "cuboid_centroid": [
        -12.794772256429102, 
        3.5887905196162895, 
        71.76933392916479
      ], 
      "location": [
        -12.794772256429102, 
        3.5887905196162895, 
        71.76933392916479
      ], 
      "pose_transform_permuted": [
        [
          -0.7477138276649397, 
          -0.06713543782406955, 
          -0.660618547201647, 
          0.0
        ], 
        [
          -0.2088411351713953, 
          -0.9206140464710285, 
          0.3299320501263282, 
          0.0
        ], 
        [
          0.6303248465505442, 
          -0.3846590833821677, 
          -0.6743352114435539, 
          0.0
        ], 
        [
          -12.794772256429102, 
          3.5887905196162895, 
          71.76933392916479, 
          1.0
        ]
      ], 
      "projected_cuboid": [
        [
          373.72625648554293, 
          264.42113626558836
        ], 
        [
          382.6400912712265, 
          321.1288189776732
        ], 
        [
          362.8647925148146, 
          333.6872032589486
        ], 
        [
          355.0678277190857, 
          279.217838056002
        ], 
        [
          407.77795117975063, 
          267.41812047085455
        ], 
        [
          417.4938139335387, 
          321.44190212586807
        ], 
        [
          397.0199679124765, 
          333.39598526029374
        ], 
        [
          388.4299337552019, 
          281.4081529819484
        ]
      ], 
      "projected_cuboid_centroid": [
        385.7264826155215, 
        299.9549234773823
      ], 
      "quaternion_xyzw": [
        -0.5165070978815498, 
        0.7506861470939785, 
        0.20221492562838939, 
        -0.35888696027061395
      ], 
      "visibility": 0.9816905706438815
    }
  ]
}