{
  "camera_data": {
    "location_worldframe": [
      -13.820963408731485, 
      -0.9214456250218204, 
      70.22939977415771
    ], 
    "quaternion_xyzw_worldframe": [
      -0.8346634917511254, 
      -0.050217198588192874, 
      -0.1010629709616393, 
      0.539075850290213
    ]
  }, 
  "objects": [
    {
      "bounding_box": {
        "bottom_right": [
          477, 
          395
        ], 
        "top_left": [
          297, 
          251
        ]
      }, 
      "class": "003_cracker_box", 
      "cuboid": [
        [
          -10.148713571162535, 
          25.099083792231593, 
          68.14093288506248
        ], 
        [
          -22.461474029590804, 
          22.13799182735142, 
          57.7147168909425
        ], 
        [
          -23.83129779429243, 
          2.1284879497179303, 
          65.0151884216742
        ], 
        [
          -11.51853733586416, 
          5.0895799145980956, 
          75.44140441579418
        ], 
        [
          -14.870406838434807, 
          27.23538512042152, 
          73.11026149765316
        ], 
        [
          -27.183167296863076, 
          24.27429315554135, 
          62.68404550353317
        ], 
        [
          -28.552991061564704, 
          4.264789277907857, 
          69.98451703426487
        ], 
        [
          -16.240230603136432, 
          7.225881242788022, 
          80.41073302838487
        ]
      ], 
      "cuboid_centroid": [
        -19.350852316363618, 
        14.681936535069722, 
        69.06272495966368
      ], 
      "location": [
        -19.350852316363618, 
        14.681936535069722, 
        69.06272495966368
      ], 
      "pose_transform_permuted": [
        [
          0.6576174624177982, 
          -0.2975350110397208, 
          -0.692107065654418, 
          0.0
        ], 
        [
          0.7506132762589708, 
          0.1805147552871775, 
          0.6356053277210505, 
          0.0
        ], 
        [
          0.06417930061125421, 
          0.9374899147879956, 
          -0.34204338473919726, 
          0.0
        ], 
        [
          -19.350852316363618, 
          14.681936535069722, 
          69.06272495966368, 
          1.0
        ]
      ], 
      "projected_cuboid": [
        [
          401.504050787908, 
          469.72988472324323
        ], 
        [
          272.3095048334754, 
          477.8552374332411
        ], 
        [
          284.4798298373983, 
          290.7465243890105
        ], 
        [
          399.4902344683476, 
          309.26641745994374
        ], 
        [
          372.2174886693744, 
          471.9613059604155
        ], 
        [
          248.39372133531654, 
          479.8136662721228
        ], 
        [
          262.19466632681554, 
          305.7865213548003
        ], 
        [
          372.98704491225095, 
          321.21178163127934
        ]
      ], 
      "projected_cuboid_centroid": [
        330.9196653937282, 
        386.66411289759776
      ], 
      "quaternion_xyzw": [
        0.9192674062400702, 
        0.031638088625308515, 
        0.3516992937420428, 
        0.17393698270965616
      ], 
      "visibility": 0.8188470538183366
    }, 
    {
      "bounding_box": {
        "bottom_right": [
          455, 
          282
        ], 
        "top_left": [
          309, 
          195
        ]
      }, 
      "class": "004_sugar_box", 
      "cuboid": [
        [
          -24.57556167822496, 
          21.642206305066075, 
          66.06980733209149
        ], 
        [
          -32.306674219725195, 
          20.594576289238535, 
          61.06754662610263
        ], 
        [
          -34.14658720317744, 
          4.225971588460912, 
          67.33926651691841
        ], 
        [
          -26.41547466167721, 
          5.273601604288452, 
          72.34152722290727
        ], 
        [
          -27.019531559144156, 
          23.236267293436892, 
          69.51317255769709
        ], 
        [
          -34.750644100644394, 
          22.188637277609352, 
          64.51091185170823
        ], 
        [
          -36.59055708409664, 
          5.8200325768317285, 
          70.78263174252402
        ], 
        [
          -28.859444542596403, 
          6.8676625926592685, 
          75.78489244851288
        ]
      ], 
      "cuboid_centroid": [
        -30.583059381160798, 
        13.731119440948902, 
        68.42621953730776
      ], 
      "location": [
        -30.583059381160798, 
        13.731119440948902, 
        68.42621953730776
      ], 
      "pose_transform_permuted": [
        [
          0.5414919658750347, 
          -0.3531840654243127, 
          -0.7629204515964155, 
          0.0
        ], 
        [
          0.8341996804569211, 
          0.11304099115737684, 
          0.5397521068408053, 
          0.0
        ], 
        [
          0.10439045238816144, 
          0.9286993814626284, 
          -0.3558362175507102, 
          0.0
        ], 
        [
          -30.583059381160798, 
          13.731119440948902, 
          68.42621953730776, 
          1.0
        ]
      ], 
      "projected_cuboid": [
        [
          281.5684429842143, 
          447.9837697669966
        ], 
        [
          197.10280183274926, 
          453.1446041554623
        ], 
        [
          208.9061581438579, 
          306.75576808486727
        ], 
        [
          285.23279076485943, 
          312.1648298475103
        ], 
        [
          272.57004132409213, 
          451.5600353837184
        ], 
        [
          191.9151306894024, 
          456.72271093822786
        ], 
        [
          203.6039441222544, 
          317.13821842204305
        ], 
        [
          276.81257514603453, 
          321.61620940988604
        ]
      ], 
      "projected_cuboid_centroid": [
        241.2437512998542, 
        380.3080122969547
      ], 
      "quaternion_xyzw": [
        0.9388582845025074, 
        0.002303472982027112, 
        0.28791461143914315, 
        0.18879853719103262
      ], 
      "visibility": 0.526071741032371
    }, 
    {
      "bounding_box": {
        "bottom_right": [
          350, 
          268
        ], 
        "top_left": [
          268, 
          90
        ]
      }, 
      "class": "024_bowl", 
      "cuboid": [
        [
          -37.963446523495485, 
          3.6164437225591413, 
          47.134434454786515
        ], 
        [
          -39.160307311481475, 
          9.782056143103466, 
          61.97664079749633
        ], 
        [
          -39.70551774332118, 
          4.711616643860557, 
          64.03899076489964
        ], 
        [
          -38.508656955335205, 
          -1.453995776683767, 
          49.19678442218982
        ], 
        [
          -21.941455280672592, 
          2.5922088645989096, 
          48.85191012095015
        ], 
        [
          -23.138316068658575, 
          8.757821285143233, 
          63.69411646365997
        ], 
        [
          -23.683526500498292, 
          3.6873817859003246, 
          65.75646643106327
        ], 
        [
          -22.486665712512306, 
          -2.478230634643999, 
          50.91426008835346
        ]
      ], 
      "cuboid_centroid": [
        -30.82348651199689, 
        3.651912754229733, 
        56.445450442924894
      ], 
      "location": [
        -30.82348651199689, 
        3.651912754229733, 
        56.445450442924894
      ], 
      "pose_transform_permuted": [
        [
          -0.9923011386961602, 
          0.06343465056514215, 
          -0.10636961619739654, 
          0.0
        ], 
        [
          0.07426353313623567, 
          -0.382567602593762, 
          -0.9209380853737045, 
          0.0
        ], 
        [
          0.09911295469526857, 
          0.9217472943021529, 
          -0.37491138640781985, 
          0.0
        ], 
        [
          -30.82348651199689, 
          3.651912754229733, 
          56.445450442924894, 
          1.0
        ]
      ], 
      "projected_cuboid": [
        [
          48.46626420891336, 
          314.20609670717454
        ], 
        [
          141.80769154558615, 
          357.46280242020475
        ], 
        [
          148.1720963320345, 
          312.5250924082366
        ], 
        [
          60.66366198635742, 
          257.5244423351224
        ], 
        [
          240.06454520202357, 
          301.5858562217586
        ], 
        [
          286.24223092030235, 
          346.61697816337585
        ], 
        [
          287.91043935250406, 
          303.1931467726923
        ], 
        [
          244.08954802151501, 
          247.32742698234145
        ]
      ], 
      "projected_cuboid_centroid": [
        187.93722902000832, 
        307.7912956293976
      ], 
      "quaternion_xyzw": [
        0.7249793865407114, 
        -0.1661014665490705, 
        -0.6597564219029095, 
        0.1074088248663559
      ], 
      "visibility": 0.799016930638995
    }, 
    {
      "bounding_box": {
        "bottom_right": [
          335, 
          444
        ], 
        "top_left": [
          243, 
          332
        ]
      }, 
      "class": "025_mug", 
      "cuboid": [
        [
          -2.977624366340871, 
          3.8963692926463684, 
          50.26288039733421
        ], 
        [
          -14.566785951539659, 
          5.07625172477871, 
          49.18308100765182
        ], 
        [
          -15.536604834809136, 
          -2.78955770941678, 
          50.99698959048128
        ], 
        [
          -3.947443249610346, 
          -3.969440141549121, 
          52.07678898016367
        ], 
        [
          -3.59940553919592, 
          6.056195793964802, 
          59.29628412159468
        ], 
        [
          -15.188567124394709, 
          7.236078226097142, 
          58.21648473191229
        ], 
        [
          -16.158386007664184, 
          -0.6297312080983463, 
          60.03039331474175
        ], 
        [
          -4.569224422465394, 
          -1.8096136402306875, 
          61.110192704424136
        ]
      ], 
      "cuboid_centroid": [
        -9.568005187002528, 
        1.6333190422740111, 
        55.14663685603798
      ], 
      "location": [
        -9.568005187002528, 
        1.6333190422740111, 
        55.14663685603798
      ], 
      "pose_transform_permuted": [
        [
          0.06679498861053924, 
          -0.23201986945644798, 
          -0.9704155178996448, 
          0.0
        ], 
        [
          0.9906112684831073, 
          -0.10085326916558854, 
          0.09229843205281417, 
          0.0
        ], 
        [
          0.11928452022426744, 
          0.9674685868874929, 
          -0.22310476601987567, 
          0.0
        ], 
        [
          -9.568005187002528, 
          1.6333190422740111, 
          55.14663685603798, 
          1.0
        ]
      ], 
      "projected_cuboid": [
        [
          449.7393794942268, 
          314.6293744963363
        ], 
        [
          322.32495398447645, 
          328.331167119443
        ], 
        [
          317.7633387893143, 
          244.11372274734353
        ], 
        [
          440.8343227172329, 
          232.63541099816146
        ], 
        [
          448.9536950216313, 
          327.75686212209894
        ], 
        [
          341.2954875248149, 
          339.5760475783704
        ], 
        [
          336.8470832834327, 
          267.6919055482942
        ], 
        [
          441.3883187339179, 
          257.49371603802194
        ]
      ], 
      "projected_cuboid_centroid": [
        388.2943909137827, 
        289.08226153725343
      ], 
      "quaternion_xyzw": [
        0.9910216159688754, 
        -0.055533044346020036, 
        0.04013369085492026, 
        0.11481198496144042
      ], 
      "visibility": 0.9018853405155829
    }, 
    {
      "bounding_box": {
        "bottom_right": [
          347, 
          339
        ], 
        "top_left": [
          270, 
          285
        ]
      }, 
      "class": "061_foam_brick", 
      "cuboid": [
        [
          -21.10321674471828, 
          -0.4239035703777587, 
          60.151221213340165
        ], 
        [
          -20.3056445445977, 
          6.848734966334346, 
          57.48360008966309
        ], 
        [
          -22.64166472092845, 
          8.641026960905208, 
          61.671431329279116
        ], 
        [
          -23.43923692104903, 
          1.3683884241931, 
          64.3390524529562
        ], 
        [
          -16.457418437714548, 
          -0.042681208225250206, 
          62.579546570934816
        ], 
        [
          -15.65984623759397, 
          7.229957328486856, 
          59.911925447257744
        ], 
        [
          -17.99586641392472, 
          9.022249323057716, 
          64.09975668687376
        ], 
        [
          -18.7934386140453, 
          1.7496107863456092, 
          66.76737781055084
        ]
      ], 
      "cuboid_centroid": [
        -19.5495415793215, 
        4.299172876339978, 
        62.12548895010697
      ], 
      "location": [
        -19.5495415793215, 
        4.299172876339978, 
        62.12548895010697
      ], 
      "pose_transform_permuted": [
        [
          -0.8839037804249719, 
          -0.07253089024143682, 
          -0.4620101480608705, 
          0.0
        ], 
        [
          -0.1024182941413931, 
          -0.9338981884328481, 
          0.3425560781346779, 
          0.0
        ], 
        [
          0.45631633761636226, 
          -0.35010490371120073, 
          -0.8180476492367426, 
          0.0
        ], 
        [
          -19.5495415793215, 
          4.299172876339978, 
          62.12548895010697, 
          1.0
        ]
      ], 
      "projected_cuboid": [
        [
          292.93006622446944, 
          269.52807604336766
        ], 
        [
          291.6360197267035, 
          336.82752135404587
        ], 
        [
          284.16574104243045, 
          348.0120437404154
        ], 
        [
          285.68529015977055, 
          284.62938989148626
        ], 
        [
          340.1737455566421, 
          272.92279734368344
        ], 
        [
          341.035707264369, 
          337.6456417823676
        ], 
        [
          330.62099794111293, 
          348.35300464127874
        ], 
        [
          330.22920968910745, 
          287.26195121292704
        ]
      ], 
      "projected_cuboid_centroid": [
        312.3744166285258, 
        310.1930175140423
      ], 
      "quaternion_xyzw": [
        -0.5023661389385923, 
        0.6918333155308192, 
        0.2693989803104874, 
        -0.4431919622209254
      ], 
      "visibility": 0.9197969543147209
    }
  ]
}