{
  "camera_data": {
    "location_worldframe": [
      -21.49560108169925, 
      10.311125741149828, 
      81.23253770395785
    ], 
    "quaternion_xyzw_worldframe": [
      0.9442321549416209, 
      0.03511537702423807, 
      -0.11437988695272808, 
      -0.3067748758740233
    ]
  }, 
  "objects": [
    {
      "bounding_box": {
        "bottom_right": [
          539, 
          351
        ], 
        "top_left": [
          345, 
          154
        ]
      }, 
      "class": "003_cracker_box", 
      "cuboid": [
        [
          -24.99761056744249, 
          31.526980060331066, 
          65.98333178940344
        ], 
        [
          -38.88069376083504, 
          23.0316124069485, 
          63.94204661423577
        ], 
        [
          -33.060741637842035, 
          9.756244066012968, 
          79.60877249570034
        ], 
        [
          -19.17765844444949, 
          18.25161171939553, 
          81.65005767086801
        ], 
        [
          -28.282798144406602, 
          35.74380617070682, 
          70.77690224095173
        ], 
        [
          -42.16588133779914, 
          27.248438517324246, 
          68.73561706578406
        ], 
        [
          -36.34592921480614, 
          13.973070176388713, 
          84.40234294724861
        ], 
        [
          -22.4628460214136, 
          22.46843782977128, 
          86.44362812241629
        ]
      ], 
      "cuboid_centroid": [
        -30.671769891124317, 
        22.75002511835989, 
        75.19283736832602
      ], 
      "location": [
        -30.671769891124317, 
        22.75002511835989, 
        75.19283736832602
      ], 
      "pose_transform_permuted": [
        [
          0.45754702722942386, 
          -0.5873017007232264, 
          -0.6676282125563021, 
          0.0
        ], 
        [
          0.8463436445102785, 
          0.5178965162897325, 
          0.12444128660544593, 
          0.0
        ], 
        [
          -0.27267774619608487, 
          0.62198063534371, 
          -0.7340210732580223, 
          0.0
        ], 
        [
          -30.671769891124317, 
          22.75002511835989, 
          75.19283736832602, 
          1.0
        ]
      ], 
      "projected_cuboid": [
        [
          277.86659459661973, 
          528.1077997826012
        ], 
        [
          154.60349913849865, 
          465.385643015375
        ], 
        [
          258.2689521330802, 
          338.64611903618675
        ], 
        [
          355.28907922912776, 
          392.5019094344134
        ], 
        [
          266.7039233993617, 
          542.6240083190637
        ], 
        [
          151.70559897516466, 
          484.7071448294954
        ], 
        [
          250.02135397483875, 
          361.5792523999242
        ], 
        [
          341.85616985318563, 
          411.90702578547564
        ]
      ], 
      "projected_cuboid_centroid": [
        262.23875269928624, 
        434.64544313651135
      ], 
      "quaternion_xyzw": [
        0.8854310380275658, 
        0.22321734514947192, 
        0.16432344497752713, 
        0.37307331605539235
      ], 
      "visibility": 0.8950979228304788
    }, 
    {
      "bounding_box": {
        "bottom_right": [
          484, 
          265
        ], 
        "top_left": [
          354, 
          133
        ]
      }, 
      "class": "004_sugar_box", 
      "cuboid": [
        [
          -38.076364277245155, 
          26.888765020874693, 
          71.62307495936257
        ], 
        [
          -46.50170527429188, 
          23.053061360468995, 
          71.18575532440522
        ], 
        [
          -42.30733527016927, 
          12.31941176645028, 
          84.52168411422667
        ], 
        [
          -33.881994273122544, 
          16.155115426855982, 
          84.959003749184
        ], 
        [
          -39.61946251618485, 
          29.942688074120806, 
          74.56640387408294
        ], 
        [
          -48.04480351323158, 
          26.1069844137151, 
          74.1290842391256
        ], 
        [
          -43.85043350910897, 
          15.373334819696389, 
          87.46501302894704
        ], 
        [
          -35.42509251206224, 
          19.209038480102087, 
          87.90233266390437
        ]
      ], 
      "cuboid_centroid": [
        -40.96339889317706, 
        21.13104992028554, 
        79.5440439941548
      ], 
      "location": [
        -40.96339889317706, 
        21.13104992028554, 
        79.5440439941548
      ], 
      "pose_transform_permuted": [
        [
          0.3418926335653095, 
          -0.6766346879493318, 
          -0.6521311791491194, 
          0.0
        ], 
        [
          0.9091080655919547, 
          0.4138786947754048, 
          0.04718750345188501, 
          0.0
        ], 
        [
          -0.23797439669790638, 
          0.6089910484751462, 
          -0.75663558652305, 
          0.0
        ], 
        [
          -40.96339889317706, 
          21.13104992028554, 
          79.5440439941548, 
          1.0
        ]
      ], 
      "projected_cuboid": [
        [
          195.71017231704926, 
          473.50560091689493
        ], 
        [
          130.30566605779816, 
          445.9987473210063
        ], 
        [
          212.4192499752004, 
          351.0202416700379
        ], 
        [
          267.134604049574, 
          374.6982665248661
        ], 
        [
          195.866227325127, 
          487.4449403321765
        ], 
        [
          133.05955729064058, 
          461.1124930473865
        ], 
        [
          211.99000576256623, 
          367.025739909839
        ], 
        [
          264.8754019515339, 
          389.83129947822874
        ]
      ], 
      "projected_cuboid_centroid": [
        204.66065919778833, 
        414.9640561157091
      ], 
      "quaternion_xyzw": [
        0.8902570265401195, 
        0.18305193669929865, 
        0.1092606195227993, 
        0.40248777368335414
      ], 
      "visibility": 0.38213879408418655
    }, 
    {
      "bounding_box": {
        "bottom_right": [
          370, 
          220
        ], 
        "top_left": [
          279, 
          108
        ]
      }, 
      "class": "024_bowl", 
      "cuboid": [
        [
          -52.02323848486441, 
          1.073217360503692, 
          70.2984830859969
        ], 
        [
          -49.92787375359951, 
          14.032533012232829, 
          79.64748976411965
        ], 
        [
          -48.56826000914903, 
          10.771195128820294, 
          83.86353343024047
        ], 
        [
          -50.66362474041392, 
          -2.188120522908843, 
          74.51452675211773
        ], 
        [
          -36.519367458876886, 
          1.779298444144159, 
          65.84489848411852
        ], 
        [
          -34.424002727612, 
          14.738614095873295, 
          75.19390516224126
        ], 
        [
          -33.064388983161514, 
          11.47727621246076, 
          79.40994882836208
        ], 
        [
          -35.15975371442641, 
          -1.4820394392683762, 
          70.06094215023934
        ]
      ], 
      "cuboid_centroid": [
        -42.54381373401296, 
        6.275246786482226, 
        74.85421595717949
      ], 
      "location": [
        -42.54381373401296, 
        6.275246786482226, 
        74.85421595717949
      ], 
      "pose_transform_permuted": [
        [
          -0.9602120385740043, 
          -0.04373021135073397, 
          0.2758269558849778, 
          0.0
        ], 
        [
          -0.13001444254401626, 
          -0.8041073590058937, 
          -0.5800927511377257, 
          0.0
        ], 
        [
          -0.2471620636495861, 
          0.592873531039957, 
          -0.7664280073723101, 
          0.0
        ], 
        [
          -42.54381373401296, 
          6.275246786482226, 
          74.85421595717949, 
          1.0
        ]
      ], 
      "projected_cuboid": [
        [
          83.63363489144218, 
          281.4285036431364
        ], 
        [
          144.49399063226156, 
          367.248377570895
        ], 
        [
          170.15940873175305, 
          341.7845974047948
        ], 
        [
          115.9626675126992, 
          257.6255980805749
        ], 
        [
          183.3385521071894, 
          287.6982042823091
        ], 
        [
          235.40703579038464, 
          377.82149342990715
        ], 
        [
          257.6850917101146, 
          350.3682671083463
        ], 
        [
          211.72273051509276, 
          262.00492183789464
        ]
      ], 
      "projected_cuboid_centroid": [
        175.95587153993782, 
        317.9962708624431
      ], 
      "quaternion_xyzw": [
        -0.5447550212276528, 
        0.25559438355482345, 
        0.7068795741618497, 
        -0.371799335092535
      ], 
      "visibility": 0.5892484342379958
    }, 
    {
      "bounding_box": {
        "bottom_right": [
          358, 
          339
        ], 
        "top_left": [
          268, 
          235
        ]
      }, 
      "class": "025_mug", 
      "cuboid": [
        [
          -18.96579479010508, 
          4.4321833423983765, 
          58.905658592868384
        ], 
        [
          -30.233996547971376, 
          4.380184851423609, 
          62.05076285575309
        ], 
        [
          -28.67453025483545, 
          -1.4088737292031237, 
          67.5422687238126
        ], 
        [
          -17.406328496969152, 
          -1.3568752382283555, 
          64.3971644609279
        ], 
        [
          -17.21184885364452, 
          10.968172666411606, 
          65.29771322315402
        ], 
        [
          -28.480050611510816, 
          10.916174175436838, 
          68.44281748603872
        ], 
        [
          -26.92058431837489, 
          5.127115594810106, 
          73.93432335409824
        ], 
        [
          -15.652382560508594, 
          5.179114085784874, 
          70.78921909121352
        ]
      ], 
      "cuboid_centroid": [
        -22.943189554239986, 
        4.779649468604241, 
        66.41999097348331
      ], 
      "location": [
        -22.943189554239986, 
        4.779649468604241, 
        66.41999097348331
      ], 
      "pose_transform_permuted": [
        [
          -0.18841805439595743, 
          -0.702130189068694, 
          -0.6866679707708139, 
          0.0
        ], 
        [
          0.963176460593982, 
          0.004444695220188234, 
          -0.26883529929783123, 
          0.0
        ], 
        [
          -0.19180920457593104, 
          0.7120350894924395, 
          -0.6754370883890239, 
          0.0
        ], 
        [
          -22.943189554239986, 
          4.779649468604241, 
          66.41999097348331, 
          1.0
        ]
      ], 
      "projected_cuboid": [
        [
          308.4537370141645, 
          313.4146042686387
        ], 
        [
          219.57361104010954, 
          310.933752159999
        ], 
        [
          253.29365420854376, 
          262.1619494208725
        ], 
        [
          336.2413344759484, 
          262.04927089794035
        ], 
        [
          339.8476488423798, 
          362.8691739706783
        ], 
        [
          257.825649288223, 
          358.34746438551196
        ], 
        [
          285.7892097938673, 
          310.27059393604804
        ], 
        [
          362.690712425423, 
          312.30551574226547
        ]
      ], 
      "projected_cuboid_centroid": [
        295.83941367857267, 
        311.6647525060031
      ], 
      "quaternion_xyzw": [
        0.9167714438257274, 
        0.05351767365733578, 
        -0.12469120759958731, 
        0.37565722807340873
      ], 
      "visibility": 0.7200257152041144
    }, 
    {
      "bounding_box": {
        "bottom_right": [
          383, 
          291
        ], 
        "top_left": [
          311, 
          228
        ]
      }, 
      "class": "061_foam_brick", 
      "cuboid": [
        [
          -31.474431658703605, 
          5.15567418360539, 
          75.87598457598467
        ], 
        [
          -33.31889324249699, 
          9.986021092944245, 
          70.05281487547668
        ], 
        [
          -34.57603647111921, 
          13.60257386425534, 
          73.45095676547808
        ], 
        [
          -32.73157488732583, 
          8.772226954916487, 
          79.27412646598607
        ], 
        [
          -26.533800583026967, 
          6.947176864322953, 
          75.79712292407972
        ], 
        [
          -28.37826216682035, 
          11.777523773661807, 
          69.97395322357173
        ], 
        [
          -29.63540539544257, 
          15.394076544972906, 
          73.37209511357312
        ], 
        [
          -27.79094381164919, 
          10.56372963563405, 
          79.19526481408111
        ]
      ], 
      "cuboid_centroid": [
        -30.554918527073088, 
        10.274875364289148, 
        74.6240398447789
      ], 
      "location": [
        -30.554918527073088, 
        10.274875364289148, 
        74.6240398447789
      ], 
      "pose_transform_permuted": [
        [
          -0.9399982945648286, 
          -0.34084906134226933, 
          0.015004119344627559, 
          0.0
        ], 
        [
          0.23685204799376233, 
          -0.6202772494964626, 
          0.7477681733787978, 
          0.0
        ], 
        [
          0.24556936611958427, 
          -0.7064545641010447, 
          -0.6637903549197055, 
          0.0
        ], 
        [
          -30.554918527073088, 
          10.274875364289148, 
          74.6240398447789, 
          1.0
        ]
      ], 
      "projected_cuboid": [
        [
          258.52494789858235, 
          309.5249080260849
        ], 
        [
          225.82288027414583, 
          349.3111861885648
        ], 
        [
          228.45198955099895, 
          372.05337973276
        ], 
        [
          259.55913559129414, 
          332.30201543467587
        ], 
        [
          293.34555427764326, 
          322.16788501103196
        ], 
        [
          263.50437062108375, 
          363.0511400997226
        ], 
        [
          264.39113201040396, 
          385.1814276334399
        ], 
        [
          292.88667538740094, 
          344.4251836976286
        ]
      ], 
      "projected_cuboid_centroid": [
        261.4088323646444, 
        346.7185346652969
      ], 
      "quaternion_xyzw": [
        0.3589545112364832, 
        -0.6030336633975452, 
        -0.1338819510331962, 
        0.6996982798748749
      ], 
      "visibility": 0.41083009079118027
    }
  ]
}