{
  "camera_data": {
    "location_worldframe": [
      -16.744701060587055, 
      12.696444962921094, 
      72.63456631914897
    ], 
    "quaternion_xyzw_worldframe": [
      0.8863307495172863, 
      0.006229205354867719, 
      -0.02891906762391873, 
      -0.4621082914214574
    ]
  }, 
  "objects": [
    {
      "bounding_box": {
        "bottom_right": [
          539, 
          380
        ], 
        "top_left": [
          390, 
          215
        ]
      }, 
      "class": "003_cracker_box", 
      "cuboid": [
        [
          -15.582680564335217, 
          37.90122644952783, 
          65.00017696399539
        ], 
        [
          -29.936165494431233, 
          32.7464798851339, 
          58.95996389610353
        ], 
        [
          -27.953463032305525, 
          14.486435863925943, 
          69.83163490090419
        ], 
        [
          -13.599978102209507, 
          19.64118242831988, 
          75.87184796879608
        ], 
        [
          -18.993823075966475, 
          40.8557697064366, 
          70.58472515013719
        ], 
        [
          -33.34730800606249, 
          35.70102314204265, 
          64.54451208224532
        ], 
        [
          -31.364605543936786, 
          17.440979120834697, 
          75.416183087046
        ], 
        [
          -17.011120613840767, 
          22.595725685228636, 
          81.45639615493786
        ]
      ], 
      "cuboid_centroid": [
        -23.473643054136, 
        27.67110278518127, 
        70.20818002552069
      ], 
      "location": [
        -23.473643054136, 
        27.67110278518127, 
        70.20818002552069
      ], 
      "pose_transform_permuted": [
        [
          0.4750894976581863, 
          -0.41149628517364534, 
          -0.7777922450778114, 
          0.0
        ], 
        [
          0.8750203811313678, 
          0.3142448210576425, 
          0.3682248294767292, 
          0.0
        ], 
        [
          -0.09289403543612579, 
          0.8555238159903793, 
          -0.5093620504647471, 
          0.0
        ], 
        [
          -23.473643054136, 
          27.67110278518127, 
          70.20818002552069, 
          1.0
        ]
      ], 
      "projected_cuboid": [
        [
          352.677344571249, 
          584.2620958315919
        ], 
        [
          208.55428598152278, 
          569.4932831795282
        ], 
        [
          266.33121410830313, 
          383.92264076705794
        ], 
        [
          385.20322787999527, 
          411.3486454177542
        ], 
        [
          336.8887828630747, 
          581.9819678159554
        ], 
        [
          203.75807460317145, 
          568.2776095172454
        ], 
        [
          257.94803775873197, 
          396.62366980212425
        ], 
        [
          369.2919709069182, 
          421.2275662215505
        ]
      ], 
      "projected_cuboid_centroid": [
        301.79920798029303, 
        483.4834266903352
      ], 
      "quaternion_xyzw": [
        0.9365276880850292, 
        0.1086830805094156, 
        0.2251172970815438, 
        0.2458171678622026
      ], 
      "visibility": 0.5985310342493546
    }, 
    {
      "bounding_box": {
        "bottom_right": [
          539, 
          278
        ], 
        "top_left": [
          396, 
          167
        ]
      }, 
      "class": "004_sugar_box", 
      "cuboid": [
        [
          -29.772590437485963, 
          33.8207690267795, 
          67.52396545987555
        ], 
        [
          -38.442099733238635, 
          31.67686772876248, 
          65.04736744136221
        ], 
        [
          -37.43544552778461, 
          16.78238316125323, 
          74.41710312625324
        ], 
        [
          -28.76593623203194, 
          18.926284459270253, 
          76.89370114476658
        ], 
        [
          -31.34687623740346, 
          35.996373480941386, 
          71.15152011413025
        ], 
        [
          -40.01638553315613, 
          33.85247218292436, 
          68.6749220956169
        ], 
        [
          -39.009731327702106, 
          18.95798761541511, 
          78.04465778050793
        ], 
        [
          -30.340222031949438, 
          21.10188891343213, 
          80.52125579902128
        ]
      ], 
      "cuboid_centroid": [
        -34.391160882594036, 
        26.389378321097308, 
        72.78431162019174
      ], 
      "location": [
        -34.391160882594036, 
        26.389378321097308, 
        72.78431162019174
      ], 
      "pose_transform_permuted": [
        [
          0.3488026261296883, 
          -0.4820322631830139, 
          -0.8037299135260724, 
          0.0
        ], 
        [
          0.9354542241383262, 
          0.2313304544639224, 
          0.2672289744294895, 
          0.0
        ], 
        [
          -0.057114161838576975, 
          0.8450627807264087, 
          -0.5316071769155267, 
          0.0
        ], 
        [
          -34.391160882594036, 
          26.389378321097308, 
          72.78431162019174, 
          1.0
        ]
      ], 
      "projected_cuboid": [
        [
          244.4867669163745, 
          540.4106370630839
        ], 
        [
          163.78592900778267, 
          533.0033344913066
        ], 
        [
          211.07544502957214, 
          393.55960984494425
        ], 
        [
          280.41953161226957, 
          404.5555234578031
        ], 
        [
          244.67701335471716, 
          543.0990573729359
        ], 
        [
          168.2458251983528, 
          536.1799756874576
        ], 
        [
          212.80186325384807, 
          402.8362898844042
        ], 
        [
          278.96883709230315, 
          413.05150423488294
        ]
      ], 
      "projected_cuboid_centroid": [
        227.49933234356317, 
        466.652002778232
      ], 
      "quaternion_xyzw": [
        0.9466053716294355, 
        0.07617868674408278, 
        0.16269493577317604, 
        0.2677038052176157
      ], 
      "visibility": 0.5215101880283665
    }, 
    {
      "bounding_box": {
        "bottom_right": [
          434, 
          232
        ], 
        "top_left": [
          356, 
          78
        ]
      }, 
      "class": "024_bowl", 
      "cuboid": [
        [
          -46.30479341777302, 
          12.229796601131005, 
          56.42311531542572
        ], 
        [
          -44.04625352890783, 
          21.1037372600902, 
          69.68548750660781
        ], 
        [
          -43.67960608489814, 
          16.51337916965073, 
          72.69448746869753
        ], 
        [
          -45.938145973763326, 
          7.639438510691534, 
          59.43211527751545
        ], 
        [
          -30.354092599149034, 
          11.877687233771535, 
          53.94236029298107
        ], 
        [
          -28.09555271028385, 
          20.751627892730735, 
          67.20473248416316
        ], 
        [
          -27.728905266274158, 
          16.16126980229126, 
          70.21373244625289
        ], 
        [
          -29.98744515513934, 
          7.287329143332065, 
          56.951360255070796
        ]
      ], 
      "cuboid_centroid": [
        -37.01684934202359, 
        14.195533201711132, 
        63.318423880839305
      ], 
      "location": [
        -37.01684934202359, 
        14.195533201711132, 
        63.318423880839305
      ], 
      "pose_transform_permuted": [
        [
          -0.9878858592194348, 
          0.021807434599173094, 
          0.15364232799095795, 
          0.0
        ], 
        [
          -0.14013923219800045, 
          -0.5506155709926404, 
          -0.8229115922013758, 
          0.0
        ], 
        [
          -0.06665226742754692, 
          0.8344740432012557, 
          -0.5470014135906002, 
          0.0
        ], 
        [
          -37.01684934202359, 
          14.195533201711132, 
          63.318423880839305, 
          1.0
        ]
      ], 
      "projected_cuboid": [
        [
          40.26993545366508, 
          388.884373888236
        ], 
        [
          141.6914285452103, 
          434.7984504558573
        ], 
        [
          158.4732493500493, 
          394.4361437104458
        ], 
        [
          65.93153480858204, 
          341.83974600977194
        ], 
        [
          178.9900139924482, 
          390.719352751621
        ], 
        [
          256.77990593187343, 
          437.9661539665427
        ], 
        [
          269.22255223008324, 
          396.0420357193193
        ], 
        [
          198.4401977113512, 
          341.5285487735612
        ]
      ], 
      "projected_cuboid_centroid": [
        167.21259125525333, 
        392.85293565861605
      ], 
      "quaternion_xyzw": [
        -0.620623171298876, 
        0.194950545655678, 
        0.7294271045468173, 
        -0.2115591244733382
      ], 
      "visibility": 0.6469141585665769
    }, 
    {
      "bounding_box": {
        "bottom_right": [
          434, 
          376
        ], 
        "top_left": [
          344, 
          259
        ]
      }, 
      "class": "025_mug", 
      "cuboid": [
        [
          -11.813175158469095, 
          13.810701457546568, 
          49.965416861950985
        ], 
        [
          -23.33960845891202, 
          14.527369036334253, 
          51.834769283356685
        ], 
        [
          -23.249315204440446, 
          7.137942013430018, 
          55.22445753888356
        ], 
        [
          -11.72288190399752, 
          6.421274434642332, 
          53.35510511747786
        ], 
        [
          -10.223540867083399, 
          17.65100215802644, 
          58.29482251528195
        ], 
        [
          -21.74997416752632, 
          18.367669736814126, 
          60.16417493668765
        ], 
        [
          -21.65968091305475, 
          10.97824271390989, 
          63.553863192214536
        ], 
        [
          -10.133247612611823, 
          10.261575135122204, 
          61.68451077080883
        ]
      ], 
      "cuboid_centroid": [
        -16.73642803576192, 
        12.39447208572823, 
        56.75964002708276
      ], 
      "location": [
        -16.73642803576192, 
        12.39447208572823, 
        56.75964002708276
      ], 
      "pose_transform_permuted": [
        [
          -0.17076683731107936, 
          -0.41254520520742394, 
          -0.89478835969275, 
          0.0
        ], 
        [
          0.9852494185101862, 
          -0.06125887313628383, 
          -0.1597873633736982, 
          0.0
        ], 
        [
          -0.01110577214460863, 
          0.908875123350686, 
          -0.4169204624138137, 
          0.0
        ], 
        [
          -16.73642803576192, 
          12.39447208572823, 
          56.75964002708276, 
          1.0
        ]
      ], 
      "projected_cuboid": [
        [
          354.45511902180516, 
          420.6988484799144
        ], 
        [
          239.4584082561496, 
          422.75629556206474
        ], 
        [
          255.20018421841957, 
          342.2198408866187
        ], 
        [
          363.4426008616892, 
          337.471425207703
        ], 
        [
          387.28590773874134, 
          434.7695772514128
        ], 
        [
          287.189790878423, 
          436.10499228869344
        ], 
        [
          298.32265512273057, 
          365.4117296543047
        ], 
        [
          393.2556705653149, 
          362.0073352343597
        ]
      ], 
      "projected_cuboid_centroid": [
        323.0293125017012, 
        389.74630910107095
      ], 
      "quaternion_xyzw": [
        0.9732565054436603, 
        -0.012882806513790741, 
        -0.0849093221663322, 
        0.2130645063716077
      ], 
      "visibility": 0.8180388044048243
    }, 
    {
      "bounding_box": {
        "bottom_right": [
          442, 
          307
        ], 
        "top_left": [
          365, 
          246
        ]
      }, 
      "class": "061_foam_brick", 
      "cuboid": [
        [
          -26.406068747086493, 
          11.103610493292146, 
          64.9554345575646
        ], 
        [
          -26.8416968285261, 
          17.7437089607025, 
          60.910324462978885
        ], 
        [
          -28.133054756452786, 
          20.258870323456126, 
          65.17806266615199
        ], 
        [
          -27.697426675013183, 
          13.618771856045775, 
          69.22317276073771
        ], 
        [
          -21.328546343407538, 
          12.03742202932311, 
          65.94148663347887
        ], 
        [
          -21.764174424847145, 
          18.677520496733464, 
          61.89637653889315
        ], 
        [
          -23.05553235277383, 
          21.192681859487088, 
          66.16411474206625
        ], 
        [
          -22.619904271334224, 
          14.55258339207674, 
          70.20922483665197
        ]
      ], 
      "cuboid_centroid": [
        -24.730800549930162, 
        16.14814617638962, 
        65.55977464981542
      ], 
      "location": [
        -24.730800549930162, 
        16.14814617638962, 
        65.55977464981542
      ], 
      "pose_transform_permuted": [
        [
          -0.966043067568907, 
          -0.17766581593908087, 
          -0.18760503577664578, 
          0.0
        ], 
        [
          0.05594012049866727, 
          -0.8526720939624417, 
          0.5194429738636375, 
          0.0
        ], 
        [
          0.2522528384788772, 
          -0.4913096355908417, 
          -0.8336566124340067, 
          0.0
        ], 
        [
          -24.730800549930162, 
          16.14814617638962, 
          65.55977464981542, 
          1.0
        ]
      ], 
      "projected_cuboid": [
        [
          262.9820491072385, 
          364.45324266615796
        ], 
        [
          244.61756096064877, 
          428.6471857905533
        ], 
        [
          249.47994347906712, 
          439.05477094910265
        ], 
        [
          266.42808943353003, 
          378.2103292481772
        ], 
        [
          307.6591529039395, 
          370.6424398102302
        ], 
        [
          292.5070037720577, 
          434.2182112552217
        ], 
        [
          294.20794193644, 
          444.1113468622286
        ], 
        [
          308.3410527864468, 
          383.83009869988456
        ]
      ], 
      "projected_cuboid_centroid": [
        278.73891806469277, 
        404.64944509605084
      ], 
      "quaternion_xyzw": [
        0.433657560952323, 
        -0.6369800920886027, 
        -0.2574612631707172, 
        0.583019022055212
      ], 
      "visibility": 0.33048189335614486
    }
  ]
}