{
  "camera_data": {
    "location_worldframe": [
      -10.078370722499406, 
      -1.2886312226932137, 
      78.23325205089353
    ], 
    "quaternion_xyzw_worldframe": [
      -0.8231764194032949, 
      -0.10075529819319495, 
      -0.18749183783571424, 
      0.5263841131768263
    ]
  }, 
  "objects": [
    {
      "bounding_box": {
        "bottom_right": [
          459, 
          434
        ], 
        "top_left": [
          293, 
          310
        ]
      }, 
      "class": "003_cracker_box", 
      "cuboid": [
        [
          -5.769117857598744, 
          24.671963151612246, 
          76.68655908382861
        ], 
        [
          -15.763932599411145, 
          21.705640168883512, 
          64.0223290667237
        ], 
        [
          -18.799558942032572, 
          1.7933828643189957, 
          71.08211156274973
        ], 
        [
          -8.80474420022017, 
          4.759705847047729, 
          83.74634157985463
        ], 
        [
          -11.370059975471191, 
          26.907399458227665, 
          80.58331022372076
        ], 
        [
          -21.364874717283595, 
          23.941076475498928, 
          67.91908020661586
        ], 
        [
          -24.40050105990502, 
          4.02881917093441, 
          74.97886270264188
        ], 
        [
          -14.40568631809262, 
          6.995142153663145, 
          87.64309271974679
        ]
      ], 
      "cuboid_centroid": [
        -15.084809458751883, 
        14.350391161273329, 
        75.83271089323524
      ], 
      "location": [
        -15.084809458751883, 
        14.350391161273329, 
        75.83271089323524
      ], 
      "pose_transform_permuted": [
        [
          0.7800755225322127, 
          -0.31134211142908497, 
          -0.5427230129605476, 
          0.0
        ], 
        [
          0.6093061474137483, 
          0.18083364977543964, 
          0.7720396426561976, 
          0.0
        ], 
        [
          0.14222586920075783, 
          0.9329336958003892, 
          -0.3307665662825009, 
          0.0
        ], 
        [
          -15.084809458751883, 
          14.350391161273329, 
          75.83271089323524, 
          1.0
        ]
      ], 
      "projected_cuboid": [
        [
          441.14116607274025, 
          444.86864130215156
        ], 
        [
          349.18583297768726, 
          454.0991253408757
        ], 
        [
          339.37104165760485, 
          286.7420499328571
        ], 
        [
          425.0587830435587, 
          303.597645194928
        ], 
        [
          405.72020182021953, 
          451.3661306842093
        ], 
        [
          312.4360493508507, 
          461.2785556551061
        ], 
        [
          306.5915940390168, 
          301.9432564680302
        ], 
        [
          393.2060788571617, 
          315.85288499002263
        ]
      ], 
      "projected_cuboid_centroid": [
        374.62386918736865, 
        374.21059228892676
      ], 
      "quaternion_xyzw": [
        0.8782031166214745, 
        0.010990561250570758, 
        0.4418440153001093, 
        0.1827904802313373
      ], 
      "visibility": 0.8127261593275066
    }, 
    {
      "bounding_box": {
        "bottom_right": [
          443, 
          331
        ], 
        "top_left": [
          305, 
          249
        ]
      }, 
      "class": "004_sugar_box", 
      "cuboid": [
        [
          -19.521770746792257, 
          21.323745256306243, 
          71.78478845753132
        ], 
        [
          -26.099162705857243, 
          20.290223722630664, 
          65.33808463260333
        ], 
        [
          -29.347312140059596, 
          4.011130902199859, 
          71.26190368982806
        ], 
        [
          -22.769920180994603, 
          5.044652435875435, 
          77.70860751475607
        ], 
        [
          -22.59070827508621, 
          22.978926983544586, 
          74.65058314446217
        ], 
        [
          -29.1681002341512, 
          21.94540544986901, 
          68.20387931953417
        ], 
        [
          -32.416249668353544, 
          5.666312629438204, 
          74.12769837675891
        ], 
        [
          -25.83885770928856, 
          6.699834163113779, 
          80.57440220168691
        ]
      ], 
      "cuboid_centroid": [
        -25.9690102075729, 
        13.495028942872223, 
        72.95624341714512
      ], 
      "location": [
        -25.9690102075729, 
        13.495028942872223, 
        72.95624341714512
      ], 
      "pose_transform_permuted": [
        [
          0.679961331896017, 
          -0.3667261263570217, 
          -0.6349525053216986, 
          0.0
        ], 
        [
          0.7097113437475849, 
          0.11151866287154177, 
          0.6956098804521829, 
          0.0
        ], 
        [
          0.1842890353567277, 
          0.9236207795028842, 
          -0.33609749852898524, 
          0.0
        ], 
        [
          -25.9690102075729, 
          13.495028942872223, 
          72.95624341714512, 
          1.0
        ]
      ], 
      "projected_cuboid": [
        [
          335.3529121243471, 
          431.70966878816523
        ], 
        [
          266.78834494589665, 
          438.9047026253827
        ], 
        [
          260.13331817983044, 
          303.30558813363433
        ], 
        [
          324.02322813803283, 
          307.9083388396415
        ], 
        [
          318.8592908316201, 
          437.4528611951248
        ], 
        [
          251.61667896944388, 
          444.8884263756899
        ], 
        [
          246.43136118901222, 
          314.0534247973471
        ], 
        [
          309.1451791952347, 
          317.6325419920345
        ]
      ], 
      "projected_cuboid_centroid": [
        290.17823208195983, 
        371.93694641246725
      ], 
      "quaternion_xyzw": [
        0.9039198842502814, 
        -0.02012633358141642, 
        0.38044610930566874, 
        0.19438216736125202
      ], 
      "visibility": 0.5865090686773996
    }, 
    {
      "bounding_box": {
        "bottom_right": [
          343, 
          345
        ], 
        "top_left": [
          265, 
          191
        ]
      }, 
      "class": "024_bowl", 
      "cuboid": [
        [
          -29.026125298930594, 
          3.2079007248296256, 
          50.7088563818426
        ], 
        [
          -33.11644808702951, 
          9.551715484398418, 
          64.94836533303892
        ], 
        [
          -34.12244062475893, 
          4.510123368986213, 
          66.90546177275878
        ], 
        [
          -30.03211783666001, 
          -1.8336913905825787, 
          52.66595282156247
        ], 
        [
          -13.690184547527414, 
          2.0569239257575145, 
          55.62690038029036
        ], 
        [
          -17.780507335626332, 
          8.400738685326306, 
          69.86640933148668
        ], 
        [
          -18.78649987335575, 
          3.3591465699141017, 
          71.82350577120654
        ], 
        [
          -14.696177085256835, 
          -2.9846681896546907, 
          57.58399682001022
        ]
      ], 
      "cuboid_centroid": [
        -23.906312586143173, 
        3.283523647371864, 
        61.266181076524575
      ], 
      "location": [
        -23.906312586143173, 
        3.283523647371864, 
        61.266181076524575
      ], 
      "pose_transform_permuted": [
        [
          -0.9498114959594124, 
          0.07128424744606775, 
          -0.30459264306511324, 
          0.0
        ], 
        [
          0.25379879177346776, 
          -0.39362480777747233, 
          -0.8835415575944779, 
          0.0
        ], 
        [
          0.18287781559738636, 
          0.916503173354133, 
          -0.35577751164756444, 
          0.0
        ], 
        [
          -23.906312586143173, 
          3.283523647371864, 
          61.266181076524575, 
          1.0
        ]
      ], 
      "projected_cuboid": [
        [
          173.77695883439932, 
          307.0249497597997
        ], 
        [
          207.39718603479704, 
          351.7198733638946
        ], 
        [
          207.33215436227837, 
          309.23781985686395
        ], 
        [
          174.943690842172, 
          254.7177382978259
        ], 
        [
          349.2494351941788, 
          293.00717319929186
        ], 
        [
          344.7399276634909, 
          337.41289708386034
        ], 
        [
          340.93693918764717, 
          298.2296068172031
        ], 
        [
          344.35277081783926, 
          245.64375382759766
        ]
      ], 
      "projected_cuboid_centroid": [
        271.75936611567045, 
        301.86947610780004
      ], 
      "quaternion_xyzw": [
        0.7865898880917415, 
        -0.18322846253892472, 
        -0.5826902561643605, 
        0.09041981994317083
      ], 
      "visibility": 0.8021965830929665
    }, 
    {
      "bounding_box": {
        "bottom_right": [
          323, 
          504
        ], 
        "top_left": [
          242, 
          410
        ]
      }, 
      "class": "025_mug", 
      "cuboid": [
        [
          4.615028537456493, 
          3.2037045538952307, 
          60.815557726890724
        ], 
        [
          -6.50566916243592, 
          4.477070968769849, 
          57.413297277639785
        ], 
        [
          -7.908936828451875, 
          -3.3585215087629785, 
          59.06741379464586
        ], 
        [
          3.21176087144054, 
          -4.6318879236375965, 
          62.4696742438968
        ], 
        [
          2.2121442013730888, 
          5.471216822861984, 
          69.51833775201418
        ], 
        [
          -8.908553498519325, 
          6.744583237736602, 
          66.11607730276323
        ], 
        [
          -10.31182116453528, 
          -1.091009239796225, 
          67.7701938197693
        ], 
        [
          0.8088765353571347, 
          -2.364375654670843, 
          71.17245426902025
        ]
      ], 
      "cuboid_centroid": [
        -2.848396313539393, 
        1.056347657049503, 
        64.29287577333001
      ], 
      "location": [
        -2.848396313539393, 
        1.056347657049503, 
        64.29287577333001
      ], 
      "pose_transform_permuted": [
        [
          0.2581304144738883, 
          -0.2435880383518796, 
          -0.9348981893243387, 
          0.0
        ], 
        [
          0.9505681989089838, 
          -0.10884403588726868, 
          0.29081633857334577, 
          0.0
        ], 
        [
          0.1725972892202697, 
          0.9637520009967421, 
          -0.20345086956951025, 
          0.0
        ], 
        [
          -2.848396313539393, 
          1.056347657049503, 
          64.29287577333001, 
          1.0
        ]
      ], 
      "projected_cuboid": [
        [
          522.4056447700299, 
          301.3812959866129
        ], 
        [
          420.66145047304434, 
          314.8746323099227
        ], 
        [
          409.5921958209048, 
          242.96245273619374
        ], 
        [
          509.2451952049726, 
          233.7429263550115
        ], 
        [
          498.7092670173259, 
          315.25973771208004
        ], 
        [
          409.1381496150266, 
          327.6911316559975
        ], 
        [
          399.77162243134023, 
          264.7008078808043
        ], 
        [
          487.7087692062059, 
          255.5694611774964
        ]
      ], 
      "projected_cuboid_centroid": [
        457.772266943754, 
        282.0491090340612
      ], 
      "quaternion_xyzw": [
        0.9809712520290879, 
        -0.07172517148830602, 
        0.1398987870214765, 
        0.1139276270830346
      ], 
      "visibility": 0.8917287894923678
    }, 
    {
      "bounding_box": {
        "bottom_right": [
          336, 
          402
        ], 
        "top_left": [
          267, 
          344
        ]
      }, 
      "class": "061_foam_brick", 
      "cuboid": [
        [
          -15.17716058752406, 
          -0.8386899854123664, 
          66.89093279391642
        ], 
        [
          -13.777449081099267, 
          6.395711501519247, 
          64.37144118166067
        ], 
        [
          -16.888267932628555, 
          8.256531488514822, 
          67.9863251906572
        ], 
        [
          -18.287979439053352, 
          1.0221300015832089, 
          70.50581680291293
        ], 
        [
          -11.111187762970118, 
          -0.4724490073562543, 
          70.20141145675089
        ], 
        [
          -9.711476256545323, 
          6.761952479575359, 
          67.68191984449516
        ], 
        [
          -12.822295108074613, 
          8.622772466570934, 
          71.29680385349168
        ], 
        [
          -14.222006614499408, 
          1.3883709796393209, 
          73.81629546574742
        ]
      ], 
      "cuboid_centroid": [
        -13.999727847799337, 
        3.892041240579284, 
        69.09386832370404
      ], 
      "location": [
        -13.999727847799337, 
        3.892041240579284, 
        69.09386832370404
      ], 
      "pose_transform_permuted": [
        [
          -0.7735869086934826, 
          -0.06968055082423891, 
          -0.6298475335626016, 
          0.0
        ], 
        [
          -0.17974054857533128, 
          -0.9289880706893692, 
          0.32353438722133177, 
          0.0
        ], 
        [
          0.6076648993449439, 
          -0.36349110766795156, 
          -0.7061285893875315, 
          0.0
        ], 
        [
          -13.999727847799337, 
          3.892041240579284, 
          69.09386832370404, 
          1.0
        ]
      ], 
      "projected_cuboid": [
        [
          359.5815654203643, 
          266.5996855973014
        ], 
        [
          366.4991897152724, 
          326.27522565812075
        ], 
        [
          348.01281091500476, 
          338.0550031035843
        ], 
        [
          342.11046009706763, 
          281.0181262547103
        ], 
        [
          396.4820144334496, 
          269.6973465044507
        ], 
        [
          404.4349185240864, 
          326.569330285731
        ], 
        [
          384.8834920251129, 
          337.7872332314093
        ], 
        [
          377.98738007504505, 
          283.31745903316624
        ]
      ], 
      "projected_cuboid_centroid": [
        372.6358822651148, 
        303.32830380624057
      ], 
      "quaternion_xyzw": [
        -0.5212043450795759, 
        0.7370683804447665, 
        0.21587143589691202, 
        -0.37212330803445354
      ], 
      "visibility": 0.9979965655409273
    }
  ]
}