{
  "camera_data": {
    "location_worldframe": [
      -9.736264574125371, 
      -0.363958040689584, 
      82.09300634709123
    ], 
    "quaternion_xyzw_worldframe": [
      -0.8236903539602674, 
      -0.11063096460785686, 
      -0.21114816808850473, 
      0.5145053371284694
    ]
  }, 
  "objects": [
    {
      "bounding_box": {
        "bottom_right": [
          458, 
          441
        ], 
        "top_left": [
          298, 
          321
        ]
      }, 
      "class": "003_cracker_box", 
      "cuboid": [
        [
          -4.998227469099746, 
          25.50495028509546, 
          80.28613103336004
        ], 
        [
          -14.368571443022427, 
          22.421174339013312, 
          67.18021269804709
        ], 
        [
          -18.035344227256957, 
          2.6895593512241938, 
          74.44462557651484
        ], 
        [
          -8.665000253334275, 
          5.773335297306343, 
          87.55054391182779
        ], 
        [
          -10.760928760792453, 
          27.88642931215127, 
          83.84593847216333
        ], 
        [
          -20.131272734715132, 
          24.802653366069123, 
          70.74002013685038
        ], 
        [
          -23.798045518949664, 
          5.071038378280002, 
          78.00443301531811
        ], 
        [
          -14.427701545026983, 
          8.154814324362151, 
          91.11035135063106
        ]
      ], 
      "cuboid_centroid": [
        -14.398136494024705, 
        15.287994331687733, 
        79.14528202433908
      ], 
      "location": [
        -14.398136494024705, 
        15.287994331687733, 
        79.14528202433908
      ], 
      "pose_transform_permuted": [
        [
          0.8026046559148924, 
          -0.33168232367588457, 
          -0.4957949197649193, 
          0.0
        ], 
        [
          0.5712370198126505, 
          0.18799384378121864, 
          0.7989659453918696, 
          0.0
        ], 
        [
          0.17179648861166705, 
          0.9244702000937228, 
          -0.34035395640329025, 
          0.0
        ], 
        [
          -14.398136494024705, 
          15.287994331687733, 
          79.14528202433908, 
          1.0
        ]
      ], 
      "projected_cuboid": [
        [
          448.1184738492922, 
          442.7091926762535
        ], 
        [
          366.5795602385871, 
          451.28018927330976
        ], 
        [
          351.315546436341, 
          292.5544792330796
        ], 
        [
          428.3738092339155, 
          308.4551689995084
        ], 
        [
          412.5795306142842, 
          450.66398914832416
        ], 
        [
          328.5595934443762, 
          460.27744820651867
        ], 
        [
          317.53289890106385, 
          307.9574402571826
        ], 
        [
          396.4399092901355, 
          321.02120382164975
        ]
      ], 
      "projected_cuboid_centroid": [
        383.7668569665362, 
        376.30451398651377
      ], 
      "quaternion_xyzw": [
        0.8647979734700025, 
        0.004682410131166153, 
        0.46298981104235787, 
        0.19427551309545418
      ], 
      "visibility": 0.8068642745709829
    }, 
    {
      "bounding_box": {
        "bottom_right": [
          444, 
          344
        ], 
        "top_left": [
          312, 
          262
        ]
      }, 
      "class": "004_sugar_box", 
      "cuboid": [
        [
          -18.525276913958937, 
          22.237461128747416, 
          74.74400742991095
        ], 
        [
          -24.7761503367443, 
          21.162951020719778, 
          67.98662247490452
        ], 
        [
          -28.547024542955135, 
          5.044226881619343, 
          74.03792067234652
        ], 
        [
          -22.29615112016977, 
          6.118736989646982, 
          80.79530562735295
        ], 
        [
          -21.714511712162167, 
          23.986698826128663, 
          77.41603515626143
        ], 
        [
          -27.965385134947528, 
          22.912188718101024, 
          70.658650201255
        ], 
        [
          -31.736259341158362, 
          6.793464579000591, 
          76.709948398697
        ], 
        [
          -25.485385918372998, 
          7.86797468702823, 
          83.46733335370342
        ]
      ], 
      "cuboid_centroid": [
        -25.13076812755865, 
        14.515462853874004, 
        75.72697791430397
      ], 
      "location": [
        -25.13076812755865, 
        14.515462853874004, 
        75.72697791430397
      ], 
      "pose_transform_permuted": [
        [
          0.7066146903032301, 
          -0.3875653979751353, 
          -0.5920210219079881, 
          0.0
        ], 
        [
          0.6744794599578205, 
          0.1159413970438009, 
          0.7291328822251115, 
          0.0
        ], 
        [
          0.2139466745577288, 
          0.9145220018196271, 
          -0.3433302346621708, 
          0.0
        ], 
        [
          -25.13076812755865, 
          14.515462853874004, 
          75.72697791430397, 
          1.0
        ]
      ], 
      "projected_cuboid": [
        [
          348.3124395107891, 
          431.9570977729902
        ], 
        [
          285.6214246824156, 
          439.29884755318653
        ], 
        [
          274.24977360914176, 
          309.6217693533599
        ], 
        [
          333.1965189059918, 
          313.6755461733622
        ], 
        [
          330.75902838059153, 
          438.5310663763781
        ], 
        [
          268.76003035971377, 
          446.22387689000124
        ], 
        [
          259.11460508632257, 
          320.5175396075826
        ], 
        [
          317.39961631878526, 
          323.5594389102971
        ]
      ], 
      "projected_cuboid_centroid": [
        303.1346081458595, 
        375.5140507117705
      ], 
      "quaternion_xyzw": [
        0.8917710585802608, 
        -0.027474898565882113, 
        0.4024989257932736, 
        0.2049000204718811
      ], 
      "visibility": 0.6027183600713012
    }, 
    {
      "bounding_box": {
        "bottom_right": [
          347, 
          363
        ], 
        "top_left": [
          271, 
          219
        ]
      }, 
      "class": "024_bowl", 
      "cuboid": [
        [
          -27.180888524627335, 
          3.8391128099176024, 
          53.547505446670755
        ], 
        [
          -31.910477594376562, 
          10.508959090764774, 
          67.43571912615243
        ], 
        [
          -33.08465033856833, 
          5.519403423830827, 
          69.43210364119017
        ], 
        [
          -28.355061268819103, 
          -1.1504428570163454, 
          55.543889961708494
        ], 
        [
          -12.135194259930646, 
          2.588804652564692, 
          59.27173436401403
        ], 
        [
          -16.864783329679877, 
          9.258650933411865, 
          73.1599480434957
        ], 
        [
          -18.03895607387165, 
          4.269095266477916, 
          75.15633255853345
        ], 
        [
          -13.309367004122416, 
          -2.400751014369256, 
          61.268118879051755
        ]
      ], 
      "cuboid_centroid": [
        -22.60992229924949, 
        4.054104038197759, 
        64.3519190026021
      ], 
      "location": [
        -22.60992229924949, 
        4.054104038197759, 
        64.3519190026021
      ], 
      "pose_transform_permuted": [
        [
          -0.9318354582187586, 
          0.07743620561633739, 
          -0.3545226549403875, 
          0.0
        ], 
        [
          0.2934643678928954, 
          -0.41385460636971916, 
          -0.8617441787234703, 
          0.0
        ], 
        [
          0.21345103322181427, 
          0.9070435484839243, 
          -0.36291962962924873, 
          0.0
        ], 
        [
          -22.60992229924949, 
          4.054104038197759, 
          64.3519190026021, 
          1.0
        ]
      ], 
      "projected_cuboid": [
        [
          208.62629857935258, 
          311.5231285836135
        ], 
        [
          227.12797075867186, 
          356.39729522515444
        ], 
        [
          225.35055543359954, 
          315.68199741562955
        ], 
        [
          207.06945347393463, 
          262.240251785255
        ], 
        [
          371.49617713093096, 
          296.5802754269785
        ], 
        [
          357.63205975589125, 
          340.78002299045517
        ], 
        [
          352.52342799571335, 
          303.58062007042884
        ], 
        [
          364.77777049041066, 
          252.388760251248
        ]
      ], 
      "projected_cuboid_centroid": [
        292.65472135410334, 
        306.88511762436184
      ], 
      "quaternion_xyzw": [
        0.7992231495829571, 
        -0.1962235578132553, 
        -0.5610384402272811, 
        0.08930028620976492
      ], 
      "visibility": 0.7767802238347067
    }, 
    {
      "bounding_box": {
        "bottom_right": [
          325, 
          511
        ], 
        "top_left": [
          248, 
          423
        ]
      }, 
      "class": "025_mug", 
      "cuboid": [
        [
          5.893063992824664, 
          3.603147524669549, 
          65.3765818178499
        ], 
        [
          -5.0195901673839165, 
          4.951602162413556, 
          61.381283982507796
        ], 
        [
          -6.613150490702704, 
          -2.8320212571352434, 
          63.10683984276929
        ], 
        [
          4.299503669505878, 
          -4.18047589487925, 
          67.10213767811139
        ], 
        [
          3.077312985654863, 
          6.069128243905748, 
          73.89974616838163
        ], 
        [
          -7.835341174553719, 
          7.417582881649755, 
          69.90444833303953
        ], 
        [
          -9.428901497872506, 
          -0.3660405378990445, 
          71.63000419330102
        ], 
        [
          1.4837526623360753, 
          -1.7144951756430507, 
          75.62530202864312
        ]
      ], 
      "cuboid_centroid": [
        -1.7679187525239208, 
        1.6185534933852526, 
        68.50329300557546
      ], 
      "location": [
        -1.7679187525239208, 
        1.6185534933852526, 
        68.50329300557546
      ], 
      "pose_transform_permuted": [
        [
          0.30248271363769086, 
          -0.2649085582615253, 
          -0.9156029332722151, 
          0.0
        ], 
        [
          0.9327851804196112, 
          -0.11526238109351607, 
          0.3415076256845689, 
          0.0
        ], 
        [
          0.19600265770726627, 
          0.9573599784706046, 
          -0.2122376728916236, 
          0.0
        ], 
        [
          -1.7679187525239208, 
          1.6185534933852526, 
          68.50329300557546, 
          1.0
        ]
      ], 
      "projected_cuboid": [
        [
          530.0712732075757, 
          302.67977149913264
        ], 
        [
          437.6202279421658, 
          316.3092027083625
        ], 
        [
          425.24320338968465, 
          249.35296120671032
        ], 
        [
          516.0537712075567, 
          240.06062687247683
        ], 
        [
          503.9904910249463, 
          317.0862140706735
        ], 
        [
          421.3210115523111, 
          329.87724579636466
        ], 
        [
          410.80935925961614, 
          270.56119139944644
        ], 
        [
          492.14788704785633, 
          261.195692353122
        ]
      ], 
      "projected_cuboid_centroid": [
        467.7185670719877, 
        285.8874836668079
      ], 
      "quaternion_xyzw": [
        0.9754163331832248, 
        -0.07977748275574383, 
        0.165055248055112, 
        0.1222929673516961
      ], 
      "visibility": 0.873942811115586
    }, 
    {
      "bounding_box": {
        "bottom_right": [
          339, 
          413
        ], 
        "top_left": [
          273, 
          356
        ]
      }, 
      "class": "061_foam_brick", 
      "cuboid": [
        [
          -14.238681268134792, 
          -0.06900023957500251, 
          70.49605664560413
        ], 
        [
          -12.612424089868549, 
          7.096881255043846, 
          67.91748627526712
        ], 
        [
          -15.879165775545012, 
          9.066738351081517, 
          71.33147120929725
        ], 
        [
          -17.505422953811255, 
          1.9008568564626676, 
          73.91004157963425
        ], 
        [
          -10.34360357691329, 
          0.30958355386765946, 
          74.00470033395327
        ], 
        [
          -8.717346398647047, 
          7.47546504848651, 
          71.42612996361626
        ], 
        [
          -11.984088084323512, 
          9.445322144524178, 
          74.84011489764639
        ], 
        [
          -13.610345262589755, 
          2.27944064990533, 
          77.41868526798339
        ]
      ], 
      "cuboid_centroid": [
        -13.111384676229152, 
        4.688160952474588, 
        72.66808577162526
      ], 
      "location": [
        -13.111384676229152, 
        4.688160952474588, 
        72.66808577162526
      ], 
      "pose_transform_permuted": [
        [
          -0.7410726141790063, 
          -0.07202887945589997, 
          -0.6675501636867607, 
          0.0
        ], 
        [
          -0.20883185999718024, 
          -0.9201892425378945, 
          0.33112084224290983, 
          0.0
        ], 
        [
          0.6381227427102185, 
          -0.38479033049423594, 
          -0.6668851226366689, 
          0.0
        ], 
        [
          -13.111384676229152, 
          4.688160952474588, 
          72.66808577162526, 
          1.0
        ]
      ], 
      "projected_cuboid": [
        [
          372.9803490834149, 
          272.76453461330584
        ], 
        [
          381.7331279458555, 
          329.0145391241014
        ], 
        [
          361.8849162157145, 
          341.0752578289853
        ], 
        [
          354.22890125850654, 
          287.0027281592531
        ], 
        [
          406.4340349584109, 
          275.5175715666033
        ], 
        [
          415.96457261714784, 
          329.10381249568
        ], 
        [
          395.4853445713519, 
          340.5950299035026
        ], 
        [
          387.0571795805437, 
          288.9890823098859
        ]
      ], 
      "projected_cuboid_centroid": [
        384.5691808945446, 
        307.6934996959721
      ], 
      "quaternion_xyzw": [
        -0.5181524807417563, 
        0.7518597532416162, 
        0.19779494799930025, 
        -0.3565137819251505
      ], 
      "visibility": 0.9803063457330415
    }
  ]
}