{
  "camera_data": {
    "location_worldframe": [
      -21.661034908824522, 
      14.866125830723592, 
      72.25555798482361
    ], 
    "quaternion_xyzw_worldframe": [
      0.9108264624821463, 
      0.01699799281555966, 
      -0.07762616287770749, 
      -0.40507029475566353
    ]
  }, 
  "objects": [
    {
      "bounding_box": {
        "bottom_right": [
          539, 
          341
        ], 
        "top_left": [
          398, 
          154
        ]
      }, 
      "class": "003_cracker_box", 
      "cuboid": [
        [
          -22.839931175160892, 
          38.93296780882976, 
          61.56386475966449
        ], 
        [
          -37.17512800406686, 
          32.1751421746037, 
          57.33160292217405
        ], 
        [
          -33.137471004915206, 
          15.58747565600576, 
          70.14176266244984
        ], 
        [
          -18.802274176009238, 
          22.345301290231813, 
          74.37402449994028
        ], 
        [
          -26.054957321114316, 
          42.348467666941445, 
          66.99988951448465
        ], 
        [
          -40.39015415002029, 
          35.590642032715394, 
          62.76762767699421
        ], 
        [
          -36.35249715086863, 
          19.00297551411745, 
          75.57778741726999
        ], 
        [
          -22.01730032196266, 
          25.760801148343504, 
          79.81004925476043
        ]
      ], 
      "cuboid_centroid": [
        -29.59621416301476, 
        28.9679716614736, 
        68.57082608846724
      ], 
      "location": [
        -29.59621416301476, 
        28.9679716614736, 
        68.57082608846724
      ], 
      "pose_transform_permuted": [
        [
          0.4477752399469549, 
          -0.4756963704415576, 
          -0.7571065299144999, 
          0.0
        ], 
        [
          0.8739054977876068, 
          0.4119720883728446, 
          0.2580080993657234, 
          0.0
        ], 
        [
          -0.18917324183679446, 
          0.7771691975049231, 
          -0.600184574129086, 
          0.0
        ], 
        [
          -29.59621416301476, 
          28.9679716614736, 
          68.57082608846724, 
          1.0
        ]
      ], 
      "projected_cuboid": [
        [
          282.088912756438, 
          610.5576668242869
        ], 
        [
          132.8985297242822, 
          572.5915031038245
        ], 
        [
          227.53816222464894, 
          391.80517372712285
        ], 
        [
          345.6465598614586, 
          433.51972221566547
        ], 
        [
          272.47107449300154, 
          610.3806330274762
        ], 
        [
          135.55289982701802, 
          575.6906127595912
        ], 
        [
          222.93555499544976, 
          407.382273336143
        ], 
        [
          333.2434219949523, 
          445.4295182060696
        ]
      ], 
      "projected_cuboid_centroid": [
        249.48991874614418, 
        498.589155043081
      ], 
      "quaternion_xyzw": [
        0.9230630023469457, 
        0.16281264894194364, 
        0.19115253712860872, 
        0.2913888168616738
      ], 
      "visibility": 0.5464406924943034
    }, 
    {
      "bounding_box": {
        "bottom_right": [
          539, 
          243
        ], 
        "top_left": [
          403, 
          108
        ]
      }, 
      "class": "004_sugar_box", 
      "cuboid": [
        [
          -36.49076075643527, 
          34.32658005568302, 
          65.66380381034588
        ], 
        [
          -45.13665677999201, 
          31.352250233150812, 
          64.14984013616922
        ], 
        [
          -42.415676304295744, 
          17.847013687514547, 
          75.14328459744432
        ], 
        [
          -33.769780280739, 
          20.82134351004675, 
          76.65724827162099
        ], 
        [
          -37.95919619084064, 
          36.83902688055597, 
          69.11374462397795
        ], 
        [
          -46.60509221439739, 
          33.864697058023765, 
          67.59978094980129
        ], 
        [
          -43.884111738701115, 
          20.3594605123875, 
          78.59322541107639
        ], 
        [
          -35.23821571514438, 
          23.3337903349197, 
          80.10718908525305
        ]
      ], 
      "cuboid_centroid": [
        -40.18743624756819, 
        27.34302028403526, 
        72.12851461071114
      ], 
      "location": [
        -40.18743624756819, 
        27.34302028403526, 
        72.12851461071114
      ], 
      "pose_transform_permuted": [
        [
          0.32535015932261396, 
          -0.5566638856634616, 
          -0.764377355020241, 
          0.0
        ], 
        [
          0.932906313470276, 
          0.3209350496724726, 
          0.16335915515937977, 
          0.0
        ], 
        [
          -0.15437924801439956, 
          0.7662415371203286, 
          -0.6237309323527687, 
          0.0
        ], 
        [
          -40.18743624756819, 
          27.34302028403526, 
          72.12851461071114, 
          1.0
        ]
      ], 
      "projected_cuboid": [
        [
          182.7502618871219, 
          552.0860638185811
        ], 
        [
          103.21935451458825, 
          533.9383025116147
        ], 
        [
          178.0486598080426, 
          399.9533712409266
        ], 
        [
          244.69614799451935, 
          418.14472807058166
        ], 
        [
          186.2420717928624, 
          557.5566866654715
        ], 
        [
          110.84821032069621, 
          540.4576125832002
        ], 
        [
          181.32568916592666, 
          411.4421988194192
        ], 
        [
          245.04096620244462, 
          428.63298662512085
        ]
      ], 
      "projected_cuboid_centroid": [
        181.97413495871052, 
        475.46134026630483
      ], 
      "quaternion_xyzw": [
        0.9305274318378322, 
        0.12770023790381596, 
        0.13129900789619162, 
        0.31713058036475594
      ], 
      "visibility": 0.44478307268442263
    }, 
    {
      "bounding_box": {
        "bottom_right": [
          436, 
          183
        ], 
        "top_left": [
          349, 
          38
        ]
      }, 
      "class": "024_bowl", 
      "cuboid": [
        [
          -52.17250684679179, 
          10.522815207903353, 
          58.5801952493711
        ], 
        [
          -49.63289046266553, 
          21.11836038852624, 
          70.45551050129687
        ], 
        [
          -48.729706455758496, 
          16.974939512979457, 
          73.9592543013297
        ], 
        [
          -51.26932283988476, 
          6.379394332356569, 
          62.08393904940392
        ], 
        [
          -36.44986742543193, 
          10.855637113459684, 
          54.920847999067924
        ], 
        [
          -33.91025104130568, 
          21.45118229408257, 
          66.7961632509937
        ], 
        [
          -33.007067034398645, 
          17.30776141853579, 
          70.29990705102651
        ], 
        [
          -35.5466834185249, 
          6.712216237912899, 
          58.424591799100746
        ]
      ], 
      "cuboid_centroid": [
        -42.58978694059522, 
        13.91528831321957, 
        64.44005115019881
      ], 
      "location": [
        -42.58978694059522, 
        13.91528831321957, 
        64.44005115019881
      ], 
      "pose_transform_permuted": [
        [
          -0.9737611739185855, 
          -0.020612890798733477, 
          0.22663690101485356, 
          0.0
        ], 
        [
          -0.15757963448134565, 
          -0.6574387167798861, 
          -0.7368466546545096, 
          0.0
        ], 
        [
          -0.16418841300598086, 
          0.7532260234562638, 
          -0.6369401248334418, 
          0.0
        ], 
        [
          -42.58978694059522, 
          13.91528831321957, 
          64.44005115019881, 
          1.0
        ]
      ], 
      "projected_cuboid": [
        [
          2.655392936455186, 
          369.0872330213899
        ], 
        [
          102.76534391390751, 
          433.14394415918946
        ], 
        [
          127.27923586633888, 
          395.6926891918436
        ], 
        [
          37.50802667740012, 
          328.0874410541187
        ], 
        [
          124.69385528524477, 
          378.70231489197727
        ], 
        [
          208.5916754050357, 
          444.55888421815075
        ], 
        [
          229.10721911601226, 
          404.589245091122
        ], 
        [
          154.41074725830322, 
          334.5579351093378
        ]
      ], 
      "projected_cuboid_centroid": [
        126.17750416858573, 
        388.4524267485746
      ], 
      "quaternion_xyzw": [
        -0.5850233943954856, 
        0.21078229883592442, 
        0.730999753582801, 
        -0.2809943251549949
      ], 
      "visibility": 0.71527227442545
    }, 
    {
      "bounding_box": {
        "bottom_right": [
          440, 
          316
        ], 
        "top_left": [
          343, 
          194
        ]
      }, 
      "class": "025_mug", 
      "cuboid": [
        [
          -18.417870363861173, 
          13.424071090673866, 
          49.30226344091193
        ], 
        [
          -29.807179637251735, 
          13.650844171767737, 
          51.96665150728127
        ], 
        [
          -28.95228010985047, 
          6.76675680512244, 
          56.20696505638715
        ], 
        [
          -17.56297083645991, 
          6.53998372402857, 
          53.54257699001781
        ], 
        [
          -16.52868856672854, 
          18.373427653837595, 
          56.956589468476224
        ], 
        [
          -27.917997840119103, 
          18.600200734931466, 
          59.620977534845565
        ], 
        [
          -27.06309831271784, 
          11.716113368286168, 
          63.86129108395144
        ], 
        [
          -15.673789039327279, 
          11.489340287192297, 
          61.1969030175821
        ]
      ], 
      "cuboid_centroid": [
        -22.74048433828951, 
        12.570092229480018, 
        56.581777262431686
      ], 
      "location": [
        -22.74048433828951, 
        12.570092229480018, 
        56.581777262431686
      ], 
      "pose_transform_permuted": [
        [
          -0.20294579850864902, 
          -0.5316857918808153, 
          -0.8222677722532131, 
          0.0
        ], 
        [
          0.9735284147620512, 
          -0.01938397077896707, 
          -0.22774493415712518, 
          0.0
        ], 
        [
          -0.10514981892518699, 
          0.8467200143019438, 
          -0.5215445646927173, 
          0.0
        ], 
        [
          -22.74048433828951, 
          12.570092229480018, 
          56.581777262431686, 
          1.0
        ]
      ], 
      "projected_cuboid": [
        [
          280.70430525131945, 
          418.4993436190172
        ], 
        [
          173.14485566888115, 
          413.3814317731077
        ], 
        [
          204.59413073376916, 
          337.4928852750135
        ], 
        [
          305.2003715027927, 
          338.42911403441934
        ], 
        [
          325.53902461674716, 
          445.3282432382653
        ], 
        [
          229.78478240115766, 
          439.6684343040107
        ], 
        [
          253.7037672815228, 
          371.13035842261814
        ], 
        [
          343.86461283980316, 
          373.41399330570863
        ]
      ], 
      "projected_cuboid_centroid": [
        265.46716267522953, 
        391.76772879231976
      ], 
      "quaternion_xyzw": [
        0.9542688564179919, 
        0.022468994866959295, 
        -0.11283264925003526, 
        0.27592600069937556
      ], 
      "visibility": 0.7601177336276674
    }, 
    {
      "bounding_box": {
        "bottom_right": [
          452, 
          266
        ], 
        "top_left": [
          370, 
          193
        ]
      }, 
      "class": "061_foam_brick", 
      "cuboid": [
        [
          -31.69674086828146, 
          11.72095797245783, 
          65.6041639641645
        ], 
        [
          -32.88748073877311, 
          17.75914246459104, 
          60.83278452428059
        ], 
        [
          -34.05395241457161, 
          20.70596020904948, 
          64.85308804019027
        ], 
        [
          -32.863212544079964, 
          14.667775716916267, 
          69.62446748007417
        ], 
        [
          -26.642499913722613, 
          13.08588916255865, 
          66.07015501627936
        ], 
        [
          -27.833239784214257, 
          19.124073654691863, 
          61.29877557639546
        ], 
        [
          -28.99971146001277, 
          22.070891399150298, 
          65.31907909230513
        ], 
        [
          -27.80897158952112, 
          16.03270690701709, 
          70.09045853218903
        ]
      ], 
      "cuboid_centroid": [
        -30.348226164147114, 
        16.895924685804065, 
        65.46162152823482
      ], 
      "location": [
        -30.348226164147114, 
        16.895924685804065, 
        65.46162152823482
      ], 
      "pose_transform_permuted": [
        [
          -0.9616135681521949, 
          -0.25969010258824027, 
          -0.08865887526533306, 
          0.0
        ], 
        [
          0.15290596422927, 
          -0.7753787748642719, 
          0.6127050853331464, 
          0.0
        ], 
        [
          0.2278576565505795, 
          -0.5756290525222734, 
          -0.7853229159037628, 
          0.0
        ], 
        [
          -30.348226164147114, 
          16.895924685804065, 
          65.46162152823482, 
          1.0
        ]
      ], 
      "projected_cuboid": [
        [
          221.77565394145907, 
          368.57037428872
        ], 
        [
          190.87054857680127, 
          428.98051994789176
        ], 
        [
          199.22053427440088, 
          443.56206998085474
        ], 
        [
          227.7688696733149, 
          385.6408914798284
        ], 
        [
          264.7460900911778, 
          378.91609117197953
        ], 
        [
          237.42066076521573, 
          439.67229192432484
        ], 
        [
          242.84597880105179, 
          453.4917516002094
        ], 
        [
          268.2347283939003, 
          395.27969858871893
        ]
      ], 
      "projected_cuboid_centroid": [
        232.28787609448568, 
        410.9386049537987
      ], 
      "quaternion_xyzw": [
        0.4080244438058613, 
        -0.6146913785710552, 
        -0.21377915472697728, 
        0.6402882439741906
      ], 
      "visibility": 0.14430379746835442
    }
  ]
}