{
  "camera_data": {
    "location_worldframe": [
      -23.0962033966721, 
      13.912507056961454, 
      75.80589384302344
    ], 
    "quaternion_xyzw_worldframe": [
      0.9272394009914153, 
      0.032067623644387984, 
      -0.11881081283262489, 
      -0.35367161849395745
    ]
  }, 
  "objects": [
    {
      "bounding_box": {
        "bottom_right": [
          539, 
          332
        ], 
        "top_left": [
          378, 
          124
        ]
      }, 
      "class": "003_cracker_box", 
      "cuboid": [
        [
          -26.568793611364665, 
          36.559740074233595, 
          62.769073194640214
        ], 
        [
          -40.59684245431009, 
          28.468267825704146, 
          60.157552909754116
        ], 
        [
          -34.69335676376474, 
          13.654746432247721, 
          74.34423637607318
        ], 
        [
          -20.665307920819316, 
          21.746218680777165, 
          76.95575666095927
        ], 
        [
          -29.71624286942811, 
          40.32482690717677, 
          68.0102640748941
        ], 
        [
          -43.74429171237353, 
          32.23335465864732, 
          65.39874379000801
        ], 
        [
          -37.840806021828186, 
          17.4198332651909, 
          79.58542725632705
        ], 
        [
          -23.81275717888276, 
          25.511305513720345, 
          82.19694754121315
        ]
      ], 
      "cuboid_centroid": [
        -32.20479981659643, 
        26.989786669712245, 
        71.17725022548363
      ], 
      "location": [
        -32.20479981659643, 
        26.989786669712245, 
        71.17725022548363
      ], 
      "pose_transform_permuted": [
        [
          0.4383634168960322, 
          -0.5243853653147479, 
          -0.7299708921395112, 
          0.0
        ], 
        [
          0.8551810730888081, 
          0.4932741536500682, 
          0.159204087797655, 
          0.0
        ], 
        [
          -0.2765914802699281, 
          0.6940465387742578, 
          -0.664677782882475, 
          0.0
        ], 
        [
          -32.20479981659643, 
          26.989786669712245, 
          71.17725022548363, 
          1.0
        ]
      ], 
      "projected_cuboid": [
        [
          253.9731697160427, 
          583.9176234010713
        ], 
        [
          118.69133152028064, 
          525.6685581275256
        ], 
        [
          230.6450137058141, 
          371.240919256078
        ], 
        [
          337.1886518606916, 
          423.99240828397905
        ], 
        [
          246.62773943190558, 
          589.5038056265261
        ], 
        [
          121.8943484455037, 
          536.146010113742
        ], 
        [
          225.90422952155947, 
          390.02070070673335
        ], 
        [
          325.80486076539347, 
          438.8118917776605
        ]
      ], 
      "projected_cuboid_centroid": [
        238.2808059977655, 
        475.5166287895163
      ], 
      "quaternion_xyzw": [
        0.905427869021406, 
        0.2125695652465595, 
        0.16499588899874026, 
        0.3283152609059771
      ], 
      "visibility": 0.7473146053168084
    }, 
    {
      "bounding_box": {
        "bottom_right": [
          526, 
          243
        ], 
        "top_left": [
          382, 
          102
        ]
      }, 
      "class": "004_sugar_box", 
      "cuboid": [
        [
          -39.61207577803391, 
          31.544693574640505, 
          68.1630870914734
        ], 
        [
          -48.09424491318069, 
          27.869146067650323, 
          67.50475644756654
        ], 
        [
          -43.82099632282041, 
          15.832304684691556, 
          79.6499104619183
        ], 
        [
          -35.33882718767363, 
          19.50785219168174, 
          80.30824110582518
        ], 
        [
          -41.0644784016825, 
          34.31342612168172, 
          71.41814930165759
        ], 
        [
          -49.546647536829276, 
          30.637878614691544, 
          70.75981865775071
        ], 
        [
          -45.273398946468994, 
          18.60103723173277, 
          82.90497267210249
        ], 
        [
          -36.79122981132222, 
          22.276584738722953, 
          83.56330331600935
        ]
      ], 
      "cuboid_centroid": [
        -42.44273736225146, 
        25.07286540318664, 
        75.53402988178794
      ], 
      "location": [
        -42.44273736225146, 
        25.07286540318664, 
        75.53402988178794
      ], 
      "pose_transform_permuted": [
        [
          0.321797890416611, 
          -0.6134471793554447, 
          -0.7211995732841229, 
          0.0
        ], 
        [
          0.9152399145838752, 
          0.39659758403160594, 
          0.07103495258077597, 
          0.0
        ], 
        [
          -0.24244970144065517, 
          0.6829297518918345, 
          -0.6890750450074098, 
          0.0
        ], 
        [
          -42.44273736225146, 
          25.07286540318664, 
          75.53402988178794, 
          1.0
        ]
      ], 
      "projected_cuboid": [
        [
          169.082628600003, 
          520.0975840526339
        ], 
        [
          98.4632613445169, 
          493.4660060116592
        ], 
        [
          185.73540508372332, 
          379.2964265815651
        ], 
        [
          244.95946588378604, 
          402.8363756590203
        ], 
        [
          172.38996822332837, 
          529.5242351960904
        ], 
        [
          105.04997280748263, 
          504.2054544228025
        ], 
        [
          187.93066847646287, 
          392.9451917779265
        ], 
        [
          244.83046487218135, 
          415.46065527792445
        ]
      ], 
      "projected_cuboid_centroid": [
        179.4262858451288, 
        450.31734312530085
      ], 
      "quaternion_xyzw": [
        0.9109568101397333, 
        0.1753780416258803, 
        0.10780775735600727, 
        0.3574599283590235
      ], 
      "visibility": 0.4083698296836983
    }, 
    {
      "bounding_box": {
        "bottom_right": [
          408, 
          187
        ], 
        "top_left": [
          317, 
          61
        ]
      }, 
      "class": "024_bowl", 
      "cuboid": [
        [
          -53.92414148033917, 
          6.148076213194812, 
          64.57286815858467
        ], 
        [
          -51.49860519969391, 
          18.10375219961047, 
          75.10457869604637
        ], 
        [
          -50.11228943247227, 
          14.429384962093684, 
          78.95646816953
        ], 
        [
          -52.537825713117535, 
          2.4737089756780266, 
          68.42475763206829
        ], 
        [
          -38.489113183833155, 
          7.105579993101674, 
          59.9310935959049
        ], 
        [
          -36.063576903187894, 
          19.06125597951733, 
          70.4628041333666
        ], 
        [
          -34.677261135966255, 
          15.386888742000545, 
          74.31469360685021
        ], 
        [
          -37.10279741661151, 
          3.4312127555848893, 
          63.78298306938851
        ]
      ], 
      "cuboid_centroid": [
        -44.30070130815271, 
        10.767482477597678, 
        69.44378088271745
      ], 
      "location": [
        -44.30070130815271, 
        10.767482477597678, 
        69.44378088271745
      ], 
      "pose_transform_permuted": [
        [
          -0.9559483538783805, 
          -0.05930174824762008, 
          0.28748225575153186, 
          0.0
        ], 
        [
          -0.150501124073045, 
          -0.7418329255128643, 
          -0.6534778667084103, 
          0.0
        ], 
        [
          -0.2520161827541303, 
          0.6679574936175213, 
          -0.7002289842260421, 
          0.0
        ], 
        [
          -44.30070130815271, 
          10.767482477597678, 
          69.44378088271745, 
          1.0
        ]
      ], 
      "projected_cuboid": [
        [
          32.51584028129589, 
          324.0646671993114
        ], 
        [
          112.85660978319373, 
          401.841757177921
        ], 
        [
          140.28765224155347, 
          370.7513024498331
        ], 
        [
          68.69166436483391, 
          292.5672411282306
        ], 
        [
          136.23276975594106, 
          336.5182384683617
        ], 
        [
          206.36399753310644, 
          417.5575646421646
        ], 
        [
          230.66172414026045, 
          383.7105832395333
        ], 
        [
          168.77774878165962, 
          301.97652500492234
        ]
      ], 
      "projected_cuboid_centroid": [
        138.53793802181607, 
        355.9794615774797
      ], 
      "quaternion_xyzw": [
        -0.5545209900880541, 
        0.22082876550847674, 
        0.72559301151577, 
        -0.34242650235523736
      ], 
      "visibility": 0.653276955602537
    }, 
    {
      "bounding_box": {
        "bottom_right": [
          409, 
          307
        ], 
        "top_left": [
          312, 
          192
        ]
      }, 
      "class": "025_mug", 
      "cuboid": [
        [
          -21.020483319767894, 
          10.21993270068674, 
          52.96936629672368
        ], 
        [
          -32.23400624354741, 
          9.991940184112819, 
          56.29677949224325
        ], 
        [
          -30.660376657740574, 
          3.67489356068375, 
          61.167137071762845
        ], 
        [
          -19.446853733961056, 
          3.9028860772576723, 
          57.839723876243276
        ], 
        [
          -19.072037871475647, 
          16.077299364129942, 
          59.93705323667806
        ], 
        [
          -30.28556079525517, 
          15.849306847556022, 
          63.26446643219763
        ], 
        [
          -28.711931209448327, 
          9.532260224126954, 
          68.13482401171723
        ], 
        [
          -17.49840828566881, 
          9.760252740700876, 
          64.80741081619766
        ]
      ], 
      "cuboid_centroid": [
        -24.86620726460811, 
        9.876096462406847, 
        60.55209515422045
      ], 
      "location": [
        -24.86620726460811, 
        9.876096462406847, 
        60.55209515422045
      ], 
      "pose_transform_permuted": [
        [
          -0.2093122101612389, 
          -0.6292289902828055, 
          -0.74850540690873, 
          0.0
        ], 
        [
          0.9585026566440003, 
          0.019488204939380433, 
          -0.2844185907797516, 
          0.0
        ], 
        [
          -0.1935512428061522, 
          0.7769758752992743, 
          -0.5990378999788912, 
          0.0
        ], 
        [
          -24.86620726460811, 
          9.876096462406847, 
          60.55209515422045, 
          1.0
        ]
      ], 
      "projected_cuboid": [
        [
          268.1895779972908, 
          376.18545161832617
        ], 
        [
          173.68800458948783, 
          367.9437709905863
        ], 
        [
          212.03978509070063, 
          305.3281341032676
        ], 
        [
          300.79022049992756, 
          309.273666487463
        ], 
        [
          310.4799527266513, 
          416.34226281891347
        ], 
        [
          224.16211747580596, 
          406.8962275620659
        ], 
        [
          254.98397204223582, 
          347.89950019494324
        ], 
        [
          336.3974040224676, 
          353.60657943593236
        ]
      ], 
      "projected_cuboid_centroid": [
        260.75992890402534, 
        360.271400111705
      ], 
      "quaternion_xyzw": [
        0.9332716564393247, 
        0.05706790897259588, 
        -0.1322580616089592, 
        0.3290218024374211
      ], 
      "visibility": 0.7490121269927783
    }, 
    {
      "bounding_box": {
        "bottom_right": [
          425, 
          265
        ], 
        "top_left": [
          346, 
          193
        ]
      }, 
      "class": "061_foam_brick", 
      "cuboid": [
        [
          -33.23174525130547, 
          9.423744013206143, 
          70.15167307374125
        ], 
        [
          -35.108733028628144, 
          14.822581689177772, 
          64.86271629646902
        ], 
        [
          -36.26006734967221, 
          18.103296731961127, 
          68.62018478453008
        ], 
        [
          -34.383079572349544, 
          12.704459055989497, 
          73.90914156180231
        ], 
        [
          -28.269555733787026, 
          11.156416269979852, 
          70.15932055292159
        ], 
        [
          -30.146543511109698, 
          16.55525394595148, 
          64.87036377564935
        ], 
        [
          -31.29787783215377, 
          19.835968988734837, 
          68.62783226371042
        ], 
        [
          -29.420890054831094, 
          14.437131312763206, 
          73.91678904098265
        ]
      ], 
      "cuboid_centroid": [
        -32.26481154172962, 
        14.62985650097049, 
        69.38975266872583
      ], 
      "location": [
        -32.26481154172962, 
        14.62985650097049, 
        69.38975266872583
      ], 
      "pose_transform_permuted": [
        [
          -0.9440999767698697, 
          -0.32965605839817164, 
          -0.0014549998324354663, 
          0.0
        ], 
        [
          0.2410288200222745, 
          -0.6932786085519298, 
          0.6791685202090642, 
          0.0
        ], 
        [
          0.22490073761951326, 
          -0.6408522872594599, 
          -0.7339809289978297, 
          0.0
        ], 
        [
          -32.26481154172962, 
          14.62985650097049, 
          69.38975266872583, 
          1.0
        ]
      ], 
      "projected_cuboid": [
        [
          226.85137220028824, 
          344.92940847650726
        ], 
        [
          190.51747187500774, 
          395.16199339499275
        ], 
        [
          197.43345796923796, 
          413.9862854016677
        ], 
        [
          231.42526862350735, 
          364.9604049074845
        ], 
        [
          264.9138151322989, 
          358.09259408201234
        ], 
        [
          231.68747373713717, 
          409.39246709696715
        ], 
        [
          236.3485747591507, 
          427.43552337000375
        ], 
        [
          267.5523811586037, 
          377.45238384415217
        ]
      ], 
      "projected_cuboid_centroid": [
        231.54783240598837, 
        385.7294949148703
      ], 
      "quaternion_xyzw": [
        0.387824552019096, 
        -0.5918780421399372, 
        -0.1707804825542355, 
        0.6856431483376209
      ], 
      "visibility": 0.22865769969805105
    }
  ]
}