{
  "camera_data": {
    "location_worldframe": [
      -13.44839917327135, 
      -1.256280329538155, 
      70.27988332497118
    ], 
    "quaternion_xyzw_worldframe": [
      -0.8328696404304775, 
      -0.05613228375934233, 
      -0.10860655762525974, 
      0.5398004057870246
    ]
  }, 
  "objects": [
    {
      "bounding_box": {
        "bottom_right": [
          475, 
          398
        ], 
        "top_left": [
          294, 
          255
        ]
      }, 
      "class": "003_cracker_box", 
      "cuboid": [
        [
          -9.791092763747631, 
          24.777287862745727, 
          68.33243100856595
        ], 
        [
          -21.894571605197825, 
          21.819490132535872, 
          57.66306606922258
        ], 
        [
          -23.362824678042283, 
          1.7874091587636003, 
          64.88203496517367
        ], 
        [
          -11.259345836592093, 
          4.745206888973456, 
          75.55139990451704
        ], 
        [
          -14.612064613888498, 
          26.89039361287453, 
          73.21560743829532
        ], 
        [
          -26.715543455338686, 
          23.93259588266467, 
          62.54624249895196
        ], 
        [
          -28.183796528183148, 
          3.900514908892398, 
          69.76521139490306
        ], 
        [
          -16.080317686732958, 
          6.858312639102255, 
          80.43457633424642
        ]
      ], 
      "cuboid_centroid": [
        -18.98744464596539, 
        14.338901385819064, 
        69.0488212017345
      ], 
      "location": [
        -18.98744464596539, 
        14.338901385819064, 
        69.0488212017345
      ], 
      "pose_transform_permuted": [
        [
          0.6714445634264572, 
          -0.29430442905981924, 
          -0.6801081541055276, 
          0.0
        ], 
        [
          0.7378550031884378, 
          0.18031393141124857, 
          0.6504282284839814, 
          0.0
        ], 
        [
          0.06879093337675296, 
          0.9385477021306875, 
          -0.3382248043984383, 
          0.0
        ], 
        [
          -18.98744464596539, 
          14.338901385819064, 
          69.0488212017345, 
          1.0
        ]
      ], 
      "projected_cuboid": [
        [
          404.54291918337145, 
          466.66781594905996
        ], 
        [
          277.40895359410194, 
          475.09268836062955
        ], 
        [
          287.95816006588433, 
          287.9787452776424
        ], 
        [
          401.4546619128813, 
          306.78309480614695
        ], 
        [
          374.2723763184054, 
          469.1624449731614
        ], 
        [
          251.9004892097126, 
          477.355104699253
        ], 
        [
          264.3508032955503, 
          303.10399203583967
        ], 
        [
          374.0883751920293, 
          318.7604200435963
        ]
      ], 
      "projected_cuboid_centroid": [
        333.7196058335491, 
        384.0374063832999
      ], 
      "quaternion_xyzw": [
        0.9160391448274268, 
        0.030436198786981294, 
        0.360757725085937, 
        0.1726261473185789
      ], 
      "visibility": 0.8191762091950094
    }, 
    {
      "bounding_box": {
        "bottom_right": [
          453, 
          284
        ], 
        "top_left": [
          306, 
          197
        ]
      }, 
      "class": "004_sugar_box", 
      "cuboid": [
        [
          -24.168099304374962, 
          21.29662010254792, 
          65.97452331185141
        ], 
        [
          -31.799241445249045, 
          20.24684427477117, 
          60.821477388586565
        ], 
        [
          -33.72530813331202, 
          3.857485427817013, 
          67.01261248037301
        ], 
        [
          -26.094165992437933, 
          4.907261255593766, 
          72.16565840363785
        ], 
        [
          -26.681255717893777, 
          22.876297679003958, 
          69.37444197058826
        ], 
        [
          -34.31239785876786, 
          21.82652185122721, 
          64.22139604732341
        ], 
        [
          -36.23846454683083, 
          5.437163004273053, 
          70.41253113910984
        ], 
        [
          -28.607322405956754, 
          6.486938832049806, 
          75.5655770623747
        ]
      ], 
      "cuboid_centroid": [
        -30.203281925602898, 
        13.366891553410486, 
        68.19352722548064
      ], 
      "location": [
        -30.203281925602898, 
        13.366891553410486, 
        68.19352722548064
      ], 
      "pose_transform_permuted": [
        [
          0.5568211038656216, 
          -0.34999724137442173, 
          -0.7532943235954315, 
          0.0
        ], 
        [
          0.8234127108183572, 
          0.11327252777422793, 
          0.5560220782574741, 
          0.0
        ], 
        [
          0.10927852279155344, 
          0.9298769016648246, 
          -0.35126410805317354, 
          0.0
        ], 
        [
          -30.203281925602898, 
          13.366891553410486, 
          68.19352722548064, 
          1.0
        ]
      ], 
      "projected_cuboid": [
        [
          284.60081156501974, 
          445.4424549307404
        ], 
        [
          200.4383636914165, 
          450.8231420360147
        ], 
        [
          210.9576098536601, 
          303.98631887797444
        ], 
        [
          287.1485757825482, 
          309.5522436541663
        ], 
        [
          274.77422674026224, 
          449.1492504748613
        ], 
        [
          194.2789154989124, 
          454.542509545721
        ], 
        [
          204.83181184400652, 
          314.4687744407897
        ], 
        [
          278.01245776910963, 
          319.06944136758716
        ]
      ], 
      "projected_cuboid_centroid": [
        243.4184779527705, 
        377.82468583214626
      ], 
      "quaternion_xyzw": [
        0.936293748788089, 
        0.001066440149751137, 
        0.2971405030642164, 
        0.18724394730160462
      ], 
      "visibility": 0.5344677895467963
    }, 
    {
      "bounding_box": {
        "bottom_right": [
          347, 
          273
        ], 
        "top_left": [
          265, 
          95
        ]
      }, 
      "class": "024_bowl", 
      "cuboid": [
        [
          -37.15109736470089, 
          3.295285116400828, 
          46.73643946235928
        ], 
        [
          -38.64645476818757, 
          9.41793346807187, 
          61.56935639677854
        ], 
        [
          -39.220661204412245, 
          4.340784900239293, 
          63.607185611229966
        ], 
        [
          -37.725303800925566, 
          -1.7818634514317497, 
          48.774268676810706
        ], 
        [
          -21.163040732968952, 
          2.2990805973327033, 
          48.759458194338656
        ], 
        [
          -22.658398136455627, 
          8.421728949003745, 
          63.592375128757915
        ], 
        [
          -23.23260457268031, 
          3.3445803811711685, 
          65.63020434320934
        ], 
        [
          -21.73724716919363, 
          -2.7780679704998748, 
          50.79728740879008
        ]
      ], 
      "cuboid_centroid": [
        -30.1918509686906, 
        3.319932748785998, 
        56.183321902784314
      ], 
      "location": [
        -30.1918509686906, 
        3.319932748785998, 
        56.183321902784314
      ], 
      "pose_transform_permuted": [
        [
          -0.9901994428010352, 
          0.06169862807086343, 
          -0.1252930276220218, 
          0.0
        ], 
        [
          0.09278482944638711, 
          -0.3799017423830624, 
          -0.9203616906189208, 
          0.0
        ], 
        [
          0.10438409314222312, 
          0.9229669254250049, 
          -0.37045379694421965, 
          0.0
        ], 
        [
          -30.1918509686906, 
          3.319932748785998, 
          56.183321902784314, 
          1.0
        ]
      ], 
      "projected_cuboid": [
        [
          54.124980601460834, 
          310.88974663245756
        ], 
        [
          144.04809981564068, 
          354.8655676395798
        ], 
        [
          150.0077974044124, 
          309.6821994367426
        ], 
        [
          65.65416525887045, 
          253.80284916423543
        ], 
        [
          248.19164919840202, 
          298.433345416402
        ], 
        [
          289.9880720366483, 
          343.9156497824804
        ], 
        [
          291.2326034621558, 
          300.4650335021971
        ], 
        [
          251.47632898738766, 
          244.11966455914066
        ]
      ], 
      "projected_cuboid_centroid": [
        192.61289136087106, 
        304.8009641451726
      ], 
      "quaternion_xyzw": [
        0.7316154697813281, 
        -0.1654850995940645, 
        -0.6528570035537252, 
        0.10550459279026717
      ], 
      "visibility": 0.8065769265516307
    }, 
    {
      "bounding_box": {
        "bottom_right": [
          332, 
          451
        ], 
        "top_left": [
          240, 
          339
        ]
      }, 
      "class": "025_mug", 
      "cuboid": [
        [
          -2.2327021691249644, 
          3.6380890818241514, 
          50.538939465032996
        ], 
        [
          -13.801366885683485, 
          4.7972477744668405, 
          49.23928438595042
        ], 
        [
          -14.789464430975594, 
          -3.0754400749003254, 
          51.0130432014892
        ], 
        [
          -3.2207997144170712, 
          -4.234598767543014, 
          52.31269828057178
        ], 
        [
          -3.032838344899405, 
          5.772011776343948, 
          59.56445890837961
        ], 
        [
          -14.601503061457926, 
          6.931170468986636, 
          58.26480382929703
        ], 
        [
          -15.589600606750034, 
          -0.9415173803805289, 
          60.038562644835814
        ], 
        [
          -4.020935890191512, 
          -2.1006760730232172, 
          61.33821772391839
        ]
      ], 
      "cuboid_centroid": [
        -8.9111513879375, 
        1.3482858507218114, 
        55.2887510549344
      ], 
      "location": [
        -8.9111513879375, 
        1.3482858507218114, 
        55.2887510549344
      ], 
      "pose_transform_permuted": [
        [
          0.08595481671200975, 
          -0.2292371469237928, 
          -0.9695685471696932, 
          0.0
        ], 
        [
          0.9888592496770533, 
          -0.09908185803177728, 
          0.11109112225381222, 
          0.0
        ], 
        [
          0.12153273529547819, 
          0.9683146092405438, 
          -0.21816647722079638, 
          0.0
        ], 
        [
          -8.9111513879375, 
          1.3482858507218114, 
          55.2887510549344, 
          1.0
        ]
      ], 
      "projected_cuboid": [
        [
          457.83980586227807, 
          311.67800747399133
        ], 
        [
          330.8662329323424, 
          325.24639514331903
        ], 
        [
          325.691024005894, 
          241.1341252673905
        ], 
        [
          448.48789577263426, 
          230.11548154900842
        ], 
        [
          454.2157856444288, 
          324.9671369667076
        ], 
        [
          346.83023841747564, 
          336.7301386196201
        ], 
        [
          341.96137682044747, 
          264.9230856479187
        ], 
        [
          446.34474649506, 
          255.0217150176361
        ]
      ], 
      "projected_cuboid_centroid": [
        394.9230805929686, 
        286.29220792662994
      ], 
      "quaternion_xyzw": [
        0.9908004852248624, 
        -0.05566574618632403, 
        0.04971887425981185, 
        0.1128894340526718
      ], 
      "visibility": 0.9161073825503355
    }, 
    {
      "bounding_box": {
        "bottom_right": [
          344, 
          344
        ], 
        "top_left": [
          267, 
          289
        ]
      }, 
      "class": "061_foam_brick", 
      "cuboid": [
        [
          -20.536246231102023, 
          -0.7461230368762984, 
          60.064672321043474
        ], 
        [
          -19.702680659353504, 
          6.535375669107715, 
          57.43246028704774
        ], 
        [
          -22.122657151973137, 
          8.311468921360651, 
          61.57931908425809
        ], 
        [
          -22.95622272372166, 
          1.029970215376639, 
          64.21153111825384
        ], 
        [
          -15.938878317052833, 
          -0.3620405660597147, 
          62.583049846273475
        ], 
        [
          -15.10531274530431, 
          6.919458139924298, 
          59.950837812277726
        ], 
        [
          -17.525289237923946, 
          8.695551392177236, 
          64.09769660948808
        ], 
        [
          -18.35885480967247, 
          1.414052686193222, 
          66.72990864348382
        ]
      ], 
      "cuboid_centroid": [
        -19.030767734512985, 
        3.9747141776504686, 
        62.08118446526578
      ], 
      "location": [
        -19.030767734512985, 
        3.9747141776504686, 
        62.08118446526578
      ], 
      "pose_transform_permuted": [
        [
          -0.8746894743808523, 
          -0.07307505094182501, 
          -0.47914336094450805, 
          0.0
        ], 
        [
          -0.10704029541221663, 
          -0.9350359455192857, 
          0.3380091060088778, 
          0.0
        ], 
        [
          0.4727162981804359, 
          -0.3469406541711494, 
          -0.8100441246733916, 
          0.0
        ], 
        [
          -19.030767734512985, 
          3.9747141776504686, 
          62.08118446526578, 
          1.0
        ]
      ], 
      "projected_cuboid": [
        [
          297.7343448485246, 
          266.66164498452724
        ], 
        [
          297.1126736852155, 
          333.97423637177246
        ], 
        [
          288.40284136427545, 
          345.2696194217291
        ], 
        [
          289.34140487639417, 
          281.8411274200791
        ], 
        [
          344.6373769110118, 
          270.201304451649
        ], 
        [
          346.1011533022976, 
          334.8416832574677
        ], 
        [
          334.5641731853842, 
          345.63715413809706
        ], 
        [
          333.6464465736619, 
          284.58794696749794
        ]
      ], 
      "projected_cuboid_centroid": [
        316.74740962209023, 
        307.43203515111327
      ], 
      "quaternion_xyzw": [
        -0.506251521321453, 
        0.6951842041013077, 
        0.26502654598009606, 
        -0.43610692433577164
      ], 
      "visibility": 0.9495355259854381
    }
  ]
}