{
  "camera_data": {
    "location_worldframe": [
      -9.815640125544025, 
      0.01292102523728772, 
      81.87580771991747
    ], 
    "quaternion_xyzw_worldframe": [
      -0.8236336618325049, 
      -0.10961634386908388, 
      -0.20637113114950706, 
      0.5167442166187959
    ]
  }, 
  "objects": [
    {
      "bounding_box": {
        "bottom_right": [
          460, 
          439
        ], 
        "top_left": [
          301, 
          320
        ]
      }, 
      "class": "003_cracker_box", 
      "cuboid": [
        [
          -5.203143097210962, 
          25.90705404155262, 
          80.10572459817973
        ], 
        [
          -14.683162716603032, 
          22.824403767185665, 
          67.07865236421084
        ], 
        [
          -18.198889877691755, 
          3.055094529596783, 
          74.31520001787564
        ], 
        [
          -8.718870258299683, 
          6.137744803963736, 
          87.3422722518445
        ], 
        [
          -10.942080322908682, 
          28.253173261135302, 
          83.72687381658379
        ], 
        [
          -20.422099942300754, 
          25.170522986768347, 
          70.69980158261492
        ], 
        [
          -23.937827103389473, 
          5.401213749179461, 
          77.9363492362797
        ], 
        [
          -14.457807483997403, 
          8.483864023546415, 
          90.96342147024859
        ]
      ], 
      "cuboid_centroid": [
        -14.570485100300218, 
        15.65413389536604, 
        79.02103691722971
      ], 
      "location": [
        -14.570485100300218, 
        15.65413389536604, 
        79.02103691722971
      ], 
      "pose_transform_permuted": [
        [
          0.7992948973406381, 
          -0.3267575592861185, 
          -0.5043383433119056, 
          0.0
        ], 
        [
          0.5779230912139052, 
          0.18792522032858291, 
          0.794159311603294, 
          0.0
        ], 
        [
          0.16471966405679409, 
          0.9262362598245829, 
          -0.33904840843039596, 
          0.0
        ], 
        [
          -14.570485100300218, 
          15.65413389536604, 
          79.02103691722971, 
          1.0
        ]
      ], 
      "projected_cuboid": [
        [
          446.6674414030778, 
          445.7678348168319
        ], 
        [
          363.88336588337387, 
          454.75562053175787
        ], 
        [
          349.90519263379264, 
          295.2112820537258
        ], 
        [
          427.91521975641143, 
          310.76414665896397
        ], 
        [
          411.3178766611575, 
          453.2522992721226
        ], 
        [
          326.260416501469, 
          463.1588223020176
        ], 
        [
          316.4250767355571, 
          310.2471230429399
        ], 
        [
          396.1243756223814, 
          323.02753003721796
        ]
      ], 
      "projected_cuboid_centroid": [
        382.44014944334936, 
        378.93759610063813
      ], 
      "quaternion_xyzw": [
        0.8672510729815205, 
        0.006689399700599535, 
        0.45934051239216106, 
        0.19192999249558199
      ], 
      "visibility": 0.8059766132524903
    }, 
    {
      "bounding_box": {
        "bottom_right": [
          446, 
          342
        ], 
        "top_left": [
          314, 
          261
        ]
      }, 
      "class": "004_sugar_box", 
      "cuboid": [
        [
          -18.767842464484954, 
          22.599748395510645, 
          74.68047764141501
        ], 
        [
          -25.07734770701424, 
          21.519824936239775, 
          67.97867558027525
        ], 
        [
          -28.723692691566487, 
          5.366676125472872, 
          74.01447890516086
        ], 
        [
          -22.4141874490372, 
          6.44659958474374, 
          80.71628096630063
        ], 
        [
          -21.93913946209614, 
          24.327236885004876, 
          77.38777189250834
        ], 
        [
          -28.248644704625427, 
          23.247313425734006, 
          70.68596983136858
        ], 
        [
          -31.894989689177677, 
          7.094164614967102, 
          76.72177315625419
        ], 
        [
          -25.585484446648387, 
          8.17408807423797, 
          83.42357521739395
        ]
      ], 
      "cuboid_centroid": [
        -25.331416076831314, 
        14.846956505238873, 
        75.7011253988346
      ], 
      "location": [
        -25.331416076831314, 
        14.846956505238873, 
        75.7011253988346
      ], 
      "pose_transform_permuted": [
        [
          0.7026403471732705, 
          -0.38274659008928064, 
          -0.5998347596965247, 
          0.0
        ], 
        [
          0.6808059291474019, 
          0.11652550649157602, 
          0.7231353971214409, 
          0.0
        ], 
        [
          0.20688130684664605, 
          0.9164751414957405, 
          -0.3424511078934571, 
          0.0
        ], 
        [
          -25.331416076831314, 
          14.846956505238873, 
          75.7011253988346, 
          1.0
        ]
      ], 
      "projected_cuboid": [
        [
          346.4523741529, 
          434.67929783950035
        ], 
        [
          283.2158099156834, 
          442.1180717961595
        ], 
        [
          272.90049219922633, 
          311.95672139134854
        ], 
        [
          332.26482343212047, 
          315.8813870285839
        ], 
        [
          329.1430121341456, 
          440.93824209352243
        ], 
        [
          266.68731104269455, 
          448.68552501718233
        ], 
        [
          258.036310553954, 
          322.60053008242886
        ], 
        [
          316.6682359972359, 
          325.54276451208483
        ]
      ], 
      "projected_cuboid_centroid": [
        301.64830328163845, 
        377.8843575385011
      ], 
      "quaternion_xyzw": [
        0.8940240251720961, 
        -0.025266602968996524, 
        0.3986961491387928, 
        0.20279032709527578
      ], 
      "visibility": 0.5993344425956739
    }, 
    {
      "bounding_box": {
        "bottom_right": [
          350, 
          360
        ], 
        "top_left": [
          274, 
          216
        ]
      }, 
      "class": "024_bowl", 
      "cuboid": [
        [
          -27.54503369572531, 
          4.230776146073298, 
          53.508490086958446
        ], 
        [
          -32.17185533738259, 
          10.837604542242298, 
          67.46129200720482
        ], 
        [
          -33.306332368079666, 
          5.836988179313368, 
          69.45294869854149
        ], 
        [
          -28.67951072642238, 
          -0.7698402168556315, 
          55.500146778295125
        ], 
        [
          -12.441141077095581, 
          3.026179823282879, 
          59.087411000292946
        ], 
        [
          -17.067962718752863, 
          9.63300821945188, 
          73.04021292053932
        ], 
        [
          -18.20243974944994, 
          4.63239185652295, 
          75.03186961187599
        ], 
        [
          -13.575618107792659, 
          -1.9744365396460504, 
          61.07906769162962
        ]
      ], 
      "cuboid_centroid": [
        -22.873736722587623, 
        4.431584001298123, 
        64.27017984941722
      ], 
      "location": [
        -22.873736722587623, 
        4.431584001298123, 
        64.27017984941722
      ], 
      "pose_transform_permuted": [
        [
          -0.9354398973925637, 
          0.074605102740247, 
          -0.34552319315974517, 
          0.0
        ], 
        [
          0.2870877931249354, 
          -0.409944435016501, 
          -0.8657517884692216, 
          0.0
        ], 
        [
          0.20623481133126792, 
          0.9090542551707894, 
          -0.36206016592693147, 
          0.0
        ], 
        [
          -22.873736722587623, 
          4.431584001298123, 
          64.27017984941722, 
          1.0
        ]
      ], 
      "projected_cuboid": [
        [
          204.76757965907495, 
          315.4547203959896
        ], 
        [
          225.14087514748954, 
          358.96391778058114
        ], 
        [
          223.71101171752125, 
          318.1079625731845
        ], 
        [
          203.70935504936284, 
          265.8888843283391
        ], 
        [
          368.3682459307497, 
          300.6006635224266
        ], 
        [
          355.93291999044715, 
          343.6241194705715
        ], 
        [
          351.1376098829719, 
          306.2131504567186
        ], 
        [
          362.07201389276054, 
          256.0464963089227
        ]
      ], 
      "projected_cuboid_centroid": [
        290.2070248930638, 
        310.0602102801236
      ], 
      "quaternion_xyzw": [
        0.7971300460802287, 
        -0.19324928516298592, 
        -0.5648989442559856, 
        0.09015312639393128
      ], 
      "visibility": 0.7829093603358854
    }, 
    {
      "bounding_box": {
        "bottom_right": [
          329, 
          509
        ], 
        "top_left": [
          252, 
          421
        ]
      }, 
      "class": "025_mug", 
      "cuboid": [
        [
          5.639244045736497, 
          4.0976405038837775, 
          65.02609167296325
        ], 
        [
          -5.31600138713906, 
          5.412440239780803, 
          61.13756307162769
        ], 
        [
          -6.860679834867732, 
          -2.3831414881355357, 
          62.853559891201286
        ], 
        [
          4.094565598007825, 
          -3.6979412240325615, 
          66.74208849253684
        ], 
        [
          2.8933615735865907, 
          6.525311019137593, 
          73.58298307736383
        ], 
        [
          -8.061883859288967, 
          7.840110755034618, 
          69.69445447602828
        ], 
        [
          -9.606562307017638, 
          0.04452902711827994, 
          71.41045129560186
        ], 
        [
          1.3486831258579195, 
          -1.270270708778746, 
          75.29897989693742
        ]
      ], 
      "cuboid_centroid": [
        -1.9836591306405704, 
        2.0710847655010287, 
        68.21827148428255
      ], 
      "location": [
        -1.9836591306405704, 
        2.0710847655010287, 
        68.21827148428255
      ], 
      "pose_transform_permuted": [
        [
          0.2949770698442965, 
          -0.2607930755959425, 
          -0.9192260699598265, 
          0.0
        ], 
        [
          0.9364257711847644, 
          -0.11238564796970735, 
          0.33238127037779003, 
          0.0
        ], 
        [
          0.189990348421462, 
          0.9588308109125416, 
          -0.21106194245171112, 
          0.0
        ], 
        [
          -1.9836591306405704, 
          2.0710847655010287, 
          68.21827148428255, 
          1.0
        ]
      ], 
      "projected_cuboid": [
        [
          528.2334647115555, 
          306.89384651394437
        ], 
        [
          434.8376936749834, 
          320.50072558712685
        ], 
        [
          422.8982975595335, 
          253.06531221012895
        ], 
        [
          514.5883958286807, 
          243.73720087291835
        ], 
        [
          502.7425252989238, 
          320.58111625545894
        ], 
        [
          419.3913873493366, 
          333.28104731974776
        ], 
        [
          409.25382732634284, 
          273.61909717621523
        ], 
        [
          491.22898255114444, 
          264.28960009665064
        ]
      ], 
      "projected_cuboid_centroid": [
        465.95990210287334, 
        289.47794887204407
      ], 
      "quaternion_xyzw": [
        0.9765350290769315, 
        -0.07741043264904433, 
        0.16060825304318485, 
        0.12079828270309824
      ], 
      "visibility": 0.8776617115307352
    }, 
    {
      "bounding_box": {
        "bottom_right": [
          342, 
          412
        ], 
        "top_left": [
          276, 
          355
        ]
      }, 
      "class": "061_foam_brick", 
      "cuboid": [
        [
          -14.4279732561364, 
          0.32480345399761923, 
          70.32257846283106
        ], 
        [
          -12.85601719200034, 
          7.505427132065451, 
          67.75135445742802
        ], 
        [
          -16.098769217327757, 
          9.450914731237473, 
          71.2019875374923
        ], 
        [
          -17.670725281463813, 
          2.2702910531696427, 
          73.77321154289533
        ], 
        [
          -10.50173409958636, 
          0.7089367806075726, 
          73.79570732799887
        ], 
        [
          -8.929778035450301, 
          7.889560458675403, 
          71.22448332259584
        ], 
        [
          -12.172530060777714, 
          9.835048057847425, 
          74.67511640266011
        ], 
        [
          -13.744486124913774, 
          2.6544243797795954, 
          77.24634040806315
        ]
      ], 
      "cuboid_centroid": [
        -13.300251658457057, 
        5.079925755922523, 
        72.49884743274558
      ], 
      "location": [
        -13.300251658457057, 
        5.079925755922523, 
        72.49884743274558
      ], 
      "pose_transform_permuted": [
        [
          -0.7470013556325376, 
          -0.07308472670152122, 
          -0.660793157808186, 
          0.0
        ], 
        [
          -0.20185891450290427, 
          -0.9220823241680414, 
          0.33017747665849684, 
          0.0
        ], 
        [
          0.6334366213906957, 
          -0.38003001220933463, 
          -0.6740439425596173, 
          0.0
        ], 
        [
          -13.300251658457057, 
          5.079925755922523, 
          72.49884743274558, 
          1.0
        ]
      ], 
      "projected_cuboid": [
        [
          371.26486802653676, 
          275.74981572928004
        ], 
        [
          379.55477764441315, 
          332.3671467995177
        ], 
        [
          360.008625919279, 
          344.07610551135207
        ], 
        [
          352.78770827339025, 
          289.69887320218953
        ], 
        [
          405.06884100188665, 
          278.41000494202467
        ], 
        [
          414.17484165612024, 
          332.3625312205388
        ], 
        [
          393.9380337012036, 
          343.52712123538413
        ], 
        [
          385.91240569698994, 
          291.6130567045878
        ]
      ], 
      "projected_cuboid_centroid": [
        382.9417521835103, 
        310.6557373911529
      ], 
      "quaternion_xyzw": [
        -0.5193515743443807, 
        0.748779354102466, 
        0.20064629605688164, 
        -0.3596449429292186
      ], 
      "visibility": 0.9834684965689332
    }
  ]
}