{
  "camera_data": {
    "location_worldframe": [
      -11.494207102739486, 
      -2.3628760941483273, 
      72.53016371347171
    ], 
    "quaternion_xyzw_worldframe": [
      -0.8252427734153593, 
      -0.08013399690926892, 
      -0.14796991054582523, 
      0.5391278493971001
    ]
  }, 
  "objects": [
    {
      "bounding_box": {
        "bottom_right": [
          462, 
          416
        ], 
        "top_left": [
          285, 
          283
        ]
      }, 
      "class": "003_cracker_box", 
      "cuboid": [
        [
          -7.632196734734682, 
          23.674592301566626, 
          71.09822978558313
        ], 
        [
          -18.69404485039181, 
          20.8086965917271, 
          59.32961585982227
        ], 
        [
          -20.858337459198083, 
          0.7351661514330698, 
          66.25224255150881
        ], 
        [
          -9.796489343540959, 
          3.601061861272596, 
          78.02085647726969
        ], 
        [
          -12.883732971981699, 
          25.767350460920508, 
          75.52475528198343
        ], 
        [
          -23.94558108763882, 
          22.90145475108098, 
          63.756141356222564
        ], 
        [
          -26.109873696445103, 
          2.8279243107869503, 
          70.67876804790912
        ], 
        [
          -15.048025580787975, 
          5.693820020626476, 
          82.44738197366998
        ]
      ], 
      "cuboid_centroid": [
        -16.87103521558989, 
        13.251258306176789, 
        70.88849891674613
      ], 
      "location": [
        -16.87103521558989, 
        13.251258306176789, 
        70.88849891674613
      ], 
      "pose_transform_permuted": [
        [
          0.7314117496938944, 
          -0.2914705027002934, 
          -0.616507744043296, 
          0.0
        ], 
        [
          0.6743548762770638, 
          0.17471137974642081, 
          0.7174408927768531, 
          0.0
        ], 
        [
          0.1014019390892591, 
          0.9404897021460364, 
          -0.324340510738634, 
          0.0
        ], 
        [
          -16.87103521558989, 
          13.251258306176789, 
          70.88849891674613, 
          1.0
        ]
      ], 
      "projected_cuboid": [
        [
          423.8696011621031, 
          450.87357124648236
        ], 
        [
          312.1541269478607, 
          460.33789895527264
        ], 
        [
          312.29165504745765, 
          279.20450377918155
        ], 
        [
          414.07410527594294, 
          297.9019664391699
        ], 
        [
          389.86015474245113, 
          455.2432031296264
        ], 
        [
          279.623241623733, 
          464.857013265026
        ], 
        [
          282.9383916543945, 
          294.62515856472174
        ], 
        [
          383.4461454137801, 
          310.11761311517085
        ]
      ], 
      "projected_cuboid_centroid": [
        353.61247610148524, 
        372.98050335434135
      ], 
      "quaternion_xyzw": [
        0.8987981311821909, 
        0.020390963808730234, 
        0.40299723380740354, 
        0.17128735365441566
      ], 
      "visibility": 0.8184440722129165
    }, 
    {
      "bounding_box": {
        "bottom_right": [
          443, 
          304
        ], 
        "top_left": [
          298, 
          221
        ]
      }, 
      "class": "004_sugar_box", 
      "cuboid": [
        [
          -21.732440385024994, 
          20.238849915351086, 
          67.3897712037608
        ], 
        [
          -28.852170161523794, 
          19.237196482240563, 
          61.54200408633389
        ], 
        [
          -31.371080835748643, 
          2.813670945180276, 
          67.4219588459094
        ], 
        [
          -24.25135105924984, 
          3.8153243782908017, 
          73.26972596333631
        ], 
        [
          -24.54887952852576, 
          21.802588596343224, 
          70.55096958078832
        ], 
        [
          -31.668609305024564, 
          20.8009351632327, 
          64.70320246336141
        ], 
        [
          -34.18751997924941, 
          4.3774096261724145, 
          70.58315722293692
        ], 
        [
          -27.067790202750608, 
          5.37906305928294, 
          76.43092434036383
        ]
      ], 
      "cuboid_centroid": [
        -27.9599801821372, 
        12.30812977076175, 
        68.98646421334887
      ], 
      "location": [
        -27.9599801821372, 
        12.30812977076175, 
        68.98646421334887
      ], 
      "pose_transform_permuted": [
        [
          0.6240171699693938, 
          -0.3464657805712397, 
          -0.7004028720083064, 
          0.0
        ], 
        [
          0.7682304807507565, 
          0.10808004272917153, 
          0.6309836306945547, 
          0.0
        ], 
        [
          0.1429144895289148, 
          0.9318154043379744, 
          -0.33360878633635715, 
          0.0
        ], 
        [
          -27.9599801821372, 
          12.30812977076175, 
          68.98646421334887, 
          1.0
        ]
      ], 
      "projected_cuboid": [
        [
          308.174244690153, 
          433.4558753736364
        ], 
        [
          229.48212452639547, 
          439.9950123251919
        ], 
        [
          231.37831600129826, 
          295.5431713001712
        ], 
        [
          303.60399199014057, 
          301.057724243425
        ], 
        [
          294.47697469529305, 
          438.09997047351084
        ], 
        [
          218.3915718353284, 
          444.7393509562964
        ], 
        [
          221.126741233564, 
          306.36182632290075
        ], 
        [
          291.1495017226898, 
          310.82055570249355
        ]
      ], 
      "projected_cuboid_centroid": [
        263.64313491085454, 
        368.43805377239613
      ], 
      "quaternion_xyzw": [
        0.9220152868983569, 
        -0.009445192312625786, 
        0.3402874167319256, 
        0.18439894017249858
      ], 
      "visibility": 0.5598821112798071
    }, 
    {
      "bounding_box": {
        "bottom_right": [
          338, 
          308
        ], 
        "top_left": [
          255, 
          136
        ]
      }, 
      "class": "024_bowl", 
      "cuboid": [
        [
          -32.894778574740194, 
          2.384889358556648, 
          46.91173132380207
        ], 
        [
          -35.755587597384114, 
          8.41821165163806, 
          61.579830560906046
        ], 
        [
          -36.52471703251933, 
          3.3296923139984917, 
          63.522846098927985
        ], 
        [
          -33.663908009875406, 
          -2.7036299790829212, 
          48.85474686182401
        ], 
        [
          -17.166085163478627, 
          1.3425711348950842, 
          50.40812366282507
        ], 
        [
          -20.026894186122547, 
          7.375893427976497, 
          65.07622289992904
        ], 
        [
          -20.79602362125776, 
          2.287374090336928, 
          67.01923843795099
        ], 
        [
          -17.93521459861384, 
          -3.745948202744484, 
          52.35113920084701
        ]
      ], 
      "cuboid_centroid": [
        -26.845401097998977, 
        2.336131724446788, 
        56.965484880876524
      ], 
      "location": [
        -26.845401097998977, 
        2.336131724446788, 
        56.965484880876524
      ], 
      "pose_transform_permuted": [
        [
          -0.9741361198901617, 
          0.06455462024337605, 
          -0.21654450103979525, 
          0.0
        ], 
        [
          0.17750918718547448, 
          -0.374359185739392, 
          -0.9101349836795043, 
          0.0
        ], 
        [
          0.13981884132724234, 
          0.9250339999469062, 
          -0.353217766472943, 
          0.0
        ], 
        [
          -26.845401097998977, 
          2.336131724446788, 
          56.965484880876524, 
          1.0
        ]
      ], 
      "projected_cuboid": [
        [
          104.51381523088808, 
          300.3993339222961
        ], 
        [
          169.35086330100532, 
          346.1934798843951
        ], 
        [
          172.39054282022235, 
          301.24167894322875
        ], 
        [
          111.04477704369661, 
          243.77254177607904
        ], 
        [
          298.46581451230554, 
          287.490984130418
        ], 
        [
          316.102782522842, 
          333.7342442745967
        ], 
        [
          314.7292640057895, 
          291.48879489822195
        ], 
        [
          297.3620512898181, 
          235.12523787287785
        ]
      ], 
      "projected_cuboid_centroid": [
        228.1718453016154, 
        295.1577605317256
      ], 
      "quaternion_xyzw": [
        0.7614275553478768, 
        -0.16882040302301624, 
        -0.6186639458788665, 
        0.09477695684971768
      ], 
      "visibility": 0.8129745945439205
    }, 
    {
      "bounding_box": {
        "bottom_right": [
          321, 
          483
        ], 
        "top_left": [
          232, 
          378
        ]
      }, 
      "class": "025_mug", 
      "cuboid": [
        [
          1.5183595744780585, 
          2.6307788903394447, 
          53.95093371068869
        ], 
        [
          -9.877258575897502, 
          3.822280820955394, 
          51.58725741228617
        ], 
        [
          -11.038111045990476, 
          -4.059210353671087, 
          53.21092285665922
        ], 
        [
          0.3575071043850839, 
          -5.2507122842870375, 
          55.57459915506173
        ], 
        [
          -0.11550791900912863, 
          4.710125186200294, 
          62.87621472496566
        ], 
        [
          -11.511126069384689, 
          5.901627116816243, 
          60.51253842656315
        ], 
        [
          -12.671978539477664, 
          -1.9798640578102382, 
          62.13620387093619
        ], 
        [
          -1.2763603891021034, 
          -3.1713659884261878, 
          64.49988016933871
        ]
      ], 
      "cuboid_centroid": [
        -5.576809482499803, 
        0.32545741626460317, 
        58.04356879081244
      ], 
      "location": [
        -5.576809482499803, 
        0.32545741626460317, 
        58.04356879081244
      ], 
      "pose_transform_permuted": [
        [
          0.17551859944149287, 
          -0.2233742644725763, 
          -0.9588004103711769, 
          0.0
        ], 
        [
          0.9740676810917914, 
          -0.10184647355292625, 
          0.20204087750700023, 
          0.0
        ], 
        [
          0.14278102059569847, 
          0.9693973891781704, 
          -0.19970548818747333, 
          0.0
        ], 
        [
          -5.576809482499803, 
          0.32545741626460317, 
          58.04356879081244, 
          1.0
        ]
      ], 
      "projected_cuboid": [
        [
          496.7315457382624, 
          299.2924994117805
        ], 
        [
          378.632993802053, 
          312.80205627897317
        ], 
        [
          370.0429252067046, 
          232.60210220016535
        ], 
        [
          485.05646350583, 
          222.89827195014496
        ], 
        [
          480.6091597250546, 
          313.23808423746067
        ], 
        [
          379.29976732723867, 
          325.2997801261464
        ], 
        [
          371.92615796667604, 
          256.29321994353086
        ], 
        [
          470.95548823784276, 
          247.06398403885265
        ]
      ], 
      "projected_cuboid_centroid": [
        429.9288561352581, 
        276.2769263603399
      ], 
      "quaternion_xyzw": [
        0.9877076339485711, 
        -0.061917992161980746, 
        0.09556458408626418, 
        0.1070862819417266
      ], 
      "visibility": 0.8961262553802009
    }, 
    {
      "bounding_box": {
        "bottom_right": [
          334, 
          374
        ], 
        "top_left": [
          259, 
          316
        ]
      }, 
      "class": "061_foam_brick", 
      "cuboid": [
        [
          -17.599292128182302, 
          -1.7742569466876956, 
          61.702882875888996
        ], 
        [
          -16.513255177097594, 
          5.521723923100107, 
          59.20632884119791
        ], 
        [
          -19.306176749630566, 
          7.2770378390007675, 
          63.121133241912766
        ], 
        [
          -20.392213700715274, 
          -0.018943030787036547, 
          65.61768727660386
        ], 
        [
          -13.255828234150762, 
          -1.4155085080039935, 
          64.64076602538414
        ], 
        [
          -12.169791283066056, 
          5.88047236178381, 
          62.144211990693044
        ], 
        [
          -14.962712855599026, 
          7.63578627768447, 
          66.05901639140791
        ], 
        [
          -16.048749806683734, 
          0.3398054078966664, 
          68.555570426099
        ]
      ], 
      "cuboid_centroid": [
        -16.281002491890664, 
        2.930764665498387, 
        63.880949633648456
      ], 
      "location": [
        -16.281002491890664, 
        2.930764665498387, 
        63.880949633648456
      ], 
      "pose_transform_permuted": [
        [
          -0.8263820128149103, 
          -0.06825502964604407, 
          -0.5589579767961054, 
          0.0
        ], 
        [
          -0.13946079350283158, 
          -0.9368956373591419, 
          0.320588913989501, 
          0.0
        ], 
        [
          0.5455670957559101, 
          -0.34288163500751206, 
          -0.7647148020033595, 
          0.0
        ], 
        [
          -16.281002491890664, 
          2.930764665498387, 
          63.880949633648456, 
          1.0
        ]
      ], 
      "projected_cuboid": [
        [
          328.21256574367845, 
          257.95101505053276
        ], 
        [
          331.60914339927626, 
          323.0251986734787
        ], 
        [
          317.11701868952633, 
          334.7712830689893
        ], 
        [
          314.47446501164535, 
          273.132575083585
        ], 
        [
          371.3182483370198, 
          261.60786438453755
        ], 
        [
          376.2859605264468, 
          323.75255836167065
        ], 
        [
          359.7907053048803, 
          334.9331469873832
        ], 
        [
          355.70736935418165, 
          275.9300121349194
        ]
      ], 
      "projected_cuboid_centroid": [
        344.53997517361597, 
        297.75446149760376
      ], 
      "quaternion_xyzw": [
        -0.5188004308705232, 
        0.7143704230485836, 
        0.24373201559254293, 
        -0.40139222236752903
      ], 
      "visibility": 1.0
    }
  ]
}