{
  "camera_data": {
    "location_worldframe": [
      -21.38771723766384, 
      14.732134035930091, 
      71.93268456229139
    ], 
    "quaternion_xyzw_worldframe": [
      0.9089296997038221, 
      0.01541914341086586, 
      -0.07195607784915795, 
      -0.41040526265567423
    ]
  }, 
  "objects": [
    {
      "bounding_box": {
        "bottom_right": [
          539, 
          343
        ], 
        "top_left": [
          399, 
          159
        ]
      }, 
      "class": "003_cracker_box", 
      "cuboid": [
        [
          -22.27738921373885, 
          38.925802227078336, 
          61.50245527734776
        ], 
        [
          -36.630400758563134, 
          32.33459419486873, 
          57.072426839805544
        ], 
        [
          -32.83921261526266, 
          15.57204565309474, 
          69.72933823213047
        ], 
        [
          -18.48620107043838, 
          22.163253685304348, 
          74.15936666967269
        ], 
        [
          -25.511092253525902, 
          42.306889957590826, 
          66.94890439066852
        ], 
        [
          -39.86410379835018, 
          35.71568192538122, 
          62.518875953126305
        ], 
        [
          -36.07291565504971, 
          18.953133383607238, 
          75.17578734545124
        ], 
        [
          -21.719904110225425, 
          25.54434141581684, 
          79.60581578299345
        ]
      ], 
      "cuboid_centroid": [
        -29.17515243439428, 
        28.939467805342783, 
        68.3391213113995
      ], 
      "location": [
        -29.17515243439428, 
        28.939467805342783, 
        68.3391213113995
      ], 
      "pose_transform_permuted": [
        [
          0.45037647870463676, 
          -0.4709035948953283, 
          -0.7585583904646158, 
          0.0
        ], 
        [
          0.8749915225118122, 
          0.401814708591581, 
          0.27006439138087784, 
          0.0
        ], 
        [
          -0.17762562585976394, 
          0.7853628106003745, 
          -0.5930045470009551, 
          0.0
        ], 
        [
          -29.17515243439428, 
          28.939467805342783, 
          68.3391213113995, 
          1.0
        ]
      ], 
      "projected_cuboid": [
        [
          286.8084500737001, 
          610.832291638428
        ], 
        [
          136.44771103697008, 
          575.4407173791143
        ], 
        [
          228.33571073790944, 
          392.38815442275893
        ], 
        [
          347.5450375342062, 
          432.6743233412132
        ], 
        [
          276.6803853361215, 
          610.3061370743031
        ], 
        [
          138.70093894419966, 
          577.9604833575278
        ], 
        [
          223.55233498399318, 
          407.7457508857634
        ], 
        [
          334.87182313679057, 
          444.4209881754029
        ]
      ], 
      "projected_cuboid_centroid": [
        252.0163122393937, 
        499.1306022738697
      ], 
      "quaternion_xyzw": [
        0.9245151058226148, 
        0.15668763300946034, 
        0.19481587308529721, 
        0.2876935528678137
      ], 
      "visibility": 0.5385839168402989
    }, 
    {
      "bounding_box": {
        "bottom_right": [
          539, 
          244
        ], 
        "top_left": [
          403, 
          110
        ]
      }, 
      "class": "004_sugar_box", 
      "cuboid": [
        [
          -36.00029494816927, 
          34.387116510791145, 
          65.43381420337204
        ], 
        [
          -44.65687272566507, 
          31.501571907610515, 
          63.81284675295662
        ], 
        [
          -42.14137912897209, 
          17.85234582676255, 
          74.67663473803559
        ], 
        [
          -33.48480135147629, 
          20.737890429943178, 
          76.297602188451
        ], 
        [
          -37.47780238747064, 
          36.872954227273866, 
          68.89912312243204
        ], 
        [
          -46.13438016496644, 
          33.98740962409324, 
          67.27815567201664
        ], 
        [
          -43.61888656827346, 
          20.338183543245275, 
          78.1419436570956
        ], 
        [
          -34.962308790777655, 
          23.223728146425902, 
          79.76291110751102
        ]
      ], 
      "cuboid_centroid": [
        -39.80959075822136, 
        27.36265002701821, 
        71.78787893023382
      ], 
      "location": [
        -39.80959075822136, 
        27.36265002701821, 
        71.78787893023382
      ], 
      "pose_transform_permuted": [
        [
          0.32736017499584713, 
          -0.5507683062928237, 
          -0.7677823501819744, 
          0.0
        ], 
        [
          0.9340588921806297, 
          0.31135497937666384, 
          0.17490503752325573, 
          0.0
        ], 
        [
          -0.14272061608348272, 
          0.7744110173376526, 
          -0.6163746615253441, 
          0.0
        ], 
        [
          -39.80959075822136, 
          27.36265002701821, 
          71.78787893023382, 
          1.0
        ]
      ], 
      "projected_cuboid": [
        [
          185.73072705345203, 
          553.5594040410703
        ], 
        [
          105.2643943650642, 
          536.5627598375662
        ], 
        [
          178.12708231038692, 
          400.78298540914363
        ], 
        [
          245.58806233616087, 
          418.24421374991823
        ], 
        [
          189.07936091929062, 
          558.7048087456955
        ], 
        [
          112.83830349312652, 
          542.7075848685406
        ], 
        [
          181.41682534631568, 
          412.0948534917302
        ], 
        [
          245.8801000622744, 
          428.56759333355785
        ]
      ], 
      "projected_cuboid_centroid": [
        183.38286088743183, 
        476.56649727720077
      ], 
      "quaternion_xyzw": [
        0.9322355200940716, 
        0.12177062171325705, 
        0.13469375541183504, 
        0.3129957351604646
      ], 
      "visibility": 0.443832636099255
    }, 
    {
      "bounding_box": {
        "bottom_right": [
          438, 
          184
        ], 
        "top_left": [
          351, 
          37
        ]
      }, 
      "class": "024_bowl", 
      "cuboid": [
        [
          -51.81470036156497, 
          10.794628919391986, 
          57.9496854493712
        ], 
        [
          -49.290901164868664, 
          21.235507013911626, 
          69.96454473343688
        ], 
        [
          -48.45189684765719, 
          17.045880726199787, 
          73.42907960027433
        ], 
        [
          -50.97569604435349, 
          6.6050026316801445, 
          61.414220316208656
        ], 
        [
          -36.05890465674832, 
          11.038081533164013, 
          54.42851865040414
        ], 
        [
          -33.53510546005202, 
          21.478959627683654, 
          66.44337793446982
        ], 
        [
          -32.69610114284055, 
          17.28933333997181, 
          69.90791280130728
        ], 
        [
          -35.21990033953684, 
          6.848455245452172, 
          57.8930535172416
        ]
      ], 
      "cuboid_centroid": [
        -42.25540075220275, 
        14.041981129681899, 
        63.92879912533924
      ], 
      "location": [
        -42.25540075220275, 
        14.041981129681899, 
        63.92879912533924
      ], 
      "pose_transform_permuted": [
        [
          -0.9758146651064455, 
          -0.015077920228720398, 
          0.21807887491633074, 
          0.0
        ], 
        [
          -0.1565982001870505, 
          -0.6478418410285786, 
          -0.7455051661195102, 
          0.0
        ], 
        [
          -0.15252128724008576, 
          0.7616256333227489, 
          -0.6298123939748641, 
          0.0
        ], 
        [
          -42.25540075220275, 
          14.041981129681899, 
          63.92879912533924, 
          1.0
        ]
      ], 
      "projected_cuboid": [
        [
          0.7647533842751861, 
          372.63111511131495
        ], 
        [
          102.7355592563618, 
          435.1586946893282
        ], 
        [
          126.75554224961893, 
          397.0917395878021
        ], 
        [
          35.23635694208724, 
          330.64421886112365
        ], 
        [
          125.32829809896577, 
          381.4435333993592
        ], 
        [
          210.1784023912403, 
          445.6912252759887
        ], 
        [
          230.08352773708182, 
          405.1849122954846
        ], 
        [
          154.44218671514642, 
          336.3755456424846
        ]
      ], 
      "projected_cuboid_centroid": [
        126.1479695598817, 
        390.43035462495334
      ], 
      "quaternion_xyzw": [
        -0.5888439008386197, 
        0.21029365893196306, 
        0.730804814643782, 
        -0.2737951065151327
      ], 
      "visibility": 0.709926224010731
    }, 
    {
      "bounding_box": {
        "bottom_right": [
          442, 
          319
        ], 
        "top_left": [
          344, 
          197
        ]
      }, 
      "class": "025_mug", 
      "cuboid": [
        [
          -17.95873174552677, 
          13.519699269661933, 
          48.993124578745054
        ], 
        [
          -29.368346870324814, 
          13.811012900225341, 
          51.562672125705
        ], 
        [
          -28.60640503087571, 
          6.873159821573049, 
          55.7324935080449
        ], 
        [
          -17.196789906077665, 
          6.581846191009641, 
          53.16294596108495
        ], 
        [
          -16.095152082975428, 
          18.36745729402477, 
          56.71841798202419
        ], 
        [
          -27.504767207773472, 
          18.65877092458818, 
          59.287965528984145
        ], 
        [
          -26.742825368324368, 
          11.720917845935887, 
          63.45778691132404
        ], 
        [
          -15.333210243526324, 
          11.429604215372478, 
          60.8882393643641
        ]
      ], 
      "cuboid_centroid": [
        -22.35077855692557, 
        12.620308557798909, 
        56.225455745034544
      ], 
      "location": [
        -22.35077855692557, 
        12.620308557798909, 
        56.225455745034544
      ], 
      "pose_transform_permuted": [
        [
          -0.20019548318483418, 
          -0.5207715449747984, 
          -0.8298914592664866, 
          0.0
        ], 
        [
          0.9752641059138677, 
          -0.024900728407083236, 
          -0.21963821422358668, 
          0.0
        ], 
        [
          -0.09371633026063467, 
          0.8533330193402139, 
          -0.5128742609511558, 
          0.0
        ], 
        [
          -22.35077855692557, 
          12.620308557798909, 
          56.225455745034544, 
          1.0
        ]
      ], 
      "projected_cuboid": [
        [
          284.4763542744915, 
          420.45658359684455
        ], 
        [
          175.3049480939622, 
          416.1356832926525
        ], 
        [
          205.57325719380302, 
          339.0576976834658
        ], 
        [
          307.6448046736904, 
          339.31424588263627
        ], 
        [
          328.9941940648898, 
          445.9945403637948
        ], 
        [
          232.11854523510647, 
          441.12984046619425
        ], 
        [
          254.96878724348053, 
          371.7928888050609
        ], 
        [
          346.17438595812655, 
          373.39834642898234
        ]
      ], 
      "projected_cuboid_centroid": [
        267.8247782568896, 
        392.9949086891455
      ], 
      "quaternion_xyzw": [
        0.9563587957090905, 
        0.017988960357322854, 
        -0.10974795738066483, 
        0.2702034556914279
      ], 
      "visibility": 0.7529440330217312
    }, 
    {
      "bounding_box": {
        "bottom_right": [
          452, 
          267
        ], 
        "top_left": [
          371, 
          195
        ]
      }, 
      "class": "061_foam_brick", 
      "cuboid": [
        [
          -31.391122508919832, 
          11.744655714973886, 
          65.16102482868385
        ], 
        [
          -32.491224976822586, 
          17.84540215591163, 
          60.44782394360977
        ], 
        [
          -33.668147675813785, 
          20.75669829613703, 
          64.49089692020058
        ], 
        [
          -32.568045207911034, 
          14.65595185519929, 
          69.20409780527466
        ], 
        [
          -26.33008292373743, 
          13.062394616676942, 
          65.68540917747414
        ], 
        [
          -27.430185391640183, 
          19.163141057614684, 
          60.97220829240007
        ], 
        [
          -28.607108090631385, 
          22.074437197840087, 
          65.01528126899088
        ], 
        [
          -27.50700562272863, 
          15.973690756902345, 
          69.72848215406495
        ]
      ], 
      "cuboid_centroid": [
        -29.999115299775607, 
        16.909546456406986, 
        65.08815304883736
      ], 
      "location": [
        -29.999115299775607, 
        16.909546456406986, 
        65.08815304883736
      ], 
      "pose_transform_permuted": [
        [
          -0.9629070671189526, 
          -0.25071135676993694, 
          -0.09976871092158172, 
          0.0
        ], 
        [
          0.1412669826334256, 
          -0.7834125153504028, 
          0.6052342277251035, 
          0.0
        ], 
        [
          0.2298991511729092, 
          -0.5686902903856654, 
          -0.7897706843831588, 
          0.0
        ], 
        [
          -29.999115299775607, 
          16.909546456406986, 
          65.08815304883736, 
          1.0
        ]
      ], 
      "projected_cuboid": [
        [
          222.53091400208092, 
          369.4123264702809
        ], 
        [
          192.54428691644398, 
          430.73310625146416
        ], 
        [
          200.8517355451749, 
          444.93795255243595
        ], 
        [
          228.52068490730483, 
          386.23225047933744
        ], 
        [
          266.03365311347113, 
          379.34404663393815
        ], 
        [
          239.66771933356094, 
          440.90517419820503
        ], 
        [
          244.977722309433, 
          454.3628851925134
        ], 
        [
          269.45595538186274, 
          395.46160666216514
        ]
      ], 
      "projected_cuboid_centroid": [
        233.74175259046888, 
        411.8400511065887
      ], 
      "quaternion_xyzw": [
        0.40998335428689714, 
        -0.6178980536208666, 
        -0.2181020495429418, 
        0.6344660278725547
      ], 
      "visibility": 0.1442986881937437
    }
  ]
}