{
  "camera_data": {
    "location_worldframe": [
      -22.92290057919531, 
      12.982701131337047, 
      76.49163905345073
    ], 
    "quaternion_xyzw_worldframe": [
      0.9313557145725814, 
      0.030370587183690574, 
      -0.11836737324071332, 
      -0.34299519171099896
    ]
  }, 
  "objects": [
    {
      "bounding_box": {
        "bottom_right": [
          539, 
          335
        ], 
        "top_left": [
          370, 
          127
        ]
      }, 
      "class": "003_cracker_box", 
      "cuboid": [
        [
          -26.351689531274463, 
          35.32701126189958, 
          62.93101840732576
        ], 
        [
          -40.38613399339033, 
          27.19387629487925, 
          60.48876536245656
        ], 
        [
          -34.5185075119593, 
          12.704884481990387, 
          75.02126765445172
        ], 
        [
          -20.48406304984344, 
          20.838019449010716, 
          77.46352069932091
        ], 
        [
          -29.501263785009364, 
          39.21577863704124, 
          68.07981126169334
        ], 
        [
          -43.53570824712523, 
          31.082643670020914, 
          65.63755821682415
        ], 
        [
          -37.6680817656942, 
          16.593651857132052, 
          80.17006050881929
        ], 
        [
          -23.633637303578336, 
          24.726786824152384, 
          82.6123135536885
        ]
      ], 
      "cuboid_centroid": [
        -32.009885648484335, 
        25.960331559515815, 
        71.55053945807252
      ], 
      "location": [
        -32.009885648484335, 
        25.960331559515815, 
        71.55053945807252
      ], 
      "pose_transform_permuted": [
        [
          0.4386593773030326, 
          -0.5416110679826418, 
          -0.7171020859980939, 
          0.0
        ], 
        [
          0.8555709642651561, 
          0.495814005678367, 
          0.1488851801878321, 
          0.0
        ], 
        [
          -0.274911396290708, 
          0.6788416036247884, 
          -0.6808801666795845, 
          0.0
        ], 
        [
          -32.009885648484335, 
          25.960331559515815, 
          71.55053945807252, 
          1.0
        ]
      ], 
      "projected_cuboid": [
        [
          256.4141498096214, 
          572.6712833375569
        ], 
        [
          122.55172322421394, 
          513.0505120597398
        ], 
        [
          234.1630831187027, 
          363.6044425972552
        ], 
        [
          339.3934621972865, 
          416.75179422502396
        ], 
        [
          248.56589803735554, 
          580.4927762015283
        ], 
        [
          124.91199393339201, 
          525.839847645898
        ], 
        [
          228.92744573055737, 
          383.67337610486703
        ], 
        [
          327.75414659517406, 
          432.9150373533661
        ]
      ], 
      "projected_cuboid_centroid": [
        241.01516927155114, 
        466.78826852280645
      ], 
      "quaternion_xyzw": [
        0.9015978391012313, 
        0.21371097193882532, 
        0.16291758143424723, 
        0.33897908292484424
      ], 
      "visibility": 0.8079168212187331
    }, 
    {
      "bounding_box": {
        "bottom_right": [
          518, 
          245
        ], 
        "top_left": [
          376, 
          106
        ]
      }, 
      "class": "004_sugar_box", 
      "cuboid": [
        [
          -39.407865852208886, 
          30.453130696210177, 
          68.42242764982831
        ], 
        [
          -47.893608339948685, 
          26.77332288388711, 
          67.83810680797957
        ], 
        [
          -43.65028301412256, 
          15.015053863798524, 
          80.26341444426276
        ], 
        [
          -35.16454052638276, 
          18.694861676121594, 
          80.8477352861115
        ], 
        [
          -40.86107069973317, 
          33.2979714446913, 
          71.61082224230101
        ], 
        [
          -49.34681318747297, 
          29.618163632368226, 
          71.02650140045228
        ], 
        [
          -45.10348786164685, 
          17.859894612279643, 
          83.45180903673545
        ], 
        [
          -36.61774537390705, 
          21.539702424602712, 
          84.0361298785842
        ]
      ], 
      "cuboid_centroid": [
        -42.25567685692786, 
        24.15651265424491, 
        75.93711834328188
      ], 
      "location": [
        -42.25567685692786, 
        24.15651265424491, 
        75.93711834328188
      ], 
      "pose_transform_permuted": [
        [
          0.32197563310767946, 
          -0.6303098992844663, 
          -0.706428532259172, 
          0.0
        ], 
        [
          0.9156254851696429, 
          0.39705727794089357, 
          0.06304917396273621, 
          0.0
        ], 
        [
          -0.24075195641154523, 
          0.6671244962931192, 
          -0.7049700159080066, 
          0.0
        ], 
        [
          -42.25567685692786, 
          24.15651265424491, 
          75.93711834328188, 
          1.0
        ]
      ], 
      "projected_cuboid": [
        [
          171.87212944422112, 
          510.6538972964035
        ], 
        [
          101.93642611488929, 
          483.7690834474829
        ], 
        [
          189.1406400314476, 
          373.0558079954114
        ], 
        [
          247.6978197069041, 
          396.60892668245987
        ], 
        [
          174.74940467674833, 
          521.2722431481805
        ], 
        [
          107.97680055366133, 
          495.68164926040373
        ], 
        [
          190.94989043818046, 
          387.4246454718151
        ], 
        [
          247.27278614530425, 
          409.9842314058812
        ]
      ], 
      "projected_cuboid_centroid": [
        182.35497170931234, 
        442.94192576413684
      ], 
      "quaternion_xyzw": [
        0.906804625280707, 
        0.17583976100557522, 
        0.10614877679721495, 
        0.36812778573420063
      ], 
      "visibility": 0.39912758996728465
    }, 
    {
      "bounding_box": {
        "bottom_right": [
          399, 
          191
        ], 
        "top_left": [
          308, 
          68
        ]
      }, 
      "class": "024_bowl", 
      "cuboid": [
        [
          -53.745894144603476, 
          4.997197933917372, 
          65.40081685102085
        ], 
        [
          -51.31936876028571, 
          17.189957462853055, 
          75.65688486047621
        ], 
        [
          -49.94236973971083, 
          13.603866104401705, 
          79.59436133465283
        ], 
        [
          -52.368895124028604, 
          1.4111065754660215, 
          69.33829332519747
        ], 
        [
          -38.30383834097997, 
          5.829186196209496, 
          60.75822154425499
        ], 
        [
          -35.877312956662195, 
          18.021945725145176, 
          71.01428955371036
        ], 
        [
          -34.500313936087316, 
          14.435854366693828, 
          74.95176602788696
        ], 
        [
          -36.926839320405094, 
          2.2430948377581457, 
          64.6956980184316
        ]
      ], 
      "cuboid_centroid": [
        -44.1231040403454, 
        9.7165261503056, 
        70.1762914394539
      ], 
      "location": [
        -44.1231040403454, 
        9.7165261503056, 
        70.1762914394539
      ], 
      "pose_transform_permuted": [
        [
          -0.9563835933694773, 
          -0.05152810830702062, 
          0.2875330874664454, 
          0.0
        ], 
        [
          -0.1505624965685735, 
          -0.7565436267846636, 
          -0.6363746344713513, 
          0.0
        ], 
        [
          -0.2503225059013369, 
          0.6519099591399166, 
          -0.7157877116949324, 
          0.0
        ], 
        [
          -44.1231040403454, 
          9.7165261503056, 
          70.1762914394539, 
          1.0
        ]
      ], 
      "projected_cuboid": [
        [
          39.666687046837964, 
          314.0368473424249
        ], 
        [
          116.82246876768382, 
          394.46177491757584
        ], 
        [
          144.1710383975697, 
          364.4388266443371
        ], 
        [
          75.44188267857322, 
          284.14014764713664
        ], 
        [
          142.57420962144158, 
          324.4535911534088
        ], 
        [
          209.9119183250912, 
          408.63192610642636
        ], 
        [
          234.0641766562314, 
          376.00491596735225
        ], 
        [
          174.6535460053694, 
          291.77751095997405
        ]
      ], 
      "projected_cuboid_centroid": [
        143.47977590308508, 
        347.1293354570387
      ], 
      "quaternion_xyzw": [
        -0.5508662213062483, 
        0.2297386830521863, 
        0.7228425733129822, 
        -0.34823147178204444
      ], 
      "visibility": 0.6310775702090808
    }, 
    {
      "bounding_box": {
        "bottom_right": [
          397, 
          311
        ], 
        "top_left": [
          301, 
          198
        ]
      }, 
      "class": "025_mug", 
      "cuboid": [
        [
          -20.822590356515285, 
          8.76148361851441, 
          53.749127125788355
        ], 
        [
          -32.04059924805286, 
          8.623518267238753, 
          57.06635452147465
        ], 
        [
          -30.48075931563322, 
          2.4187447506533397, 
          62.08327150916705
        ], 
        [
          -19.262750424095653, 
          2.5567101019289966, 
          58.76604411348075
        ], 
        [
          -18.875958904548344, 
          14.775847418636598, 
          60.5822742234433
        ], 
        [
          -30.093967796085913, 
          14.637882067360941, 
          63.899501619129595
        ], 
        [
          -28.53412786366628, 
          8.433108550775529, 
          68.91641860682199
        ], 
        [
          -17.31611897212871, 
          8.571073902051186, 
          65.5991912111357
        ]
      ], 
      "cuboid_centroid": [
        -24.678359110090785, 
        8.597296084644968, 
        61.33277286630518
      ], 
      "location": [
        -24.678359110090785, 
        8.597296084644968, 
        61.33277286630518
      ], 
      "pose_transform_permuted": [
        [
          -0.20911734117970998, 
          -0.6460944445843702, 
          -0.7340524327332809, 
          0.0
        ], 
        [
          0.9588861054533474, 
          0.011792917945716193, 
          -0.28354793520909854, 
          0.0
        ], 
        [
          -0.191855160974041, 
          0.7631666538920931, 
          -0.6170642232335062, 
          0.0
        ], 
        [
          -24.678359110090785, 
          8.597296084644968, 
          61.33277286630518, 
          1.0
        ]
      ], 
      "projected_cuboid": [
        [
          273.26550260874455, 
          360.22135983354707
        ], 
        [
          179.6629166574812, 
          353.8785296430341
        ], 
        [
          217.57336033503978, 
          294.06450136607043
        ], 
        [
          305.3249681170557, 
          296.4894536518715
        ], 
        [
          314.04291847072653, 
          403.361694243204
        ], 
        [
          228.3329179813853, 
          395.4575872832695
        ], 
        [
          258.94145879179155, 
          338.5473572180782
        ], 
        [
          339.6443172525877, 
          342.96912821427117
        ]
      ], 
      "projected_cuboid_centroid": [
        265.217914396946, 
        348.0443901049079
      ], 
      "quaternion_xyzw": [
        0.9295301490643972, 
        0.054771778818776276, 
        -0.13250384532569828, 
        0.3397304189351167
      ], 
      "visibility": 0.7322320932815103
    }, 
    {
      "bounding_box": {
        "bottom_right": [
          416, 
          268
        ], 
        "top_left": [
          338, 
          197
        ]
      }, 
      "class": "061_foam_brick", 
      "cuboid": [
        [
          -33.05665822158816, 
          8.376501819194905, 
          70.92938304954994
        ], 
        [
          -34.92042502310236, 
          13.654000426486574, 
          65.51477531498861
        ], 
        [
          -36.07258952010917, 
          17.021932511644682, 
          69.1940118922055
        ], 
        [
          -34.20882271859497, 
          11.744433904353015, 
          74.60861962676682
        ], 
        [
          -28.092402149586366, 
          10.103066898052756, 
          70.90347704323923
        ], 
        [
          -29.956168951100565, 
          15.380565505344423, 
          65.4888693086779
        ], 
        [
          -31.108333448107377, 
          18.748497590502534, 
          69.16810588589479
        ], 
        [
          -29.244566646593174, 
          13.470998983210864, 
          74.58271362045612
        ]
      ], 
      "cuboid_centroid": [
        -32.08249583484777, 
        13.562499704848719, 
        70.04874446772237
      ], 
      "location": [
        -32.08249583484777, 
        13.562499704848719, 
        70.04874446772237
      ], 
      "pose_transform_permuted": [
        [
          -0.9444931568434716, 
          -0.3284941143595297, 
          0.004928844388104661, 
          0.0
        ], 
        [
          0.23933108057124652, 
          -0.6776971471807485, 
          0.6953036822681686, 
          0.0
        ], 
        [
          0.22506290353688546, 
          -0.6578891954837252, 
          -0.7186991692755209, 
          0.0
        ], 
        [
          -32.08249583484777, 
          13.562499704848719, 
          70.04874446772237, 
          1.0
        ]
      ], 
      "projected_cuboid": [
        [
          230.9720026328318, 
          336.26963844805795
        ], 
        [
          194.96023069895048, 
          384.4362104188599
        ], 
        [
          201.2470771937238, 
          404.4847400168968
        ], 
        [
          235.02671245225525, 
          357.23845433887834
        ], 
        [
          268.53159360669997, 
          349.2794744566636
        ], 
        [
          235.6109962913468, 
          398.5407509620194
        ], 
        [
          239.73787447903774, 
          417.84653123247324
        ], 
        [
          270.7348612769293, 
          369.61378613152743
        ]
      ], 
      "projected_cuboid_centroid": [
        235.29983717610432, 
        376.54530078026954
      ], 
      "quaternion_xyzw": [
        0.37964227922460664, 
        -0.5944807125812355, 
        -0.1640949179081523, 
        0.6895921114041031
      ], 
      "visibility": 0.27341347497903273
    }
  ]
}