{
  "camera_data": {
    "location_worldframe": [
      -23.062655853964596, 
      13.21770974275378, 
      76.10009024142124
    ], 
    "quaternion_xyzw_worldframe": [
      0.9298728153955261, 
      0.033149626650326544, 
      -0.11778156737707517, 
      -0.3469367136763412
    ]
  }, 
  "objects": [
    {
      "bounding_box": {
        "bottom_right": [
          539, 
          333
        ], 
        "top_left": [
          372, 
          124
        ]
      }, 
      "class": "003_cracker_box", 
      "cuboid": [
        [
          -26.54709582608035, 
          35.67030082478123, 
          62.7339201472882
        ], 
        [
          -40.543477532250314, 
          27.50463573390613, 
          60.184149874104556
        ], 
        [
          -34.65349414700751, 
          12.907736563781144, 
          74.59914822600054
        ], 
        [
          -20.657112440837544, 
          21.073401654656237, 
          77.14891849918418
        ], 
        [
          -29.724277485407217, 
          39.499890288533955, 
          67.91003440198678
        ], 
        [
          -43.720659191577184, 
          31.334225197658867, 
          65.36026412880312
        ], 
        [
          -37.830675806334376, 
          16.73732602753388, 
          79.7752624806991
        ], 
        [
          -23.83429410016441, 
          24.90299111840897, 
          82.32503275388275
        ]
      ], 
      "cuboid_centroid": [
        -32.18888581620736, 
        26.203813426157552, 
        71.25459131399366
      ], 
      "location": [
        -32.18888581620736, 
        26.203813426157552, 
        71.25459131399366
      ], 
      "pose_transform_permuted": [
        [
          0.442504419956516, 
          -0.5333690188456259, 
          -0.7209072950488169, 
          0.0
        ], 
        [
          0.853250573964341, 
          0.4977971144155324, 
          0.15543966967634987, 
          0.0
        ], 
        [
          -0.27595886713144474, 
          0.683897304143849, 
          -0.6753748448353003, 
          0.0
        ], 
        [
          -32.18888581620736, 
          26.203813426157552, 
          71.25459131399366, 
          1.0
        ]
      ], 
      "projected_cuboid": [
        [
          254.03161679651393, 
          576.5303002522681
        ], 
        [
          119.32854124982995, 
          517.0178342706686
        ], 
        [
          231.78989720202858, 
          365.56572410596806
        ], 
        [
          337.6073411981786, 
          418.96398887892553
        ], 
        [
          246.21731957756228, 
          583.4920210075281
        ], 
        [
          121.8770211059444, 
          528.9641449212442
        ], 
        [
          226.5809702965876, 
          385.1801684481927
        ], 
        [
          325.90656612204424, 
          434.61356572389565
        ]
      ], 
      "projected_cuboid_centroid": [
        238.66501031254384, 
        469.4143466772976
      ], 
      "quaternion_xyzw": [
        0.9025041790979429, 
        0.21433584449446816, 
        0.16563471490805556, 
        0.334830544743037
      ], 
      "visibility": 0.7827676905887166
    }, 
    {
      "bounding_box": {
        "bottom_right": [
          520, 
          243
        ], 
        "top_left": [
          377, 
          103
        ]
      }, 
      "class": "004_sugar_box", 
      "cuboid": [
        [
          -39.59698495383404, 
          30.695726830025784, 
          68.14932037598311
        ], 
        [
          -48.06672614486681, 
          26.988104157523928, 
          67.51115094287128
        ], 
        [
          -43.80675675299321, 
          15.134510517627941, 
          79.83981464281732
        ], 
        [
          -35.33701556196044, 
          18.842133190129793, 
          80.47798407592914
        ], 
        [
          -41.06901443851932, 
          33.50584962114188, 
          71.35979111801812
        ], 
        [
          -49.53875562955209, 
          29.79822694864002, 
          70.7216216849063
        ], 
        [
          -45.27878623767849, 
          17.944633308744034, 
          83.05028538485234
        ], 
        [
          -36.809045046645714, 
          21.652255981245887, 
          83.68845481796416
        ]
      ], 
      "cuboid_centroid": [
        -42.43788559575626, 
        24.320180069384907, 
        75.59980288041773
      ], 
      "location": [
        -42.43788559575626, 
        24.320180069384907, 
        75.59980288041773
      ], 
      "pose_transform_permuted": [
        [
          0.32614646592471686, 
          -0.6226177034306937, 
          -0.7113197781451318, 
          0.0
        ], 
        [
          0.9138989190993329, 
          0.40005854682018377, 
          0.06885952498059852, 
          0.0
        ], 
        [
          -0.2416962845400499, 
          0.6725328934700079, 
          -0.6994867651643338, 
          0.0
        ], 
        [
          -42.43788559575626, 
          24.320180069384907, 
          75.59980288041773, 
          1.0
        ]
      ], 
      "projected_cuboid": [
        [
          169.1385793394126, 
          513.5036398953958
        ], 
        [
          98.71875322265461, 
          486.4851615991821
        ], 
        [
          186.5350424017045, 
          374.38310085386405
        ], 
        [
          245.47068391694984, 
          398.15147755962266
        ], 
        [
          172.10291466207582, 
          523.6982260452265
        ], 
        [
          104.90660822951253, 
          497.99826823973075
        ], 
        [
          188.40961168260696, 
          388.5206315433093
        ], 
        [
          245.0700594930904, 
          411.2693954705694
        ]
      ], 
      "projected_cuboid_centroid": [
        179.72369117028995, 
        444.8534971938544
      ], 
      "quaternion_xyzw": [
        0.9079856263612426, 
        0.17669740927840172, 
        0.10875887773915104, 
        0.36402130997749615
      ], 
      "visibility": 0.40113547376664055
    }, 
    {
      "bounding_box": {
        "bottom_right": [
          401, 
          189
        ], 
        "top_left": [
          310, 
          64
        ]
      }, 
      "class": "024_bowl", 
      "cuboid": [
        [
          -53.82725003201516, 
          5.21219728908617, 
          64.86276006684201
        ], 
        [
          -51.47332752850402, 
          17.320985118750205, 
          75.23457994232233
        ], 
        [
          -50.09161224468846, 
          13.704804685884413, 
          79.14277651746373
        ], 
        [
          -52.445534748199606, 
          1.5960168562203823, 
          68.77095664198343
        ], 
        [
          -38.377545941363, 
          6.146740749586584, 
          60.26534175599176
        ], 
        [
          -36.02362343785187, 
          18.25552857925062, 
          70.63716163147207
        ], 
        [
          -34.64190815403632, 
          14.639348146384828, 
          74.54535820661347
        ], 
        [
          -36.99583065754746, 
          2.5305603167207966, 
          64.17353833113317
        ]
      ], 
      "cuboid_centroid": [
        -44.23457909302574, 
        9.9257727177355, 
        69.70405913672775
      ], 
      "location": [
        -44.23457909302574, 
        9.9257727177355, 
        69.70405913672775
      ], 
      "pose_transform_permuted": [
        [
          -0.9568572800550191, 
          -0.05787973080006648, 
          0.28473510912464484, 
          0.0
        ], 
        [
          -0.14605758964983076, 
          -0.7513333006264645, 
          -0.6435568754006318, 
          0.0
        ], 
        [
          -0.25117986804557646, 
          0.6573798050839823, 
          -0.7104649644819603, 
          0.0
        ], 
        [
          -44.23457909302574, 
          9.9257727177355, 
          69.70405913672775, 
          1.0
        ]
      ], 
      "projected_cuboid": [
        [
          35.32623177166774, 
          316.14266810535565
        ], 
        [
          113.6744536700478, 
          396.0707759040418
        ], 
        [
          141.23162014941428, 
          365.6391321680318
        ], 
        [
          71.49194826112466, 
          285.6636676020801
        ], 
        [
          139.1437999613362, 
          327.68226724990296
        ], 
        [
          207.34753770088227, 
          411.11810804436686
        ], 
        [
          231.69322314126413, 
          378.02077280377966
        ], 
        [
          171.57790769970532, 
          294.31697215103185
        ]
      ], 
      "projected_cuboid_centroid": [
        140.32906728005565, 
        349.2305939522728
      ], 
      "quaternion_xyzw": [
        -0.5537569652630807, 
        0.2258000639067691, 
        0.7225255192480154, 
        -0.34687811778448624
      ], 
      "visibility": 0.6482300884955752
    }, 
    {
      "bounding_box": {
        "bottom_right": [
          401, 
          309
        ], 
        "top_left": [
          304, 
          195
        ]
      }, 
      "class": "025_mug", 
      "cuboid": [
        [
          -20.891394889019026, 
          9.21094030113018, 
          53.32549774844452
        ], 
        [
          -32.11666652913496, 
          8.998950776830963, 
          56.61412855330183
        ], 
        [
          -30.54436601034692, 
          2.755156199921531, 
          61.57846853241915
        ], 
        [
          -19.31909437023098, 
          2.9671457242207495, 
          58.28983772756183
        ], 
        [
          -18.98482420258133, 
          15.17075448971925, 
          60.217482095735676
        ], 
        [
          -30.210095842697264, 
          14.958764965420032, 
          63.506112900592996
        ], 
        [
          -28.63779532390922, 
          8.7149703885106, 
          68.47045287971031
        ], 
        [
          -17.412523683793285, 
          8.926959912809819, 
          65.18182207485299
        ]
      ], 
      "cuboid_centroid": [
        -24.764595106464125, 
        8.96295534482039, 
        60.897975314077414
      ], 
      "location": [
        -24.764595106464125, 
        8.96295534482039, 
        60.897975314077414
      ], 
      "pose_transform_permuted": [
        [
          -0.204813804028579, 
          -0.6402344397464408, 
          -0.7403730381020165, 
          0.0
        ], 
        [
          0.9595069062359578, 
          0.018120310949791357, 
          -0.2811035733018864, 
          0.0
        ], 
        [
          -0.1933877719515238, 
          0.7679661154613512, 
          -0.610597424792169, 
          0.0
        ], 
        [
          -24.764595106464125, 
          8.96295534482039, 
          60.897975314077414, 
          1.0
        ]
      ], 
      "projected_cuboid": [
        [
          270.9166080098701, 
          365.4071003658031
        ], 
        [
          176.52856281942854, 
          358.05895786878926
        ], 
        [
          214.85349168898935, 
          297.14842982663384
        ], 
        [
          303.3650785126018, 
          300.43427046004564
        ], 
        [
          312.0556836839494, 
          407.64719504088754
        ], 
        [
          225.78071099859565, 
          398.909126606891
        ], 
        [
          256.677045536571, 
          341.16785290591474
        ], 
        [
          337.9400126016272, 
          346.32718625018026
        ]
      ], 
      "projected_cuboid_centroid": [
        262.91150368310656, 
        351.78043837513536
      ], 
      "quaternion_xyzw": [
        0.9311076817156173, 
        0.05678937223232866, 
        -0.13046755678009653, 
        0.33584511466866085
      ], 
      "visibility": 0.7403292181069959
    }, 
    {
      "bounding_box": {
        "bottom_right": [
          418, 
          266
        ], 
        "top_left": [
          340, 
          195
        ]
      }, 
      "class": "061_foam_brick", 
      "cuboid": [
        [
          -33.164813076303766, 
          8.622377834589475, 
          70.47183231761164
        ], 
        [
          -35.036431027068446, 
          13.941356022598134, 
          65.10069533914731
        ], 
        [
          -36.21065062430714, 
          17.27128148375967, 
          68.80745080857064
        ], 
        [
          -34.33903267354246, 
          11.952303295751008, 
          74.17858778703496
        ], 
        [
          -28.20735472324531, 
          10.368556532198161, 
          70.47358583111001
        ], 
        [
          -30.07897267400999, 
          15.68753472020682, 
          65.1024488526457
        ], 
        [
          -31.253192271248686, 
          19.017460181368353, 
          68.80920432206902
        ], 
        [
          -29.381574320484006, 
          13.698481993359696, 
          74.18034130053334
        ]
      ], 
      "cuboid_centroid": [
        -32.209002673776226, 
        13.819919007978914, 
        69.64051831984033
      ], 
      "location": [
        -32.209002673776226, 
        13.819919007978914, 
        69.64051831984033
      ], 
      "pose_transform_permuted": [
        [
          -0.943199831331853, 
          -0.3322257769535651, 
          -0.000333621286984373, 
          0.0
        ], 
        [
          0.24033926680587464, 
          -0.6830236466476208, 
          0.6897214908580133, 
          0.0
        ], 
        [
          0.2293711294099101, 
          -0.6504650115477281, 
          -0.7240746879607348, 
          0.0
        ], 
        [
          -32.209002673776226, 
          13.819919007978914, 
          69.64051831984033, 
          1.0
        ]
      ], 
      "projected_cuboid": [
        [
          228.5194557620227, 
          338.53931772983657
        ], 
        [
          192.17877914964114, 
          387.4972717390135
        ], 
        [
          198.59305224978627, 
          407.15449172058015
        ], 
        [
          232.65331417269837, 
          359.2196569823764
        ], 
        [
          266.35471653153775, 
          351.7521670909067
        ], 
        [
          233.1365352424286, 
          401.7989000417384
        ], 
        [
          237.34424840015595, 
          420.685189612817
        ], 
        [
          268.5978676994042, 
          371.77177785351853
        ]
      ], 
      "projected_cuboid_centroid": [
        232.8791803475605, 
        379.12195711119915
      ], 
      "quaternion_xyzw": [
        0.3841249394875092, 
        -0.5938138104719435, 
        -0.16497128565254385, 
        0.6874719370757287
      ], 
      "visibility": 0.25248893805309736
    }
  ]
}