{
  "camera_data": {
    "location_worldframe": [
      -23.065620047222865, 
      15.186605181262452, 
      75.46994367287418
    ], 
    "quaternion_xyzw_worldframe": [
      0.9231703962986789, 
      0.03494361050266477, 
      -0.11760284306117302, 
      -0.3642906074210586
    ]
  }, 
  "objects": [
    {
      "bounding_box": {
        "bottom_right": [
          539, 
          332
        ], 
        "top_left": [
          387, 
          124
        ]
      }, 
      "class": "003_cracker_box", 
      "cuboid": [
        [
          -26.55518331732139, 
          38.12424190939985, 
          62.955791815912846
        ], 
        [
          -40.5581688508391, 
          30.065258440419896, 
          60.119015955546374
        ], 
        [
          -34.65833661397446, 
          14.937694624504108, 
          73.97189795600548
        ], 
        [
          -20.65535108045675, 
          22.99667809348406, 
          76.80867381637194
        ], 
        [
          -29.72471289164297, 
          41.759121448109696, 
          68.27501455532807
        ], 
        [
          -43.727698425160675, 
          33.700137979129735, 
          65.4382386949616
        ], 
        [
          -37.82786618829604, 
          18.57257416321395, 
          79.2911206954207
        ], 
        [
          -23.824880654778326, 
          26.631557632193903, 
          82.12789655578717
        ]
      ], 
      "cuboid_centroid": [
        -32.19152475280872, 
        28.3484080363069, 
        71.12345625566677
      ], 
      "location": [
        -32.19152475280872, 
        28.3484080363069, 
        71.12345625566677
      ], 
      "pose_transform_permuted": [
        [
          0.4414386699302991, 
          -0.5062506442358669, 
          -0.7408388393577502, 
          0.0
        ], 
        [
          0.8536531579744885, 
          0.49129356535375257, 
          0.1729361689242062, 
          0.0
        ], 
        [
          -0.27642030781104265, 
          0.7087601271606412, 
          -0.6490384392136421, 
          0.0
        ], 
        [
          -32.19152475280872, 
          28.3484080363069, 
          71.12345625566677, 
          1.0
        ]
      ], 
      "projected_cuboid": [
        [
          254.76453053663374, 
          596.2497510133737
        ], 
        [
          118.80463993838849, 
          539.9973422839169
        ], 
        [
          229.6364345368795, 
          380.98372151749203
        ], 
        [
          336.98183185555934, 
          432.96354014474696
        ], 
        [
          247.47216795553874, 
          599.4813749851148
        ], 
        [
          122.24780688244242, 
          547.9416004995431
        ], 
        [
          225.04292875045007, 
          398.2074298072522
        ], 
        [
          325.59449162968724, 
          446.22571956576076
        ]
      ], 
      "projected_cuboid_centroid": [
        238.19714729517497, 
        485.8572137250532
      ], 
      "quaternion_xyzw": [
        0.90874255492038, 
        0.21120224562171483, 
        0.16901784656390778, 
        0.31782628567194426
      ], 
      "visibility": 0.6748218914870003
    }, 
    {
      "bounding_box": {
        "bottom_right": [
          536, 
          242
        ], 
        "top_left": [
          390, 
          102
        ]
      }, 
      "class": "004_sugar_box", 
      "cuboid": [
        [
          -39.6011631568058, 
          32.956222436729966, 
          68.19674714311968
        ], 
        [
          -48.0733085676977, 
          29.278502374847353, 
          67.43034696487416
        ], 
        [
          -43.80463867507665, 
          16.970928191438745, 
          79.30271172904706
        ], 
        [
          -35.33249326418475, 
          20.64864825332135, 
          80.06911190729258
        ], 
        [
          -41.06825021267278, 
          35.64506987318381, 
          71.51164357051812
        ], 
        [
          -49.540395623564685, 
          31.967349811301194, 
          70.7452433922726
        ], 
        [
          -45.271725730943636, 
          19.659775627892586, 
          82.6176081564455
        ], 
        [
          -36.79958032005173, 
          23.337495689775196, 
          83.38400833469102
        ]
      ], 
      "cuboid_centroid": [
        -42.43644444387471, 
        26.307999032311276, 
        75.40717764978258
      ], 
      "location": [
        -42.43644444387471, 
        26.307999032311276, 
        75.40717764978258
      ], 
      "pose_transform_permuted": [
        [
          0.3250514092638673, 
          -0.5957476381647685, 
          -0.7344565893213891, 
          0.0
        ], 
        [
          0.914158338352056, 
          0.396832006255744, 
          0.08269583198571231, 
          0.0
        ], 
        [
          -0.2421899215854957, 
          0.698290217179842, 
          -0.6735979037029515, 
          0.0
        ], 
        [
          -42.43644444387471, 
          26.307999032311276, 
          75.40717764978258, 
          1.0
        ]
      ], 
      "projected_cuboid": [
        [
          169.32292843732958, 
          531.0143556435658
        ], 
        [
          98.20744217780363, 
          504.85584446243325
        ], 
        [
          184.5510037129007, 
          387.41792329912505
        ], 
        [
          244.29527962030403, 
          410.8218273981517
        ], 
        [
          172.7658615219444, 
          539.12036388318
        ], 
        [
          105.01991820882347, 
          514.2753714202577
        ], 
        [
          186.92011503946364, 
          400.19584432750526
        ], 
        [
          244.26750720263985, 
          422.5518913999412
        ]
      ], 
      "projected_cuboid_centroid": [
        178.9628427840984, 
        459.3506702732183
      ], 
      "quaternion_xyzw": [
        0.9147274382095039, 
        0.17464817965121587, 
        0.11143954587382551, 
        0.3469190626752021
      ], 
      "visibility": 0.41888105130930525
    }, 
    {
      "bounding_box": {
        "bottom_right": [
          418, 
          186
        ], 
        "top_left": [
          329, 
          59
        ]
      }, 
      "class": "024_bowl", 
      "cuboid": [
        [
          -53.84674150113346, 
          7.619072062246953, 
          63.977129684517486
        ], 
        [
          -51.475475286418515, 
          19.33103003778686, 
          74.791262950938
        ], 
        [
          -50.09092788459183, 
          15.570826134157164, 
          78.56005501388616
        ], 
        [
          -52.46219409930676, 
          3.858868158617258, 
          67.74592174746563
        ], 
        [
          -38.40188465492353, 
          8.71835926503208, 
          59.399909159013596
        ], 
        [
          -36.03061844020859, 
          20.430317240571988, 
          70.21404242543412
        ], 
        [
          -34.6460710383819, 
          16.67011333694229, 
          73.98283448838227
        ], 
        [
          -37.017337253096834, 
          4.958155361402385, 
          63.16870122196174
        ]
      ], 
      "cuboid_centroid": [
        -44.24640626975768, 
        12.144592699594622, 
        68.97998208644988
      ], 
      "location": [
        -44.24640626975768, 
        12.144592699594622, 
        68.97998208644988
      ], 
      "pose_transform_permuted": [
        [
          -0.9565570722901626, 
          -0.06808291969117353, 
          0.2834841856224047, 
          0.0
        ], 
        [
          -0.14713374260313766, 
          -0.7267105647853269, 
          -0.6710018009044274, 
          0.0
        ], 
        [
          -0.2516947143649751, 
          0.6835616073739925, 
          -0.6851228354718718, 
          0.0
        ], 
        [
          -44.24640626975768, 
          12.144592699594622, 
          68.97998208644988, 
          1.0
        ]
      ], 
      "projected_cuboid": [
        [
          28.984702774668246, 
          336.79986464091195
        ], 
        [
          111.47818999721302, 
          411.13174175589666
        ], 
        [
          138.71163410925706, 
          378.99199480718767
        ], 
        [
          65.15457993248678, 
          303.664897368702
        ], 
        [
          133.93404946107435, 
          351.5639595296068
        ], 
        [
          205.64129917052583, 
          428.46758009800794
        ], 
        [
          229.76283630175206, 
          393.45627678307454
        ], 
        [
          166.46328249889567, 
          315.1471635679808
        ]
      ], 
      "projected_cuboid_centroid": [
        136.65460186948428, 
        367.18260638304537
      ], 
      "quaternion_xyzw": [
        -0.5596748339769376, 
        0.21218385282976918, 
        0.7270109241956985, 
        -0.3364479289746314
      ], 
      "visibility": 0.6411356466876972
    }, 
    {
      "bounding_box": {
        "bottom_right": [
          424, 
          307
        ], 
        "top_left": [
          327, 
          191
        ]
      }, 
      "class": "025_mug", 
      "cuboid": [
        [
          -20.92219922053647, 
          12.032434399067082, 
          52.55906959984051
        ], 
        [
          -32.143796821925775, 
          11.702353112794224, 
          55.85050532614697
        ], 
        [
          -30.568646363974057, 
          5.276840672631054, 
          60.57633456390092
        ], 
        [
          -19.347048762584752, 
          5.606921958903912, 
          57.28489883759447
        ], 
        [
          -19.00504844366704, 
          17.729873698853435, 
          59.66664045859362
        ], 
        [
          -30.226646045056345, 
          17.399792412580574, 
          62.95807618490008
        ], 
        [
          -28.651495587104627, 
          10.974279972417406, 
          67.68390542265404
        ], 
        [
          -17.42989798571532, 
          11.304361258690264, 
          64.39246969634758
        ]
      ], 
      "cuboid_centroid": [
        -24.78684740382055, 
        11.503357185742244, 
        60.121487511247274
      ], 
      "location": [
        -24.78684740382055, 
        11.503357185742244, 
        60.121487511247274
      ], 
      "pose_transform_permuted": [
        [
          -0.20595037272949526, 
          -0.6120487556595497, 
          -0.7635324697579564, 
          0.0
        ], 
        [
          0.9591928589999531, 
          0.02821448637966185, 
          -0.28134333066261513, 
          0.0
        ], 
        [
          -0.19373830505793355, 
          0.7903168125949503, 
          -0.5812613911856158, 
          0.0
        ], 
        [
          -24.78684740382055, 
          11.503357185742244, 
          60.121487511247274, 
          1.0
        ]
      ], 
      "projected_cuboid": [
        [
          267.5292402693909, 
          395.380268846566
        ], 
        [
          172.0962467447924, 
          385.03295903512515
        ], 
        [
          210.22511821017898, 
          319.7443253046257
        ], 
        [
          299.97596324704386, 
          325.48670491327135
        ], 
        [
          310.30820263500294, 
          431.7618397258238
        ], 
        [
          223.41251824126107, 
          420.68065481386105
        ], 
        [
          253.95442218891367, 
          359.75906618359994
        ], 
        [
          336.03389975595184, 
          366.9129707449342
        ]
      ], 
      "projected_cuboid_centroid": [
        259.8880728505303, 
        375.3293501826661
      ], 
      "quaternion_xyzw": [
        0.9371555555713337, 
        0.05920916493481241, 
        -0.12999274786751744, 
        0.31833299705449336
      ], 
      "visibility": 0.7600759940290406
    }, 
    {
      "bounding_box": {
        "bottom_right": [
          437, 
          264
        ], 
        "top_left": [
          358, 
          192
        ]
      }, 
      "class": "061_foam_brick", 
      "cuboid": [
        [
          -33.17632439904167, 
          10.808880034559474, 
          69.68568677164771
        ], 
        [
          -35.051667010964955, 
          16.32553300483822, 
          64.51913809259871
        ], 
        [
          -36.22013932677618, 
          19.51516478203634, 
          68.34904056167045
        ], 
        [
          -34.34479671485289, 
          13.998511811757592, 
          73.51558924071942
        ], 
        [
          -28.218075865893933, 
          12.55173949236478, 
          69.74691450211402
        ], 
        [
          -30.093418477817224, 
          18.06839246264353, 
          64.58036582306505
        ], 
        [
          -31.261890793628446, 
          21.258024239841646, 
          68.41026829213676
        ], 
        [
          -29.38654818170516, 
          15.741371269562897, 
          73.57681697118575
        ]
      ], 
      "cuboid_centroid": [
        -32.21910759633506, 
        16.03345213720056, 
        69.04797753189223
      ], 
      "location": [
        -32.21910759633506, 
        16.03345213720056, 
        69.04797753189223
      ], 
      "pose_transform_permuted": [
        [
          -0.9433501700082161, 
          -0.3315942625363501, 
          -0.011649111487349637, 
          0.0
        ], 
        [
          0.24081756010905336, 
          -0.7084075730079089, 
          0.6634497820092843, 
          0.0
        ], 
        [
          0.22824845999172272, 
          -0.6230601540445501, 
          -0.7481301256822834, 
          0.0
        ], 
        [
          -32.21910759633506, 
          16.03345213720056, 
          69.04797753189223, 
          1.0
        ]
      ], 
      "projected_cuboid": [
        [
          225.57557699456078, 
          356.0092269816612
        ], 
        [
          189.44305339532377, 
          408.2345040359583
        ], 
        [
          196.62031608701676, 
          425.56109021426425
        ], 
        [
          230.36605723320267, 
          374.8388830223937
        ], 
        [
          264.0295112904339, 
          369.26337827503545
        ], 
        [
          231.00763027267377, 
          422.4994978948352
        ], 
        [
          235.85150461347786, 
          439.01196063611565
        ], 
        [
          266.8143580399846, 
          387.38744516410475
        ]
      ], 
      "projected_cuboid_centroid": [
        230.66608790080713, 
        397.127297932105
      ], 
      "quaternion_xyzw": [
        0.39667572321477323, 
        -0.5903159546850414, 
        -0.17640377997583204, 
        0.6804830274639945
      ], 
      "visibility": 0.18136986301369862
    }
  ]
}