{
  "camera_data": {
    "location_worldframe": [
      -12.545701322835074, 
      -1.9739914369042253, 
      70.93978958577523
    ], 
    "quaternion_xyzw_worldframe": [
      -0.8297298768569801, 
      -0.06450539444902668, 
      -0.12394806145599499, 
      0.5403958691879542
    ]
  }, 
  "objects": [
    {
      "bounding_box": {
        "bottom_right": [
          468, 
          406
        ], 
        "top_left": [
          289, 
          267
        ]
      }, 
      "class": "003_cracker_box", 
      "cuboid": [
        [
          -8.76853983204698, 
          24.059472644788922, 
          69.23483412572236
        ], 
        [
          -20.494919995691834, 
          21.173757235747733, 
          58.133358074185104
        ], 
        [
          -22.257651335515323, 
          1.1144873366221693, 
          65.20951638813166
        ], 
        [
          -10.531271171870468, 
          4.000202745663355, 
          76.31099243966891
        ], 
        [
          -13.754094688242303, 
          26.162461510022272, 
          73.9543762797363
        ], 
        [
          -25.48047485188716, 
          23.276746100981082, 
          62.85290022819904
        ], 
        [
          -27.243206191710645, 
          3.2174762018555194, 
          69.9290585421456
        ], 
        [
          -15.51682602806579, 
          6.103191610896706, 
          81.03053459368284
        ]
      ], 
      "cuboid_centroid": [
        -18.005873011878812, 
        13.638474423322219, 
        69.58194633393397
      ], 
      "location": [
        -18.005873011878812, 
        13.638474423322219, 
        69.58194633393397
      ], 
      "pose_transform_permuted": [
        [
          0.6943669882160605, 
          -0.2928953921326152, 
          -0.6573178644637913, 
          0.0
        ], 
        [
          0.7148662286584635, 
          0.17591963271312594, 
          0.6767706834295535, 
          0.0
        ], 
        [
          0.08258789741471073, 
          0.9398215639649694, 
          -0.3315338099003733, 
          0.0
        ], 
        [
          -18.005873011878812, 
          13.638474423322219, 
          69.58194633393397, 
          1.0
        ]
      ], 
      "projected_cuboid": [
        [
          413.48965944674734, 
          458.61792620916026
        ], 
        [
          292.0083220027285, 
          467.53610066325336
        ], 
        [
          298.0446572369182, 
          282.40143339453846
        ], 
        [
          407.38313848996495, 
          301.24301440393623
        ], 
        [
          381.583282319664, 
          461.9562796405148
        ], 
        [
          263.5883140110363, 
          470.7944410866968
        ], 
        [
          272.0930899884299, 
          297.8248787314753
        ], 
        [
          378.6187196397494, 
          313.45598302161176
        ]
      ], 
      "projected_cuboid_centroid": [
        342.4386936124735, 
        377.82034132791165
      ], 
      "quaternion_xyzw": [
        0.9099458304051985, 
        0.0256421130192043, 
        0.37670859787198735, 
        0.1715566963351353
      ], 
      "visibility": 0.819071870746806
    }, 
    {
      "bounding_box": {
        "bottom_right": [
          447, 
          291
        ], 
        "top_left": [
          301, 
          207
        ]
      }, 
      "class": "004_sugar_box", 
      "cuboid": [
        [
          -23.060750568947554, 
          20.620607200463848, 
          66.35730901186632
        ], 
        [
          -30.5078730498065, 
          19.60958527896177, 
          60.93435378621557
        ], 
        [
          -32.68444963269446, 
          3.19837221075369, 
          66.98295445368817
        ], 
        [
          -25.237327151835515, 
          4.209394132255767, 
          72.40590967933892
        ], 
        [
          -25.688799642960326, 
          22.19137671866495, 
          69.67345503936069
        ], 
        [
          -33.13592212381927, 
          21.180354797162877, 
          64.25049981370992
        ], 
        [
          -35.312498706707224, 
          4.769141728954797, 
          70.29910048118253
        ], 
        [
          -27.86537622584828, 
          5.780163650456874, 
          75.72205570683327
        ]
      ], 
      "cuboid_centroid": [
        -29.18662463782739, 
        12.694874464709322, 
        68.32820474652442
      ], 
      "location": [
        -29.18662463782739, 
        12.694874464709322, 
        68.32820474652442
      ], 
      "pose_transform_permuted": [
        [
          0.5822770037444216, 
          -0.34802355012141073, 
          -0.7347334537859577, 
          0.0
        ], 
        [
          0.8035566887053183, 
          0.10909091794029341, 
          0.5851457331769992, 
          0.0
        ], 
        [
          0.12349160867316065, 
          0.9311168364138079, 
          -0.34317718591673146, 
          0.0
        ], 
        [
          -29.18662463782739, 
          12.694874464709322, 
          68.32820474652442, 
          1.0
        ]
      ], 
      "projected_cuboid": [
        [
          294.7112223918184, 
          439.0161885753238
        ], 
        [
          212.3559043489735, 
          444.9167465141586
        ], 
        [
          219.19417722370258, 
          298.7520395881864
        ], 
        [
          294.1575837268044, 
          304.2916359625233
        ], 
        [
          283.3219569891788, 
          443.1517438178077
        ], 
        [
          204.2559329604195, 
          449.0968122141895
        ], 
        [
          211.46856028262698, 
          309.46732353289644
        ], 
        [
          283.7023271055678, 
          313.9969286324445
        ]
      ], 
      "projected_cuboid_centroid": [
        251.88934312802263, 
        372.3733672497423
      ], 
      "quaternion_xyzw": [
        0.93131720950827, 
        -0.003865678252759531, 
        0.3133794600278602, 
        0.18554385363583373
      ], 
      "visibility": 0.548102151478048
    }, 
    {
      "bounding_box": {
        "bottom_right": [
          342, 
          287
        ], 
        "top_left": [
          259, 
          111
        ]
      }, 
      "class": "024_bowl", 
      "cuboid": [
        [
          -35.39536954721375, 
          2.7298611795657504, 
          46.59651614610216
        ], 
        [
          -37.3994459892012, 
          8.792734822895135, 
          61.39393423796729
        ], 
        [
          -38.05548656070306, 
          3.708256018461399, 
          63.38832250867226
        ], 
        [
          -36.0514101187156, 
          -2.3546176248679838, 
          48.590904416807135
        ], 
        [
          -19.49053560433699, 
          1.6897777158692575, 
          49.17672286868842
        ], 
        [
          -21.49461204632444, 
          7.75265135919864, 
          63.97414096055354
        ], 
        [
          -22.1506526178263, 
          2.6681725547649062, 
          65.96852923125851
        ], 
        [
          -20.14657617583885, 
          -3.394701088564477, 
          51.17111113939339
        ]
      ], 
      "cuboid_centroid": [
        -28.77301108252002, 
        2.6990168671653283, 
        56.28252268868034
      ], 
      "location": [
        -28.77301108252002, 
        2.6990168671653283, 
        56.28252268868034
      ], 
      "pose_transform_permuted": [
        [
          -0.9850451540697049, 
          0.06441621329854355, 
          -0.15980173937747877, 
          0.0
        ], 
        [
          0.12435013223845962, 
          -0.37619280557253365, 
          -0.9181590372303392, 
          0.0
        ], 
        [
          0.1192605930559995, 
          0.9242994777125768, 
          -0.36255673548313627, 
          0.0
        ], 
        [
          -28.77301108252002, 
          2.6990168671653283, 
          56.28252268868034, 
          1.0
        ]
      ], 
      "projected_cuboid": [
        [
          73.10395169837741, 
          304.53111476130005
        ], 
        [
          154.0064595457041, 
          349.66766144071124
        ], 
        [
          158.74783530403477, 
          304.4860630010026
        ], 
        [
          82.60982268326534, 
          247.44294224487047
        ], 
        [
          268.46150160484984, 
          291.61210940036943
        ], 
        [
          300.9142375372803, 
          337.91641388564557
        ], 
        [
          301.028787709767, 
          294.85725800988246
        ], 
        [
          269.8740185639044, 
          237.9060170345278
        ]
      ], 
      "projected_cuboid_centroid": [
        206.67886526538425, 
        298.86176954187147
      ], 
      "quaternion_xyzw": [
        0.7430429579318606, 
        -0.1666974275644665, 
        -0.6403412383441812, 
        0.10031066138303041
      ], 
      "visibility": 0.8151542649727768
    }, 
    {
      "bounding_box": {
        "bottom_right": [
          325, 
          465
        ], 
        "top_left": [
          234, 
          356
        ]
      }, 
      "class": "025_mug", 
      "cuboid": [
        [
          -0.6318547747248965, 
          2.9793941775917587, 
          51.627195333709906
        ], 
        [
          -12.14517812842382, 
          4.169608411692945, 
          49.92615713496944
        ], 
        [
          -13.211311296972669, 
          -3.708340294700742, 
          51.62999260667358
        ], 
        [
          -1.6979879432737468, 
          -4.898554528801928, 
          53.331030805414045
        ], 
        [
          -1.7448783239463632, 
          5.076727643861336, 
          60.628096182977245
        ], 
        [
          -13.258201677645287, 
          6.2669418779625214, 
          58.927057984236775
        ], 
        [
          -14.324334846194137, 
          -1.6110068284311652, 
          60.630893455940914
        ], 
        [
          -2.8110114924952128, 
          -2.8012210625323513, 
          62.331931654681384
        ]
      ], 
      "cuboid_centroid": [
        -7.478094810459517, 
        0.6841936745802968, 
        56.129044394825414
      ], 
      "location": [
        -7.478094810459517, 
        0.6841936745802968, 
        56.129044394825414
      ], 
      "pose_transform_permuted": [
        [
          0.11956681633208788, 
          -0.22530654048066132, 
          -0.966923888915436, 
          0.0
        ], 
        [
          0.9841288144976916, 
          -0.10173640461752191, 
          0.1454003031543377, 
          0.0
        ], 
        [
          0.1311308592763203, 
          0.968961677283044, 
          -0.20956613682149156, 
          0.0
        ], 
        [
          -7.478094810459517, 
          0.6841936745802968, 
          56.129044394825414, 
          1.0
        ]
      ], 
      "projected_cuboid": [
        [
          475.0154843433756, 
          304.06429475526215
        ], 
        [
          350.77907384144686, 
          317.8269942817146
        ], 
        [
          343.99162922030814, 
          234.9806928635934
        ], 
        [
          464.4753895766171, 
          224.3001407566407
        ], 
        [
          466.12020545734543, 
          317.94435244960187
        ], 
        [
          360.6036910669489, 
          330.00552149163934
        ], 
        [
          354.5477808534677, 
          259.1158497192027
        ], 
        [
          457.34528043125437, 
          249.31895010502484
        ]
      ], 
      "projected_cuboid_centroid": [
        409.95055607023494, 
        279.7875195903283
      ], 
      "quaternion_xyzw": [
        0.9899513094966048, 
        -0.058807756921968296, 
        0.06691417975424535, 
        0.109821733940452
      ], 
      "visibility": 0.9197382478632479
    }, 
    {
      "bounding_box": {
        "bottom_right": [
          338, 
          356
        ], 
        "top_left": [
          262, 
          301
        ]
      }, 
      "class": "061_foam_brick", 
      "cuboid": [
        [
          -19.26842950717558, 
          -1.4047999887505116, 
          60.48372469401379
        ], 
        [
          -18.32772780983719, 
          5.885954818907484, 
          57.91398349871807
        ], 
        [
          -20.888549920409975, 
          7.649757630294279, 
          61.98072926284897
        ], 
        [
          -21.829251617748373, 
          0.35900282263628436, 
          64.55047045814467
        ], 
        [
          -14.761799964572441, 
          -1.041569195140335, 
          63.16400266418982
        ], 
        [
          -13.821098267234047, 
          6.24918561251766, 
          60.59426146889412
        ], 
        [
          -16.38192037780684, 
          8.012988423904456, 
          64.661007233025
        ], 
        [
          -17.32262207514523, 
          0.7222336162464603, 
          67.23074842832072
        ]
      ], 
      "cuboid_centroid": [
        -17.82517494249121, 
        3.304094217576972, 
        62.572365963519395
      ], 
      "location": [
        -17.82517494249121, 
        3.304094217576972, 
        62.572365963519395
      ], 
      "pose_transform_permuted": [
        [
          -0.85742570521768, 
          -0.06910783689313091, 
          -0.5099463372865003, 
          0.0
        ], 
        [
          -0.12079792039234247, 
          -0.9362245453021082, 
          0.3299870652052076, 
          0.0
        ], 
        [
          0.5002289700335738, 
          -0.3445398491521888, 
          -0.7943949080182586, 
          0.0
        ], 
        [
          -17.82517494249121, 
          3.304094217576972, 
          62.572365963519395, 
          1.0
        ]
      ], 
      "projected_cuboid": [
        [
          310.2804360507347, 
          260.8996132635962
        ], 
        [
          311.4137739940638, 
          327.4892500199435
        ], 
        [
          300.3615356484892, 
          339.10966719063333
        ], 
        [
          299.73958653351286, 
          276.2526393028779
        ], 
        [
          355.9184464003545, 
          264.4921420349118
        ], 
        [
          358.9371149306919, 
          328.288661701318
        ], 
        [
          345.35410446301177, 
          339.3771206844108
        ], 
        [
          343.0372127255402, 
          279.01578152212585
        ]
      ], 
      "projected_cuboid_centroid": [
        328.402642970457, 
        301.44814133048703
      ], 
      "quaternion_xyzw": [
        -0.5110304706526727, 
        0.7027240046474561, 
        0.25802700147157737, 
        -0.42243212220229726
      ], 
      "visibility": 0.9994994994994995
    }
  ]
}