{
  "camera_data": {
    "location_worldframe": [
      -9.941435641101545, 
      0.4290130350967189, 
      82.92313028116544
    ], 
    "quaternion_xyzw_worldframe": [
      -0.8237743039477005, 
      -0.1134492903148209, 
      -0.21288782391867747, 
      0.5130343928786233
    ]
  }, 
  "objects": [
    {
      "bounding_box": {
        "bottom_right": [
          461, 
          439
        ], 
        "top_left": [
          303, 
          321
        ]
      }, 
      "class": "003_cracker_box", 
      "cuboid": [
        [
          -5.249563255465466, 
          26.302283084543177, 
          81.05898687120514
        ], 
        [
          -14.533503872045603, 
          23.154315090462703, 
          67.90692012018783
        ], 
        [
          -18.200722334865148, 
          3.438741852001517, 
          75.21453448954422
        ], 
        [
          -8.91678171828501, 
          6.586709846081987, 
          88.36660124056151
        ], 
        [
          -11.038963742985493, 
          28.682705717574997, 
          84.5759212775021
        ], 
        [
          -20.32290435956563, 
          25.534737723494526, 
          71.4238545264848
        ], 
        [
          -23.990122822385175, 
          5.819164485033338, 
          78.73146889584118
        ], 
        [
          -14.706182205805037, 
          8.967132479113808, 
          91.88353564685848
        ]
      ], 
      "cuboid_centroid": [
        -14.619843038925321, 
        16.060723784788255, 
        79.89522788352316
      ], 
      "location": [
        -14.619843038925321, 
        16.060723784788255, 
        79.89522788352316
      ], 
      "pose_transform_permuted": [
        [
          0.8063232069546766, 
          -0.3315351935854607, 
          -0.4898237451783823, 
          0.0
        ], 
        [
          0.5659696788817818, 
          0.19190713386921104, 
          0.8017792555040054, 
          0.0
        ], 
        [
          0.17181736964806077, 
          0.9237186083350034, 
          -0.3423780426704752, 
          0.0
        ], 
        [
          -14.619843038925321, 
          16.060723784788255, 
          79.89522788352316, 
          1.0
        ]
      ], 
      "projected_cuboid": [
        [
          446.7702554871581, 
          446.33980687296975
        ], 
        [
          366.50430062847056, 
          455.13324301242716
        ], 
        [
          351.46672080675563, 
          297.66943662714266
        ], 
        [
          427.33307914313116, 
          313.03935522534766
        ], 
        [
          411.4073814817506, 
          454.1541942417385
        ], 
        [
          328.5819906707181, 
          463.95358849785396
        ], 
        [
          317.73597241462653, 
          312.7050122089147
        ], 
        [
          395.52663685499175, 
          325.33446280641914
        ]
      ], 
      "projected_cuboid_centroid": [
        383.1928747515228, 
        380.4956760142794
      ], 
      "quaternion_xyzw": [
        0.8630631541774865, 
        0.005819320441357548, 
        0.46581251171336074, 
        0.19520971118799132
      ], 
      "visibility": 0.8049509991090747
    }, 
    {
      "bounding_box": {
        "bottom_right": [
          448, 
          344
        ], 
        "top_left": [
          316, 
          262
        ]
      }, 
      "class": "004_sugar_box", 
      "cuboid": [
        [
          -18.735561128531376, 
          22.986412630965493, 
          75.44597499887617
        ], 
        [
          -24.94299144593792, 
          21.87564119256001, 
          68.65449227297235
        ], 
        [
          -28.714919576777863, 
          5.768683993005205, 
          74.73638819228383
        ], 
        [
          -22.50748925937132, 
          6.879455431410686, 
          81.52787091818765
        ], 
        [
          -21.94477620502853, 
          24.73738505256489, 
          78.09282547859304
        ], 
        [
          -28.152206522435076, 
          23.62661361415941, 
          71.30134275268924
        ], 
        [
          -31.924134653275015, 
          7.5196564146046025, 
          77.38323867200072
        ], 
        [
          -25.716704335868474, 
          8.630427853010083, 
          84.17472139790453
        ]
      ], 
      "cuboid_centroid": [
        -25.329847890903196, 
        15.253034522785047, 
        76.41460683543843
      ], 
      "location": [
        -25.329847890903196, 
        15.253034522785047, 
        76.41460683543843
      ], 
      "pose_transform_permuted": [
        [
          0.7110415698063596, 
          -0.3879497477310266, 
          -0.5864426893428496, 
          0.0
        ], 
        [
          0.6697918778756129, 
          0.11985405386411796, 
          0.732812087440946, 
          0.0
        ], 
        [
          0.21400647068385287, 
          0.9138543853869806, 
          -0.3450662461239795, 
          0.0
        ], 
        [
          -25.329847890903196, 
          15.253034522785047, 
          76.41460683543843, 
          1.0
        ]
      ], 
      "projected_cuboid": [
        [
          348.0536875137572, 
          435.7750471845978
        ], 
        [
          286.22102228316226, 
          443.22017897364384
        ], 
        [
          274.9795043950089, 
          314.4519223010542
        ], 
        [
          333.1359634838227, 
          318.2889189071701
        ], 
        [
          330.48061314188146, 
          442.22564095440293
        ], 
        [
          269.26945918834434, 
          450.0088161039458
        ], 
        [
          259.74475054347477, 
          325.1114563158267
        ], 
        [
          317.3016842262797, 
          327.96775472580765
        ]
      ], 
      "projected_cuboid_centroid": [
        303.33951682412385, 
        379.74186570830904
      ], 
      "quaternion_xyzw": [
        0.890237180840792, 
        -0.026440261889200102, 
        0.40546881446909633, 
        0.20584851139409363
      ], 
      "visibility": 0.6034013605442177
    }, 
    {
      "bounding_box": {
        "bottom_right": [
          352, 
          363
        ], 
        "top_left": [
          277, 
          221
        ]
      }, 
      "class": "024_bowl", 
      "cuboid": [
        [
          -27.22201010060884, 
          4.498739581436862, 
          54.25876639037593
        ], 
        [
          -32.05033416297609, 
          11.20404530919618, 
          68.09583628366649
        ], 
        [
          -33.22559793240226, 
          6.218536288450006, 
          70.1016661355858
        ], 
        [
          -28.39727387003501, 
          -0.48676943930931127, 
          56.26459624229525
        ], 
        [
          -12.208561907331838, 
          3.3008241080757466, 
          60.07807519466605
        ], 
        [
          -17.03688596969909, 
          10.006129835835065, 
          73.9151450879566
        ], 
        [
          -18.21214973912526, 
          5.020620815088891, 
          75.92097493987592
        ], 
        [
          -13.38382567675801, 
          -1.6846849126704269, 
          62.083905046585365
        ]
      ], 
      "cuboid_centroid": [
        -22.71707991986705, 
        4.759680198262877, 
        65.08987066512593
      ], 
      "location": [
        -22.71707991986705, 
        4.759680198262877, 
        65.08987066512593
      ], 
      "pose_transform_permuted": [
        [
          -0.9298383398267132, 
          0.07419133304110774, 
          -0.3604113037765125, 
          0.0
        ], 
        [
          0.2995907356957314, 
          -0.41605481531397237, 
          -0.8585707785263523, 
          0.0
        ], 
        [
          0.21364936899881665, 
          0.9063079149801352, 
          -0.3646366827004214, 
          0.0
        ], 
        [
          -22.71707991986705, 
          4.759680198262877, 
          65.08987066512593, 
          1.0
        ]
      ], 
      "projected_cuboid": [
        [
          211.79702573325844, 
          317.50549241002335
        ], 
        [
          228.49030937860505, 
          361.03546802232205
        ], 
        [
          226.7168069906671, 
          320.59592967087553
        ], 
        [
          210.18248316662732, 
          268.67255882205507
        ], 
        [
          372.3171815270835, 
          302.58831124457936
        ], 
        [
          357.64650065971404, 
          345.48371742082753
        ], 
        [
          352.5966337866219, 
          308.5547283923731
        ], 
        [
          365.66783004631355, 
          258.81458337861307
        ]
      ], 
      "projected_cuboid_centroid": [
        293.9115191661905, 
        312.2853965354063
      ], 
      "quaternion_xyzw": [
        0.8009853235940685, 
        -0.19654048762319049, 
        -0.5581903518307826, 
        0.09065251918601583
      ], 
      "visibility": 0.7813806206459785
    }, 
    {
      "bounding_box": {
        "bottom_right": [
          330, 
          509
        ], 
        "top_left": [
          254, 
          423
        ]
      }, 
      "class": "025_mug", 
      "cuboid": [
        [
          5.780112531428388, 
          4.375492878457729, 
          66.28855750914994
        ], 
        [
          -5.111075782327397, 
          5.686457587400589, 
          62.222829509187804
        ], 
        [
          -6.697912291162682, 
          -2.094936645715597, 
          63.96455989915659
        ], 
        [
          4.1932760225931025, 
          -3.405901354658457, 
          68.03028789911872
        ], 
        [
          2.90734145293867, 
          6.863397560950368, 
          74.78628437047124
        ], 
        [
          -7.983846860817115, 
          8.174362269893228, 
          70.7205563705091
        ], 
        [
          -9.5706833696524, 
          0.3929680367770413, 
          72.4622867604779
        ], 
        [
          1.320504944103385, 
          -0.9179966721658189, 
          76.52801476044002
        ]
      ], 
      "cuboid_centroid": [
        -1.8952854191120059, 
        2.3842304576173854, 
        69.37542213481392
      ], 
      "location": [
        -1.8952854191120059, 
        2.3842304576173854, 
        69.37542213481392
      ], 
      "pose_transform_permuted": [
        [
          0.30860810819876716, 
          -0.26726374516640955, 
          -0.9128703050160564, 
          0.0
        ], 
        [
          0.930950335920521, 
          -0.11205783988041602, 
          0.3475278122356676, 
          0.0
        ], 
        [
          0.19517565072835713, 
          0.9570857959003414, 
          -0.21422708663605589, 
          0.0
        ], 
        [
          -1.8952854191120059, 
          2.3842304576173854, 
          69.37542213481392, 
          1.0
        ]
      ], 
      "projected_cuboid": [
        [
          528.4880659175359, 
          308.4892354874911
        ], 
        [
          437.42433267347735, 
          322.02587070151145
        ], 
        [
          425.2862583956439, 
          255.81951029572252
        ], 
        [
          514.7439663452013, 
          246.58616750112725
        ], 
        [
          502.5028225400976, 
          322.2311319956444
        ], 
        [
          420.88734359135435, 
          334.9312379415073
        ], 
        [
          410.57020296297264, 
          276.17876729054154
        ], 
        [
          490.87628596360196, 
          266.8890689750257
        ]
      ], 
      "projected_cuboid_centroid": [
        466.90575234982896, 
        291.6151730327579
      ], 
      "quaternion_xyzw": [
        0.9747956756209117, 
        -0.07879433051779695, 
        0.16827524394189033, 
        0.12348506559997105
      ], 
      "visibility": 0.8762201453790239
    }, 
    {
      "bounding_box": {
        "bottom_right": [
          344, 
          413
        ], 
        "top_left": [
          279, 
          356
        ]
      }, 
      "class": "061_foam_brick", 
      "cuboid": [
        [
          -14.37415310513233, 
          0.6755628262288871, 
          71.2982321379045
        ], 
        [
          -12.748081209233659, 
          7.836461592212865, 
          68.70574024548498
        ], 
        [
          -16.0397779982174, 
          9.810350657261136, 
          72.09332427511552
        ], 
        [
          -17.665849894116068, 
          2.6494518912771574, 
          74.68581616753505
        ], 
        [
          -10.501249701211792, 
          1.0744154446347853, 
          74.82910628658108
        ], 
        [
          -8.875177805313125, 
          8.235314210618764, 
          72.23661439416156
        ], 
        [
          -12.166874594296866, 
          10.209203275667033, 
          75.6241984237921
        ], 
        [
          -13.792946490195535, 
          3.0483045096830557, 
          78.21669031621164
        ]
      ], 
      "cuboid_centroid": [
        -13.270513849714597, 
        5.44238305094796, 
        73.46121528084831
      ], 
      "location": [
        -13.270513849714597, 
        5.44238305094796, 
        73.46121528084831
      ], 
      "pose_transform_permuted": [
        [
          -0.7368537619864763, 
          -0.07588520076514998, 
          -0.6717797032891141, 
          0.0
        ], 
        [
          -0.20880806741261093, 
          -0.9195493975597522, 
          0.33290854063977887, 
          0.0
        ], 
        [
          0.6429974528952566, 
          -0.3855779321386659, 
          -0.6617279908073124, 
          0.0
        ], 
        [
          -13.270513849714597, 
          5.44238305094796, 
          73.46121528084831, 
          1.0
        ]
      ], 
      "projected_cuboid": [
        [
          373.18060357867785, 
          278.33983136735594
        ], 
        [
          381.8170602421054, 
          334.1160758768559
        ], 
        [
          361.95193485532496, 
          345.8598611830015
        ], 
        [
          354.3967664915605, 
          292.2058542692601
        ], 
        [
          406.1291861961937, 
          280.94407694616325
        ], 
        [
          415.5259870727908, 
          334.08748191999274
        ], 
        [
          395.07836870866527, 
          345.2842338112301
        ], 
        [
          386.7662818114562, 
          294.071366435701
        ]
      ], 
      "projected_cuboid_centroid": [
        384.451863718445, 
        312.79758403604603
      ], 
      "quaternion_xyzw": [
        -0.5189878861153305, 
        0.7526894616706798, 
        0.19458316472965415, 
        -0.3553132988775332
      ], 
      "visibility": 0.977976380466007
    }
  ]
}