{
  "camera_data": {
    "location_worldframe": [
      -14.525082783638005, 
      -0.16225218589235313, 
      70.29520256980337
    ], 
    "quaternion_xyzw_worldframe": [
      -0.8368808044913143, 
      -0.04566460485993248, 
      -0.09132724153055667, 
      0.5377803141947141
    ]
  }, 
  "objects": [
    {
      "bounding_box": {
        "bottom_right": [
          483, 
          390
        ], 
        "top_left": [
          303, 
          244
        ]
      }, 
      "class": "003_cracker_box", 
      "cuboid": [
        [
          -10.962594271680262, 
          25.856925527023765, 
          68.00904883073416
        ], 
        [
          -23.489057984150072, 
          22.818434825397176, 
          57.86343910024176
        ], 
        [
          -24.652543229555853, 
          2.839815438143198, 
          65.28331892469701
        ], 
        [
          -12.126079517086044, 
          5.8783061397697915, 
          75.42892865518942
        ], 
        [
          -15.581743924076916, 
          28.005082050269014, 
          73.06881933692765
        ], 
        [
          -28.108207636546723, 
          24.96659134864242, 
          62.92320960643525
        ], 
        [
          -29.271692881952504, 
          4.987971961388441, 
          70.3430894308905
        ], 
        [
          -16.7452291694827, 
          8.026462663015034, 
          80.4886991613829
        ]
      ], 
      "cuboid_centroid": [
        -20.117143576816385, 
        15.422448744206104, 
        69.17606913081234
      ], 
      "location": [
        -20.117143576816385, 
        15.422448744206104, 
        69.17606913081234
      ], 
      "pose_transform_permuted": [
        [
          0.6433356215644196, 
          -0.2991861524518037, 
          -0.704703429967109, 
          0.0
        ], 
        [
          0.7636411021640482, 
          0.18523315450916303, 
          0.618498945477082, 
          0.0
        ], 
        [
          0.05451188046655153, 
          0.9360429074843049, 
          -0.34763792980100694, 
          0.0
        ], 
        [
          -20.117143576816385, 
          15.422448744206104, 
          69.17606913081234, 
          1.0
        ]
      ], 
      "projected_cuboid": [
        [
          394.9131815543528, 
          476.05374295266216
        ], 
        [
          263.29738983903206, 
          483.6010014653024
        ], 
        [
          278.52450913997507, 
          296.48586685594444
        ], 
        [
          395.14523480516414, 
          314.8490503504708
        ], 
        [
          366.9202302917684, 
          477.6919029682892
        ], 
        [
          241.37437913962813, 
          484.8964061770419
        ], 
        [
          257.818680914917, 
          311.10380118154785
        ], 
        [
          369.71823628200457, 
          326.4700254322019
        ]
      ], 
      "projected_cuboid_centroid": [
        325.20951928982805, 
        392.18739544682046
      ], 
      "quaternion_xyzw": [
        0.9225491097518145, 
        0.03542393371280211, 
        0.34194238379921105, 
        0.17528174798922633
      ], 
      "visibility": 0.8187600712407769
    }, 
    {
      "bounding_box": {
        "bottom_right": [
          459, 
          278
        ], 
        "top_left": [
          314, 
          189
        ]
      }, 
      "class": "004_sugar_box", 
      "cuboid": [
        [
          -25.422035902233365, 
          22.356406493642428, 
          66.26419247406695
        ], 
        [
          -33.25617079741024, 
          21.267326818035, 
          61.43402913786019
        ], 
        [
          -34.92068723029767, 
          4.923676698320227, 
          67.8188122849095
        ], 
        [
          -27.086552335120796, 
          6.012756373927656, 
          72.64897562111626
        ], 
        [
          -27.795424443750555, 
          23.960636818344767, 
          69.75192170476937
        ], 
        [
          -35.62955933892743, 
          22.871557142737338, 
          64.9217583685626
        ], 
        [
          -37.29407577181486, 
          6.527907023022568, 
          71.30654151561193
        ], 
        [
          -29.45994087663798, 
          7.616986698629997, 
          76.13670485181868
        ]
      ], 
      "cuboid_centroid": [
        -31.35805583702411, 
        14.442156758332498, 
        68.78536699483944
      ], 
      "location": [
        -31.35805583702411, 
        14.442156758332498, 
        68.78536699483944
      ], 
      "pose_transform_permuted": [
        [
          0.5258537910655687, 
          -0.35543720854395333, 
          -0.7727498494631914, 
          0.0
        ], 
        [
          0.845315960818337, 
          0.11751347720098602, 
          0.5211825193320134, 
          0.0
        ], 
        [
          0.09443904412839144, 
          0.9272835427627891, 
          -0.36225104508486383, 
          0.0
        ], 
        [
          -31.35805583702411, 
          14.442156758332498, 
          68.78536699483944, 
          1.0
        ]
      ], 
      "projected_cuboid": [
        [
          275.2857015626734, 
          453.2194541949735
        ], 
        [
          190.48850473060406, 
          457.9119326190953
        ], 
        [
          204.6961851458036, 
          312.0057829217056
        ], 
        [
          281.0963312958927, 
          317.42646831956756
        ], 
        [
          267.3036308586701, 
          456.4883269523772
        ], 
        [
          186.46804817992125, 
          461.17191922129905
        ], 
        [
          200.34079720525529, 
          322.11039871707555
        ], 
        [
          273.517454917148, 
          326.64172558825055
        ]
      ], 
      "projected_cuboid_centroid": [
        236.43978005769156, 
        385.262171156789
      ], 
      "quaternion_xyzw": [
        0.9414549050597588, 
        0.0061273335952107925, 
        0.27803676649045705, 
        0.19057956195556228
      ], 
      "visibility": 0.5220237042278436
    }, 
    {
      "bounding_box": {
        "bottom_right": [
          355, 
          260
        ], 
        "top_left": [
          274, 
          83
        ]
      }, 
      "class": "024_bowl", 
      "cuboid": [
        [
          -39.168974193158114, 
          4.211505669223557, 
          47.70363245837841
        ], 
        [
          -40.06205459479075, 
          10.44299227701364, 
          62.53971426722931
        ], 
        [
          -40.55037747760139, 
          5.380891224417912, 
          64.63651473793477
        ], 
        [
          -39.657297075968756, 
          -0.8505953833721713, 
          49.80043292908387
        ], 
        [
          -23.111328288841886, 
          3.2330923791138306, 
          49.08120225281775
        ], 
        [
          -24.004408690474524, 
          9.464578986903915, 
          63.91728406166865
        ], 
        [
          -24.492731573285162, 
          4.402477934308186, 
          66.01408453237411
        ], 
        [
          -23.59965117165253, 
          -1.829008673481898, 
          51.17800272352322
        ]
      ], 
      "cuboid_centroid": [
        -31.830852883221638, 
        4.3069918017658715, 
        56.85885849537626
      ], 
      "location": [
        -31.830852883221638, 
        4.3069918017658715, 
        56.85885849537626
      ], 
      "pose_transform_permuted": [
        [
          -0.9945093636704128, 
          0.060596751500925174, 
          -0.08531798918988479, 
          0.0
        ], 
        [
          0.05541438625587627, 
          -0.3866550035149503, 
          -0.9205580666382421, 
          0.0
        ], 
        [
          0.08877145581635307, 
          0.9202314610816068, 
          -0.38117408971211075, 
          0.0
        ], 
        [
          -31.830852883221638, 
          4.3069918017658715, 
          56.85885849537626, 
          1.0
        ]
      ], 
      "projected_cuboid": [
        [
          40.04442727279618, 
          320.3705509230689
        ], 
        [
          137.11306091294836, 
          362.3411867513096
        ], 
        [
          144.22532179107654, 
          317.68457949915967
        ], 
        [
          53.36249044548054, 
          264.17739678273665
        ], 
        [
          228.37505766723416, 
          308.41753316572306
        ], 
        [
          279.63749818895366, 
          352.2580617920513
        ], 
        [
          282.07434858294675, 
          308.85360997035235
        ], 
        [
          233.61859088534308, 
          254.22666671941306
        ]
      ], 
      "projected_cuboid_centroid": [
        180.5448181312533, 
        313.68487050557667
      ], 
      "quaternion_xyzw": [
        0.7178028692697195, 
        -0.1655839227192677, 
        -0.666989333804493, 
        0.11165229059941469
      ], 
      "visibility": 0.7863636363636364
    }, 
    {
      "bounding_box": {
        "bottom_right": [
          342, 
          434
        ], 
        "top_left": [
          249, 
          321
        ]
      }, 
      "class": "025_mug", 
      "cuboid": [
        [
          -4.124845721521994, 
          4.588564762806193, 
          50.07845952574613
        ], 
        [
          -15.737389870727442, 
          5.736044086305828, 
          49.24247800181427
        ], 
        [
          -16.648671826539985, 
          -2.1235403743166756, 
          51.11284384079845
        ], 
        [
          -5.036127677334536, 
          -3.271019697816311, 
          51.9488253647303
        ], 
        [
          -4.557837002365578, 
          6.788774443144263, 
          59.11313943714628
        ], 
        [
          -16.17038115157103, 
          7.9362537666439, 
          58.27715791321443
        ], 
        [
          -17.08166310738357, 
          0.07666930602139507, 
          60.147523752198595
        ], 
        [
          -5.469118958178119, 
          -1.0708100174782402, 
          60.98350527613046
        ]
      ], 
      "cuboid_centroid": [
        -10.603254414452781, 
        2.332617034413794, 
        55.11299163897236
      ], 
      "location": [
        -10.603254414452781, 
        2.332617034413794, 
        55.11299163897236
      ], 
      "pose_transform_permuted": [
        [
          0.046514190096187166, 
          -0.23635804195255036, 
          -0.9705526126030252, 
          0.0
        ], 
        [
          0.9926099489934047, 
          -0.09808353605681591, 
          0.07145751759197429, 
          0.0
        ], 
        [
          0.11208467144058179, 
          0.9667029356933659, 
          -0.2300488221006251, 
          0.0
        ], 
        [
          -10.603254414452781, 
          2.332617034413794, 
          55.11299163897236, 
          1.0
        ]
      ], 
      "projected_cuboid": [
        [
          437.30270324437794, 
          322.1532856775275
        ], 
        [
          309.73321597365134, 
          335.4106382561458
        ], 
        [
          306.43450759781, 
          251.12917826173054
        ], 
        [
          429.46406638744, 
          239.70543485665905
        ], 
        [
          440.13351697186886, 
          334.5349573808196
        ], 
        [
          332.3816740970171, 
          345.91464309716565
        ], 
        [
          328.8741769415318, 
          273.96635387041204
        ], 
        [
          433.36934963509077, 
          263.9219737506463
        ]
      ], 
      "projected_cuboid_centroid": [
        378.13600618011804, 
        295.85889900732053
      ], 
      "quaternion_xyzw": [
        0.9911944180242588, 
        -0.05300882543212981, 
        0.029754936454170537, 
        0.11763758339732713
      ], 
      "visibility": 0.8895987733197036
    }, 
    {
      "bounding_box": {
        "bottom_right": [
          353, 
          331
        ], 
        "top_left": [
          276, 
          278
        ]
      }, 
      "class": "061_foam_brick", 
      "cuboid": [
        [
          -22.023252439699892, 
          0.27137039527925166, 
          60.37360576294651
        ], 
        [
          -21.301044172356214, 
          7.533429786566176, 
          57.65616141658628
        ], 
        [
          -23.551012314316022, 
          9.339590328353722, 
          61.88495070041051
        ], 
        [
          -24.2732205816597, 
          2.0775309370667983, 
          64.60239504677074
        ], 
        [
          -17.32733840951169, 
          0.6748182948193466, 
          62.69979527683813
        ], 
        [
          -16.605130142168008, 
          7.936877686106272, 
          59.9823509304779
        ], 
        [
          -18.85509828412782, 
          9.74303822789382, 
          64.21114021430213
        ], 
        [
          -19.577306551471494, 
          2.480978836606893, 
          66.92858456066236
        ]
      ], 
      "cuboid_centroid": [
        -20.439175361913854, 
        5.007204311586535, 
        62.29237298862432
      ], 
      "location": [
        -20.439175361913854, 
        5.007204311586535, 
        62.29237298862432
      ], 
      "pose_transform_permuted": [
        [
          -0.8934387352926223, 
          -0.07675949321140385, 
          -0.4425779100685524, 
          0.0
        ], 
        [
          -0.09274061802175168, 
          -0.9325396932047585, 
          0.3489540060903709, 
          0.0
        ], 
        [
          0.43950700113611707, 
          -0.3528139747792079, 
          -0.8260483612675672, 
          0.0
        ], 
        [
          -20.439175361913854, 
          5.007204311586535, 
          62.29237298862432, 
          1.0
        ]
      ], 
      "projected_cuboid": [
        [
          285.43000954049995, 
          275.6837303350539
        ], 
        [
          282.9203827488084, 
          342.97077527553927
        ], 
        [
          276.9449386118647, 
          353.7743846151052
        ], 
        [
          279.5416404106013, 
          290.437418108704
        ], 
        [
          332.98383870590163, 
          279.0264899241853
        ], 
        [
          332.7259201191195, 
          343.85550091089203
        ], 
        [
          323.68687819279006, 
          354.20945991023
        ], 
        [
          324.29550507823734, 
          293.05618659541943
        ]
      ], 
      "projected_cuboid_centroid": [
        305.14764943231256, 
        316.1559935534001
      ], 
      "quaternion_xyzw": [
        -0.4992552747011275, 
        0.6870466692426199, 
        0.2726484610143578, 
        -0.45207727400548003
      ], 
      "visibility": 0.8631386861313869
    }
  ]
}