{
  "camera_data": {
    "location_worldframe": [
      -18.482651843060648, 
      6.48105790540663, 
      81.31486190895083
    ], 
    "quaternion_xyzw_worldframe": [
      0.9320236584703211, 
      0.01997834169767633, 
      -0.0802616310670567, 
      -0.35283457249151884
    ]
  }, 
  "objects": [
    {
      "bounding_box": {
        "bottom_right": [
          512, 
          374
        ], 
        "top_left": [
          325, 
          194
        ]
      }, 
      "class": "003_cracker_box", 
      "cuboid": [
        [
          -19.97956473796913, 
          29.181739051861683, 
          67.99746323944828
        ], 
        [
          -34.19835836795488, 
          21.777859604798962, 
          64.52088553595956
        ], 
        [
          -29.96099422884353, 
          6.788505856364477, 
          79.11258065692688
        ], 
        [
          -15.742200598857782, 
          14.192385303427196, 
          82.5891583604156
        ], 
        [
          -23.263796572268113, 
          33.13447810593062, 
          73.01165038832475
        ], 
        [
          -37.48259020225386, 
          25.730598658867898, 
          69.53507268483604
        ], 
        [
          -33.24522606314251, 
          10.74124491043341, 
          84.12676780580335
        ], 
        [
          -19.02643243315676, 
          18.14512435749613, 
          87.60334550929207
        ]
      ], 
      "cuboid_centroid": [
        -26.612395400555823, 
        19.961491981147546, 
        76.06211552262582
      ], 
      "location": [
        -26.612395400555823, 
        19.961491981147546, 
        76.06211552262582
      ], 
      "pose_transform_permuted": [
        [
          0.4574139154344407, 
          -0.5505207727816277, 
          -0.6983547728073846, 
          0.0
        ], 
        [
          0.866809299757642, 
          0.4513569664211284, 
          0.21193991298663423, 
          0.0
        ], 
        [
          -0.19852996705938478, 
          0.7022846770356272, 
          -0.6836534828261782, 
          0.0
        ], 
        [
          -26.612395400555823, 
          19.961491981147546, 
          76.06211552262582, 
          1.0
        ]
      ], 
      "projected_cuboid": [
        [
          323.58689495727407, 
          502.16556031412597
        ], 
        [
          196.5630611743784, 
          453.2989310276828
        ], 
        [
          277.9386306981496, 
          319.04971601972096
        ], 
        [
          379.094643707908, 
          364.93388206983184
        ], 
        [
          310.24862473656384, 
          515.32004849737
        ], 
        [
          191.717623696929, 
          470.6348921521217
        ], 
        [
          269.083420857656, 
          341.38039690152516
        ], 
        [
          364.8009502957635, 
          383.7520698931358
        ]
      ], 
      "projected_cuboid_centroid": [
        293.4457328381094, 
        413.249179168992
      ], 
      "quaternion_xyzw": [
        0.9038042860045329, 
        0.17976428734186536, 
        0.18514899707438376, 
        0.3413831608012579
      ], 
      "visibility": 0.8978169519319463
    }, 
    {
      "bounding_box": {
        "bottom_right": [
          465, 
          285
        ], 
        "top_left": [
          336, 
          167
        ]
      }, 
      "class": "004_sugar_box", 
      "cuboid": [
        [
          -33.575140474418, 
          24.857077787817648, 
          72.56157488628945
        ], 
        [
          -42.1707587185718, 
          21.602141246635647, 
          71.3737293307841
        ], 
        [
          -39.28909372923873, 
          9.452671380945295, 
          83.813076536236
        ], 
        [
          -30.69347548508493, 
          12.707607922127295, 
          85.00092209174134
        ], 
        [
          -35.09265985811731, 
          27.716905911111468, 
          75.7063008386914
        ], 
        [
          -43.688278102271106, 
          24.461969369929466, 
          74.51845528318606
        ], 
        [
          -40.80661311293804, 
          12.312499504239113, 
          86.95780248863795
        ], 
        [
          -32.21099486878424, 
          15.567436045421113, 
          88.14564804414331
        ]
      ], 
      "cuboid_centroid": [
        -37.190876793678015, 
        18.58478864602838, 
        79.75968868746371
      ], 
      "location": [
        -37.190876793678015, 
        18.58478864602838, 
        79.75968868746371
      ], 
      "pose_transform_permuted": [
        [
          0.33622531961144986, 
          -0.6336305388365313, 
          -0.6967532011744464, 
          0.0
        ], 
        [
          0.9274812588889491, 
          0.3512129732928036, 
          0.1281704770840721, 
          0.0
        ], 
        [
          -0.16349594495668832, 
          0.6893199118449871, 
          -0.705766573674617, 
          0.0
        ], 
        [
          -37.190876793678015, 
          18.58478864602838, 
          79.75968868746371, 
          1.0
        ]
      ], 
      "projected_cuboid": [
        [
          232.76698969484232, 
          455.98332185673274
        ], 
        [
          163.86228269810167, 
          434.7023008017604
        ], 
        [
          229.5091876630453, 
          333.4358007108614
        ], 
        [
          287.4127438992281, 
          353.0176278726324
        ], 
        [
          232.3236327734444, 
          468.54067856880835
        ], 
        [
          166.3196807637102, 
          448.35789793298466
        ], 
        [
          229.2410114073708, 
          348.80014245935115
        ], 
        [
          285.08238683154275, 
          367.476310103022
        ]
      ], 
      "projected_cuboid_centroid": [
        230.84489515970301, 
        397.55522429567304
      ], 
      "quaternion_xyzw": [
        0.910158553757034, 
        0.1413789158286846, 
        0.12755903759255666, 
        0.3679021383093817
      ], 
      "visibility": 0.4710488846701471
    }, 
    {
      "bounding_box": {
        "bottom_right": [
          355, 
          242
        ], 
        "top_left": [
          267, 
          123
        ]
      }, 
      "class": "024_bowl", 
      "cuboid": [
        [
          -48.87836407271001, 
          0.1770482416824301, 
          68.15470850812667
        ], 
        [
          -46.53735609470673, 
          12.070441245283222, 
          78.77568896637952
        ], 
        [
          -45.58534730089988, 
          8.358634214155664, 
          82.72234151489508
        ], 
        [
          -47.92635527890315, 
          -3.5347587894451276, 
          72.10136105664223
        ], 
        [
          -33.14960251460116, 
          0.3358840158920032, 
          64.51001179396687
        ], 
        [
          -30.808594536597887, 
          12.229277019492796, 
          75.13099225221971
        ], 
        [
          -29.85658574279103, 
          8.517469988365239, 
          79.07764480073529
        ], 
        [
          -32.19759372079431, 
          -3.3759230152355544, 
          68.45666434248243
        ]
      ], 
      "cuboid_centroid": [
        -39.36747490775052, 
        4.347259115023834, 
        73.61617665443097
      ], 
      "location": [
        -39.36747490775052, 
        4.347259115023834, 
        73.61617665443097
      ], 
      "pose_transform_permuted": [
        [
          -0.9741403404763005, 
          -0.009837286590981584, 
          0.22572953915968552, 
          0.0
        ], 
        [
          -0.1452562614564275, 
          -0.7379683537894657, 
          -0.659016940080426, 
          0.0
        ], 
        [
          -0.17306419492321073, 
          0.6747636153482142, 
          -0.7174558159481237, 
          0.0
        ], 
        [
          -39.36747490775052, 
          4.347259115023834, 
          73.61617665443097, 
          1.0
        ]
      ], 
      "projected_cuboid": [
        [
          95.93001799780507, 
          274.6719638239359
        ], 
        [
          163.9087578805359, 
          355.0046768906824
        ], 
        [
          185.25439951493127, 
          327.1755265344357
        ], 
        [
          124.14099618641576, 
          247.14062261214767
        ], 
        [
          205.25758407997944, 
          276.0633708848533
        ], 
        [
          261.0788370769061, 
          360.09642464744917
        ], 
        [
          278.55868134791757, 
          330.7305040392793
        ], 
        [
          228.66760591246805, 
          246.986018191341
        ]
      ], 
      "projected_cuboid_centroid": [
        194.018816052519, 
        304.7806813141551
      ], 
      "quaternion_xyzw": [
        -0.570915452307104, 
        0.24736769541945428, 
        0.7151484838766574, 
        -0.31847671121882826
      ], 
      "visibility": 0.6125442589782498
    }, 
    {
      "bounding_box": {
        "bottom_right": [
          339, 
          367
        ], 
        "top_left": [
          249, 
          264
        ]
      }, 
      "class": "025_mug", 
      "cuboid": [
        [
          -15.137911451688074, 
          2.531945611053756, 
          58.67265804128332
        ], 
        [
          -26.538618154634452, 
          2.883286227801216, 
          61.27404266641611
        ], 
        [
          -25.596969377932954, 
          -3.470117077952317, 
          66.25895340624524
        ], 
        [
          -14.196262674986576, 
          -3.8214576946997774, 
          63.65756878111245
        ], 
        [
          -13.348987240191807, 
          8.333636810619097, 
          65.72914261779916
        ], 
        [
          -24.749693943138183, 
          8.684977427366556, 
          68.33052724293195
        ], 
        [
          -23.808045166436685, 
          2.331574121613023, 
          73.31543798276108
        ], 
        [
          -12.407338463490305, 
          1.9802335048655626, 
          70.71405335762829
        ]
      ], 
      "cuboid_centroid": [
        -19.47297830906238, 
        2.4317598663333895, 
        65.9940480120222
      ], 
      "location": [
        -19.47297830906238, 
        2.4317598663333895, 
        65.9940480120222
      ], 
      "pose_transform_permuted": [
        [
          -0.19217560381145102, 
          -0.6232480404921703, 
          -0.7580445138835054, 
          0.0
        ], 
        [
          0.9745026372773503, 
          -0.03003167843222965, 
          -0.22235956452677638, 
          0.0
        ], 
        [
          -0.11581969013630378, 
          0.7814476271725722, 
          -0.6131275604334608, 
          0.0
        ], 
        [
          -19.47297830906238, 
          2.4317598663333895, 
          65.9940480120222, 
          1.0
        ]
      ], 
      "projected_cuboid": [
        [
          342.8506008929397, 
          296.3012815260191
        ], 
        [
          248.68418616618888, 
          298.3822056125978
        ], 
        [
          273.84961174983727, 
          245.35549925491404
        ], 
        [
          361.6704146563608, 
          241.2705772109047
        ], 
        [
          372.38211929282147, 
          340.9048201182167
        ], 
        [
          286.81597502986426, 
          341.07276367447724
        ], 
        [
          306.9665904801496, 
          290.247142362789
        ], 
        [
          387.2421302236518, 
          288.2212964523625
        ]
      ], 
      "projected_cuboid_centroid": [
        322.91810683292687, 
        292.9383883732916
      ], 
      "quaternion_xyzw": [
        0.9372826119070793, 
        0.022882109039002153, 
        -0.11056835021583747, 
        0.32977662906014815
      ], 
      "visibility": 0.7518447224895733
    }, 
    {
      "bounding_box": {
        "bottom_right": [
          364, 
          313
        ], 
        "top_left": [
          292, 
          254
        ]
      }, 
      "class": "061_foam_brick", 
      "cuboid": [
        [
          -28.447346848223614, 
          2.4612819251511464, 
          75.03833516997742
        ], 
        [
          -29.71042549103847, 
          7.909765379263603, 
          69.61964016546838
        ], 
        [
          -30.93443776116963, 
          11.269489383933633, 
          73.28314667215611
        ], 
        [
          -29.671359118354772, 
          5.821005929821176, 
          78.70184167666514
        ], 
        [
          -23.415498611820304, 
          3.9457975382877466, 
          75.35810565213555
        ], 
        [
          -24.678577254635165, 
          9.394280992400203, 
          69.93941064762652
        ], 
        [
          -25.902589524766324, 
          12.754004997070234, 
          73.60291715431426
        ], 
        [
          -24.639510881951466, 
          7.305521542957777, 
          79.02161215882327
        ]
      ], 
      "cuboid_centroid": [
        -27.17496818649497, 
        7.60764346111069, 
        74.32062616214583
      ], 
      "location": [
        -27.17496818649497, 
        7.60764346111069, 
        74.32062616214583
      ], 
      "pose_transform_permuted": [
        [
          -0.9573531575782288, 
          -0.2824420854803765, 
          -0.060839132344982005, 
          0.0
        ], 
        [
          0.16219517172735748, 
          -0.6996537503983193, 
          0.6958285390970245, 
          0.0
        ], 
        [
          0.23909759083547366, 
          -0.6562858355191448, 
          -0.7156264697128036, 
          0.0
        ], 
        [
          -27.17496818649497, 
          7.60764346111069, 
          74.32062616214583, 
          1.0
        ]
      ], 
      "projected_cuboid": [
        [
          277.7284797595562, 
          290.7795946625951
        ], 
        [
          252.10438936965647, 
          333.87910589796377
        ], 
        [
          254.5949779629319, 
          355.30047506957504
        ], 
        [
          278.85480851401957, 
          312.7323297188535
        ], 
        [
          314.5014062809875, 
          301.2114848758204
        ], 
        [
          291.84352763151713, 
          344.92217197758066
        ], 
        [
          292.3453226556339, 
          365.7008184445229
        ], 
        [
          313.9183542903629, 
          322.59175458859903
        ]
      ], 
      "projected_cuboid_centroid": [
        284.96632430079063, 
        327.8784520853664
      ], 
      "quaternion_xyzw": [
        0.37641349223732484, 
        -0.6234841209158355, 
        -0.17369503476532924, 
        0.6628804332044959
      ], 
      "visibility": 0.43369418132611637
    }
  ]
}