{
  "camera_data": {
    "location_worldframe": [
      -14.67725185169327, 
      0.4756407526354603, 
      70.66572189046902
    ], 
    "quaternion_xyzw_worldframe": [
      -0.8386402734217274, 
      -0.04124569871083655, 
      -0.08479861526377262, 
      0.5364616028519748
    ]
  }, 
  "objects": [
    {
      "bounding_box": {
        "bottom_right": [
          486, 
          390
        ], 
        "top_left": [
          307, 
          244
        ]
      }, 
      "class": "003_cracker_box", 
      "cuboid": [
        [
          -11.13210846767884, 
          26.48284685104217, 
          68.2219730843362
        ], 
        [
          -23.820379120788854, 
          23.4151071649968, 
          58.288450207770914
        ], 
        [
          -24.880780811715603, 
          3.4663907712752016, 
          65.80362217141472
        ], 
        [
          -12.19251015860559, 
          6.534130457320568, 
          75.73714504798001
        ], 
        [
          -15.668717171539997, 
          28.654360290942005, 
          73.34604454981442
        ], 
        [
          -28.35698782465001, 
          25.586620604896638, 
          63.412521673249145
        ], 
        [
          -29.417389515576758, 
          5.637904211175037, 
          70.92769363689295
        ], 
        [
          -16.729118862466745, 
          8.705643897220403, 
          80.86121651345823
        ]
      ], 
      "cuboid_centroid": [
        -20.2747489916278, 
        16.060375531108605, 
        69.57483336061458
      ], 
      "location": [
        -20.2747489916278, 
        16.060375531108605, 
        69.57483336061458
      ], 
      "pose_transform_permuted": [
        [
          0.631839667454544, 
          -0.30243920498843535, 
          -0.7136589955412138, 
          0.0
        ], 
        [
          0.7735052133229919, 
          0.18701623768502343, 
          0.6055696589198398, 
          0.0
        ], 
        [
          0.049682185872643336, 
          0.934641885498452, 
          -0.35210257919932086, 
          0.0
        ], 
        [
          -20.2747489916278, 
          16.060375531108605, 
          69.57483336061458, 
          1.0
        ]
      ], 
      "projected_cuboid": [
        [
          393.84752001190435, 
          480.3139839089105
        ], 
        [
          261.83238610547346, 
          487.526840281992
        ], 
        [
          278.26496952237284, 
          301.3806461815743
        ], 
        [
          395.02537108219616, 
          319.2980390708473
        ], 
        [
          366.7159960752037, 
          481.6403978275784
        ], 
        [
          241.1182598092077, 
          488.4781984877902
        ], 
        [
          258.55846783277093, 
          315.67907282481735
        ], 
        [
          370.3407887510206, 
          330.7045509015014
        ]
      ], 
      "projected_cuboid_centroid": [
        324.8876678506254, 
        396.39589189720925
      ], 
      "quaternion_xyzw": [
        0.9249062242144683, 
        0.03712107460651462, 
        0.33446886126897013, 
        0.17692112104220747
      ], 
      "visibility": 0.8157534246575342
    }, 
    {
      "bounding_box": {
        "bottom_right": [
          463, 
          279
        ], 
        "top_left": [
          319, 
          190
        ]
      }, 
      "class": "004_sugar_box", 
      "cuboid": [
        [
          -25.620016648347093, 
          22.987244291776044, 
          66.72058944545068
        ], 
        [
          -33.53068141745303, 
          21.88574833870965, 
          62.01970319642383
        ], 
        [
          -35.105781676994155, 
          5.56835864515363, 
          68.49371453305858
        ], 
        [
          -27.195116907888227, 
          6.669854598220025, 
          73.19460078208544
        ], 
        [
          -27.93652010282473, 
          24.606919250706344, 
          70.2392892142862
        ], 
        [
          -35.84718487193066, 
          23.50542329763995, 
          65.53840296525935
        ], 
        [
          -37.422285131471796, 
          7.188033604083934, 
          72.0124143018941
        ], 
        [
          -29.51162036236586, 
          8.289529557150328, 
          76.71330055092095
        ]
      ], 
      "cuboid_centroid": [
        -31.521150889909443, 
        15.087638947929987, 
        69.36650187367239
      ], 
      "location": [
        -31.521150889909443, 
        15.087638947929987, 
        69.36650187367239
      ], 
      "pose_transform_permuted": [
        [
          0.5132501915488531, 
          -0.3588591596144697, 
          -0.7796117579133831, 
          0.0
        ], 
        [
          0.8535736593105439, 
          0.11885321383437918, 
          0.5072333103097695, 
          0.0
        ], 
        [
          0.08936587226081545, 
          0.9257936148198521, 
          -0.3673135513883542, 
          0.0
        ], 
        [
          -31.521150889909443, 
          15.087638947929987, 
          69.36650187367239, 
          1.0
        ]
      ], 
      "projected_cuboid": [
        [
          275.10124518602913, 
          457.0311308550702
        ], 
        [
          190.85730366427876, 
          461.4863773844436
        ], 
        [
          205.9713955261999, 
          316.6440158438374
        ], 
        [
          281.79332432476974, 
          321.88526023863045
        ], 
        [
          267.71029059427923, 
          460.1243044895213
        ], 
        [
          187.4592004224397, 
          464.5622174026092
        ], 
        [
          202.14027538120226, 
          326.52067993755907
        ], 
        [
          274.7191558225572, 
          330.91628948938586
        ]
      ], 
      "projected_cuboid_centroid": [
        237.22925046571197, 
        389.2868132930085
      ], 
      "quaternion_xyzw": [
        0.9432628255215749, 
        0.007815250632096832, 
        0.27046637327574874, 
        0.1924629836337737
      ], 
      "visibility": 0.5145534829233126
    }, 
    {
      "bounding_box": {
        "bottom_right": [
          360, 
          259
        ], 
        "top_left": [
          280, 
          84
        ]
      }, 
      "class": "024_bowl", 
      "cuboid": [
        [
          -39.67353684244826, 
          4.781482040391768, 
          48.45147715848603
        ], 
        [
          -40.32623247819065, 
          11.071269424683692, 
          63.27547474527918
        ], 
        [
          -40.78496046230619, 
          6.017746833605568, 
          65.39947488100665
        ], 
        [
          -40.1322648265638, 
          -0.272040550686356, 
          50.5754772942135
        ], 
        [
          -23.596770187439525, 
          3.7954795580214333, 
          49.57769033474425
        ], 
        [
          -24.249465823181914, 
          10.085266942313357, 
          64.4016879215374
        ], 
        [
          -24.70819380729746, 
          5.031744351235234, 
          66.52568805726486
        ], 
        [
          -24.055498171555065, 
          -1.2580430330566896, 
          51.70169047047172
        ]
      ], 
      "cuboid_centroid": [
        -32.19086532487286, 
        4.906613195813501, 
        57.48858260787545
      ], 
      "location": [
        -32.19086532487286, 
        4.906613195813501, 
        57.48858260787545
      ], 
      "pose_transform_permuted": [
        [
          -0.9956935824355679, 
          0.061066778229054756, 
          -0.06975054475305961, 
          0.0
        ], 
        [
          0.040498848704364966, 
          -0.390272484922206, 
          -0.9198082576093061, 
          0.0
        ], 
        [
          0.08339144530613488, 
          0.9186719959318288, 
          -0.386118674425861, 
          0.0
        ], 
        [
          -32.19086532487286, 
          4.906613195813501, 
          57.48858260787545, 
          1.0
        ]
      ], 
      "projected_cuboid": [
        [
          41.25960519779329, 
          325.91770958391805
        ], 
        [
          138.87349588392962, 
          366.6011250077186
        ], 
        [
          146.23223252648035, 
          322.3600548371504
        ], 
        [
          54.874690336208126, 
          270.4178640536799
        ], 
        [
          225.64537271929257, 
          314.1154584525453
        ], 
        [
          279.1102928672916, 
          356.8040751055754
        ], 
        [
          281.86704054986996, 
          313.62475737293676
        ], 
        [
          231.3889766775501, 
          260.30941905368286
        ]
      ], 
      "projected_cuboid_centroid": [
        180.47485857836642, 
        318.80501809812574
      ], 
      "quaternion_xyzw": [
        0.712201058232374, 
        -0.16626763073195117, 
        -0.672388020876786, 
        0.11410117004163088
      ], 
      "visibility": 0.7672775868652157
    }, 
    {
      "bounding_box": {
        "bottom_right": [
          347, 
          431
        ], 
        "top_left": [
          255, 
          318
        ]
      }, 
      "class": "025_mug", 
      "cuboid": [
        [
          -4.595879347361962, 
          5.1395186325041715, 
          50.26805424909588
        ], 
        [
          -16.219377757523418, 
          6.293111697189946, 
          49.612109683188585
        ], 
        [
          -17.10669492528264, 
          -1.5584137725378386, 
          51.52730865726488
        ], 
        [
          -5.4831965151211834, 
          -2.712006837223612, 
          52.18325322317218
        ], 
        [
          -4.883688529171743, 
          7.375138952419466, 
          59.29983219412117
        ], 
        [
          -16.5071869393332, 
          8.52873201710524, 
          58.643887628213875
        ], 
        [
          -17.394504107092416, 
          0.6772065473774548, 
          60.559086602290165
        ], 
        [
          -5.771005696930962, 
          -0.4763865173083186, 
          61.21503116819746
        ]
      ], 
      "cuboid_centroid": [
        -10.99519172722719, 
        2.9083625899408134, 
        55.413570425693024
      ], 
      "location": [
        -10.99519172722719, 
        2.9083625899408134, 
        55.413570425693024
      ], 
      "pose_transform_permuted": [
        [
          0.03091796899015224, 
          -0.2401620382305205, 
          -0.9702408681832525, 
          0.0
        ], 
        [
          0.9935462906140776, 
          -0.09860612268804494, 
          0.05606842856673172, 
          0.0
        ], 
        [
          0.10913708164362959, 
          0.9657117064247341, 
          -0.23556314967443445, 
          0.0
        ], 
        [
          -10.99519172722719, 
          2.9083625899408134, 
          55.413570425693024, 
          1.0
        ]
      ], 
      "projected_cuboid": [
        [
          432.43068341407064, 
          327.8143285580271
        ], 
        [
          305.78923095051226, 
          340.9361446727646
        ], 
        [
          303.06329284846083, 
          257.15659436054193
        ], 
        [
          425.0910905343254, 
          245.5694780695184
        ], 
        [
          437.30905229434063, 
          339.61566382209094
        ], 
        [
          330.22628639186917, 
          350.8485821824858
        ], 
        [
          327.1340654225283, 
          279.25042439108364
        ], 
        [
          430.89972972460504, 
          269.1361478894799
        ]
      ], 
      "projected_cuboid_centroid": [
        374.89363103780397, 
        301.2776367729799
      ], 
      "quaternion_xyzw": [
        0.9911481808011938, 
        -0.05239963316175021, 
        0.021940815521289805, 
        0.11999345736588117
      ], 
      "visibility": 0.8920947082416871
    }, 
    {
      "bounding_box": {
        "bottom_right": [
          357, 
          330
        ], 
        "top_left": [
          282, 
          277
        ]
      }, 
      "class": "061_foam_brick", 
      "cuboid": [
        [
          -22.331709478454986, 
          0.8767651900638745, 
          60.86284045092859
        ], 
        [
          -21.64734394144506, 
          8.127631328954356, 
          58.10599819805885
        ], 
        [
          -23.82851936359465, 
          9.952015468253695, 
          62.36291347083731
        ], 
        [
          -24.512884900604575, 
          2.701149329363213, 
          65.11975572370704
        ], 
        [
          -17.599143178986964, 
          1.2854569335968762, 
          63.1125790404115
        ], 
        [
          -16.91477764197704, 
          8.536323072487358, 
          60.35573678754176
        ], 
        [
          -19.09595306412663, 
          10.360707211786696, 
          64.61265206032022
        ], 
        [
          -19.780318601136553, 
          3.109841072896215, 
          67.36949431318996
        ]
      ], 
      "cuboid_centroid": [
        -20.713831271290807, 
        5.6187362009252855, 
        62.7377462556244
      ], 
      "location": [
        -20.713831271290807, 
        5.6187362009252855, 
        62.7377462556244
      ], 
      "pose_transform_permuted": [
        [
          -0.9004121502445253, 
          -0.07775718041670107, 
          -0.4280324527248776, 
          0.0
        ], 
        [
          -0.08788113585092136, 
          -0.9311023389236484, 
          0.35401319242715173, 
          0.0
        ], 
        [
          0.42606908554080974, 
          -0.3563737579347787, 
          -0.8315424697523641, 
          0.0
        ], 
        [
          -20.713831271290807, 
          5.6187362009252855, 
          62.7377462556244, 
          1.0
        ]
      ], 
      "projected_cuboid": [
        [
          284.28143734444916, 
          280.96932179894117
        ], 
        [
          281.25350708943637, 
          347.8851179378757
        ], 
        [
          276.12045489752467, 
          358.39488917679495
        ], 
        [
          279.16775519788473, 
          295.4084857438186
        ], 
        [
          331.63986421411505, 
          284.149021600927
        ], 
        [
          330.8879688660783, 
          348.71579301412174
        ], 
        [
          322.66354576729407, 
          358.804898168692
        ], 
        [
          323.704484138618, 
          297.90508620765814
        ]
      ], 
      "projected_cuboid_centroid": [
        304.0460126191342, 
        321.050160799771
      ], 
      "quaternion_xyzw": [
        -0.49592780697879246, 
        0.6841577571201283, 
        0.2754427913339106, 
        -0.4583830737928101
      ], 
      "visibility": 0.8453525641025641
    }
  ]
}