{
  "camera_data": {
    "location_worldframe": [
      -16.083379561747737, 
      4.671715680730419, 
      73.07219447590062
    ], 
    "quaternion_xyzw_worldframe": [
      -0.8500383676035056, 
      -0.023799923780969404, 
      -0.04488779304517596, 
      0.5242669019078193
    ]
  }, 
  "objects": [
    {
      "bounding_box": {
        "bottom_right": [
          509, 
          385
        ], 
        "top_left": [
          336, 
          235
        ]
      }, 
      "class": "003_cracker_box", 
      "cuboid": [
        [
          -13.073963414947473, 
          30.613889493182867, 
          69.48585900405976
        ], 
        [
          -26.53470087553164, 
          27.100262183852823, 
          60.79442150296064
        ], 
        [
          -26.703603092857076, 
          7.405147470958107, 
          69.01801412621819
        ], 
        [
          -13.242865632272908, 
          10.918774780288148, 
          77.70945162731732
        ], 
        [
          -17.176997213024876, 
          32.91409989438103, 
          74.91048279719021
        ], 
        [
          -30.637734673609053, 
          29.40047258505099, 
          66.21904529609108
        ], 
        [
          -30.80663689093448, 
          9.705357872156274, 
          74.44263791934864
        ], 
        [
          -17.34589943035031, 
          13.218985181486314, 
          83.13407542044777
        ]
      ], 
      "cuboid_centroid": [
        -21.940300152940978, 
        20.15962368266957, 
        71.9642484617042
      ], 
      "location": [
        -21.940300152940978, 
        20.15962368266957, 
        71.9642484617042
      ], 
      "pose_transform_permuted": [
        [
          0.5714531888821514, 
          -0.3203635732858241, 
          -0.7555186522038743, 
          0.0
        ], 
        [
          0.8205965088222549, 
          0.21419853940258315, 
          0.5298493705068706, 
          0.0
        ], 
        [
          0.007913445845347589, 
          0.9227600807519464, 
          -0.3852936681876752, 
          0.0
        ], 
        [
          -21.940300152940978, 
          20.15962368266957, 
          71.9642484617042, 
          1.0
        ]
      ], 
      "projected_cuboid": [
        [
          380.4152287178437, 
          508.25501959433245
        ], 
        [
          246.88133364383052, 
          511.023820028231
        ], 
        [
          273.53201432504756, 
          330.5079781015444
        ], 
        [
          389.9539487283642, 
          348.22203543533635
        ], 
        [
          358.2876110612123, 
          507.6160120504922
        ], 
        [
          232.78841863381749, 
          510.07412248953835
        ], 
        [
          259.0538963532456, 
          342.81735472268144
        ], 
        [
          369.39277112832394, 
          358.0886318434404
        ]
      ], 
      "projected_cuboid_centroid": [
        317.6447703600718, 
        422.6874186847182
      ], 
      "quaternion_xyzw": [
        0.9352640324766686, 
        0.055140871025204756, 
        0.2943827948971446, 
        0.1886251413958611
      ], 
      "visibility": 0.7987242128121607
    }, 
    {
      "bounding_box": {
        "bottom_right": [
          483, 
          279
        ], 
        "top_left": [
          345, 
          189
        ]
      }, 
      "class": "004_sugar_box", 
      "cuboid": [
        [
          -27.59454805719701, 
          26.93819392511585, 
          69.36023671402194
        ], 
        [
          -35.86771189636458, 
          25.608114980529116, 
          65.40095748144155
        ], 
        [
          -36.682692130871544, 
          9.502644386627509, 
          72.51436694471464
        ], 
        [
          -28.409528291703978, 
          10.832723331214236, 
          76.47364617729502
        ], 
        [
          -29.61789187721718, 
          28.653445225317547, 
          73.01191797797945
        ], 
        [
          -37.89105571638475, 
          27.32336628073082, 
          69.05263874539905
        ], 
        [
          -38.70603595089172, 
          11.217895686829205, 
          76.16604820867214
        ], 
        [
          -30.432872111724148, 
          12.547974631415935, 
          80.12532744125254
        ]
      ], 
      "cuboid_centroid": [
        -33.15029200404436, 
        19.078044805972528, 
        72.76314246134704
      ], 
      "location": [
        -33.15029200404436, 
        19.078044805972528, 
        72.76314246134704
      ], 
      "pose_transform_permuted": [
        [
          0.4482970233380102, 
          -0.38003528839177103, 
          -0.8090754643938947, 
          0.0
        ], 
        [
          0.8926879015089465, 
          0.14351769225977634, 
          0.4272127010089248, 
          0.0
        ], 
        [
          0.04623922768780229, 
          0.9137700403999864, 
          -0.4035908429212836, 
          0.0
        ], 
        [
          -33.15029200404436, 
          19.078044805972528, 
          72.76314246134704, 
          1.0
        ]
      ], 
      "projected_cuboid": [
        [
          267.6509273860031, 
          480.41769894850677
        ], 
        [
          186.67226061625067, 
          482.11083862091755
        ], 
        [
          209.5595028034604, 
          343.1753966563464
        ], 
        [
          281.82076912835237, 
          348.8328703508574
        ], 
        [
          263.44862188004896, 
          482.5872095319691
        ], 
        [
          186.51136734848237, 
          484.31520510304927
        ], 
        [
          208.31633710954054, 
          351.8349672680154
        ], 
        [
          277.3457530257872, 
          356.80670337452455
        ]
      ], 
      "projected_cuboid_centroid": [
        236.59618517335355, 
        413.1196259908854
      ], 
      "quaternion_xyzw": [
        0.950727800990224, 
        0.025579998941509433, 
        0.23022092218063203, 
        0.2060595394646276
      ], 
      "visibility": 0.5087561292905034
    }, 
    {
      "bounding_box": {
        "bottom_right": [
          385, 
          249
        ], 
        "top_left": [
          312, 
          86
        ]
      }, 
      "class": "024_bowl", 
      "cuboid": [
        [
          -42.953672630228, 
          8.004461176753086, 
          52.97963447842522
        ], 
        [
          -42.39958084544113, 
          14.780196582001858, 
          67.59198313967246
        ], 
        [
          -42.61273371153857, 
          9.796550902053456, 
          69.91097863577073
        ], 
        [
          -43.16682549632544, 
          3.020815496804684, 
          55.298629974523486
        ], 
        [
          -26.82905204414987, 
          7.203180880829015, 
          52.73975130767757
        ], 
        [
          -26.274960259363, 
          13.978916286077785, 
          67.35209996892482
        ], 
        [
          -26.488113125460433, 
          8.995270606129385, 
          69.67109546502309
        ], 
        [
          -27.042204910247303, 
          2.219535200880612, 
          55.05874680377584
        ]
      ], 
      "cuboid_centroid": [
        -34.720892877844214, 
        8.499865891441235, 
        61.32536497172415
      ], 
      "location": [
        -34.720892877844214, 
        8.499865891441235, 
        61.32536497172415
      ], 
      "pose_transform_permuted": [
        [
          -0.9986573532660207, 
          0.04962625044601902, 
          0.014856851428724133, 
          0.0
        ], 
        [
          -0.03438061805774307, 
          -0.420424878015094, 
          -0.9066757386452782, 
          0.0
        ], 
        [
          0.03874872732973014, 
          0.9059691811605195, 
          -0.42156657708796574, 
          0.0
        ], 
        [
          -34.720892877844214, 
          8.499865891441235, 
          61.32536497172415, 
          1.0
        ]
      ], 
      "projected_cuboid": [
        [
          45.600486602266024, 
          353.8634604219628
        ], 
        [
          144.26462387696057, 
          389.9064078854183
        ], 
        [
          153.81457572318817, 
          348.0200425833117
        ], 
        [
          61.811524197115965, 
          302.42035309285916
        ], 
        [
          208.03304075055578, 
          346.12718151156224
        ], 
        [
          271.8080914170023, 
          383.9769219533539
        ], 
        [
          277.1456528580857, 
          342.1437008859713
        ], 
        [
          217.47328118725662, 
          294.78578482019833
        ]
      ], 
      "projected_cuboid_centroid": [
        177.1284880264074, 
        347.20611328806757
      ], 
      "quaternion_xyzw": [
        -0.681309715121187, 
        0.16848930638804596, 
        0.6991435207893631, 
        -0.13647989981171357
      ], 
      "visibility": 0.7145419890122211
    }, 
    {
      "bounding_box": {
        "bottom_right": [
          378, 
          406
        ], 
        "top_left": [
          291, 
          295
        ]
      }, 
      "class": "025_mug", 
      "cuboid": [
        [
          -7.8568729415786525, 
          8.742593825540753, 
          51.73667109667528
        ], 
        [
          -19.506579878010676, 
          9.767663818361266, 
          52.053397048448794
        ], 
        [
          -20.13122606544105, 
          1.9768103703825277, 
          54.292635928276866
        ], 
        [
          -8.481519129009026, 
          0.9517403775620138, 
          53.97590997650337
        ], 
        [
          -7.3907358269741845, 
          11.276249180305719, 
          60.68190177686774
        ], 
        [
          -19.040442763406208, 
          12.301319173126235, 
          60.99862772864124
        ], 
        [
          -19.665088950836584, 
          4.510465725147495, 
          63.23786660846933
        ], 
        [
          -8.01538201440456, 
          3.4853957323269813, 
          62.92114065669582
        ]
      ], 
      "cuboid_centroid": [
        -13.760980946207619, 
        6.626529775344124, 
        57.487268852572306
      ], 
      "location": [
        -13.760980946207619, 
        6.626529775344124, 
        57.487268852572306
      ], 
      "pose_transform_permuted": [
        [
          -0.050074889077115034, 
          -0.272178521886526, 
          -0.9609435079202553, 
          0.0
        ], 
        [
          0.9957865269990046, 
          -0.08762030612885624, 
          -0.027072907262642835, 
          0.0
        ], 
        [
          0.07682941842332279, 
          0.9582492480933673, 
          -0.27541898807676635, 
          0.0
        ], 
        [
          -13.760980946207619, 
          6.626529775344124, 
          57.487268852572306, 
          1.0
        ]
      ], 
      "projected_cuboid": [
        [
          399.9307486597839, 
          363.4082330197473
        ], 
        [
          280.07445263269324, 
          373.3623580343658
        ], 
        [
          282.1989587009756, 
          292.70485622506504
        ], 
        [
          397.0953755529665, 
          282.69039577039115
        ], 
        [
          416.1002458923768, 
          372.3909552208291
        ], 
        [
          313.7364895627663, 
          380.83870199161794
        ], 
        [
          314.3685110835443, 
          311.32576715621
        ], 
        [
          413.0925253002402, 
          302.82875192973415
        ]
      ], 
      "projected_cuboid_centroid": [
        352.8701257204295, 
        334.7620293066694
      ], 
      "quaternion_xyzw": [
        0.9893153292824066, 
        -0.04155644810220962, 
        -0.01949524940539345, 
        0.1383778997846138
      ], 
      "visibility": 0.8963542394189132
    }, 
    {
      "bounding_box": {
        "bottom_right": [
          386, 
          319
        ], 
        "top_left": [
          313, 
          268
        ]
      }, 
      "class": "061_foam_brick", 
      "cuboid": [
        [
          -24.559715864260482, 
          4.6750861678305125, 
          63.961737938483
        ], 
        [
          -24.202709194170247, 
          11.83565011665213, 
          60.92159561748707
        ], 
        [
          -26.0299740157458, 
          13.781406312895184, 
          65.289932537431
        ], 
        [
          -26.386980685836036, 
          6.620842364073565, 
          68.33007485842693
        ], 
        [
          -19.655851847997912, 
          5.201874884656377, 
          65.77836883080296
        ], 
        [
          -19.29884517790768, 
          12.362438833477995, 
          62.73822650980703
        ], 
        [
          -21.12610999948323, 
          14.308195029721048, 
          67.10656342975095
        ], 
        [
          -21.483116669573466, 
          7.147631080899429, 
          70.14670575074689
        ]
      ], 
      "cuboid_centroid": [
        -22.842912931871854, 
        9.49164059877578, 
        65.53415068411698
      ], 
      "location": [
        -22.842912931871854, 
        9.49164059877578, 
        65.53415068411698
      ], 
      "pose_transform_permuted": [
        [
          -0.9330030397854269, 
          -0.10022616297949134, 
          -0.3456299234811162, 
          0.0
        ], 
        [
          -0.04584414319131623, 
          -0.9195064028282246, 
          0.39039248160402984, 
          0.0
        ], 
        [
          0.3569364681371293, 
          -0.38008247974920806, 
          -0.8533074863737489, 
          0.0
        ], 
        [
          -22.842912931871854, 
          9.49164059877578, 
          65.53415068411698, 
          1.0
        ]
      ], 
      "projected_cuboid": [
        [
          275.1090669679601, 
          312.2678897501219
        ], 
        [
          267.9561424858324, 
          376.8981378220765
        ], 
        [
          267.1997973216363, 
          385.85969565917867
        ], 
        [
          273.9290871565333, 
          324.96253712479205
        ], 
        [
          320.9027549767822, 
          315.46243553720205
        ], 
        [
          316.17599969009683, 
          378.3760678013234
        ], 
        [
          312.3012325442961, 
          386.9988221333493
        ], 
        [
          316.9015639889564, 
          327.6293839915035
        ]
      ], 
      "projected_cuboid_centroid": [
        294.1513402886937, 
        350.5298951456913
      ], 
      "quaternion_xyzw": [
        -0.47950581345292154, 
        0.6654991634896397, 
        0.2829009278709564, 
        -0.4971439462260342
      ], 
      "visibility": 0.6636895595934709
    }
  ]
}