{
  "camera_data": {
    "location_worldframe": [
      -23.388487199702123, 
      15.49099349818528, 
      75.5362209936113
    ], 
    "quaternion_xyzw_worldframe": [
      0.9217469106180477, 
      0.03210451140540277, 
      -0.11929342597640552, 
      -0.3675882844550762
    ]
  }, 
  "objects": [
    {
      "bounding_box": {
        "bottom_right": [
          539, 
          331
        ], 
        "top_left": [
          390, 
          124
        ]
      }, 
      "class": "003_cracker_box", 
      "cuboid": [
        [
          -26.841879968560526, 
          38.52368267546699, 
          63.18778399201612
        ], 
        [
          -40.89868161759227, 
          30.548337616176003, 
          60.38095049638842
        ], 
        [
          -34.99063573097335, 
          15.305693820874493, 
          74.10357236968788
        ], 
        [
          -20.93383408194161, 
          23.281038880165482, 
          76.9104058653156
        ], 
        [
          -29.96367911129617, 
          42.13945049733515, 
          68.54810027985778
        ], 
        [
          -44.020480760327914, 
          34.16410543804416, 
          65.74126678423006
        ], 
        [
          -38.11243487370899, 
          18.92146164274265, 
          79.46388865752954
        ], 
        [
          -24.05563322467725, 
          26.896806702033636, 
          82.27072215315724
        ]
      ], 
      "cuboid_centroid": [
        -32.47715742113476, 
        28.72257215910482, 
        71.32583632477282
      ], 
      "location": [
        -32.47715742113476, 
        28.72257215910482, 
        71.32583632477282
      ], 
      "pose_transform_permuted": [
        [
          0.4347909773499247, 
          -0.5035888451692075, 
          -0.7465621749300195, 
          0.0
        ], 
        [
          0.8569339081294113, 
          0.4861947817844881, 
          0.17111081574110887, 
          0.0
        ], 
        [
          -0.27680513563362763, 
          0.7141518810355945, 
          -0.642935461535737, 
          0.0
        ], 
        [
          -32.47715742113476, 
          28.72257215910482, 
          71.32583632477282, 
          1.0
        ]
      ], 
      "projected_cuboid": [
        [
          253.1573881045926, 
          598.4353735426486
        ], 
        [
          117.34577510604214, 
          543.1071776052662
        ], 
        [
          227.67267307702247, 
          383.44082592819245
        ], 
        [
          335.22594288490507, 
          434.7241719617345
        ], 
        [
          246.53018319030645, 
          601.1409071404241
        ], 
        [
          121.50923144911614, 
          550.4394947602275
        ], 
        [
          223.67493046269513, 
          400.27737881212926
        ], 
        [
          324.3570007564584, 
          447.6449654212623
        ]
      ], 
      "projected_cuboid_centroid": [
        236.7342316992581, 
        488.05177594860055
      ], 
      "quaternion_xyzw": [
        0.9107205888875887, 
        0.20944950809503815, 
        0.16632483126112257, 
        0.3147299843372876
      ], 
      "visibility": 0.6481806499437445
    }, 
    {
      "bounding_box": {
        "bottom_right": [
          538, 
          241
        ], 
        "top_left": [
          392, 
          102
        ]
      }, 
      "class": "004_sugar_box", 
      "cuboid": [
        [
          -39.88170113245722, 
          33.383413776412915, 
          68.47112105115802
        ], 
        [
          -48.37531494594446, 
          29.750222741813083, 
          67.73038544142442
        ], 
        [
          -44.096483307686654, 
          17.347677519022593, 
          79.49981371275221
        ], 
        [
          -35.60286949419942, 
          20.98086855362242, 
          80.24054932248583
        ], 
        [
          -41.31706309897578, 
          36.057965102469865, 
          71.81137471214768
        ], 
        [
          -49.810676912463016, 
          32.42477406787003, 
          71.07063910241406
        ], 
        [
          -45.53184527420521, 
          20.022228845079542, 
          82.84006737374187
        ], 
        [
          -37.038231460717974, 
          23.655419879679375, 
          83.5808029834755
        ]
      ], 
      "cuboid_centroid": [
        -42.70677320333122, 
        26.702821310746227, 
        75.65559421244996
      ], 
      "location": [
        -42.70677320333122, 
        26.702821310746227, 
        75.65559421244996
      ], 
      "pose_transform_permuted": [
        [
          0.3180223205942554, 
          -0.5925801568534736, 
          -0.7400748002386587, 
          0.0
        ], 
        [
          0.9164748140842114, 
          0.39202725142505795, 
          0.07992658309213237, 
          0.0
        ], 
        [
          -0.2427664647337944, 
          0.7036785533968333, 
          -0.6677576345424022, 
          0.0
        ], 
        [
          -42.70677320333122, 
          26.702821310746227, 
          75.65559421244996, 
          1.0
        ]
      ], 
      "projected_cuboid": [
        [
          168.37094530064607, 
          533.3089831633123
        ], 
        [
          97.50795518265313, 
          507.5444163104205
        ], 
        [
          183.31332567462698, 
          389.66235965142397
        ], 
        [
          242.99025113710545, 
          412.73608270745643
        ], 
        [
          172.19163094669673, 
          541.0772465639279
        ], 
        [
          104.69895637823419, 
          516.6045552202532
        ], 
        [
          186.0228520542364, 
          402.1884942490351
        ], 
        [
          243.290813924114, 
          424.2290776512597
        ]
      ], 
      "projected_cuboid_centroid": [
        178.0350366343032, 
        461.52294903849383
      ], 
      "quaternion_xyzw": [
        0.9165462573868959, 
        0.17314830294781594, 
        0.10854577728050341, 
        0.3437736451483478
      ], 
      "visibility": 0.40984846978755257
    }, 
    {
      "bounding_box": {
        "bottom_right": [
          421, 
          184
        ], 
        "top_left": [
          332, 
          56
        ]
      }, 
      "class": "024_bowl", 
      "cuboid": [
        [
          -54.270284369355196, 
          8.140357363980215, 
          64.1735660998918
        ], 
        [
          -51.7819062971282, 
          19.772177765600063, 
          75.04771296757224
        ], 
        [
          -50.39345265701748, 
          15.981683666428296, 
          78.78458993797483
        ], 
        [
          -52.88183072924447, 
          4.349863264808448, 
          67.91044307029439
        ], 
        [
          -38.846956431810966, 
          9.196592830745201, 
          59.514348884206925
        ], 
        [
          -36.35857835958397, 
          20.828413232365047, 
          70.38849575188738
        ], 
        [
          -34.97012471947325, 
          17.03791913319328, 
          74.12537272228997
        ], 
        [
          -37.45850279170024, 
          5.406098731573433, 
          63.251225854609515
        ]
      ], 
      "cuboid_centroid": [
        -44.62020454441422, 
        12.589138248586748, 
        69.14946941109088
      ], 
      "location": [
        -44.62020454441422, 
        12.589138248586748, 
        69.14946941109088
      ], 
      "pose_transform_permuted": [
        [
          -0.9552237074006125, 
          -0.06541656655015758, 
          0.2885625437242639, 
          0.0
        ], 
        [
          -0.15440036909662336, 
          -0.7217381407273173, 
          -0.674725560685455, 
          0.0
        ], 
        [
          -0.2524048233347678, 
          0.6890680148144042, 
          -0.6793210405375948, 
          0.0
        ], 
        [
          -44.62020454441422, 
          12.589138248586748, 
          69.14946941109088, 
          1.0
        ]
      ], 
      "projected_cuboid": [
        [
          26.820937034517893, 
          340.9376326621376
        ], 
        [
          110.54717456655541, 
          413.79567793206917
        ], 
        [
          137.6238937012959, 
          381.4719696510404
        ], 
        [
          62.8404761828078, 
          307.4472231184445
        ], 
        [
          130.58095679881563, 
          355.6989838376533
        ], 
        [
          203.81964293895098, 
          431.099267810989
        ], 
        [
          227.8961556001302, 
          395.8714990616499
        ], 
        [
          163.12363730233434, 
          318.8695015232349
        ]
      ], 
      "projected_cuboid_centroid": [
        134.59309818288204, 
        370.38104962989826
      ], 
      "quaternion_xyzw": [
        -0.5581453892117888, 
        0.2102200100834571, 
        0.7300737852496986, 
        -0.3335768876185955
      ], 
      "visibility": 0.6365266393442623
    }, 
    {
      "bounding_box": {
        "bottom_right": [
          427, 
          303
        ], 
        "top_left": [
          331, 
          188
        ]
      }, 
      "class": "025_mug", 
      "cuboid": [
        [
          -21.391501981457402, 
          12.47246552597506, 
          52.593873827460044
        ], 
        [
          -32.59544894318904, 
          12.173866459082602, 
          55.94785155538485
        ], 
        [
          -31.023442166382697, 
          5.71117748751683, 
          60.623770397576656
        ], 
        [
          -19.819495204651062, 
          6.009776554409288, 
          57.269792669651856
        ], 
        [
          -19.406799504986115, 
          18.115623794383556, 
          59.726164204735724
        ], 
        [
          -30.610746466717753, 
          17.8170247274911, 
          63.080141932660524
        ], 
        [
          -29.038739689911413, 
          11.354335755925325, 
          67.75606077485233
        ], 
        [
          -17.83479272817977, 
          11.652934822817784, 
          64.40208304692753
        ]
      ], 
      "cuboid_centroid": [
        -25.215120835684406, 
        11.913400640950194, 
        60.17496730115619
      ], 
      "location": [
        -25.215120835684406, 
        11.913400640950194, 
        60.17496730115619
      ], 
      "pose_transform_permuted": [
        [
          -0.213207129933658, 
          -0.6062176031079148, 
          -0.7661879698442501, 
          0.0
        ], 
        [
          0.9576841284147181, 
          0.025523468479375443, 
          -0.286689257639399, 
          0.0
        ], 
        [
          -0.1933516426577334, 
          0.7948894031976533, 
          -0.5751225773395058, 
          0.0
        ], 
        [
          -25.215120835684406, 
          11.913400640950194, 
          60.17496730115619, 
          1.0
        ]
      ], 
      "projected_cuboid": [
        [
          262.8723543046091, 
          399.76153651931605
        ], 
        [
          168.2935355506414, 
          389.33319938204136
        ], 
        [
          206.40318397945455, 
          323.5289227272817
        ], 
        [
          295.49177910980404, 
          329.2520195650229
        ], 
        [
          306.8616141482496, 
          435.0484234055097
        ], 
        [
          220.6376371077354, 
          423.9229809234838
        ], 
        [
          251.12337937064694, 
          362.6584634340852
        ], 
        [
          332.67471533984497, 
          369.7855648513774
        ]
      ], 
      "projected_cuboid_centroid": [
        256.2577743939652, 
        378.8727999927539
      ], 
      "quaternion_xyzw": [
        0.9379181069603868, 
        0.05834067748367746, 
        -0.1332462780767517, 
        0.31488361608560855
      ], 
      "visibility": 0.7253166280811657
    }, 
    {
      "bounding_box": {
        "bottom_right": [
          440, 
          262
        ], 
        "top_left": [
          360, 
          189
        ]
      }, 
      "class": "061_foam_brick", 
      "cuboid": [
        [
          -33.552685032365694, 
          11.197321243080552, 
          69.78282688339901
        ], 
        [
          -35.431688679681926, 
          16.755389245380623, 
          64.6621999164404
        ], 
        [
          -36.56313740220989, 
          19.926036201665973, 
          68.51888930196513
        ], 
        [
          -34.68413375489366, 
          14.367968199365903, 
          73.63951626892376
        ], 
        [
          -28.586023491981795, 
          12.91659581058223, 
          69.82646798689565
        ], 
        [
          -30.465027139298023, 
          18.4746638128823, 
          64.70584101993704
        ], 
        [
          -31.596475861825983, 
          21.64531076916765, 
          68.56253040546179
        ], 
        [
          -29.717472214509755, 
          16.08724276686758, 
          73.6831573724204
        ]
      ], 
      "cuboid_centroid": [
        -32.57458044709584, 
        16.4213160061241, 
        69.17267864443039
      ], 
      "location": [
        -32.57458044709584, 
        16.4213160061241, 
        69.17267864443039
      ], 
      "pose_transform_permuted": [
        [
          -0.944950818251938, 
          -0.3271070307792465, 
          -0.008303101816635489, 
          0.0
        ], 
        [
          0.2412876830642912, 
          -0.713725783611029, 
          0.6575528570467083, 
          0.0
        ], 
        [
          0.22101630049943943, 
          -0.6193516741106039, 
          -0.7533626608015116, 
          0.0
        ], 
        [
          -32.57458044709584, 
          16.4213160061241, 
          69.17267864443039, 
          1.0
        ]
      ], 
      "projected_cuboid": [
        [
          223.0316380641529, 
          358.8627601653173
        ], 
        [
          186.92897417563918, 
          411.48129813132465
        ], 
        [
          194.63474565480033, 
          428.3816574380908
        ], 
        [
          228.31078928697187, 
          377.3436964114099
        ], 
        [
          261.4436618042792, 
          371.94072588884416
        ], 
        [
          228.40516030953324, 
          425.5587262198598
        ], 
        [
          233.7729630142439, 
          441.65646319794666
        ], 
        [
          264.70914209453986, 
          389.72619546563254
        ]
      ], 
      "projected_cuboid_centroid": [
        228.3549277857434, 
        399.89446439304197
      ], 
      "quaternion_xyzw": [
        0.3969380023285508, 
        -0.5887204542189246, 
        -0.1810093512836211, 
        0.6805028022275624
      ], 
      "visibility": 0.15720164609053497
    }
  ]
}