{
  "camera_data": {
    "location_worldframe": [
      -20.714409326017304, 
      14.48468443079289, 
      71.59844725811074
    ], 
    "quaternion_xyzw_worldframe": [
      0.9047663551635216, 
      0.013844123418202334, 
      -0.06099431871769606, 
      -0.42129140173805746
    ]
  }, 
  "objects": [
    {
      "bounding_box": {
        "bottom_right": [
          539, 
          348
        ], 
        "top_left": [
          399, 
          168
        ]
      }, 
      "class": "003_cracker_box", 
      "cuboid": [
        [
          -21.100930840706205, 
          38.92360419315612, 
          61.72400830871507
        ], 
        [
          -35.45762492451829, 
          32.63135854328366, 
          56.889642233141934
        ], 
        [
          -32.112765563074, 
          15.530046362555183, 
          69.21484343619828
        ], 
        [
          -17.756071479261912, 
          21.822292012427642, 
          74.04920951177144
        ], 
        [
          -24.386811334298176, 
          42.2207981623988, 
          67.19062507285396
        ], 
        [
          -38.74350541811026, 
          35.92855251252634, 
          62.35625899728081
        ], 
        [
          -35.39864605666597, 
          18.827240331797856, 
          74.68146020033717
        ], 
        [
          -21.04195197285388, 
          25.11948598167032, 
          79.5158262759103
        ]
      ], 
      "cuboid_centroid": [
        -28.249788448686086, 
        28.87542226247699, 
        68.20273425452612
      ], 
      "location": [
        -28.249788448686086, 
        28.87542226247699, 
        68.20273425452612
      ], 
      "pose_transform_permuted": [
        [
          0.45764353372586175, 
          -0.45921922675109716, 
          -0.7613672555482214, 
          0.0
        ], 
        [
          0.8752160182830014, 
          0.38358929650450824, 
          0.29471371353913217, 
          0.0
        ], 
        [
          -0.15671412629292558, 
          0.8012346431534905, 
          -0.5774631843078346, 
          0.0
        ], 
        [
          -28.249788448686086, 
          28.87542226247699, 
          68.20273425452612, 
          1.0
        ]
      ], 
      "projected_cuboid": [
        [
          297.7573986118477, 
          609.6017082469031
        ], 
        [
          146.42472324199213, 
          579.1935863206121
        ], 
        [
          232.0972656547834, 
          392.9498564478162
        ], 
        [
          352.64800398294193, 
          430.4557468986056
        ], 
        [
          286.41582721065856, 
          608.4103510536977
        ], 
        [
          147.47081660027692, 
          580.5756691456176
        ], 
        [
          226.69956069408414, 
          407.73672065169956
        ], 
        [
          339.29074889281367, 
          441.76512168793994
        ]
      ], 
      "projected_cuboid_centroid": [
        258.85351042920274, 
        499.0814175158002
      ], 
      "quaternion_xyzw": [
        0.9270676778133181, 
        0.14570225985870086, 
        0.20288627930583905, 
        0.2795595283572399
      ], 
      "visibility": 0.5287942630334413
    }, 
    {
      "bounding_box": {
        "bottom_right": [
          539, 
          247
        ], 
        "top_left": [
          404, 
          116
        ]
      }, 
      "class": "004_sugar_box", 
      "cuboid": [
        [
          -34.950064964361, 
          34.4806674884913, 
          65.30659872354157
        ], 
        [
          -43.613358536585224, 
          31.750663679460946, 
          63.46685264480585
        ], 
        [
          -41.47111380438254, 
          17.820374921168952, 
          74.05027423915818
        ], 
        [
          -32.80782023215832, 
          20.55037873019931, 
          75.8900203178939
        ], 
        [
          -36.456531770681586, 
          36.90517589620496, 
          68.80275375911647
        ], 
        [
          -45.11982534290581, 
          34.1751720871746, 
          66.96300768038076
        ], 
        [
          -42.97758061070313, 
          20.24488332888261, 
          77.5464292747331
        ], 
        [
          -34.31428703847891, 
          22.97488713791297, 
          79.38617535346881
        ]
      ], 
      "cuboid_centroid": [
        -38.96382278753207, 
        27.362775408686957, 
        71.42651399913733
      ], 
      "location": [
        -38.96382278753207, 
        27.362775408686957, 
        71.42651399913733
      ], 
      "pose_transform_permuted": [
        [
          0.3337764834373562, 
          -0.5371800341007672, 
          -0.7746166914730309, 
          0.0
        ], 
        [
          0.9347835374094234, 
          0.2945718734418236, 
          0.19851160913321708, 
          0.0
        ], 
        [
          -0.12154373534621982, 
          0.790357564979682, 
          -0.6004676188414707, 
          0.0
        ], 
        [
          -38.96382278753207, 
          27.362775408686957, 
          71.42651399913733, 
          1.0
        ]
      ], 
      "projected_cuboid": [
        [
          193.80245529215304, 
          554.8693423511894
        ], 
        [
          112.05463961718019, 
          540.0911771480373
        ], 
        [
          180.42772148292224, 
          401.63116631078736
        ], 
        [
          249.11768445462522, 
          417.7049921139986
        ], 
        [
          196.65191894110018, 
          559.3543470509798
        ], 
        [
          119.25046310084583, 
          545.4709747876417
        ], 
        [
          183.55889194443301, 
          412.5191608022273
        ], 
        [
          249.15119568994876, 
          427.6327724138067
        ]
      ], 
      "projected_cuboid_centroid": [
        188.2418327992591, 
        477.59587856528117
      ], 
      "quaternion_xyzw": [
        0.9353819799769152, 
        0.11121542260155391, 
        0.14226489925102842, 
        0.30405964549646197
      ], 
      "visibility": 0.4454349689027896
    }, 
    {
      "bounding_box": {
        "bottom_right": [
          440, 
          189
        ], 
        "top_left": [
          355, 
          38
        ]
      }, 
      "class": "024_bowl", 
      "cuboid": [
        [
          -50.93584226376095, 
          11.283847751514443, 
          56.995434659734364
        ], 
        [
          -48.4904712607204, 
          21.408169746281363, 
          69.2940771128481
        ], 
        [
          -47.76836767186991, 
          17.12835508331626, 
          72.67367048722852
        ], 
        [
          -50.21373867491046, 
          7.00403308854934, 
          60.3750280341148
        ], 
        [
          -35.11786058712193, 
          11.396134477062743, 
          53.75786914503094
        ], 
        [
          -32.67248958408139, 
          21.520456471829664, 
          66.05651159814467
        ], 
        [
          -31.950385995230903, 
          17.24064180886456, 
          69.43610497252509
        ], 
        [
          -34.39575699827145, 
          7.11631981409764, 
          57.13746251941135
        ]
      ], 
      "cuboid_centroid": [
        -41.443114129495925, 
        14.262244780189501, 
        63.21576981612973
      ], 
      "location": [
        -41.443114129495925, 
        14.262244780189501, 
        63.21576981612973
      ], 
      "pose_transform_permuted": [
        [
          -0.9796660721953052, 
          -0.006954331951214421, 
          0.20051439912518698, 
          0.0
        ], 
        [
          -0.15173184077680538, 
          -0.6281999790514452, 
          -0.763113513714864, 
          0.0
        ], 
        [
          -0.13127008602078638, 
          0.7780208375017189, 
          -0.6143710124421715, 
          0.0
        ], 
        [
          -41.443114129495925, 
          14.262244780189501, 
          63.21576981612973, 
          1.0
        ]
      ], 
      "projected_cuboid": [
        [
          1.0065910843364358, 
          378.8721347109189
        ], 
        [
          105.28163582696952, 
          438.0538116251872
        ], 
        [
          128.12504611732365, 
          398.98387970366093
        ], 
        [
          34.340268733877565, 
          335.1562899125047
        ], 
        [
          130.2973969313309, 
          386.34499408713475
        ], 
        [
          215.61134193706224, 
          447.03596248981836
        ], 
        [
          234.14989517227178, 
          405.7071555656864
        ], 
        [
          157.87249918980285, 
          339.7100813034325
        ]
      ], 
      "projected_cuboid_centroid": [
        129.0487155682864, 
        393.60990766244043
      ], 
      "quaternion_xyzw": [
        -0.5970290188926595, 
        0.2080844805300838, 
        0.7297717241377113, 
        -0.2601738461330533
      ], 
      "visibility": 0.7008839779005525
    }, 
    {
      "bounding_box": {
        "bottom_right": [
          443, 
          327
        ], 
        "top_left": [
          346, 
          205
        ]
      }, 
      "class": "025_mug", 
      "cuboid": [
        [
          -16.89261533942965, 
          13.758521985794792, 
          48.7004776846622
        ], 
        [
          -28.34149254903319, 
          14.14419514817205, 
          51.07560344442796
        ], 
        [
          -27.745000250146145, 
          7.101823842872513, 
          55.09443093561857
        ], 
        [
          -16.29612304054261, 
          6.716150680495252, 
          52.719305175852796
        ], 
        [
          -15.103943223392141, 
          18.400161692226547, 
          56.56874802096758
        ], 
        [
          -26.552820432995677, 
          18.785834854603806, 
          58.943873780733355
        ], 
        [
          -25.956328134108634, 
          11.743463549304266, 
          62.96270127192396
        ], 
        [
          -14.507450924505093, 
          11.357790386927007, 
          60.58757551215819
        ]
      ], 
      "cuboid_centroid": [
        -21.424471736769142, 
        12.75099276754953, 
        55.831589478293076
      ], 
      "location": [
        -21.424471736769142, 
        12.75099276754953, 
        55.831589478293076
      ], 
      "pose_transform_permuted": [
        [
          -0.19214852239755234, 
          -0.49862923623390687, 
          -0.8452507898959534, 
          0.0
        ], 
        [
          0.9786201263944289, 
          -0.032966334777001505, 
          -0.2030195475653224, 
          0.0
        ], 
        [
          -0.07336658309883708, 
          0.8661884160904583, 
          -0.49430251093344074, 
          0.0
        ], 
        [
          -21.424471736769142, 
          12.75099276754953, 
          55.831589478293076, 
          1.0
        ]
      ], 
      "projected_cuboid": [
        [
          295.0641821890923, 
          423.95629645951396
        ], 
        [
          183.19560388495057, 
          420.9769371545338
        ], 
        [
          210.78452859680266, 
          342.0329006775426
        ], 
        [
          315.36823562199504, 
          341.22853132691927
        ], 
        [
          338.0132445184224, 
          446.7598232721512
        ], 
        [
          239.34710341468957, 
          443.25930990084845
        ], 
        [
          259.90424106914696, 
          372.7584310003148
        ], 
        [
          352.8316410169898, 
          373.2630097860484
        ]
      ], 
      "projected_cuboid_centroid": [
        275.23880295343355, 
        395.0877299473515
      ], 
      "quaternion_xyzw": [
        0.9604763573848188, 
        0.010515680061047316, 
        -0.10285731317708768, 
        0.25844773261022747
      ], 
      "visibility": 0.7576050217286335
    }, 
    {
      "bounding_box": {
        "bottom_right": [
          453, 
          272
        ], 
        "top_left": [
          372, 
          201
        ]
      }, 
      "class": "061_foam_brick", 
      "cuboid": [
        [
          -30.633577437928984, 
          11.79045453563055, 
          64.58421328294969
        ], 
        [
          -31.56940576949382, 
          18.01319382158676, 
          59.99669366201932
        ], 
        [
          -32.78010512781522, 
          20.845543692566093, 
          64.0856094867404
        ], 
        [
          -31.844276796250387, 
          14.62280440660988, 
          68.67312910767076
        ], 
        [
          -25.565888934284274, 
          13.02721143213565, 
          65.22803161918699
        ], 
        [
          -26.501717265849106, 
          19.249950718091863, 
          60.64051199825664
        ], 
        [
          -27.712416624170512, 
          22.082300589071192, 
          64.72942782297771
        ], 
        [
          -26.776588292605673, 
          15.85956130311498, 
          69.31694744390808
        ]
      ], 
      "cuboid_centroid": [
        -29.172997031049746, 
        16.93637756235087, 
        64.6568205529637
      ], 
      "location": [
        -29.172997031049746, 
        16.93637756235087, 
        64.6568205529637
      ], 
      "pose_transform_permuted": [
        [
          -0.9641720820369934, 
          -0.23530382165741212, 
          -0.12249207212658828, 
          0.0
        ], 
        [
          0.12017211898003191, 
          -0.7990779298199118, 
          0.5890951738849786, 
          0.0
        ], 
        [
          0.2364970571493387, 
          -0.5532689884569177, 
          -0.7987255901569454, 
          0.0
        ], 
        [
          -29.172997031049746, 
          16.93637756235087, 
          64.6568205529637, 
          1.0
        ]
      ], 
      "projected_cuboid": [
        [
          226.52489517166222, 
          370.64903538915524
        ], 
        [
          198.63330141611243, 
          433.40851194599793
        ], 
        [
          206.52812336221737, 
          446.76287318576016
        ], 
        [
          232.2316119357581, 
          386.8481020496621
        ], 
        [
          270.82242495845475, 
          379.80005369551805
        ], 
        [
          246.57811087212554, 
          442.58549926548557
        ], 
        [
          251.36576614006665, 
          455.22732970032627
        ], 
        [
          273.863084340505, 
          395.30885626512725
        ]
      ], 
      "projected_cuboid_centroid": [
        238.95927835550665, 
        412.9856717268554
      ], 
      "quaternion_xyzw": [
        0.415149130629495, 
        -0.6236162565238885, 
        -0.22586877851778348, 
        0.6226855216139126
      ], 
      "visibility": 0.13628318584070798
    }
  ]
}