{
  "camera_data": {
    "location_worldframe": [
      -16.206844789452322, 
      3.9734938962459223, 
      72.70242450740201
    ], 
    "quaternion_xyzw_worldframe": [
      -0.8481736746737359, 
      -0.024754248504627145, 
      -0.05083289954094352, 
      0.5266918177551995
    ]
  }, 
  "objects": [
    {
      "bounding_box": {
        "bottom_right": [
          505, 
          384
        ], 
        "top_left": [
          332, 
          234
        ]
      }, 
      "class": "003_cracker_box", 
      "cuboid": [
        [
          -13.046782158193821, 
          29.924262583169785, 
          69.31330644705605
        ], 
        [
          -26.424438017070162, 
          26.52346852033951, 
          60.450404035833984
        ], 
        [
          -26.769310172662113, 
          6.778263195450843, 
          68.54740823619603
        ], 
        [
          -13.391654313785779, 
          10.17905725828112, 
          77.41031064741811
        ], 
        [
          -17.20031750827375, 
          32.208310500531866, 
          74.70623392123676
        ], 
        [
          -30.577973367150086, 
          28.807516437701587, 
          65.84333151001468
        ], 
        [
          -30.922845522742044, 
          9.062311112812921, 
          73.94033571037674
        ], 
        [
          -17.545189663865703, 
          12.463105175643198, 
          82.80323812159881
        ]
      ], 
      "cuboid_centroid": [
        -21.984813840467933, 
        19.493286847991353, 
        71.62682107871639
      ], 
      "location": [
        -21.984813840467933, 
        19.493286847991353, 
        71.62682107871639
      ], 
      "pose_transform_permuted": [
        [
          0.5784868313904976, 
          -0.3181125309150018, 
          -0.7511041229966948, 
          0.0
        ], 
        [
          0.8155316695065457, 
          0.20731997361613108, 
          0.5403022529766767, 
          0.0
        ], 
        [
          0.016158030190846107, 
          0.925106937718369, 
          -0.3793627180492212, 
          0.0
        ], 
        [
          -21.984813840467933, 
          19.493286847991353, 
          71.62682107871639, 
          1.0
        ]
      ], 
      "projected_cuboid": [
        [
          380.3742252859544, 
          503.5337454169975
        ], 
        [
          246.52648216903935, 
          507.28803724577847
        ], 
        [
          271.58808169571023, 
          326.0234772040811
        ], 
        [
          388.56618253656484, 
          343.4153170634343
        ], 
        [
          357.7826112520773, 
          503.21812239111955
        ], 
        [
          231.85676225497468, 
          506.62243254220994
        ], 
        [
          256.69690478236816, 
          338.65151014201405
        ], 
        [
          367.6501764323846, 
          353.55897910905327
        ]
      ], 
      "projected_cuboid_centroid": [
        316.5382036667264, 
        418.4298161534646
      ], 
      "quaternion_xyzw": [
        0.9343102710317394, 
        0.05115055173646673, 
        0.2993622994028843, 
        0.18662837993689602
      ], 
      "visibility": 0.8017852336951646
    }, 
    {
      "bounding_box": {
        "bottom_right": [
          480, 
          277
        ], 
        "top_left": [
          341, 
          187
        ]
      }, 
      "class": "004_sugar_box", 
      "cuboid": [
        [
          -27.580577145601236, 
          26.312474478261954, 
          69.00268944411218
        ], 
        [
          -35.814585577277136, 
          25.04307858075045, 
          64.94313513944321
        ], 
        [
          -36.777755626612354, 
          8.897155059489503, 
          71.94545097975673
        ], 
        [
          -28.543747194936458, 
          10.166550957001009, 
          76.00500528442569
        ], 
        [
          -29.63725802350264, 
          28.013634911902564, 
          72.64231857850021
        ], 
        [
          -37.871266455178535, 
          26.74423901439106, 
          68.58276427383124
        ], 
        [
          -38.83443650451376, 
          10.598315493130112, 
          75.58508011414476
        ], 
        [
          -30.60042807283786, 
          11.867711390641619, 
          79.64463441881374
        ]
      ], 
      "cuboid_centroid": [
        -33.2075068250575, 
        18.45539498569603, 
        72.29388477912848
      ], 
      "location": [
        -33.2075068250575, 
        18.45539498569603, 
        72.29388477912848
      ], 
      "pose_transform_permuted": [
        [
          0.4556832637125461, 
          -0.376913281408535, 
          -0.80640516498288, 
          0.0
        ], 
        [
          0.8884629690374067, 
          0.13696989228822395, 
          0.4380325451962985, 
          0.0
        ], 
        [
          0.05464701759328661, 
          0.916065202956828, 
          -0.3972877657309542, 
          0.0
        ], 
        [
          -33.2075068250575, 
          18.45539498569603, 
          72.29388477912848, 
          1.0
        ]
      ], 
      "projected_cuboid": [
        [
          266.65121555036166, 
          476.65481295735304
        ], 
        [
          185.03307668243914, 
          478.94282792387014
        ], 
        [
          206.69777577059173, 
          339.2396588962113
        ], 
        [
          279.63931489845, 
          344.6242176301073
        ], 
        [
          262.1953310502426, 
          478.95480940616284
        ], 
        [
          184.6448446598552, 
          481.257542860089
        ], 
        [
          205.3022954043855, 
          348.06702630765835
        ], 
        [
          274.981654669343, 
          352.755581166061
        ]
      ], 
      "projected_cuboid_centroid": [
        234.58029379593532, 
        409.4339257044956
      ], 
      "quaternion_xyzw": [
        0.9501227995602877, 
        0.021661114419377153, 
        0.23515797361205623, 
        0.20371078546314897
      ], 
      "visibility": 0.5095641885229738
    }, 
    {
      "bounding_box": {
        "bottom_right": [
          381, 
          248
        ], 
        "top_left": [
          307, 
          82
        ]
      }, 
      "class": "024_bowl", 
      "cuboid": [
        [
          -42.83641523556347, 
          7.548322389827483, 
          52.33300988216429
        ], 
        [
          -42.41670131645784, 
          14.230136273358143, 
          66.99300800077707
        ], 
        [
          -42.677030691520045, 
          9.233067279653106, 
          69.27805255332947
        ], 
        [
          -43.096744610625684, 
          2.5512533961224473, 
          54.61805443471669
        ], 
        [
          -26.713689431551092, 
          6.678582353980101, 
          52.26783310795536
        ], 
        [
          -26.293975512445456, 
          13.360396237510761, 
          66.92783122656814
        ], 
        [
          -26.554304887507662, 
          8.363327243805724, 
          69.21287577912054
        ], 
        [
          -26.974018806613298, 
          1.6815133602750638, 
          54.55287766050777
        ]
      ], 
      "cuboid_centroid": [
        -34.69536006153557, 
        7.9558248168166035, 
        60.77294283064242
      ], 
      "location": [
        -34.69536006153557, 
        7.9558248168166035, 
        60.77294283064242
      ], 
      "pose_transform_permuted": [
        [
          -0.998540002409131, 
          0.05386621518268533, 
          0.004036638535365043, 
          0.0
        ], 
        [
          -0.026042659975259987, 
          -0.4145971793300566, 
          -0.9096323206400341, 
          0.0
        ], 
        [
          0.047324871369984145, 
          0.9084093844481427, 
          -0.41539468797321044, 
          0.0
        ], 
        [
          -34.69536006153557, 
          7.9558248168166035, 
          60.77294283064242, 
          1.0
        ]
      ], 
      "projected_cuboid": [
        [
          41.418244706558596, 
          350.21060865210023
        ], 
        [
          141.11115267416847, 
          386.5701562612404
        ], 
        [
          150.3208474383694, 
          344.3649735247144
        ], 
        [
          57.27074006024845, 
          298.1983260681075
        ], 
        [
          206.74999575474158, 
          341.4320597183352
        ], 
        [
          270.32541040365413, 
          379.74988546791474
        ], 
        [
          275.2778037015638, 
          337.73012812822554
        ], 
        [
          215.69621560577312, 
          289.725340898111
        ]
      ], 
      "projected_cuboid_centroid": [
        174.58682148247206, 
        343.1037457298136
      ], 
      "quaternion_xyzw": [
        -0.6852609148962018, 
        0.16852050097224983, 
        0.6961480954076453, 
        -0.13189445980779702
      ], 
      "visibility": 0.72870249017038
    }, 
    {
      "bounding_box": {
        "bottom_right": [
          373, 
          407
        ], 
        "top_left": [
          285, 
          295
        ]
      }, 
      "class": "025_mug", 
      "cuboid": [
        [
          -7.725167507012184, 
          8.141904936091118, 
          51.486024704946395
        ], 
        [
          -19.37320307618232, 
          9.215523253390213, 
          51.67932915799266
        ], 
        [
          -20.056089892529837, 
          1.4136095043991166, 
          53.86234966125176
        ], 
        [
          -8.408054323359702, 
          0.3399911871000243, 
          53.6690452082055
        ], 
        [
          -7.348194179182434, 
          10.6175503582392, 
          60.45167671927862
        ], 
        [
          -18.99622974835257, 
          11.691168675538291, 
          60.64498117232488
        ], 
        [
          -19.679116564700085, 
          3.8892549265471974, 
          62.82800167558399
        ], 
        [
          -8.03108099552995, 
          2.8156366092481044, 
          62.634697222537724
        ]
      ], 
      "cuboid_centroid": [
        -13.702142035856134, 
        6.015579931319158, 
        57.1570131902652
      ], 
      "location": [
        -13.702142035856134, 
        6.015579931319158, 
        57.1570131902652
      ], 
      "pose_transform_permuted": [
        [
          -0.04049644832963659, 
          -0.2659467912430085, 
          -0.9631372745391683, 
          0.0
        ], 
        [
          0.99564366289005, 
          -0.09177009012668025, 
          -0.01652315985309477, 
          0.0
        ], 
        [
          0.0839928234650148, 
          0.9596096285959073, 
          -0.2685043133962635, 
          0.0
        ], 
        [
          -13.702142035856134, 
          6.015579931319158, 
          57.1570131902652, 
          1.0
        ]
      ], 
      "projected_cuboid": [
        [
          400.9088213582934, 
          357.62471269232987
        ], 
        [
          280.00367200831016, 
          368.38875970681045
        ], 
        [
          281.3562041862812, 
          287.28343259138694
        ], 
        [
          397.3483358281086, 
          276.66509553696125
        ], 
        [
          416.2292474018226, 
          366.95718267918494
        ], 
        [
          313.1496784764461, 
          376.1001440588168
        ], 
        [
          313.15751175720857, 
          306.30073166823763
        ], 
        [
          412.6444505877407, 
          297.2610155377072
        ]
      ], 
      "projected_cuboid_centroid": [
        352.6799241598072, 
        329.41659801141344
      ], 
      "quaternion_xyzw": [
        0.9897462510695766, 
        -0.044395953357175014, 
        -0.014402582510697235, 
        0.1349970015197616
      ], 
      "visibility": 0.8849178970608528
    }, 
    {
      "bounding_box": {
        "bottom_right": [
          381, 
          318
        ], 
        "top_left": [
          308, 
          267
        ]
      }, 
      "class": "061_foam_brick", 
      "cuboid": [
        [
          -24.580736017165993, 
          4.070582698310626, 
          63.49826856901471
        ], 
        [
          -24.15921224912145, 
          11.24839104933026, 
          60.50745260199674
        ], 
        [
          -26.02684523888921, 
          13.174718793798357, 
          64.86731954789711
        ], 
        [
          -26.448369006933746, 
          5.996910442778722, 
          67.85813551491509
        ], 
        [
          -19.69527055252989, 
          4.56471944646875, 
          65.37272649307401
        ], 
        [
          -19.273746784485347, 
          11.742527797488384, 
          62.38191052605604
        ], 
        [
          -21.1413797742531, 
          13.668855541956479, 
          66.74177747195641
        ], 
        [
          -21.562903542297644, 
          6.491047190936845, 
          69.73259343897439
        ]
      ], 
      "cuboid_centroid": [
        -22.861057895709546, 
        8.869719120133553, 
        65.12002302048556
      ], 
      "location": [
        -22.861057895709546, 
        8.869719120133553, 
        65.12002302048556
      ], 
      "pose_transform_permuted": [
        [
          -0.9295025543441067, 
          -0.09401384022320121, 
          -0.35663202227824065, 
          0.0
        ], 
        [
          -0.05412894940000075, 
          -0.921720800792875, 
          0.3840583578345788, 
          0.0
        ], 
        [
          0.3648219542525275, 
          -0.3762873413127628, 
          -0.8516529683287315, 
          0.0
        ], 
        [
          -22.861057895709546, 
          8.869719120133553, 
          65.12002302048556, 
          1.0
        ]
      ], 
      "projected_cuboid": [
        [
          273.423906908492, 
          307.47520984367947
        ], 
        [
          266.8804600227361, 
          372.4311386512855
        ], 
        [
          265.82892938713826, 
          381.60511171743565
        ], 
        [
          271.9983072982297, 
          320.4182452319898
        ], 
        [
          319.5813724552572, 
          310.52613931184413
        ], 
        [
          315.44750070999385, 
          373.6765385043645
        ], 
        [
          311.25288948280667, 
          382.51150345566
        ], 
        [
          315.3082065626415, 
          322.9305051923239
        ]
      ], 
      "projected_cuboid_centroid": [
        292.8094462545944, 
        345.92771168781843
      ], 
      "quaternion_xyzw": [
        -0.48120051214786674, 
        0.66840263183784, 
        0.2833767747227167, 
        -0.49130600689247667
      ], 
      "visibility": 0.6853146853146853
    }
  ]
}