{
  "camera_data": {
    "location_worldframe": [
      -12.31350114941037, 
      -2.1841719651695928, 
      71.2340530831597
    ], 
    "quaternion_xyzw_worldframe": [
      -0.8283861131467056, 
      -0.06964487864616889, 
      -0.13043777868036727, 
      0.5402920852942977
    ]
  }, 
  "objects": [
    {
      "bounding_box": {
        "bottom_right": [
          466, 
          408
        ], 
        "top_left": [
          287, 
          270
        ]
      }, 
      "class": "003_cracker_box", 
      "cuboid": [
        [
          -8.551891286602311, 
          23.856947715013472, 
          69.61391324170232
        ], 
        [
          -20.086753460257995, 
          20.961353530790632, 
          58.316099088415044
        ], 
        [
          -21.933720498599218, 
          0.8931340013999506, 
          65.34524020421709
        ], 
        [
          -10.398858324943532, 
          3.7887281856227917, 
          76.64305435750437
        ], 
        [
          -13.618928530611385, 
          25.947636554899965, 
          74.25142887806858
        ], 
        [
          -25.15379070426707, 
          23.05204237067712, 
          62.9536147247813
        ], 
        [
          -27.000757742608293, 
          2.9838228412864405, 
          69.98275584058335
        ], 
        [
          -15.46589556895261, 
          5.879417025509282, 
          81.28056999387063
        ]
      ], 
      "cuboid_centroid": [
        -17.776324514605303, 
        13.420385278149958, 
        69.79833454114284
      ], 
      "location": [
        -17.776324514605303, 
        13.420385278149958, 
        69.79833454114284
      ], 
      "pose_transform_permuted": [
        [
          0.7057155104670155, 
          -0.29118229663944883, 
          -0.6458935581115945, 
          0.0
        ], 
        [
          0.7031908658173145, 
          0.17652186483073784, 
          0.6887398910094974, 
          0.0
        ], 
        [
          0.08653452789132987, 
          0.9402408741170821, 
          -0.32933094923218176, 
          0.0
        ], 
        [
          -17.776324514605303, 
          13.420385278149958, 
          69.79833454114284, 
          1.0
        ]
      ], 
      "projected_cuboid": [
        [
          415.53413421162196, 
          456.0571483180602
        ], 
        [
          296.36634525793716, 
          464.9848940528051
        ], 
        [
          301.0917159291017, 
          280.57591134442214
        ], 
        [
          408.63374737440853, 
          299.65034816154554
        ], 
        [
          382.962337952498, 
          459.6584761492544
        ], 
        [
          266.7276988212157, 
          468.57485751828943
        ], 
        [
          274.1168721059066, 
          296.02544179934705
        ], 
        [
          379.2724650692931, 
          311.86412469829025
        ]
      ], 
      "projected_cuboid_centroid": [
        344.6386766720558, 
        375.829877010824
      ], 
      "quaternion_xyzw": [
        0.9068248587855859, 
        0.024808356340142255, 
        0.38443349561015533, 
        0.171067555068632
      ], 
      "visibility": 0.81989700790198
    }, 
    {
      "bounding_box": {
        "bottom_right": [
          445, 
          294
        ], 
        "top_left": [
          299, 
          210
        ]
      }, 
      "class": "004_sugar_box", 
      "cuboid": [
        [
          -22.788376901950663, 
          20.396890438273786, 
          66.495680688113
        ], 
        [
          -30.142368642692574, 
          19.378198599601877, 
          60.948490916254805
        ], 
        [
          -32.392082879208374, 
          2.958225890245693, 
          66.94634487445235
        ], 
        [
          -25.038091138466463, 
          3.9769177289175976, 
          72.49353464631054
        ], 
        [
          -25.473957101592926, 
          21.96046521779674, 
          69.76885593403628
        ], 
        [
          -32.827948842334834, 
          20.941773379124836, 
          64.22166616217808
        ], 
        [
          -35.077663078850634, 
          4.521800669768651, 
          70.21952012037562
        ], 
        [
          -27.723671338108723, 
          5.540492508440556, 
          75.76670989223382
        ]
      ], 
      "cuboid_centroid": [
        -28.93301999040065, 
        12.459345554021217, 
        68.35760040424431
      ], 
      "location": [
        -28.93301999040065, 
        12.459345554021217, 
        68.35760040424431
      ], 
      "pose_transform_permuted": [
        [
          0.5950237411569148, 
          -0.34642946615940934, 
          -0.7252127419434028, 
          0.0
        ], 
        [
          0.7935077296157548, 
          0.10991851454011728, 
          0.5985508437858087, 
          0.0
        ], 
        [
          0.12764119227710571, 
          0.9316138288859699, 
          -0.3402979889187874, 
          0.0
        ], 
        [
          -28.93301999040065, 
          12.459345554021217, 
          68.35760040424431, 
          1.0
        ]
      ], 
      "projected_cuboid": [
        [
          297.302856368868, 
          436.87702978419514
        ], 
        [
          215.64329363225255, 
          442.85222606299345
        ], 
        [
          221.3991947023336, 
          296.8528701190691
        ], 
        [
          295.8620990103919, 
          302.5438795614849
        ], 
        [
          285.24903762622534, 
          441.1543638100969
        ], 
        [
          206.7102478511096, 
          447.1944808432007
        ], 
        [
          212.96086934988432, 
          307.62976397115915
        ], 
        [
          284.82472793833756, 
          312.28589745431174
        ]
      ], 
      "projected_cuboid_centroid": [
        253.98321217825463, 
        370.4931827167774
      ], 
      "quaternion_xyzw": [
        0.928753775287768, 
        -0.004770553350239999, 
        0.32128391202848744, 
        0.18485186099658624
      ], 
      "visibility": 0.5492096760108287
    }, 
    {
      "bounding_box": {
        "bottom_right": [
          340, 
          292
        ], 
        "top_left": [
          256, 
          116
        ]
      }, 
      "class": "024_bowl", 
      "cuboid": [
        [
          -34.76200557693737, 
          2.5027104851839668, 
          46.517163145179616
        ], 
        [
          -37.022591690418714, 
          8.549560288430635, 
          61.28414317720632
        ], 
        [
          -37.703292732435315, 
          3.4622928654646943, 
          63.26309612691104
        ], 
        [
          -35.442706618953956, 
          -2.5845569377819735, 
          48.49611609488432
        ], 
        [
          -18.900676914848805, 
          1.4867577542196888, 
          49.3612932784318
        ], 
        [
          -21.161263028330158, 
          7.533607557466357, 
          64.12827331045851
        ], 
        [
          -21.841964070346748, 
          2.446340134500416, 
          66.10722626016322
        ], 
        [
          -19.581377956865396, 
          -3.600509668746252, 
          51.34024622813651
        ]
      ], 
      "cuboid_centroid": [
        -28.30198482364206, 
        2.4745253098421913, 
        56.31219470267141
      ], 
      "location": [
        -28.30198482364206, 
        2.4745253098421913, 
        56.31219470267141
      ], 
      "pose_transform_permuted": [
        [
          -0.9823507112247958, 
          0.06292170782760367, 
          -0.17614749172269284, 
          0.0
        ], 
        [
          0.14026619756532818, 
          -0.3751985487709929, 
          -0.91627039831084, 
          0.0
        ], 
        [
          0.12374358155760157, 
          0.9248064163294927, 
          -0.3597507725344017, 
          0.0
        ], 
        [
          -28.30198482364206, 
          2.4745253098421913, 
          56.31219470267141, 
          1.0
        ]
      ], 
      "projected_cuboid": [
        [
          79.72914502182833, 
          301.9801302495331
        ], 
        [
          156.72644799127056, 
          347.68829499283606
        ], 
        [
          161.10257188614855, 
          302.47430622031203
        ], 
        [
          88.57977515509172, 
          244.86374993706704
        ], 
        [
          275.68463686262965, 
          289.350076294427
        ], 
        [
          304.14389219644363, 
          335.93940909293127
        ], 
        [
          303.9187271083754, 
          293.02236982063647
        ], 
        [
          276.4916935269533, 
          235.88464654510108
        ]
      ], 
      "projected_cuboid_centroid": [
        211.32188000951047, 
        296.7221865786809
      ], 
      "quaternion_xyzw": [
        0.7485352539489228, 
        -0.16663948948844043, 
        -0.6341121208117442, 
        0.0991366348949052
      ], 
      "visibility": 0.822093128800944
    }, 
    {
      "bounding_box": {
        "bottom_right": [
          323, 
          470
        ], 
        "top_left": [
          232, 
          361
        ]
      }, 
      "class": "025_mug", 
      "cuboid": [
        [
          -0.08766487644506632, 
          2.805487243883096, 
          52.12686647213577
        ], 
        [
          -11.573004173329863, 
          3.9780996892561813, 
          50.23511680268944
        ], 
        [
          -12.654238460748285, 
          -3.9030607163581013, 
          51.914406576664064
        ], 
        [
          -1.1688991638634878, 
          -5.075673161731187, 
          53.80615624611039
        ], 
        [
          -1.3540726022993534, 
          4.893258614055707, 
          61.10969828431958
        ], 
        [
          -12.83941189918415, 
          6.065871059428793, 
          59.21794861487325
        ], 
        [
          -13.92064618660257, 
          -1.8152893461854895, 
          60.897238388847875
        ], 
        [
          -2.435306889717774, 
          -2.9879017915585755, 
          62.7889880582942
        ]
      ], 
      "cuboid_centroid": [
        -7.004155531523819, 
        0.49509894884880307, 
        56.51205243049182
      ], 
      "location": [
        -7.004155531523819, 
        0.49509894884880307, 
        56.51205243049182
      ], 
      "pose_transform_permuted": [
        [
          0.13604414755165922, 
          -0.22427933006038292, 
          -0.9649828183605726, 
          0.0
        ], 
        [
          0.9817368103985037, 
          -0.10023184968217748, 
          0.1617018216482647, 
          0.0
        ], 
        [
          0.1329882470322007, 
          0.9693567056818951, 
          -0.20654709705257648, 
          0.0
        ], 
        [
          -7.004155531523819, 
          0.49509894884880307, 
          56.51205243049182, 
          1.0
        ]
      ], 
      "projected_cuboid": [
        [
          480.6926791213182, 
          301.98999531086247
        ], 
        [
          357.70872925995684, 
          315.519911826677
        ], 
        [
          350.5160346489831, 
          233.19017838487852
        ], 
        [
          469.91454140918637, 
          222.97712947163993
        ], 
        [
          469.68125961469156, 
          315.99122672421106
        ], 
        [
          365.0011063782377, 
          327.91605319858274
        ], 
        [
          358.66829889892205, 
          257.38878328752196
        ], 
        [
          460.73958345508555, 
          247.90777990126202
        ]
      ], 
      "projected_cuboid_centroid": [
        414.9461042575356, 
        277.9589211930216
      ], 
      "quaternion_xyzw": [
        0.9894539320303108, 
        -0.058926466701643705, 
        0.07522987163964366, 
        0.10885459473310818
      ], 
      "visibility": 0.9178861788617886
    }, 
    {
      "bounding_box": {
        "bottom_right": [
          336, 
          360
        ], 
        "top_left": [
          260, 
          304
        ]
      }, 
      "class": "061_foam_brick", 
      "cuboid": [
        [
          -18.861927916461603, 
          -1.617150606531982, 
          60.66784920454554
        ], 
        [
          -17.89069733991821, 
          5.677353003712527, 
          58.120198638459144
        ], 
        [
          -20.52189546436339, 
          7.433424749881729, 
          62.14515078746084
        ], 
        [
          -21.493126040906784, 
          0.13892113963721864, 
          64.69280135354724
        ], 
        [
          -14.401215862920289, 
          -1.248756717428491, 
          63.42318409507401
        ], 
        [
          -13.429985286376894, 
          6.045746892816019, 
          60.87553352898761
        ], 
        [
          -16.061183410822075, 
          7.801818638985219, 
          64.90048567798931
        ], 
        [
          -17.03241398736547, 
          0.5073150287407103, 
          67.44813624407571
        ]
      ], 
      "cuboid_centroid": [
        -17.46155566364184, 
        3.092334016226619, 
        62.78416744126743
      ], 
      "location": [
        -17.46155566364184, 
        3.092334016226619, 
        62.78416744126743
      ], 
      "pose_transform_permuted": [
        [
          -0.8486895011280227, 
          -0.07009016098980046, 
          -0.5242265731603959, 
          0.0
        ], 
        [
          -0.12471821215997451, 
          -0.9367059386680323, 
          0.327150350786393, 
          0.0
        ], 
        [
          0.5139761650414225, 
          -0.34302966897407616, 
          -0.7862309762231758, 
          0.0
        ], 
        [
          -17.46155566364184, 
          3.092334016226619, 
          62.78416744126743, 
          1.0
        ]
      ], 
      "projected_cuboid": [
        [
          314.4036334802323, 
          259.0704729864036
        ], 
        [
          316.06127417023004, 
          325.38277316965844
        ], 
        [
          304.01383342709767, 
          337.0789809783054
        ], 
        [
          302.93376231060483, 
          274.43178695403867
        ], 
        [
          359.48942322491354, 
          262.78586032667124
        ], 
        [
          362.958883477591, 
          326.2522374327516
        ], 
        [
          348.5144514343405, 
          337.39796366729274
        ], 
        [
          345.79762542477954, 
          277.2979318424216
        ]
      ], 
      "projected_cuboid_centroid": [
        332.0339433363441, 
        299.5543433179114
      ], 
      "quaternion_xyzw": [
        -0.5139257465885381, 
        0.7056866256162232, 
        0.2537035524118171, 
        -0.4165587844631613
      ], 
      "visibility": 1.0
    }
  ]
}