{
  "camera_data": {
    "location_worldframe": [
      -15.4187189570086, 
      10.539689580339157, 
      75.63826014695306
    ], 
    "quaternion_xyzw_worldframe": [
      0.8695112417280834, 
      0.004736825295450901, 
      -0.007173676921647668, 
      -0.4938400791400991
    ]
  }, 
  "objects": [
    {
      "bounding_box": {
        "bottom_right": [
          539, 
          394
        ], 
        "top_left": [
          373, 
          239
        ]
      }, 
      "class": "003_cracker_box", 
      "cuboid": [
        [
          -13.396844702749123, 
          36.18759038116421, 
          69.89269463640578
        ], 
        [
          -27.634402167250855, 
          31.847454965632053, 
          62.99825501399914
        ], 
        [
          -26.473013389927047, 
          12.812204108414612, 
          72.58282323886476
        ], 
        [
          -12.235455925425317, 
          17.152339523946775, 
          79.47726286127141
        ], 
        [
          -16.941295982012626, 
          38.821871998666836, 
          75.55395094782268
        ], 
        [
          -31.17885344651436, 
          34.481736583134676, 
          68.65951132541603
        ], 
        [
          -30.017464669190552, 
          15.446485725917233, 
          78.24407955028167
        ], 
        [
          -15.779907204688822, 
          19.786621141449395, 
          85.1385191726883
        ]
      ], 
      "cuboid_centroid": [
        -21.707154685969837, 
        25.817038053540724, 
        74.06838709334373
      ], 
      "location": [
        -21.707154685969837, 
        25.817038053540724, 
        74.06838709334373
      ], 
      "pose_transform_permuted": [
        [
          0.49365617883080853, 
          -0.3668915989531668, 
          -0.7884758282406337, 
          0.0
        ], 
        [
          0.8679531848635672, 
          0.2645843127265745, 
          0.4203003810897583, 
          0.0
        ], 
        [
          -0.05441365625791811, 
          0.8918439863992997, 
          -0.4490584126102641, 
          0.0
        ], 
        [
          -21.707154685969837, 
          25.817038053540724, 
          74.06838709334373, 
          1.0
        ]
      ], 
      "projected_cuboid": [
        [
          378.51990101172964, 
          549.4176947275063
        ], 
        [
          245.7050251624873, 
          542.8951391015522
        ], 
        [
          285.45928595506814, 
          367.42725956946737
        ], 
        [
          398.80876335038556, 
          388.38459541313927
        ], 
        [
          361.0154280362661, 
          547.3220362249485
        ], 
        [
          237.39396923755453, 
          541.1268564826124
        ], 
        [
          275.2899274196346, 
          378.5713515565164
        ], 
        [
          381.9257759964905, 
          397.232698216136
        ]
      ], 
      "projected_cuboid_centroid": [
        323.9950586148359, 
        459.1786913514832
      ], 
      "quaternion_xyzw": [
        0.9418430070218046, 
        0.08467386990353995, 
        0.24259790461538344, 
        0.2165833385925805
      ], 
      "visibility": 0.7554684551824505
    }, 
    {
      "bounding_box": {
        "bottom_right": [
          514, 
          295
        ], 
        "top_left": [
          379, 
          200
        ]
      }, 
      "class": "004_sugar_box", 
      "cuboid": [
        [
          -27.76006926311131, 
          32.30227729432683, 
          71.61799501231835
        ], 
        [
          -36.380136409621585, 
          30.563851790349666, 
          68.69180959323413
        ], 
        [
          -36.06123577851886, 
          15.016821843010558, 
          76.98874470385617
        ], 
        [
          -27.441168632008583, 
          16.755247346987716, 
          79.9149301229404
        ], 
        [
          -29.415635690211417, 
          34.25266329608028, 
          75.33631150503639
        ], 
        [
          -38.0357028367217, 
          32.51423779210312, 
          72.41012608595216
        ], 
        [
          -37.71680220561897, 
          16.96720784476401, 
          80.70706119657422
        ], 
        [
          -29.096735059108692, 
          18.70563334874117, 
          83.63324661565844
        ]
      ], 
      "cuboid_centroid": [
        -32.73843573436514, 
        24.634742569545416, 
        76.16252810444628
      ], 
      "location": [
        -32.73843573436514, 
        24.634742569545416, 
        76.16252810444628
      ], 
      "pose_transform_permuted": [
        [
          0.36681136140269216, 
          -0.4321323100378854, 
          -0.8238393292433651, 
          0.0
        ], 
        [
          0.9301193354172389, 
          0.18757895349877976, 
          0.31574018984389096, 
          0.0
        ], 
        [
          -0.018093345417466978, 
          0.8820860030292539, 
          -0.4707400933754733, 
          0.0
        ], 
        [
          -32.73843573436514, 
          24.634742569545416, 
          76.16252810444628, 
          1.0
        ]
      ], 
      "projected_cuboid": [
        [
          273.15271961107334, 
          513.832745106139
        ], 
        [
          196.78977634152673, 
          510.582669695797
        ], 
        [
          229.71044444124448, 
          377.3116808341489
        ], 
        [
          296.93979573967187, 
          385.1042110655263
        ], 
        [
          271.62301914128597, 
          515.7674312800923
        ], 
        [
          199.1195554678618, 
          512.7624329112198
        ], 
        [
          230.28400190273007, 
          385.40738690328686
        ], 
        [
          294.50428262943853, 
          392.5702078639233
        ]
      ], 
      "projected_cuboid_centroid": [
        250.4393964742594, 
        445.7885670724501
      ], 
      "quaternion_xyzw": [
        0.9534207711826213, 
        0.05393009706017082, 
        0.17897437623473092, 
        0.23674552482568564
      ], 
      "visibility": 0.5102508178844056
    }, 
    {
      "bounding_box": {
        "bottom_right": [
          417, 
          257
        ], 
        "top_left": [
          347, 
          109
        ]
      }, 
      "class": "024_bowl", 
      "cuboid": [
        [
          -44.36785939424354, 
          11.990951140724906, 
          58.41403974169117
        ], 
        [
          -42.392814185648575, 
          19.833384197012105, 
          72.35440492942654
        ], 
        [
          -42.24262392320408, 
          15.031799757063688, 
          75.0343542329825
        ], 
        [
          -44.217669131799035, 
          7.189366700776489, 
          61.09398904524712
        ], 
        [
          -28.3493278641372, 
          11.408273850918695, 
          56.472360600290074
        ], 
        [
          -26.374282655542242, 
          19.250706907205895, 
          70.41272578802544
        ], 
        [
          -26.22409239309774, 
          14.449122467257478, 
          73.0926750915814
        ], 
        [
          -28.199137601692705, 
          6.606689410970278, 
          59.15230990384603
        ]
      ], 
      "cuboid_centroid": [
        -35.29597589367064, 
        13.220036803991192, 
        65.75335741663628
      ], 
      "location": [
        -35.29597589367064, 
        13.220036803991192, 
        65.75335741663628
      ], 
      "pose_transform_permuted": [
        [
          -0.9920868658997161, 
          0.03608735826928498, 
          0.12025536612735176, 
          0.0
        ], 
        [
          -0.12254878492666661, 
          -0.48661197107504683, 
          -0.8649801066611044, 
          0.0
        ], 
        [
          -0.027302853738698465, 
          0.8728725520828354, 
          -0.4871838072002408, 
          0.0
        ], 
        [
          -35.29597589367064, 
          13.220036803991192, 
          65.75335741663628, 
          1.0
        ]
      ], 
      "projected_cuboid": [
        [
          73.1432378595247, 
          382.76379879879903
        ], 
        [
          166.51839343386737, 
          419.47711481142716
        ], 
        [
          178.84823628885354, 
          380.12764113609455
        ], 
        [
          92.3824870547017, 
          336.0460682076076
        ], 
        [
          211.63760055674535, 
          381.0251872994342
        ], 
        [
          280.16842038126197, 
          419.09510977865045
        ], 
        [
          288.65881268218254, 
          378.71433853424526
        ], 
        [
          225.23376628585066, 
          332.85271297151445
        ]
      ], 
      "projected_cuboid_centroid": [
        192.928831375867, 
        380.5130705086995
      ], 
      "quaternion_xyzw": [
        -0.6383706605548256, 
        0.17987555887090362, 
        0.7272682969745164, 
        -0.17665929717810624
      ], 
      "visibility": 0.693686569131409
    }, 
    {
      "bounding_box": {
        "bottom_right": [
          416, 
          399
        ], 
        "top_left": [
          332, 
          291
        ]
      }, 
      "class": "025_mug", 
      "cuboid": [
        [
          -9.635423628528972, 
          13.144733454140411, 
          53.29505919682641
        ], 
        [
          -21.203025779742447, 
          14.021177363583192, 
          54.80806351549254
        ], 
        [
          -21.407412726125656, 
          6.408466372115411, 
          57.65527766353639
        ], 
        [
          -9.839810574912185, 
          5.532022462672629, 
          56.142273344870254
        ], 
        [
          -8.263958925726172, 
          16.33777749333416, 
          61.93087991757628
        ], 
        [
          -19.831561076939646, 
          17.214221402776943, 
          63.44388423624241
        ], 
        [
          -20.03594802332286, 
          9.601510411309162, 
          66.29109838428626
        ], 
        [
          -8.468345872109385, 
          8.72506650186638, 
          64.77809406562012
        ]
      ], 
      "cuboid_centroid": [
        -14.835685825925914, 
        11.373121932724786, 
        59.79307879055633
      ], 
      "location": [
        -14.835685825925914, 
        11.373121932724786, 
        59.79307879055633
      ], 
      "pose_transform_permuted": [
        [
          -0.14732991798840653, 
          -0.3430135062655186, 
          -0.9277050703167844, 
          0.0
        ], 
        [
          0.9887684243661309, 
          -0.07491613664238299, 
          -0.12932765811536262, 
          0.0
        ], 
        [
          0.02513891950343708, 
          0.9363383141828574, 
          -0.3501979384853722, 
          0.0
        ], 
        [
          -14.835685825925914, 
          11.373121932724786, 
          59.79307879055633, 
          1.0
        ]
      ], 
      "projected_cuboid": [
        [
          384.3725946040451, 
          404.8248807904328
        ], 
        [
          273.5578938033386, 
          409.7220912098603
        ], 
        [
          281.92521345467276, 
          332.5657705659733
        ], 
        [
          387.3455229149624, 
          325.8375968914064
        ], 
        [
          409.8386868430481, 
          413.9797865560454
        ], 
        [
          313.500489063205, 
          417.9920756966108
        ], 
        [
          319.06224659098723, 
          350.53180401532296
        ], 
        [
          411.29596244075725, 
          345.120217206424
        ]
      ], 
      "projected_cuboid_centroid": [
        348.1686158725687, 
        374.7281892762566
      ], 
      "quaternion_xyzw": [
        0.9814290357516651, 
        -0.025487083757713837, 
        -0.07047314834431212, 
        0.1765821622089997
      ], 
      "visibility": 0.8297936436210273
    }, 
    {
      "bounding_box": {
        "bottom_right": [
          422, 
          325
        ], 
        "top_left": [
          351, 
          273
        ]
      }, 
      "class": "061_foam_brick", 
      "cuboid": [
        [
          -24.82638774804053, 
          9.748026968881996, 
          67.53159552077958
        ], 
        [
          -24.96026528939542, 
          16.669268369769526, 
          63.96479170866367
        ], 
        [
          -26.348810537697677, 
          18.905208247667655, 
          68.35566249990464
        ], 
        [
          -26.214932996342792, 
          11.983966846780126, 
          71.92246631202055
        ], 
        [
          -19.768229036748583, 
          10.47849609298887, 
          68.75918737119608
        ], 
        [
          -19.902106578103467, 
          17.3997374938764, 
          65.19238355908017
        ], 
        [
          -21.29065182640573, 
          19.63567737177453, 
          69.58325435032114
        ], 
        [
          -21.15677428505084, 
          12.714435970886997, 
          73.15005816243705
        ]
      ], 
      "cuboid_centroid": [
        -23.05851978722313, 
        14.691852170328263, 
        68.55742493555036
      ], 
      "location": [
        -23.05851978722313, 
        14.691852170328263, 
        68.55742493555036
      ], 
      "pose_transform_permuted": [
        [
          -0.962358955652542, 
          -0.13897814274640746, 
          -0.23356009144138593, 
          0.0
        ], 
        [
          0.01719155884236974, 
          -0.8887743799401707, 
          0.45802243598598374, 
          0.0
        ], 
        [
          0.2712373329391047, 
          -0.4367667311056606, 
          -0.8577092350087864, 
          0.0
        ], 
        [
          -23.05851978722313, 
          14.691852170328263, 
          68.55742493555036, 
          1.0
        ]
      ], 
      "projected_cuboid": [
        [
          283.900895620194, 
          350.2699653637418
        ], 
        [
          271.7514307501603, 
          412.26998530077253
        ], 
        [
          274.3071138649063, 
          420.78738010148453
        ], 
        [
          285.58811087077777, 
          362.15006743458764
        ], 
        [
          326.9902059541646, 
          354.5613084118131
        ], 
        [
          317.4270202047468, 
          415.62863748623266
        ], 
        [
          317.05537620214824, 
          423.7838288738028
        ], 
        [
          326.062648084173, 
          365.9844504997287
        ]
      ], 
      "projected_cuboid_centroid": [
        300.72618228575703, 
        387.5768935900003
      ], 
      "quaternion_xyzw": [
        0.4511055639143946, 
        -0.6428715392099493, 
        -0.2795002766593371, 
        0.552358171503474
      ], 
      "visibility": 0.4555148283905365
    }
  ]
}