{
  "camera_data": {
    "location_worldframe": [
      -21.506756953007272, 
      10.392952165032906, 
      80.93688872694912
    ], 
    "quaternion_xyzw_worldframe": [
      0.9432869490547716, 
      0.034254477805455985, 
      -0.11451611695118379, 
      -0.3097137866027266
    ]
  }, 
  "objects": [
    {
      "bounding_box": {
        "bottom_right": [
          539, 
          350
        ], 
        "top_left": [
          346, 
          153
        ]
      }, 
      "class": "003_cracker_box", 
      "cuboid": [
        [
          -24.981419350782247, 
          31.70623187315278, 
          65.81786017025432
        ], 
        [
          -38.88519292576533, 
          23.252899745648286, 
          63.74316211876378
        ], 
        [
          -33.074995326072845, 
          9.872492250500784, 
          79.3239145480505
        ], 
        [
          -19.171221751089757, 
          18.32582437800528, 
          81.39861259954102
        ], 
        [
          -28.25176292007149, 
          35.901618719394094, 
          70.64030557524715
        ], 
        [
          -42.15553649505458, 
          27.448286591889598, 
          68.56560752375661
        ], 
        [
          -36.34533889536208, 
          14.0678790967421, 
          84.14635995304333
        ], 
        [
          -22.441565320379, 
          22.521211224246592, 
          86.22105800453387
        ]
      ], 
      "cuboid_centroid": [
        -30.663379123072165, 
        22.88705548494744, 
        74.98211006164883
      ], 
      "location": [
        -30.663379123072165, 
        22.88705548494744, 
        74.98211006164883
      ], 
      "pose_transform_permuted": [
        [
          0.45547961664031994, 
          -0.5843157307166795, 
          -0.67164979391214, 
          0.0
        ], 
        [
          0.8476049762128781, 
          0.515333937093529, 
          0.1264782098973935, 
          0.0
        ], 
        [
          -0.27222072500886724, 
          0.6269019541497025, 
          -0.7299930251440292, 
          0.0
        ], 
        [
          -30.663379123072165, 
          22.88705548494744, 
          74.98211006164883, 
          1.0
        ]
      ], 
      "projected_cuboid": [
        [
          277.48668923813557, 
          530.2009123287132
        ], 
        [
          153.54529245476687, 
          467.8364534180759
        ], 
        [
          257.3703339784808, 
          339.66240308965615
        ], 
        [
          354.9414308044405, 
          393.3564102608123
        ], 
        [
          266.52464812371915, 
          544.3362761539424
        ], 
        [
          150.9687628938899, 
          486.7858314701814
        ], 
        [
          249.32064639316326, 
          362.4487479708314
        ], 
        [
          341.62817273062075, 
          412.5912885911172
        ]
      ], 
      "projected_cuboid_centroid": [
        261.6824528827086, 
        436.07356653013056
      ], 
      "quaternion_xyzw": [
        0.8868704420988898, 
        0.22200386457760105, 
        0.164048151486602, 
        0.37049063016189626
      ], 
      "visibility": 0.9044051772063453
    }, 
    {
      "bounding_box": {
        "bottom_right": [
          486, 
          264
        ], 
        "top_left": [
          355, 
          132
        ]
      }, 
      "class": "004_sugar_box", 
      "cuboid": [
        [
          -38.06332001833732, 
          27.062728237988033, 
          71.44591067576884
        ], 
        [
          -46.497414170390336, 
          23.247759995526675, 
          70.99611617446672
        ], 
        [
          -42.310124461755485, 
          12.426315314946129, 
          84.26313957638114
        ], 
        [
          -33.87603030970247, 
          16.24128355740749, 
          84.71293407768327
        ], 
        [
          -39.59630513221416, 
          30.10246108948717, 
          74.40914609040345
        ], 
        [
          -48.03039928426717, 
          26.287492847025813, 
          73.95935158910133
        ], 
        [
          -43.84310957563232, 
          15.466048166445265, 
          87.22637499101576
        ], 
        [
          -35.40901542357931, 
          19.281016408906627, 
          87.67616949231787
        ]
      ], 
      "cuboid_centroid": [
        -40.953214796984824, 
        21.26438820221665, 
        79.3361428333923
      ], 
      "location": [
        -40.953214796984824, 
        21.26438820221665, 
        79.3361428333923
      ], 
      "pose_transform_permuted": [
        [
          0.339651944752334, 
          -0.6734906720184809, 
          -0.6565417121333459, 
          0.0
        ], 
        [
          0.9100525453249858, 
          0.41164130928522363, 
          0.04853356192182637, 
          0.0
        ], 
        [
          -0.23757268463018572, 
          0.6139722453502566, 
          -0.7527261273908584, 
          0.0
        ], 
        [
          -40.953214796984824, 
          21.26438820221665, 
          79.3361428333923, 
          1.0
        ]
      ], 
      "projected_cuboid": [
        [
          195.09944157310213, 
          475.30066036916753
        ], 
        [
          129.39982774937047, 
          447.922649624626
        ], 
        [
          211.57553133288704, 
          351.9353675578955
        ], 
        [
          266.54950445486367, 
          375.5353229079249
        ], 
        [
          195.42971927782995, 
          489.0427029717687
        ], 
        [
          132.36441707689644, 
          462.845186435787
        ], 
        [
          211.2975551967482, 
          367.84906407842163
        ], 
        [
          264.4149714818646, 
          390.5697597948047
        ]
      ], 
      "projected_cuboid_centroid": [
        204.00397538721984, 
        416.23166043604414
      ], 
      "quaternion_xyzw": [
        0.8917071412196647, 
        0.1820143531169391, 
        0.1088321178361333, 
        0.39985571873366954
      ], 
      "visibility": 0.38344251185904676
    }, 
    {
      "bounding_box": {
        "bottom_right": [
          372, 
          219
        ], 
        "top_left": [
          281, 
          106
        ]
      }, 
      "class": "024_bowl", 
      "cuboid": [
        [
          -52.06729819025703, 
          1.285447892802253, 
          69.98540073519499
        ], 
        [
          -49.932820561768345, 
          14.184622531459745, 
          79.40843847685034
        ], 
        [
          -48.5751618522286, 
          10.895454802887846, 
          83.60343990715403
        ], 
        [
          -50.709639480717286, 
          -2.003719835769642, 
          74.18040216549869
        ], 
        [
          -36.5673069185865, 
          1.984652598926314, 
          65.5172505082789
        ], 
        [
          -34.432829290097814, 
          14.883827237583802, 
          74.94028824993426
        ], 
        [
          -33.07517058055806, 
          11.59465950901191, 
          79.13528968023795
        ], 
        [
          -35.20964820904675, 
          -1.3045151296455824, 
          69.7122519385826
        ]
      ], 
      "cuboid_centroid": [
        -42.57123438540755, 
        6.440053700907081, 
        74.56034520771647
      ], 
      "location": [
        -42.57123438540755, 
        6.440053700907081, 
        74.56034520771647
      ], 
      "pose_transform_permuted": [
        [
          -0.9599717510486738, 
          -0.04330433187444282, 
          0.27672905888152005, 
          0.0
        ], 
        [
          -0.13244134295565163, 
          -0.800375693500661, 
          -0.5846862747913958, 
          0.0
        ], 
        [
          -0.24680666090008013, 
          0.5979326752187443, 
          -0.7626027721173777, 
          0.0
        ], 
        [
          -42.57123438540755, 
          6.440053700907081, 
          74.56034520771647, 
          1.0
        ]
      ], 
      "projected_cuboid": [
        [
          81.51477795616886, 
          283.0822171827514
        ], 
        [
          143.44567458568366, 
          368.5526976116051
        ], 
        [
          169.14611931126134, 
          342.79036964660776
        ], 
        [
          113.98219139468668, 
          258.88080551829376
        ], 
        [
          181.45349260176383, 
          289.441887734172
        ], 
        [
          234.5105278456405, 
          379.20868911949816
        ], 
        [
          256.83468188190506, 
          351.42688473879093
        ], 
        [
          209.98797083113303, 
          263.30660696735794
        ]
      ], 
      "projected_cuboid_centroid": [
        174.55345250376715, 
        319.35132947078716
      ], 
      "quaternion_xyzw": [
        -0.5451518764027078, 
        0.25386000514820545, 
        0.7083613267704406, 
        -0.3695791663186401
      ], 
      "visibility": 0.592722547108512
    }, 
    {
      "bounding_box": {
        "bottom_right": [
          360, 
          338
        ], 
        "top_left": [
          269, 
          233
        ]
      }, 
      "class": "025_mug", 
      "cuboid": [
        [
          -19.016456412104038, 
          4.6409846072982015, 
          58.57254080304557
        ], 
        [
          -30.280956554631576, 
          4.594518781423901, 
          61.73096335069228
        ], 
        [
          -28.72735265872438, 
          -1.2303048375682504, 
          67.186191651189
        ], 
        [
          -17.462852516196843, 
          -1.1838390116939497, 
          64.02776910354228
        ], 
        [
          -17.240771196397333, 
          11.135211665907145, 
          65.0010555704043
        ], 
        [
          -28.50527133892487, 
          11.088745840032843, 
          68.15947811805103
        ], 
        [
          -26.951667443017673, 
          5.263922221040692, 
          73.61470641854775
        ], 
        [
          -15.687167300490135, 
          5.310388046914993, 
          70.45628387090103
        ]
      ], 
      "cuboid_centroid": [
        -22.984061927560855, 
        4.952453414169447, 
        66.09362361079666
      ], 
      "location": [
        -22.984061927560855, 
        4.952453414169447, 
        66.09362361079666
      ], 
      "pose_transform_permuted": [
        [
          -0.19075340157763576, 
          -0.6976438678936397, 
          -0.690584709563909, 
          0.0
        ], 
        [
          0.9628600561811859, 
          0.003971777455346148, 
          -0.26997371150005367, 
          0.0
        ], 
        [
          -0.19108814907489186, 
          0.7164340711124294, 
          -0.6709750673701688, 
          0.0
        ], 
        [
          -22.984061927560855, 
          4.952453414169447, 
          66.09362361079666, 
          1.0
        ]
      ], 
      "projected_cuboid": [
        [
          307.0038917395175, 
          315.54401806225974
        ], 
        [
          217.80710087817494, 
          312.98050529344084
        ], 
        [
          251.66088418393053, 
          263.5204588657763
        ], 
        [
          334.92799311788514, 
          263.4257457486566
        ], 
        [
          338.9614409949199, 
          364.6485380608308
        ], 
        [
          256.6964438644368, 
          360.0513647169688
        ], 
        [
          284.7119944138894, 
          311.4222983661757
        ], 
        [
          361.8633327739705, 
          313.483576259059
        ]
      ], 
      "projected_cuboid_centroid": [
        294.58959677816165, 
        313.2486439490661
      ], 
      "quaternion_xyzw": [
        0.9178614869436353, 
        0.053128911416624354, 
        -0.1254892812345394, 
        0.37277382119527086
      ], 
      "visibility": 0.7365993319548274
    }, 
    {
      "bounding_box": {
        "bottom_right": [
          385, 
          290
        ], 
        "top_left": [
          312, 
          227
        ]
      }, 
      "class": "061_foam_brick", 
      "cuboid": [
        [
          -31.503078087118443, 
          5.290724891039306, 
          75.56202291067075
        ], 
        [
          -33.344146689857325, 
          10.159433788170277, 
          69.76980958288574
        ], 
        [
          -34.58941890498216, 
          13.758475632971248, 
          73.19083665953112
        ], 
        [
          -32.74835030224328, 
          8.889766735840276, 
          78.98304998731611
        ], 
        [
          -26.558702920618703, 
          7.0720661911242235, 
          75.48776776530325
        ], 
        [
          -28.399771523357586, 
          11.940775088255196, 
          69.69555443751825
        ], 
        [
          -29.645043738482425, 
          15.539816933056166, 
          73.11658151416361
        ], 
        [
          -27.803975135743542, 
          10.671108035925196, 
          78.90879484194862
        ]
      ], 
      "cuboid_centroid": [
        -30.574060912800434, 
        10.415270912047736, 
        74.33930221241718
      ], 
      "location": [
        -30.574060912800434, 
        10.415270912047736, 
        74.33930221241718
      ], 
      "pose_transform_permuted": [
        [
          -0.9407106406061545, 
          -0.3389157697609298, 
          0.01412769116717491, 
          0.0
        ], 
        [
          0.2364163465844061, 
          -0.6252034108508172, 
          0.7437929860708463, 
          0.0
        ], 
        [
          0.2432504917118167, 
          -0.7030339935364867, 
          -0.6682607292173458, 
          0.0
        ], 
        [
          -30.574060912800434, 
          10.415270912047736, 
          74.33930221241718, 
          1.0
        ]
      ], 
      "projected_cuboid": [
        [
          257.39420642540705, 
          310.6286720968497
        ], 
        [
          224.59074498554818, 
          350.9451273563286
        ], 
        [
          227.4539859804507, 
          373.54040615047813
        ], 
        [
          258.62664141236894, 
          333.31317269367315
        ], 
        [
          292.3966832155023, 
          323.25054546057424
        ], 
        [
          262.4672355974415, 
          364.65892527649237
        ], 
        [
          263.5611940726157, 
          386.6355009343598
        ], 
        [
          292.1127738399744, 
          345.4091816118819
        ]
      ], 
      "projected_cuboid_centroid": [
        260.4269834463397, 
        348.00701256372207
      ], 
      "quaternion_xyzw": [
        0.360296635385603, 
        -0.6025964561348054, 
        -0.1366357850695437, 
        0.698852278970325
      ], 
      "visibility": 0.41318327974276525
    }
  ]
}