{
  "camera_data": {
    "location_worldframe": [
      -14.078514864866229, 
      -0.5543483754327422, 
      70.16559176470909
    ], 
    "quaternion_xyzw_worldframe": [
      -0.8354923121665863, 
      -0.048507313933013135, 
      -0.09668058623122362, 
      0.5387529455035797
    ]
  }, 
  "objects": [
    {
      "bounding_box": {
        "bottom_right": [
          480, 
          393
        ], 
        "top_left": [
          300, 
          248
        ]
      }, 
      "class": "003_cracker_box", 
      "cuboid": [
        [
          -10.470816983762997, 
          25.469200457078973, 
          68.00357032841818
        ], 
        [
          -22.874791420536543, 
          22.471000506011357, 
          57.696760399422566
        ], 
        [
          -24.142122382653394, 
          2.470406546846954, 
          65.04003355650254
        ], 
        [
          -11.73814794587985, 
          5.468606497914568, 
          75.34684348549816
        ], 
        [
          -15.149816326795698, 
          27.605027571493167, 
          73.01332134220873
        ], 
        [
          -27.553790763569243, 
          24.606827620425552, 
          62.70651141321311
        ], 
        [
          -28.821121725686094, 
          4.60623366126115, 
          70.04978457029308
        ], 
        [
          -16.417147288912552, 
          7.604433612328763, 
          80.3565944992887
        ]
      ], 
      "cuboid_centroid": [
        -19.645969354724546, 
        15.037717059170062, 
        69.02667744935563
      ], 
      "location": [
        -19.645969354724546, 
        15.037717059170062, 
        69.02667744935563
      ], 
      "pose_transform_permuted": [
        [
          0.651671233272908, 
          -0.29746896455127125, 
          -0.6977369266803655, 
          0.0
        ], 
        [
          0.7561738833509001, 
          0.18277694069893596, 
          0.6283260682852149, 
          0.0
        ], 
        [
          0.059377284062059055, 
          0.9370724652221575, 
          -0.3440487364602307, 
          0.0
        ], 
        [
          -19.645969354724546, 
          15.037717059170062, 
          69.02667744935563, 
          1.0
        ]
      ], 
      "projected_cuboid": [
        [
          398.7951135041728, 
          473.0293353944612
        ], 
        [
          268.3920354710489, 
          480.9970669667768
        ], 
        [
          281.98516822323535, 
          293.54354151885065
        ], 
        [
          397.81978914044953, 
          311.99439624169736
        ], 
        [
          370.0143339619863, 
          474.92510923412794
        ], 
        [
          245.29884594129388, 
          482.56788299538096
        ], 
        [
          260.3406824806778, 
          308.3558052358915
        ], 
        [
          371.7299058391911, 
          323.75648870110797
        ]
      ], 
      "projected_cuboid_centroid": [
        328.54181851460737, 
        389.47218228868655
      ], 
      "quaternion_xyzw": [
        0.9207311327490537, 
        0.033505887942671966, 
        0.34754915306719275, 
        0.17418703413886522
      ], 
      "visibility": 0.8192643444359692
    }, 
    {
      "bounding_box": {
        "bottom_right": [
          457, 
          280
        ], 
        "top_left": [
          312, 
          192
        ]
      }, 
      "class": "004_sugar_box", 
      "cuboid": [
        [
          -24.910275806823535, 
          21.984408702312823, 
          66.0718930301064
        ], 
        [
          -32.6857135679341, 
          20.91584720925529, 
          61.143304397573175
        ], 
        [
          -34.438967915736846, 
          4.553757666039971, 
          67.45671037197116
        ], 
        [
          -26.66353015462628, 
          5.6223191590975015, 
          72.3852990045044
        ], 
        [
          -27.32489614938797, 
          23.579560223614592, 
          69.53540043095867
        ], 
        [
          -35.100333910498534, 
          22.510998730557063, 
          64.60681179842544
        ], 
        [
          -36.853588258301286, 
          6.148909187341742, 
          70.92021777282343
        ], 
        [
          -29.07815049719072, 
          7.2174706803992725, 
          75.84880640535665
        ]
      ], 
      "cuboid_centroid": [
        -30.88193203256241, 
        14.066658944827282, 
        68.49605540146491
      ], 
      "location": [
        -30.88193203256241, 
        14.066658944827282, 
        68.49605540146491
      ], 
      "pose_transform_permuted": [
        [
          0.5349892101146969, 
          -0.3534256865773576, 
          -0.7673832013857934, 
          0.0
        ], 
        [
          0.8389824441066073, 
          0.11529953176495687, 
          0.5318027696910241, 
          0.0
        ], 
        [
          0.09947373390193259, 
          0.9283297334132773, 
          -0.35820134522934227, 
          0.0
        ], 
        [
          -30.88193203256241, 
          14.066658944827282, 
          68.49605540146491, 
          1.0
        ]
      ], 
      "projected_cuboid": [
        [
          278.85049429101525, 
          450.7404468627666
        ], 
        [
          194.1215911682704, 
          455.72402684823146
        ], 
        [
          207.0500647438674, 
          309.2890072231603
        ], 
        [
          283.50868233470106, 
          314.7105971705592
        ], 
        [
          270.27526971584314, 
          454.13602114941006
        ], 
        [
          189.43443074108382, 
          459.11147076413397
        ], 
        [
          202.14877754516576, 
          319.52629566597756
        ], 
        [
          275.43452306433704, 
          324.03510789628973
        ]
      ], 
      "projected_cuboid_centroid": [
        239.14235034548284, 
        382.8114535564349
      ], 
      "quaternion_xyzw": [
        0.9400392782891679, 
        0.0042088129263669095, 
        0.2837094163095073, 
        0.189254600377399
      ], 
      "visibility": 0.5229365845101307
    }, 
    {
      "bounding_box": {
        "bottom_right": [
          353, 
          265
        ], 
        "top_left": [
          271, 
          87
        ]
      }, 
      "class": "024_bowl", 
      "cuboid": [
        [
          -38.44235694123533, 
          3.9066999082304847, 
          47.28917714258637
        ], 
        [
          -39.51190528335993, 
          10.093001776955747, 
          62.13249472723129
        ], 
        [
          -40.02915706532434, 
          5.0248028305306285, 
          64.20751486015239
        ], 
        [
          -38.95960872319974, 
          -1.1614990381946328, 
          49.36419727550747
        ], 
        [
          -22.40335013143044, 
          2.912585325464106, 
          48.8592025705914
        ], 
        [
          -23.47289847355504, 
          9.098887194189368, 
          63.70252015523632
        ], 
        [
          -23.990150255519456, 
          4.03068824776425, 
          65.77754028815743
        ], 
        [
          -22.92060191339485, 
          -2.1556136209610126, 
          50.934222703512496
        ]
      ], 
      "cuboid_centroid": [
        -31.216253598377392, 
        3.9686940779973674, 
        56.5333587153719
      ], 
      "location": [
        -31.216253598377392, 
        3.9686940779973674, 
        56.5333587153719
      ], 
      "pose_transform_permuted": [
        [
          -0.9933549756528717, 
          0.06156919059080279, 
          -0.09723747793765647, 
          0.0
        ], 
        [
          0.06636397444337222, 
          -0.3838513538336543, 
          -0.9210070363771116, 
          0.0
        ], 
        [
          0.09403039530791235, 
          0.9213399876973017, 
          -0.3772146760508843, 
          0.0
        ], 
        [
          -31.216253598377392, 
          3.9686940779973674, 
          56.5333587153719, 
          1.0
        ]
      ], 
      "projected_cuboid": [
        [
          44.43749955223714, 
          317.34565874706
        ], 
        [
          139.61690186544013, 
          359.92068206759745
        ], 
        [
          146.33661896587697, 
          315.0234866381867
        ], 
        [
          57.17862665112094, 
          260.7379659982544
        ], 
        [
          235.0167946448023, 
          305.0786817333244
        ], 
        [
          283.4435241169145, 
          349.46271929892526
        ], 
        [
          285.46569153420876, 
          305.9670694633564
        ], 
        [
          239.6011315600003, 
          250.7156436634645
        ]
      ], 
      "projected_cuboid_centroid": [
        184.65773384343785, 
        310.72606606728084
      ], 
      "quaternion_xyzw": [
        0.7219663150172468, 
        -0.16547924023648897, 
        -0.6628986603011566, 
        0.10930062763819567
      ], 
      "visibility": 0.7850655903128153
    }, 
    {
      "bounding_box": {
        "bottom_right": [
          339, 
          441
        ], 
        "top_left": [
          246, 
          327
        ]
      }, 
      "class": "025_mug", 
      "cuboid": [
        [
          -3.429533942720739, 
          4.251416007426684, 
          50.091844636968176
        ], 
        [
          -15.030252187781237, 
          5.409763462430363, 
          49.11802591889621
        ], 
        [
          -15.96957081877996, 
          -2.454904127554819, 
          50.95281617306223
        ], 
        [
          -4.3688525737194635, 
          -3.613251582558498, 
          51.92663489113419
        ], 
        [
          -3.971077343615955, 
          6.4240358759830585, 
          59.127346772427956
        ], 
        [
          -15.571795588676451, 
          7.582383330986738, 
          58.153528054355995
        ], 
        [
          -16.51111421967518, 
          -0.2822842589984442, 
          59.98831830852202
        ], 
        [
          -4.910395974614679, 
          -1.4406317140021232, 
          60.96213702659398
        ]
      ], 
      "cuboid_centroid": [
        -9.970324081197958, 
        1.9845658742141197, 
        55.04008147274509
      ], 
      "location": [
        -9.970324081197958, 
        1.9845658742141197, 
        55.04008147274509
      ], 
      "pose_transform_permuted": [
        [
          0.05817542710213454, 
          -0.2333941999383842, 
          -0.9706409402158513, 
          0.0
        ], 
        [
          0.991599101589141, 
          -0.09901251555685261, 
          0.08323948100041222, 
          0.0
        ], 
        [
          0.11553308990918584, 
          0.9673281438200841, 
          -0.22567314264135896, 
          0.0
        ], 
        [
          -9.970324081197958, 
          1.9845658742141197, 
          55.04008147274509, 
          1.0
        ]
      ], 
      "projected_cuboid": [
        [
          444.7791007209604, 
          318.5506609020474
        ], 
        [
          317.03978785515824, 
          332.025315464101
        ], 
        [
          313.05171260412936, 
          247.59122721419973
        ], 
        [
          436.3522401630319, 
          236.17614498287818
        ], 
        [
          445.4800670108252, 
          331.2303545514931
        ], 
        [
          337.5997633386781, 
          342.8237380932827
        ], 
        [
          333.58353293605245, 
          270.77692064943153
        ], 
        [
          438.28109632192457, 
          260.6833527473026
        ]
      ], 
      "projected_cuboid_centroid": [
        384.18294119237237, 
        292.51630320872084
      ], 
      "quaternion_xyzw": [
        0.9911569231994847, 
        -0.05411494397211058, 
        0.03566915207686164, 
        0.11579078242672709
      ], 
      "visibility": 0.9049381140742631
    }, 
    {
      "bounding_box": {
        "bottom_right": [
          350, 
          336
        ], 
        "top_left": [
          273, 
          282
        ]
      }, 
      "class": "061_foam_brick", 
      "cuboid": [
        [
          -21.454945534222553, 
          -0.08475714374819726, 
          60.1547971306586
        ], 
        [
          -20.694775638934843, 
          7.185137886346327, 
          57.4688404777566
        ], 
        [
          -22.99487431466532, 
          8.979842735190752, 
          61.675479508737055
        ], 
        [
          -23.75504420995303, 
          1.7099477050962288, 
          64.36143616163906
        ], 
        [
          -16.78744811504041, 
          0.30815771815001364, 
          62.539251406657336
        ], 
        [
          -16.0272782197527, 
          7.578052748244538, 
          59.85329475375533
        ], 
        [
          -18.327376895483177, 
          9.372757597088963, 
          64.05993378473579
        ], 
        [
          -19.087546790770887, 
          2.1028625669944403, 
          66.74589043763778
        ]
      ], 
      "cuboid_centroid": [
        -19.891161214852865, 
        4.644000226670383, 
        62.10736545769719
      ], 
      "location": [
        -19.891161214852865, 
        4.644000226670383, 
        62.10736545769719
      ], 
      "pose_transform_permuted": [
        [
          -0.8880322263924715, 
          -0.07475549063191518, 
          -0.4536632908984518, 
          0.0
        ], 
        [
          -0.09761536814001066, 
          -0.9335458877035901, 
          0.34491059052253825, 
          0.0
        ], 
        [
          0.44929946003898324, 
          -0.3505762287607326, 
          -0.8217215483584339, 
          0.0
        ], 
        [
          -19.891161214852865, 
          4.644000226670383, 
          62.10736545769719, 
          1.0
        ]
      ], 
      "projected_cuboid": [
        [
          289.7969423769162, 
          272.53509924785624
        ], 
        [
          287.9459426281412, 
          339.965710742135
        ], 
        [
          281.0989765141033, 
          350.93694333897986
        ], 
        [
          283.11473589269815, 
          287.4557152359031
        ], 
        [
          337.2447568459664, 
          275.91443233735083
        ], 
        [
          337.59675022809785, 
          340.8103718751267
        ], 
        [
          327.74421204793146, 
          351.3177640460922
        ], 
        [
          327.8108841355343, 
          290.0890374363421
        ]
      ], 
      "projected_cuboid_centroid": [
        309.36708163916273, 
        313.1648398041316
      ], 
      "quaternion_xyzw": [
        -0.5013660573866436, 
        0.6895387747979072, 
        0.2708209041418456, 
        -0.44701721715227904
      ], 
      "visibility": 0.8980793854033291
    }
  ]
}