{
  "camera_data": {
    "location_worldframe": [
      -16.73816796748575, 
      11.945240425642146, 
      73.03444281630897
    ], 
    "quaternion_xyzw_worldframe": [
      0.8814881939363093, 
      0.0032225427217694763, 
      -0.023924811523467007, 
      -0.4715927423689524
    ]
  }, 
  "objects": [
    {
      "bounding_box": {
        "bottom_right": [
          539, 
          382
        ], 
        "top_left": [
          385, 
          218
        ]
      }, 
      "class": "003_cracker_box", 
      "cuboid": [
        [
          -15.270610521123935, 
          37.29225327187737, 
          65.94281072425547
        ], 
        [
          -29.641604043339747, 
          32.41728417755396, 
          59.714862651175615
        ], 
        [
          -27.91136121326957, 
          13.911633791930504, 
          70.20775122870566
        ], 
        [
          -13.54036769105376, 
          18.786602886253917, 
          76.4356993017855
        ], 
        [
          -18.683177737110864, 
          40.16367808207748, 
          71.56968393152441
        ], 
        [
          -33.05417125932668, 
          35.28870898775406, 
          65.34173585844457
        ], 
        [
          -31.323928429256505, 
          16.783058602130605, 
          75.8346244359746
        ], 
        [
          -16.95293490704069, 
          21.65802769645402, 
          82.06257250905445
        ]
      ], 
      "cuboid_centroid": [
        -23.29726947519022, 
        27.03765593700399, 
        70.88871758011504
      ], 
      "location": [
        -23.29726947519022, 
        27.03765593700399, 
        70.88871758011504
      ], 
      "pose_transform_permuted": [
        [
          0.47528792445341367, 
          -0.39991989956140706, 
          -0.7836870949579049, 
          0.0
        ], 
        [
          0.8760877438676196, 
          0.29718896391316835, 
          0.3796695731463895, 
          0.0
        ], 
        [
          -0.08106573822343427, 
          0.8670310223187008, 
          -0.4916152483632683, 
          0.0
        ], 
        [
          -23.29726947519022, 
          27.03765593700399, 
          70.88871758011504, 
          1.0
        ]
      ], 
      "projected_cuboid": [
        [
          357.06514851566953, 
          574.8916523529833
        ], 
        [
          214.6586993607783, 
          562.8086388042406
        ], 
        [
          267.8069179221232, 
          378.963569438732
        ], 
        [
          386.3336961149658, 
          404.36747675770584
        ], 
        [
          341.2144353715371, 
          572.5763332786685
        ], 
        [
          209.56046479222428, 
          561.3131617119185
        ], 
        [
          259.4705440261398, 
          391.31618320743735
        ], 
        [
          370.5028380709576, 
          414.0407204329727
        ]
      ], 
      "projected_cuboid_centroid": [
        304.8632577840686, 
        476.6998862050272
      ], 
      "quaternion_xyzw": [
        0.938989598071276, 
        0.10070790531480692, 
        0.22762698845544235, 
        0.23736555488898015
      ], 
      "visibility": 0.6179248166813555
    }, 
    {
      "bounding_box": {
        "bottom_right": [
          534, 
          280
        ], 
        "top_left": [
          391, 
          173
        ]
      }, 
      "class": "004_sugar_box", 
      "cuboid": [
        [
          -29.51646132303821, 
          33.30845770853686, 
          68.30049915539139
        ], 
        [
          -38.193268011840765, 
          31.308496574409318, 
          65.73078650662775
        ], 
        [
          -37.395404497286236, 
          16.20946850012984, 
          74.78803415975686
        ], 
        [
          -28.718597808483683, 
          18.209429634257383, 
          77.35774680852049
        ], 
        [
          -31.08905794175888, 
          35.42326790836871, 
          71.96455442024087
        ], 
        [
          -39.76586463056143, 
          33.42330677424117, 
          69.39484177147725
        ], 
        [
          -38.9680011160069, 
          18.32427869996169, 
          78.45208942460634
        ], 
        [
          -30.29119442720435, 
          20.324239834089227, 
          81.02180207336998
        ]
      ], 
      "cuboid_centroid": [
        -34.24223121952256, 
        25.816368204249272, 
        73.37629428999887
      ], 
      "location": [
        -34.24223121952256, 
        25.816368204249272, 
        73.37629428999887
      ], 
      "pose_transform_permuted": [
        [
          0.34842836699739327, 
          -0.4685625389658331, 
          -0.8118170784052005, 
          0.0
        ], 
        [
          0.9362416247766824, 
          0.2157990754965397, 
          0.2772761952380988, 
          0.0
        ], 
        [
          -0.045268082772088346, 
          0.8566678889010036, 
          -0.5138776607400896, 
          0.0
        ], 
        [
          -34.24223121952256, 
          25.816368204249272, 
          73.37629428999887, 
          1.0
        ]
      ], 
      "projected_cuboid": [
        [
          249.19919456861183, 
          533.3732577106038
        ], 
        [
          169.12605891071743, 
          527.3141440727692
        ], 
        [
          212.70508394727145, 
          388.8775824719027
        ], 
        [
          281.9554148258886, 
          398.8259418935563
        ], 
        [
          249.28024529778864, 
          535.8035872100126
        ], 
        [
          173.4379813281838, 
          530.1543912973887
        ], 
        [
          214.4838666258753, 
          397.8555169576698
        ], 
        [
          280.54606797408456, 
          407.0692339867798
        ]
      ], 
      "projected_cuboid_centroid": [
        230.64081656301045, 
        460.92717673143073
      ], 
      "quaternion_xyzw": [
        0.9493058769546945, 
        0.06875211789115665, 
        0.1647794924231133, 
        0.2587259342735559
      ], 
      "visibility": 0.5083628492719402
    }, 
    {
      "bounding_box": {
        "bottom_right": [
          429, 
          234
        ], 
        "top_left": [
          353, 
          81
        ]
      }, 
      "class": "024_bowl", 
      "cuboid": [
        [
          -46.20724638350203, 
          12.131682423705097, 
          56.6524539531962
        ], 
        [
          -43.933554721319794, 
          20.69901209818637, 
          70.11237705326776
        ], 
        [
          -43.631959119836196, 
          16.042459159097056, 
          73.02535720032375
        ], 
        [
          -45.905650782018434, 
          7.47512948461578, 
          59.56543410025219
        ], 
        [
          -30.246969189014962, 
          11.664754914508704, 
          54.25359721101459
        ], 
        [
          -27.973277526832725, 
          20.232084588989977, 
          67.71352031108616
        ], 
        [
          -27.671681925349123, 
          15.57553164990066, 
          70.62650045814213
        ], 
        [
          -29.94537358753136, 
          7.008201975419387, 
          57.16657735807058
        ]
      ], 
      "cuboid_centroid": [
        -36.93946415442558, 
        13.85360703680288, 
        63.63947720566917
      ], 
      "location": [
        -36.93946415442558, 
        13.85360703680288, 
        63.63947720566917
      ], 
      "pose_transform_permuted": [
        [
          -0.9884789595731615, 
          0.028918546517849045, 
          0.14857006477906268, 
          0.0
        ], 
        [
          -0.14107937847992247, 
          -0.531590789468946, 
          -0.835169349006237, 
          0.0
        ], 
        [
          -0.054826594357835795, 
          0.8465075015728317, 
          -0.52954612106222, 
          0.0
        ], 
        [
          -36.93946415442558, 
          13.85360703680288, 
          63.63947720566917, 
          1.0
        ]
      ], 
      "projected_cuboid": [
        [
          42.982450764121324, 
          387.49277905124654
        ], 
        [
          144.62539736825002, 
          430.7364629193994
        ], 
        [
          160.288162963311, 
          390.4480002430924
        ], 
        [
          67.15524425786124, 
          340.2151686731194
        ], 
        [
          181.78779350298052, 
          387.95252417592025
        ], 
        [
          259.44022294119486, 
          432.63679580456756
        ], 
        [
          270.8994590578455, 
          390.9015407539018
        ], 
        [
          199.90197451613815, 
          338.66759679310474
        ]
      ], 
      "projected_cuboid_centroid": [
        169.45253975191343, 
        389.384285082764
      ], 
      "quaternion_xyzw": [
        -0.6238705912113999, 
        0.19105091738069982, 
        0.7307798821861166, 
        -0.20061354934693998
      ], 
      "visibility": 0.6191387559808612
    }, 
    {
      "bounding_box": {
        "bottom_right": [
          429, 
          377
        ], 
        "top_left": [
          340, 
          262
        ]
      }, 
      "class": "025_mug", 
      "cuboid": [
        [
          -11.664296614538603, 
          13.486711294111448, 
          50.4217423386765
        ], 
        [
          -23.193298803280708, 
          14.284588283007475, 
          52.24170287836694
        ], 
        [
          -23.19925726213543, 
          6.824616491298048, 
          55.47443491674484
        ], 
        [
          -11.670255073393324, 
          6.026739502402021, 
          53.654474377054406
        ], 
        [
          -10.083132379316377, 
          17.13318791457509, 
          58.83940074858265
        ], 
        [
          -21.612134568058476, 
          17.931064903471114, 
          60.65936128827308
        ], 
        [
          -21.6180930269132, 
          10.471093111761686, 
          63.892093326650986
        ], 
        [
          -10.089090838171098, 
          9.67321612286566, 
          62.07213278696055
        ]
      ], 
      "cuboid_centroid": [
        -16.6411948207259, 
        11.978902202936567, 
        57.156917832663744
      ], 
      "location": [
        -16.6411948207259, 
        11.978902202936567, 
        57.156917832663744
      ], 
      "pose_transform_permuted": [
        [
          -0.16985693953728256, 
          -0.39172360786364174, 
          -0.9042689328069528, 
          0.0
        ], 
        [
          0.9854690003736309, 
          -0.06820044144291029, 
          -0.1555654743061396, 
          0.0
        ], 
        [
          0.0007328707638330212, 
          0.917551896969375, 
          -0.39761536598620667, 
          0.0
        ], 
        [
          -16.6411948207259, 
          11.978902202936567, 
          57.156917832663744, 
          1.0
        ]
      ], 
      "projected_cuboid": [
        [
          357.19361294401625, 
          415.93784101282296
        ], 
        [
          242.85061054380475, 
          419.11353536324634
        ], 
        [
          256.70562469646734, 
          338.89696966774994
        ], 
        [
          364.62931701699455, 
          333.19166680097464
        ], 
        [
          389.44205543141163, 
          428.58153624353423
        ], 
        [
          289.99880508561637, 
          430.9371933302036
        ], 
        [
          299.64290296616656, 
          360.69076474796674
        ], 
        [
          394.1898900426962, 
          356.39815923468217
        ]
      ], 
      "projected_cuboid_centroid": [
        325.02746864906914, 
        385.05923972895897
      ], 
      "quaternion_xyzw": [
        0.9756138875279962, 
        -0.017664086450584992, 
        -0.08338914041803341, 
        0.2022672555046008
      ], 
      "visibility": 0.7510362347907474
    }, 
    {
      "bounding_box": {
        "bottom_right": [
          437, 
          308
        ], 
        "top_left": [
          361, 
          249
        ]
      }, 
      "class": "061_foam_brick", 
      "cuboid": [
        [
          -26.370960531930976, 
          10.616595892429128, 
          65.2695956523536
        ], 
        [
          -26.71428076039951, 
          17.344941260209545, 
          61.363818521979226
        ], 
        [
          -28.004152028568114, 
          19.782718342796947, 
          65.67667214303985
        ], 
        [
          -27.66083180009958, 
          13.054372975016529, 
          69.58244927341421
        ], 
        [
          -21.289815631064034, 
          11.476023476877304, 
          66.30346564639757
        ], 
        [
          -21.633135859532572, 
          18.204368844657722, 
          62.39768851602321
        ], 
        [
          -22.923007127701172, 
          20.642145927245124, 
          66.71054213708383
        ], 
        [
          -22.579686899232637, 
          13.913800559464706, 
          70.6163192674582
        ]
      ], 
      "cuboid_centroid": [
        -24.646983829816076, 
        15.629370909837126, 
        65.99006889471872
      ], 
      "location": [
        -24.646983829816076, 
        15.629370909837126, 
        65.99006889471872
      ], 
      "pose_transform_permuted": [
        [
          -0.9667322793571613, 
          -0.16351361826234248, 
          -0.19670281312594995, 
          0.0
        ], 
        [
          0.044086632080035805, 
          -0.8640041050302814, 
          0.5015508701643951, 
          0.0
        ], 
        [
          0.25196243553503167, 
          -0.4761934513762021, 
          -0.8424694225582754, 
          0.0
        ], 
        [
          -24.646983829816076, 
          15.629370909837126, 
          65.99006889471872, 
          1.0
        ]
      ], 
      "projected_cuboid": [
        [
          264.32356605686687, 
          360.0350223171525
        ], 
        [
          247.48551442286902, 
          424.0332983009492
        ], 
        [
          252.29761132685042, 
          433.92974288673645
        ], 
        [
          267.8218973352836, 
          373.34269907228304
        ], 
        [
          308.9228856196376, 
          365.5952581589154
        ], 
        [
          295.15551437906294, 
          428.8811863574486
        ], 
        [
          296.81115642930035, 
          438.31084012327904
        ], 
        [
          309.64611960264176, 
          378.3685132483014
        ]
      ], 
      "projected_cuboid_centroid": [
        280.7447094408071, 
        399.60023515547556
      ], 
      "quaternion_xyzw": [
        0.4372058993854561, 
        -0.6381241322074637, 
        -0.2659967591051685, 
        0.5752341415307093
      ], 
      "visibility": 0.24425036390101892
    }
  ]
}