{
  "camera_data": {
    "location_worldframe": [
      -14.81803104613722, 
      9.656130411202241, 
      77.10501313845748
    ], 
    "quaternion_xyzw_worldframe": [
      -0.863635348190552, 
      -0.008585286832861002, 
      -0.0003760791803831148, 
      0.5040478987805428
    ]
  }, 
  "objects": [
    {
      "bounding_box": {
        "bottom_right": [
          534, 
          400
        ], 
        "top_left": [
          365, 
          251
        ]
      }, 
      "class": "003_cracker_box", 
      "cuboid": [
        [
          -12.683316287204732, 
          35.43073014467588, 
          72.00325972017009
        ], 
        [
          -26.80618797759372, 
          31.27003360098051, 
          64.7706104700511
        ], 
        [
          -25.818082510169514, 
          12.011999498078879, 
          73.91967147231352
        ], 
        [
          -11.695210819780527, 
          16.17269604177424, 
          81.15232072243253
        ], 
        [
          -16.32040793960157, 
          37.933981899751515, 
          77.66521101788703
        ], 
        [
          -30.443279629990556, 
          33.77328535605616, 
          70.43256176776804
        ], 
        [
          -29.45517416256635, 
          14.51525125315452, 
          79.58162277003048
        ], 
        [
          -15.332302472177364, 
          18.675947796849883, 
          86.81427202014947
        ]
      ], 
      "cuboid_centroid": [
        -21.06924522488554, 
        24.972990698915197, 
        75.79244124510028
      ], 
      "location": [
        -21.06924522488554, 
        24.972990698915197, 
        75.79244124510028
      ], 
      "pose_transform_permuted": [
        [
          0.5065587380715053, 
          -0.34864231405627605, 
          -0.7885726229922574, 
          0.0
        ], 
        [
          0.8609616848715294, 
          0.2536453198067996, 
          0.4409183925890181, 
          0.0
        ], 
        [
          -0.04629494644754917, 
          0.9022818786773847, 
          -0.42865392724647605, 
          0.0
        ], 
        [
          -21.06924522488554, 
          24.972990698915197, 
          75.79244124510028, 
          1.0
        ]
      ], 
      "projected_cuboid": [
        [
          386.8703698912308, 
          535.7177432580293
        ], 
        [
          259.0362001372937, 
          530.763210885943
        ], 
        [
          293.77107492813985, 
          359.951351795805
        ], 
        [
          404.09757797934776, 
          379.57081223224475
        ], 
        [
          368.5924428230958, 
          533.775567105915
        ], 
        [
          249.15769789454566, 
          529.0198808605636
        ], 
        [
          282.55698607546157, 
          370.5611031197587
        ], 
        [
          386.622355984113, 
          388.0170824249835
        ]
      ], 
      "projected_cuboid_centroid": [
        332.1061465444297, 
        449.010987165124
      ], 
      "quaternion_xyzw": [
        0.9423131361895009, 
        0.07957552928404424, 
        0.2513700314345358, 
        0.20622026040249225
      ], 
      "visibility": 0.7978046213222395
    }, 
    {
      "bounding_box": {
        "bottom_right": [
          502, 
          301
        ], 
        "top_left": [
          372, 
          211
        ]
      }, 
      "class": "004_sugar_box", 
      "cuboid": [
        [
          -27.07599189686203, 
          31.52079423921832, 
          73.39540006310705
        ], 
        [
          -35.6469528546816, 
          29.861214839908477, 
          70.28498748163105
        ], 
        [
          -35.47735018446767, 
          14.121793300888152, 
          78.2154864934921
        ], 
        [
          -26.90638922664809, 
          15.781372700197993, 
          81.32589907496809
        ], 
        [
          -28.792354415913042, 
          33.38434971993525, 
          77.1306435576978
        ], 
        [
          -37.36331537373261, 
          31.72477032062541, 
          74.0202309762218
        ], 
        [
          -37.19371270351868, 
          15.985348781605085, 
          81.95072998808286
        ], 
        [
          -28.622751745699105, 
          17.644928180914928, 
          85.06114256955884
        ]
      ], 
      "cuboid_centroid": [
        -32.13485230019035, 
        23.7530715104117, 
        77.67306502559495
      ], 
      "location": [
        -32.13485230019035, 
        23.7530715104117, 
        77.67306502559495
      ], 
      "pose_transform_permuted": [
        [
          0.3802814927676637, 
          -0.41289392665963587, 
          -0.8275897173279269, 
          0.0
        ], 
        [
          0.9248206973888375, 
          0.17907132992381875, 
          0.3356186018025497, 
          0.0
        ], 
        [
          -0.009622683044854096, 
          0.8930016525582861, 
          -0.44994974597043397, 
          0.0
        ], 
        [
          -32.13485230019035, 
          23.7530715104117, 
          77.67306502559495, 
          1.0
        ]
      ], 
      "projected_cuboid": [
        [
          283.21278103138593, 
          502.3289143487438
        ], 
        [
          208.85534604575037, 
          499.8722033138243
        ], 
        [
          237.67552322146693, 
          369.5773015437816
        ], 
        [
          303.6797249309527, 
          376.7777407356716
        ], 
        [
          280.8533506614911, 
          504.12251517326143
        ], 
        [
          210.1490294236873, 
          501.8651449440567
        ], 
        [
          237.5304160715332, 
          377.31611221818383
        ], 
        [
          300.6415174238852, 
          383.91737902421795
        ]
      ], 
      "projected_cuboid_centroid": [
        259.1136730921774, 
        436.3801173682252
      ], 
      "quaternion_xyzw": [
        0.954648111514794, 
        0.0494145462324493, 
        0.18747748147593732, 
        0.22595856583766427
      ], 
      "visibility": 0.5093538390910134
    }, 
    {
      "bounding_box": {
        "bottom_right": [
          408, 
          267
        ], 
        "top_left": [
          341, 
          123
        ]
      }, 
      "class": "024_bowl", 
      "cuboid": [
        [
          -43.47352812247997, 
          11.545244895069013, 
          59.43788138619232
        ], 
        [
          -41.72721681807876, 
          19.053370978748987, 
          73.59121247556664
        ], 
        [
          -41.62510939075974, 
          14.189531587731205, 
          76.15880647972462
        ], 
        [
          -43.37142069516095, 
          6.68140550405123, 
          62.005475390350306
        ], 
        [
          -27.425094247530712, 
          10.991827140101037, 
          57.75132215417991
        ], 
        [
          -25.6787829431295, 
          18.499953223781013, 
          71.90465324355422
        ], 
        [
          -25.576675515810482, 
          13.63611383276323, 
          74.4722472477122
        ], 
        [
          -27.322986820211693, 
          6.127987749083255, 
          60.318916158337885
        ]
      ], 
      "cuboid_centroid": [
        -34.52510181914523, 
        12.590679363916122, 
        66.95506431695226
      ], 
      "location": [
        -34.52510181914523, 
        12.590679363916122, 
        66.95506431695226
      ], 
      "pose_transform_permuted": [
        [
          -0.9939388286419006, 
          0.03427520712666669, 
          0.10445484715603781, 
          0.0
        ], 
        [
          -0.10835616700152174, 
          -0.46586869233527917, 
          -0.8781943421444685, 
          0.0
        ], 
        [
          -0.01856195007819634, 
          0.8841897826135752, 
          -0.4667589124280903, 
          0.0
        ], 
        [
          -34.52510181914523, 
          12.590679363916122, 
          66.95506431695226, 
          1.0
        ]
      ], 
      "projected_cuboid": [
        [
          88.27047993671184, 
          376.87881030757114
        ], 
        [
          176.67756833002795, 
          411.3673702787069
        ], 
        [
          187.67851780714764, 
          372.6520010389121
        ], 
        [
          105.4433616169423, 
          330.75443700140704
        ], 
        [
          226.22232923601572, 
          374.7934204212458
        ], 
        [
          289.54933831497834, 
          410.5014037366919
        ], 
        [
          296.9079225221436, 
          370.93911077373787
        ], 
        [
          238.00318334513426, 
          327.4681460103323
        ]
      ], 
      "projected_cuboid_centroid": [
        204.30127886030172, 
        373.5755293924279
      ], 
      "quaternion_xyzw": [
        -0.6464090749007196, 
        0.17299677542652997, 
        0.7240512407231852, 
        -0.1672639362960087
      ], 
      "visibility": 0.7437855853353701
    }, 
    {
      "bounding_box": {
        "bottom_right": [
          407, 
          408
        ], 
        "top_left": [
          327, 
          304
        ]
      }, 
      "class": "025_mug", 
      "cuboid": [
        [
          -8.65942093057604, 
          12.783263138962802, 
          54.92968642706105
        ], 
        [
          -20.25017507418273, 
          13.63582929938695, 
          56.26920307422311
        ], 
        [
          -20.507243492173018, 
          5.958074570494212, 
          58.931489538847906
        ], 
        [
          -8.916489348566326, 
          5.1055084100700645, 
          57.59197289168585
        ], 
        [
          -7.430767627089237, 
          15.769548266019253, 
          63.66045714836337
        ], 
        [
          -19.021521770695927, 
          16.622114426443403, 
          64.99997379552542
        ], 
        [
          -19.278590188686213, 
          8.944359697550663, 
          67.66226026015022
        ], 
        [
          -7.687836045079521, 
          8.091793537126515, 
          66.32274361298816
        ]
      ], 
      "cuboid_centroid": [
        -13.969005559631126, 
        10.863811418256732, 
        61.29597334360564
      ], 
      "location": [
        -13.969005559631126, 
        10.863811418256732, 
        61.29597334360564
      ], 
      "pose_transform_permuted": [
        [
          -0.13198836985666398, 
          -0.3208023815414866, 
          -0.9379050964390782, 
          0.0
        ], 
        [
          0.9907473962170236, 
          -0.07287512901038302, 
          -0.1144983849991488, 
          0.0
        ], 
        [
          0.03161856655276339, 
          0.9443384791066141, 
          -0.3274524440705178, 
          0.0
        ], 
        [
          -13.969005559631126, 
          10.863811418256732, 
          61.29597334360564, 
          1.0
        ]
      ], 
      "projected_cuboid": [
        [
          396.8209617846173, 
          397.4009288016246
        ], 
        [
          288.06641796999133, 
          402.5269466033472
        ], 
        [
          294.4635392823677, 
          327.2060616741787
        ], 
        [
          398.33950913321064, 
          320.5651339457771
        ], 
        [
          418.8265576518844, 
          405.3969450498341
        ], 
        [
          324.22639069661864, 
          409.66965661500205
        ], 
        [
          328.3752867084931, 
          343.78672770743424
        ], 
        [
          419.26186741349466, 
          338.35489494672464
        ]
      ], 
      "projected_cuboid_centroid": [
        359.0436916960796, 
        367.80960468854096
      ], 
      "quaternion_xyzw": [
        0.9839958043308309, 
        -0.026548308210065905, 
        -0.06262393441388624, 
        0.16469959088211047
      ], 
      "visibility": 0.8861749680715197
    }, 
    {
      "bounding_box": {
        "bottom_right": [
          413, 
          334
        ], 
        "top_left": [
          344, 
          284
        ]
      }, 
      "class": "061_foam_brick", 
      "cuboid": [
        [
          -24.089056739546656, 
          9.066517161703807, 
          68.82554352146221
        ], 
        [
          -24.158600706950434, 
          16.070392176522695, 
          65.42194343141685
        ], 
        [
          -25.619062377652753, 
          18.203222686111715, 
          69.84068952904529
        ], 
        [
          -25.54951841024897, 
          11.199347671292822, 
          73.24428961909064
        ], 
        [
          -19.051701054441875, 
          9.76239332105477, 
          70.15458096024659
        ], 
        [
          -19.121245021845652, 
          16.76626833587366, 
          66.75098087020123
        ], 
        [
          -20.581706692547975, 
          18.899098845462674, 
          71.16972696782967
        ], 
        [
          -20.512162725144194, 
          11.895223830643788, 
          74.57332705787503
        ]
      ], 
      "cuboid_centroid": [
        -22.335381716047316, 
        13.98280800358324, 
        69.99763524464593
      ], 
      "location": [
        -22.335381716047316, 
        13.98280800358324, 
        69.99763524464593
      ], 
      "pose_transform_permuted": [
        [
          -0.9584009978859728, 
          -0.13239652849988298, 
          -0.25286100231619374, 
          0.0
        ], 
        [
          0.008930319422169902, 
          -0.8993855744831961, 
          0.4370650269771641, 
          0.0
        ], 
        [
          0.2852854301330309, 
          -0.41662542847588024, 
          -0.8631543753588344, 
          0.0
        ], 
        [
          -22.335381716047316, 
          13.98280800358324, 
          69.99763524464593, 
          1.0
        ]
      ], 
      "projected_cuboid": [
        [
          293.37875254173775, 
          343.5417209570129
        ], 
        [
          283.0149802814522, 
          404.2923505183971
        ], 
        [
          284.33369713170805, 
          412.2905369509933
        ], 
        [
          294.01095494446986, 
          354.83325599733155
        ], 
        [
          335.55786303531437, 
          347.500872462144
        ], 
        [
          327.551129781255, 
          407.24380907549147
        ], 
        [
          326.08008517913737, 
          414.9093873023056
        ], 
        [
          333.6795297285191, 
          358.3565766316217
        ]
      ], 
      "projected_cuboid_centroid": [
        310.00320640474115, 
        379.8230703938437
      ], 
      "quaternion_xyzw": [
        0.4596645225766511, 
        -0.6443128338334382, 
        -0.2835415532976411, 
        0.5414551564030617
      ], 
      "visibility": 0.5506732813607371
    }
  ]
}