{
  "camera_data": {
    "location_worldframe": [
      -15.400896131268722, 
      10.8996932170765, 
      75.08609568004954
    ], 
    "quaternion_xyzw_worldframe": [
      0.8719801400960309, 
      0.005995751797990731, 
      -0.009658707541821571, 
      -0.48940905516589356
    ]
  }, 
  "objects": [
    {
      "bounding_box": {
        "bottom_right": [
          539, 
          393
        ], 
        "top_left": [
          376, 
          237
        ]
      }, 
      "class": "003_cracker_box", 
      "cuboid": [
        [
          -13.516666335158444, 
          36.4970757193232, 
          69.07460942534898
        ], 
        [
          -27.754116954414986, 
          32.02070279996321, 
          62.267612948325635
        ], 
        [
          -26.474759775910783, 
          13.089409407480822, 
          72.04119585552797
        ], 
        [
          -12.23730915665424, 
          17.56578232684081, 
          78.84819233255132
        ], 
        [
          -17.056600553044, 
          39.17213898191937, 
          74.71954519195376
        ], 
        [
          -31.29405117230054, 
          34.69576606255938, 
          67.91254871493042
        ], 
        [
          -30.01469399379634, 
          15.76447267007699, 
          77.68613162213276
        ], 
        [
          -15.777243374539795, 
          20.240845589436983, 
          84.4931280991561
        ]
      ], 
      "cuboid_centroid": [
        -21.76568016447739, 
        26.130774194700095, 
        73.38037052374086
      ], 
      "location": [
        -21.76568016447739, 
        26.130774194700095, 
        73.38037052374086
      ], 
      "pose_transform_permuted": [
        [
          0.4930270616322089, 
          -0.37257149394878875, 
          -0.7862027718057714, 
          0.0
        ], 
        [
          0.8679466713396653, 
          0.2728896541195803, 
          0.4149696523661587, 
          0.0
        ], 
        [
          -0.05994073914046322, 
          0.8869733471594642, 
          -0.4579141723293038, 
          0.0
        ], 
        [
          -21.76568016447739, 
          26.130774194700095, 
          73.38037052374086, 
          1.0
        ]
      ], 
      "projected_cuboid": [
        [
          376.3662635098111, 
          555.0775661396351
        ], 
        [
          241.90319393757972, 
          547.5425606797119
        ], 
        [
          283.9716268936892, 
          370.18718331710636
        ], 
        [
          398.1356181231127, 
          392.09935323424986
        ], 
        [
          358.8390140291842, 
          552.8823088080636
        ], 
        [
          233.79581570835495, 
          545.7535833865459
        ], 
        [
          273.8273925969589, 
          381.510513326387
        ], 
        [
          381.18140243293533, 
          401.0465058704435
        ]
      ], 
      "projected_cuboid_centroid": [
        322.08847664892625, 
        463.2018178034146
      ], 
      "quaternion_xyzw": [
        0.9408935633620973, 
        0.08843465568803016, 
        0.24125914698412337, 
        0.2206640842856114
      ], 
      "visibility": 0.7267018710872039
    }, 
    {
      "bounding_box": {
        "bottom_right": [
          518, 
          293
        ], 
        "top_left": [
          382, 
          196
        ]
      }, 
      "class": "004_sugar_box", 
      "cuboid": [
        [
          -27.856225400335088, 
          32.562464540365035, 
          70.88265062759851
        ], 
        [
          -36.47669337515689, 
          30.754172675491787, 
          68.00031574480123
        ], 
        [
          -36.06003636813367, 
          15.29387014264681, 
          76.45350523500286
        ], 
        [
          -27.43956839331187, 
          17.102162007520068, 
          79.33584011780015
        ], 
        [
          -29.509871687155563, 
          34.542761809022636, 
          74.58598155748149
        ], 
        [
          -38.13033966197737, 
          32.73446994414938, 
          71.70364667468421
        ], 
        [
          -37.71368265495415, 
          17.274167411304408, 
          80.15683616488585
        ], 
        [
          -29.093214680132345, 
          19.08245927617766, 
          83.03917104768313
        ]
      ], 
      "cuboid_centroid": [
        -32.784954027644616, 
        24.918315975834723, 
        75.51974339624218
      ], 
      "location": [
        -32.784954027644616, 
        24.918315975834723, 
        75.51974339624218
      ], 
      "pose_transform_permuted": [
        [
          0.3663859304090905, 
          -0.43875952375446614, 
          -0.820519091157514, 
          0.0
        ], 
        [
          0.9301625854472443, 
          0.19511764804259296, 
          0.3110086453007122, 
          0.0
        ], 
        [
          -0.023639712228260223, 
          0.877165382263531, 
          -0.47960543946447076, 
          0.0
        ], 
        [
          -32.784954027644616, 
          24.918315975834723, 
          75.51974339624218, 
          1.0
        ]
      ], 
      "projected_cuboid": [
        [
          270.2607892048285, 
          518.2858412232226
        ], 
        [
          193.12997932514165, 
          514.4883967142846
        ], 
        [
          227.9554606371826, 
          379.9725613949923
        ], 
        [
          295.60278802113413, 
          388.25245880149583
        ], 
        [
          268.8312539610772, 
          520.2810930557087
        ], 
        [
          195.6266114052415, 
          516.7599828558344
        ], 
        [
          228.57982837487958, 
          388.2193647271747
        ], 
        [
          293.18858885659085, 
          395.8437492186177
        ]
      ], 
      "projected_cuboid_centroid": [
        248.14065347481568, 
        449.2594066898363
      ], 
      "quaternion_xyzw": [
        0.9523454020034289, 
        0.0574259506610359, 
        0.17782271387166418, 
        0.2410798018468384
      ], 
      "visibility": 0.5175101430706812
    }, 
    {
      "bounding_box": {
        "bottom_right": [
          420, 
          255
        ], 
        "top_left": [
          349, 
          106
        ]
      }, 
      "class": "024_bowl", 
      "cuboid": [
        [
          -44.40760684749352, 
          12.040771876481248, 
          57.93567994515497
        ], 
        [
          -42.42794867642373, 
          20.03352061030694, 
          71.78975019867283
        ], 
        [
          -42.247219857715464, 
          15.260156147364617, 
          74.51779479444572
        ], 
        [
          -44.22687802878526, 
          7.2674074135389235, 
          60.66372454092785
        ], 
        [
          -28.39236486743313, 
          11.513196335141112, 
          55.95157524491622
        ], 
        [
          -26.41270669636334, 
          19.505945068966806, 
          69.80564549843409
        ], 
        [
          -26.231977877655076, 
          14.73258060602448, 
          72.53369009420697
        ], 
        [
          -28.211636048724863, 
          6.73983187219879, 
          58.6796198406891
        ]
      ], 
      "cuboid_centroid": [
        -35.3197923625743, 
        13.386676241252864, 
        65.23468501968097
      ], 
      "location": [
        -35.3197923625743, 
        13.386676241252864, 
        65.23468501968097
      ], 
      "pose_transform_permuted": [
        [
          -0.9918831319064242, 
          0.03267470331782688, 
          0.12288293780095924, 
          0.0
        ], 
        [
          -0.12283501277792919, 
          -0.4959388480283473, 
          -0.8596256270331647, 
          0.0
        ], 
        [
          -0.03285441028763721, 
          0.8677424864436497, 
          -0.4959269754159815, 
          0.0
        ], 
        [
          -35.3197923625743, 
          13.386676241252864, 
          65.23468501968097, 
          1.0
        ]
      ], 
      "projected_cuboid": [
        [
          69.40180180534007, 
          384.1263424732931
        ], 
        [
          163.77698913645816, 
          422.11375679430915
        ], 
        [
          176.71640595562084, 
          382.50260023997254
        ], 
        [
          89.5403036251492, 
          337.17728524190983
        ], 
        [
          208.7112363058899, 
          383.02809652643646
        ], 
        [
          278.1206428991453, 
          422.313202218413
        ], 
        [
          287.11346016426387, 
          381.61101089375165
        ], 
        [
          223.05410661451583, 
          334.54263225204267
        ]
      ], 
      "projected_cuboid_centroid": [
        190.4373364487422, 
        382.72795846009836
      ], 
      "quaternion_xyzw": [
        -0.636793635305968, 
        0.18180318240704696, 
        0.7268872741048878, 
        -0.1818690728102089
      ], 
      "visibility": 0.7033109156751164
    }, 
    {
      "bounding_box": {
        "bottom_right": [
          419, 
          397
        ], 
        "top_left": [
          335, 
          288
        ]
      }, 
      "class": "025_mug", 
      "cuboid": [
        [
          -9.696457972904318, 
          13.304672094093847, 
          52.70027048834835
        ], 
        [
          -21.26349591055949, 
          14.142417236677801, 
          54.23928704069056
        ], 
        [
          -21.42362727704069, 
          6.558144476351728, 
          57.16416921109197
        ], 
        [
          -9.856589339385517, 
          5.720399333767774, 
          55.62515265874977
        ], 
        [
          -8.314312107715628, 
          16.591627417146398, 
          61.29907521341309
        ], 
        [
          -19.8813500453708, 
          17.429372559730353, 
          62.8380917657553
        ], 
        [
          -20.041481411852, 
          9.845099799404279, 
          65.76297393615671
        ], 
        [
          -8.474443474196827, 
          9.007354656820326, 
          64.22395738381451
        ]
      ], 
      "cuboid_centroid": [
        -14.868969692378158, 
        11.574885946749063, 
        59.23162221225253
      ], 
      "location": [
        -14.868969692378158, 
        11.574885946749063, 
        59.23162221225253
      ], 
      "pose_transform_permuted": [
        [
          -0.14847734436774968, 
          -0.3531019480029014, 
          -0.9237286182816701, 
          0.0
        ], 
        [
          0.9887201968645489, 
          -0.07160826710885979, 
          -0.13155111592190857, 
          0.0
        ], 
        [
          0.019695629310878898, 
          0.932840505657693, 
          -0.3597508487694627, 
          0.0
        ], 
        [
          -14.868969692378158, 
          11.574885946749063, 
          59.23162221225253, 
          1.0
        ]
      ], 
      "projected_cuboid": [
        [
          382.65248779923957, 
          407.9280134368543
        ], 
        [
          270.77676489309545, 
          412.3449304717174
        ], 
        [
          280.05725771335807, 
          334.4714887429586
        ], 
        [
          386.3070998765853, 
          328.1322479244468
        ], 
        [
          408.65734091432773, 
          417.6384680462342
        ], 
        [
          311.4538585147371, 
          421.21314503279217
        ], 
        [
          317.71172569181533, 
          353.12758237206657
        ], 
        [
          410.6383341242339, 
          348.08414975645684
        ]
      ], 
      "projected_cuboid_centroid": [
        346.60166320286993, 
        377.5064313055252
      ], 
      "quaternion_xyzw": [
        0.9804704637065708, 
        -0.023280634093395685, 
        -0.07140155431889263, 
        0.1817629452287362
      ], 
      "visibility": 0.8414329760681251
    }, 
    {
      "bounding_box": {
        "bottom_right": [
          426, 
          324
        ], 
        "top_left": [
          354, 
          270
        ]
      }, 
      "class": "061_foam_brick", 
      "cuboid": [
        [
          -24.828798930692166, 
          9.981823707623386, 
          67.01637259573977
        ], 
        [
          -25.005817058114175, 
          16.865782027107066, 
          63.37997635801502
        ], 
        [
          -26.391774107363343, 
          19.13969491481515, 
          67.75212395230807
        ], 
        [
          -26.214755979941334, 
          12.255736595331463, 
          71.38852019003284
        ], 
        [
          -19.77049592025647, 
          10.7483292039319, 
          68.22118644851831
        ], 
        [
          -19.947514047678478, 
          17.63228752341558, 
          64.58479021079356
        ], 
        [
          -21.333471096927646, 
          19.906200411123663, 
          68.95693780508661
        ], 
        [
          -21.156452969505636, 
          13.02224209163998, 
          72.59333404281136
        ]
      ], 
      "cuboid_centroid": [
        -23.081135013809906, 
        14.944012059373524, 
        67.9866552004132
      ], 
      "location": [
        -23.081135013809906, 
        14.944012059373524, 
        67.9866552004132
      ], 
      "pose_transform_permuted": [
        [
          -0.9623864098273132, 
          -0.145834377889852, 
          -0.22922637807454646, 
          0.0
        ], 
        [
          0.022731352271211286, 
          -0.8839867637254387, 
          0.466958978050693, 
          0.0
        ], 
        [
          0.270731756178726, 
          -0.4441843488729711, 
          -0.8540518604936574, 
          0.0
        ], 
        [
          -23.081135013809906, 
          14.944012059373524, 
          67.9866552004132, 
          1.0
        ]
      ], 
      "projected_cuboid": [
        [
          282.3616561172237, 
          352.72238108727316
        ], 
        [
          269.4286616169821, 
          415.2059951573552
        ], 
        [
          272.1195552804848, 
          423.9471153705278
        ], 
        [
          284.12340716495646, 
          364.8450170629236
        ], 
        [
          325.75308757779226, 
          357.3116737089261
        ], 
        [
          315.504475708177, 
          418.8880674073251
        ], 
        [
          315.22696195378313, 
          427.24300478090254
        ], 
        [
          324.8722223678452, 
          368.9567095728297
        ]
      ], 
      "projected_cuboid_centroid": [
        299.02883031366076, 
        390.5144595333285
      ], 
      "quaternion_xyzw": [
        0.4493810692143102, 
        -0.6423938384426462, 
        -0.2756165455761279, 
        0.5562574321008296
      ], 
      "visibility": 0.467621217051741
    }
  ]
}