{
  "camera_data": {
    "location_worldframe": [
      -21.46819446133671, 
      10.35725580622693, 
      81.20393453518437
    ], 
    "quaternion_xyzw_worldframe": [
      0.9442385285152464, 
      0.03593235936951296, 
      -0.11390318559890564, 
      -0.3068404584187522
    ]
  }, 
  "objects": [
    {
      "bounding_box": {
        "bottom_right": [
          539, 
          351
        ], 
        "top_left": [
          345, 
          154
        ]
      }, 
      "class": "003_cracker_box", 
      "cuboid": [
        [
          -24.975081393989655, 
          31.57397957022478, 
          65.95704886882743
        ], 
        [
          -38.84479859957207, 
          23.062181610384528, 
          63.89347046828462
        ], 
        [
          -33.03036175030339, 
          9.788656898253652, 
          79.56380591423833
        ], 
        [
          -19.16064454472097, 
          18.300454858093907, 
          81.62738431478114
        ], 
        [
          -28.27216912558916, 
          35.78511067137988, 
          70.74745437086617
        ], 
        [
          -42.14188633117158, 
          27.27331271153963, 
          68.68387597032336
        ], 
        [
          -36.327449481902896, 
          13.999787999408758, 
          84.35421141627705
        ], 
        [
          -22.457732276320478, 
          22.51158595924901, 
          86.41778981681986
        ]
      ], 
      "cuboid_centroid": [
        -30.65126543794627, 
        22.78688378481677, 
        75.15563014255224
      ], 
      "location": [
        -30.65126543794627, 
        22.78688378481677, 
        75.15563014255224
      ], 
      "pose_transform_permuted": [
        [
          0.45920443042161163, 
          -0.5865085239325858, 
          -0.667187411778417, 
          0.0
        ], 
        [
          0.8455288241509882, 
          0.5188981443325897, 
          0.12580033123184872, 
          0.0
        ], 
        [
          -0.2724193433128619, 
          0.6218942572195171, 
          -0.7341901894103291, 
          0.0
        ], 
        [
          -30.65126543794627, 
          22.78688378481677, 
          75.15563014255224, 
          1.0
        ]
      ], 
      "projected_cuboid": [
        [
          277.96909686241645, 
          528.5893738759772
        ], 
        [
          154.6570106904164, 
          465.7868512892363
        ], 
        [
          258.3480698719505, 
          338.9003225006065
        ], 
        [
          355.3660832529479, 
          392.8541443514174
        ], 
        [
          266.6952694968641, 
          543.0474852368434
        ], 
        [
          151.64495453981993, 
          485.0595569254931
        ], 
        [
          250.00702916200328, 
          361.7985514893745
        ], 
        [
          341.8462103303421, 
          412.2147571103551
        ]
      ], 
      "projected_cuboid_centroid": [
        262.2768715030989, 
        434.9868835022839
      ], 
      "quaternion_xyzw": [
        0.8852415621101568, 
        0.22347501561019753, 
        0.16521048793139026, 
        0.37297692795703014
      ], 
      "visibility": 0.893092007495237
    }, 
    {
      "bounding_box": {
        "bottom_right": [
          484, 
          264
        ], 
        "top_left": [
          354, 
          133
        ]
      }, 
      "class": "004_sugar_box", 
      "cuboid": [
        [
          -38.05596860805912, 
          26.917686515206874, 
          71.57692026315102
        ], 
        [
          -46.47594816466849, 
          23.071737259054014, 
          71.12651984634083
        ], 
        [
          -42.28696969085508, 
          12.338717235506916, 
          84.4646497956971
        ], 
        [
          -33.86699013424571, 
          16.184666491659776, 
          84.9150502125073
        ], 
        [
          -39.60694777032799, 
          29.968697173731485, 
          74.51912706930398
        ], 
        [
          -48.02692732693736, 
          26.122747917578625, 
          74.06872665249378
        ], 
        [
          -43.83794885312396, 
          15.389727894031527, 
          87.40685660185005
        ], 
        [
          -35.41796929651459, 
          19.235677150184387, 
          87.85725701866023
        ]
      ], 
      "cuboid_centroid": [
        -40.94695873059154, 
        21.153707204619202, 
        79.49188843250053
      ], 
      "location": [
        -40.94695873059154, 
        21.153707204619202, 
        79.49188843250053
      ], 
      "pose_transform_permuted": [
        [
          0.34363875028292923, 
          -0.675989410625966, 
          -0.6518825620205524, 
          0.0
        ], 
        [
          0.908529557404986, 
          0.41498421130391105, 
          0.04859894119557271, 
          0.0
        ], 
        [
          -0.2376684994662958, 
          0.6089553287715879, 
          -0.7567604728854411, 
          0.0
        ], 
        [
          -40.94695873059154, 
          21.153707204619202, 
          79.49188843250053, 
          1.0
        ]
      ], 
      "projected_cuboid": [
        [
          195.67905941283513, 
          473.85020151212575
        ], 
        [
          130.20784505579465, 
          446.2826205202028
        ], 
        [
          212.36715128384958, 
          351.1946279199364
        ], 
        [
          267.11861515463005, 
          374.9363581899221
        ], 
        [
          195.77526462227996, 
          487.76695010451886
        ], 
        [
          132.9053260271245, 
          461.37905233032166
        ], 
        [
          211.8874327481716, 
          367.1881331726358
        ], 
        [
          264.8078120884521, 
          390.052798024953
        ]
      ], 
      "projected_cuboid_centroid": [
        204.59017595445556, 
        415.20902254376466
      ], 
      "quaternion_xyzw": [
        0.8901358671850503, 
        0.18330143038560623, 
        0.11016230946824651, 
        0.40239640270937216
      ], 
      "visibility": 0.38139059304703476
    }, 
    {
      "bounding_box": {
        "bottom_right": [
          370, 
          220
        ], 
        "top_left": [
          280, 
          108
        ]
      }, 
      "class": "024_bowl", 
      "cuboid": [
        [
          -51.969091800329096, 
          1.0853543277839315, 
          70.22404002034212
        ], 
        [
          -49.9028071946921, 
          14.044056035511021, 
          79.58036725726701
        ], 
        [
          -48.54506220884793, 
          10.782960726537569, 
          83.7972007206284
        ], 
        [
          -50.611346814484925, 
          -2.1757409811895196, 
          74.4408734837035
        ], 
        [
          -36.459893316754986, 
          1.8120956687348144, 
          65.79238203334961
        ], 
        [
          -34.393608711118, 
          14.770797376461903, 
          75.14870927027451
        ], 
        [
          -33.03586372527383, 
          11.509702067488451, 
          79.36554273363589
        ], 
        [
          -35.10214833091082, 
          -1.4489996402386378, 
          70.00921549671098
        ]
      ], 
      "cuboid_centroid": [
        -42.50247776280146, 
        6.297528197636192, 
        74.794791376989
      ], 
      "location": [
        -42.50247776280146, 
        6.297528197636192, 
        74.794791376989
      ], 
      "pose_transform_permuted": [
        [
          -0.9605419877138716, 
          -0.04500977745111271, 
          0.27446895957919676, 
          0.0
        ], 
        [
          -0.1282100615375939, 
          -0.8040692646417058, 
          -0.5805469815433312, 
          0.0
        ], 
        [
          -0.24682234493499938, 
          0.5928294338107275, 
          -0.7665715833817747, 
          0.0
        ], 
        [
          -42.50247776280146, 
          6.297528197636192, 
          74.794791376989, 
          1.0
        ]
      ], 
      "projected_cuboid": [
        [
          83.6264083144388, 
          281.52930950980436
        ], 
        [
          144.37904632402734, 
          367.4048534533582
        ], 
        [
          170.06174960325558, 
          341.9137005903669
        ], 
        [
          115.97855957192463, 
          257.6987940596717
        ], 
        [
          183.58659868031506, 
          287.97556544704696
        ], 
        [
          235.4764718502973, 
          378.1127628948699
        ], 
        [
          257.75309100335056, 
          350.6292902342403
        ], 
        [
          211.96581859942245, 
          262.24827853709803
        ]
      ], 
      "projected_cuboid_centroid": [
        176.01023893679925, 
        318.19066902504636
      ], 
      "quaternion_xyzw": [
        -0.5454700754152187, 
        0.25539756662293694, 
        0.7063123344044613, 
        -0.3719641999678448
      ], 
      "visibility": 0.582811684924361
    }, 
    {
      "bounding_box": {
        "bottom_right": [
          359, 
          339
        ], 
        "top_left": [
          268, 
          235
        ]
      }, 
      "class": "025_mug", 
      "cuboid": [
        [
          -18.899936760291915, 
          4.489022339961621, 
          58.878594053060795
        ], 
        [
          -30.172451919360537, 
          4.422039547981501, 
          62.00791839189289
        ], 
        [
          -28.613516943414798, 
          -1.3669646356337959, 
          67.49963245684063
        ], 
        [
          -17.341001784346172, 
          -1.299981843653676, 
          64.37030811800855
        ], 
        [
          -17.163002290624647, 
          11.024988473993647, 
          65.27531591125235
        ], 
        [
          -28.435517449693272, 
          10.958005682013527, 
          68.40464025008444
        ], 
        [
          -26.87658247374753, 
          5.169001498398229, 
          73.89635431503218
        ], 
        [
          -15.604067314678904, 
          5.235984290378349, 
          70.76702997620009
        ]
      ], 
      "cuboid_centroid": [
        -22.88825961701972, 
        4.829011919179925, 
        66.3874741840465
      ], 
      "location": [
        -22.88825961701972, 
        4.829011919179925, 
        66.3874741840465
      ], 
      "pose_transform_permuted": [
        [
          -0.18659059357804758, 
          -0.7021276978795135, 
          -0.6871693488253914, 
          0.0
        ], 
        [
          0.9635451588647845, 
          0.005725514140273195, 
          -0.26748647259734865, 
          0.0
        ], 
        [
          -0.19174385431598936, 
          0.7120283988396562, 
          -0.6754626959187935, 
          0.0
        ], 
        [
          -22.88825961701972, 
          4.829011919179925, 
          66.3874741840465, 
          1.0
        ]
      ], 
      "projected_cuboid": [
        [
          308.97565902351965, 
          313.94789482424244
        ], 
        [
          219.92631167490444, 
          311.3197497011203
        ], 
        [
          253.63553396853194, 
          262.4860493987448
        ], 
        [
          336.7264437275817, 
          262.5159545360925
        ], 
        [
          340.20142909894076, 
          363.36411440268375
        ], 
        [
          258.0508585382965, 
          358.72107869903346
        ], 
        [
          286.00881430142783, 
          310.5918928949454
        ], 
        [
          363.0205803583347, 
          312.7463395327281
        ]
      ], 
      "projected_cuboid_centroid": [
        296.193382577989, 
        312.0801004044567
      ], 
      "quaternion_xyzw": [
        0.9168891572226483, 
        0.05384221388723192, 
        -0.12380914928442455, 
        0.3756153028276532
      ], 
      "visibility": 0.7167843388960206
    }, 
    {
      "bounding_box": {
        "bottom_right": [
          383, 
          292
        ], 
        "top_left": [
          311, 
          228
        ]
      }, 
      "class": "061_foam_brick", 
      "cuboid": [
        [
          -31.43315471058296, 
          5.191291118812558, 
          75.83167345270832
        ], 
        [
          -33.275447553851784, 
          10.02132984141197, 
          70.00756165970553
        ], 
        [
          -34.54180858273874, 
          13.635173279479517, 
          73.40516326954496
        ], 
        [
          -32.699515739469916, 
          8.805134556880107, 
          79.22927506254774
        ], 
        [
          -26.49463694546274, 
          6.988925064988223, 
          75.76032276770799
        ], 
        [
          -28.336929788731563, 
          11.818963787587634, 
          69.9362109747052
        ], 
        [
          -29.603290817618515, 
          15.432807225655184, 
          73.33381258454463
        ], 
        [
          -27.760997974349692, 
          10.602768503055774, 
          79.15792437754742
        ]
      ], 
      "cuboid_centroid": [
        -30.518222764100738, 
        10.312049172233872, 
        74.58274301862647
      ], 
      "location": [
        -30.518222764100738, 
        10.312049172233872, 
        74.58274301862647
      ], 
      "pose_transform_permuted": [
        [
          -0.9395962187391922, 
          -0.34201558824659817, 
          0.013575092167180364, 
          0.0
        ], 
        [
          0.23657355445433492, 
          -0.6202376744459204, 
          0.747889149895062, 
          0.0
        ], 
        [
          0.24736996394844676, 
          -0.7059253250835035, 
          -0.6636848170192653, 
          0.0
        ], 
        [
          -30.518222764100738, 
          10.312049172233872, 
          74.58274301862647, 
          1.0
        ]
      ], 
      "projected_cuboid": [
        [
          258.6873164794519, 
          309.796575140668
        ], 
        [
          225.99127527675117, 
          349.6293119209336
        ], 
        [
          228.54481856061176, 
          372.351843553685
        ], 
        [
          259.651040297216, 
          332.55693630243366
        ], 
        [
          293.53210456400495, 
          322.48551795281713
        ], 
        [
          263.70449236933086, 
          363.41559634564794
        ], 
        [
          264.5132431006976, 
          385.5215088178171
        ], 
        [
          293.00109558443455, 
          344.7217622243003
        ]
      ], 
      "projected_cuboid_centroid": [
        261.55150056334276, 
        347.02501344623056
      ], 
      "quaternion_xyzw": [
        0.3595389885685739, 
        -0.6032778544049978, 
        -0.1333006119916017, 
        0.6992985720893864
      ], 
      "visibility": 0.41250810110174985
    }
  ]
}