{
  "camera_data": {
    "location_worldframe": [
      -16.164369243017905, 
      1.9412922258883858, 
      71.43302508332134
    ], 
    "quaternion_xyzw_worldframe": [
      -0.843444805704935, 
      -0.030584188802507895, 
      -0.06837709767490033, 
      0.5319706829150038
    ]
  }, 
  "objects": [
    {
      "bounding_box": {
        "bottom_right": [
          495, 
          382
        ], 
        "top_left": [
          318, 
          233
        ]
      }, 
      "class": "003_cracker_box", 
      "cuboid": [
        [
          -12.687639629967201, 
          27.91080432008585, 
          68.53284731561315
        ], 
        [
          -25.761305766080078, 
          24.743179631523056, 
          59.14543429172744
        ], 
        [
          -26.548130549086913, 
          4.88944449756726, 
          66.9405388540775
        ], 
        [
          -13.474464412974035, 
          8.057069186130056, 
          76.3279518779632
        ], 
        [
          -17.01612776229155, 
          30.152223838142124, 
          73.80471857422202
        ], 
        [
          -30.089793898404427, 
          26.984599149579324, 
          64.41730555033632
        ], 
        [
          -30.876618681411262, 
          7.130864015623526, 
          72.21241011268637
        ], 
        [
          -17.802952545298385, 
          10.298488704186322, 
          81.5998231365721
        ]
      ], 
      "cuboid_centroid": [
        -21.78212915568923, 
        17.52083416785469, 
        70.37262871414977
      ], 
      "location": [
        -21.78212915568923, 
        17.52083416785469, 
        70.37262871414977
      ], 
      "pose_transform_permuted": [
        [
          0.6028535147369096, 
          -0.31217542780567276, 
          -0.7342439254387466, 
          0.0
        ], 
        [
          0.7969997795601, 
          0.1931054497055027, 
          0.5722775870809438, 
          0.0
        ], 
        [
          0.0368644971552089, 
          0.9301918014949284, 
          -0.3652180462150149, 
          0.0
        ], 
        [
          -21.78212915568923, 
          17.52083416785469, 
          70.37262871414977, 
          1.0
        ]
      ], 
      "projected_cuboid": [
        [
          382.03961116524965, 
          490.4871813081046
        ], 
        [
          247.36929718204627, 
          496.39796501610573
        ], 
        [
          268.32377321320007, 
          312.2410571116945
        ], 
        [
          386.6635363368696, 
          329.5829886814121
        ], 
        [
          357.61229672019255, 
          491.16923924625115
        ], 
        [
          230.40356877833963, 
          496.6956832032653
        ], 
        [
          251.65965954470983, 
          325.95102346984214
        ], 
        [
          364.2709901753724, 
          340.59533219066896
        ]
      ], 
      "projected_cuboid_centroid": [
        315.14534624345663, 
        406.0683332042161
      ], 
      "quaternion_xyzw": [
        0.9302466751477501, 
        0.04198911878010158, 
        0.3158116909235952, 
        0.1820467334411859
      ], 
      "visibility": 0.8135261923377639
    }, 
    {
      "bounding_box": {
        "bottom_right": [
          470, 
          272
        ], 
        "top_left": [
          329, 
          182
        ]
      }, 
      "class": "004_sugar_box", 
      "cuboid": [
        [
          -27.227618791741083, 
          24.42124644627289, 
          67.64661394498762
        ], 
        [
          -35.31876858693669, 
          23.275624069833718, 
          63.274991098447316
        ], 
        [
          -36.656625899386206, 
          7.0410690718360005, 
          70.00554321951157
        ], 
        [
          -28.565476104190594, 
          8.186691448275171, 
          74.37716606605187
        ], 
        [
          -29.40167743216029, 
          26.0875738060238, 
          71.23375841497484
        ], 
        [
          -37.4928272273559, 
          24.941951429584634, 
          66.86213556843454
        ], 
        [
          -38.83068453980542, 
          8.707396431586917, 
          73.59268768949879
        ], 
        [
          -30.73953474460981, 
          9.853018808026087, 
          77.9643105360391
        ]
      ], 
      "cuboid_centroid": [
        -33.02915166577325, 
        16.564321438929902, 
        70.61965081724321
      ], 
      "location": [
        -33.02915166577325, 
        16.564321438929902, 
        70.61965081724321
      ], 
      "pose_transform_permuted": [
        [
          0.4816897688957765, 
          -0.3691955800549874, 
          -0.7947765339074425, 
          0.0
        ], 
        [
          0.8730482886453343, 
          0.12361452704508216, 
          0.47170525096953614, 
          0.0
        ], 
        [
          0.07590550821342111, 
          0.921093853787381, 
          -0.38186880958994657, 
          0.0
        ], 
        [
          -33.02915166577325, 
          16.564321438929902, 
          70.61965081724321, 
          1.0
        ]
      ], 
      "projected_cuboid": [
        [
          265.14819127146217, 
          465.82136294455705
        ], 
        [
          181.42851007660988, 
          469.4674605146128
        ], 
        [
          200.0105901262658, 
          326.92714770709773
        ], 
        [
          275.06210664609404, 
          331.9890014077439
        ], 
        [
          259.635396171489, 
          468.60143217983386
        ], 
        [
          180.04682338458096, 
          472.23368537379105
        ], 
        [
          197.84951769366856, 
          336.3882561167072
        ], 
        [
          269.56908351653254, 
          340.6867092590981
        ]
      ], 
      "projected_cuboid_centroid": [
        230.08224143162815, 
        398.38028884385017
      ], 
      "quaternion_xyzw": [
        0.9472220801295965, 
        0.012591825040948591, 
        0.2516292218755268, 
        0.1982281677656246
      ], 
      "visibility": 0.5130198576245785
    }, 
    {
      "bounding_box": {
        "bottom_right": [
          369, 
          246
        ], 
        "top_left": [
          292, 
          74
        ]
      }, 
      "class": "024_bowl", 
      "cuboid": [
        [
          -42.011955241256935, 
          6.017301418773822, 
          50.17002906120469
        ], 
        [
          -42.07226284202186, 
          12.488553755907256, 
          64.93002897882661
        ], 
        [
          -42.45284662277595, 
          7.462089624779329, 
          67.13223533673889
        ], 
        [
          -42.392539022011036, 
          0.9908372876458953, 
          52.37223541911696
        ], 
        [
          -25.904459017829183, 
          5.018413564923711, 
          50.67378650374028
        ], 
        [
          -25.964766618594105, 
          11.489665902057144, 
          65.4337864213622
        ], 
        [
          -26.3453503993482, 
          6.46320177092922, 
          67.63599277927447
        ], 
        [
          -26.28504279858328, 
          -0.008050566204215875, 
          52.875992861652556
        ]
      ], 
      "cuboid_centroid": [
        -34.17865282030257, 
        6.24025159485152, 
        58.90301092023959
      ], 
      "location": [
        -34.17865282030257, 
        6.24025159485152, 
        58.90301092023959
      ], 
      "pose_transform_permuted": [
        [
          -0.9975967781914321, 
          0.06186481691214496, 
          -0.031199560421595482, 
          0.0
        ], 
        [
          0.003742002037938747, 
          -0.401532130717009, 
          -0.9158372920025732, 
          0.0
        ], 
        [
          0.06918573236457114, 
          0.9137530806680136, 
          -0.400335661672667, 
          0.0
        ], 
        [
          -34.17865282030257, 
          6.24025159485152, 
          58.90301092023959, 
          1.0
        ]
      ], 
      "projected_cuboid": [
        [
          31.27805851570242, 
          337.2519122203183
        ], 
        [
          133.1458291852454, 
          375.86450365095345
        ], 
        [
          141.52775286311655, 
          332.5677239617733
        ], 
        [
          46.30569899837245, 
          283.37648210944263
        ], 
        [
          206.69189776142056, 
          326.10316005146717
        ], 
        [
          268.207045652224, 
          366.9333245238129
        ], 
        [
          272.12899005499423, 
          324.2498185186468
        ], 
        [
          214.27064250760475, 
          273.2053380950604
        ]
      ], 
      "projected_cuboid_centroid": [
        169.55784771469246, 
        329.78701779486596
      ], 
      "quaternion_xyzw": [
        0.6979782666973857, 
        -0.1686004728015635, 
        -0.6853487284238001, 
        0.12123258735621523
      ], 
      "visibility": 0.7670078266104756
    }, 
    {
      "bounding_box": {
        "bottom_right": [
          358, 
          411
        ], 
        "top_left": [
          268, 
          298
        ]
      }, 
      "class": "025_mug", 
      "cuboid": [
        [
          -6.889553494632408, 
          6.339168860173104, 
          50.59823583677412
        ], 
        [
          -18.5285069623114, 
          7.503989443462931, 
          50.38678676629183
        ], 
        [
          -19.348885912910973, 
          -0.32209496076067295, 
          52.43157339175387
        ], 
        [
          -7.709932445231981, 
          -1.4869155440505002, 
          52.64302246223617
        ], 
        [
          -6.8184046936983265, 
          8.68531108126177, 
          59.60625447101041
        ], 
        [
          -18.457358161377318, 
          9.850131664551597, 
          59.394805400528114
        ], 
        [
          -19.277737111976894, 
          2.0240472603279924, 
          61.439592025990166
        ], 
        [
          -7.6387836442979005, 
          0.8592266770381649, 
          61.65104109647246
        ]
      ], 
      "cuboid_centroid": [
        -13.08364530330465, 
        4.181608060250548, 
        56.018913931382144
      ], 
      "location": [
        -13.08364530330465, 
        4.181608060250548, 
        56.018913931382144
      ], 
      "pose_transform_permuted": [
        [
          -0.0076431766600842665, 
          -0.25203487943636305, 
          -0.967688518638382, 
          0.0
        ], 
        [
          0.9948673485714952, 
          -0.09956582165889064, 
          0.018074114368856413, 
          0.0
        ], 
        [
          0.10090390196822643, 
          0.96258253937611, 
          -0.2515020028863117, 
          0.0
        ], 
        [
          -13.08364530330465, 
          4.181608060250548, 
          56.018913931382144, 
          1.0
        ]
      ], 
      "projected_cuboid": [
        [
          408.37408203936656, 
          340.1031539809579
        ], 
        [
          283.8475203036192, 
          352.7126093574658
        ], 
        [
          283.14537375978915, 
          270.0102763874732
        ], 
        [
          402.8378327443021, 
          258.222790858394
        ], 
        [
          420.0818349125523, 
          350.9972837190836
        ], 
        [
          314.48307628103845, 
          361.73312986929835
        ], 
        [
          312.8642858579389, 
          290.85605635877397
        ], 
        [
          414.9661913341672, 
          280.71937942413626
        ]
      ], 
      "projected_cuboid_centroid": [
        355.99817451052525, 
        313.0969040019123
      ], 
      "quaternion_xyzw": [
        0.990598102989551, 
        -0.050593102041613665, 
        0.002632484777956963, 
        0.127079004291205
      ], 
      "visibility": 0.8652454270298724
    }, 
    {
      "bounding_box": {
        "bottom_right": [
          368, 
          317
        ], 
        "top_left": [
          293, 
          265
        ]
      }, 
      "class": "061_foam_brick", 
      "cuboid": [
        [
          -24.198888736754135, 
          2.235495327058585, 
          61.935239264653376
        ], 
        [
          -23.615201025288375, 
          9.451037407517596, 
          59.064898466042095
        ], 
        [
          -25.62469053441021, 
          11.330847149911197, 
          63.381783754610964
        ], 
        [
          -26.208378245875974, 
          4.1153050694521855, 
          66.25212455322225
        ], 
        [
          -19.380823193028434, 
          2.663743968324126, 
          63.991542734163275
        ], 
        [
          -18.79713548156267, 
          9.879286048783136, 
          61.121201935551994
        ], 
        [
          -20.80662499068451, 
          11.759095791176739, 
          65.43808722412086
        ], 
        [
          -21.390312702150272, 
          4.543553710717726, 
          68.30842802273214
        ]
      ], 
      "cuboid_centroid": [
        -22.502756863719323, 
        6.997295559117661, 
        63.68666324438712
      ], 
      "location": [
        -22.502756863719323, 
        6.997295559117661, 
        63.68666324438712
      ], 
      "pose_transform_permuted": [
        [
          -0.916679129615737, 
          -0.08147805134067461, 
          -0.39122972851850235, 
          0.0
        ], 
        [
          -0.07495283776262389, 
          -0.9265662858789772, 
          0.36858783211572166, 
          0.0
        ], 
        [
          0.39253209478750195, 
          -0.3672005515003538, 
          -0.8432569653074746, 
          0.0
        ], 
        [
          -22.502756863719323, 
          6.997295559117661, 
          63.68666324438712, 
          1.0
        ]
      ], 
      "projected_cuboid": [
        [
          271.4858014517621, 
          292.5362163578025
        ], 
        [
          266.58941286175235, 
          358.62357337158414
        ], 
        [
          264.1838673716171, 
          368.6288007104639
        ], 
        [
          268.8654339826479, 
          306.4141214221628
        ], 
        [
          318.72696308920894, 
          295.486765732826
        ], 
        [
          316.21381779047243, 
          359.48930479091536
        ], 
        [
          310.6101908628924, 
          369.12301994248327
        ], 
        [
          313.1999791056085, 
          308.7604354382658
        ]
      ], 
      "projected_cuboid_centroid": [
        291.5859690257138, 
        331.8827111958143
      ], 
      "quaternion_xyzw": [
        -0.4871027456439567, 
        0.677012392386853, 
        0.28130168758104157, 
        -0.4746098358702724
      ], 
      "visibility": 0.7387335995436395
    }
  ]
}