{
  "camera_data": {
    "location_worldframe": [
      -10.017179376061753, 
      -1.4233322852483106, 
      77.60258773518987
    ], 
    "quaternion_xyzw_worldframe": [
      -0.8226632099376674, 
      -0.10328867445017371, 
      -0.18571868531500588, 
      0.5273190449657065
    ]
  }, 
  "objects": [
    {
      "bounding_box": {
        "bottom_right": [
          459, 
          433
        ], 
        "top_left": [
          291, 
          308
        ]
      }, 
      "class": "003_cracker_box", 
      "cuboid": [
        [
          -5.876908798856635, 
          24.56586903695847, 
          76.07486268613165
        ], 
        [
          -15.855420678789331, 
          21.54448027222044, 
          63.410794371347755
        ], 
        [
          -18.75995721318042, 
          1.6075039913614808, 
          70.45594812717528
        ], 
        [
          -8.781445333247728, 
          4.628892756099513, 
          83.12001644195915
        ], 
        [
          -11.491270625050703, 
          26.76189605419406, 
          79.97470937018075
        ], 
        [
          -21.4697825049834, 
          23.74050728945603, 
          67.31064105539687
        ], 
        [
          -24.37431903937449, 
          3.8035310085970733, 
          74.35579481122437
        ], 
        [
          -14.395807159441794, 
          6.824919773335105, 
          87.01986312600826
        ]
      ], 
      "cuboid_centroid": [
        -15.125613919115564, 
        14.184700022777772, 
        75.21532874867802
      ], 
      "location": [
        -15.125613919115564, 
        14.184700022777772, 
        75.21532874867802
      ], 
      "pose_transform_permuted": [
        [
          0.7819445627331124, 
          -0.305853352331309, 
          -0.5431541472545541, 
          0.0
        ], 
        [
          0.6083122886759584, 
          0.18419058238070815, 
          0.7720297849228833, 
          0.0
        ], 
        [
          0.13608401911297016, 
          0.9340918350087192, 
          -0.330081177155113, 
          0.0
        ], 
        [
          -15.125613919115564, 
          14.184700022777772, 
          75.21532874867802, 
          1.0
        ]
      ], 
      "projected_cuboid": [
        [
          440.0539104814474, 
          445.5045160681182
        ], 
        [
          347.13297962054185, 
          454.4874415867586
        ], 
        [
          338.4093009535549, 
          285.4546143668581
        ], 
        [
          424.78349366704055, 
          302.98671443593287
        ], 
        [
          404.3277434668502, 
          451.75099706972253
        ], 
        [
          310.06881858019375, 
          461.38870508847486
        ], 
        [
          305.3144838416992, 
          300.5674994348566
        ], 
        [
          392.6340804293508, 
          315.11449814980415
        ]
      ], 
      "projected_cuboid_centroid": [
        373.45407420549935, 
        373.86415200520617
      ], 
      "quaternion_xyzw": [
        0.8782878615435875, 
        0.013693279098492517, 
        0.4423305887789716, 
        0.18101540432563007
      ], 
      "visibility": 0.8077154582763338
    }, 
    {
      "bounding_box": {
        "bottom_right": [
          442, 
          329
        ], 
        "top_left": [
          304, 
          247
        ]
      }, 
      "class": "004_sugar_box", 
      "cuboid": [
        [
          -19.60874148828053, 
          21.132227104972092, 
          71.17387433413369
        ], 
        [
          -26.18089448475554, 
          20.060992923178254, 
          64.72798383950331
        ], 
        [
          -29.321818631890594, 
          3.7565995352515453, 
          70.64003270428154
        ], 
        [
          -22.749665635415578, 
          4.827833717045385, 
          77.08592319891191
        ], 
        [
          -22.687643814039184, 
          22.765243447963893, 
          74.04169604797075
        ], 
        [
          -29.2597968105142, 
          21.694009266170053, 
          67.59580555334038
        ], 
        [
          -32.40072095764925, 
          5.389615878243345, 
          73.50785441811861
        ], 
        [
          -25.828567961174237, 
          6.460850060037185, 
          79.95374491274899
        ]
      ], 
      "cuboid_centroid": [
        -26.00473122296489, 
        13.26092149160772, 
        72.34086437612615
      ], 
      "location": [
        -26.00473122296489, 
        13.26092149160772, 
        72.34086437612615
      ], 
      "pose_transform_permuted": [
        [
          0.6821691568822555, 
          -0.36181510941538764, 
          -0.6354016183786575, 
          0.0
        ], 
        [
          0.7091460511205503, 
          0.1155879192483651, 
          0.6955221207836044, 
          0.0
        ], 
        [
          0.17820543448805862, 
          0.9250562483051201, 
          -0.3354296975377222, 
          0.0
        ], 
        [
          -26.00473122296489, 
          13.26092149160772, 
          72.34086437612615, 
          1.0
        ]
      ], 
      "projected_cuboid": [
        [
          333.4405200054889, 
          431.6343960478985
        ], 
        [
          264.0846089046539, 
          438.5770313531629
        ], 
        [
          258.37776421242404, 
          301.648191021268
        ], 
        [
          322.89167791549494, 
          306.68794460337205
        ], 
        [
          316.8169635177322, 
          437.2637399433087
        ], 
        [
          248.8183372711201, 
          444.44863723350977
        ], 
        [
          244.56196556372024, 
          312.38967486919665
        ], 
        [
          307.87569436636414, 
          316.38267894031696
        ]
      ], 
      "projected_cuboid_centroid": [
        288.28435621658576, 
        371.050218072373
      ], 
      "quaternion_xyzw": [
        0.9041023058543108, 
        -0.017314831196156642, 
        0.3809555812281781, 
        0.19280030656880812
      ], 
      "visibility": 0.5877824435112977
    }, 
    {
      "bounding_box": {
        "bottom_right": [
          342, 
          344
        ], 
        "top_left": [
          263, 
          188
        ]
      }, 
      "class": "024_bowl", 
      "cuboid": [
        [
          -29.000577154181116, 
          2.9712564516186433, 
          50.08632739809524
        ], 
        [
          -33.1284215096964, 
          9.277465073096963, 
          64.33171174478092
        ], 
        [
          -34.10118659778904, 
          4.2279504150528116, 
          66.28517746500826
        ], 
        [
          -29.97334224227376, 
          -2.078258206425508, 
          52.03979311832258
        ], 
        [
          -13.656261152313402, 
          1.9160547262839862, 
          54.99972732552796
        ], 
        [
          -17.78410550782868, 
          8.222263347762306, 
          69.24511167221364
        ], 
        [
          -18.75687059592132, 
          3.1727486897181545, 
          71.19857739244098
        ], 
        [
          -14.62902624040604, 
          -3.1334599317601644, 
          56.9531930457553
        ]
      ], 
      "cuboid_centroid": [
        -23.878723875051218, 
        3.0720025706683987, 
        60.64245239526811
      ], 
      "location": [
        -23.878723875051218, 
        3.0720025706683987, 
        60.64245239526811
      ], 
      "pose_transform_permuted": [
        [
          -0.9503302061775664, 
          0.06535254312242711, 
          -0.30430501858157927, 
          0.0
        ], 
        [
          0.2561269524026062, 
          -0.3912913996566272, 
          -0.8839061176435599, 
          0.0
        ], 
        [
          0.17683744931279993, 
          0.9179434000319349, 
          -0.3551174888094838, 
          0.0
        ], 
        [
          -23.878723875051218, 
          3.0720025706683987, 
          60.64245239526811, 
          1.0
        ]
      ], 
      "projected_cuboid": [
        [
          170.22532954355736, 
          304.924498570498
        ], 
        [
          204.66874600236926, 
          350.19812126555854
        ], 
        [
          204.938066001732, 
          307.3039282828275
        ], 
        [
          171.86130755559248, 
          251.98791756123575
        ], 
        [
          348.07193683748994, 
          291.8660756927174
        ], 
        [
          343.48404133338187, 
          336.6136661419002
        ], 
        [
          339.92611916418656, 
          297.0523078981658
        ], 
        [
          343.46672895556696, 
          243.94427540895316
        ]
      ], 
      "projected_cuboid_centroid": [
        269.8457631352692, 
        300.30324106281324
      ], 
      "quaternion_xyzw": [
        0.7871428350395054, 
        -0.1804402021079547, 
        -0.5825614622183116, 
        0.09203061146853793
      ], 
      "visibility": 0.7965640969881483
    }, 
    {
      "bounding_box": {
        "bottom_right": [
          323, 
          505
        ], 
        "top_left": [
          241, 
          410
        ]
      }, 
      "class": "025_mug", 
      "cuboid": [
        [
          4.6423691806418175, 
          3.1776914050655884, 
          60.18481200285929
        ], 
        [
          -6.487211442647825, 
          4.381463930170172, 
          56.78626490432448
        ], 
        [
          -7.839172857999429, 
          -3.4643451818478557, 
          58.43467346334818
        ], 
        [
          3.2904077652902126, 
          -4.668117706952439, 
          61.833220561882996
        ], 
        [
          2.226995692586129, 
          5.422849634533766, 
          68.88993007362929
        ], 
        [
          -8.902584930703513, 
          6.62662215963835, 
          65.49138297509448
        ], 
        [
          -10.254546346055118, 
          -1.2191869523796781, 
          67.13979153411819
        ], 
        [
          0.8750342772345241, 
          -2.4229594774842615, 
          70.538338632653
        ]
      ], 
      "cuboid_centroid": [
        -2.8060885827066504, 
        0.9792522263429554, 
        63.66230176848874
      ], 
      "location": [
        -2.8060885827066504, 
        0.9792522263429554, 
        63.66230176848874
      ], 
      "pose_transform_permuted": [
        [
          0.2594720645594216, 
          -0.24118665040561724, 
          -0.9351493544273531, 
          0.0
        ], 
        [
          0.9513274880042023, 
          -0.10289533192650797, 
          0.2904989310511375, 
          0.0
        ], 
        [
          0.16628678980581113, 
          0.9650086133022948, 
          -0.2027488095858026, 
          0.0
        ], 
        [
          -2.8060885827066504, 
          0.9792522263429554, 
          63.66230176848874, 
          1.0
        ]
      ], 
      "projected_cuboid": [
        [
          523.0776191001881, 
          301.44522119732034
        ], 
        [
          420.16339503538825, 
          314.43593424573885
        ], 
        [
          409.45454066085165, 
          241.66827062681526
        ], 
        [
          510.21377197871664, 
          233.02341458203037
        ], 
        [
          498.98129565960716, 
          315.26817308540865
        ], 
        [
          408.4960041437041, 
          327.24947489719676
        ], 
        [
          399.4620800328875, 
          263.60202359147905
        ], 
        [
          488.2680789155709, 
          254.96725567877127
        ]
      ], 
      "projected_cuboid_centroid": [
        457.8936617753506, 
        281.4900489237799
      ], 
      "quaternion_xyzw": [
        0.9812600898505262, 
        -0.06858072709686053, 
        0.14011855809154927, 
        0.11310341279116015
      ], 
      "visibility": 0.8806333739342266
    }, 
    {
      "bounding_box": {
        "bottom_right": [
          336, 
          401
        ], 
        "top_left": [
          266, 
          343
        ]
      }, 
      "class": "061_foam_brick", 
      "cuboid": [
        [
          -15.12161170085198, 
          -0.9977820015986363, 
          66.26188055634678
        ], 
        [
          -13.769512620594766, 
          6.247486741486301, 
          63.747620411252925
        ], 
        [
          -16.89143694580188, 
          8.085297447455595, 
          67.3647009558684
        ], 
        [
          -18.243536026059097, 
          0.8400287043706569, 
          69.87896110096224
        ], 
        [
          -11.057272099898304, 
          -0.607705208416609, 
          69.57164189889727
        ], 
        [
          -9.705173019641085, 
          6.637563534668328, 
          67.05738175380341
        ], 
        [
          -12.827097344848202, 
          8.475374240637622, 
          70.67446229841889
        ], 
        [
          -14.179196425105417, 
          1.2301054975526848, 
          73.18872244351273
        ]
      ], 
      "cuboid_centroid": [
        -13.97435452285009, 
        3.7387961195194928, 
        68.46817142738283
      ], 
      "location": [
        -13.97435452285009, 
        3.7387961195194928, 
        68.46817142738283
      ], 
      "pose_transform_permuted": [
        [
          -0.773276173612199, 
          -0.07421552322447121, 
          -0.6297110571017437, 
          0.0
        ], 
        [
          -0.17362651467685908, 
          -0.9303835629558409, 
          0.3228626010902491, 
          0.0
        ], 
        [
          0.6098342338085359, 
          -0.35899649287160573, 
          -0.7065576589217928, 
          0.0
        ], 
        [
          -13.97435452285009, 
          3.7387961195194928, 
          68.46817142738283, 
          1.0
        ]
      ], 
      "projected_cuboid": [
        [
          358.87404047937855, 
          265.2557263485577
        ], 
        [
          365.43981676186235, 
          325.5536971842684
        ], 
        [
          346.7548317013428, 
          337.2970272036264
        ], 
        [
          341.20120347868516, 
          279.6976773488262
        ], 
        [
          396.12829320336107, 
          268.6280150603481
        ], 
        [
          403.7668183533696, 
          326.07629095118233
        ], 
        [
          383.99531621081826, 
          337.24292208734505
        ], 
        [
          377.413509336156, 
          282.25020518737216
        ]
      ], 
      "projected_cuboid_centroid": [
        371.8394272974918, 
        302.40916746685735
      ], 
      "quaternion_xyzw": [
        -0.523709855156765, 
        0.735243848095686, 
        0.21501102570770084, 
        -0.3727126644927041
      ], 
      "visibility": 0.9991570665917393
    }
  ]
}