{
  "camera_data": {
    "location_worldframe": [
      -15.842662191745704, 
      11.416076887843582, 
      73.9095137569579
    ], 
    "quaternion_xyzw_worldframe": [
      0.8767963148555377, 
      0.0005390794523714272, 
      -0.018760387982475292, 
      -0.48049670177947446
    ]
  }, 
  "objects": [
    {
      "bounding_box": {
        "bottom_right": [
          539, 
          390
        ], 
        "top_left": [
          381, 
          230
        ]
      }, 
      "class": "003_cracker_box", 
      "cuboid": [
        [
          -14.078079127432117, 
          36.883762732929426, 
          67.33693605952703
        ], 
        [
          -28.456691361957382, 
          32.27910389539655, 
          60.92361064393748
        ], 
        [
          -26.977456158250533, 
          13.550884153449246, 
          71.05372395306907
        ], 
        [
          -12.59884392372527, 
          18.155542990982116, 
          77.4670493686586
        ], 
        [
          -17.497847521668135, 
          39.6762902335494, 
          72.999035654466
        ], 
        [
          -31.876459756193398, 
          35.07163139601654, 
          66.58571023887646
        ], 
        [
          -30.397224552486556, 
          16.343411654069232, 
          76.71582354800805
        ], 
        [
          -16.01861231796129, 
          20.9480704916021, 
          83.1291489635976
        ]
      ], 
      "cuboid_centroid": [
        -22.237651839959334, 
        26.613587193499328, 
        72.02637980376754
      ], 
      "location": [
        -22.237651839959334, 
        26.613587193499328, 
        72.02637980376754
      ], 
      "pose_transform_permuted": [
        [
          0.4762908740942571, 
          -0.38893141607026277, 
          -0.7885932772019479, 
          0.0
        ], 
        [
          0.8765521975233843, 
          0.28071024915696063, 
          0.39097058845284294, 
          0.0
        ], 
        [
          -0.06930547071807491, 
          0.8774588934028857, 
          -0.4746184173804561, 
          0.0
        ], 
        [
          -22.237651839959334, 
          26.613587193499328, 
          72.02637980376754, 
          1.0
        ]
      ], 
      "projected_cuboid": [
        [
          369.1671779058382, 
          565.4119912262929
        ], 
        [
          230.41391499595557, 
          555.8547911213047
        ], 
        [
          277.42050512513117, 
          374.9976304653623
        ], 
        [
          394.13788505797197, 
          398.2778303968372
        ], 
        [
          352.69519112438525, 
          563.155333910377
        ], 
        [
          224.15424824245284, 
          554.1934738713361
        ], 
        [
          268.518034683122, 
          386.90405634761805
        ], 
        [
          377.97236672938817, 
          407.68002524921957
        ]
      ], 
      "projected_cuboid_centroid": [
        315.56610887551466, 
        470.34693817641426
      ], 
      "quaternion_xyzw": [
        0.9410903739981907, 
        0.09298143131249063, 
        0.2303874012818155, 
        0.2294014096069107
      ], 
      "visibility": 0.674056611333835
    }, 
    {
      "bounding_box": {
        "bottom_right": [
          527, 
          289
        ], 
        "top_left": [
          387, 
          187
        ]
      }, 
      "class": "004_sugar_box", 
      "cuboid": [
        [
          -28.377544452023013, 
          32.99715023849596, 
          69.52599850059538
        ], 
        [
          -37.05718886143357, 
          31.136351715797566, 
          66.86302202037693
        ], 
        [
          -36.46724754938575, 
          15.851986106850818, 
          75.62036792003369
        ], 
        [
          -27.787603139975193, 
          17.712784629549212, 
          78.28334440025213
        ], 
        [
          -29.95244147794241, 
          35.05398915749665, 
          73.22192819546649
        ], 
        [
          -38.63208588735297, 
          33.193190634798256, 
          70.55895171524804
        ], 
        [
          -38.04214457530515, 
          17.90882502585151, 
          79.3162976149048
        ], 
        [
          -29.362500165894588, 
          19.7696235485499, 
          81.97927409512324
        ]
      ], 
      "cuboid_centroid": [
        -33.20984451366408, 
        25.452987632173734, 
        74.42114805775009
      ], 
      "location": [
        -33.20984451366408, 
        25.452987632173734, 
        74.42114805775009
      ], 
      "pose_transform_permuted": [
        [
          0.3489380508630085, 
          -0.45571827968643924, 
          -0.8188792553609417, 
          0.0
        ], 
        [
          0.9365478194688074, 
          0.20078320224898571, 
          0.2873395151005594, 
          0.0
        ], 
        [
          -0.03347127880558043, 
          0.8671833150447559, 
          -0.4968622475121011, 
          0.0
        ], 
        [
          -33.20984451366408, 
          25.452987632173734, 
          74.42114805775009, 
          1.0
        ]
      ], 
      "projected_cuboid": [
        [
          262.1047547185395, 
          526.4008662981961
        ], 
        [
          183.55456115506615, 
          521.6394484059545
        ], 
        [
          222.26517081940858, 
          385.0841244713675
        ], 
        [
          290.7113420694351, 
          393.9581187347101
        ], 
        [
          261.61726701253747, 
          528.6059395144782
        ], 
        [
          187.16319190898702, 
          524.177150201874
        ], 
        [
          223.67155909916224, 
          393.70475447767893
        ], 
        [
          288.98623865732077, 
          401.89864764867974
        ]
      ], 
      "projected_cuboid_centroid": [
        241.62415974254642, 
        455.68867915664885
      ], 
      "quaternion_xyzw": [
        0.9516578153247239, 
        0.061538527105626205, 
        0.16714977687291357, 
        0.2502423959166199
      ], 
      "visibility": 0.5205662119191712
    }, 
    {
      "bounding_box": {
        "bottom_right": [
          425, 
          246
        ], 
        "top_left": [
          352, 
          95
        ]
      }, 
      "class": "024_bowl", 
      "cuboid": [
        [
          -45.20305025383821, 
          12.22649851901755, 
          57.352453950740866
        ], 
        [
          -42.93043896145298, 
          20.49968080855138, 
          70.99532879820725
        ], 
        [
          -42.693740558124894, 
          15.783016113838281, 
          73.81613480749377
        ], 
        [
          -44.96635185051012, 
          7.509833824304449, 
          60.17325996002738
        ], 
        [
          -29.233192752290826, 
          11.647093122523458, 
          55.04357459919319
        ], 
        [
          -26.960581459905598, 
          19.92027541205729, 
          68.68644944665958
        ], 
        [
          -26.723883056577513, 
          15.203610717344187, 
          71.5072554559461
        ], 
        [
          -28.99649434896274, 
          6.930428427810359, 
          57.864380608479706
        ]
      ], 
      "cuboid_centroid": [
        -35.96346665520786, 
        13.715054618180869, 
        64.42985470334348
      ], 
      "location": [
        -35.96346665520786, 
        13.715054618180869, 
        64.42985470334348
      ], 
      "pose_transform_permuted": [
        [
          -0.9890723034004626, 
          0.03588471782278217, 
          0.14299743239961626, 
          0.0
        ], 
        [
          -0.14101234304938226, 
          -0.5133393568142426, 
          -0.8465212483176445, 
          0.0
        ], 
        [
          -0.04302903384723915, 
          0.857435123943683, 
          -0.5127899282102314, 
          0.0
        ], 
        [
          -35.96346665520786, 
          13.715054618180869, 
          64.42985470334348, 
          1.0
        ]
      ], 
      "projected_cuboid": [
        [
          57.75166670545789, 
          386.9805588058194
        ], 
        [
          156.41447280636226, 
          427.2809121047398
        ], 
        [
          170.56537502964582, 
          387.3184037377166
        ], 
        [
          79.73607545085142, 
          339.8466919023496
        ], 
        [
          195.99499287195283, 
          386.13572872695727
        ], 
        [
          270.51568804743243, 
          427.95857395067077
        ], 
        [
          280.62245984191, 
          386.6789941562599
        ], 
        [
          212.1174489926211, 
          337.16233102458466
        ]
      ], 
      "projected_cuboid_centroid": [
        181.42786318189184, 
        386.81321355467907
      ], 
      "quaternion_xyzw": [
        -0.6271812633710219, 
        0.18746985538086053, 
        0.7316838284724969, 
        -0.19009863584896586
      ], 
      "visibility": 0.6634735008708634
    }, 
    {
      "bounding_box": {
        "bottom_right": [
          424, 
          388
        ], 
        "top_left": [
          337, 
          276
        ]
      }, 
      "class": "025_mug", 
      "cuboid": [
        [
          -10.609260088003957, 
          13.35828368721148, 
          51.36418873297145
        ], 
        [
          -22.141165359145507, 
          14.235573160935969, 
          53.12835412209183
        ], 
        [
          -22.241916355412165, 
          6.712880593287131, 
          56.210677407809825
        ], 
        [
          -10.710011084270617, 
          5.835591119562642, 
          54.446512018689454
        ], 
        [
          -9.045791580155834, 
          16.819593883397133, 
          59.86293823739537
        ], 
        [
          -20.577696851297382, 
          17.69688335712162, 
          61.62710362651575
        ], 
        [
          -20.67844784756404, 
          10.174190789472782, 
          64.70942691223375
        ], 
        [
          -9.146542576422492, 
          9.296901315748293, 
          62.94526152311337
        ]
      ], 
      "cuboid_centroid": [
        -15.643853967783999, 
        11.76623723834213, 
        58.0368078226026
      ], 
      "location": [
        -15.643853967783999, 
        11.76623723834213, 
        58.0368078226026
      ], 
      "pose_transform_permuted": [
        [
          -0.1679559718656803, 
          -0.3718320612220617, 
          -0.9129801626916727, 
          0.0
        ], 
        [
          0.9857171482760554, 
          -0.07498841326908519, 
          -0.1507962505383051, 
          0.0
        ], 
        [
          0.012392039853121789, 
          0.9252663453010103, 
          -0.37911558607051515, 
          0.0
        ], 
        [
          -15.643853967783999, 
          11.76623723834213, 
          58.0368078226026, 
          1.0
        ]
      ], 
      "projected_cuboid": [
        [
          370.52204832045805, 
          411.9869528752148
        ], 
        [
          257.4846861801392, 
          416.18782054226205
        ], 
        [
          268.8100532691913, 
          336.9774743833536
        ], 
        [
          375.81511213302264, 
          330.447867661729
        ], 
        [
          400.33641990001865, 
          423.13248712994795
        ], 
        [
          302.0341124612106, 
          426.4349726806709
        ], 
        [
          309.7500024914748, 
          357.13977930753776
        ], 
        [
          403.45486481498153, 
          352.0568761216224
        ]
      ], 
      "projected_cuboid_centroid": [
        336.64247770470496, 
        381.4104161696762
      ], 
      "quaternion_xyzw": [
        0.9777478785797412, 
        -0.022342276326166574, 
        -0.08150163999000412, 
        0.1920095312258283
      ], 
      "visibility": 0.8017565872020075
    }, 
    {
      "bounding_box": {
        "bottom_right": [
          432, 
          317
        ], 
        "top_left": [
          358, 
          261
        ]
      }, 
      "class": "061_foam_brick", 
      "cuboid": [
        [
          -25.438313506216986, 
          10.339929188439038, 
          66.06011105870176
        ], 
        [
          -25.689800583016797, 
          17.14814326004933, 
          62.28803330699865
        ], 
        [
          -26.98293118828265, 
          19.512045934220772, 
          66.64084949129828
        ], 
        [
          -26.731444111482844, 
          12.703831862610482, 
          70.4129272430014
        ], 
        [
          -20.355593570724125, 
          11.127348423928817, 
          67.14245363202375
        ], 
        [
          -20.607080647523933, 
          17.93556249553911, 
          63.37037588032063
        ], 
        [
          -21.90021125278979, 
          20.29946516971055, 
          67.72319206462026
        ], 
        [
          -21.648724175989983, 
          13.49125109810026, 
          71.49526981632339
        ]
      ], 
      "cuboid_centroid": [
        -23.66926237950339, 
        15.319697179074796, 
        66.891651561661
      ], 
      "location": [
        -23.66926237950339, 
        15.319697179074796, 
        66.891651561661
      ], 
      "pose_transform_permuted": [
        [
          -0.9670319434768999, 
          -0.14981339977232824, 
          -0.20592514548725468, 
          0.0
        ], 
        [
          0.03229410127452759, 
          -0.874260250367723, 
          0.484382189649699, 
          0.0
        ], 
        [
          0.25259911187128314, 
          -0.46176288273920735, 
          -0.8502756781222292, 
          0.0
        ], 
        [
          -23.66926237950339, 
          15.319697179074796, 
          66.891651561661, 
          1.0
        ]
      ], 
      "projected_cuboid": [
        [
          274.5158296263542, 
          356.7633386773534
        ], 
        [
          259.8040593479021, 
          420.1115399931943
        ], 
        [
          263.85600488317175, 
          429.43935241717645
        ], 
        [
          277.4412506940541, 
          369.507538569323
        ], 
        [
          318.5630244453262, 
          361.6722388641235
        ], 
        [
          306.7244045367999, 
          424.23067522508745
        ], 
        [
          307.6958509888352, 
          433.1446600347657
        ], 
        [
          318.7624518808853, 
          373.9246421606481
        ]
      ], 
      "projected_cuboid_centroid": [
        291.31207330534414, 
        395.4287533866107
      ], 
      "quaternion_xyzw": [
        0.4405838070170576, 
        -0.639412606802512, 
        -0.27386943536063424, 
        0.5674794794806417
      ], 
      "visibility": 0.3646662584200857
    }
  ]
}