{
  "camera_data": {
    "location_worldframe": [
      -9.881320338342857, 
      -0.4948163791057211, 
      80.50636529628204
    ], 
    "quaternion_xyzw_worldframe": [
      -0.8229268422976347, 
      -0.10950045660065748, 
      -0.20179626220622787, 
      0.5196934812772478
    ]
  }, 
  "objects": [
    {
      "bounding_box": {
        "bottom_right": [
          460, 
          437
        ], 
        "top_left": [
          298, 
          316
        ]
      }, 
      "class": "003_cracker_box", 
      "cuboid": [
        [
          -5.435801332269046, 
          25.43409540979064, 
          78.82004814376114
        ], 
        [
          -15.001731261081549, 
          22.355381502538744, 
          65.85499430810357
        ], 
        [
          -18.342749744760955, 
          2.532430667233179, 
          73.02728563090733
        ], 
        [
          -8.776819815948452, 
          5.611144574485073, 
          85.9923394665649
        ], 
        [
          -11.15921618195188, 
          27.729435173997462, 
          82.49786480045077
        ], 
        [
          -20.725146110764385, 
          24.650721266745567, 
          69.5328109647932
        ], 
        [
          -24.06616459444379, 
          4.827770431439999, 
          76.70510228759696
        ], 
        [
          -14.500234665631288, 
          7.906484338691895, 
          89.67015612325453
        ]
      ], 
      "cuboid_centroid": [
        -14.750982963356417, 
        15.13093292061532, 
        77.76257521567905
      ], 
      "location": [
        -14.750982963356417, 
        15.13093292061532, 
        77.76257521567905
      ], 
      "pose_transform_permuted": [
        [
          0.7971330064790787, 
          -0.31968521157164687, 
          -0.5122307443760248, 
          0.0
        ], 
        [
          0.5831603748462973, 
          0.18768525062993002, 
          0.7903785320370903, 
          0.0
        ], 
        [
          0.15653417259739494, 
          0.9287494883973672, 
          -0.3360378559193549, 
          0.0
        ], 
        [
          -14.750982963356417, 
          15.13093292061532, 
          77.76257521567905, 
          1.0
        ]
      ], 
      "projected_cuboid": [
        [
          444.5103325052831, 
          445.38109363996733
        ], 
        [
          359.09472342700997, 
          454.32918888177556
        ], 
        [
          346.52329886149, 
          291.78092478755
        ], 
        [
          426.7101115338222, 
          308.0865364945697
        ], 
        [
          408.85549034805365, 
          452.5475509099397
        ], 
        [
          321.3096064224715, 
          462.35860638243014
        ], 
        [
          312.87403790859605, 
          306.85333389662554
        ], 
        [
          394.637206534819, 
          320.3109116879378
        ]
      ], 
      "projected_cuboid_centroid": [
        379.5872289828365, 
        377.0591151605159
      ], 
      "quaternion_xyzw": [
        0.8695028188021717, 
        0.008956577643833534, 
        0.4564423208837687, 
        0.18853391079120557
      ], 
      "visibility": 0.8082330513523174
    }, 
    {
      "bounding_box": {
        "bottom_right": [
          445, 
          338
        ], 
        "top_left": [
          310, 
          256
        ]
      }, 
      "class": "004_sugar_box", 
      "cuboid": [
        [
          -19.02389176291679, 
          22.0714870496828, 
          73.48810030803803
        ], 
        [
          -25.38050402516319, 
          20.985081810440718, 
          66.83201691360168
        ], 
        [
          -28.88307119204296, 
          4.782949979561342, 
          72.82150081475302
        ], 
        [
          -22.52645892979656, 
          5.869355218803429, 
          79.47758420918937
        ], 
        [
          -22.183482543885283, 
          23.76764733867463, 
          76.22868595006089
        ], 
        [
          -28.540094806131684, 
          22.68124209943254, 
          69.57260255562454
        ], 
        [
          -32.042661973011455, 
          6.479110268553166, 
          75.56208645677589
        ], 
        [
          -25.68604971076505, 
          7.565515507795253, 
          82.21816985121224
        ]
      ], 
      "cuboid_centroid": [
        -25.533276867964123, 
        14.275298659117986, 
        74.52509338240696
      ], 
      "location": [
        -25.533276867964123, 
        14.275298659117986, 
        74.52509338240696
      ], 
      "pose_transform_permuted": [
        [
          0.700046689079404, 
          -0.37580543708661107, 
          -0.607210881989148, 
          0.0
        ], 
        [
          0.6858888535757235, 
          0.11722490114554829, 
          0.7182022782526912, 
          0.0
        ], 
        [
          0.1987238387678835, 
          0.9192542727236125, 
          -0.3398231001335971, 
          0.0
        ], 
        [
          -25.533276867964123, 
          14.275298659117986, 
          74.52509338240696, 
          1.0
        ]
      ], 
      "projected_cuboid": [
        [
          342.3858985026496, 
          433.46425687692084
        ], 
        [
          277.3727698896658, 
          440.7475185235154
        ], 
        [
          268.3046178650175, 
          308.3152157879673
        ], 
        [
          329.1777526123671, 
          312.67175722182714
        ], 
        [
          325.1011443272044, 
          439.5723871160366
        ], 
        [
          260.99534531318403, 
          447.15311962328116
        ], 
        [
          253.55425751937736, 
          319.01630207048396
        ], 
        [
          313.5924380146539, 
          322.36130557105594
        ]
      ], 
      "projected_cuboid_centroid": [
        297.3520459341411, 
        375.4440259493963
      ], 
      "quaternion_xyzw": [
        0.8961520529866128, 
        -0.022735800624102534, 
        0.3956496452263558, 
        0.19963926178465682
      ], 
      "visibility": 0.5977504017139796
    }, 
    {
      "bounding_box": {
        "bottom_right": [
          347, 
          356
        ], 
        "top_left": [
          270, 
          208
        ]
      }, 
      "class": "024_bowl", 
      "cuboid": [
        [
          -27.86232472588514, 
          3.748598198418449, 
          52.301670010372305
        ], 
        [
          -32.415871920911584, 
          10.26349884822558, 
          66.32164215198421
        ], 
        [
          -33.50485761060279, 
          5.24711838918367, 
          68.29899790558753
        ], 
        [
          -28.951310415576355, 
          -1.2677822606234617, 
          54.27902576397563
        ], 
        [
          -12.70731907638018, 
          2.6078418006902115, 
          57.75395959344961
        ], 
        [
          -17.26086627140662, 
          9.122742450497343, 
          71.7739317350615
        ], 
        [
          -18.349851961097826, 
          4.106361991455432, 
          73.75128748866483
        ], 
        [
          -13.796304766071387, 
          -2.408538658351699, 
          59.73131534705293
        ]
      ], 
      "cuboid_centroid": [
        -23.106088343491486, 
        3.9274800949369406, 
        63.02647874951857
      ], 
      "location": [
        -23.106088343491486, 
        3.9274800949369406, 
        63.02647874951857
      ], 
      "pose_transform_permuted": [
        [
          -0.9386055163203877, 
          0.0706512602138471, 
          -0.3376804468178939, 
          0.0
        ], 
        [
          0.28254121648876207, 
          -0.40424044729578035, 
          -0.8699196064896788, 
          0.0
        ], 
        [
          0.1979650113479341, 
          0.9119199856348705, 
          -0.35946042074435547, 
          0.0
        ], 
        [
          -23.106088343491486, 
          3.9274800949369406, 
          63.02647874951857, 
          1.0
        ]
      ], 
      "projected_cuboid": [
        [
          195.1175802466776, 
          311.51095468285524
        ], 
        [
          218.75542404948595, 
          355.81955058491513
        ], 
        [
          217.79075571255038, 
          314.25918879598186
        ], 
        [
          194.76485736692402, 
          260.82991966025276
        ], 
        [
          363.275502749277, 
          297.36823059456196
        ], 
        [
          352.27054939296573, 
          341.0735058047437
        ], 
        [
          347.7975050130199, 
          302.98097912552294
        ], 
        [
          357.38824766693045, 
          251.78155645105463
        ]
      ], 
      "projected_cuboid_centroid": [
        284.4478208741237, 
        306.52022148562025
      ], 
      "quaternion_xyzw": [
        0.7956352256124547, 
        -0.18922159277832246, 
        -0.5682645339822409, 
        0.09074798074337152
      ], 
      "visibility": 0.7855538479725735
    }, 
    {
      "bounding_box": {
        "bottom_right": [
          326, 
          508
        ], 
        "top_left": [
          248, 
          418
        ]
      }, 
      "class": "025_mug", 
      "cuboid": [
        [
          5.413530080873167, 
          3.759075441045484, 
          63.55279865464903
        ], 
        [
          -5.5801204532257875, 
          5.02682231528769, 
          59.75816806387802
        ], 
        [
          -7.065031025302812, 
          -2.7856065765075737, 
          61.45013924326131
        ], 
        [
          3.9286195087961433, 
          -4.05335345074978, 
          65.24476983403234
        ], 
        [
          2.7221460774666575, 
          6.1309550651155496, 
          72.14258819708407
        ], 
        [
          -8.271504456632298, 
          7.398701939357756, 
          68.34795760631305
        ], 
        [
          -9.75641502870932, 
          -0.41372695243750873, 
          70.03992878569635
        ], 
        [
          1.237235505389634, 
          -1.681473826679715, 
          73.83455937646737
        ]
      ], 
      "cuboid_centroid": [
        -2.1714424739180767, 
        1.672674244303988, 
        66.79636372017269
      ], 
      "location": [
        -2.1714424739180767, 
        1.672674244303988, 
        66.79636372017269
      ], 
      "pose_transform_permuted": [
        [
          0.2891225590325713, 
          -0.2547997259998472, 
          -0.9227601601691338, 
          0.0
        ], 
        [
          0.9397085389466464, 
          -0.1083636922288218, 
          0.32435511363905134, 
          0.0
        ], 
        [
          0.1826390970745138, 
          0.9609029564389954, 
          -0.20810686804285045, 
          0.0
        ], 
        [
          -2.1714424739180767, 
          1.672674244303988, 
          66.79636372017269, 
          1.0
        ]
      ], 
      "projected_cuboid": [
        [
          527.4046770939202, 
          304.83178208974664
        ], 
        [
          431.38154055145037, 
          318.14907089909286
        ], 
        [
          419.7693903252853, 
          249.1105384384443
        ], 
        [
          513.9777521446287, 
          240.15387802573088
        ], 
        [
          501.8884427408109, 
          318.6100907050484
        ], 
        [
          416.5165952223672, 
          331.0186600886415
        ], 
        [
          406.6876704766273, 
          270.1362108802218
        ], 
        [
          490.6083064225741, 
          261.1409664776412
        ]
      ], 
      "projected_cuboid_centroid": [
        464.11522482584576, 
        286.6416052496241
      ], 
      "quaternion_xyzw": [
        0.9776721914264994, 
        -0.0744121577393799, 
        0.1568720267517559, 
        0.11836958187572079
      ], 
      "visibility": 0.8781003653143626
    }, 
    {
      "bounding_box": {
        "bottom_right": [
          340, 
          409
        ], 
        "top_left": [
          273, 
          351
        ]
      }, 
      "class": "061_foam_brick", 
      "cuboid": [
        [
          -14.587976971881005, 
          -0.1570222249434948, 
          68.9919588973993
        ], 
        [
          -13.07902626220899, 
          7.044569206652776, 
          66.44171503303988
        ], 
        [
          -16.30538886886667, 
          8.954874505181273, 
          69.92719195109657
        ], 
        [
          -17.81433957853869, 
          1.7532830735850027, 
          72.47743581545598
        ], 
        [
          -10.636326270656877, 
          0.23436242902214952, 
          72.43533096983877
        ], 
        [
          -9.12737556098486, 
          7.4359538606184215, 
          69.88508710547936
        ], 
        [
          -12.353738167642543, 
          9.34625915914692, 
          73.37056402353605
        ], 
        [
          -13.862688877314557, 
          2.144667727550647, 
          75.92080788789546
        ]
      ], 
      "cuboid_centroid": [
        -13.470857569761774, 
        4.594618467101712, 
        71.18126146046767
      ], 
      "location": [
        -13.470857569761774, 
        4.594618467101712, 
        71.18126146046767
      ], 
      "pose_transform_permuted": [
        [
          -0.7518361243675475, 
          -0.07446435518283785, 
          -0.6551316676082684, 
          0.0
        ], 
        [
          -0.1937682351575039, 
          -0.9247748472374706, 
          0.32748336287643554, 
          0.0
        ], 
        [
          0.6302351252825669, 
          -0.37315752936811697, 
          -0.6808503103736908, 
          0.0
        ], 
        [
          -13.470857569761774, 
          4.594618467101712, 
          71.18126146046767, 
          1.0
        ]
      ], 
      "projected_cuboid": [
        [
          367.8897728671844, 
          272.07272946093786
        ], 
        [
          375.7384273087103, 
          329.83244007086915
        ], 
        [
          356.20305304712565, 
          341.5834308667258
        ], 
        [
          349.41923032010493, 
          286.18793532620685
        ], 
        [
          402.6323777929321, 
          275.0120781464842
        ], 
        [
          411.36213977948603, 
          330.0331198013776
        ], 
        [
          391.05127651692914, 
          341.22308863091337
        ], 
        [
          383.4045514553886, 
          288.35214819183824
        ]
      ], 
      "projected_cuboid_centroid": [
        379.826710704109, 
        307.7113283747051
      ], 
      "quaternion_xyzw": [
        -0.5215855402239041, 
        0.7453283558496029, 
        0.20339557405528705, 
        -0.36202818488425226
      ], 
      "visibility": 0.9885679903730445
    }
  ]
}