{
  "camera_data": {
    "location_worldframe": [
      -10.664536003625134, 
      -2.171555235232076, 
      74.64385030620967
    ], 
    "quaternion_xyzw_worldframe": [
      -0.8237232738730528, 
      -0.09009104069875547, 
      -0.16449139802577378, 
      0.5350794699903463
    ]
  }, 
  "objects": [
    {
      "bounding_box": {
        "bottom_right": [
          459, 
          425
        ], 
        "top_left": [
          287, 
          297
        ]
      }, 
      "class": "003_cracker_box", 
      "cuboid": [
        [
          -6.685957163926879, 
          23.84912178179317, 
          73.22621469430521
        ], 
        [
          -17.286278267359314, 
          20.944579690734955, 
          61.04939477149481
        ], 
        [
          -19.768513108803475, 
          0.9135063462153453, 
          67.98828214662865
        ], 
        [
          -9.168192005371042, 
          3.8180484372735592, 
          80.16510206943906
        ], 
        [
          -12.101388502201651, 
          25.97740719546642, 
          77.43286444836365
        ], 
        [
          -22.701709605634086, 
          23.07286510440821, 
          65.25604452555325
        ], 
        [
          -25.183944447078243, 
          3.0417917598885973, 
          72.19493190068708
        ], 
        [
          -14.58362334364581, 
          5.946333850946813, 
          84.37175182349749
        ]
      ], 
      "cuboid_centroid": [
        -15.934950805502563, 
        13.445456770840883, 
        72.71057329749615
      ], 
      "location": [
        -15.934950805502563, 
        13.445456770840883, 
        72.71057329749615
      ], 
      "pose_transform_permuted": [
        [
          0.7542383659816666, 
          -0.29641858837839485, 
          -0.5858843808679876, 
          0.0
        ], 
        [
          0.646219162608497, 
          0.17706734914256522, 
          0.7423260387088662, 
          0.0
        ], 
        [
          0.11629824228628005, 
          0.9385004924513274, 
          -0.3251023600494727, 
          0.0
        ], 
        [
          -15.934950805502563, 
          13.445456770840883, 
          72.71057329749615, 
          1.0
        ]
      ], 
      "projected_cuboid": [
        [
          432.49624910091427, 
          446.983945948817
        ], 
        [
          329.3279354102556, 
          456.25566572081726
        ], 
        [
          325.23490344434276, 
          280.45234374097856
        ], 
        [
          420.094948586702, 
          298.6871168933187
        ], 
        [
          397.5540552181372, 
          452.20617470224926
        ], 
        [
          294.5161226876728, 
          461.8546758376689
        ], 
        [
          294.0074586670749, 
          295.75691188121
        ], 
        [
          388.64477507073144, 
          310.8737187883202
        ]
      ], 
      "projected_cuboid_centroid": [
        363.74291419409224, 
        371.90665711089673
      ], 
      "quaternion_xyzw": [
        0.8903095017924681, 
        0.01706403973391786, 
        0.42023712025915877, 
        0.1745238445665675
      ], 
      "visibility": 0.8163255142188356
    }, 
    {
      "bounding_box": {
        "bottom_right": [
          441, 
          317
        ], 
        "top_left": [
          299, 
          234
        ]
      }, 
      "class": "004_sugar_box", 
      "cuboid": [
        [
          -20.638772428314944, 
          20.424905808604898, 
          68.9874950181011
        ], 
        [
          -27.526895104127526, 
          19.407667145842883, 
          62.87118620836757
        ], 
        [
          -30.31381304840567, 
          3.0217126093491697, 
          68.73502047663193
        ], 
        [
          -23.425690372593085, 
          4.038951272111184, 
          74.85132928636547
        ], 
        [
          -23.57280456238983, 
          22.01193096720024, 
          72.02782228216284
        ], 
        [
          -30.460927238202405, 
          20.994692304438225, 
          65.91151347242932
        ], 
        [
          -33.24784518248055, 
          4.608737767944509, 
          71.77534774069369
        ], 
        [
          -26.35972250666797, 
          5.625976430706523, 
          77.89165655042721
        ]
      ], 
      "cuboid_centroid": [
        -26.94330880539775, 
        12.516821788274704, 
        70.3814213793974
      ], 
      "location": [
        -26.94330880539775, 
        12.516821788274704, 
        70.3814213793974
      ], 
      "pose_transform_permuted": [
        [
          0.6500713616090847, 
          -0.3516251897088514, 
          -0.6736223715249208, 
          0.0
        ], 
        [
          0.7432396960031697, 
          0.10976171448408772, 
          0.6599597182510379, 
          0.0
        ], 
        [
          0.15812031742175622, 
          0.9296837525799324, 
          -0.33269416407116037, 
          0.0
        ], 
        [
          -26.94330880539775, 
          12.516821788274704, 
          70.3814213793974, 
          1.0
        ]
      ], 
      "projected_cuboid": [
        [
          320.71589518629787, 
          431.18475198814673
        ], 
        [
          246.1478179839546, 
          437.916626528543
        ], 
        [
          244.43007929517483, 
          296.7322065519273
        ], 
        [
          313.29687329772315, 
          302.06427418769493
        ], 
        [
          305.60110405314737, 
          436.27069432911964
        ], 
        [
          233.07007047047668, 
          443.163998818275
        ], 
        [
          232.49350677238016, 
          307.53130561704694
        ], 
        [
          299.60953780807597, 
          311.80726713055276
        ]
      ], 
      "projected_cuboid_centroid": [
        275.7310647948425, 
        368.13353095086495
      ], 
      "quaternion_xyzw": [
        0.9146783341847591, 
        -0.013217379577698725, 
        0.35805786332190115, 
        0.18703825383322784
      ], 
      "visibility": 0.5694677871148459
    }, 
    {
      "bounding_box": {
        "bottom_right": [
          338, 
          325
        ], 
        "top_left": [
          257, 
          161
        ]
      }, 
      "class": "024_bowl", 
      "cuboid": [
        [
          -31.035636177237908, 
          2.4859456620608387, 
          48.1834303050229
        ], 
        [
          -34.4529187168674, 
          8.604478187050029, 
          62.696323923139076
        ], 
        [
          -35.30981503370527, 
          3.528215850628037, 
          64.63467061878751
        ], 
        [
          -31.89253249407578, 
          -2.5903166743611523, 
          50.12177700067133
        ], 
        [
          -15.458226026875687, 
          1.4274007176650088, 
          52.29764453149494
        ], 
        [
          -18.87550856650518, 
          7.545933242654199, 
          66.8105381496111
        ], 
        [
          -19.73240488334305, 
          2.4696709062322073, 
          68.74888484525954
        ], 
        [
          -16.31512234371356, 
          -3.6488616187569822, 
          54.235991227143366
        ]
      ], 
      "cuboid_centroid": [
        -25.38402053029048, 
        2.477808284146523, 
        58.46615757514122
      ], 
      "location": [
        -25.38402053029048, 
        2.477808284146523, 
        58.46615757514122
      ], 
      "pose_transform_permuted": [
        [
          -0.9647665883643386, 
          0.06555960103620537, 
          -0.25480849414375584, 
          0.0
        ], 
        [
          0.21203758838544715, 
          -0.37964636111045413, 
          -0.9005046927180749, 
          0.0
        ], 
        [
          0.15577384596753904, 
          0.9228058187980634, 
          -0.3523690248942395, 
          0.0
        ], 
        [
          -25.38402053029048, 
          2.477808284146523, 
          58.46615757514122, 
          1.0
        ]
      ], 
      "projected_cuboid": [
        [
          135.21557859367786, 
          300.80229383118416
        ], 
        [
          186.08468757706785, 
          346.4796126782615
        ], 
        [
          187.81746413445785, 
          302.3988795278595
        ], 
        [
          139.41733327904288, 
          245.72433464947733
        ], 
        [
          322.64387319581806, 
          287.8428485492056
        ], 
        [
          329.6664065702333, 
          333.5224540969089
        ], 
        [
          327.24725884300244, 
          292.44501395157295
        ], 
        [
          319.82837004548077, 
          237.4061324880671
        ]
      ], 
      "projected_cuboid_centroid": [
        248.11819114466712, 
        295.8887361775571
      ], 
      "quaternion_xyzw": [
        0.7729249480588763, 
        -0.17317988260782874, 
        -0.6033157830416963, 
        0.09276755284530772
      ], 
      "visibility": 0.8065609731777844
    }, 
    {
      "bounding_box": {
        "bottom_right": [
          320, 
          495
        ], 
        "top_left": [
          234, 
          394
        ]
      }, 
      "class": "025_mug", 
      "cuboid": [
        [
          3.0764801538690647, 
          2.6929521528698275, 
          56.561432880992356
        ], 
        [
          -8.215093543526072, 
          3.897118286959829, 
          53.747698195336056
        ], 
        [
          -9.45774755941698, 
          -3.972904825270857, 
          55.36643791438674
        ], 
        [
          1.8338261379781562, 
          -5.177070959360859, 
          58.180172600043036
        ], 
        [
          1.1000537828894839, 
          4.823978999973351, 
          65.40486595673947
        ], 
        [
          -10.191519914505651, 
          6.028145134063352, 
          62.591131271083164
        ], 
        [
          -11.43417393039656, 
          -1.8418779781673345, 
          64.20987099013385
        ], 
        [
          -0.14260023300142477, 
          -3.046044112257336, 
          67.02360567579014
        ]
      ], 
      "cuboid_centroid": [
        -4.178846888263748, 
        0.4255370873512465, 
        60.385651935563104
      ], 
      "location": [
        -4.178846888263748, 
        0.4255370873512465, 
        60.385651935563104
      ], 
      "pose_transform_permuted": [
        [
          0.21231806735635314, 
          -0.22892605983458464, 
          -0.9500078763406021, 
          0.0
        ], 
        [
          0.9651742329516599, 
          -0.10292897659471498, 
          0.24051069317151944, 
          0.0
        ], 
        [
          0.152842340613736, 
          0.9679868553719274, 
          -0.19909964023795274, 
          0.0
        ], 
        [
          -4.178846888263748, 
          0.4255370873512465, 
          60.385651935563104, 
          1.0
        ]
      ], 
      "projected_cuboid": [
        [
          510.84704111599075, 
          298.67847107991616
        ], 
        [
          399.4022615308328, 
          311.95627771273445
        ], 
        [
          389.7357083477646, 
          235.01736219179114
        ], 
        [
          498.54727169503724, 
          225.8299354533821
        ], 
        [
          490.64179893994975, 
          312.62187537351576
        ], 
        [
          394.034620789693, 
          324.65048978907924
        ], 
        [
          385.8347319677378, 
          257.98811765414246
        ], 
        [
          480.4529158901218, 
          249.0485853990543
        ]
      ], 
      "projected_cuboid_centroid": [
        444.382376205578, 
        277.04483576866795
      ], 
      "quaternion_xyzw": [
        0.985287897604577, 
        -0.06489760957946401, 
        0.11489757502065787, 
        0.10860422144460255
      ], 
      "visibility": 0.893802553721582
    }, 
    {
      "bounding_box": {
        "bottom_right": [
          333, 
          388
        ], 
        "top_left": [
          260, 
          330
        ]
      }, 
      "class": "061_foam_brick", 
      "cuboid": [
        [
          -16.34023894636253, 
          -1.627628288302812, 
          63.58316133930705
        ], 
        [
          -15.139656696227718, 
          5.652367411012853, 
          61.09240642599863
        ], 
        [
          -18.079184409785675, 
          7.43495326842959, 
          64.88566305213054
        ], 
        [
          -19.279766659920483, 
          0.15495756911392336, 
          67.37641796543895
        ], 
        [
          -12.114074174319946, 
          -1.2627532866004716, 
          66.68669706389282
        ], 
        [
          -10.913491924185138, 
          6.017242412715194, 
          64.1959421505844
        ], 
        [
          -13.853019637743092, 
          7.799828270131928, 
          67.98919877671631
        ], 
        [
          -15.053601887877901, 
          0.5198325708162637, 
          70.47995369002471
        ]
      ], 
      "cuboid_centroid": [
        -15.09662929205281, 
        3.0860999909145583, 
        65.78618005801168
      ], 
      "location": [
        -15.09662929205281, 
        3.0860999909145583, 
        65.78618005801168
      ], 
      "pose_transform_permuted": [
        [
          -0.8040648284441934, 
          -0.06942066187011664, 
          -0.59047482873068, 
          0.0
        ], 
        [
          -0.15416984947149937, 
          -0.9348429405737371, 
          0.3198442339223636, 
          0.0
        ], 
        [
          0.5742050236395935, 
          -0.3482089145397679, 
          -0.7409717556439595, 
          0.0
        ], 
        [
          -15.09662929205281, 
          3.0860999909145583, 
          65.78618005801168, 
          1.0
        ]
      ], 
      "projected_cuboid": [
        [
          343.3970745933352, 
          259.63440081192664
        ], 
        [
          348.3307093421474, 
          322.6301210537936
        ], 
        [
          331.7591173907097, 
          334.397205446297
        ], 
        [
          327.7158582152474, 
          274.51310817712965
        ], 
        [
          383.9087221479811, 
          263.1878063586572
        ], 
        [
          390.17566349890177, 
          323.27588478253665
        ], 
        [
          372.0259073107723, 
          334.46980292171645
        ], 
        [
          366.73766568359525, 
          277.220094623737
        ]
      ], 
      "projected_cuboid_centroid": [
        358.19084584327527, 
        298.3051294139771
      ], 
      "quaternion_xyzw": [
        -0.521559216369391, 
        0.7233349142585934, 
        0.23210240530908552, 
        -0.3884469836211852
      ], 
      "visibility": 1.0
    }
  ]
}