{
  "camera_data": {
    "location_worldframe": [
      -23.19866751942928, 
      14.759278401677472, 
      75.52967781106933
    ], 
    "quaternion_xyzw_worldframe": [
      0.9246268089234343, 
      0.03155037155821388, 
      -0.11936474362990074, 
      -0.3603079736076702
    ]
  }, 
  "objects": [
    {
      "bounding_box": {
        "bottom_right": [
          539, 
          332
        ], 
        "top_left": [
          384, 
          123
        ]
      }, 
      "class": "003_cracker_box", 
      "cuboid": [
        [
          -26.657714217916684, 
          37.593547026125094, 
          62.819613670547284
        ], 
        [
          -40.70815762959421, 
          29.566922955481502, 
          60.12954645001756
        ], 
        [
          -34.79981289106507, 
          14.544724203316395, 
          74.09301859155669
        ], 
        [
          -20.749369479387546, 
          22.571348273959995, 
          76.78308581208641
        ], 
        [
          -29.78492857167273, 
          41.29105535864339, 
          68.12068526519327
        ], 
        [
          -43.83537198335026, 
          33.26443128799979, 
          65.43061804466355
        ], 
        [
          -37.92702724482112, 
          18.242232535834688, 
          79.39409018620267
        ], 
        [
          -23.876583833143595, 
          26.268856606478288, 
          82.0841574067324
        ]
      ], 
      "cuboid_centroid": [
        -32.292370731368905, 
        27.917889780979895, 
        71.10685192837498
      ], 
      "location": [
        -32.292370731368905, 
        27.917889780979895, 
        71.10685192837498
      ], 
      "pose_transform_permuted": [
        [
          0.43554518503096573, 
          -0.5149733176767858, 
          -0.7383108247054934, 
          0.0
        ], 
        [
          0.8565462958317634, 
          0.4893208644240927, 
          0.16399248377941994, 
          0.0
        ], 
        [
          -0.27681913751261267, 
          0.70382353876538, 
          -0.6542198341433485, 
          0.0
        ], 
        [
          -32.292370731368905, 
          27.917889780979895, 
          71.10685192837498, 
          1.0
        ]
      ], 
      "projected_cuboid": [
        [
          253.3951005378964, 
          592.4444197068038
        ], 
        [
          117.52676260248901, 
          535.5306418743252
        ], 
        [
          229.02148835339787, 
          377.9790771289214
        ], 
        [
          336.2751641474602, 
          430.06249880358064
        ], 
        [
          246.46639187501646, 
          596.5558701503575
        ], 
        [
          121.32100163219562, 
          544.4221799653053
        ], 
        [
          224.70401184974153, 
          395.82638734938206
        ], 
        [
          325.1726376445004, 
          443.9613197950636
        ]
      ], 
      "projected_cuboid_centroid": [
        237.37763653075538, 
        482.67785453146087
      ], 
      "quaternion_xyzw": [
        0.9081135197901521, 
        0.2109152614845294, 
        0.1650503091697521, 
        0.3218741727604475
      ], 
      "visibility": 0.695493654868213
    }, 
    {
      "bounding_box": {
        "bottom_right": [
          533, 
          242
        ], 
        "top_left": [
          388, 
          102
        ]
      }, 
      "class": "004_sugar_box", 
      "cuboid": [
        [
          -39.6978319614702, 
          32.52905995986289, 
          68.17490482028207
        ], 
        [
          -48.188882117188534, 
          28.879711402968034, 
          67.48601853543504
        ], 
        [
          -43.910181601153724, 
          16.665688635745678, 
          79.4510233311594
        ], 
        [
          -35.41913144543539, 
          20.31503719264053, 
          80.13990961600645
        ], 
        [
          -41.13681240806883, 
          35.25479541740425, 
          71.47194664291709
        ], 
        [
          -49.62786256378716, 
          31.6054468605094, 
          70.78306035807003
        ], 
        [
          -45.34916204775235, 
          19.39142409328704, 
          82.74806515379441
        ], 
        [
          -36.85811189203402, 
          23.040772650181896, 
          83.43695143864144
        ]
      ], 
      "cuboid_centroid": [
        -42.52349700461128, 
        25.960242026574964, 
        75.46148498703825
      ], 
      "location": [
        -42.52349700461128, 
        25.960242026574964, 
        75.46148498703825
      ], 
      "pose_transform_permuted": [
        [
          0.31882403992285085, 
          -0.6039206386636161, 
          -0.7305006792634323, 
          0.0
        ], 
        [
          0.9161981912204078, 
          0.3937706744916771, 
          0.07433195618428318, 
          0.0
        ], 
        [
          -0.24275902530144106, 
          0.6929824255912895, 
          -0.6788539864035397, 
          0.0
        ], 
        [
          -42.52349700461128, 
          25.960242026574964, 
          75.46148498703825, 
          1.0
        ]
      ], 
      "projected_cuboid": [
        [
          168.46035594754537, 
          527.7553156713473
        ], 
        [
          97.60276294869712, 
          501.51330230665104
        ], 
        [
          184.3911340272726, 
          385.15593555268333
        ], 
        [
          243.92354881075048, 
          408.48019142575345
        ], 
        [
          172.0784599040353, 
          536.3558075331878
        ], 
        [
          104.55659311661113, 
          511.4198379590888
        ], 
        [
          186.88144592698652, 
          398.2662120717668
        ], 
        [
          244.04085451066462, 
          420.56055811114544
        ]
      ], 
      "projected_cuboid_centroid": [
        178.56027350207358, 
        456.7590134967677
      ], 
      "quaternion_xyzw": [
        0.9137397463275757, 
        0.17415508692475173, 
        0.10756782707747825, 
        0.3509682681044502
      ], 
      "visibility": 0.40956622773044155
    }, 
    {
      "bounding_box": {
        "bottom_right": [
          415, 
          185
        ], 
        "top_left": [
          325, 
          58
        ]
      }, 
      "class": "024_bowl", 
      "cuboid": [
        [
          -54.06914947155562, 
          7.213292495902382, 
          64.26477058800076
        ], 
        [
          -51.59424180108796, 
          19.015592067628955, 
          74.95677218862014
        ], 
        [
          -50.20591515033275, 
          15.284954340053918, 
          78.75345360466159
        ], 
        [
          -52.68082282080041, 
          3.4826547683273463, 
          68.06145200404221
        ], 
        [
          -38.64354775165493, 
          8.205432232381948, 
          59.59899590253708
        ], 
        [
          -36.16864008118727, 
          20.00773180410852, 
          70.29099750315646
        ], 
        [
          -34.78031343043205, 
          16.277094076533487, 
          74.08767891919791
        ], 
        [
          -37.25522110089971, 
          4.474794504806913, 
          63.395677318578535
        ]
      ], 
      "cuboid_centroid": [
        -44.42473145099384, 
        11.745193286217933, 
        69.17622475359934
      ], 
      "location": [
        -44.42473145099384, 
        11.745193286217933, 
        69.17622475359934
      ], 
      "pose_transform_permuted": [
        [
          -0.9553645311463803, 
          -0.06144688106076661, 
          0.2889686720656079, 
          0.0
        ], 
        [
          -0.1535645495615075, 
          -0.7323161341124653, 
          -0.6634237023475609, 
          0.0
        ], 
        [
          -0.25238173813774273, 
          0.6781868183078152, 
          -0.6901927975052291, 
          0.0
        ], 
        [
          -44.42473145099384, 
          11.745193286217933, 
          69.17622475359934, 
          1.0
        ]
      ], 
      "projected_cuboid": [
        [
          29.149440407855906, 
          333.1481092903742
        ], 
        [
          111.44336639815849, 
          408.58302072939523
        ], 
        [
          138.7684893415681, 
          376.79648077516975
        ], 
        [
          65.35777197973586, 
          300.5761113696585
        ], 
        [
          132.91486082342405, 
          346.71256859895334
        ], 
        [
          204.8874775381449, 
          425.09140012595174
        ], 
        [
          229.14482110699709, 
          390.45707368686584
        ], 
        [
          165.57367078773837, 
          310.9309901116245
        ]
      ], 
      "projected_cuboid_centroid": [
        136.24688323115598, 
        363.8370357858758
      ], 
      "quaternion_xyzw": [
        -0.555799783348442, 
        0.21587557712029654, 
        0.7281346097966589, 
        -0.3380892279400089
      ], 
      "visibility": 0.6371636912245411
    }, 
    {
      "bounding_box": {
        "bottom_right": [
          419, 
          305
        ], 
        "top_left": [
          322, 
          189
        ]
      }, 
      "class": "025_mug", 
      "cuboid": [
        [
          -21.185707442300373, 
          11.382688147589933, 
          52.63869223149471
        ], 
        [
          -32.391558139845834, 
          11.130112422985716, 
          55.990090621886544
        ], 
        [
          -30.818715957054376, 
          4.742435604736115, 
          60.767697073020386
        ], 
        [
          -19.61286525950892, 
          4.9950113293403335, 
          57.41629868262855
        ], 
        [
          -19.20869220883368, 
          17.138114397524888, 
          59.68286178058975
        ], 
        [
          -30.41454290637914, 
          16.88553867292067, 
          63.03426017098158
        ], 
        [
          -28.84170072358768, 
          10.497861854671067, 
          67.81186662211542
        ], 
        [
          -17.63585002604222, 
          10.750437579275285, 
          64.4604682317236
        ]
      ], 
      "cuboid_centroid": [
        -25.013704082944027, 
        10.9402750011305, 
        60.225279426805066
      ], 
      "location": [
        -25.013704082944027, 
        10.9402750011305, 
        60.225279426805066
      ], 
      "pose_transform_permuted": [
        [
          -0.21238132604741233, 
          -0.6182780174060107, 
          -0.7567215691688334, 
          0.0
        ], 
        [
          0.9578468547806869, 
          0.021589513365468594, 
          -0.2864687826027362, 
          0.0
        ], 
        [
          -0.19345439483532623, 
          0.785663156035767, 
          -0.5876298174589306, 
          0.0
        ], 
        [
          -25.013704082944027, 
          10.9402750011305, 
          60.225279426805066, 
          1.0
        ]
      ], 
      "projected_cuboid": [
        [
          265.16100901395606, 
          388.61255086075295
        ], 
        [
          170.48818794418463, 
          379.3036358668668
        ], 
        [
          208.86669892387133, 
          314.9078911305378
        ], 
        [
          297.9019604819051, 
          319.68342216277165
        ], 
        [
          308.51985411543404, 
          426.43087044372254
        ], 
        [
          222.12155928281473, 
          416.1515200123978
        ], 
        [
          252.87561318531888, 
          355.8490095282004
        ], 
        [
          334.46928942753226, 
          362.2312671459198
        ]
      ], 
      "projected_cuboid_centroid": [
        258.2445145513281, 
        370.167166164685
      ], 
      "quaternion_xyzw": [
        0.9354452923588433, 
        0.057471000698109904, 
        -0.13331888906945993, 
        0.32228176375341333
      ], 
      "visibility": 0.7337310195227765
    }, 
    {
      "bounding_box": {
        "bottom_right": [
          433, 
          264
        ], 
        "top_left": [
          354, 
          191
        ]
      }, 
      "class": "061_foam_brick", 
      "cuboid": [
        [
          -33.356807873896926, 
          10.369979454035876, 
          69.83808377173492
        ], 
        [
          -35.23584755100479, 
          15.845996108150425, 
          64.62981662658214
        ], 
        [
          -36.371520549449805, 
          19.076039816669503, 
          68.43564056249801
        ], 
        [
          -34.49248087234194, 
          13.600023162554956, 
          73.64390770765078
        ], 
        [
          -28.391168948744255, 
          12.092645287321872, 
          69.85780515451589
        ], 
        [
          -30.270208625852117, 
          17.56866194143642, 
          64.64953800936311
        ], 
        [
          -31.405881624297134, 
          20.7987056499555, 
          68.45536194527898
        ], 
        [
          -29.52684194718927, 
          15.322688995840952, 
          73.66362909043175
        ]
      ], 
      "cuboid_centroid": [
        -32.38134474909703, 
        15.58434255199569, 
        69.14672285850695
      ], 
      "location": [
        -32.38134474909703, 
        15.58434255199569, 
        69.14672285850695
      ], 
      "pose_transform_permuted": [
        [
          -0.9447562567559206, 
          -0.3277522487695901, 
          -0.003752165643745739, 
          0.0
        ], 
        [
          0.2412923097423485, 
          -0.7031893593075088, 
          0.6688069573620611, 
          0.0
        ], 
        [
          0.22184146722320408, 
          -0.630954188814982, 
          -0.7434266440188193, 
          0.0
        ], 
        [
          -32.38134474909703, 
          15.58434255199569, 
          69.14672285850695, 
          1.0
        ]
      ], 
      "projected_cuboid": [
        [
          224.74450305748945, 
          352.47704294998766
        ], 
        [
          188.41085970288879, 
          404.04630925168976
        ], 
        [
          195.79138562010917, 
          421.94629362866135
        ], 
        [
          229.72538444595784, 
          371.7761335222516
        ], 
        [
          263.04240579642, 
          365.60613676937555
        ], 
        [
          229.80518454189465, 
          418.2173720134531
        ], 
        [
          234.8822376269042, 
          435.32434937450745
        ], 
        [
          266.0432964267818, 
          384.2217472458461
        ]
      ], 
      "projected_cuboid_centroid": [
        229.7626894628997, 
        393.4865233203521
      ], 
      "quaternion_xyzw": [
        0.39181956516077404, 
        -0.5902148008810817, 
        -0.1760691169675447, 
        0.6834643979231078
      ], 
      "visibility": 0.19186681222707425
    }
  ]
}