{
  "camera_data": {
    "location_worldframe": [
      -15.975578176619527, 
      7.33237255781308, 
      75.2433799642112
    ], 
    "quaternion_xyzw_worldframe": [
      -0.8573788113233036, 
      -0.012861874676300775, 
      -0.020361637632453872, 
      0.5141226874922119
    ]
  }, 
  "objects": [
    {
      "bounding_box": {
        "bottom_right": [
          521, 
          390
        ], 
        "top_left": [
          352, 
          240
        ]
      }, 
      "class": "003_cracker_box", 
      "cuboid": [
        [
          -13.33079062484718, 
          33.190888719683855, 
          70.85509352151458
        ], 
        [
          -27.21195745752174, 
          29.38892275917177, 
          62.985126692758605
        ], 
        [
          -26.814171488774296, 
          9.90731923601153, 
          71.69503126375442
        ], 
        [
          -12.933004656099737, 
          13.709285196523613, 
          79.5649980925104
        ], 
        [
          -17.154117457800364, 
          35.60613569588969, 
          76.43193416002053
        ], 
        [
          -31.03528429047493, 
          31.804169735377606, 
          68.56196733126455
        ], 
        [
          -30.637498321727485, 
          12.322566212217371, 
          77.27187190226037
        ], 
        [
          -16.75633148905292, 
          16.12453217272945, 
          85.14183873101634
        ]
      ], 
      "cuboid_centroid": [
        -21.98414447328733, 
        22.75672746595061, 
        74.06348271188747
      ], 
      "location": [
        -21.98414447328733, 
        22.75672746595061, 
        74.06348271188747
      ], 
      "pose_transform_permuted": [
        [
          0.532496786122885, 
          -0.3363853807730106, 
          -0.7767187704510528, 
          0.0
        ], 
        [
          0.8462268188965691, 
          0.2317763051982048, 
          0.4797706903603659, 
          0.0
        ], 
        [
          -0.01863716043263569, 
          0.9127566049889014, 
          -0.40807846831233685, 
          0.0
        ], 
        [
          -21.98414447328733, 
          22.75672746595061, 
          74.06348271188747, 
          1.0
        ]
      ], 
      "projected_cuboid": [
        [
          380.42128666080947, 
          523.1112161704038
        ], 
        [
          249.26266979478316, 
          522.1339859230217
        ], 
        [
          280.47160279828074, 
          346.98435597742736
        ], 
        [
          394.1854595645021, 
          365.17908422498965
        ], 
        [
          360.90318339092363, 
          521.7356928583765
        ], 
        [
          238.17261930440023, 
          520.680059588294
        ], 
        [
          268.3791957906709, 
          358.3351554681609
        ], 
        [
          375.7624726260521, 
          374.28892300576837
        ]
      ], 
      "projected_cuboid_centroid": [
        321.97344045934284, 
        437.15418182006556
      ], 
      "quaternion_xyzw": [
        0.9401731481935287, 
        0.06658706061537467, 
        0.26917049227268564, 
        0.1979592404111355
      ], 
      "visibility": 0.7961244019138756
    }, 
    {
      "bounding_box": {
        "bottom_right": [
          493, 
          288
        ], 
        "top_left": [
          360, 
          198
        ]
      }, 
      "class": "004_sugar_box", 
      "cuboid": [
        [
          -27.813095979190923, 
          29.43790333146023, 
          71.59669585779743
        ], 
        [
          -36.27646377984877, 
          27.965270245069483, 
          68.11919686948119
        ], 
        [
          -36.606368989068116, 
          12.040705821982236, 
          75.66574445852638
        ], 
        [
          -28.143001188410267, 
          13.513338908372981, 
          79.1432434468426
        ], 
        [
          -29.650304109431257, 
          31.234370662024663, 
          75.30724227399939
        ], 
        [
          -38.11367191008911, 
          29.761737575633916, 
          71.82974328568316
        ], 
        [
          -38.44357711930845, 
          13.837173152546667, 
          79.37629087472834
        ], 
        [
          -29.98020931865061, 
          15.309806238937416, 
          82.85378986304458
        ]
      ], 
      "cuboid_centroid": [
        -33.12833654924969, 
        21.637538242003448, 
        75.48649336626289
      ], 
      "location": [
        -33.12833654924969, 
        21.637538242003448, 
        75.48649336626289
      ], 
      "pose_transform_permuted": [
        [
          0.40705634301486365, 
          -0.39802971143480104, 
          -0.8221177720177494, 
          0.0
        ], 
        [
          0.9132112198599739, 
          0.15889951717855394, 
          0.37522782513779596, 
          0.0
        ], 
        [
          0.01871770803584442, 
          0.9035060348839823, 
          -0.4281656381983246, 
          0.0
        ], 
        [
          -33.12833654924969, 
          21.637538242003448, 
          75.48649336626289, 
          1.0
        ]
      ], 
      "projected_cuboid": [
        [
          272.69242534879504, 
          492.5677512562655
        ], 
        [
          195.21411375797211, 
          492.2325466806491
        ], 
        [
          221.43194145044032, 
          358.1537953648038
        ], 
        [
          290.37046865310674, 
          364.34836410819116
        ], 
        [
          269.86621578269995, 
          494.4857352840744
        ], 
        [
          196.25341613440938, 
          494.2607020565801
        ], 
        [
          221.1468482136587, 
          366.25681080042716
        ], 
        [
          287.00997966160094, 
          371.8338644860851
        ]
      ], 
      "projected_cuboid_centroid": [
        245.591572325114, 
        426.15789763095415
      ], 
      "quaternion_xyzw": [
        0.9537865362283252, 
        0.03674349653147957, 
        0.20504697289137186, 
        0.21655667129152684
      ], 
      "visibility": 0.5021015195602975
    }, 
    {
      "bounding_box": {
        "bottom_right": [
          398, 
          255
        ], 
        "top_left": [
          329, 
          101
        ]
      }, 
      "class": "024_bowl", 
      "cuboid": [
        [
          -43.89863839947177, 
          10.01680572203912, 
          56.537201512132285
        ], 
        [
          -42.61156644649272, 
          17.162451098487345, 
          70.92544460598023
        ], 
        [
          -42.668405766192414, 
          12.237965264198507, 
          73.37618063381811
        ], 
        [
          -43.95547771917146, 
          5.092319887750281, 
          58.98793753997017
        ], 
        [
          -27.804774892972244, 
          9.29338576510072, 
          55.456829310858616
        ], 
        [
          -26.5177029399932, 
          16.43903114154895, 
          69.84507240470656
        ], 
        [
          -26.574542259692883, 
          11.514545307260109, 
          72.29580843254443
        ], 
        [
          -27.86161421267193, 
          4.368899930811882, 
          57.907565338696486
        ]
      ], 
      "cuboid_centroid": [
        -35.23659032958233, 
        10.765675514649613, 
        64.41650497233836
      ], 
      "location": [
        -35.23659032958233, 
        10.765675514649613, 
        64.41650497233836
      ], 
      "pose_transform_permuted": [
        [
          -0.9967524536423557, 
          0.04480407186260722, 
          0.06691144373329865, 
          0.0
        ], 
        [
          -0.07986100939075809, 
          -0.44337727287951345, 
          -0.8927703025263636, 
          0.0
        ], 
        [
          0.010332731344291805, 
          0.895214605018515, 
          -0.44551548303567534, 
          0.0
        ], 
        [
          -35.23659032958233, 
          10.765675514649613, 
          64.41650497233836, 
          1.0
        ]
      ], 
      "projected_cuboid": [
        [
          64.04707490243642, 
          367.7758036243036
        ], 
        [
          158.5117884112882, 
          402.33854910226046
        ], 
        [
          168.88614409406534, 
          362.23565576308783
        ], 
        [
          80.87659488051304, 
          319.32703427898537
        ], 
        [
          211.97459613951943, 
          362.65956352369614
        ], 
        [
          277.42709711014334, 
          398.81088686245346
        ], 
        [
          283.9254069767179, 
          358.22828822692867
        ], 
        [
          222.8575846368593, 
          313.52342026769526
        ]
      ], 
      "projected_cuboid_centroid": [
        187.43378907558042, 
        362.4181290308761
      ], 
      "quaternion_xyzw": [
        -0.661143356597958, 
        0.17156264208660388, 
        0.7144905629437264, 
        -0.15152213478896867
      ], 
      "visibility": 0.6968205904617714
    }, 
    {
      "bounding_box": {
        "bottom_right": [
          394, 
          402
        ], 
        "top_left": [
          311, 
          294
        ]
      }, 
      "class": "025_mug", 
      "cuboid": [
        [
          -8.923488651233736, 
          10.90537369830779, 
          53.40414257908767
        ], 
        [
          -20.546250716184044, 
          11.877668354677795, 
          54.31672167495094
        ], 
        [
          -20.99991047979937, 
          4.1427606114176365, 
          56.779883482550645
        ], 
        [
          -9.377148414849062, 
          3.1704659550476313, 
          55.86730438668736
        ], 
        [
          -7.9982853406239895, 
          13.666679385068825, 
          62.24569419215283
        ], 
        [
          -19.6210474055743, 
          14.638974041438829, 
          63.15827328801612
        ], 
        [
          -20.074707169189626, 
          6.904066298178672, 
          65.62143509561581
        ], 
        [
          -8.451945104239316, 
          5.931771641808667, 
          64.70885599975253
        ]
      ], 
      "cuboid_centroid": [
        -14.499097910211681, 
        8.90471999824323, 
        59.512788837351735
      ], 
      "location": [
        -14.499097910211681, 
        8.90471999824323, 
        59.512788837351735
      ], 
      "pose_transform_permuted": [
        [
          -0.09939018306206888, 
          -0.2966339122983031, 
          -0.9498057597698578, 
          0.0
        ], 
        [
          0.9934833497483133, 
          -0.08310920818604814, 
          -0.0780048780145457, 
          0.0
        ], 
        [
          0.055798652904629466, 
          0.9513681111500788, 
          -0.30296076878163675, 
          0.0
        ], 
        [
          -14.499097910211681, 
          8.90471999824323, 
          59.512788837351735, 
          1.0
        ]
      ], 
      "projected_cuboid": [
        [
          391.74016141357185, 
          382.1928713523705
        ], 
        [
          278.1784165072991, 
          389.90979764482483
        ], 
        [
          282.70627290743084, 
          312.1984769807127
        ], 
        [
          391.3350981251111, 
          303.5523902570505
        ], 
        [
          412.4968668146447, 
          390.38231219640835
        ], 
        [
          314.5327600660551, 
          396.90061302478745
        ], 
        [
          317.08595823959075, 
          329.3973766878049
        ], 
        [
          411.35703955470814, 
          322.17520910070084
        ]
      ], 
      "projected_cuboid_centroid": [
        350.5816470513476, 
        353.0855467406788
      ], 
      "quaternion_xyzw": [
        0.9867442957357607, 
        -0.03519347963068326, 
        -0.044944536756693604, 
        0.15191237579763642
      ], 
      "visibility": 0.8517576664173523
    }, 
    {
      "bounding_box": {
        "bottom_right": [
          401, 
          323
        ], 
        "top_left": [
          331, 
          272
        ]
      }, 
      "class": "061_foam_brick", 
      "cuboid": [
        [
          -24.924760206536288, 
          7.06151306277426, 
          66.60124493134367
        ], 
        [
          -24.776883369587598, 
          14.144712802117718, 
          63.36859755601457
        ], 
        [
          -26.38163059487232, 
          16.190741634523153, 
          67.77833493021697
        ], 
        [
          -26.52950743182101, 
          9.107541895179693, 
          71.01098230554608
        ], 
        [
          -19.934670661809392, 
          7.659478314662854, 
          68.13974430873783
        ], 
        [
          -19.786793824860705, 
          14.742678054006314, 
          64.90709693340872
        ], 
        [
          -21.391541050145428, 
          16.78870688641175, 
          69.31683430761113
        ], 
        [
          -21.539417887094114, 
          9.70550714706829, 
          72.54948168294023
        ]
      ], 
      "cuboid_centroid": [
        -23.158150628340856, 
        11.925109974593004, 
        67.95903961947741
      ], 
      "location": [
        -23.158150628340856, 
        11.925109974593004, 
        67.95903961947741
      ], 
      "pose_transform_permuted": [
        [
          -0.9494082010822186, 
          -0.11376812159716408, 
          -0.29271296900902355, 
          0.0
        ], 
        [
          -0.018989244335521974, 
          -0.9095718660412695, 
          0.415112549925642, 
          0.0
        ], 
        [
          0.3134700564924672, 
          -0.399669657360245, 
          -0.8613946184346365, 
          0.0
        ], 
        [
          -23.158150628340856, 
          11.925109974593004, 
          67.95903961947741, 
          1.0
        ]
      ], 
      "projected_cuboid": [
        [
          280.34498731388163, 
          329.8326762267281
        ], 
        [
          271.33336019828306, 
          392.330553892199
        ], 
        [
          272.2810438524741, 
          400.6847632203088
        ], 
        [
          280.68991299202855, 
          341.68765411233574
        ], 
        [
          324.27113989807134, 
          333.23612868690833
        ], 
        [
          317.66082407091557, 
          394.4221192362187
        ], 
        [
          315.6402538852092, 
          402.4578460493876
        ], 
        [
          321.9388105470873, 
          344.6328371701748
        ]
      ], 
      "projected_cuboid_centroid": [
        298.3452133210962, 
        366.8707721985596
      ], 
      "quaternion_xyzw": [
        0.4674542938387816, 
        -0.6540970628860807, 
        -0.28574753628257815, 
        0.5215283894515474
      ], 
      "visibility": 0.5702891326021934
    }
  ]
}