{
  "camera_data": {
    "location_worldframe": [
      -19.064032740930593, 
      8.086895873983138, 
      81.17252038917306
    ], 
    "quaternion_xyzw_worldframe": [
      0.9370978592774806, 
      0.025521285706426814, 
      -0.09668220335809853, 
      -0.3344405958697714
    ]
  }, 
  "objects": [
    {
      "bounding_box": {
        "bottom_right": [
          524, 
          369
        ], 
        "top_left": [
          334, 
          182
        ]
      }, 
      "class": "003_cracker_box", 
      "cuboid": [
        [
          -21.4591964276904, 
          30.22323574538732, 
          67.06009176664031
        ], 
        [
          -35.56885675519389, 
          22.351051335598385, 
          64.22736979865505
        ], 
        [
          -30.597322964055273, 
          8.032856420207345, 
          79.25490097562597
        ], 
        [
          -16.48766263655178, 
          15.905040829996286, 
          82.08762294361122
        ], 
        [
          -24.71701765686982, 
          34.28272956834766, 
          72.00574726161744
        ], 
        [
          -38.82667798437331, 
          26.41054515855872, 
          69.17302529363218
        ], 
        [
          -33.85514419323469, 
          12.092350243167683, 
          84.20055647060309
        ], 
        [
          -19.7454838657312, 
          19.96453465295662, 
          87.03327843858835
        ]
      ], 
      "cuboid_centroid": [
        -27.657170310462547, 
        21.157792994277504, 
        75.6303241186217
      ], 
      "location": [
        -27.657170310462547, 
        21.157792994277504, 
        75.6303241186217
      ], 
      "pose_transform_permuted": [
        [
          0.45373555808750576, 
          -0.5653891253503915, 
          -0.6888099739859601, 
          0.0
        ], 
        [
          0.8601562907917204, 
          0.47990587903476123, 
          0.17268903462380816, 
          0.0
        ], 
        [
          -0.23292745381008473, 
          0.6708393877847311, 
          -0.7040733747686803, 
          0.0
        ], 
        [
          -27.657170310462547, 
          21.157792994277504, 
          75.6303241186217, 
          1.0
        ]
      ], 
      "projected_cuboid": [
        [
          309.5128475289867, 
          513.6477284477983
        ], 
        [
          183.78553830913728, 
          458.88114381858435
        ], 
        [
          273.98669889827835, 
          327.3409823749266
        ], 
        [
          373.58478435305454, 
          376.6208707541184
        ], 
        [
          297.00176623556246, 
          527.2058671834577
        ], 
        [
          179.75122292843204, 
          476.9101452401144
        ], 
        [
          265.3742894821222, 
          349.8785162481971
        ], 
        [
          359.59303882929055, 
          395.6245389201645
        ]
      ], 
      "projected_cuboid_centroid": [
        284.9427349936568, 
        422.4841709683226
      ], 
      "quaternion_xyzw": [
        0.8971908454395882, 
        0.19862923715399305, 
        0.17455165639936687, 
        0.3537325716629123
      ], 
      "visibility": 0.8969128996692393
    }, 
    {
      "bounding_box": {
        "bottom_right": [
          473, 
          281
        ], 
        "top_left": [
          344, 
          158
        ]
      }, 
      "class": "004_sugar_box", 
      "cuboid": [
        [
          -34.82501825456557, 
          25.747221568322338, 
          72.1289787494305
        ], 
        [
          -43.362800964770535, 
          22.242610425630794, 
          71.28386983222951
        ], 
        [
          -39.8706150748907, 
          10.64698907411989, 
          84.09000793896404
        ], 
        [
          -31.332832364685736, 
          14.151600216811433, 
          84.93511685616502
        ], 
        [
          -36.335881908933, 
          28.686732797187553, 
          75.20263260822504
        ], 
        [
          -44.87366461913796, 
          25.182121654496008, 
          74.35752369102406
        ], 
        [
          -41.381478729258134, 
          13.586500302985105, 
          87.16366179775858
        ], 
        [
          -32.84369601905316, 
          17.09111144567665, 
          88.00877071495957
        ]
      ], 
      "cuboid_centroid": [
        -38.10324849191185, 
        19.66686093565372, 
        79.64632027359454
      ], 
      "location": [
        -38.10324849191185, 
        19.66686093565372, 
        79.64632027359454
      ], 
      "pose_transform_permuted": [
        [
          0.3347506598832784, 
          -0.6512853233000188, 
          -0.681006293658607, 
          0.0
        ], 
        [
          0.9212407102382618, 
          0.37815327091225265, 
          0.0911886335758286, 
          0.0
        ], 
        [
          -0.1981348401510269, 
          0.6578964165657583, 
          -0.7265770513771616, 
          0.0
        ], 
        [
          -38.10324849191185, 
          19.66686093565372, 
          79.64632027359454, 
          1.0
        ]
      ], 
      "projected_cuboid": [
        [
          221.95604738726342, 
          463.6607497436003
        ], 
        [
          154.46900876501294, 
          439.6975331863033
        ], 
        [
          226.62049481310987, 
          340.81237029148645
        ], 
        [
          283.2142276331625, 
          362.1464325479633
        ], 
        [
          221.76401314088406, 
          476.72617629357575
        ], 
        [
          157.06444640496395, 
          453.9020017231639
        ], 
        [
          226.29032995868886, 
          356.41689906189396
        ], 
        [
          280.9107308188416, 
          376.85603859020244
        ]
      ], 
      "projected_cuboid_centroid": [
        224.32773222401346, 
        404.9777704257932
      ], 
      "quaternion_xyzw": [
        0.9027933623568887, 
        0.1595847220117973, 
        0.11795038355929069, 
        0.3815553016141054
      ], 
      "visibility": 0.43519925207432514
    }, 
    {
      "bounding_box": {
        "bottom_right": [
          361, 
          236
        ], 
        "top_left": [
          272, 
          121
        ]
      }, 
      "class": "024_bowl", 
      "cuboid": [
        [
          -49.60717126993861, 
          0.5548581550227152, 
          69.03929054888222
        ], 
        [
          -47.30447884572797, 
          12.895708412441131, 
          79.14569267373473
        ], 
        [
          -46.162381631909454, 
          9.360390915997051, 
          83.20242074843264
        ], 
        [
          -48.46507405612009, 
          -2.980459341421367, 
          73.09601862358015
        ], 
        [
          -33.98209492720136, 
          0.9557344341244431, 
          64.98968926163118
        ], 
        [
          -31.679402502990722, 
          13.296584691542861, 
          75.09609138648368
        ], 
        [
          -30.537305289172203, 
          9.761267195098778, 
          79.1528194611816
        ], 
        [
          -32.83999771338284, 
          -2.5795830623196387, 
          69.0464173363291
        ]
      ], 
      "cuboid_centroid": [
        -40.07223827955541, 
        5.158062675060747, 
        74.09605500503191
      ], 
      "location": [
        -40.07223827955541, 
        5.158062675060747, 
        74.09605500503191
      ], 
      "pose_transform_permuted": [
        [
          -0.9677187318435232, 
          -0.02482774969728653, 
          0.25080677599325957, 
          0.0
        ], 
        [
          -0.14287883508631383, 
          -0.7657324487698447, 
          -0.6270880762582839, 
          0.0
        ], 
        [
          -0.20762007254488213, 
          0.6426798578965317, 
          -0.7374662743004269, 
          0.0
        ], 
        [
          -40.07223827955541, 
          5.158062675060747, 
          74.09605500503191, 
          1.0
        ]
      ], 
      "projected_cuboid": [
        [
          95.19460865202579, 
          277.57274540916524
        ], 
        [
          160.18164210365978, 
          360.1836716456923
        ], 
        [
          183.2347426697743, 
          333.28575118620927
        ], 
        [
          125.04176773174854, 
          251.54065683008324
        ], 
        [
          200.4086512136109, 
          281.12950347058535
        ], 
        [
          254.74048498420817, 
          367.71660583673537
        ], 
        [
          274.1267086295436, 
          339.05646237768923
        ], 
        [
          225.824651106729, 
          253.3616495277689
        ]
      ], 
      "projected_cuboid_centroid": [
        190.7663648296573, 
        310.41261487779934
      ], 
      "quaternion_xyzw": [
        -0.5587920558707324, 
        0.24969591566369434, 
        0.7135063890702216, 
        -0.34104548194134393
      ], 
      "visibility": 0.604516874117798
    }, 
    {
      "bounding_box": {
        "bottom_right": [
          348, 
          360
        ], 
        "top_left": [
          257, 
          257
        ]
      }, 
      "class": "025_mug", 
      "cuboid": [
        [
          -16.18081056637574, 
          3.363828570774489, 
          58.61522339899856
        ], 
        [
          -27.51908468990203, 
          3.53772593913282, 
          61.492731892211495
        ], 
        [
          -26.29532679699393, 
          -2.5973810738612277, 
          66.68548160955235
        ], 
        [
          -14.957052673467638, 
          -2.771278442219559, 
          63.807973116339426
        ], 
        [
          -14.364700653525993, 
          9.470582237760544, 
          65.40220723744982
        ], 
        [
          -25.70297477705228, 
          9.644479606118876, 
          68.27971573066274
        ], 
        [
          -24.47921688414418, 
          3.5093725931248287, 
          73.4724654480036
        ], 
        [
          -13.140942760617893, 
          3.335475224766497, 
          70.59495695479067
        ]
      ], 
      "cuboid_centroid": [
        -20.33001372525996, 
        3.4366005819496586, 
        66.04384442350108
      ], 
      "location": [
        -20.33001372525996, 
        3.4366005819496586, 
        66.04384442350108
      ], 
      "pose_transform_permuted": [
        [
          -0.19509603416790103, 
          -0.6560194477435443, 
          -0.7290933337651068, 
          0.0
        ], 
        [
          0.969166063424329, 
          -0.01486429293343621, 
          -0.24596191170318218, 
          0.0
        ], 
        [
          -0.15051817988332805, 
          0.7545979039946041, 
          -0.6386910683668278, 
          0.0
        ], 
        [
          -20.33001372525996, 
          3.4366005819496586, 
          66.04384442350108, 
          1.0
        ]
      ], 
      "projected_cuboid": [
        [
          333.1465950235677, 
          303.892847182251
        ], 
        [
          240.9381636580248, 
          303.9688392091521
        ], 
        [
          269.5467060061081, 
          252.5138876501544
        ], 
        [
          355.54127469963197, 
          250.12364796201786
        ], 
        [
          363.4845547934192, 
          350.514007584913
        ], 
        [
          279.1630835708657, 
          348.61769289905993
        ], 
        [
          302.4273359970495, 
          298.7602595606045
        ], 
        [
          381.4946470371749, 
          298.48485714309084
        ]
      ], 
      "projected_cuboid_centroid": [
        316.0593121956545, 
        301.03789627818094
      ], 
      "quaternion_xyzw": [
        0.9290932812672847, 
        0.036501686559626094, 
        -0.11867967263456028, 
        0.3483801202244151
      ], 
      "visibility": 0.7511225144323285
    }, 
    {
      "bounding_box": {
        "bottom_right": [
          372, 
          308
        ], 
        "top_left": [
          300, 
          247
        ]
      }, 
      "class": "061_foam_brick", 
      "cuboid": [
        [
          -29.076387486096866, 
          3.592082157343509, 
          75.30753414237213
        ], 
        [
          -30.60933714341743, 
          8.79895441469282, 
          69.72343691870829
        ], 
        [
          -31.82663811488314, 
          12.264634532974572, 
          73.28917260887746
        ], 
        [
          -30.293688457562574, 
          7.057762275625261, 
          78.8732698325413
        ], 
        [
          -24.07708424509875, 
          5.208936933012719, 
          75.44275315006873
        ], 
        [
          -25.610033902419318, 
          10.415809190362031, 
          69.8586559264049
        ], 
        [
          -26.82733487388502, 
          13.881489308643783, 
          73.42439161657404
        ], 
        [
          -25.294385216564457, 
          8.67461705129447, 
          79.00848884023789
        ]
      ], 
      "cuboid_centroid": [
        -27.951861179990946, 
        8.736785732993646, 
        74.36596287947309
      ], 
      "location": [
        -27.951861179990946, 
        8.736785732993646, 
        74.36596287947309
      ], 
      "pose_transform_permuted": [
        [
          -0.9511611874211954, 
          -0.3076207691706487, 
          -0.02572659943246923, 
          0.0
        ], 
        [
          0.1968500016470848, 
          -0.6686278362375693, 
          0.7170682627615091, 
          0.0
        ], 
        [
          0.23778661105083893, 
          -0.6769832191296358, 
          -0.6965279955765104, 
          0.0
        ], 
        [
          -27.951861179990946, 
          8.736785732993646, 
          74.36596287947309, 
          1.0
        ]
      ], 
      "projected_cuboid": [
        [
          273.96532100943637, 
          298.7252644075214
        ], 
        [
          245.51289349484463, 
          340.5903730786225
        ], 
        [
          248.0670649073737, 
          362.53532527201696
        ], 
        [
          275.0523720908333, 
          321.0092055334345
        ], 
        [
          309.9730360364519, 
          310.1095323431753
        ], 
        [
          284.4539299236317, 
          352.80359914055816
        ], 
        [
          285.1122897010151, 
          374.1150219345726
        ], 
        [
          309.43316086664896, 
          331.8415517258514
        ]
      ], 
      "projected_cuboid_centroid": [
        279.46823768567623, 
        335.94287624370656
      ], 
      "quaternion_xyzw": [
        0.36932146632368845, 
        -0.6135673999070965, 
        -0.15846149358030956, 
        0.6797254264304542
      ], 
      "visibility": 0.4296124544551176
    }
  ]
}