{
  "camera_data": {
    "location_worldframe": [
      -18.14383378776789, 
      6.088895858072547, 
      81.54523906844231
    ], 
    "quaternion_xyzw_worldframe": [
      0.9302710801230787, 
      0.01980103560952584, 
      -0.07486270925355192, 
      -0.3586120155538739
    ]
  }, 
  "objects": [
    {
      "bounding_box": {
        "bottom_right": [
          508, 
          377
        ], 
        "top_left": [
          323, 
          199
        ]
      }, 
      "class": "003_cracker_box", 
      "cuboid": [
        [
          -19.402568342704818, 
          28.957245820738258, 
          68.49268199127313
        ], 
        [
          -33.62426777429779, 
          21.668223997858583, 
          64.79247364171114
        ], 
        [
          -29.599211892164774, 
          6.481169707737178, 
          79.23912911213083
        ], 
        [
          -15.377512460571802, 
          13.770191530616854, 
          82.9393374616928
        ], 
        [
          -22.714494657087627, 
          32.865230464411134, 
          73.52370551018639
        ], 
        [
          -36.9361940886806, 
          25.576208641531455, 
          69.8234971606244
        ], 
        [
          -32.911138206547584, 
          10.389154351410053, 
          84.27015263104408
        ], 
        [
          -18.689438774954613, 
          17.678176174289728, 
          87.97036098060606
        ]
      ], 
      "cuboid_centroid": [
        -26.1568532746262, 
        19.673200086074154, 
        76.3814173111586
      ], 
      "location": [
        -26.1568532746262, 
        19.673200086074154, 
        76.3814173111586
      ], 
      "pose_transform_permuted": [
        [
          0.4612710854547687, 
          -0.5442875678420651, 
          -0.7006996711972604, 
          0.0
        ], 
        [
          0.8669864438896924, 
          0.44435499006639945, 
          0.2255729348006874, 
          0.0
        ], 
        [
          -0.18858285138072517, 
          0.7115473886507204, 
          -0.6768580514919328, 
          0.0
        ], 
        [
          -26.1568532746262, 
          19.673200086074154, 
          76.3814173111586, 
          1.0
        ]
      ], 
      "projected_cuboid": [
        [
          329.259581289986, 
          498.7626884535136
        ], 
        [
          202.52265939378003, 
          451.6419478165297
        ], 
        [
          280.7191532278525, 
          316.9081017936842
        ], 
        [
          381.8919938292619, 
          361.8321308454649
        ], 
        [
          315.45966042671023, 
          511.6813643911976
        ], 
        [
          197.12326093664458, 
          468.6404444238638
        ], 
        [
          271.57696873710273, 
          339.0362642511081
        ], 
        [
          367.34827468686046, 
          380.46033428513334
        ]
      ], 
      "projected_cuboid_centroid": [
        297.43952128647305, 
        410.6511384156668
      ], 
      "quaternion_xyzw": [
        0.9054327009416097, 
        0.17476115032870404, 
        0.1896452435231158, 
        0.3371718345449808
      ], 
      "visibility": 0.8998079219228573
    }, 
    {
      "bounding_box": {
        "bottom_right": [
          463, 
          287
        ], 
        "top_left": [
          334, 
          172
        ]
      }, 
      "class": "004_sugar_box", 
      "cuboid": [
        [
          -33.06194341300384, 
          24.646146783593743, 
          72.87567855281216
        ], 
        [
          -41.6619276636987, 
          21.44942190733398, 
          71.56744963424035
        ], 
        [
          -38.95811024455207, 
          9.13505230218656, 
          83.88396872924405
        ], 
        [
          -30.358125993857204, 
          12.331777178446316, 
          85.19219764781585
        ], 
        [
          -34.59497914348506, 
          27.475131937513115, 
          76.04071058082822
        ], 
        [
          -43.19496339417992, 
          24.278407061253354, 
          74.73248166225642
        ], 
        [
          -40.49114597503329, 
          11.964037456105931, 
          87.0490007572601
        ], 
        [
          -31.891161724338428, 
          15.16076233236569, 
          88.3572296758319
        ]
      ], 
      "cuboid_centroid": [
        -36.77654469401857, 
        18.305092119849835, 
        79.96233965503613
      ], 
      "location": [
        -36.77654469401857, 
        18.305092119849835, 
        79.96233965503613
      ], 
      "pose_transform_permuted": [
        [
          0.3396631594914474, 
          -0.6267968948336393, 
          -0.7012522651315494, 
          0.0
        ], 
        [
          0.9279523581313778, 
          0.3449318394952639, 
          0.14116003873684865, 
          0.0
        ], 
        [
          -0.15340547411656072, 
          0.6986757664725874, 
          -0.6987977212718182, 
          0.0
        ], 
        [
          -36.77654469401857, 
          18.305092119849835, 
          79.96233965503613, 
          1.0
        ]
      ], 
      "projected_cuboid": [
        [
          237.62646216924853, 
          453.65223735362804
        ], 
        [
          168.54573465051124, 
          433.1273148897182
        ], 
        [
          231.8441042660768, 
          331.36560076128535
        ], 
        [
          289.9655786725693, 
          350.4858408067574
        ], 
        [
          236.93950555519046, 
          465.98628789909463
        ], 
        [
          170.7724243354106, 
          446.5465401379872
        ], 
        [
          231.4542626732386, 
          346.5861211314718
        ], 
        [
          287.49954788005056, 
          364.79610066598923
        ]
      ], 
      "projected_cuboid_centroid": [
        234.26685687930816, 
        395.37481280410515
      ], 
      "quaternion_xyzw": [
        0.9121239485036443, 
        0.13658705991366527, 
        0.13178669385259953, 
        0.3633263380158254
      ], 
      "visibility": 0.48841119250630477
    }, 
    {
      "bounding_box": {
        "bottom_right": [
          353, 
          245
        ], 
        "top_left": [
          266, 
          126
        ]
      }, 
      "class": "024_bowl", 
      "cuboid": [
        [
          -48.44458664840073, 
          0.09923406290411399, 
          68.0240419312908
        ], 
        [
          -46.145393749060005, 
          11.85050845350871, 
          78.81105280521254
        ], 
        [
          -45.24909887370875, 
          8.086182464517616, 
          82.72083590195119
        ], 
        [
          -47.548291773049485, 
          -3.665091926086978, 
          71.93382502802945
        ], 
        [
          -32.68146897041528, 
          0.2228968731313334, 
          64.52950166502285
        ], 
        [
          -30.38227607107455, 
          11.974171263735927, 
          75.3165125389446
        ], 
        [
          -29.485981195723305, 
          8.209845274744834, 
          79.22629563568324
        ], 
        [
          -31.78517409506403, 
          -3.54142911585976, 
          68.43928476176148
        ]
      ], 
      "cuboid_centroid": [
        -38.965283922062014, 
        4.154539668824475, 
        73.62516878348701
      ], 
      "location": [
        -38.965283922062014, 
        4.154539668824475, 
        73.62516878348701
      ], 
      "pose_transform_permuted": [
        [
          -0.9762681419685155, 
          -0.007658894924050419, 
          0.21642979532838078, 
          0.0
        ], 
        [
          -0.1426616944766906, 
          -0.7291500931935286, 
          -0.6693188944926834, 
          0.0
        ], 
        [
          -0.1629360485171462, 
          0.6843109548475831, 
          -0.7107533757705322, 
          0.0
        ], 
        [
          -38.965283922062014, 
          4.154539668824475, 
          73.62516878348701, 
          1.0
        ]
      ], 
      "projected_cuboid": [
        [
          98.61842186194599, 
          274.0645492192541
        ], 
        [
          166.72584909016143, 
          353.47970891155876
        ], 
        [
          187.43493995406737, 
          325.4199504935377
        ], 
        [
          126.1348033973325, 
          246.11343412461983
        ], 
        [
          209.2422916929115, 
          275.1287227868541
        ], 
        [
          264.6659566530977, 
          358.0761785518673
        ], 
        [
          281.45518956266125, 
          328.551917041446
        ], 
        [
          231.84397789981236, 
          245.68961749234583
        ]
      ], 
      "projected_cuboid_centroid": [
        196.991573667735, 
        303.3808304775416
      ], 
      "quaternion_xyzw": [
        -0.575590884448866, 
        0.24592729835295166, 
        0.7147381416736927, 
        -0.31203250872469485
      ], 
      "visibility": 0.6317588957832088
    }, 
    {
      "bounding_box": {
        "bottom_right": [
          337, 
          371
        ], 
        "top_left": [
          248, 
          269
        ]
      }, 
      "class": "025_mug", 
      "cuboid": [
        [
          -14.604671266176455, 
          2.398732986216493, 
          58.88890101705272
        ], 
        [
          -26.027593634638237, 
          2.7760216711583725, 
          61.38715107174514
        ], 
        [
          -25.16452830761178, 
          -3.6422542053525504, 
          66.30270028648908
        ], 
        [
          -13.741605939149999, 
          -4.01954289029443, 
          63.80445023179667
        ], 
        [
          -12.853916165963364, 
          8.105002824099246, 
          66.03223261404196
        ], 
        [
          -24.276838534425142, 
          8.482291509041124, 
          68.53048266873436
        ], 
        [
          -23.413773207398688, 
          2.0640156325302033, 
          73.44603188347833
        ], 
        [
          -11.990850838936904, 
          1.6867269475883235, 
          70.9477818287859
        ]
      ], 
      "cuboid_centroid": [
        -19.009222236787572, 
        2.231374309373348, 
        66.16746645026552
      ], 
      "location": [
        -19.009222236787572, 
        2.231374309373348, 
        66.16746645026552
      ], 
      "pose_transform_permuted": [
        [
          -0.18807527806223678, 
          -0.6129973782897038, 
          -0.7673740754666317, 
          0.0
        ], 
        [
          0.9764015743518418, 
          -0.032249651540965, 
          -0.21354389077010977, 
          0.0
        ], 
        [
          -0.10615418531497683, 
          0.7894267391614236, 
          -0.6045963218851694, 
          0.0
        ], 
        [
          -19.009222236787572, 
          2.231374309373348, 
          66.16746645026552, 
          1.0
        ]
      ], 
      "projected_cuboid": [
        [
          348.2295488497642, 
          295.01034763407944
        ], 
        [
          253.5900174127334, 
          297.4040722648871
        ], 
        [
          277.4941020881474, 
          243.98930745826448
        ], 
        [
          365.77848287160765, 
          239.68855334239421
        ], 
        [
          376.9152595014596, 
          338.74785220073306
        ], 
        [
          291.09483240308305, 
          339.2976325450788
        ], 
        [
          310.1639170365982, 
          288.2741408317311
        ], 
        [
          390.7098284044213, 
          285.9657858652128
        ]
      ], 
      "projected_cuboid_centroid": [
        327.1030817368367, 
        291.27174552248994
      ], 
      "quaternion_xyzw": [
        0.9398407297223152, 
        0.019658792026348872, 
        -0.10683170991935213, 
        0.3238829893376249
      ], 
      "visibility": 0.7745431020540191
    }, 
    {
      "bounding_box": {
        "bottom_right": [
          362, 
          316
        ], 
        "top_left": [
          290, 
          258
        ]
      }, 
      "class": "061_foam_brick", 
      "cuboid": [
        [
          -28.068501773469535, 
          2.1962246752820267, 
          75.12672294746375
        ], 
        [
          -29.25335254661066, 
          7.716560859620849, 
          69.76336465094562
        ], 
        [
          -30.49534417628973, 
          11.037597745286472, 
          73.45597919153694
        ], 
        [
          -29.310493403148598, 
          5.5172615609476505, 
          78.81933748805507
        ], 
        [
          -23.03263103397617, 
          3.6512865295117227, 
          75.51186881149614
        ], 
        [
          -24.2174818071173, 
          9.171622713850544, 
          70.14851051497803
        ], 
        [
          -25.459473436796365, 
          12.492659599516168, 
          73.84112505556935
        ], 
        [
          -24.274622663655236, 
          6.972323415177346, 
          79.20448335208746
        ]
      ], 
      "cuboid_centroid": [
        -26.76398760513295, 
        7.344442137399097, 
        74.48392400151654
      ], 
      "location": [
        -26.76398760513295, 
        7.344442137399097, 
        74.48392400151654
      ], 
      "pose_transform_permuted": [
        [
          -0.9581184739895572, 
          -0.27683825011664787, 
          -0.073277370806233, 
          0.0
        ], 
        [
          0.15214973011707167, 
          -0.7088805439827415, 
          0.6887226103360009, 
          0.0
        ], 
        [
          0.24260966473993592, 
          -0.6487287242253768, 
          -0.7213124100829618, 
          0.0
        ], 
        [
          -26.76398760513295, 
          7.344442137399097, 
          74.48392400151654, 
          1.0
        ]
      ], 
      "projected_cuboid": [
        [
          280.6801423951007, 
          288.8773901099206
        ], 
        [
          256.1004853400559, 
          332.27728537096766
        ], 
        [
          258.3436458966539, 
          353.4238813742405
        ], 
        [
          281.61912968531675, 
          310.6182858710532
        ], 
        [
          317.56828262299223, 
          299.07457157942173
        ], 
        [
          295.94394229052, 
          343.0158304046774
        ], 
        [
          296.18292871810695, 
          363.515120025642
        ], 
        [
          316.78293153901586, 
          320.23434270338595
        ]
      ], 
      "projected_cuboid_centroid": [
        288.364640754529, 
        325.874191919519
      ], 
      "quaternion_xyzw": [
        0.3797032975554491, 
        -0.626469545332121, 
        -0.1773726126346163, 
        0.6571911981182141
      ], 
      "visibility": 0.4446728331620418
    }
  ]
}