{
  "camera_data": {
    "location_worldframe": [
      -18.906396702220864, 
      13.635238264857641, 
      71.76794229517691
    ], 
    "quaternion_xyzw_worldframe": [
      0.8954667554774128, 
      0.0064453118561836695, 
      -0.04130007600140675, 
      -0.44316201342352124
    ]
  }, 
  "objects": [
    {
      "bounding_box": {
        "bottom_right": [
          539, 
          363
        ], 
        "top_left": [
          396, 
          191
        ]
      }, 
      "class": "003_cracker_box", 
      "cuboid": [
        [
          -18.236685202271126, 
          38.507019240375314, 
          63.058136485542896
        ], 
        [
          -32.64262546924955, 
          32.9243912838035, 
          57.54621614777415
        ], 
        [
          -30.19351905696283, 
          15.166379149982316, 
          69.13105235648904
        ], 
        [
          -15.787578789984401, 
          20.749007106554128, 
          74.64297269425776
        ], 
        [
          -21.570294783123163, 
          41.65270918567812, 
          68.5848063205715
        ], 
        [
          -35.97623505010159, 
          36.0700812291063, 
          63.07288598280276
        ], 
        [
          -33.52712863781487, 
          18.312069095285118, 
          74.65772219151764
        ], 
        [
          -19.12118837083644, 
          23.894697051856927, 
          80.16964252928638
        ]
      ], 
      "cuboid_centroid": [
        -25.881906920042997, 
        28.409544167830212, 
        68.85792933853027
      ], 
      "location": [
        -25.881906920042997, 
        28.409544167830212, 
        68.85792933853027
      ], 
      "pose_transform_permuted": [
        [
          0.46429103907421637, 
          -0.4381183872577723, 
          -0.7697311931980106, 
          0.0
        ], 
        [
          0.8782181751928628, 
          0.3403294228589418, 
          0.3360189290760538, 
          0.0
        ], 
        [
          -0.11474610144271902, 
          0.8320025016087083, 
          -0.5427754319426673, 
          0.0
        ], 
        [
          -25.881906920042997, 
          28.409544167830212, 
          68.85792933853027, 
          1.0
        ]
      ], 
      "projected_cuboid": [
        [
          326.0733943989729, 
          598.962947006757
        ], 
        [
          176.55478135155462, 
          578.4190699024058
        ], 
        [
          246.7244963996648, 
          390.28934252104943
        ], 
        [
          367.85572822022726, 
          421.5369548908607
        ], 
        [
          312.4673593228267, 
          597.1805123556371
        ], 
        [
          174.86106985699848, 
          578.2809961595719
        ], 
        [
          240.09916542313195, 
          404.0993296153095
        ], 
        [
          353.3354633452759, 
          432.2433384566508
        ]
      ], 
      "projected_cuboid_centroid": [
        279.4655442634284, 
        493.3246134684267
      ], 
      "quaternion_xyzw": [
        0.9327314551894855, 
        0.12197388695581506, 
        0.2145070705232317, 
        0.2629089578096114
      ], 
      "visibility": 0.5484319514887057
    }, 
    {
      "bounding_box": {
        "bottom_right": [
          539, 
          261
        ], 
        "top_left": [
          402, 
          140
        ]
      }, 
      "class": "004_sugar_box", 
      "cuboid": [
        [
          -32.31598988193063, 
          34.36184567337875, 
          66.05208779692062
        ], 
        [
          -41.00576330709754, 
          32.008115451236115, 
          63.85253470351263
        ], 
        [
          -39.6080912845032, 
          17.536807500583322, 
          73.81640589600002
        ], 
        [
          -30.918317859336298, 
          19.890537722725966, 
          76.01595898940802
        ], 
        [
          -33.843503066185065, 
          36.66929372561865, 
          69.61764108477637
        ], 
        [
          -42.53327649135197, 
          34.31556350347601, 
          67.41808799136838
        ], 
        [
          -41.13560446875763, 
          19.84425555282322, 
          77.38195918385577
        ], 
        [
          -32.44583104359073, 
          22.197985774965865, 
          79.58151227726377
        ]
      ], 
      "cuboid_centroid": [
        -36.725797175344134, 
        27.103050613100987, 
        71.7170234903882
      ], 
      "location": [
        -36.725797175344134, 
        27.103050613100987, 
        71.7170234903882
      ], 
      "pose_transform_permuted": [
        [
          0.33843957059359336, 
          -0.5112438544013362, 
          -0.7899927385958826, 
          0.0
        ], 
        [
          0.9376407568257433, 
          0.2539713383621465, 
          0.2373353741546906, 
          0.0
        ], 
        [
          -0.07929919297332155, 
          0.8210531678419719, 
          -0.5653164202197847, 
          0.0
        ], 
        [
          -36.725797175344134, 
          27.103050613100987, 
          71.7170234903882, 
          1.0
        ]
      ], 
      "projected_cuboid": [
        [
          218.4959751191621, 
          550.7318969814567
        ], 
        [
          136.24783382158785, 
          540.6299546494043
        ], 
        [
          193.0459529992422, 
          399.989033894617
        ], 
        [
          262.8698563209581, 
          412.83635657692594
        ], 
        [
          220.17169037774082, 
          554.1988490020356
        ], 
        [
          142.32809338202048, 
          544.744281284685
        ], 
        [
          195.7261998638237, 
          410.0539474835375
        ], 
        [
          262.34764841873607, 
          422.04747732495747
        ]
      ], 
      "projected_cuboid_centroid": [
        206.21179394654052, 
        474.83683876298863
      ], 
      "quaternion_xyzw": [
        0.9418979062594307, 
        0.08845718021048292, 
        0.15282307692849248, 
        0.28574229421967723
      ], 
      "visibility": 0.4686098452580319
    }, 
    {
      "bounding_box": {
        "bottom_right": [
          440, 
          208
        ], 
        "top_left": [
          358, 
          53
        ]
      }, 
      "class": "024_bowl", 
      "cuboid": [
        [
          -48.78705617247865, 
          12.117998012584142, 
          56.22214563195686
        ], 
        [
          -46.372124781099565, 
          21.572138239518836, 
          69.04890205476897
        ], 
        [
          -45.882475359034764, 
          17.1180287911706, 
          72.23967797672346
        ], 
        [
          -48.29740675041384, 
          7.663888564235909, 
          59.41292155391137
        ], 
        [
          -32.887879555809725, 
          11.85848872876895, 
          53.4200355454683
        ], 
        [
          -30.472948164430647, 
          21.312628955703644, 
          66.24679196828039
        ], 
        [
          -29.98329874236584, 
          16.858519507355414, 
          69.4375678902349
        ], 
        [
          -32.39823013374492, 
          7.404379280420718, 
          56.61081146742279
        ]
      ], 
      "cuboid_centroid": [
        -39.385177457422245, 
        14.488258759969778, 
        62.82985676109588
      ], 
      "location": [
        -39.385177457422245, 
        14.488258759969778, 
        62.82985676109588
      ], 
      "pose_transform_permuted": [
        [
          -0.9846947749468525, 
          0.016072369153702554, 
          0.17354503491069803, 
          0.0
        ], 
        [
          -0.14984310556886227, 
          -0.5866161403775592, 
          -0.7958822447837461, 
          0.0
        ], 
        [
          -0.08901260531996061, 
          0.8097056148986019, 
          -0.580046182037112, 
          0.0
        ], 
        [
          -39.385177457422245, 
          14.488258759969778, 
          62.82985676109588, 
          1.0
        ]
      ], 
      "projected_cuboid": [
        [
          14.949575465814178, 
          388.23707173101667
        ], 
        [
          120.44346063108613, 
          439.9053173051813
        ], 
        [
          140.04039293006457, 
          399.6627931823564
        ], 
        [
          44.44288065058984, 
          342.0813682582056
        ], 
        [
          150.5243158264685, 
          391.6759063390025
        ], 
        [
          234.23029777223448, 
          444.86378803724944
        ], 
        [
          249.38935086707298, 
          402.76945147803286
        ], 
        [
          173.8360256559603, 
          343.04177322916655
        ]
      ], 
      "projected_cuboid_centroid": [
        144.49728303496636, 
        396.26743466123224
      ], 
      "quaternion_xyzw": [
        -0.609573103577217, 
        0.2040786954581263, 
        0.7302557352356369, 
        -0.2312986783594071
      ], 
      "visibility": 0.6763457672548582
    }, 
    {
      "bounding_box": {
        "bottom_right": [
          441, 
          350
        ], 
        "top_left": [
          346, 
          229
        ]
      }, 
      "class": "025_mug", 
      "cuboid": [
        [
          -14.46054554298472, 
          13.850668084320647, 
          48.97235071110559
        ], 
        [
          -25.954280186708466, 
          14.503200650166646, 
          51.05442196676313
        ], 
        [
          -25.695932511564713, 
          7.265418001883356, 
          54.74894898429113
        ], 
        [
          -14.202197867840965, 
          6.612885436037358, 
          52.6668777286336
        ], 
        [
          -12.749785039413164, 
          18.05914680881791, 
          57.097364588821186
        ], 
        [
          -24.24351968313691, 
          18.71167937466391, 
          59.179435844478725
        ], 
        [
          -23.985172007993157, 
          11.47389672638062, 
          62.87396286200673
        ], 
        [
          -12.491437364269407, 
          10.821364160534621, 
          60.79189160634919
        ]
      ], 
      "cuboid_centroid": [
        -19.222858775488938, 
        12.662282405350634, 
        55.92315678655616
      ], 
      "location": [
        -19.222858775488938, 
        12.662282405350634, 
        55.92315678655616
      ], 
      "pose_transform_permuted": [
        [
          -0.18377884911941758, 
          -0.4520968159581496, 
          -0.8728315251658542, 
          0.0
        ], 
        [
          0.9824544227227732, 
          -0.055776779711554335, 
          -0.1779700138337271, 
          0.0
        ], 
        [
          -0.03177591095843317, 
          0.8902233660139066, 
          -0.45441462353849466, 
          0.0
        ], 
        [
          -19.222858775488938, 
          12.662282405350634, 
          55.92315678655616, 
          1.0
        ]
      ], 
      "projected_cuboid": [
        [
          322.80622165017945, 
          424.1233351151419
        ], 
        [
          208.2166750918497, 
          424.7884182775202
        ], 
        [
          229.20230781842938, 
          344.0603112175268
        ], 
        [
          336.5831378289425, 
          340.2504716035828
        ], 
        [
          361.5148958099066, 
          441.96852037876204
        ], 
        [
          261.29600733709714, 
          441.91445580669296
        ], 
        [
          276.45074333790274, 
          370.61225980514746
        ], 
        [
          371.0980310270364, 
          368.2209983336566
        ]
      ], 
      "projected_cuboid_centroid": [
        296.7476728366645, 
        394.0422957472477
      ], 
      "quaternion_xyzw": [
        0.967665917802024, 
        -0.00620071150372776, 
        -0.09345913096092823, 
        0.2342005186965024
      ], 
      "visibility": 0.7786458333333334
    }, 
    {
      "bounding_box": {
        "bottom_right": [
          450, 
          287
        ], 
        "top_left": [
          370, 
          221
        ]
      }, 
      "class": "061_foam_brick", 
      "cuboid": [
        [
          -28.702752749528145, 
          11.599744977677497, 
          64.36954051652661
        ], 
        [
          -29.309971789596556, 
          18.056934862007378, 
          60.059136939754524
        ], 
        [
          -30.54588524225812, 
          20.73417980358564, 
          64.24388410175304
        ], 
        [
          -29.93866620218971, 
          14.276989919255762, 
          68.55428767852514
        ], 
        [
          -23.618716490343573, 
          12.637119680765924, 
          65.20737431972972
        ], 
        [
          -24.22593553041198, 
          19.094309565095802, 
          60.896970742957635
        ], 
        [
          -25.461848983073548, 
          21.771554506674065, 
          65.08171790495616
        ], 
        [
          -24.854629943005136, 
          15.314364622344186, 
          69.39212148172825
        ]
      ], 
      "cuboid_centroid": [
        -27.082300866300844, 
        16.68564974217578, 
        64.72562921074139
      ], 
      "location": [
        -27.082300866300844, 
        16.68564974217578, 
        64.72562921074139
      ], 
      "pose_transform_permuted": [
        [
          -0.9672823855775856, 
          -0.19736961468920616, 
          -0.15940521242659858, 
          0.0
        ], 
        [
          0.0779745560898167, 
          -0.8291843331552207, 
          0.5535099911045221, 
          0.0
        ], 
        [
          0.2414223584383409, 
          -0.5229709139592434, 
          -0.8174452079489503, 
          0.0
        ], 
        [
          -27.082300866300844, 
          16.68564974217578, 
          64.72562921074139, 
          1.0
        ]
      ], 
      "projected_cuboid": [
        [
          241.80496374278536, 
          369.39365800660033
        ], 
        [
          219.1582630297164, 
          433.6304500761809
        ], 
        [
          225.90770340035644, 
          445.41100219859993
        ], 
        [
          246.74760934322367, 
          384.3546938987098
        ], 
        [
          286.8139482001034, 
          376.6433050793363
        ], 
        [
          267.66464738035796, 
          440.5094571834606
        ], 
        [
          271.20824331016627, 
          451.6960322029001
        ], 
        [
          288.9826141120237, 
          390.98650712087306
        ]
      ], 
      "projected_cuboid_centroid": [
        256.5874847442751, 
        410.7712387707192
      ], 
      "quaternion_xyzw": [
        0.4226135511780152, 
        -0.6333248712738244, 
        -0.2447699519571087, 
        0.6003208012434813
      ], 
      "visibility": 0.18847475548506476
    }
  ]
}