{
  "camera_data": {
    "location_worldframe": [
      -23.039998318864857, 
      15.586744855930068, 
      75.36642763816633
    ], 
    "quaternion_xyzw_worldframe": [
      0.9214584383148393, 
      0.03641220758297071, 
      -0.11717616709794386, 
      -0.36859598185920706
    ]
  }, 
  "objects": [
    {
      "bounding_box": {
        "bottom_right": [
          539, 
          332
        ], 
        "top_left": [
          390, 
          127
        ]
      }, 
      "class": "003_cracker_box", 
      "cuboid": [
        [
          -26.54994780787417, 
          38.637840148989284, 
          63.06833998842703
        ], 
        [
          -40.53747422917053, 
          30.58536545217599, 
          60.138344842036126
        ], 
        [
          -34.6306210462167, 
          15.334764899261591, 
          73.85263721885494
        ], 
        [
          -20.643094624920344, 
          23.387239596074885, 
          76.78263236524585
        ], 
        [
          -29.731054413510083, 
          42.21687271262146, 
          68.41843196959732
        ], 
        [
          -43.718580834806446, 
          34.16439801580816, 
          65.48843682320641
        ], 
        [
          -37.811727651852614, 
          18.91379746289376, 
          79.20272920002525
        ], 
        [
          -23.82420123055626, 
          26.966272159707056, 
          82.13272434641614
        ]
      ], 
      "cuboid_centroid": [
        -32.18083772986339, 
        28.775818805941523, 
        71.13553459422613
      ], 
      "location": [
        -32.18083772986339, 
        28.775818805941523, 
        71.13553459422613
      ], 
      "pose_transform_permuted": [
        [
          0.4430510698733524, 
          -0.49847251381624624, 
          -0.7451381767523324, 
          0.0
        ], 
        [
          0.8527107360934081, 
          0.49089677611896365, 
          0.17861902403452573, 
          0.0
        ], 
        [
          -0.2767492548049879, 
          0.7145246728880119, 
          -0.6425452060354693, 
          0.0
        ], 
        [
          -32.18083772986339, 
          28.775818805941523, 
          71.13553459422613, 
          1.0
        ]
      ], 
      "projected_cuboid": [
        [
          255.2139645360736, 
          600.0165075140651
        ], 
        [
          119.10629766819237, 
          544.5240387297077
        ], 
        [
          229.43136974152515, 
          384.02504011326886
        ], 
        [
          337.01862520392206, 
          435.73047209364944
        ], 
        [
          247.91309220347355, 
          602.3657686760156
        ], 
        [
          122.59812479328113, 
          551.5118765747561
        ], 
        [
          224.86618635713086, 
          400.6445050739474
        ], 
        [
          325.60811004658547, 
          448.3889851769807
        ]
      ], 
      "projected_cuboid_centroid": [
        238.31926577096206, 
        489.0255182046721
      ], 
      "quaternion_xyzw": [
        0.9099963716594908, 
        0.2108926076056914, 
        0.17078916830574442, 
        0.3134676564069505
      ], 
      "visibility": 0.64854165379778
    }, 
    {
      "bounding_box": {
        "bottom_right": [
          539, 
          242
        ], 
        "top_left": [
          393, 
          102
        ]
      }, 
      "class": "004_sugar_box", 
      "cuboid": [
        [
          -39.59412792844871, 
          33.40028210593885, 
          68.24445467856648
        ], 
        [
          -48.05981918086944, 
          29.717350168712358, 
          67.43308182067108
        ], 
        [
          -43.78611730232605, 
          17.30311528577599, 
          79.19204497864
        ], 
        [
          -35.320426049905315, 
          20.986047223002487, 
          80.0034178365354
        ], 
        [
          -41.069069715361074, 
          36.05506875040736, 
          71.58323258192681
        ], 
        [
          -49.53476096778181, 
          32.372136813180866, 
          70.7718597240314
        ], 
        [
          -45.26105908923841, 
          19.9579019302445, 
          82.53082288200032
        ], 
        [
          -36.795367836817675, 
          23.640833867470995, 
          83.34219573989573
        ]
      ], 
      "cuboid_centroid": [
        -42.42759350884356, 
        26.679092018091676, 
        75.38763878028341
      ], 
      "location": [
        -42.42759350884356, 
        26.679092018091676, 
        75.38763878028341
      ], 
      "pose_transform_permuted": [
        [
          0.3267917227547948, 
          -0.588201045485622, 
          -0.7397478277558563, 
          0.0
        ], 
        [
          0.9134619241030895, 
          0.39739437612464873, 
          0.08754845763200204, 
          0.0
        ], 
        [
          -0.242475419482173, 
          0.7043417852571805, 
          -0.6671638793335124, 
          0.0
        ], 
        [
          -42.42759350884356, 
          26.679092018091676, 
          75.38763878028341, 
          1.0
        ]
      ], 
      "projected_cuboid": [
        [
          169.59666675630461, 
          534.3044421384524
        ], 
        [
          98.33056605081435, 
          508.31724363828835
        ], 
        [
          184.26166915968395, 
          389.81453311353926
        ], 
        [
          244.18153439340696, 
          413.1839356182453
        ], 
        [
          173.06856120458716, 
          541.9091405604238
        ], 
        [
          105.2043589959539, 
          517.2351155500769
        ], 
        [
          186.679750487911, 
          402.25580748244244
        ], 
        [
          244.17562045994114, 
          424.5678853479823
        ]
      ], 
      "projected_cuboid_centroid": [
        178.9475429778074, 
        462.02414091846396
      ], 
      "quaternion_xyzw": [
        0.9161811416303174, 
        0.1746024248185769, 
        0.11306175208144176, 
        0.34255369047032813
      ], 
      "visibility": 0.42231493219953314
    }, 
    {
      "bounding_box": {
        "bottom_right": [
          421, 
          186
        ], 
        "top_left": [
          332, 
          58
        ]
      }, 
      "class": "024_bowl", 
      "cuboid": [
        [
          -53.79649307487547, 
          8.083276293482692, 
          63.765952890046364
        ], 
        [
          -51.455352451773486, 
          19.694728288739842, 
          74.69442874583085
        ], 
        [
          -50.06943978142989, 
          15.900703912798786, 
          78.42866543134828
        ], 
        [
          -52.410580404531885, 
          4.289251917541639, 
          67.50018957556378
        ], 
        [
          -38.348078691050205, 
          9.24952549366626, 
          59.21739939229453
        ], 
        [
          -36.00693806794821, 
          20.860977488923407, 
          70.14587524807902
        ], 
        [
          -34.62102539760462, 
          17.066953112982354, 
          73.88011193359645
        ], 
        [
          -36.96216602070661, 
          5.455501117725206, 
          62.951636077811955
        ]
      ], 
      "cuboid_centroid": [
        -44.20875923624005, 
        12.575114703232524, 
        68.8230324118214
      ], 
      "location": [
        -44.20875923624005, 
        12.575114703232524, 
        68.8230324118214
      ], 
      "pose_transform_permuted": [
        [
          -0.9567774037441721, 
          -0.07223012369726783, 
          0.2817087306336779, 
          0.0
        ], 
        [
          -0.14526449189875018, 
          -0.7204743096819424, 
          -0.6780965981935954, 
          0.0
        ], 
        [
          -0.25194290440089523, 
          0.6897097783263666, 
          -0.6788410672631959, 
          0.0
        ], 
        [
          -44.20875923624005, 
          12.575114703232524, 
          68.8230324118214, 
          1.0
        ]
      ], 
      "projected_cuboid": [
        [
          27.90952974018521, 
          340.8926717897221
        ], 
        [
          111.14324090576329, 
          413.9072570629231
        ], 
        [
          138.28454478819717, 
          381.41226900416524
        ], 
        [
          64.04973371015085, 
          307.1759545766069
        ], 
        [
          133.35116359221965, 
          356.5889648261855
        ], 
        [
          205.55467007424357, 
          431.8926966413481
        ], 
        [
          229.59499124794803, 
          396.4880340538592
        ], 
        [
          165.8479616012885, 
          319.5049647511316
        ]
      ], 
      "projected_cuboid_centroid": [
        136.16213028247964, 
        370.73291162749615
      ], 
      "quaternion_xyzw": [
        -0.5618577568642124, 
        0.20847420879973697, 
        0.7274412348875328, 
        -0.3341909859678148
      ], 
      "visibility": 0.6543005971287003
    }, 
    {
      "bounding_box": {
        "bottom_right": [
          429, 
          307
        ], 
        "top_left": [
          332, 
          191
        ]
      }, 
      "class": "025_mug", 
      "cuboid": [
        [
          -20.86555800900153, 
          12.655202837650526, 
          52.428846068679746
        ], 
        [
          -32.09041006086912, 
          12.276775265035361, 
          55.70394064890623
        ], 
        [
          -30.51095960398164, 
          5.808691590684415, 
          60.36988116547093
        ], 
        [
          -19.28610755211405, 
          6.187119163299579, 
          57.09478658524444
        ], 
        [
          -18.965180559570104, 
          18.28721587863685, 
          59.592842149363335
        ], 
        [
          -30.190032611437694, 
          17.908788306021687, 
          62.86793672958982
        ], 
        [
          -28.61058215455022, 
          11.440704631670739, 
          67.53387724615452
        ], 
        [
          -17.38573010268263, 
          11.819132204285903, 
          64.25878266592802
        ]
      ], 
      "cuboid_centroid": [
        -24.738070081775874, 
        12.047953734660632, 
        59.98136165741713
      ], 
      "location": [
        -24.738070081775874, 
        12.047953734660632, 
        59.98136165741713
      ], 
      "pose_transform_permuted": [
        [
          -0.20414849408778926, 
          -0.6050203244329954, 
          -0.7695939624835851, 
          0.0
        ], 
        [
          0.9594710409281975, 
          0.03234700068519765, 
          -0.2799465321688033, 
          0.0
        ], 
        [
          -0.19426719072809862, 
          0.7955529338264986, 
          -0.573895276236582, 
          0.0
        ], 
        [
          -24.738070081775874, 
          12.047953734660632, 
          59.98136165741713, 
          1.0
        ]
      ], 
      "projected_cuboid": [
        [
          267.57850583796875, 
          402.01848629631513
        ], 
        [
          171.79730184402203, 
          390.82660051133894
        ], 
        [
          209.81094151827904, 
          324.6016792092668
        ], 
        [
          299.94520024013, 
          331.08011267629036
        ], 
        [
          310.45584930668406, 
          436.9459641472596
        ], 
        [
          223.35552213480148, 
          425.2098873280089
        ], 
        [
          253.77449709306492, 
          363.6345540313247
        ], 
        [
          336.100692032621, 
          371.38012766869616
        ]
      ], 
      "projected_cuboid_centroid": [
        259.80743990745816, 
        380.40997576754467
      ], 
      "quaternion_xyzw": [
        0.9386982924825049, 
        0.0603533087329867, 
        -0.12892721498841303, 
        0.3139761758679106
      ], 
      "visibility": 0.7623117623117623
    }, 
    {
      "bounding_box": {
        "bottom_right": [
          441, 
          264
        ], 
        "top_left": [
          361, 
          192
        ]
      }, 
      "class": "061_foam_brick", 
      "cuboid": [
        [
          -33.137452418905944, 
          11.24936118693157, 
          69.52878477481413
        ], 
        [
          -35.01522387230344, 
          16.812387433327427, 
          64.41309239642784
        ], 
        [
          -36.192915994722455, 
          19.96345449335753, 
          68.27198459465215
        ], 
        [
          -34.31514454132496, 
          14.400428246961672, 
          73.38767697303844
        ], 
        [
          -28.18192276892554, 
          12.999007825185743, 
          69.612444624874
        ], 
        [
          -30.05969422232303, 
          18.5620340715816, 
          64.49675224648772
        ], 
        [
          -31.237386344742045, 
          21.713101131611705, 
          68.35564444471201
        ], 
        [
          -29.359614891344556, 
          16.150074885215844, 
          73.47133682309831
        ]
      ], 
      "cuboid_centroid": [
        -32.18741938182399, 
        16.481231159271637, 
        68.94221460976307
      ], 
      "location": [
        -32.18741938182399, 
        16.481231159271637, 
        68.94221460976307
      ], 
      "pose_transform_permuted": [
        [
          -0.9428328786943613, 
          -0.33288558300718046, 
          -0.015917018529673505, 
          0.0
        ], 
        [
          0.24112945387928478, 
          -0.7143624844666386, 
          0.6569191938576079, 
          0.0
        ], 
        [
          0.23004944973805586, 
          -0.6155269526289008, 
          -0.7537929564957457, 
          0.0
        ], 
        [
          -32.18741938182399, 
          16.481231159271637, 
          68.94221460976307, 
          1.0
        ]
      ], 
      "projected_cuboid": [
        [
          225.29847836285018, 
          359.5746075714167
        ], 
        [
          189.2663211986177, 
          412.48767123662475
        ], 
        [
          196.5131062131444, 
          429.2348569334458
        ], 
        [
          230.1454526694079, 
          377.9366741749697
        ], 
        [
          263.8885243137402, 
          372.8754185662918
        ], 
        [
          230.96395383933447, 
          426.7748289271796
        ], 
        [
          235.847906412715, 
          442.6949626833679
        ], 
        [
          266.70313701032387, 
          390.5179860317755
        ]
      ], 
      "projected_cuboid_centroid": [
        230.5283143708272, 
        400.78118522714897
      ], 
      "quaternion_xyzw": [
        0.4004745684122956, 
        -0.5895579948739754, 
        -0.17848429550113154, 
        0.6783692556378332
      ], 
      "visibility": 0.16794520547945205
    }
  ]
}