{
  "camera_data": {
    "location_worldframe": [
      -27.537194012345296, 
      -12.9863127837784, 
      79.31924481017244
    ], 
    "quaternion_xyzw_worldframe": [
      0.9339499681863833, 
      0.011328056295427427, 
      0.01903356246530027, 
      -0.3567193781995747
    ]
  }, 
  "objects": [
    {
      "bounding_box": {
        "bottom_right": [
          375, 
          315
        ], 
        "top_left": [
          197, 
          131
        ]
      }, 
      "class": "003_cracker_box", 
      "cuboid": [
        [
          -24.680170263748227, 
          9.766888692590152, 
          66.31753655049309
        ], 
        [
          -38.63070141571428, 
          3.6336093630283846, 
          60.247636968889495
        ], 
        [
          -38.368322110697534, 
          -11.677477198989848, 
          75.11556663434995
        ], 
        [
          -24.417790958731487, 
          -5.544197869428082, 
          81.18546621595355
        ], 
        [
          -28.45615706040731, 
          13.987829108572614, 
          70.7309233736851
        ], 
        [
          -42.40668821237335, 
          7.854549779010848, 
          64.6610237920815
        ], 
        [
          -42.14430890735662, 
          -7.456536783007385, 
          79.52895345754195
        ], 
        [
          -28.19377775539057, 
          -1.3232574534456178, 
          85.59885303914555
        ]
      ], 
      "cuboid_centroid": [
        -33.41223958555242, 
        1.1551759547913834, 
        72.92324500401752
      ], 
      "location": [
        -33.41223958555242, 
        1.1551759547913834, 
        72.92324500401752
      ], 
      "pose_transform_permuted": [
        [
          0.5259034661471303, 
          -0.5878747238019286, 
          -0.6146778452240167, 
          0.0
        ], 
        [
          0.8504554221520815, 
          0.3738983558818824, 
          0.37003458541189127, 
          0.0
        ], 
        [
          -0.012293056030101335, 
          0.7173585774099528, 
          -0.6965956877485027, 
          0.0
        ], 
        [
          -33.41223958555242, 
          1.1551759547913834, 
          72.92324500401752, 
          1.0
        ]
      ], 
      "projected_cuboid": [
        [
          281.4673867871171, 
          351.8309664591909
        ], 
        [
          136.7835253612818, 
          305.4517004407985
        ], 
        [
          206.91228696757247, 
          190.37659599069133
        ], 
        [
          319.85618142340127, 
          236.86586523593965
        ], 
        [
          265.24619139610036, 
          378.75643479362066
        ], 
        [
          128.91488594223554, 
          338.0703129431312
        ], 
        [
          196.622957138492, 
          223.28315033297523
        ], 
        [
          304.4732097843373, 
          265.0420453458039
        ]
      ], 
      "projected_cuboid_centroid": [
        235.20238105207713, 
        281.7348449467209
      ], 
      "quaternion_xyzw": [
        0.8919769958897554, 
        0.1082402947866257, 
        0.2511101899733734, 
        0.36000659699445503
      ], 
      "visibility": 0.8688977738289155
    }, 
    {
      "bounding_box": {
        "bottom_right": [
          342, 
          216
        ], 
        "top_left": [
          220, 
          94
        ]
      }, 
      "class": "004_sugar_box", 
      "cuboid": [
        [
          -39.192152741683174, 
          6.641622694777752, 
          68.31977967061681
        ], 
        [
          -47.68418956942915, 
          4.149564400067369, 
          65.56928918307527
        ], 
        [
          -48.12280509165306, 
          -8.212847850667636, 
          78.12434194251803
        ], 
        [
          -39.63076826390709, 
          -5.720789555957253, 
          80.87483243005956
        ], 
        [
          -40.99619457371699, 
          9.62091249054685, 
          71.19032816724493
        ], 
        [
          -49.48823140146297, 
          7.128854195836467, 
          68.4398376797034
        ], 
        [
          -49.92684692368689, 
          -5.2335580548985385, 
          80.99489043914615
        ], 
        [
          -41.43481009594091, 
          -2.7414997601881548, 
          83.74538092668769
        ]
      ], 
      "cuboid_centroid": [
        -44.55949983268503, 
        0.704032319939607, 
        74.65733505488149
      ], 
      "location": [
        -44.55949983268503, 
        0.704032319939607, 
        74.65733505488149
      ], 
      "pose_transform_permuted": [
        [
          0.39970793657300946, 
          -0.6600987602251802, 
          -0.636005771067103, 
          0.0
        ], 
        [
          0.9163046547449984, 
          0.2688971635024231, 
          0.29678241954057827, 
          0.0
        ], 
        [
          0.02488556426375836, 
          0.701401544023981, 
          -0.712331316264924, 
          0.0
        ], 
        [
          -44.55949983268503, 
          0.704032319939607, 
          74.65733505488149, 
          1.0
        ]
      ], 
      "projected_cuboid": [
        [
          173.10471699437747, 
          325.13254018220476
        ], 
        [
          90.51701180995113, 
          307.0377648706995
        ], 
        [
          150.3467523341617, 
          217.22113655266105
        ], 
        [
          218.0787342737243, 
          235.561463199593
        ], 
        [
          171.91626164436397, 
          345.36123086851376
        ], 
        [
          92.7447419119872, 
          328.83835804863696
        ], 
        [
          150.10872886091107, 
          238.82561106114323
        ], 
        [
          215.52687264621298, 
          255.8277182448902
        ]
      ], 
      "projected_cuboid_centroid": [
        160.63067450383832, 
        278.3158391630699
      ], 
      "quaternion_xyzw": [
        0.9019024295670904, 
        0.0676380258105606, 
        0.1930614480237902, 
        0.3804264273766467
      ], 
      "visibility": 0.415
    }, 
    {
      "bounding_box": {
        "bottom_right": [
          229, 
          171
        ], 
        "top_left": [
          120, 
          25
        ]
      }, 
      "class": "024_bowl", 
      "cuboid": [
        [
          -55.52011876461975, 
          -16.606786222095806, 
          60.86176453054619
        ], 
        [
          -54.10328044306132, 
          -4.969655575608807, 
          71.92106382448523
        ], 
        [
          -54.19319692186973, 
          -8.752859752705094, 
          75.9134540483684
        ], 
        [
          -55.61003524342817, 
          -20.389990399192097, 
          64.85415475442935
        ], 
        [
          -39.43850065270514, 
          -17.818101472367065, 
          60.07610725143612
        ], 
        [
          -38.02166233114671, 
          -6.180970825880062, 
          71.13540654537516
        ], 
        [
          -38.11157880995511, 
          -9.964175002976353, 
          75.12779676925831
        ], 
        [
          -39.52841713151355, 
          -21.601305649463352, 
          64.06849747531928
        ]
      ], 
      "cuboid_centroid": [
        -46.815848787287436, 
        -13.28548061253608, 
        67.99478064990225
      ], 
      "location": [
        -46.815848787287436, 
        -13.28548061253608, 
        67.99478064990225
      ], 
      "pose_transform_permuted": [
        [
          -0.9959940510938687, 
          0.07502123075386319, 
          0.04865865926840289, 
          0.0
        ], 
        [
          -0.0879128305463169, 
          -0.7220676339729913, 
          -0.686214009033611, 
          0.0
        ], 
        [
          0.016345776548010463, 
          0.6877427912416253, 
          -0.7257703966711647, 
          0.0
        ], 
        [
          -46.815848787287436, 
          -13.28548061253608, 
          67.99478064990225, 
          1.0
        ]
      ], 
      "projected_cuboid": [
        [
          -8.96909124936107, 
          127.76456085677752
        ], 
        [
          77.05915041346505, 
          236.43482168096642
        ], 
        [
          97.69738120561165, 
          211.79451955879964
        ], 
        [
          20.484344742591347, 
          105.61214269039048
        ], 
        [
          128.56809404231882, 
          115.10813919850139
        ], 
        [
          194.1638077629862, 
          226.94628430834118
        ], 
        [
          208.79476917773124, 
          202.55253688257474
        ], 
        [
          149.81216305481863, 
          93.472748382854
        ]
      ], 
      "projected_cuboid_centroid": [
        111.33513573309072, 
        169.08137819147933
      ], 
      "quaternion_xyzw": [
        -0.6227301384682823, 
        0.2964419757879644, 
        0.675335894399288, 
        -0.2612484629047895
      ], 
      "visibility": 0.8709248640086734
    }, 
    {
      "bounding_box": {
        "bottom_right": [
          184, 
          310
        ], 
        "top_left": [
          86, 
          201
        ]
      }, 
      "class": "025_mug", 
      "cuboid": [
        [
          -20.552919476489024, 
          -17.19770020078199, 
          57.5721654423562
        ], 
        [
          -32.162191804349135, 
          -15.854981665893828, 
          58.109434906507516
        ], 
        [
          -32.67410976375922, 
          -22.269470789913694, 
          63.0787447528495
        ], 
        [
          -21.064837435899104, 
          -23.612189324801864, 
          62.54147528869819
        ], 
        [
          -19.562628482126232, 
          -11.578635830519454, 
          64.92738702552604
        ], 
        [
          -31.171900809986347, 
          -10.235917295631287, 
          65.46465648967735
        ], 
        [
          -31.683818769396428, 
          -16.650406419651155, 
          70.43396633601934
        ], 
        [
          -20.074546441536313, 
          -17.993124954539322, 
          69.89669687186803
        ]
      ], 
      "cuboid_centroid": [
        -26.118369122942724, 
        -16.924053310216575, 
        64.00306588918777
      ], 
      "location": [
        -26.118369122942724, 
        -16.924053310216575, 
        64.00306588918777
      ], 
      "pose_transform_permuted": [
        [
          -0.10638224278463712, 
          -0.6036293104375965, 
          -0.7901364070255513, 
          0.0
        ], 
        [
          0.9923302822488069, 
          -0.11477207400060006, 
          -0.045924390775593765, 
          0.0
        ], 
        [
          0.06296421861426062, 
          0.7889609811091771, 
          -0.6112087020499135, 
          0.0
        ], 
        [
          -26.118369122942724, 
          -16.924053310216575, 
          64.00306588918777, 
          1.0
        ]
      ], 
      "projected_cuboid": [
        [
          289.61852407305275, 
          113.97569337256519
        ], 
        [
          183.95746006134667, 
          127.77192014278026
        ], 
        [
          203.04110520934375, 
          85.00211783874934
        ], 
        [
          300.47067958014827, 
          71.93466851670696
        ], 
        [
          319.56871444753637, 
          178.178548614862
        ], 
        [
          225.53330092566168, 
          189.8977991076403
        ], 
        [
          239.6908047230523, 
          147.2111758614781
        ], 
        [
          327.14958826936714, 
          135.9969902608553
        ]
      ], 
      "projected_cuboid_centroid": [
        262.1463455525686, 
        132.26315212366939
      ], 
      "quaternion_xyzw": [
        0.9449110633260063, 
        -0.04702460885293377, 
        -0.04029655262584305, 
        0.3214159669724323
      ], 
      "visibility": 0.7346318552286227
    }, 
    {
      "bounding_box": {
        "bottom_right": [
          225, 
          246
        ], 
        "top_left": [
          154, 
          186
        ]
      }, 
      "class": "061_foam_brick", 
      "cuboid": [
        [
          -36.52781215121634, 
          -16.117635402406826, 
          71.30599524587844
        ], 
        [
          -36.33102411653161, 
          -10.576304683610942, 
          65.83804101290451
        ], 
        [
          -37.89719600577842, 
          -7.124956251330282, 
          69.2793388729942
        ], 
        [
          -38.093984040463155, 
          -12.666286970126164, 
          74.74729310596813
        ], 
        [
          -31.525587321699515, 
          -15.077860385739832, 
          72.5397501286577
        ], 
        [
          -31.328799287014782, 
          -9.536529666943952, 
          67.07179589568378
        ], 
        [
          -32.89497117626159, 
          -6.085181234663291, 
          70.51309375577345
        ], 
        [
          -33.09175921094633, 
          -11.626511953459174, 
          75.98104798874739
        ]
      ], 
      "cuboid_centroid": [
        -34.711391663738965, 
        -11.101408318535059, 
        70.90954450082594
      ], 
      "location": [
        -34.711391663738965, 
        -11.101408318535059, 
        70.90954450082594
      ], 
      "pose_transform_permuted": [
        [
          -0.9517170452019, 
          -0.19782629535119273, 
          -0.23473266227729897, 
          0.0
        ], 
        [
          -0.02527005682595322, 
          -0.71157650605998, 
          0.7021540431069841, 
          0.0
        ], 
        [
          0.305934780795154, 
          -0.6741836788970006, 
          -0.6722204080573038, 
          0.0
        ], 
        [
          -34.711391663738965, 
          -11.101408318535059, 
          70.90954450082594, 
          1.0
        ]
      ], 
      "projected_cuboid": [
        [
          206.11752551733278, 
          152.73775993162678
        ], 
        [
          184.8458717630253, 
          187.61341772184485
        ], 
        [
          187.4293024873024, 
          218.43788093754796
        ], 
        [
          207.53264400071214, 
          182.91297920042263
        ], 
        [
          247.88622128973978, 
          162.43258271176214
        ], 
        [
          230.41099672207181, 
          197.4570785349632
        ], 
        [
          230.72548023718477, 
          227.26180488956498
        ], 
        [
          247.3865934440023, 
          191.67873349746077
        ]
      ], 
      "projected_cuboid_centroid": [
        218.3527121238307, 
        189.7914528171971
      ], 
      "quaternion_xyzw": [
        0.3658137936691104, 
        -0.6953751501887766, 
        -0.1705533022632908, 
        0.5945967036138337
      ], 
      "visibility": 0.7081064730792499
    }
  ]
}