{
  "camera_data": {
    "location_worldframe": [
      -17.747291288298538, 
      -19.768792923912663, 
      62.41642895464064
    ], 
    "quaternion_xyzw_worldframe": [
      0.8736948221790776, 
      0.014629612033412103, 
      0.12939143564954436, 
      -0.46872823532578495
    ]
  }, 
  "objects": [
    {
      "bounding_box": {
        "bottom_right": [
          344, 
          366
        ], 
        "top_left": [
          128, 
          186
        ]
      }, 
      "class": "003_cracker_box", 
      "cuboid": [
        [
          -11.280401784626868, 
          5.104280003508453, 
          56.54917208725002
        ], 
        [
          -23.841506254132593, 
          1.9549582009982982, 
          46.48048089238493
        ], 
        [
          -27.368865470443428, 
          -16.477738801816898, 
          56.64645184000771
        ], 
        [
          -14.807761000937699, 
          -13.328416999306747, 
          66.7151430348728
        ], 
        [
          -15.743048194369248, 
          8.451365868743018, 
          61.069592506558735
        ], 
        [
          -28.30415266387497, 
          5.302044066232862, 
          51.000901311693646
        ], 
        [
          -31.831511880185804, 
          -13.130652936582338, 
          61.16687225931642
        ], 
        [
          -19.27040741068008, 
          -9.981331134072182, 
          71.2355634541815
        ]
      ], 
      "cuboid_centroid": [
        -21.555956832406338, 
        -4.013186466536942, 
        58.85802217328322
      ], 
      "location": [
        -21.555956832406338, 
        -4.013186466536942, 
        58.85802217328322
      ], 
      "pose_transform_permuted": [
        [
          0.6215385120385148, 
          -0.4661679589495262, 
          -0.6295850316691003, 
          0.0
        ], 
        [
          0.7657528797965791, 
          0.19198966504361858, 
          0.6138098203838751, 
          0.0
        ], 
        [
          0.16526465180489983, 
          0.8636129935134558, 
          -0.4762984277724767, 
          0.0
        ], 
        [
          -21.555956832406338, 
          -4.013186466536942, 
          58.85802217328322, 
          1.0
        ]
      ], 
      "projected_cuboid": [
        [
          374.32416019249257, 
          321.4253945443541
        ], 
        [
          205.75861071423762, 
          295.7178354391223
        ], 
        [
          221.77512825858366, 
          118.15059382365206
        ], 
        [
          362.2376450122121, 
          166.73942626069922
        ], 
        [
          342.9676055300729, 
          347.09215444859603
        ], 
        [
          183.15224819637066, 
          328.7303411032051
        ], 
        [
          201.74228676312615, 
          158.79916773934397
        ], 
        [
          336.12293775898854, 
          198.55926550972333
        ]
      ], 
      "projected_cuboid_centroid": [
        284.64825012496675, 
        236.92257510106023
      ], 
      "quaternion_xyzw": [
        0.9026282325768367, 
        0.007401999038525471, 
        0.34215313897718974, 
        0.26103393199640895
      ], 
      "visibility": 0.9388034514598657
    }, 
    {
      "bounding_box": {
        "bottom_right": [
          318, 
          228
        ], 
        "top_left": [
          159, 
          119
        ]
      }, 
      "class": "004_sugar_box", 
      "cuboid": [
        [
          -25.996769548672265, 
          2.9410576965587105, 
          54.78138899609161
        ], 
        [
          -33.79594351611861, 
          1.9919603168517541, 
          49.86586852116467
        ], 
        [
          -37.39658717743545, 
          -12.96503526157059, 
          58.46671839295776
        ], 
        [
          -29.59741320998911, 
          -12.015937881863634, 
          63.38223886788469
        ], 
        [
          -28.25378807618129, 
          5.283570530031842, 
          57.91017219118366
        ], 
        [
          -36.05296204362764, 
          4.334473150324886, 
          52.99465171625673
        ], 
        [
          -39.653605704944475, 
          -10.622522428097458, 
          61.595501588049814
        ], 
        [
          -31.854431737498135, 
          -9.673425048390502, 
          66.51102206297675
        ]
      ], 
      "cuboid_centroid": [
        -32.82518762680837, 
        -3.840732365769374, 
        58.18844529207071
      ], 
      "location": [
        -32.82518762680837, 
        -3.840732365769374, 
        58.18844529207071
      ], 
      "pose_transform_permuted": [
        [
          0.5000705651157926, 
          -0.5190128934026763, 
          -0.6932208847311856, 
          0.0
        ], 
        [
          0.8415436195692949, 
          0.10240915865912444, 
          0.5303926941241741, 
          0.0
        ], 
        [
          0.20428836802280576, 
          0.8486094444910262, 
          -0.4879831911151045, 
          0.0
        ], 
        [
          -32.82518762680837, 
          -3.840732365769374, 
          58.18844529207071, 
          1.0
        ]
      ], 
      "projected_cuboid": [
        [
          226.3985883879171, 
          301.9189566468855
        ], 
        [
          117.13450360609166, 
          294.5907181227266
        ], 
        [
          137.63148446232435, 
          155.02255136554086
        ], 
        [
          230.4790251578921, 
          172.18037485072674
        ], 
        [
          219.22743661770906, 
          321.94520235958953
        ], 
        [
          115.7490996237715, 
          316.90715513682005
        ], 
        [
          135.39837315977496, 
          181.31230142974877
        ], 
        [
          224.04325823476339, 
          195.7200406607348
        ]
      ], 
      "projected_cuboid_centroid": [
        178.23435343144783, 
        238.08474191861498
      ], 
      "quaternion_xyzw": [
        0.9196974976577226, 
        -0.027693673632674436, 
        0.2801092918770415, 
        0.2737302447496023
      ], 
      "visibility": 0.6327523307661127
    }, 
    {
      "bounding_box": {
        "bottom_right": [
          181, 
          197
        ], 
        "top_left": [
          32, 
          0
        ]
      }, 
      "class": "024_bowl", 
      "cuboid": [
        [
          -41.25731355409379, 
          -16.171821137559736, 
          38.517073174513584
        ], 
        [
          -41.77958362190024, 
          -7.767431711970985, 
          52.258682023010536
        ], 
        [
          -42.87034232839865, 
          -12.385398133664136, 
          55.041581606328336
        ], 
        [
          -42.348072260592204, 
          -20.789787559252886, 
          41.29997275783139
        ], 
        [
          -25.44026832520724, 
          -18.636957028307368, 
          40.62590421580731
        ], 
        [
          -25.962538393013684, 
          -10.232567602718618, 
          54.36751306430426
        ], 
        [
          -27.053297099512097, 
          -14.850534024411768, 
          57.15041264762206
        ], 
        [
          -26.53102703170565, 
          -23.25492345000052, 
          43.40880379912511
        ]
      ], 
      "cuboid_centroid": [
        -34.155305326802946, 
        -15.511177580985752, 
        47.83374291106782
      ], 
      "location": [
        -34.155305326802946, 
        -15.511177580985752, 
        47.83374291106782
      ], 
      "pose_transform_permuted": [
        [
          -0.9796080745246656, 
          0.15267497743299624, 
          -0.13060770112023104, 
          0.0
        ], 
        [
          0.03240612515334744, 
          -0.5214805755707879, 
          -0.8526475545938694, 
          0.0
        ], 
        [
          0.19828732531007395, 
          0.8394929187123581, 
          -0.5058989781104357, 
          0.0
        ], 
        [
          -34.155305326802946, 
          -15.511177580985752, 
          47.83374291106782, 
          1.0
        ]
      ], 
      "projected_cuboid": [
        [
          -94.4253768863175, 
          49.36638524489264
        ], 
        [
          51.66742138608822, 
          194.01696434169705
        ], 
        [
          62.747776186864655, 
          153.27953278129783
        ], 
        [
          -69.8141780753139, 
          4.8214496306214745
        ], 
        [
          144.8449112477303, 
          28.628496621508024
        ], 
        [
          224.7944645227372, 
          172.909890585447
        ], 
        [
          227.03565703306484, 
          134.70345084605773
        ], 
        [
          152.92107609451452, 
          -12.42292635725094
        ]
      ], 
      "projected_cuboid_centroid": [
        97.61093075513494, 
        100.34554991439337
      ], 
      "quaternion_xyzw": [
        0.7075497765150408, 
        -0.25431705470461746, 
        -0.6473946038620457, 
        0.12480535377214229
      ], 
      "visibility": 0.7012624754974792
    }, 
    {
      "bounding_box": {
        "bottom_right": [
          119, 
          397
        ], 
        "top_left": [
          0, 
          263
        ]
      }, 
      "class": "025_mug", 
      "cuboid": [
        [
          -6.4464792804789655, 
          -19.173974137489054, 
          42.13361364905131
        ], 
        [
          -17.839875377571417, 
          -16.935059327830142, 
          40.703739048497525
        ], 
        [
          -19.65530793441713, 
          -24.292476270003476, 
          43.64897106632781
        ], 
        [
          -8.261911837324682, 
          -26.531391079662388, 
          45.0788456668816
        ], 
        [
          -6.830712863852153, 
          -15.635865654555337, 
          50.7352412918058
        ], 
        [
          -18.2241089609446, 
          -13.396950844896427, 
          49.305366691252004
        ], 
        [
          -20.039541517790315, 
          -20.75436778706976, 
          52.25059870908228
        ], 
        [
          -8.646145420697868, 
          -22.99328259672867, 
          53.68047330963608
        ]
      ], 
      "cuboid_centroid": [
        -13.243010399134642, 
        -19.964170962279407, 
        47.1921061790668
      ], 
      "location": [
        -13.243010399134642, 
        -19.964170962279407, 
        47.1921061790668
      ], 
      "pose_transform_permuted": [
        [
          0.04127638298752677, 
          -0.3800821352233242, 
          -0.9240318708778668, 
          0.0
        ], 
        [
          0.9738777457797987, 
          -0.19137659125008935, 
          0.12222194689522661, 
          0.0
        ], 
        [
          0.22329220979159337, 
          0.9049379891205774, 
          -0.362253812806425, 
          0.0
        ], 
        [
          -13.243010399134642, 
          -19.964170962279407, 
          47.1921061790668, 
          1.0
        ]
      ], 
      "projected_cuboid": [
        [
          399.3187098944957, 
          30.585876701454556
        ], 
        [
          245.90267627846424, 
          51.395404812175016
        ], 
        [
          239.43976027322194, 
          -23.528094803977265
        ], 
        [
          383.0373380644578, 
          -40.60150023760123
        ], 
        [
          409.1954898344731, 
          108.92517611373714
        ], 
        [
          282.8302671517975, 
          128.37622253635908
        ], 
        [
          275.3497795333759, 
          61.447610760555364
        ], 
        [
          394.98110591720786, 
          44.84652741203496
        ]
      ], 
      "projected_cuboid_centroid": [
        330.69016841644793, 
        47.67076877715272
      ], 
      "quaternion_xyzw": [
        0.9750445638249366, 
        -0.10632047406505361, 
        0.041920732638459315, 
        0.19033385128513755
      ], 
      "visibility": 0.724071028238449
    }, 
    {
      "bounding_box": {
        "bottom_right": [
          169, 
          282
        ], 
        "top_left": [
          71, 
          221
        ]
      }, 
      "class": "061_foam_brick", 
      "cuboid": [
        [
          -24.93313442865238, 
          -20.004766274784142, 
          52.259760153805836
        ], 
        [
          -23.353150710592715, 
          -13.339431526979068, 
          48.55563281934068
        ], 
        [
          -25.481403337185206, 
          -10.702480864850916, 
          52.39285359907632
        ], 
        [
          -27.06138705524487, 
          -17.36781561265599, 
          56.096980933541474
        ], 
        [
          -20.273331492033382, 
          -19.764739180774427, 
          54.67929730522948
        ], 
        [
          -18.693347773973716, 
          -13.099404432969353, 
          50.97516997076432
        ], 
        [
          -20.821600400566204, 
          -10.462453770841202, 
          54.812390750499965
        ], 
        [
          -22.40158411862587, 
          -17.127788518646277, 
          58.51651808496512
        ]
      ], 
      "cuboid_centroid": [
        -22.877367414609292, 
        -15.233610022812671, 
        53.5360754521529
      ], 
      "location": [
        -22.877367414609292, 
        -15.233610022812671, 
        53.5360754521529
      ], 
      "pose_transform_permuted": [
        [
          -0.8865682837551591, 
          -0.04566725496450526, 
          -0.46033811493665966, 
          0.0
        ], 
        [
          -0.20288976615581927, 
          -0.8559127495270544, 
          0.47565650209607624, 
          0.0
        ], 
        [
          0.4157311884242838, 
          -0.5150998612124105, 
          -0.7495596787116333, 
          0.0
        ], 
        [
          -22.877367414609292, 
          -15.233610022812671, 
          53.5360754521529, 
          1.0
        ]
      ], 
      "projected_cuboid": [
        [
          225.0298267706389, 
          69.13455604152028
        ], 
        [
          222.95593055577785, 
          126.77047694732212
        ], 
        [
          220.05411243211486, 
          164.34338559242175
        ], 
        [
          222.17775653241253, 
          108.16898568199038
        ], 
        [
          282.21140148651375, 
          80.50932647969033
        ], 
        [
          284.39106054174295, 
          136.23610899830044
        ], 
        [
          277.31647969966224, 
          171.48781313815687
        ], 
        [
          275.7275765955357, 
          117.18386249167574
        ]
      ], 
      "projected_cuboid_centroid": [
        251.79641758978474, 
        121.53125000147716
      ], 
      "quaternion_xyzw": [
        -0.4307982380327332, 
        0.7379579497344158, 
        0.23845953011294632, 
        -0.46148455557037077
      ], 
      "visibility": 0.9208333333333333
    }
  ]
}