{
  "camera_data": {
    "location_worldframe": [
      -22.147871466079387, 
      -2.8160950649561034, 
      95.65972010820644
    ], 
    "quaternion_xyzw_worldframe": [
      0.9525979150497206, 
      0.03906264019624901, 
      -0.06725686510350513, 
      -0.294126656624459
    ]
  }, 
  "objects": [
    {
      "bounding_box": {
        "bottom_right": [
          412, 
          367
        ], 
        "top_left": [
          261, 
          210
        ]
      }, 
      "class": "003_cracker_box", 
      "cuboid": [
        [
          -23.77176966790388, 
          18.060677234872667, 
          79.6460224772496
        ], 
        [
          -37.571521489935705, 
          9.766405836075938, 
          76.50754716261223
        ], 
        [
          -33.51842017203369, 
          -3.204695759416766, 
          92.96587150783715
        ], 
        [
          -19.718668350001867, 
          5.089575639379963, 
          96.10434682247453
        ], 
        [
          -27.406117781452856, 
          22.457518445001938, 
          84.00626314691391
        ], 
        [
          -41.20586960348468, 
          14.163247046205207, 
          80.86778783227653
        ], 
        [
          -37.15276828558267, 
          1.1921454507125062, 
          97.32611217750146
        ], 
        [
          -23.35301646355084, 
          9.486416849509235, 
          100.46458749213882
        ]
      ], 
      "cuboid_centroid": [
        -30.462268976743275, 
        9.626411342792586, 
        88.48606732737552
      ], 
      "location": [
        -30.462268976743275, 
        9.626411342792586, 
        88.48606732737552
      ], 
      "pose_transform_permuted": [
        [
          0.5061766295877368, 
          -0.6123734422353955, 
          -0.607275873803638, 
          0.0
        ], 
        [
          0.841263578680735, 
          0.5056372411249374, 
          0.19132843900697347, 
          0.0
        ], 
        [
          -0.18989684263958184, 
          0.6077250592433515, 
          -0.7711092280106516, 
          0.0
        ], 
        [
          -30.462268976743275, 
          9.626411342792586, 
          88.48606732737552, 
          1.0
        ]
      ], 
      "projected_cuboid": [
        [
          321.0918490069203, 
          394.2230587906475
        ], 
        [
          217.51054297591455, 
          341.366298511539
        ], 
        [
          287.70870974341506, 
          254.90208163329677
        ], 
        [
          371.2587684069219, 
          301.5305295204045
        ], 
        [
          306.1574833009778, 
          415.8596501219047
        ], 
        [
          207.58148650267884, 
          366.6925431846256
        ], 
        [
          276.3138054457355, 
          279.81915806281506
        ], 
        [
          356.5936995060955, 
          323.6454953639445
        ]
      ], 
      "projected_cuboid_centroid": [
        296.46609140261194, 
        331.3064482321398
      ], 
      "quaternion_xyzw": [
        0.8741087620725072, 
        0.19892664218220724, 
        0.19949035487898822, 
        0.3956837896710407
      ], 
      "visibility": 0.8792518289463761
    }, 
    {
      "bounding_box": {
        "bottom_right": [
          374, 
          289
        ], 
        "top_left": [
          274, 
          185
        ]
      }, 
      "class": "004_sugar_box", 
      "cuboid": [
        [
          -37.413579273846274, 
          13.804410225997854, 
          84.13592903954938
        ], 
        [
          -45.836786677271164, 
          10.110680550031445, 
          82.99742999701199
        ], 
        [
          -43.1313997479409, 
          -0.3506071802146876, 
          96.92198782171366
        ], 
        [
          -34.708192344516014, 
          3.3431224957517216, 
          98.06048686425105
        ], 
        [
          -39.16382677591727, 
          16.960122613456395, 
          86.8468138212269
        ], 
        [
          -47.587034179342155, 
          13.266392937489988, 
          85.70831477868951
        ], 
        [
          -44.881647250011895, 
          2.8051052072438547, 
          99.63287260339118
        ], 
        [
          -36.458439846587005, 
          6.498834883210264, 
          100.77137164592855
        ]
      ], 
      "cuboid_centroid": [
        -41.14761326192908, 
        8.304757716620854, 
        91.88440082147028
      ], 
      "location": [
        -41.14761326192908, 
        8.304757716620854, 
        91.88440082147028
      ], 
      "pose_transform_permuted": [
        [
          0.38778913278089877, 
          -0.6991873826932918, 
          -0.6006302864662054, 
          0.0
        ], 
        [
          0.9088778473525987, 
          0.39855946978460266, 
          0.12284590767332107, 
          0.0
        ], 
        [
          -0.1534945228267829, 
          0.5935381556328144, 
          -0.790032411151495, 
          0.0
        ], 
        [
          -41.14761326192908, 
          8.304757716620854, 
          91.88440082147028, 
          1.0
        ]
      ], 
      "projected_cuboid": [
        [
          242.46407394162918, 
          360.78972944428784
        ], 
        [
          184.60745666236335, 
          338.2551031130725
        ], 
        [
          242.28589374834414, 
          271.35729901913845
        ], 
        [
          291.2572333168192, 
          291.4687105663277
        ], 
        [
          239.09079956737196, 
          377.43734242383476
        ], 
        [
          183.01933176924422, 
          355.83660526342516
        ], 
        [
          239.3503655643991, 
          288.3018386627044
        ], 
        [
          287.03747568323956, 
          307.6807895868398
        ]
      ], 
      "projected_cuboid_centroid": [
        240.77593260697847, 
        321.48938725909693
      ], 
      "quaternion_xyzw": [
        0.8807732809088299, 
        0.15669582756919753, 
        0.14493941049373077, 
        0.4227023645370261
      ], 
      "visibility": 0.40835789838737646
    }, 
    {
      "bounding_box": {
        "bottom_right": [
          280, 
          259
        ], 
        "top_left": [
          196, 
          162
        ]
      }, 
      "class": "024_bowl", 
      "cuboid": [
        [
          -51.69570753206186, 
          -11.78200238027935, 
          82.1182262841815
        ], 
        [
          -50.22449126368386, 
          1.373376107131083, 
          91.31115187565688
        ], 
        [
          -49.33307586761431, 
          -1.802521258891144, 
          95.71330510227921
        ], 
        [
          -50.80429213599233, 
          -14.957899746301576, 
          86.52037951080382
        ], 
        [
          -35.83114207361187, 
          -11.469074736654381, 
          79.1314852177967
        ], 
        [
          -34.35992580523386, 
          1.6863037507560519, 
          88.32441080927207
        ], 
        [
          -33.468510409164324, 
          -1.489593615266175, 
          92.72656403589438
        ], 
        [
          -34.93972667754233, 
          -14.644972102676606, 
          83.53363844441901
        ]
      ], 
      "cuboid_centroid": [
        -42.58210897061309, 
        -6.6357979977727615, 
        87.42239516003795
      ], 
      "location": [
        -42.58210897061309, 
        -6.6357979977727615, 
        87.42239516003795
      ], 
      "pose_transform_permuted": [
        [
          -0.9825511779874159, 
          -0.0193807656234777, 
          0.18497991393497065, 
          0.0
        ], 
        [
          -0.09128690587408442, 
          -0.8162727829554106, 
          -0.5704081386359815, 
          0.0
        ], 
        [
          -0.16204901558317897, 
          0.5773414325423708, 
          -0.8002605743246669, 
          0.0
        ], 
        [
          -42.58210897061309, 
          -6.6357979977727615, 
          87.42239516003795, 
          1.0
        ]
      ], 
      "projected_cuboid": [
        [
          143.05966217792587, 
          196.76792716016828
        ], 
        [
          185.80708440719224, 
          281.3079938271547
        ], 
        [
          204.41979408870964, 
          263.24279447658313
        ], 
        [
          165.8249883861589, 
          181.08466712836997
        ], 
        [
          238.09476566312736, 
          195.9888335206124
        ], 
        [
          272.3963330417541, 
          283.468760599316
        ], 
        [
          287.49777495129933, 
          264.71909612431404
        ], 
        [
          256.6657941094221, 
          179.7858768968664
        ]
      ], 
      "projected_cuboid_centroid": [
        219.66045702452027, 
        232.8049083520767
      ], 
      "quaternion_xyzw": [
        -0.5703232883052637, 
        0.28677759649105394, 
        0.6807364123417056, 
        -0.35928803748473015
      ], 
      "visibility": 0.6592996108949416
    }, 
    {
      "bounding_box": {
        "bottom_right": [
          255, 
          370
        ], 
        "top_left": [
          180, 
          286
        ]
      }, 
      "class": "025_mug", 
      "cuboid": [
        [
          -17.653513024927204, 
          -9.310864846952626, 
          73.81780151316845
        ], 
        [
          -29.165894886630362, 
          -9.079700043987597, 
          75.88622657288383
        ], 
        [
          -28.24657458310843, 
          -14.752916928721046, 
          81.63698577724936
        ], 
        [
          -16.734192721405275, 
          -14.984081731686077, 
          79.56856071753398
        ], 
        [
          -16.374972610585203, 
          -2.6454554807672346, 
          80.1889472169065
        ], 
        [
          -27.88735447228836, 
          -2.414290677802204, 
          82.25737227662188
        ], 
        [
          -26.96803416876643, 
          -8.087507562535654, 
          88.00813148098742
        ], 
        [
          -15.455652307063271, 
          -8.318672365500683, 
          85.93970642127204
        ]
      ], 
      "cuboid_centroid": [
        -22.31077359684682, 
        -8.69918620474414, 
        80.91296649707793
      ], 
      "location": [
        -22.31077359684682, 
        -8.69918620474414, 
        80.91296649707793
      ], 
      "pose_transform_permuted": [
        [
          -0.13734750446359492, 
          -0.7160331675123343, 
          -0.6844218244229087, 
          0.0
        ], 
        [
          0.9840483382204962, 
          -0.019759363696015657, 
          -0.17680357264013064, 
          0.0
        ], 
        [
          -0.11307336166558303, 
          0.6977869434159145, 
          -0.7073243926798515, 
          0.0
        ], 
        [
          -22.31077359684682, 
          -8.69918620474414, 
          80.91296649707793, 
          1.0
        ]
      ], 
      "projected_cuboid": [
        [
          352.99090773875696, 
          206.01730945728573
        ], 
        [
          274.9143873271857, 
          209.47546103814182
        ], 
        [
          295.5295496673552, 
          176.9084143641287
        ], 
        [
          368.4990485827135, 
          172.85360126269686
        ], 
        [
          371.78304399939134, 
          255.69217786988187
        ], 
        [
          299.2813036874542, 
          257.6333696111955
        ], 
        [
          316.811859333356, 
          224.27713294621088
        ], 
        [
          384.8839893327257, 
          221.66300954210598
        ]
      ], 
      "projected_cuboid_centroid": [
        333.3151339612962, 
        215.94781266341263
      ], 
      "quaternion_xyzw": [
        0.9173681248630944, 
        0.02542981259118125, 
        -0.08561205381716547, 
        0.38789160033345504
      ], 
      "visibility": 0.749408424041647
    }, 
    {
      "bounding_box": {
        "bottom_right": [
          285, 
          320
        ], 
        "top_left": [
          227, 
          270
        ]
      }, 
      "class": "061_foam_brick", 
      "cuboid": [
        [
          -31.68248806776821, 
          -7.927353625454097, 
          89.5102843155551
        ], 
        [
          -32.87383770731715, 
          -3.2157838184140926, 
          83.42543500359191
        ], 
        [
          -34.370714113695584, 
          0.5088281875473739, 
          86.60251822230151
        ], 
        [
          -33.179364474146645, 
          -4.20274161949263, 
          92.68736753426472
        ], 
        [
          -26.720927477967177, 
          -6.227482963286265, 
          89.85509250387923
        ], 
        [
          -27.912277117516116, 
          -1.5159131562462613, 
          83.77024319191604
        ], 
        [
          -29.40915352389455, 
          2.208698849715205, 
          86.94732641062566
        ], 
        [
          -28.21780388434561, 
          -2.5028709573247987, 
          93.03217572258885
        ]
      ], 
      "cuboid_centroid": [
        -30.54582079583138, 
        -2.859327387869446, 
        88.22880536309037
      ], 
      "location": [
        -30.54582079583138, 
        -2.859327387869446, 
        88.22880536309037
      ], 
      "pose_transform_permuted": [
        [
          -0.9439803177682732, 
          -0.3234152679978666, 
          -0.06560277503259727, 
          0.0
        ], 
        [
          0.1529842662396191, 
          -0.6050247768066335, 
          0.7813711241997675, 
          0.0
        ], 
        [
          0.2923986558608551, 
          -0.7275627697154049, 
          -0.6206089285329478, 
          0.0
        ], 
        [
          -30.54582079583138, 
          -2.859327387869446, 
          88.22880536309037, 
          1.0
        ]
      ], 
      "projected_cuboid": [
        [
          291.2535548520916, 
          226.0538321141081
        ], 
        [
          269.6908675191287, 
          252.72877300806383
        ], 
        [
          268.16986517173865, 
          276.4200269660387
        ], 
        [
          289.0932919067898, 
          249.10412274717774
        ], 
        [
          321.6778823299926, 
          236.3243745064842
        ], 
        [
          302.4138923857237, 
          263.63554328680686
        ], 
        [
          299.703212064606, 
          286.8343076312764
        ], 
        [
          318.4866239987062, 
          258.93849027295283
        ]
      ], 
      "projected_cuboid_centroid": [
        295.41701995110867, 
        256.00266697839083
      ], 
      "quaternion_xyzw": [
        0.35036562030142565, 
        -0.6403478114486654, 
        -0.11602821748650043, 
        0.6735993358299922
      ], 
      "visibility": 0.640724424865394
    }
  ]
}