{
  "camera_data": {
    "location_worldframe": [
      -21.44738988107379, 
      -19.32857486519664, 
      64.9679656293695
    ], 
    "quaternion_xyzw_worldframe": [
      0.8923365676238683, 
      0.005425272612512047, 
      0.10024108408959882, 
      -0.44007305923326007
    ]
  }, 
  "objects": [
    {
      "bounding_box": {
        "bottom_right": [
          345, 
          333
        ], 
        "top_left": [
          135, 
          149
        ]
      }, 
      "class": "003_cracker_box", 
      "cuboid": [
        [
          -15.499114158136246, 
          5.110271761654897, 
          57.076344967846396
        ], 
        [
          -28.655929226609377, 
          1.2879058154133234, 
          48.056042782544225
        ], 
        [
          -31.432773563191844, 
          -16.437200814864987, 
          59.617326345455766
        ], 
        [
          -18.275958494718708, 
          -12.614834868623412, 
          68.63762853075795
        ], 
        [
          -19.684255932353572, 
          8.743355657153371, 
          61.64117653899043
        ], 
        [
          -32.84107100082671, 
          4.920989710911797, 
          52.62087435368825
        ], 
        [
          -35.61791533740917, 
          -12.804116919366512, 
          64.1821579165998
        ], 
        [
          -22.461100268936036, 
          -8.981750973124939, 
          73.20246010190196
        ]
      ], 
      "cuboid_centroid": [
        -25.55851474777271, 
        -3.8469225788558075, 
        60.6292514422231
      ], 
      "location": [
        -25.55851474777271, 
        -3.8469225788558075, 
        60.6292514422231
      ], 
      "pose_transform_permuted": [
        [
          0.5828888404285278, 
          -0.5060005546461317, 
          -0.6357704290085322, 
          0.0
        ], 
        [
          0.8020687235022075, 
          0.23301993372291707, 
          0.5498976934551608, 
          0.0
        ], 
        [
          0.1301013546563809, 
          0.830460805327725, 
          -0.5416719379209153, 
          0.0
        ], 
        [
          -25.55851474777271, 
          -3.8469225788558075, 
          60.6292514422231, 
          1.0
        ]
      ], 
      "projected_cuboid": [
        [
          335.56694213692185, 
          321.03675757507614
        ], 
        [
          160.92714408317684, 
          287.5795457463073
        ], 
        [
          198.06515582686472, 
          126.24403164212855
        ], 
        [
          338.40807670771306, 
          175.26831360627023
        ], 
        [
          309.86957860860286, 
          348.93406868099254
        ], 
        [
          145.97462822771521, 
          323.16142534595934
        ], 
        [
          183.16470284051337, 
          166.89113901113964
        ], 
        [
          316.5920746170832, 
          207.8496158005978
        ]
      ], 
      "projected_cuboid_centroid": [
        254.90039623137943, 
        239.44744055826877
      ], 
      "quaternion_xyzw": [
        0.9039220040797856, 
        0.028464452298434133, 
        0.3132976431514389, 
        0.28975743699081724
      ], 
      "visibility": 0.9457317073170731
    }, 
    {
      "bounding_box": {
        "bottom_right": [
          318, 
          209
        ], 
        "top_left": [
          166, 
          89
        ]
      }, 
      "class": "004_sugar_box", 
      "cuboid": [
        [
          -30.285986593761084, 
          2.817566626427141, 
          56.39425911782824
        ], 
        [
          -38.37577334985297, 
          1.536632702508687, 
          52.057808902087224
        ], 
        [
          -41.34363273607064, 
          -12.823836134095624, 
          61.83634230349286
        ], 
        [
          -33.25384597997875, 
          -11.542902210177166, 
          66.1727925192339
        ], 
        [
          -32.352756605846075, 
          5.35895749473055, 
          59.49918704968851
        ], 
        [
          -40.44254336193796, 
          4.078023570812094, 
          55.16273683394748
        ], 
        [
          -43.41040274815563, 
          -10.282445265792212, 
          64.94127023535313
        ], 
        [
          -35.32061599206374, 
          -9.001511341873758, 
          69.27772045109415
        ]
      ], 
      "cuboid_centroid": [
        -36.84819467095836, 
        -3.732439319682536, 
        60.667764676590686
      ], 
      "location": [
        -36.84819467095836, 
        -3.732439319682536, 
        60.667764676590686
      ], 
      "pose_transform_permuted": [
        [
          0.4579186370474241, 
          -0.5630767989730292, 
          -0.6879354540535396, 
          0.0
        ], 
        [
          0.8729012144980274, 
          0.13821486419752074, 
          0.46791006661332807, 
          0.0
        ], 
        [
          0.168386324102351, 
          0.8147645306282087, 
          -0.5548009795279405, 
          0.0
        ], 
        [
          -36.84819467095836, 
          -3.732439319682536, 
          60.667764676590686, 
          1.0
        ]
      ], 
      "projected_cuboid": [
        [
          192.79615054091855, 
          299.9322193374655
        ], 
        [
          85.17027935432479, 
          289.02896605654826
        ], 
        [
          122.04931410860367, 
          162.68486448457602
        ], 
        [
          211.35425265331722, 
          180.25652427107772
        ], 
        [
          189.18721876371492, 
          321.3214291965842
        ], 
        [
          87.33554659144887, 
          312.71333142525094
        ], 
        [
          122.12531079992426, 
          188.8436343662378
        ], 
        [
          207.42297323622427, 
          203.9903451289664
        ]
      ], 
      "projected_cuboid_centroid": [
        154.9716639635341, 
        240.4753244350629
      ], 
      "quaternion_xyzw": [
        0.918640462746413, 
        -0.008210900000699989, 
        0.2519562171507362, 
        0.30422070000022283
      ], 
      "visibility": 0.6065657300917164
    }, 
    {
      "bounding_box": {
        "bottom_right": [
          184, 
          166
        ], 
        "top_left": [
          41, 
          0
        ]
      }, 
      "class": "024_bowl", 
      "cuboid": [
        [
          -46.44366461064501, 
          -17.34596425086721, 
          42.427133343532766
        ], 
        [
          -46.13918772530952, 
          -8.052877741555713, 
          55.59087818846626
        ], 
        [
          -47.0265392597905, 
          -12.478225839950733, 
          58.73552442942944
        ], 
        [
          -47.33101614512599, 
          -21.771312349262224, 
          45.571779584495935
        ], 
        [
          -30.51174128264375, 
          -19.64773101002811, 
          43.6835854716817
        ], 
        [
          -30.207264397308265, 
          -10.354644500716617, 
          56.8473303166152
        ], 
        [
          -31.09461593178925, 
          -14.779992599111635, 
          59.991976557578376
        ], 
        [
          -31.399092817124735, 
          -24.07307910842313, 
          46.82823171264487
        ]
      ], 
      "cuboid_centroid": [
        -38.769140271217125, 
        -16.06297842498942, 
        51.20955495055557
      ], 
      "location": [
        -38.769140271217125, 
        -16.06297842498942, 
        51.20955495055557
      ], 
      "pose_transform_permuted": [
        [
          -0.9867228998191706, 
          0.14255692326329786, 
          -0.07781672443728872, 
          0.0
        ], 
        [
          -0.01889236366526717, 
          -0.5766229830985485, 
          -0.8167919037047748, 
          0.0
        ], 
        [
          0.16131025251851172, 
          0.8044771339150871, 
          -0.5716603392226723, 
          0.0
        ], 
        [
          -38.769140271217125, 
          -16.06297842498942, 
          51.20955495055557, 
          1.0
        ]
      ], 
      "projected_cuboid": [
        [
          -107.07649227658806, 
          55.24346754655241
        ], 
        [
          35.26494088851469, 
          196.0300250352926
        ], 
        [
          51.036842677131396, 
          159.9840303708366
        ], 
        [
          -76.92659714264313, 
          18.50019140769831
        ], 
        [
          105.98420659826023, 
          33.41337740216527
        ], 
        [
          195.84257931920774, 
          176.14328326304226
        ], 
        [
          202.86703625347087, 
          141.89464285583472
        ], 
        [
          121.01752782307034, 
          -0.8780854989650302
        ]
      ], 
      "projected_cuboid_centroid": [
        74.47287791127664, 
        105.9993790445167
      ], 
      "quaternion_xyzw": [
        0.6825323242688051, 
        -0.27029241303978024, 
        -0.6605968462578113, 
        0.1571732944732954
      ], 
      "visibility": 0.6895789733587036
    }, 
    {
      "bounding_box": {
        "bottom_right": [
          121, 
          350
        ], 
        "top_left": [
          0, 
          217
        ]
      }, 
      "class": "025_mug", 
      "cuboid": [
        [
          -11.45825706644161, 
          -20.061617161700724, 
          44.0123871802237
        ], 
        [
          -22.931256375087507, 
          -17.935555780877465, 
          43.165684521527616
        ], 
        [
          -24.516743605418544, 
          -25.08444638169142, 
          46.698581985131426
        ], 
        [
          -13.043744296772653, 
          -27.21050776251468, 
          47.54528464382751
        ], 
        [
          -11.31554943631976, 
          -15.963380768613773, 
          52.36929678766112
        ], 
        [
          -22.788548744965652, 
          -13.837319387790512, 
          51.52259412896504
        ], 
        [
          -24.374035975296696, 
          -20.98620998860447, 
          55.05549159256885
        ], 
        [
          -12.9010366666508, 
          -23.112271369427727, 
          55.90219425126494
        ]
      ], 
      "cuboid_centroid": [
        -17.91614652086915, 
        -20.523913575152598, 
        49.53393938639628
      ], 
      "location": [
        -17.91614652086915, 
        -20.523913575152598, 
        49.53393938639628
      ], 
      "pose_transform_permuted": [
        [
          -0.015330400701676105, 
          -0.440254007599802, 
          -0.8977429784259772, 
          0.0
        ], 
        [
          0.9806820204283633, 
          -0.18173017485752396, 
          0.0723739321945573, 
          0.0
        ], 
        [
          0.19500969392775858, 
          0.8792899377036788, 
          -0.4345347221192597, 
          0.0
        ], 
        [
          -17.91614652086915, 
          -20.523913575152598, 
          49.53393938639628, 
          1.0
        ]
      ], 
      "projected_cuboid": [
        [
          341.594702676438, 
          30.190128359171748
        ], 
        [
          195.9163322159687, 
          51.68960886914615
        ], 
        [
          199.27109719766673, 
          -13.189537301152479
        ], 
        [
          334.0649553914034, 
          -31.936088541708703
        ], 
        [
          365.4012119507649, 
          110.71831385501778
        ], 
        [
          243.7429443076347, 
          130.05397112677642
        ], 
        [
          243.51946525664758, 
          69.99425160440559
        ], 
        [
          357.49257902289764, 
          52.7902390798466
        ]
      ], 
      "projected_cuboid_centroid": [
        287.0908566660864, 
        52.310674391084866
      ], 
      "quaternion_xyzw": [
        0.9692413188362868, 
        -0.09717390846420287, 
        0.014713449164902019, 
        0.22563749417156784
      ], 
      "visibility": 0.7728959777574224
    }, 
    {
      "bounding_box": {
        "bottom_right": [
          172, 
          251
        ], 
        "top_left": [
          80, 
          188
        ]
      }, 
      "class": "061_foam_brick", 
      "cuboid": [
        [
          -29.26105598488237, 
          -20.24345662936808, 
          55.32643177594758
        ], 
        [
          -27.954887151858664, 
          -13.835508663252583, 
          51.0984628779119
        ], 
        [
          -29.849808263813298, 
          -10.953352521950332, 
          54.88127681810949
        ], 
        [
          -31.155977096837006, 
          -17.36130048806583, 
          59.109245716145175
        ], 
        [
          -24.458629570130856, 
          -19.838614211299728, 
          57.42365364988714
        ], 
        [
          -23.152460737107152, 
          -13.43066624518423, 
          53.19568475185146
        ], 
        [
          -25.04738184906179, 
          -10.54851010388198, 
          56.97849869204905
        ], 
        [
          -26.35355068208549, 
          -16.956458069997478, 
          61.206467590084735
        ]
      ], 
      "cuboid_centroid": [
        -27.154218916972077, 
        -15.39598336662503, 
        56.15246523399831
      ], 
      "location": [
        -27.154218916972077, 
        -15.39598336662503, 
        56.15246523399831
      ], 
      "pose_transform_permuted": [
        [
          -0.9137036484800193, 
          -0.07702481256397707, 
          -0.3990148130129817, 
          0.0
        ], 
        [
          -0.16772849369463616, 
          -0.8228610519989759, 
          0.5429243423406865, 
          0.0
        ], 
        [
          0.37015239450424864, 
          -0.5629981059938148, 
          -0.7389318896151035, 
          0.0
        ], 
        [
          -27.154218916972077, 
          -15.39598336662503, 
          56.15246523399831, 
          1.0
        ]
      ], 
      "projected_cuboid": [
        [
          197.18431144788445, 
          78.14957532245442
        ], 
        [
          187.39776082001268, 
          128.884000259773
        ], 
        [
          189.10837798059796, 
          166.8451842080194
        ], 
        [
          198.1462616993117, 
          116.64232052570118
        ], 
        [
          252.54562301143883, 
          89.03630677232587
        ], 
        [
          247.5449957658862, 
          138.63581664932343
        ], 
        [
          245.19946283740362, 
          174.55232874780413
        ], 
        [
          250.05305329848545, 
          125.53726399106658
        ]
      ], 
      "projected_cuboid_centroid": [
        221.54505170430517, 
        127.06002063475097
      ], 
      "quaternion_xyzw": [
        -0.40874448415988757, 
        0.7296816793474796, 
        0.22677939428431276, 
        -0.499062821518042
      ], 
      "visibility": 0.8729541734860884
    }
  ]
}