{
  "camera_data": {
    "location_worldframe": [
      -8.397018964529245, 
      -5.697785787948907, 
      76.8435721958834
    ], 
    "quaternion_xyzw_worldframe": [
      -0.8224512717372545, 
      -0.09406034463883403, 
      -0.20178463896035087, 
      0.5234617210489464
    ]
  }, 
  "objects": [
    {
      "bounding_box": {
        "bottom_right": [
          430, 
          450
        ], 
        "top_left": [
          261, 
          320
        ]
      }, 
      "class": "003_cracker_box", 
      "cuboid": [
        [
          -3.362114402691238, 
          20.1385736495037, 
          75.4126612675208
        ], 
        [
          -13.21202780614667, 
          17.457478109775508, 
          62.57252698713126
        ], 
        [
          -16.906332088493293, 
          -2.373269424530347, 
          69.5472753873571
        ], 
        [
          -7.056418685037863, 
          0.30782611519784564, 
          82.38740966774667
        ], 
        [
          -8.967453896588593, 
          22.520248703008917, 
          79.21531700168978
        ], 
        [
          -18.817367300044026, 
          19.839153163280727, 
          66.37518272130023
        ], 
        [
          -22.51167158239065, 
          0.008405628974869628, 
          73.3499311215261
        ], 
        [
          -12.661758178935218, 
          2.689501168703062, 
          86.19006540191563
        ]
      ], 
      "cuboid_centroid": [
        -12.936892992540944, 
        10.073489639239286, 
        74.38129619452344
      ], 
      "location": [
        -12.936892992540944, 
        10.073489639239286, 
        74.38129619452344
      ], 
      "pose_transform_permuted": [
        [
          0.7806879704611873, 
          -0.3317096254104383, 
          -0.5296178029364752, 
          0.0
        ], 
        [
          0.6004726393888291, 
          0.16344555015371312, 
          0.7827631579733191, 
          0.0
        ], 
        [
          0.1730864007442684, 
          0.9291147811465582, 
          -0.32678252911130024, 
          0.0
        ], 
        [
          -12.936892992540944, 
          10.073489639239286, 
          74.38129619452344, 
          1.0
        ]
      ], 
      "projected_cuboid": [
        [
          457.62199490794484, 
          415.70686268413107
        ], 
        [
          368.04958271144494, 
          422.0805119029241
        ], 
        [
          350.87135742112423, 
          255.0872475966758
        ], 
        [
          435.53799189169047, 
          275.2791931226586
        ], 
        [
          420.7202813895195, 
          424.90481214605217
        ], 
        [
          329.140945755234, 
          432.6926361903972
        ], 
        [
          316.5530564764161, 
          273.3476544197553
        ], 
        [
          402.59680475689873, 
          289.92840541177543
        ]
      ], 
      "projected_cuboid_centroid": [
        388.0655509715639, 
        345.5142292202107
      ], 
      "quaternion_xyzw": [
        0.8745291909753303, 
        -0.0027560116603435477, 
        0.44694080671305175, 
        0.18824190241933106
      ], 
      "visibility": 0.8234841827768014
    }, 
    {
      "bounding_box": {
        "bottom_right": [
          415, 
          346
        ], 
        "top_left": [
          277, 
          258
        ]
      }, 
      "class": "004_sugar_box", 
      "cuboid": [
        [
          -17.112995484213997, 
          17.168711638949436, 
          70.2681003990425
        ], 
        [
          -23.602990327090062, 
          16.320465046163328, 
          63.70679819541294
        ], 
        [
          -27.391881401319907, 
          0.12855437158777044, 
          69.54780009235128
        ], 
        [
          -20.901886558443838, 
          0.9768009643738764, 
          76.10910229598083
        ], 
        [
          -20.185407375091394, 
          18.903055849833507, 
          73.08290387732724
        ], 
        [
          -26.67540221796746, 
          18.0548092570474, 
          66.52160167369769
        ], 
        [
          -30.464293292197297, 
          1.8628985824718378, 
          72.36260357063603
        ], 
        [
          -23.974298449321235, 
          2.711145175257944, 
          78.92390577426558
        ]
      ], 
      "cuboid_centroid": [
        -23.788644388205647, 
        9.515805110710637, 
        71.31535198483925
      ], 
      "location": [
        -23.788644388205647, 
        9.515805110710637, 
        71.31535198483925
      ], 
      "pose_transform_permuted": [
        [
          0.6807311201983027, 
          -0.3842655605487194, 
          -0.623654767969167, 
          0.0
        ], 
        [
          0.700281052052011, 
          0.09152719390028817, 
          0.7079752328358863, 
          0.0
        ], 
        [
          0.2149688908364537, 
          0.9186743588145952, 
          -0.33139873238865414, 
          0.0
        ], 
        [
          -23.788644388205647, 
          9.515805110710637, 
          71.31535198483925, 
          1.0
        ]
      ], 
      "projected_cuboid": [
        [
          350.63076780401747, 
          403.5933213279631
        ], 
        [
          282.3586946956003, 
          409.91283002770206
        ], 
        [
          269.7949965883828, 
          274.27234290666627
        ], 
        [
          333.9106274459463, 
          280.1312788527063
        ], 
        [
          333.0673145970556, 
          411.2308359175995
        ], 
        [
          265.9517582093644, 
          418.0362599504765
        ], 
        [
          255.20111383152656, 
          287.01628575818825
        ], 
        [
          318.24333068572685, 
          291.6068022993283
        ]
      ], 
      "projected_cuboid_centroid": [
        302.2152581900261, 
        344.44884839477976
      ], 
      "quaternion_xyzw": [
        0.9003624518542205, 
        -0.03427555666108349, 
        0.3855964756677341, 
        0.19871560932586746
      ], 
      "visibility": 0.6109455701231625
    }, 
    {
      "bounding_box": {
        "bottom_right": [
          312, 
          361
        ], 
        "top_left": [
          226, 
          204
        ]
      }, 
      "class": "024_bowl", 
      "cuboid": [
        [
          -26.735764650959755, 
          -0.6603103385526637, 
          49.00218149695262
        ], 
        [
          -30.899856476160913, 
          5.7759857589107, 
          63.17866812809064
        ], 
        [
          -32.075457519800295, 
          0.7612643504270821, 
          65.11010021336003
        ], 
        [
          -27.911365694599134, 
          -5.675031747036282, 
          50.933613582222
        ], 
        [
          -11.524189078282278, 
          -2.2308224930174156, 
          54.1833438436292
        ], 
        [
          -15.688280903483436, 
          4.205473604445949, 
          68.35983047476722
        ], 
        [
          -16.863881947122813, 
          -0.80924780403767, 
          70.2912625600366
        ], 
        [
          -12.699790121921655, 
          -7.2455439015010334, 
          56.11477592889859
        ]
      ], 
      "cuboid_centroid": [
        -21.799823299041286, 
        -0.7347790712951668, 
        59.646722028494615
      ], 
      "location": [
        -21.799823299041286, 
        -0.7347790712951668, 
        59.646722028494615
      ], 
      "pose_transform_permuted": [
        [
          -0.9421091007581327, 
          0.097267622706362, 
          -0.3208885349178985, 
          0.0
        ], 
        [
          0.2583760570546616, 
          -0.39936314507631065, 
          -0.879631111032144, 
          0.0
        ], 
        [
          0.21371068155239403, 
          0.911618389419504, 
          -0.3511120286498325, 
          0.0
        ], 
        [
          -21.799823299041286, 
          -0.7347790712951668, 
          59.646722028494615, 
          1.0
        ]
      ], 
      "projected_cuboid": [
        [
          188.19110676685287, 
          266.09999191832986
        ], 
        [
          218.58375366689845, 
          322.0442343465964
        ], 
        [
          216.67616046844194, 
          279.5220864558257
        ], 
        [
          186.90507488472312, 
          213.8639807947836
        ], 
        [
          367.2206984102047, 
          251.32884327845784
        ], 
        [
          358.182588511645, 
          306.09617800224026
        ], 
        [
          352.579769062118, 
          267.146547237025
        ], 
        [
          359.8913320954824, 
          204.4242750670655
        ]
      ], 
      "projected_cuboid_centroid": [
        285.0538196731005, 
        266.71665359049064
      ], 
      "quaternion_xyzw": [
        0.7891265711836193, 
        -0.19422544146154797, 
        -0.5771381544844665, 
        0.08041942041145772
      ], 
      "visibility": 0.7625211590162302
    }, 
    {
      "bounding_box": {
        "bottom_right": [
          287, 
          521
        ], 
        "top_left": [
          201, 
          425
        ]
      }, 
      "class": "025_mug", 
      "cuboid": [
        [
          6.7124695561956464, 
          -1.5849237843818722, 
          59.69016736408307
        ], 
        [
          -4.309048804692354, 
          -0.007693762168205914, 
          56.09778180555837
        ], 
        [
          -5.951898918800978, 
          -7.804325405449666, 
          57.71498605667901
        ], 
        [
          5.069619442087024, 
          -9.381555427663333, 
          61.30737161520371
        ], 
        [
          4.220978566135547, 
          0.7370601068251701, 
          68.35357943113965
        ], 
        [
          -6.8005397947524555, 
          2.3142901290388367, 
          64.76119387261495
        ], 
        [
          -8.443389908861079, 
          -5.4823415142426235, 
          66.3783981237356
        ], 
        [
          2.578128452026923, 
          -7.059571536456291, 
          69.97078368226029
        ]
      ], 
      "cuboid_centroid": [
        -0.8654601763327158, 
        -3.5336326493122483, 
        63.03428274390933
      ], 
      "location": [
        -0.8654601763327158, 
        -3.5336326493122483, 
        63.03428274390933
      ], 
      "pose_transform_permuted": [
        [
          0.267649005099615, 
          -0.24943966517169947, 
          -0.9306690771776622, 
          0.0
        ], 
        [
          0.9420906080068124, 
          -0.13481750353625077, 
          0.30706773642327334, 
          0.0
        ], 
        [
          0.20206513921566815, 
          0.9589599470355489, 
          -0.19891078275279395, 
          0.0
        ], 
        [
          -0.8654601763327158, 
          -3.5336326493122483, 
          63.03428274390933, 
          1.0
        ]
      ], 
      "projected_cuboid": [
        [
          542.0714279140302, 
          259.1255642503884
        ], 
        [
          440.28970679114747, 
          273.2133936627029
        ], 
        [
          426.13977291879127, 
          201.1700937692006
        ], 
        [
          526.0657659131996, 
          191.6753532517737
        ], 
        [
          514.8051382686908, 
          279.0373500415423
        ], 
        [
          425.12674506417676, 
          292.34511570598846
        ], 
        [
          413.1930188464258, 
          229.23847153476652
        ], 
        [
          501.41140649399387, 
          219.47825470870853
        ]
      ], 
      "projected_cuboid_centroid": [
        474.21357363020644, 
        243.38922798478504
      ], 
      "quaternion_xyzw": [
        0.9787389376411904, 
        -0.08605017890772357, 
        0.14680031605465302, 
        0.11452248160399145
      ], 
      "visibility": 0.8663579225934502
    }, 
    {
      "bounding_box": {
        "bottom_right": [
          305, 
          417
        ], 
        "top_left": [
          233, 
          356
        ]
      }, 
      "class": "061_foam_brick", 
      "cuboid": [
        [
          -13.28413548800054, 
          -5.097637645890683, 
          65.4153488466209
        ], 
        [
          -11.646042943147735, 
          2.0990740244076656, 
          62.93188571851681
        ], 
        [
          -14.767759194888432, 
          4.039291096975161, 
          66.49526567362496
        ], 
        [
          -16.405851739741237, 
          -3.157420573323186, 
          68.97872880172906
        ], 
        [
          -9.267836201625586, 
          -4.845092368298793, 
          68.79633943609778
        ], 
        [
          -7.629743656772783, 
          2.3516193019995546, 
          66.31287630799368
        ], 
        [
          -10.75145990851348, 
          4.29183637456705, 
          69.87625626310184
        ], 
        [
          -12.389552453366285, 
          -2.904875295731297, 
          72.35971939120593
        ]
      ], 
      "cuboid_centroid": [
        -12.01779769825701, 
        -0.4029006356618158, 
        67.64580255486136
      ], 
      "location": [
        -12.01779769825701, 
        -0.4029006356618158, 
        67.64580255486136
      ], 
      "pose_transform_permuted": [
        [
          -0.7641360833924139, 
          -0.04804894892992291, 
          -0.6432630446127242, 
          0.0
        ], 
        [
          -0.2103516698101982, 
          -0.9241482245594547, 
          0.3189078770611804, 
          0.0
        ], 
        [
          0.6097935889018212, 
          -0.37900047170199835, 
          -0.6960678281488806, 
          0.0
        ], 
        [
          -12.01779769825701, 
          -0.4029006356618158, 
          67.64580255486136, 
          1.0
        ]
      ], 
      "projected_cuboid": [
        [
          372.3913521083844, 
          231.72641436521167
        ], 
        [
          382.07958645921457, 
          291.0752514604767
        ], 
        [
          362.1664684672298, 
          305.6833262688784
        ], 
        [
          353.69565803597055, 
          248.87445829668314
        ], 
        [
          409.1526792860252, 
          235.72665233247616
        ], 
        [
          419.723691985138, 
          292.1993750614405
        ], 
        [
          398.85439531252337, 
          306.043307000435
        ], 
        [
          389.5202125003434, 
          251.8764648783622
        ]
      ], 
      "projected_cuboid_centroid": [
        386.05915054225085, 
        270.1100689182398
      ], 
      "quaternion_xyzw": [
        -0.5133008141189063, 
        0.7470969124091132, 
        0.21684565564905586, 
        -0.3624174931205295
      ], 
      "visibility": 0.9850543478260869
    }
  ]
}