{
  "camera_data": {
    "location_worldframe": [
      -10.707838328152716, 
      -16.515072086052754, 
      64.46445959728696
    ], 
    "quaternion_xyzw_worldframe": [
      -0.840066446647453, 
      -0.042465412920519065, 
      -0.1707075112686899, 
      0.513173236238752
    ]
  }, 
  "objects": [
    {
      "bounding_box": {
        "bottom_right": [
          365, 
          435
        ], 
        "top_left": [
          164, 
          271
        ]
      }, 
      "class": "003_cracker_box", 
      "cuboid": [
        [
          -4.358162186614151, 
          8.939195897913288, 
          61.88041686124104
        ], 
        [
          -15.708857844721793, 
          6.643423592102395, 
          50.2627900259513
        ], 
        [
          -19.76317028815686, 
          -12.804202265025125, 
          58.06701620659142
        ], 
        [
          -8.412474630049218, 
          -10.508429959214231, 
          69.68464304188116
        ], 
        [
          -9.358989136176914, 
          11.721771676648634, 
          66.21647490871513
        ], 
        [
          -20.70968479428456, 
          9.425999370837742, 
          54.59884807342539
        ], 
        [
          -24.763997237719625, 
          -10.021626486289778, 
          62.4030742540655
        ], 
        [
          -13.413301579611984, 
          -7.725854180478884, 
          74.02070108935524
        ]
      ], 
      "cuboid_centroid": [
        -14.561079712166888, 
        -0.5412152941882451, 
        62.14174555765327
      ], 
      "location": [
        -14.561079712166888, 
        -0.5412152941882451, 
        62.14174555765327
      ], 
      "pose_transform_permuted": [
        [
          0.6964940207693437, 
          -0.38754538234845703, 
          -0.6039078204932781, 
          0.0
        ], 
        [
          0.6919636652168116, 
          0.13995538838163177, 
          0.7082363837608624, 
          0.0
        ], 
        [
          0.18995358657385053, 
          0.911164675502368, 
          -0.3656454143899468, 
          0.0
        ], 
        [
          -14.561079712166888, 
          -0.5412152941882451, 
          62.14174555765327, 
          1.0
        ]
      ], 
      "projected_cuboid": [
        [
          443.72300608980856, 
          350.32946160702625
        ], 
        [
          313.5272403943684, 
          343.7774100388772
        ], 
        [
          298.56851772335017, 
          155.68566469862532
        ], 
        [
          416.67708158268226, 
          192.86205360453985
        ], 
        [
          405.5898879993645, 
          367.69582801440254
        ], 
        [
          277.619811413455, 
          365.35936062901527
        ], 
        [
          268.19113019111495, 
          187.63803870070046
        ], 
        [
          384.1487763493951, 
          217.6217135399577
        ]
      ], 
      "projected_cuboid_centroid": [
        355.5879803726839, 
        268.64166177926086
      ], 
      "quaternion_xyzw": [
        0.8954099844781241, 
        -0.013959582498222711, 
        0.3922031328891568, 
        0.21029215940041968
      ], 
      "visibility": 0.90268689453482
    }, 
    {
      "bounding_box": {
        "bottom_right": [
          348, 
          304
        ], 
        "top_left": [
          189, 
          201
        ]
      }, 
      "class": "004_sugar_box", 
      "cuboid": [
        [
          -18.744177960902697, 
          6.723636313321841, 
          58.343832164560375
        ], 
        [
          -25.959052353289657, 
          6.159818884280015, 
          52.55436419600983
        ], 
        [
          -30.019640789755414, 
          -9.66981187292737, 
          59.15628676947009
        ], 
        [
          -22.80476639736846, 
          -9.105994443885544, 
          64.94575473802064
        ], 
        [
          -21.379269275395888, 
          8.689322101238785, 
          61.436267521663204
        ], 
        [
          -28.594143667782845, 
          8.125504672196957, 
          55.64679955311266
        ], 
        [
          -32.65473210424861, 
          -7.704126085010428, 
          62.24872212657292
        ], 
        [
          -25.439857711861645, 
          -7.140308655968601, 
          68.03819009512347
        ]
      ], 
      "cuboid_centroid": [
        -25.699455032575653, 
        -0.49024488584429315, 
        60.29627714556665
      ], 
      "location": [
        -25.699455032575653, 
        -0.49024488584429315, 
        60.29627714556665
      ], 
      "pose_transform_permuted": [
        [
          0.5838372998314076, 
          -0.4355221682156874, 
          -0.6851675685255473, 
          0.0
        ], 
        [
          0.7784967403278931, 
          0.06083682220611755, 
          0.6246930572353638, 
          0.0
        ], 
        [
          0.23038408210449982, 
          0.898119819113348, 
          -0.3745708032246285, 
          0.0
        ], 
        [
          -25.699455032575653, 
          -0.49024488584429315, 
          60.29627714556665, 
          1.0
        ]
      ], 
      "projected_cuboid": [
        [
          308.82911613867606, 
          334.7471377223162
        ], 
        [
          215.97033179373, 
          335.7961333315278
        ], 
        [
          208.7015997161541, 
          186.10898984508847
        ], 
        [
          292.7689793683832, 
          198.5102084005157
        ], 
        [
          294.46002110807484, 
          348.71731898450344
        ], 
        [
          205.26668336827436, 
          351.16147058551303
        ], 
        [
          199.49425095845723, 
          207.2809852248471
        ], 
        [
          280.52411173755587, 
          217.3169945413397
        ]
      ], 
      "projected_cuboid_centroid": [
        252.3915053644744, 
        268.95033000064967
      ], 
      "quaternion_xyzw": [
        0.9167584370987252, 
        -0.04623553300336952, 
        0.3295661943650663, 
        0.22091233051642958
      ], 
      "visibility": 0.6025395474214372
    }, 
    {
      "bounding_box": {
        "bottom_right": [
          221, 
          294
        ], 
        "top_left": [
          94, 
          87
        ]
      }, 
      "class": "024_bowl", 
      "cuboid": [
        [
          -31.689173541944708, 
          -10.847310550164249, 
          38.68676355265755
        ], 
        [
          -33.87435499497775, 
          -3.9289567860156804, 
          53.0777226797337
        ], 
        [
          -35.120532028251844, 
          -8.829258141227232, 
          55.24428399859129
        ], 
        [
          -32.935350575218806, 
          -15.747611905375802, 
          40.85332487151516
        ], 
        [
          -16.115773507995762, 
          -13.251251987241872, 
          42.20716978531296
        ], 
        [
          -18.300954961028804, 
          -6.332898223093303, 
          56.5981289123891
        ], 
        [
          -19.547131994302894, 
          -11.233199578304855, 
          58.76469023124671
        ], 
        [
          -17.361950541269856, 
          -18.151553342453425, 
          44.37373110417057
        ]
      ], 
      "cuboid_centroid": [
        -25.618152768123803, 
        -11.040255064234552, 
        48.72572689195213
      ], 
      "location": [
        -25.618152768123803, 
        -11.040255064234552, 
        48.72572689195213
      ], 
      "pose_transform_permuted": [
        [
          -0.9645182270325362, 
          0.14888497872819473, 
          -0.21803177023341944, 
          0.0
        ], 
        [
          0.13558744414969248, 
          -0.4292741471433884, 
          -0.8929388285785711, 
          0.0
        ], 
        [
          0.22654058071561403, 
          0.8908181462584952, 
          -0.39385580557560806, 
          0.0
        ], 
        [
          -25.618152768123803, 
          -11.040255064234552, 
          48.72572689195213, 
          1.0
        ]
      ], 
      "projected_cuboid": [
        [
          41.10280902259148, 
          123.75003996791355
        ], 
        [
          138.3945290512024, 
          233.8087780168882
        ], 
        [
          139.72353857297375, 
          188.05027586045605
        ], 
        [
          48.05961505026551, 
          67.70939478122992
        ], 
        [
          276.26505664570016, 
          105.84692470533179
        ], 
        [
          307.71154922662, 
          213.61215111551022
        ], 
        [
          302.71849087943747, 
          171.33951344672042
        ], 
        [
          271.18807152334733, 
          55.12640986914738
        ]
      ], 
      "projected_cuboid_centroid": [
        198.86099432421676, 
        152.44720721029816
      ], 
      "quaternion_xyzw": [
        0.7490723197131246, 
        -0.21887563810599836, 
        -0.6199191342173961, 
        0.08175806941485664
      ], 
      "visibility": 0.750150481540931
    }, 
    {
      "bounding_box": {
        "bottom_right": [
          175, 
          493
        ], 
        "top_left": [
          51, 
          368
        ]
      }, 
      "class": "025_mug", 
      "cuboid": [
        [
          2.6247446272316886, 
          -13.621588868913326, 
          45.667611968403016
        ], 
        [
          -8.615318864240528, 
          -11.438619873272895, 
          43.2671173120444
        ], 
        [
          -10.522741023123631, 
          -19.09222780303108, 
          45.23835992360481
        ], 
        [
          0.7173224683485864, 
          -21.275196798671516, 
          47.638854579963436
        ], 
        [
          1.2478193765814278, 
          -11.005038415961298, 
          54.49436594534583
        ], 
        [
          -9.992244114890788, 
          -8.822069420320865, 
          52.0938712889872
        ], 
        [
          -11.899666273773892, 
          -16.475677350079053, 
          54.065113900547615
        ], 
        [
          -0.6596027823016749, 
          -18.658646345719486, 
          56.46560855690625
        ]
      ], 
      "cuboid_centroid": [
        -4.637460823271102, 
        -15.04863310949619, 
        49.86636293447532
      ], 
      "location": [
        -4.637460823271102, 
        -15.04863310949619, 
        49.86636293447532
      ], 
      "pose_transform_permuted": [
        [
          0.14791651862413138, 
          -0.28108354728935375, 
          -0.9482161202320154, 
          0.0
        ], 
        [
          0.9607712750626012, 
          -0.1865944891641244, 
          0.20518801459799893, 
          0.0
        ], 
        [
          0.2346066270853242, 
          0.9413685025476853, 
          -0.24245633202450284, 
          0.0
        ], 
        [
          -4.637460823271102, 
          -15.04863310949619, 
          49.86636293447532, 
          1.0
        ]
      ], 
      "projected_cuboid": [
        [
          512.5050398957952, 
          114.2096827536228
        ], 
        [
          374.51786496313787, 
          132.29170491062013
        ], 
        [
          356.50961012699577, 
          48.20634075686467
        ], 
        [
          489.6944554992818, 
          35.1095459316764
        ], 
        [
          493.91086246946725, 
          165.58361495505613
        ], 
        [
          378.4473278906551, 
          182.96914997523663
        ], 
        [
          363.23585825148115, 
          110.76396579246894
        ], 
        [
          475.3151808693728, 
          97.05499198457866
        ]
      ], 
      "projected_cuboid_centroid": [
        431.5862117265368, 
        112.34175947818139
      ], 
      "quaternion_xyzw": [
        0.9811161880534718, 
        -0.10732702236956992, 
        0.0899752082173589, 
        0.13340414868512063
      ], 
      "visibility": 0.87619477006312
    }, 
    {
      "bounding_box": {
        "bottom_right": [
          211, 
          372
        ], 
        "top_left": [
          118, 
          303
        ]
      }, 
      "class": "061_foam_brick", 
      "cuboid": [
        [
          -16.786394527296775, 
          -15.813825003641668, 
          53.6289686690532
        ], 
        [
          -15.01471073925301, 
          -8.77342073669241, 
          50.81162249354176
        ], 
        [
          -17.603799666833666, 
          -6.586510920599649, 
          54.64845391163761
        ], 
        [
          -19.375483454877436, 
          -13.626915187548908, 
          57.465800087149034
        ], 
        [
          -12.412666109020806, 
          -15.748338278894897, 
          56.54302900699203
        ], 
        [
          -10.640982320977038, 
          -8.707934011945639, 
          53.725682831480604
        ], 
        [
          -13.230071248557698, 
          -6.5210241958528785, 
          57.56251424957644
        ], 
        [
          -15.001755036601464, 
          -13.561428462802139, 
          60.37986042508787
        ]
      ], 
      "cuboid_centroid": [
        -15.008232887927237, 
        -11.167424599747273, 
        55.595741459314816
      ], 
      "location": [
        -15.008232887927237, 
        -11.167424599747273, 
        55.595741459314816
      ], 
      "pose_transform_permuted": [
        [
          -0.8321401033786113, 
          -0.012459422417038013, 
          -0.554425478438778, 
          0.0
        ], 
        [
          -0.22750646437021146, 
          -0.9040763895453154, 
          0.3617826564893245, 
          0.0
        ], 
        [
          0.5057505877592233, 
          -0.42718923752798443, 
          -0.7494836211162053, 
          0.0
        ], 
        [
          -15.008232887927237, 
          -11.167424599747273, 
          55.595741459314816, 
          1.0
        ]
      ], 
      "projected_cuboid": [
        [
          313.2716436866292, 
          116.02409627145002
        ], 
        [
          322.68911109230794, 
          181.20057692257342
        ], 
        [
          308.3681969155257, 
          209.00813653926105
        ], 
        [
          300.28161166046164, 
          146.82000107233992
        ], 
        [
          363.543874644481, 
          124.7466144216306
        ], 
        [
          375.0867912460498, 
          186.84535207599595
        ], 
        [
          357.9982936945576, 
          212.8689215635284
        ], 
        [
          347.9862259164963, 
          153.50197200085876
        ]
      ], 
      "projected_cuboid_centroid": [
        336.42610085221344, 
        166.15951572576685
      ], 
      "quaternion_xyzw": [
        -0.4742704335451932, 
        0.7431556331511209, 
        0.24793736527772947, 
        -0.4016395444671113
      ], 
      "visibility": 0.9918109063837707
    }
  ]
}