{
  "camera_data": {
    "location_worldframe": [
      -23.891786378971478, 
      -18.389154952292188, 
      68.02612363340104
    ], 
    "quaternion_xyzw_worldframe": [
      0.9057019852909158, 
      0.002642520116695306, 
      0.07647544458646648, 
      -0.4169600113209518
    ]
  }, 
  "objects": [
    {
      "bounding_box": {
        "bottom_right": [
          350, 
          321
        ], 
        "top_left": [
          147, 
          131
        ]
      }, 
      "class": "003_cracker_box", 
      "cuboid": [
        [
          -18.62451853500861, 
          5.655412114161246, 
          58.59046675138333
        ], 
        [
          -32.14202290047787, 
          1.2305493782651327, 
          50.418821801610136
        ], 
        [
          -34.15261429332518, 
          -15.884269198066873, 
          63.012234940892306
        ], 
        [
          -20.63510992785592, 
          -11.45940646217076, 
          71.18387989066551
        ], 
        [
          -22.635408403654665, 
          9.483394628658145, 
          63.15245205004892
        ], 
        [
          -36.15291276912392, 
          5.0585318927620335, 
          54.98080710027573
        ], 
        [
          -38.16350416197123, 
          -12.056286683569972, 
          67.5742202395579
        ], 
        [
          -24.64599979650198, 
          -7.63142394767386, 
          75.7458651893311
        ]
      ], 
      "cuboid_centroid": [
        -28.394011348489922, 
        -3.200437284704363, 
        63.08234349547062
      ], 
      "location": [
        -28.394011348489922, 
        -3.200437284704363, 
        63.08234349547062
      ], 
      "pose_transform_permuted": [
        [
          0.5586197722199856, 
          -0.5331452097517189, 
          -0.6353740122193281, 
          0.0
        ], 
        [
          0.82405714566342, 
          0.2697494787136619, 
          0.49816165992051664, 
          0.0
        ], 
        [
          0.09420069408421672, 
          0.8018674479317035, 
          -0.5900295121276127, 
          0.0
        ], 
        [
          -28.394011348489922, 
          -3.200437284704363, 
          63.08234349547062, 
          1.0
        ]
      ], 
      "projected_cuboid": [
        [
          310.65465350457214, 
          324.76491319534
        ], 
        [
          138.77225172646462, 
          286.3030278167236
        ], 
        [
          190.12911689830108, 
          138.84611009250634
        ], 
        [
          325.70756658991525, 
          187.43106217454473
        ], 
        [
          288.8490795433165, 
          353.37337398259604
        ], 
        [
          127.9875705754679, 
          322.3548267678373
        ], 
        [
          177.88717411349728, 
          178.13407057775916
        ], 
        [
          306.62076061581104, 
          219.55439262138756
        ]
      ], 
      "projected_cuboid_centroid": [
        239.54395599483527, 
        246.228952862289
      ], 
      "quaternion_xyzw": [
        0.9029532941706414, 
        0.048604060077848746, 
        0.2925902809599779, 
        0.31097254119632023
      ], 
      "visibility": 0.9213989943803609
    }, 
    {
      "bounding_box": {
        "bottom_right": [
          320, 
          202
        ], 
        "top_left": [
          177, 
          77
        ]
      }, 
      "class": "004_sugar_box", 
      "cuboid": [
        [
          -33.397584156011476, 
          3.1833064708159844, 
          58.733483123418964
        ], 
        [
          -41.665594738150816, 
          1.59441858385116, 
          54.859766788118506
        ], 
        [
          -43.992468721573616, 
          -12.256921055980188, 
          65.50763125350106
        ], 
        [
          -35.72445813943428, 
          -10.668033169015363, 
          69.38134758880152
        ], 
        [
          -35.34762213652682, 
          5.86489885571279, 
          61.795704122335735
        ], 
        [
          -43.615632718666156, 
          4.276010968747966, 
          57.92198778703529
        ], 
        [
          -45.94250670208897, 
          -9.575328671083382, 
          68.56985225241785
        ], 
        [
          -37.67449611994963, 
          -7.986440784118557, 
          72.4435685877183
        ]
      ], 
      "cuboid_centroid": [
        -39.67004542905022, 
        -3.1960111001336986, 
        63.6516676879184
      ], 
      "location": [
        -39.67004542905022, 
        -3.1960111001336986, 
        63.6516676879184
      ], 
      "pose_transform_permuted": [
        [
          0.43205520159810495, 
          -0.5941401911332745, 
          -0.6784732011605691, 
          0.0
        ], 
        [
          0.8921318566521181, 
          0.17144360018987945, 
          0.4179803245318334, 
          0.0
        ], 
        [
          0.13201897587786351, 
          0.7858782584766704, 
          -0.6041238898284895, 
          0.0
        ], 
        [
          -39.67004542905022, 
          -3.1960111001336986, 
          63.6516676879184, 
          1.0
        ]
      ], 
      "projected_cuboid": [
        [
          175.80864848247188, 
          302.1920206778064
        ], 
        [
          73.16920030239957, 
          288.7866887171105
        ], 
        [
          120.4549199859984, 
          173.49883533591154
        ], 
        [
          204.7023587552614, 
          191.28364814604774
        ], 
        [
          173.99187920881602, 
          323.90276539552053
        ], 
        [
          76.65727356714494, 
          312.65812163413494
        ], 
        [
          121.2896427015462, 
          198.81196748374495
        ], 
        [
          201.9312713179513, 
          214.49145992216305
        ]
      ], 
      "projected_cuboid_centroid": [
        146.44288080395773, 
        246.50805173515607
      ], 
      "quaternion_xyzw": [
        0.9160353863647078, 
        0.010759580060676698, 
        0.23198763355182975, 
        0.3270245065851339
      ], 
      "visibility": 0.5828593996840442
    }, 
    {
      "bounding_box": {
        "bottom_right": [
          191, 
          155
        ], 
        "top_left": [
          56, 
          0
        ]
      }, 
      "class": "024_bowl", 
      "cuboid": [
        [
          -49.94190671326192, 
          -17.8506179112096, 
          46.6266484190591
        ], 
        [
          -49.13486913649275, 
          -7.871076964902533, 
          59.255812850502195
        ], 
        [
          -49.818554929545506, 
          -12.132315489841853, 
          62.66672453045945
        ], 
        [
          -50.625592506314675, 
          -22.11185643614892, 
          50.037560099016346
        ], 
        [
          -33.94121417561961, 
          -19.924504061198594, 
          47.242941892933636
        ], 
        [
          -33.13417659885044, 
          -9.944963114891525, 
          59.87210632437674
        ], 
        [
          -33.81786239190319, 
          -14.206201639830846, 
          63.28301800433398
        ], 
        [
          -34.62489996867236, 
          -24.18574258613791, 
          50.65385357289088
        ]
      ], 
      "cuboid_centroid": [
        -41.87988455258256, 
        -16.02840977552022, 
        54.95483321169654
      ], 
      "location": [
        -41.87988455258256, 
        -16.02840977552022, 
        54.95483321169654
      ], 
      "pose_transform_permuted": [
        [
          -0.9909820311593294, 
          0.12844343483723503, 
          -0.03816933280191748, 
          0.0
        ], 
        [
          -0.05007554965973761, 
          -0.6192165180694122, 
          -0.7836219388686539, 
          0.0
        ], 
        [
          0.12428617479673965, 
          0.7746439103208688, 
          -0.6200643184034931, 
          0.0
        ], 
        [
          -41.87988455258256, 
          -16.02840977552022, 
          54.95483321169654, 
          1.0
        ]
      ], 
      "projected_cuboid": [
        [
          -94.4031651745433, 
          69.10964715729767
        ], 
        [
          35.68360725094101, 
          202.44455161597034
        ], 
        [
          54.08747030468788, 
          170.03554651149952
        ], 
        [
          -62.48665476517845, 
          37.609857617099
        ], 
        [
          95.24594501618733, 
          48.36133698755682
        ], 
        [
          183.98990226914063, 
          184.7003179752265
        ], 
        [
          194.22092731842542, 
          153.5633361505595
        ], 
        [
          114.00360856392014, 
          18.641940484772714
        ]
      ], 
      "projected_cuboid_centroid": [
        71.77879348373165, 
        117.73580075242397
      ], 
      "quaternion_xyzw": [
        -0.6638406611271731, 
        0.2800004339910862, 
        0.6683094581065513, 
        -0.1851426525800282
      ], 
      "visibility": 0.7178880630715638
    }, 
    {
      "bounding_box": {
        "bottom_right": [
          131, 
          325
        ], 
        "top_left": [
          8, 
          196
        ]
      }, 
      "class": "025_mug", 
      "cuboid": [
        [
          -14.889424177436677, 
          -20.131456379427163, 
          46.68651822566544
        ], 
        [
          -26.415017921392074, 
          -18.1670307190244, 
          46.2760597046091
        ], 
        [
          -27.744040450631104, 
          -25.134244937307454, 
          50.2501503202867
        ], 
        [
          -16.218446706675703, 
          -27.098670597710218, 
          50.66060884134305
        ], 
        [
          -14.405268576002412, 
          -15.595371064919284, 
          54.80091090542301
        ], 
        [
          -25.93086231995781, 
          -13.630945404516522, 
          54.39045238436666
        ], 
        [
          -27.259884849196837, 
          -20.598159622799574, 
          58.36454300004428
        ], 
        [
          -15.734291105241438, 
          -22.56258528320234, 
          58.77500152110061
        ]
      ], 
      "cuboid_centroid": [
        -21.074654513316755, 
        -20.364808001113367, 
        52.52553061285485
      ], 
      "location": [
        -21.074654513316755, 
        -20.364808001113367, 
        52.52553061285485
      ], 
      "pose_transform_permuted": [
        [
          -0.05201052925909285, 
          -0.4872900308765399, 
          -0.8716905404792664, 
          0.0
        ], 
        [
          0.9851776554140415, 
          -0.16791397556986998, 
          0.03508492251265334, 
          0.0
        ], 
        [
          0.16346538255996174, 
          0.8569443425620156, 
          -0.4888000229700083, 
          0.0
        ], 
        [
          -21.074654513316755, 
          -20.364808001113367, 
          52.52553061285485, 
          1.0
        ]
      ], 
      "projected_cuboid": [
        [
          310.0915280360917, 
          43.3165095246569
        ], 
        [
          174.63389506933606, 
          63.916221831495825
        ], 
        [
          184.6875759231277, 
          6.529424861424366
        ], 
        [
          309.43772748814337, 
          -11.98938029510944
        ], 
        [
          340.2374643212035, 
          121.51320687574703
        ], 
        [
          225.2159563186458, 
          139.6298059139725
        ], 
        [
          230.42770413002637, 
          85.06606473767415
        ], 
        [
          337.6355993726089, 
          68.5554743134755
        ]
      ], 
      "projected_cuboid_centroid": [
        265.83169266019166, 
        66.51183646407216
      ], 
      "quaternion_xyzw": [
        0.9635627299837985, 
        -0.08597762963896588, 
        -0.004391412779820805, 
        0.2532502616261839
      ], 
      "visibility": 0.8448939147111733
    }, 
    {
      "bounding_box": {
        "bottom_right": [
          181, 
          238
        ], 
        "top_left": [
          95, 
          174
        ]
      }, 
      "class": "061_foam_brick", 
      "cuboid": [
        [
          -32.13773637976981, 
          -19.890598118832745, 
          58.82831525296551
        ], 
        [
          -31.111187664292324, 
          -13.702829986736024, 
          54.21298011478507
        ], 
        [
          -32.86197890758206, 
          -10.643384049457858, 
          57.92535831868928
        ], 
        [
          -33.88852762305955, 
          -16.83115218155458, 
          62.540693456869725
        ], 
        [
          -27.247508437871808, 
          -19.32769383766421, 
          60.67069031999808
        ], 
        [
          -26.220959722394323, 
          -13.139925705567487, 
          56.05535518181763
        ], 
        [
          -27.971750965684063, 
          -10.080479768289322, 
          59.76773338572185
        ], 
        [
          -28.998299681161548, 
          -16.268247900386044, 
          64.38306852390228
        ]
      ], 
      "cuboid_centroid": [
        -30.054743672726936, 
        -14.985538943561034, 
        59.29802431934368
      ], 
      "location": [
        -30.054743672726936, 
        -14.985538943561034, 
        59.29802431934368
      ], 
      "pose_transform_permuted": [
        [
          -0.9304086573166856, 
          -0.10709746512072812, 
          -0.35052797799159596, 
          0.0
        ], 
        [
          -0.1318217564207315, 
          -0.7945871941574807, 
          0.5926670358768872, 
          0.0
        ], 
        [
          0.34199817970906765, 
          -0.5976297548195343, 
          -0.7251730284766718, 
          0.0
        ], 
        [
          -30.054743672726936, 
          -14.985538943561034, 
          59.29802431934368, 
          1.0
        ]
      ], 
      "projected_cuboid": [
        [
          187.81816067254, 
          92.96443539961959
        ], 
        [
          172.99058330065233, 
          138.48510184348584
        ], 
        [
          176.51497165175357, 
          175.2927523658555
        ], 
        [
          190.20230249761403, 
          129.75785977854284
        ], 
        [
          240.08457705324076, 
          103.38839496055476
        ], 
        [
          230.04771032892717, 
          148.27119060805637
        ], 
        [
          229.91944418545592, 
          183.3363765206772
        ], 
        [
          239.38677213405524, 
          138.52789121178498
        ]
      ], 
      "projected_cuboid_centroid": [
        209.0355479049153, 
        138.50833120789486
      ], 
      "quaternion_xyzw": [
        0.3940420240124556, 
        -0.7211066996693106, 
        -0.21428020417761487, 
        0.5280340946395429
      ], 
      "visibility": 0.8076586433260394
    }
  ]
}