{
  "camera_data": {
    "location_worldframe": [
      -22.110394204728784, 
      -19.14903173700452, 
      65.74902972547069
    ], 
    "quaternion_xyzw_worldframe": [
      0.8954568882984781, 
      0.009380186353442368, 
      0.09714286520722083, 
      -0.4343223878781924
    ]
  }, 
  "objects": [
    {
      "bounding_box": {
        "bottom_right": [
          346, 
          329
        ], 
        "top_left": [
          137, 
          143
        ]
      }, 
      "class": "003_cracker_box", 
      "cuboid": [
        [
          -16.393098605850092, 
          5.228311804299383, 
          57.50445962424637
        ], 
        [
          -29.53948668538301, 
          1.1686659091399987, 
          48.573061561491215
        ], 
        [
          -32.13396899921159, 
          -16.417827657577586, 
          60.38565876521517
        ], 
        [
          -18.987580919678678, 
          -12.358181762418202, 
          69.31705682797032
        ], 
        [
          -20.597715692587116, 
          8.888213460220525, 
          62.029800777999036
        ], 
        [
          -33.744103772120035, 
          4.828567565061142, 
          53.09840271524388
        ], 
        [
          -36.33858608594861, 
          -12.757926001656445, 
          64.91099991896783
        ], 
        [
          -23.192198006415694, 
          -8.698280106497059, 
          73.84239798172298
        ]
      ], 
      "cuboid_centroid": [
        -26.365842345899352, 
        -3.7648070986785296, 
        61.2077297716071
      ], 
      "location": [
        -26.365842345899352, 
        -3.7648070986785296, 
        61.2077297716071
      ], 
      "pose_transform_permuted": [
        [
          0.5856012795629723, 
          -0.5097356188611506, 
          -0.6302703707445316, 
          0.0
        ], 
        [
          0.8014330710539723, 
          0.24748504741119992, 
          0.5444779003126521, 
          0.0
        ], 
        [
          0.12155728688650452, 
          0.8239664739369652, 
          -0.5534465428861906, 
          0.0
        ], 
        [
          -26.365842345899352, 
          -3.7648070986785296, 
          61.2077297716071, 
          1.0
        ]
      ], 
      "projected_cuboid": [
        [
          328.2938535173782, 
          321.7760132391426
        ], 
        [
          154.55832511222033, 
          286.118185719757
        ], 
        [
          195.42825631765737, 
          128.28606631383477
        ], 
        [
          334.29078878159055, 
          178.20373083566759
        ], 
        [
          303.02628199678554, 
          349.70558557286756
        ], 
        [
          139.84733850883, 
          321.78460024749324
        ], 
        [
          180.5451044043238, 
          168.4652937265999
        ], 
        [
          312.6977656797624, 
          210.46405052848064
        ]
      ], 
      "projected_cuboid_centroid": [
        249.94983489839407, 
        240.48275061537623
      ], 
      "quaternion_xyzw": [
        0.9021737520754343, 
        0.03489565070891302, 
        0.3131545274055851, 
        0.29461679618297193
      ], 
      "visibility": 0.9442275130446802
    }, 
    {
      "bounding_box": {
        "bottom_right": [
          317, 
          206
        ], 
        "top_left": [
          167, 
          84
        ]
      }, 
      "class": "004_sugar_box", 
      "cuboid": [
        [
          -31.16138682397343, 
          2.799614751007329, 
          56.8936402652961
        ], 
        [
          -39.25088703649393, 
          1.3893932572246617, 
          52.59695507783013
        ], 
        [
          -42.06991467026324, 
          -12.859232393458992, 
          62.58097832963472
        ], 
        [
          -33.98041445774274, 
          -11.449010899676324, 
          66.87766351710069
        ], 
        [
          -33.242039455673094, 
          5.3659289161355535, 
          59.96865238274527
        ], 
        [
          -41.33153966819359, 
          3.955707422352887, 
          55.6719671952793
        ], 
        [
          -44.1505673019629, 
          -10.292918228330766, 
          65.6559904470839
        ], 
        [
          -36.0610670894424, 
          -8.882696734548098, 
          69.95267563454985
        ]
      ], 
      "cuboid_centroid": [
        -37.65597706296816, 
        -3.746651738661719, 
        61.27481535618999
      ], 
      "location": [
        -37.65597706296816, 
        -3.746651738661719, 
        61.27481535618999
      ], 
      "pose_transform_permuted": [
        [
          0.4609945043260416, 
          -0.5685988657951794, 
          -0.6813072327801577, 
          0.0
        ], 
        [
          0.8728702959782925, 
          0.15216520431853642, 
          0.4636193550627777, 
          0.0
        ], 
        [
          0.15994211282304574, 
          0.8084189257654811, 
          -0.5664597800458169, 
          0.0
        ], 
        [
          -37.65597706296816, 
          -3.746651738661719, 
          61.27481535618999, 
          1.0
        ]
      ], 
      "projected_cuboid": [
        [
          187.05672150457002, 
          299.53005773311077
        ], 
        [
          80.28648590723557, 
          287.3746279042717
        ], 
        [
          120.08647998854931, 
          163.6992377660782
        ], 
        [
          208.36018782488398, 
          181.98577477256558
        ], 
        [
          183.50178117256598, 
          321.0073864443035
        ], 
        [
          82.35457857637908, 
          311.1809458840023
        ], 
        [
          119.97604563531335, 
          189.67779456338732
        ], 
        [
          204.3761601152657, 
          205.56480929940747
        ]
      ], 
      "projected_cuboid_centroid": [
        151.11823528919763, 
        240.67668461941025
      ], 
      "quaternion_xyzw": [
        0.9168691911232392, 
        -0.0021205065509350297, 
        0.25211171570071306, 
        0.3094930707755752
      ], 
      "visibility": 0.6071084783413551
    }, 
    {
      "bounding_box": {
        "bottom_right": [
          184, 
          162
        ], 
        "top_left": [
          43, 
          0
        ]
      }, 
      "class": "024_bowl", 
      "cuboid": [
        [
          -47.18029106286957, 
          -17.69323100841, 
          43.249831210948294
        ], 
        [
          -46.92229949483401, 
          -8.216490793216948, 
          56.28298802847832
        ], 
        [
          -47.7634601204888, 
          -12.605322209185116, 
          59.49086990326374
        ], 
        [
          -48.021451688524365, 
          -22.082062424378165, 
          46.457713085733715
        ], 
        [
          -31.225972013824, 
          -19.840599527919146, 
          44.49542151915618
        ], 
        [
          -30.967980445788434, 
          -10.363859312726095, 
          57.52857833668621
        ], 
        [
          -31.809141071443225, 
          -14.752690728694262, 
          60.73646021147163
        ], 
        [
          -32.06713263947879, 
          -24.229430943887316, 
          47.7033033939416
        ]
      ], 
      "cuboid_centroid": [
        -39.494716067156396, 
        -16.222960868552132, 
        51.99314571120996
      ], 
      "location": [
        -39.494716067156396, 
        -16.222960868552132, 
        51.99314571120996
      ], 
      "pose_transform_permuted": [
        [
          -0.9881099496032699, 
          0.13299446958964792, 
          -0.07714401178051197, 
          0.0
        ], 
        [
          -0.01600801492871934, 
          -0.5880184379494657, 
          -0.8086890997716688, 
          0.0
        ], 
        [
          0.1529132791913948, 
          0.7978388231278536, 
          -0.5831558465426683, 
          0.0
        ], 
        [
          -39.494716067156396, 
          -16.222960868552132, 
          51.99314571120996, 
          1.0
        ]
      ], 
      "projected_cuboid": [
        [
          -105.03788818301945, 
          55.10888682872221
        ], 
        [
          33.27111508641306, 
          195.4297006232129
        ], 
        [
          49.84224248463112, 
          160.2832284438188
        ], 
        [
          -74.26776124484213, 
          19.791573517827224
        ], 
        [
          104.20533759808212, 
          35.47824425530536
        ], 
        [
          192.1154571743939, 
          177.20821850065087
        ], 
        [
          199.95715385285118, 
          143.74492751079435
        ], 
        [
          120.10113775344259, 
          2.4032009354489596
        ]
      ], 
      "projected_cuboid_centroid": [
        73.10404746941259, 
        106.87955087058226
      ], 
      "quaternion_xyzw": [
        0.681721134332002, 
        -0.2717136376690438, 
        -0.6589201063626874, 
        0.16508266880786962
      ], 
      "visibility": 0.6985079017391622
    }, 
    {
      "bounding_box": {
        "bottom_right": [
          123, 
          345
        ], 
        "top_left": [
          0, 
          213
        ]
      }, 
      "class": "025_mug", 
      "cuboid": [
        [
          -12.168763831104327, 
          -20.086304942155685, 
          44.77906050114379
        ], 
        [
          -23.661773011704888, 
          -18.07065933596162, 
          43.93367994286126
        ], 
        [
          -25.176608248156796, 
          -25.183327619553243, 
          47.56919849765928
        ], 
        [
          -13.683599067556237, 
          -27.198973225747313, 
          48.41457905594182
        ], 
        [
          -12.040067561010384, 
          -15.871773217796575, 
          53.078157126839386
        ], 
        [
          -23.533076741610945, 
          -13.856127611602506, 
          52.23277656855685
        ], 
        [
          -25.047911978062853, 
          -20.96879589519413, 
          55.86829512335487
        ], 
        [
          -13.554902797462296, 
          -22.9844415013882, 
          56.71367568163741
        ]
      ], 
      "cuboid_centroid": [
        -18.608337904583593, 
        -20.52755041867491, 
        50.323677812249336
      ], 
      "location": [
        -18.608337904583593, 
        -20.52755041867491, 
        50.323677812249336
      ], 
      "pose_transform_permuted": [
        [
          -0.013825227058053304, 
          -0.4527470608907442, 
          -0.8915324052764948, 
          0.0
        ], 
        [
          0.9823924120294704, 
          -0.17229212278086106, 
          0.0722609225037268, 
          0.0
        ], 
        [
          0.1863197319790404, 
          0.8748347122942591, 
          -0.44715677747327076, 
          0.0
        ], 
        [
          -18.608337904583593, 
          -20.52755041867491, 
          50.323677812249336, 
          1.0
        ]
      ], 
      "projected_cuboid": [
        [
          335.45904707780676, 
          34.05820984522184
        ], 
        [
          191.9684711685365, 
          53.923249560867006
        ], 
        [
          196.97856732752467, 
          -9.055023640280925
        ], 
        [
          329.60675221120977, 
          -26.328688388242973
        ], 
        [
          359.61251920680786, 
          113.80987309884921
        ], 
        [
          239.31161671095086, 
          131.8093911082107
        ], 
        [
          240.4967141704514, 
          73.1180978718168
        ], 
        [
          353.0682988912572, 
          57.14726269001207
        ]
      ], 
      "projected_cuboid_centroid": [
        282.7464486438841, 
        55.739945427987905
      ], 
      "quaternion_xyzw": [
        0.968085679266074, 
        -0.09260850109666235, 
        0.015090527805858777, 
        0.232392611944805
      ], 
      "visibility": 0.8020620017442733
    }, 
    {
      "bounding_box": {
        "bottom_right": [
          174, 
          248
        ], 
        "top_left": [
          83, 
          185
        ]
      }, 
      "class": "061_foam_brick", 
      "cuboid": [
        [
          -29.940472112623258, 
          -20.264318056915677, 
          56.141987898757236
        ], 
        [
          -28.700347590154635, 
          -13.904538282431842, 
          51.82239445163729
        ], 
        [
          -30.610377782249554, 
          -10.986659322919255, 
          55.570060177452575
        ], 
        [
          -31.850502304718177, 
          -17.346439097403092, 
          59.889653624572524
        ], 
        [
          -25.136379471295022, 
          -19.789295340225305, 
          58.22058929230655
        ], 
        [
          -23.8962549488264, 
          -13.42951556574147, 
          53.90099584518659
        ], 
        [
          -25.80628514092132, 
          -10.511636606228885, 
          57.64866157100188
        ], 
        [
          -27.04640966338994, 
          -16.87141638071272, 
          61.96825501812183
        ]
      ], 
      "cuboid_centroid": [
        -27.87337862677229, 
        -15.38797733157228, 
        56.89532473487956
      ], 
      "location": [
        -27.87337862677229, 
        -15.38797733157228, 
        56.89532473487956
      ], 
      "pose_transform_permuted": [
        [
          -0.9140206626663621, 
          -0.09037722848135288, 
          -0.3954721036823887, 
          0.0
        ], 
        [
          -0.15924757419446656, 
          -0.8166756508302233, 
          0.5546900859526959, 
          0.0
        ], 
        [
          0.37310379029450047, 
          -0.5699761731099472, 
          -0.7320660651572488, 
          0.0
        ], 
        [
          -27.87337862677229, 
          -15.38797733157228, 
          56.89532473487956, 
          1.0
        ]
      ], 
      "projected_cuboid": [
        [
          194.80799764561928, 
          80.78609288050562
        ], 
        [
          183.77188374126573, 
          130.1908234849877
        ], 
        [
          185.37353270274832, 
          167.84485676259598
        ], 
        [
          195.60352843372283, 
          118.81585550056457
        ], 
        [
          249.42077919216166, 
          92.01013953910136
        ], 
        [
          243.18689001445034, 
          140.4091480296272
        ], 
        [
          240.86829579571477, 
          176.0412333983282
        ], 
        [
          246.88679810458243, 
          128.08547093448962
        ]
      ], 
      "projected_cuboid_centroid": [
        218.1430831933994, 
        129.04428794485096
      ], 
      "quaternion_xyzw": [
        0.40812018952080015, 
        -0.7288168238636515, 
        -0.2201132080328953, 
        0.5037996861931069
      ], 
      "visibility": 0.869229162314602
    }
  ]
}