{
  "camera_data": {
    "location_worldframe": [
      -24.755355449813774, 
      -16.96899157190196, 
      71.0820600747802
    ], 
    "quaternion_xyzw_worldframe": [
      0.91455454664629, 
      0.0038099343882931134, 
      0.05904388298995775, 
      -0.40011702318862724
    ]
  }, 
  "objects": [
    {
      "bounding_box": {
        "bottom_right": [
          357, 
          320
        ], 
        "top_left": [
          162, 
          131
        ]
      }, 
      "class": "003_cracker_box", 
      "cuboid": [
        [
          -20.14116390387317, 
          6.7642733887616995, 
          60.57695432016709
        ], 
        [
          -33.84385658463776, 
          1.8481340220953004, 
          53.017463417256394
        ], 
        [
          -35.20496901115473, 
          -14.796275219429239, 
          66.30898556896757
        ], 
        [
          -21.502276330390135, 
          -9.880135852762841, 
          73.86847647187827
        ], 
        [
          -24.061530831131307, 
          10.710330735414479, 
          65.1169710720669
        ], 
        [
          -37.7642235118959, 
          5.794191368748079, 
          57.55748016915621
        ], 
        [
          -39.12533593841287, 
          -10.85021787277646, 
          70.84900232086738
        ], 
        [
          -25.422643257648268, 
          -5.934078506110062, 
          78.40849322377808
        ]
      ], 
      "cuboid_centroid": [
        -29.63324992114302, 
        -2.0429722420073806, 
        65.71297832051724
      ], 
      "location": [
        -29.63324992114302, 
        -2.0429722420073806, 
        65.71297832051724
      ], 
      "pose_transform_permuted": [
        [
          0.5460121199146696, 
          -0.5495901728406942, 
          -0.6323143259670971, 
          0.0
        ], 
        [
          0.8353466374502565, 
          0.29969879532848587, 
          0.46084338704076433, 
          0.0
        ], 
        [
          0.06377115497494201, 
          0.7798277207150243, 
          -0.6227374774313583, 
          0.0
        ], 
        [
          -29.63324992114302, 
          -2.0429722420073806, 
          65.71297832051724, 
          1.0
        ]
      ], 
      "projected_cuboid": [
        [
          302.7965112625199, 
          332.83920953179506
        ], 
        [
          138.31379745851783, 
          291.87750787660127
        ], 
        [
          196.0857553518059, 
          154.28089696911707
        ], 
        [
          325.0600581323903, 
          201.95340392558705
        ], 
        [
          282.8865750195948, 
          361.0060530232925
        ], 
        [
          128.76298903720476, 
          326.9747070345781
        ], 
        [
          184.62467479548093, 
          191.61095351775833
        ], 
        [
          307.23607554246155, 
          232.92407027846295
        ]
      ], 
      "projected_cuboid_centroid": [
        239.09252971965063, 
        256.7059913012461
      ], 
      "quaternion_xyzw": [
        0.9010394947132421, 
        0.06545984991163689, 
        0.279359426768487, 
        0.32527088356020084
      ], 
      "visibility": 0.9261925830584828
    }, 
    {
      "bounding_box": {
        "bottom_right": [
          327, 
          207
        ], 
        "top_left": [
          190, 
          83
        ]
      }, 
      "class": "004_sugar_box", 
      "cuboid": [
        [
          -34.8645416769486, 
          4.101482715079024, 
          61.28810386476879
        ], 
        [
          -43.22665525311425, 
          2.254326328672792, 
          57.745038557220816
        ], 
        [
          -45.01306358464284, 
          -11.208204556915929, 
          68.97980501912224
        ], 
        [
          -36.65095000847719, 
          -9.361048170509697, 
          72.52287032667022
        ], 
        [
          -36.75590746943258, 
          6.872197187400097, 
          64.30748460298115
        ], 
        [
          -45.11802104559823, 
          5.025040800993866, 
          60.76441929543317
        ], 
        [
          -46.904429377126824, 
          -8.437490084594856, 
          71.9991857573346
        ], 
        [
          -38.54231580096118, 
          -6.5903336981886245, 
          75.54225106488258
        ]
      ], 
      "cuboid_centroid": [
        -40.88448552703771, 
        -2.168003684757916, 
        66.6436448110517
      ], 
      "location": [
        -40.88448552703771, 
        -2.168003684757916, 
        66.6436448110517
      ], 
      "pose_transform_permuted": [
        [
          0.4190556475989611, 
          -0.6138862995853569, 
          -0.6689814078416128, 
          0.0
        ], 
        [
          0.9022857235277331, 
          0.19931119344370926, 
          0.3823025381572029, 
          0.0
        ], 
        [
          0.10135477903327188, 
          0.7638185621144491, 
          -0.637422728129616, 
          0.0
        ], 
        [
          -40.88448552703771, 
          -2.168003684757916, 
          66.6436448110517, 
          1.0
        ]
      ], 
      "projected_cuboid": [
        [
          175.68295478025445, 
          308.9770050387302
        ], 
        [
          79.03885133074843, 
          294.10696529395926
        ], 
        [
          130.67688424771995, 
          186.62994362408298
        ], 
        [
          209.82677036359942, 
          204.44714585790982
        ], 
        [
          174.22997797646465, 
          330.2795515020455
        ], 
        [
          82.30339435245637, 
          317.3905168637853
        ], 
        [
          131.26651840238176, 
          210.78751597730945
        ], 
        [
          207.22517377666654, 
          226.75954187884471
        ]
      ], 
      "projected_cuboid_centroid": [
        151.69006496670866, 
        255.93696436872588
      ], 
      "quaternion_xyzw": [
        0.9131108494432365, 
        0.026819420246229058, 
        0.21940331402391813, 
        0.3425950497899436
      ], 
      "visibility": 0.5448084590050268
    }, 
    {
      "bounding_box": {
        "bottom_right": [
          203, 
          160
        ], 
        "top_left": [
          76, 
          0
        ]
      }, 
      "class": "024_bowl", 
      "cuboid": [
        [
          -51.47349166911322, 
          -17.601584485238575, 
          50.52542763572202
        ], 
        [
          -50.4140235172874, 
          -7.1348466319354165, 
          62.7345745072795
        ], 
        [
          -50.927199784066524, 
          -11.270848091715939, 
          66.32484477042489
        ], 
        [
          -51.98666793589235, 
          -21.7375859450191, 
          54.115697898867396
        ], 
        [
          -35.43268555201863, 
          -19.43544848867129, 
          50.70560816717171
        ], 
        [
          -34.37321740019281, 
          -8.968710635368133, 
          62.9147550387292
        ], 
        [
          -34.88639366697193, 
          -13.104712095148658, 
          66.50502530187458
        ], 
        [
          -35.94586181879775, 
          -23.571449948451818, 
          54.2958784303171
        ]
      ], 
      "cuboid_centroid": [
        -43.17994266804258, 
        -15.353148290193616, 
        58.515226468798296
      ], 
      "location": [
        -43.17994266804258, 
        -15.353148290193616, 
        58.515226468798296
      ], 
      "pose_transform_permuted": [
        [
          -0.9934664134039836, 
          0.11357797612299564, 
          -0.011159246302079165, 
          0.0
        ], 
        [
          -0.06573851277415646, 
          -0.6494464027893047, 
          -0.7575604384088932, 
          0.0
        ], 
        [
          0.09328951375405653, 
          0.7518772594272529, 
          -0.6526696357114339, 
          0.0
        ], 
        [
          -43.17994266804258, 
          -15.353148290193616, 
          58.515226468798296, 
          1.0
        ]
      ], 
      "projected_cuboid": [
        [
          -66.25760502342074, 
          87.49355927575422
        ], 
        [
          49.445451670365294, 
          212.63173221253177
        ], 
        [
          68.6776620824666, 
          182.65739249205743
        ], 
        [
          -35.010135626691714, 
          59.058860515094004
        ], 
        [
          105.81174605667185, 
          68.8652587306475
        ], 
        [
          187.79191189012127, 
          197.2600317239969
        ], 
        [
          199.50339060170668, 
          168.196741226399
        ], 
        [
          125.57757673520592, 
          41.75670137732727
        ]
      ], 
      "projected_cuboid_centroid": [
        84.76669074449283, 
        133.35484599940142
      ], 
      "quaternion_xyzw": [
        -0.6514019482921387, 
        0.2850528458237977, 
        0.6720224188781447, 
        -0.20689670218282333
      ], 
      "visibility": 0.7816242536918767
    }, 
    {
      "bounding_box": {
        "bottom_right": [
          147, 
          321
        ], 
        "top_left": [
          32, 
          198
        ]
      }, 
      "class": "025_mug", 
      "cuboid": [
        [
          -16.40707860197852, 
          -19.407769937145712, 
          49.54577662392385
        ], 
        [
          -27.96739714638699, 
          -17.615355247236963, 
          49.4315826894737
        ], 
        [
          -29.068131295461054, 
          -24.442203130296473, 
          53.70759758455009
        ], 
        [
          -17.507812751052583, 
          -26.234617820205226, 
          53.82179151900025
        ], 
        [
          -15.733279893473599, 
          -14.557674000228099, 
          57.462620053682315
        ], 
        [
          -27.29359843788207, 
          -12.76525931031935, 
          57.34842611923215
        ], 
        [
          -28.394332586956132, 
          -19.59210719337886, 
          61.62444101430856
        ], 
        [
          -16.83401404254766, 
          -21.38452188328761, 
          61.73863494875871
        ]
      ], 
      "cuboid_centroid": [
        -22.400705594467325, 
        -19.499938565262287, 
        55.5851088191162
      ], 
      "location": [
        -22.400705594467325, 
        -19.499938565262287, 
        55.5851088191162
      ], 
      "pose_transform_permuted": [
        [
          -0.07238298460168109, 
          -0.5210226957803972, 
          -0.850468765874671, 
          0.0
        ], 
        [
          0.9881458406767768, 
          -0.1532109269997555, 
          0.00976099931191033, 
          0.0
        ], 
        [
          0.13538666562577484, 
          0.8396797468301483, 
          -0.5259357123584522, 
          0.0
        ], 
        [
          -22.400705594467325, 
          -19.499938565262287, 
          55.5851088191162, 
          1.0
        ]
      ], 
      "projected_cuboid": [
        [
          303.5165724175597, 
          64.37783822029097
        ], 
        [
          177.34098342559588, 
          83.23367285501453
        ], 
        [
          190.54336758727445, 
          30.57403227471831
        ], 
        [
          306.66659089525285, 
          13.327977598195988
        ], 
        [
          334.3571451109244, 
          138.17448387582823
        ], 
        [
          225.66127189981455, 
          154.57425178378494
        ], 
        [
          233.81469372712596, 
          103.72955263870266
        ], 
        [
          334.96721511990893, 
          88.55967599987672
        ]
      ], 
      "projected_cuboid_centroid": [
        264.87907216616213, 
        86.19148089823184
      ], 
      "quaternion_xyzw": [
        0.958943996459334, 
        -0.07523838558119826, 
        -0.016325767073204253, 
        0.27294566001885595
      ], 
      "visibility": 0.8695652173913043
    }, 
    {
      "bounding_box": {
        "bottom_right": [
          194, 
          241
        ], 
        "top_left": [
          113, 
          178
        ]
      }, 
      "class": "061_foam_brick", 
      "cuboid": [
        [
          -33.26486068262763, 
          -18.932790579057112, 
          62.21744843184449
        ], 
        [
          -32.47527558170965, 
          -12.913460892221512, 
          57.340172486283144
        ], 
        [
          -34.15250317363626, 
          -9.737584597921725, 
          60.988178615350876
        ], 
        [
          -34.94208827455423, 
          -15.756914284757325, 
          65.86545456091221
        ], 
        [
          -28.327634816890335, 
          -18.234044770476203, 
          63.87910167087673
        ], 
        [
          -27.538049715972367, 
          -12.2147150836406, 
          59.001825725315385
        ], 
        [
          -29.21527730789897, 
          -9.038838789340813, 
          62.64983185438311
        ], 
        [
          -30.00486240881694, 
          -15.058168476176414, 
          67.52710779994445
        ]
      ], 
      "cuboid_centroid": [
        -31.240068995263297, 
        -13.985814684198964, 
        62.4336401431138
      ], 
      "location": [
        -31.240068995263297, 
        -13.985814684198964, 
        62.4336401431138
      ], 
      "pose_transform_permuted": [
        [
          -0.939350423576975, 
          -0.13294250437641225, 
          -0.3161440688292055, 
          0.0
        ], 
        [
          -0.1013926502243337, 
          -0.7729575809025748, 
          0.6263035275373479, 
          0.0
        ], 
        [
          0.32762831410951604, 
          -0.6203731688712586, 
          -0.712598638181683, 
          0.0
        ], 
        [
          -31.240068995263297, 
          -13.985814684198964, 
          62.4336401431138, 
          1.0
        ]
      ], 
      "projected_cuboid": [
        [
          194.0789277392633, 
          110.99720863116093
        ], 
        [
          177.02814438577946, 
          153.1787447587351
        ], 
        [
          180.4569507574359, 
          188.13487946723555
        ], 
        [
          196.30946412943211, 
          145.70112899228565
        ], 
        [
          243.12185081650404, 
          121.05250678578498
        ], 
        [
          230.60530610942206, 
          162.87729764217488
        ], 
        [
          230.8234526021039, 
          196.34156314595754
        ], 
        [
          242.6480619669233, 
          154.35924497745611
        ]
      ], 
      "projected_cuboid_centroid": [
        212.51480861173292, 
        153.8171487132755
      ], 
      "quaternion_xyzw": [
        0.3854796524246167, 
        -0.7137769063098074, 
        -0.20302426734498372, 
        0.5483695035780435
      ], 
      "visibility": 0.8097068716962998
    }
  ]
}