{
  "camera_data": {
    "location_worldframe": [
      -19.69169764758558, 
      -19.740499024614884, 
      63.36733965685857
    ], 
    "quaternion_xyzw_worldframe": [
      0.8828271636918575, 
      0.010562440225804482, 
      0.11653904040461238, 
      -0.45489065067393336
    ]
  }, 
  "objects": [
    {
      "bounding_box": {
        "bottom_right": [
          343, 
          346
        ], 
        "top_left": [
          129, 
          165
        ]
      }, 
      "class": "003_cracker_box", 
      "cuboid": [
        [
          -13.431297396607622, 
          4.935726655690321, 
          56.52584780157328
        ], 
        [
          -26.266498558995693, 
          1.4570373327651889, 
          46.92197111542436
        ], 
        [
          -29.477221668672826, 
          -16.64238276893175, 
          57.76889677395404
        ], 
        [
          -16.64202050628475, 
          -13.163693446006613, 
          67.37277346010296
        ], 
        [
          -17.7698446415005, 
          8.423210805875616, 
          61.06091777247576
        ], 
        [
          -30.605045803888576, 
          4.944521482950483, 
          51.45704108632684
        ], 
        [
          -33.815768913565705, 
          -13.154898618746452, 
          62.303966744856524
        ], 
        [
          -20.98056775117763, 
          -9.676209295821321, 
          71.90784343100545
        ]
      ], 
      "cuboid_centroid": [
        -23.623533155086662, 
        -4.109585981528066, 
        59.4149072732149
      ], 
      "location": [
        -23.623533155086662, 
        -4.109585981528066, 
        59.4149072732149
      ], 
      "pose_transform_permuted": [
        [
          0.6042545053788354, 
          -0.48572203810097603, 
          -0.6316253592379053, 
          0.0
        ], 
        [
          0.7824624241226311, 
          0.21206864200631495, 
          0.5854736936137551, 
          0.0
        ], 
        [
          0.1504295435262462, 
          0.8479982268735186, 
          -0.5082026757641619, 
          0.0
        ], 
        [
          -23.623533155086662, 
          -4.109585981528066, 
          59.4149072732149, 
          1.0
        ]
      ], 
      "projected_cuboid": [
        [
          353.81714658130664, 
          319.8549626055098
        ], 
        [
          180.56159544619743, 
          289.84736278275506
        ], 
        [
          207.19700186160162, 
          119.64488759591033
        ], 
        [
          348.761810102573, 
          169.08338378333212
        ], 
        [
          325.0978974694332, 
          346.85672722574486
        ], 
        [
          161.75177582134629, 
          324.5333660266769
        ], 
        [
          189.72313703501706, 
          160.68110666533514
        ], 
        [
          324.69353992130385, 
          201.52090488640826
        ]
      ], 
      "projected_cuboid_centroid": [
        267.7805929367032, 
        236.39810739622774
      ], 
      "quaternion_xyzw": [
        0.9030622916269474, 
        0.017063911053417036, 
        0.32935939470166253, 
        0.2751539741722838
      ], 
      "visibility": 0.9422615574142514
    }, 
    {
      "bounding_box": {
        "bottom_right": [
          317, 
          216
        ], 
        "top_left": [
          160, 
          101
        ]
      }, 
      "class": "004_sugar_box", 
      "cuboid": [
        [
          -28.188248255821623, 
          2.7074760118149617, 
          55.24459199556726
        ], 
        [
          -36.12148029705386, 
          1.5962081599722164, 
          50.584210563590645
        ], 
        [
          -39.45497405507469, 
          -13.079544512929614, 
          59.758144990808916
        ], 
        [
          -31.52174201384247, 
          -11.96827666108687, 
          64.41852642278553
        ], 
        [
          -30.359744708816645, 
          5.147684620908617, 
          58.35919765104454
        ], 
        [
          -38.292976750048865, 
          4.036416769065871, 
          53.69881621906792
        ], 
        [
          -41.626470508069715, 
          -10.63933590383596, 
          62.87275064628619
        ], 
        [
          -33.693238466837485, 
          -9.528068051993214, 
          67.53313207826281
        ]
      ], 
      "cuboid_centroid": [
        -34.90735938194567, 
        -3.9659299460104993, 
        59.05867132092673
      ], 
      "location": [
        -34.90735938194567, 
        -3.9659299460104993, 
        59.05867132092673
      ], 
      "pose_transform_permuted": [
        [
          0.48112208436083237, 
          -0.5406586092568125, 
          -0.690079674253423, 
          0.0
        ], 
        [
          0.8560087048612951, 
          0.11990761768543315, 
          0.5028627743411231, 
          0.0
        ], 
        [
          0.18913118422588673, 
          0.8326526713162641, 
          -0.5204980744468443, 
          0.0
        ], 
        [
          -34.90735938194567, 
          -3.9659299460104993, 
          59.05867132092673, 
          1.0
        ]
      ], 
      "projected_cuboid": [
        [
          207.20594609371062, 
          299.42393760568973
        ], 
        [
          97.58727319034749, 
          290.1156840933546
        ], 
        [
          126.54144656114275, 
          156.55638799473581
        ], 
        [
          218.45446749594117, 
          174.2014350674685
        ], 
        [
          201.84033919099818, 
          320.3290116071905
        ], 
        [
          98.11403386794107, 
          313.3749470070858
        ], 
        [
          125.55700725036671, 
          183.03812143968568
        ], 
        [
          213.2989651311928, 
          198.04191174336194
        ]
      ], 
      "projected_cuboid_centroid": [
        163.7449838199756, 
        237.47286221824862
      ], 
      "quaternion_xyzw": [
        0.9190676050257378, 
        -0.018829835303169846, 
        0.2676584544274085, 
        0.2886503337461067
      ], 
      "visibility": 0.6212079235351157
    }, 
    {
      "bounding_box": {
        "bottom_right": [
          180, 
          178
        ], 
        "top_left": [
          33, 
          0
        ]
      }, 
      "class": "024_bowl", 
      "cuboid": [
        [
          -43.871891126038115, 
          -16.926976318997756, 
          40.03851526058884
        ], 
        [
          -44.01936101785871, 
          -8.08652010583252, 
          53.51304411913817
        ], 
        [
          -45.024053553901226, 
          -12.613554386424203, 
          56.472174405030664
        ], 
        [
          -44.87658366208064, 
          -21.45401059958944, 
          42.99764554648132
        ], 
        [
          -27.99786683252565, 
          -19.313073591275938, 
          41.77773221928649
        ], 
        [
          -28.145336724346237, 
          -10.4726173781107, 
          55.252261077835826
        ], 
        [
          -29.15002926038876, 
          -14.999651658702383, 
          58.21139136372832
        ], 
        [
          -29.00255936856817, 
          -23.840107871867623, 
          44.736862505178976
        ]
      ], 
      "cuboid_centroid": [
        -36.510960193213435, 
        -15.96331398885007, 
        49.124953312158574
      ], 
      "location": [
        -36.510960193213435, 
        -15.96331398885007, 
        49.124953312158574
      ], 
      "pose_transform_permuted": [
        [
          -0.9831369986049023, 
          0.14777982364595732, 
          -0.10771613480493214, 
          0.0
        ], 
        [
          0.009150299941101905, 
          -0.5485379080975656, 
          -0.836075615833242, 
          0.0
        ], 
        [
          0.1826414903167745, 
          0.8229625064989999, 
          -0.5379356828764488, 
          0.0
        ], 
        [
          -36.510960193213435, 
          -15.96331398885007, 
          49.124953312158574, 
          1.0
        ]
      ], 
      "projected_cuboid": [
        [
          -107.6536633190913, 
          47.81644010091362
        ], 
        [
          39.237101855844344, 
          192.6949812285406
        ], 
        [
          52.849350535475864, 
          154.16494157492141
        ], 
        [
          -79.66649848405416, 
          7.182572406075983
        ], 
        [
          121.20782442585273, 
          26.7427499321173
        ], 
        [
          207.6616850115997, 
          172.20014213354872
        ], 
        [
          212.30550111430543, 
          135.86312680841
        ], 
        [
          132.96884664117877, 
          -10.917487088666293
        ]
      ], 
      "projected_cuboid_centroid": [
        81.91667604481553, 
        99.98259795597987
      ], 
      "quaternion_xyzw": [
        0.6963887099251814, 
        -0.2624896799708659, 
        -0.6530880629273831, 
        0.14006396631286894
      ], 
      "visibility": 0.6779851650069691
    }, 
    {
      "bounding_box": {
        "bottom_right": [
          117, 
          372
        ], 
        "top_left": [
          0, 
          238
        ]
      }, 
      "class": "025_mug", 
      "cuboid": [
        [
          -8.968429095588583, 
          -19.789244374200074, 
          42.76487748326508
        ], 
        [
          -20.401070470819256, 
          -17.60463512227035, 
          41.58634062545913
        ], 
        [
          -22.12133262823135, 
          -24.86497126945495, 
          44.815889852200804
        ], 
        [
          -10.688691253000677, 
          -27.04958052138468, 
          45.994426710006756
        ], 
        [
          -9.115354661998733, 
          -15.977338456630493, 
          51.256145429910646
        ], 
        [
          -20.547996037229403, 
          -13.792729204700766, 
          50.0776085721047
        ], 
        [
          -22.2682581946415, 
          -21.053065351885373, 
          53.30715779884638
        ], 
        [
          -10.835616819410825, 
          -23.237674603815098, 
          54.48569465665233
        ]
      ], 
      "cuboid_centroid": [
        -15.61834364511504, 
        -20.421154863042723, 
        48.03601764105573
      ], 
      "location": [
        -15.61834364511504, 
        -20.421154863042723, 
        48.03601764105573
      ], 
      "pose_transform_permuted": [
        [
          0.01578351349864817, 
          -0.40949488898060293, 
          -0.9121764545891917, 
          0.0
        ], 
        [
          0.9772323296703304, 
          -0.1867346939883847, 
          0.10073825298598789, 
          0.0
        ], 
        [
          0.21158656492136751, 
          0.8929973719053492, 
          -0.39722389066484404, 
          0.0
        ], 
        [
          -15.61834364511504, 
          -20.421154863042723, 
          48.03601764105573, 
          1.0
        ]
      ], 
      "projected_cuboid": [
        [
          368.81997846723726, 
          26.495428500288277
        ], 
        [
          217.7854073996478, 
          47.517775352163554
        ], 
        [
          216.15423725694947, 
          -22.612442418638036
        ], 
        [
          356.6255461464636, 
          -40.36170247985089
        ], 
        [
          385.96151739109007, 
          107.0425214951309
        ], 
        [
          260.9401083874836, 
          126.39588565222145
        ], 
        [
          256.95429144611404, 
          62.65793759138848
        ], 
        [
          374.6514777319111, 
          45.83037702634581
        ]
      ], 
      "projected_cuboid_centroid": [
        306.749451775463, 
        46.560794794036774
      ], 
      "quaternion_xyzw": [
        0.9724204538373397, 
        -0.102404586755119, 
        0.02995663193447365, 
        0.2073996840723564
      ], 
      "visibility": 0.7215100282477248
    }, 
    {
      "bounding_box": {
        "bottom_right": [
          169, 
          263
        ], 
        "top_left": [
          72, 
          203
        ]
      }, 
      "class": "061_foam_brick", 
      "cuboid": [
        [
          -27.160740041506017, 
          -20.30671667590955, 
          53.43045840721036
        ], 
        [
          -25.696170210735502, 
          -13.76259747919035, 
          49.47152745182714
        ], 
        [
          -27.719414822270373, 
          -11.005301196672793, 
          53.28086201337998
        ], 
        [
          -29.18398465304089, 
          -17.549420393391994, 
          57.23979296876319
        ], 
        [
          -22.434921004081676, 
          -19.986229729378433, 
          55.70849681420042
        ], 
        [
          -20.97035117331116, 
          -13.442110532659232, 
          51.74956585881721
        ], 
        [
          -22.99359578484603, 
          -10.684814250141676, 
          55.55890042037005
        ], 
        [
          -24.458165615616544, 
          -17.228933446860875, 
          59.51783137575326
        ]
      ], 
      "cuboid_centroid": [
        -25.077167913176023, 
        -15.495765463025613, 
        54.4946794137902
      ], 
      "location": [
        -25.077167913176023, 
        -15.495765463025613, 
        54.4946794137902
      ], 
      "pose_transform_permuted": [
        [
          -0.8991284245995839, 
          -0.06097544596127981, 
          -0.4334167406398755, 
          0.0
        ], 
        [
          -0.18806917254110356, 
          -0.8403471493672858, 
          0.5083764893167084, 
          0.0
        ], 
        [
          0.3952190056370957, 
          -0.5386080797204027, 
          -0.7441124068600962, 
          0.0
        ], 
        [
          -25.077167913176023, 
          -15.495765463025613, 
          54.4946794137902, 
          1.0
        ]
      ], 
      "projected_cuboid": [
        [
          208.23110654951853, 
          70.59372949695606
        ], 
        [
          202.27527640061433, 
          124.92114218682931
        ], 
        [
          201.8248709130643, 
          163.12798526491733
        ], 
        [
          207.41548965365266, 
          109.77355018627269
        ], 
        [
          265.02879049409967, 
          81.9504165997182
        ], 
        [
          263.6802592670349, 
          134.75511907491668
        ], 
        [
          259.03815666663354, 
          170.72114091577618
        ], 
        [
          260.60915495552064, 
          118.90376912089981
        ]
      ], 
      "projected_cuboid_centroid": [
        234.13073444415676, 
        121.63512418180952
      ], 
      "quaternion_xyzw": [
        -0.42033899663794255, 
        0.7348629111782315, 
        0.23240285722255286, 
        -0.4788324776316409
      ], 
      "visibility": 0.898922624877571
    }
  ]
}