{
  "camera_data": {
    "location_worldframe": [
      -12.98632250482172, 
      -18.092002956364382, 
      62.679691650036695
    ], 
    "quaternion_xyzw_worldframe": [
      -0.8497737126185306, 
      -0.028659562719525942, 
      -0.15872579833560588, 
      0.5018673274367222
    ]
  }, 
  "objects": [
    {
      "bounding_box": {
        "bottom_right": [
          355, 
          415
        ], 
        "top_left": [
          147, 
          246
        ]
      }, 
      "class": "003_cracker_box", 
      "cuboid": [
        [
          -6.352100470794116, 
          7.184639359096182, 
          59.21663648811294
        ], 
        [
          -18.156522140463334, 
          4.781891368179715, 
          48.08287940328542
        ], 
        [
          -22.214081462807133, 
          -14.397254941442258, 
          56.523857209568895
        ], 
        [
          -10.409659793137914, 
          -11.994506950525793, 
          67.65761429439642
        ], 
        [
          -11.147143830987638, 
          10.154487884090718, 
          63.6596035651229
        ], 
        [
          -22.951565500656855, 
          7.751739893174252, 
          52.52584648029538
        ], 
        [
          -27.009124823000658, 
          -11.427406416447722, 
          60.966824286578856
        ], 
        [
          -15.204703153331437, 
          -9.024658425531255, 
          72.10058137140638
        ]
      ], 
      "cuboid_centroid": [
        -16.680612646897387, 
        -2.12138352867577, 
        60.0917303873459
      ], 
      "location": [
        -16.680612646897387, 
        -2.12138352867577, 
        60.0917303873459
      ], 
      "pose_transform_permuted": [
        [
          0.6678333530410467, 
          -0.413627938161348, 
          -0.6187976578319805, 
          0.0
        ], 
        [
          0.719623812525941, 
          0.14647686419107764, 
          0.6787386070516236, 
          0.0
        ], 
        [
          0.19010571009725657, 
          0.8985858094968676, 
          -0.39547864918257886, 
          0.0
        ], 
        [
          -16.680612646897387, 
          -2.12138352867577, 
          60.0917303873459, 
          1.0
        ]
      ], 
      "projected_cuboid": [
        [
          423.91174158126483, 
          337.9931659743533
        ], 
        [
          278.5326017230126, 
          326.3257141475999
        ], 
        [
          270.25385422599993, 
          137.4441099654146
        ], 
        [
          398.85781598673344, 
          178.7383409468315
        ], 
        [
          387.4316562201187, 
          358.357555430038
        ], 
        [
          246.6170182080083, 
          351.99359299728775
        ], 
        [
          243.36036163135614, 
          173.32299718587524
        ], 
        [
          368.19240437019306, 
          206.53219317285044
        ]
      ], 
      "projected_cuboid_centroid": [
        332.32139973929145, 
        254.45906584896792
      ], 
      "quaternion_xyzw": [
        0.8995842483968344, 
        -0.012124724833702543, 
        0.37422063650303483, 
        0.22485570106019828
      ], 
      "visibility": 0.9201304815711595
    }, 
    {
      "bounding_box": {
        "bottom_right": [
          335, 
          278
        ], 
        "top_left": [
          175, 
          176
        ]
      }, 
      "class": "004_sugar_box", 
      "cuboid": [
        [
          -20.890495595791155, 
          5.112528938206662, 
          56.264482267509585
        ], 
        [
          -28.321472119104534, 
          4.5201498864151075, 
          50.758129852430336
        ], 
        [
          -32.374904400701595, 
          -11.072515363112215, 
          57.9058180927315
        ], 
        [
          -24.943927877388223, 
          -10.48013631132066, 
          63.41217050781075
        ], 
        [
          -23.379845671392747, 
          7.196840968361223, 
          59.39969563384546
        ], 
        [
          -30.810822194706127, 
          6.604461916569669, 
          53.89334321876621
        ], 
        [
          -34.86425447630319, 
          -8.988203332957653, 
          61.041031459067376
        ], 
        [
          -27.433277952989815, 
          -8.3958242811661, 
          66.54738387414663
        ]
      ], 
      "cuboid_centroid": [
        -27.877375036047177, 
        -1.9378371973754958, 
        58.65275686328848
      ], 
      "location": [
        -27.877375036047177, 
        -1.9378371973754958, 
        58.65275686328848
      ], 
      "pose_transform_permuted": [
        [
          0.5515465132007668, 
          -0.4618052896302024, 
          -0.6946455692556992, 
          0.0
        ], 
        [
          0.8018145134940687, 
          0.06391866798746612, 
          0.5941444262368679, 
          0.0
        ], 
        [
          0.2299780660315542, 
          0.8846751960417188, 
          -0.40553570502805525, 
          0.0
        ], 
        [
          -27.877375036047177, 
          -1.9378371973754958, 
          58.65275686328848, 
          1.0
        ]
      ], 
      "projected_cuboid": [
        [
          281.9301319277861, 
          321.7471598940499
        ], 
        [
          181.54132074983616, 
          320.7801012845478
        ], 
        [
          180.93542160175872, 
          171.30733325533296
        ], 
        [
          270.0612271901244, 
          185.14475251074458
        ], 
        [
          269.9320157654041, 
          337.9033038493136
        ], 
        [
          174.15740129295662, 
          338.6431973765819
        ], 
        [
          174.44725334812742, 
          194.75600302143985
        ], 
        [
          259.91097243743314, 
          206.0012857996552
        ]
      ], 
      "projected_cuboid_centroid": [
        226.00040139538723, 
        255.66611258921114
      ], 
      "quaternion_xyzw": [
        0.9193931801454, 
        -0.04515461981614498, 
        0.31153454370208794, 
        0.23584604861901676
      ], 
      "visibility": 0.6158623017212285
    }, 
    {
      "bounding_box": {
        "bottom_right": [
          204, 
          258
        ], 
        "top_left": [
          67, 
          38
        ]
      }, 
      "class": "024_bowl", 
      "cuboid": [
        [
          -34.81504341827435, 
          -12.733864991529565, 
          37.54749008243039
        ], 
        [
          -36.36372235226045, 
          -5.424141064982097, 
          51.8271214174072
        ], 
        [
          -37.603163493698254, 
          -10.248190092676, 
          54.16212359167487
        ], 
        [
          -36.05448455971216, 
          -17.55791401922347, 
          39.88249225669807
        ], 
        [
          -19.160635921588362, 
          -15.298667267639427, 
          40.558187394579534
        ], 
        [
          -20.709314855574462, 
          -7.98894334109196, 
          54.83781872955633
        ], 
        [
          -21.94875599701227, 
          -12.812992368785864, 
          57.17282090382402
        ], 
        [
          -20.400077063026167, 
          -20.122716295333333, 
          42.89318956884722
        ]
      ], 
      "cuboid_centroid": [
        -28.38189970764331, 
        -12.773428680157714, 
        47.3601554931272
      ], 
      "location": [
        -28.38189970764331, 
        -12.773428680157714, 
        47.3601554931272
      ], 
      "pose_transform_permuted": [
        [
          -0.9695353186223759, 
          0.15884768506875743, 
          -0.18646361278304496, 
          0.0
        ], 
        [
          0.09609335562325536, 
          -0.45355811677092783, 
          -0.8860310952310151, 
          0.0
        ], 
        [
          0.2253160734365639, 
          0.8769563544780927, 
          -0.42447640616602345, 
          0.0
        ], 
        [
          -28.38189970764331, 
          -12.773428680157714, 
          47.3601554931272, 
          1.0
        ]
      ], 
      "projected_cuboid": [
        [
          -17.032202491855585, 
          92.41640379853818
        ], 
        [
          104.28301227307892, 
          217.47018984703675
        ], 
        [
          108.24338680719605, 
          172.37541954580732
        ], 
        [
          -4.551197492714708, 
          38.49731453428652
        ], 
        [
          227.54477487073277, 
          72.11682665104352
        ], 
        [
          278.51232537496077, 
          195.5908886766853
        ], 
        [
          275.14842751427256, 
          153.76436571025943
        ], 
        [
          225.83554808157695, 
          23.087409057416554
        ]
      ], 
      "projected_cuboid_centroid": [
        159.3269189782058, 
        129.44580121787777
      ], 
      "quaternion_xyzw": [
        0.7347641327127353, 
        -0.23098371299817702, 
        -0.6313476431554553, 
        0.09037890843847049
      ], 
      "visibility": 0.7610681113404083
    }, 
    {
      "bounding_box": {
        "bottom_right": [
          150, 
          463
        ], 
        "top_left": [
          17, 
          332
        ]
      }, 
      "class": "025_mug", 
      "cuboid": [
        [
          -0.3130873412623081, 
          -15.8830451443851, 
          43.341602113017416
        ], 
        [
          -11.599675755073369, 
          -13.58066823210887, 
          41.29740592514708
        ], 
        [
          -13.548651282404887, 
          -21.151084336718952, 
          43.531698982292994
        ], 
        [
          -2.262062868593826, 
          -23.45346124899518, 
          45.57589517016333
        ], 
        [
          -1.3241788364371065, 
          -13.025154900043873, 
          52.14296578735117
        ], 
        [
          -12.610767250248166, 
          -10.722777987767644, 
          50.09876959948084
        ], 
        [
          -14.559742777579684, 
          -18.293194092377725, 
          52.33306265662675
        ], 
        [
          -3.2731543637686245, 
          -20.595571004653955, 
          54.37725884449709
        ]
      ], 
      "cuboid_centroid": [
        -7.436415059420996, 
        -17.088119618381413, 
        47.83733238482208
      ], 
      "location": [
        -7.436415059420996, 
        -17.088119618381413, 
        47.83733238482208
      ], 
      "pose_transform_permuted": [
        [
          0.10861674147241812, 
          -0.307009531093417, 
          -0.9454885610075988, 
          0.0
        ], 
        [
          0.9647481039294125, 
          -0.19680116605752324, 
          0.17473255194584708, 
          0.0
        ], 
        [
          0.23971755419200363, 
          0.9311361827603877, 
          -0.2748106682183534, 
          0.0
        ], 
        [
          -7.436415059420996, 
          -17.088119618381413, 
          47.83733238482208, 
          1.0
        ]
      ], 
      "projected_cuboid": [
        [
          477.71241560470787, 
          77.84523902336564
        ], 
        [
          330.54912553877665, 
          97.9041826378141
        ], 
        [
          314.2253073725382, 
          14.158414205125307
        ], 
        [
          454.9062929375683, 
          -1.1609551623375831
        ], 
        [
          467.94046709895446, 
          140.064921659103
        ], 
        [
          346.23213063155265, 
          159.13867501810554
        ], 
        [
          331.98408302652814, 
          86.86292443852794
        ], 
        [
          449.2272020165013, 
          71.28993909466855
        ]
      ], 
      "projected_cuboid_centroid": [
        398.0005088212169, 
        82.77782067375016
      ], 
      "quaternion_xyzw": [
        0.9799710260637046, 
        -0.11136010877865239, 
        0.07228512014186982, 
        0.1484279085394991
      ], 
      "visibility": 0.8882024794393302
    }, 
    {
      "bounding_box": {
        "bottom_right": [
          192, 
          341
        ], 
        "top_left": [
          95, 
          274
        ]
      }, 
      "class": "061_foam_brick", 
      "cuboid": [
        [
          -19.448656194922766, 
          -17.564137852291033, 
          52.058570583214426
        ], 
        [
          -17.675750283552517, 
          -10.625608134045562, 
          48.99961567376966
        ], 
        [
          -20.088375187065203, 
          -8.302318558670354, 
          52.87115257446352
        ], 
        [
          -21.861281098435448, 
          -15.240848276915825, 
          55.93010748390829
        ], 
        [
          -14.970049717727271, 
          -17.496075949677085, 
          54.808659316498535
        ], 
        [
          -13.197143806357026, 
          -10.557546231431616, 
          51.74970440705376
        ], 
        [
          -15.609768709869709, 
          -8.234256656056408, 
          55.621241307747624
        ], 
        [
          -17.382674621239953, 
          -15.172786374301877, 
          58.680196217192396
        ]
      ], 
      "cuboid_centroid": [
        -17.529212452396237, 
        -12.89919725417372, 
        53.83990594548103
      ], 
      "location": [
        -17.529212452396237, 
        -12.89919725417372, 
        53.83990594548103
      ], 
      "pose_transform_permuted": [
        [
          -0.8520940718113019, 
          -0.012949372540062773, 
          -0.5232284458387693, 
          0.0
        ], 
        [
          -0.2276634003646073, 
          -0.8909944171632678, 
          0.3928082543917747, 
          0.0
        ], 
        [
          0.4712802445662875, 
          -0.4538295520729201, 
          -0.7562629626967279, 
          0.0
        ], 
        [
          -17.529212452396237, 
          -12.89919725417372, 
          53.83990594548103, 
          1.0
        ]
      ], 
      "projected_cuboid": [
        [
          280.6928302878587, 
          93.3488529239677
        ], 
        [
          287.60814980288376, 
          157.63573494824604
        ], 
        [
          277.2738261565746, 
          189.5397524951901
        ], 
        [
          271.40240137665216, 
          127.95796244529855
        ], 
        [
          334.71600717506624, 
          103.03971842816708
        ], 
        [
          344.4571731669585, 
          164.48309224253117
        ], 
        [
          330.67681379418855, 
          194.33306221784193
        ], 
        [
          322.296699514786, 
          135.38747447563378
        ]
      ], 
      "projected_cuboid_centroid": [
        306.5117016185709, 
        145.51152831101595
      ], 
      "quaternion_xyzw": [
        -0.4587307198676698, 
        0.7424152137241492, 
        0.25030251819194593, 
        -0.4192069017411162
      ], 
      "visibility": 0.996073532036409
    }
  ]
}