{
  "camera_data": {
    "location_worldframe": [
      -9.275508625475895, 
      -14.331439090091743, 
      66.90982927420866
    ], 
    "quaternion_xyzw_worldframe": [
      -0.8320300414698092, 
      -0.05870323891473355, 
      -0.18206090560157057, 
      0.5207095065094804
    ]
  }, 
  "objects": [
    {
      "bounding_box": {
        "bottom_right": [
          379, 
          446
        ], 
        "top_left": [
          187, 
          290
        ]
      }, 
      "class": "003_cracker_box", 
      "cuboid": [
        [
          -3.322539696979486, 
          11.275903255433109, 
          64.97569942661823
        ], 
        [
          -14.181281225412935, 
          8.963902680086083, 
          52.900083440448995
        ], 
        [
          -18.15288374920391, 
          -10.683155190341184, 
          60.233093571049835
        ], 
        [
          -7.2941422207704605, 
          -8.371154614994158, 
          72.30870955721906
        ], 
        [
          -8.535667060452031, 
          13.892406652207805, 
          69.1625372073094
        ], 
        [
          -19.394408588885483, 
          11.58040607686078, 
          57.086921221140166
        ], 
        [
          -23.366011112676453, 
          -8.066651793566487, 
          64.419931351741
        ], 
        [
          -12.507269584243009, 
          -5.754651218219461, 
          76.49554733791022
        ]
      ], 
      "cuboid_centroid": [
        -13.344275404827972, 
        1.604625730933311, 
        64.69781538917961
      ], 
      "location": [
        -13.344275404827972, 
        1.604625730933311, 
        64.69781538917961
      ], 
      "pose_transform_permuted": [
        [
          0.7260623242492206, 
          -0.36441552358367224, 
          -0.5831250530349881, 
          0.0
        ], 
        [
          0.6619730467612152, 
          0.14094469980417237, 
          0.7361564215292735, 
          0.0
        ], 
        [
          0.1860784422427642, 
          0.9205085104268995, 
          -0.34356789076419303, 
          0.0
        ], 
        [
          -13.344275404827972, 
          1.604625730933311, 
          64.69781538917961, 
          1.0
        ]
      ], 
      "projected_cuboid": [
        [
          454.09844558332475, 
          365.83898569856075
        ], 
        [
          337.4350513195961, 
          363.65737541710575
        ], 
        [
          319.52723138793397, 
          178.69508442534809
        ], 
        [
          427.35011529991675, 
          211.54431194437595
        ], 
        [
          415.2291364283499, 
          380.4123437162845
        ], 
        [
          298.8999668051473, 
          381.47344331373574
        ], 
        [
          286.5425300341783, 
          206.50435920757698
        ], 
        [
          393.670911601016, 
          233.16566433843917
        ]
      ], 
      "projected_cuboid_centroid": [
        370.6803230986252, 
        286.51385208499886
      ], 
      "quaternion_xyzw": [
        0.8896075834635042, 
        -0.01268360996397785, 
        0.410916783129716, 
        0.1989594703069744
      ], 
      "visibility": 0.8775427995971803
    }, 
    {
      "bounding_box": {
        "bottom_right": [
          364, 
          322
        ], 
        "top_left": [
          209, 
          221
        ]
      }, 
      "class": "004_sugar_box", 
      "cuboid": [
        [
          -17.519896805173154, 
          8.852883688705397, 
          60.860232504642816
        ], 
        [
          -24.499353691072148, 
          8.251860497051428, 
          54.792597491636805
        ], 
        [
          -28.501344052966154, 
          -7.758386883029765, 
          60.98186416853486
        ], 
        [
          -21.52188716706716, 
          -7.157363691375797, 
          67.04949918154087
        ], 
        [
          -20.306870137285138, 
          10.71743054366254, 
          63.88132965007887
        ], 
        [
          -27.286327023184132, 
          10.11640735200857, 
          57.813694637072864
        ], 
        [
          -31.288317385078134, 
          -5.893840028072623, 
          64.00296131397091
        ], 
        [
          -24.308860499179143, 
          -5.292816836418655, 
          70.07059632697693
        ]
      ], 
      "cuboid_centroid": [
        -24.404107095125646, 
        1.4795218303163868, 
        62.43159690930686
      ], 
      "location": [
        -24.404107095125646, 
        1.4795218303163868, 
        62.43159690930686
      ], 
      "pose_transform_permuted": [
        [
          0.6174886524702274, 
          -0.41311357796976006, 
          -0.669361699239252, 
          0.0
        ], 
        [
          0.7530948065658323, 
          0.06485138480827848, 
          0.6547077360222499, 
          0.0
        ], 
        [
          0.2270594251404823, 
          0.9083673966565216, 
          -0.35115810049890217, 
          0.0
        ], 
        [
          -24.404107095125646, 
          1.4795218303163868, 
          62.43159690930686, 
          1.0
        ]
      ], 
      "projected_cuboid": [
        [
          326.7903963361187, 
          350.86455640853893
        ], 
        [
          241.14723685516861, 
          353.6053949464775
        ], 
        [
          230.2600937475235, 
          205.435223251164
        ], 
        [
          308.9828563868533, 
          216.35602743200351
        ], 
        [
          310.6503443810764, 
          362.76206426620706
        ], 
        [
          227.78860825127737, 
          366.60833977998374
        ], 
        [
          218.70718208951914, 
          224.17474311260997
        ], 
        [
          295.03621225039893, 
          233.00198187707596
        ]
      ], 
      "projected_cuboid_centroid": [
        271.3885956248229, 
        285.9252979187022
      ], 
      "quaternion_xyzw": [
        0.9125272465057696, 
        -0.04443923207589896, 
        0.34853654873428314, 
        0.20938324893727708
      ], 
      "visibility": 0.6188340807174888
    }, 
    {
      "bounding_box": {
        "bottom_right": [
          242, 
          321
        ], 
        "top_left": [
          126, 
          128
        ]
      }, 
      "class": "024_bowl", 
      "cuboid": [
        [
          -29.375473862516117, 
          -8.624946344474443, 
          40.447475547211084
        ], 
        [
          -32.23372175867002, 
          -1.9894740692687887, 
          54.8536987870083
        ], 
        [
          -33.46638975553955, 
          -6.9475443094657505, 
          56.892808303754485
        ], 
        [
          -30.608141859385647, 
          -13.583016584671403, 
          42.48658506395728
        ], 
        [
          -13.902525765988779, 
          -10.7976713218053, 
          44.51811756884264
        ], 
        [
          -16.760773662142686, 
          -4.162199046599644, 
          58.924340808639855
        ], 
        [
          -17.99344165901222, 
          -9.120269286796606, 
          60.963450325386034
        ], 
        [
          -15.135193762858313, 
          -15.755741562002262, 
          46.55722708558883
        ]
      ], 
      "cuboid_centroid": [
        -23.684457760764165, 
        -8.872607815635526, 
        50.70546293629856
      ], 
      "location": [
        -23.684457760764165, 
        -8.872607815635526, 
        50.70546293629856
      ], 
      "pose_transform_permuted": [
        [
          -0.9582968672541532, 
          0.1345648887459468, 
          -0.2521099064449213, 
          0.0
        ], 
        [
          0.1773502728790935, 
          -0.41172174753383095, 
          -0.8938859453629415, 
          0.0
        ], 
        [
          0.2240847940414233, 
          0.9013198618273535, 
          -0.370686541103037, 
          0.0
        ], 
        [
          -23.684457760764165, 
          -8.872607815635526, 
          50.70546293629856, 
          1.0
        ]
      ], 
      "projected_cuboid": [
        [
          91.03937331129318, 
          159.56243710548412
        ], 
        [
          165.59038028942712, 
          253.94371325284052
        ], 
        [
          165.26499209545776, 
          208.1594763077577
        ], 
        [
          94.18166915520122, 
          102.78357258097304
        ], 
        [
          313.6591929714351, 
          143.93224622237474
        ], 
        [
          328.63242218895994, 
          235.61480113813775
        ], 
        [
          322.8753197687787, 
          193.50072880426808
        ], 
        [
          306.7764640531533, 
          92.80230280669221
        ]
      ], 
      "projected_cuboid_centroid": [
        230.4081748865373, 
        179.96453226736602
      ], 
      "quaternion_xyzw": [
        0.763344620920225, 
        -0.20823050433262325, 
        -0.6066011215171256, 
        0.07733127537875406
      ], 
      "visibility": 0.7598913428605173
    }, 
    {
      "bounding_box": {
        "bottom_right": [
          204, 
          512
        ], 
        "top_left": [
          90, 
          394
        ]
      }, 
      "class": "025_mug", 
      "cuboid": [
        [
          4.697899164484457, 
          -10.877630255793347, 
          48.68161248594222
        ], 
        [
          -6.48354759454961, 
          -8.864026042403037, 
          45.891020797757854
        ], 
        [
          -8.316678864184757, 
          -16.583558977206422, 
          47.665904479878726
        ], 
        [
          2.864767894849312, 
          -18.59716319059673, 
          50.45649616806308
        ], 
        [
          2.939401570068851, 
          -8.434731988536878, 
          57.49034562155639
        ], 
        [
          -8.242045188965216, 
          -6.421127775146568, 
          54.699753933372044
        ], 
        [
          -10.075176458600362, 
          -14.140660709949953, 
          56.47463761549291
        ], 
        [
          1.1062703004337058, 
          -16.154264923340264, 
          59.265229303677266
        ]
      ], 
      "cuboid_centroid": [
        -2.6886386470579526, 
        -12.50914548287165, 
        52.57812505071756
      ], 
      "location": [
        -2.6886386470579526, 
        -12.50914548287165, 
        52.57812505071756
      ], 
      "pose_transform_permuted": [
        [
          0.1889070173214031, 
          -0.26242892043330035, 
          -0.9462802271174482, 
          0.0
        ], 
        [
          0.955760869844932, 
          -0.17211762985486836, 
          0.23853249018300804, 
          0.0
        ], 
        [
          0.2254690930221579, 
          0.9494770604787169, 
          -0.2183048320959958, 
          0.0
        ], 
        [
          -2.6886386470579526, 
          -12.50914548287165, 
          52.57812505071756, 
          1.0
        ]
      ], 
      "projected_cuboid": [
        [
          533.4926617402984, 
          154.11930136648604
        ], 
        [
          405.6210166325691, 
          170.27382237883245
        ], 
        [
          387.76877213371563, 
          87.73804461441438
        ], 
        [
          512.12969048381, 
          76.71658021150496
        ], 
        [
          509.0921968799281, 
          195.0402220191235
        ], 
        [
          400.5679050386841, 
          210.68089641490985
        ], 
        [
          385.6590055526096, 
          139.7488723315682
        ], 
        [
          491.63520392503165, 
          127.91654723683668
        ]
      ], 
      "projected_cuboid_centroid": [
        454.0979310179716, 
        146.40159774598516
      ], 
      "quaternion_xyzw": [
        0.9812642556214275, 
        -0.10129450874199974, 
        0.10890020324691152, 
        0.1224781575847912
      ], 
      "visibility": 0.8615545122587376
    }, 
    {
      "bounding_box": {
        "bottom_right": [
          234, 
          393
        ], 
        "top_left": [
          145, 
          324
        ]
      }, 
      "class": "061_foam_brick", 
      "cuboid": [
        [
          -14.953776782646527, 
          -13.562499020277667, 
          55.86381334541778
        ], 
        [
          -13.21261480823275, 
          -6.444378019389542, 
          53.228608693946796
        ], 
        [
          -15.985927405709347, 
          -4.37025177871496, 
          56.99875045838401
        ], 
        [
          -17.72708938012312, 
          -11.488372779603086, 
          59.63395510985499
        ], 
        [
          -10.695021308109284, 
          -13.464432795395522, 
          58.94259902563937
        ], 
        [
          -8.953859333695508, 
          -6.346311794507396, 
          56.30739437416838
        ], 
        [
          -11.727171931172103, 
          -4.2721855538328155, 
          60.077536138605595
        ], 
        [
          -13.46833390558588, 
          -11.39030655472094, 
          62.71274079007657
        ]
      ], 
      "cuboid_centroid": [
        -13.340474356909315, 
        -8.917342287055241, 
        57.97067474201169
      ], 
      "location": [
        -13.340474356909315, 
        -8.917342287055241, 
        57.97067474201169
      ], 
      "pose_transform_permuted": [
        [
          -0.8102654947749525, 
          -0.01865795740091815, 
          -0.5857659162180116, 
          0.0
        ], 
        [
          -0.2235870799112088, 
          -0.9140561949034459, 
          0.33839339570300747, 
          0.0
        ], 
        [
          0.541736694044145, 
          -0.40515818291657274, 
          -0.736456516803172, 
          0.0
        ], 
        [
          -13.340474356909315, 
          -8.917342287055241, 
          57.97067474201169, 
          1.0
        ]
      ], 
      "projected_cuboid": [
        [
          337.6469410554925, 
          143.8083321251778
        ], 
        [
          348.1111674504415, 
          208.71763258584926
        ], 
        [
          330.77522684788545, 
          232.39545110262833
        ], 
        [
          321.7386328835001, 
          170.54349216390045
        ], 
        [
          384.0208216297991, 
          151.45876308211928
        ], 
        [
          396.08319612620045, 
          213.17698401362583
        ], 
        [
          376.6252027340492, 
          235.36154362841643
        ], 
        [
          366.1056193091834, 
          176.42147567631966
        ]
      ], 
      "projected_cuboid_centroid": [
        357.84437652640014, 
        191.2486232479679
      ], 
      "quaternion_xyzw": [
        -0.4891371621003227, 
        0.7440616874705002, 
        0.24117575581752837, 
        -0.38594208982286193
      ], 
      "visibility": 0.9946
    }
  ]
}