{
  "camera_data": {
    "location_worldframe": [
      -13.504229337706578, 
      -18.38847725172975, 
      62.4007586791663
    ], 
    "quaternion_xyzw_worldframe": [
      0.852265645854418, 
      0.02476146003359281, 
      0.15475406285858548, 
      -0.49908351210929425
    ]
  }, 
  "objects": [
    {
      "bounding_box": {
        "bottom_right": [
          353, 
          411
        ], 
        "top_left": [
          143, 
          241
        ]
      }, 
      "class": "003_cracker_box", 
      "cuboid": [
        [
          -6.817908403709623, 
          6.8415044349680585, 
          58.70526818531007
        ], 
        [
          -18.756080468633442, 
          4.413397962374252, 
          47.72062151856757
        ], 
        [
          -22.787525908194876, 
          -14.697862421331958, 
          56.32647541928053
        ], 
        [
          -10.849353843271057, 
          -12.269755948738153, 
          67.31112208602302
        ], 
        [
          -11.55161084378031, 
          9.856581049928138, 
          63.18341196926032
        ], 
        [
          -23.489782908704125, 
          7.428474577334332, 
          52.19876530251783
        ], 
        [
          -27.521228348265563, 
          -11.68278580637188, 
          60.80461920323078
        ], 
        [
          -15.583056283341746, 
          -9.254679333778073, 
          71.78926586997328
        ]
      ], 
      "cuboid_centroid": [
        -17.16956837598759, 
        -2.420640685701911, 
        59.75494369427042
      ], 
      "location": [
        -17.16956837598759, 
        -2.420640685701911, 
        59.75494369427042
      ], 
      "pose_transform_permuted": [
        [
          0.6592900491985133, 
          -0.4199271151873742, 
          -0.6236969207541686, 
          0.0
        ], 
        [
          0.7277775342459363, 
          0.1480227736625604, 
          0.6696485041603152, 
          0.0
        ], 
        [
          0.18888221640675149, 
          0.895405202356817, 
          -0.4032034621845664, 
          0.0
        ], 
        [
          -17.16956837598759, 
          -2.420640685701911, 
          59.75494369427042, 
          1.0
        ]
      ], 
      "projected_cuboid": [
        [
          419.14226854687047, 
          335.4395338932013
        ], 
        [
          270.2346670501388, 
          322.61011103561265
        ], 
        [
          264.0384273156636, 
          134.12182366720666
        ], 
        [
          394.91908881442464, 
          176.07078929981446
        ], 
        [
          383.27948121167674, 
          356.4841294568331
        ], 
        [
          239.59977353738253, 
          349.1839455584359
        ], 
        [
          238.19572022071162, 
          170.81638788137573
        ], 
        [
          364.8664290097289, 
          204.5338955792576
        ]
      ], 
      "projected_cuboid_centroid": [
        327.0797103140021, 
        251.68204801470065
      ], 
      "quaternion_xyzw": [
        0.9009550012843207, 
        -0.011337814509588585, 
        0.3687583040952136, 
        0.22840501917369885
      ], 
      "visibility": 0.9239923097321665
    }, 
    {
      "bounding_box": {
        "bottom_right": [
          333, 
          272
        ], 
        "top_left": [
          172, 
          170
        ]
      }, 
      "class": "004_sugar_box", 
      "cuboid": [
        [
          -21.3961934950924, 
          4.804928025646708, 
          55.93032920278659
        ], 
        [
          -28.891042748518025, 
          4.205883696162399, 
          50.51196944084542
        ], 
        [
          -32.919966847077056, 
          -11.327029947387109, 
          57.80219127395403
        ], 
        [
          -25.425117593651425, 
          -10.7279856179028, 
          63.22055103589521
        ], 
        [
          -23.842362771870665, 
          6.917847563791825, 
          59.08034669243114
        ], 
        [
          -31.33721202529629, 
          6.318803234307516, 
          53.66198693048996
        ], 
        [
          -35.36613612385531, 
          -9.214110409241991, 
          60.952208763598584
        ], 
        [
          -27.87128687042969, 
          -8.615066079757682, 
          66.37056852553975
        ]
      ], 
      "cuboid_centroid": [
        -28.38116480947386, 
        -2.204591191797642, 
        58.441268983192586
      ], 
      "location": [
        -28.38116480947386, 
        -2.204591191797642, 
        58.441268983192586
      ], 
      "pose_transform_permuted": [
        [
          0.5419792694202888, 
          -0.4681436393216334, 
          -0.6979256071547165, 
          0.0
        ], 
        [
          0.8087064854791521, 
          0.06463786234553627, 
          0.5846498751310194, 
          0.0
        ], 
        [
          0.22858755444890724, 
          0.8812850915992577, 
          -0.41362257998763213, 
          0.0
        ], 
        [
          -28.38116480947386, 
          -2.204591191797642, 
          58.441268983192586, 
          1.0
        ]
      ], 
      "projected_cuboid": [
        [
          275.8750012329056, 
          319.1035794387486
        ], 
        [
          174.01525433732925, 
          317.6934412270218
        ], 
        [
          175.32539931617495, 
          168.7761940486847
        ], 
        [
          265.32699288526294, 
          182.78677604868258
        ], 
        [
          264.57794994306306, 
          335.73409940774013
        ], 
        [
          167.55679570732786, 
          336.0859552193128
        ], 
        [
          169.57169966680286, 
          192.66492274499797
        ], 
        [
          255.77144273525872, 
          204.0603199043637
        ]
      ], 
      "projected_cuboid_centroid": [
        220.43968008014002, 
        253.16802111948218
      ], 
      "quaternion_xyzw": [
        0.9203147809626235, 
        -0.04453630852584053, 
        0.30604450994823906, 
        0.2395284302581131
      ], 
      "visibility": 0.6102591575704814
    }, 
    {
      "bounding_box": {
        "bottom_right": [
          201, 
          250
        ], 
        "top_left": [
          61, 
          28
        ]
      }, 
      "class": "024_bowl", 
      "cuboid": [
        [
          -35.5961140997277, 
          -13.10558224399129, 
          37.48345181821444
        ], 
        [
          -36.956723185324556, 
          -5.701754104589699, 
          51.73372947109407
        ], 
        [
          -38.187189507900776, 
          -10.506609418151877, 
          54.112640264557555
        ], 
        [
          -36.82658042230391, 
          -17.91043755755347, 
          39.86236261167792
        ], 
        [
          -19.91808379694224, 
          -15.709564350907698, 
          40.333298499181545
        ], 
        [
          -21.278692882539108, 
          -8.305736211506106, 
          54.583576152061184
        ], 
        [
          -22.50915920511532, 
          -13.110591525068285, 
          56.96248694552466
        ], 
        [
          -21.148550119518458, 
          -20.514419664469877, 
          42.71220929264503
        ]
      ], 
      "cuboid_centroid": [
        -29.05263665242151, 
        -13.108086884529788, 
        47.222969381869554
      ], 
      "location": [
        -29.05263665242151, 
        -13.108086884529788, 
        47.222969381869554
      ], 
      "pose_transform_permuted": [
        [
          -0.970998366319534, 
          0.1612742368084279, 
          -0.17650153865237583, 
          0.0
        ], 
        [
          0.08442388532397051, 
          -0.4593971511847058, 
          -0.8842097404293745, 
          0.0
        ], 
        [
          0.22368455510294422, 
          0.8734671590994341, 
          -0.4324584856181719, 
          0.0
        ], 
        [
          -29.05263665242151, 
          -13.108086884529788, 
          47.222969381869554, 
          1.0
        ]
      ], 
      "projected_cuboid": [
        [
          -29.08987164988417, 
          86.81855489711901
        ], 
        [
          97.43771794890002, 
          214.5075333843821
        ], 
        [
          102.09800272145701, 
          169.7362301783828
        ], 
        [
          -15.212667045027636, 
          33.662329410091736
        ], 
        [
          216.02918428253577, 
          65.56193763424608
        ], 
        [
          271.95680392731646, 
          192.13370618621312
        ], 
        [
          269.09553447418443, 
          150.53671468170114
        ], 
        [
          215.32825575784034, 
          17.1363194457485
        ]
      ], 
      "projected_cuboid_centroid": [
        150.75250723924884, 
        125.24842168050276
      ], 
      "quaternion_xyzw": [
        0.7304780255209222, 
        -0.23377900580942432, 
        -0.6349294715011834, 
        0.09281054300584733
      ], 
      "visibility": 0.7492726765823311
    }, 
    {
      "bounding_box": {
        "bottom_right": [
          145, 
          455
        ], 
        "top_left": [
          10, 
          323
        ]
      }, 
      "class": "025_mug", 
      "cuboid": [
        [
          -1.042474664997997, 
          -16.34644394716947, 
          42.907485249128705
        ], 
        [
          -12.343019721312073, 
          -14.015048304577748, 
          40.97641525780779
        ], 
        [
          -14.294078994595196, 
          -21.564191796402483, 
          43.27979784006881
        ], 
        [
          -2.9935339382811206, 
          -23.8955874389942, 
          45.21086783138972
        ], 
        [
          -1.9436215789448263, 
          -13.43027595127807, 
          51.701673309854954
        ], 
        [
          -13.244166635258903, 
          -11.098880308686352, 
          49.77060331853404
        ], 
        [
          -15.195225908542026, 
          -18.648023800511083, 
          52.07398590079506
        ], 
        [
          -3.8946808522279497, 
          -20.979419443102802, 
          54.00505589211598
        ]
      ], 
      "cuboid_centroid": [
        -8.118850286770012, 
        -17.497233873840276, 
        47.49073557496188
      ], 
      "location": [
        -8.118850286770012, 
        -17.497233873840276, 
        47.49073557496188
      ], 
      "pose_transform_permuted": [
        [
          0.09680591899737882, 
          -0.31327003224877925, 
          -0.9447177190295667, 
          0.0
        ], 
        [
          0.9659410812843348, 
          -0.1992816113456713, 
          0.16506282008141163, 
          0.0
        ], 
        [
          0.23997384806335875, 
          0.9285197216316229, 
          -0.28330845166849117, 
          0.0
        ], 
        [
          -8.118850286770012, 
          -17.497233873840276, 
          47.49073557496188, 
          1.0
        ]
      ], 
      "projected_cuboid": [
        [
          468.5316246752973, 
          70.1080337736657
        ], 
        [
          319.6104278680016, 
          90.87673778553719
        ], 
        [
          303.98899940455516, 
          7.559654903607273
        ], 
        [
          445.9902578400674, 
          -8.592252315660886
        ], 
        [
          461.3809004144685, 
          134.74887152560336
        ], 
        [
          338.4958047494898, 
          154.35588765333753
        ], 
        [
          324.67714843594786, 
          82.3014211670468
        ], 
        [
          442.8151589954345, 
          66.10713509516573
        ]
      ], 
      "projected_cuboid_centroid": [
        389.6628108239112, 
        76.79310903643575
      ], 
      "quaternion_xyzw": [
        0.9796910893166177, 
        -0.11209029667592264, 
        0.06682431378993572, 
        0.1522363759410665
      ], 
      "visibility": 0.8715320080134769
    }, 
    {
      "bounding_box": {
        "bottom_right": [
          189, 
          334
        ], 
        "top_left": [
          91, 
          267
        ]
      }, 
      "class": "061_foam_brick", 
      "cuboid": [
        [
          -20.084277683010605, 
          -17.902583081394646, 
          51.85012753470788
        ], 
        [
          -18.32089386092443, 
          -10.989769689173281, 
          48.72809555859151
        ], 
        [
          -20.68114793671772, 
          -8.63359775473351, 
          52.612022162247975
        ], 
        [
          -22.4445317588039, 
          -15.546411146954872, 
          55.73405413836434
        ], 
        [
          -15.574649933627013, 
          -17.834033995041878, 
          54.5490337994475
        ], 
        [
          -13.811266111540835, 
          -10.921220602820517, 
          51.42700182333113
        ], 
        [
          -16.17152018733413, 
          -8.565048668380742, 
          55.310928426987594
        ], 
        [
          -17.934904009420308, 
          -15.477862060602106, 
          58.43296040310396
        ]
      ], 
      "cuboid_centroid": [
        -18.127898935172368, 
        -13.233815874887695, 
        53.580527980847734
      ], 
      "location": [
        -18.127898935172368, 
        -13.233815874887695, 
        53.580527980847734
      ], 
      "pose_transform_permuted": [
        [
          -0.8579961402931207, 
          -0.01304206350941775, 
          -0.5134905333319437, 
          0.0
        ], 
        [
          -0.22644064442979797, 
          -0.8876921177067739, 
          0.40090814248588286, 
          0.0
        ], 
        [
          0.46105016841155744, 
          -0.46025276614125793, 
          -0.7586831574952716, 
          0.0
        ], 
        [
          -18.127898935172368, 
          -13.233815874887695, 
          53.580527980847734, 
          1.0
        ]
      ], 
      "projected_cuboid": [
        [
          273.29282038416176, 
          89.14430727496308
        ], 
        [
          279.4074004940662, 
          153.005633862592
        ], 
        [
          270.20855463837694, 
          185.76915000455256
        ], 
        [
          265.0353679382111, 
          124.52281280691955
        ], 
        [
          328.05656176157794, 
          98.92525393991849
        ], 
        [
          337.1748455226859, 
          160.02889874309395
        ], 
        [
          324.36843603466633, 
          190.70054068270633
        ], 
        [
          316.5404645267826, 
          132.0195734875003
        ]
      ], 
      "projected_cuboid_centroid": [
        299.6553799563555, 
        141.56231964820788
      ], 
      "quaternion_xyzw": [
        -0.4546419257945994, 
        0.7416508518000569, 
        0.2513450541370351, 
        -0.424358807019342
      ], 
      "visibility": 0.9941302027748132
    }
  ]
}