{
  "camera_data": {
    "location_worldframe": [
      -11.737687533200406, 
      -17.42956825799158, 
      63.34960929316872
    ], 
    "quaternion_xyzw_worldframe": [
      -0.8447272536737087, 
      -0.034556019645316446, 
      -0.1646005108479571, 
      0.5080849652775538
    ]
  }, 
  "objects": [
    {
      "bounding_box": {
        "bottom_right": [
          359, 
          426
        ], 
        "top_left": [
          154, 
          259
        ]
      }, 
      "class": "003_cracker_box", 
      "cuboid": [
        [
          -5.209857054214395, 
          7.934640041834415, 
          60.35640653939134
        ], 
        [
          -16.806234365576323, 
          5.6157560268279685, 
          48.98869235118999
        ], 
        [
          -20.882654360648818, 
          -13.7059703258665, 
          57.08852185073879
        ], 
        [
          -9.286277049286893, 
          -11.387086310860054, 
          68.45623603894015
        ], 
        [
          -10.099418644886619, 
          10.811209912971027, 
          64.75753489044345
        ], 
        [
          -21.695795956248546, 
          8.49232589796458, 
          53.3898207022421
        ], 
        [
          -25.772215951321044, 
          -10.82940045472989, 
          61.489650201790916
        ], 
        [
          -14.175838639959116, 
          -8.510516439723444, 
          72.85736438999226
        ]
      ], 
      "cuboid_centroid": [
        -15.491036502767718, 
        -1.4473802064477375, 
        60.923028370591126
      ], 
      "location": [
        -15.491036502767718, 
        -1.4473802064477375, 
        60.923028370591126
      ], 
      "pose_transform_permuted": [
        [
          0.6809974523082429, 
          -0.40063648188167433, 
          -0.6129705370857211, 
          0.0
        ], 
        [
          0.706940965497163, 
          0.14136432960304113, 
          0.6930011526814529, 
          0.0
        ], 
        [
          0.19098937470870345, 
          0.9052660027314393, 
          -0.37949508962175127, 
          0.0
        ], 
        [
          -15.491036502767718, 
          -1.4473802064477375, 
          60.923028370591126, 
          1.0
        ]
      ], 
      "projected_cuboid": [
        [
          435.1782409765845, 
          343.3983813192657
        ], 
        [
          297.1098398410104, 
          334.4229455823617
        ], 
        [
          284.8860710263074, 
          145.24569642209806
        ], 
        [
          408.6478982841099, 
          184.57356636279064
        ], 
        [
          397.72877551879975, 
          362.32374383116485
        ], 
        [
          263.0681763275681, 
          358.1177595229939
        ], 
        [
          256.20352152222387, 
          179.3596524396187
        ], 
        [
          376.9644625470212, 
          210.98912826580275
        ]
      ], 
      "projected_cuboid_centroid": [
        344.8585934758974, 
        260.61618607940323
      ], 
      "quaternion_xyzw": [
        0.8979389602465085, 
        -0.013816374860279729, 
        0.38254231796905663, 
        0.21720061330484491
      ], 
      "visibility": 0.9142628205128205
    }, 
    {
      "bounding_box": {
        "bottom_right": [
          341, 
          292
        ], 
        "top_left": [
          181, 
          189
        ]
      }, 
      "class": "004_sugar_box", 
      "cuboid": [
        [
          -19.681829891716678, 
          5.813449688878429, 
          57.12593113915647
        ], 
        [
          -27.013525284273836, 
          5.252492181021595, 
          51.4848486813989
        ], 
        [
          -31.087044483016317, 
          -10.464855250931903, 
          58.34213685286952
        ], 
        [
          -23.755349090459156, 
          -9.903897743075069, 
          63.98321931062709
        ], 
        [
          -22.237954239007035, 
          7.8375449671351225, 
          60.2468364430906
        ], 
        [
          -29.5696496315642, 
          7.276587459278288, 
          54.605753985333024
        ], 
        [
          -33.64316883030668, 
          -8.44075997267521, 
          61.46304215680365
        ], 
        [
          -26.311473437749516, 
          -7.8798024648183755, 
          67.10412461456123
        ]
      ], 
      "cuboid_centroid": [
        -26.662499361011676, 
        -1.31365514189839, 
        59.29448664798006
      ], 
      "location": [
        -26.662499361011676, 
        -1.31365514189839, 
        59.29448664798006
      ], 
      "pose_transform_permuted": [
        [
          0.566341184742719, 
          -0.44846351826945136, 
          -0.691475439828872, 
          0.0
        ], 
        [
          0.7911019172011471, 
          0.06052823203544723, 
          0.6086820180707588, 
          0.0
        ], 
        [
          0.23111772991063553, 
          0.8917492422304633, 
          -0.38905938531542755, 
          0.0
        ], 
        [
          -26.662499361011676, 
          -1.31365514189839, 
          59.29448664798006, 
          1.0
        ]
      ], 
      "projected_cuboid": [
        [
          296.31904019784696, 
          327.5600789641906
        ], 
        [
          199.43829297967014, 
          327.6958838829259
        ], 
        [
          195.054702887315, 
          177.62476517993278
        ], 
        [
          281.9389070171352, 
          190.7345396134952
        ], 
        [
          283.1008106108988, 
          342.66638365857676
        ], 
        [
          190.39161122736863, 
          344.3549933631344
        ], 
        [
          187.23992360328788, 
          200.0454091289071
        ], 
        [
          270.74022904624246, 
          210.6606861407872
        ]
      ], 
      "projected_cuboid_centroid": [
        239.78482664203506, 
        261.4709704250924
      ], 
      "quaternion_xyzw": [
        0.9184670107386114, 
        -0.04643321313685613, 
        0.3198327182890732, 
        0.22796760629196713
      ], 
      "visibility": 0.6052794390595999
    }, 
    {
      "bounding_box": {
        "bottom_right": [
          212, 
          277
        ], 
        "top_left": [
          79, 
          62
        ]
      }, 
      "class": "024_bowl", 
      "cuboid": [
        [
          -33.16778648905591, 
          -11.853186392182788, 
          37.92355585795386
        ], 
        [
          -35.00799898244315, 
          -4.756130275331885, 
          52.2756899793734
        ], 
        [
          -36.25577178562405, 
          -9.620413594742164, 
          54.52106507914336
        ], 
        [
          -34.41555929223682, 
          -16.717469711593065, 
          40.168930957723816
        ], 
        [
          -17.550799126682634, 
          -14.362192899182515, 
          41.16663698005441
        ], 
        [
          -19.391011620069865, 
          -7.265136782331613, 
          55.51877110147395
        ], 
        [
          -20.638784423250765, 
          -12.129420101741891, 
          57.76414620124392
        ], 
        [
          -18.798571929863535, 
          -19.226476218592794, 
          43.41201207982438
        ]
      ], 
      "cuboid_centroid": [
        -26.90328545615334, 
        -11.99130324696234, 
        47.84385102959889
      ], 
      "location": [
        -26.90328545615334, 
        -11.99130324696234, 
        47.84385102959889
      ], 
      "pose_transform_permuted": [
        [
          -0.9672177513908188, 
          0.1553920468535501, 
          -0.20085600107826596, 
          0.0
        ], 
        [
          0.11418260406905209, 
          -0.44036237747447393, 
          -0.8905297914348733, 
          0.0
        ], 
        [
          0.22683067323997075, 
          0.8842704836641857, 
          -0.4081832399766172, 
          0.0
        ], 
        [
          -26.90328545615334, 
          -11.99130324696234, 
          47.84385102959889, 
          1.0
        ]
      ], 
      "projected_cuboid": [
        [
          11.270863613919959, 
          106.59498485791741
        ], 
        [
          121.46710818242873, 
          224.76422451319576
        ], 
        [
          123.99126156688632, 
          179.18061835506612
        ], 
        [
          20.856666009091768, 
          51.33007148630929
        ], 
        [
          252.32917289009788, 
          87.2223050899616
        ], 
        [
          293.77251694277544, 
          203.49681382935327
        ], 
        [
          289.45719749576097, 
          161.29912540492273
        ], 
        [
          248.73074740435692, 
          37.087942443052135
        ]
      ], 
      "projected_cuboid_centroid": [
        179.20462851505022, 
        139.61843410341916
      ], 
      "quaternion_xyzw": [
        0.7415033865080293, 
        -0.22494605650301366, 
        -0.6263449286369427, 
        0.08522927801905923
      ], 
      "visibility": 0.7418683199925971
    }, 
    {
      "bounding_box": {
        "bottom_right": [
          161, 
          479
        ], 
        "top_left": [
          31, 
          351
        ]
      }, 
      "class": "025_mug", 
      "cuboid": [
        [
          1.2497771481392306, 
          -14.867796603109582, 
          44.26520502838936
        ], 
        [
          -10.014944772819756, 
          -12.607494623459214, 
          42.05979564967641
        ], 
        [
          -11.952536138559235, 
          -20.220835313058878, 
          44.15372838779986
        ], 
        [
          -0.6878142176002509, 
          -22.481137292709246, 
          46.35913776651281
        ], 
        [
          0.06972903873722416, 
          -12.141135123214248, 
          53.087146357923864
        ], 
        [
          -11.194992882221761, 
          -9.880833143563878, 
          50.88173697921091
        ], 
        [
          -13.132584247961244, 
          -17.494173833163543, 
          52.97566971733437
        ], 
        [
          -1.8678623270022565, 
          -19.754475812813908, 
          55.18107909604733
        ]
      ], 
      "cuboid_centroid": [
        -5.941403549911007, 
        -16.180985218136563, 
        48.620437372861865
      ], 
      "location": [
        -5.941403549911007, 
        -16.180985218136563, 
        48.620437372861865
      ], 
      "pose_transform_permuted": [
        [
          0.12676694546003944, 
          -0.29291225023447737, 
          -0.9476991204532227, 
          0.0
        ], 
        [
          0.962879013222356, 
          -0.1932047106907194, 
          0.1885126345085734, 
          0.0
        ], 
        [
          0.23831733990757575, 
          0.9364157649737662, 
          -0.2575468124593531, 
          0.0
        ], 
        [
          -5.941403549911007, 
          -16.180985218136563, 
          48.620437372861865, 
          1.0
        ]
      ], 
      "projected_cuboid": [
        [
          496.7802175936351, 
          94.15516195011806
        ], 
        [
          353.5489686283084, 
          113.42309419726534
        ], 
        [
          336.0228652527479, 
          29.045160088810707
        ], 
        [
          473.618453566017, 
          14.661564614877038
        ], 
        [
          482.30341274697514, 
          151.3152969680127
        ], 
        [
          363.2783027003859, 
          169.720069414095
        ], 
        [
          348.28622457258865, 
          97.16822656774431
        ], 
        [
          463.3939247312777, 
          82.36151478795001
        ]
      ], 
      "projected_cuboid_centroid": [
        415.88245983629804, 
        95.79664364634658
      ], 
      "quaternion_xyzw": [
        0.9806877559459668, 
        -0.11000495519138276, 
        0.08037205982665084, 
        0.14032475152166557
      ], 
      "visibility": 0.8878323796701447
    }, 
    {
      "bounding_box": {
        "bottom_right": [
          200, 
          357
        ], 
        "top_left": [
          105, 
          289
        ]
      }, 
      "class": "061_foam_brick", 
      "cuboid": [
        [
          -18.020721469426785, 
          -16.791948921505657, 
          52.627420219361746
        ], 
        [
          -16.240955110023148, 
          -9.799850625661827, 
          49.69713212998276
        ], 
        [
          -18.734508509338806, 
          -7.546747298691063, 
          53.558860783356224
        ], 
        [
          -20.51427486874244, 
          -14.538845594534891, 
          56.48914887273519
        ], 
        [
          -13.590340486117242, 
          -16.73474879285038, 
          55.45478452717777
        ], 
        [
          -11.810574126713606, 
          -9.742650497006549, 
          52.524496437798796
        ], 
        [
          -14.304127526029259, 
          -7.489547170035786, 
          56.38622509117225
        ], 
        [
          -16.0838938854329, 
          -14.481645465879614, 
          59.316513180551226
        ]
      ], 
      "cuboid_centroid": [
        -16.162424497728022, 
        -12.14074804577072, 
        54.506822655266994
      ], 
      "location": [
        -16.162424497728022, 
        -12.14074804577072, 
        54.506822655266994
      ], 
      "pose_transform_permuted": [
        [
          -0.842918749607927, 
          -0.010882824999736695, 
          -0.5379308000843912, 
          0.0
        ], 
        [
          -0.22854436811212853, 
          -0.8978732957605602, 
          0.3762858176496921, 
          0.0
        ], 
        [
          0.48708875306625177, 
          -0.440119425701814, 
          -0.7543470274060001, 
          0.0
        ], 
        [
          -16.162424497728022, 
          -12.14074804577072, 
          54.506822655266994, 
          1.0
        ]
      ], 
      "projected_cuboid": [
        [
          297.45550295335556, 
          103.11906326729725
        ], 
        [
          305.8565203221066, 
          168.12046447144536
        ], 
        [
          293.4910410672748, 
          198.13878344057272
        ], 
        [
          286.3057769438951, 
          136.02387378842906
        ], 
        [
          349.806887864264, 
          112.34516336834379
        ], 
        [
          360.676313533944, 
          174.3622901650114
        ], 
        [
          345.17642598633796, 
          202.44792148590648
        ], 
        [
          335.78034903079697, 
          143.08088850257212
        ]
      ], 
      "projected_cuboid_centroid": [
        322.1386763307001, 
        154.49592844421497
      ], 
      "quaternion_xyzw": [
        -0.46617244831458254, 
        0.7427305355743653, 
        0.2502469491951515, 
        -0.4103791714699022
      ], 
      "visibility": 0.9945779866257003
    }
  ]
}