{
  "camera_data": {
    "location_worldframe": [
      -9.019087493634032, 
      -13.780746858995336, 
      67.5865623678965
    ], 
    "quaternion_xyzw_worldframe": [
      -0.8307764301650108, 
      -0.060100459894495195, 
      -0.18300113547204888, 
      0.5222198288069467
    ]
  }, 
  "objects": [
    {
      "bounding_box": {
        "bottom_right": [
          382, 
          448
        ], 
        "top_left": [
          193, 
          294
        ]
      }, 
      "class": "003_cracker_box", 
      "cuboid": [
        [
          -3.1122217920441315, 
          11.845131088341443, 
          65.75962105088803
        ], 
        [
          -13.926347751811846, 
          9.552377961694853, 
          53.64037691135165
        ], 
        [
          -17.881855026569927, 
          -10.127718425705162, 
          60.89305335032069
        ], 
        [
          -7.067729066802212, 
          -7.834965299058573, 
          73.01229748985706
        ], 
        [
          -8.344467183733501, 
          14.436662471191278, 
          69.938134038518
        ], 
        [
          -19.158593143501214, 
          12.143909344544689, 
          57.81888989898164
        ], 
        [
          -23.114100418259294, 
          -7.536187042855327, 
          65.07156633795067
        ], 
        [
          -12.29997445849158, 
          -5.243433916208738, 
          77.19081047748705
        ]
      ], 
      "cuboid_centroid": [
        -13.113161105151713, 
        2.154472022743058, 
        65.41559369441934
      ], 
      "location": [
        -13.113161105151713, 
        2.154472022743058, 
        65.41559369441934
      ], 
      "pose_transform_permuted": [
        [
          0.7287250023375077, 
          -0.3609375271321542, 
          -0.5819656110767413, 
          0.0
        ], 
        [
          0.659253182415489, 
          0.13977133250141033, 
          0.738816090841172, 
          0.0
        ], 
        [
          0.1853243439034641, 
          0.9220564386839377, 
          -0.3398040780188564, 
          0.0
        ], 
        [
          -13.113161105151713, 
          2.154472022743058, 
          65.41559369441934, 
          1.0
        ]
      ], 
      "projected_cuboid": [
        [
          456.1461789043573, 
          369.3521824253599
        ], 
        [
          341.9804379035476, 
          368.26108003664245
        ], 
        [
          323.6772789756693, 
          184.58494934212368
        ], 
        [
          429.54049082505037, 
          216.05589915604028
        ], 
        [
          417.43530298283173, 
          383.37461678659577
        ], 
        [
          303.40613456893624, 
          385.30156768913673
        ], 
        [
          290.57766986294274, 
          211.52075672573903
        ], 
        [
          395.9070285035079, 
          237.05909104468526
        ]
      ], 
      "projected_cuboid_centroid": [
        373.7972953194094, 
        290.85149545152615
      ], 
      "quaternion_xyzw": [
        0.8892799379520725, 
        -0.012806150644463556, 
        0.41256443290463957, 
        0.1969969115587922
      ], 
      "visibility": 0.8733900264200792
    }, 
    {
      "bounding_box": {
        "bottom_right": [
          367, 
          326
        ], 
        "top_left": [
          214, 
          226
        ]
      }, 
      "class": "004_sugar_box", 
      "cuboid": [
        [
          -17.29092961270376, 
          9.407298711504577, 
          61.58903208240146
        ], 
        [
          -24.24910480479224, 
          8.812840685067062, 
          55.49635946678411
        ], 
        [
          -28.238679664227327, 
          -7.226619611805467, 
          61.61763187142868
        ], 
        [
          -21.280504472138844, 
          -6.632161585367953, 
          67.71030448704603
        ], 
        [
          -20.091657337956924, 
          11.255811961028213, 
          64.60726107731381
        ], 
        [
          -27.04983253004541, 
          10.661353934590698, 
          58.51458846169645
        ], 
        [
          -31.039407389480495, 
          -5.37810636228183, 
          64.63586086634102
        ], 
        [
          -24.081232197392012, 
          -4.783648335844316, 
          70.72853348195838
        ]
      ], 
      "cuboid_centroid": [
        -24.165168501092126, 
        2.014596174611373, 
        63.11244647437124
      ], 
      "location": [
        -24.165168501092126, 
        2.014596174611373, 
        63.11244647437124
      ], 
      "pose_transform_permuted": [
        [
          0.6205361095766289, 
          -0.4095611329932337, 
          -0.6687262247689515, 
          0.0
        ], 
        [
          0.7507984770167522, 
          0.06414299275004424, 
          0.6574093342703258, 
          0.0
        ], 
        [
          0.22635501143724246, 
          0.9100248389523542, 
          -0.347300334993587, 
          0.0
        ], 
        [
          -24.165168501092126, 
          2.014596174611373, 
          63.11244647437124, 
          1.0
        ]
      ], 
      "projected_cuboid": [
        [
          330.62149007395624, 
          354.7474159649304
        ], 
        [
          246.62136702044702, 
          357.97786847360516
        ], 
        [
          235.14576330946554, 
          210.73791931419288
        ], 
        [
          312.5845432687104, 
          221.04837897405986
        ], 
        [
          314.36245499409915, 
          366.20093867278774
        ], 
        [
          233.00219719897785, 
          370.45732882033775
        ], 
        [
          223.35224641000127, 
          228.91102561201834
        ], 
        [
          298.5023611647041, 
          237.21604123968393
        ]
      ], 
      "projected_cuboid_centroid": [
        275.6922305061421, 
        290.31049525329007
      ], 
      "quaternion_xyzw": [
        0.912352664918843, 
        -0.04444882580071916, 
        0.350178580330182, 
        0.20739279258151402
      ], 
      "visibility": 0.6234361644261404
    }, 
    {
      "bounding_box": {
        "bottom_right": [
          248, 
          326
        ], 
        "top_left": [
          135, 
          136
        ]
      }, 
      "class": "024_bowl", 
      "cuboid": [
        [
          -29.04335150999835, 
          -8.024632359728184, 
          41.07762481696947
        ], 
        [
          -31.962650220742628, 
          -1.4443706172938928, 
          55.49692410036972
        ], 
        [
          -33.191874228909064, 
          -6.411895553443411, 
          57.51499319358676
        ], 
        [
          -30.272575518164786, 
          -12.992157295877703, 
          43.095693910186526
        ], 
        [
          -13.579485982738726, 
          -10.17976262860659, 
          45.19189991377745
        ], 
        [
          -16.498784693483003, 
          -3.599500886172298, 
          59.611199197177676
        ], 
        [
          -17.72800870164944, 
          -8.567025822321817, 
          61.629268290394734
        ], 
        [
          -14.808709990905164, 
          -15.147287564756107, 
          47.2099690069945
        ]
      ], 
      "cuboid_centroid": [
        -23.385680105823894, 
        -8.295829091025, 
        51.353446553682105
      ], 
      "location": [
        -23.385680105823894, 
        -8.295829091025, 
        51.353446553682105
      ], 
      "pose_transform_permuted": [
        [
          -0.9577343501681027, 
          0.13347518341732767, 
          -0.25481226406865093, 
          0.0
        ], 
        [
          0.181138390292444, 
          -0.4082960114155688, 
          -0.894697295527599, 
          0.0
        ], 
        [
          0.22345871670253412, 
          0.9030386162694529, 
          -0.36686163530111426, 
          0.0
        ], 
        [
          -23.385680105823894, 
          -8.295829091025, 
          51.353446553682105, 
          1.0
        ]
      ], 
      "projected_cuboid": [
        [
          101.3786541097016, 
          169.1010208231028
        ], 
        [
          171.87966616355396, 
          259.40628879561245
        ], 
        [
          171.25371941551163, 
          213.83091999345191
        ], 
        [
          103.84466824871704, 
          112.50546486606197
        ], 
        [
          320.0070727530282, 
          153.15291287985968
        ], 
        [
          332.7583799723809, 
          241.0831208703689
        ], 
        [
          326.9061981592225, 
          199.15029123827534
        ], 
        [
          312.91254015547037, 
          102.17129982035259
        ]
      ], 
      "projected_cuboid_centroid": [
        236.70645050767445, 
        187.13208468180017
      ], 
      "quaternion_xyzw": [
        0.7646877255832193, 
        -0.2065401035554318, 
        -0.6056170328492168, 
        0.07630122861779466
      ], 
      "visibility": 0.7652758918652018
    }, 
    {
      "bounding_box": {
        "bottom_right": [
          210, 
          514
        ], 
        "top_left": [
          99, 
          399
        ]
      }, 
      "class": "025_mug", 
      "cuboid": [
        [
          5.007205491193647, 
          -10.236086517322116, 
          49.416500606715694
        ], 
        [
          -6.16908553876307, 
          -8.235722200476674, 
          46.595894831875675
        ], 
        [
          -7.992238985432657, 
          -15.965005221629774, 
          48.3383260520673
        ], 
        [
          3.184052044524059, 
          -17.965369538475212, 
          51.15893182690732
        ], 
        [
          3.2146879973572693, 
          -7.826949859542988, 
          58.22767457995176
        ], 
        [
          -7.961603032599447, 
          -5.826585542697547, 
          55.40706880511175
        ], 
        [
          -9.784756479269035, 
          -13.555868563850645, 
          57.14950002530338
        ], 
        [
          1.3915345506876813, 
          -15.556232880696086, 
          59.97010580014338
        ]
      ], 
      "cuboid_centroid": [
        -2.388775494037694, 
        -11.895977540586381, 
        53.283000316009534
      ], 
      "location": [
        -2.388775494037694, 
        -11.895977540586381, 
        53.283000316009534
      ], 
      "pose_transform_permuted": [
        [
          0.19256161301124702, 
          -0.25880207160132696, 
          -0.9465424346725686, 
          0.0
        ], 
        [
          0.955320171587019, 
          -0.17098591807274516, 
          0.24109801593184985, 
          0.0
        ], 
        [
          0.22424185374494696, 
          0.9506762889041831, 
          -0.21431328643926878, 
          0.0
        ], 
        [
          -2.388775494037694, 
          -11.895977540586381, 
          53.283000316009534, 
          1.0
        ]
      ], 
      "projected_cuboid": [
        [
          536.0868632090302, 
          162.81523127826262
        ], 
        [
          410.3995475737844, 
          179.02347152634349
        ], 
        [
          392.68338716324035, 
          97.1437000818882
        ], 
        [
          515.0666619917926, 
          86.00187327825519
        ], 
        [
          511.2864487060702, 
          201.59784928305214
        ], 
        [
          404.3241917014299, 
          217.2028605742704
        ], 
        [
          389.5246982991191, 
          146.78306605613955
        ], 
        [
          494.0752397080961, 
          134.94354983839517
        ]
      ], 
      "projected_cuboid_centroid": [
        457.4881131616269, 
        154.21745880549048
      ], 
      "quaternion_xyzw": [
        0.9813942754015547, 
        -0.10068017047887753, 
        0.11047028697147672, 
        0.12052122421618269
      ], 
      "visibility": 0.8820922943910083
    }, 
    {
      "bounding_box": {
        "bottom_right": [
          239, 
          397
        ], 
        "top_left": [
          152, 
          328
        ]
      }, 
      "class": "061_foam_brick", 
      "cuboid": [
        [
          -14.662472389077042, 
          -12.985560610939933, 
          56.52454599602347
        ], 
        [
          -12.927219647454475, 
          -5.854925394585865, 
          53.919448206391394
        ], 
        [
          -15.717184992855074, 
          -3.7993753289550973, 
          57.68747668938884
        ], 
        [
          -17.452437734477638, 
          -10.930010545309164, 
          60.292574479020914
        ], 
        [
          -10.414096385890323, 
          -12.88936231453489, 
          59.617697085837406
        ], 
        [
          -8.678843644267758, 
          -5.758727098180826, 
          57.01259929620534
        ], 
        [
          -11.468808989668357, 
          -3.7031770325500575, 
          60.78062777920278
        ], 
        [
          -13.204061731290922, 
          -10.833812248904124, 
          63.38572556883485
        ]
      ], 
      "cuboid_centroid": [
        -13.065640689372698, 
        -8.344368821744995, 
        58.652586887613126
      ], 
      "location": [
        -13.065640689372698, 
        -8.344368821744995, 
        58.652586887613126
      ], 
      "pose_transform_permuted": [
        [
          -0.8082907095261586, 
          -0.018302567663058184, 
          -0.5884990610958012, 
          0.0
        ], 
        [
          -0.22282826015536902, 
          -0.9156631774441435, 
          0.3345272962689685, 
          0.0
        ], 
        [
          0.5449896286809792, 
          -0.4015295275441574, 
          -0.7360437100745684, 
          0.0
        ], 
        [
          -13.065640689372698, 
          -8.344368821744995, 
          58.652586887613126, 
          1.0
        ]
      ], 
      "projected_cuboid": [
        [
          342.1010338099203, 
          150.76536332649275
        ], 
        [
          352.66782727781526, 
          215.37521887842283
        ], 
        [
          335.0811000275267, 
          238.16138806962118
        ], 
        [
          325.9345664139753, 
          176.60483681923333
        ], 
        [
          387.6597553841511, 
          157.9826991392165
        ], 
        [
          399.73499149809385, 
          219.41700785105596
        ], 
        [
          380.1253826928125, 
          240.79301325867272
        ], 
        [
          369.5739089292045, 
          182.1321939885532
        ]
      ], 
      "projected_cuboid_centroid": [
        361.8030104714621, 
        197.4123858256813
      ], 
      "quaternion_xyzw": [
        -0.4909534788033065, 
        0.7437837133191556, 
        0.24124659143468274, 
        -0.3841230942982301
      ], 
      "visibility": 0.9946808510638298
    }
  ]
}