{
  "camera_data": {
    "location_worldframe": [
      -24.85681923222572, 
      -7.01145374730505, 
      89.31159663609364
    ], 
    "quaternion_xyzw_worldframe": [
      0.9464006105330165, 
      0.026007534561545476, 
      -0.031023789633529645, 
      -0.3204523413903675
    ]
  }, 
  "objects": [
    {
      "bounding_box": {
        "bottom_right": [
          399, 
          346
        ], 
        "top_left": [
          238, 
          179
        ]
      }, 
      "class": "003_cracker_box", 
      "cuboid": [
        [
          -24.525809879468525, 
          14.745808941214491, 
          74.43114956129705
        ], 
        [
          -38.49242960104413, 
          7.342534317387512, 
          70.04900692506861
        ], 
        [
          -36.05170643621606, 
          -6.677638684815713, 
          85.95596032813606
        ], 
        [
          -22.085086714640447, 
          0.7256359390112648, 
          90.3381029643645
        ], 
        [
          -28.2008174775221, 
          19.0825738440344, 
          78.81739931101042
        ], 
        [
          -42.16743719909771, 
          11.67929922020742, 
          74.43525667478198
        ], 
        [
          -39.726714034269634, 
          -2.340873781995806, 
          90.34221007784943
        ], 
        [
          -25.760094312694026, 
          5.062400841831174, 
          94.72435271407787
        ]
      ], 
      "cuboid_centroid": [
        -32.12626195686908, 
        6.202467579609343, 
        82.38667981957323
      ], 
      "location": [
        -32.12626195686908, 
        6.202467579609343, 
        82.38667981957323
      ], 
      "pose_transform_permuted": [
        [
          0.5118395105733502, 
          -0.6040062683153838, 
          -0.6108983084374666, 
          0.0
        ], 
        [
          0.8514362171562341, 
          0.4513200950508074, 
          0.2671451663759106, 
          0.0
        ], 
        [
          -0.11435332758916855, 
          0.6568763960130211, 
          -0.745276268795827, 
          0.0
        ], 
        [
          -32.12626195686908, 
          6.202467579609343, 
          82.38667981957323, 
          1.0
        ]
      ], 
      "projected_cuboid": [
        [
          304.3984346729915, 
          378.94429987819797
        ], 
        [
          186.09190054624668, 
          329.18907698184955
        ], 
        [
          256.04772466054857, 
          231.85467605635014
        ], 
        [
          350.1291217374309, 
          277.5703987647434
        ], 
        [
          289.1854309949178, 
          402.40917355806147
        ], 
        [
          176.95473342551935, 
          356.9672998960021
        ], 
        [
          245.12291891278602, 
          259.46759522373134
        ], 
        [
          335.3532424603249, 
          301.78900254786146
        ]
      ], 
      "projected_cuboid_centroid": [
        271.898756879148, 
        313.4374146939584
      ], 
      "quaternion_xyzw": [
        0.8830643976526743, 
        0.1601450087172651, 
        0.22053450434077232, 
        0.3819887147239257
      ], 
      "visibility": 0.9006447453255964
    }, 
    {
      "bounding_box": {
        "bottom_right": [
          363, 
          260
        ], 
        "top_left": [
          255, 
          151
        ]
      }, 
      "class": "004_sugar_box", 
      "cuboid": [
        [
          -38.598563578433584, 
          10.954436538507808, 
          77.88902280691494
        ], 
        [
          -47.10491439759823, 
          7.7593555152096565, 
          76.06592244052196
        ], 
        [
          -45.73714904164456, 
          -3.5541253814613163, 
          89.51156626882425
        ], 
        [
          -37.23079822247992, 
          -0.3590443581631637, 
          91.33466663521723
        ], 
        [
          -40.35549246646764, 
          14.04578094002934, 
          80.66887423531335
        ], 
        [
          -48.86184328563228, 
          10.850699916731186, 
          78.84577386892038
        ], 
        [
          -47.49407792967861, 
          -0.46278097993978706, 
          92.29141769722267
        ], 
        [
          -38.98772711051397, 
          2.7323000433583657, 
          94.11451806361565
        ]
      ], 
      "cuboid_centroid": [
        -43.0463207540561, 
        5.245827779284011, 
        85.0902202520688
      ], 
      "location": [
        -43.0463207540561, 
        5.245827779284011, 
        85.0902202520688
      ], 
      "pose_transform_permuted": [
        [
          0.38926947705525117, 
          -0.6849258537290557, 
          -0.6159107060017621, 
          0.0
        ], 
        [
          0.9178491578166352, 
          0.3447544650736748, 
          0.19671550956245726, 
          0.0
        ], 
        [
          -0.07760238965266489, 
          0.6418887194721274, 
          -0.7628604474832195, 
          0.0
        ], 
        [
          -43.0463207540561, 
          5.245827779284011, 
          85.0902202520688, 
          1.0
        ]
      ], 
      "projected_cuboid": [
        [
          215.1035648239991, 
          348.29345574794087
        ], 
        [
          148.5789814531797, 
          327.6895625721661
        ], 
        [
          206.81924922657421, 
          252.11067495065834
        ], 
        [
          262.3880395320593, 
          271.19001325002847
        ], 
        [
          212.57469862506315, 
          366.1462699072649
        ], 
        [
          148.33708730569344, 
          346.68160372493156
        ], 
        [
          204.85837759486083, 
          270.6122897633537
        ], 
        [
          258.8238221209747, 
          288.7696871299802
        ]
      ], 
      "projected_cuboid_centroid": [
        209.54744538307156, 
        306.1657886914174
      ], 
      "quaternion_xyzw": [
        0.891017477843522, 
        0.11850408808717913, 
        0.16441456009256236, 
        0.40621714422377786
      ], 
      "visibility": 0.4284672597345778
    }, 
    {
      "bounding_box": {
        "bottom_right": [
          262, 
          225
        ], 
        "top_left": [
          170, 
          111
        ]
      }, 
      "class": "024_bowl", 
      "cuboid": [
        [
          -53.93586424026024, 
          -13.729306211527945, 
          73.62374417025951
        ], 
        [
          -52.39219583599174, 
          -1.1750896540846392, 
          83.61108995741657
        ], 
        [
          -51.917525350079664, 
          -4.62259902756041, 
          87.87128544214711
        ], 
        [
          -53.46119375434816, 
          -17.176815585003713, 
          77.88393965499006
        ], 
        [
          -37.92430423979597, 
          -14.063621772908547, 
          71.56919737104313
        ], 
        [
          -36.38063583552748, 
          -1.5094052154652413, 
          81.55654315820018
        ], 
        [
          -35.9059653496154, 
          -4.956914588941012, 
          85.81673864293074
        ], 
        [
          -37.449633753883894, 
          -17.51113114638432, 
          75.82939285577369
        ]
      ], 
      "cuboid_centroid": [
        -44.920914794937815, 
        -9.343110400234478, 
        79.72024140659512
      ], 
      "location": [
        -44.920914794937815, 
        -9.343110400234478, 
        79.72024140659512
      ], 
      "pose_transform_permuted": [
        [
          -0.9916550933005776, 
          0.020705398424831996, 
          0.12724567736112147, 
          0.0
        ], 
        [
          -0.09578245928221996, 
          -0.7789715284114443, 
          -0.6197007974968146, 
          0.0
        ], 
        [
          -0.08628960786138462, 
          0.6267173560708265, 
          -0.7744542976668929, 
          0.0
        ], 
        [
          -44.920914794937815, 
          -9.343110400234478, 
          79.72024140659512, 
          1.0
        ]
      ], 
      "projected_cuboid": [
        [
          87.63765578471808, 
          173.83346141651265
        ], 
        [
          144.62457238539918, 
          265.79114084184147
        ], 
        [
          163.86668780656845, 
          245.23047195098007
        ], 
        [
          112.46440222359526, 
          155.66624079844763
        ], 
        [
          196.63751987158292, 
          168.48719444654628
        ], 
        [
          241.71200114006814, 
          263.41614219005436
        ], 
        [
          256.5950881843552, 
          242.4811302696758
        ], 
        [
          216.01317405162658, 
          150.12810545108883
        ]
      ], 
      "projected_cuboid_centroid": [
        178.57676712075568, 
        210.7821644841065
      ], 
      "quaternion_xyzw": [
        -0.5923869553398952, 
        0.2923266263318616, 
        0.6800267444582911, 
        -0.31809820103549585
      ], 
      "visibility": 0.6779786970522665
    }, 
    {
      "bounding_box": {
        "bottom_right": [
          230, 
          345
        ], 
        "top_left": [
          148, 
          253
        ]
      }, 
      "class": "025_mug", 
      "cuboid": [
        [
          -19.3795909837946, 
          -12.551096366249542, 
          67.4308675579465
        ], 
        [
          -30.97092349158903, 
          -11.846216738609657, 
          68.84893346887822
        ], 
        [
          -30.667834797954125, 
          -17.857656974882534, 
          74.31450705248291
        ], 
        [
          -19.07650229015969, 
          -18.562536602522417, 
          72.8964411415512
        ], 
        [
          -18.168266650822336, 
          -6.308807303136363, 
          74.22942371356397
        ], 
        [
          -29.759599158616766, 
          -5.603927675496479, 
          75.64748962449569
        ], 
        [
          -29.456510464981854, 
          -11.615367911769354, 
          81.11306320810037
        ], 
        [
          -17.865177957187424, 
          -12.32024753940924, 
          79.69499729716867
        ]
      ], 
      "cuboid_centroid": [
        -24.41805072438823, 
        -12.083232139009448, 
        74.27196538302344
      ], 
      "location": [
        -24.41805072438823, 
        -12.083232139009448, 
        74.27196538302344
      ], 
      "pose_transform_permuted": [
        [
          -0.1301268011268872, 
          -0.6705793695228847, 
          -0.7303364926561453, 
          0.0
        ], 
        [
          0.9907968332774575, 
          -0.060251269855106475, 
          -0.12121257094342454, 
          0.0
        ], 
        [
          -0.037278908494499045, 
          0.7393872988152784, 
          -0.6722475030315136, 
          0.0
        ], 
        [
          -24.41805072438823, 
          -12.083232139009448, 
          74.27196538302344, 
          1.0
        ]
      ], 
      "projected_cuboid": [
        [
          327.0440121913308, 
          174.01826923734964
        ], 
        [
          239.68993396272657, 
          181.52303410600942
        ], 
        [
          259.67461124992576, 
          145.13069665247843
        ], 
        [
          340.8678873083338, 
          137.48067244908515
        ], 
        [
          349.9748688725417, 
          227.95935756037883
        ], 
        [
          270.0415807174458, 
          233.7784936715386
        ], 
        [
          286.3060667361161, 
          196.91532318473298
        ], 
        [
          361.04684382974347, 
          190.83933922211622
        ]
      ], 
      "projected_cuboid_centroid": [
        304.7988788652086, 
        186.52130570969476
      ], 
      "quaternion_xyzw": [
        0.9301237316546764, 
        -0.0061745444661808445, 
        -0.06755535944212035, 
        0.3609269462906643
      ], 
      "visibility": 0.7782101167315175
    }, 
    {
      "bounding_box": {
        "bottom_right": [
          264, 
          291
        ], 
        "top_left": [
          201, 
          238
        ]
      }, 
      "class": "061_foam_brick", 
      "cuboid": [
        [
          -34.23935974776521, 
          -11.29628005601832, 
          82.35052572792426
        ], 
        [
          -34.83944584702539, 
          -6.212229673572047, 
          76.48231275106444
        ], 
        [
          -36.34454031397348, 
          -2.591281700303991, 
          79.773309221737
        ], 
        [
          -35.7444542147133, 
          -7.675332082750266, 
          85.6415221985968
        ], 
        [
          -29.23200615830057, 
          -9.871455691770601, 
          83.07289820955877
        ], 
        [
          -29.832092257560756, 
          -4.787405309324325, 
          77.20468523269895
        ], 
        [
          -31.337186724508847, 
          -1.1664573360562696, 
          80.4956817033715
        ], 
        [
          -30.737100625248665, 
          -6.250507718502544, 
          86.36389468023133
        ]
      ], 
      "cuboid_centroid": [
        -32.78827323613703, 
        -6.231368696037295, 
        81.42310371564788
      ], 
      "location": [
        -32.78827323613703, 
        -6.231368696037295, 
        81.42310371564788
      ], 
      "pose_transform_permuted": [
        [
          -0.9526928366605881, 
          -0.27108530305793954, 
          -0.1374376856673138, 
          0.0
        ], 
        [
          0.07705859684540017, 
          -0.6528559639118853, 
          0.7535522961526302, 
          0.0
        ], 
        [
          0.29400396532669476, 
          -0.7073131193825464, 
          -0.6428606532690515, 
          0.0
        ], 
        [
          -32.78827323613703, 
          -6.231368696037295, 
          81.42310371564788, 
          1.0
        ]
      ], 
      "projected_cuboid": [
        [
          258.00777804164, 
          200.12941703281516
        ], 
        [
          236.63323754558618, 
          229.96797685402282
        ], 
        [
          236.5929917202324, 
          255.96268254949123
        ], 
        [
          257.14891801536646, 
          225.48957218743453
        ], 
        [
          292.3666290947106, 
          209.91279337525822
        ], 
        [
          273.80364640537937, 
          240.2157859105649
        ], 
        [
          272.24408166370193, 
          265.5582409214155
        ], 
        [
          290.2056689128126, 
          234.68802197677388
        ]
      ], 
      "projected_cuboid_centroid": [
        265.0448529792159, 
        232.4712066577577
      ], 
      "quaternion_xyzw": [
        0.3560839659161052, 
        -0.6647729327004184, 
        -0.13981290901123877, 
        0.6416646379847951
      ], 
      "visibility": 0.6821929101401484
    }
  ]
}