{
  "camera_data": {
    "location_worldframe": [
      -26.417376888310155, 
      -14.784620349216887, 
      75.8038324715913
    ], 
    "quaternion_xyzw_worldframe": [
      0.926330374877829, 
      0.007041426062554745, 
      0.034219264474033145, 
      -0.37509263546035804
    ]
  }, 
  "objects": [
    {
      "bounding_box": {
        "bottom_right": [
          367, 
          317
        ], 
        "top_left": [
          183, 
          130
        ]
      }, 
      "class": "003_cracker_box", 
      "cuboid": [
        [
          -22.832603425822086, 
          8.414056289378971, 
          63.808616892446594
        ], 
        [
          -36.728554647903714, 
          2.787349856704465, 
          57.15122776147459
        ], 
        [
          -37.113180271931505, 
          -13.108768433375928, 
          71.38917120789651
        ], 
        [
          -23.217229049849884, 
          -7.482062000701423, 
          78.0465603388685
        ], 
        [
          -26.645779778593642, 
          12.523998531741837, 
          68.29420028839942
        ], 
        [
          -40.54173100067526, 
          6.897292099067331, 
          61.63681115742743
        ], 
        [
          -40.92635662470306, 
          -8.998826191013062, 
          75.87475460384934
        ], 
        [
          -27.030405402621437, 
          -3.3721197583385565, 
          82.53214373482135
        ]
      ], 
      "cuboid_centroid": [
        -31.879480025262573, 
        -0.29238495081704563, 
        69.84168574814797
      ], 
      "location": [
        -31.879480025262573, 
        -0.29238495081704563, 
        69.84168574814797
      ], 
      "pose_transform_permuted": [
        [
          0.5310830701863518, 
          -0.5724153677749968, 
          -0.6247330784394676, 
          0.0
        ], 
        [
          0.8471281081734774, 
          0.3430165448468708, 
          0.40584925564024465, 
          0.0
        ], 
        [
          0.01802056891066428, 
          0.7447686195700853, 
          -0.667079427354649, 
          0.0
        ], 
        [
          -31.879480025262573, 
          -0.29238495081704563, 
          69.84168574814797, 
          1.0
        ]
      ], 
      "projected_cuboid": [
        [
          289.16925678222947, 
          343.6121650138141
        ], 
        [
          136.0000296244784, 
          299.29732238547314
        ], 
        [
          202.028997362085, 
          175.35623849083402
        ], 
        [
          321.62345434710295, 
          222.15897809731962
        ], 
        [
          271.7821575654477, 
          371.0883080933718
        ], 
        [
          127.88175282139419, 
          332.96614953513836
        ], 
        [
          191.5306024779092, 
          210.03427102811074
        ], 
        [
          305.4720012798695, 
          251.4960279748289
        ]
      ], 
      "projected_cuboid_centroid": [
        236.13281546618614, 
        271.0538510348806
      ], 
      "quaternion_xyzw": [
        0.896748265426679, 
        0.09060401577179832, 
        0.26120271483904056, 
        0.34555260459296383
      ], 
      "visibility": 0.8832609089263082
    }, 
    {
      "bounding_box": {
        "bottom_right": [
          335, 
          212
        ], 
        "top_left": [
          208, 
          89
        ]
      }, 
      "class": "004_sugar_box", 
      "cuboid": [
        [
          -37.44338465336718, 
          5.479738444816341, 
          65.32205784553315
        ], 
        [
          -45.90463933960056, 
          3.257037506793223, 
          62.26313456684666
        ], 
        [
          -46.87939250503825, 
          -9.587755562253651, 
          74.29276952829433
        ], 
        [
          -38.41813781880488, 
          -7.365054624230533, 
          77.35169280698084
        ], 
        [
          -39.26784282212599, 
          8.374563935831807, 
          68.26520599970618
        ], 
        [
          -47.72909750835937, 
          6.1518629978086885, 
          65.20628272101968
        ], 
        [
          -48.70385067379706, 
          -6.692930071238186, 
          77.23591768246736
        ], 
        [
          -40.24259598756368, 
          -4.470229133215067, 
          80.29484096115385
        ]
      ], 
      "cuboid_centroid": [
        -43.07361766358212, 
        -0.6065958132109223, 
        71.27898776400026
      ], 
      "location": [
        -43.07361766358212, 
        -0.6065958132109223, 
        71.27898776400026
      ], 
      "pose_transform_permuted": [
        [
          0.40423143025249053, 
          -0.6413846415347686, 
          -0.6520911293985492, 
          0.0
        ], 
        [
          0.9129832113594892, 
          0.2398330644259874, 
          0.33006282186746433, 
          0.0
        ], 
        [
          0.055304204504230896, 
          0.7287702034659423, 
          -0.6825208838592652, 
          0.0
        ], 
        [
          -43.07361766358212, 
          -0.6065958132109223, 
          71.27898776400026, 
          1.0
        ]
      ], 
      "projected_cuboid": [
        [
          173.34430370016642, 
          318.025664697055
        ], 
        [
          85.12067162351296, 
          301.18493881814277
        ], 
        [
          142.2632331525587, 
          204.45968131053766
        ], 
        [
          214.50670040457592, 
          222.5064229032963
        ], 
        [
          172.2618430730202, 
          338.712531825461
        ], 
        [
          87.96948947434646, 
          323.60237984217207
        ], 
        [
          142.49087073673925, 
          227.07137303109192
        ], 
        [
          212.07763488497437, 
          243.59520651520617
        ]
      ], 
      "projected_cuboid_centroid": [
        156.62834515937806, 
        268.747901331233
      ], 
      "quaternion_xyzw": [
        0.9074475941099822, 
        0.050837332403404795, 
        0.20229660006982142, 
        0.36473332840022304
      ], 
      "visibility": 0.47054747054747054
    }, 
    {
      "bounding_box": {
        "bottom_right": [
          218, 
          166
        ], 
        "top_left": [
          102, 
          7
        ]
      }, 
      "class": "024_bowl", 
      "cuboid": [
        [
          -53.978902489200046, 
          -17.145999825535803, 
          56.526320318998714
        ], 
        [
          -52.641990244549, 
          -5.988980573069306, 
          68.07932548804276
        ], 
        [
          -52.89984670157928, 
          -9.926635919083507, 
          71.91185454104308
        ], 
        [
          -54.236758946230324, 
          -21.083655171550003, 
          60.358849371999035
        ], 
        [
          -37.90606300274955, 
          -18.621722852181176, 
          56.09151520789085
        ], 
        [
          -36.5691507580985, 
          -7.464703599714677, 
          67.6445203769349
        ], 
        [
          -36.82700721512878, 
          -11.402358945728878, 
          71.47704942993522
        ], 
        [
          -38.16391945977982, 
          -22.559378198195372, 
          59.924044260891186
        ]
      ], 
      "cuboid_centroid": [
        -45.40295485216441, 
        -14.27417938563234, 
        64.00168487446697
      ], 
      "location": [
        -45.40295485216441, 
        -14.27417938563234, 
        64.00168487446697
      ], 
      "pose_transform_permuted": [
        [
          -0.9954503583710225, 
          0.09139698165771445, 
          0.02692908767232729, 
          0.0
        ], 
        [
          -0.08295352958129013, 
          -0.6922773953948489, 
          -0.716847766094957, 
          0.0
        ], 
        [
          0.04687532345499607, 
          0.7158202285275148, 
          -0.6967094835595445, 
          0.0
        ], 
        [
          -45.40295485216441, 
          -14.27417938563234, 
          64.00168487446697, 
          1.0
        ]
      ], 
      "projected_cuboid": [
        [
          -31.932050032782076, 
          111.51592513413401
        ], 
        [
          65.77379267975158, 
          226.37008280283047
        ], 
        [
          86.00674137447578, 
          199.66766993185956
        ], 
        [
          -1.622503655581831, 
          86.99527655405063
        ], 
        [
          118.18173497732066, 
          96.23071353730032
        ], 
        [
          190.87768294977982, 
          214.4336909198805
        ], 
        [
          204.52576407719667, 
          188.20886104032354
        ], 
        [
          139.11046095829545, 
          72.50973251615535
        ]
      ], 
      "projected_cuboid_centroid": [
        100.10593381392168, 
        154.34124122890208
      ], 
      "quaternion_xyzw": [
        -0.6336279687785844, 
        0.29163513736407387, 
        0.6755928592320104, 
        -0.23882803937327082
      ], 
      "visibility": 0.844969944113602
    }, 
    {
      "bounding_box": {
        "bottom_right": [
          168, 
          313
        ], 
        "top_left": [
          64, 
          198
        ]
      }, 
      "class": "025_mug", 
      "cuboid": [
        [
          -18.954650041213362, 
          -18.250536514198753, 
          54.08403596041591
        ], 
        [
          -30.548647449712508, 
          -16.716201874573894, 
          54.38701587529916
        ], 
        [
          -31.299179598126926, 
          -23.31388910805702, 
          59.07839048532738
        ], 
        [
          -19.70518218962778, 
          -24.84822374768188, 
          58.77541057044413
        ], 
        [
          -18.05455256545937, 
          -12.949604514206914, 
          61.68296941543453
        ], 
        [
          -29.648549973958517, 
          -11.415269874582053, 
          61.98594933031778
        ], 
        [
          -30.399082122372935, 
          -18.012957108065176, 
          66.677323940346
        ], 
        [
          -18.80508471387379, 
          -19.54729174769004, 
          66.37434402546275
        ]
      ], 
      "cuboid_centroid": [
        -24.676866081793147, 
        -18.131746811131965, 
        60.38067995038096
      ], 
      "location": [
        -24.676866081793147, 
        -18.131746811131965, 
        60.38067995038096
      ], 
      "pose_transform_permuted": [
        [
          -0.0966931828528987, 
          -0.5694538658011778, 
          -0.8163172121304169, 
          0.0
        ], 
        [
          0.9910246220306015, 
          -0.13115091824912908, 
          -0.025897931925526335, 
          0.0
        ], 
        [
          0.09231297593906158, 
          0.8114937436386582, 
          -0.5770235857472296, 
          0.0
        ], 
        [
          -24.676866081793147, 
          -18.131746811131965, 
          60.38067995038096, 
          1.0
        ]
      ], 
      "projected_cuboid": [
        [
          293.12872383732906, 
          93.31904196234952
        ], 
        [
          179.54035340147217, 
          109.36730703128852
        ], 
        [
          196.6947141563995, 
          62.824581941937296
        ], 
        [
          301.3050414756812, 
          47.81734596662044
        ], 
        [
          324.19399950878204, 
          161.3224456687864
        ], 
        [
          224.37872318297616, 
          175.07094175242744
        ], 
        [
          236.4232742566856, 
          129.20962833899375
        ], 
        [
          329.23853268686486, 
          116.2235396186408
        ]
      ], 
      "projected_cuboid_centroid": [
        261.81930802768096, 
        113.13571391943121
      ], 
      "quaternion_xyzw": [
        0.9511618655359977, 
        -0.05873445474558229, 
        -0.03222141236427268, 
        0.3013360535912429
      ], 
      "visibility": 0.7820481634638774
    }, 
    {
      "bounding_box": {
        "bottom_right": [
          212, 
          243
        ], 
        "top_left": [
          137, 
          182
        ]
      }, 
      "class": "061_foam_brick", 
      "cuboid": [
        [
          -35.253777343555385, 
          -17.426133767133216, 
          67.44978967714867
        ], 
        [
          -34.82072688013442, 
          -11.674970626528715, 
          62.21718182008099
        ], 
        [
          -36.41377980447423, 
          -8.335787305675098, 
          65.75543965120585
        ], 
        [
          -36.84683026789519, 
          -14.086950446279598, 
          70.98804750827354
        ], 
        [
          -30.267300976416994, 
          -16.52913958412855, 
          68.84835727177081
        ], 
        [
          -29.83425051299603, 
          -10.777976443524048, 
          63.615749414703124
        ], 
        [
          -31.427303437335834, 
          -7.438793122670432, 
          67.15400724582798
        ], 
        [
          -31.8603539007568, 
          -13.189956263274933, 
          72.38661510289568
        ]
      ], 
      "cuboid_centroid": [
        -33.34054039044561, 
        -12.432463444901822, 
        67.30189846148834
      ], 
      "location": [
        -33.34054039044561, 
        -12.432463444901822, 
        67.30189846148834
      ], 
      "pose_transform_permuted": [
        [
          -0.9487207624293166, 
          -0.1706609923598641, 
          -0.26608972287986504, 
          0.0
        ], 
        [
          -0.055609121950350844, 
          -0.7385216261305477, 
          0.6719326106786324, 
          0.0
        ], 
        [
          0.3111857009752344, 
          -0.6522734345535145, 
          -0.6911604922768045, 
          0.0
        ], 
        [
          -33.34054039044561, 
          -12.432463444901822, 
          67.30189846148834, 
          1.0
        ]
      ], 
      "projected_cuboid": [
        [
          200.52557816170034, 
          135.49962357507778
        ], 
        [
          180.62982109619978, 
          173.20983431328526
        ], 
        [
          183.7962995207783, 
          205.67785594923416
        ], 
        [
          202.46698756157136, 
          167.4539816023237
        ], 
        [
          245.18379757264566, 
          145.24697127997146
        ], 
        [
          229.39872871377034, 
          182.9298895543692
        ], 
        [
          229.92969050031598, 
          214.20958620763858
        ], 
        [
          244.90480356505037, 
          176.10749505511365
        ]
      ], 
      "projected_cuboid_centroid": [
        215.19532759064438, 
        174.76812507188492
      ], 
      "quaternion_xyzw": [
        0.37356631485453834, 
        -0.7024906190447904, 
        -0.18523361230954505, 
        0.5767526744028367
      ], 
      "visibility": 0.7435404068169323
    }
  ]
}