{
  "camera_data": {
    "location_worldframe": [
      -27.62637553899698, 
      -13.746984946367547, 
      77.97171756289973
    ], 
    "quaternion_xyzw_worldframe": [
      0.9314650896916606, 
      0.008097398025229354, 
      0.025488638326682106, 
      -0.3628476715726202
    ]
  }, 
  "objects": [
    {
      "bounding_box": {
        "bottom_right": [
          372, 
          313
        ], 
        "top_left": [
          192, 
          127
        ]
      }, 
      "class": "003_cracker_box", 
      "cuboid": [
        [
          -24.408520073343826, 
          9.147882084992636, 
          65.30738746011703
        ], 
        [
          -38.36137675955222, 
          3.2423458724410645, 
          59.020850414689875
        ], 
        [
          -38.40183668045653, 
          -12.269053758943416, 
          73.68196877642073
        ], 
        [
          -24.448979994248134, 
          -6.363517546391844, 
          79.96850582184787
        ], 
        [
          -28.183867651269416, 
          13.348231529909688, 
          69.74092022094997
        ], 
        [
          -42.136724337477816, 
          7.442695317358115, 
          63.454383175522835
        ], 
        [
          -42.17718425838212, 
          -8.068704314026363, 
          78.11550153725368
        ], 
        [
          -28.224327572173724, 
          -2.1631681014747923, 
          84.40203858268083
        ]
      ], 
      "cuboid_centroid": [
        -33.292852165862975, 
        0.539588885483136, 
        71.71144449868535
      ], 
      "location": [
        -33.292852165862975, 
        0.539588885483136, 
        71.71144449868535
      ], 
      "pose_transform_permuted": [
        [
          0.5258144384662428, 
          -0.5850069004652007, 
          -0.6174836861881685, 
          0.0
        ], 
        [
          0.8505971918943417, 
          0.3600146286883238, 
          0.38324128727456924, 
          0.0
        ], 
        [
          0.0018956375946584392, 
          0.7267436917775807, 
          -0.6869061165978962, 
          0.0
        ], 
        [
          -33.292852165862975, 
          0.539588885483136, 
          71.71144449868535, 
          1.0
        ]
      ], 
      "projected_cuboid": [
        [
          280.60872253955336, 
          347.9908685358689
        ], 
        [
          132.07028405726413, 
          302.58476965782205
        ], 
        [
          201.3232608894968, 
          184.4815461322214
        ], 
        [
          317.18507242518695, 
          230.8474741216631
        ], 
        [
          264.2745867177742, 
          375.3625251214054
        ], 
        [
          124.49621894278282, 
          335.8406905187562
        ], 
        [
          191.24020495256548, 
          218.19890573426161
        ], 
        [
          301.76696013113707, 
          259.6179118489335
        ]
      ], 
      "projected_cuboid_centroid": [
        231.93401920767158, 
        277.2994723394222
      ], 
      "quaternion_xyzw": [
        0.8937036099653075, 
        0.10017834411219594, 
        0.25429452102585226, 
        0.3557983326016974
      ], 
      "visibility": 0.8769523809523809
    }, 
    {
      "bounding_box": {
        "bottom_right": [
          339, 
          211
        ], 
        "top_left": [
          215, 
          88
        ]
      }, 
      "class": "004_sugar_box", 
      "cuboid": [
        [
          -38.97073598725235, 
          6.147308017458703, 
          67.12718530252954
        ], 
        [
          -47.460655268381075, 
          3.7810099331664717, 
          64.26150110389936
        ], 
        [
          -48.14909725151525, 
          -8.743760100912734, 
          76.64322769008837
        ], 
        [
          -39.659177970386516, 
          -6.377462016620504, 
          79.50891188871854
        ], 
        [
          -40.77202217598151, 
          9.10638135230186, 
          70.02028681400637
        ], 
        [
          -49.26194145711025, 
          6.740083268009629, 
          67.15460261537619
        ], 
        [
          -49.950383440244416, 
          -5.784686766069577, 
          79.5363292015652
        ], 
        [
          -41.46046415911569, 
          -3.4183886817773463, 
          82.40201340019537
        ]
      ], 
      "cuboid_centroid": [
        -44.46055971374838, 
        0.18131062569456263, 
        73.33175725204737
      ], 
      "location": [
        -44.46055971374838, 
        0.18131062569456263, 
        73.33175725204737
      ], 
      "pose_transform_permuted": [
        [
          0.3990973894783278, 
          -0.6556195515183585, 
          -0.6410026723964445, 
          0.0
        ], 
        [
          0.9160761680036691, 
          0.2553274312314373, 
          0.3092120092619758, 
          0.0
        ], 
        [
          0.03905987441185106, 
          0.7106131766416494, 
          -0.7024973742256007, 
          0.0
        ], 
        [
          -44.46055971374838, 
          0.18131062569456263, 
          73.33175725204737, 
          1.0
        ]
      ], 
      "projected_cuboid": [
        [
          169.39777952742796, 
          322.1263595041198
        ], 
        [
          84.42874548625096, 
          304.665926991692
        ], 
        [
          143.76093179871776, 
          212.44334761863794
        ], 
        [
          213.35947934290047, 
          230.5086241149464
        ], 
        [
          168.46315522702224, 
          342.6466010144195
        ], 
        [
          87.11480678674928, 
          326.8140440501058
        ], 
        [
          143.87065953475098, 
          234.49814070655634
        ], 
        [
          211.0218141110394, 
          251.1621559226089
        ]
      ], 
      "projected_cuboid_centroid": [
        155.5542995987595, 
        274.6051550573574
      ], 
      "quaternion_xyzw": [
        0.9038379303063359, 
        0.05981923018717725, 
        0.19591714813856004, 
        0.3756527802732442
      ], 
      "visibility": 0.4334656360977648
    }, 
    {
      "bounding_box": {
        "bottom_right": [
          225, 
          165
        ], 
        "top_left": [
          113, 
          14
        ]
      }, 
      "class": "024_bowl", 
      "cuboid": [
        [
          -55.46319971721903, 
          -16.8274665739623, 
          59.19808488790416
        ], 
        [
          -54.03495792519186, 
          -5.3553909997128555, 
          70.42706297088127
        ], 
        [
          -54.20280835630014, 
          -9.190762160840842, 
          74.36681585750786
        ], 
        [
          -55.63105014832729, 
          -20.66283773509029, 
          63.13783777453074
        ], 
        [
          -39.38797646555926, 
          -18.195541753027022, 
          58.55112986091777
        ], 
        [
          -37.959734673532104, 
          -6.723466178777576, 
          69.7801079438949
        ], 
        [
          -38.12758510464037, 
          -10.558837339905564, 
          73.71986083052148
        ], 
        [
          -39.555826896667526, 
          -22.03091291415501, 
          62.49088274754436
        ]
      ], 
      "cuboid_centroid": [
        -46.7953924109297, 
        -13.693151956933933, 
        66.45897285921282
      ], 
      "location": [
        -46.7953924109297, 
        -13.693151956933933, 
        66.45897285921282
      ], 
      "pose_transform_permuted": [
        [
          -0.9955979937613862, 
          0.08472995256541475, 
          0.040068316118407776, 
          0.0
        ], 
        [
          -0.08862039989399968, 
          -0.7118261982525983, 
          -0.696742339896091, 
          0.0
        ], 
        [
          0.030513268276762373, 
          0.6972261459666549, 
          -0.7162015371664283, 
          0.0
        ], 
        [
          -46.7953924109297, 
          -13.693151956933933, 
          66.45897285921282, 
          1.0
        ]
      ], 
      "projected_cuboid": [
        [
          -22.238708336197647, 
          121.68674423733601
        ], 
        [
          68.99920044276466, 
          232.7320298818109
        ], 
        [
          89.64375412123246, 
          207.37523886064713
        ], 
        [
          7.770626844315276, 
          98.74942368613563
        ], 
        [
          119.83741512096918, 
          107.55038965520332
        ], 
        [
          189.0584067877674, 
          221.9000284791285
        ], 
        [
          203.46790383694574, 
          196.89959604408816
        ], 
        [
          141.2002069418308, 
          85.26683373556024
        ]
      ], 
      "projected_cuboid_centroid": [
        102.94423778893218, 
        163.4018109116758
      ], 
      "quaternion_xyzw": [
        -0.6262063218209807, 
        0.29636377047850193, 
        0.6756320858979135, 
        -0.25210204791797763
      ], 
      "visibility": 0.8653691621023176
    }, 
    {
      "bounding_box": {
        "bottom_right": [
          177, 
          306
        ], 
        "top_left": [
          77, 
          195
        ]
      }, 
      "class": "025_mug", 
      "cuboid": [
        [
          -20.47348494222954, 
          -17.73827860423375, 
          56.23792676072713
        ], 
        [
          -32.07303288659982, 
          -16.282063115217678, 
          56.681412340273155
        ], 
        [
          -32.69945357014729, 
          -22.75707173262073, 
          61.55825882135775
        ], 
        [
          -21.099905625777012, 
          -24.213287221636804, 
          61.11477324181174
        ], 
        [
          -19.497422042622365, 
          -12.229180807517944, 
          63.677751212313936
        ], 
        [
          -31.096969986992644, 
          -10.772965318501871, 
          64.12123679185994
        ], 
        [
          -31.72339067054012, 
          -17.247973935904927, 
          68.99808327294456
        ], 
        [
          -20.123842726169837, 
          -18.704189424920997, 
          68.55459769339853
        ]
      ], 
      "cuboid_centroid": [
        -26.098437806384826, 
        -17.493126270069336, 
        62.618005016835845
      ], 
      "location": [
        -26.098437806384826, 
        -17.493126270069336, 
        62.618005016835845
      ], 
      "pose_transform_permuted": [
        [
          -0.10485378636195805, 
          -0.5918161254325458, 
          -0.799224890046647, 
          0.0
        ], 
        [
          0.9914990673422526, 
          -0.12447349725465202, 
          -0.03790798922582359, 
          0.0
        ], 
        [
          0.0770476755862008, 
          0.7964046789552038, 
          -0.599836013444526, 
          0.0
        ], 
        [
          -26.098437806384826, 
          -17.493126270069336, 
          62.618005016835845, 
          1.0
        ]
      ], 
      "projected_cuboid": [
        [
          285.8234309957463, 
          105.06960865483812
        ], 
        [
          177.30466852138287, 
          120.0874069921682
        ], 
        [
          195.9393869384661, 
          76.12709515414313
        ], 
        [
          295.9337765259896, 
          61.98868701580621
        ], 
        [
          316.9396838260474, 
          170.8636118161531
        ], 
        [
          220.7968668698418, 
          183.6838780728231
        ], 
        [
          234.3482004802677, 
          139.96859879093367
        ], 
        [
          323.7392611270761, 
          127.77754451806067
        ]
      ], 
      "projected_cuboid_centroid": [
        257.463439004257, 
        124.29701319211594
      ], 
      "quaternion_xyzw": [
        0.9469858283448733, 
        -0.053200683370591806, 
        -0.03768846674223689, 
        0.31459080569342374
      ], 
      "visibility": 0.7530588080515722
    }, 
    {
      "bounding_box": {
        "bottom_right": [
          220, 
          241
        ], 
        "top_left": [
          147, 
          180
        ]
      }, 
      "class": "061_foam_brick", 
      "cuboid": [
        [
          -36.56991795551914, 
          -16.676547835470984, 
          69.83053927880954
        ], 
        [
          -36.262696951338604, 
          -11.06458905759459, 
          64.4402582945222
        ], 
        [
          -37.826863476876696, 
          -7.643671517163845, 
          67.91271241394412
        ], 
        [
          -38.13408448105723, 
          -13.255630295040238, 
          73.30299339823146
        ], 
        [
          -31.569566419308835, 
          -15.70560251330454, 
          71.12641201051719
        ], 
        [
          -31.2623454151283, 
          -10.093643735428143, 
          65.73613102622986
        ], 
        [
          -32.82651194066639, 
          -6.672726194997399, 
          69.20858514565177
        ], 
        [
          -33.133732944846926, 
          -12.284684972873794, 
          74.59886612993911
        ]
      ], 
      "cuboid_centroid": [
        -34.69821494809276, 
        -11.674637015234191, 
        69.51956221223065
      ], 
      "location": [
        -34.69821494809276, 
        -11.674637015234191, 
        69.51956221223065
      ], 
      "pose_transform_permuted": [
        [
          -0.951360634758299, 
          -0.18473084368623133, 
          -0.24655112659093384, 
          0.0
        ], 
        [
          -0.039451037997336194, 
          -0.7206460364779785, 
          0.6921798218017574, 
          0.0
        ], 
        [
          0.3055430546309607, 
          -0.6682393324996314, 
          -0.6783064471661964, 
          0.0
        ], 
        [
          -34.69821494809276, 
          -11.674637015234191, 
          69.51956221223065, 
          1.0
        ]
      ], 
      "projected_cuboid": [
        [
          199.97263637101273, 
          145.9220691945537
        ], 
        [
          178.97920061002517, 
          181.71393755537562
        ], 
        [
          182.06660768402867, 
          213.26066708728487
        ], 
        [
          201.83852806099398, 
          176.84453887758661
        ], 
        [
          242.90968984278712, 
          155.52289506621665
        ], 
        [
          225.85088789367614, 
          191.39644518743418
        ], 
        [
          226.52875762660702, 
          221.8666809587581
        ], 
        [
          242.74451974556436, 
          185.46130136577483
        ]
      ], 
      "projected_cuboid_centroid": [
        213.19130116528484, 
        183.72451617768294
      ], 
      "quaternion_xyzw": [
        0.3670356781342809, 
        -0.698970939504623, 
        -0.17653652519151014, 
        0.5878429143724031
      ], 
      "visibility": 0.718931475029036
    }
  ]
}