{
  "camera_data": {
    "location_worldframe": [
      -22.573991388746688, 
      -3.7261073298571956, 
      94.32409156771689
    ], 
    "quaternion_xyzw_worldframe": [
      0.951333868140446, 
      0.032256546110326856, 
      -0.0599901913248534, 
      -0.3005363780350492
    ]
  }, 
  "objects": [
    {
      "bounding_box": {
        "bottom_right": [
          410, 
          364
        ], 
        "top_left": [
          256, 
          206
        ]
      }, 
      "class": "003_cracker_box", 
      "cuboid": [
        [
          -23.674260329665447, 
          17.375513950913003, 
          78.56255853063826
        ], 
        [
          -37.59089438262891, 
          9.37176275249253, 
          75.19426830014496
        ], 
        [
          -33.924128336940676, 
          -3.875520257745127, 
          91.52270566442607
        ], 
        [
          -20.007494283977206, 
          4.128230940675345, 
          94.89099589491936
        ], 
        [
          -27.26944200292842, 
          21.782320276427612, 
          82.94515185886084
        ], 
        [
          -41.18607605589189, 
          13.778569078007138, 
          79.57686162836754
        ], 
        [
          -37.51931001020365, 
          0.5312860677694792, 
          95.90529899264865
        ], 
        [
          -23.602675957240187, 
          8.535037266189953, 
          99.27358922314194
        ]
      ], 
      "cuboid_centroid": [
        -30.59678516993455, 
        8.953400009341243, 
        87.23392876164345
      ], 
      "location": [
        -30.59678516993455, 
        8.953400009341243, 
        87.23392876164345
      ], 
      "pose_transform_permuted": [
        [
          0.5007216934843388, 
          -0.6137613413473153, 
          -0.6103890575212828, 
          0.0
        ], 
        [
          0.8483889795680721, 
          0.48792648323598947, 
          0.20533846766839414, 
          0.0
        ], 
        [
          -0.17179617289573387, 
          0.620664774918396, 
          -0.7650237330657624, 
          0.0
        ], 
        [
          -30.59678516993455, 
          8.953400009341243, 
          87.23392876164345, 
          1.0
        ]
      ], 
      "projected_cuboid": [
        [
          319.54576130321897, 
          391.2396957069625
        ], 
        [
          212.75968489427822, 
          339.7562931599499
        ], 
        [
          282.26756476312624, 
          250.70317100788503
        ], 
        [
          368.2110685541611, 
          296.48859612985314
        ], 
        [
          304.7992169460882, 
          413.342197775658
        ], 
        [
          203.27006191058473, 
          365.6297212511566
        ], 
        [
          271.21729750175103, 
          276.24096560101003
        ], 
        [
          353.7416147627727, 
          319.1386377470949
        ]
      ], 
      "projected_cuboid_centroid": [
        292.9795167437216, 
        328.02468435099286
      ], 
      "quaternion_xyzw": [
        0.877417063318202, 
        0.18797293890000114, 
        0.20117575514276123, 
        0.3928533909515077
      ], 
      "visibility": 0.9063163287711338
    }, 
    {
      "bounding_box": {
        "bottom_right": [
          372, 
          284
        ], 
        "top_left": [
          271, 
          180
        ]
      }, 
      "class": "004_sugar_box", 
      "cuboid": [
        [
          -37.43124150188792, 
          13.310491965507293, 
          82.87437917200452
        ], 
        [
          -45.90843928026296, 
          9.784021644159806, 
          81.61288527623894
        ], 
        [
          -43.52054562287424, 
          -0.8979764576158178, 
          95.42750979015587
        ], 
        [
          -35.04334784449919, 
          2.6284938637316695, 
          96.68900368592145
        ], 
        [
          -39.14966974201309, 
          16.463099590050536, 
          85.60912830850825
        ], 
        [
          -47.62686752038813, 
          12.936629268703047, 
          84.34763441274268
        ], 
        [
          -45.2389738629994, 
          2.254631166927426, 
          98.16225892665959
        ], 
        [
          -36.761776084624366, 
          5.781101488274913, 
          99.42375282242519
        ]
      ], 
      "cuboid_centroid": [
        -41.33510768244366, 
        7.7825615662173595, 
        90.51831904933206
      ], 
      "location": [
        -41.33510768244366, 
        7.7825615662173595, 
        90.51831904933206
      ], 
      "pose_transform_permuted": [
        [
          0.38073917899944965, 
          -0.6984994838007126, 
          -0.6059177314998271, 
          0.0
        ], 
        [
          0.9147034970620559, 
          0.3805119120201079, 
          0.13611725338327513, 
          0.0
        ], 
        [
          -0.1354810262178359, 
          0.6060605171455271, 
          -0.7837951661575415, 
          0.0
        ], 
        [
          -41.33510768244366, 
          7.7825615662173595, 
          90.51831904933206, 
          1.0
        ]
      ], 
      "projected_cuboid": [
        [
          238.70927888668982, 
          358.94324030331796
        ], 
        [
          179.09695926736194, 
          337.22264717962287
        ], 
        [
          236.34511268043786, 
          268.26798063747566
        ], 
        [
          286.6932970426818, 
          287.78484904405514
        ], 
        [
          235.67371824785369, 
          375.8467857558329
        ], 
        [
          177.94877104265692, 
          355.08323301929914
        ], 
        [
          233.76360832735844, 
          285.5360416837573
        ], 
        [
          282.75967010410733, 
          304.2969811448868
        ]
      ], 
      "projected_cuboid_centroid": [
        236.02762174198264, 
        319.1401567195027
      ], 
      "quaternion_xyzw": [
        0.884121279252373, 
        0.14590558737435763, 
        0.14614975470893166, 
        0.4191434718129695
      ], 
      "visibility": 0.4173387096774194
    }, 
    {
      "bounding_box": {
        "bottom_right": [
          277, 
          253
        ], 
        "top_left": [
          192, 
          153
        ]
      }, 
      "class": "024_bowl", 
      "cuboid": [
        [
          -52.15077313133848, 
          -11.986489525800582, 
          80.40294006263558
        ], 
        [
          -50.52910959029353, 
          1.0240063642786512, 
          89.77500202570651
        ], 
        [
          -49.735733268093895, 
          -2.2223567570059806, 
          94.14439317490043
        ], 
        [
          -51.35739680913885, 
          -15.232852647085215, 
          84.77233121182948
        ], 
        [
          -36.25610559320789, 
          -11.922765613896546, 
          77.5641962896669
        ], 
        [
          -34.63444205216294, 
          1.0877302761826884, 
          86.93625825273784
        ], 
        [
          -33.84106572996331, 
          -2.1586328451019448, 
          91.30564940193176
        ], 
        [
          -35.46272927100826, 
          -15.169128735181179, 
          81.93358743886081
        ]
      ], 
      "cuboid_centroid": [
        -42.99591943065089, 
        -7.0725611854512636, 
        85.85429473228366
      ], 
      "location": [
        -42.99591943065089, 
        -7.0725611854512636, 
        85.85429473228366
      ], 
      "pose_transform_permuted": [
        [
          -0.984415511046364, 
          -0.0039466574027042026, 
          0.17581389452108778, 
          0.0
        ], 
        [
          -0.10062194812052525, 
          -0.8072830210083467, 
          -0.5815232992306222, 
          0.0
        ], 
        [
          -0.1442266451379801, 
          0.5901512923708488, 
          -0.7943048073285599, 
          0.0
        ], 
        [
          -42.99591943065089, 
          -7.0725611854512636, 
          85.85429473228366, 
          1.0
        ]
      ], 
      "projected_cuboid": [
        [
          132.79378814398498, 
          193.7791270259992
        ], 
        [
          178.92108605689535, 
          279.3697753530737
        ], 
        [
          197.5006205478205, 
          260.6970853402981
        ], 
        [
          155.8049190102902, 
          177.45363462584953
        ], 
        [
          230.2281392672837, 
          191.30742014588228
        ], 
        [
          267.357842711946, 
          279.9593333047619
        ], 
        [
          282.2829237694106, 
          260.6778858694341
        ], 
        [
          248.8405113554646, 
          174.548112544455
        ]
      ], 
      "projected_cuboid_centroid": [
        212.28429382791586, 
        229.35238890783128
      ], 
      "quaternion_xyzw": [
        -0.5730871333683117, 
        0.2892476280060863, 
        0.6831154981063712, 
        -0.3482243005699466
      ], 
      "visibility": 0.6710918854415274
    }, 
    {
      "bounding_box": {
        "bottom_right": [
          250, 
          365
        ], 
        "top_left": [
          174, 
          280
        ]
      }, 
      "class": "025_mug", 
      "cuboid": [
        [
          -17.994309768476757, 
          -10.026933780569136, 
          72.44313374290905
        ], 
        [
          -29.51939278246556, 
          -9.613807153438925, 
          74.40999505832588
        ], 
        [
          -28.75544589369714, 
          -15.374279127791354, 
          80.09639276268392
        ], 
        [
          -17.230362879708338, 
          -15.787405754921569, 
          78.12953144726711
        ], 
        [
          -16.655555930190545, 
          -3.466017315625488, 
          78.9096597413647
        ], 
        [
          -28.18063894417935, 
          -3.052890688495276, 
          80.87652105678151
        ], 
        [
          -27.41669205541093, 
          -8.813362662847707, 
          86.56291876113956
        ], 
        [
          -15.891609041422129, 
          -9.226489289977918, 
          84.59605744572275
        ]
      ], 
      "cuboid_centroid": [
        -22.705500911943844, 
        -9.420148221708422, 
        79.50302625202431
      ], 
      "location": [
        -22.705500911943844, 
        -9.420148221708422, 
        79.50302625202431
      ], 
      "pose_transform_permuted": [
        [
          -0.1438159456807635, 
          -0.7048079930409425, 
          -0.6946680749970103, 
          0.0
        ], 
        [
          0.985133999550212, 
          -0.035312985252382884, 
          -0.16812216900002613, 
          0.0
        ], 
        [
          -0.09396294470608059, 
          0.7085190313159124, 
          -0.6994081407056422, 
          0.0
        ], 
        [
          -22.705500911943844, 
          -9.420148221708422, 
          79.50302625202431, 
          1.0
        ]
      ], 
      "projected_cuboid": [
        [
          348.0206786421861, 
          199.46918817827
        ], 
        [
          268.2592338529863, 
          204.38139130401825
        ], 
        [
          288.53414098643543, 
          170.91733191388641
        ], 
        [
          363.0008226000702, 
          165.52021069645292
        ], 
        [
          368.0905769274136, 
          249.86108010857149
        ], 
        [
          294.21841550053574, 
          253.15502925454194
        ], 
        [
          311.27343992888035, 
          218.98685667498447
        ], 
        [
          380.576574937238, 
          215.11990976213343
        ]
      ], 
      "projected_cuboid_centroid": [
        328.015476391441, 
        210.0946098265744
      ], 
      "quaternion_xyzw": [
        0.9203696412125856, 
        0.01593108812683849, 
        -0.08473174817832203, 
        0.3814272198006586
      ], 
      "visibility": 0.7795992714025501
    }, 
    {
      "bounding_box": {
        "bottom_right": [
          281, 
          315
        ], 
        "top_left": [
          223, 
          264
        ]
      }, 
      "class": "061_foam_brick", 
      "cuboid": [
        [
          -32.141193152828265, 
          -8.586881555652532, 
          88.02424400549216
        ], 
        [
          -33.191235379801284, 
          -3.778722808112366, 
          81.98912876718975
        ], 
        [
          -34.6504589402663, 
          -0.06776211683340791, 
          85.19952885096393
        ], 
        [
          -33.60041671329328, 
          -4.875920864373572, 
          91.23464408926633
        ], 
        [
          -27.153338545527976, 
          -6.98136281756048, 
          88.43552546528545
        ], 
        [
          -28.203380772500996, 
          -2.1732040700203155, 
          82.40041022698304
        ], 
        [
          -29.66260433296601, 
          1.5377566212586438, 
          85.61081031075722
        ], 
        [
          -28.61256210599299, 
          -3.2704021262815206, 
          91.64592554905961
        ]
      ], 
      "cuboid_centroid": [
        -30.90189874289714, 
        -3.5245624671969433, 
        86.81752715812469
      ], 
      "location": [
        -30.90189874289714, 
        -3.5245624671969433, 
        86.81752715812469
      ], 
      "pose_transform_permuted": [
        [
          -0.948982984680247, 
          -0.3054639888269163, 
          -0.07824989659623083, 
          0.0
        ], 
        [
          0.13483861855609713, 
          -0.6174280106674116, 
          0.7749846440989436, 
          0.0
        ], 
        [
          0.2850435786564128, 
          -0.7248961326791807, 
          -0.6271170186604043, 
          0.0
        ], 
        [
          -30.90189874289714, 
          -3.5245624671969433, 
          86.81752715812469, 
          1.0
        ]
      ], 
      "projected_cuboid": [
        [
          285.2377891902576, 
          221.2605064745374
        ], 
        [
          263.8968402665889, 
          248.70685402523435
        ], 
        [
          262.8896387824999, 
          272.86237056652385
        ], 
        [
          283.5462598632648, 
          244.78394328266185
        ], 
        [
          316.4814285629258, 
          231.18470743043764
        ], 
        [
          297.5353233076458, 
          259.2209248907187
        ], 
        [
          295.2715194729206, 
          282.86611931341196
        ], 
        [
          313.70301089679776, 
          254.2549281379971
        ]
      ], 
      "projected_cuboid_centroid": [
        290.1849226093761, 
        251.63517048230668
      ], 
      "quaternion_xyzw": [
        0.34935382582460284, 
        -0.6458148749292082, 
        -0.12451440897391297, 
        0.6673613816065188
      ], 
      "visibility": 0.669971671388102
    }
  ]
}