{
  "camera_data": {
    "location_worldframe": [
      -8.11548237858977, 
      -9.325525693557765, 
      72.98766395331886
    ], 
    "quaternion_xyzw_worldframe": [
      -0.8235843529115663, 
      -0.08221742001146325, 
      -0.19587749875711244, 
      0.5259149422906823
    ]
  }, 
  "objects": [
    {
      "bounding_box": {
        "bottom_right": [
          409, 
          453
        ], 
        "top_left": [
          233, 
          314
        ]
      }, 
      "class": "003_cracker_box", 
      "cuboid": [
        [
          -2.7897848412317905, 
          16.45511912208867, 
          71.60569139720519
        ], 
        [
          -12.965276983674814, 
          13.982410560758451, 
          58.97940185051094
        ], 
        [
          -16.747733583970984, 
          -5.846849289781445, 
          65.91099784227488
        ], 
        [
          -6.572241441527956, 
          -3.374140728451226, 
          78.53728738896915
        ], 
        [
          -8.275777400110359, 
          18.880983242470126, 
          75.55176114422153
        ], 
        [
          -18.451269542553387, 
          16.408274681139908, 
          62.92547159752726
        ], 
        [
          -22.23372614284955, 
          -3.42098516939999, 
          69.8570675892912
        ], 
        [
          -12.058234000406527, 
          -0.9482766080697715, 
          82.48335713598547
        ]
      ], 
      "cuboid_centroid": [
        -12.511755492040672, 
        6.51706697634434, 
        70.7313794932482
      ], 
      "location": [
        -12.511755492040672, 
        6.51706697634434, 
        70.7313794932482
      ], 
      "pose_transform_permuted": [
        [
          0.7640658342672929, 
          -0.3378640916963329, 
          -0.5495918999108682, 
          0.0
        ], 
        [
          0.6203206438048053, 
          0.15074181624179894, 
          0.7697267071537247, 
          0.0
        ], 
        [
          0.17721653358255723, 
          0.9290450798418427, 
          -0.324760742465352, 
          0.0
        ], 
        [
          -12.511755492040672, 
          6.51706697634434, 
          70.7313794932482, 
          1.0
        ]
      ], 
      "projected_cuboid": [
        [
          460.6455794185471, 
          395.8443556630392
        ], 
        [
          363.38190882461816, 
          399.72209239570765
        ], 
        [
          344.95327980537286, 
          225.97669094266496
        ], 
        [
          436.59532431612826, 
          250.37391409685816
        ], 
        [
          422.69155535198615, 
          406.5673240310627
        ], 
        [
          323.9116582302311, 
          412.35350071274144
        ], 
        [
          310.4404730061058, 
          247.16923235238028
        ], 
        [
          402.98139936275663, 
          267.1551861195931
        ]
      ], 
      "projected_cuboid_centroid": [
        386.4713702762511, 
        322.4256819967754
      ], 
      "quaternion_xyzw": [
        0.8801928231298976, 
        -0.0075195788482506154, 
        0.4356410610026818, 
        0.18820445269180971
      ], 
      "visibility": 0.8403510501922887
    }, 
    {
      "bounding_box": {
        "bottom_right": [
          395, 
          342
        ], 
        "top_left": [
          250, 
          249
        ]
      }, 
      "class": "004_sugar_box", 
      "cuboid": [
        [
          -16.691582398636267, 
          13.690929697440968, 
          66.7609477560739
        ], 
        [
          -23.34087452604303, 
          12.96724752433445, 
          60.34585303605462
        ], 
        [
          -27.198123200465048, 
          -3.214807748782665, 
          66.16939919173174
        ], 
        [
          -20.548831073058285, 
          -2.491125575676148, 
          72.58449391175104
        ], 
        [
          -19.676381705081482, 
          15.444586388477855, 
          69.65688363254313
        ], 
        [
          -26.325673832488246, 
          14.72090421537134, 
          63.24178891252383
        ], 
        [
          -30.182922506910266, 
          -1.4611510577457756, 
          69.06533506820097
        ], 
        [
          -23.5336303795035, 
          -0.7374688846392585, 
          75.48042978822025
        ]
      ], 
      "cuboid_centroid": [
        -23.437252452773265, 
        6.114889319847595, 
        67.91314141213743
      ], 
      "location": [
        -23.437252452773265, 
        6.114889319847595, 
        67.91314141213743
      ], 
      "pose_transform_permuted": [
        [
          0.6613194609344286, 
          -0.3885444810565041, 
          -0.6416306612614942, 
          0.0
        ], 
        [
          0.7174694894392355, 
          0.07808648940462562, 
          0.6921992063644853, 
          0.0
        ], 
        [
          0.2188472703426633, 
          0.9181151966009651, 
          -0.33040835254818535, 
          0.0
        ], 
        [
          -23.437252452773265, 
          6.114889319847595, 
          67.91314141213743, 
          1.0
        ]
      ], 
      "projected_cuboid": [
        [
          347.14522687760547, 
          382.6564790155687
        ], 
        [
          273.59797996318247, 
          387.88740443075403
        ], 
        [
          260.5557389943177, 
          247.37546806846595
        ], 
        [
          329.3548839756811, 
          254.98282072659205
        ], 
        [
          329.6917651300326, 
          391.5361630781506
        ], 
        [
          257.74191927571934, 
          397.42829037404454
        ], 
        [
          246.58351764048663, 
          262.0035915902023
        ], 
        [
          313.93056717014736, 
          268.0758284072977
        ]
      ], 
      "projected_cuboid_centroid": [
        296.01132260608733, 
        321.30655524743037
      ], 
      "quaternion_xyzw": [
        0.9051540403850737, 
        -0.0388775762626422, 
        0.373836553478537, 
        0.1985719561332428
      ], 
      "visibility": 0.6298601714027966
    }, 
    {
      "bounding_box": {
        "bottom_right": [
          285, 
          353
        ], 
        "top_left": [
          190, 
          185
        ]
      }, 
      "class": "024_bowl", 
      "cuboid": [
        [
          -27.024512994045757, 
          -3.874806229687412, 
          45.60947772029695
        ], 
        [
          -30.780204742764607, 
          2.5181535201209226, 
          59.919026508141386
        ], 
        [
          -31.974145015742067, 
          -2.494316874236228, 
          61.845044599638335
        ], 
        [
          -28.218453267023218, 
          -8.887276624044564, 
          47.53549581179391
        ], 
        [
          -11.718824695430968, 
          -5.668965905111551, 
          50.42817877534769
        ], 
        [
          -15.474516444149817, 
          0.7239938446967832, 
          64.73772756319211
        ], 
        [
          -16.668456717127277, 
          -4.288476549660366, 
          66.66374565468907
        ], 
        [
          -12.91276496840843, 
          -10.681436299468702, 
          52.35419686684464
        ]
      ], 
      "cuboid_centroid": [
        -21.846484855586517, 
        -4.081641389673889, 
        56.13661168749301
      ], 
      "location": [
        -21.846484855586517, 
        -4.081641389673889, 
        56.13661168749301
      ], 
      "pose_transform_permuted": [
        [
          -0.9479378497380843, 
          0.11111894033293887, 
          -0.29843996738577466, 
          0.0
        ], 
        [
          0.23303540514499235, 
          -0.3966741854893746, 
          -0.8878874312181982, 
          0.0
        ], 
        [
          0.217044541472129, 
          0.9112091810696522, 
          -0.3501278271596351, 
          0.0
        ], 
        [
          -21.846484855586517, 
          -4.081641389673889, 
          56.13661168749301, 
          1.0
        ]
      ], 
      "projected_cuboid": [
        [
          162.96130710289302, 
          227.97775247069447
        ], 
        [
          205.3494806999049, 
          295.69979573904203
        ], 
        [
          203.570837544698, 
          251.77684315825135
        ], 
        [
          162.36470291137402, 
          173.5766562663457
        ], 
        [
          356.6280060632646, 
          213.33254783250828
        ], 
        [
          353.05319754473464, 
          279.2509131611983
        ], 
        [
          347.1357338287224, 
          238.9781068628004
        ], 
        [
          348.96165902739585, 
          164.47732122675336
        ]
      ], 
      "projected_cuboid_centroid": [
        272.31736521072753, 
        234.5093617472673
      ], 
      "quaternion_xyzw": [
        0.781454501810633, 
        -0.1963385985810802, 
        -0.5873103541865419, 
        0.07646282869729193
      ], 
      "visibility": 0.7612844341188184
    }, 
    {
      "bounding_box": {
        "bottom_right": [
          256, 
          524
        ], 
        "top_left": [
          161, 
          421
        ]
      }, 
      "class": "025_mug", 
      "cuboid": [
        [
          6.64623230373478, 
          -5.286788528979993, 
          55.5167448923508
        ], 
        [
          -4.434227790949596, 
          -3.548641170807068, 
          52.18973371490582
        ], 
        [
          -6.137518373593098, 
          -11.334827016270243, 
          53.794689240543235
        ], 
        [
          4.942941721091279, 
          -13.07297437444317, 
          57.12170041798822
        ], 
        [
          4.384017962850111, 
          -2.9917460768701885, 
          64.24995802424601
        ], 
        [
          -6.696442131834266, 
          -1.2535987186972644, 
          60.92294684680103
        ], 
        [
          -8.399732714477768, 
          -9.03978456416044, 
          62.52790237243845
        ], 
        [
          2.6807273802066085, 
          -10.777931922333364, 
          65.85491354988343
        ]
      ], 
      "cuboid_centroid": [
        -0.8767502053714941, 
        -7.163286546570216, 
        59.022323632394624
      ], 
      "location": [
        -0.8767502053714941, 
        -7.163286546570216, 
        59.022323632394624
      ], 
      "pose_transform_permuted": [
        [
          0.2430189071826656, 
          -0.24654547474552665, 
          -0.9381674729709784, 
          0.0
        ], 
        [
          0.9471287934918773, 
          -0.14857229719613987, 
          0.28438422732456187, 
          0.0
        ], 
        [
          0.2094991172662992, 
          0.957675148396742, 
          -0.19740422996460813, 
          0.0
        ], 
        [
          -0.8767502053714941, 
          -7.163286546570216, 
          59.022323632394624, 
          1.0
        ]
      ], 
      "projected_cuboid": [
        [
          545.9759262307389, 
          222.4991969718567
        ], 
        [
          435.9067008480606, 
          237.0234706054418
        ], 
        [
          420.24274981169583, 
          160.91326647495535
        ], 
        [
          528.1316817089161, 
          151.230065692149
        ], 
        [
          518.2907446630447, 
          248.4529533420772
        ], 
        [
          422.4878859121354, 
          262.31253260706114
        ], 
        [
          409.3561359901463, 
          196.18345355364104
        ], 
        [
          503.48759555728964, 
          186.0025093430592
        ]
      ], 
      "projected_cuboid_centroid": [
        473.60882527151654, 
        208.55982510333538
      ], 
      "quaternion_xyzw": [
        0.9801749097558554, 
        -0.09132844834592542, 
        0.13451760733158186, 
        0.11323226607093903
      ], 
      "visibility": 0.861841180604357
    }, 
    {
      "bounding_box": {
        "bottom_right": [
          278, 
          414
        ], 
        "top_left": [
          200, 
          350
        ]
      }, 
      "class": "061_foam_brick", 
      "cuboid": [
        [
          -13.256072890701848, 
          -8.588473352776221, 
          61.67929442884844
        ], 
        [
          -11.58501408411924, 
          -1.3963100076100032, 
          59.20463403983472
        ], 
        [
          -14.599300994873122, 
          0.5588082176416896, 
          62.851388555082146
        ], 
        [
          -16.270359801455726, 
          -6.633355127524529, 
          65.32604894409586
        ], 
        [
          -9.160242544206918, 
          -8.408457529338706, 
          64.96826151855069
        ], 
        [
          -7.489183737624312, 
          -1.2162941841724877, 
          62.49360112953697
        ], 
        [
          -10.50347064837819, 
          0.7388240410792051, 
          66.14035564478439
        ], 
        [
          -12.174529454960798, 
          -6.453339304087013, 
          68.6150160337981
        ]
      ], 
      "cuboid_centroid": [
        -11.87977176954002, 
        -3.9248246558485085, 
        63.909825036816414
      ], 
      "location": [
        -11.87977176954002, 
        -3.9248246558485085, 
        63.909825036816414
      ], 
      "pose_transform_permuted": [
        [
          -0.7792675635075268, 
          -0.03424958561650408, 
          -0.6257547685396734, 
          0.0
        ], 
        [
          -0.2145849521263002, 
          -0.9235641624505164, 
          0.31777749473181643, 
          0.0
        ], 
        [
          0.5888084262185758, 
          -0.3819112511070784, 
          -0.7123541489258205, 
          0.0
        ], 
        [
          -11.87977176954002, 
          -3.9248246558485085, 
          63.909825036816414, 
          1.0
        ]
      ], 
      "projected_cuboid": [
        [
          366.0211844530353, 
          199.02497142180275
        ], 
        [
          376.36875680346475, 
          260.7084774408495
        ], 
        [
          356.6836989950175, 
          278.0282528831529
        ], 
        [
          347.6594714726025, 
          219.13205827816995
        ], 
        [
          405.77467953203643, 
          204.26214114762521
        ], 
        [
          417.15185449001297, 
          262.90669915646845
        ], 
        [
          396.1970357689639, 
          279.2440101749834
        ], 
        [
          386.1802893205533, 
          223.1270768800583
        ]
      ], 
      "projected_cuboid_centroid": [
        381.6356970633414, 
        240.53436179770858
      ], 
      "quaternion_xyzw": [
        -0.5072619060471363, 
        0.7453608139305842, 
        0.22744171367602528, 
        -0.3679577185089017
      ], 
      "visibility": 0.9883692755027865
    }
  ]
}