{
  "camera_data": {
    "location_worldframe": [
      -8.375538236619176, 
      -11.731887074561417, 
      70.22488988351986
    ], 
    "quaternion_xyzw_worldframe": [
      -0.8266527590782023, 
      -0.07224255249452895, 
      -0.18979575100609816, 
      0.524798788115332
    ]
  }, 
  "objects": [
    {
      "bounding_box": {
        "bottom_right": [
          395, 
          451
        ], 
        "top_left": [
          212, 
          305
        ]
      }, 
      "class": "003_cracker_box", 
      "cuboid": [
        [
          -2.79888176598688, 
          13.985781400148479, 
          68.66998284203109
        ], 
        [
          -13.270445033953859, 
          11.599368462171993, 
          56.27121226985018
        ], 
        [
          -17.119620094625105, 
          -8.172920997299112, 
          63.327696382323595
        ], 
        [
          -6.648056826658127, 
          -5.786508059322626, 
          75.72646695450452
        ], 
        [
          -8.171712645257182, 
          16.47986755486838, 
          72.72764474644559
        ], 
        [
          -18.643275913224162, 
          14.093454616891895, 
          60.32887417426467
        ], 
        [
          -22.49245097389541, 
          -5.67883484257921, 
          67.3853582867381
        ], 
        [
          -12.020887705928429, 
          -3.2924219046027243, 
          79.784128858919
        ]
      ], 
      "cuboid_centroid": [
        -12.645666369941145, 
        4.1534732787846345, 
        68.0276705643846
      ], 
      "location": [
        -12.645666369941145, 
        4.1534732787846345, 
        68.0276705643846
      ], 
      "pose_transform_permuted": [
        [
          0.7483051542793027, 
          -0.34736576801520735, 
          -0.5651339834855396, 
          0.0
        ], 
        [
          0.6383697984428373, 
          0.14548104301462092, 
          0.7558566441855421, 
          0.0
        ], 
        [
          0.18034244235642427, 
          0.9263758898711598, 
          -0.33061202965157904, 
          0.0
        ], 
        [
          -12.645666369941145, 
          4.1534732787846345, 
          68.0276705643846, 
          1.0
        ]
      ], 
      "projected_cuboid": [
        [
          459.67864359609126, 
          381.90592010372916
        ], 
        [
          354.77613257304523, 
          383.221442593551
        ], 
        [
          336.22125075413913, 
          204.45758842900992
        ], 
        [
          434.3865508621077, 
          232.5338369731012
        ], 
        [
          421.17364910021786, 
          394.13516611616706
        ], 
        [
          315.413245887235, 
          397.87555848943896
        ], 
        [
          302.09767763129446, 
          228.34155426175718
        ], 
        [
          400.5734248923988, 
          251.2782375475078
        ]
      ], 
      "projected_cuboid_centroid": [
        381.63209457705557, 
        305.8487089241755
      ], 
      "quaternion_xyzw": [
        0.8845732971042503, 
        -0.009852603355743964, 
        0.4251094294245844, 
        0.19161153741759523
      ], 
      "visibility": 0.8568461920455058
    }, 
    {
      "bounding_box": {
        "bottom_right": [
          380, 
          336
        ], 
        "top_left": [
          231, 
          239
        ]
      }, 
      "class": "004_sugar_box", 
      "cuboid": [
        [
          -16.83127220649322, 
          11.364767560150245, 
          64.1317546294757
        ], 
        [
          -23.624727975501326, 
          10.7011636003133, 
          57.86287670363406
        ], 
        [
          -27.532599658054284, 
          -5.425587751436665, 
          63.80487971418373
        ], 
        [
          -20.73914388904618, 
          -4.761983791599722, 
          70.07375764002536
        ], 
        [
          -19.73361966073771, 
          13.157042074085956, 
          67.08724352506181
        ], 
        [
          -26.527075429745818, 
          12.493438114249015, 
          60.81836559922017
        ], 
        [
          -30.434947112298776, 
          -3.633313237500953, 
          66.76036860976984
        ], 
        [
          -23.64149134329067, 
          -2.9697092776640095, 
          73.02924653561146
        ]
      ], 
      "cuboid_centroid": [
        -23.633109659396, 
        3.865727161324646, 
        65.44606161962277
      ], 
      "location": [
        -23.633109659396, 
        3.865727161324646, 
        65.44606161962277
      ], 
      "pose_transform_permuted": [
        [
          0.64305122617148, 
          -0.3971007406906995, 
          -0.6548253743580705, 
          0.0
        ], 
        [
          0.7330249820170233, 
          0.0716039519893605, 
          0.6764221752676415, 
          0.0
        ], 
        [
          0.22171944895522108, 
          0.9149774387709596, 
          -0.3371291946640015, 
          0.0
        ], 
        [
          -23.633109659396, 
          3.865727161324646, 
          65.44606161962277, 
          1.0
        ]
      ], 
      "projected_cuboid": [
        [
          340.4617981415848, 
          367.7959293591437
        ], 
        [
          262.03438297153195, 
          371.9186910283107
        ], 
        [
          249.54520285258906, 
          227.93621037300574
        ], 
        [
          322.43955108648095, 
          237.0438802970829
        ], 
        [
          323.41452891453395, 
          377.88031506955537
        ], 
        [
          247.04116606338914, 
          382.84218193565584
        ], 
        [
          236.43935379136488, 
          244.26157688991367
        ], 
        [
          307.50868704564937, 
          251.59927994117965
        ]
      ], 
      "projected_cuboid_centroid": [
        287.40607135948807, 
        304.78832658887814
      ], 
      "quaternion_xyzw": [
        0.9086841853947462, 
        -0.04130023923015898, 
        0.36301759804093053, 
        0.2020036078419645
      ], 
      "visibility": 0.6248012718600954
    }, 
    {
      "bounding_box": {
        "bottom_right": [
          266, 
          342
        ], 
        "top_left": [
          161, 
          164
        ]
      }, 
      "class": "024_bowl", 
      "cuboid": [
        [
          -27.809078379247392, 
          -6.129314427907605, 
          43.24750408320934
        ], 
        [
          -31.18547197101979, 
          0.3336792838269112, 
          57.61997846938526
        ], 
        [
          -32.392467517134286, 
          -4.6614272210417695, 
          59.58262241956989
        ], 
        [
          -29.016073925361884, 
          -11.124420932776285, 
          45.21014803339397
        ], 
        [
          -12.423719190418646, 
          -8.081857493687842, 
          47.739862183385135
        ], 
        [
          -15.800112782191041, 
          -1.6188637819533245, 
          62.112336569561045
        ], 
        [
          -17.007108328305538, 
          -6.613970286822006, 
          64.07498051974568
        ], 
        [
          -13.63071473653314, 
          -13.076963998556524, 
          49.702506133569756
        ]
      ], 
      "cuboid_centroid": [
        -22.408093353776465, 
        -6.371642357364806, 
        53.66124230147751
      ], 
      "location": [
        -22.408093353776465, 
        -6.371642357364806, 
        53.66124230147751
      ], 
      "pose_transform_permuted": [
        [
          -0.9528721624512846, 
          0.1209282091197581, 
          -0.278228341950457, 
          0.0
        ], 
        [
          0.20950048652316527, 
          -0.40101969459483944, 
          -0.8917918763330482, 
          0.0
        ], 
        [
          0.21941783922910513, 
          0.9080526266611147, 
          -0.3567859849291739, 
          0.0
        ], 
        [
          -22.408093353776465, 
          -6.371642357364806, 
          53.66124230147751, 
          1.0
        ]
      ], 
      "projected_cuboid": [
        [
          135.8032010247344, 
          197.701056573603
        ], 
        [
          190.54481343039674, 
          276.375010092857
        ], 
        [
          189.23827769147232, 
          231.56245264322283
        ], 
        [
          136.45773258653023, 
          142.05778087791154
        ], 
        [
          341.6505162098176, 
          183.00113134944309
        ], 
        [
          344.8008607957739, 
          259.3863724895881
        ], 
        [
          338.86099907964314, 
          218.23603546294848
        ], 
        [
          334.1174248602136, 
          132.96763796235226
        ]
      ], 
      "projected_cuboid_centroid": [
        257.0352476260156, 
        209.96110047005203
      ], 
      "quaternion_xyzw": [
        0.7739156050782827, 
        -0.2004215736679668, 
        -0.5958866918692455, 
        0.07618975966557699
      ], 
      "visibility": 0.7682891911238368
    }, 
    {
      "bounding_box": {
        "bottom_right": [
          233, 
          522
        ], 
        "top_left": [
          130, 
          412
        ]
      }, 
      "class": "025_mug", 
      "cuboid": [
        [
          6.049820027158385, 
          -7.8913347377215795, 
          52.43123243563743
        ], 
        [
          -5.080029750566798, 
          -6.038227973251775, 
          49.33943768691829
        ], 
        [
          -6.833518906133769, 
          -13.801922288006244, 
          50.99838236250136
        ], 
        [
          4.296330871591415, 
          -15.65502905247605, 
          54.09017711122049
        ], 
        [
          4.001498030730382, 
          -5.553747226158444, 
          61.205849624605314
        ], 
        [
          -7.1283517469948015, 
          -3.700640461688641, 
          58.114054875886175
        ], 
        [
          -8.881840902561773, 
          -11.46433477644311, 
          59.77299955146924
        ], 
        [
          2.2480088751634106, 
          -13.317441540912913, 
          62.864794300188386
        ]
      ], 
      "cuboid_centroid": [
        -1.4160104377016935, 
        -9.677834757082344, 
        56.10211599355333
      ], 
      "location": [
        -1.4160104377016935, 
        -9.677834757082344, 
        56.10211599355333
      ], 
      "pose_transform_permuted": [
        [
          0.22004147181539185, 
          -0.2511158877552535, 
          -0.9426153135318315, 
          0.0
        ], 
        [
          0.9513504946224853, 
          -0.15839872704256294, 
          0.26427854123888644, 
          0.0
        ], 
        [
          0.21567337597626815, 
          0.9549087643883662, 
          -0.204044717131523, 
          0.0
        ], 
        [
          -1.4160104377016935, 
          -9.677834757082344, 
          56.10211599355333, 
          1.0
        ]
      ], 
      "projected_cuboid": [
        [
          543.647403880961, 
          193.01752355092444
        ], 
        [
          426.2284362771389, 
          208.0181568089274
        ], 
        [
          409.53947801030006, 
          128.95185322068136
        ], 
        [
          524.3111490949523, 
          118.93071933378765
        ], 
        [
          516.7548468654165, 
          224.89374262185572
        ], 
        [
          415.6341779590423, 
          239.32532097964258
        ], 
        [
          401.68917615638424, 
          170.9969709497133
        ], 
        [
          500.82720098801406, 
          160.30673027554286
        ]
      ], 
      "projected_cuboid_centroid": [
        468.02397210983554, 
        181.28682090767165
      ], 
      "quaternion_xyzw": [
        0.9809274403011013, 
        -0.09533633367010497, 
        0.12343420959495574, 
        0.1160026180802584
      ], 
      "visibility": 0.871734844751109
    }, 
    {
      "bounding_box": {
        "bottom_right": [
          258, 
          408
        ], 
        "top_left": [
          175, 
          341
        ]
      }, 
      "class": "061_foam_brick", 
      "cuboid": [
        [
          -13.7501361041299, 
          -10.961374212734668, 
          59.02806548868148
        ], 
        [
          -12.054106609716852, 
          -3.7930792115551575, 
          56.501679554246834
        ], 
        [
          -14.96756100394738, 
          -1.7975053138863681, 
          60.20798494657661
        ], 
        [
          -16.663590498360428, 
          -8.965800315065877, 
          62.734370881011245
        ], 
        [
          -9.582693055302425, 
          -10.81970954599878, 
          62.2277351588317
        ], 
        [
          -7.886663560889376, 
          -3.6514145448192705, 
          59.70134922439706
        ], 
        [
          -10.800117955119905, 
          -1.6558406471504812, 
          63.40765461672683
        ], 
        [
          -12.496147449532952, 
          -8.82413564832999, 
          65.93404055116147
        ]
      ], 
      "cuboid_centroid": [
        -12.275127029624903, 
        -6.308607429942574, 
        61.217860052704154
      ], 
      "location": [
        -12.275127029624903, 
        -6.308607429942574, 
        61.217860052704154
      ], 
      "pose_transform_permuted": [
        [
          -0.792892506764913, 
          -0.026952942466685018, 
          -0.6087651530832227, 
          0.0
        ], 
        [
          -0.2177915022677725, 
          -0.920499167112503, 
          0.32441970483485616, 
          0.0
        ], 
        [
          0.5691118820196946, 
          -0.38981383022870786, 
          -0.7239867702564908, 
          0.0
        ], 
        [
          -12.275127029624903, 
          -6.308607429942574, 
          61.217860052704154, 
          1.0
        ]
      ], 
      "projected_cuboid": [
        [
          356.32905674772485, 
          174.25033413972994
        ], 
        [
          366.8701290758748, 
          237.4836478726636
        ], 
        [
          347.9102209276955, 
          257.3643179370273
        ], 
        [
          338.75544573225204, 
          197.06616915210532
        ], 
        [
          398.7846783633405, 
          180.55677736301487
        ], 
        [
          410.55740352385357, 
          240.6679973901906
        ], 
        [
          390.0006386803083, 
          259.3593197445511
        ], 
        [
          379.6773565617226, 
          201.9108979255023
        ]
      ], 
      "projected_cuboid_centroid": [
        373.76707267756916, 
        218.32702319227462
      ], 
      "quaternion_xyzw": [
        -0.5002898711214185, 
        0.744373979525699, 
        0.23410068291006844, 
        -0.3752523067476442
      ], 
      "visibility": 0.9902309058614565
    }
  ]
}