{
  "camera_data": {
    "location_worldframe": [
      -8.448540350644528, 
      -12.418667843558547, 
      69.33412565934768
    ], 
    "quaternion_xyzw_worldframe": [
      -0.8277403774145031, 
      -0.0687260935829621, 
      -0.1878260743243394, 
      0.524257183403641
    ]
  }, 
  "objects": [
    {
      "bounding_box": {
        "bottom_right": [
          391, 
          451
        ], 
        "top_left": [
          206, 
          303
        ]
      }, 
      "class": "003_cracker_box", 
      "cuboid": [
        [
          -2.7777593735590815, 
          13.274272702023271, 
          67.7128518930695
        ], 
        [
          -13.34907364336578, 
          10.918910698863609, 
          55.39304263601485
        ], 
        [
          -17.227932736964725, 
          -8.830499309367434, 
          62.497182528020346
        ], 
        [
          -6.656618467158023, 
          -6.475137306207772, 
          74.81699178507499
        ], 
        [
          -8.110600773844668, 
          15.794392092154938, 
          71.80701827877307
        ], 
        [
          -18.68191504365137, 
          13.439030088995274, 
          59.48720902171842
        ], 
        [
          -22.560774137250313, 
          -6.310379919235768, 
          66.59134891372392
        ], 
        [
          -11.98945986744361, 
          -3.955017916076105, 
          78.91115817077858
        ]
      ], 
      "cuboid_centroid": [
        -12.669266755404696, 
        3.481946391393752, 
        67.1521004033967
      ], 
      "location": [
        -12.669266755404696, 
        3.481946391393752, 
        67.1521004033967
      ], 
      "pose_transform_permuted": [
        [
          0.7427355888279388, 
          -0.3509915669057607, 
          -0.5702181732016738, 
          0.0
        ], 
        [
          0.644450841483821, 
          0.14358810893274282, 
          0.7510429867084267, 
          0.0
        ], 
        [
          0.1817332055492616, 
          0.9253039365171629, 
          -0.3328448092829933, 
          0.0
        ], 
        [
          -12.669266755404696, 
          3.481946391393752, 
          67.1521004033967, 
          1.0
        ]
      ], 
      "projected_cuboid": [
        [
          459.5365739516387, 
          377.83728996457177
        ], 
        [
          352.00224753252786, 
          378.4128972765065
        ], 
        [
          333.3573892852855, 
          197.93148963580066
        ], 
        [
          433.7511211937564, 
          227.12967646202372
        ], 
        [
          420.8566378279943, 
          390.5934365122683
        ], 
        [
          312.71266756812577, 
          393.7712277686246
        ], 
        [
          299.405647194206, 
          222.74770308655013
        ], 
        [
          399.89125893513517, 
          246.5566235392822
        ]
      ], 
      "projected_cuboid_centroid": [
        380.1396946915315, 
        300.9400318695946
      ], 
      "quaternion_xyzw": [
        0.885998441195392, 
        -0.01076330804968835, 
        0.4214958249590582, 
        0.1929564275717347
      ], 
      "visibility": 0.8622581069814385
    }, 
    {
      "bounding_box": {
        "bottom_right": [
          376, 
          334
        ], 
        "top_left": [
          225, 
          235
        ]
      }, 
      "class": "004_sugar_box", 
      "cuboid": [
        [
          -16.853462333258413, 
          10.706584910180611, 
          63.279529787364
        ], 
        [
          -23.69507087247159, 
          10.064845040665308, 
          57.06094437859739
        ], 
        [
          -27.625770861089276, 
          -6.03990057134875, 
          63.04740714033278
        ], 
        [
          -20.7841623218761, 
          -5.398160701833446, 
          69.26599254909938
        ], 
        [
          -19.726817080361787, 
          12.513661956683029, 
          66.25427151324516
        ], 
        [
          -26.568425619574963, 
          11.871922087167725, 
          60.03568610447855
        ], 
        [
          -30.49912560819265, 
          -4.232823524846332, 
          66.02214886621394
        ], 
        [
          -23.657517068979473, 
          -3.591083655331029, 
          72.24073427498054
        ]
      ], 
      "cuboid_centroid": [
        -23.67629397072553, 
        3.2368806926671394, 
        64.65083932678897
      ], 
      "location": [
        -23.67629397072553, 
        3.2368806926671394, 
        64.65083932678897
      ], 
      "pose_transform_permuted": [
        [
          0.6366275308107262, 
          -0.40038042614102043, 
          -0.6590910786969476, 
          0.0
        ], 
        [
          0.7382207446323726, 
          0.0692447809047479, 
          0.6709955304674076, 
          0.0
        ], 
        [
          0.22301464998852252, 
          0.9137289073747316, 
          -0.33965169088044483, 
          0.0
        ], 
        [
          -23.67629397072553, 
          3.2368806926671394, 
          64.65083932678897, 
          1.0
        ]
      ], 
      "projected_cuboid": [
        [
          338.37246473175, 
          363.52158588193663
        ], 
        [
          258.28571921179525, 
          367.3575180576633
        ], 
        [
          245.9625488603267, 
          222.194869010227
        ], 
        [
          320.2339784134905, 
          231.72292632378205
        ], 
        [
          321.4810166615072, 
          374.01636001786994
        ], 
        [
          243.61289276026588, 
          378.7492877191497
        ], 
        [
          233.1754013868236, 
          239.09425983425604
        ], 
        [
          305.48920477168383, 
          246.77524546184702
        ]
      ], 
      "projected_cuboid_centroid": [
        284.65826512684737, 
        299.98830828734145
      ], 
      "quaternion_xyzw": [
        0.9098132680259245, 
        -0.042253139871607434, 
        0.3593108353199114, 
        0.20334725350487481
      ], 
      "visibility": 0.6247040574740795
    }, 
    {
      "bounding_box": {
        "bottom_right": [
          260, 
          338
        ], 
        "top_left": [
          153, 
          156
        ]
      }, 
      "class": "024_bowl", 
      "cuboid": [
        [
          -28.054898143674922, 
          -6.762644529005748, 
          42.49334174035355
        ], 
        [
          -31.299919887681526, 
          -0.2717136694632999, 
          56.883476967074955
        ], 
        [
          -32.51309396278017, 
          -5.259883070876023, 
          58.85990637508234
        ], 
        [
          -29.268072218773554, 
          -11.750813930418472, 
          44.469771148360934
        ], 
        [
          -12.64537031883025, 
          -8.774074019852113, 
          46.875531456912015
        ], 
        [
          -15.890392062836858, 
          -2.283143160309664, 
          61.26566668363341
        ], 
        [
          -17.1035661379355, 
          -7.271312561722388, 
          63.242096091640796
        ], 
        [
          -13.85854439392889, 
          -13.762243421264836, 
          48.8519608649194
        ]
      ], 
      "cuboid_centroid": [
        -22.579232140805207, 
        -7.016978545364068, 
        52.86771891599717
      ], 
      "location": [
        -22.579232140805207, 
        -7.016978545364068, 
        52.86771891599717
      ], 
      "pose_transform_permuted": [
        [
          -0.9543690154126838, 
          0.12457526308210748, 
          -0.271405206744915, 
          0.0
        ], 
        [
          0.20134904763599093, 
          -0.4027531554307128, 
          -0.8928877067171908, 
          0.0
        ], 
        [
          0.22054102438391318, 
          0.9067915414353116, 
          -0.3592920218221761, 
          0.0
        ], 
        [
          -22.579232140805207, 
          -7.016978545364068, 
          52.86771891599717, 
          1.0
        ]
      ], 
      "projected_cuboid": [
        [
          126.55521718087881, 
          188.4108700854709
        ], 
        [
          185.69443490629024, 
          270.73904565736467
        ], 
        [
          184.54644298798104, 
          225.62763364997832
        ], 
        [
          127.66414558268019, 
          132.3607129668523
        ], 
        [
          336.5272440111367, 
          173.46077913576562
        ], 
        [
          342.1179522815093, 
          253.41170392692098
        ], 
        [
          336.16099070121214, 
          211.96767563845435
        ], 
        [
          329.041749264071, 
          123.04335848606694
        ]
      ], 
      "projected_cuboid_centroid": [
        251.92386124322485, 
        202.50058107490312
      ], 
      "quaternion_xyzw": [
        0.7712888233042499, 
        -0.20203008295400757, 
        -0.5987564795170085, 
        0.07607939841994833
      ], 
      "visibility": 0.7667916808728265
    }, 
    {
      "bounding_box": {
        "bottom_right": [
          226, 
          521
        ], 
        "top_left": [
          120, 
          410
        ]
      }, 
      "class": "025_mug", 
      "cuboid": [
        [
          5.862444967740698, 
          -8.65487290402856, 
          51.432123925565506
        ], 
        [
          -5.2819275063860935, 
          -6.759010415827457, 
          48.41957963423679
        ], 
        [
          -7.0551502476684185, 
          -14.51380845563224, 
          50.09903178893674
        ], 
        [
          4.089222226458374, 
          -16.40967094383334, 
          53.111576080265465
        ], 
        [
          3.8877081058723615, 
          -6.300342690697433, 
          60.219071460920816
        ], 
        [
          -7.256664368254431, 
          -4.404480202496332, 
          57.20652716959209
        ], 
        [
          -9.029887109536755, 
          -12.159278242301113, 
          58.88597932429205
        ], 
        [
          2.1144853645900374, 
          -14.055140730502217, 
          61.89852361562077
        ]
      ], 
      "cuboid_centroid": [
        -1.583721070898028, 
        -10.407075573164837, 
        55.15905162492878
      ], 
      "location": [
        -1.583721070898028, 
        -10.407075573164837, 
        55.15905162492878
      ], 
      "pose_transform_permuted": [
        [
          0.21213657144304848, 
          -0.2529359614741607, 
          -0.9439399038900917, 
          0.0
        ], 
        [
          0.952591856786472, 
          -0.16205337465524844, 
          0.25750441909499905, 
          0.0
        ], 
        [
          0.2181005418574117, 
          0.9538145519457512, 
          -0.20656706934559832, 
          0.0
        ], 
        [
          -1.583721070898028, 
          -10.407075573164837, 
          55.15905162492878, 
          1.0
        ]
      ], 
      "projected_cuboid": [
        [
          542.8936230856883, 
          183.54081376720825
        ], 
        [
          422.934218682794, 
          198.83912136095543
        ], 
        [
          405.86694403068435, 
          118.78258851602979
        ], 
        [
          523.0011609612196, 
          108.50892237245966
        ], 
        [
          516.314800229573, 
          217.48866438222743
        ], 
        [
          413.38154930926606, 
          232.22486789058763
        ], 
        [
          399.13349410475774, 
          163.16217088662063
        ], 
        [
          499.96736421452295, 
          152.18701317933554
        ]
      ], 
      "projected_cuboid_centroid": [
        466.1568434144918, 
        172.6630311733078
      ], 
      "quaternion_xyzw": [
        0.9811149668390441, 
        -0.0968678313351594, 
        0.11967022377895647, 
        0.1170869486121962
      ], 
      "visibility": 0.8729484000472311
    }, 
    {
      "bounding_box": {
        "bottom_right": [
          252, 
          405
        ], 
        "top_left": [
          168, 
          338
        ]
      }, 
      "class": "061_foam_brick", 
      "cuboid": [
        [
          -13.901343820058173, 
          -11.637030078944315, 
          58.17598050240408
        ], 
        [
          -12.19433730111829, 
          -4.478246802825277, 
          55.630092462953314
        ], 
        [
          -15.072495787541405, 
          -2.4670809006629697, 
          59.35549805034125
        ], 
        [
          -16.779502306481287, 
          -9.62586417678201, 
          61.90138608979201
        ], 
        [
          -9.710156873248001, 
          -11.509384032354077, 
          61.34508051735769
        ], 
        [
          -8.003150354308119, 
          -4.350600756235037, 
          58.79919247790693
        ], 
        [
          -10.881308840731233, 
          -2.3394348540727306, 
          62.52459806529485
        ], 
        [
          -12.588315359671116, 
          -9.49821813019177, 
          65.07048610474561
        ]
      ], 
      "cuboid_centroid": [
        -12.391326330394703, 
        -6.988232466508523, 
        60.35028928384947
      ], 
      "location": [
        -12.391326330394703, 
        -6.988232466508523, 
        60.35028928384947
      ], 
      "pose_transform_permuted": [
        [
          -0.7974099911243374, 
          -0.024285777315671053, 
          -0.6029490086858567, 
          0.0
        ], 
        [
          -0.21920109017293862, 
          -0.919277742074258, 
          0.3269240202154763, 
          0.0
        ], 
        [
          0.5622172072447436, 
          -0.3928595600809882, 
          -0.7277177872849427, 
          0.0
        ], 
        [
          -12.391326330394703, 
          -6.988232466508523, 
          60.35028928384947, 
          1.0
        ]
      ], 
      "projected_cuboid": [
        [
          353.0965704222954, 
          166.60580862447685
        ], 
        [
          363.71705971672674, 
          230.35407800375697
        ], 
        [
          345.0394432792991, 
          251.1193824388241
        ], 
        [
          335.82630131510996, 
          190.35363139067292
        ], 
        [
          396.47576956839384, 
          173.226682440861
        ], 
        [
          408.40207937241905, 
          233.82578207511656
        ], 
        [
          388.00868081585367, 
          253.33172883692595
        ], 
        [
          377.5630676596858, 
          195.43886790397062
        ]
      ], 
      "projected_cuboid_centroid": [
        371.18153485139385, 
        211.53105560732223
      ], 
      "quaternion_xyzw": [
        -0.4977168769571538, 
        0.7441454257972334, 
        0.23632209027410744, 
        -0.37772657479392174
      ], 
      "visibility": 0.9909287257019438
    }
  ]
}