{
  "camera_data": {
    "location_worldframe": [
      -23.48851447526131, 
      -4.979621541639215, 
      92.59259448146966
    ], 
    "quaternion_xyzw_worldframe": [
      0.9500345634568018, 
      0.02778149940276122, 
      -0.05121820218957265, 
      -0.3066670921683352
    ]
  }, 
  "objects": [
    {
      "bounding_box": {
        "bottom_right": [
          405, 
          357
        ], 
        "top_left": [
          250, 
          196
        ]
      }, 
      "class": "003_cracker_box", 
      "cuboid": [
        [
          -24.07231915039282, 
          16.32923444937538, 
          77.08425976967501
        ], 
        [
          -38.055556908646146, 
          8.570764649937578, 
          73.43003976336362
        ], 
        [
          -34.80074009465445, 
          -4.929449291052487, 
          89.63818395698587
        ], 
        [
          -20.817502336401123, 
          2.8290205083853146, 
          93.29240396329726
        ], 
        [
          -27.662860049694288, 
          20.733218144422118, 
          81.47348990708504
        ], 
        [
          -41.64609780794762, 
          12.974748344984317, 
          77.81926990077366
        ], 
        [
          -38.391280993955924, 
          -0.5254655960057462, 
          94.0274140943959
        ], 
        [
          -24.408043235702593, 
          7.2330042034320545, 
          97.6816341007073
        ]
      ], 
      "cuboid_centroid": [
        -31.23180007217437, 
        7.901884426684816, 
        85.55583693203546
      ], 
      "location": [
        -31.23180007217437, 
        7.901884426684816, 
        85.55583693203546
      ], 
      "pose_transform_permuted": [
        [
          0.5000753461204863, 
          -0.613368217317322, 
          -0.6113134042268714, 
          0.0
        ], 
        [
          0.8524492896510472, 
          0.472973583346693, 
          0.22276938306152974, 
          0.0
        ], 
        [
          -0.15249543198371848, 
          0.6325151535269017, 
          -0.7593877295446247, 
          0.0
        ], 
        [
          -31.23180007217437, 
          7.901884426684816, 
          85.55583693203546, 
          1.0
        ]
      ], 
      "projected_cuboid": [
        [
          313.66100662471183, 
          386.26291650626075
        ], 
        [
          202.89765330261832, 
          335.5356753275828
        ], 
        [
          272.8178972062122, 
          243.95783312470866
        ], 
        [
          361.59904973799144, 
          289.459044790331
        ], 
        [
          299.00895630735215, 
          409.0046871756072
        ], 
        [
          193.80494623880486, 
          362.2065109896727
        ], 
        [
          262.0286622085781, 
          270.3061189692606
        ], 
        [
          347.2241389357918, 
          312.7771016105463
        ]
      ], 
      "projected_cuboid_centroid": [
        285.2885658703953, 
        322.54360634550073
      ], 
      "quaternion_xyzw": [
        0.879812174189017, 
        0.17772799515616758, 
        0.20539745595368453, 
        0.3900707409872198
      ], 
      "visibility": 0.8986543313708999
    }, 
    {
      "bounding_box": {
        "bottom_right": [
          369, 
          276
        ], 
        "top_left": [
          265, 
          170
        ]
      }, 
      "class": "004_sugar_box", 
      "cuboid": [
        [
          -37.94347257008591, 
          12.41136577421279, 
          81.16052104274566
        ], 
        [
          -46.452575055162335, 
          9.024286682040549, 
          79.7416792362284
        ], 
        [
          -44.40553046065274, 
          -1.8614225670801856, 
          93.45159946201915
        ], 
        [
          -35.896427975576316, 
          1.5256565250920562, 
          94.87044126853641
        ], 
        [
          -39.65332260146949, 
          15.554515173480842, 
          83.91148596699574
        ], 
        [
          -48.16242508654591, 
          12.167436081308603, 
          82.49264416047848
        ], 
        [
          -46.115380492036316, 
          1.281726832187869, 
          96.20256438626923
        ], 
        [
          -37.6062780069599, 
          4.66880592436011, 
          97.62140619278648
        ]
      ], 
      "cuboid_centroid": [
        -42.02942653106111, 
        6.846546303200329, 
        88.68154271450744
      ], 
      "location": [
        -42.02942653106111, 
        6.846546303200329, 
        88.68154271450744
      ], 
      "pose_transform_permuted": [
        [
          0.3788385700142743, 
          -0.6964038961922332, 
          -0.6095105412367784, 
          0.0
        ], 
        [
          0.9181460670663724, 
          0.36547137054405227, 
          0.1530953501533086, 
          0.0
        ], 
        [
          -0.11614240086433017, 
          0.6176184000558192, 
          -0.7778545982596163, 
          0.0
        ], 
        [
          -42.02942653106111, 
          6.846546303200329, 
          88.68154271450744, 
          1.0
        ]
      ], 
      "projected_cuboid": [
        [
          230.1862353898377, 
          354.84373273874303
        ], 
        [
          168.32898094746267, 
          333.6417857988929
        ], 
        [
          226.0669699698176, 
          262.663572582282
        ], 
        [
          278.12160218333435, 
          281.86310293828325
        ], 
        [
          227.4705947950683, 
          372.1469913884083
        ], 
        [
          167.62944826833373, 
          351.9496964385858
        ], 
        [
          223.81607900493862, 
          280.39206603302716
        ], 
        [
          274.43652977586527, 
          298.79288670754795
        ]
      ], 
      "projected_cuboid_centroid": [
        226.73103286961472, 
        314.46080163108434
      ], 
      "quaternion_xyzw": [
        0.8867461598956843, 
        0.13578118327150096, 
        0.14996792324146035, 
        0.4156371239953493
      ], 
      "visibility": 0.4130748277519628
    }, 
    {
      "bounding_box": {
        "bottom_right": [
          272, 
          243
        ], 
        "top_left": [
          184, 
          138
        ]
      }, 
      "class": "024_bowl", 
      "cuboid": [
        [
          -52.989857365210426, 
          -12.636720852989363, 
          78.17483378852015
        ], 
        [
          -51.30863163089375, 
          0.23186107085109847, 
          87.73053474059279
        ], 
        [
          -50.621161843614445, 
          -3.0795112635364843, 
          92.06897882495629
        ], 
        [
          -52.30238757793113, 
          -15.948093187376944, 
          82.51327787288365
        ], 
        [
          -37.058938621761456, 
          -12.768697903246046, 
          75.54968748001639
        ], 
        [
          -35.37771288744479, 
          0.09988402059441653, 
          85.10538843208903
        ], 
        [
          -34.69024310016548, 
          -3.2114883137931662, 
          89.44383251645253
        ], 
        [
          -36.37146883448216, 
          -16.080070237633628, 
          79.88813156437989
        ]
      ], 
      "cuboid_centroid": [
        -43.84005023268796, 
        -7.924104583391264, 
        83.80933315248635
      ], 
      "location": [
        -43.84005023268796, 
        -7.924104583391264, 
        83.80933315248635
      ], 
      "pose_transform_permuted": [
        [
          -0.9866606821846681, 
          0.00817382654045145, 
          0.16258501404057293, 
          0.0
        ], 
        [
          -0.10431769866904553, 
          -0.7984774584566632, 
          -0.5929178409197872, 
          0.0
        ], 
        [
          -0.12497406120984025, 
          0.6019692159041644, 
          -0.7886789886439513, 
          0.0
        ], 
        [
          -43.84005023268796, 
          -7.924104583391264, 
          83.80933315248635, 
          1.0
        ]
      ], 
      "projected_cuboid": [
        [
          117.08029022983047, 
          187.07707169465084
        ], 
        [
          167.08928709467577, 
          274.69603639638916
        ], 
        [
          185.92484890346603, 
          255.44813372843902
        ], 
        [
          140.72657151014434, 
          170.2070018106684
        ], 
        [
          217.81088553625273, 
          183.14987599724495
        ], 
        [
          258.05233974280884, 
          273.91246902070645
        ], 
        [
          273.02858557201495, 
          254.13765358455834
        ], 
        [
          236.7638650711559, 
          165.9387231237745
        ]
      ], 
      "projected_cuboid_centroid": [
        200.29663789145607, 
        222.86160325811903
      ], 
      "quaternion_xyzw": [
        -0.5777253896087974, 
        0.2914461651507482, 
        0.6835334535730095, 
        -0.3377492040950515
      ], 
      "visibility": 0.6635841389939751
    }, 
    {
      "bounding_box": {
        "bottom_right": [
          242, 
          357
        ], 
        "top_left": [
          164, 
          269
        ]
      }, 
      "class": "025_mug", 
      "cuboid": [
        [
          -18.703929834869736, 
          -11.075082986905766, 
          70.69719238532487
        ], 
        [
          -30.247466368272573, 
          -10.519004466518853, 
          72.51496478708991
        ], 
        [
          -29.643340269199026, 
          -16.35990341127758, 
          78.13819359639704
        ], 
        [
          -18.099803735796186, 
          -16.915981931664493, 
          76.320421194632
        ], 
        [
          -17.358801900598767, 
          -4.614840076134918, 
          77.2629929886387
        ], 
        [
          -28.902338434001607, 
          -4.058761555748003, 
          79.08076539040374
        ], 
        [
          -28.298212334928053, 
          -9.899660500506728, 
          84.70399419971088
        ], 
        [
          -16.754675801525217, 
          -10.455739020893642, 
          82.88622179794584
        ]
      ], 
      "cuboid_centroid": [
        -23.501071084898896, 
        -10.487371743706248, 
        77.70059329251787
      ], 
      "location": [
        -23.501071084898896, 
        -10.487371743706248, 
        77.70059329251787
      ], 
      "pose_transform_permuted": [
        [
          -0.14450068443981867, 
          -0.6939931128259665, 
          -0.705332672753116, 
          0.0
        ], 
        [
          0.9867113582003894, 
          -0.047532139784833505, 
          -0.1553784379903584, 
          0.0
        ], 
        [
          -0.07430551531437185, 
          0.7184112830997338, 
          -0.6916385752030169, 
          0.0
        ], 
        [
          -23.501071084898896, 
          -10.487371743706248, 
          77.70059329251787, 
          1.0
        ]
      ], 
      "projected_cuboid": [
        [
          339.32408600785465, 
          189.73925070063953
        ], 
        [
          257.2847621016212, 
          195.9233193143552
        ], 
        [
          277.5851636385693, 
          161.624667307923
        ], 
        [
          354.06340214480696, 
          155.07932303801903
        ], 
        [
          360.7767553470959, 
          241.43190110285
        ], 
        [
          285.0557538504048, 
          245.91430643541557
        ], 
        [
          301.9389490057844, 
          210.95555983159832
        ], 
        [
          372.8930941745097, 
          206.0105751566046
        ]
      ], 
      "projected_cuboid_centroid": [
        318.946697022823, 
        201.30355188172885
      ], 
      "quaternion_xyzw": [
        0.9233709051693745, 
        0.007248813932638287, 
        -0.08119140443762686, 
        0.37515576900671793
      ], 
      "visibility": 0.7639939485627837
    }, 
    {
      "bounding_box": {
        "bottom_right": [
          275, 
          306
        ], 
        "top_left": [
          215, 
          254
        ]
      }, 
      "class": "061_foam_brick", 
      "cuboid": [
        [
          -33.03843962723758, 
          -9.622618868169083, 
          86.10488102204201
        ], 
        [
          -33.93755823873095, 
          -4.725415818568644, 
          80.11717835966692
        ], 
        [
          -35.38669394277832, 
          -1.0336619366026083, 
          83.35418165527459
        ], 
        [
          -34.48757533128495, 
          -5.930864986203048, 
          89.34188431764967
        ], 
        [
          -28.03407868181127, 
          -8.09491227494575, 
          86.60289762218191
        ], 
        [
          -28.93319729330464, 
          -3.1977092253453105, 
          80.61519495980683
        ], 
        [
          -30.382332997352012, 
          0.4940446566207256, 
          83.85219825541448
        ], 
        [
          -29.48321438585864, 
          -4.403158392979714, 
          89.83990091778956
        ]
      ], 
      "cuboid_centroid": [
        -31.710386312294798, 
        -4.564287105774179, 
        84.97853963872825
      ], 
      "location": [
        -31.710386312294798, 
        -4.564287105774179, 
        84.97853963872825
      ], 
      "pose_transform_permuted": [
        [
          -0.9521234599455142, 
          -0.29065954737952326, 
          -0.0947520160129269, 
          0.0
        ], 
        [
          0.11545812956620993, 
          -0.6288624181337772, 
          0.7688962734829781, 
          0.0
        ], 
        [
          0.28307302474530416, 
          -0.7211442897063451, 
          -0.6323136690642357, 
          0.0
        ], 
        [
          -31.710386312294798, 
          -4.564287105774179, 
          84.97853963872825, 
          1.0
        ]
      ], 
      "projected_cuboid": [
        [
          275.25703557657636, 
          213.68560685102693
        ], 
        [
          253.80075815418013, 
          241.83065241148023
        ], 
        [
          253.297896408115, 
          266.67292673576725
        ], 
        [
          274.0104794858093, 
          237.88269054253274
        ], 
        [
          307.51838118366106, 
          223.4362978761287
        ], 
        [
          288.59086930501303, 
          252.1317054214698
        ], 
        [
          286.7479679023795, 
          276.42877749117747
        ], 
        [
          305.1163332082841, 
          247.14792279162853
        ]
      ], 
      "projected_cuboid_centroid": [
        280.9263489092079, 
        244.6413799559667
      ], 
      "quaternion_xyzw": [
        0.3496662179396202, 
        -0.6520042515492254, 
        -0.13100149303969597, 
        0.6598959014987948
      ], 
      "visibility": 0.6716283265674334
    }
  ]
}