{
  "camera_data": {
    "location_worldframe": [
      -8.09078844395726, 
      -10.12916528203407, 
      71.97233363573994
    ], 
    "quaternion_xyzw_worldframe": [
      -0.8243356309176086, 
      -0.07911238367364117, 
      -0.1939108104796574, 
      0.5259393104171405
    ]
  }, 
  "objects": [
    {
      "bounding_box": {
        "bottom_right": [
          405, 
          453
        ], 
        "top_left": [
          226, 
          312
        ]
      }, 
      "class": "003_cracker_box", 
      "cuboid": [
        [
          -2.6932464479392264, 
          15.634767577972648, 
          70.5574923411739
        ], 
        [
          -12.962183424125987, 
          13.196120188985558, 
          58.00042070888451
        ], 
        [
          -16.759978305965113, 
          -6.622158563528465, 
          64.9549967901078
        ], 
        [
          -6.491041329778355, 
          -4.183511174541377, 
          77.51206842239719
        ], 
        [
          -8.144571091847002, 
          18.077335022967034, 
          74.5411240307657
        ], 
        [
          -18.413508068033764, 
          15.638687633979945, 
          61.98405239847631
        ], 
        [
          -22.21130294987289, 
          -4.17959111853408, 
          68.9386284796996
        ], 
        [
          -11.942365973686133, 
          -1.7409437295469905, 
          81.495700111989
        ]
      ], 
      "cuboid_centroid": [
        -12.45227469890606, 
        5.7275882297192835, 
        69.74806041043675
      ], 
      "location": [
        -12.45227469890606, 
        5.7275882297192835, 
        69.74806041043675
      ], 
      "pose_transform_permuted": [
        [
          0.7592374337380946, 
          -0.34019046008244413, 
          -0.5548233683612176, 
          0.0
        ], 
        [
          0.626017248805989, 
          0.14866537138184904, 
          0.7655070290658847, 
          0.0
        ], 
        [
          0.17793516630551937, 
          0.9285305908912165, 
          -0.3258374109445311, 
          0.0
        ], 
        [
          -12.45227469890606, 
          5.7275882297192835, 
          69.74806041043675, 
          1.0
        ]
      ], 
      "projected_cuboid": [
        [
          461.07010616323356, 
          391.4643168534923
        ], 
        [
          361.4152539940632, 
          394.62616332639533
        ], 
        [
          342.8407960239049, 
          218.9146340583781
        ], 
        [
          436.56345645351814, 
          244.50200827904456
        ], 
        [
          422.83947280361343, 
          402.62449611733285
        ], 
        [
          321.84433113565757, 
          407.84402571521485
        ], 
        [
          308.335143547441, 
          240.95259339449288
        ], 
        [
          402.7932217925123, 
          261.8935518129561
        ]
      ], 
      "projected_cuboid_centroid": [
        385.5888757055665, 
        317.0818055383345
      ], 
      "quaternion_xyzw": [
        0.8816704611217311, 
        -0.00829952805905252, 
        0.43234534047564627, 
        0.18885397106862406
      ], 
      "visibility": 0.8449693955623565
    }, 
    {
      "bounding_box": {
        "bottom_right": [
          390, 
          341
        ], 
        "top_left": [
          244, 
          246
        ]
      }, 
      "class": "004_sugar_box", 
      "cuboid": [
        [
          -16.63639807693989, 
          12.915253024033715, 
          65.80708910863916
        ], 
        [
          -23.33144460659924, 
          12.213541065430597, 
          59.43730149499496
        ], 
        [
          -27.200046426008146, 
          -3.9571469328643722, 
          65.28484282879631
        ], 
        [
          -20.504999896348792, 
          -3.2554349742612536, 
          71.65463044244052
        ], 
        [
          -19.595868769014196, 
          14.67788032187958, 
          68.72350154895648
        ], 
        [
          -26.29091529867355, 
          13.97616836327646, 
          62.353713935312285
        ], 
        [
          -30.15951711808245, 
          -2.1945196350185077, 
          68.20125526911363
        ], 
        [
          -23.4644705884231, 
          -1.492807676415389, 
          74.57104288275784
        ]
      ], 
      "cuboid_centroid": [
        -23.39795759751117, 
        5.360366694507604, 
        67.0041721888764
      ], 
      "location": [
        -23.39795759751117, 
        5.360366694507604, 
        67.0041721888764
      ], 
      "pose_transform_permuted": [
        [
          0.6557075909618597, 
          -0.390532030720683, 
          -0.6461674990102083, 
          0.0
        ], 
        [
          0.7224064642321545, 
          0.07571586734733128, 
          0.6873104955278936, 
          0.0
        ], 
        [
          0.21949140946873527, 
          0.9174702557957332, 
          -0.3317697579635775, 
          0.0
        ], 
        [
          -23.39795759751117, 
          5.360366694507604, 
          67.0041721888764, 
          1.0
        ]
      ], 
      "projected_cuboid": [
        [
          345.6473349155955, 
          377.955464272285
        ], 
        [
          270.5038485509283, 
          382.87631521261744
        ], 
        [
          257.5449673051474, 
          240.96013783497864
        ], 
        [
          327.70818485768353, 
          249.05660039340404
        ], 
        [
          328.25864942829526, 
          387.1922738456701
        ], 
        [
          254.85342624263637, 
          392.82655918314134
        ], 
        [
          243.7905501848353, 
          256.1258524135408
        ], 
        [
          312.38463097605484, 
          262.610228022994
        ]
      ], 
      "projected_cuboid_centroid": [
        293.8090661229323, 
        315.95236665700963
      ], 
      "quaternion_xyzw": [
        0.9063724702127289, 
        -0.039656859306323414, 
        0.3704376872166424, 
        0.19922874216235123
      ], 
      "visibility": 0.6262395787626152
    }, 
    {
      "bounding_box": {
        "bottom_right": [
          279, 
          350
        ], 
        "top_left": [
          181, 
          179
        ]
      }, 
      "class": "024_bowl", 
      "cuboid": [
        [
          -27.168445921886104, 
          -4.614665319723784, 
          44.7241623499576
        ], 
        [
          -30.806439885467196, 
          1.7880403096880784, 
          59.05973704823215
        ], 
        [
          -32.00308634069853, 
          -3.220913068742711, 
          60.99321108022922
        ], 
        [
          -28.365092377117442, 
          -9.623618698154573, 
          46.657636381954674
        ], 
        [
          -11.836068086497606, 
          -6.457895388073687, 
          49.43836174341109
        ], 
        [
          -15.474062050078697, 
          -0.05518975866182427, 
          63.77393644168563
        ], 
        [
          -16.670708505310035, 
          -5.064143137092614, 
          65.7074104736827
        ], 
        [
          -13.03271454172894, 
          -11.466848766504476, 
          51.37183577540816
        ]
      ], 
      "cuboid_centroid": [
        -21.919577213598068, 
        -4.839404228408199, 
        55.215786411820154
      ], 
      "location": [
        -21.919577213598068, 
        -4.839404228408199, 
        55.215786411820154
      ], 
      "pose_transform_permuted": [
        [
          -0.9495908314012521, 
          0.1141580511424842, 
          -0.2919677932204665, 
          0.0
        ], 
        [
          0.22573242266417462, 
          -0.3972789036488661, 
          -0.8895023024555458, 
          0.0
        ], 
        [
          0.21753649412648346, 
          0.9105698282256584, 
          -0.3514832309630911, 
          0.0
        ], 
        [
          -21.919577213598068, 
          -4.839404228408199, 
          55.215786411820154, 
          1.0
        ]
      ], 
      "projected_cuboid": [
        [
          154.9232563416894, 
          218.2583103864301
        ], 
        [
          201.09133514484668, 
          289.4328495011984
        ], 
        [
          199.43274312332218, 
          245.12314102578347
        ], 
        [
          154.66824831482901, 
          163.28387366552775
        ], 
        [
          352.850660343667, 
          203.62156618472451
        ], 
        [
          351.11439476328155, 
          272.82500493632125
        ], 
        [
          345.1602939941679, 
          232.18300509947852
        ], 
        [
          345.1696895997903, 
          154.24280687603004
        ]
      ], 
      "projected_cuboid_centroid": [
        268.1153697990551, 
        226.54358250414393
      ], 
      "quaternion_xyzw": [
        0.7791453722044268, 
        -0.1972723639607393, 
        -0.5900994857524063, 
        0.0761491976616461
      ], 
      "visibility": 0.7530766803408016
    }, 
    {
      "bounding_box": {
        "bottom_right": [
          249, 
          524
        ], 
        "top_left": [
          151, 
          419
        ]
      }, 
      "class": "025_mug", 
      "cuboid": [
        [
          6.564402590385324, 
          -6.134450590357416, 
          54.40194037934548
        ], 
        [
          -4.532889948435605, 
          -4.3608002409901365, 
          51.15063014046039
        ], 
        [
          -6.249817115917156, 
          -12.141811313622098, 
          52.76611732933867
        ], 
        [
          4.847475422903772, 
          -13.915461662989376, 
          56.017427568223766
        ], 
        [
          4.368924724791629, 
          -3.8336061291395476, 
          63.15064524893439
        ], 
        [
          -6.728367814029299, 
          -2.059955779772269, 
          59.89933501004929
        ], 
        [
          -8.44529498151085, 
          -9.840966852404229, 
          61.514822198927575
        ], 
        [
          2.651997557310078, 
          -11.614617201771507, 
          64.76613243781266
        ]
      ], 
      "cuboid_centroid": [
        -0.9404461955627633, 
        -7.987708721380822, 
        57.958381289136526
      ], 
      "location": [
        -0.9404461955627633, 
        -7.987708721380822, 
        57.958381289136526
      ], 
      "pose_transform_permuted": [
        [
          0.2358497256416744, 
          -0.24716875693741394, 
          -0.9398316765332323, 
          0.0
        ], 
        [
          0.9485675868605948, 
          -0.15160700017128018, 
          0.2779135087811294, 
          0.0
        ], 
        [
          0.21117637217230867, 
          0.9570386684260075, 
          -0.19869958976685734, 
          0.0
        ], 
        [
          -0.9404461955627633, 
          -7.987708721380822, 
          57.958381289136526, 
          1.0
        ]
      ], 
      "projected_cuboid": [
        [
          546.4862897368239, 
          213.14856111847175
        ], 
        [
          433.94125129402266, 
          227.81886416332043
        ], 
        [
          417.9022790970817, 
          150.56638958948255
        ], 
        [
          528.1325487459549, 
          140.80297820530998
        ], 
        [
          518.8009726399848, 
          240.91098243840543
        ], 
        [
          421.19115460954356, 
          254.9455203785717
        ], 
        [
          407.76810238540094, 
          187.96758310007374
        ], 
        [
          503.6170478870869, 
          177.64545873853228
        ]
      ], 
      "projected_cuboid_centroid": [
        472.8711848902041, 
        199.78549480137298
      ], 
      "quaternion_xyzw": [
        0.9804894099147418, 
        -0.09250058406422118, 
        0.130996630159289, 
        0.11368515105712401
      ], 
      "visibility": 0.8578714266541404
    }, 
    {
      "bounding_box": {
        "bottom_right": [
          271, 
          413
        ], 
        "top_left": [
          192, 
          348
        ]
      }, 
      "class": "061_foam_brick", 
      "cuboid": [
        [
          -13.305894305600779, 
          -9.374178963599874, 
          60.699306544521306
        ], 
        [
          -11.62898593895274, 
          -2.1869638571480157, 
          58.21424869750459
        ], 
        [
          -14.612192978739596, 
          -0.22287289079707048, 
          61.88168019423301
        ], 
        [
          -16.289101345387635, 
          -7.4100879972489295, 
          64.36673804124973
        ], 
        [
          -9.18723019587343, 
          -9.207597750977413, 
          63.96034826335075
        ], 
        [
          -7.510321829225392, 
          -2.0203826445255553, 
          61.47529041633404
        ], 
        [
          -10.493528869012248, 
          -0.0562916781746102, 
          65.14272191306246
        ], 
        [
          -12.170437235660287, 
          -7.243506784626469, 
          67.62777976007918
        ]
      ], 
      "cuboid_centroid": [
        -11.899711587306513, 
        -4.715235320887242, 
        62.92101422879188
      ], 
      "location": [
        -11.899711587306513, 
        -4.715235320887242, 
        62.92101422879188
      ], 
      "pose_transform_permuted": [
        [
          -0.7836118867666828, 
          -0.0316935333509412, 
          -0.620441722373417, 
          0.0
        ], 
        [
          -0.21533610915420137, 
          -0.9229287464116266, 
          0.3191126590115054, 
          0.0
        ], 
        [
          0.582737308752657, 
          -0.38366397927196166, 
          -0.7163931741696835, 
          0.0
        ], 
        [
          -11.899711587306513, 
          -4.715235320887242, 
          62.92101422879188, 
          1.0
        ]
      ], 
      "projected_cuboid": [
        [
          363.71382479922056, 
          190.92261157031803
        ], 
        [
          374.17233475396563, 
          253.25105390664834
        ], 
        [
          354.6142273190296, 
          271.3657356236622
        ], 
        [
          345.5067085721214, 
          211.8892206368515
        ], 
        [
          404.3529333727636, 
          196.5109679932929
        ], 
        [
          415.89943978794435, 
          255.75901395467136
        ], 
        [
          394.97124077007834, 
          272.8256813660155
        ], 
        [
          384.819927378123, 
          216.16350314605614
        ]
      ], 
      "projected_cuboid_centroid": [
        379.8943741853648, 
        233.32012347410625
      ], 
      "quaternion_xyzw": [
        -0.5053319784921725, 
        0.7448895573841098, 
        0.22979904672823534, 
        -0.37009665890965
      ], 
      "visibility": 0.9882711705371804
    }
  ]
}