{
  "camera_data": {
    "location_worldframe": [
      -24.711709262355683, 
      -18.175671712195225, 
      68.63237938761648
    ], 
    "quaternion_xyzw_worldframe": [
      0.9087251810402337, 
      -0.001561738277253323, 
      0.06850542108447395, 
      -0.41173566136396267
    ]
  }, 
  "objects": [
    {
      "bounding_box": {
        "bottom_right": [
          351, 
          316
        ], 
        "top_left": [
          150, 
          124
        ]
      }, 
      "class": "003_cracker_box", 
      "cuboid": [
        [
          -19.578442547843366, 
          5.750079786407829, 
          58.828112396600204
        ], 
        [
          -33.25132708849786, 
          1.2581543346467272, 
          50.957092782794845
        ], 
        [
          -35.058748536328885, 
          -15.708595977120169, 
          63.7795792310027
        ], 
        [
          -21.3858639956744, 
          -11.216670525359067, 
          71.65059884480807
        ], 
        [
          -23.49833866455194, 
          9.63723236440169, 
          63.419066197778285
        ], 
        [
          -37.17122320520643, 
          5.145306912640589, 
          55.54804658397292
        ], 
        [
          -38.97864465303746, 
          -11.821443399126306, 
          68.37053303218077
        ], 
        [
          -25.305760112382973, 
          -7.329517947365205, 
          76.24155264598615
        ]
      ], 
      "cuboid_centroid": [
        -29.278543600440415, 
        -3.035681806359239, 
        63.599322714390496
      ], 
      "location": [
        -29.278543600440415, 
        -3.035681806359239, 
        63.599322714390496
      ], 
      "pose_transform_permuted": [
        [
          0.5459465474131632, 
          -0.5413861658675426, 
          -0.6394086226935705, 
          0.0
        ], 
        [
          0.8335294668992029, 
          0.27383777110270013, 
          0.47983487047966467, 
          0.0
        ], 
        [
          0.08468172871627999, 
          0.7949301192713405, 
          -0.6007621079070113, 
          0.0
        ], 
        [
          -29.278543600440415, 
          -3.035681806359239, 
          63.599322714390496, 
          1.0
        ]
      ], 
      "projected_cuboid": [
        [
          302.62512017481066, 
          325.4151892326197
        ], 
        [
          130.6867977917654, 
          286.4544466802086
        ], 
        [
          185.99566030405612, 
          141.93255352853495
        ], 
        [
          321.0883178510845, 
          189.79707459105308
        ], 
        [
          282.34214830005504, 
          354.330379457711
        ], 
        [
          121.74019621237576, 
          322.68688788912823
        ], 
        [
          175.0130536080342, 
          181.0741917191082
        ], 
        [
          303.1048065507178, 
          222.01560604377056
        ]
      ], 
      "projected_cuboid_centroid": [
        234.0323691820829, 
        247.8304719966098
      ], 
      "quaternion_xyzw": [
        0.903862297153736, 
        0.052318821954979444, 
        0.28372170769900884, 
        0.3159077099938732
      ], 
      "visibility": 0.8892346919644531
    }, 
    {
      "bounding_box": {
        "bottom_right": [
          321, 
          199
        ], 
        "top_left": [
          180, 
          73
        ]
      }, 
      "class": "004_sugar_box", 
      "cuboid": [
        [
          -34.35046353866408, 
          3.3076584990792175, 
          59.27058991157362
        ], 
        [
          -42.690960586143575, 
          1.6904559256172735, 
          55.56775224466748
        ], 
        [
          -44.84489715154814, 
          -12.034550456499158, 
          66.41375275678834
        ], 
        [
          -36.50440010406864, 
          -10.417347883037214, 
          70.11659042369449
        ], 
        [
          -36.23936056214191, 
          6.027558583468269, 
          62.33734631794711
        ], 
        [
          -44.579857609621406, 
          4.410356010006325, 
          58.63450865104096
        ], 
        [
          -46.73379417502596, 
          -9.314650372110107, 
          69.48050916316183
        ], 
        [
          -38.39329712754647, 
          -7.697447798648163, 
          73.18334683006798
        ]
      ], 
      "cuboid_centroid": [
        -40.542128856845025, 
        -3.0034959365154448, 
        64.37554953736773
      ], 
      "location": [
        -40.542128856845025, 
        -3.0034959365154448, 
        64.37554953736773
      ], 
      "pose_transform_permuted": [
        [
          0.4185086610780254, 
          -0.6026277390642679, 
          -0.6794780771694554, 
          0.0
        ], 
        [
          0.8999532647482527, 
          0.1744988011459312, 
          0.39954223689486656, 
          0.0
        ], 
        [
          0.12220709049842943, 
          0.7787105358489483, 
          -0.6153654603480941, 
          0.0
        ], 
        [
          -40.542128856845025, 
          -3.0034959365154448, 
          64.37554953736773, 
          1.0
        ]
      ], 
      "projected_cuboid": [
        [
          169.93418005885204, 
          303.0490062584207
        ], 
        [
          68.449846784834, 
          289.5109345640038
        ], 
        [
          118.4799273839464, 
          176.64599040364138
        ], 
        [
          201.62405914770355, 
          194.0502887976365
        ], 
        [
          168.9718886786513, 
          324.8545821981243
        ], 
        [
          72.73471322216577, 
          313.4016388496195
        ], 
        [
          119.88767423522357, 
          201.78899840277384
        ], 
        [
          199.47641439589626, 
          217.19181384987874
        ]
      ], 
      "projected_cuboid_centroid": [
        142.926591529884, 
        248.40405989107205
      ], 
      "quaternion_xyzw": [
        0.9162616817490864, 
        0.014267679116428875, 
        0.22320340200500466, 
        0.33232678602451454
      ], 
      "visibility": 0.5505897456471155
    }, 
    {
      "bounding_box": {
        "bottom_right": [
          194, 
          149
        ], 
        "top_left": [
          61, 
          0
        ]
      }, 
      "class": "024_bowl", 
      "cuboid": [
        [
          -51.149873584218575, 
          -17.8312288163075, 
          47.71023443662173
        ], 
        [
          -50.09400283900269, 
          -7.710325815607242, 
          60.2078662445115
        ], 
        [
          -50.72201322531814, 
          -11.931220195480574, 
          63.67911272195323
        ], 
        [
          -51.77788397053402, 
          -22.052123196180833, 
          51.18148091406346
        ], 
        [
          -35.14406004306265, 
          -19.928193204377255, 
          48.05614820352922
        ], 
        [
          -34.088189297846775, 
          -9.807290203676994, 
          60.553780011418986
        ], 
        [
          -34.71619968416222, 
          -14.028184583550326, 
          64.02502648886072
        ], 
        [
          -35.7720704293781, 
          -24.149087584250584, 
          51.52739468097095
        ]
      ], 
      "cuboid_centroid": [
        -42.933036634190394, 
        -15.929706699928914, 
        55.867630462741225
      ], 
      "location": [
        -42.933036634190394, 
        -15.929706699928914, 
        55.867630462741225
      ], 
      "pose_transform_permuted": [
        [
          -0.9912991938353538, 
          0.12987275542414375, 
          -0.021423718162793218, 
          0.0
        ], 
        [
          -0.06551529873985609, 
          -0.6279878352652081, 
          -0.7754605240693723, 
          0.0
        ], 
        [
          0.11416502937592433, 
          0.7673098110655555, 
          -0.6310324872065909, 
          0.0
        ], 
        [
          -42.933036634190394, 
          -15.929706699928914, 
          55.867630462741225, 
          1.0
        ]
      ], 
      "projected_cuboid": [
        [
          -94.93670516389834, 
          73.96361215563229
        ], 
        [
          34.16795532017112, 
          204.9886891024572
        ], 
        [
          53.25451753182688, 
          173.36125464464084
        ], 
        [
          -62.433357961607406, 
          43.499729530679744
        ], 
        [
          88.32354139564784, 
          52.12658050627502
        ], 
        [
          178.86779878816233, 
          186.91009835244537
        ], 
        [
          190.00604524792809, 
          156.4337076893838
        ], 
        [
          108.26299235204823, 
          23.338303568716718
        ]
      ], 
      "projected_cuboid_centroid": [
        68.33733198264576, 
        121.21950977785832
      ], 
      "quaternion_xyzw": [
        -0.6563570351737866, 
        0.2826787955600376, 
        0.6729415635184489, 
        -0.19088685918090015
      ], 
      "visibility": 0.7100756124985779
    }, 
    {
      "bounding_box": {
        "bottom_right": [
          133, 
          315
        ], 
        "top_left": [
          11, 
          187
        ]
      }, 
      "class": "025_mug", 
      "cuboid": [
        [
          -16.106188639053034, 
          -20.177261667497813, 
          47.152371434959136
        ], 
        [
          -27.634068187709577, 
          -18.195877678188758, 
          46.931314605079834
        ], 
        [
          -28.901489039106586, 
          -25.115005496775357, 
          51.008211180146745
        ], 
        [
          -17.373609490450047, 
          -27.096389486084416, 
          51.22926801002604
        ], 
        [
          -15.465315500351712, 
          -15.550269004403635, 
          55.2043317989923
        ], 
        [
          -26.99319504900825, 
          -13.568885015094578, 
          54.983274969113005
        ], 
        [
          -28.260615900405263, 
          -20.48801283368118, 
          59.06017154417991
        ], 
        [
          -16.732736351748724, 
          -22.469396822990237, 
          59.28122837405921
        ]
      ], 
      "cuboid_centroid": [
        -22.18340226972915, 
        -20.332637250589496, 
        53.10627148956952
      ], 
      "location": [
        -22.18340226972915, 
        -20.332637250589496, 
        53.10627148956952
      ], 
      "pose_transform_permuted": [
        [
          -0.06884594752812628, 
          -0.4970557741613592, 
          -0.8649837342911781, 
          0.0
        ], 
        [
          0.9853730400307681, 
          -0.16936352923997106, 
          0.0188953605525065, 
          0.0
        ], 
        [
          0.15588857959895688, 
          0.8510298741844086, 
          -0.501444816501566, 
          0.0
        ], 
        [
          -22.18340226972915, 
          -20.332637250589496, 
          53.10627148956952, 
          1.0
        ]
      ], 
      "projected_cuboid": [
        [
          297.90898617329236, 
          45.07047048441813
        ], 
        [
          164.95118643550845, 
          66.51163767394661
        ], 
        [
          176.89748235788272, 
          10.695007069358402
        ], 
        [
          299.22276615618057, 
          -8.798990613924252
        ], 
        [
          330.94421398464306, 
          123.05805566188101
        ], 
        [
          217.5900773047165, 
          141.67284082693533
        ], 
        [
          224.27403810279338, 
          88.27761947041742
        ], 
        [
          329.80764475153074, 
          71.14212099786299
        ]
      ], 
      "projected_cuboid_centroid": [
        256.96379700157087, 
        69.09608515734105
      ], 
      "quaternion_xyzw": [
        0.9619494072593364, 
        -0.08452942181377159, 
        -0.012981604489453511, 
        0.259499247862662
      ], 
      "visibility": 0.7721597717589267
    }, 
    {
      "bounding_box": {
        "bottom_right": [
          183, 
          233
        ], 
        "top_left": [
          98, 
          168
        ]
      }, 
      "class": "061_foam_brick", 
      "cuboid": [
        [
          -33.127854977112605, 
          -19.76600391713607, 
          59.60530272852077
        ], 
        [
          -32.17595620388042, 
          -13.633032939676552, 
          54.901671059828836
        ], 
        [
          -33.85305552181772, 
          -10.528297599246391, 
          58.61046974581724
        ], 
        [
          -34.8049542950499, 
          -16.66126857670591, 
          63.31410141450916
        ], 
        [
          -28.203640617017566, 
          -19.19143096271604, 
          61.35101613483464
        ], 
        [
          -27.251741843785382, 
          -13.05845998525652, 
          56.64738446614271
        ], 
        [
          -28.928841161722683, 
          -9.953724644826362, 
          60.3561831521311
        ], 
        [
          -29.88073993495487, 
          -16.08669562228588, 
          65.05981482082304
        ]
      ], 
      "cuboid_centroid": [
        -31.028348069417643, 
        -14.859864280981217, 
        59.98074294032594
      ], 
      "location": [
        -31.028348069417643, 
        -14.859864280981217, 
        59.98074294032594
      ], 
      "pose_transform_permuted": [
        [
          -0.9368748707728691, 
          -0.10931753231219234, 
          -0.332137251213249, 
          0.0
        ], 
        [
          -0.12223576565856471, 
          -0.7875505508280167, 
          0.6040054200786215, 
          0.0
        ], 
        [
          0.32760325716968164, 
          -0.6064765510880535, 
          -0.7244738082720144, 
          0.0
        ], 
        [
          -31.028348069417643, 
          -14.859864280981217, 
          59.98074294032594, 
          1.0
        ]
      ], 
      "projected_cuboid": [
        [
          182.7147955574651, 
          96.42984088421308
        ], 
        [
          166.4323181582384, 
          140.8540763752392
        ], 
        [
          170.98780027274924, 
          177.48544115551255
        ], 
        [
          185.97805778896395, 
          132.94211843013744
        ], 
        [
          234.38187934186536, 
          106.4569301555581
        ], 
        [
          222.89128197662927, 
          150.34471989349584
        ], 
        [
          223.8456832130864, 
          185.3333904936503
        ], 
        [
          234.61224740331926, 
          141.41789022234752
        ]
      ], 
      "projected_cuboid_centroid": [
        203.40896560986195, 
        141.1598547191552
      ], 
      "quaternion_xyzw": [
        0.3884021544953861, 
        -0.7177829699776714, 
        -0.21425566699463416, 
        0.5366804296357935
      ], 
      "visibility": 0.7598243688254666
    }
  ]
}