{
  "camera_data": {
    "location_worldframe": [
      -25.593881436163983, 
      -8.18953338909916, 
      87.52019280548934
    ], 
    "quaternion_xyzw_worldframe": [
      0.9447357297029154, 
      0.017575801600091527, 
      -0.02389257783445209, 
      -0.32648812369947605
    ]
  }, 
  "objects": [
    {
      "bounding_box": {
        "bottom_right": [
          394, 
          340
        ], 
        "top_left": [
          231, 
          171
        ]
      }, 
      "class": "003_cracker_box", 
      "cuboid": [
        [
          -24.694911192809823, 
          13.736840804510525, 
          72.9140131709833
        ], 
        [
          -38.777641950521875, 
          6.680842300950848, 
          68.33496357410066
        ], 
        [
          -36.75286118266301, 
          -7.581147392784657, 
          84.08454959927246
        ], 
        [
          -22.67013042495096, 
          -0.5251488892249807, 
          88.66359919615509
        ], 
        [
          -28.313183835255018, 
          18.095237894714725, 
          77.32591473651883
        ], 
        [
          -42.39591459296707, 
          11.039239391155048, 
          72.7468651396362
        ], 
        [
          -40.37113382510821, 
          -3.222750302580456, 
          88.496451164808
        ], 
        [
          -26.288403067396153, 
          3.833248200979219, 
          93.07550076169063
        ]
      ], 
      "cuboid_centroid": [
        -32.533022508959014, 
        5.257045250965034, 
        80.70523216789564
      ], 
      "location": [
        -32.533022508959014, 
        5.257045250965034, 
        80.70523216789564
      ], 
      "pose_transform_permuted": [
        [
          0.5039377059821499, 
          -0.6070191078559799, 
          -0.6144709848212352, 
          0.0
        ], 
        [
          0.8585146042927707, 
          0.4301493699903751, 
          0.27914905286049424, 
          0.0
        ], 
        [
          -0.09486549797200061, 
          0.6682060477087992, 
          -0.737903255921744, 
          0.0
        ], 
        [
          -32.533022508959014, 
          5.257045250965034, 
          80.70523216789564, 
          1.0
        ]
      ], 
      "projected_cuboid": [
        [
          299.4642514802344, 
          373.7627824417446
        ], 
        [
          176.43526836506635, 
          325.42710914471115
        ], 
        [
          246.54358554718686, 
          225.20190903654873
        ], 
        [
          344.0977962058967, 
          270.1277198278361
        ], 
        [
          284.69268654577786, 
          398.09003709651637
        ], 
        [
          168.19528432885974, 
          354.21707071733346
        ], 
        [
          236.2748799685284, 
          253.86478913824124
        ], 
        [
          329.7100833755784, 
          295.25092512958605
        ]
      ], 
      "projected_cuboid_centroid": [
        264.8194398620287, 
        308.0263572799394
      ], 
      "quaternion_xyzw": [
        0.8861703612769395, 
        0.14811341331870104, 
        0.2209187965038248, 
        0.379419810949144
      ], 
      "visibility": 0.8932840418977203
    }, 
    {
      "bounding_box": {
        "bottom_right": [
          360, 
          252
        ], 
        "top_left": [
          250, 
          141
        ]
      }, 
      "class": "004_sugar_box", 
      "cuboid": [
        [
          -38.86988925225316, 
          10.197762756004703, 
          76.21819945760325
        ], 
        [
          -47.426272182212294, 
          7.2034360325564375, 
          74.29139885057802
        ], 
        [
          -46.39875965960481, 
          -4.300099359478992, 
          87.6054463766282
        ], 
        [
          -37.84237672964568, 
          -1.3057726360307256, 
          89.53224698365342
        ], 
        [
          -40.583882243474164, 
          13.29077852652207, 
          79.02288567174057
        ], 
        [
          -49.14026517343329, 
          10.296451803073806, 
          77.09608506471534
        ], 
        [
          -48.11275265082581, 
          -1.2070835889616243, 
          90.41013259076551
        ], 
        [
          -39.55636972086668, 
          1.7872431344866417, 
          92.33693319779074
        ]
      ], 
      "cuboid_centroid": [
        -43.491320951539485, 
        4.49533958352154, 
        83.31416602418437
      ], 
      "location": [
        -43.491320951539485, 
        4.49533958352154, 
        83.31416602418437
      ], 
      "pose_transform_permuted": [
        [
          0.3797564943653161, 
          -0.6852961663463775, 
          -0.6214131620904544, 
          0.0
        ], 
        [
          0.9232477043535416, 
          0.32309274796812726, 
          0.20790493503445134, 
          0.0
        ], 
        [
          -0.05829759235039388, 
          0.6526717700445918, 
          -0.7553941174729101, 
          0.0
        ], 
        [
          -43.491320951539485, 
          4.49533958352154, 
          83.31416602418437, 
          1.0
        ]
      ], 
      "projected_cuboid": [
        [
          207.34724470482163, 
          344.64307252324033
        ], 
        [
          138.29834173359143, 
          324.99822414863036
        ], 
        [
          196.77935000843306, 
          247.10863132329777
        ], 
        [
          254.3016616922535, 
          265.5084005904309
        ], 
        [
          205.4169297777908, 
          362.98501461299145
        ], 
        [
          138.8317209634315, 
          344.51323359312096
        ], 
        [
          195.41999543500165, 
          266.16608258478544
        ], 
        [
          251.22346262322142, 
          283.6092954144568
        ]
      ], 
      "projected_cuboid_centroid": [
        200.87569107002614, 
        302.0625882896209
      ], 
      "quaternion_xyzw": [
        0.8940543379024268, 
        0.1066462976996775, 
        0.1643248638495791, 
        0.40285311047182626
      ], 
      "visibility": 0.4178358105292402
    }, 
    {
      "bounding_box": {
        "bottom_right": [
          258, 
          214
        ], 
        "top_left": [
          163, 
          96
        ]
      }, 
      "class": "024_bowl", 
      "cuboid": [
        [
          -54.682806174784815, 
          -14.106461726886618, 
          71.53109515899885
        ], 
        [
          -52.956729841883565, 
          -1.7105568108203781, 
          81.6849389233379
        ], 
        [
          -52.58702664545902, 
          -5.219183260213929, 
          85.90545530213416
        ], 
        [
          -54.31310297836027, 
          -17.615088176280167, 
          75.7516115377951
        ], 
        [
          -38.666095729972206, 
          -14.749552117350529, 
          69.59346661618096
        ], 
        [
          -36.94001939707095, 
          -2.3536472012842853, 
          79.74731038052002
        ], 
        [
          -36.57031620064642, 
          -5.862273650677838, 
          83.96782675931627
        ], 
        [
          -38.29639253354766, 
          -18.25817856674408, 
          73.81398299497721
        ]
      ], 
      "cuboid_centroid": [
        -45.626561187715616, 
        -9.984367688782228, 
        77.74946095915756
      ], 
      "location": [
        -45.626561187715616, 
        -9.984367688782228, 
        77.74946095915756
      ], 
      "pose_transform_permuted": [
        [
          -0.9919740793563184, 
          0.03982896489397041, 
          0.12000449758513364, 
          0.0
        ], 
        [
          -0.10710061540221932, 
          -0.7691485131173756, 
          -0.6300317634451427, 
          0.0
        ], 
        [
          -0.06720776789666037, 
          0.6378277340511349, 
          -0.7672410948388676, 
          0.0
        ], 
        [
          -45.626561187715616, 
          -9.984367688782228, 
          77.74946095915756, 
          1.0
        ]
      ], 
      "projected_cuboid": [
        [
          70.49689665250614, 
          168.1119663985419
        ], 
        [
          132.96212872319035, 
          262.11834152610754
        ], 
        [
          152.4048119214911, 
          240.8847233231995
        ], 
        [
          96.0259652524519, 
          149.26975084008873
        ], 
        [
          182.81564600528512, 
          160.25545374805537
        ], 
        [
          232.49759283066294, 
          257.5462435648416
        ], 
        [
          247.38593214057366, 
          236.05245130230367
        ], 
        [
          202.5927249134215, 
          141.3678446988511
        ]
      ], 
      "projected_cuboid_centroid": [
        166.01516587425033, 
        204.79913307446134
      ], 
      "quaternion_xyzw": [
        -0.5938692240434301, 
        0.2954946631353734, 
        0.682812720853692, 
        -0.3062173036145164
      ], 
      "visibility": 0.6629043518734
    }, 
    {
      "bounding_box": {
        "bottom_right": [
          222, 
          336
        ], 
        "top_left": [
          137, 
          241
        ]
      }, 
      "class": "025_mug", 
      "cuboid": [
        [
          -20.062321083048985, 
          -13.57356188301523, 
          65.6143803985223
        ], 
        [
          -31.64722853430193, 
          -12.644433659635936, 
          66.9535576137871
        ], 
        [
          -31.511724382138794, 
          -18.727435678919804, 
          72.34619111945223
        ], 
        [
          -19.926816930885852, 
          -19.656563902299094, 
          71.00701390418742
        ], 
        [
          -18.774711426663337, 
          -7.441711993318637, 
          72.49887918138279
        ], 
        [
          -30.359618877916283, 
          -6.512583769939344, 
          73.8380563966476
        ], 
        [
          -30.224114725753147, 
          -12.59558578922321, 
          79.23068990231272
        ], 
        [
          -18.6392072745002, 
          -13.524714012602503, 
          77.89151268704792
        ]
      ], 
      "cuboid_centroid": [
        -25.143217904401066, 
        -13.08457383611922, 
        72.42253515041752
      ], 
      "location": [
        -25.143217904401066, 
        -13.08457383611922, 
        72.42253515041752
      ], 
      "pose_transform_permuted": [
        [
          -0.13832176992137654, 
          -0.6587154153657557, 
          -0.7395688995839693, 
          0.0
        ], 
        [
          0.9902476362226188, 
          -0.07941945421838983, 
          -0.11446937124696095, 
          0.0
        ], 
        [
          -0.016666563270746726, 
          0.7481891618230203, 
          -0.6632761142987954, 
          0.0
        ], 
        [
          -25.143217904401066, 
          -13.08457383611922, 
          72.42253515041752, 
          1.0
        ]
      ], 
      "projected_cuboid": [
        [
          317.1697846105682, 
          162.95940661740192
        ], 
        [
          227.40981787184316, 
          172.56710903500982
        ], 
        [
          247.36398439678595, 
          135.23216309865762
        ], 
        [
          330.6834544324681, 
          125.64998927236594
        ], 
        [
          342.3347196116112, 
          218.54347459659377
        ], 
        [
          260.48736735242795, 
          226.2472654023576
        ], 
        [
          276.45634155912177, 
          188.5028188040911
        ], 
        [
          352.9117393774981, 
          180.68344695288584
        ]
      ], 
      "projected_cuboid_centroid": [
        294.8994085835145, 
        176.93173005103458
      ], 
      "quaternion_xyzw": [
        0.9324706024360244, 
        -0.016824361750307434, 
        -0.06777456053518889, 
        0.35443249530090454
      ], 
      "visibility": 0.7429622815087397
    }, 
    {
      "bounding_box": {
        "bottom_right": [
          257, 
          281
        ], 
        "top_left": [
          194, 
          227
        ]
      }, 
      "class": "061_foam_brick", 
      "cuboid": [
        [
          -35.008755460795996, 
          -12.19203496544573, 
          80.43583350788772
        ], 
        [
          -35.4573225922439, 
          -7.025006042946548, 
          74.6268581419385
        ], 
        [
          -36.91252603163833, 
          -3.4140681443989345, 
          77.95112374389304
        ], 
        [
          -36.46395890019043, 
          -8.581097066898117, 
          83.76009910984226
        ], 
        [
          -29.978680289535703, 
          -10.880950166238017, 
          81.2136103793993
        ], 
        [
          -30.427247420983605, 
          -5.713921243738835, 
          75.40463501345008
        ], 
        [
          -31.882450860378043, 
          -2.102983345191222, 
          78.72890061540461
        ], 
        [
          -31.433883728930134, 
          -7.270012267690405, 
          84.53787598135382
        ]
      ], 
      "cuboid_centroid": [
        -33.44560316058702, 
        -7.147509155318477, 
        79.58236706164617
      ], 
      "location": [
        -33.44560316058702, 
        -7.147509155318477, 
        79.58236706164617
      ], 
      "pose_transform_permuted": [
        [
          -0.9570158164197696, 
          -0.24944535554424835, 
          -0.1479788556510893, 
          0.0
        ], 
        [
          0.05760165713379528, 
          -0.6635114513038447, 
          0.7459454424313527, 
          0.0
        ], 
        [
          0.2842582913792368, 
          -0.7053577592867817, 
          -0.6493594191170927, 
          0.0
        ], 
        [
          -33.44560316058702, 
          -7.147509155318477, 
          79.58236706164617, 
          1.0
        ]
      ], 
      "projected_cuboid": [
        [
          247.5415720071529, 
          192.44879785729128
        ], 
        [
          226.09023505317742, 
          223.0824507683151
        ], 
        [
          226.94739435955475, 
          249.92844752374162
        ], 
        [
          247.48792581475172, 
          218.64874314229954
        ], 
        [
          283.090248799148, 
          201.8327043191399
        ], 
        [
          264.59875299396646, 
          232.87329156176912
        ], 
        [
          263.82145253714805, 
          259.04066140617175
        ], 
        [
          281.6392228250146, 
          227.42259986795648
        ]
      ], 
      "projected_cuboid_centroid": [
        255.5942169811571, 
        225.38765354044332
      ], 
      "quaternion_xyzw": [
        0.3536321370782438, 
        -0.6700251782216988, 
        -0.1492160580570452, 
        0.6354094272139594
      ], 
      "visibility": 0.6776699029126214
    }
  ]
}