{
  "camera_data": {
    "location_worldframe": [
      -25.501856335118863, 
      -16.016727288143702, 
      73.42801051228268
    ], 
    "quaternion_xyzw_worldframe": [
      0.9207600798600714, 
      0.0019804057279652347, 
      0.04401206275859181, 
      -0.3876350567569353
    ]
  }, 
  "objects": [
    {
      "bounding_box": {
        "bottom_right": [
          361, 
          319
        ], 
        "top_left": [
          172, 
          132
        ]
      }, 
      "class": "003_cracker_box", 
      "cuboid": [
        [
          -21.379262915573037, 
          7.445969275428041, 
          62.13990568579836
        ], 
        [
          -35.261329245819, 
          2.2292220071182367, 
          55.12906422215149
        ], 
        [
          -36.10382804096102, 
          -14.048110890799952, 
          68.90920125546614
        ], 
        [
          -22.221761710715064, 
          -8.83136362249015, 
          75.92004271911301
        ], 
        [
          -25.19379112157586, 
          11.490144190884614, 
          66.68373901832095
        ], 
        [
          -39.07585745182181, 
          6.27339692257481, 
          59.67289755467409
        ], 
        [
          -39.91835624696384, 
          -10.003935975343381, 
          73.45303458798874
        ], 
        [
          -26.03628991671788, 
          -4.787188707033577, 
          80.46387605163561
        ]
      ], 
      "cuboid_centroid": [
        -30.648809581268438, 
        -1.27898334995767, 
        67.79647013689355
      ], 
      "location": [
        -30.648809581268438, 
        -1.27898334995767, 
        67.79647013689355
      ], 
      "pose_transform_permuted": [
        [
          0.5312713505851795, 
          -0.5632555727222563, 
          -0.6328458831696089, 
          0.0
        ], 
        [
          0.8462816542701093, 
          0.3180245219341259, 
          0.4273964963525296, 
          0.0
        ], 
        [
          0.039472948879535175, 
          0.7626293747593871, 
          -0.6456301751473981, 
          0.0
        ], 
        [
          -30.648809581268438, 
          -1.27898334995767, 
          67.79647013689355, 
          1.0
        ]
      ], 
      "projected_cuboid": [
        [
          296.57911330057823, 
          337.19202973347694
        ], 
        [
          137.6355969254149, 
          294.8520727570924
        ], 
        [
          199.84457055554222, 
          164.5618320187588
        ], 
        [
          324.193787535212, 
          211.2483857716826
        ], 
        [
          278.42438356635216, 
          365.181788617806
        ], 
        [
          129.45076877283577, 
          329.35429351063993
        ], 
        [
          189.3469835717071, 
          200.65107786235944
        ], 
        [
          307.5887990315267, 
          241.55675300117443
        ]
      ], 
      "projected_cuboid_centroid": [
        238.48961898019314, 
        263.2254409109689
      ], 
      "quaternion_xyzw": [
        0.9002439825123945, 
        0.07735446680721236, 
        0.26622445291504915, 
        0.33571058828294104
      ], 
      "visibility": 0.912755407369411
    }, 
    {
      "bounding_box": {
        "bottom_right": [
          330, 
          211
        ], 
        "top_left": [
          199, 
          87
        ]
      }, 
      "class": "004_sugar_box", 
      "cuboid": [
        [
          -36.05466566505928, 
          4.704685231719195, 
          63.36106359148938
        ], 
        [
          -44.5034104760212, 
          2.703353911993337, 
          60.12013378385493
        ], 
        [
          -45.85574751269924, 
          -10.453439541208159, 
          71.77006685640403
        ], 
        [
          -37.40700270173731, 
          -8.4521082214823, 
          75.01099666403847
        ], 
        [
          -37.87708192840139, 
          7.545427117349431, 
          66.35768965970811
        ], 
        [
          -46.32582673936331, 
          5.544095797623573, 
          63.116759852073656
        ], 
        [
          -47.67816377604134, 
          -7.612697655577922, 
          74.76669292462275
        ], 
        [
          -39.22941896507942, 
          -5.611366335852065, 
          78.0076227322572
        ]
      ], 
      "cuboid_centroid": [
        -41.86641472055031, 
        -1.4540062119293637, 
        69.06387825805606
      ], 
      "location": [
        -41.86641472055031, 
        -1.4540062119293637, 
        69.06387825805606
      ], 
      "pose_transform_permuted": [
        [
          0.40377902067622873, 
          -0.6294017451700054, 
          -0.6639398273033714, 
          0.0
        ], 
        [
          0.9116333753691349, 
          0.2159469207622955, 
          0.34970162384770315, 
          0.0
        ], 
        [
          0.07672703889246124, 
          0.7464720521621072, 
          -0.6609778802980907, 
          0.0
        ], 
        [
          -41.86641472055031, 
          -1.4540062119293637, 
          69.06387825805606, 
          1.0
        ]
      ], 
      "projected_cuboid": [
        [
          175.59049707177226, 
          312.88657978169545
        ], 
        [
          83.52189330094343, 
          297.2677151806043
        ], 
        [
          138.00576281592905, 
          195.60757984452445
        ], 
        [
          213.42118872865785, 
          213.19301791013882
        ], 
        [
          174.6404546353988, 
          333.9294576748325
        ], 
        [
          86.8942552134783, 
          320.1326509121256
        ], 
        [
          138.6689561623527, 
          218.98427340790485
        ], 
        [
          211.1597807819029, 
          234.92295952027914
        ]
      ], 
      "projected_cuboid_centroid": [
        155.6053646037989, 
        262.058526951169
      ], 
      "quaternion_xyzw": [
        0.9113239345636948, 
        0.03819165627875425, 
        0.20669945557960906, 
        0.3539848939899395
      ], 
      "visibility": 0.5052102716784518
    }, 
    {
      "bounding_box": {
        "bottom_right": [
          210, 
          164
        ], 
        "top_left": [
          89, 
          0
        ]
      }, 
      "class": "024_bowl", 
      "cuboid": [
        [
          -52.80898777806171, 
          -17.400724290630862, 
          53.699028579731944
        ], 
        [
          -51.46917892585623, 
          -6.591759181178046, 
          65.57798168545416
        ], 
        [
          -51.84492794903017, 
          -10.629739212907351, 
          69.29462377926106
        ], 
        [
          -53.18473680123566, 
          -21.438704322360163, 
          57.41567067353882
        ], 
        [
          -36.7564230420744, 
          -19.12055458324803, 
          53.453402329604494
        ], 
        [
          -35.41661418986892, 
          -8.311589473795216, 
          65.33235543532673
        ], 
        [
          -35.79236321304287, 
          -12.349569505524519, 
          69.0489975291336
        ], 
        [
          -37.13217206524834, 
          -23.158534614977334, 
          57.17004442341138
        ]
      ], 
      "cuboid_centroid": [
        -44.30067549555229, 
        -14.87514689807769, 
        61.37401305443277
      ], 
      "location": [
        -44.30067549555229, 
        -14.87514689807769, 
        61.37401305443277
      ], 
      "pose_transform_permuted": [
        [
          -0.9941946681346161, 
          0.1065154469169142, 
          0.015212541562479791, 
          0.0
        ], 
        [
          -0.08313326001716118, 
          -0.6706811240136168, 
          -0.7370723783800004, 
          0.0
        ], 
        [
          0.06830682931903083, 
          0.7340580967879324, 
          -0.6756425738572569, 
          0.0
        ], 
        [
          -44.30067549555229, 
          -14.87514689807769, 
          61.37401305443277, 
          1.0
        ]
      ], 
      "projected_cuboid": [
        [
          -47.25371641262444, 
          100.46875577935742
        ], 
        [
          59.53051958676454, 
          219.67838828673038
        ], 
        [
          79.25219387268994, 
          191.47574549766986
        ], 
        [
          -16.539370211955617, 
          74.14785826555081
        ], 
        [
          111.81178182246727, 
          82.51540357431296
        ], 
        [
          190.07565344197033, 
          205.43756171052527
        ], 
        [
          202.8407404360359, 
          177.90112332352518
        ], 
        [
          132.31719286107932, 
          57.24857347958338
        ]
      ], 
      "projected_cuboid_centroid": [
        93.43100235977724, 
        144.02650187696284
      ], 
      "quaternion_xyzw": [
        -0.6394748421963703, 
        0.28890423225817785, 
        0.6768315703274289, 
        -0.22249785659494908
      ], 
      "visibility": 0.8248065360473702
    }, 
    {
      "bounding_box": {
        "bottom_right": [
          157, 
          316
        ], 
        "top_left": [
          47, 
          197
        ]
      }, 
      "class": "025_mug", 
      "cuboid": [
        [
          -17.77407861975662, 
          -18.996749616571357, 
          51.72886995085504
        ], 
        [
          -29.345973679153825, 
          -17.286277493145825, 
          51.90855125968532
        ], 
        [
          -30.268412735021442, 
          -23.99890653037056, 
          56.40204529719159
        ], 
        [
          -18.696517675624236, 
          -25.709378653796094, 
          56.22236398836132
        ], 
        [
          -16.9038282801599, 
          -13.9240340494304, 
          59.4854198481686
        ], 
        [
          -28.475723339557106, 
          -12.213561926004868, 
          59.665101156998865
        ], 
        [
          -29.398162395424727, 
          -18.926190963229605, 
          64.15859519450515
        ], 
        [
          -17.826267336027517, 
          -20.636663086655137, 
          63.97891388567487
        ]
      ], 
      "cuboid_centroid": [
        -23.58612050759067, 
        -18.961470289900483, 
        57.9437325726801
      ], 
      "location": [
        -23.58612050759067, 
        -18.961470289900483, 
        57.9437325726801
      ], 
      "pose_transform_permuted": [
        [
          -0.09348684723722217, 
          -0.5449376618720402, 
          -0.8332491954833094, 
          0.0
        ], 
        [
          0.9891353709472194, 
          -0.14620669040076184, 
          -0.015358689060854476, 
          0.0
        ], 
        [
          0.11345695790573834, 
          0.8256312059520419, 
          -0.5526849287441729, 
          0.0
        ], 
        [
          -23.58612050759067, 
          -18.961470289900483, 
          57.9437325726801, 
          1.0
        ]
      ], 
      "projected_cuboid": [
        [
          296.82094813065055, 
          77.43190986483978
        ], 
        [
          177.57762856520338, 
          95.68361739317987
        ], 
        [
          193.00357643435234, 
          46.360603648734795
        ], 
        [
          302.7658398299262, 
          29.4100067478844
        ], 
        [
          328.78196523735585, 
          148.44989642696405
        ], 
        [
          224.9442000566529, 
          164.1149849445591
        ], 
        [
          235.18777851876678, 
          115.96220372931035
        ], 
        [
          331.761372257723, 
          101.26210231994548
        ]
      ], 
      "projected_cuboid_centroid": [
        262.69907330386775, 
        98.7633759010944
      ], 
      "quaternion_xyzw": [
        0.9549889753791102, 
        -0.0679755617606526, 
        -0.028493924826427264, 
        0.28733907377843826
      ], 
      "visibility": 0.8279629836102129
    }, 
    {
      "bounding_box": {
        "bottom_right": [
          203, 
          243
        ], 
        "top_left": [
          125, 
          180
        ]
      }, 
      "class": "061_foam_brick", 
      "cuboid": [
        [
          -34.253943253884216, 
          -18.283527713260188, 
          64.87753082861927
        ], 
        [
          -33.65410507327322, 
          -12.396884368597856, 
          59.814802369637164
        ], 
        [
          -35.24701202895999, 
          -9.132237853548569, 
          63.42201208239746
        ], 
        [
          -35.84685020957099, 
          -15.0188811982109, 
          68.48474054137957
        ], 
        [
          -29.275292873937058, 
          -17.50556849678231, 
          66.37197262837266
        ], 
        [
          -28.675454693326063, 
          -11.618925152119978, 
          61.30924416939057
        ], 
        [
          -30.26836164901284, 
          -8.354278637070692, 
          64.91645388215086
        ], 
        [
          -30.868199829623833, 
          -14.240921981733024, 
          69.97918234113297
        ]
      ], 
      "cuboid_centroid": [
        -32.261152451448524, 
        -13.318903175165438, 
        64.89699235538507
      ], 
      "location": [
        -32.261152451448524, 
        -13.318903175165438, 
        64.89699235538507
      ], 
      "pose_transform_permuted": [
        [
          -0.9472317998857936, 
          -0.14801354837651892, 
          -0.2843306293421641, 
          0.0
        ], 
        [
          -0.07702676097507821, 
          -0.7559189870057553, 
          0.6501179609716077, 
          0.0
        ], 
        [
          0.3111571875737525, 
          -0.6377134737334507, 
          -0.7046294984174362, 
          0.0
        ], 
        [
          -32.261152451448524, 
          -13.318903175165438, 
          64.89699235538507, 
          1.0
        ]
      ], 
      "projected_cuboid": [
        [
          197.6692143320655, 
          122.98853412102045
        ], 
        [
          179.03037918676804, 
          162.75367751615383
        ], 
        [
          182.7327760421434, 
          196.49299066939665
        ], 
        [
          200.11617214485793, 
          156.32817036540996
        ], 
        [
          244.40057643062744, 
          132.62381357889296
        ], 
        [
          230.07500357955442, 
          172.21531449831994
        ], 
        [
          230.85577317139933, 
          204.65216050131838
        ], 
        [
          244.38642147347417, 
          164.75479580921473
        ]
      ], 
      "projected_cuboid_centroid": [
        214.26746979977162, 
        163.8325920916508
      ], 
      "quaternion_xyzw": [
        0.37735606349760525, 
        -0.7069425125232413, 
        -0.19683918429740008, 
        0.5648796516551575
      ], 
      "visibility": 0.772239263803681
    }
  ]
}