{
  "camera_data": {
    "location_worldframe": [
      -26.688470648488526, 
      -10.209809915663724, 
      84.32873410351213
    ], 
    "quaternion_xyzw_worldframe": [
      0.9407696926868092, 
      0.011232111767137766, 
      -0.007646779010045757, 
      -0.3387754237626673
    ]
  }, 
  "objects": [
    {
      "bounding_box": {
        "bottom_right": [
          387, 
          329
        ], 
        "top_left": [
          219, 
          154
        ]
      }, 
      "class": "003_cracker_box", 
      "cuboid": [
        [
          -24.90928823861408, 
          12.058676641650631, 
          70.33359181363697
        ], 
        [
          -39.02362642312097, 
          5.454141361285574, 
          65.21073255039929
        ], 
        [
          -37.736847372871665, 
          -9.252391548854982, 
          80.62551884749688
        ], 
        [
          -23.62250918836478, 
          -2.647856268489926, 
          85.74837811073456
        ], 
        [
          -28.54215379874812, 
          16.385326088979408, 
          74.76470791647881
        ], 
        [
          -42.65649198325501, 
          9.780790808614352, 
          69.64184865324113
        ], 
        [
          -41.36971293300571, 
          -4.925742101526205, 
          85.05663495033872
        ], 
        [
          -27.255374748498816, 
          1.6787931788388524, 
          90.1794942135764
        ]
      ], 
      "cuboid_centroid": [
        -33.13950058580989, 
        3.5664672700622133, 
        77.69511338198785
      ], 
      "location": [
        -33.13950058580989, 
        3.5664672700622133, 
        77.69511338198785
      ], 
      "pose_transform_permuted": [
        [
          0.5059701458202748, 
          -0.6025974304695658, 
          -0.6171471042872084, 
          0.0
        ], 
        [
          0.860441463363951, 
          0.40262716729531817, 
          0.3123009002226067, 
          0.0
        ], 
        [
          -0.06028847039619201, 
          0.6890338895491459, 
          -0.7222171414402063, 
          0.0
        ], 
        [
          -33.13950058580989, 
          3.5664672700622133, 
          77.69511338198785, 
          1.0
        ]
      ], 
      "projected_cuboid": [
        [
          291.14299759740646, 
          364.72404649317616
        ], 
        [
          159.78651253931437, 
          317.8926984030991
        ], 
        [
          229.89613180922555, 
          212.08405922895577
        ], 
        [
          333.45041336267934, 
          256.81796291889
        ], 
        [
          276.3004293894246, 
          390.1680924397216
        ], 
        [
          152.20996983043548, 
          348.1881578839622
        ], 
        [
          220.04024809072394, 
          242.40129633122993
        ], 
        [
          319.0661083787197, 
          283.214884621398
        ]
      ], 
      "projected_cuboid_centroid": [
        252.2231714622577, 
        297.7677023052661
      ], 
      "quaternion_xyzw": [
        0.889750310087092, 
        0.13006897340844936, 
        0.22991592044592435, 
        0.37224335774046946
      ], 
      "visibility": 0.8884606665155294
    }, 
    {
      "bounding_box": {
        "bottom_right": [
          353, 
          237
        ], 
        "top_left": [
          239, 
          122
        ]
      }, 
      "class": "004_sugar_box", 
      "cuboid": [
        [
          -39.242759272356004, 
          8.76796692953834, 
          73.17900186279253
        ], 
        [
          -47.81143373568562, 
          6.025117628871075, 
          70.95530278121758
        ], 
        [
          -47.39483314545759, 
          -5.838555120337176, 
          83.98337565765502
        ], 
        [
          -38.826158682127975, 
          -3.0957058196699125, 
          86.20707473922998
        ], 
        [
          -40.95906355514461, 
          11.826903987895234, 
          76.0194220733051
        ], 
        [
          -49.527738018474224, 
          9.08405468722797, 
          73.79572299173013
        ], 
        [
          -49.111137428246195, 
          -2.779618061980281, 
          86.82379586816758
        ], 
        [
          -40.54246296491658, 
          -0.03676876131301805, 
          89.04749494974253
        ]
      ], 
      "cuboid_centroid": [
        -44.176948350301096, 
        2.994174433779029, 
        80.00139886548006
      ], 
      "location": [
        -44.176948350301096, 
        2.994174433779029, 
        80.00139886548006
      ], 
      "pose_transform_permuted": [
        [
          0.38026858979841527, 
          -0.6777456032292397, 
          -0.6293304740413355, 
          0.0
        ], 
        [
          0.924573980895881, 
          0.2959579229866074, 
          0.23994076574679016, 
          0.0
        ], 
        [
          -0.023636511329726034, 
          0.6731047481121785, 
          -0.7391688811095001, 
          0.0
        ], 
        [
          -44.176948350301096, 
          2.994174433779029, 
          80.00139886548006, 
          1.0
        ]
      ], 
      "projected_cuboid": [
        [
          193.21729676162326, 
          337.18640473402246
        ], 
        [
          119.23840531552362, 
          318.57298024064903
        ], 
        [
          178.1175328552512, 
          236.20996468682333
        ], 
        [
          239.3975610790068, 
          254.13497133379065
        ], 
        [
          191.85123858261818, 
          356.2590117651367
        ], 
        [
          120.67865389388969, 
          338.9367418535381
        ], 
        [
          177.41545253149513, 
          256.21259262616417
        ], 
        [
          236.75831435440185, 
          273.0663240330447
        ]
      ], 
      "projected_cuboid_centroid": [
        184.64259608617527, 
        293.2468372213247
      ], 
      "quaternion_xyzw": [
        0.8981939104460399, 
        0.08895474312379383, 
        0.1726267981591001, 
        0.3943787827605915
      ], 
      "visibility": 0.4223067173637516
    }, 
    {
      "bounding_box": {
        "bottom_right": [
          247, 
          196
        ], 
        "top_left": [
          148, 
          68
        ]
      }, 
      "class": "024_bowl", 
      "cuboid": [
        [
          -55.47488665018005, 
          -15.031138032418164, 
          67.44903096865869
        ], 
        [
          -53.73477725270936, 
          -2.944740765034565, 
          77.96708030138102
        ], 
        [
          -53.55562661410992, 
          -6.568644171843463, 
          82.10170575785544
        ], 
        [
          -55.29573601158062, 
          -18.655041439227062, 
          71.5836564251331
        ], 
        [
          -39.43159384735409, 
          -15.998295685611854, 
          65.90619422749634
        ], 
        [
          -37.69148444988338, 
          -3.9118984182282546, 
          76.42424356021867
        ], 
        [
          -37.51233381128395, 
          -7.535801825037153, 
          80.5588690166931
        ], 
        [
          -39.25244320875465, 
          -19.622199092420754, 
          70.04081968397075
        ]
      ], 
      "cuboid_centroid": [
        -46.493610230732, 
        -11.283469928727659, 
        74.00394999267589
      ], 
      "location": [
        -46.493610230732, 
        -11.283469928727659, 
        74.00394999267589
      ], 
      "pose_transform_permuted": [
        [
          -0.9936204230426997, 
          0.059899648303247593, 
          0.09555358206574166, 
          0.0
        ], 
        [
          -0.1079713473754923, 
          -0.7499439976427398, 
          -0.6526302081160105, 
          0.0
        ], 
        [
          -0.03256751538524161, 
          0.658783752480868, 
          -0.7516271179307323, 
          0.0
        ], 
        [
          -46.493610230732, 
          -11.283469928727659, 
          74.00394999267589, 
          1.0
        ]
      ], 
      "projected_cuboid": [
        [
          39.30164237940164, 
          154.43530832089124
        ], 
        [
          110.97103563454857, 
          253.1435762175138
        ], 
        [
          130.8091204224277, 
          230.6176733166845
        ], 
        [
          66.19418732602654, 
          134.3009172229534
        ], 
        [
          159.85352760859436, 
          143.82671274789797
        ], 
        [
          216.3785576493314, 
          245.9877132024441
        ], 
        [
          231.18661032917274, 
          223.39767115342198
        ], 
        [
          180.2220757038208, 
          123.87505067889578
        ]
      ], 
      "projected_cuboid_centroid": [
        143.74225670382512, 
        191.9706693053882
      ], 
      "quaternion_xyzw": [
        -0.6031705445062023, 
        0.29733567429291213, 
        0.6823321555375544, 
        -0.286704761998027
      ], 
      "visibility": 0.729513247073321
    }, 
    {
      "bounding_box": {
        "bottom_right": [
          207, 
          323
        ], 
        "top_left": [
          118, 
          223
        ]
      }, 
      "class": "025_mug", 
      "cuboid": [
        [
          -20.70789837519134, 
          -15.155419451767038, 
          62.43750064370921
        ], 
        [
          -32.29986677088986, 
          -13.990569206497064, 
          63.503403145198725
        ], 
        [
          -32.443947599071066, 
          -20.212019575331226, 
          68.73547415880043
        ], 
        [
          -20.85197920337255, 
          -21.3768698206012, 
          67.66957165731091
        ], 
        [
          -19.462433094050134, 
          -9.23478699449221, 
          69.51201636759681
        ], 
        [
          -31.05440148974865, 
          -8.069936749222233, 
          70.57791886908633
        ], 
        [
          -31.19848231792986, 
          -14.291387118056399, 
          75.80998988268803
        ], 
        [
          -19.606513922231343, 
          -15.456237363326371, 
          74.74408738119853
        ]
      ], 
      "cuboid_centroid": [
        -25.9531903465606, 
        -14.723403284911718, 
        69.12374526319863
      ], 
      "location": [
        -25.9531903465606, 
        -14.723403284911718, 
        69.12374526319863
      ], 
      "pose_transform_permuted": [
        [
          -0.13379440050694902, 
          -0.6360253330524273, 
          -0.7599815141271796, 
          0.0
        ], 
        [
          0.990851187314947, 
          -0.09956835708749462, 
          -0.09111056234028062, 
          0.0
        ], 
        [
          0.01772146610011429, 
          0.7652178516504178, 
          -0.6435274579649121, 
          0.0
        ], 
        [
          -25.9531903465606, 
          -14.723403284911718, 
          69.12374526319863, 
          1.0
        ]
      ], 
      "projected_cuboid": [
        [
          303.24331508893755, 
          143.83417519511966
        ], 
        [
          208.07304881363993, 
          155.78977138334147
        ], 
        [
          227.76616404452218, 
          116.46117252227312
        ], 
        [
          315.8882602329105, 
          104.81047077708276
        ], 
        [
          331.030350365015, 
          202.43414428116077
        ], 
        [
          244.9800083537827, 
          212.306342301596
        ], 
        [
          260.2882254059716, 
          172.74732629530047
        ], 
        [
          340.5333666514862, 
          163.00204114942218
        ]
      ], 
      "projected_cuboid_centroid": [
        279.68827693326256, 
        159.68911537548274
      ], 
      "quaternion_xyzw": [
        0.93755673869539, 
        -0.031275393356677714, 
        -0.05997102723622487, 
        0.3411934281433027
      ], 
      "visibility": 0.7313408190224571
    }, 
    {
      "bounding_box": {
        "bottom_right": [
          245, 
          266
        ], 
        "top_left": [
          179, 
          210
        ]
      }, 
      "class": "061_foam_brick", 
      "cuboid": [
        [
          -36.0027414556416, 
          -13.807242501524241, 
          76.90238040631726
        ], 
        [
          -36.181389680737595, 
          -8.483166548465807, 
          71.22207273707096
        ], 
        [
          -37.64094045798324, 
          -4.926060147384409, 
          74.60200423483217
        ], 
        [
          -37.462292232887236, 
          -10.250136100442841, 
          80.28231190407847
        ], 
        [
          -30.96633196097954, 
          -12.634575644038643, 
          77.84310793569749
        ], 
        [
          -31.144980186075543, 
          -7.31049969098021, 
          72.16280026645119
        ], 
        [
          -32.60453096332119, 
          -3.753393289898811, 
          75.54273176421239
        ], 
        [
          -32.425882738225184, 
          -9.077469242957244, 
          81.2230394334587
        ]
      ], 
      "cuboid_centroid": [
        -34.30363620948139, 
        -8.780317895711526, 
        76.22255608526483
      ], 
      "location": [
        -34.30363620948139, 
        -8.780317895711526, 
        76.22255608526483
      ], 
      "pose_transform_permuted": [
        [
          -0.9582209768747143, 
          -0.2231101309215228, 
          -0.17898164419137408, 
          0.0
        ], 
        [
          0.022940677299125717, 
          -0.6836782637471794, 
          0.7294228931180453, 
          0.0
        ], 
        [
          0.28510749692409715, 
          -0.694842357056493, 
          -0.660233151271467, 
          0.0
        ], 
        [
          -34.30363620948139, 
          -8.780317895711526, 
          76.22255608526483, 
          1.0
        ]
      ], 
      "projected_cuboid": [
        [
          229.8366060846389, 
          177.53302844441546
        ], 
        [
          208.4085934251372, 
          209.76355032139872
        ], 
        [
          210.26463529670954, 
          238.0708038811924
        ], 
        [
          230.65919361450102, 
          205.19434951696766
        ], 
        [
          267.6721689478901, 
          186.7243901598304
        ], 
        [
          249.5017288665463, 
          219.25824870260396
        ], 
        [
          249.49606929815187, 
          246.78818270492516
        ], 
        [
          266.91077929234905, 
          213.68285721953822
        ]
      ], 
      "projected_cuboid_centroid": [
        239.57866691572352, 
        211.85176432975152
      ], 
      "quaternion_xyzw": [
        0.35604773712032134, 
        -0.6802358642318007, 
        -0.16065126941064534, 
        0.6202421684641098
      ], 
      "visibility": 0.6891082129009517
    }
  ]
}