{
  "camera_data": {
    "location_worldframe": [
      -8.711392863254545, 
      -13.136291862669141, 
      68.45343525136923
    ], 
    "quaternion_xyzw_worldframe": [
      -0.8290581917210652, 
      -0.06545341686016212, 
      -0.18625491470748945, 
      0.5231540605394038
    ]
  }, 
  "objects": [
    {
      "bounding_box": {
        "bottom_right": [
          386, 
          450
        ], 
        "top_left": [
          199, 
          299
        ]
      }, 
      "class": "003_cracker_box", 
      "cuboid": [
        [
          -2.939145097262412, 
          12.528033297777426, 
          66.7393493029589
        ], 
        [
          -13.598996381309378, 
          10.192050000533388, 
          54.49235504623798
        ], 
        [
          -17.518485313904463, 
          -9.52467572090756, 
          61.66465457143414
        ], 
        [
          -6.858634029857498, 
          -7.188692423663522, 
          73.91164882815507
        ], 
        [
          -8.234728500448018, 
          15.080364132420204, 
          70.86182444119558
        ], 
        [
          -18.894579784494987, 
          12.744380835176166, 
          58.61483018447466
        ], 
        [
          -22.81406871709007, 
          -6.972344886264784, 
          65.78712970967082
        ], 
        [
          -12.154217433043103, 
          -4.636361589020745, 
          78.03412396639175
        ]
      ], 
      "cuboid_centroid": [
        -12.87660690717624, 
        2.7778442057563217, 
        66.26323950631486
      ], 
      "location": [
        -12.87660690717624, 
        2.7778442057563217, 
        66.26323950631486
      ], 
      "pose_transform_permuted": [
        [
          0.7375464526175272, 
          -0.35547784062180954, 
          -0.5741608964899623, 
          0.0
        ], 
        [
          0.6498482548870506, 
          0.14240673989806565, 
          0.7466040222580239, 
          0.0
        ], 
        [
          0.1836368041857536, 
          0.9237726047347692, 
          -0.3360382402197452, 
          0.0
        ], 
        [
          -12.87660690717624, 
          2.7778442057563217, 
          66.26323950631486, 
          1.0
        ]
      ], 
      "projected_cuboid": [
        [
          457.9143917531437, 
          373.39907378089146
        ], 
        [
          347.39382304821055, 
          373.03667455255044
        ], 
        [
          328.82217537959934, 
          190.91040013361393
        ], 
        [
          431.69523832497816, 
          221.41554730921305
        ], 
        [
          419.10445451485344, 
          386.78422981472414
        ], 
        [
          308.2480189030434, 
          389.24401586543263
        ], 
        [
          295.10792889397266, 
          216.76350551477373
        ], 
        [
          397.8375486796351, 
          241.59960021107995
        ]
      ], 
      "projected_cuboid_centroid": [
        377.09605288617445, 
        295.644012879522
      ], 
      "quaternion_xyzw": [
        0.8870994527266634, 
        -0.011619346669913884, 
        0.41825932546619815, 
        0.19488121616918289
      ], 
      "visibility": 0.867662708040693
    }, 
    {
      "bounding_box": {
        "bottom_right": [
          371, 
          330
        ], 
        "top_left": [
          219, 
          231
        ]
      }, 
      "class": "004_sugar_box", 
      "cuboid": [
        [
          -17.053882363438426, 
          10.012263082414458, 
          62.40147433523976
        ], 
        [
          -23.93774895526529, 
          9.386879284720425, 
          56.228021670676995
        ], 
        [
          -27.900324538132942, 
          -6.687436658869802, 
          62.27494913192141
        ], 
        [
          -21.016457946306076, 
          -6.06205286117577, 
          68.44840179648418
        ], 
        [
          -19.900302230228878, 
          11.83836641283206, 
          65.39045808544218
        ], 
        [
          -26.784168822055744, 
          11.212982615138028, 
          59.21700542087942
        ], 
        [
          -30.746744404923398, 
          -4.8613333284522, 
          65.26393288212383
        ], 
        [
          -23.862877813096535, 
          -4.235949530758168, 
          71.4373855466866
        ]
      ], 
      "cuboid_centroid": [
        -23.90031338418091, 
        2.575464876981129, 
        63.8327036086818
      ], 
      "location": [
        -23.90031338418091, 
        2.575464876981129, 
        63.8327036086818
      ], 
      "pose_transform_permuted": [
        [
          0.6306597726132455, 
          -0.40459593630788704, 
          -0.6622465765645658, 
          0.0
        ], 
        [
          0.742780457584142, 
          0.06747993401969818, 
          0.6661256335941061, 
          0.0
        ], 
        [
          0.22482316361597254, 
          0.9120024306981961, 
          -0.34308225384294855, 
          0.0
        ], 
        [
          -23.90031338418091, 
          2.575464876981129, 
          63.8327036086818, 
          1.0
        ]
      ], 
      "projected_cuboid": [
        [
          334.6299598001265, 
          358.85720807532493
        ], 
        [
          252.6567707674063, 
          362.3205533826155
        ], 
        [
          240.6688815783254, 
          216.0156613110004
        ], 
        [
          316.48152850453033, 
          226.05371120636553
        ], 
        [
          317.9391471881459, 
          369.8393505105843
        ], 
        [
          238.3635226281449, 
          374.2727863049983
        ], 
        [
          228.24897810693577, 
          233.56100888914452
        ], 
        [
          301.962876844138, 
          241.662832539394
        ]
      ], 
      "projected_cuboid_centroid": [
        280.24685477201245, 
        294.8044398877033
      ], 
      "quaternion_xyzw": [
        0.9106356934645852, 
        -0.043195986805011355, 
        0.35601103040273696, 
        0.20526270700696866
      ], 
      "visibility": 0.6227916600350151
    }, 
    {
      "bounding_box": {
        "bottom_right": [
          254, 
          333
        ], 
        "top_left": [
          143, 
          147
        ]
      }, 
      "class": "024_bowl", 
      "cuboid": [
        [
          -28.463739796637853, 
          -7.453065149512643, 
          41.72569719185149
        ], 
        [
          -31.588556826611924, 
          -0.9166759940150426, 
          56.121859066561065
        ], 
        [
          -32.8108267919204, 
          -5.895175661741933, 
          58.11697703522006
        ], 
        [
          -29.68600976194633, 
          -12.431564817239533, 
          43.72081516051048
        ], 
        [
          -13.035479303957473, 
          -9.522307726703213, 
          46.01405310291556
        ], 
        [
          -16.160296333931544, 
          -2.9859185712056133, 
          60.410214977625145
        ], 
        [
          -17.38256629924002, 
          -7.964418238932504, 
          62.40533294628414
        ], 
        [
          -14.257749269265949, 
          -14.500807394430105, 
          48.00917107157456
        ]
      ], 
      "cuboid_centroid": [
        -22.92315304793894, 
        -7.7087416942225735, 
        52.065515069067814
      ], 
      "location": [
        -22.92315304793894, 
        -7.7087416942225735, 
        52.065515069067814
      ], 
      "pose_transform_permuted": [
        [
          -0.9555291987720727, 
          0.12815584121009727, 
          -0.2655937323389494, 
          0.0
        ], 
        [
          0.1938905137335572, 
          -0.40557377893335345, 
          -0.8932616517716725, 
          0.0
        ], 
        [
          0.22219455208924094, 
          0.9050336956188161, 
          -0.362689386136967, 
          0.0
        ], 
        [
          -22.92315304793894, 
          -7.7087416942225735, 
          52.065515069067814, 
          1.0
        ]
      ], 
      "projected_cuboid": [
        [
          114.75418555708548, 
          178.02472412583091
        ], 
        [
          178.91306113627732, 
          264.57547125694776
        ], 
        [
          177.99418154147642, 
          219.1885310473246
        ], 
        [
          116.46051287358098, 
          121.64259122164098
        ], 
        [
          329.25205161211056, 
          162.91953387783568
        ], 
        [
          337.7401752151541, 
          246.9259489921696
        ], 
        [
          331.80668658467255, 
          205.22215926809224
        ], 
        [
          321.8920718892619, 
          112.20138731901454
        ]
      ], 
      "projected_cuboid_centroid": [
        244.83292938091728, 
        194.32404425246628
      ], 
      "quaternion_xyzw": [
        0.7688494556301841, 
        -0.20412589435601752, 
        -0.6011550235892381, 
        0.07626120536647688
      ], 
      "visibility": 0.7701976028506641
    }, 
    {
      "bounding_box": {
        "bottom_right": [
          218, 
          518
        ], 
        "top_left": [
          109, 
          405
        ]
      }, 
      "class": "025_mug", 
      "cuboid": [
        [
          5.5013422169215485, 
          -9.47412967858437, 
          50.452378697318565
        ], 
        [
          -5.65365479307854, 
          -7.536126808409302, 
          47.506713729006215
        ], 
        [
          -7.449910380370335, 
          -15.279416744558185, 
          49.21454800028246
        ], 
        [
          3.705086629629754, 
          -17.217419614733252, 
          52.16021296859481
        ], 
        [
          3.5929900419104683, 
          -7.091834370839326, 
          59.24650777477836
        ], 
        [
          -7.562006968089621, 
          -5.153831500664259, 
          56.30084280646601
        ], 
        [
          -9.358262555381417, 
          -12.89712143681314, 
          58.008677077742256
        ], 
        [
          1.7967344546186732, 
          -14.83512430698821, 
          60.9543420460546
        ]
      ], 
      "cuboid_centroid": [
        -1.9284601692299335, 
        -11.185625557698756, 
        54.230527887530414
      ], 
      "location": [
        -1.9284601692299335, 
        -11.185625557698756, 
        54.230527887530414
      ], 
      "pose_transform_permuted": [
        [
          0.20500518085721886, 
          -0.25591863326628417, 
          -0.9447113827383059, 
          0.0
        ], 
        [
          0.9535000143681155, 
          -0.16565542446141457, 
          0.25178774921154845, 
          0.0
        ], 
        [
          0.2209335058603158, 
          0.9523990931967348, 
          -0.2100579759645113, 
          0.0
        ], 
        [
          -1.9284601692299335, 
          -11.185625557698756, 
          54.230527887530414, 
          1.0
        ]
      ], 
      "projected_cuboid": [
        [
          540.235015833951, 
          173.13786270479204
        ], 
        [
          417.599122747908, 
          188.68451665214775
        ], 
        [
          400.19240521356073, 
          107.70923410658885
        ], 
        [
          519.7959597786335, 
          97.24456020536934
        ], 
        [
          514.2096370673567, 
          209.4479373173647
        ], 
        [
          409.3676841227097, 
          224.46596744189614
        ], 
        [
          394.84217095670135, 
          154.71311456806114
        ], 
        [
          497.44859185469653, 
          143.48672313449305
        ]
      ], 
      "projected_cuboid_centroid": [
        462.47395655208163, 
        163.2836781104714
      ], 
      "quaternion_xyzw": [
        0.9811486241012567, 
        -0.0985041717496802, 
        0.11639238919771071, 
        0.11873242182284957
      ], 
      "visibility": 0.8776710005652911
    }, 
    {
      "bounding_box": {
        "bottom_right": [
          245, 
          401
        ], 
        "top_left": [
          160, 
          333
        ]
      }, 
      "class": "061_foam_brick", 
      "cuboid": [
        [
          -14.231810264640506, 
          -12.355120686315788, 
          57.32856299181721
        ], 
        [
          -12.509895493136014, 
          -5.209435260920127, 
          54.75605750484036
        ], 
        [
          -15.355429693605934, 
          -3.177589295003215, 
          58.49527780247917
        ], 
        [
          -17.077344465110425, 
          -10.323274720398876, 
          61.067783289456024
        ], 
        [
          -10.019970015417721, 
          -12.238897914620624, 
          60.47060538864567
        ], 
        [
          -8.29805524391323, 
          -5.093212489224963, 
          57.89809990166882
        ], 
        [
          -11.143589444383148, 
          -3.061366523308051, 
          61.63732019930763
        ], 
        [
          -12.865504215887642, 
          -10.207051948703711, 
          64.20982568628449
        ]
      ], 
      "cuboid_centroid": [
        -12.687699854511827, 
        -7.708243604811919, 
        59.48294159556242
      ], 
      "location": [
        -12.687699854511827, 
        -7.708243604811919, 
        59.48294159556242
      ], 
      "pose_transform_permuted": [
        [
          -0.8013394626326567, 
          -0.022112399308845246, 
          -0.597801060073007, 
          0.0
        ], 
        [
          -0.22111549716463852, 
          -0.9175958134315543, 
          0.3303420349978471, 
          0.0
        ], 
        [
          0.5558444049743052, 
          -0.39689918741374397, 
          -0.7304163418825389, 
          0.0
        ], 
        [
          -12.687699854511827, 
          -7.708243604811919, 
          59.48294159556242, 
          1.0
        ]
      ], 
      "projected_cuboid": [
        [
          348.0972032525353, 
          158.3485826136086
        ], 
        [
          358.73629406803633, 
          222.54705876189158
        ], 
        [
          340.43015994942635, 
          244.31547122246377
        ], 
        [
          331.21366104919804, 
          183.13090641465226
        ], 
        [
          392.48965403440843, 
          165.34576423940058
        ], 
        [
          404.52380529140726, 
          226.37118209983
        ], 
        [
          384.37315649476676, 
          246.79793151922433
        ], 
        [
          373.8471232898811, 
          188.50791364307847
        ]
      ], 
      "projected_cuboid_centroid": [
        366.8921088637041, 
        204.17500522888184
      ], 
      "quaternion_xyzw": [
        -0.4949207955558708, 
        0.7442808180806808, 
        0.23791555732963712, 
        -0.38012584435161023
      ], 
      "visibility": 0.9941126997476871
    }
  ]
}