{
  "camera_data": {
    "location_worldframe": [
      -11.214903944098575, 
      -16.960340466263077, 
      63.9046370430462
    ], 
    "quaternion_xyzw_worldframe": [
      -0.8421120746184332, 
      -0.038602690877576326, 
      -0.16818647097100933, 
      0.5109512906196332
    ]
  }, 
  "objects": [
    {
      "bounding_box": {
        "bottom_right": [
          362, 
          431
        ], 
        "top_left": [
          160, 
          265
        ]
      }, 
      "class": "003_cracker_box", 
      "cuboid": [
        [
          -4.765506709173387, 
          8.450320812545705, 
          61.14459931477935
        ], 
        [
          -16.228023327990883, 
          6.155048681206981, 
          49.63718629996197
        ], 
        [
          -20.307720111762798, 
          -13.235708548250688, 
          57.56865245491159
        ], 
        [
          -8.845203492945297, 
          -10.940436416911965, 
          69.07606546972897
        ], 
        [
          -9.714866452160544, 
          11.277530084045809, 
          65.51073300542426
        ], 
        [
          -21.177383070978046, 
          8.982257952707084, 
          54.00331999060688
        ], 
        [
          -25.257079854749954, 
          -10.408499276750586, 
          61.93478614555651
        ], 
        [
          -13.794563235932458, 
          -8.11322714541186, 
          73.44219916037389
        ]
      ], 
      "cuboid_centroid": [
        -15.011293281961672, 
        -0.9790892321024397, 
        61.53969273016793
      ], 
      "location": [
        -15.011293281961672, 
        -0.9790892321024397, 
        61.53969273016793
      ], 
      "pose_transform_permuted": [
        [
          0.6893258859774081, 
          -0.3937617463918923, 
          -0.6080966288344873, 
          0.0
        ], 
        [
          0.698780519808943, 
          0.1399248966328055, 
          0.7015175040138638, 
          0.0
        ], 
        [
          0.191142899572557, 
          0.9085002533740457, 
          -0.3716068911663095, 
          0.0
        ], 
        [
          -15.011293281961672, 
          -0.9790892321024397, 
          61.53969273016793, 
          1.0
        ]
      ], 
      "projected_cuboid": [
        [
          439.68465061778863, 
          346.9925009595916
        ], 
        [
          305.7843835579452, 
          339.4185700676684
        ], 
        [
          291.8972812045347, 
          150.6701093364119
        ], 
        [
          412.7362830080427, 
          188.81807629502308
        ], 
        [
          401.849745632982, 
          365.0963433018148
        ], 
        [
          270.7130973503868, 
          361.992455841794
        ], 
        [
          262.296259546211, 
          183.65909529247645
        ], 
        [
          380.5894762673981, 
          214.37023415568467
        ]
      ], 
      "projected_cuboid_centroid": [
        350.42102596910144, 
        264.80148649699305
      ], 
      "quaternion_xyzw": [
        0.89657367265851, 
        -0.014281593499137797, 
        0.3878218356186946, 
        0.21341487623898753
      ], 
      "visibility": 0.9081818506481911
    }, 
    {
      "bounding_box": {
        "bottom_right": [
          345, 
          299
        ], 
        "top_left": [
          185, 
          195
        ]
      }, 
      "class": "004_sugar_box", 
      "cuboid": [
        [
          -19.192317875552316, 
          6.288015464785706, 
          57.74384850356154
        ], 
        [
          -26.46004647487658, 
          5.732004567112354, 
          52.02010717132806
        ], 
        [
          -30.539083259485157, 
          -10.046468295652684, 
          58.73220245183825
        ], 
        [
          -23.27135466016089, 
          -9.490457397979334, 
          64.45594378407172
        ], 
        [
          -21.79083899153054, 
          8.281010267721282, 
          60.84972084731343
        ], 
        [
          -29.0585675908548, 
          7.724999370047931, 
          55.12597951507995
        ], 
        [
          -33.13760437546338, 
          -8.053473492717107, 
          61.83807479559014
        ], 
        [
          -25.86987577613911, 
          -7.497462595043756, 
          67.56181612782362
        ]
      ], 
      "cuboid_centroid": [
        -26.164961125507848, 
        -0.8827290139657009, 
        59.790961649575834
      ], 
      "location": [
        -26.164961125507848, 
        -0.8827290139657009, 
        59.790961649575834
      ], 
      "pose_transform_permuted": [
        [
          0.5757347168818738, 
          -0.4415728206169312, 
          -0.6881447002704368, 
          0.0
        ], 
        [
          0.78419979565159, 
          0.05999448471095074, 
          0.6176010457403965, 
          0.0
        ], 
        [
          0.23143077910906643, 
          0.8952172928568931, 
          -0.38082163075463016, 
          0.0
        ], 
        [
          -26.164961125507848, 
          -0.8827290139657009, 
          59.790961649575834, 
          1.0
        ]
      ], 
      "projected_cuboid": [
        [
          302.86048954172617, 
          331.3623655121616
        ], 
        [
          208.06320540615164, 
          332.0520894709636
        ], 
        [
          201.97499757976703, 
          182.05927150571816
        ], 
        [
          287.4412403657446, 
          194.7608584793282
        ], 
        [
          289.01887868839935, 
          345.8657525237494
        ], 
        [
          198.12542473972843, 
          348.0225060362851
        ], 
        [
          193.4216799210267, 
          203.8297326003912
        ], 
        [
          275.683594073021, 
          214.10305454065653
        ]
      ], 
      "projected_cuboid_centroid": [
        246.2676107172628, 
        265.41282836391144
      ], 
      "quaternion_xyzw": [
        0.9175458828825565, 
        -0.046710550828132025, 
        0.32514334838310605, 
        0.22407447592373586
      ], 
      "visibility": 0.604021223122033
    }, 
    {
      "bounding_box": {
        "bottom_right": [
          217, 
          286
        ], 
        "top_left": [
          87, 
          75
        ]
      }, 
      "class": "024_bowl", 
      "cuboid": [
        [
          -32.392725565740825, 
          -11.312224222733992, 
          38.28379546138942
        ], 
        [
          -34.41897834025841, 
          -4.315652430653783, 
          52.660186671905066
        ], 
        [
          -35.66978895585231, 
          -9.19958868353259, 
          54.86076341454588
        ], 
        [
          -33.64353618133473, 
          -16.196160475612796, 
          40.48437220403023
        ], 
        [
          -16.80096776863765, 
          -13.775149776063156, 
          41.679980027700445
        ], 
        [
          -18.827220543155235, 
          -6.778577983982946, 
          56.056371238216094
        ], 
        [
          -20.078031158749138, 
          -11.662514236861753, 
          58.25694798085691
        ], 
        [
          -18.051778384231554, 
          -18.659086028941964, 
          43.880556770341265
        ]
      ], 
      "cuboid_centroid": [
        -26.235378362244983, 
        -11.487369229797872, 
        48.27037172112316
      ], 
      "location": [
        -26.235378362244983, 
        -11.487369229797872, 
        48.27037172112316
      ], 
      "pose_transform_permuted": [
        [
          -0.9656551911592651, 
          0.1525380830667462, 
          -0.21033826328437072, 
          0.0
        ], 
        [
          0.12572614256666415, 
          -0.4341274660652381, 
          -0.8920349097894557, 
          0.0
        ], 
        [
          0.22738291242410824, 
          0.8878431598103901, 
          -0.4000394164522195, 
          0.0
        ], 
        [
          -26.235378362244983, 
          -11.487369229797872, 
          48.27037172112316, 
          1.0
        ]
      ], 
      "projected_cuboid": [
        [
          26.583608729436246, 
          115.69947968436674
        ], 
        [
          130.1116443067143, 
          229.5794776596047
        ], 
        [
          131.94956457451286, 
          183.85430086556033
        ], 
        [
          34.70158310811321, 
          59.926935656494116
        ], 
        [
          264.8273891569958, 
          97.02548574946242
        ], 
        [
          300.98242102239425, 
          208.79523565385475
        ], 
        [
          296.2587861979021, 
          166.52077961087178
        ], 
        [
          260.36931842142144, 
          46.50600656311275
        ]
      ], 
      "projected_cuboid_centroid": [
        189.3175200847725, 
        146.367296406838
      ], 
      "quaternion_xyzw": [
        0.7456385796184074, 
        -0.2217932375588334, 
        -0.6228520598744446, 
        0.08298300951385056
      ], 
      "visibility": 0.7428791748999952
    }, 
    {
      "bounding_box": {
        "bottom_right": [
          168, 
          486
        ], 
        "top_left": [
          41, 
          360
        ]
      }, 
      "class": "025_mug", 
      "cuboid": [
        [
          1.9670091384657993, 
          -14.220157942281125, 
          44.9789893200912
        ], 
        [
          -9.28292262456109, 
          -11.99396144503119, 
          42.66601720475322
        ], 
        [
          -11.209905502601126, 
          -19.628853911017867, 
          44.69010344027965
        ], 
        [
          0.040026260425763543, 
          -21.855050408267807, 
          47.003075555617635
        ], 
        [
          0.6797308616767139, 
          -11.555433116619222, 
          53.80486046291928
        ], 
        [
          -10.570200901350177, 
          -9.329236619369285, 
          51.491888347581295
        ], 
        [
          -12.49718377939021, 
          -16.964129085355967, 
          53.51597458310773
        ], 
        [
          -1.2472520163633212, 
          -19.190325582605904, 
          55.82894669844571
        ]
      ], 
      "cuboid_centroid": [
        -5.265087320462206, 
        -15.592143513818545, 
        49.24748195159946
      ], 
      "location": [
        -5.265087320462206, 
        -15.592143513818545, 
        49.24748195159946
      ], 
      "pose_transform_permuted": [
        [
          0.1382861713903426, 
          -0.28625869059853565, 
          -0.9481212815697778, 
          0.0
        ], 
        [
          0.9616147891451898, 
          -0.1902894631178433, 
          0.19770681634703555, 
          0.0
        ], 
        [
          0.23701253095060099, 
          0.9390665623037167, 
          -0.24895592327853977, 
          0.0
        ], 
        [
          -5.265087320462206, 
          -15.592143513818545, 
          49.24748195159946, 
          1.0
        ]
      ], 
      "projected_cuboid": [
        [
          505.1144213992322, 
          104.67695334993606
        ], 
        [
          364.59477794162683, 
          123.363603114147
        ], 
        [
          346.70626871463645, 
          39.04111494408277
        ], 
        [
          482.05501111430937, 
          25.308586833753406
        ], 
        [
          488.3907824676931, 
          158.7478379440179
        ], 
        [
          371.2054348426035, 
          176.66035578431806
        ], 
        [
          356.017075222517, 
          104.2285637383704
        ], 
        [
          469.5830997400838, 
          89.96628843571217
        ]
      ], 
      "projected_cuboid_centroid": [
        424.1042918230259, 
        104.4333266089845
      ], 
      "quaternion_xyzw": [
        0.9809182729741918, 
        -0.10890356664802558, 
        0.08563225831205873, 
        0.13640652555443755
      ], 
      "visibility": 0.8791870202372645
    }, 
    {
      "bounding_box": {
        "bottom_right": [
          206, 
          365
        ], 
        "top_left": [
          111, 
          296
        ]
      }, 
      "class": "061_foam_brick", 
      "cuboid": [
        [
          -17.384279487003266, 
          -16.280625765176744, 
          53.11922400608999
        ], 
        [
          -15.60335999578063, 
          -9.262249463705613, 
          50.253161373087174
        ], 
        [
          -18.148330433437632, 
          -7.044753920982935, 
          54.10193654695586
        ], 
        [
          -19.929249924660265, 
          -14.063130222454067, 
          56.96799917995868
        ], 
        [
          -12.985038766617208, 
          -16.222656885660154, 
          55.99478606144645
        ], 
        [
          -11.204119275394572, 
          -9.204280584189023, 
          53.12872342844363
        ], 
        [
          -13.749089713051573, 
          -6.986785041466345, 
          56.977498602312316
        ], 
        [
          -15.530009204274208, 
          -14.005161342937477, 
          59.843561235315136
        ]
      ], 
      "cuboid_centroid": [
        -15.56668460002742, 
        -11.633705403321546, 
        55.04836130420115
      ], 
      "location": [
        -15.56668460002742, 
        -11.633705403321546, 
        55.04836130420115
      ], 
      "pose_transform_permuted": [
        [
          -0.8369940420974867, 
          -0.011029086577966238, 
          -0.5471008433027377, 
          0.0
        ], 
        [
          -0.22869244472989925, 
          -0.901247721937124, 
          0.3680384618849046, 
          0.0
        ], 
        [
          0.49713251675662196, 
          -0.43316382922908064, 
          -0.7518167049426524, 
          0.0
        ], 
        [
          -15.56668460002742, 
          -11.633705403321546, 
          55.04836130420115, 
          1.0
        ]
      ], 
      "projected_cuboid": [
        [
          305.60353457892484, 
          109.82826634226363
        ], 
        [
          314.62398057106026, 
          174.98945799203403
        ], 
        [
          301.20576125529976, 
          203.84160745808774
        ], 
        [
          293.4698105346753, 
          141.63117257833926
        ], 
        [
          356.8910543137916, 
          118.77464112920744
        ], 
        [
          368.1900115108341, 
          180.8916380519951
        ], 
        [
          351.8306541697193, 
          207.8889796921705
        ], 
        [
          342.0418692762689, 
          148.47399916393792
        ]
      ], 
      "projected_cuboid_centroid": [
        329.52709542134727, 
        160.57686289866703
      ], 
      "quaternion_xyzw": [
        -0.4704371821358719, 
        0.7431280369596005, 
        0.2492126462471764, 
        -0.4053919526817361
      ], 
      "visibility": 0.9939516129032258
    }
  ]
}