{
  "camera_data": {
    "location_worldframe": [
      -9.51062005728573, 
      -14.963865634503357, 
      66.33630018749331
    ], 
    "quaternion_xyzw_worldframe": [
      -0.8341988214802066, 
      -0.05417216039234561, 
      -0.17905280220885691, 
      0.5187722198499726
    ]
  }, 
  "objects": [
    {
      "bounding_box": {
        "bottom_right": [
          374, 
          444
        ], 
        "top_left": [
          181, 
          287
        ]
      }, 
      "class": "003_cracker_box", 
      "cuboid": [
        [
          -3.4410577782581817, 
          10.602755479101319, 
          64.23325823999956
        ], 
        [
          -14.43577781667729, 
          8.299127586950075, 
          52.279700380581964
        ], 
        [
          -18.436645663058677, 
          -11.295582245332275, 
          59.735835452510614
        ], 
        [
          -7.441925624639567, 
          -8.99195435318103, 
          71.6893933119282
        ], 
        [
          -8.596731136518915, 
          13.26470203457983, 
          68.46237993293288
        ], 
        [
          -19.591451174938022, 
          10.961074142428586, 
          56.50882207351528
        ], 
        [
          -23.59231902131941, 
          -8.633635689853763, 
          63.96495714544393
        ], 
        [
          -12.597598982900301, 
          -6.330007797702519, 
          75.91851500486153
        ]
      ], 
      "cuboid_centroid": [
        -13.516688399788796, 
        0.9845598946237779, 
        64.09910769272174
      ], 
      "location": [
        -13.516688399788796, 
        0.9845598946237779, 
        64.09910769272174
      ], 
      "pose_transform_permuted": [
        [
          0.7180603734713046, 
          -0.37074465447368377, 
          -0.589014177443497, 
          0.0
        ], 
        [
          0.6702625993132817, 
          0.14043428240541903, 
          0.7287154865151956, 
          0.0
        ], 
        [
          0.1874495879218029, 
          0.9180558880070776, 
          -0.34933656906124566, 
          0.0
        ], 
        [
          -13.516688399788796, 
          0.9845598946237779, 
          64.09910769272174, 
          1.0
        ]
      ], 
      "projected_cuboid": [
        [
          452.78836304098166, 
          361.319704716524
        ], 
        [
          333.1065111498191, 
          357.94821800514734
        ], 
        [
          315.62358648669573, 
          172.43994951202083
        ], 
        [
          425.77291382610053, 
          206.39260673185188
        ], 
        [
          414.07074763406274, 
          376.6181102537067
        ], 
        [
          295.15578237312724, 
          376.7350842127296
        ], 
        [
          283.25252494833796, 
          201.30201406633878
        ], 
        [
          392.36277041636373, 
          228.81889896182824
        ]
      ], 
      "projected_cuboid_centroid": [
        368.1978514990854, 
        281.4783068142392
      ], 
      "quaternion_xyzw": [
        0.8912537047277638, 
        -0.013187969168314663, 
        0.40582604378301634, 
        0.20198547835346176
      ], 
      "visibility": 0.8856321159831383
    }, 
    {
      "bounding_box": {
        "bottom_right": [
          359, 
          319
        ], 
        "top_left": [
          203, 
          217
        ]
      }, 
      "class": "004_sugar_box", 
      "cuboid": [
        [
          -17.692783808757117, 
          8.239190534694215, 
          60.27413222034491
        ], 
        [
          -24.737465733496983, 
          7.650572260620924, 
          54.281117364969056
        ], 
        [
          -28.761054444778328, 
          -8.312002492397768, 
          60.57857011688307
        ], 
        [
          -21.716372520038462, 
          -7.723384218324478, 
          66.57158497225892
        ], 
        [
          -20.438490702174956, 
          10.131275528380357, 
          63.315824401105694
        ], 
        [
          -27.483172626914822, 
          9.542657254307066, 
          57.32280954572984
        ], 
        [
          -31.506761338196164, 
          -6.419917498711627, 
          63.62026229764385
        ], 
        [
          -24.4620794134563, 
          -5.831299224638337, 
          69.61327715301971
        ]
      ], 
      "cuboid_centroid": [
        -24.599772573476642, 
        0.9096365179912941, 
        61.94719725899438
      ], 
      "location": [
        -24.599772573476642, 
        0.9096365179912941, 
        61.94719725899438
      ], 
      "pose_transform_permuted": [
        [
          0.6083455590190305, 
          -0.4192149955826881, 
          -0.6739247858191323, 
          0.0
        ], 
        [
          0.76013269487321, 
          0.06351287392432131, 
          0.6466560990403046, 
          0.0
        ], 
        [
          0.22828484258340467, 
          0.9056626127073106, 
          -0.357296213232813, 
          0.0
        ], 
        [
          -24.599772573476642, 
          0.9096365179912941, 
          61.94719725899438, 
          1.0
        ]
      ], 
      "projected_cuboid": [
        [
          323.742577349127, 
          346.18881794404206
        ], 
        [
          236.5225457751328, 
          348.4544823260792
        ], 
        [
          226.2813664444939, 
          200.1096093083096
        ], 
        [
          306.17261820656233, 
          211.41281132006986
        ], 
        [
          308.00563311781906, 
          358.6239349575612
        ], 
        [
          223.76844116461268, 
          362.0694505696977
        ], 
        [
          215.27935907852756, 
          219.46928541514356
        ], 
        [
          292.62699546355435, 
          228.6119270592366
        ]
      ], 
      "projected_cuboid_centroid": [
        268.04628517329155, 
        281.1178360881778
      ], 
      "quaternion_xyzw": [
        0.913745053803255, 
        -0.04508149400460711, 
        0.3433675653935629, 
        0.21245291714123393
      ], 
      "visibility": 0.6174752920035939
    }, 
    {
      "bounding_box": {
        "bottom_right": [
          237, 
          316
        ], 
        "top_left": [
          118, 
          120
        ]
      }, 
      "class": "024_bowl", 
      "cuboid": [
        [
          -29.85120155204013, 
          -9.259154777867687, 
          40.05806017732878
        ], 
        [
          -32.52544443608156, 
          -2.548579752157269, 
          54.46482765678889
        ], 
        [
          -33.76353563476886, 
          -7.491420948017388, 
          56.537350181336954
        ], 
        [
          -31.089292750727438, 
          -14.201995973727808, 
          42.13058270187684
        ], 
        [
          -14.348993084598444, 
          -11.498292537962273, 
          43.978618532527214
        ], 
        [
          -17.023235968639867, 
          -4.787717512251855, 
          58.38538601198733
        ], 
        [
          -18.26132716732717, 
          -9.730558708111975, 
          60.4579085365354
        ], 
        [
          -15.587084283285746, 
          -16.441133733822394, 
          46.05114105707528
        ]
      ], 
      "cuboid_centroid": [
        -24.056264359683652, 
        -9.49485674298983, 
        50.257984356932084
      ], 
      "location": [
        -24.056264359683652, 
        -9.49485674298983, 
        50.257984356932084
      ], 
      "pose_transform_permuted": [
        [
          -0.9601090701780558, 
          0.13867807785968764, 
          -0.24281467023837391, 
          0.0
        ], 
        [
          0.16593301996930157, 
          -0.4163817678609387, 
          -0.8939197146706557, 
          0.0
        ], 
        [
          0.2250706694478319, 
          0.8985513975917803, 
          -0.3767606397172646, 
          0.0
        ], 
        [
          -24.056264359683652, 
          -9.49485674298983, 
          50.257984356932084, 
          1.0
        ]
      ], 
      "projected_cuboid": [
        [
          80.85619415869103, 
          150.01325553117158
        ], 
        [
          160.45378389542583, 
          248.33084548087317
        ], 
        [
          160.44981828230203, 
          202.6195986122981
        ], 
        [
          84.76650305560352, 
          93.50733515143554
        ], 
        [
          306.1397120857877, 
          133.8491298011302
        ], 
        [
          324.80297393273105, 
          229.55327384833345
        ], 
        [
          319.1653061444808, 
          187.4500007962867
        ], 
        [
          299.57827699414514, 
          82.88129744861595
        ]
      ], 
      "projected_cuboid_centroid": [
        224.19332437004812, 
        172.5305465656629
      ], 
      "quaternion_xyzw": [
        0.7594898103002199, 
        -0.21114583389051986, 
        -0.610287577168359, 
        0.0783692416371804
      ], 
      "visibility": 0.7588479236493779
    }, 
    {
      "bounding_box": {
        "bottom_right": [
          196, 
          508
        ], 
        "top_left": [
          79, 
          389
        ]
      }, 
      "class": "025_mug", 
      "cuboid": [
        [
          4.292606379159507, 
          -11.661206031413016, 
          47.951056462023246
        ], 
        [
          -6.90605973305922, 
          -9.59899530384617, 
          45.267044586935434
        ], 
        [
          -8.762057655505858, 
          -17.301091879696344, 
          47.09317467990197
        ], 
        [
          2.436608456712871, 
          -19.363302607263194, 
          49.777186554989775
        ], 
        [
          2.637994872962388, 
          -9.172265680227842, 
          56.767023900710825
        ], 
        [
          -8.56067123925634, 
          -7.110054952660995, 
          54.08301202562301
        ], 
        [
          -10.416669161702975, 
          -14.81215152851117, 
          55.90914211858955
        ], 
        [
          0.7819969505157519, 
          -16.87436225607802, 
          58.59315399367736
        ]
      ], 
      "cuboid_centroid": [
        -3.0620313912717347, 
        -13.236678779962094, 
        51.930099290306394
      ], 
      "location": [
        -3.0620313912717347, 
        -13.236678779962094, 
        51.930099290306394
      ], 
      "pose_transform_permuted": [
        [
          0.17774702988163385, 
          -0.26737500211908405, 
          -0.9470573738251462, 
          0.0
        ], 
        [
          0.9572327351887117, 
          -0.17627238775611787, 
          0.22942232608096394, 
          0.0
        ], 
        [
          0.22828161581049353, 
          0.9473324459036945, 
          -0.22460797141035252, 
          0.0
        ], 
        [
          -3.0620313912717347, 
          -13.236678779962094, 
          51.930099290306394, 
          1.0
        ]
      ], 
      "projected_cuboid": [
        [
          529.7380158134824, 
          143.58867522690898
        ], 
        [
          399.55437196778087, 
          160.19472425639006
        ], 
        [
          381.54181988343123, 
          77.35557404871145
        ], 
        [
          507.92078172416603, 
          65.82546615259429
        ], 
        [
          506.58725926758063, 
          187.11416935647273
        ], 
        [
          396.4756827688795, 
          203.17336562556528
        ], 
        [
          381.40397637498137, 
          131.99282143151115
        ], 
        [
          488.7741844109686, 
          119.69474045400507
        ]
      ], 
      "projected_cuboid_centroid": [
        449.8880924999361, 
        137.34649346052151
      ], 
      "quaternion_xyzw": [
        0.9812775543796912, 
        -0.10306818946407771, 
        0.1037345025740417, 
        0.12534246078838535
      ], 
      "visibility": 0.8755542120112858
    }, 
    {
      "bounding_box": {
        "bottom_right": [
          227, 
          389
        ], 
        "top_left": [
          138, 
          320
        ]
      }, 
      "class": "061_foam_brick", 
      "cuboid": [
        [
          -15.298131615817912, 
          -14.210252054961858, 
          55.34606388051303
        ], 
        [
          -13.546172305811629, 
          -7.112629991272387, 
          52.66315598483825
        ], 
        [
          -16.26938889343877, 
          -5.007939120803897, 
          56.452826037253104
        ], 
        [
          -18.02134820344505, 
          -12.105561184493366, 
          59.13573393292788
        ], 
        [
          -11.007435527612063, 
          -14.122341219129128, 
          58.38048890095748
        ], 
        [
          -9.255476217605782, 
          -7.0247191554396595, 
          55.6975810052827
        ], 
        [
          -11.978692805232921, 
          -4.920028284971168, 
          59.487251057697556
        ], 
        [
          -13.730652115239202, 
          -12.017650348660638, 
          62.170158953372336
        ]
      ], 
      "cuboid_centroid": [
        -13.638412210525416, 
        -9.565140169966513, 
        57.41665746910529
      ], 
      "location": [
        -13.638412210525416, 
        -9.565140169966513, 
        57.41665746910529
      ], 
      "pose_transform_permuted": [
        [
          -0.8163424760180278, 
          -0.01672580577071646, 
          -0.5773259125226203, 
          0.0
        ], 
        [
          -0.22497359349893103, 
          -0.9114238737427028, 
          0.3445190917787047, 
          0.0
        ], 
        [
          0.5319509790168017, 
          -0.4111286535783733, 
          -0.7402711571646571, 
          0.0
        ], 
        [
          -13.638412210525416, 
          -9.565140169966513, 
          57.41665746910529, 
          1.0
        ]
      ], 
      "projected_cuboid": [
        [
          332.95443499062213, 
          136.35528810844224
        ], 
        [
          343.2718223706085, 
          201.2569607322467
        ], 
        [
          326.6164852585193, 
          225.9756734608331
        ], 
        [
          317.7159100806317, 
          164.1117224242397
        ], 
        [
          380.2035579044317, 
          144.2756085737663
        ], 
        [
          392.2348025973356, 
          206.02292932456913
        ], 
        [
          373.30983349209214, 
          229.1771298733675
        ], 
        [
          362.8286635998029, 
          170.1945018254525
        ]
      ], 
      "projected_cuboid_centroid": [
        353.8597944107704, 
        184.4399071728584
      ], 
      "quaternion_xyzw": [
        -0.48508341175650305, 
        0.7438797213931707, 
        0.24316610958249174, 
        -0.390137523046945
      ], 
      "visibility": 0.9937094554747395
    }
  ]
}