{
  "camera_data": {
    "location_worldframe": [
      -27.47504145303529, 
      -14.084754331270949, 
      77.05022171065919
    ], 
    "quaternion_xyzw_worldframe": [
      0.9290502726727541, 
      0.007413599105269906, 
      0.03209640166792648, 
      -0.36848927123120123
    ]
  }, 
  "objects": [
    {
      "bounding_box": {
        "bottom_right": [
          371, 
          312
        ], 
        "top_left": [
          189, 
          126
        ]
      }, 
      "class": "003_cracker_box", 
      "cuboid": [
        [
          -23.977244728387404, 
          8.945947272770663, 
          64.71049639617603
        ], 
        [
          -37.88767995425294, 
          3.199857783519004, 
          58.18666599558566
        ], 
        [
          -38.190232826455464, 
          -12.491204741008247, 
          72.65223082234904
        ], 
        [
          -24.27979760058993, 
          -6.745115251756588, 
          79.1760612229394
        ], 
        [
          -27.781128818836404, 
          13.113018367037762, 
          69.15103486090024
        ], 
        [
          -41.69156404470194, 
          7.366928877786104, 
          62.62720446030988
        ], 
        [
          -41.99411691690447, 
          -8.324133646741148, 
          77.09276928707325
        ], 
        [
          -28.08368169103893, 
          -2.578044157489488, 
          83.61659968766362
        ]
      ], 
      "cuboid_centroid": [
        -32.98568082264593, 
        0.310906813014758, 
        70.90163284162465
      ], 
      "location": [
        -32.98568082264593, 
        0.310906813014758, 
        70.90163284162465
      ], 
      "pose_transform_permuted": [
        [
          0.5297888832024078, 
          -0.5803720325758444, 
          -0.618459410987438, 
          0.0
        ], 
        [
          0.8480110852743719, 
          0.35029440163046854, 
          0.39770721823740346, 
          0.0
        ], 
        [
          0.014175277313950019, 
          0.7351612993011363, 
          -0.6777439970393964, 
          0.0
        ], 
        [
          -32.98568082264593, 
          0.310906813014758, 
          70.90163284162465, 
          1.0
        ]
      ], 
      "projected_cuboid": [
        [
          282.33883157154685, 
          347.01567214500864
        ], 
        [
          131.4372747541997, 
          302.6153677075235
        ], 
        [
          198.91706307343895, 
          181.5921188235494
        ], 
        [
          316.6886194014043, 
          227.8523246732097
        ], 
        [
          265.5527035540424, 
          374.41921811690514
        ], 
        [
          123.6021181235894, 
          336.02169392859753
        ], 
        [
          188.6652514026999, 
          215.70106624660056
        ], 
        [
          300.9822921561296, 
          256.84337429617545
        ]
      ], 
      "projected_cuboid_centroid": [
        231.41224910212674, 
        275.62516807042743
      ], 
      "quaternion_xyzw": [
        0.8946552122973054, 
        0.09392420669338868, 
        0.25917696803503126, 
        0.35156449443373744
      ], 
      "visibility": 0.8859441112196029
    }, 
    {
      "bounding_box": {
        "bottom_right": [
          339, 
          209
        ], 
        "top_left": [
          213, 
          86
        ]
      }, 
      "class": "004_sugar_box", 
      "cuboid": [
        [
          -38.576839260565194, 
          6.007859917338257, 
          66.3207562995739
        ], 
        [
          -47.04538985587284, 
          3.7265961412564947, 
          63.32580582440123
        ], 
        [
          -47.95186014788541, 
          -8.946150515155772, 
          75.54181064668009
        ], 
        [
          -39.48330955257777, 
          -6.664886739074009, 
          78.53676112185276
        ], 
        [
          -40.3955684536449, 
          8.941346259091132, 
          69.22896284233953
        ], 
        [
          -48.86411904895254, 
          6.66008248300937, 
          66.23401236716686
        ], 
        [
          -49.77058934096512, 
          -6.012664173402896, 
          78.4500171894457
        ], 
        [
          -41.30203874565747, 
          -3.7314003973211336, 
          81.44496766461839
        ]
      ], 
      "cuboid_centroid": [
        -44.173714300765155, 
        -0.0024021280323194283, 
        72.3853867445098
      ], 
      "location": [
        -44.173714300765155, 
        -0.0024021280323194283, 
        72.3853867445098
      ], 
      "pose_transform_permuted": [
        [
          0.402962104338472, 
          -0.649950434522499, 
          -0.6443493802061568, 
          0.0
        ], 
        [
          0.9137704518744509, 
          0.24615209037897015, 
          0.3231600517987719, 
          0.0
        ], 
        [
          0.051430064742557804, 
          0.719008870724549, 
          -0.6930948807051277, 
          0.0
        ], 
        [
          -44.173714300765155, 
          -0.0024021280323194283, 
          72.3853867445098, 
          1.0
        ]
      ], 
      "projected_cuboid": [
        [
          168.79550841822416, 
          321.59885414973047
        ], 
        [
          82.08667139899663, 
          304.67132140153484
        ], 
        [
          140.23928650164063, 
          210.12737853204655
        ], 
        [
          211.24337894295505, 
          228.02729165154298
        ], 
        [
          167.80812438043966, 
          342.168041677327
        ], 
        [
          84.8618563485821, 
          326.91385552991517
        ], 
        [
          140.426562669039, 
          232.41119256291677
        ], 
        [
          208.88838079943298, 
          248.85250649236062
        ]
      ], 
      "projected_cuboid_centroid": [
        153.42262459620858, 
        273.2688396312774
      ], 
      "quaternion_xyzw": [
        0.9051420748707294, 
        0.05378217161770492, 
        0.2005547461267192, 
        0.37094875835360924
      ], 
      "visibility": 0.46942720520907516
    }, 
    {
      "bounding_box": {
        "bottom_right": [
          223, 
          163
        ], 
        "top_left": [
          110, 
          7
        ]
      }, 
      "class": "024_bowl", 
      "cuboid": [
        [
          -55.103880692635386, 
          -16.770799648411543, 
          57.91228680115436
        ], 
        [
          -53.74413658310301, 
          -5.447000527018646, 
          69.29916568874677
        ], 
        [
          -53.98051932548712, 
          -9.329770706744837, 
          73.18865375905241
        ], 
        [
          -55.3402634350195, 
          -20.653569828137737, 
          61.80177487146001
        ], 
        [
          -39.030119216368725, 
          -18.22423015264646, 
          57.438245804336276
        ], 
        [
          -37.67037510683634, 
          -6.900431031253561, 
          68.82512469192868
        ], 
        [
          -37.906757849220455, 
          -10.783201210979755, 
          72.71461276223434
        ], 
        [
          -39.26650195875283, 
          -22.10700033237265, 
          61.32773387464192
        ]
      ], 
      "cuboid_centroid": [
        -46.50531927092792, 
        -13.777000429695649, 
        65.31344978169435
      ], 
      "location": [
        -46.50531927092792, 
        -13.777000429695649, 
        65.31344978169435
      ], 
      "pose_transform_permuted": [
        [
          -0.9955074606082277, 
          0.09001632334645658, 
          0.02935911109937504, 
          0.0
        ], 
        [
          -0.08437021477241492, 
          -0.7026258523305255, 
          -0.7065398633453454, 
          0.0
        ], 
        [
          0.042971650336190846, 
          0.7058427396863899, 
          -0.707063974545017, 
          0.0
        ], 
        [
          -46.50531927092792, 
          -13.777000429695649, 
          65.31344978169435, 
          1.0
        ]
      ], 
      "projected_cuboid": [
        [
          -30.088549215160977, 
          118.84269934235485
        ], 
        [
          64.54063650170033, 
          231.36695609714252
        ], 
        [
          84.96754435139279, 
          205.30128113022445
        ], 
        [
          0.05746162033127577, 
          95.05616717657921
        ], 
        [
          116.17863696446302, 
          104.07282519268809
        ], 
        [
          187.26019195801865, 
          219.8157303692122
        ], 
        [
          201.25602581285025, 
          194.1980005248054
        ], 
        [
          137.28120210815857, 
          81.03915726906281
        ]
      ], 
      "projected_cuboid_centroid": [
        98.69144360432954, 
        160.78989064351904
      ], 
      "quaternion_xyzw": [
        -0.6308948830460193, 
        0.2954523497903895, 
        0.6744575719713916, 
        -0.2445128609299367
      ], 
      "visibility": 0.8464292024800691
    }, 
    {
      "bounding_box": {
        "bottom_right": [
          174, 
          306
        ], 
        "top_left": [
          73, 
          194
        ]
      }, 
      "class": "025_mug", 
      "cuboid": [
        [
          -20.087160262171047, 
          -17.848470849763654, 
          55.35439447696773
        ], 
        [
          -31.682717556583697, 
          -16.330422196589648, 
          55.67894777313107
        ], 
        [
          -32.40372508893896, 
          -22.86150978361206, 
          60.467143063343855
        ], 
        [
          -20.80816779452631, 
          -24.379558436786066, 
          60.14258976718051
        ], 
        [
          -19.168341313115537, 
          -12.437594669906037, 
          62.87317336009119
        ], 
        [
          -30.763898607528184, 
          -10.919546016732031, 
          63.197726656254524
        ], 
        [
          -31.484906139883446, 
          -17.450633603754444, 
          67.98592194646731
        ], 
        [
          -19.889348845470796, 
          -18.968682256928453, 
          67.66136865030397
        ]
      ], 
      "cuboid_centroid": [
        -25.786033201027248, 
        -17.64955222675905, 
        61.67015821171752
      ], 
      "location": [
        -25.786033201027248, 
        -17.64955222675905, 
        61.67015821171752
      ], 
      "pose_transform_permuted": [
        [
          -0.09870434152180066, 
          -0.581264645159789, 
          -0.8077065884085116, 
          0.0
        ], 
        [
          0.9911579570050175, 
          -0.1297588346563709, 
          -0.027741968220837798, 
          0.0
        ], 
        [
          0.08868154565637885, 
          0.803302207041237, 
          -0.5889322097004646, 
          0.0
        ], 
        [
          -25.786033201027248, 
          -17.64955222675905, 
          61.67015821171752, 
          1.0
        ]
      ], 
      "projected_cuboid": [
        [
          286.4517312940156, 
          101.32297259912411
        ], 
        [
          175.59585732168205, 
          116.86594622778043
        ], 
        [
          193.41481814897418, 
          71.64825558918646
        ], 
        [
          295.541164955809, 
          57.09870846268561
        ], 
        [
          317.64726843670235, 
          167.78505856642641
        ], 
        [
          219.81996738071194, 
          181.13753139236178
        ], 
        [
          232.5536033056195, 
          136.39401121751314
        ], 
        [
          323.5190349090643, 
          123.77183089864367
        ]
      ], 
      "projected_cuboid_centroid": [
        256.74275998004566, 
        120.65433936735712
      ], 
      "quaternion_xyzw": [
        0.9489687498088077, 
        -0.05754677916337069, 
        -0.033311505191323226, 
        0.30828118815714883
      ], 
      "visibility": 0.7786822691427118
    }, 
    {
      "bounding_box": {
        "bottom_right": [
          218, 
          240
        ], 
        "top_left": [
          144, 
          178
        ]
      }, 
      "class": "061_foam_brick", 
      "cuboid": [
        [
          -36.33769587351913, 
          -16.86131704591361, 
          68.76817723815049
        ], 
        [
          -35.93463557225735, 
          -11.185013675179563, 
          63.452096200722316
        ], 
        [
          -37.520528145979036, 
          -7.798256888469432, 
          66.94810171585215
        ], 
        [
          -37.923588447240824, 
          -13.474560259203477, 
          72.26418275328032
        ], 
        [
          -31.34766947201122, 
          -15.935574106705486, 
          70.13498847744484
        ], 
        [
          -30.94460917074943, 
          -10.25927073597144, 
          64.81890744001666
        ], 
        [
          -32.530501744471124, 
          -6.872513949261308, 
          68.3149129551465
        ], 
        [
          -32.933562045732906, 
          -12.548817319995354, 
          73.63099399257467
        ]
      ], 
      "cuboid_centroid": [
        -34.43409880899513, 
        -11.866915497587458, 
        68.54154509664849
      ], 
      "location": [
        -34.43409880899513, 
        -11.866915497587458, 
        68.54154509664849
      ], 
      "pose_transform_permuted": [
        [
          -0.9493961875322805, 
          -0.17613069479021815, 
          -0.2600477983984598, 
          0.0
        ], 
        [
          -0.05175800822183508, 
          -0.7289086908642609, 
          0.6826516161025752, 
          0.0
        ], 
        [
          0.3097870037365664, 
          -0.6615663978281124, 
          -0.6829069582166053, 
          0.0
        ], 
        [
          -34.43409880899513, 
          -11.866915497587458, 
          68.54154509664849, 
          1.0
        ]
      ], 
      "projected_cuboid": [
        [
          197.43794032097318, 
          142.52153969594312
        ], 
        [
          177.04678373834673, 
          179.2756669750584
        ], 
        [
          180.21152642019052, 
          211.16434173348316
        ], 
        [
          199.3833842980513, 
          173.84243459500814
        ], 
        [
          241.23702840130224, 
          152.10944898948043
        ], 
        [
          224.86800631455708, 
          188.87490241643437
        ], 
        [
          225.52218642207234, 
          219.63432477925483
        ], 
        [
          241.0667749019143, 
          182.39369979612331
        ]
      ], 
      "projected_cuboid_centroid": [
        211.433633189453, 
        180.95044579418737
      ], 
      "quaternion_xyzw": [
        0.3697037301504112, 
        -0.7023838346033469, 
        -0.18037725188841222, 
        0.5808959870768212
      ], 
      "visibility": 0.7410865874363328
    }
  ]
}