{
  "camera_data": {
    "location_worldframe": [
      -12.355936058881685, 
      -17.71188746247241, 
      62.93281300251326
    ], 
    "quaternion_xyzw_worldframe": [
      -0.8470125683818679, 
      -0.031999591961752505, 
      -0.16224447780836737, 
      0.5051973208135754
    ]
  }, 
  "objects": [
    {
      "bounding_box": {
        "bottom_right": [
          358, 
          421
        ], 
        "top_left": [
          151, 
          253
        ]
      }, 
      "class": "003_cracker_box", 
      "cuboid": [
        [
          -5.77334264488818, 
          7.612219082748885, 
          59.7275522676715
        ], 
        [
          -17.457542785033603, 
          5.254826709990565, 
          48.45811199882749
        ], 
        [
          -21.53415029971723, 
          -14.001202232048904, 
          56.712817790129755
        ], 
        [
          -9.849950159571806, 
          -11.643809859290583, 
          67.98225805897377
        ], 
        [
          -10.622664579211872, 
          10.532315645339878, 
          64.14450940775947
        ], 
        [
          -22.306864719357293, 
          8.174923272581559, 
          52.87506913891546
        ], 
        [
          -26.383472234040923, 
          -11.081105669457909, 
          61.12977493021772
        ], 
        [
          -14.699272093895498, 
          -8.72371329669959, 
          72.39921519906173
        ]
      ], 
      "cuboid_centroid": [
        -16.078407439464552, 
        -1.7344432933545124, 
        60.42866359894461
      ], 
      "location": [
        -16.078407439464552, 
        -1.7344432933545124, 
        60.42866359894461
      ], 
      "pose_transform_permuted": [
        [
          0.6753930432120602, 
          -0.4066986953210934, 
          -0.6151751038565141, 
          0.0
        ], 
        [
          0.7122948405657215, 
          0.14371188478151453, 
          0.6870101558754416, 
          0.0
        ], 
        [
          0.1909981604209996, 
          0.9021879324157831, 
          -0.3867513895503532, 
          0.0
        ], 
        [
          -16.078407439464552, 
          -1.7344432933545124, 
          60.42866359894461, 
          1.0
        ]
      ], 
      "projected_cuboid": [
        [
          429.61610188015476, 
          341.25760584012056
        ], 
        [
          287.8619448419113, 
          331.120033241766
        ], 
        [
          277.4052895894933, 
          141.62114681847325
        ], 
        [
          403.6804343190712, 
          181.94106052915743
        ], 
        [
          392.5405491187462, 
          360.8558442503847
        ], 
        [
          254.72589158717744, 
          355.74215918799916
        ], 
        [
          249.49933850913078, 
          176.610725524135
        ], 
        [
          372.41439911880957, 
          209.0244168202007
        ]
      ], 
      "projected_cuboid_centroid": [
        338.51283605993996, 
        257.9790246400022
      ], 
      "quaternion_xyzw": [
        0.8985624459154213, 
        -0.013156090557321141, 
        0.37905078419439636, 
        0.22075541006588292
      ], 
      "visibility": 0.9177305932955554
    }, 
    {
      "bounding_box": {
        "bottom_right": [
          339, 
          285
        ], 
        "top_left": [
          178, 
          182
        ]
      }, 
      "class": "004_sugar_box", 
      "cuboid": [
        [
          -20.274359362769818, 
          5.514284799664611, 
          56.61414563014821
        ], 
        [
          -27.647815044412404, 
          4.939023736460663, 
          51.02921340405098
        ], 
        [
          -31.719544103950547, 
          -10.720818896354569, 
          58.01787001365949
        ], 
        [
          -24.34608842230796, 
          -10.14555783315062, 
          63.60280223975672
        ], 
        [
          -22.802022791164944, 
          7.566460693810519, 
          59.73988953882595
        ], 
        [
          -30.175478472807526, 
          6.9911996306065705, 
          54.154957312728726
        ], 
        [
          -34.247207532345676, 
          -8.668643002208661, 
          61.14361392233724
        ], 
        [
          -26.873751850703087, 
          -8.093381939004713, 
          66.72854614843446
        ]
      ], 
      "cuboid_centroid": [
        -27.260783447557746, 
        -1.5771791012720249, 
        58.87887977624272
      ], 
      "location": [
        -27.260783447557746, 
        -1.5771791012720249, 
        58.87887977624272
      ], 
      "pose_transform_permuted": [
        [
          0.56003531369107, 
          -0.45468512845358056, 
          -0.6925474929728859, 
          0.0
        ], 
        [
          0.7956079206545759, 
          0.062071609037904464, 
          0.6026233162917835, 
          0.0
        ], 
        [
          0.2310161634544722, 
          0.8884866140243888, 
          -0.3965127870850102, 
          0.0
        ], 
        [
          -27.260783447557746, 
          -1.5771791012720249, 
          58.87887977624272, 
          1.0
        ]
      ], 
      "projected_cuboid": [
        [
          289.01585413398084, 
          325.2324966832837
        ], 
        [
          190.2345512250471, 
          324.90555980614727
        ], 
        [
          187.59059355796634, 
          174.73720027374247
        ], 
        [
          275.7500015611651, 
          188.21442662668673
        ], 
        [
          276.3387821266683, 
          340.8350670204996
        ], 
        [
          181.95161928691584, 
          342.13607379272094
        ], 
        [
          180.3895554982875, 
          197.67509181357255
        ], 
        [
          265.0220408181377, 
          208.60119218425078
        ]
      ], 
      "projected_cuboid_centroid": [
        232.61358823800782, 
        259.0005919160003
      ], 
      "quaternion_xyzw": [
        0.9187820780320883, 
        -0.04596970229829281, 
        0.3163586496139315, 
        0.2316103937730658
      ], 
      "visibility": 0.6046070460704607
    }, 
    {
      "bounding_box": {
        "bottom_right": [
          208, 
          267
        ], 
        "top_left": [
          73, 
          50
        ]
      }, 
      "class": "024_bowl", 
      "cuboid": [
        [
          -33.95021372372226, 
          -12.235724990289881, 
          37.624119850976406
        ], 
        [
          -35.66651549108013, 
          -5.039763069145358, 
          51.94231742115145
        ], 
        [
          -36.91285626123811, 
          -9.885484391087902, 
          54.22825663146116
        ], 
        [
          -35.19655449388024, 
          -17.081446312232426, 
          39.91005906128611
        ], 
        [
          -18.31808678406946, 
          -14.77127751412084, 
          40.772224651438876
        ], 
        [
          -20.034388551427334, 
          -7.575315592976314, 
          55.09042222161392
        ], 
        [
          -21.280729321585323, 
          -12.42103691491886, 
          57.37636143192364
        ], 
        [
          -19.56442755422745, 
          -19.61699883606338, 
          43.05816386174859
        ]
      ], 
      "cuboid_centroid": [
        -27.615471522653788, 
        -12.32838095260437, 
        47.50024064145002
      ], 
      "location": [
        -27.615471522653788, 
        -12.32838095260437, 
        47.50024064145002
      ], 
      "pose_transform_permuted": [
        [
          -0.9681554013711586, 
          0.1570361397961971, 
          -0.194973766424514, 
          0.0
        ], 
        [
          0.10649411732039601, 
          -0.4464993439021946, 
          -0.888424076030732, 
          0.0
        ], 
        [
          0.2265703461885545, 
          0.8808961270733453, 
          -0.41555732641259013, 
          0.0
        ], 
        [
          -27.615471522653788, 
          -12.32838095260437, 
          47.50024064145002, 
          1.0
        ]
      ], 
      "projected_cuboid": [
        [
          -3.6555669993553, 
          99.8458893372966
        ], 
        [
          112.33805977998259, 
          221.5405922330958
        ], 
        [
          115.54425593703719, 
          176.06559188446678
        ], 
        [
          7.3446875214990515, 
          45.026544348979805
        ], 
        [
          239.99122021251995, 
          80.07138639028409
        ], 
        [
          286.03179935641697, 
          199.9513920247767
        ], 
        [
          282.14192386941266, 
          157.83163521842755
        ], 
        [
          237.25211277831033, 
          30.309859368059453
        ]
      ], 
      "projected_cuboid_centroid": [
        168.95429677167115, 
        134.8668815327783
      ], 
      "quaternion_xyzw": [
        0.7386413220938589, 
        -0.22780667353634135, 
        -0.628376527913089, 
        0.08749889116802714
      ], 
      "visibility": 0.7500533859180697
    }, 
    {
      "bounding_box": {
        "bottom_right": [
          156, 
          471
        ], 
        "top_left": [
          24, 
          341
        ]
      }, 
      "class": "025_mug", 
      "cuboid": [
        [
          0.5025733493605731, 
          -15.314149156026366, 
          43.74005949242239
        ], 
        [
          -10.770755709409372, 
          -13.033834160609988, 
          41.60020646526546
        ], 
        [
          -12.716252545332951, 
          -20.627421378037887, 
          43.75757669334735
        ], 
        [
          -1.4429234865630067, 
          -22.907736373454266, 
          45.89742972050429
        ], 
        [
          -0.6062335274335674, 
          -12.52650942832755, 
          52.55217939893334
        ], 
        [
          -11.87956258620351, 
          -10.246194432911174, 
          50.41232637177641
        ], 
        [
          -13.82505942212709, 
          -17.839781650339074, 
          52.569696599858304
        ], 
        [
          -2.551730363357146, 
          -20.12009664575545, 
          54.70954962701524
        ]
      ], 
      "cuboid_centroid": [
        -6.661243036383259, 
        -16.57696540318272, 
        48.15487804614035
      ], 
      "location": [
        -6.661243036383259, 
        -16.57696540318272, 
        48.15487804614035
      ], 
      "pose_transform_permuted": [
        [
          0.11911383930567784, 
          -0.29946285283445945, 
          -0.9466440517769144, 
          0.0
        ], 
        [
          0.9636147288858439, 
          -0.19491537101661013, 
          0.18290904877076045, 
          0.0
        ], 
        [
          0.23928968663573846, 
          0.9339861531241511, 
          -0.2653494142486841, 
          0.0
        ], 
        [
          -6.661243036383259, 
          -16.57696540318272, 
          48.15487804614035, 
          1.0
        ]
      ], 
      "projected_cuboid": [
        [
          487.7759784840565, 
          86.56215444629976
        ], 
        [
          342.3639893313728, 
          106.19123744579178
        ], 
        [
          325.3191493176852, 
          21.878471023667444
        ], 
        [
          464.6908428505115, 
          7.10290877861742
        ], 
        [
          475.39350950134354, 
          146.16273715500057
        ], 
        [
          354.874067684542, 
          164.89050595245084
        ], 
        [
          340.173017180154, 
          92.30194934965076
        ], 
        [
          456.51499875802944, 
          77.15182969681757
        ]
      ], 
      "projected_cuboid_centroid": [
        407.20840975766544, 
        89.69516286473517
      ], 
      "quaternion_xyzw": [
        0.9803373059548063, 
        -0.11072848473042951, 
        0.07702014557690454, 
        0.14403518657617562
      ], 
      "visibility": 0.8872524954999181
    }, 
    {
      "bounding_box": {
        "bottom_right": [
          197, 
          349
        ], 
        "top_left": [
          100, 
          281
        ]
      }, 
      "class": "061_foam_brick", 
      "cuboid": [
        [
          -18.71344489240377, 
          -17.124903289553995, 
          52.25169664800816
        ], 
        [
          -16.93361083608701, 
          -10.157507468939258, 
          49.26318842977977
        ], 
        [
          -19.392731595577764, 
          -7.871693753504832, 
          53.127772766821
        ], 
        [
          -21.172565651894526, 
          -14.839089574119571, 
          56.11628098504939
        ], 
        [
          -14.262834977618091, 
          -17.062834423252767, 
          55.04700616277546
        ], 
        [
          -12.48300092130133, 
          -10.095438602638026, 
          52.058497944547064
        ], 
        [
          -14.942121680792084, 
          -7.809624887203603, 
          55.9230822815883
        ], 
        [
          -16.721955737108846, 
          -14.777020707818341, 
          58.91159049981669
        ]
      ], 
      "cuboid_centroid": [
        -16.827783286597928, 
        -12.4672640883788, 
        54.08738946479823
      ], 
      "location": [
        -16.827783286597928, 
        -12.4672640883788, 
        54.08738946479823
      ], 
      "pose_transform_permuted": [
        [
          -0.846767480832173, 
          -0.011809144940201535, 
          -0.5318320952151314, 
          0.0
        ], 
        [
          -0.22855306124656788, 
          -0.894701187487916, 
          0.3837620138869084, 
          0.0
        ], 
        [
          0.4803627083776986, 
          -0.4465090471686933, 
          -0.7549048543999087, 
          0.0
        ], 
        [
          -16.827783286597928, 
          -12.4672640883788, 
          54.08738946479823, 
          1.0
        ]
      ], 
      "projected_cuboid": [
        [
          289.0020347139132, 
          98.49706950243885
        ], 
        [
          296.74734885846334, 
          163.3221239420516
        ], 
        [
          285.30212360718895, 
          194.26706826084705
        ], 
        [
          278.6997321283174, 
          132.25835636659895
        ], 
        [
          342.26089121084345, 
          107.97430073789374
        ], 
        [
          352.64773335641047, 
          169.86259530018546
        ], 
        [
          337.91158071320297, 
          198.80877817924198
        ], 
        [
          328.95365841230785, 
          139.51193679443153
        ]
      ], 
      "projected_cuboid_centroid": [
        314.2867877066006, 
        150.35518276736698
      ], 
      "quaternion_xyzw": [
        -0.4628093524335562, 
        0.7427809575558586, 
        0.2501059369860814, 
        -0.41416297839950456
      ], 
      "visibility": 0.9949973199928533
    }
  ]
}