{
  "camera_data": {
    "location_worldframe": [
      -8.627533368892582, 
      -4.649992072439621, 
      78.0550785835694
    ], 
    "quaternion_xyzw_worldframe": [
      -0.8231476366630952, 
      -0.0963082618714176, 
      -0.20314787102696394, 
      0.5214264218091067
    ]
  }, 
  "objects": [
    {
      "bounding_box": {
        "bottom_right": [
          435, 
          449
        ], 
        "top_left": [
          269, 
          321
        ]
      }, 
      "class": "003_cracker_box", 
      "cuboid": [
        [
          -3.6197301659213936, 
          21.185984294401027, 
          76.52560601856334
        ], 
        [
          -13.405667381195002, 
          18.431163887673424, 
          63.65220269882863
        ], 
        [
          -17.10678996679194, 
          -1.3713038850284645, 
          70.70326707691248
        ], 
        [
          -7.320852751518332, 
          1.383516521699142, 
          83.57667039664717
        ], 
        [
          -9.245990364439564, 
          23.578144618973383, 
          80.29059774432513
        ], 
        [
          -19.031927579713177, 
          20.82332421224578, 
          67.41719442459042
        ], 
        [
          -22.733050165310114, 
          1.0208564395438922, 
          74.46825880267427
        ], 
        [
          -12.947112950036505, 
          3.775676846271499, 
          87.34166212240896
        ]
      ], 
      "cuboid_centroid": [
        -13.176390165615754, 
        11.103420366972461, 
        75.4969324106188
      ], 
      "location": [
        -13.176390165615754, 
        11.103420366972461, 
        75.4969324106188
      ], 
      "pose_transform_permuted": [
        [
          0.7836017176925237, 
          -0.3331699696051214, 
          -0.5243721191888912, 
          0.0
        ], 
        [
          0.596572508595588, 
          0.16793998210071864, 
          0.7847913126430347, 
          0.0
        ], 
        [
          0.173405853468945, 
          0.927789811199354, 
          -0.330358102999418, 
          0.0
        ], 
        [
          -13.176390165615754, 
          11.103420366972461, 
          75.4969324106188, 
          1.0
        ]
      ], 
      "projected_cuboid": [
        [
          456.1603461771883, 
          420.9351604597667
        ], 
        [
          368.3396287194863, 
          427.7148252230007
        ], 
        [
          351.48404201224287, 
          262.9426989114701
        ], 
        [
          434.491923965232, 
          282.11503582851606
        ], 
        [
          419.6700058288765, 
          429.90121782455094
        ], 
        [
          329.7858593722847, 
          438.01434494371676
        ], 
        [
          317.4329461471625, 
          280.5976090279303
        ], 
        [
          401.88148653012024, 
          296.3413133648067
        ]
      ], 
      "projected_cuboid_centroid": [
        387.74175221187215, 
        351.7224602475281
      ], 
      "quaternion_xyzw": [
        0.8730312764992777, 
        -0.001565199184542294, 
        0.44912280709591973, 
        0.1900069592194869
      ], 
      "visibility": 0.8204707479913999
    }, 
    {
      "bounding_box": {
        "bottom_right": [
          421, 
          346
        ], 
        "top_left": [
          284, 
          259
        ]
      }, 
      "class": "004_sugar_box", 
      "cuboid": [
        [
          -17.342375236519292, 
          18.173572698680385, 
          71.33066110316503
        ], 
        [
          -23.80034282198728, 
          17.285709139522705, 
          64.74305190745146
        ], 
        [
          -27.595476768067893, 
          1.1165519365382361, 
          70.64273695856495
        ], 
        [
          -21.137509182599903, 
          2.0044154956959175, 
          77.23034615427852
        ], 
        [
          -20.430248701123986, 
          19.91710978543627, 
          74.12277485158087
        ], 
        [
          -26.88821628659197, 
          19.02924622627859, 
          67.53516565586732
        ], 
        [
          -30.683350232672584, 
          2.8600890232941225, 
          73.4348507069808
        ], 
        [
          -24.225382647204597, 
          3.747952582451804, 
          80.02245990269437
        ]
      ], 
      "cuboid_centroid": [
        -24.012862734595938, 
        10.516830860987254, 
        72.38275590507291
      ], 
      "location": [
        -24.012862734595938, 
        10.516830860987254, 
        72.38275590507291
      ], 
      "pose_transform_permuted": [
        [
          0.6841568244258716, 
          -0.38630235669205143, 
          -0.6186275757243671, 
          0.0
        ], 
        [
          0.6968252586261213, 
          0.09580192932943091, 
          0.7108138002829979, 
          0.0
        ], 
        [
          0.21532309031358354, 
          0.9173834036367375, 
          -0.3347282164821978, 
          0.0
        ], 
        [
          -24.012862734595938, 
          10.516830860987254, 
          72.38275590507291, 
          1.0
        ]
      ], 
      "projected_cuboid": [
        [
          350.852376126079, 
          409.16530408978224
        ], 
        [
          283.9083966562369, 
          415.6772180853938
        ], 
        [
          271.52799336026493, 
          281.71598223885104
        ], 
        [
          334.4140972417335, 
          287.1281700586872
        ], 
        [
          333.37470898904047, 
          416.5918137217465
        ], 
        [
          267.49357084049757, 
          423.5589118906609
        ], 
        [
          256.90264209877665, 
          294.0578947834256
        ], 
        [
          318.79853577091905, 
          298.2652316063124
        ]
      ], 
      "projected_cuboid_centroid": [
        303.19472199293506, 
        350.77504723934356
      ], 
      "quaternion_xyzw": [
        0.8990044824675828, 
        -0.03323708705436361, 
        0.38792093140624867, 
        0.20050805842345973
      ], 
      "visibility": 0.6086067668404375
    }, 
    {
      "bounding_box": {
        "bottom_right": [
          319, 
          362
        ], 
        "top_left": [
          236, 
          208
        ]
      }, 
      "class": "024_bowl", 
      "cuboid": [
        [
          -26.841761327184955, 
          0.2314973253594335, 
          50.104393222852785
        ], 
        [
          -31.080853156036582, 
          6.72916553173561, 
          64.23056573107934
        ], 
        [
          -32.258963810315834, 
          1.722067927867906, 
          66.18016245608017
        ], 
        [
          -28.019871981464206, 
          -4.7756002785082705, 
          52.053989947853616
        ], 
        [
          -11.652667829265352, 
          -1.2942925644431054, 
          55.364277919008366
        ], 
        [
          -15.891759658116978, 
          5.2033756419330714, 
          69.49045042723492
        ], 
        [
          -17.06987031239623, 
          0.19627803806536756, 
          71.44004715223575
        ], 
        [
          -12.830778483544602, 
          -6.301390168310809, 
          57.313874644009196
        ]
      ], 
      "cuboid_centroid": [
        -21.95581581979059, 
        0.21388768171240052, 
        60.77222018754427
      ], 
      "location": [
        -21.95581581979059, 
        0.21388768171240052, 
        60.77222018754427
      ], 
      "pose_transform_permuted": [
        [
          -0.9407167027693693, 
          0.09449780755187771, 
          -0.3257641009973545, 
          0.0
        ], 
        [
          0.2630297020835766, 
          -0.4031711983517102, 
          -0.876509190277815, 
          0.0
        ], 
        [
          0.21416689975939612, 
          0.9102324698600541, 
          -0.3544141501970747, 
          0.0
        ], 
        [
          -21.95581581979059, 
          0.21388768171240052, 
          60.77222018754427, 
          1.0
        ]
      ], 
      "projected_cuboid": [
        [
          193.50789191327868, 
          275.750634423374
        ], 
        [
          221.37571995646658, 
          329.160181870864
        ], 
        [
          219.46851960896993, 
          287.1639978636531
        ], 
        [
          192.12686804518032, 
          224.3580859554239
        ], 
        [
          368.4124362368406, 
          260.8187230488519
        ], 
        [
          358.61590447612275, 
          313.2209766183595
        ], 
        [
          353.10384424088073, 
          274.7518074713001
        ], 
        [
          361.20857623063404, 
          214.65056547327495
        ]
      ], 
      "projected_cuboid_centroid": [
        287.31343599579264, 
        275.1635549622906
      ], 
      "quaternion_xyzw": [
        0.7904154402814044, 
        -0.1952574768438611, 
        -0.5747692290778803, 
        0.08220877572705987
      ], 
      "visibility": 0.7671060891399875
    }, 
    {
      "bounding_box": {
        "bottom_right": [
          295, 
          519
        ], 
        "top_left": [
          211, 
          425
        ]
      }, 
      "class": "025_mug", 
      "cuboid": [
        [
          6.557027938665845, 
          -0.5981311863032385, 
          60.95353280477377
        ], 
        [
          -4.449534144415026, 
          0.9474573788230946, 
          57.30202590732753
        ], 
        [
          -6.089776384222555, 
          -6.843623444335862, 
          58.94836611215858
        ], 
        [
          4.916785698858316, 
          -8.389212009462197, 
          62.59987300960482
        ], 
        [
          4.02180810213469, 
          1.761444008825115, 
          69.59407158815941
        ], 
        [
          -6.984753980946182, 
          3.307032573951448, 
          65.94256469071317
        ], 
        [
          -8.62499622075371, 
          -4.484048249207509, 
          67.58890489554422
        ], 
        [
          2.381565862327161, 
          -6.029636814333842, 
          71.24041179299046
        ]
      ], 
      "cuboid_centroid": [
        -1.0339841410439323, 
        -2.5410897177553737, 
        64.271218850159
      ], 
      "location": [
        -1.0339841410439323, 
        -2.5410897177553737, 
        64.271218850159
      ], 
      "pose_transform_permuted": [
        [
          0.272346586707907, 
          -0.25347791982928247, 
          -0.9282119093041621, 
          0.0
        ], 
        [
          0.9408121844365318, 
          -0.13211287441260747, 
          0.31212127408541884, 
          0.0
        ], 
        [
          0.20174437928803843, 
          0.9582772144897236, 
          -0.20249440884997366, 
          0.0
        ], 
        [
          -1.0339841410439323, 
          -2.5410897177553737, 
          64.271218850159, 
          1.0
        ]
      ], 
      "projected_cuboid": [
        [
          539.4466067366023, 
          268.0531239317098
        ], 
        [
          439.8393943825072, 
          282.10468300066304
        ], 
        [
          426.042304284763, 
          211.3706844398955
        ], 
        [
          523.8347016357086, 
          201.8146509484653
        ], 
        [
          512.6741944265616, 
          286.7849950069868
        ], 
        [
          424.63614588672357, 
          300.03261985048897
        ], 
        [
          412.9731932121703, 
          237.90453635139696
        ], 
        [
          499.57451189385284, 
          228.14750366706147
        ]
      ], 
      "projected_cuboid_centroid": [
        472.94561553518423, 
        252.20069375256975
      ], 
      "quaternion_xyzw": [
        0.9781744870203906, 
        -0.08532661046946893, 
        0.14937719919829145, 
        0.1165365522025088
      ], 
      "visibility": 0.8741343490304709
    }, 
    {
      "bounding_box": {
        "bottom_right": [
          312, 
          417
        ], 
        "top_left": [
          241, 
          356
        ]
      }, 
      "class": "061_foam_brick", 
      "cuboid": [
        [
          -13.461651454432518, 
          -4.110344122634452, 
          66.6013302443753
        ], 
        [
          -11.821310285525396, 
          3.076724079156091, 
          64.09156398594345
        ], 
        [
          -14.962274652322991, 
          5.029605109689179, 
          67.63103144258474
        ], 
        [
          -16.602615821230117, 
          -2.157463092101365, 
          70.1407977010166
        ], 
        [
          -9.461622305008696, 
          -3.8364891450341156, 
          69.99990445955794
        ], 
        [
          -7.821281136101571, 
          3.350579056756428, 
          67.49013820112609
        ], 
        [
          -10.962245502899167, 
          5.3034600872895155, 
          71.02960565776738
        ], 
        [
          -12.60258667180629, 
          -1.883608114501028, 
          73.53937191619923
        ]
      ], 
      "cuboid_centroid": [
        -12.211948478665843, 
        0.5965579823275315, 
        68.81546795107134
      ], 
      "location": [
        -12.211948478665843, 
        0.5965579823275315, 
        68.81546795107134
      ], 
      "pose_transform_permuted": [
        [
          -0.7610405474675214, 
          -0.05210330582458053, 
          -0.6466084832667179, 
          0.0
        ], 
        [
          -0.2106404213987992, 
          -0.9229098820068604, 
          0.3222855295650417, 
          0.0
        ], 
        [
          0.6135535005060858, 
          -0.3814742392563793, 
          -0.6913967795705264, 
          0.0
        ], 
        [
          -12.211948478665843, 
          0.5965579823275315, 
          68.81546795107134, 
          1.0
        ]
      ], 
      "projected_cuboid": [
        [
          372.9026669639019, 
          240.372375364413
        ], 
        [
          382.4096734520781, 
          298.8886157180315
        ], 
        [
          362.6254556124809, 
          312.9486108997243
        ], 
        [
          354.306110302801, 
          256.8821434678275
        ], 
        [
          408.9095409567324, 
          244.05685820591037
        ], 
        [
          419.27680009591825, 
          299.76343480754804
        ], 
        [
          398.6020822771533, 
          313.10710430621464
        ], 
        [
          389.43939265241477, 
          259.6263030853824
        ]
      ], 
      "projected_cuboid_centroid": [
        386.16581396911687, 
        277.9098598005727
      ], 
      "quaternion_xyzw": [
        -0.5134427481744044, 
        0.7481181631136048, 
        0.21363385667755355, 
        -0.3620170350242037
      ], 
      "visibility": 0.9831460674157303
    }
  ]
}