{
  "camera_data": {
    "location_worldframe": [
      -25.970599283168884, 
      -9.011248454709046, 
      86.01328324269849
    ], 
    "quaternion_xyzw_worldframe": [
      0.9426725704979799, 
      0.01952093876221033, 
      -0.013780531092669707, 
      -0.33286139463175735
    ]
  }, 
  "objects": [
    {
      "bounding_box": {
        "bottom_right": [
          392, 
          335
        ], 
        "top_left": [
          226, 
          164
        ]
      }, 
      "class": "003_cracker_box", 
      "cuboid": [
        [
          -24.712388694774585, 
          13.111574412745716, 
          71.73352138445902
        ], 
        [
          -38.721596405364544, 
          6.165922973231179, 
          66.77588675799925
        ], 
        [
          -37.05645967252624, 
          -8.3187218745352, 
          82.36357197554915
        ], 
        [
          -23.047251961936276, 
          -1.373070435020663, 
          87.3212066020089
        ], 
        [
          -28.405325352478165, 
          17.420555746130272, 
          76.1320775391165
        ], 
        [
          -42.41453306306813, 
          10.474904306615738, 
          71.17444291265673
        ], 
        [
          -40.74939633022982, 
          -4.0097405411506415, 
          86.76212813020662
        ], 
        [
          -26.74018861963986, 
          2.935910898363895, 
          91.71976275666638
        ]
      ], 
      "cuboid_centroid": [
        -32.7308925125022, 
        4.550916935797537, 
        79.24782475733282
      ], 
      "location": [
        -32.7308925125022, 
        4.550916935797537, 
        79.24782475733282
      ], 
      "pose_transform_permuted": [
        [
          0.5143365941497644, 
          -0.6001366903070819, 
          -0.6126122924539488, 
          0.0
        ], 
        [
          0.8540324757345825, 
          0.4234223674186827, 
          0.30222843870195015, 
          0.0
        ], 
        [
          -0.07801537226137217, 
          0.6786379386070457, 
          -0.730317841747071, 
          0.0
        ], 
        [
          -32.7308925125022, 
          4.550916935797537, 
          79.24782475733282, 
          1.0
        ]
      ], 
      "projected_cuboid": [
        [
          296.3359362572246, 
          370.767593777449
        ], 
        [
          169.7617304640304, 
          322.53197117001235
        ], 
        [
          239.64992958140465, 
          219.42125292603663
        ], 
        [
          339.6615267855697, 
          264.9004267426449
        ], 
        [
          280.9541550627328, 
          395.32082141948206
        ], 
        [
          161.130778375932, 
          351.776391501153
        ], 
        [
          229.02651133538546, 
          248.63899647782407
        ], 
        [
          324.8161220381351, 
          290.3578727677788
        ]
      ], 
      "projected_cuboid_centroid": [
        259.4900735012329, 
        303.91315935152494
      ], 
      "quaternion_xyzw": [
        0.8867472451036396, 
        0.1413699739268569, 
        0.23021358040877746, 
        0.37509406975903675
      ], 
      "visibility": 0.8988458123705239
    }, 
    {
      "bounding_box": {
        "bottom_right": [
          357, 
          245
        ], 
        "top_left": [
          245, 
          132
        ]
      }, 
      "class": "004_sugar_box", 
      "cuboid": [
        [
          -38.96145919531536, 
          9.57396876424138, 
          74.70372237897078
        ], 
        [
          -47.48643744994647, 
          6.634746423876821, 
          72.56457307561351
        ], 
        [
          -46.761142635301574, 
          -5.054812296373588, 
          85.73572087614771
        ], 
        [
          -38.23616438067046, 
          -2.1155899560090283, 
          87.87487017950497
        ], 
        [
          -40.72206597422514, 
          12.633605219023469, 
          77.516136257656
        ], 
        [
          -49.24704422885625, 
          9.694382878658908, 
          75.37698695429873
        ], 
        [
          -48.52174941421134, 
          -1.9951758415915004, 
          88.54813475483292
        ], 
        [
          -39.996771159580234, 
          0.9440464987730588, 
          90.68728405819019
        ]
      ], 
      "cuboid_centroid": [
        -43.74160430476336, 
        3.78939646132494, 
        81.62592856690185
      ], 
      "location": [
        -43.74160430476336, 
        3.78939646132494, 
        81.62592856690185
      ], 
      "pose_transform_permuted": [
        [
          0.3900843595855629, 
          -0.6779005632179698, 
          -0.6231253224162971, 
          0.0
        ], 
        [
          0.9198590885517584, 
          0.31714689496010945, 
          0.2308177064725531, 
          0.0
        ], 
        [
          -0.04115077968171412, 
          0.6632261057994692, 
          -0.7472864693792658, 
          0.0
        ], 
        [
          -43.74160430476336, 
          3.78939646132494, 
          81.62592856690185, 
          1.0
        ]
      ], 
      "projected_cuboid": [
        [
          201.12816915435033, 
          341.6363453007573
        ], 
        [
          129.6829557324007, 
          322.04917858211957
        ], 
        [
          188.29505116576715, 
          241.8430467579266
        ], 
        [
          247.6048783668616, 
          260.44685410827555
        ], 
        [
          199.08993097407298, 
          360.20713793191254
        ], 
        [
          130.2525879639412, 
          341.8778208763401
        ], 
        [
          186.9183501239263, 
          261.2697253050662
        ], 
        [
          244.42132188999582, 
          278.8383470409807
        ]
      ], 
      "projected_cuboid_centroid": [
        193.42073481063875, 
        298.0453294182472
      ], 
      "quaternion_xyzw": [
        0.8952947163877832, 
        0.10005020360430465, 
        0.1733792388955588, 
        0.39796588947475087
      ], 
      "visibility": 0.4317607973421927
    }, 
    {
      "bounding_box": {
        "bottom_right": [
          253, 
          207
        ], 
        "top_left": [
          156, 
          84
        ]
      }, 
      "class": "024_bowl", 
      "cuboid": [
        [
          -54.750434501533285, 
          -14.610922932724133, 
          69.3642114368386
        ], 
        [
          -53.191103816817574, 
          -2.362132408269134, 
          79.72152575520752
        ], 
        [
          -52.916798735075496, 
          -5.929888654588491, 
          83.89953611990238
        ], 
        [
          -54.4761294197912, 
          -18.17867917904349, 
          73.54222180153347
        ], 
        [
          -38.70007048771967, 
          -15.280022853586287, 
          67.73906423944457
        ], 
        [
          -37.14073980300396, 
          -3.031232329131291, 
          78.09637855781348
        ], 
        [
          -36.866434721261875, 
          -6.598988575450646, 
          82.27438892250835
        ], 
        [
          -38.425765405977586, 
          -18.847779099905644, 
          71.91707460413943
        ]
      ], 
      "cuboid_centroid": [
        -45.80843461139758, 
        -10.604955754087388, 
        75.81930017967348
      ], 
      "location": [
        -45.80843461139758, 
        -10.604955754087388, 
        75.81930017967348
      ], 
      "pose_transform_permuted": [
        [
          -0.9940583692760153, 
          0.0414398312488434, 
          0.10065137285887374, 
          0.0
        ], 
        [
          -0.09675428181551377, 
          -0.7600202714656268, 
          -0.6426568259278657, 
          0.0
        ], 
        [
          -0.04986549330622114, 
          0.6485768476806603, 
          -0.7595139927808733, 
          0.0
        ], 
        [
          -45.80843461139758, 
          -10.604955754087388, 
          75.81930017967348, 
          1.0
        ]
      ], 
      "projected_cuboid": [
        [
          57.130142624997134, 
          160.9477516417155
        ], 
        [
          122.79483305758663, 
          257.4843884435377
        ], 
        [
          142.4205776102669, 
          235.59233975611005
        ], 
        [
          83.2503573009068, 
          141.45688469011617
        ], 
        [
          174.36658651814957, 
          152.98467803376047
        ], 
        [
          225.84957055413534, 
          252.58627515080423
        ], 
        [
          240.62971196279932, 
          230.5105309821579
        ], 
        [
          194.26622163778336, 
          133.5159793402065
        ]
      ], 
      "projected_cuboid_centroid": [
        156.6913025079961, 
        198.69035245986802
      ], 
      "quaternion_xyzw": [
        -0.602322835572061, 
        0.2947567052994637, 
        0.67933469334987, 
        -0.29804372303518645
      ], 
      "visibility": 0.6835429196282121
    }, 
    {
      "bounding_box": {
        "bottom_right": [
          216, 
          333
        ], 
        "top_left": [
          129, 
          235
        ]
      }, 
      "class": "025_mug", 
      "cuboid": [
        [
          -20.01670505817129, 
          -14.110520130280554, 
          64.15010288033281
        ], 
        [
          -31.623302184100865, 
          -13.161766987657577, 
          65.26971270263101
        ], 
        [
          -31.614453545445098, 
          -19.31904746684677, 
          70.57909966069658
        ], 
        [
          -20.007856419515523, 
          -20.267800609469745, 
          69.45948983839838
        ], 
        [
          -18.849043387440286, 
          -8.078573528232674, 
          71.14338763078777
        ], 
        [
          -30.455640513369865, 
          -7.1298203856096976, 
          72.26299745308597
        ], 
        [
          -30.446791874714098, 
          -13.287100864798887, 
          77.57238441115155
        ], 
        [
          -18.840194748784523, 
          -14.235854007421864, 
          76.45277458885334
        ]
      ], 
      "cuboid_centroid": [
        -25.231748466442696, 
        -13.698810497539721, 
        70.86124364574218
      ], 
      "location": [
        -25.231748466442696, 
        -13.698810497539721, 
        70.86124364574218
      ], 
      "pose_transform_permuted": [
        [
          -0.1254363293750335, 
          -0.6479832812131399, 
          -0.7512552577171591, 
          0.0
        ], 
        [
          0.9921016129737797, 
          -0.08109694106702375, 
          -0.0957013238722524, 
          0.0
        ], 
        [
          -0.0010883533357614467, 
          0.7573251671180851, 
          -0.6530370638306678, 
          0.0
        ], 
        [
          -25.231748466442696, 
          -13.698810497539721, 
          70.86124364574218, 
          1.0
        ]
      ], 
      "projected_cuboid": [
        [
          313.7989947046458, 
          155.9770345462284
        ], 
        [
          221.04936120562536, 
          165.74158653306887
        ], 
        [
          240.71675691414111, 
          127.30527168852102
        ], 
        [
          326.6937537850313, 
          117.66755779619979
        ], 
        [
          339.11949470370496, 
          212.7262862113891
        ], 
        [
          254.9534453198775, 
          220.66662225475775
        ], 
        [
          270.52725021097285, 
          181.9361025325437
        ], 
        [
          349.0763217638038, 
          173.98000834725195
        ]
      ], 
      "projected_cuboid_centroid": [
        290.11402796326666, 
        170.18583682788767
      ], 
      "quaternion_xyzw": [
        0.9355054833897319, 
        -0.021381111375573494, 
        -0.05909576618568036, 
        0.34767843912834717
      ], 
      "visibility": 0.7775638781939097
    }, 
    {
      "bounding_box": {
        "bottom_right": [
          252, 
          275
        ], 
        "top_left": [
          187, 
          220
        ]
      }, 
      "class": "061_foam_brick", 
      "cuboid": [
        [
          -35.253414564934374, 
          -12.884496330991327, 
          78.68692494553403
        ], 
        [
          -35.56967074888304, 
          -7.636308923360109, 
          72.94235306243789
        ], 
        [
          -37.08039481572025, 
          -4.06682955685373, 
          76.286566153061
        ], 
        [
          -36.76413863177159, 
          -9.315016964484947, 
          82.03113803615715
        ], 
        [
          -30.23602755804274, 
          -11.600874938561576, 
          79.58340706196061
        ], 
        [
          -30.5522837419914, 
          -6.352687530930358, 
          73.83883517886449
        ], 
        [
          -32.06300780882861, 
          -2.783208164423978, 
          77.1830482694876
        ], 
        [
          -31.74675162487994, 
          -8.031395572055196, 
          82.92762015258374
        ]
      ], 
      "cuboid_centroid": [
        -33.658211186881495, 
        -7.833852247707653, 
        77.93498660751081
      ], 
      "location": [
        -33.658211186881495, 
        -7.833852247707653, 
        77.93498660751081
      ], 
      "pose_transform_permuted": [
        [
          -0.954601782122328, 
          -0.24422020208939577, 
          -0.1705635672126066, 
          0.0
        ], 
        [
          0.04061126863096742, 
          -0.6739332207700646, 
          0.7376752258295453, 
          0.0
        ], 
        [
          0.2951036469260556, 
          -0.6972592823576477, 
          -0.6532559458107056, 
          0.0
        ], 
        [
          -33.658211186881495, 
          -7.833852247707653, 
          77.93498660751081, 
          1.0
        ]
      ], 
      "projected_cuboid": [
        [
          240.6673609972678, 
          185.95876125905306
        ], 
        [
          219.36136855351492, 
          217.45350105587283
        ], 
        [
          220.20763837319961, 
          244.85532193039933
        ], 
        [
          240.5857729513546, 
          212.72562070461356
        ], 
        [
          277.2850364419946, 
          195.54453100958878
        ], 
        [
          259.08653221127815, 
          227.4026523837642
        ], 
        [
          258.20174733584435, 
          254.05512057295857
        ], 
        [
          275.7276533941124, 
          221.63546526416758
        ]
      ], 
      "projected_cuboid_centroid": [
        249.34996585843146, 
        219.67843464766065
      ], 
      "quaternion_xyzw": [
        0.35843951842881594, 
        -0.6758719518036101, 
        -0.15129927445197655, 
        0.6259606584634549
      ], 
      "visibility": 0.7013811123553565
    }
  ]
}