{
  "camera_data": {
    "location_worldframe": [
      -8.821344392239872, 
      -3.6506089247610394, 
      78.94225954544663
    ], 
    "quaternion_xyzw_worldframe": [
      -0.823606550551503, 
      -0.09889938394171782, 
      -0.20413220434456006, 
      0.5198288628045311
    ]
  }, 
  "objects": [
    {
      "bounding_box": {
        "bottom_right": [
          441, 
          447
        ], 
        "top_left": [
          276, 
          321
        ]
      }, 
      "class": "003_cracker_box", 
      "cuboid": [
        [
          -3.87117825891784, 
          22.191575514359492, 
          77.33228911862349
        ], 
        [
          -13.592837235261307, 
          19.3611624605285, 
          64.42662275149857
        ], 
        [
          -17.275936913922497, 
          -0.422408592084475, 
          71.53989487546902
        ], 
        [
          -7.554277937579028, 
          2.4080044617465157, 
          84.44556124259397
        ], 
        [
          -9.520080840858885, 
          24.584522190977378, 
          81.0627184984062
        ], 
        [
          -19.24173981720235, 
          21.754109137146386, 
          68.15705213128125
        ], 
        [
          -22.92483949586354, 
          1.970538084533413, 
          75.27032425525172
        ], 
        [
          -13.203180519520075, 
          4.800951138364404, 
          88.17599062237666
        ]
      ], 
      "cuboid_centroid": [
        -13.39800887739069, 
        12.081056799446452, 
        76.30130668693761
      ], 
      "location": [
        -13.39800887739069, 
        12.081056799446452, 
        76.30130668693761
      ], 
      "pose_transform_permuted": [
        [
          0.7867552530635843, 
          -0.33327948939123997, 
          -0.519558421862229, 
          0.0
        ], 
        [
          0.5926539641165972, 
          0.17254827807910092, 
          0.7867581398046163, 
          0.0
        ], 
        [
          0.1725614400546616, 
          0.9269044576886291, 
          -0.3332726747322825, 
          0.0
        ], 
        [
          -13.39800887739069, 
          12.081056799446452, 
          76.30130668693761, 
          1.0
        ]
      ], 
      "projected_cuboid": [
        [
          454.6771318101075, 
          426.33000712114534
        ], 
        [
          368.13871209157674, 
          433.5570387802329
        ], 
        [
          351.7341826304153, 
          270.1375429395702
        ], 
        [
          433.4901136241609, 
          288.49439398849734
        ], 
        [
          418.44156411238845, 
          435.03052301213233
        ], 
        [
          329.77836523449474, 
          443.5094577599408
        ], 
        [
          317.8120194524004, 
          287.2485683069909
        ], 
        [
          401.0740678431688, 
          302.32438878260075
        ]
      ], 
      "projected_cuboid_centroid": [
        387.1692355910792, 
        357.7289211634618
      ], 
      "quaternion_xyzw": [
        0.8716531482859817, 
        -3.7750037347290193e-06, 
        0.4513014712223423, 
        0.19117471365595082
      ], 
      "visibility": 0.8165577845869226
    }, 
    {
      "bounding_box": {
        "bottom_right": [
          427, 
          346
        ], 
        "top_left": [
          291, 
          260
        ]
      }, 
      "class": "004_sugar_box", 
      "cuboid": [
        [
          -17.562998275847114, 
          19.1241369483691, 
          72.08849690025278
        ], 
        [
          -23.989353728609743, 
          18.1939453982908, 
          65.47586193187624
        ], 
        [
          -27.77039753823608, 
          2.0388427640549476, 
          71.42290629129057
        ], 
        [
          -21.344042085473447, 
          2.9690343141332414, 
          78.03554125966711
        ], 
        [
          -20.667601799678074, 
          20.87098005221877, 
          74.85991520515462
        ], 
        [
          -27.093957252440703, 
          19.940788502140478, 
          68.24728023677808
        ], 
        [
          -30.875001062067035, 
          3.7856858679046215, 
          74.19432459619243
        ], 
        [
          -24.448645609304407, 
          4.715877417982915, 
          80.80695956456897
        ]
      ], 
      "cuboid_centroid": [
        -24.218999668957075, 
        11.454911408136859, 
        73.1414107482226
      ], 
      "location": [
        -24.218999668957075, 
        11.454911408136859, 
        73.1414107482226
      ], 
      "pose_transform_permuted": [
        [
          0.687863577414263, 
          -0.3870348459544224, 
          -0.6140422424596064, 
          0.0
        ], 
        [
          0.6934142578342152, 
          0.10036918873883889, 
          0.7135141220603075, 
          0.0
        ], 
        [
          0.21452366352987048, 
          0.9165859948445916, 
          -0.33741522378242367, 
          0.0
        ], 
        [
          -24.218999668957075, 
          11.454911408136859, 
          73.1414107482226, 
          1.0
        ]
      ], 
      "projected_cuboid": [
        [
          350.5810412491141, 
          414.7692596967265
        ], 
        [
          284.56856324360194, 
          421.4814160595676
        ], 
        [
          272.50559785871434, 
          288.51071226303947
        ], 
        [
          334.5095030626831, 
          293.57785802963457
        ], 
        [
          333.12919344269744, 
          421.9762920550033
        ], 
        [
          268.1064323987194, 
          429.1141837889891
        ], 
        [
          257.8135828034001, 
          300.49859793448724
        ], 
        [
          318.8932380943732, 
          304.4109583580638
        ]
      ], 
      "projected_cuboid_centroid": [
        303.52959082263766, 
        356.81143194990995
      ], 
      "quaternion_xyzw": [
        0.8977809442088884, 
        -0.03178795326615638, 
        0.39023375036920727, 
        0.20173352820916157
      ], 
      "visibility": 0.6065659197498697
    }, 
    {
      "bounding_box": {
        "bottom_right": [
          326, 
          362
        ], 
        "top_left": [
          245, 
          211
        ]
      }, 
      "class": "024_bowl", 
      "cuboid": [
        [
          -26.923096151030613, 
          1.074229282107606, 
          50.891801067730626
        ], 
        [
          -31.241190004427345, 
          7.617211592761556, 
          64.97305773542513
        ], 
        [
          -32.41547966733026, 
          2.614944172119915, 
          66.93730389069808
        ], 
        [
          -28.097385813933528, 
          -3.928038138534035, 
          52.856047223003564
        ], 
        [
          -11.753802968581871, 
          -0.3925519000845652, 
          56.22510027194747
        ], 
        [
          -16.0718968219786, 
          6.150430410569384, 
          70.30635693964197
        ], 
        [
          -17.24618648488152, 
          1.148162989927744, 
          72.27060309491492
        ], 
        [
          -12.928092631484791, 
          -5.394819320726205, 
          58.189346427220414
        ]
      ], 
      "cuboid_centroid": [
        -22.084641317956066, 
        1.111196136017675, 
        61.58120208132277
      ], 
      "location": [
        -22.084641317956066, 
        1.111196136017675, 
        61.58120208132277
      ], 
      "pose_transform_permuted": [
        [
          -0.9394903960456603, 
          0.09084318017957865, 
          -0.33031093283878654, 
          0.0
        ], 
        [
          0.2679316668956309, 
          -0.40598287496301766, 
          -0.8737222253733113, 
          0.0
        ], 
        [
          0.21347228769209695, 
          0.9093543983792146, 
          -0.3570772472951468, 
          0.0
        ], 
        [
          -22.084641317956066, 
          1.111196136017675, 
          61.58120208132277, 
          1.0
        ]
      ], 
      "projected_cuboid": [
        [
          197.10581402735312, 
          284.54390166171453
        ], 
        [
          223.02238531339083, 
          335.8110404932367
        ], 
        [
          221.1760844981185, 
          294.1209734132545
        ], 
        [
          195.73076089611104, 
          233.65247957587962
        ], 
        [
          369.17801998704215, 
          269.5630121057403
        ], 
        [
          358.6652577391374, 
          319.94156500415534
        ], 
        [
          353.2685629186202, 
          281.75938559828165
        ], 
        [
          362.1205074449762, 
          223.8417002565106
        ]
      ], 
      "projected_cuboid_centroid": [
        288.7407258339432, 
        282.9099724070856
      ], 
      "quaternion_xyzw": [
        0.7917696947524627, 
        -0.1955919653027323, 
        -0.5725189513554982, 
        0.08406297591334402
      ], 
      "visibility": 0.7838366282859005
    }, 
    {
      "bounding_box": {
        "bottom_right": [
          302, 
          517
        ], 
        "top_left": [
          220, 
          425
        ]
      }, 
      "class": "025_mug", 
      "cuboid": [
        [
          6.429001814308682, 
          0.37149567170843245, 
          61.8923242503442
        ], 
        [
          -4.565023689657007, 
          1.8749532929732609, 
          58.18587393735294
        ], 
        [
          -6.193148122880951, 
          -5.913629575668268, 
          59.85589154101171
        ], 
        [
          4.8008773810847405, 
          -7.417087196933096, 
          63.562341854002966
        ], 
        [
          3.8494897080501667, 
          2.7589510513461297, 
          70.51207014521269
        ], 
        [
          -7.144535795915524, 
          4.262408672610958, 
          66.80561983222142
        ], 
        [
          -8.772660229139467, 
          -3.526174196030571, 
          68.4756374358802
        ], 
        [
          2.2213652748262236, 
          -5.0296318172953995, 
          72.18208774887145
        ]
      ], 
      "cuboid_centroid": [
        -1.171829207415392, 
        -1.5773392621610691, 
        65.1839808431122
      ], 
      "location": [
        -1.171829207415392, 
        -1.5773392621610691, 
        65.1839808431122
      ], 
      "pose_transform_permuted": [
        [
          0.2771046941919104, 
          -0.25647295520195285, 
          -0.9259782283689455, 
          0.0
        ], 
        [
          0.9397405903916625, 
          -0.12851163135164792, 
          0.3168176937675252, 
          0.0
        ], 
        [
          0.20025392909220355, 
          0.9579699743325212, 
          -0.2054066507211584, 
          0.0
        ], 
        [
          -1.171829207415392, 
          -1.5773392621610691, 
          65.1839808431122, 
          1.0
        ]
      ], 
      "projected_cuboid": [
        [
          537.456755885629, 
          276.48767672012673
        ], 
        [
          439.4063222016218, 
          290.47196875713325
        ], 
        [
          425.9558927451943, 
          220.5957438235533
        ], 
        [
          522.2145012933117, 
          211.05349657936995
        ], 
        [
          510.9554051767081, 
          294.1539245389892
        ], 
        [
          424.08582552090877, 
          307.3140048665721
        ], 
        [
          412.70218636456974, 
          245.82308057036957
        ], 
        [
          498.1464701118943, 
          236.12494806404962
        ]
      ], 
      "projected_cuboid_centroid": [
        471.9295468957838, 
        260.38112921482553
      ], 
      "quaternion_xyzw": [
        0.9777127381154868, 
        -0.08406496806964428, 
        0.15186525776073145, 
        0.11810207331791826
      ], 
      "visibility": 0.8779174147217235
    }, 
    {
      "bounding_box": {
        "bottom_right": [
          318, 
          416
        ], 
        "top_left": [
          249, 
          356
        ]
      }, 
      "class": "061_foam_brick", 
      "cuboid": [
        [
          -13.605764596818515, 
          -3.1685393865673124, 
          67.46511397764954
        ], 
        [
          -11.972193941378656, 
          4.012613598533877, 
          64.9340897032062
        ], 
        [
          -15.133734042051536, 
          5.971625818407812, 
          68.4517830758231
        ], 
        [
          -16.76730469749139, 
          -1.2095271666933762, 
          70.98280735026644
        ], 
        [
          -9.621591659526056, 
          -2.871166265790913, 
          70.88029650189142
        ], 
        [
          -7.988021004086199, 
          4.309986719310276, 
          68.34927222744808
        ], 
        [
          -11.149561104759076, 
          6.268998939184211, 
          71.86696560006499
        ], 
        [
          -12.783131760198934, 
          -0.9121540459169776, 
          74.39798987450831
        ]
      ], 
      "cuboid_centroid": [
        -12.377662850788795, 
        1.5502297763084496, 
        69.66603978885726
      ], 
      "location": [
        -12.377662850788795, 
        1.5502297763084496, 
        69.66603978885726
      ], 
      "pose_transform_permuted": [
        [
          -0.7580237643615897, 
          -0.05657783835660167, 
          -0.6497683593943149, 
          0.0
        ], 
        [
          -0.20977100237983892, 
          -0.922150293843295, 
          0.3250153259852252, 
          0.0
        ], 
        [
          0.6175727481225535, 
          -0.38267190094337844, 
          -0.6871434471816917, 
          0.0
        ], 
        [
          -12.377662850788795, 
          1.5502297763084496, 
          69.66603978885726, 
          1.0
        ]
      ], 
      "projected_cuboid": [
        [
          373.1456013196129, 
          248.23886511356966
        ], 
        [
          382.44706722600336, 
          306.2431162838072
        ], 
        [
          362.70494887801544, 
          319.8124990188499
        ], 
        [
          354.5683775260796, 
          264.1989215788887
        ], 
        [
          408.59870363602954, 
          251.6832254720724
        ], 
        [
          418.7482613635141, 
          306.9167471366491
        ], 
        [
          398.1674609874376, 
          319.8083282536414
        ], 
        [
          389.19795580492604, 
          266.7477912172166
        ]
      ], 
      "projected_cuboid_centroid": [
        386.05178296455284, 
        285.15412656011836
      ], 
      "quaternion_xyzw": [
        -0.5141316601978274, 
        0.7487007517555883, 
        0.21055328425492778, 
        -0.3616395094459483
      ], 
      "visibility": 0.9832756632064591
    }
  ]
}