{
  "camera_data": {
    "location_worldframe": [
      -9.943728549150462, 
      -15.515633940000303, 
      65.59847691054279
    ], 
    "quaternion_xyzw_worldframe": [
      -0.835814478603965, 
      -0.05031102393976738, 
      -0.1765723444546988, 
      0.517406063382146
    ]
  }, 
  "objects": [
    {
      "bounding_box": {
        "bottom_right": [
          371, 
          441
        ], 
        "top_left": [
          175, 
          281
        ]
      }, 
      "class": "003_cracker_box", 
      "cuboid": [
        [
          -3.7769711125708136, 
          10.017117269556152, 
          63.370322585664105
        ], 
        [
          -14.884166778647112, 
          7.729729537754728, 
          51.51805792919206
        ], 
        [
          -18.909404677739282, 
          -11.825475009724693, 
          59.06424783591635
        ], 
        [
          -7.802209011662983, 
          -9.538087277923267, 
          70.91651249238839
        ], 
        [
          -8.884079597186691, 
          12.714387601627516, 
          67.63583231101168
        ], 
        [
          -19.991275263262988, 
          10.42699986982609, 
          55.783567654539645
        ], 
        [
          -24.016513162355157, 
          -9.12820467765333, 
          63.32975756126393
        ], 
        [
          -12.90931749627886, 
          -6.840816945851904, 
          75.18202221773598
        ]
      ], 
      "cuboid_centroid": [
        -13.896742137462986, 
        0.444456295951412, 
        63.35004007346402
      ], 
      "location": [
        -13.896742137462986, 
        0.444456295951412, 
        63.35004007346402
      ], 
      "pose_transform_permuted": [
        [
          0.7112964633311987, 
          -0.3756644006348791, 
          -0.5940821486530004, 
          0.0
        ], 
        [
          0.6771193638593065, 
          0.13944424609241632, 
          0.722540427463049, 
          0.0
        ], 
        [
          0.18859137928149525, 
          0.9162049772443689, 
          -0.35355583905989807, 
          0.0
        ], 
        [
          -13.896742137462986, 
          0.444456295951412, 
          63.35004007346402, 
          1.0
        ]
      ], 
      "projected_cuboid": [
        [
          449.5454860041117, 
          357.589798384669
        ], 
        [
          326.2307829768151, 
          353.30539546179705
        ], 
        [
          309.43204869146444, 
          166.50862013665588
        ], 
        [
          422.4324666956493, 
          201.55643518121624
        ], 
        [
          410.960866732502, 
          373.54156056762713
        ], 
        [
          288.87743930576045, 
          372.9740168952851
        ], 
        [
          277.6610821378117, 
          196.4150876355608
        ], 
        [
          389.25895103691937, 
          224.75975545427985
        ]
      ], 
      "projected_cuboid_centroid": [
        363.6307998192894, 
        277.0282443200535
      ], 
      "quaternion_xyzw": [
        0.8926654594186832, 
        -0.013764152256177878, 
        0.40156053862775837, 
        0.20422551136056497
      ], 
      "visibility": 0.891666347662979
    }, 
    {
      "bounding_box": {
        "bottom_right": [
          355, 
          314
        ], 
        "top_left": [
          198, 
          211
        ]
      }, 
      "class": "004_sugar_box", 
      "cuboid": [
        [
          -18.072707257406005, 
          7.707175861114898, 
          59.540234801810584
        ], 
        [
          -25.17114863770553, 
          7.1336519072915285, 
          53.6095145930225
        ], 
        [
          -29.212633974820267, 
          -8.79263737005815, 
          59.986871110413766
        ], 
        [
          -22.114192594520738, 
          -8.219113416234782, 
          65.91759131920185
        ], 
        [
          -20.78363202844527, 
          9.62029439522129, 
          62.59991577384347
        ], 
        [
          -27.882073408744795, 
          9.046770441397921, 
          56.66919556505539
        ], 
        [
          -31.923558745859527, 
          -6.8795188359517585, 
          63.04655208244665
        ], 
        [
          -24.82511736556, 
          -6.305994882128389, 
          68.97727229123474
        ]
      ], 
      "cuboid_centroid": [
        -24.998133001632766, 
        0.41382851258156966, 
        61.29339344212862
      ], 
      "location": [
        -24.998133001632766, 
        0.41382851258156966, 
        61.29339344212862
      ], 
      "pose_transform_permuted": [
        [
          0.6006391466073537, 
          -0.4238752384279024, 
          -0.6779104265693306, 
          0.0
        ], 
        [
          0.7659334280029733, 
          0.06188417209627183, 
          0.6399344048470379, 
          0.0
        ], 
        [
          0.2293002367263733, 
          0.9036038972928997, 
          -0.3618296831853092, 
          0.0
        ], 
        [
          -24.998133001632766, 
          0.41382851258156966, 
          61.29339344212862, 
          1.0
        ]
      ], 
      "projected_cuboid": [
        [
          318.36540399241323, 
          342.32200334966245
        ], 
        [
          229.10200124556818, 
          344.2537215227676
        ], 
        [
          219.7147083947187, 
          195.11467119839875
        ], 
        [
          301.1866987798964, 
          206.78814121878221
        ], 
        [
          303.0554636302614, 
          355.2465747230009
        ], 
        [
          217.0093036969829, 
          358.4266179268539
        ], 
        [
          209.30079519425362, 
          215.09172800657944
        ], 
        [
          288.05426269448907, 
          224.5297453408621
        ]
      ], 
      "projected_cuboid_centroid": [
        262.2733265857585, 
        276.88729880474847
      ], 
      "quaternion_xyzw": [
        0.9148015839329864, 
        -0.04575201540161672, 
        0.33902803986215807, 
        0.21472003749579432
      ], 
      "visibility": 0.6092055115801818
    }, 
    {
      "bounding_box": {
        "bottom_right": [
          231, 
          308
        ], 
        "top_left": [
          109, 
          108
        ]
      }, 
      "class": "024_bowl", 
      "cuboid": [
        [
          -30.483119826011805, 
          -9.792824713251347, 
          39.479276553069056
        ], 
        [
          -33.00326178439326, 
          -3.029461638578695, 
          53.889139349623505
        ], 
        [
          -34.24585418161114, 
          -7.9607454220432565, 
          55.98635247656929
        ], 
        [
          -31.725712223229685, 
          -14.72410849671591, 
          41.57648968001484
        ], 
        [
          -14.95811744147359, 
          -12.091307723897856, 
          43.273253345706394
        ], 
        [
          -17.47825939985504, 
          -5.327944649225203, 
          57.68311614226085
        ], 
        [
          -18.72085179707292, 
          -10.259228432689765, 
          59.78032926920663
        ], 
        [
          -16.20070983869147, 
          -17.022591507362417, 
          45.37046647265218
        ]
      ], 
      "cuboid_centroid": [
        -24.601985811542367, 
        -10.026026572970556, 
        49.629802911137844
      ], 
      "location": [
        -24.601985811542367, 
        -10.026026572970556, 
        49.629802911137844
      ], 
      "pose_transform_permuted": [
        [
          -0.9615207817154944, 
          0.14235354858029864, 
          -0.2349750061938952, 
          0.0
        ], 
        [
          0.15637127367938314, 
          -0.41965719225670406, 
          -0.8941117747547602, 
          0.0
        ], 
        [
          0.22588893531360046, 
          0.8964503936045856, 
          -0.3812491058469144, 
          0.0
        ], 
        [
          -24.601985811542367, 
          -10.026026572970556, 
          49.629802911137844, 
          1.0
        ]
      ], 
      "projected_cuboid": [
        [
          66.37352841912232, 
          140.99674824532391
        ], 
        [
          152.2548885969981, 
          243.30514956404818
        ], 
        [
          152.65640187934395, 
          197.45338860824592
        ], 
        [
          71.24625292361125, 
          84.41404137405839
        ], 
        [
          295.71002080893305, 
          124.26767074290171
        ], 
        [
          318.652006004684, 
          224.02607132294403
        ], 
        [
          313.1904945216404, 
          181.76065483113862
        ], 
        [
          289.57438360050867, 
          73.18982060094713
        ]
      ], 
      "projected_cuboid_centroid": [
        215.02210888249434, 
        165.5473168055338
      ], 
      "quaternion_xyzw": [
        0.7562732101360367, 
        -0.21339712914536038, 
        -0.6134134237468453, 
        0.07897131422374586
      ], 
      "visibility": 0.7559691773388322
    }, 
    {
      "bounding_box": {
        "bottom_right": [
          189, 
          503
        ], 
        "top_left": [
          69, 
          382
        ]
      }, 
      "class": "025_mug", 
      "cuboid": [
        [
          3.7160060030467763, 
          -12.327676432782898, 
          47.08629012975468
        ], 
        [
          -7.495844635855617, 
          -10.222179314520668, 
          44.49244305265208
        ], 
        [
          -9.370898983429266, 
          -17.910576068542593, 
          46.356443485773696
        ], 
        [
          1.8409516554731282, 
          -20.01607318680482, 
          48.9502905628763
        ], 
        [
          2.14837673056876, 
          -9.80636572577183, 
          55.90895276475205
        ], 
        [
          -9.063473908333632, 
          -7.700868607509599, 
          53.31510568764946
        ], 
        [
          -10.938528255907281, 
          -15.389265361531523, 
          55.179106120771074
        ], 
        [
          0.27332238299511213, 
          -17.494762479793753, 
          57.77295319787367
        ]
      ], 
      "cuboid_centroid": [
        -3.6112611264302528, 
        -13.85847089715721, 
        51.13269812526288
      ], 
      "location": [
        -3.6112611264302528, 
        -13.85847089715721, 
        51.13269812526288
      ], 
      "pose_transform_permuted": [
        [
          0.16840294298381278, 
          -0.2708523952006108, 
          -0.9477766068620752, 
          0.0
        ], 
        [
          0.9583597140996913, 
          -0.179972395395115, 
          0.22171527460463242, 
          0.0
        ], 
        [
          0.23062549317530828, 
          0.9456474130567035, 
          -0.22926589819859922, 
          0.0
        ], 
        [
          -3.6112611264302528, 
          -13.85847089715721, 
          51.13269812526288, 
          1.0
        ]
      ], 
      "projected_cuboid": [
        [
          524.0369027230138, 
          133.65797012265807
        ], 
        [
          390.9975143992158, 
          150.7558780069005
        ], 
        [
          372.88872331654926, 
          67.22972591901622
        ], 
        [
          501.82161829114114, 
          55.20889868738522
        ], 
        [
          502.2613750102257, 
          179.7428992139845
        ], 
        [
          390.1781347991739, 
          196.25350985852236
        ], 
        [
          374.9924624423953, 
          124.545516879018
        ], 
        [
          484.1412171016709, 
          111.78710066783101
        ]
      ], 
      "projected_cuboid_centroid": [
        443.6173347314323, 
        128.74118455308383
      ], 
      "quaternion_xyzw": [
        0.9812980859578897, 
        -0.10460580083818775, 
        0.09938830595181311, 
        0.12741242965714691
      ], 
      "visibility": 0.8746375410786777
    }, 
    {
      "bounding_box": {
        "bottom_right": [
          222, 
          383
        ], 
        "top_left": [
          131, 
          314
        ]
      }, 
      "class": "061_foam_brick", 
      "cuboid": [
        [
          -15.821895865907804, 
          -14.766776538086908, 
          54.6561301941235
        ], 
        [
          -14.060957243132036, 
          -7.684798699612363, 
          51.93799108404556
        ], 
        [
          -16.742009170544904, 
          -5.5570541068446815, 
          55.74481323119068
        ], 
        [
          -18.502947793320672, 
          -12.639031945319227, 
          58.462952341268625
        ], 
        [
          -11.50496352665335, 
          -14.689795314915862, 
          57.65341321557463
        ], 
        [
          -9.744024903877582, 
          -7.607817476441317, 
          54.93527410549669
        ], 
        [
          -12.425076831290449, 
          -5.480072883673634, 
          58.742096252641815
        ], 
        [
          -14.186015454066217, 
          -12.56205072214818, 
          61.460235362719764
        ]
      ], 
      "cuboid_centroid": [
        -14.123486348599126, 
        -10.123424710880272, 
        56.69911322338266
      ], 
      "location": [
        -14.123486348599126, 
        -10.123424710880272, 
        56.69911322338266
      ], 
      "pose_transform_permuted": [
        [
          -0.8213341523572869, 
          -0.014646351323527762, 
          -0.5702593222074022, 
          0.0
        ], 
        [
          -0.22612665010781696, 
          -0.9094149586132211, 
          0.34904322248330555, 
          0.0
        ], 
        [
          0.5237145675676349, 
          -0.4156319494978956, 
          -0.7436216338125357, 
          0.0
        ], 
        [
          -14.123486348599126, 
          -10.123424710880272, 
          56.69911322338266, 
          1.0
        ]
      ], 
      "projected_cuboid": [
        [
          325.9247545744765, 
          129.19636767295083
        ], 
        [
          336.0104435190189, 
          194.37602269794377
        ], 
        [
          320.08876732208256, 
          220.1213086419701
        ], 
        [
          311.4000614504347, 
          157.9888498076162
        ], 
        [
          374.28416140426026, 
          137.39943126449984
        ], 
        [
          386.2123446743377, 
          199.42874603547935
        ], 
        [
          367.8496943114124, 
          223.53294775376486
        ], 
        [
          357.47244409262146, 
          164.27967174716358
        ]
      ], 
      "projected_cuboid_centroid": [
        347.6425443722688, 
        178.06422602392504
      ], 
      "quaternion_xyzw": [
        -0.48179371171739294, 
        0.7436427102132304, 
        0.24506906088005054, 
        -0.3934609183841125
      ], 
      "visibility": 0.9942340957140111
    }
  ]
}