{
  "camera_data": {
    "location_worldframe": [
      -26.357632466615456, 
      -15.496141354101061, 
      74.38745335844985
    ], 
    "quaternion_xyzw_worldframe": [
      0.9235813398165807, 
      0.005094907328622705, 
      0.039000131952762106, 
      -0.3813820235454321
    ]
  }, 
  "objects": [
    {
      "bounding_box": {
        "bottom_right": [
          364, 
          315
        ], 
        "top_left": [
          177, 
          126
        ]
      }, 
      "class": "003_cracker_box", 
      "cuboid": [
        [
          -22.527734669990334, 
          7.84209785079655, 
          62.743825421502805
        ], 
        [
          -36.4102706720706, 
          2.402658890515583, 
          55.90527194613401
        ], 
        [
          -37.00835070561159, 
          -13.686697213859023, 
          69.91699801990873
        ], 
        [
          -23.125814703531315, 
          -8.247258253578053, 
          76.75555149527753
        ], 
        [
          -26.347155139643952, 
          11.915083778126734, 
          67.25771625388941
        ], 
        [
          -40.229691141724224, 
          6.475644817845764, 
          60.419162778520615
        ], 
        [
          -40.82777117526521, 
          -9.61371128652884, 
          74.43088885229534
        ], 
        [
          -26.94523517318494, 
          -4.174272326247872, 
          81.26944232766414
        ]
      ], 
      "cuboid_centroid": [
        -31.67775292262777, 
        -0.8858067178661444, 
        68.58735713689907
      ], 
      "location": [
        -31.67775292262777, 
        -0.8858067178661444, 
        68.58735713689907
      ], 
      "pose_transform_permuted": [
        [
          0.5319527243689912, 
          -0.567268248566606, 
          -0.6286756184270099, 
          0.0
        ], 
        [
          0.8463102865102569, 
          0.33160030301672694, 
          0.4168934372068495, 
          0.0
        ], 
        [
          0.02802138439361712, 
          0.7538222424467123, 
          -0.6564806385639068, 
          0.0
        ], 
        [
          -31.67775292262777, 
          -0.8858067178661444, 
          68.58735713689907, 
          1.0
        ]
      ], 
      "projected_cuboid": [
        [
          288.51663405783364, 
          339.9440031404026
        ], 
        [
          131.35937656228086, 
          296.2071855945416
        ], 
        [
          196.9487012863032, 
          168.88583629503736
        ], 
        [
          319.57320518376605, 
          215.9822225486467
        ], 
        [
          270.93645206851426, 
          367.7671101437758
        ], 
        [
          123.53053275967623, 
          330.44701548884063
        ], 
        [
          186.61595836854002, 
          204.4014208597797
        ], 
        [
          303.2990826385708, 
          245.89344762280297
        ]
      ], 
      "projected_cuboid_centroid": [
        233.22540996922376, 
        266.39870778556354
      ], 
      "quaternion_xyzw": [
        0.8984442313499458, 
        0.08447350097817738, 
        0.2640247798547731, 
        0.34051887819786675
      ], 
      "visibility": 0.8618873509184295
    }, 
    {
      "bounding_box": {
        "bottom_right": [
          332, 
          208
        ], 
        "top_left": [
          202, 
          83
        ]
      }, 
      "class": "004_sugar_box", 
      "cuboid": [
        [
          -37.168681499905155, 
          4.9861036733433695, 
          64.10733596719453
        ], 
        [
          -45.62124629438294, 
          2.863469333683784, 
          60.95474753777058
        ], 
        [
          -46.772411485620324, 
          -10.14025582793751, 
          72.7965768157728
        ], 
        [
          -38.31984669114254, 
          -8.017621488277923, 
          75.94916524519674
        ], 
        [
          -38.99595107917347, 
          7.852068102651484, 
          67.07686742266304
        ], 
        [
          -47.44851587365127, 
          5.729433762991897, 
          63.924278993239106
        ], 
        [
          -48.59968106488864, 
          -7.274291398629396, 
          75.76610827124131
        ], 
        [
          -40.147116270410855, 
          -5.15165705896981, 
          78.91869670066527
        ]
      ], 
      "cuboid_centroid": [
        -42.8841812823969, 
        -1.1440938626430128, 
        69.93672211921792
      ], 
      "location": [
        -42.8841812823969, 
        -1.1440938626430128, 
        69.93672211921792
      ], 
      "pose_transform_permuted": [
        [
          0.4048543332659697, 
          -0.6349901138594619, 
          -0.6579366783950017, 
          0.0
        ], 
        [
          0.9120455578346183, 
          0.22903571489431548, 
          0.3401694447365151, 
          0.0
        ], 
        [
          0.06531322740127453, 
          0.7377874739521317, 
          -0.6718654232846272, 
          0.0
        ], 
        [
          -42.8841812823969, 
          -1.1440938626430128, 
          69.93672211921792, 
          1.0
        ]
      ], 
      "projected_cuboid": [
        [
          169.80779881723697, 
          314.76676317869476
        ], 
        [
          79.1105410270106, 
          298.34027592887406
        ], 
        [
          136.07917492719963, 
          198.99737154040204
        ], 
        [
          210.27039088324105, 
          216.98632011402663
        ], 
        [
          168.96142976014985, 
          335.7173259481772
        ], 
        [
          82.43567160724633, 
          321.0871432351715
        ], 
        [
          136.65181123581047, 
          222.08261389054948
        ], 
        [
          208.02850483672233, 
          238.47248617630322
        ]
      ], 
      "projected_cuboid_centroid": [
        151.84799123108766, 
        264.5619703516669
      ], 
      "quaternion_xyzw": [
        0.9093637487526308, 
        0.045010175443440034, 
        0.20482006760892704, 
        0.35927744506439124
      ], 
      "visibility": 0.46188850967007966
    }, 
    {
      "bounding_box": {
        "bottom_right": [
          213, 
          160
        ], 
        "top_left": [
          94, 
          0
        ]
      }, 
      "class": "024_bowl", 
      "cuboid": [
        [
          -53.78795881060069, 
          -17.40273028189568, 
          54.874148101234844
        ], 
        [
          -52.463835509468126, 
          -6.416562672464053, 
          66.59119380937464
        ], 
        [
          -52.776857872306216, 
          -10.405231255902594, 
          70.36643399383597
        ], 
        [
          -54.100981173438775, 
          -21.39139886533422, 
          58.64938828569617
        ], 
        [
          -37.72249895868723, 
          -18.981137386443255, 
          54.5385682268541
        ], 
        [
          -36.398375657554666, 
          -7.99496977701163, 
          66.2556139349939
        ], 
        [
          -36.711398020392764, 
          -11.983638360450172, 
          70.03085411945523
        ], 
        [
          -38.03552132152532, 
          -22.969805969881797, 
          58.31380841131543
        ]
      ], 
      "cuboid_centroid": [
        -45.249678415496724, 
        -14.693184321172925, 
        62.45250111034504
      ], 
      "location": [
        -45.249678415496724, 
        -14.693184321172925, 
        62.45250111034504
      ], 
      "pose_transform_permuted": [
        [
          -0.9949933103272879, 
          0.09775658614657391, 
          0.02078370200212761, 
          0.0
        ], 
        [
          -0.08215999357418292, 
          -0.6816762905869529, 
          -0.7270262514569212, 
          0.0
        ], 
        [
          0.05690384749589426, 
          0.7250938454549036, 
          -0.686295029432375, 
          0.0
        ], 
        [
          -45.249678415496724, 
          -14.693184321172925, 
          62.45250111034504, 
          1.0
        ]
      ], 
      "projected_cuboid": [
        [
          -45.52234582193624, 
          104.15011981129864
        ], 
        [
          57.919982673817664, 
          221.89718251100822
        ], 
        [
          78.25852361164303, 
          194.4234596466222
        ], 
        [
          -14.462000829589122, 
          78.76699975992365
        ], 
        [
          109.64372924532185, 
          87.67454617143188
        ], 
        [
          186.16947325265488, 
          208.93162983545983
        ], 
        [
          199.6917696728469, 
          182.02520616378553
        ], 
        [
          130.8373550014639, 
          63.211983101182355
        ]
      ], 
      "projected_cuboid_centroid": [
        91.9625718749935, 
        147.81257299516008
      ], 
      "quaternion_xyzw": [
        -0.6368182923484911, 
        0.2899493257955395, 
        0.6760246927870338, 
        -0.2310464579760102
      ], 
      "visibility": 0.8254113915660167
    }, 
    {
      "bounding_box": {
        "bottom_right": [
          161, 
          310
        ], 
        "top_left": [
          54, 
          193
        ]
      }, 
      "class": "025_mug", 
      "cuboid": [
        [
          -18.75456839316878, 
          -18.710526583772648, 
          52.67770720712011
        ], 
        [
          -30.340028149600773, 
          -17.10203166778116, 
          52.915660691617596
        ], 
        [
          -31.16992490358036, 
          -23.75900624027438, 
          57.50888744273712
        ], 
        [
          -19.58446514714836, 
          -25.367501156265877, 
          57.27093395823963
        ], 
        [
          -17.876478681484564, 
          -13.521870309726285, 
          60.3562910424527
        ], 
        [
          -29.46193843791656, 
          -11.913375393734794, 
          60.59424452695019
        ], 
        [
          -30.291835191896144, 
          -18.57034996622802, 
          65.18747127806972
        ], 
        [
          -18.70637543546415, 
          -20.17884488221951, 
          64.94951779357223
        ]
      ], 
      "cuboid_centroid": [
        -24.52320179253246, 
        -18.640438275000335, 
        58.932589242594915
      ], 
      "location": [
        -24.52320179253246, 
        -18.640438275000335, 
        58.932589242594915
      ], 
      "pose_transform_permuted": [
        [
          -0.09432899362594836, 
          -0.5573926195570488, 
          -0.8248736729532303, 
          0.0
        ], 
        [
          0.9902948458270401, 
          -0.13748994501155104, 
          -0.020339642465515607, 
          0.0
        ], 
        [
          0.10207456035543612, 
          0.8187858905654654, 
          -0.5649517231933742, 
          0.0
        ], 
        [
          -24.52320179253246, 
          -18.640438275000335, 
          58.932589242594915, 
          1.0
        ]
      ], 
      "projected_cuboid": [
        [
          290.13976037555096, 
          83.85744610134104
        ], 
        [
          173.26159287856242, 
          100.92077175590632
        ], 
        [
          190.12796237474825, 
          52.952884035500304
        ], 
        [
          297.70237878283217, 
          37.05876574677582
        ], 
        [
          322.3207644406971, 
          153.8047389390591
        ], 
        [
          220.12718015025368, 
          168.4310942218858
        ], 
        [
          231.70458698877306, 
          121.35655651177699
        ], 
        [
          326.7134617277136, 
          107.59211087784335
        ]
      ], 
      "projected_cuboid_centroid": [
        257.8211295828419, 
        104.59700815223644
      ], 
      "quaternion_xyzw": [
        0.9531466845855542, 
        -0.062835162006348, 
        -0.030076335034760156, 
        0.2943787039553201
      ], 
      "visibility": 0.7466881695657183
    }, 
    {
      "bounding_box": {
        "bottom_right": [
          206, 
          239
        ], 
        "top_left": [
          130, 
          177
        ]
      }, 
      "class": "061_foam_brick", 
      "cuboid": [
        [
          -35.148131833010886, 
          -17.961425744658037, 
          65.93183515241853
        ], 
        [
          -34.63726265472949, 
          -12.141219769574567, 
          60.78326153928565
        ], 
        [
          -36.23463820190974, 
          -8.840773967389307, 
          64.3557508979317
        ], 
        [
          -36.74550738019114, 
          -14.660979942472775, 
          69.50432451106458
        ], 
        [
          -30.166470691461445, 
          -17.11775437332637, 
          67.37987083190737
        ], 
        [
          -29.65560151318004, 
          -11.2975483982429, 
          62.231297218774486
        ], 
        [
          -31.252977060360298, 
          -7.99710259605764, 
          65.80378657742052
        ], 
        [
          -31.763846238641698, 
          -13.81730857114111, 
          70.9523601905534
        ]
      ], 
      "cuboid_centroid": [
        -33.200554446685594, 
        -12.979264170357837, 
        65.86781086491953
      ], 
      "location": [
        -33.200554446685594, 
        -12.979264170357837, 
        65.86781086491953
      ], 
      "pose_transform_permuted": [
        [
          -0.9478046236259474, 
          -0.16051586084401667, 
          -0.2755014588904752, 
          0.0
        ], 
        [
          -0.0656020229404761, 
          -0.7473875937870852, 
          0.661141557640471, 
          0.0
        ], 
        [
          0.3120300787093981, 
          -0.6447064782291668, 
          -0.6978472518466713, 
          0.0
        ], 
        [
          -33.200554446685594, 
          -12.979264170357837, 
          65.86781086491953, 
          1.0
        ]
      ], 
      "projected_cuboid": [
        [
          194.91612733442787, 
          127.99739095320926
        ], 
        [
          175.15294188034338, 
          166.75802827792535
        ], 
        [
          178.81628646088282, 
          200.02256667487242
        ], 
        [
          197.2922891446836, 
          160.7901175528708
        ], 
        [
          240.83610766643534, 
          137.79750372692962
        ], 
        [
          225.3318756421512, 
          176.46702638705048
        ], 
        [
          226.19039134959843, 
          208.47246503916773
        ], 
        [
          240.85167981178074, 
          169.42753698531084
        ]
      ], 
      "projected_cuboid_centroid": [
        210.5380598656351, 
        168.1958166365416
      ], 
      "quaternion_xyzw": [
        0.3758965807641884, 
        -0.7045938475568952, 
        -0.19065288210569623, 
        0.5708771751432647
      ], 
      "visibility": 0.7252948885976409
    }
  ]
}