{
  "camera_data": {
    "location_worldframe": [
      -27.20015375882326, 
      -10.996728133984668, 
      82.7972867704343
    ], 
    "quaternion_xyzw_worldframe": [
      0.9387363772961712, 
      0.016982641030567805, 
      0.0036639693129708667, 
      -0.3442057008883141
    ]
  }, 
  "objects": [
    {
      "bounding_box": {
        "bottom_right": [
          384, 
          323
        ], 
        "top_left": [
          212, 
          145
        ]
      }, 
      "class": "003_cracker_box", 
      "cuboid": [
        [
          -25.14440582964344, 
          11.442934210248271, 
          69.11698354807466
        ], 
        [
          -39.104593385888776, 
          4.858354184105661, 
          63.56409376338301
        ], 
        [
          -38.15559352384672, 
          -10.02783294741875, 
          78.83021242837039
        ], 
        [
          -24.195405967601385, 
          -3.44325292127614, 
          84.38310221306205
        ], 
        [
          -28.901041888438726, 
          15.705408493606102, 
          73.50690336971319
        ], 
        [
          -42.861229444684064, 
          9.12082846746349, 
          67.95401358502153
        ], 
        [
          -41.912229582642006, 
          -5.76535866406092, 
          83.22013225000893
        ], 
        [
          -27.952042026396672, 
          0.8192213620816902, 
          88.77302203470056
        ]
      ], 
      "cuboid_centroid": [
        -33.52831770614272, 
        2.8387877730936752, 
        76.16855789904179
      ], 
      "location": [
        -33.52831770614272, 
        2.8387877730936752, 
        76.16855789904179
      ], 
      "pose_transform_permuted": [
        [
          0.5232083772437266, 
          -0.5936593851345706, 
          -0.6114094605284004, 
          0.0
        ], 
        [
          0.8510440980446587, 
          0.4014106505929049, 
          0.33851651772688024, 
          0.0
        ], 
        [
          -0.04446276155772666, 
          0.6974510907814422, 
          -0.7152517310726596, 
          0.0
        ], 
        [
          -33.52831770614272, 
          2.8387877730936752, 
          76.16855789904179, 
          1.0
        ]
      ], 
      "projected_cuboid": [
        [
          285.96126425711003, 
          361.58236036812343
        ], 
        [
          150.76495917828376, 
          314.0494164393617
        ], 
        [
          221.30720504894688, 
          205.44402528382236
        ], 
        [
          327.402468704986, 
          251.52442963785793
        ], 
        [
          270.16195630373534, 
          387.23504522862953
        ], 
        [
          142.40846581459522, 
          344.86901236106985
        ], 
        [
          210.76249617569633, 
          236.3390038161217
        ], 
        [
          312.270824686488, 
          278.2081547669889
        ]
      ], 
      "projected_cuboid_centroid": [
        244.88098390660258, 
        293.1632581612289
      ], 
      "quaternion_xyzw": [
        0.8888060318982007, 
        0.12541358748387174, 
        0.2423827202011227, 
        0.3681655696608577
      ], 
      "visibility": 0.8703262165384199
    }, 
    {
      "bounding_box": {
        "bottom_right": [
          349, 
          228
        ], 
        "top_left": [
          233, 
          111
        ]
      }, 
      "class": "004_sugar_box", 
      "cuboid": [
        [
          -39.53378777013045, 
          8.07581729634013, 
          71.56323242534192
        ], 
        [
          -48.035178679917244, 
          5.3343750296520005, 
          69.09319419739978
        ], 
        [
          -47.9056973972139, 
          -6.683172509165443, 
          81.98554680565333
        ], 
        [
          -39.40430648742711, 
          -3.9417302424773126, 
          84.45558503359545
        ], 
        [
          -41.33055780871674, 
          11.095413021068232, 
          74.39597709757028
        ], 
        [
          -49.83194871850353, 
          8.353970754380102, 
          71.92593886962815
        ], 
        [
          -49.70246743580019, 
          -3.6635767844373404, 
          84.8182914778817
        ], 
        [
          -41.201076526013395, 
          -0.9221345177492103, 
          87.28832970582383
        ]
      ], 
      "cuboid_centroid": [
        -44.618127602965316, 
        2.206120255951395, 
        78.1907619516118
      ], 
      "location": [
        -44.618127602965316, 
        2.206120255951395, 
        78.1907619516118
      ], 
      "pose_transform_permuted": [
        [
          0.39809678016716116, 
          -0.6690290407817565, 
          -0.627629862938432, 
          0.0
        ], 
        [
          0.9173139754873277, 
          0.2958061017203299, 
          0.2665211623042628, 
          0.0
        ], 
        [
          -0.007346330939977629, 
          0.6818350842981309, 
          -0.731468571191921, 
          0.0
        ], 
        [
          -44.618127602965316, 
          2.206120255951395, 
          78.1907619516118, 
          1.0
        ]
      ], 
      "projected_cuboid": [
        [
          184.51925650105528, 
          333.47095626834954
        ], 
        [
          107.73114808574572, 
          314.4617463408085
        ], 
        [
          167.37143649498014, 
          229.8122072521659
        ], 
        [
          230.69337613465606, 
          248.39532529189125
        ], 
        [
          182.8431889357857, 
          352.8257990862009
        ], 
        [
          109.02175926528753, 
          335.22992406118607
        ], 
        [
          166.47402053539216, 
          250.25073745365503
        ], 
        [
          227.76638490400993, 
          267.6524240249516
        ]
      ], 
      "projected_cuboid_centroid": [
        174.73187212392162, 
        288.333931125622
      ], 
      "quaternion_xyzw": [
        0.8981618621835223, 
        0.08438134745649109, 
        0.1849939221577697, 
        0.3898232798954874
      ], 
      "visibility": 0.42285027059530966
    }, 
    {
      "bounding_box": {
        "bottom_right": [
          241, 
          187
        ], 
        "top_left": [
          139, 
          53
        ]
      }, 
      "class": "024_bowl", 
      "cuboid": [
        [
          -55.53975540490315, 
          -15.70108042004269, 
          65.14582486725119
        ], 
        [
          -54.10268442546644, 
          -3.7363886585131705, 
          75.84719484671703
        ], 
        [
          -54.015129188937074, 
          -7.408995887533046, 
          79.94160429625003
        ], 
        [
          -55.452200168373764, 
          -19.373687649062564, 
          69.2402343167842
        ], 
        [
          -39.45982708356131, 
          -16.602055535319764, 
          63.99381266446038
        ], 
        [
          -38.0227561041246, 
          -4.637363773790243, 
          74.69518264392622
        ], 
        [
          -37.93520086759523, 
          -8.309971002810117, 
          78.78959209345922
        ], 
        [
          -39.37227184703194, 
          -20.274662764339638, 
          68.08822211399338
        ]
      ], 
      "cuboid_centroid": [
        -46.73747813624919, 
        -12.005525711426404, 
        71.96770848035521
      ], 
      "location": [
        -46.73747813624919, 
        -12.005525711426404, 
        71.96770848035521
      ], 
      "pose_transform_permuted": [
        [
          -0.9958893961178353, 
          0.055800719103927275, 
          0.07134837382546147, 
          0.0
        ], 
        [
          -0.08916823858863826, 
          -0.7423923417128419, 
          -0.6640049971145721, 
          0.0
        ], 
        [
          -0.015916529994093303, 
          0.6676375444158362, 
          -0.7443163127053842, 
          0.0
        ], 
        [
          -46.73747813624919, 
          -12.005525711426404, 
          71.96770848035521, 
          1.0
        ]
      ], 
      "projected_cuboid": [
        [
          23.12897728857687, 
          144.7488506926947
        ], 
        [
          98.0037534708457, 
          247.014119522839
        ], 
        [
          118.23942632669699, 
          223.858425633167
        ], 
        [
          50.919757638041204, 
          124.06163827624482
        ], 
        [
          150.00133707513095, 
          134.92626580471267
        ], 
        [
          207.85424703529463, 
          240.1760102698883
        ], 
        [
          222.67726137250995, 
          217.03710003376875
        ], 
        [
          170.6329927540924, 
          114.47970827291061
        ]
      ], 
      "projected_cuboid_centroid": [
        132.36079971220238, 
        184.319109347576
      ], 
      "quaternion_xyzw": [
        -0.6138242688265382, 
        0.29588102353283, 
        0.6760462552277647, 
        -0.2804204837476156
      ], 
      "visibility": 0.7993112684140042
    }, 
    {
      "bounding_box": {
        "bottom_right": [
          201, 
          319
        ], 
        "top_left": [
          109, 
          216
        ]
      }, 
      "class": "025_mug", 
      "cuboid": [
        [
          -20.657979180462092, 
          -15.662078642522182, 
          61.00532545983479
        ], 
        [
          -32.27671939644801, 
          -14.544496033369118, 
          61.794401139735335
        ], 
        [
          -32.531247329413894, 
          -20.828555144724294, 
          66.94683626156086
        ], 
        [
          -20.912507113427978, 
          -21.94613775387736, 
          66.15776058166033
        ], 
        [
          -19.60914615905265, 
          -9.822917174815435, 
          68.17874778362469
        ], 
        [
          -31.227886375038562, 
          -8.70533456566237, 
          68.96782346352522
        ], 
        [
          -31.482414308004447, 
          -14.98939367701755, 
          74.12025858535077
        ], 
        [
          -19.863674092018535, 
          -16.106976286170614, 
          73.33118290545022
        ]
      ], 
      "cuboid_centroid": [
        -26.07019674423327, 
        -15.325736159769864, 
        67.56279202259277
      ], 
      "location": [
        -26.07019674423327, 
        -15.325736159769864, 
        67.56279202259277
      ], 
      "pose_transform_permuted": [
        [
          -0.11267113379731283, 
          -0.627273292852654, 
          -0.7706065788644173, 
          0.0
        ], 
        [
          0.9931395726014527, 
          -0.09552804298644925, 
          -0.06744812853362524, 
          0.0
        ], 
        [
          0.03130609528364288, 
          0.7729185202415332, 
          -0.6337325062403928, 
          0.0
        ], 
        [
          -26.07019674423327, 
          -15.325736159769864, 
          67.56279202259277, 
          1.0
        ]
      ], 
      "projected_cuboid": [
        [
          299.49628035039035, 
          136.3658152369419
        ], 
        [
          200.70983684371538, 
          147.75955788480428
        ], 
        [
          220.2832379196775, 
          107.35970755674418
        ], 
        [
          311.60954610764196, 
          96.37146503746133
        ], 
        [
          326.9287367054468, 
          196.4480177166864
        ], 
        [
          238.10332372704715, 
          205.96927075783213
        ], 
        [
          253.183003467803, 
          165.43293168822723
        ], 
        [
          335.92958134038963, 
          156.14447728177652
        ]
      ], 
      "projected_cuboid_centroid": [
        274.09211960075453, 
        152.30996232739466
      ], 
      "quaternion_xyzw": [
        0.9403011049269543, 
        -0.03372168170533658, 
        -0.04788871920578312, 
        0.3352664887039047
      ], 
      "visibility": 0.7459721570467699
    }, 
    {
      "bounding_box": {
        "bottom_right": [
          239, 
          259
        ], 
        "top_left": [
          172, 
          201
        ]
      }, 
      "class": "061_foam_brick", 
      "cuboid": [
        [
          -36.31409205586792, 
          -14.532634603869083, 
          75.09771196613308
        ], 
        [
          -36.36806516961889, 
          -9.14148043534831, 
          69.47844699695814
        ], 
        [
          -37.923287356732956, 
          -5.629450195370826, 
          72.86284633682966
        ], 
        [
          -37.86931424298199, 
          -11.020604363891596, 
          78.48211130600458
        ], 
        [
          -31.306638087957104, 
          -13.35636110339234, 
          76.17813866537348
        ], 
        [
          -31.36061120170807, 
          -7.965206934871567, 
          70.55887369619856
        ], 
        [
          -32.91583338882214, 
          -4.453176694894082, 
          73.94327303607008
        ], 
        [
          -32.86186027507118, 
          -9.844330863414854, 
          79.562538005245
        ]
      ], 
      "cuboid_centroid": [
        -34.614962722345034, 
        -9.492905649381582, 
        74.52049250110157
      ], 
      "location": [
        -34.614962722345034, 
        -9.492905649381582, 
        74.52049250110157
      ], 
      "pose_transform_permuted": [
        [
          -0.9527119345383238, 
          -0.223796326310098, 
          -0.2055606336786046, 
          0.0
        ], 
        [
          0.006930826123374589, 
          -0.6922919496312446, 
          0.72158424326271, 
          0.0
        ], 
        [
          0.30379587462224183, 
          -0.6860372153213514, 
          -0.6611058960231964, 
          0.0
        ], 
        [
          -34.614962722345034, 
          -9.492905649381582, 
          74.52049250110157, 
          1.0
        ]
      ], 
      "projected_cuboid": [
        [
          221.5570287770549, 
          170.08048247858204
        ], 
        [
          200.10780600156642, 
          203.1161362803065
        ], 
        [
          201.7043610374953, 
          232.08177886731966
        ], 
        [
          222.11431257232036, 
          198.39680798005742
        ], 
        [
          260.594248897382, 
          179.7792790598895
        ], 
        [
          242.58236552054925, 
          213.08148339584199
        ], 
        [
          242.21152276744542, 
          241.16777665003139
        ], 
        [
          259.48341538989916, 
          207.29851693151429
        ]
      ], 
      "projected_cuboid_centroid": [
        231.80428317174866, 
        205.3488162341407
      ], 
      "quaternion_xyzw": [
        0.36278583368174266, 
        -0.686415876651426, 
        -0.1592728200892021, 
        0.6097965660296313
      ], 
      "visibility": 0.6954177897574124
    }
  ]
}