{
  "camera_data": {
    "location_worldframe": [
      -8.091356075822475, 
      -7.492305227058031, 
      75.08241209676208
    ], 
    "quaternion_xyzw_worldframe": [
      -0.8221937942493642, 
      -0.0919397963784925, 
      -0.20110703283679532, 
      0.5244981240645148
    ]
  }, 
  "objects": [
    {
      "bounding_box": {
        "bottom_right": [
          420, 
          452
        ], 
        "top_left": [
          247, 
          318
        ]
      }, 
      "class": "003_cracker_box", 
      "cuboid": [
        [
          -3.0015291489794387, 
          18.33612715245084, 
          73.70395463547476
        ], 
        [
          -12.901522205377846, 
          15.712531781746716, 
          60.89048514039891
        ], 
        [
          -16.617869729442777, 
          -4.128441527471491, 
          67.82432147893925
        ], 
        [
          -6.717876673044368, 
          -1.5048461567673699, 
          80.6377909740151
        ], 
        [
          -8.588285838645774, 
          20.720431416268276, 
          77.5322232262287
        ], 
        [
          -18.488278895044182, 
          18.096836045564153, 
          64.71875373115284
        ], 
        [
          -22.204626419109115, 
          -1.7441372636540526, 
          71.65259006969319
        ], 
        [
          -12.304633362710703, 
          0.8794581070500684, 
          84.46605956476904
        ]
      ], 
      "cuboid_centroid": [
        -12.603077784044276, 
        8.295994944398393, 
        72.67827235258397
      ], 
      "location": [
        -12.603077784044276, 
        8.295994944398393, 
        72.67827235258397
      ], 
      "pose_transform_permuted": [
        [
          0.7780998361052958, 
          -0.3320758106994468, 
          -0.533185053242509, 
          0.0
        ], 
        [
          0.6035256064709353, 
          0.1599402118989548, 
          0.7811376133253389, 
          0.0
        ], 
        [
          0.17411917581588057, 
          0.9295938815235514, 
          -0.3248657077119341, 
          0.0
        ], 
        [
          -12.603077784044276, 
          8.295994944398393, 
          72.67827235258397, 
          1.0
        ]
      ], 
      "projected_cuboid": [
        [
          459.6970993888036, 
          405.9661986357826
        ], 
        [
          367.65522086289735, 
          410.90739748161354
        ], 
        [
          349.83766188013726, 
          240.82357091347524
        ], 
        [
          436.7963335307433, 
          263.3338357140519
        ], 
        [
          422.0286612034422, 
          415.81581659900155
        ], 
        [
          327.97341957166014, 
          422.41482769834704
        ], 
        [
          314.94783694112346, 
          260.3046966057014
        ], 
        [
          403.2580402810153, 
          278.8394456639438
        ]
      ], 
      "projected_cuboid_centroid": [
        388.3438652699597, 
        334.1632817800813
      ], 
      "quaternion_xyzw": [
        0.8755433371965369, 
        -0.00404861853050198, 
        0.44521995176825435, 
        0.18758109693201697
      ], 
      "visibility": 0.8281922148777673
    }, 
    {
      "bounding_box": {
        "bottom_right": [
          405, 
          345
        ], 
        "top_left": [
          263, 
          255
        ]
      }, 
      "class": "004_sugar_box", 
      "cuboid": [
        [
          -16.776780883048225, 
          15.41193554988024, 
          68.59859513672961
        ], 
        [
          -23.29114541712657, 
          14.596430239607688, 
          62.05732249632203
        ], 
        [
          -27.097528121867747, 
          -1.6024425521153864, 
          67.86756698416167
        ], 
        [
          -20.583163587789404, 
          -0.7869372418428361, 
          74.40883962456924
        ], 
        [
          -19.835512683779736, 
          17.145741131365185, 
          71.42858829347067
        ], 
        [
          -26.34987721785808, 
          16.330235821092636, 
          64.8873156530631
        ], 
        [
          -30.15625992259926, 
          0.13136302936955918, 
          70.69756014090271
        ], 
        [
          -23.641895388520915, 
          0.9468683396421096, 
          77.2388327813103
        ]
      ], 
      "cuboid_centroid": [
        -23.466520402823743, 
        7.771649289624899, 
        69.64807763881616
      ], 
      "location": [
        -23.466520402823743, 
        7.771649289624899, 
        69.64807763881616
      ], 
      "pose_transform_permuted": [
        [
          0.6777001258459268, 
          -0.38414622049691033, 
          -0.6270202304130922, 
          0.0
        ], 
        [
          0.7029105815672844, 
          0.0879943559983764, 
          0.7058140102240337, 
          0.0
        ], 
        [
          0.2159613069118373, 
          0.9190693658421802, 
          -0.32965366081245506, 
          0.0
        ], 
        [
          -23.466520402823743, 
          7.771649289624899, 
          69.64807763881616, 
          1.0
        ]
      ], 
      "projected_cuboid": [
        [
          350.07908282625027, 
          393.1065871666953
        ], 
        [
          279.7652878465685, 
          398.72801334698363
        ], 
        [
          266.8836758914987, 
          260.69416091641796
        ], 
        [
          332.8394106529336, 
          267.64622637438674
        ], 
        [
          332.2615544118459, 
          401.3047409419985
        ], 
        [
          263.2182426791665, 
          407.507448085928
        ], 
        [
          252.21218698643867, 
          274.27749829078465
        ], 
        [
          316.99384821790807, 
          279.82448541062115
        ]
      ], 
      "projected_cuboid_centroid": [
        300.40828796010106, 
        332.79676281763545
      ], 
      "quaternion_xyzw": [
        0.9012491578113342, 
        -0.0354971069332886, 
        0.3837768180082956, 
        0.19800292602847314
      ], 
      "visibility": 0.6302098167663533
    }, 
    {
      "bounding_box": {
        "bottom_right": [
          299, 
          360
        ], 
        "top_left": [
          208, 
          198
        ]
      }, 
      "class": "024_bowl", 
      "cuboid": [
        [
          -26.51360250149014, 
          -2.3373234546228847, 
          47.3177935937923
        ], 
        [
          -30.61419723127774, 
          4.0702572978552425, 
          61.525762243401374
        ], 
        [
          -31.794794737570143, 
          -0.9469352298504279, 
          63.44770583950103
        ], 
        [
          -27.694200007782538, 
          -7.354515982328555, 
          49.23973718989196
        ], 
        [
          -11.288053673698908, 
          -3.956927346629467, 
          52.44249155745426
        ], 
        [
          -15.38864840348651, 
          2.45065340584866, 
          66.65046020706333
        ], 
        [
          -16.56924590977891, 
          -2.5665391218570104, 
          68.572403803163
        ], 
        [
          -12.46865117999131, 
          -8.974119874335138, 
          54.36443515355393
        ]
      ], 
      "cuboid_centroid": [
        -21.541424205634524, 
        -2.4519312882399475, 
        57.94509869847765
      ], 
      "location": [
        -21.541424205634524, 
        -2.4519312882399475, 
        57.94509869847765
      ], 
      "pose_transform_permuted": [
        [
          -0.9429745160957475, 
          0.10030805546687499, 
          -0.31739148697223285, 
          0.0
        ], 
        [
          0.25443615134747016, 
          -0.3975813981971117, 
          -0.8815845261205059, 
          0.0
        ], 
        [
          0.21461898071111507, 
          0.9120676103316486, 
          -0.3493871309914518, 
          0.0
        ], 
        [
          -21.541424205634524, 
          -2.4519312882399475, 
          57.94509869847765, 
          1.0
        ]
      ], 
      "projected_cuboid": [
        [
          180.27149312658628, 
          246.94252918726463
        ], 
        [
          214.01462712002657, 
          308.56847267578
        ], 
        [
          212.11377828645658, 
          265.32692627614506
        ], 
        [
          179.13923490328037, 
          193.62917947453064
        ], 
        [
          365.845339605742, 
          233.0461378694202
        ], 
        [
          357.43496476670725, 
          292.89602678081866
        ], 
        [
          351.6563967837964, 
          253.32536557467068
        ], 
        [
          358.2592300099006, 
          185.2496834240413
        ]
      ], 
      "projected_cuboid_centroid": [
        281.68019794649166, 
        250.7192630612051
      ], 
      "quaternion_xyzw": [
        0.7880189161199355, 
        -0.19422134620910886, 
        -0.5788436688804556, 
        0.07902065243274799
      ], 
      "visibility": 0.7585702532224152
    }, 
    {
      "bounding_box": {
        "bottom_right": [
          272, 
          525
        ], 
        "top_left": [
          183, 
          426
        ]
      }, 
      "class": "025_mug", 
      "cuboid": [
        [
          6.968800647044709, 
          -3.3679592241147285, 
          57.88848010657929
        ], 
        [
          -4.061265772037973, 
          -1.7555863481310072, 
          54.33817814436862
        ], 
        [
          -5.71662934218599, 
          -9.552753763963661, 
          55.939965523639536
        ], 
        [
          5.313437076896691, 
          -11.165126639947381, 
          59.490267485850204
        ], 
        [
          4.512364178802758, 
          -1.0636830489607778, 
          66.5666179468251
        ], 
        [
          -6.517702240279924, 
          0.5486898270229433, 
          63.01631598461444
        ], 
        [
          -8.173065810427941, 
          -7.24847758880971, 
          64.61810336388535
        ], 
        [
          2.857000608654741, 
          -8.860850464793431, 
          68.16840532609602
        ]
      ], 
      "cuboid_centroid": [
        -0.6021325816916161, 
        -5.3082184064622195, 
        61.25329173523232
      ], 
      "location": [
        -0.6021325816916161, 
        -5.3082184064622195, 
        61.25329173523232
      ], 
      "pose_transform_permuted": [
        [
          0.26388326485559976, 
          -0.24753740961343945, 
          -0.9322509968230247, 
          0.0
        ], 
        [
          0.9428212736989805, 
          -0.1378214229048211, 
          0.30347054050702876, 
          0.0
        ], 
        [
          0.2036042529881019, 
          0.9590258452901826, 
          -0.19701455842299498, 
          0.0
        ], 
        [
          -0.6021325816916161, 
          -5.3082184064622195, 
          61.25329173523232, 
          1.0
        ]
      ], 
      "projected_cuboid": [
        [
          546.3348239908261, 
          242.25793598263908
        ], 
        [
          441.40428617701275, 
          256.055769277365
        ], 
        [
          426.64176953408173, 
          182.21264103059175
        ], 
        [
          529.6280394154434, 
          173.19317923017257
        ], 
        [
          518.0505823821281, 
          264.7645036976576
        ], 
        [
          425.9767795211199, 
          277.93020883502135
        ], 
        [
          413.5792771976391, 
          213.46189372470016
        ], 
        [
          504.135254050195, 
          203.9631460989437
        ]
      ], 
      "projected_cuboid_centroid": [
        476.3107371067162, 
        227.06899198973997
      ], 
      "quaternion_xyzw": [
        0.9790426594143111, 
        -0.08718355441661059, 
        0.1448746384815434, 
        0.11351700657823659
      ], 
      "visibility": 0.8542372881355932
    }, 
    {
      "bounding_box": {
        "bottom_right": [
          292, 
          418
        ], 
        "top_left": [
          217, 
          355
        ]
      }, 
      "class": "061_foam_brick", 
      "cuboid": [
        [
          -13.016169392662169, 
          -6.850004883780733, 
          63.672695905245725
        ], 
        [
          -11.369917910958934, 
          0.3495931953440643, 
          61.20303222012263
        ], 
        [
          -14.474911900543951, 
          2.287371326876607, 
          64.7823142133618
        ], 
        [
          -16.121163382247186, 
          -4.91222675224819, 
          67.2519778984849
        ], 
        [
          -8.987743797848252, 
          -6.615868438892113, 
          67.04055929222035
        ], 
        [
          -7.341492316145015, 
          0.583729640232684, 
          64.57089560709726
        ], 
        [
          -10.446486305730032, 
          2.5215077717652274, 
          68.15017760033642
        ], 
        [
          -12.092737787433268, 
          -4.67809030735957, 
          70.61984128545951
        ]
      ], 
      "cuboid_centroid": [
        -11.7313278491961, 
        -2.164248556007753, 
        65.91143675279108
      ], 
      "location": [
        -11.7313278491961, 
        -2.164248556007753, 
        65.91143675279108
      ], 
      "pose_transform_permuted": [
        [
          -0.7664432196827782, 
          -0.04454650742377739, 
          -0.6407654794686125, 
          0.0
        ], 
        [
          -0.21139937984084148, 
          -0.9245188757282831, 
          0.3171358551551987, 
          0.0
        ], 
        [
          0.606527075409833, 
          -0.37852405088508567, 
          -0.6991741197272255, 
          0.0
        ], 
        [
          -11.7313278491961, 
          -2.164248556007753, 
          65.91143675279108, 
          1.0
        ]
      ], 
      "projected_cuboid": [
        [
          371.6656856478408, 
          215.91121096882057
        ], 
        [
          381.69462119788005, 
          276.3328722962091
        ], 
        [
          361.4394786287298, 
          292.11729352668635
        ], 
        [
          352.68812302727326, 
          234.33174727021407
        ], 
        [
          409.50212737362995, 
          220.65612684829722
        ], 
        [
          420.45512012767966, 
          278.10781923340727
        ], 
        [
          399.1652303972622, 
          293.0189806712691
        ], 
        [
          389.51191087375867, 
          237.95769657731736
        ]
      ], 
      "projected_cuboid_centroid": [
        385.8824813280086, 
        255.77461297063766
      ], 
      "quaternion_xyzw": [
        -0.5125529359838565, 
        0.7467745493444691, 
        0.21915168804229168, 
        -0.362753081163907
      ], 
      "visibility": 0.981719876416066
    }
  ]
}