{
  "camera_data": {
    "location_worldframe": [
      -14.077456810579243, 
      -18.739456400137218, 
      62.12550045728472
    ], 
    "quaternion_xyzw_worldframe": [
      0.855543908510206, 
      0.02241589599703033, 
      0.15116046704454975, 
      -0.4946650684079196
    ]
  }, 
  "objects": [
    {
      "bounding_box": {
        "bottom_right": [
          351, 
          405
        ], 
        "top_left": [
          139, 
          234
        ]
      }, 
      "class": "003_cracker_box", 
      "cuboid": [
        [
          -7.377906143256824, 
          6.437978976186201, 
          58.10960279880316
        ], 
        [
          -19.42198480562333, 
          3.9212273859439457, 
          47.26136578558774
        ], 
        [
          -23.40965514028977, 
          -15.092821958222386, 
          56.09980229811781
        ], 
        [
          -11.365576477923263, 
          -12.57607036798013, 
          66.94803931133323
        ], 
        [
          -12.064168087816288, 
          9.50817701482726, 
          62.600174090458715
        ], 
        [
          -24.1082467501828, 
          6.991425424585004, 
          51.75193707724329
        ], 
        [
          -28.095917084849237, 
          -12.022623919581326, 
          60.590373589773364
        ], 
        [
          -16.051838422482728, 
          -9.505872329339072, 
          71.43861060298879
        ]
      ], 
      "cuboid_centroid": [
        -17.73691161405303, 
        -2.7923224716975628, 
        59.34998819428826
      ], 
      "location": [
        -17.73691161405303, 
        -2.7923224716975628, 
        59.34998819428826
      ], 
      "pose_transform_permuted": [
        [
          0.6526827376880059, 
          -0.4276041938780199, 
          -0.6254277714508834, 
          0.0
        ], 
        [
          0.734233836092488, 
          0.1534267772901074, 
          0.6613326681385708, 
          0.0
        ], 
        [
          0.18683125504315082, 
          0.890850648194354, 
          -0.41410047663664995, 
          0.0
        ], 
        [
          -17.73691161405303, 
          -2.7923224716975628, 
          59.34998819428826, 
          1.0
        ]
      ], 
      "projected_cuboid": [
        [
          413.31967157447724, 
          332.3731621996779
        ], 
        [
          260.603781884616, 
          317.5355206383993
        ], 
        [
          257.1957398886084, 
          129.80479319985824
        ], 
        [
          390.3024153033555, 
          173.1034007966133
        ], 
        [
          377.96036845864813, 
          354.29105715318025
        ], 
        [
          231.08378655638214, 
          345.3353211534842
        ], 
        [
          232.23446641241193, 
          167.46278418142944
        ], 
        [
          360.76463618456415, 
          202.3211618974114
        ]
      ], 
      "projected_cuboid_centroid": [
        320.88477338686295, 
        248.19470052714436
      ], 
      "quaternion_xyzw": [
        0.9014588531566105, 
        -0.009264005127930132, 
        0.36441358394377343, 
        0.2334284775082353
      ], 
      "visibility": 0.9292474381567782
    }, 
    {
      "bounding_box": {
        "bottom_right": [
          330, 
          265
        ], 
        "top_left": [
          169, 
          162
        ]
      }, 
      "class": "004_sugar_box", 
      "cuboid": [
        [
          -21.98509494464311, 
          4.402066612900191, 
          55.490703989013845
        ], 
        [
          -29.53097802194371, 
          3.762458503281903, 
          50.148345708263285
        ], 
        [
          -33.521550033160466, 
          -11.686919843679705, 
          57.63453390664415
        ], 
        [
          -25.97566695585987, 
          -11.047311734061417, 
          62.97689218739472
        ], 
        [
          -24.39794852691069, 
          6.552003090126663, 
          58.641369636908806
        ], 
        [
          -31.943831604211287, 
          5.912394980508375, 
          53.29901135615823
        ], 
        [
          -35.934403615428046, 
          -9.536983366453233, 
          60.785199554539105
        ], 
        [
          -28.388520538127448, 
          -8.897375256834945, 
          66.12755783528966
        ]
      ], 
      "cuboid_centroid": [
        -28.95974928003558, 
        -2.5674583767765213, 
        58.13795177177647
      ], 
      "location": [
        -28.95974928003558, 
        -2.5674583767765213, 
        58.13795177177647
      ], 
      "pose_transform_permuted": [
        [
          0.5345977623665692, 
          -0.4763452032076421, 
          -0.6980692146876702, 
          0.0
        ], 
        [
          0.8142131184948369, 
          0.0690147605272983, 
          0.5764491910789984, 
          0.0
        ], 
        [
          0.22641158646362927, 
          0.876545580829119, 
          -0.4247410501042187, 
          0.0
        ], 
        [
          -28.95974928003558, 
          -2.5674583767765213, 
          58.13795177177647, 
          1.0
        ]
      ], 
      "projected_cuboid": [
        [
          268.5380855257672, 
          315.59467542276866
        ], 
        [
          164.9226670361067, 
          313.299678441588
        ], 
        [
          168.82133885710192, 
          165.14194485118156
        ], 
        [
          259.7890607537915, 
          179.73241861270262
        ], 
        [
          257.8584540606324, 
          332.8743610251026
        ], 
        [
          159.29759690672125, 
          332.44703545253094
        ], 
        [
          163.68696255544813, 
          189.61057687607823
        ], 
        [
          250.73530186521228, 
          201.5290949633268
        ]
      ], 
      "projected_cuboid_centroid": [
        213.72538367579955, 
        249.73435236803627
      ], 
      "quaternion_xyzw": [
        0.9204384707860197, 
        -0.04275050178039603, 
        0.3017711092890259, 
        0.2447437503732235
      ], 
      "visibility": 0.6151644255092531
    }, 
    {
      "bounding_box": {
        "bottom_right": [
          196, 
          242
        ], 
        "top_left": [
          54, 
          16
        ]
      }, 
      "class": "024_bowl", 
      "cuboid": [
        [
          -36.389345087171634, 
          -13.668240866130462, 
          37.360771685684306
        ], 
        [
          -37.60374413954117, 
          -6.116096623400261, 
          51.546281675260474
        ], 
        [
          -38.82119489619173, 
          -10.893868353136272, 
          53.98566878520927
        ], 
        [
          -37.60679584382219, 
          -18.446012595866474, 
          39.8001587956331
        ], 
        [
          -20.690522778176696, 
          -16.274053586902248, 
          40.09201705512404
        ], 
        [
          -21.904921830546236, 
          -8.721909344172046, 
          54.277527044700214
        ], 
        [
          -23.122372587196796, 
          -13.499681073908057, 
          56.71691415464901
        ], 
        [
          -21.907973534827253, 
          -21.051825316638258, 
          42.53140416507284
        ]
      ], 
      "cuboid_centroid": [
        -29.755858837184213, 
        -13.583960970019259, 
        47.03884292016666
      ], 
      "location": [
        -29.755858837184213, 
        -13.583960970019259, 
        47.03884292016666
      ], 
      "pose_transform_permuted": [
        [
          -0.9722860921162064, 
          0.16138761349086855, 
          -0.16915612105129046, 
          0.0
        ], 
        [
          0.07535175784145973, 
          -0.468599957362955, 
          -0.8801909977667569, 
          0.0
        ], 
        [
          0.22131847565804086, 
          0.8685436766053617, 
          -0.4434523809398737, 
          0.0
        ], 
        [
          -29.755858837184213, 
          -13.583960970019259, 
          47.03884292016666, 
          1.0
        ]
      ], 
      "projected_cuboid": [
        [
          -42.184414465587764, 
          78.17438712078606
        ], 
        [
          89.29058496570457, 
          210.00682127217388
        ], 
        [
          94.88996304030286, 
          165.6669889427516
        ], 
        [
          -26.5310952858663, 
          26.111148573778216
        ], 
        [
          204.07003310835248, 
          56.80275609692387
        ], 
        [
          264.5702549625656, 
          187.586888252376
        ], 
        [
          262.36123496640766, 
          146.34655207795512
        ], 
        [
          204.59422609680132, 
          9.308639220188354
        ]
      ], 
      "projected_cuboid_centroid": [
        141.41799136230964, 
        119.27355737646708
      ], 
      "quaternion_xyzw": [
        0.7268169569255577, 
        -0.23730817864354634, 
        -0.6371883155144584, 
        0.0970205650684533
      ], 
      "visibility": 0.7612096505217282
    }, 
    {
      "bounding_box": {
        "bottom_right": [
          139, 
          447
        ], 
        "top_left": [
          2, 
          314
        ]
      }, 
      "class": "025_mug", 
      "cuboid": [
        [
          -1.7931483377711777, 
          -16.92200652669377, 
          42.49786901204809
        ], 
        [
          -13.10667857158927, 
          -14.5880529899762, 
          40.647612256787404
        ], 
        [
          -15.050584754322117, 
          -22.10931211736114, 
          43.04629125985328
        ], 
        [
          -3.737054520504024, 
          -24.44326565407871, 
          44.89654801511396
        ], 
        [
          -2.607195823799277, 
          -13.914122779601055, 
          51.26963093555378
        ], 
        [
          -13.920726057617369, 
          -11.580169242883482, 
          49.4193741802931
        ], 
        [
          -15.864632240350215, 
          -19.10142837026842, 
          51.818053183358955
        ], 
        [
          -4.5511020065321235, 
          -21.43538190698599, 
          53.66830993861965
        ]
      ], 
      "cuboid_centroid": [
        -8.828890289060697, 
        -18.011717448481097, 
        47.15796109770353
      ], 
      "location": [
        -8.828890289060697, 
        -18.011717448481097, 
        47.15796109770353
      ], 
      "pose_transform_permuted": [
        [
          0.08744924248512245, 
          -0.32312261837448913, 
          -0.9423085859685768, 
          0.0
        ], 
        [
          0.9670510203480165, 
          -0.19950025345589056, 
          0.1581551156978528, 
          0.0
        ], 
        [
          0.23909404154573968, 
          0.9250900368818824, 
          -0.2950295967512452, 
          0.0
        ], 
        [
          -8.828890289060697, 
          -18.011717448481097, 
          47.15796109770353, 
          1.0
        ]
      ], 
      "projected_cuboid": [
        [
          458.90673952082136, 
          60.92677319706012
        ], 
        [
          308.1969666681748, 
          81.88306043538212
        ], 
        [
          293.57476354976535, 
          -0.6355300418525145
        ], 
        [
          436.8351989279751, 
          -17.071470068234063
        ], 
        [
          454.25035184395733, 
          128.5483367188438
        ], 
        [
          330.11668919180255, 
          148.31670305121673
        ], 
        [
          316.9550601731873, 
          76.69162191313765
        ], 
        [
          435.9943865682818, 
          60.27612351482124
        ]
      ], 
      "projected_cuboid_centroid": [
        380.9171541074157, 
        69.58812909733773
      ], 
      "quaternion_xyzw": [
        0.9790875399062228, 
        -0.11199057212076233, 
        0.0627125635278995, 
        0.15783885248527965
      ], 
      "visibility": 0.8528147845334048
    }, 
    {
      "bounding_box": {
        "bottom_right": [
          184, 
          326
        ], 
        "top_left": [
          85, 
          260
        ]
      }, 
      "class": "061_foam_brick", 
      "cuboid": [
        [
          -20.75409903714269, 
          -18.34861458285846, 
          51.63178315977436
        ], 
        [
          -19.006654605103325, 
          -11.471669352859164, 
          48.42278683380452
        ], 
        [
          -21.32632951641973, 
          -9.071141599923468, 
          52.303998778896634
        ], 
        [
          -23.073773948459095, 
          -15.948086829922763, 
          55.51299510486647
        ], 
        [
          -16.219518592203606, 
          -18.261384773204323, 
          54.288003705923494
        ], 
        [
          -14.472074160164242, 
          -11.384439543205026, 
          51.07900737995366
        ], 
        [
          -16.79174907148065, 
          -8.98391179026933, 
          54.96021932504577
        ], 
        [
          -18.53919350352001, 
          -15.860857020268625, 
          58.169215651015605
        ]
      ], 
      "cuboid_centroid": [
        -18.77292405431167, 
        -13.666263186563896, 
        53.296001242410064
      ], 
      "location": [
        -18.77292405431167, 
        -13.666263186563896, 
        53.296001242410064
      ], 
      "pose_transform_permuted": [
        [
          -0.8627436089682119, 
          -0.016596234580999306, 
          -0.505369201853691, 
          0.0
        ], 
        [
          -0.22439382642635958, 
          -0.8830861948972584, 
          0.41207545794868466, 
          0.0
        ], 
        [
          0.45312346644842966, 
          -0.46891719671986204, 
          -0.7581528782337665, 
          0.0
        ], 
        [
          -18.77292405431167, 
          -13.666263186563896, 
          53.296001242410064, 
          1.0
        ]
      ], 
      "projected_cuboid": [
        [
          265.43549183966064, 
          83.75840468384354
        ], 
        [
          270.51679854580914, 
          146.93970175859826
        ], 
        [
          262.3302269083047, 
          180.79232014144944
        ], 
        [
          258.07741642191047, 
          120.07147537412119
        ], 
        [
          320.9303860430688, 
          93.88863327803278
        ], 
        [
          329.23387440028944, 
          154.42078738734622
        ], 
        [
          317.2964429785104, 
          186.10900939669497
        ], 
        [
          310.2055336630144, 
          127.86759842523199
        ]
      ], 
      "projected_cuboid_centroid": [
        292.1756710515352, 
        136.53170429298137
      ], 
      "quaternion_xyzw": [
        -0.450571353591046, 
        0.7413973673071534, 
        0.2500537081572708, 
        -0.42987037826530083
      ], 
      "visibility": 0.9827892122072391
    }
  ]
}