{
  "camera_data": {
    "location_worldframe": [
      -10.34278463320644, 
      -16.07270094157154, 
      64.99928133503349
    ], 
    "quaternion_xyzw_worldframe": [
      -0.8382884063797289, 
      -0.044581537321887514, 
      -0.17258190420233782, 
      0.5152672121707083
    ]
  }, 
  "objects": [
    {
      "bounding_box": {
        "bottom_right": [
          368, 
          438
        ], 
        "top_left": [
          169, 
          276
        ]
      }, 
      "class": "003_cracker_box", 
      "cuboid": [
        [
          -4.042292334702758, 
          9.409310676849007, 
          62.57331679882885
        ], 
        [
          -15.320278996934347, 
          7.141001271094042, 
          50.87973287543538
        ], 
        [
          -19.370515414830695, 
          -12.353764498110491, 
          58.567596018688704
        ], 
        [
          -8.092528752599105, 
          -10.085455092355526, 
          70.26117994208217
        ], 
        [
          -9.074909098536319, 
          12.158674594506554, 
          66.89375243561442
        ], 
        [
          -20.352895760767908, 
          9.890365188751588, 
          55.20016851222096
        ], 
        [
          -24.403132178664254, 
          -9.604400580452944, 
          62.88803165547427
        ], 
        [
          -13.125145516432665, 
          -7.3360911746979784, 
          74.58161557886774
        ]
      ], 
      "cuboid_centroid": [
        -14.222712256683506, 
        -0.0975449518019686, 
        62.73067422715156
      ], 
      "location": [
        -14.222712256683506, 
        -0.0975449518019686, 
        62.73067422715156
      ], 
      "pose_transform_permuted": [
        [
          0.7009215716092929, 
          -0.38291977484541545, 
          -0.6017319972255881, 
          0.0
        ], 
        [
          0.6875311630340322, 
          0.1382811888829773, 
          0.71286689687359, 
          0.0
        ], 
        [
          0.18976261568030225, 
          0.913373285592176, 
          -0.3601935463840561, 
          0.0
        ], 
        [
          -14.222712256683506, 
          -0.0975449518019686, 
          62.73067422715156, 
          1.0
        ]
      ], 
      "projected_cuboid": [
        [
          446.85703168757897, 
          353.4831761784829
        ], 
        [
          319.67218620695434, 
          348.1382639259949
        ], 
        [
          303.7382033644305, 
          160.79251431305033
        ], 
        [
          419.65858785820126, 
          196.73259012032352
        ], 
        [
          408.6431772923939, 
          370.22323282296253
        ], 
        [
          283.3176925389816, 
          368.84286655872233
        ], 
        [
          272.92260334761704, 
          191.8367807011088
        ], 
        [
          386.95939019926, 
          220.82748279700965
        ]
      ], 
      "projected_cuboid_centroid": [
        359.6716636823527, 
        272.457236628048
      ], 
      "quaternion_xyzw": [
        0.8947955696487043, 
        -0.014383572221288632, 
        0.39500320420616714, 
        0.20762097691241843
      ], 
      "visibility": 0.8980201718341427
    }, 
    {
      "bounding_box": {
        "bottom_right": [
          352, 
          309
        ], 
        "top_left": [
          194, 
          206
        ]
      }, 
      "class": "004_sugar_box", 
      "cuboid": [
        [
          -18.402150728507422, 
          7.174980686174878, 
          58.94345192428292
        ], 
        [
          -25.582219152278295, 
          6.6209718588405515, 
          53.10993380917526
        ], 
        [
          -29.640907816329154, 
          -9.250111580690637, 
          59.61275833468673
        ], 
        [
          -22.46083939255828, 
          -8.69610275335631, 
          65.44627644979441
        ], 
        [
          -21.05988436741687, 
          9.119293125058626, 
          62.03001705967321
        ], 
        [
          -28.239952791187743, 
          8.565284297724299, 
          56.19649894456554
        ], 
        [
          -32.2986414552386, 
          -7.30579914180689, 
          62.699323470077026
        ], 
        [
          -25.11857303146773, 
          -6.751790314472564, 
          68.53284158518468
        ]
      ], 
      "cuboid_centroid": [
        -25.350396091873012, 
        -0.06540922781600594, 
        60.82138769717997
      ], 
      "location": [
        -25.350396091873012, 
        -0.06540922781600594, 
        60.82138769717997
      ], 
      "pose_transform_permuted": [
        [
          0.5888539888077579, 
          -0.4307866365400819, 
          -0.683866947793655, 
          0.0
        ], 
        [
          0.7747411194205948, 
          0.05977845804879816, 
          0.6294461400529766, 
          0.0
        ], 
        [
          0.23027629543001588, 
          0.9004717043923819, 
          -0.36894831447152127, 
          0.0
        ], 
        [
          -25.350396091873012, 
          -0.06540922781600594, 
          60.82138769717997, 
          1.0
        ]
      ], 
      "projected_cuboid": [
        [
          313.7070967755292, 
          338.2056695200376
        ], 
        [
          222.56460625076946, 
          339.7730443407163
        ], 
        [
          214.20776981642754, 
          190.53133942471956
        ], 
        [
          297.0391096465691, 
          202.4222788177957
        ], 
        [
          299.0201721536486, 
          351.69208804912336
        ], 
        [
          211.3590514018064, 
          354.5733429817035
        ], 
        [
          204.57578341148906, 
          211.1435109533994
        ], 
        [
          284.4964609395027, 
          220.74440033057346
        ]
      ], 
      "projected_cuboid_centroid": [
        257.45665777376047, 
        272.7129893756708
      ], 
      "quaternion_xyzw": [
        0.9163896239600589, 
        -0.046513467886190554, 
        0.33236412138649296, 
        0.2181754709191415
      ], 
      "visibility": 0.6071196476279875
    }, 
    {
      "bounding_box": {
        "bottom_right": [
          226, 
          301
        ], 
        "top_left": [
          102, 
          97
        ]
      }, 
      "class": "024_bowl", 
      "cuboid": [
        [
          -31.1898773347255, 
          -10.333821855790235, 
          39.12858380296611
        ], 
        [
          -33.47504353418639, 
          -3.4898315785926117, 
          53.53955718828016
        ], 
        [
          -34.72133638171249, 
          -8.403519793483246, 
          55.675516172804016
        ], 
        [
          -32.4361701822516, 
          -15.247510070680873, 
          41.26454278748996
        ], 
        [
          -15.630967505205085, 
          -12.715893391243158, 
          42.72706170480971
        ], 
        [
          -17.91613370466597, 
          -5.871903114045533, 
          57.138035090123765
        ], 
        [
          -19.16242655219207, 
          -10.78559132893617, 
          59.273994074647604
        ], 
        [
          -16.877260352731184, 
          -17.629581606133794, 
          44.86302068933355
        ]
      ], 
      "cuboid_centroid": [
        -25.176151943458784, 
        -10.559706592363202, 
        49.20128893880686
      ], 
      "location": [
        -25.176151943458784, 
        -10.559706592363202, 
        49.20128893880686
      ], 
      "pose_transform_permuted": [
        [
          -0.9636207951130916, 
          0.14753049488430384, 
          -0.22286703727739884, 
          0.0
        ], 
        [
          0.14179135742348034, 
          -0.4246599970828785, 
          -0.8941806852295439, 
          0.0
        ], 
        [
          0.22656163440799046, 
          0.8932517226161739, 
          -0.3882926549107233, 
          0.0
        ], 
        [
          -25.176151943458784, 
          -10.559706592363202, 
          49.20128893880686, 
          1.0
        ]
      ], 
      "projected_cuboid": [
        [
          52.93872981838537, 
          132.43734209826758
        ], 
        [
          145.3657879026102, 
          238.52353991838953
        ], 
        [
          146.2272936445424, 
          192.78864624172346
        ], 
        [
          58.8853650024884, 
          76.22157212996218
        ], 
        [
          284.86526605331426, 
          114.56663793497076
        ], 
        [
          312.9764291075168, 
          218.47889686698952
        ], 
        [
          307.74572577875074, 
          176.2428485590813
        ], 
        [
          279.29273921532723, 
          63.71079008935479
        ]
      ], 
      "projected_cuboid_centroid": [
        206.42483449663933, 
        158.82412368873148
      ], 
      "quaternion_xyzw": [
        0.7513171962155951, 
        -0.2166933070250121, 
        -0.6181814717207429, 
        0.08011335333436559
      ], 
      "visibility": 0.7502346928131846
    }, 
    {
      "bounding_box": {
        "bottom_right": [
          181, 
          498
        ], 
        "top_left": [
          59, 
          374
        ]
      }, 
      "class": "025_mug", 
      "cuboid": [
        [
          3.0902354762395103, 
          -13.056201084106656, 
          46.2935127545134
        ], 
        [
          -8.141300188463205, 
          -10.889689309328041, 
          43.838805263646755
        ], 
        [
          -10.040789245316317, 
          -18.557358361464395, 
          45.76249019057551
        ], 
        [
          1.1907464193863988, 
          -20.723870136243004, 
          48.21719768144216
        ], 
        [
          1.6560660534596365, 
          -10.485356986252182, 
          55.12458085975908
        ], 
        [
          -9.57546961124308, 
          -8.318845211473569, 
          52.669873368892425
        ], 
        [
          -11.47495866809619, 
          -15.98651426360992, 
          54.59355829582119
        ], 
        [
          -0.24342300339347533, 
          -18.153026038388532, 
          57.048265786687836
        ]
      ], 
      "cuboid_centroid": [
        -4.1923615959283405, 
        -14.521357673858287, 
        50.44353552516729
      ], 
      "location": [
        -4.1923615959283405, 
        -14.521357673858287, 
        50.44353552516729
      ], 
      "pose_transform_permuted": [
        [
          0.1540659872673522, 
          -0.2761735313521517, 
          -0.9486795664787575, 
          0.0
        ], 
        [
          0.9600423386998251, 
          -0.18518776890107674, 
          0.20982198612089534, 
          0.0
        ], 
        [
          0.2336308817313594, 
          0.9430979741692725, 
          -0.23660689385400677, 
          0.0
        ], 
        [
          -4.1923615959283405, 
          -14.521357673858287, 
          50.44353552516729, 
          1.0
        ]
      ], 
      "projected_cuboid": [
        [
          517.4944842537656, 
          122.87393574710731
        ], 
        [
          381.72896655679193, 
          140.80837101528127
        ], 
        [
          363.60578095081695, 
          57.01765521569854
        ], 
        [
          494.87740495540805, 
          44.06446962784602
        ], 
        [
          497.75270641097836, 
          171.8427513785904
        ], 
        [
          383.83068613641717, 
          189.05236810646687
        ], 
        [
          368.56505451600754, 
          117.11571143026293
        ], 
        [
          479.3024483965721, 
          103.58174246164839
        ]
      ], 
      "projected_cuboid_centroid": [
        436.90350842599884, 
        119.757957142027
      ], 
      "quaternion_xyzw": [
        0.9813026902220149, 
        -0.10669965924012713, 
        0.0927053336891188, 
        0.13063767946313903
      ], 
      "visibility": 0.8771635957565606
    }, 
    {
      "bounding_box": {
        "bottom_right": [
          216, 
          377
        ], 
        "top_left": [
          124, 
          308
        ]
      }, 
      "class": "061_foam_brick", 
      "cuboid": [
        [
          -16.36074426880944, 
          -15.334730369475965, 
          54.132454529820976
        ], 
        [
          -14.590589714024668, 
          -8.276548627377013, 
          51.358969626808324
        ], 
        [
          -17.2071582175205, 
          -6.114458172672201, 
          55.19122294329445
        ], 
        [
          -18.977312772305275, 
          -13.172639914771153, 
          57.96470784630709
        ], 
        [
          -12.004005041662728, 
          -15.272325465932207, 
          57.07192138211848
        ], 
        [
          -10.233850486877955, 
          -8.214143723833255, 
          54.29843647910584
        ], 
        [
          -12.850418990373791, 
          -6.052053269128444, 
          58.13068979559196
        ], 
        [
          -14.620573545158564, 
          -13.110235011227397, 
          60.904174698604606
        ]
      ], 
      "cuboid_centroid": [
        -14.605581629591615, 
        -10.693391819302205, 
        56.13157216270647
      ], 
      "location": [
        -14.605581629591615, 
        -10.693391819302205, 
        56.13157216270647
      ], 
      "pose_transform_permuted": [
        [
          -0.8289077611043298, 
          -0.011873078966047085, 
          -0.5592592901122633, 
          0.0
        ], 
        [
          -0.2273100916008162, 
          -0.9063592407764609, 
          0.35615031786528834, 
          0.0
        ], 
        [
          0.5111184264311308, 
          -0.4223410430623377, 
          -0.7485893383608805, 
          0.0
        ], 
        [
          -14.605581629591615, 
          -10.693391819302205, 
          56.13157216270647, 
          1.0
        ]
      ], 
      "projected_cuboid": [
        [
          319.06574387359314, 
          122.20689306739432
        ], 
        [
          328.82347952192407, 
          187.3415609672473
        ], 
        [
          313.9365237301142, 
          214.2017757663024
        ], 
        [
          305.53621512426463, 
          152.08819006192772
        ], 
        [
          368.48852422171603, 
          130.5713453911786
        ], 
        [
          380.24246458047895, 
          192.60716688042103
        ], 
        [
          362.71850476414465, 
          217.76202006893837
        ], 
        [
          352.50216860700965, 
          158.4841437931147
        ]
      ], 
      "projected_cuboid_centroid": [
        341.66946762726116, 
        171.68604741928024
      ], 
      "quaternion_xyzw": [
        -0.47686689847616537, 
        0.7431201828734396, 
        0.24784559630252406, 
        -0.39867645445563304
      ], 
      "visibility": 0.9945106946810525
    }
  ]
}