{
  "camera_data": {
    "location_worldframe": [
      -16.9195691402518, 
      -19.664001113173047, 
      62.35942818831629
    ], 
    "quaternion_xyzw_worldframe": [
      0.8705786246214174, 
      0.016395818318451817, 
      0.13379450183509092, 
      -0.4732089895073017
    ]
  }, 
  "objects": [
    {
      "bounding_box": {
        "bottom_right": [
          344, 
          375
        ], 
        "top_left": [
          129, 
          197
        ]
      }, 
      "class": "003_cracker_box", 
      "cuboid": [
        [
          -10.400683881645895, 
          5.26987560207418, 
          56.81683573510617
        ], 
        [
          -22.859411837181508, 
          2.223708342766147, 
          46.590444463233595
        ], 
        [
          -26.483683993527436, 
          -16.314500371978742, 
          56.52789967730565
        ], 
        [
          -14.024956037991823, 
          -13.268333112670705, 
          66.75429094917821
        ], 
        [
          -14.909289506992456, 
          8.568964633655186, 
          61.326922697875055
        ], 
        [
          -27.368017462528073, 
          5.522797374347153, 
          51.10053142600248
        ], 
        [
          -30.992289618873997, 
          -13.015411340397732, 
          61.037986640074536
        ], 
        [
          -18.533561663338386, 
          -9.9692440810897, 
          71.26437791194711
        ]
      ], 
      "cuboid_centroid": [
        -20.696486750259947, 
        -3.8727678691617764, 
        58.92741118759035
      ], 
      "location": [
        -20.696486750259947, 
        -3.8727678691617764, 
        58.92741118759035
      ], 
      "pose_transform_permuted": [
        [
          0.6279395171503516, 
          -0.45948316301622827, 
          -0.6281458315595079, 
          0.0
        ], 
        [
          0.7595117796937604, 
          0.18570113454752332, 
          0.6234235679970558, 
          0.0
        ], 
        [
          0.16980523934025168, 
          0.8685564527031994, 
          -0.46559195564381795, 
          0.0
        ], 
        [
          -20.696486750259947, 
          -3.8727678691617764, 
          58.92741118759035, 
          1.0
        ]
      ], 
      "projected_cuboid": [
        [
          383.15593840941676, 
          322.7530002209966
        ], 
        [
          217.7453437850575, 
          298.7412684550653
        ], 
        [
          229.6511734874025, 
          119.36533114907999
        ], 
        [
          368.61381961494993, 
          167.28193836082386
        ], 
        [
          350.86037018764375, 
          347.80514164826525
        ], 
        [
          193.585680175899, 
          330.92617325393155
        ], 
        [
          208.5451697061911, 
          159.56434409923165
        ], 
        [
          341.7420268407142, 
          198.679935725993
        ]
      ], 
      "projected_cuboid_centroid": [
        292.7235780483604, 
        238.23624637563464
      ], 
      "quaternion_xyzw": [
        0.9022491429694555, 
        0.0044045193423391735, 
        0.3467343512870953, 
        0.2563247429682966
      ], 
      "visibility": 0.9361851780804399
    }, 
    {
      "bounding_box": {
        "bottom_right": [
          320, 
          234
        ], 
        "top_left": [
          160, 
          128
        ]
      }, 
      "class": "004_sugar_box", 
      "cuboid": [
        [
          -25.09802539788798, 
          3.1228820064525706, 
          54.87915719311003
        ], 
        [
          -32.84728950576441, 
          2.223852756586168, 
          49.87606873253411
        ], 
        [
          -36.53006234938475, 
          -12.822540641208896, 
          58.28405302884029
        ], 
        [
          -28.78079824150832, 
          -11.923511391342494, 
          63.28714148941621
        ], 
        [
          -27.386902348197005, 
          5.432303141559736, 
          58.00939673944833
        ], 
        [
          -35.13616645607344, 
          4.533273891693333, 
          53.0063082788724
        ], 
        [
          -38.81893929969378, 
          -10.51311950610173, 
          61.414292575178585
        ], 
        [
          -31.069675191817346, 
          -9.614090256235327, 
          66.4173810357545
        ]
      ], 
      "cuboid_centroid": [
        -31.958482348790877, 
        -3.69511874982458, 
        58.146724884144305
      ], 
      "location": [
        -31.958482348790877, 
        -3.69511874982458, 
        58.146724884144305
      ], 
      "pose_transform_permuted": [
        [
          0.5071291954722206, 
          -0.5116810154846101, 
          -0.6935435574881146, 
          0.0
        ], 
        [
          0.8361582641393518, 
          0.09700672560827128, 
          0.5398414229137912, 
          0.0
        ], 
        [
          0.2089481006145315, 
          0.8536815750160922, 
          -0.4770406493447841, 
          0.0
        ], 
        [
          -31.958482348790877, 
          -3.69511874982458, 
          58.146724884144305, 
          1.0
        ]
      ], 
      "projected_cuboid": [
        [
          235.66007465855645, 
          303.6349291586791
        ], 
        [
          127.43743245397225, 
          297.0659627700393
        ], 
        [
          144.54856131930777, 
          155.95578154655348
        ], 
        [
          237.04063418381546, 
          172.80732568788227
        ], 
        [
          227.71250090086448, 
          323.2293715559444
        ], 
        [
          125.13070390112362, 
          318.8977835259996
        ], 
        [
          141.68549655584903, 
          181.9909734195031
        ], 
        [
          230.0341031524653, 
          196.08712830785953
        ]
      ], 
      "projected_cuboid_centroid": [
        186.03232480911996, 
        239.39504718206783
      ], 
      "quaternion_xyzw": [
        0.9196987817545969, 
        -0.030428814636651744, 
        0.28459606535212706, 
        0.2687623612328581
      ], 
      "visibility": 0.6291672290457552
    }, 
    {
      "bounding_box": {
        "bottom_right": [
          183, 
          206
        ], 
        "top_left": [
          35, 
          0
        ]
      }, 
      "class": "024_bowl", 
      "cuboid": [
        [
          -40.18979050265877, 
          -15.821809443553677, 
          38.264385453360774
        ], 
        [
          -40.851971160706455, 
          -7.561192491489466, 
          52.086905691477305
        ], 
        [
          -41.96936214610996, 
          -12.208086381780054, 
          54.81045357551329
        ], 
        [
          -41.30718148806227, 
          -20.468703333844264, 
          40.98793333739677
        ], 
        [
          -24.39403383933617, 
          -18.306309747571465, 
          40.505883337735
        ], 
        [
          -25.05621449738386, 
          -10.045692795507252, 
          54.32840357585154
        ], 
        [
          -26.17360548278736, 
          -14.69258668579784, 
          57.051951459887526
        ], 
        [
          -25.51142482473967, 
          -22.953203637862053, 
          43.229431221770994
        ]
      ], 
      "cuboid_centroid": [
        -33.181697992723066, 
        -15.257198064675759, 
        47.65816845662415
      ], 
      "location": [
        -33.181697992723066, 
        -15.257198064675759, 
        47.65816845662415
      ], 
      "pose_transform_permuted": [
        [
          -0.9782895949717708, 
          0.15387428712221882, 
          -0.13882424907989732, 
          0.0
        ], 
        [
          0.04108738103438871, 
          -0.5125596952488292, 
          -0.8576679928306538, 
          0.0
        ], 
        [
          0.20312876578590083, 
          0.8447515981453105, 
          -0.49510952519744567, 
          0.0
        ], 
        [
          -33.181697992723066, 
          -15.257198064675759, 
          47.65816845662415, 
          1.0
        ]
      ], 
      "projected_cuboid": [
        [
          -83.22640737459484, 
          52.76605352901309
        ], 
        [
          59.826571191501436, 
          195.86723318103947
        ], 
        [
          69.8213704605609, 
          154.4987682090466
        ], 
        [
          -60.355502645255925, 
          6.955463413698297
        ], 
        [
          157.73711178816023, 
          32.25702129190702
        ], 
        [
          233.58075179921565, 
          174.6721053507167
        ], 
        [
          234.88818561152362, 
          135.94076791632372
        ], 
        [
          164.2409085701293, 
          -9.886121260540813
        ]
      ], 
      "projected_cuboid_centroid": [
        107.18227706996355, 
        102.55059122304708
      ], 
      "quaternion_xyzw": [
        0.7114533063138431, 
        -0.2514882054392402, 
        -0.6451433887189391, 
        0.11990781230718528
      ], 
      "visibility": 0.7248118683846662
    }, 
    {
      "bounding_box": {
        "bottom_right": [
          122, 
          408
        ], 
        "top_left": [
          0, 
          275
        ]
      }, 
      "class": "025_mug", 
      "cuboid": [
        [
          -5.4161803546160066, 
          -18.855987163793646, 
          42.198272394399304
        ], 
        [
          -16.795257042744545, 
          -16.60407195702585, 
          40.677664900442394
        ], 
        [
          -18.638195823891873, 
          -23.992083914137215, 
          43.52768718786577
        ], 
        [
          -7.259119135763334, 
          -26.243999120905016, 
          45.04829468182268
        ], 
        [
          -5.887535348330267, 
          -15.407821551404934, 
          50.83203307950276
        ], 
        [
          -17.266612036458806, 
          -13.155906344637138, 
          49.31142558554585
        ], 
        [
          -19.109550817606134, 
          -20.543918301748505, 
          52.16144787296923
        ], 
        [
          -7.730474129477594, 
          -22.7958335085163, 
          53.68205536692614
        ]
      ], 
      "cuboid_centroid": [
        -12.26286558611107, 
        -19.699952732771074, 
        47.179860133684265
      ], 
      "location": [
        -12.26286558611107, 
        -19.699952732771074, 
        47.179860133684265
      ], 
      "pose_transform_permuted": [
        [
          0.050635420966669356, 
          -0.37042000121874036, 
          -0.9274837705033674, 
          0.0
        ], 
        [
          0.9726537600951237, 
          -0.19248783124585106, 
          0.12997755768436225, 
          0.0
        ], 
        [
          0.22667538455298541, 
          0.9087010749308211, 
          -0.350543330356359, 
          0.0
        ], 
        [
          -12.26286558611107, 
          -19.699952732771074, 
          47.179860133684265, 
          1.0
        ]
      ], 
      "projected_cuboid": [
        [
          412.5746484364361, 
          34.976610966281264
        ], 
        [
          259.56158771605857, 
          55.5927063237479
        ], 
        [
          251.33096219520257, 
          -20.67459386711801
        ], 
        [
          394.94133441283657, 
          -37.41198614166822
        ], 
        [
          419.31144974070133, 
          111.63073809401818
        ], 
        [
          293.29663866926, 
          131.0010046664723
        ], 
        [
          284.58511399642305, 
          63.237269945906576
        ], 
        [
          404.15646443593675, 
          46.81487362912313
        ]
      ], 
      "projected_cuboid_centroid": [
        341.8228550858248, 
        50.598921906209576
      ], 
      "quaternion_xyzw": [
        0.9758123033567101, 
        -0.10738827906682237, 
        0.04627246910849006, 
        0.1847085062094031
      ], 
      "visibility": 0.7328917436555147
    }, 
    {
      "bounding_box": {
        "bottom_right": [
          171, 
          292
        ], 
        "top_left": [
          73, 
          230
        ]
      }, 
      "class": "061_foam_brick", 
      "cuboid": [
        [
          -24.003182070900028, 
          -19.79522209564212, 
          52.1293379711664
        ], 
        [
          -22.387894342633064, 
          -13.091385918598123, 
          48.51090996637901
        ], 
        [
          -24.5551911967396, 
          -10.494915948070894, 
          52.35387749003325
        ], 
        [
          -26.170478925006563, 
          -17.19875212511489, 
          55.97230549482064
        ], 
        [
          -19.3679277231948, 
          -19.579699471820188, 
          54.597840264420704
        ], 
        [
          -17.752639994927836, 
          -12.875863294776192, 
          50.979412259633314
        ], 
        [
          -19.91993684903437, 
          -10.27939332424896, 
          54.82237978328756
        ], 
        [
          -21.53522457730134, 
          -16.98322950129296, 
          58.44080778807494
        ]
      ], 
      "cuboid_centroid": [
        -21.9615594599672, 
        -15.03730770994554, 
        53.475858877226976
      ], 
      "location": [
        -21.9615594599672, 
        -15.03730770994554, 
        53.475858877226976
      ], 
      "pose_transform_permuted": [
        [
          -0.8818976999047426, 
          -0.04100506508776461, 
          -0.46965416163371987, 
          0.0
        ], 
        [
          -0.2074232447565466, 
          -0.860856816915637, 
          0.4646516311222239, 
          0.0
        ], 
        [
          0.42335805701248896, 
          -0.507192394863158, 
          -0.7506822431332608, 
          0.0
        ], 
        [
          -21.9615594599672, 
          -15.03730770994554, 
          53.475858877226976, 
          1.0
        ]
      ], 
      "projected_cuboid": [
        [
          233.9812709043377, 
          70.76757250622734
        ], 
        [
          233.41776220216354, 
          129.36236739633966
        ], 
        [
          229.37318598732057, 
          166.37670690145626
        ], 
        [
          230.15947383163112, 
          109.41207840108294
        ], 
        [
          290.8317461698335, 
          82.02920783146902
        ], 
        [
          294.33066904798017, 
          138.58608262180977
        ], 
        [
          286.19830463415457, 
          173.2871985764002
        ], 
        [
          283.43298937970945, 
          118.30084867722846
        ]
      ], 
      "projected_cuboid_centroid": [
        260.74719962803545, 
        123.31810646364558
      ], 
      "quaternion_xyzw": [
        -0.43446476324726696, 
        0.7389637679300359, 
        0.24009200749903592, 
        -0.4555532319259987
      ], 
      "visibility": 0.9154982239670967
    }
  ]
}