{
  "camera_data": {
    "location_worldframe": [
      -8.159553898678539, 
      -6.629575327816584, 
      75.75915711314283
    ], 
    "quaternion_xyzw_worldframe": [
      -0.8221878109226897, 
      -0.0921933921276164, 
      -0.2006325869264837, 
      0.52465078301516
    ]
  }, 
  "objects": [
    {
      "bounding_box": {
        "bottom_right": [
          425, 
          451
        ], 
        "top_left": [
          254, 
          319
        ]
      }, 
      "class": "003_cracker_box", 
      "cuboid": [
        [
          -3.095704913395589, 
          19.20393071343342, 
          74.37976507418462
        ], 
        [
          -13.00002032784498, 
          16.571529740299525, 
          61.571442897767426
        ], 
        [
          -16.69323675279726, 
          -3.273539861232348, 
          68.50591563152403
        ], 
        [
          -6.78892133834787, 
          -0.6411388880984539, 
          81.3142378079412
        ], 
        [
          -8.682729651623063, 
          21.58251075943289, 
          78.211202020573
        ], 
        [
          -18.587045066072456, 
          18.950109786298995, 
          65.40287984415582
        ], 
        [
          -22.280261491024735, 
          -0.8949598152328777, 
          72.33735257791241
        ], 
        [
          -12.375946076575344, 
          1.7374411579010165, 
          85.1456747543296
        ]
      ], 
      "cuboid_centroid": [
        -12.687983202210162, 
        9.154485449100271, 
        73.35855882604851
      ], 
      "location": [
        -12.687983202210162, 
        9.154485449100271, 
        73.35855882604851
      ], 
      "pose_transform_permuted": [
        [
          0.7781371687748708, 
          -0.3312785658589424, 
          -0.5336263284110618, 
          0.0
        ], 
        [
          0.6037891070359602, 
          0.1604770210175568, 
          0.7808238213259431, 
          0.0
        ], 
        [
          0.17303543219741377, 
          0.9297858019607381, 
          -0.32489552424815143, 
          0.0
        ], 
        [
          -12.687983202210162, 
          9.154485449100271, 
          73.35855882604851, 
          1.0
        ]
      ], 
      "projected_cuboid": [
        [
          459.2151926595224, 
          410.9830245610971
        ], 
        [
          368.0550951910813, 
          416.8258301867384
        ], 
        [
          350.5569686402773, 
          247.80198094439032
        ], 
        [
          436.6991802014704, 
          269.08146967146604
        ], 
        [
          421.8964192958992, 
          420.4569604354945
        ], 
        [
          328.7682631227078, 
          427.81283218068825
        ], 
        [
          315.96309839916313, 
          266.6882926959054
        ], 
        [
          403.4329285820226, 
          284.16919757383044
        ]
      ], 
      "projected_cuboid_centroid": [
        388.5862339131546, 
        339.84000416167396
      ], 
      "quaternion_xyzw": [
        0.8756713477966148, 
        -0.003585366590861045, 
        0.4450759391704173, 
        0.18733457813772678
      ], 
      "visibility": 0.8256689633071623
    }, 
    {
      "bounding_box": {
        "bottom_right": [
          410, 
          346
        ], 
        "top_left": [
          270, 
          256
        ]
      }, 
      "class": "004_sugar_box", 
      "cuboid": [
        [
          -16.870804166227416, 
          16.266619465193383, 
          69.28161745795627
        ], 
        [
          -23.38788356600626, 
          15.445189711200324, 
          62.743791274405766
        ], 
        [
          -27.17530157905545, 
          -0.7577925582246472, 
          68.5549701906826
        ], 
        [
          -20.658222179276606, 
          0.06363719576840954, 
          75.09279637423309
        ], 
        [
          -19.929708065357204, 
          17.997240785284692, 
          72.1133731099732
        ], 
        [
          -26.446787465136048, 
          17.175811031291634, 
          65.57554692642269
        ], 
        [
          -30.23420547818524, 
          0.9728287618666607, 
          71.38672584269952
        ], 
        [
          -23.717126078406395, 
          1.7942585158597173, 
          77.92455202625001
        ]
      ], 
      "cuboid_centroid": [
        -23.552504822206327, 
        8.61972411353002, 
        70.33417165032789
      ], 
      "location": [
        -23.552504822206327, 
        8.61972411353002, 
        70.33417165032789
      ], 
      "pose_transform_permuted": [
        [
          0.6777382563894881, 
          -0.38344070772633043, 
          -0.6274107331926994, 
          0.0
        ], 
        [
          0.7032035200140709, 
          0.08863361315987837, 
          0.7054421318955971, 
          0.0
        ], 
        [
          0.2148853143171146, 
          0.9193025237361884, 
          -0.3297066771279881, 
          0.0
        ], 
        [
          -23.552504822206327, 
          8.61972411353002, 
          70.33417165032789, 
          1.0
        ]
      ], 
      "projected_cuboid": [
        [
          350.64586205545095, 
          398.5045544061413
        ], 
        [
          281.14437124085896, 
          404.5700000016322
        ], 
        [
          268.42653861710085, 
          267.3913328612456
        ], 
        [
          333.65679924141585, 
          273.7384982806929
        ], 
        [
          332.97720261888617, 
          406.3864130795165
        ], 
        [
          264.71545159992917, 
          412.9757485054858
        ], 
        [
          253.839490616818, 
          280.5543965875138
        ], 
        [
          317.92314760306033, 
          285.56653419440335
        ]
      ], 
      "projected_cuboid_centroid": [
        301.51832038144585, 
        338.6469106624814
      ], 
      "quaternion_xyzw": [
        0.9013762778305959, 
        -0.035016370039462, 
        0.3836301282562262, 
        0.19779402963951395
      ], 
      "visibility": 0.6188449259940021
    }, 
    {
      "bounding_box": {
        "bottom_right": [
          306, 
          360
        ], 
        "top_left": [
          217, 
          201
        ]
      }, 
      "class": "024_bowl", 
      "cuboid": [
        [
          -26.60168223183889, 
          -1.49050696767207, 
          48.00480656923
        ], 
        [
          -30.70092590059178, 
          4.911950900060044, 
          62.215474251709544
        ], 
        [
          -31.875580546674836, 
          -0.10654448462748561, 
          64.1376576599262
        ], 
        [
          -27.77633687792195, 
          -6.5090023523596, 
          49.92698997744665
        ], 
        [
          -11.371808733381222, 
          -3.0956041969962653, 
          53.12121147879405
        ], 
        [
          -15.471052402134111, 
          3.3068536707358485, 
          67.3318791612736
        ], 
        [
          -16.64570704821717, 
          -1.711641713951681, 
          69.25406256949026
        ], 
        [
          -12.546463379464278, 
          -8.114099581683796, 
          55.04339488701071
        ]
      ], 
      "cuboid_centroid": [
        -21.62369464002803, 
        -1.6010743408118755, 
        58.62943456936013
      ], 
      "location": [
        -21.62369464002803, 
        -1.6010743408118755, 
        58.62943456936013
      ], 
      "pose_transform_permuted": [
        [
          -0.9432423589351147, 
          0.09940960422693551, 
          -0.31687786747888214, 
          0.0
        ], 
        [
          0.2543523199053112, 
          -0.39726353038415674, 
          -0.8817519973243623, 
          0.0
        ], 
        [
          0.21353863741558846, 
          0.912304454671882, 
          -0.3494307260624536, 
          0.0
        ], 
        [
          -21.62369464002803, 
          -1.6010743408118755, 
          58.62943456936013, 
          1.0
        ]
      ], 
      "projected_cuboid": [
        [
          183.59716991309784, 
          256.7274346015233
        ], 
        [
          216.23136286685622, 
          315.39245516819
        ], 
        [
          214.3353559209859, 
          272.4005957408876
        ], 
        [
          182.41791716412556, 
          203.7574431373732
        ], 
        [
          366.4763972642698, 
          242.20768465626304
        ], 
        [
          358.03338124336506, 
          299.4793287256325
        ], 
        [
          352.34165837881085, 
          260.1053322650618
        ], 
        [
          359.02038991691836, 
          194.6684183033927
        ]
      ], 
      "projected_cuboid_centroid": [
        283.2590671179566, 
        258.7224490329458
      ], 
      "quaternion_xyzw": [
        0.7879617125939679, 
        -0.1937918296147239, 
        -0.5790238050563397, 
        0.07932527616489424
      ], 
      "visibility": 0.756055856369336
    }, 
    {
      "bounding_box": {
        "bottom_right": [
          280, 
          524
        ], 
        "top_left": [
          191, 
          426
        ]
      }, 
      "class": "025_mug", 
      "cuboid": [
        [
          6.887308897872579, 
          -2.4892446969544992, 
          58.55737629996997
        ], 
        [
          -4.146240539003379, 
          -0.88740963606719, 
          55.0131321231127
        ], 
        [
          -5.793118033985815, 
          -8.686302017148591, 
          56.6152691999941
        ], 
        [
          5.240431402890143, 
          -10.2881370780359, 
          60.15951337685137
        ], 
        [
          4.433299610275497, 
          -0.1879698334427679, 
          67.23699712159309
        ], 
        [
          -6.600249826600462, 
          1.4138652274445405, 
          63.69275294473582
        ], 
        [
          -8.247127321582898, 
          -6.385027153636861, 
          65.29489002161722
        ], 
        [
          2.786422115293061, 
          -7.986862214524171, 
          68.8391341984745
        ]
      ], 
      "cuboid_centroid": [
        -0.6799092118551593, 
        -4.43713592529568, 
        61.9261331607936
      ], 
      "location": [
        -0.6799092118551593, 
        -4.43713592529568, 
        61.9261331607936
      ], 
      "pose_transform_permuted": [
        [
          0.2636225244044451, 
          -0.24721499300497543, 
          -0.9324103064459786, 
          0.0
        ], 
        [
          0.9431189929644324, 
          -0.13692067798872387, 
          0.30295273683426044, 
          0.0
        ], 
        [
          0.20256049376442004, 
          0.9592380103198084, 
          -0.1970575700743566, 
          0.0
        ], 
        [
          -0.6799092118551593, 
          -4.43713592529568, 
          61.9261331607936, 
          1.0
        ]
      ], 
      "projected_cuboid": [
        [
          544.846947078127, 
          250.61538998822442
        ], 
        [
          441.066765068411, 
          264.68362956767174
        ], 
        [
          426.5707401026143, 
          191.46099804238213
        ], 
        [
          528.4411223330178, 
          182.08126270444168
        ], 
        [
          517.0547652122366, 
          271.79557322226924
        ], 
        [
          425.87052721202394, 
          285.1252791081559
        ], 
        [
          413.67432166813, 
          221.13452395726478
        ], 
        [
          503.36430325088037, 
          211.40966987884673
        ]
      ], 
      "projected_cuboid_centroid": [
        475.6927652099208, 
        235.07308331589167
      ], 
      "quaternion_xyzw": [
        0.9791280955179229, 
        -0.08667945831274781, 
        0.14466321205373234, 
        0.11343576114122435
      ], 
      "visibility": 0.8654942965779467
    }, 
    {
      "bounding_box": {
        "bottom_right": [
          298, 
          418
        ], 
        "top_left": [
          225, 
          355
        ]
      }, 
      "class": "061_foam_brick", 
      "cuboid": [
        [
          -13.091096783409956, 
          -5.99123311110406, 
          64.35212114821094
        ], 
        [
          -11.453217868400051, 
          1.2101552654260965, 
          61.88211036489325
        ], 
        [
          -14.558179202331184, 
          3.1446293477269793, 
          65.46320747181869
        ], 
        [
          -16.19605811734109, 
          -4.056759028803177, 
          67.93321825513637
        ], 
        [
          -9.061090292332588, 
          -5.7534061681004305, 
          67.7178339208873
        ], 
        [
          -7.4232113773226835, 
          1.4479822084297265, 
          65.24782313756963
        ], 
        [
          -10.528172711253816, 
          3.3824562907306093, 
          68.82892024449505
        ], 
        [
          -12.166051626263721, 
          -3.8189320857995472, 
          71.29893102781274
        ]
      ], 
      "cuboid_centroid": [
        -11.809634747331886, 
        -1.3043884101867254, 
        66.590520696353
      ], 
      "location": [
        -11.809634747331886, 
        -1.3043884101867254, 
        66.590520696353
      ], 
      "pose_transform_permuted": [
        [
          -0.7667439990303478, 
          -0.04524865698343247, 
          -0.6403563062796717, 
          0.0
        ], 
        [
          -0.21032423705353467, 
          -0.9247487724150469, 
          0.3171804269256098, 
          0.0
        ], 
        [
          0.6065206964801758, 
          -0.37787864051578685, 
          -0.6995286826021806, 
          0.0
        ], 
        [
          -11.809634747331886, 
          -1.3043884101867254, 
          66.590520696353, 
          1.0
        ]
      ], 
      "projected_cuboid": [
        [
          372.20019642400376, 
          223.63406517271247
        ], 
        [
          382.0670365704322, 
          283.7160384933564
        ], 
        [
          362.00523664726796, 
          298.9053928730089
        ], 
        [
          353.38796154466, 
          241.4383628200369
        ], 
        [
          409.64071670498765, 
          227.97492652365682
        ], 
        [
          420.41593258060016, 
          285.1219867474543
        ], 
        [
          399.3398952690888, 
          299.49543640173766
        ], 
        [
          389.8360187041923, 
          244.72073427586454
        ]
      ], 
      "projected_cuboid_centroid": [
        386.22618801960846, 
        262.8397675411471
      ], 
      "quaternion_xyzw": [
        -0.5128726520078718, 
        0.746417976714286, 
        0.2191399611310519, 
        -0.3630420420497397
      ], 
      "visibility": 0.9826315789473684
    }
  ]
}