{
  "camera_data": {
    "location_worldframe": [
      -9.182821267629608, 
      -2.4311793628912013, 
      80.40055908359184
    ], 
    "quaternion_xyzw_worldframe": [
      -0.821461119635449, 
      -0.11534885388595631, 
      -0.21534244514727, 
      0.5153033456896807
    ]
  }, 
  "objects": [
    {
      "bounding_box": {
        "bottom_right": [
          446, 
          443
        ], 
        "top_left": [
          284, 
          321
        ]
      }, 
      "class": "003_cracker_box", 
      "cuboid": [
        [
          -4.534005208736913, 
          23.46237399990104, 
          78.71834342831376
        ], 
        [
          -13.726132117430021, 
          20.37227963326229, 
          65.48829296027306
        ], 
        [
          -17.398573000465163, 
          0.606556703408978, 
          72.6564811670153
        ], 
        [
          -8.206446091772058, 
          3.696651070047728, 
          85.886531635056
        ], 
        [
          -10.351033957926697, 
          25.810035978116552, 
          82.2116308917332
        ], 
        [
          -19.5431608666198, 
          22.7199416114778, 
          68.9815804236925
        ], 
        [
          -23.215601749654947, 
          2.95421868162449, 
          76.14976863043475
        ], 
        [
          -14.023474840961839, 
          6.04431304826324, 
          89.37981909847545
        ]
      ], 
      "cuboid_centroid": [
        -13.87480347919593, 
        13.208296340762764, 
        77.43405602937426
      ], 
      "location": [
        -13.87480347919593, 
        13.208296340762764, 
        77.43405602937426
      ], 
      "pose_transform_permuted": [
        [
          0.81017115435444, 
          -0.3269724281816225, 
          -0.4865302990164209, 
          0.0
        ], 
        [
          0.5603725109424514, 
          0.18837902875828244, 
          0.8065333164253902, 
          0.0
        ], 
        [
          0.17206205169079652, 
          0.9260682333030866, 
          -0.3358456157743521, 
          0.0
        ], 
        [
          -13.87480347919593, 
          13.208296340762764, 
          77.43405602937426, 
          1.0
        ]
      ], 
      "projected_cuboid": [
        [
          450.62303241389327, 
          432.2449583047474
        ], 
        [
          368.8834889667127, 
          439.1930716705698
        ], 
        [
          352.8222320779149, 
          277.73883959356726
        ], 
        [
          430.2137923776284, 
          296.2412011896807
        ], 
        [
          413.8887223742795, 
          440.7202390304862
        ], 
        [
          329.243228496392, 
          448.9419769476376
        ], 
        [
          317.65021151260623, 
          293.9765900225217
        ], 
        [
          397.2232109977999, 
          309.35229139165506
        ]
      ], 
      "projected_cuboid_centroid": [
        385.2393364989585, 
        364.25740351616014
      ], 
      "quaternion_xyzw": [
        0.862115282787337, 
        0.004731669126294483, 
        0.4688191077975103, 
        0.19220690584819267
      ], 
      "visibility": 0.8082538916375045
    }, 
    {
      "bounding_box": {
        "bottom_right": [
          432, 
          345
        ], 
        "top_left": [
          297, 
          260
        ]
      }, 
      "class": "004_sugar_box", 
      "cuboid": [
        [
          -17.976473457955223, 
          20.151408015796857, 
          72.99887987513311
        ], 
        [
          -24.137554409036674, 
          19.067563464071025, 
          66.16099976123812
        ], 
        [
          -27.914449045525362, 
          2.9173588867900766, 
          72.12396287052249
        ], 
        [
          -21.753368094443914, 
          4.001203438515906, 
          78.96184298441749
        ], 
        [
          -21.206421951968995, 
          21.880118789246083, 
          75.63512248122507
        ], 
        [
          -27.367502903050443, 
          20.796274237520258, 
          68.79724236733007
        ], 
        [
          -31.14439753953914, 
          4.646069660239307, 
          74.76020547661444
        ], 
        [
          -24.983316588457686, 
          5.729914211965135, 
          81.59808559050944
        ]
      ], 
      "cuboid_centroid": [
        -24.56043549874718, 
        12.398738838018081, 
        73.87954267587378
      ], 
      "location": [
        -24.56043549874718, 
        12.398738838018081, 
        73.87954267587378
      ], 
      "pose_transform_permuted": [
        [
          0.715635316684353, 
          -0.3830174023226132, 
          -0.5840923828240331, 
          0.0
        ], 
        [
          0.6647907054867461, 
          0.11694859877686013, 
          0.7378184414460804, 
          0.0
        ], 
        [
          0.21428825345082295, 
          0.9163080956254741, 
          -0.33831839991919277, 
          0.0
        ], 
        [
          -24.56043549874718, 
          12.398738838018081, 
          73.87954267587378, 
          1.0
        ]
      ], 
      "projected_cuboid": [
        [
          349.1690015823745, 
          420.50990006150795
        ], 
        [
          285.4043228251773, 
          426.98894628007025
        ], 
        [
          273.4639372440401, 
          294.85890538249805
        ], 
        [
          333.44730225902947, 
          300.31123838557056
        ], 
        [
          330.81988651246047, 
          427.56798090912383
        ], 
        [
          267.67485633989315, 
          434.50027164605626
        ], 
        [
          257.5696437217853, 
          306.43037324494344
        ], 
        [
          316.9470211262664, 
          310.736870755996
        ]
      ], 
      "projected_cuboid_centroid": [
        302.8233789163867, 
        362.79020827282
      ], 
      "quaternion_xyzw": [
        0.8895492094224261, 
        -0.027356455843843736, 
        0.4084804254601452, 
        0.20272509789260587
      ], 
      "visibility": 0.6096285226302306
    }, 
    {
      "bounding_box": {
        "bottom_right": [
          332, 
          366
        ], 
        "top_left": [
          253, 
          217
        ]
      }, 
      "class": "024_bowl", 
      "cuboid": [
        [
          -26.28661714044766, 
          1.7709218613351674, 
          51.64927098522977
        ], 
        [
          -31.21843542128429, 
          8.384668848951533, 
          65.49390390251456
        ], 
        [
          -32.39603025753054, 
          3.385011223077143, 
          67.46281033609647
        ], 
        [
          -27.46421197669391, 
          -3.22873576453922, 
          53.618177418811676
        ], 
        [
          -11.308549711548835, 
          0.5701526404921357, 
          57.55846995521334
        ], 
        [
          -16.240367992385462, 
          7.183899628108499, 
          71.40310287249814
        ], 
        [
          -17.417962828631712, 
          2.184242002234112, 
          73.37200930608005
        ], 
        [
          -12.48614454779508, 
          -4.429504985382252, 
          59.52737638879525
        ]
      ], 
      "cuboid_centroid": [
        -21.852289984539684, 
        1.9775819317846395, 
        62.510640145654904
      ], 
      "location": [
        -21.852289984539684, 
        1.9775819317846395, 
        62.510640145654904
      ], 
      "pose_transform_permuted": [
        [
          -0.9276470783131899, 
          0.07436807617078113, 
          -0.365978533992992, 
          0.0
        ], 
        [
          0.30601240678718955, 
          -0.41037372391155447, 
          -0.8590400535570358, 
          0.0
        ], 
        [
          0.2140731300030771, 
          0.9088799678558331, 
          -0.3579244320259034, 
          0.0
        ], 
        [
          -21.852289984539684, 
          1.9775819317846395, 
          62.510640145654904, 
          1.0
        ]
      ], 
      "projected_cuboid": [
        [
          207.9049805380556, 
          291.5727071935047
        ], 
        [
          225.26555941454188, 
          341.5632451114134
        ], 
        [
          223.359689034535, 
          300.046359659887
        ], 
        [
          206.1444951751598, 
          241.17153342498264
        ], 
        [
          375.9422257188598, 
          278.5694019770869
        ], 
        [
          359.28465982210497, 
          326.94407107278573
        ], 
        [
          353.93593835872286, 
          289.1631514910489
        ], 
        [
          368.7985608129615, 
          233.60157459535816
        ]
      ], 
      "projected_cuboid_centroid": [
        293.607068784376, 
        290.158596387631
      ], 
      "quaternion_xyzw": [
        0.8032544597815836, 
        -0.19434901553003125, 
        -0.5560775636266158, 
        0.08825234407420075
      ], 
      "visibility": 0.7903885480572597
    }, 
    {
      "bounding_box": {
        "bottom_right": [
          311, 
          517
        ], 
        "top_left": [
          231, 
          427
        ]
      }, 
      "class": "025_mug", 
      "cuboid": [
        [
          6.637458609959497, 
          1.645688193106751, 
          63.89134802829527
        ], 
        [
          -4.230007616166192, 
          2.95779001229439, 
          59.76299216142015
        ], 
        [
          -5.811542918309725, 
          -4.836981334901781, 
          61.448832249118446
        ], 
        [
          5.055923307815964, 
          -6.1490831540894195, 
          65.57718811599356
        ], 
        [
          3.704605627654552, 
          4.0776901383096105, 
          72.38473281358034
        ], 
        [
          -7.162860598471138, 
          5.389791957497249, 
          68.25637694670522
        ], 
        [
          -8.74439590061467, 
          -2.4049793896989207, 
          69.94221703440353
        ], 
        [
          2.123070325511019, 
          -3.71708120888656, 
          74.07057290127864
        ]
      ], 
      "cuboid_centroid": [
        -1.0534686453275866, 
        -0.3796455982960849, 
        66.9167825313494
      ], 
      "location": [
        -1.0534686453275866, 
        -0.3796455982960849, 
        66.9167825313494
      ], 
      "pose_transform_permuted": [
        [
          0.315062420835173, 
          -0.26125838047609073, 
          -0.9124038564774901, 
          0.0
        ], 
        [
          0.9289226338175209, 
          -0.11215503709470151, 
          0.3528810787536101, 
          0.0
        ], 
        [
          0.19452361981027122, 
          0.9587311367599015, 
          -0.20735276401093986, 
          0.0
        ], 
        [
          -1.0534686453275866, 
          -0.3796455982960849, 
          66.9167825313494, 
          1.0
        ]
      ], 
      "projected_cuboid": [
        [
          537.4635756178429, 
          287.0235738753825
        ], 
        [
          443.53428461848296, 
          299.68159082959136
        ], 
        [
          430.73786552102314, 
          231.30597016725304
        ], 
        [
          523.0580361028811, 
          223.2778907850505
        ], 
        [
          509.1194972443556, 
          303.33033202934763
        ], 
        [
          425.16382628278006, 
          315.3995496696476
        ], 
        [
          414.36412064797076, 
          254.94822015232614
        ], 
        [
          497.0108938410916, 
          246.5229782668532
        ]
      ], 
      "projected_cuboid_centroid": [
        473.1310683556624, 
        270.26080326173064
      ], 
      "quaternion_xyzw": [
        0.9746868249667315, 
        -0.07866081931379354, 
        0.17132259369864303, 
        0.12019531106902602
      ], 
      "visibility": 0.8676190476190476
    }, 
    {
      "bounding_box": {
        "bottom_right": [
          326, 
          417
        ], 
        "top_left": [
          258, 
          358
        ]
      }, 
      "class": "061_foam_brick", 
      "cuboid": [
        [
          -13.5409234482924, 
          -2.1255432115264643, 
          68.74882717427252
        ], 
        [
          -11.91335592950161, 
          5.053837573665424, 
          66.20892350039864
        ], 
        [
          -15.231044518791995, 
          7.000922173824015, 
          69.58664985607766
        ], 
        [
          -16.858612037582787, 
          -0.17845861136787447, 
          72.12655352995154
        ], 
        [
          -9.691757677467393, 
          -1.7393619271353598, 
          72.30696198416888
        ], 
        [
          -8.064190158676602, 
          5.440018858056528, 
          69.767058310295
        ], 
        [
          -11.38187874796699, 
          7.387103458215119, 
          73.14478466597402
        ], 
        [
          -13.009446266757779, 
          0.20772267302322997, 
          75.6846883398479
        ]
      ], 
      "cuboid_centroid": [
        -12.461401098129695, 
        2.630780123344327, 
        70.94680592012327
      ], 
      "location": [
        -12.461401098129695, 
        2.630780123344327, 
        70.94680592012327
      ], 
      "pose_transform_permuted": [
        [
          -0.7323374695766559, 
          -0.0734743685898016, 
          -0.676966282627422, 
          0.0
        ], 
        [
          -0.209000124188495, 
          -0.9219227211024691, 
          0.3261555524657102, 
          0.0
        ], 
        [
          0.6480746706539721, 
          -0.38034196912166945, 
          -0.6598024005574674, 
          0.0
        ], 
        [
          -12.461401098129695, 
          2.630780123344327, 
          70.94680592012327, 
          1.0
        ]
      ], 
      "projected_cuboid": [
        [
          375.67786003739326, 
          256.79761931653957
        ], 
        [
          384.8340678100246, 
          313.9957113934707
        ], 
        [
          363.8919099532392, 
          326.94235994268394
        ], 
        [
          355.90196098369967, 
          271.96697580121145
        ], 
        [
          409.5171696694143, 
          260.4574029644408
        ], 
        [
          419.43834541612756, 
          314.87161638503136
        ], 
        [
          397.91694243860957, 
          327.14802592166984
        ], 
        [
          389.16077521901855, 
          274.7502761802965
        ]
      ], 
      "projected_cuboid_centroid": [
        387.1418919434754, 
        293.06257357036054
      ], 
      "quaternion_xyzw": [
        -0.5214461116254626, 
        0.7527131551822358, 
        0.1947382040326214, 
        -0.3515592276934828
      ], 
      "visibility": 0.970291146761735
    }
  ]
}