{
  "camera_data": {
    "location_worldframe": [
      -19.011120334344408, 
      -19.804386091001586, 
      62.808791011252715
    ], 
    "quaternion_xyzw_worldframe": [
      0.8796990598540623, 
      0.009932032430506174, 
      0.11952732487788303, 
      -0.46015999642413935
    ]
  }, 
  "objects": [
    {
      "bounding_box": {
        "bottom_right": [
          343, 
          353
        ], 
        "top_left": [
          128, 
          171
        ]
      }, 
      "class": "003_cracker_box", 
      "cuboid": [
        [
          -12.652529881423325, 
          4.938301224654302, 
          56.306275923103996
        ], 
        [
          -25.444976574247917, 
          1.6115141251641867, 
          46.59216706572221
        ], 
        [
          -28.758850565429324, 
          -16.612203455908876, 
          57.19725564820257
        ], 
        [
          -15.96640387260473, 
          -13.28541635641876, 
          66.91136450558436
        ], 
        [
          -17.006465336710658, 
          8.380637850643526, 
          60.86104947834335
        ], 
        [
          -29.798912029535252, 
          5.05385075115341, 
          51.14694062096156
        ], 
        [
          -33.112786020716655, 
          -13.169866829919652, 
          61.752029203441914
        ], 
        [
          -20.32033932789206, 
          -9.843079730429539, 
          71.46613806082371
        ]
      ], 
      "cuboid_centroid": [
        -22.88265795106999, 
        -4.115782802632675, 
        59.02915256327296
      ], 
      "location": [
        -22.88265795106999, 
        -4.115782802632675, 
        59.02915256327296
      ], 
      "pose_transform_permuted": [
        [
          0.6063977102203897, 
          -0.4794340819344761, 
          -0.634369591105307, 
          0.0
        ], 
        [
          0.7798560165195508, 
          0.2028083444484645, 
          0.5921936920639489, 
          0.0
        ], 
        [
          0.15526239254155047, 
          0.8538218411950581, 
          -0.49687206900826536, 
          0.0
        ], 
        [
          -22.88265795106999, 
          -4.115782802632675, 
          59.02915256327296, 
          1.0
        ]
      ], 
      "projected_cuboid": [
        [
          360.75662648672574, 
          320.06094647371333
        ], 
        [
          187.91266466068032, 
          291.73281544894706
        ], 
        [
          211.2086587993344, 
          118.39075981418348
        ], 
        [
          353.2757060558972, 
          167.39462013138117
        ], 
        [
          331.32911929143603, 
          346.72526970761044
        ], 
        [
          168.28834592836103, 
          325.98407068409887
        ], 
        [
          193.236264089548, 
          159.54537062622956
        ], 
        [
          328.69182450636725, 
          199.8320695941096
        ]
      ], 
      "projected_cuboid_centroid": [
        273.13278418411727, 
        236.10105464978506
      ], 
      "quaternion_xyzw": [
        0.9038870848756382, 
        0.013150412452639386, 
        0.3315102689096525, 
        0.2700298984460729
      ], 
      "visibility": 0.9410692004990882
    }, 
    {
      "bounding_box": {
        "bottom_right": [
          317, 
          219
        ], 
        "top_left": [
          159, 
          106
        ]
      }, 
      "class": "004_sugar_box", 
      "cuboid": [
        [
          -27.407982058862927, 
          2.7639894209918885, 
          54.91929829908593
        ], 
        [
          -35.31899282265932, 
          1.730769625324017, 
          50.203515490365525
        ], 
        [
          -38.738133939000626, 
          -13.048571404469191, 
          59.177451236595545
        ], 
        [
          -30.827123175204235, 
          -12.015351608801321, 
          63.893234045315936
        ], 
        [
          -29.58994804643083, 
          5.17111073100574, 
          58.052280060662234
        ], 
        [
          -37.50095881022722, 
          4.137890935337869, 
          53.336497251941836
        ], 
        [
          -40.920099926568525, 
          -10.64145009445534, 
          62.31043299817185
        ], 
        [
          -33.009089162772135, 
          -9.608230298787468, 
          67.02621580689225
        ]
      ], 
      "cuboid_centroid": [
        -34.16404099271573, 
        -3.9387303367317257, 
        58.614865648628886
      ], 
      "location": [
        -34.16404099271573, 
        -3.9387303367317257, 
        58.614865648628886
      ], 
      "pose_transform_permuted": [
        [
          0.4834417401397061, 
          -0.5333277060553872, 
          -0.6941511294273927, 
          0.0
        ], 
        [
          0.8536109927032052, 
          0.11148610484729134, 
          0.5088406734505277, 
          0.0
        ], 
        [
          0.19399052624984955, 
          0.8385299250425504, 
          -0.509150824346883, 
          0.0
        ], 
        [
          -34.16404099271573, 
          -3.9387303367317257, 
          58.614865648628886, 
          1.0
        ]
      ], 
      "projected_cuboid": [
        [
          213.22097892576681, 
          300.1275525527628
        ], 
        [
          103.27130245287545, 
          291.6727670358573
        ], 
        [
          129.57152363978648, 
          155.6900799219688
        ], 
        [
          222.13739602886008, 
          172.99387933911626
        ], 
        [
          207.49225646815498, 
          320.7929342282317
        ], 
        [
          103.49450666003341, 
          314.66192599047275
        ], 
        [
          128.4402013341882, 
          182.20558322578506
        ], 
        [
          216.75889795431095, 
          196.83499859086186
        ]
      ], 
      "projected_cuboid_centroid": [
        168.15794838569303, 
        237.44917832592535
      ], 
      "quaternion_xyzw": [
        0.9200940233439663, 
        -0.022417388687817542, 
        0.2696144058147199, 
        0.2832532610671442
      ], 
      "visibility": 0.6285909245991129
    }, 
    {
      "bounding_box": {
        "bottom_right": [
          180, 
          183
        ], 
        "top_left": [
          32, 
          0
        ]
      }, 
      "class": "024_bowl", 
      "cuboid": [
        [
          -43.05938452032408, 
          -16.640755510780483, 
          39.388585872555836
        ], 
        [
          -43.25661079196366, 
          -7.967071399761869, 
          52.97043578800559
        ], 
        [
          -44.288414119759665, 
          -12.52771632010729, 
          55.867986188222055
        ], 
        [
          -44.09118784812008, 
          -21.201400431125904, 
          42.28613627277229
        ], 
        [
          -27.20089265070595, 
          -19.088948345837835, 
          41.18234465144683
        ], 
        [
          -27.39811892234553, 
          -10.415264234819222, 
          54.7641945668966
        ], 
        [
          -28.42992225014153, 
          -14.975909155164643, 
          57.66174496711305
        ], 
        [
          -28.232695978501948, 
          -23.64959326618326, 
          44.07989505166329
        ]
      ], 
      "cuboid_centroid": [
        -35.74465338523281, 
        -15.808332332972563, 
        48.525165419834444
      ], 
      "location": [
        -35.74465338523281, 
        -15.808332332972563, 
        48.525165419834444
      ], 
      "pose_transform_permuted": [
        [
          -0.9821750181816531, 
          0.15162563136859933, 
          -0.11109411132883423, 
          0.0
        ], 
        [
          0.012237613518853052, 
          -0.5381899330796807, 
          -0.8427347368816905, 
          0.0
        ], 
        [
          0.18756991889754865, 
          0.8290725323177476, 
          -0.5267411714314771, 
          0.0
        ], 
        [
          -35.74465338523281, 
          -15.808332332972563, 
          48.525165419834444, 
          1.0
        ]
      ], 
      "projected_cuboid": [
        [
          -106.28358496521176, 
          47.971498203732445
        ], 
        [
          42.44929786615614, 
          193.07207240632147
        ], 
        [
          55.29361437178992, 
          153.69610879688557
        ], 
        [
          -79.12226869128175, 
          5.891050069403723
        ], 
        [
          126.40453588272649, 
          26.08084677705923
        ], 
        [
          212.5577336505828, 
          171.8577773786315
        ], 
        [
          216.45439565889845, 
          134.77276888206725
        ], 
        [
          137.16503254595116, 
          -12.848245418237253
        ]
      ], 
      "projected_cuboid_centroid": [
        85.46882812745866, 
        99.54383896106738
      ], 
      "quaternion_xyzw": [
        0.698642300674214, 
        -0.2597036606847474, 
        -0.6530200623775009, 
        0.13423018463843314
      ], 
      "visibility": 0.6765648493747857
    }, 
    {
      "bounding_box": {
        "bottom_right": [
          117, 
          379
        ], 
        "top_left": [
          0, 
          244
        ]
      }, 
      "class": "025_mug", 
      "cuboid": [
        [
          -8.17821648294386, 
          -19.62620574946741, 
          42.26445445833666
        ], 
        [
          -19.598898756030223, 
          -17.39782848258292, 
          41.052387340927915
        ], 
        [
          -21.354548620350613, 
          -24.69305563558404, 
          44.18274281727788
        ], 
        [
          -9.93386634726425, 
          -26.921432902468535, 
          45.39480993468663
        ], 
        [
          -8.360904912994013, 
          -15.91910706095315, 
          50.80130923274504
        ], 
        [
          -19.78158718608038, 
          -13.690729794068659, 
          49.58924211533629
        ], 
        [
          -21.53723705040077, 
          -20.98595694706978, 
          52.71959759168625
        ], 
        [
          -10.116554777314404, 
          -23.21433421395427, 
          53.931664709095
        ]
      ], 
      "cuboid_centroid": [
        -14.857726766672313, 
        -20.306081348268595, 
        47.492026025011455
      ], 
      "location": [
        -14.857726766672313, 
        -20.306081348268595, 
        47.492026025011455
      ], 
      "pose_transform_permuted": [
        [
          0.019625347529334248, 
          -0.39823594776997157, 
          -0.9170736302743697, 
          0.0
        ], 
        [
          0.9762100968489137, 
          -0.19047586961136515, 
          0.10360433201625321, 
          0.0
        ], 
        [
          0.21593913601810916, 
          0.8972888504079481, 
          -0.3850233869121928, 
          0.0
        ], 
        [
          -14.857726766672313, 
          -20.306081348268595, 
          47.492026025011455, 
          1.0
        ]
      ], 
      "projected_cuboid": [
        [
          377.5391648713548, 
          25.6306767220581
        ], 
        [
          224.86212083585164, 
          47.26794965042907
        ], 
        [
          221.68319475021937, 
          -24.77757707938119
        ], 
        [
          363.9167464610605, 
          -42.99912098645449
        ], 
        [
          393.09159775918806, 
          106.16542101754456
        ], 
        [
          267.07824706549474, 
          126.04624965237947
        ], 
        [
          261.90739660261374, 
          60.989359650471755
        ], 
        [
          380.72276505867273, 
          43.72457075193355
        ]
      ], 
      "projected_cuboid_centroid": [
        313.3593350960081, 
        45.2560295589352
      ], 
      "quaternion_xyzw": [
        0.9734696422502389, 
        -0.10437279910702182, 
        0.03164702682991069, 
        0.20115145369906173
      ], 
      "visibility": 0.7127635472683194
    }, 
    {
      "bounding_box": {
        "bottom_right": [
          168, 
          268
        ], 
        "top_left": [
          71, 
          208
        ]
      }, 
      "class": "061_foam_brick", 
      "cuboid": [
        [
          -26.428436231373592, 
          -20.228611197046657, 
          52.82617592255532
        ], 
        [
          -24.926375119539767, 
          -13.639875634327437, 
          48.956295916606955
        ], 
        [
          -26.96300688378937, 
          -10.92465223328812, 
          52.78864823454812
        ], 
        [
          -28.465067995623194, 
          -17.513387796007343, 
          56.65852824049647
        ], 
        [
          -21.71405316734379, 
          -19.948435608867054, 
          55.13304184984242
        ], 
        [
          -20.211992055509963, 
          -13.359700046147829, 
          51.26316184389407
        ], 
        [
          -22.248623819759565, 
          -10.644476645108512, 
          55.095514161835226
        ], 
        [
          -23.75068493159339, 
          -17.233212207827737, 
          58.96539416778359
        ]
      ], 
      "cuboid_centroid": [
        -24.33853002556658, 
        -15.436543921077586, 
        53.960845042195274
      ], 
      "location": [
        -24.33853002556658, 
        -15.436543921077586, 
        53.960845042195274
      ], 
      "pose_transform_permuted": [
        [
          -0.8969526305921183, 
          -0.05330585729505395, 
          -0.4389014286282487, 
          0.0
        ], 
        [
          -0.1928835242087008, 
          -0.846076451486667, 
          0.49694122824390524, 
          0.0
        ], 
        [
          0.39783404148301577, 
          -0.5303895962570995, 
          -0.7486086772269747, 
          0.0
        ], 
        [
          -24.33853002556658, 
          -15.436543921077586, 
          53.960845042195274, 
          1.0
        ]
      ], 
      "projected_cuboid": [
        [
          212.55881666966167, 
          69.06364462727582
        ], 
        [
          207.79147610546082, 
          124.69660380428405
        ], 
        [
          206.9218235770181, 
          162.91563116337
        ], 
        [
          211.426102635872, 
          108.43522663718194
        ], 
        [
          269.79964086525047, 
          80.3189271463039
        ], 
        [
          269.567969351232, 
          134.2980440293842
        ], 
        [
          264.43765932881007, 
          170.24896888335678
        ], 
        [
          264.99097436923944, 
          117.41868224852003
        ]
      ], 
      "projected_cuboid_centroid": [
        239.04368276276736, 
        120.720150943675
      ], 
      "quaternion_xyzw": [
        -0.42297408554261584, 
        0.7352167280969008, 
        0.23642784275723133, 
        -0.4739737976460696
      ], 
      "visibility": 0.9057219662058372
    }
  ]
}