{
  "camera_data": {
    "location_worldframe": [
      -20.72813697650605, 
      -19.830774314190833, 
      63.245455600560895
    ], 
    "quaternion_xyzw_worldframe": [
      0.8856361756310748, 
      0.003933121852166011, 
      0.10882759165981551, 
      -0.4514301467742652
    ]
  }, 
  "objects": [
    {
      "bounding_box": {
        "bottom_right": [
          343, 
          337
        ], 
        "top_left": [
          128, 
          152
        ]
      }, 
      "class": "003_cracker_box", 
      "cuboid": [
        [
          -14.472372319864768, 
          4.7597252487460215, 
          56.09794733309966
        ], 
        [
          -27.51826628973508, 
          1.2840110820372632, 
          46.78117872776243
        ], 
        [
          -30.60785792687862, 
          -16.718190999758647, 
          57.82331126039719
        ], 
        [
          -17.561963957008302, 
          -13.242476833049889, 
          67.14007986573444
        ], 
        [
          -18.699029191834963, 
          8.304254228609441, 
          60.694041711207916
        ], 
        [
          -31.74492316170528, 
          4.828540061900681, 
          51.37727310587067
        ], 
        [
          -34.834514798848815, 
          -13.17366201989523, 
          62.419405638505445
        ], 
        [
          -21.7886208289785, 
          -9.697947853186472, 
          71.73617424384268
        ]
      ], 
      "cuboid_centroid": [
        -24.65344355935679, 
        -4.206968385574604, 
        59.25867648580255
      ], 
      "location": [
        -24.65344355935679, 
        -4.206968385574604, 
        59.25867648580255
      ], 
      "pose_transform_permuted": [
        [
          0.5886708876075556, 
          -0.49366700064163993, 
          -0.6401245805004052, 
          0.0
        ], 
        [
          0.7953067265065203, 
          0.21188726986296047, 
          0.5679709461262112, 
          0.0
        ], 
        [
          0.14475426369131741, 
          0.8434433456655568, 
          -0.5173485534875655, 
          0.0
        ], 
        [
          -24.65344355935679, 
          -4.206968385574604, 
          59.25867648580255, 
          1.0
        ]
      ], 
      "projected_cuboid": [
        [
          342.8625617606232, 
          318.53694029290506
        ], 
        [
          165.26614614657174, 
          287.92465257543233
        ], 
        [
          196.94016694028284, 
          119.09027247850351
        ], 
        [
          340.9330675513929, 
          168.09643039027483
        ], 
        [
          315.9191082326369, 
          346.2561619986041
        ], 
        [
          149.32413219016954, 
          323.4089913049417
        ], 
        [
          181.48609486237336, 
          160.7290429937869
        ], 
        [
          318.2605599646985, 
          201.18755080801705
        ]
      ], 
      "projected_cuboid_centroid": [
        257.87059311410746, 
        235.42442632346774
      ], 
      "quaternion_xyzw": [
        0.9053831582087887, 
        0.018537181071619193, 
        0.3193791002314613, 
        0.27916787079665806
      ], 
      "visibility": 0.9151690821256039
    }, 
    {
      "bounding_box": {
        "bottom_right": [
          316, 
          208
        ], 
        "top_left": [
          161, 
          89
        ]
      }, 
      "class": "004_sugar_box", 
      "cuboid": [
        [
          -29.264191269705776, 
          2.6053611660220106, 
          55.13153496942347
        ], 
        [
          -37.29612781163958, 
          1.5051056062834758, 
          50.640691503024506
        ], 
        [
          -40.52356934247152, 
          -13.084972987879137, 
          59.98757321871284
        ], 
        [
          -32.49163280053772, 
          -11.984717428140602, 
          64.47841668511181
        ], 
        [
          -31.358774662314758, 
          5.0801966485265995, 
          58.2713905451369
        ], 
        [
          -39.39071120424856, 
          3.979941088788065, 
          53.78054707873794
        ], 
        [
          -42.61815273508051, 
          -10.610137505374547, 
          63.12742879442628
        ], 
        [
          -34.586216193146704, 
          -9.509881945636014, 
          67.61827226082524
        ]
      ], 
      "cuboid_centroid": [
        -35.94117200239314, 
        -4.002388169676268, 
        59.129481881924875
      ], 
      "location": [
        -35.94117200239314, 
        -4.002388169676268, 
        59.129481881924875
      ], 
      "pose_transform_permuted": [
        [
          0.46408103790806804, 
          -0.5483306243261392, 
          -0.6956741085603303, 
          0.0
        ], 
        [
          0.866659081828765, 
          0.11871937336676379, 
          0.48456935072957785, 
          0.0
        ], 
        [
          0.18311413881526717, 
          0.8277918132659311, 
          -0.5303105198423984, 
          0.0
        ], 
        [
          -35.94117200239314, 
          -4.002388169676268, 
          59.129481881924875, 
          1.0
        ]
      ], 
      "projected_cuboid": [
        [
          196.1482949176265, 
          298.48972036777326
        ], 
        [
          85.5417438961632, 
          289.13747268922293
        ], 
        [
          118.31987188398917, 
          156.9545717880689
        ], 
        [
          210.60978530778186, 
          174.15748314724988
        ], 
        [
          192.19912443185757, 
          319.7822253791984
        ], 
        [
          87.72031861497506, 
          312.75397812127954
        ], 
        [
          118.54554798988563, 
          183.64889203545465
        ], 
        [
          206.5349895798253, 
          198.2800921543396
        ]
      ], 
      "projected_cuboid_centroid": [
        154.72342761779677, 
        237.1869152145161
      ], 
      "quaternion_xyzw": [
        0.9206146049861237, 
        -0.01748689546628309, 
        0.2576133333915403, 
        0.2929133261428098
      ], 
      "visibility": 0.6104987599889777
    }, 
    {
      "bounding_box": {
        "bottom_right": [
          180, 
          165
        ], 
        "top_left": [
          32, 
          0
        ]
      }, 
      "class": "024_bowl", 
      "cuboid": [
        [
          -45.35987697474094, 
          -17.04987481872278, 
          40.39001443384622
        ], 
        [
          -45.186032481748015, 
          -8.111581914191342, 
          53.79952745374457
        ], 
        [
          -46.15540238949002, 
          -12.61138633858633, 
          56.81150033587306
        ], 
        [
          -46.32924688248295, 
          -21.549679243117772, 
          43.40198731597473
        ], 
        [
          -29.46720918757533, 
          -19.512650170771565, 
          41.82557399908491
        ], 
        [
          -29.293364694582408, 
          -10.574357266240122, 
          55.23508701898325
        ], 
        [
          -30.262734602324414, 
          -15.074161690635112, 
          58.247059901111754
        ], 
        [
          -30.43657909531734, 
          -24.012454595166552, 
          44.837546881213406
        ]
      ], 
      "cuboid_centroid": [
        -37.81130578853268, 
        -16.062018254678947, 
        49.318537167478986
      ], 
      "location": [
        -37.81130578853268, 
        -16.062018254678947, 
        49.318537167478986
      ], 
      "pose_transform_permuted": [
        [
          -0.9842916590775557, 
          0.152528780546273, 
          -0.08890951003924814, 
          0.0
        ], 
        [
          -0.010786806949918612, 
          -0.554608537567715, 
          -0.8320414742384094, 
          0.0
        ], 
        [
          0.17622024476823733, 
          0.8180124333786544, 
          -0.5475418560911619, 
          0.0
        ], 
        [
          -37.81130578853268, 
          -16.062018254678947, 
          49.318537167478986, 
          1.0
        ]
      ], 
      "projected_cuboid": [
        [
          -122.33709712141558, 
          48.15584023596452
        ], 
        [
          29.930975963776035, 
          192.87569256918582
        ], 
        [
          44.70111516096388, 
          154.89678827334436
        ], 
        [
          -92.43659820046321, 
          8.486083851508104
        ], 
        [
          102.72827443613191, 
          24.479947643477377
        ], 
        [
          196.39941043467167, 
          171.1863673490299
        ], 
        [
          202.19739162339707, 
          135.2650542678768
        ], 
        [
          116.55263197097045, 
          -12.32927212382318
        ]
      ], 
      "projected_cuboid_centroid": [
        69.30666292871707, 
        99.59548036991092
      ], 
      "quaternion_xyzw": [
        0.6885011141000398, 
        -0.26536949881745664, 
        -0.6595243987695459, 
        0.14343225720891614
      ], 
      "visibility": 0.6384303443783237
    }, 
    {
      "bounding_box": {
        "bottom_right": [
          114, 
          356
        ], 
        "top_left": [
          0, 
          220
        ]
      }, 
      "class": "025_mug", 
      "cuboid": [
        [
          -10.424657717933043, 
          -20.08871373555913, 
          42.43147850356617
        ], 
        [
          -21.866672510100635, 
          -17.848365477566695, 
          41.468206630111645
        ], 
        [
          -23.560958807311692, 
          -25.075387162998798, 
          44.7850307993531
        ], 
        [
          -12.1189440151441, 
          -27.315735420991228, 
          45.748302672807625
        ], 
        [
          -10.378732961632577, 
          -16.214804948374148, 
          50.89578986442284
        ], 
        [
          -21.82074775380017, 
          -13.974456690381714, 
          49.93251799096831
        ], 
        [
          -23.515034051011224, 
          -21.201478375813814, 
          53.249342160209764
        ], 
        [
          -12.073019258843635, 
          -23.441826633806247, 
          54.21261403366429
        ]
      ], 
      "cuboid_centroid": [
        -16.969845884472136, 
        -20.64509605568647, 
        47.840410331887966
      ], 
      "location": [
        -16.969845884472136, 
        -20.64509605568647, 
        47.840410331887966
      ], 
      "pose_transform_permuted": [
        [
          -0.004933477737748318, 
          -0.4161555618195129, 
          -0.909280637026107, 
          0.0
        ], 
        [
          0.9780335448724518, 
          -0.19149911867034636, 
          0.08233796426443714, 
          0.0
        ], 
        [
          0.2083916198909641, 
          0.888899803116752, 
          -0.4079584204036242, 
          0.0
        ], 
        [
          -16.969845884472136, 
          -20.64509605568647, 
          47.840410331887966, 
          1.0
        ]
      ], 
      "projected_cuboid": [
        [
          349.4780382200475, 
          20.792285748569714
        ], 
        [
          198.02778503270085, 
          43.740010404568686
        ], 
        [
          198.68477349465576, 
          -25.32205491069618
        ], 
        [
          339.1408107366954, 
          -45.15186907656946
        ], 
        [
          371.9355597293779, 
          103.37713998792432
        ], 
        [
          246.59163664361958, 
          124.0280644050446
        ], 
        [
          244.11922096804233, 
          60.94281407248011
        ], 
        [
          361.838310747996, 
          42.676274448515365
        ]
      ], 
      "projected_cuboid_centroid": [
        290.8425910057966, 
        43.1372991567012
      ], 
      "quaternion_xyzw": [
        0.9716241538032223, 
        -0.10289234190916846, 
        0.019916262431235614, 
        0.21204546505902336
      ], 
      "visibility": 0.6455405985790361
    }, 
    {
      "bounding_box": {
        "bottom_right": [
          167, 
          251
        ], 
        "top_left": [
          71, 
          189
        ]
      }, 
      "class": "061_foam_brick", 
      "cuboid": [
        [
          -28.399808834406137, 
          -20.426746718178922, 
          53.4659727340959
        ], 
        [
          -26.979852777891296, 
          -13.919749920081603, 
          49.43034234632731
        ], 
        [
          -28.910408632762376, 
          -11.123657868984582, 
          53.25944859747077
        ], 
        [
          -30.33036468927722, 
          -17.630654667081902, 
          57.29507898523938
        ], 
        [
          -23.62714766206417, 
          -20.11641183352194, 
          55.64563647754016
        ], 
        [
          -22.207191605549326, 
          -13.609415035424622, 
          51.61000608977155
        ], 
        [
          -24.13774746042041, 
          -10.8133229843276, 
          55.43911234091503
        ], 
        [
          -25.557703516935256, 
          -17.32031978242492, 
          59.47474272868363
        ]
      ], 
      "cuboid_centroid": [
        -26.268778147413276, 
        -15.620034851253262, 
        54.452542537505465
      ], 
      "location": [
        -26.268778147413276, 
        -15.620034851253262, 
        54.452542537505465
      ], 
      "pose_transform_permuted": [
        [
          -0.9080405506543128, 
          -0.05904392735528961, 
          -0.4147001000842366, 
          0.0
        ], 
        [
          -0.18234020323426936, 
          -0.8355801668411709, 
          0.5182256603702352, 
          0.0
        ], 
        [
          0.3771132570619838, 
          -0.5461864145364147, 
          -0.7479745931005664, 
          0.0
        ], 
        [
          -26.268778147413276, 
          -15.620034851253262, 
          54.452542537505465, 
          1.0
        ]
      ], 
      "projected_cuboid": [
        [
          195.95005804833295, 
          69.531074680297
        ], 
        [
          188.07707021495986, 
          123.10195756296521
        ], 
        [
          189.68684635159983, 
          161.8985169964225
        ], 
        [
          196.92028591884838, 
          109.1751768555538
        ], 
        [
          253.26236649148768, 
          80.48658001378284
        ], 
        [
          250.2034017226959, 
          132.65164750553106
        ], 
        [
          247.45890368675273, 
          169.26328322162843
        ], 
        [
          250.5071526219663, 
          117.97244492359638
        ]
      ], 
      "projected_cuboid_centroid": [
        222.17109885586126, 
        120.30065178059647
      ], 
      "quaternion_xyzw": [
        -0.4141779455480314, 
        0.7319881689369918, 
        0.23529433089941734, 
        -0.48712065015196926
      ], 
      "visibility": 0.8427161926871736
    }
  ]
}