{
  "camera_data": {
    "location_worldframe": [
      -8.105489569995417, 
      -8.40390690070747, 
      73.98637127776541
    ], 
    "quaternion_xyzw_worldframe": [
      -0.8231933293857543, 
      -0.0861389304879652, 
      -0.19773845704825804, 
      0.5252005816946587
    ]
  }, 
  "objects": [
    {
      "bounding_box": {
        "bottom_right": [
          415, 
          452
        ], 
        "top_left": [
          240, 
          316
        ]
      }, 
      "class": "003_cracker_box", 
      "cuboid": [
        [
          -2.880018322913505, 
          17.396575522170767, 
          72.59226423869904
        ], 
        [
          -12.950315076030645, 
          14.855199488491644, 
          59.89546752272552
        ], 
        [
          -16.699500148417037, 
          -4.976361594679524, 
          66.83854633862853
        ], 
        [
          -6.629203395299898, 
          -2.434985561000401, 
          79.53534305460207
        ], 
        [
          -8.405641484264956, 
          19.8066633666488, 
          76.49243895216745
        ], 
        [
          -18.475938237382096, 
          17.265287332969674, 
          63.79564223619391
        ], 
        [
          -22.225123309768488, 
          -2.566273750201492, 
          70.73872105209693
        ], 
        [
          -12.154826556651349, 
          -0.02489771652236933, 
          83.43551776807045
        ]
      ], 
      "cuboid_centroid": [
        -12.552570816340996, 
        7.415150885984638, 
        71.66549264539799
      ], 
      "location": [
        -12.552570816340996, 
        7.415150885984638, 
        71.66549264539799
      ], 
      "pose_transform_permuted": [
        [
          0.7695854169163708, 
          -0.33566683873245995, 
          -0.5431998338042937, 
          0.0
        ], 
        [
          0.613907698787655, 
          0.1549279381570475, 
          0.774024981087595, 
          0.0
        ], 
        [
          0.17565768824307504, 
          0.9291528977266135, 
          -0.3252987384041566, 
          0.0
        ], 
        [
          -12.552570816340996, 
          7.415150885984638, 
          71.66549264539799, 
          1.0
        ]
      ], 
      "projected_cuboid": [
        [
          460.26187257006234, 
          401.0953961757686
        ], 
        [
          365.32427325808953, 
          405.5597988274349
        ], 
        [
          347.23761954296, 
          233.57904527300192
        ], 
        [
          436.7748942617822, 
          256.9588849589423
        ], 
        [
          422.50297302529736, 
          411.38229745012995
        ], 
        [
          325.85453824370563, 
          417.62109628337214
        ], 
        [
          312.6390864020862, 
          253.93866136726035
        ], 
        [
          403.25599159002974, 
          273.1273918509524
        ]
      ], 
      "projected_cuboid_centroid": [
        387.4050016674914, 
        328.4685374861637
      ], 
      "quaternion_xyzw": [
        0.87838778883796, 
        -0.005899942584997514, 
        0.43933056037984225, 
        0.1881189565519301
      ], 
      "visibility": 0.8345009645649305
    }, 
    {
      "bounding_box": {
        "bottom_right": [
          400, 
          344
        ], 
        "top_left": [
          257, 
          252
        ]
      }, 
      "class": "004_sugar_box", 
      "cuboid": [
        [
          -16.73332580013164, 
          14.56311808747859, 
          67.6495834085332
        ], 
        [
          -23.331396929115144, 
          13.798186848701446, 
          61.186567121465494
        ], 
        [
          -27.162706198429998, 
          -2.388725784972115, 
          67.01373613381885
        ], 
        [
          -20.564635069446492, 
          -1.6237945461949703, 
          73.47675242088656
        ], 
        [
          -19.747133434539062, 
          16.30966850187582, 
          70.51965457196316
        ], 
        [
          -26.34520456352256, 
          15.544737263098673, 
          64.05663828489546
        ], 
        [
          -30.176513832837415, 
          -0.6421753705748878, 
          69.88380729724881
        ], 
        [
          -23.578442703853913, 
          0.1227558682022567, 
          76.34682358431651
        ]
      ], 
      "cuboid_centroid": [
        -23.45491981648453, 
        6.960471358451851, 
        68.766695352891
      ], 
      "location": [
        -23.45491981648453, 
        6.960471358451851, 
        68.766695352891
      ], 
      "pose_transform_permuted": [
        [
          0.6677466172826462, 
          -0.3869699969608921, 
          -0.6359000119520392, 
          0.0
        ], 
        [
          0.7119426599838364, 
          0.0825373310159557, 
          0.6973700217813075, 
          0.0
        ], 
        [
          0.2173755560506449, 
          0.9183907868437974, 
          -0.33061390120769774, 
          0.0
        ], 
        [
          -23.45491981648453, 
          6.960471358451851, 
          68.766695352891, 
          1.0
        ]
      ], 
      "projected_cuboid": [
        [
          348.57953875878417, 
          388.09576040018794
        ], 
        [
          276.53922153087274, 
          393.5554728941998
        ], 
        [
          263.6249507996212, 
          254.27619303651903
        ], 
        [
          331.08795682313456, 
          261.50047773789476
        ], 
        [
          331.01071299044463, 
          396.6318047709039
        ], 
        [
          260.42556469569155, 
          402.7081407947006
        ], 
        [
          249.385288568814, 
          268.385764623438
        ], 
        [
          315.51762417937766, 
          274.14404724492334
        ]
      ], 
      "projected_cuboid_centroid": [
        298.17671054595854, 
        327.2684207011809
      ], 
      "quaternion_xyzw": [
        0.9036361904521744, 
        -0.03730434506148347, 
        0.37767318681118156, 
        0.19852677043886297
      ], 
      "visibility": 0.6289040842727777
    }, 
    {
      "bounding_box": {
        "bottom_right": [
          292, 
          356
        ], 
        "top_left": [
          199, 
          191
        ]
      }, 
      "class": "024_bowl", 
      "cuboid": [
        [
          -26.832809598641443, 
          -3.088737245853, 
          46.457060827589125
        ], 
        [
          -30.722531189380618, 
          3.316401110199283, 
          60.72529862950879
        ], 
        [
          -31.909349167317693, 
          -1.697321209026143, 
          62.65245978298406
        ], 
        [
          -28.01962757657852, 
          -8.102459565078426, 
          48.38422198106439
        ], 
        [
          -11.555975410306582, 
          -4.807581470902904, 
          51.3933443289041
        ], 
        [
          -15.445697001045758, 
          1.5975568851493795, 
          65.66158213082377
        ], 
        [
          -16.632514978982833, 
          -3.416165434076047, 
          67.58874328429904
        ], 
        [
          -12.742793388243657, 
          -9.82130379012833, 
          53.32050548237937
        ]
      ], 
      "cuboid_centroid": [
        -21.732662288812136, 
        -3.252451339964523, 
        57.02290205594408
      ], 
      "location": [
        -21.732662288812136, 
        -3.252451339964523, 
        57.02290205594408
      ], 
      "pose_transform_permuted": [
        [
          -0.946150808036906, 
          0.10645437610773709, 
          -0.3057222828951495, 
          0.0
        ], 
        [
          0.2413517688474663, 
          -0.39742985092467764, 
          -0.8853241424857833, 
          0.0
        ], 
        [
          0.2157497905568128, 
          0.9114367665403348, 
          -0.3503356226152149, 
          0.0
        ], 
        [
          -21.732662288812136, 
          -3.252451339964523, 
          57.02290205594408, 
          1.0
        ]
      ], 
      "projected_cuboid": [
        [
          170.99370241067393, 
          237.8283313893977
        ], 
        [
          209.52806024826987, 
          302.4128115056024
        ], 
        [
          207.7099803241085, 
          258.83834803261516
        ], 
        [
          170.17431831791012, 
          183.97642445724088
        ], 
        [
          360.67892595385064, 
          223.3972501834966
        ], 
        [
          355.0978315307855, 
          286.26228947006865
        ], 
        [
          349.2618954192416, 
          246.33074864708405
        ], 
        [
          353.07961209950946, 
          175.05240467451503
        ]
      ], 
      "projected_cuboid_centroid": [
        276.6435614900223, 
        242.8672515127717
      ], 
      "quaternion_xyzw": [
        0.7839819542379388, 
        -0.19553372311915174, 
        -0.5840296899126188, 
        0.07777004470228525
      ], 
      "visibility": 0.7610835293092936
    }, 
    {
      "bounding_box": {
        "bottom_right": [
          264, 
          524
        ], 
        "top_left": [
          172, 
          423
        ]
      }, 
      "class": "025_mug", 
      "cuboid": [
        [
          6.768816624064193, 
          -4.336425623355324, 
          56.61791539914145
        ], 
        [
          -4.293836655005507, 
          -2.6524662915261406, 
          53.20489050627968
        ], 
        [
          -5.975725527632034, 
          -10.442701307583778, 
          54.81276465652023
        ], 
        [
          5.086927751437665, 
          -12.126660639412965, 
          58.225789549382
        ], 
        [
          4.431675607468007, 
          -2.033830702217239, 
          65.3293833400737
        ], 
        [
          -6.630977671601691, 
          -0.3498713703880545, 
          61.91635844721193
        ], 
        [
          -8.31286654422822, 
          -8.140106386445694, 
          63.52423259745248
        ], 
        [
          2.74978673484148, 
          -9.824065718274877, 
          66.93725749031425
        ]
      ], 
      "cuboid_centroid": [
        -0.7720249600820134, 
        -6.238266004900509, 
        60.07107399829697
      ], 
      "location": [
        -0.7720249600820134, 
        -6.238266004900509, 
        60.07107399829697
      ], 
      "pose_transform_permuted": [
        [
          0.2510679229285041, 
          -0.2473568005056959, 
          -0.9358314907217314, 
          0.0
        ], 
        [
          0.9456067133936734, 
          -0.1439404462103425, 
          0.2917364551030401, 
          0.0
        ], 
        [
          0.20686677760433328, 
          0.9581731830091826, 
          -0.1977632111532658, 
          0.0
        ], 
        [
          -0.7720249600820134, 
          -6.238266004900509, 
          60.07107399829697, 
          1.0
        ]
      ], 
      "projected_cuboid": [
        [
          545.8881331344861, 
          232.43903079936047
        ], 
        [
          438.1974712606633, 
          246.6985269262247
        ], 
        [
          422.9696638066738, 
          171.68069592181826
        ], 
        [
          528.5791148204487, 
          162.21229326063875
        ], 
        [
          518.0767595439929, 
          256.6832625961337
        ], 
        [
          424.00483848809876, 
          270.27290381272104
        ], 
        [
          411.224546217649, 
          204.94603283124647
        ], 
        [
          503.6884486825855, 
          195.01373699800058
        ]
      ], 
      "projected_cuboid_centroid": [
        474.6858018930392, 
        217.9023205203227
      ], 
      "quaternion_xyzw": [
        0.9797463175644738, 
        -0.08951481049878769, 
        0.13850635830428218, 
        0.11358042476890194
      ], 
      "visibility": 0.8592418454305025
    }, 
    {
      "bounding_box": {
        "bottom_right": [
          285, 
          416
        ], 
        "top_left": [
          209, 
          352
        ]
      }, 
      "class": "061_foam_brick", 
      "cuboid": [
        [
          -13.164642905576946, 
          -7.7113543983725705, 
          62.638533851769694
        ], 
        [
          -11.505952460662563, 
          -0.516999913609003, 
          60.16192231277627
        ], 
        [
          -14.555715674503714, 
          1.432379540360337, 
          63.78215648109666
        ], 
        [
          -16.214406119418097, 
          -5.7619749444032315, 
          66.2587680200901
        ], 
        [
          -9.094284902282915, 
          -7.507233222293279, 
          65.95757839976801
        ], 
        [
          -7.435594457368532, 
          -0.3128787375297107, 
          63.48096686077458
        ], 
        [
          -10.485357671209684, 
          1.6365007164396286, 
          67.10120102909498
        ], 
        [
          -12.144048116124065, 
          -5.557853768323939, 
          69.5778125680884
        ]
      ], 
      "cuboid_centroid": [
        -11.825000288393314, 
        -3.037426840966471, 
        64.86986744043234
      ], 
      "location": [
        -11.825000288393314, 
        -3.037426840966471, 
        64.86986744043234
      ], 
      "pose_transform_permuted": [
        [
          -0.7744212273207807, 
          -0.03883583988768556, 
          -0.6314772681698007, 
          0.0
        ], 
        [
          -0.21299669904627583, 
          -0.923845532312395, 
          0.3180280469106741, 
          0.0
        ], 
        [
          0.5957383392651228, 
          -0.38079024405392237, 
          -0.7071736852874181, 
          0.0
        ], 
        [
          -11.825000288393314, 
          -3.037426840966471, 
          64.86986744043234, 
          1.0
        ]
      ], 
      "projected_cuboid": [
        [
          368.57604471578634, 
          207.6302069575117
        ], 
        [
          378.74983639888893, 
          268.7034700237328
        ], 
        [
          358.874029067599, 
          285.2634936310025
        ], 
        [
          349.999026429743, 
          226.90816169378732
        ], 
        [
          407.4497261179374, 
          212.58457484059164
        ], 
        [
          418.60818680021475, 
          270.65796494397
        ], 
        [
          397.56506992968394, 
          286.2934270767948
        ], 
        [
          387.73622659625977, 
          230.6851375400512
        ]
      ], 
      "projected_cuboid_centroid": [
        383.5691261360733, 
        248.31470929341464
      ], 
      "quaternion_xyzw": [
        -0.5093354309955284, 
        0.7458659751037714, 
        0.2240140547055882, 
        -0.3661680887372103
      ], 
      "visibility": 0.9858032378580324
    }
  ]
}