{
  "camera_data": {
    "location_worldframe": [
      -24.75026829607568, 
      -17.52458020019611, 
      69.90422114888142
    ], 
    "quaternion_xyzw_worldframe": [
      0.9119876125384778, 
      0.000978995930541105, 
      0.06347928894550217, 
      -0.4052790709481598
    ]
  }, 
  "objects": [
    {
      "bounding_box": {
        "bottom_right": [
          354, 
          318
        ], 
        "top_left": [
          157, 
          128
        ]
      }, 
      "class": "003_cracker_box", 
      "cuboid": [
        [
          -19.880267734657068, 
          6.293065734859389, 
          59.710181759817694
        ], 
        [
          -33.57533337517877, 
          1.578393776429981, 
          52.00984662987969
        ], 
        [
          -35.15242782056088, 
          -15.210574785175002, 
          65.09406823050155
        ], 
        [
          -21.457362180039176, 
          -10.495902826745596, 
          72.79440336043955
        ], 
        [
          -23.796579514430473, 
          10.216861413155225, 
          64.27293608736346
        ], 
        [
          -37.49164515495218, 
          5.502189454725817, 
          56.57260095742546
        ], 
        [
          -39.06873960033429, 
          -11.286779106879168, 
          69.65682255804731
        ], 
        [
          -25.37367395981258, 
          -6.57210714844976, 
          77.35715768798532
        ]
      ], 
      "cuboid_centroid": [
        -29.47450366749568, 
        -2.496856686009889, 
        64.6835021589325
      ], 
      "location": [
        -29.47450366749568, 
        -2.496856686009889, 
        64.6835021589325
      ], 
      "pose_transform_permuted": [
        [
          0.5454473361289203, 
          -0.5464896618533432, 
          -0.6354811193082631, 
          0.0
        ], 
        [
          0.8348816761051381, 
          0.2874168938112143, 
          0.46942956453102536, 
          0.0
        ], 
        [
          0.07389039459726743, 
          0.7866006474948588, 
          -0.613024983950025, 
          0.0
        ], 
        [
          -29.47450366749568, 
          -2.496856686009889, 
          64.6835021589325, 
          1.0
        ]
      ], 
      "projected_cuboid": [
        [
          302.55067638670664, 
          329.49496166508936
        ], 
        [
          134.43961054213293, 
          289.47170993389324
        ], 
        [
          191.19102542759185, 
          148.6653916198698
        ], 
        [
          323.08217283024595, 
          196.38954779871358
        ], 
        [
          282.4939163708334, 
          358.0633134312904
        ], 
        [
          125.21151509320656, 
          325.15661884852125
        ], 
        [
          179.97891300829102, 
          186.87059037473284
        ], 
        [
          305.2068130032222, 
          227.97678837682037
        ]
      ], 
      "projected_cuboid_centroid": [
        236.55270714179153, 
        252.699796036805
      ], 
      "quaternion_xyzw": [
        0.9023529579532972, 
        0.05915825324556599, 
        0.2811751465196815, 
        0.3212475327928666
      ], 
      "visibility": 0.908755151232408
    }, 
    {
      "bounding_box": {
        "bottom_right": [
          324, 
          203
        ], 
        "top_left": [
          186, 
          78
        ]
      }, 
      "class": "004_sugar_box", 
      "cuboid": [
        [
          -34.628727231264115, 
          3.7419128739919345, 
          60.300359759225145
        ], 
        [
          -42.98348251788563, 
          2.00491490221677, 
          56.68495603394024
        ], 
        [
          -44.947529965732755, 
          -11.574692590683178, 
          67.74785565326385
        ], 
        [
          -36.59277467911124, 
          -9.837694618908012, 
          71.36325937854876
        ], 
        [
          -36.51625232661943, 
          6.491983997470674, 
          63.34094212459663
        ], 
        [
          -44.87100761324094, 
          4.7549860256955085, 
          59.72553839931173
        ], 
        [
          -46.83505506108806, 
          -8.824621467204437, 
          70.78843801863535
        ], 
        [
          -38.480299774466545, 
          -7.087623495429273, 
          74.40384174392025
        ]
      ], 
      "cuboid_centroid": [
        -40.73189114617609, 
        -2.5413542966062517, 
        65.54439888893025
      ], 
      "location": [
        -40.73189114617609, 
        -2.5413542966062517, 
        65.54439888893025
      ], 
      "pose_transform_permuted": [
        [
          0.4182046933156148, 
          -0.6093125085439239, 
          -0.6736788923972878, 
          0.0
        ], 
        [
          0.9014917520581059, 
          0.18742492044074957, 
          0.39010797167495154, 
          0.0
        ], 
        [
          0.11143342290453263, 
          0.770461093642412, 
          -0.6276715835871399, 
          0.0
        ], 
        [
          -40.73189114617609, 
          -2.5413542966062517, 
          65.54439888893025, 
          1.0
        ]
      ], 
      "projected_cuboid": [
        [
          172.77497313382065, 
          306.3814551956699
        ], 
        [
          73.8174415449642, 
          292.149750635312
        ], 
        [
          124.81582380278326, 
          182.16911192752448
        ], 
        [
          205.84904824982652, 
          199.7664207781264
        ], 
        [
          171.57442168225492, 
          327.947900495971
        ], 
        [
          77.58207006878405, 
          315.74621659084187
        ], 
        [
          125.80157353333355, 
          206.8019032831298
        ], 
        [
          203.47540052653062, 
          222.48313429072158
        ]
      ], 
      "projected_cuboid_centroid": [
        147.4091627632166, 
        252.60812705492742
      ], 
      "quaternion_xyzw": [
        0.9145534071471451, 
        0.020772843046220936, 
        0.22095830015876666, 
        0.33813883433820124
      ], 
      "visibility": 0.5511771581232259
    }, 
    {
      "bounding_box": {
        "bottom_right": [
          199, 
          155
        ], 
        "top_left": [
          69, 
          0
        ]
      }, 
      "class": "024_bowl", 
      "cuboid": [
        [
          -51.34548665918221, 
          -17.696377620767127, 
          49.17995670822366
        ], 
        [
          -50.27688826092784, 
          -7.383881142084076, 
          61.51887299881265
        ], 
        [
          -50.84549436675185, 
          -11.557786572647101, 
          65.05654159149542
        ], 
        [
          -51.914092765006224, 
          -21.87028305133015, 
          52.717625300906434
        ], 
        [
          -35.32140010628535, 
          -19.662666809444286, 
          49.43557373617907
        ], 
        [
          -34.252801708030994, 
          -9.350170330761234, 
          61.774490026768056
        ], 
        [
          -34.82140781385502, 
          -13.524075761324259, 
          65.31215861945083
        ], 
        [
          -35.89000621210938, 
          -23.83657224000731, 
          52.97324232886184
        ]
      ], 
      "cuboid_centroid": [
        -43.08344723651861, 
        -15.610226691045693, 
        57.24605766383725
      ], 
      "location": [
        -43.08344723651861, 
        -15.610226691045693, 
        57.24605766383725
      ], 
      "pose_transform_permuted": [
        [
          -0.9924309089937962, 
          0.12177955731965075, 
          -0.015831307361617926, 
          0.0
        ], 
        [
          -0.06630503175864787, 
          -0.6398759418384081, 
          -0.765612448840727, 
          0.0
        ], 
        [
          0.10336601780678609, 
          0.7587677632025758, 
          -0.6431072600175864, 
          0.0
        ], 
        [
          -43.08344723651861, 
          -15.610226691045693, 
          57.24605766383725, 
          1.0
        ]
      ], 
      "projected_cuboid": [
        [
          -79.84619055349532, 
          81.38265339000073
        ], 
        [
          42.10427416265085, 
          209.27417525564928
        ], 
        [
          61.30301917427189, 
          178.53828105732293
        ], 
        [
          -47.970242563601396, 
          52.035103111325455
        ], 
        [
          97.36813027623856, 
          61.162262397849304
        ], 
        [
          183.41695849811066, 
          192.56342814726284
        ], 
        [
          194.8862855585807, 
          162.85297399789218
        ], 
        [
          117.2555054670803, 
          33.30668754393765
        ]
      ], 
      "projected_cuboid_centroid": [
        76.87526582271694, 
        127.85749130431036
      ], 
      "quaternion_xyzw": [
        -0.6535086148639409, 
        0.284327529408291, 
        0.6725402381269848, 
        -0.1994341355417613
      ], 
      "visibility": 0.7487161836169585
    }, 
    {
      "bounding_box": {
        "bottom_right": [
          140, 
          318
        ], 
        "top_left": [
          22, 
          192
        ]
      }, 
      "class": "025_mug", 
      "cuboid": [
        [
          -16.289417733363294, 
          -19.776055147877507, 
          48.39149577175902
        ], 
        [
          -27.8339881689032, 
          -17.888439700629668, 
          48.22853287527735
        ], 
        [
          -29.016036959177416, 
          -24.75625235902704, 
          52.416334328887025
        ], 
        [
          -17.471466523637517, 
          -26.64386780627488, 
          52.57929722536869
        ], 
        [
          -15.62531252642426, 
          -15.025665861413973, 
          56.36937839118671
        ], 
        [
          -27.169882961964163, 
          -13.138050414166136, 
          56.20641549470504
        ], 
        [
          -28.35193175223838, 
          -20.00586307256351, 
          60.394216948314714
        ], 
        [
          -16.80736131669848, 
          -21.893478519811346, 
          60.55717984479638
        ]
      ], 
      "cuboid_centroid": [
        -22.32067474280084, 
        -19.890959110220507, 
        54.392856360036866
      ], 
      "location": [
        -22.32067474280084, 
        -19.890959110220507, 
        54.392856360036866
      ], 
      "pose_transform_permuted": [
        [
          -0.07134165791802412, 
          -0.5103116854246237, 
          -0.8570259151689016, 
          0.0
        ], 
        [
          0.9867997334551442, 
          -0.161348439130803, 
          0.013929642831588547, 
          0.0
        ], 
        [
          0.14538809798608315, 
          0.8447182789278098, 
          -0.5150857503457343, 
          0.0
        ], 
        [
          -22.32067474280084, 
          -19.890959110220507, 
          54.392856360036866, 
          1.0
        ]
      ], 
      "projected_cuboid": [
        [
          300.5763631151481, 
          55.33589768751099
        ], 
        [
          171.23893839008286, 
          75.4730314127449
        ], 
        [
          183.9077931033446, 
          21.399519210652766
        ], 
        [
          302.9045697554909, 
          3.0338487603695654
        ], 
        [
          332.53154658324337, 
          131.12634244997093
        ], 
        [
          221.64479680130623, 
          148.62497561539806
        ], 
        [
          229.1449387019307, 
          96.62196488216765
        ], 
        [
          332.34318750075926, 
          80.47338406182568
        ]
      ], 
      "projected_cuboid_centroid": [
        260.9200071923823, 
        78.25655185018482
      ], 
      "quaternion_xyzw": [
        0.9602791166572163, 
        -0.07985608866114172, 
        -0.014946699894477009, 
        0.26695296658637696
      ], 
      "visibility": 0.8327364243538864
    }, 
    {
      "bounding_box": {
        "bottom_right": [
          189, 
          237
        ], 
        "top_left": [
          106, 
          173
        ]
      }, 
      "class": "061_foam_brick", 
      "cuboid": [
        [
          -33.22055263931104, 
          -19.313998138988435, 
          60.96548851597392
        ], 
        [
          -32.35243235182763, 
          -13.243966507735443, 
          56.16500121554168
        ], 
        [
          -34.02643690068181, 
          -10.09796510690798, 
          59.84027199548948
        ], 
        [
          -34.89455718816521, 
          -16.167996738160966, 
          64.64075929592173
        ], 
        [
          -28.28818210085714, 
          -18.67516509516371, 
          62.665238395988865
        ], 
        [
          -27.420061813373742, 
          -12.605133463910722, 
          57.86475109555662
        ], 
        [
          -29.094066362227917, 
          -9.459132063083256, 
          61.54002187550442
        ], 
        [
          -29.96218664971132, 
          -15.529163694336246, 
          66.34050917593667
        ]
      ], 
      "cuboid_centroid": [
        -31.157309500769475, 
        -14.386565101035846, 
        61.25275519573917
      ], 
      "location": [
        -31.157309500769475, 
        -14.386565101035846, 
        61.25275519573917
      ], 
      "pose_transform_permuted": [
        [
          -0.9384266550753315, 
          -0.12154357662187068, 
          -0.3233922881363891, 
          0.0
        ], 
        [
          -0.11147755518577987, 
          -0.7794683477724526, 
          0.6164429004463303, 
          0.0
        ], 
        [
          0.3269987274194309, 
          -0.614537430758165, 
          -0.7179244935668564, 
          0.0
        ], 
        [
          -31.157309500769475, 
          -14.386565101035846, 
          61.25275519573917, 
          1.0
        ]
      ], 
      "projected_cuboid": [
        [
          188.565416327037, 
          104.32974475973117
        ], 
        [
          171.83167015604818, 
          147.52731881340358
        ], 
        [
          175.8131411516871, 
          183.2895783737172
        ], 
        [
          191.299778684551, 
          139.8922311225977
        ], 
        [
          238.84100763717902, 
          114.34943793774433
        ], 
        [
          226.76969439028366, 
          157.1093420631807
        ], 
        [
          227.36020753989794, 
          191.3115854984821
        ], 
        [
          238.7200385218291, 
          148.445664564323
        ]
      ], 
      "projected_cuboid_centroid": [
        208.05378295043064, 
        148.02463133853706
      ], 
      "quaternion_xyzw": [
        0.38645093549907633, 
        -0.7157875512469352, 
        -0.20829536498157236, 
        0.5430625165291737
      ], 
      "visibility": 0.7829189686924494
    }
  ]
}