{
  "camera_data": {
    "location_worldframe": [
      -16.370642186477866, 
      -19.51581682009385, 
      62.05482072457027
    ], 
    "quaternion_xyzw_worldframe": [
      0.8676894826528259, 
      0.01779676694311078, 
      0.13793882604493599, 
      -0.4772576320102571
    ]
  }, 
  "objects": [
    {
      "bounding_box": {
        "bottom_right": [
          346, 
          381
        ], 
        "top_left": [
          130, 
          203
        ]
      }, 
      "class": "003_cracker_box", 
      "cuboid": [
        [
          -9.794618571991625, 
          5.467547357714701, 
          56.81057494553213
        ], 
        [
          -22.159696905206633, 
          2.523447418978544, 
          46.441619884806556
        ], 
        [
          -25.879911801840645, 
          -16.107485952381182, 
          56.16796914756759
        ], 
        [
          -13.514833468625637, 
          -13.16338601364503, 
          66.53692420829317
        ], 
        [
          -14.343594059177518, 
          8.725016874473262, 
          61.310365151676564
        ], 
        [
          -26.708672392392526, 
          5.780916935737103, 
          50.94141009095098
        ], 
        [
          -30.428887289026534, 
          -12.850016435622624, 
          60.667759353712015
        ], 
        [
          -18.063808955811528, 
          -9.90591649688647, 
          71.0367144144376
        ]
      ], 
      "cuboid_centroid": [
        -20.11175293050908, 
        -3.691234538953962, 
        58.73916714962208
      ], 
      "location": [
        -20.11175293050908, 
        -3.691234538953962, 
        58.73916714962208
      ], 
      "pose_transform_permuted": [
        [
          0.6335620607164383, 
          -0.45368657306950144, 
          -0.6267117428588616, 
          0.0
        ], 
        [
          0.7538026903252293, 
          0.17947888356228736, 
          0.6321145738026304, 
          0.0
        ], 
        [
          0.17430037085211988, 
          0.8729008098127109, 
          -0.4557011706690323, 
          0.0
        ], 
        [
          -20.11175293050908, 
          -3.691234538953962, 
          58.73916714962208, 
          1.0
        ]
      ], 
      "projected_cuboid": [
        [
          388.8820518505706, 
          324.6141311378257
        ], 
        [
          225.0020650668865, 
          302.2649398757288
        ], 
        [
          233.81731913131668, 
          120.3446064067021
        ], 
        [
          372.3676264636073, 
          167.77682851634046
        ], 
        [
          355.7868777564329, 
          349.1827155876788
        ], 
        [
          199.64643304469732, 
          333.8085416913795
        ], 
        [
          211.8729048815769, 
          160.32430759424523
        ], 
        [
          344.84994388260895, 
          198.91627324444553
        ]
      ], 
      "projected_cuboid_centroid": [
        297.47159394974005, 
        239.77214271111475
      ], 
      "quaternion_xyzw": [
        0.901861303499158, 
        0.0014355069593504051, 
        0.3508512422055179, 
        0.2520863630056456
      ], 
      "visibility": 0.9374682257244534
    }, 
    {
      "bounding_box": {
        "bottom_right": [
          322, 
          238
        ], 
        "top_left": [
          161, 
          133
        ]
      }, 
      "class": "004_sugar_box", 
      "cuboid": [
        [
          -24.474087722088168, 
          3.344262200674665, 
          54.717644625359576
        ], 
        [
          -32.17731096220332, 
          2.4957159594628693, 
          49.6352669397128
        ], 
        [
          -35.94106681488057, 
          -12.628945558651273, 
          57.86507409843558
        ], 
        [
          -28.23784357476542, 
          -11.780399317439475, 
          62.94745178408234
        ], 
        [
          -26.791014288025337, 
          5.624503460818415, 
          57.84864037335866
        ], 
        [
          -34.494237528140495, 
          4.775957219606619, 
          52.766262687711894
        ], 
        [
          -38.257993380817744, 
          -10.34870429850752, 
          60.996069846434665
        ], 
        [
          -30.55477014070259, 
          -9.500158057295724, 
          66.07844753208144
        ]
      ], 
      "cuboid_centroid": [
        -31.366040551452954, 
        -3.502221048916428, 
        57.85685723589712
      ], 
      "location": [
        -31.366040551452954, 
        -3.502221048916428, 
        57.85685723589712
      ], 
      "pose_transform_permuted": [
        [
          0.5133439371624134, 
          -0.5052158507617186, 
          -0.6937111033842823, 
          0.0
        ], 
        [
          0.8311903792497907, 
          0.0915595264552237, 
          0.5483968599046164, 
          0.0
        ], 
        [
          0.21354280320494626, 
          0.8581222439831371, 
          -0.46693147996294737, 
          0.0
        ], 
        [
          -31.366040551452954, 
          -3.502221048916428, 
          57.85685723589712, 
          1.0
        ]
      ], 
      "projected_cuboid": [
        [
          241.0661793615938, 
          305.8822488365077
        ], 
        [
          132.97801065499092, 
          300.1024347677055
        ], 
        [
          147.5819002474536, 
          156.89052387155147
        ], 
        [
          240.35940521997776, 
          173.47761044745073
        ], 
        [
          232.54638455018218, 
          325.1400961966045
        ], 
        [
          130.05123620471824, 
          321.55813016673875
        ], 
        [
          144.3003828284961, 
          182.80256619871764
        ], 
        [
          232.93420596677572, 
          196.61070002811354
        ]
      ], 
      "projected_cuboid_centroid": [
        190.05810904753062, 
        241.00336258589294
      ], 
      "quaternion_xyzw": [
        0.9196498962400325, 
        -0.03316024860342191, 
        0.2886263569995312, 
        0.264271038005677
      ], 
      "visibility": 0.6306042235693825
    }, 
    {
      "bounding_box": {
        "bottom_right": [
          185, 
          212
        ], 
        "top_left": [
          37, 
          0
        ]
      }, 
      "class": "024_bowl", 
      "cuboid": [
        [
          -39.417578666523525, 
          -15.435756454426421, 
          37.784935049810166
        ], 
        [
          -40.20451336556133, 
          -7.307194092446773, 
          51.67901829026263
        ], 
        [
          -41.34808155156463, 
          -11.979477440427372, 
          54.347710598990304
        ], 
        [
          -40.56114685252682, 
          -20.108039802407024, 
          40.45362735853784
        ], 
        [
          -23.643721716674207, 
          -17.947041294802595, 
          40.14753287199782
        ], 
        [
          -24.43065641571202, 
          -9.818478932822943, 
          54.041616112450285
        ], 
        [
          -25.57422460171531, 
          -14.490762280803546, 
          56.710308421177956
        ], 
        [
          -24.7872899026775, 
          -22.619324642783194, 
          42.81622518072549
        ]
      ], 
      "cuboid_centroid": [
        -32.49590163411942, 
        -14.963259367614985, 
        47.247621735494064
      ], 
      "location": [
        -32.49590163411942, 
        -14.963259367614985, 
        47.247621735494064
      ], 
      "pose_transform_permuted": [
        [
          -0.9769332647699059, 
          0.1555331524608065, 
          -0.14632441584238542, 
          0.0
        ], 
        [
          0.04882819429349735, 
          -0.504365893158413, 
          -0.862108376748859, 
          0.0
        ], 
        [
          0.20788747828584647, 
          0.8493671080893818, 
          -0.4851374156544014, 
          0.0
        ], 
        [
          -32.49590163411942, 
          -14.963259367614985, 
          47.247621735494064, 
          1.0
        ]
      ], 
      "projected_cuboid": [
        [
          -79.40311389250635, 
          55.416871476679155
        ], 
        [
          63.2350073195272, 
          197.87740993558285
        ], 
        [
          72.46280714116263, 
          155.73071373930875
        ], 
        [
          -57.596242450225354, 
          8.192599414139423
        ], 
        [
          164.8965926982778, 
          34.878150272625334
        ], 
        [
          238.48946245515873, 
          176.3910809519512
        ], 
        [
          239.08564291374205, 
          137.01136130572058
        ], 
        [
          170.27320640503584, 
          -8.460130230980393
        ]
      ], 
      "projected_cuboid_centroid": [
        111.73450281414989, 
        104.38493075359148
      ], 
      "quaternion_xyzw": [
        0.7149335140810761, 
        -0.2490628000422314, 
        -0.643081351376616, 
        0.11525696330561747
      ], 
      "visibility": 0.7357452910759411
    }, 
    {
      "bounding_box": {
        "bottom_right": [
          124, 
          415
        ], 
        "top_left": [
          0, 
          282
        ]
      }, 
      "class": "025_mug", 
      "cuboid": [
        [
          -4.682394133311936, 
          -18.51947258417755, 
          42.00873669076665
        ], 
        [
          -16.04643949442937, 
          -16.24918393722803, 
          40.40529725834092
        ], 
        [
          -17.91740031476554, 
          -23.663408196533993, 
          43.16764323771663
        ], 
        [
          -6.553354953648108, 
          -25.93369684348351, 
          44.771082670142356
        ], 
        [
          -5.232109559728417, 
          -15.153673347397062, 
          50.67032162863136
        ], 
        [
          -16.59615492084585, 
          -12.88338470044754, 
          49.06688219620565
        ], 
        [
          -18.46711574118202, 
          -20.297608959753504, 
          51.829228175581356
        ], 
        [
          -7.1030703800645885, 
          -22.567897606703024, 
          53.43266760800708
        ]
      ], 
      "cuboid_centroid": [
        -11.57475493724698, 
        -19.408540771965527, 
        46.918982433174
      ], 
      "location": [
        -11.57475493724698, 
        -19.408540771965527, 
        46.918982433174
      ], 
      "pose_transform_permuted": [
        [
          0.05905330886415631, 
          -0.36157177396319246, 
          -0.9304727973948566, 
          0.0
        ], 
        [
          0.9713689215148703, 
          -0.1940583449323687, 
          0.13705781547818807, 
          0.0
        ], 
        [
          0.230122002842246, 
          0.9119251015456827, 
          -0.33975943398052855, 
          0.0
        ], 
        [
          -11.57475493724698, 
          -19.408540771965527, 
          46.918982433174, 
          1.0
        ]
      ], 
      "projected_cuboid": [
        [
          421.6566071811638, 
          38.17360250213777
        ], 
        [
          268.0310676137424, 
          58.80951164339042
        ], 
        [
          258.38976706532117, 
          -19.065743709903888
        ], 
        [
          402.88200840345974, 
          -35.639392904691526
        ], 
        [
          426.0687012559915, 
          113.78980511327678
        ], 
        [
          299.7062590229085, 
          133.25397323030623
        ], 
        [
          289.9879962243469, 
          64.42538509846135
        ], 
        [
          410.1094223639195, 
          48.03291911004067
        ]
      ], 
      "projected_cuboid_centroid": [
        348.9324971627673, 
        52.67316706684787
      ], 
      "quaternion_xyzw": [
        0.976443395755152, 
        -0.10860341460104975, 
        0.0502105716508733, 
        0.1795626891923757
      ], 
      "visibility": 0.7468625257772387
    }, 
    {
      "bounding_box": {
        "bottom_right": [
          173, 
          298
        ], 
        "top_left": [
          74, 
          235
        ]
      }, 
      "class": "061_foam_brick", 
      "cuboid": [
        [
          -23.360033434767143, 
          -19.54694241027947, 
          51.759343657897574
        ], 
        [
          -21.70983548419893, 
          -12.809447281302177, 
          48.22004976355777
        ], 
        [
          -23.911652456180903, 
          -10.249010341161936, 
          52.067567930764824
        ], 
        [
          -25.561850406749116, 
          -16.986505470139228, 
          55.60686182510464
        ], 
        [
          -18.747586440563346, 
          -19.356601336295686, 
          54.27223829204285
        ], 
        [
          -17.097388489995136, 
          -12.619106207318392, 
          50.73294439770304
        ], 
        [
          -19.29920546197711, 
          -10.058669267178152, 
          54.58046256491011
        ], 
        [
          -20.94940341254532, 
          -16.796164396155444, 
          58.11975645924991
        ]
      ], 
      "cuboid_centroid": [
        -21.329619448372124, 
        -14.80280583872881, 
        53.16990311140384
      ], 
      "location": [
        -21.329619448372124, 
        -14.80280583872881, 
        53.16990311140384
      ], 
      "pose_transform_permuted": [
        [
          -0.8775584013280018, 
          -0.03621405488283555, 
          -0.4781001929382418, 
          0.0
        ], 
        [
          -0.21190615604113003, 
          -0.8651790493593882, 
          0.4544898168072169, 
          0.0
        ], 
        [
          0.4301011895943945, 
          -0.5001537311452633, 
          -0.7515711622534208, 
          0.0
        ], 
        [
          -21.329619448372124, 
          -14.80280583872881, 
          53.16990311140384, 
          1.0
        ]
      ], 
      "projected_cuboid": [
        [
          238.89334550696915, 
          71.87812663404782
        ], 
        [
          239.48267034601673, 
          131.6125015958538
        ], 
        [
          234.63284916798204, 
          168.30760118274566
        ], 
        [
          234.39298444718028, 
          110.37074450684133
        ], 
        [
          295.83400264054467, 
          83.07410375801037
        ], 
        [
          300.36650111719024, 
          140.6307944132745
        ], 
        [
          291.4481076894735, 
          175.0007219818344
        ], 
        [
          287.75875943614534, 
          119.16126388617535
        ]
      ], 
      "projected_cuboid_centroid": [
        265.86784670081005, 
        124.80730861114503
      ], 
      "quaternion_xyzw": [
        -0.43761864269928225, 
        0.7399594718842099, 
        0.2416879351341439, 
        -0.4500409376284259
      ], 
      "visibility": 0.9291857273559012
    }
  ]
}