{
  "camera_data": {
    "location_worldframe": [
      -23.559964896673712, 
      -18.74642022980104, 
      66.8927927104103
    ], 
    "quaternion_xyzw_worldframe": [
      0.9019096910884946, 
      0.0017337370455780758, 
      0.08235807256475061, 
      -0.4239992520612633
    ]
  }, 
  "objects": [
    {
      "bounding_box": {
        "bottom_right": [
          348, 
          321
        ], 
        "top_left": [
          143, 
          131
        ]
      }, 
      "class": "003_cracker_box", 
      "cuboid": [
        [
          -18.064986120556025, 
          5.416952454355138, 
          57.90102895449707
        ], 
        [
          -31.51964549983277, 
          1.1987770063152534, 
          49.519069006826705
        ], 
        [
          -33.754036025276456, 
          -16.104611178352407, 
          61.813531315399075
        ], 
        [
          -20.29937664599971, 
          -11.88643573031252, 
          70.19549126306943
        ], 
        [
          -22.102867324718055, 
          9.193358650510598, 
          62.48214990440183
        ], 
        [
          -35.5575267039948, 
          4.975183202470713, 
          54.10018995673147
        ], 
        [
          -37.79191722943849, 
          -12.328204982196945, 
          66.39465226530383
        ], 
        [
          -24.33725785016174, 
          -8.11002953415706, 
          74.7766122129742
        ]
      ], 
      "cuboid_centroid": [
        -27.928451674997255, 
        -3.455626263920904, 
        62.14784060990045
      ], 
      "location": [
        -27.928451674997255, 
        -3.455626263920904, 
        62.14784060990045
      ], 
      "pose_transform_permuted": [
        [
          0.5623790112396638, 
          -0.5259618783346518, 
          -0.6380391447676099, 
          0.0
        ], 
        [
          0.8202259754606307, 
          0.2571493617193736, 
          0.5109829301913869, 
          0.0
        ], 
        [
          0.10468618293144027, 
          0.8107023549404577, 
          -0.5760229984967973, 
          0.0
        ], 
        [
          -27.928451674997255, 
          -3.455626263920904, 
          62.14784060990045, 
          1.0
        ]
      ], 
      "projected_cuboid": [
        [
          313.8159485663318, 
          323.18145137382004
        ], 
        [
          139.30203923166184, 
          286.1973472140375
        ], 
        [
          187.94443925081094, 
          134.33792368939615
        ], 
        [
          326.0845974596862, 
          182.97776123502862
        ], 
        [
          291.3647106402716, 
          351.75692049763836
        ], 
        [
          128.14991041260993, 
          322.33188576790116
        ], 
        [
          175.50113279274314, 
          174.25938868511204
        ], 
        [
          306.5730719314582, 
          215.4444207383668
        ]
      ], 
      "projected_cuboid_centroid": [
        239.93273712805674, 
        243.6321985774695
      ], 
      "quaternion_xyzw": [
        0.9040143078470465, 
        0.04216282238691324, 
        0.29683212204553316, 
        0.3047476315546042
      ], 
      "visibility": 0.9093118856121537
    }, 
    {
      "bounding_box": {
        "bottom_right": [
          319, 
          201
        ], 
        "top_left": [
          173, 
          75
        ]
      }, 
      "class": "004_sugar_box", 
      "cuboid": [
        [
          -32.85175383096542, 
          3.0247215897427697, 
          57.85060601317467
        ], 
        [
          -41.08711277092183, 
          1.5440385842505309, 
          53.86605046488428
        ], 
        [
          -43.5998351294716, 
          -12.463356665042145, 
          64.26461164923987
        ], 
        [
          -35.36447618951518, 
          -10.982673659549908, 
          68.24916719753024
        ], 
        [
          -34.81935936116351, 
          5.667566034406817, 
          60.9351943178335
        ], 
        [
          -43.05471830111992, 
          4.186883028914579, 
          56.950638769543126
        ], 
        [
          -45.567440659669685, 
          -9.820512220378099, 
          67.3491999538987
        ], 
        [
          -37.33208171971327, 
          -8.33982921488586, 
          71.33375550218908
        ]
      ], 
      "cuboid_centroid": [
        -39.20959724531755, 
        -3.3978953153176645, 
        62.59990298353668
      ], 
      "location": [
        -39.20959724531755, 
        -3.3978953153176645, 
        62.59990298353668
      ], 
      "pose_transform_permuted": [
        [
          0.4359475110277677, 
          -0.5855551023831819, 
          -0.6834289563243927, 
          0.0
        ], 
        [
          0.8886086910884067, 
          0.1597681166079532, 
          0.4299400567905423, 
          0.0
        ], 
        [
          0.14256338538504887, 
          0.7947323270200707, 
          -0.5899792631410751, 
          0.0
        ], 
        [
          -39.20959724531755, 
          -3.3978953153176645, 
          62.59990298353668, 
          1.0
        ]
      ], 
      "projected_cuboid": [
        [
          176.21580604114445, 
          301.17117685769887
        ], 
        [
          71.40974973328696, 
          288.5738294580859
        ], 
        [
          116.75517689019115, 
          169.85555145664222
        ], 
        [
          202.945422712058, 
          187.46461254660258
        ], 
        [
          174.30997831315003, 
          322.8904489708546
        ], 
        [
          75.04713742688661, 
          312.4949956916802
        ], 
        [
          117.75414314919766, 
          195.52063300432653
        ], 
        [
          200.16158153455714, 
          210.93465128643334
        ]
      ], 
      "projected_cuboid_centroid": [
        144.76730503641738, 
        244.33818459978562
      ], 
      "quaternion_xyzw": [
        0.9174380053214591, 
        0.00468825444419975, 
        0.23595261009350535, 
        0.3203307358932564
      ], 
      "visibility": 0.5869382772564279
    }, 
    {
      "bounding_box": {
        "bottom_right": [
          189, 
          153
        ], 
        "top_left": [
          51, 
          0
        ]
      }, 
      "class": "024_bowl", 
      "cuboid": [
        [
          -49.3809480163007, 
          -17.720143574407977, 
          45.235162738737536
        ], 
        [
          -48.65277331441209, 
          -7.949260692755872, 
          58.031175817127675
        ], 
        [
          -49.39505818813227, 
          -12.260856792083974, 
          61.36569988527037
        ], 
        [
          -50.12323289002089, 
          -22.031739673736077, 
          48.56968680688023
        ], 
        [
          -33.39896535674431, 
          -19.892248079361437, 
          45.98427913985203
        ], 
        [
          -32.67079065485569, 
          -10.12136519770933, 
          58.78029221824217
        ], 
        [
          -33.41307552857588, 
          -14.432961297037433, 
          62.114816286384865
        ], 
        [
          -34.1412502304645, 
          -24.203844178689536, 
          49.31880320799472
        ]
      ], 
      "cuboid_centroid": [
        -41.39701177243829, 
        -16.076552435722704, 
        53.6749895125612
      ], 
      "location": [
        -41.39701177243829, 
        -16.076552435722704, 
        53.6749895125612
      ], 
      "pose_transform_permuted": [
        [
          -0.9898232592533813, 
          0.13452646059820358, 
          -0.04639554763050248, 
          0.0
        ], 
        [
          -0.04518221888919225, 
          -0.6062695778285829, 
          -0.7939746633840409, 
          0.0
        ], 
        [
          0.13493881034477578, 
          0.7837983352868721, 
          -0.6061779335015959, 
          0.0
        ], 
        [
          -41.39701177243829, 
          -16.076552435722704, 
          53.6749895125612, 
          1.0
        ]
      ], 
      "projected_cuboid": [
        [
          -105.45281427228582, 
          64.36721476779098
        ], 
        [
          30.740947572541526, 
          200.23104083729407
        ], 
        [
          48.73498160977508, 
          166.72937256328487
        ], 
        [
          -73.36782522442708, 
          31.366958263913954
        ], 
        [
          91.01224015800065, 
          42.57887761435383
        ], 
        [
          182.70138509906658, 
          181.4543598030142
        ], 
        [
          192.32068033068575, 
          149.36472088433658
        ], 
        [
          109.3265616329288, 
          11.55301549349373
        ]
      ], 
      "projected_cuboid_centroid": [
        66.84480590600838, 
        113.54844913016149
      ], 
      "quaternion_xyzw": [
        0.6680216433672231, 
        -0.27738936138252607, 
        -0.6675674135519128, 
        0.17651055081314077
      ], 
      "visibility": 0.6871893009636998
    }, 
    {
      "bounding_box": {
        "bottom_right": [
          127, 
          327
        ], 
        "top_left": [
          0, 
          196
        ]
      }, 
      "class": "025_mug", 
      "cuboid": [
        [
          -14.343866677435347, 
          -20.195618046664983, 
          45.62273272916335
        ], 
        [
          -25.85380683418681, 
          -18.16104540997747, 
          45.12418754815881
        ], 
        [
          -27.261822999662883, 
          -25.18373263215898, 
          48.97141066691003
        ], 
        [
          -15.751882842911419, 
          -27.218305268846493, 
          49.46995584791457
        ], 
        [
          -13.920459877011455, 
          -15.793219216128124, 
          53.81379227029964
        ], 
        [
          -25.43040003376292, 
          -13.758646579440608, 
          53.315247089295106
        ], 
        [
          -26.838416199238992, 
          -20.781333801622118, 
          57.16247020804632
        ], 
        [
          -15.328476042487527, 
          -22.815906438309632, 
          57.66101538905086
        ]
      ], 
      "cuboid_centroid": [
        -20.591141438337168, 
        -20.48847592414355, 
        51.39260146860484
      ], 
      "location": [
        -20.591141438337168, 
        -20.48847592414355, 
        51.39260146860484
      ], 
      "pose_transform_permuted": [
        [
          -0.04548457503477967, 
          -0.47292872892005733, 
          -0.8799264960793433, 
          0.0
        ], 
        [
          0.983839627657469, 
          -0.17390995592158429, 
          0.0426143401764106, 
          0.0
        ], 
        [
          0.17318133897394722, 
          0.863767338865324, 
          -0.4731957397744701, 
          0.0
        ], 
        [
          -20.591141438337168, 
          -20.48847592414355, 
          51.39260146860484, 
          1.0
        ]
      ], 
      "projected_cuboid": [
        [
          312.5231247285569, 
          37.204261576145065
        ], 
        [
          173.48632417823504, 
          58.64242593699313
        ], 
        [
          182.23000431446093, 
          -0.9750690902984829
        ], 
        [
          310.3659519372316, 
          -20.145201986817074
        ], 
        [
          342.4891914083654, 
          116.7684274017315
        ], 
        [
          225.0934450188021, 
          135.6569468354594
        ], 
        [
          229.11087536191687, 
          79.3989708332008
        ], 
        [
          338.6390790620272, 
          62.25713398551246
        ]
      ], 
      "projected_cuboid_centroid": [
        266.13463608277937, 
        60.67022498254176
      ], 
      "quaternion_xyzw": [
        0.9653410618276497, 
        -0.08988825520339788, 
        -0.0007433214466540315, 
        0.24502336689772108
      ], 
      "visibility": 0.7811617012963238
    }, 
    {
      "bounding_box": {
        "bottom_right": [
          178, 
          237
        ], 
        "top_left": [
          89, 
          173
        ]
      }, 
      "class": "061_foam_brick", 
      "cuboid": [
        [
          -31.716936784809075, 
          -20.054320850482636, 
          57.58679405494691
        ], 
        [
          -30.608841411156405, 
          -13.799018876205487, 
          53.08269403240552
        ], 
        [
          -32.38200065101283, 
          -10.789930258352085, 
          56.82549022636905
        ], 
        [
          -33.490096024665505, 
          -17.045232232629235, 
          61.32959024891043
        ], 
        [
          -26.843340305668406, 
          -19.54816642783835, 
          59.48874082077562
        ], 
        [
          -25.735244932015732, 
          -13.2928644535612, 
          54.98464079823424
        ], 
        [
          -27.508404171872165, 
          -10.283775835707798, 
          58.72743699219776
        ], 
        [
          -28.61649954552483, 
          -16.53907780998495, 
          63.231537014739146
        ]
      ], 
      "cuboid_centroid": [
        -29.61267047834062, 
        -15.169048343095218, 
        58.15711552357234
      ], 
      "location": [
        -29.61267047834062, 
        -15.169048343095218, 
        58.15711552357234
      ], 
      "pose_transform_permuted": [
        [
          -0.9272443759954244, 
          -0.09630030795345608, 
          -0.36186201496278186, 
          0.0
        ], 
        [
          -0.14229337218413335, 
          -0.8032593882383271, 
          0.5783830490595797, 
          0.0
        ], 
        [
          0.3463675265051889, 
          -0.5877929957859808, 
          -0.731114854648446, 
          0.0
        ], 
        [
          -29.61267047834062, 
          -15.169048343095218, 
          58.15711552357234, 
          1.0
        ]
      ], 
      "projected_cuboid": [
        [
          185.41410495574635, 
          87.56058792151815
        ], 
        [
          171.50855836131078, 
          134.64837860813685
        ], 
        [
          175.15229042383865, 
          172.02069610472455
        ], 
        [
          187.94161627954486, 
          125.06190265505316
        ], 
        [
          238.93967989385203, 
          98.03623301256653
        ], 
        [
          229.89971300992767, 
          144.35335179334882
        ], 
        [
          229.70407479954866, 
          179.89681551059383
        ], 
        [
          238.2228843443553, 
          133.7894689539935
        ]
      ], 
      "projected_cuboid_centroid": [
        207.77625608696943, 
        134.1814522733338
      ], 
      "quaternion_xyzw": [
        0.39742157936902067, 
        -0.7231784674153564, 
        -0.21945293426801718, 
        0.5204895792998804
      ], 
      "visibility": 0.7949367088607595
    }
  ]
}