{
  "camera_data": {
    "location_worldframe": [
      -14.828239393127715, 
      -19.00865932586465, 
      61.953200047174604
    ], 
    "quaternion_xyzw_worldframe": [
      0.8586871718106249, 
      0.018540620067920153, 
      0.14641066134684674, 
      -0.4907933261062609
    ]
  }, 
  "objects": [
    {
      "bounding_box": {
        "bottom_right": [
          349, 
          398
        ], 
        "top_left": [
          136, 
          225
        ]
      }, 
      "class": "003_cracker_box", 
      "cuboid": [
        [
          -8.100241017289562, 
          6.110416873757139, 
          57.63104262830239
        ], 
        [
          -20.289639281085954, 
          3.5385179799870032, 
          46.95949064492446
        ], 
        [
          -24.224853021850716, 
          -15.384154010942547, 
          56.01488266761356
        ], 
        [
          -12.035454758054327, 
          -12.81225511717241, 
          66.68643465099149
        ], 
        [
          -12.719048590695095, 
          9.235259555794258, 
          62.15369365920378
        ], 
        [
          -24.908446854491483, 
          6.663360662024122, 
          51.48214167582586
        ], 
        [
          -28.84366059525625, 
          -12.25931132890543, 
          60.537533698514956
        ], 
        [
          -16.654262331459858, 
          -9.687412435135293, 
          71.20908568189289
        ]
      ], 
      "cuboid_centroid": [
        -18.471950806272904, 
        -3.0744472275741455, 
        59.08428816340867
      ], 
      "location": [
        -18.471950806272904, 
        -3.0744472275741455, 
        59.08428816340867
      ], 
      "pose_transform_permuted": [
        [
          0.6432879782497538, 
          -0.43521486862767417, 
          -0.6298957018147849, 
          0.0
        ], 
        [
          0.7430928423650631, 
          0.15678867962855297, 
          0.6505615555550032, 
          0.0
        ], 
        [
          0.1843735465438451, 
          0.8865694152550777, 
          -0.42426532649877613, 
          0.0
        ], 
        [
          -18.471950806272904, 
          -3.0744472275741455, 
          59.08428816340867, 
          1.0
        ]
      ], 
      "projected_cuboid": [
        [
          406.0124890579979, 
          329.8325387389108
        ], 
        [
          249.2470629514649, 
          313.4735355023346
        ], 
        [
          249.0293358133073, 
          126.81348985880986
        ], 
        [
          384.5423301480296, 
          170.82152250514054
        ], 
        [
          371.5497610468659, 
          352.53114094549704
        ], 
        [
          221.4123521793831, 
          342.3143720052556
        ], 
        [
          225.37449340199123, 
          165.28526326056692
        ], 
        [
          355.8257164806173, 
          200.73278009451073
        ]
      ], 
      "projected_cuboid_centroid": [
        313.4719923441012, 
        245.5352869321423
      ], 
      "quaternion_xyzw": [
        0.9027122962820057, 
        -0.00763944033688965, 
        0.35832278432833076, 
        0.23802716509633942
      ], 
      "visibility": 0.9344225315803042
    }, 
    {
      "bounding_box": {
        "bottom_right": [
          327, 
          257
        ], 
        "top_left": [
          167, 
          153
        ]
      }, 
      "class": "004_sugar_box", 
      "cuboid": [
        [
          -22.74604592349308, 
          4.099851701043303, 
          55.216241941160916
        ], 
        [
          -30.361441856609567, 
          3.4383982185674054, 
          49.9761593060798
        ], 
        [
          -34.3054561084004, 
          -11.931594744234927, 
          57.64812371755404
        ], 
        [
          -26.690060175283914, 
          -11.27014126175903, 
          62.88820635263516
        ], 
        [
          -25.111660007541747, 
          6.285239786458918, 
          58.37831914007145
        ], 
        [
          -32.72705594065823, 
          5.623786303983021, 
          53.13823650499033
        ], 
        [
          -36.671070192449065, 
          -9.746206658819311, 
          60.810200916464574
        ], 
        [
          -29.05567425933258, 
          -9.084753176343414, 
          66.05028355154569
        ]
      ], 
      "cuboid_centroid": [
        -29.708558057971075, 
        -2.8231774788880046, 
        58.01322142881274
      ], 
      "location": [
        -29.708558057971075, 
        -2.8231774788880046, 
        58.01322142881274
      ], 
      "pose_transform_permuted": [
        [
          0.5241312631853734, 
          -0.48419994853885323, 
          -0.7005975859418943, 
          0.0
        ], 
        [
          0.8217136692626582, 
          0.0713719119669467, 
          0.5654134817321219, 
          0.0
        ], 
        [
          0.22377005634108385, 
          0.8720415220829029, 
          -0.43528136538118883, 
          0.0
        ], 
        [
          -29.708558057971075, 
          -2.8231774788880046, 
          58.01322142881274, 
          1.0
        ]
      ], 
      "projected_cuboid": [
        [
          260.0679570947034, 
          312.8859587930493
        ], 
        [
          154.89547404398837, 
          309.9793357106856
        ], 
        [
          161.58249237438918, 
          162.90387979225412
        ], 
        [
          253.36740843131622, 
          177.71079511006317
        ], 
        [
          250.27579471411767, 
          330.70582501164535
        ], 
        [
          150.39614388847383, 
          329.7294228935485
        ], 
        [
          157.303089672423, 
          187.81004235331412
        ], 
        [
          245.0334195552962, 
          199.93217041934747
        ]
      ], 
      "projected_cuboid_centroid": [
        206.208232697473, 
        247.33287088321555
      ], 
      "quaternion_xyzw": [
        0.9211884684047361, 
        -0.04135911097488332, 
        0.2956899652696231, 
        0.2495366978248081
      ], 
      "visibility": 0.6163300558065373
    }, 
    {
      "bounding_box": {
        "bottom_right": [
          193, 
          231
        ], 
        "top_left": [
          49, 
          4
        ]
      }, 
      "class": "024_bowl", 
      "cuboid": [
        [
          -37.43784254974473, 
          -14.080868351167721, 
          37.430698108145805
        ], 
        [
          -38.44717596100737, 
          -6.400853679358834, 
          51.56353087767482
        ], 
        [
          -39.64864295972597, 
          -11.153042973764594, 
          54.0601430781664
        ], 
        [
          -38.63930954846332, 
          -18.833057645573483, 
          39.927310308637374
        ], 
        [
          -21.713853565384188, 
          -16.71444569541939, 
          39.98479753549225
        ], 
        [
          -22.72318697664683, 
          -9.0344310236105, 
          54.11763030502127
        ], 
        [
          -23.92465397536543, 
          -13.78662031801626, 
          56.614242505512834
        ], 
        [
          -22.915320564102785, 
          -21.46663498982515, 
          42.48140973598382
        ]
      ], 
      "cuboid_centroid": [
        -30.681248262555076, 
        -13.93374433459199, 
        47.02247030682932
      ], 
      "location": [
        -30.681248262555076, 
        -13.93374433459199, 
        47.02247030682932
      ], 
      "pose_transform_permuted": [
        [
          -0.9738447573435186, 
          0.16310717924752172, 
          -0.15818481808460577, 
          0.0
        ], 
        [
          0.06262772244293019, 
          -0.47653413813180556, 
          -0.8769224501497201, 
          0.0
        ], 
        [
          0.2184128132142304, 
          0.8638930855568263, 
          -0.4538552409645079, 
          0.0
        ], 
        [
          -30.681248262555076, 
          -13.93374433459199, 
          47.02247030682932, 
          1.0
        ]
      ], 
      "projected_cuboid": [
        [
          -56.26959239518542, 
          72.65969372553639
        ], 
        [
          80.62554004855429, 
          207.0827587190428
        ], 
        [
          87.19164717935999, 
          163.25841206142988
        ], 
        [
          -38.81941247023942, 
          21.728434624731246
        ], 
        [
          189.56284970471557, 
          50.34827742615229
        ], 
        [
          255.7979670784847, 
          184.25383347195208
        ], 
        [
          254.34298112602409, 
          143.41330686600878
        ], 
        [
          191.51642128102145, 
          3.7903772840381773
        ]
      ], 
      "projected_cuboid_centroid": [
        130.71649582865268, 
        115.25275813004704
      ], 
      "quaternion_xyzw": [
        0.7219254854353672, 
        -0.24065743811736284, 
        -0.6409135169875282, 
        0.10068492787093067
      ], 
      "visibility": 0.7596847392337186
    }, 
    {
      "bounding_box": {
        "bottom_right": [
          134, 
          436
        ], 
        "top_left": [
          0, 
          302
        ]
      }, 
      "class": "025_mug", 
      "cuboid": [
        [
          -2.789481317534384, 
          -17.40366697555827, 
          42.15561860358601
        ], 
        [
          -14.11818888117749, 
          -15.048690068322562, 
          40.42899640191525
        ], 
        [
          -16.05531355562257, 
          -22.542203240969354, 
          42.91828935279756
        ], 
        [
          -4.726605991979464, 
          -24.897180148205056, 
          44.644911554468315
        ], 
        [
          -3.4820149441686987, 
          -14.316422357344047, 
          50.910226706264595
        ], 
        [
          -14.810722507811802, 
          -11.961445450108341, 
          49.18360450459384
        ], 
        [
          -16.747847182256884, 
          -19.454958622755132, 
          51.67289745547614
        ], 
        [
          -5.419139618613779, 
          -21.809935529990838, 
          53.3995196571469
        ]
      ], 
      "cuboid_centroid": [
        -9.768664249895634, 
        -18.4293127991567, 
        46.91425802953108
      ], 
      "location": [
        -9.768664249895634, 
        -18.4293127991567, 
        46.91425802953108
      ], 
      "pose_transform_permuted": [
        [
          0.07439558758437709, 
          -0.3316479786042672, 
          -0.9404658327351315, 
          0.0
        ], 
        [
          0.9683483388675325, 
          -0.20129727626756289, 
          0.14758715691501223, 
          0.0
        ], 
        [
          0.2382599384194157, 
          0.9216773760684049, 
          -0.3061748131183173, 
          0.0
        ], 
        [
          -9.768664249895634, 
          -18.4293127991567, 
          46.91425802953108, 
          1.0
        ]
      ], 
      "projected_cuboid": [
        [
          446.0126623161487, 
          53.10909249461706
        ], 
        [
          293.804775132474, 
          74.77156534339737
        ], 
        [
          280.42479370637744, 
          -6.8317663015699654
        ], 
        [
          424.66339983967544, 
          -24.13041898974891
        ], 
        [
          444.81659359973014, 
          123.31218315929776
        ], 
        [
          319.6594941131025, 
          143.58329305191137
        ], 
        [
          307.3008706270469, 
          72.49055141536645
        ], 
        [
          427.0232019046129, 
          55.46312307947189
        ]
      ], 
      "projected_cuboid_centroid": [
        369.62181133749186, 
        63.78277871937836
      ], 
      "quaternion_xyzw": [
        0.9785820798061688, 
        -0.11229441652304811, 
        0.056710302865794905, 
        0.16294565496460964
      ], 
      "visibility": 0.7956064135513587
    }, 
    {
      "bounding_box": {
        "bottom_right": [
          181, 
          316
        ], 
        "top_left": [
          82, 
          252
        ]
      }, 
      "class": "061_foam_brick", 
      "cuboid": [
        [
          -21.636878018816567, 
          -18.68767753279805, 
          51.5422432237386
        ], 
        [
          -19.908584945148196, 
          -11.844894915098138, 
          48.25090242431093
        ], 
        [
          -22.170915723354803, 
          -9.402837145379026, 
          52.14004688663996
        ], 
        [
          -23.899208797023178, 
          -16.24561976307894, 
          55.43138768606762
        ], 
        [
          -17.068539835631444, 
          -18.592155668406544, 
          54.13968393693631
        ], 
        [
          -15.34024676196307, 
          -11.74937305070663, 
          50.84834313750864
        ], 
        [
          -17.60257754016968, 
          -9.307315280987517, 
          54.737487599837664
        ], 
        [
          -19.33087061383805, 
          -16.15009789868743, 
          58.02882839926533
        ]
      ], 
      "cuboid_centroid": [
        -19.619727779493125, 
        -13.997496406892784, 
        53.139865411788136
      ], 
      "location": [
        -19.619727779493125, 
        -13.997496406892784, 
        53.139865411788136
      ], 
      "pose_transform_permuted": [
        [
          -0.8691663140626815, 
          -0.0181738705534443, 
          -0.49418582428859403, 
          0.0
        ], 
        [
          -0.22193455132305134, 
          -0.8786992861326508, 
          0.4226495232210793, 
          0.0
        ], 
        [
          0.44192190874375803, 
          -0.477029637422117, 
          -0.7597024098903435, 
          0.0
        ], 
        [
          -19.619727779493125, 
          -13.997496406892784, 
          53.139865411788136, 
          1.0
        ]
      ], 
      "projected_cuboid": [
        [
          255.84953214991367, 
          79.92079041462397
        ], 
        [
          259.7127085712425, 
          142.36433546438323
        ], 
        [
          252.92982711930892, 
          177.1086960645988
        ], 
        [
          249.74044269932713, 
          116.98326790147927
        ], 
        [
          312.0569851384206, 
          90.13879883176476
        ], 
        [
          319.36105069670344, 
          150.05399290165553
        ], 
        [
          308.661970375808, 
          182.60328371177073
        ], 
        [
          302.45427170015904, 
          124.85749474384664
        ]
      ], 
      "projected_cuboid_centroid": [
        283.049640393562, 
        132.805584721293
      ], 
      "quaternion_xyzw": [
        -0.4458760016931349, 
        0.7404643835178305, 
        0.2503592866324013, 
        -0.4361505651178474
      ], 
      "visibility": 0.9607283113173867
    }
  ]
}