{
  "camera_data": {
    "location_worldframe": [
      -27.41953516883283, 
      -11.761278187334314, 
      81.30569055612202
    ], 
    "quaternion_xyzw_worldframe": [
      0.93633454387635, 
      0.015279083292429572, 
      0.012414151481693707, 
      -0.35055738297634736
    ]
  }, 
  "objects": [
    {
      "bounding_box": {
        "bottom_right": [
          381, 
          319
        ], 
        "top_left": [
          207, 
          139
        ]
      }, 
      "class": "003_cracker_box", 
      "cuboid": [
        [
          -24.955516254506744, 
          10.845442666048585, 
          67.9722565021871
        ], 
        [
          -38.88872788060127, 
          4.466860003067276, 
          62.11927327300093
        ], 
        [
          -38.30450723772494, 
          -10.636964765813406, 
          77.1886697684741
        ], 
        [
          -24.371295611630412, 
          -4.258382102832097, 
          83.04165299766025
        ], 
        [
          -28.7396630523182, 
          15.08120511489614, 
          72.36440256356632
        ], 
        [
          -42.672874678412725, 
          8.70262245191483, 
          66.51141933438015
        ], 
        [
          -42.08865403553639, 
          -6.401202316965851, 
          81.58081582985331
        ], 
        [
          -28.15544240944186, 
          -0.02261965398454198, 
          87.43379905903947
        ]
      ], 
      "cuboid_centroid": [
        -33.52208514502157, 
        2.222120174541367, 
        74.77653616602021
      ], 
      "location": [
        -33.52208514502157, 
        2.222120174541367, 
        74.77653616602021
      ], 
      "pose_transform_permuted": [
        [
          0.5270399565854953, 
          -0.5899390738324941, 
          -0.611719521781035, 
          0.0
        ], 
        [
          0.8493995853150405, 
          0.38885259294325974, 
          0.35681088187993926, 
          0.0
        ], 
        [
          -0.02737204100895968, 
          0.7076478998251615, 
          -0.7060348583774324, 
          0.0
        ], 
        [
          -33.52208514502157, 
          2.222120174541367, 
          74.77653616602021, 
          1.0
        ]
      ], 
      "projected_cuboid": [
        [
          284.16094768089863, 
          358.3813584215581
        ], 
        [
          144.93893625820996, 
          311.63637353810964
        ], 
        [
          214.73425393571938, 
          199.79257012157296
        ], 
        [
          323.7725873560132, 
          245.93787034195722
        ], 
        [
          268.0230447666069, 
          384.43375595963573
        ], 
        [
          136.5745636517977, 
          343.0682239685807
        ], 
        [
          204.1572878345993, 
          231.43985482741448
        ], 
        [
          308.42623589186917, 
          273.1485649714055
        ]
      ], 
      "projected_cuboid_centroid": [
        240.51915725920574, 
        289.13509510918743
      ], 
      "quaternion_xyzw": [
        0.8900515444233044, 
        0.11691026114164715, 
        0.24825832953250834, 
        0.3640165393594238
      ], 
      "visibility": 0.8761711430356027
    }, 
    {
      "bounding_box": {
        "bottom_right": [
          347, 
          222
        ], 
        "top_left": [
          228, 
          103
        ]
      }, 
      "class": "004_sugar_box", 
      "cuboid": [
        [
          -39.409799061642346, 
          7.577327634737429, 
          70.15523662261307
        ], 
        [
          -47.89714768520267, 
          4.948556285345202, 
          67.51995362360735
        ], 
        [
          -48.07064584535624, 
          -7.246686046030493, 
          80.24382618243533
        ], 
        [
          -39.58329722179592, 
          -4.617914696638266, 
          82.87910918144105
        ], 
        [
          -41.22200436999615, 
          10.57388067121589, 
          73.00258014076148
        ], 
        [
          -49.70935299355647, 
          7.945109321823664, 
          70.36729714175577
        ], 
        [
          -49.88285115371004, 
          -4.250133009552031, 
          83.09116970058375
        ], 
        [
          -41.39550253014972, 
          -1.6213616601598035, 
          85.72645269958946
        ]
      ], 
      "cuboid_centroid": [
        -44.64632510767619, 
        1.663597312592699, 
        76.62320316159841
      ], 
      "location": [
        -44.64632510767619, 
        1.663597312592699, 
        76.62320316159841
      ], 
      "pose_transform_permuted": [
        [
          0.4015166564248345, 
          -0.663923646211734, 
          -0.6308644190753442, 
          0.0
        ], 
        [
          0.9157987898500564, 
          0.283648725572913, 
          0.2843513432101108, 
          0.0
        ], 
        [
          0.009843699995508224, 
          0.6919168870513086, 
          -0.7219095818613955, 
          0.0
        ], 
        [
          -44.64632510767619, 
          1.663597312592699, 
          76.62320316159841, 
          1.0
        ]
      ], 
      "projected_cuboid": [
        [
          179.5074047260556, 
          330.88932588803027
        ], 
        [
          100.11928068617624, 
          312.37367939316323
        ], 
        [
          159.44563540674653, 
          225.12333633331764
        ], 
        [
          224.75945147593703, 
          243.57067393010544
        ], 
        [
          177.94053188693104, 
          350.53391226876636
        ], 
        [
          101.70609025439653, 
          333.5031807100613
        ], 
        [
          158.75647660225513, 
          246.00711499047105
        ], 
        [
          221.92212560573967, 
          263.1997573258041
        ]
      ], 
      "projected_cuboid_centroid": [
        168.2561203954923, 
        284.8656548638946
      ], 
      "quaternion_xyzw": [
        0.8998027694968367, 
        0.07607362270359389, 
        0.1905606492016239, 
        0.38503805363037447
      ], 
      "visibility": 0.4347626163926888
    }, 
    {
      "bounding_box": {
        "bottom_right": [
          237, 
          180
        ], 
        "top_left": [
          132, 
          41
        ]
      }, 
      "class": "024_bowl", 
      "cuboid": [
        [
          -55.529963187325684, 
          -15.960356942884598, 
          63.16739863925882
        ], 
        [
          -54.147374715048926, 
          -4.158412218099682, 
          74.05504720151565
        ], 
        [
          -54.15475118305776, 
          -7.887898839784863, 
          78.0986561891539
        ], 
        [
          -55.53733965533452, 
          -19.68984356456978, 
          67.21100762689707
        ], 
        [
          -39.44320266453417, 
          -16.993184426110766, 
          62.244150912227944
        ], 
        [
          -38.06061419225741, 
          -5.191239701325849, 
          73.13179947448478
        ], 
        [
          -38.06799066026624, 
          -8.92072632301103, 
          77.17540846212303
        ], 
        [
          -39.450579132543005, 
          -20.72267104779595, 
          66.2877598998662
        ]
      ], 
      "cuboid_centroid": [
        -46.79897692379596, 
        -12.440541632947815, 
        70.17140355069093
      ], 
      "location": [
        -46.79897692379596, 
        -12.440541632947815, 
        70.17140355069093
      ], 
      "pose_transform_permuted": [
        [
          -0.9963125396070291, 
          0.06396682360821489, 
          0.057180144274623534, 
          0.0
        ], 
        [
          -0.085787675438411, 
          -0.7322941163574561, 
          -0.6755633218959761, 
          0.0
        ], 
        [
          0.0013409566231223045, 
          0.677977560562094, 
          -0.7350813759099101, 
          0.0
        ], 
        [
          -46.79897692379596, 
          -12.440541632947815, 
          70.17140355069093, 
          1.0
        ]
      ], 
      "projected_cuboid": [
        [
          8.852951764096417, 
          138.533942569794
        ], 
        [
          88.39618837016397, 
          243.33904953036682
        ], 
        [
          108.70362890271147, 
          219.42170692542481
        ], 
        [
          37.23558773451492, 
          117.04755967516395
        ], 
        [
          140.8239228634717, 
          127.68574012231647
        ], 
        [
          201.72389551118144, 
          235.42900112951435
        ], 
        [
          216.3364632132719, 
          211.63998321772337
        ], 
        [
          161.55152868255502, 
          106.56184699628106
        ]
      ], 
      "projected_cuboid_centroid": [
        122.94946355524489, 
        178.73542253575206
      ], 
      "quaternion_xyzw": [
        -0.6194775502084517, 
        0.29607008064041745, 
        0.6747120460379985, 
        -0.270838931966085
      ], 
      "visibility": 0.8335129310344828
    }, 
    {
      "bounding_box": {
        "bottom_right": [
          195, 
          315
        ], 
        "top_left": [
          101, 
          210
        ]
      }, 
      "class": "025_mug", 
      "cuboid": [
        [
          -20.590830938092168, 
          -16.184927154417526, 
          59.551380094467255
        ], 
        [
          -32.20965936839171, 
          -14.971540855214327, 
          60.18167773814781
        ], 
        [
          -32.59853585146894, 
          -21.32359362473845, 
          65.24151684254407
        ], 
        [
          -20.979707421169397, 
          -22.536979923941647, 
          64.61121919886352
        ], 
        [
          -19.598139277276132, 
          -10.455344850422467, 
          66.82051312918952
        ], 
        [
          -31.216967707575677, 
          -9.24195855121927, 
          67.45081077287007
        ], 
        [
          -31.60584419065291, 
          -15.594011320743393, 
          72.51064987726635
        ], 
        [
          -19.987015760353362, 
          -16.80739761994659, 
          71.88035223358578
        ]
      ], 
      "cuboid_centroid": [
        -26.098337564372535, 
        -15.889469237580458, 
        66.0310149858668
      ], 
      "location": [
        -26.098337564372535, 
        -15.889469237580458, 
        66.0310149858668
      ], 
      "pose_transform_permuted": [
        [
          -0.10664013494252579, 
          -0.615501725440173, 
          -0.7808883244780372, 
          0.0
        ], 
        [
          0.9931471129306199, 
          -0.10371709223114485, 
          -0.05387619662890382, 
          0.0
        ], 
        [
          0.04783052331790752, 
          0.7812815156759312, 
          -0.622343501855893, 
          0.0
        ], 
        [
          -26.098337564372535, 
          -15.889469237580458, 
          66.0310149858668, 
          1.0
        ]
      ], 
      "projected_cuboid": [
        [
          295.6566600279787, 
          128.3404663713963
        ], 
        [
          193.78196513544606, 
          140.6113413364703
        ], 
        [
          212.89823339985557, 
          98.97590551863345
        ], 
        [
          306.9813925132351, 
          87.25982485009668
        ], 
        [
          323.873435653616, 
          189.83850838074548
        ], 
        [
          232.71404180157384, 
          200.21228689765502
        ], 
        [
          247.19721490491807, 
          158.59177753421974
        ], 
        [
          332.0666680177118, 
          148.58327743350836
        ]
      ], 
      "projected_cuboid_centroid": [
        269.04927061167984, 
        144.95040514429894
      ], 
      "quaternion_xyzw": [
        0.9427774065340911, 
        -0.04018647840378967, 
        -0.042564748173572524, 
        0.32824429677592853
      ], 
      "visibility": 0.7531927531927531
    }, 
    {
      "bounding_box": {
        "bottom_right": [
          234, 
          253
        ], 
        "top_left": [
          165, 
          195
        ]
      }, 
      "class": "061_foam_brick", 
      "cuboid": [
        [
          -36.447349158658504, 
          -15.106441077484533, 
          73.42175626743767
        ], 
        [
          -36.36789047533171, 
          -9.637878581138509, 
          67.87810172365838
        ], 
        [
          -37.9424688651444, 
          -6.158796336329453, 
          71.28748890872846
        ], 
        [
          -38.0219275484712, 
          -11.627358832675478, 
          76.83114345250777
        ], 
        [
          -31.446430592068904, 
          -13.991323455639652, 
          74.5934484714279
        ], 
        [
          -31.36697190874211, 
          -8.522760959293626, 
          69.0497939276486
        ], 
        [
          -32.9415502985548, 
          -5.043678714484569, 
          72.4591811127187
        ], 
        [
          -33.021008981881586, 
          -10.512241210830595, 
          78.00283565649801
        ]
      ], 
      "cuboid_centroid": [
        -34.69444972860665, 
        -10.075059895984552, 
        72.94046869007819
      ], 
      "location": [
        -34.69444972860665, 
        -10.075059895984552, 
        72.94046869007819
      ], 
      "pose_transform_permuted": [
        [
          -0.9514685172496948, 
          -0.21216088526298682, 
          -0.22292469456543632, 
          0.0
        ], 
        [
          -0.010203493551832296, 
          -0.7022321517684327, 
          0.7118749143929813, 
          0.0
        ], 
        [
          0.30757689998113485, 
          -0.6796011799482861, 
          -0.6659870019834415, 
          0.0
        ], 
        [
          -34.69444972860665, 
          -10.075059895984552, 
          72.94046869007819, 
          1.0
        ]
      ], 
      "projected_cuboid": [
        [
          214.64522921943475, 
          163.55665315959027
        ], 
        [
          193.4725870434387, 
          197.56153599960516
        ], 
        [
          195.37441186025612, 
          227.2110379854601
        ], 
        [
          215.4702928300718, 
          192.57580158771037
        ], 
        [
          254.89138370721784, 
          173.25299688254682
        ], 
        [
          237.30917363636476, 
          207.459327446376
        ], 
        [
          237.117623292864, 
          236.1636697906722
        ], 
        [
          253.9449547458683, 
          201.4124316932536
        ]
      ], 
      "projected_cuboid_centroid": [
        225.80728576668375, 
        199.62061780505863
      ], 
      "quaternion_xyzw": [
        0.36507534190400964, 
        -0.6915072971533913, 
        -0.16407134045752017, 
        0.6013470278946712
      ], 
      "visibility": 0.7152956298200515
    }
  ]
}