{
  "camera_data": {
    "location_worldframe": [
      -25.550908965489082, 
      -16.91819665876884, 
      71.79681532205194
    ], 
    "quaternion_xyzw_worldframe": [
      0.9177963129090344, 
      -0.0015481240153858412, 
      0.04957954456150613, 
      -0.3939416707610839
    ]
  }, 
  "objects": [
    {
      "bounding_box": {
        "bottom_right": [
          357, 
          316
        ], 
        "top_left": [
          164, 
          126
        ]
      }, 
      "class": "003_cracker_box", 
      "cuboid": [
        [
          -21.101184751485896, 
          6.658737628821491, 
          60.876982441037775
        ], 
        [
          -34.98041310220092, 
          1.685397351957356, 
          53.6859447852898
        ], 
        [
          -36.09657536668546, 
          -14.776485341374363, 
          67.22530027721487
        ], 
        [
          -22.217347015970436, 
          -9.803145064510227, 
          74.41633793296285
        ], 
        [
          -24.909735960779265, 
          10.677047695519358, 
          65.44869103072361
        ], 
        [
          -38.78896431149429, 
          5.703707418655221, 
          58.25765337497564
        ], 
        [
          -39.90512657597883, 
          -10.758175274676498, 
          71.79700886690071
        ], 
        [
          -26.025898225263806, 
          -5.784834997812362, 
          78.98804652264869
        ]
      ], 
      "cuboid_centroid": [
        -30.50315566373236, 
        -2.049718822927503, 
        66.33699565396924
      ], 
      "location": [
        -30.50315566373236, 
        -2.049718822927503, 
        66.33699565396924
      ], 
      "pose_transform_permuted": [
        [
          0.530438899770089, 
          -0.559653226012355, 
          -0.6367282310567526, 
          0.0
        ], 
        [
          0.846108644722749, 
          0.3031858900992713, 
          0.4383816572008288, 
          0.0
        ], 
        [
          0.052294693192810104, 
          0.7712759445611383, 
          -0.6343490225461006, 
          0.0
        ], 
        [
          -30.50315566373236, 
          -2.049718822927503, 
          66.33699565396924, 
          1.0
        ]
      ], 
      "projected_cuboid": [
        [
          295.1972602106175, 
          331.62115041214565
        ], 
        [
          131.2035429986215, 
          290.02938225508103
        ], 
        [
          192.8450766337341, 
          156.06000317237724
        ], 
        [
          321.0450972020831, 
          203.03033638924413
        ], 
        [
          276.92437844313264, 
          360.29024327784447
        ], 
        [
          123.5443826727417, 
          325.5011172997641
        ], 
        [
          182.70521359906184, 
          193.37310365147582
        ], 
        [
          304.4083397521702, 
          234.22789650886116
        ]
      ], 
      "projected_cuboid_centroid": [
        234.32178349958858, 
        256.8077213349305
      ], 
      "quaternion_xyzw": [
        0.9019579841018981, 
        0.0695407106896115, 
        0.2685326184943072, 
        0.3309473028689227
      ], 
      "visibility": 0.8901488884356517
    }, 
    {
      "bounding_box": {
        "bottom_right": [
          326, 
          205
        ], 
        "top_left": [
          192, 
          80
        ]
      }, 
      "class": "004_sugar_box", 
      "cuboid": [
        [
          -35.81286197376098, 
          4.05169738067562, 
          61.94611295586927
        ], 
        [
          -44.25594659242985, 
          2.183753413857069, 
          58.612143938480465
        ], 
        [
          -45.83342930287854, 
          -11.122562192936675, 
          70.06223054498622
        ], 
        [
          -37.39034468420967, 
          -9.254618226118124, 
          73.39619956237502
        ], 
        [
          -37.6296233749984, 
          6.86821215277763, 
          64.96892718104104
        ], 
        [
          -46.07270799366727, 
          5.000268185959079, 
          61.63495816365223
        ], 
        [
          -47.650190704115964, 
          -8.306047420834664, 
          73.08504477015798
        ], 
        [
          -39.207106085447094, 
          -6.438103454016113, 
          76.41901378754679
        ]
      ], 
      "cuboid_centroid": [
        -41.73152633893847, 
        -2.127175020079522, 
        67.51557886301363
      ], 
      "location": [
        -41.73152633893847, 
        -2.127175020079522, 
        67.51557886301363
      ], 
      "pose_transform_permuted": [
        [
          0.4025261155476822, 
          -0.6240339264279259, 
          -0.6697421396403042, 
          0.0
        ], 
        [
          0.9110226313685986, 
          0.20155420734944968, 
          0.35974070666151825, 
          0.0
        ], 
        [
          0.08950104448377885, 
          0.7549554344719924, 
          -0.6496392663603292, 
          0.0
        ], 
        [
          -41.73152633893847, 
          -2.127175020079522, 
          67.51557886301363, 
          1.0
        ]
      ], 
      "projected_cuboid": [
        [
          170.69994212667908, 
          308.1692683916055
        ], 
        [
          75.55057338142315, 
          293.1567966372051
        ], 
        [
          129.80168803096927, 
          188.62066042671876
        ], 
        [
          207.64307549569116, 
          206.03960742930403
        ], 
        [
          170.12728910298478, 
          329.66659844084927
        ], 
        [
          79.61343348912338, 
          316.55323311894057
        ], 
        [
          130.98418948445527, 
          212.67526296326537
        ], 
        [
          205.69491005507768, 
          228.35574811211987
        ]
      ], 
      "projected_cuboid_centroid": [
        149.2039584676575, 
        256.483540597044
      ], 
      "quaternion_xyzw": [
        0.9131977066168222, 
        0.030676041467734522, 
        0.20868066594067988, 
        0.3486849516702434
      ], 
      "visibility": 0.5064590337993276
    }, 
    {
      "bounding_box": {
        "bottom_right": [
          204, 
          156
        ], 
        "top_left": [
          79, 
          0
        ]
      }, 
      "class": "024_bowl", 
      "cuboid": [
        [
          -52.715499362705444, 
          -17.740482086286573, 
          51.840940801908985
        ], 
        [
          -51.35859935433915, 
          -7.115709882459942, 
          63.88300787404626
        ], 
        [
          -51.80455595234098, 
          -11.201987608406206, 
          67.53860024432663
        ], 
        [
          -53.16145596070728, 
          -21.826759812232837, 
          55.49653317218935
        ], 
        [
          -36.67986566919413, 
          -19.621933927070856, 
          51.69405951803261
        ], 
        [
          -35.32296566082784, 
          -8.997161723244224, 
          63.73612659016988
        ], 
        [
          -35.76892225882967, 
          -13.083439449190488, 
          67.39171896045025
        ], 
        [
          -37.125822267195964, 
          -23.70821165301712, 
          55.34965188831298
        ]
      ], 
      "cuboid_centroid": [
        -44.24221081076756, 
        -15.411960767738531, 
        59.61632988117962
      ], 
      "location": [
        -44.24221081076756, 
        -15.411960767738531, 
        59.61632988117962
      ], 
      "pose_transform_permuted": [
        [
          -0.9931460660929834, 
          0.11652526678595851, 
          0.009096900818053873, 
          0.0
        ], 
        [
          -0.0841937422842936, 
          -0.6592522125748458, 
          -0.7471933712067689, 
          0.0
        ], 
        [
          0.0810697549286925, 
          0.7428380593478174, 
          -0.6645444397631891, 
          0.0
        ], 
        [
          -44.24221081076756, 
          -15.411960767738531, 
          59.61632988117962, 
          1.0
        ]
      ], 
      "projected_cuboid": [
        [
          -65.23904732260822, 
          90.7793078818396
        ], 
        [
          49.26290609656689, 
          213.8818926027679
        ], 
        [
          69.11256319554504, 
          184.82987260206392
        ], 
        [
          -33.53994068403799, 
          63.53220235619446
        ], 
        [
          100.02301359145551, 
          70.85009324165392
        ], 
        [
          183.5648391576999, 
          198.00172234119447
        ], 
        [
          196.17269286864766, 
          169.74778602316994
        ], 
        [
          120.89143380216699, 
          44.84691595754047
        ]
      ], 
      "projected_cuboid_centroid": [
        82.51398077425297, 
        135.41323197815544
      ], 
      "quaternion_xyzw": [
        -0.6421735388984567, 
        0.2882094646773518, 
        0.6775191330232241, 
        -0.21334543537766568
      ], 
      "visibility": 0.7861934063547299
    }, 
    {
      "bounding_box": {
        "bottom_right": [
          147, 
          311
        ], 
        "top_left": [
          33, 
          189
        ]
      }, 
      "class": "025_mug", 
      "cuboid": [
        [
          -17.68436099580362, 
          -19.66917268734067, 
          50.11731849401304
        ], 
        [
          -29.239273974707647, 
          -17.84229944837407, 
          50.23253890090037
        ], 
        [
          -30.265215271127378, 
          -24.608216695081605, 
          54.6224795992804
        ], 
        [
          -18.71030229222335, 
          -26.4350899340482, 
          54.50725919239308
        ], 
        [
          -16.823182319222965, 
          -14.716376390400162, 
          57.95198666287716
        ], 
        [
          -28.378095298126993, 
          -12.889503151433567, 
          58.06720706976449
        ], 
        [
          -29.404036594546724, 
          -19.6554203981411, 
          62.45714776814453
        ], 
        [
          -17.849123615642696, 
          -21.482293637107695, 
          62.3419273612572
        ]
      ], 
      "cuboid_centroid": [
        -23.54419879517517, 
        -19.662296542740883, 
        56.287233131078786
      ], 
      "location": [
        -23.54419879517517, 
        -19.662296542740883, 
        56.287233131078786
      ], 
      "pose_transform_permuted": [
        [
          -0.09251232170590958, 
          -0.5320553060901121, 
          -0.8416410691621725, 
          0.0
        ], 
        [
          0.987683787053496, 
          -0.15615635378851275, 
          -0.009848739495320313, 
          0.0
        ], 
        [
          0.12618739172114685, 
          0.8321854797565861, 
          -0.5399482099728772, 
          0.0
        ], 
        [
          -23.54419879517517, 
          -19.662296542740883, 
          56.287233131078786, 
          1.0
        ]
      ], 
      "projected_cuboid": [
        [
          291.84204414051123, 
          63.978552355929104
        ], 
        [
          168.5762703262827, 
          83.85458982937696
        ], 
        [
          183.63286307731542, 
          33.01835596761418
        ], 
        [
          297.0028061630644, 
          14.635647189886248
        ], 
        [
          325.48676749674854, 
          137.85491304034417
        ], 
        [
          218.7857627533381, 
          154.902603315063
        ], 
        [
          228.42455923444265, 
          105.44953311684938
        ], 
        [
          327.6297980141096, 
          89.51089335447111
        ]
      ], 
      "projected_cuboid_centroid": [
        256.6575537549338, 
        86.98695967489299
      ], 
      "quaternion_xyzw": [
        0.9567536694432185, 
        -0.0737764992513614, 
        -0.02674697376932945, 
        0.2801148169849299
      ], 
      "visibility": 0.7818938605619147
    }, 
    {
      "bounding_box": {
        "bottom_right": [
          195, 
          237
        ], 
        "top_left": [
          115, 
          173
        ]
      }, 
      "class": "061_foam_brick", 
      "cuboid": [
        [
          -34.2584630436862, 
          -18.97305892676773, 
          63.14786805766285
        ], 
        [
          -33.55907504708154, 
          -13.02158952650524, 
          58.17449258747081
        ], 
        [
          -35.146807407450794, 
          -9.792274375136978, 
          61.81562715714969
        ], 
        [
          -35.84619540405545, 
          -15.74374377539947, 
          66.78900262734173
        ], 
        [
          -29.28398915842516, 
          -18.267729892184054, 
          64.69145380485357
        ], 
        [
          -28.584601161820505, 
          -12.316260491921563, 
          59.71807833466152
        ], 
        [
          -30.17233352218976, 
          -9.086945340553301, 
          63.3592129043404
        ], 
        [
          -30.871721518794416, 
          -15.038414740815792, 
          68.33258837453245
        ]
      ], 
      "cuboid_centroid": [
        -32.21539828293798, 
        -14.030002133660515, 
        63.25354048100162
      ], 
      "location": [
        -32.21539828293798, 
        -14.030002133660515, 
        63.25354048100162
      ], 
      "pose_transform_permuted": [
        [
          -0.9464371852258281, 
          -0.1341950207291912, 
          -0.2936806953705058, 
          0.0
        ], 
        [
          -0.08981020846060829, 
          -0.7642434672590537, 
          0.638643914249656, 
          0.0
        ], 
        [
          0.3101463862083096, 
          -0.630811873036131, 
          -0.7112563531938217, 
          0.0
        ], 
        [
          -32.21539828293798, 
          -14.030002133660515, 
          63.25354048100162, 
          1.0
        ]
      ], 
      "projected_cuboid": [
        [
          189.85374825932172, 
          113.04828783076441
        ], 
        [
          171.37755141404443, 
          153.91001418864826
        ], 
        [
          175.8380040433809, 
          188.80285758830505
        ], 
        [
          192.97479138674706, 
          147.57052879503578
        ], 
        [
          238.16652701625284, 
          122.68645839485286
        ], 
        [
          224.19143252348013, 
          163.29467128122425
        ], 
        [
          225.50810336891288, 
          196.79812091982
        ], 
        [
          238.6426984817651, 
          155.91529137846246
        ]
      ], 
      "projected_cuboid_centroid": [
        207.71070819529604, 
        154.99316131169005
      ], 
      "quaternion_xyzw": [
        0.3785031749780201, 
        -0.7096306745179575, 
        -0.20329636005962556, 
        0.5584176235589761
      ], 
      "visibility": 0.7531461761858664
    }
  ]
}