{
  "camera_data": {
    "location_worldframe": [
      -18.337315958024874, 
      -19.792720823489407, 
      62.6310675918338
    ], 
    "quaternion_xyzw_worldframe": [
      0.8766911648033264, 
      0.01247350967092998, 
      0.12477488349176613, 
      -0.46442662035623167
    ]
  }, 
  "objects": [
    {
      "bounding_box": {
        "bottom_right": [
          343, 
          360
        ], 
        "top_left": [
          128, 
          179
        ]
      }, 
      "class": "003_cracker_box", 
      "cuboid": [
        [
          -11.919184345828574, 
          5.016555529967004, 
          56.448638141276795
        ], 
        [
          -24.589548648549965, 
          1.7764320797926982, 
          46.54704311062087
        ], 
        [
          -28.01835173787883, 
          -16.55227522684276, 
          56.932385906537256
        ], 
        [
          -15.347987435157446, 
          -13.312151776668452, 
          66.83398093719319
        ], 
        [
          -16.331057588737945, 
          8.411321281617068, 
          60.98331977451929
        ], 
        [
          -29.001421891459334, 
          5.171197831442761, 
          51.081724743863354
        ], 
        [
          -32.4302249807882, 
          -13.157509475192693, 
          61.46706753977974
        ], 
        [
          -19.759860678066815, 
          -9.917386025018388, 
          71.36866257043567
        ]
      ], 
      "cuboid_centroid": [
        -22.17470466330839, 
        -4.070476972612845, 
        58.95785284052827
      ], 
      "location": [
        -22.17470466330839, 
        -4.070476972612845, 
        58.95785284052827
      ], 
      "pose_transform_permuted": [
        [
          0.6144670401656867, 
          -0.4728086118124011, 
          -0.6315712732115439, 
          0.0
        ], 
        [
          0.7724136023575692, 
          0.19752513553969625, 
          0.6036232663864336, 
          0.0
        ], 
        [
          0.16064707729374803, 
          0.8587408441585009, 
          -0.4865764884691014, 
          0.0
        ], 
        [
          -22.17470466330839, 
          -4.070476972612845, 
          58.95785284052827, 
          1.0
        ]
      ], 
      "projected_cuboid": [
        [
          368.047678471392, 
          320.68231921358796
        ], 
        [
          197.51082872372353, 
          293.64026945424536
        ], 
        [
          216.94521649192188, 
          118.23151290299015
        ], 
        [
          358.10307289248055, 
          167.05867100287432
        ], 
        [
          337.58629407920944, 
          346.8463634618604
        ], 
        [
          176.28394121633778, 
          327.2765135703449
        ], 
        [
          197.87102224427497, 
          159.12528465112385
        ], 
        [
          332.70620177827635, 
          199.1764735565884
        ]
      ], 
      "projected_cuboid_centroid": [
        279.33803659977025, 
        236.46591141938126
      ], 
      "quaternion_xyzw": [
        0.9031508345408885, 
        0.010208167018052683, 
        0.3371779828923397, 
        0.2655661334712712
      ], 
      "visibility": 0.9395158714951779
    }, 
    {
      "bounding_box": {
        "bottom_right": [
          318, 
          224
        ], 
        "top_left": [
          159, 
          113
        ]
      }, 
      "class": "004_sugar_box", 
      "cuboid": [
        [
          -26.654928110237446, 
          2.846142022403972, 
          54.86044316871826
        ], 
        [
          -34.50700041810536, 
          1.853842832934361, 
          50.03856130157583
        ], 
        [
          -38.02385111163773, 
          -13.014776525968017, 
          58.82530640914122
        ], 
        [
          -30.171778803769815, 
          -12.022477336498406, 
          63.64718827628365
        ], 
        [
          -28.876837241083305, 
          5.221077932120738, 
          57.989913176466764
        ], 
        [
          -36.72890954895122, 
          4.228778742651127, 
          53.168031309324334
        ], 
        [
          -40.24576024248359, 
          -10.63984061625125, 
          61.95477641688972
        ], 
        [
          -32.39368793461567, 
          -9.64754142678164, 
          66.77665828403215
        ]
      ], 
      "cuboid_centroid": [
        -33.45034417636052, 
        -3.8968492969236395, 
        58.407609792803996
      ], 
      "location": [
        -33.45034417636052, 
        -3.8968492969236395, 
        58.407609792803996
      ], 
      "pose_transform_permuted": [
        [
          0.4922916410102821, 
          -0.5261966297620946, 
          -0.6933730566292219, 
          0.0
        ], 
        [
          0.8472514369680854, 
          0.1070707045499275, 
          0.5202889352831334, 
          0.0
        ], 
        [
          0.19953423785869576, 
          0.8435952760933803, 
          -0.4985302593371371, 
          0.0
        ], 
        [
          -33.45034417636052, 
          -3.8968492969236395, 
          58.407609792803996, 
          1.0
        ]
      ], 
      "projected_cuboid": [
        [
          220.3147970726506, 
          300.9549852151952
        ], 
        [
          110.75061177484017, 
          293.0451133922401
        ], 
        [
          133.9939677210188, 
          155.29250419572674
        ], 
        [
          226.67147954893724, 
          172.54646170417647
        ], 
        [
          213.81042886538773, 
          321.3035629076373
        ], 
        [
          110.1053007684116, 
          315.70470658415684
        ], 
        [
          132.26610576592583, 
          181.69658010177764
        ], 
        [
          220.7250784415878, 
          196.23532121535342
        ]
      ], 
      "projected_cuboid_centroid": [
        173.61679827541207, 
        237.7044271899039
      ], 
      "quaternion_xyzw": [
        0.9198124495910414, 
        -0.025131083339293397, 
        0.27521387016005816, 
        0.27851517164038075
      ], 
      "visibility": 0.6335665285607552
    }, 
    {
      "bounding_box": {
        "bottom_right": [
          180, 
          190
        ], 
        "top_left": [
          32, 
          0
        ]
      }, 
      "class": "024_bowl", 
      "cuboid": [
        [
          -42.10050974770364, 
          -16.416208736447224, 
          38.95101598323352
        ], 
        [
          -42.4702215984199, 
          -7.875843490260692, 
          52.61351268021147
        ], 
        [
          -43.533740232299465, 
          -12.465278091702467, 
          55.453568431952604
        ], 
        [
          -43.16402838158322, 
          -21.005643337888998, 
          41.79107173497465
        ], 
        [
          -26.26317781938823, 
          -18.87132101430429, 
          40.91425926634841
        ], 
        [
          -26.632889670104475, 
          -10.330955768117759, 
          54.57675596332636
        ], 
        [
          -27.696408303984054, 
          -14.920390369559533, 
          57.416811715067496
        ], 
        [
          -27.3266964532678, 
          -23.460755615746066, 
          43.75431501808954
        ]
      ], 
      "cuboid_centroid": [
        -34.89845902584385, 
        -15.66829955300338, 
        48.18391384915051
      ], 
      "location": [
        -34.89845902584385, 
        -15.66829955300338, 
        48.18391384915051
      ], 
      "pose_transform_permuted": [
        [
          -0.9808645048046827, 
          0.15205417803706506, 
          -0.12159091312980025, 
          0.0
        ], 
        [
          0.02294010176632741, 
          -0.5299176845144962, 
          -0.8477387565575528, 
          0.0
        ], 
        [
          0.19333539496226926, 
          0.8343061635756192, 
          -0.5162893088903902, 
          0.0
        ], 
        [
          -34.89845902584385, 
          -15.66829955300338, 
          48.18391384915051, 
          1.0
        ]
      ], 
      "projected_cuboid": [
        [
          -99.64936834520113, 
          48.514850271384944
        ], 
        [
          47.50788094612395, 
          193.45264449333135
        ], 
        [
          59.42623824371984, 
          153.40287487439943
        ], 
        [
          -73.83404010713535, 
          5.2216024792135665
        ], 
        [
          136.4022084684885, 
          27.297847541778584
        ], 
        [
          219.17381761426185, 
          172.33328550680264
        ], 
        [
          222.19339682821564, 
          134.69757535960326
        ], 
        [
          145.73730137653146, 
          -12.67566713357714
        ]
      ], 
      "projected_cuboid_centroid": [
        92.10742322295152, 
        99.86328696099702
      ], 
      "quaternion_xyzw": [
        0.7033557383130791, 
        -0.25707228934088455, 
        -0.6499567579230738, 
        0.12946333946421718
      ], 
      "visibility": 0.6928554504111414
    }, 
    {
      "bounding_box": {
        "bottom_right": [
          118, 
          389
        ], 
        "top_left": [
          0, 
          255
        ]
      }, 
      "class": "025_mug", 
      "cuboid": [
        [
          -7.254674144221905, 
          -19.406553544676356, 
          42.22323966028975
        ], 
        [
          -18.661454029899808, 
          -17.173996328047696, 
          40.89364707696445
        ], 
        [
          -20.449469490347493, 
          -24.500636069528937, 
          43.93093565068196
        ], 
        [
          -9.042689604669594, 
          -26.733193286157597, 
          45.26052823400726
        ], 
        [
          -7.544413284857991, 
          -15.783204602067205, 
          50.79302605545002
        ], 
        [
          -18.951193170535895, 
          -13.550647385438547, 
          49.46343347212471
        ], 
        [
          -20.73920863098358, 
          -20.87728712691979, 
          52.50072204584223
        ], 
        [
          -9.332428745305679, 
          -23.109844343548446, 
          53.83031462916753
        ]
      ], 
      "cuboid_centroid": [
        -13.996941387602742, 
        -20.141920335798073, 
        47.36198085306599
      ], 
      "location": [
        -13.996941387602742, 
        -20.141920335798073, 
        47.36198085306599
      ], 
      "pose_transform_permuted": [
        [
          0.031125295270602357, 
          -0.38923911163519304, 
          -0.920611317372467, 
          0.0
        ], 
        [
          0.9750217570777926, 
          -0.19083316080001797, 
          0.1136501019379841, 
          0.0
        ], 
        [
          0.21991999746803445, 
          0.9011524950641766, 
          -0.3735764652025998, 
          0.0
        ], 
        [
          -13.996941387602742, 
          -20.141920335798073, 
          47.36198085306599, 
          1.0
        ]
      ], 
      "projected_cuboid": [
        [
          389.20002076919513, 
          28.163351544151933
        ], 
        [
          236.19321752448187, 
          49.30972941215012
        ], 
        [
          231.27258334217098, 
          -24.15008207894935
        ], 
        [
          374.1561424631471, 
          -41.719407740045085
        ], 
        [
          401.7216547969228, 
          107.56512397688033
        ], 
        [
          275.5606283076024, 
          127.18213098805595
        ], 
        [
          269.16570196203895, 
          61.20819630546692
        ], 
        [
          388.36624902363013, 
          44.327583582659884
        ]
      ], 
      "projected_cuboid_centroid": [
        322.6710423127486, 
        46.47844498633734
      ], 
      "quaternion_xyzw": [
        0.9742671052532818, 
        -0.10540055084823692, 
        0.03714982175523338, 
        0.19574087350498265
      ], 
      "visibility": 0.7228038085597904
    }, 
    {
      "bounding_box": {
        "bottom_right": [
          169, 
          275
        ], 
        "top_left": [
          71, 
          215
        ]
      }, 
      "class": "061_foam_brick", 
      "cuboid": [
        [
          -25.63195053909999, 
          -20.124244589018957, 
          52.55497053110536
        ], 
        [
          -24.08793002460578, 
          -13.497000659825986, 
          48.768252464842796
        ], 
        [
          -26.17329350554163, 
          -10.82071932948027, 
          52.601789831656
        ], 
        [
          -27.717314020035833, 
          -17.44796325867324, 
          56.38850789791856
        ], 
        [
          -20.946287134451378, 
          -19.863511665794494, 
          54.92184890613536
        ], 
        [
          -19.402266619957167, 
          -13.236267736601523, 
          51.1351308398728
        ], 
        [
          -21.487630100893014, 
          -10.559986406255806, 
          54.968668206686
        ], 
        [
          -23.03165061538722, 
          -17.187230335448778, 
          58.75538627294856
        ]
      ], 
      "cuboid_centroid": [
        -23.5597903199965, 
        -15.342115497637382, 
        53.76181936889568
      ], 
      "location": [
        -23.5597903199965, 
        -15.342115497637382, 
        53.76181936889568
      ], 
      "pose_transform_permuted": [
        [
          -0.891488464086809, 
          -0.04960672015656084, 
          -0.4503193219432757, 
          0.0
        ], 
        [
          -0.19827163884336155, 
          -0.851021409703386, 
          0.4862621900341721, 
          0.0
        ], 
        [
          0.407353256560581, 
          -0.5227826829015766, 
          -0.7488401637383774, 
          0.0
        ], 
        [
          -23.5597903199965, 
          -15.342115497637382, 
          53.76181936889568, 
          1.0
        ]
      ], 
      "projected_cuboid": [
        [
          219.32043632007654, 
          69.06886594416342
        ], 
        [
          215.98119449790295, 
          125.68611348092068
        ], 
        [
          214.01956802141947, 
          163.57731438126393
        ], 
        [
          217.263524791999, 
          108.26460640015029
        ], 
        [
          276.50274412214617, 
          80.40155736066674
        ], 
        [
          277.5525955436252, 
          135.2373988459274
        ], 
        [
          271.3814194655635, 
          170.83094405470658
        ], 
        [
          270.79779165925174, 
          117.27894276648848
        ]
      ], 
      "projected_cuboid_centroid": [
        245.93526207031715, 
        121.09208589231127
      ], 
      "quaternion_xyzw": [
        -0.42698507005466174, 
        0.7367790787760287, 
        0.23726021263504635, 
        -0.46749110208509315
      ], 
      "visibility": 0.9107586470475827
    }
  ]
}