{
  "camera_data": {
    "location_worldframe": [
      -13.239729176172654, 
      2.361711723952098, 
      84.58375591644244
    ], 
    "quaternion_xyzw_worldframe": [
      0.9049783514215051, 
      0.023977070260402793, 
      0.03228411121899965, 
      -0.42355630268912636
    ]
  }, 
  "objects": [
    {
      "bounding_box": {
        "bottom_right": [
          338, 
          609
        ], 
        "top_left": [
          223, 
          440
        ]
      }, 
      "class": "003_cracker_box", 
      "cuboid": [
        [
          -4.618212175630484, 
          10.524404871119645, 
          77.43970291427495
        ], 
        [
          -4.752342214037567, 
          0.37197439825347545, 
          64.55605900761671
        ], 
        [
          16.466789965283162, 
          -1.538836217375917, 
          65.84088564732694
        ], 
        [
          16.600920003690245, 
          8.613594255490254, 
          78.72452955398516
        ], 
        [
          -5.3905771295010565, 
          4.921567695737727, 
          81.86283138845852
        ], 
        [
          -5.524707167908138, 
          -5.230862777128443, 
          68.9791874818003
        ], 
        [
          15.69442501141259, 
          -7.141673392757836, 
          70.26401412151053
        ], 
        [
          15.828555049819673, 
          3.0107570801083345, 
          83.14765802816875
        ]
      ], 
      "cuboid_centroid": [
        5.538106417891053, 
        1.691365739180905, 
        73.85185851789274
      ], 
      "location": [
        5.538106417891053, 
        1.691365739180905, 
        73.85185851789274
      ], 
      "pose_transform_permuted": [
        [
          0.1075717231666411, 
          0.7803394581248, 
          -0.616034621160575, 
          0.0
        ], 
        [
          0.008176865611363715, 
          0.6189147531099014, 
          0.7854156016095452, 
          0.0
        ], 
        [
          -0.9941637004255051, 
          0.08952574197628027, 
          -0.060196995604957615, 
          0.0
        ], 
        [
          5.538106417891053, 
          1.691365739180905, 
          73.85185851789274, 
          1.0
        ]
      ], 
      "projected_cuboid": [
        [
          449.52684877867483, 
          345.7670745506844
        ], 
        [
          442.0091716684806, 
          276.35954513330427
        ], 
        [
          616.0917230896255, 
          260.8217680751559
        ], 
        [
          594.997269680223, 
          331.63936046217486
        ], 
        [
          446.185901837539, 
          305.3495437133562
        ], 
        [
          438.5262700396733, 
          232.84359196007708
        ], 
        [
          601.7139903751734, 
          219.07963954857098
        ], 
        [
          583.9694938088876, 
          292.59791426155823
        ]
      ], 
      "projected_cuboid_centroid": [
        521.9236691217807, 
        285.5006987231229
      ], 
      "quaternion_xyzw": [
        0.6545489341424786, 
        0.6161030785454921, 
        0.3410697345134649, 
        -0.27505295057247997
      ], 
      "visibility": 0.9807447774750228
    }, 
    {
      "bounding_box": {
        "bottom_right": [
          372, 
          462
        ], 
        "top_left": [
          316, 
          395
        ]
      }, 
      "class": "005_tomato_soup_can", 
      "cuboid": [
        [
          -13.712761994994185, 
          14.030846361607802, 
          85.4150976561017
        ], 
        [
          -8.076017297612536, 
          11.288415565766014, 
          82.86881090006597
        ], 
        [
          -2.591756176275866, 
          15.756580013727572, 
          90.19703030329872
        ], 
        [
          -8.228500873657516, 
          18.49901080956936, 
          92.74331705933446
        ], 
        [
          -14.569567718187843, 
          8.59991693513427, 
          89.367658367675
        ], 
        [
          -8.932823020806193, 
          5.857486139292482, 
          86.82137161163928
        ], 
        [
          -3.448561899469523, 
          10.325650587254042, 
          94.14959101487203
        ], 
        [
          -9.085306596851174, 
          13.06808138309583, 
          96.69587777090776
        ]
      ], 
      "cuboid_centroid": [
        -8.580661947231855, 
        12.178248474430923, 
        89.78234433548687
      ], 
      "location": [
        -8.580661947231855, 
        12.178248474430923, 
        89.78234433548687
      ], 
      "pose_transform_permuted": [
        [
          0.12653302513208184, 
          0.8020393783658443, 
          -0.5837139625881624, 
          0.0
        ], 
        [
          -0.8331108329827707, 
          0.4053312554288033, 
          0.37634116750388147, 
          0.0
        ], 
        [
          -0.5384380779819836, 
          -0.4386789440254598, 
          -0.7194756564664122, 
          0.0
        ], 
        [
          -8.580661947231855, 
          12.178248474430923, 
          89.78234433548687, 
          1.0
        ]
      ], 
      "projected_cuboid": [
        [
          395.2630346287234, 
          360.8931243865555
        ], 
        [
          429.18903449448663, 
          345.9354998623666
        ], 
        [
          466.1447508911652, 
          366.4524954067171
        ], 
        [
          433.8848259962899, 
          379.6649277874214
        ], 
        [
          393.9256517584187, 
          324.6082823230243
        ], 
        [
          426.26794093281296, 
          309.26744922771
        ], 
        [
          461.89955919123673, 
          331.77719745010296
        ], 
        [
          431.0700860414489, 
          345.36265825402177
        ]
      ], 
      "projected_cuboid_centroid": [
        430.2019838210612, 
        345.6270237218037
      ], 
      "quaternion_xyzw": [
        0.27925084702534175, 
        0.8449117911942632, 
        0.4501993730853342, 
        -0.07391545039828998
      ], 
      "visibility": 0.8806376360808709
    }, 
    {
      "bounding_box": {
        "bottom_right": [
          369, 
          577
        ], 
        "top_left": [
          304, 
          510
        ]
      }, 
      "class": "010_potted_meat_can", 
      "cuboid": [
        [
          15.506271115612336, 
          12.429801800298824, 
          82.15770661697923
        ], 
        [
          5.86431462391084, 
          10.668063163163954, 
          79.4651289181967
        ], 
        [
          5.545836098234323, 
          4.250586632319493, 
          84.80450035097266
        ], 
        [
          15.187792589935817, 
          6.012325269454364, 
          87.49707804975519
        ], 
        [
          13.696135800896547, 
          15.980020614799722, 
          86.31680230356096
        ], 
        [
          4.054179309195054, 
          14.218281977664853, 
          83.62422460477843
        ], 
        [
          3.7357007835185376, 
          7.800805446820393, 
          88.96359603755441
        ], 
        [
          13.377657275220034, 
          9.562544083955265, 
          91.65617373633694
        ]
      ], 
      "cuboid_centroid": [
        9.620985949565435, 
        10.115303623559608, 
        85.56065132726681
      ], 
      "location": [
        9.620985949565435, 
        10.115303623559608, 
        85.56065132726681
      ], 
      "pose_transform_permuted": [
        [
          0.3142541535667869, 
          -0.6163467446095521, 
          -0.7220527017866809, 
          0.0
        ], 
        [
          0.9485726990805788, 
          0.17331930252328517, 
          0.2648949616622472, 
          0.0
        ], 
        [
          0.03812151143851922, 
          0.7681645236749963, 
          -0.6391165894676876, 
          0.0
        ], 
        [
          9.620985949565435, 
          10.115303623559608, 
          85.56065132726681, 
          1.0
        ]
      ], 
      "projected_cuboid": [
        [
          583.0935080978171, 
          353.9735117055207
        ], 
        [
          521.2826197035148, 
          344.8838168995748
        ], 
        [
          516.764437471273, 
          300.0176793901998
        ], 
        [
          574.9424532932053, 
          309.9333709736339
        ], 
        [
          566.9256357479385, 
          372.0211725590615
        ], 
        [
          507.6683632201836, 
          363.9646668798015
        ], 
        [
          504.17850187933504, 
          320.0508606324806
        ], 
        [
          560.0863015588798, 
          328.928092903653
        ]
      ], 
      "projected_cuboid_centroid": [
        542.0666889606608, 
        336.33759507930455
      ], 
      "quaternion_xyzw": [
        0.9271987279626541, 
        0.03645329393997278, 
        0.15615560552525937, 
        0.33850977579420477
      ], 
      "visibility": 0.5821825074465204
    }, 
    {
      "bounding_box": {
        "bottom_right": [
          275, 
          513
        ], 
        "top_left": [
          227, 
          359
        ]
      }, 
      "class": "037_scissors", 
      "cuboid": [
        [
          -15.940951229137767, 
          -0.5524695861404482, 
          75.75212902847666
        ], 
        [
          4.298688472540162, 
          -1.3297970323050232, 
          76.2125375105368
        ], 
        [
          4.237518491205493, 
          -6.914399888483228, 
          69.47284728862574
        ], 
        [
          -16.002121210472435, 
          -6.137072442318654, 
          69.0124388065656
        ], 
        [
          -15.872002420038928, 
          0.6514965943445479, 
          74.75387999371766
        ], 
        [
          4.367637281639001, 
          -0.1258308518200267, 
          75.2142884757778
        ], 
        [
          4.306467300304333, 
          -5.710433707998232, 
          68.47459825386674
        ], 
        [
          -15.933172401373596, 
          -4.933106261833657, 
          68.0141897718066
        ]
      ], 
      "cuboid_centroid": [
        -5.817241964416718, 
        -3.13145164706934, 
        72.1133636411717
      ], 
      "location": [
        -5.817241964416718, 
        -3.13145164706934, 
        72.1133636411717
      ], 
      "pose_transform_permuted": [
        [
          -0.044042675295298005, 
          -0.769061746630111, 
          0.6376550759376941, 
          0.0
        ], 
        [
          -0.9990049133930259, 
          0.038367972428347365, 
          -0.02272522349831015, 
          0.0
        ], 
        [
          0.00698845875949577, 
          0.6380215572576017, 
          0.7699862929483682, 
          0.0
        ], 
        [
          -5.817241964416718, 
          -3.13145164706934, 
          72.1133636411717, 
          1.0
        ]
      ], 
      "projected_cuboid": [
        [
          368.43232917077347, 
          269.3969727220299
        ], 
        [
          511.9290861245126, 
          263.9808932392813
        ], 
        [
          514.3981569952676, 
          220.20702547658036
        ], 
        [
          356.90411309949025, 
          225.86000193331174
        ], 
        [
          367.41715238245894, 
          277.934536080831
        ], 
        [
          512.8246220217342, 
          272.3943131289149
        ], 
        [
          515.4178320968091, 
          228.81039350542014
        ], 
        [
          355.6191395569846, 
          234.60457787682975
        ]
      ], 
      "projected_cuboid_centroid": [
        438.21671277049063, 
        250.12766141806105
      ], 
      "quaternion_xyzw": [
        -0.01844816512198594, 
        -0.42524346097185595, 
        0.9048040598091283, 
        0.012532114189842175
      ], 
      "visibility": 0.8085027726432532
    }, 
    {
      "bounding_box": {
        "bottom_right": [
          358, 
          505
        ], 
        "top_left": [
          314, 
          456
        ]
      }, 
      "class": "061_foam_brick", 
      "cuboid": [
        [
          3.478271156922285, 
          10.442817998629385, 
          84.55942384798296
        ], 
        [
          -4.259164950609107, 
          11.200445251226633, 
          85.00851024006664
        ], 
        [
          -4.454321152850795, 
          7.267980379486022, 
          88.28033930632053
        ], 
        [
          3.283114954680597, 
          6.510353126888773, 
          87.83125291423683
        ], 
        [
          4.037917904776864, 
          13.768907056028912, 
          88.59048618202891
        ], 
        [
          -3.699518202754528, 
          14.526534308626161, 
          89.0395725741126
        ], 
        [
          -3.894674404996216, 
          10.59406943688555, 
          92.31140164036647
        ], 
        [
          3.8427617025351766, 
          9.8364421842883, 
          91.86231524828278
        ]
      ], 
      "cuboid_centroid": [
        -0.2082016240369652, 
        10.518443717757467, 
        88.43541274417471
      ], 
      "location": [
        -0.2082016240369652, 
        10.518443717757467, 
        88.43541274417471
      ], 
      "pose_transform_permuted": [
        [
          -0.10647769090308168, 
          -0.6328175477255417, 
          -0.766944882394152, 
          0.0
        ], 
        [
          0.9935840379611763, 
          -0.09728886086339195, 
          -0.05766833672534072, 
          0.0
        ], 
        [
          0.03812165852519428, 
          0.7681645844755767, 
          -0.6391165076171582, 
          0.0
        ], 
        [
          -0.2082016240369652, 
          10.518443717757467, 
          88.43541274417471, 
          1.0
        ]
      ], 
      "projected_cuboid": [
        [
          503.7174784908678, 
          339.14979826302726
        ], 
        [
          454.65358251014516, 
          343.554994349466
        ], 
        [
          454.4633532818224, 
          317.19389376349477
        ], 
        [
          501.6985823017306, 
          312.8180111271005
        ], 
        [
          506.10813175130824, 
          356.17611324299645
        ], 
        [
          459.2534334061454, 
          360.29599903819565
        ], 
        [
          458.90847681228564, 
          334.4926793222173
        ], 
        [
          504.09268080039175, 
          330.39338567445344
        ]
      ], 
      "projected_cuboid_centroid": [
        480.33102264302124, 
        336.7191815921033
      ], 
      "quaternion_xyzw": [
        0.9392408510109248, 
        -0.036042544157561134, 
        -0.043691143611286856, 
        0.3385537516744747
      ], 
      "visibility": 0.4898682877406282
    }
  ]
}