{
  "camera_data": {
    "location_worldframe": [
      -16.06715833065076, 
      1.1903687266155636, 
      86.10260843204767
    ], 
    "quaternion_xyzw_worldframe": [
      0.8969772343974693, 
      0.025003399268107948, 
      -0.019919507348014596, 
      -0.4409209605164376
    ]
  }, 
  "objects": [
    {
      "bounding_box": {
        "bottom_right": [
          334, 
          576
        ], 
        "top_left": [
          228, 
          407
        ]
      }, 
      "class": "003_cracker_box", 
      "cuboid": [
        [
          -8.543714360814118, 
          10.00095279727383, 
          78.50200241827133
        ], 
        [
          -9.430954428839513, 
          0.289502033374202, 
          65.31190595125489
        ], 
        [
          11.879720978048102, 
          -0.6171266009426187, 
          64.54595205701092
        ], 
        [
          12.766961046073494, 
          9.09432416295701, 
          77.73604852402738
        ], 
        [
          -8.636408770319, 
          4.2225284466218564, 
          82.76270861621336
        ], 
        [
          -9.523648838344394, 
          -5.488922317277773, 
          69.5726121491969
        ], 
        [
          11.78702656854322, 
          -6.395550951594593, 
          68.80665825495295
        ], 
        [
          12.674266636568616, 
          3.3158998123050356, 
          81.9967547219694
        ]
      ], 
      "cuboid_centroid": [
        1.6216561038645507, 
        1.8027009228396187, 
        73.65433033661213
      ], 
      "location": [
        1.6216561038645507, 
        1.8027009228396187, 
        73.65433033661213
      ], 
      "pose_transform_permuted": [
        [
          0.012910085197917032, 
          0.8047944970479256, 
          -0.5934131336780124, 
          0.0
        ], 
        [
          0.05408812885926839, 
          0.592031648770409, 
          0.804097631616145, 
          0.0
        ], 
        [
          -0.9984527049473526, 
          0.04247757497276622, 
          0.03588664943606926, 
          0.0
        ], 
        [
          1.6216561038645507, 
          1.8027009228396187, 
          73.65433033661213, 
          1.0
        ]
      ], 
      "projected_cuboid": [
        [
          423.0698720894494, 
          341.2300784370983
        ], 
        [
          403.9446430790115, 
          275.65053427763223
        ], 
        [
          580.572857374297, 
          268.18744669701454
        ], 
        [
          569.916611950808, 
          335.67948519063606
        ], 
        [
          425.4806133078327, 
          300.4963423575031
        ], 
        [
          407.98368151823774, 
          231.2103578312385
        ], 
        [
          573.7195311911812, 
          223.71469923560107
        ], 
        [
          564.7194386832356, 
          294.85366355527196
        ]
      ], 
      "projected_cuboid_centroid": [
        493.437083105184, 
        286.3396157890433
      ], 
      "quaternion_xyzw": [
        0.6499959302776532, 
        0.6117285815306445, 
        0.3142357047009002, 
        -0.3233409269673767
      ], 
      "visibility": 0.9811504910632587
    }, 
    {
      "bounding_box": {
        "bottom_right": [
          365, 
          447
        ], 
        "top_left": [
          308, 
          379
        ]
      }, 
      "class": "005_tomato_soup_can", 
      "cuboid": [
        [
          -16.993779423890484, 
          12.787886824506034, 
          87.41498036538937
        ], 
        [
          -11.503546008130325, 
          10.412462122080033, 
          84.25395391485476
        ], 
        [
          -5.560990557042969, 
          14.898087075628192, 
          91.20446588806995
        ], 
        [
          -11.051223972803129, 
          17.273511778054196, 
          94.36549233860455
        ], 
        [
          -17.222843651056785, 
          7.192599790403093, 
          91.22183461097569
        ], 
        [
          -11.732610235296626, 
          4.817175087977089, 
          88.0608081604411
        ], 
        [
          -5.79005478420927, 
          9.30280004152525, 
          95.01132013365627
        ], 
        [
          -11.28028819996943, 
          11.678224743951251, 
          98.17234658419089
        ]
      ], 
      "cuboid_centroid": [
        -11.391917104049877, 
        11.045343433015642, 
        91.21315024952283
      ], 
      "location": [
        -11.391917104049877, 
        11.045343433015642, 
        91.21315024952283
      ], 
      "pose_transform_permuted": [
        [
          0.033828193286173196, 
          0.826311701406946, 
          -0.5621960391855069, 
          0.0
        ], 
        [
          -0.8114564664244003, 
          0.35108775698946376, 
          0.46719969072020423, 
          0.0
        ], 
        [
          -0.5834328571512253, 
          -0.4403931951999827, 
          -0.6823928009716315, 
          0.0
        ], 
        [
          -11.391917104049877, 
          11.045343433015642, 
          91.21315024952283, 
          1.0
        ]
      ], 
      "projected_cuboid": [
        [
          377.05385393946347, 
          351.305550768237
        ], 
        [
          408.17389033410865, 
          339.19644132371604
        ], 
        [
          448.80809769214954, 
          360.4033420968438
        ], 
        [
          418.6190624414115, 
          370.9101700218206
        ], 
        [
          380.06627179473173, 
          315.3373730528131
        ], 
        [
          409.9491277406954, 
          302.46062647380575
        ], 
        [
          448.8253623286305, 
          325.50521501372367
        ], 
        [
          419.806419135775, 
          336.72829290864195
        ]
      ], 
      "projected_cuboid_centroid": [
        414.4339123048647, 
        337.8682122198915
      ], 
      "quaternion_xyzw": [
        0.27854368509052757, 
        0.8387558793847423, 
        0.44968522410992406, 
        -0.1291709268708568
      ], 
      "visibility": 0.722504892367906
    }, 
    {
      "bounding_box": {
        "bottom_right": [
          370, 
          555
        ], 
        "top_left": [
          303, 
          488
        ]
      }, 
      "class": "010_potted_meat_can", 
      "cuboid": [
        [
          11.828372247933196, 
          12.7354352574266, 
          81.39790762076157
        ], 
        [
          2.065809261102801, 
          10.592360901503305, 
          79.54841609318632
        ], 
        [
          2.5485517577276364, 
          3.9925066169078307, 
          84.64774977480197
        ], 
        [
          12.311114744558031, 
          6.135580972831125, 
          86.49724130237722
        ], 
        [
          10.259137540085563, 
          16.051653745455642, 
          85.83850643059577
        ], 
        [
          0.4965745532551677, 
          13.908579389532347, 
          83.98901490302052
        ], 
        [
          0.9793170498800032, 
          7.308725104936872, 
          89.08834858463617
        ], 
        [
          10.741880036710398, 
          9.451799460860167, 
          90.93784011221143
        ]
      ], 
      "cuboid_centroid": [
        6.4038446489066, 
        10.022080181181735, 
        85.24312810269888
      ], 
      "location": [
        6.4038446489066, 
        10.022080181181735, 
        85.24312810269888
      ], 
      "pose_transform_permuted": [
        [
          0.272431856808291, 
          -0.5757223924233116, 
          -0.7709239242886294, 
          0.0
        ], 
        [
          0.9604379287888369, 
          0.2108349926571591, 
          0.18195240475816934, 
          0.0
        ], 
        [
          -0.057783718911193174, 
          0.7899949300139547, 
          -0.6103843480799934, 
          0.0
        ], 
        [
          6.4038446489066, 
          10.022080181181735, 
          85.24312810269888, 
          1.0
        ]
      ], 
      "projected_cuboid": [
        [
          559.7424805907307, 
          356.72918683475126
        ], 
        [
          495.56237405168685, 
          344.3013209052143
        ], 
        [
          497.787923994962, 
          298.4411578077401
        ], 
        [
          558.1367879447766, 
          311.1169408668181
        ], 
        [
          545.8688656808301, 
          373.01638698172775
        ], 
        [
          484.77653165321595, 
          361.6042515668747
        ], 
        [
          487.508520830292, 
          317.0395796350734
        ], 
        [
          545.1195429305357, 
          328.7181354601431
        ]
      ], 
      "projected_cuboid_centroid": [
        521.9963048577522, 
        335.98920673258834
      ], 
      "quaternion_xyzw": [
        0.9382639265008835, 
        0.07157333453342016, 
        0.12107048153844605, 
        0.31603760599821706
      ], 
      "visibility": 0.5578104138851803
    }, 
    {
      "bounding_box": {
        "bottom_right": [
          269, 
          484
        ], 
        "top_left": [
          223, 
          332
        ]
      }, 
      "class": "037_scissors", 
      "cuboid": [
        [
          -19.455616969083984, 
          -1.5569893562901986, 
          77.45642917385794
        ], 
        [
          0.7510203478354973, 
          -1.3528155841007563, 
          76.00406882054399
        ], 
        [
          0.3083639470753727, 
          -6.70580605443721, 
          69.09288198682817
        ], 
        [
          -19.898273369844105, 
          -6.909979826626652, 
          70.54524234014212
        ], 
        [
          -19.53670580692828, 
          -0.31847039192894544, 
          76.50234059688007
        ], 
        [
          0.669931509991202, 
          -0.11429661973950331, 
          75.04998024356613
        ], 
        [
          0.22727510923107735, 
          -5.467287090075958, 
          68.13879340985031
        ], 
        [
          -19.9793622076884, 
          -5.6714608622654, 
          69.59115376316426
        ]
      ], 
      "cuboid_centroid": [
        -9.614170929926452, 
        -3.5121382231830784, 
        72.79761129185412
      ], 
      "location": [
        -9.614170929926452, 
        -3.5121382231830784, 
        72.79761129185412
      ], 
      "pose_transform_permuted": [
        [
          0.05179740450817084, 
          -0.791133150918313, 
          0.6094465437184043, 
          0.0
        ], 
        [
          -0.997375954329854, 
          -0.010077778291000495, 
          0.07168680620621849, 
          0.0
        ], 
        [
          0.050571962486209016, 
          0.6115606434020315, 
          0.7895791875813373, 
          0.0
        ], 
        [
          -9.614170929926452, 
          -3.5121382231830784, 
          72.79761129185412, 
          1.0
        ]
      ], 
      "projected_cuboid": [
        [
          346.5207318367667, 
          262.5660216426979
        ], 
        [
          486.9108861991593, 
          263.79384825289503
        ], 
        [
          483.99712871635836, 
          221.52523367716867
        ], 
        [
          329.91319815418075, 
          221.04733036642997
        ], 
        [
          344.2661413456944, 
          271.06639026633616
        ], 
        [
          486.39740429107457, 
          272.47432423534883
        ], 
        [
          483.39076650006416, 
          230.49430280905878
        ], 
        [
          327.2070135653499, 
          229.82266391881166
        ]
      ], 
      "projected_cuboid_centroid": [
        410.5761235619966, 
        247.55640673141392
      ], 
      "quaternion_xyzw": [
        0.03441617189498516, 
        -0.4405588961017554, 
        0.8969926339511225, 
        0.011286097193696425
      ], 
      "visibility": 0.7881257275902211
    }, 
    {
      "bounding_box": {
        "bottom_right": [
          352, 
          487
        ], 
        "top_left": [
          311, 
          437
        ]
      }, 
      "class": "061_foam_brick", 
      "cuboid": [
        [
          0.1854257537351904, 
          10.080270199977761, 
          84.83023084112702
        ], 
        [
          -7.501342558840177, 
          10.441015624842757, 
          86.02482315936348
        ], 
        [
          -7.2055281684453, 
          6.396794726072589, 
          89.14956355144676
        ], 
        [
          0.4812401441300663, 
          6.036049301207591, 
          87.95497123321032
        ], 
        [
          0.9709945686073078, 
          13.293582869934632, 
          88.91471854012872
        ], 
        [
          -6.715773743968059, 
          13.654328294799628, 
          90.10931085836516
        ], 
        [
          -6.419959353573182, 
          9.61010739602946, 
          93.23405125044846
        ], 
        [
          1.2668089590021838, 
          9.249361971164461, 
          92.039458932212
        ]
      ], 
      "cuboid_centroid": [
        -3.1172667999189962, 
        9.84518879800361, 
        89.03214104578774
      ], 
      "location": [
        -3.1172667999189962, 
        9.84518879800361, 
        89.03214104578774
      ], 
      "pose_transform_permuted": [
        [
          -0.1494613410579281, 
          -0.6113608531779203, 
          -0.7771095255694211, 
          0.0
        ], 
        [
          0.9870776563113176, 
          -0.04632424629193363, 
          -0.15340066693610038, 
          0.0
        ], 
        [
          -0.0577841495578309, 
          0.7899949185957142, 
          -0.6103843220896392, 
          0.0
        ], 
        [
          -3.1172667999189962, 
          9.84518879800361, 
          89.03214104578774, 
          1.0
        ]
      ], 
      "projected_cuboid": [
        [
          482.7725380125078, 
          336.66023681496813
        ], 
        [
          434.70418441038277, 
          338.01666931351525
        ], 
        [
          438.1322037283127, 
          311.55409377234696
        ], 
        [
          484.5394114226056, 
          309.88643963776167
        ], 
        [
          487.46972944233016, 
          353.02280877494735
        ], 
        [
          441.5179536764242, 
          354.10083569713555
        ], 
        [
          444.5674314388751, 
          328.25849728107704
        ], 
        [
          488.99872361287834, 
          326.88165825146615
        ]
      ], 
      "projected_cuboid_centroid": [
        462.7684315040333, 
        332.26110519185653
      ], 
      "quaternion_xyzw": [
        0.9426269278559324, 
        0.003039352825397101, 
        -0.08032393278932427, 
        0.3240267011166602
      ], 
      "visibility": 0.44124938026772437
    }
  ]
}