{
  "camera_data": {
    "location_worldframe": [
      -16.549284181445003, 
      -0.3690382546067003, 
      90.44168515351957
    ], 
    "quaternion_xyzw_worldframe": [
      0.8792881302763659, 
      0.03493716677949138, 
      -0.0016992087845356736, 
      -0.47500743087753866
    ]
  }, 
  "objects": [
    {
      "bounding_box": {
        "bottom_right": [
          324, 
          571
        ], 
        "top_left": [
          229, 
          414
        ]
      }, 
      "class": "003_cracker_box", 
      "cuboid": [
        [
          -8.760163646927003, 
          9.005661152545006, 
          83.85068439956808
        ], 
        [
          -9.10577094772383, 
          0.35293375255391124, 
          69.91910229909452
        ], 
        [
          12.221026694519189, 
          -0.4963288218916472, 
          69.91750453224196
        ], 
        [
          12.566633995316018, 
          8.156398578099447, 
          83.84908663271553
        ], 
        [
          -9.002517645175796, 
          2.9125033932546165, 
          87.64107891661703
        ], 
        [
          -9.348124945972623, 
          -5.740224006736478, 
          73.70949681614347
        ], 
        [
          11.978672696270397, 
          -6.589486581182036, 
          73.70789904929093
        ], 
        [
          12.324279997067224, 
          2.0632408188090583, 
          87.63948114976449
        ]
      ], 
      "cuboid_centroid": [
        1.6092545246716967, 
        1.2080872856814848, 
        78.7792917244295
      ], 
      "location": [
        1.6092545246716967, 
        1.2080872856814848, 
        78.7792917244295
      ], 
      "pose_transform_permuted": [
        [
          0.03375403956031431, 
          0.8486292346751045, 
          -0.5279101124889601, 
          0.0
        ], 
        [
          0.021068990112006192, 
          0.5274895166044798, 
          0.8493002458071184, 
          0.0
        ], 
        [
          -0.9992080676560916, 
          0.039789847035615944, 
          7.485894301084706e-05, 
          0.0
        ], 
        [
          1.6092545246716967, 
          1.2080872856814848, 
          78.7792917244295, 
          1.0
        ]
      ], 
      "projected_cuboid": [
        [
          425.4150494456856, 
          330.5656822895361
        ], 
        [
          411.5624747078606, 
          275.97859888624924
        ], 
        [
          575.593965330559, 
          269.5006208183733
        ], 
        [
          562.1928616174988, 
          325.1650648031274
        ], 
        [
          426.3577895451148, 
          291.00990600561175
        ], 
        [
          413.3957457057926, 
          231.75357402405265
        ], 
        [
          568.9920327538479, 
          225.6077643070191
        ], 
        [
          557.2199988832557, 
          285.8421432752247
        ]
      ], 
      "projected_cuboid_centroid": [
        492.58217902904306, 
        281.4650401427363
      ], 
      "quaternion_xyzw": [
        0.6302318917740879, 
        0.6056094606554081, 
        0.35028943191118744, 
        -0.3366634189318132
      ], 
      "visibility": 0.9838449111470113
    }, 
    {
      "bounding_box": {
        "bottom_right": [
          348, 
          444
        ], 
        "top_left": [
          296, 
          381
        ]
      }, 
      "class": "005_tomato_soup_can", 
      "cuboid": [
        [
          -17.55880675805055, 
          11.090983289253433, 
          92.61696879143066
        ], 
        [
          -11.942982060997183, 
          8.968027615546243, 
          89.49719862732492
        ], 
        [
          -6.288253289240836, 
          12.896353142456798, 
          97.00297735277663
        ], 
        [
          -11.904077986294206, 
          15.01930881616399, 
          100.12274751688237
        ], 
        [
          -17.920296448907585, 
          5.2158475793221335, 
          95.9641993264552
        ], 
        [
          -12.304471751854216, 
          3.0928919056149424, 
          92.84442916234944
        ], 
        [
          -6.649742980097869, 
          7.021217432525498, 
          100.35020788780116
        ], 
        [
          -12.265567677151239, 
          9.144173106232689, 
          103.46997805190692
        ]
      ], 
      "cuboid_centroid": [
        -12.10427486907421, 
        9.056100360889467, 
        96.4835883396159
      ], 
      "location": [
        -12.10427486907421, 
        9.056100360889467, 
        96.4835883396159
      ], 
      "pose_transform_permuted": [
        [
          0.05338477895281638, 
          0.8676397394594718, 
          -0.49431883325013987, 
          0.0
        ], 
        [
          -0.8300188570578029, 
          0.3137728360358887, 
          0.46110201182967686, 
          0.0
        ], 
        [
          -0.5551743842991608, 
          -0.3856782161899977, 
          -0.7369082144843755, 
          0.0
        ], 
        [
          -12.10427486907421, 
          9.056100360889467, 
          96.4835883396159, 
          1.0
        ]
      ], 
      "projected_cuboid": [
        [
          379.6449690348538, 
          337.152141250132
        ], 
        [
          409.834979159138, 
          326.7275933792315
        ], 
        [
          446.7363210549564, 
          344.19031712369554
        ], 
        [
          417.65970257257845, 
          353.28925181032463
        ], 
        [
          381.17534218385333, 
          302.2735318438584
        ], 
        [
          410.3283648214446, 
          291.0528147174538
        ], 
        [
          445.96194111256307, 
          310.60138598509025
        ], 
        [
          417.8492933834155, 
          320.418727252939
        ]
      ], 
      "projected_cuboid_centroid": [
        414.13229506103113, 
        323.34474739032527
      ], 
      "quaternion_xyzw": [
        0.26392314795942345, 
        0.8231062972815145, 
        0.48734530377279695, 
        -0.12383492697827554
      ], 
      "visibility": 0.7332738626226584
    }, 
    {
      "bounding_box": {
        "bottom_right": [
          354, 
          547
        ], 
        "top_left": [
          293, 
          485
        ]
      }, 
      "class": "010_potted_meat_can", 
      "cuboid": [
        [
          11.475912576385596, 
          11.501003288296467, 
          87.74420557951966
        ], 
        [
          1.7988388263621549, 
          9.511119179421959, 
          85.35346771281921
        ], 
        [
          2.1010908471803273, 
          2.53347899526579, 
          89.937734510112
        ], 
        [
          11.77816459720377, 
          4.523363104140297, 
          92.32847237681244
        ], 
        [
          9.725621650123673, 
          14.461107548628307, 
          92.36513458351557
        ], 
        [
          0.048547900100230634, 
          12.4712234397538, 
          89.97439671681512
        ], 
        [
          0.3507999209184029, 
          5.493583255597629, 
          94.5586635141079
        ], 
        [
          10.027873670941844, 
          7.483467364472138, 
          96.94940138080835
        ]
      ], 
      "cuboid_centroid": [
        5.913356248652, 
        8.497293271947049, 
        91.15143454681377
      ], 
      "location": [
        5.913356248652, 
        8.497293271947049, 
        91.15143454681377
      ], 
      "pose_transform_permuted": [
        [
          0.30386468296400876, 
          -0.5138980778053485, 
          -0.8022307067529676, 
          0.0
        ], 
        [
          0.9520275240986578, 
          0.19576418350748562, 
          0.23520005228835061, 
          0.0
        ], 
        [
          -0.036179217560931884, 
          0.8352154655612789, 
          -0.5487314373206027, 
          0.0
        ], 
        [
          5.913356248652, 
          8.497293271947049, 
          91.15143454681377, 
          1.0
        ]
      ], 
      "projected_cuboid": [
        [
          551.9302929945147, 
          343.1909862495943
        ], 
        [
          492.93053710676537, 
          332.71547803724246
        ], 
        [
          494.1601057709721, 
          288.30975342140266
        ], 
        [
          550.198584478547, 
          299.4149690399101
        ], 
        [
          538.2211340048444, 
          356.78548901748974
        ], 
        [
          481.88723292074644, 
          347.2092085324532
        ], 
        [
          483.5921012723566, 
          304.27085420492114
        ], 
        [
          537.2202040545409, 
          314.4531634443255
        ]
      ], 
      "projected_cuboid_centroid": [
        516.4839606995502, 
        323.003505447815
      ], 
      "quaternion_xyzw": [
        0.947295320427176, 
        0.06121200962014261, 
        0.14226417138038644, 
        0.28043776112151747
      ], 
      "visibility": 0.5243226600985221
    }, 
    {
      "bounding_box": {
        "bottom_right": [
          264, 
          484
        ], 
        "top_left": [
          224, 
          340
        ]
      }, 
      "class": "037_scissors", 
      "cuboid": [
        [
          -19.590678329632066, 
          -2.4327374251964233, 
          81.4819228670485
        ], 
        [
          0.6565441553671767, 
          -2.1208579162311283, 
          80.84009578949586
        ], 
        [
          0.49841900744462125, 
          -6.918317496810553, 
          73.52064682625587
        ], 
        [
          -19.74880347755462, 
          -7.230197005775849, 
          74.16247390380852
        ], 
        [
          -19.638012262069804, 
          -1.1235482233182381, 
          80.62485065891748
        ], 
        [
          0.6092102229294418, 
          -0.8116687143529429, 
          79.98302358136483
        ], 
        [
          0.4510850750068865, 
          -5.6091282949323675, 
          72.66357461812485
        ], 
        [
          -19.796137409992358, 
          -5.921007803897663, 
          73.30540169567749
        ]
      ], 
      "cuboid_centroid": [
        -9.569796627312591, 
        -4.020932860064395, 
        77.07274874258667
      ], 
      "location": [
        -9.569796627312591, 
        -4.020932860064395, 
        77.07274874258667
      ], 
      "pose_transform_permuted": [
        [
          0.030235663879505433, 
          -0.8362754291487887, 
          0.5474750537493058, 
          0.0
        ], 
        [
          -0.9993791906977033, 
          -0.015394007325985335, 
          0.03167983291573222, 
          0.0
        ], 
        [
          0.018065251140916106, 
          0.5480931610195795, 
          0.8362217235604439, 
          0.0
        ], 
        [
          -9.569796627312591, 
          -4.020932860064395, 
          77.07274874258667, 
          1.0
        ]
      ], 
      "projected_cuboid": [
        [
          352.30260083679985, 
          257.3636625273598
        ], 
        [
          485.96452834471944, 
          259.29477994598057
        ], 
        [
          485.24273627414067, 
          223.10098653540285
        ], 
        [
          338.395321018124, 
          221.2925112130319
        ], 
        [
          350.61243732025594, 
          265.8544588490631
        ], 
        [
          485.6930800199864, 
          267.8744042431875
        ], 
        [
          484.93543119316524, 
          232.11793349248643
        ], 
        [
          336.3737957184061, 
          230.2093657556128
        ]
      ], 
      "projected_cuboid_centroid": [
        414.8251897067073, 
        245.46292623961364
      ], 
      "quaternion_xyzw": [
        0.01759716595157233, 
        -0.47534480821641945, 
        0.8796231303044773, 
        0.000759201220074253
      ], 
      "visibility": 0.8008039303260384
    }, 
    {
      "bounding_box": {
        "bottom_right": [
          337, 
          483
        ], 
        "top_left": [
          299, 
          436
        ]
      }, 
      "class": "061_foam_brick", 
      "cuboid": [
        [
          -0.28443300391550397, 
          8.589050962120359, 
          90.50182262909806
        ], 
        [
          -8.012877484559095, 
          8.85738617831661, 
          91.41982986268712
        ], 
        [
          -7.827657046755395, 
          4.581667135348844, 
          94.22894919168573
        ], 
        [
          -0.09921256611180526, 
          4.313331919152592, 
          93.31094195809668
        ], 
        [
          0.3324439647967643, 
          11.473764829920496, 
          94.85192896659086
        ], 
        [
          -7.3960005158468265, 
          11.742100046116748, 
          95.76993620017991
        ], 
        [
          -7.210780078043127, 
          7.466381003148981, 
          98.57905552917853
        ], 
        [
          0.517664402600463, 
          7.198045786952731, 
          97.66104829558945
        ]
      ], 
      "cuboid_centroid": [
        -3.7476065409793162, 
        8.02771598263467, 
        94.5404390791383
      ], 
      "location": [
        -3.7476065409793162, 
        8.02771598263467, 
        94.5404390791383
      ], 
      "pose_transform_permuted": [
        [
          -0.11736624120764538, 
          -0.5488420557020184, 
          -0.8276457958073437, 
          0.0
        ], 
        [
          0.9924294000647387, 
          -0.034457614115345314, 
          -0.11788366602977957, 
          0.0
        ], 
        [
          -0.0361808141413571, 
          0.8352155833808781, 
          -0.5487311527203536, 
          0.0
        ], 
        [
          -3.7476065409793162, 
          8.02771598263467, 
          94.5404390791383, 
          1.0
        ]
      ], 
      "projected_cuboid": [
        [
          479.90696132490973, 
          323.90108856045276
        ], 
        [
          434.4624682568283, 
          324.9582323140638
        ], 
        [
          436.924679786652, 
          299.21798291225474
        ], 
        [
          481.02529320624166, 
          297.93942790976007
        ], 
        [
          483.48186369638745, 
          337.7995483457502
        ], 
        [
          440.0673040163461, 
          338.6754496860366
        ], 
        [
          442.26114683127355, 
          313.68018126621746
        ], 
        [
          484.4475534525777, 
          312.59452049587054
        ]
      ], 
      "projected_cuboid_centroid": [
        460.27996956584445, 
        318.57232450175405
      ], 
      "quaternion_xyzw": [
        0.9559407381282796, 
        0.000450655557735145, 
        -0.06152314098937802, 
        0.28704007598091463
      ], 
      "visibility": 0.36514285714285716
    }
  ]
}