{
  "camera_data": {
    "location_worldframe": [
      -8.856547800565236, 
      6.864970691963807, 
      82.35480597026485
    ], 
    "quaternion_xyzw_worldframe": [
      0.9352002381508915, 
      -0.0234374040988495, 
      0.15388109656377683, 
      -0.31807594586242494
    ]
  }, 
  "objects": [
    {
      "bounding_box": {
        "bottom_right": [
          347, 
          640
        ], 
        "top_left": [
          203, 
          480
        ]
      }, 
      "class": "003_cracker_box", 
      "cuboid": [
        [
          2.33587495761078, 
          11.59202374037347, 
          75.69290037956566
        ], 
        [
          2.102103386652461, 
          -0.9893446810035144, 
          65.16994284922532
        ], 
        [
          21.94085237718421, 
          -6.2537766915098505, 
          71.02343251299233
        ], 
        [
          22.17462394814253, 
          6.327591729867136, 
          81.54639004333265
        ], 
        [
          -0.31047721472456796, 
          7.338865142879704, 
          80.836815198017
        ], 
        [
          -0.5442487856828868, 
          -5.242503278497282, 
          70.3138576676767
        ], 
        [
          19.294500204848863, 
          -10.506935289003618, 
          76.1673473314437
        ], 
        [
          19.528271775807184, 
          2.074433132373367, 
          86.69030486178401
        ]
      ], 
      "cuboid_centroid": [
        10.815187581229821, 
        0.5425442256849263, 
        75.93012385550468
      ], 
      "location": [
        10.815187581229821, 
        0.5425442256849263, 
        75.93012385550468
      ], 
      "pose_transform_permuted": [
        [
          0.3685727347639345, 
          0.5923619358188625, 
          -0.7164226937929621, 
          0.0
        ], 
        [
          0.014251235160927467, 
          0.766988215394587, 
          0.6415029070411254, 
          0.0
        ], 
        [
          -0.9294896672287554, 
          0.24665038909103032, 
          -0.2742490548319557, 
          0.0
        ], 
        [
          10.815187581229821, 
          0.5425442256849263, 
          75.93012385550468, 
          1.0
        ]
      ], 
      "projected_cuboid": [
        [
          498.19241023325293, 
          354.9620087101931
        ], 
        [
          498.94303434682837, 
          265.1902152010685
        ], 
        [
          647.7253525787614, 
          226.32652126087848
        ], 
        [
          627.8293531187065, 
          314.6694683853035
        ], 
        [
          479.5316305591581, 
          321.7045822767512
        ], 
        [
          477.4346262658158, 
          233.52297278955106
        ], 
        [
          617.8219517680161, 
          199.71755409187392
        ], 
        [
          602.7363580835503, 
          286.04847041710593
        ]
      ], 
      "projected_cuboid_centroid": [
        558.1940563422439, 
        277.0972713979226
      ], 
      "quaternion_xyzw": [
        0.7030868221715082, 
        0.6032248895604782, 
        0.3591575072781929, 
        -0.11311294386246783
      ], 
      "visibility": 0.9729539040451552
    }, 
    {
      "bounding_box": {
        "bottom_right": [
          404, 
          494
        ], 
        "top_left": [
          344, 
          427
        ]
      }, 
      "class": "005_tomato_soup_can", 
      "cuboid": [
        [
          -6.95732198816242, 
          18.323916531072328, 
          80.88215601563932
        ], 
        [
          -1.7020292292015835, 
          14.139289556188277, 
          80.07705428536475
        ], 
        [
          3.364725221672213, 
          19.094981427305438, 
          87.39234857992622
        ], 
        [
          -1.8905675372886233, 
          23.27960840218949, 
          88.1974503102008
        ], 
        [
          -9.573156429286179, 
          14.14564040717102, 
          85.52449006979501
        ], 
        [
          -4.317863670325341, 
          9.96101343228697, 
          84.71938833952044
        ], 
        [
          0.7488907805484554, 
          14.916705303404132, 
          92.0346826340819
        ], 
        [
          -4.506401978412381, 
          19.10133227828818, 
          92.83978436435648
        ]
      ], 
      "cuboid_centroid": [
        -3.104215603806982, 
        16.62031091723823, 
        86.45841932486061
      ], 
      "location": [
        -3.104215603806982, 
        16.62031091723823, 
        86.45841932486061
      ], 
      "pose_transform_permuted": [
        [
          0.3863062957216813, 
          0.6170476030712579, 
          -0.685579654342753, 
          0.0
        ], 
        [
          -0.776732238737004, 
          0.6184878421737353, 
          0.11899403097970548, 
          0.0
        ], 
        [
          -0.49744778152908686, 
          -0.4865437927041877, 
          -0.7182066850376809, 
          0.0
        ], 
        [
          -3.104215603806982, 
          16.62031091723823, 
          86.45841932486061, 
          1.0
        ]
      ], 
      "projected_cuboid": [
        [
          435.3396792215263, 
          394.1105121164069
        ], 
        [
          470.1669523935443, 
          367.45533676828876
        ], 
        [
          502.30172098833043, 
          389.8153611673414
        ], 
        [
          470.06976087953245, 
          414.05558522459836
        ], 
        [
          421.40262584904576, 
          361.49690953097286
        ], 
        [
          454.1890370007663, 
          335.9924148272352
        ], 
        [
          485.97288161413746, 
          359.7253763303198
        ], 
        [
          455.4942420671362, 
          383.0144379159086
        ]
      ], 
      "projected_cuboid_centroid": [
        462.2891119623771, 
        375.8090841923576
      ], 
      "quaternion_xyzw": [
        0.3249244454863404, 
        0.8586116243366299, 
        0.3887829637586629, 
        0.07783270607025129
      ], 
      "visibility": 0.973224246931945
    }, 
    {
      "bounding_box": {
        "bottom_right": [
          368, 
          613
        ], 
        "top_left": [
          310, 
          535
        ]
      }, 
      "class": "010_potted_meat_can", 
      "cuboid": [
        [
          21.38429364912429, 
          10.943546252760312, 
          83.91619596500364
        ], 
        [
          12.146012545594948, 
          10.343970087121539, 
          79.71909061116868
        ], 
        [
          9.616925431083596, 
          5.434014366951002, 
          85.98729402886165
        ], 
        [
          18.85520653461294, 
          6.033590532589775, 
          90.18439938269661
        ], 
        [
          19.73154317151925, 
          15.591450461149053, 
          86.89010294858242
        ], 
        [
          10.493262067989907, 
          14.99187429551028, 
          82.69299759474748
        ], 
        [
          7.964174953478555, 
          10.081918575339742, 
          88.96120101244045
        ], 
        [
          17.202456057007897, 
          10.681494740978517, 
          93.1583063662754
        ]
      ], 
      "cuboid_centroid": [
        14.674234301301423, 
        10.512732414050028, 
        86.43869848872204
      ], 
      "location": [
        14.674234301301423, 
        10.512732414050028, 
        86.43869848872204
      ], 
      "pose_transform_permuted": [
        [
          0.28693087095448705, 
          -0.8069138207471778, 
          -0.5162943423694532, 
          0.0
        ], 
        [
          0.9088592391784915, 
          0.05898611783136046, 
          0.41290992727869136, 
          0.0
        ], 
        [
          0.30272880458754714, 
          0.5877160249706158, 
          -0.7502967045547599, 
          0.0
        ], 
        [
          14.674234301301423, 
          10.512732414050028, 
          86.43869848872204, 
          1.0
        ]
      ], 
      "projected_cuboid": [
        [
          618.6350215508803, 
          342.8369681316567
        ], 
        [
          563.5308751446844, 
          342.48755084930616
        ], 
        [
          541.7412627098773, 
          306.98996253803995
        ], 
        [
          594.0295041307041, 
          308.9671214292588
        ], 
        [
          603.7158556489948, 
          368.98473120252214
        ], 
        [
          549.8362058469273, 
          369.9750168465865
        ], 
        [
          529.7399299652617, 
          333.7273206032179
        ], 
        [
          580.8996675252355, 
          334.43675147399944
        ]
      ], 
      "projected_cuboid_centroid": [
        572.8903825764785, 
        338.1492229486605
      ], 
      "quaternion_xyzw": [
        0.8678809835626312, 
        -0.07021201390875874, 
        0.20159469198194327, 
        0.4485668411899132
      ], 
      "visibility": 0.6915968813167773
    }, 
    {
      "bounding_box": {
        "bottom_right": [
          292, 
          543
        ], 
        "top_left": [
          236, 
          399
        ]
      }, 
      "class": "037_scissors", 
      "cuboid": [
        [
          -10.66920541077064, 
          2.5772597375378457, 
          73.86271529718417
        ], 
        [
          8.598990843238106, 
          -1.612068314176035, 
          78.5151740852636
        ], 
        [
          8.427015345879349, 
          -8.457658186563231, 
          73.06326810271474
        ], 
        [
          -10.841180908129397, 
          -4.268330134849351, 
          68.41080931463533
        ], 
        [
          -10.186414270556726, 
          3.497561186249998, 
          72.69192599254635
        ], 
        [
          9.08178198345202, 
          -0.6917668654638831, 
          77.34438478062577
        ], 
        [
          8.909806486093263, 
          -7.53735673785108, 
          71.89247879807694
        ], 
        [
          -10.358389767915483, 
          -3.3480286861371993, 
          67.24002000999751
        ]
      ], 
      "cuboid_centroid": [
        -0.8796994623386887, 
        -2.480048500156617, 
        72.87759704763054
      ], 
      "location": [
        -0.8796994623386887, 
        -2.480048500156617, 
        72.87759704763054
      ], 
      "pose_transform_permuted": [
        [
          -0.3083942087151374, 
          -0.5878642199797314, 
          0.7478692359929083, 
          0.0
        ], 
        [
          -0.9510556024562052, 
          0.20678032658508425, 
          -0.22963991736792577, 
          0.0
        ], 
        [
          0.019647605650882968, 
          0.7820849616719772, 
          0.6228613984895416, 
          0.0
        ], 
        [
          -0.8796994623386887, 
          -2.480048500156617, 
          72.87759704763054, 
          1.0
        ]
      ], 
      "projected_cuboid": [
        [
          403.91897745185736, 
          291.89542723519736
        ], 
        [
          540.4930458330427, 
          262.3364558937852
        ], 
        [
          543.622020204831, 
          211.5505267709769
        ], 
        [
          396.37666225013453, 
          240.01132795015008
        ], 
        [
          406.2394968509953, 
          298.94713024800546
        ], 
        [
          544.7413501399415, 
          268.5165366763991
        ], 
        [
          548.2434473452153, 
          217.3722056222277
        ], 
        [
          398.7540048272523, 
          246.73138134896786
        ]
      ], 
      "projected_cuboid_centroid": [
        475.1057640103562, 
        255.13749786581099
      ], 
      "quaternion_xyzw": [
        -0.1441873646030692, 
        -0.32446145647935104, 
        0.9328732229141712, 
        0.06068025286668554
      ], 
      "visibility": 0.8236766809728183
    }, 
    {
      "bounding_box": {
        "bottom_right": [
          381, 
          539
        ], 
        "top_left": [
          327, 
          484
        ]
      }, 
      "class": "061_foam_brick", 
      "cuboid": [
        [
          8.983659911229774, 
          11.680218196670095, 
          84.1810983225691
        ], 
        [
          1.6158185232991618, 
          13.86253549173288, 
          82.91776951915729
        ], 
        [
          0.06606117576527099, 
          10.8538402027494, 
          86.75876368360798
        ], 
        [
          7.433902563695883, 
          8.671522907686615, 
          88.02209248701979
        ], 
        [
          9.587665178756888, 
          15.6694389681117, 
          87.54960418045317
        ], 
        [
          2.219823790826277, 
          17.85175626317449, 
          86.28627537704138
        ], 
        [
          0.6700664432923858, 
          14.843060974191008, 
          90.12726954149207
        ], 
        [
          8.037907831222997, 
          12.660743679128222, 
          91.39059834490388
        ]
      ], 
      "cuboid_centroid": [
        4.826863177261079, 
        13.26163958543055, 
        87.15418393203058
      ], 
      "location": [
        4.826863177261079, 
        13.26163958543055, 
        87.15418393203058
      ], 
      "pose_transform_permuted": [
        [
          -0.11491728742484664, 
          -0.7589841589789509, 
          -0.6408877151810051, 
          0.0
        ], 
        [
          0.9461234310099115, 
          -0.28023696738903214, 
          0.16222729549194712, 
          0.0
        ], 
        [
          0.30272837717159584, 
          0.5877161632349519, 
          -0.7502967687038499, 
          0.0
        ], 
        [
          4.826863177261079, 
          13.26163958543055, 
          87.15418393203058, 
          1.0
        ]
      ], 
      "projected_cuboid": [
        [
          538.986306660287, 
          347.2852054272607
        ], 
        [
          492.0764761930832, 
          362.44911064854097
        ], 
        [
          482.0065415575065, 
          340.0067779544976
        ], 
        [
          527.0139093375049, 
          325.8266770751343
        ], 
        [
          540.4882702366191, 
          368.73892451392425
        ], 
        [
          495.4317300159812, 
          383.6249570121206
        ], 
        [
          485.59516674027657, 
          361.11894577556126
        ], 
        [
          528.8940305997334, 
          347.1696579508089
        ]
      ], 
      "projected_cuboid_centroid": [
        511.380072274276, 
        354.43803039152544
      ], 
      "quaternion_xyzw": [
        0.890888223828594, 
        -0.16359104570249375, 
        0.013276078525256967, 
        0.4235326293787628
      ], 
      "visibility": 0.7392694063926941
    }
  ]
}