{
  "camera_data": {
    "location_worldframe": [
      -11.736906007298117, 
      1.0369662483625892, 
      91.29189612132896
    ], 
    "quaternion_xyzw_worldframe": [
      0.9454214956104506, 
      -0.021681069784724404, 
      0.14324351042461397, 
      -0.29187278627064955
    ]
  }, 
  "objects": [
    {
      "bounding_box": {
        "bottom_right": [
          301, 
          601
        ], 
        "top_left": [
          172, 
          459
        ]
      }, 
      "class": "003_cracker_box", 
      "cuboid": [
        [
          -0.7159020948235395, 
          5.406988587681018, 
          84.11993916889195
        ], 
        [
          -1.153318603440373, 
          -7.739980154876737, 
          74.3197353257387
        ], 
        [
          18.831488468935724, 
          -12.634914392801866, 
          79.9942971795465
        ], 
        [
          19.26890497755256, 
          0.5120543497558867, 
          89.79450102269973
        ], 
        [
          -3.2296177934763026, 
          1.4413654064521872, 
          89.55201646084848
        ], 
        [
          -3.6670343020931364, 
          -11.705603336105566, 
          79.75181261769525
        ], 
        [
          16.31777277028296, 
          -16.6005375740307, 
          85.42637447150304
        ], 
        [
          16.755189278899795, 
          -3.453568831472943, 
          95.22657831465628
        ]
      ], 
      "cuboid_centroid": [
        7.800935337729712, 
        -5.59677449317484, 
        84.7731568201975
      ], 
      "location": [
        7.800935337729712, 
        -5.59677449317484, 
        84.7731568201975
      ], 
      "pose_transform_permuted": [
        [
          0.3500996878483783, 
          0.5523152195041812, 
          -0.7565567439872021, 
          0.0
        ], 
        [
          0.026665883717236938, 
          0.8014684695640747, 
          0.5974422339776456, 
          0.0
        ], 
        [
          -0.9363328143422334, 
          0.22933859378366575, 
          -0.2658658875961417, 
          0.0
        ], 
        [
          7.800935337729712, 
          -5.59677449317484, 
          84.7731568201975, 
          1.0
        ]
      ], 
      "projected_cuboid": [
        [
          477.02043257531255, 
          307.56679220277414
        ], 
        [
          473.2518665426533, 
          217.74431932498362
        ], 
        [
          608.1923047485075, 
          189.04994218701503
        ], 
        [
          596.9952688027721, 
          276.3278000772483
        ], 
        [
          462.2030642692636, 
          281.87046973580806
        ], 
        [
          456.8703696763285, 
          195.0083485952616
        ], 
        [
          584.3184019726672, 
          169.64885191350618
        ], 
        [
          576.2170593055333, 
          253.9447121776352
        ]
      ], 
      "projected_cuboid_centroid": [
        531.0828083177388, 
        238.07646026622456
      ], 
      "quaternion_xyzw": [
        0.7093238367431524, 
        0.6124851562459086, 
        0.33395956569591884, 
        -0.10095858797840011
      ], 
      "visibility": 0.9647847959754052
    }, 
    {
      "bounding_box": {
        "bottom_right": [
          363, 
          477
        ], 
        "top_left": [
          305, 
          416
        ]
      }, 
      "class": "005_tomato_soup_can", 
      "cuboid": [
        [
          -9.907801653666088, 
          12.399834527294065, 
          89.14186349772834
        ], 
        [
          -4.659499869226834, 
          8.18652856768499, 
          88.44848411558684
        ], 
        [
          0.5592673219277311, 
          13.55020971389198, 
          95.35788400047566
        ], 
        [
          -4.689034462511523, 
          17.763515673501058, 
          96.05126338261717
        ], 
        [
          -12.40281812517145, 
          8.481163943559563, 
          94.06839983925646
        ], 
        [
          -7.154516340732196, 
          4.267857983950489, 
          93.37502045711496
        ], 
        [
          -1.935749149577632, 
          9.63153913015748, 
          100.2844203420038
        ], 
        [
          -7.184050934016885, 
          13.844845089766554, 
          100.97779972414529
        ]
      ], 
      "cuboid_centroid": [
        -5.92177540162186, 
        11.015686828725773, 
        94.71314191986606
      ], 
      "location": [
        -5.92177540162186, 
        11.015686828725773, 
        94.71314191986606
      ], 
      "pose_transform_permuted": [
        [
          0.368463904182618, 
          0.5787090702520397, 
          -0.727550633524185, 
          0.0
        ], 
        [
          -0.7756989727440021, 
          0.6227265959467181, 
          0.10248146858546149, 
          0.0
        ], 
        [
          -0.5123722072438132, 
          -0.5265996828699515, 
          -0.6783564662073835, 
          0.0
        ], 
        [
          -5.92177540162186, 
          11.015686828725773, 
          94.71314191986606, 
          1.0
        ]
      ], 
      "projected_cuboid": [
        [
          421.8265077117493, 
          347.47249643019677
        ], 
        [
          453.26745559650857, 
          322.6490120474778
        ], 
        [
          484.7510174725335, 
          349.07043642090173
        ], 
        [
          455.34448352604943, 
          371.91752357199204
        ], 
        [
          410.6934572800482, 
          321.3703878918675
        ], 
        [
          440.39288586767674, 
          297.6627815409159
        ], 
        [
          471.2168302187161, 
          324.5077388087853
        ], 
        [
          443.3379259589848, 
          346.4088186462398
        ]
      ], 
      "projected_cuboid_centroid": [
        447.97430390304476, 
        335.3146936180676
      ], 
      "quaternion_xyzw": [
        0.3260567211445959, 
        0.870323113725319, 
        0.3610916212137286, 
        0.07640335853504135
      ], 
      "visibility": 0.9752604166666666
    }, 
    {
      "bounding_box": {
        "bottom_right": [
          328, 
          585
        ], 
        "top_left": [
          276, 
          515
        ]
      }, 
      "class": "010_potted_meat_can", 
      "cuboid": [
        [
          18.51910514465651, 
          5.251080675643261, 
          91.92217555380863
        ], 
        [
          9.188347931840902, 
          4.40241117783956, 
          87.98037994819859
        ], 
        [
          6.8198439433964335, 
          -0.15631379252665015, 
          94.56844008709253
        ], 
        [
          16.150601156212048, 
          0.6923557052770507, 
          98.51023569270254
        ], 
        [
          16.92097313008689, 
          10.05401014598738, 
          94.67109588467814
        ], 
        [
          7.5902159172712755, 
          9.205340648183679, 
          90.72930027906811
        ], 
        [
          5.221711928826809, 
          4.646615677817469, 
          97.31736041796204
        ], 
        [
          14.55246914164242, 
          5.495285175621171, 
          101.25915602357205
        ]
      ], 
      "cuboid_centroid": [
        11.87040853674166, 
        4.948848176730365, 
        94.61976798588533
      ], 
      "location": [
        11.87040853674166, 
        4.948848176730365, 
        94.61976798588533
      ], 
      "pose_transform_permuted": [
        [
          0.27744866333676044, 
          -0.8338274619988576, 
          -0.47723483696331764, 
          0.0
        ], 
        [
          0.9179570102233666, 
          0.08349184284868673, 
          0.38779263317103413, 
          0.0
        ], 
        [
          0.28350718999300534, 
          0.5456741101577307, 
          -0.7885831844046884, 
          0.0
        ], 
        [
          11.87040853674166, 
          4.948848176730365, 
          94.61976798588533, 
          1.0
        ]
      ], 
      "projected_cuboid": [
        [
          589.9377206405796, 
          303.75257232254796
        ], 
        [
          537.7591691618225, 
          299.97307986379343
        ], 
        [
          520.3781537588313, 
          272.4050049182121
        ], 
        [
          569.7626501525467, 
          277.0348475205208
        ], 
        [
          577.7139505231038, 
          329.9247383756515
        ], 
        [
          526.58523716025, 
          327.39682454087375
        ], 
        [
          510.4516205985895, 
          298.7509682311559
        ], 
        [
          558.8818755669273, 
          302.2295325150517
        ]
      ], 
      "projected_cuboid_centroid": [
        549.0616034683285, 
        301.18047286388855
      ], 
      "quaternion_xyzw": [
        0.857447659823096, 
        -0.05831707185065521, 
        0.1939597387918242, 
        0.473034892514102
      ], 
      "visibility": 0.7553648068669528
    }, 
    {
      "bounding_box": {
        "bottom_right": [
          249, 
          517
        ], 
        "top_left": [
          196, 
          387
        ]
      }, 
      "class": "037_scissors", 
      "cuboid": [
        [
          -13.731682964605058, 
          -3.7192139211796196, 
          83.09522882100883
        ], 
        [
          5.6516706800627965, 
          -7.608456447114824, 
          87.52452032675212
        ], 
        [
          5.375225995278828, 
          -14.74667053284387, 
          82.46641464203893
        ], 
        [
          -14.008127649389024, 
          -10.857428006908664, 
          78.03712313629563
        ], 
        [
          -13.278900025988028, 
          -2.8645015756470182, 
          81.86427632220291
        ], 
        [
          6.104453618679824, 
          -6.753744101582224, 
          86.2935678279462
        ], 
        [
          5.8280089338958545, 
          -13.891958187311268, 
          81.23546214323301
        ], 
        [
          -13.555344710772, 
          -10.002715661376065, 
          76.80617063748973
        ]
      ], 
      "cuboid_centroid": [
        -3.9518370153546005, 
        -8.805586054245444, 
        82.16534548212093
      ], 
      "location": [
        -3.9518370153546005, 
        -8.805586054245444, 
        82.16534548212093
      ], 
      "pose_transform_permuted": [
        [
          -0.28922576336558825, 
          -0.5459676359487348, 
          0.7862998928832262, 
          0.0
        ], 
        [
          -0.9567396364003683, 
          0.19196845645746663, 
          -0.2186246416590458, 
          0.0
        ], 
        [
          0.03158284891938739, 
          0.8155162657585519, 
          0.5778710767524019, 
          0.0
        ], 
        [
          -3.9518370153546005, 
          -8.805586054245444, 
          82.16534548212093, 
          1.0
        ]
      ], 
      "projected_cuboid": [
        [
          392.7302941136935, 
          249.41597830778116
        ], 
        [
          516.3217967765081, 
          226.92537192416953
        ], 
        [
          516.6489522388115, 
          177.9181602500077
        ], 
        [
          385.0652301011517, 
          199.084943327031
        ], 
        [
          394.36836629324677, 
          254.62522617426282
        ], 
        [
          519.6387863248755, 
          231.54641667503668
        ], 
        [
          520.1774306624961, 
          182.08433201842058
        ], 
        [
          386.68833229213726, 
          203.83060621414205
        ]
      ], 
      "projected_cuboid_centroid": [
        455.7326887097617, 
        216.13115870965072
      ], 
      "quaternion_xyzw": [
        -0.13460739440564665, 
        -0.29787709008828733, 
        0.9432067370203292, 
        0.05925299740836026
      ], 
      "visibility": 0.8076416337285902
    }, 
    {
      "bounding_box": {
        "bottom_right": [
          340, 
          518
        ], 
        "top_left": [
          292, 
          468
        ]
      }, 
      "class": "061_foam_brick", 
      "cuboid": [
        [
          6.125646325441668, 
          5.9787308669833745, 
          92.43354643421652
        ], 
        [
          -1.2761312339414619, 
          8.074059455115382, 
          91.22239729858855
        ], 
        [
          -2.7274902769164875, 
          5.280590657678791, 
          95.25939127377029
        ], 
        [
          4.674287282466643, 
          3.185262069546784, 
          96.47054040939827
        ], 
        [
          6.7948109846075075, 
          10.15003205067672, 
          95.56052605278505
        ], 
        [
          -0.6069665747756217, 
          12.245360638808725, 
          94.34937691715707
        ], 
        [
          -2.0583256177506475, 
          9.451891841372136, 
          98.38637089233883
        ], 
        [
          5.343451941632482, 
          7.356563253240128, 
          99.5975200279668
        ]
      ], 
      "cuboid_centroid": [
        2.03366035384551, 
        7.7153113541777545, 
        95.40995866327768
      ], 
      "location": [
        2.03366035384551, 
        7.7153113541777545, 
        95.40995866327768
      ], 
      "pose_transform_permuted": [
        [
          -0.12731443185378877, 
          -0.7936265506833046, 
          -0.5949352347039694, 
          0.0
        ], 
        [
          0.9504812619239419, 
          -0.2690665241713912, 
          0.15552677037023857, 
          0.0
        ], 
        [
          0.2835073300167346, 
          0.5456739902367038, 
          -0.788583217045567, 
          0.0
        ], 
        [
          2.03366035384551, 
          7.7153113541777545, 
          95.40995866327768, 
          1.0
        ]
      ], 
      "projected_cuboid": [
        [
          517.2351280938725, 
          307.7823934027275
        ], 
        [
          474.0741637710964, 
          320.490450075596
        ], 
        [
          466.1996777310777, 
          302.85047252681744
        ], 
        [
          507.6533501150481, 
          290.8956716300331
        ], 
        [
          519.8346658098142, 
          329.93347250595394
        ], 
        [
          478.13753609968256, 
          342.50470184280397
        ], 
        [
          470.3465936203204, 
          324.5220797673541
        ], 
        [
          510.44835159701984, 
          312.67907754154186
        ]
      ], 
      "projected_cuboid_centroid": [
        493.0594927202421, 
        316.41334249004467
      ], 
      "quaternion_xyzw": [
        0.8790748669573906, 
        -0.1571464146451674, 
        0.008023303695991482, 
        0.44996445331361146
      ], 
      "visibility": 0.8951165371809101
    }
  ]
}