{
  "camera_data": {
    "location_worldframe": [
      -16.2743211008707, 
      2.77716691082502, 
      83.01683448219707
    ], 
    "quaternion_xyzw_worldframe": [
      0.9106656066339757, 
      0.021621560453494514, 
      -0.04001500989700233, 
      -0.41063328877051236
    ]
  }, 
  "objects": [
    {
      "bounding_box": {
        "bottom_right": [
          345, 
          574
        ], 
        "top_left": [
          231, 
          395
        ]
      }, 
      "class": "003_cracker_box", 
      "cuboid": [
        [
          -9.152512463110154, 
          11.134416480531643, 
          74.56507819381864
        ], 
        [
          -10.390679020941707, 
          0.5429249713054283, 
          62.100513746064635
        ], 
        [
          10.88803007233931, 
          -0.18074660058930542, 
          60.60171892156505
        ], 
        [
          12.126196630170865, 
          10.410744908636909, 
          73.06628336931905
        ], 
        [
          -9.011948602386074, 
          5.65712314938827, 
          79.20532571961006
        ], 
        [
          -10.250115160217629, 
          -4.934368359837944, 
          66.74076127185606
        ], 
        [
          11.02859393306339, 
          -5.658039931732678, 
          65.24196644735648
        ], 
        [
          12.266760490894944, 
          4.933451577493536, 
          77.70653089511048
        ]
      ], 
      "cuboid_centroid": [
        0.9380407349766182, 
        2.738188274399482, 
        69.90352232058756
      ], 
      "location": [
        0.9380407349766182, 
        2.738188274399482, 
        69.90352232058756
      ], 
      "pose_transform_permuted": [
        [
          -0.019577139844668356, 
          0.7628542426317524, 
          -0.6462740441130511, 
          0.0
        ], 
        [
          0.07548138856969783, 
          0.6456808908978156, 
          0.7598675852469259, 
          0.0
        ], 
        [
          -0.996955011811011, 
          0.033905628266397925, 
          0.07022188260626608, 
          0.0
        ], 
        [
          0.9380407349766182, 
          2.738188274399482, 
          69.90352232058756, 
          1.0
        ]
      ], 
      "projected_cuboid": [
        [
          415.58906650589137, 
          352.9243858868015
        ], 
        [
          391.61821126429265, 
          277.9491808795895
        ], 
        [
          578.2146387497243, 
          271.69589495346025
        ], 
        [
          570.8452410491647, 
          349.27581619764163
        ], 
        [
          420.41050564277424, 
          311.3780997870149
        ], 
        [
          399.0067149253673, 
          233.85643220001717
        ], 
        [
          572.5014563878539, 
          227.03496614397065
        ], 
        [
          566.4885490360937, 
          307.1460644407414
        ]
      ], 
      "projected_cuboid_centroid": [
        488.81336576869484, 
        294.17717954953207
      ], 
      "quaternion_xyzw": [
        0.662506803917731, 
        0.6198562388322304, 
        0.2793520160942323, 
        -0.31436512059635713
      ], 
      "visibility": 0.9850159404888417
    }, 
    {
      "bounding_box": {
        "bottom_right": [
          382, 
          445
        ], 
        "top_left": [
          321, 
          373
        ]
      }, 
      "class": "005_tomato_soup_can", 
      "cuboid": [
        [
          -17.307899832670866, 
          14.426113659239226, 
          83.5797629449554
        ], 
        [
          -11.905438509164327, 
          11.902167821954398, 
          80.38281084086108
        ], 
        [
          -5.7736422148434485, 
          16.912792516870855, 
          86.78898969994671
        ], 
        [
          -11.176103538349992, 
          19.43673835415568, 
          89.98594180404103
        ], 
        [
          -17.322650540143293, 
          9.099300089325723, 
          87.76027562515635
        ], 
        [
          -11.92018921663675, 
          6.575354252040897, 
          84.56332352106203
        ], 
        [
          -5.788392922315873, 
          11.585978946957354, 
          90.96950238014766
        ], 
        [
          -11.190854245822415, 
          14.109924784242182, 
          94.16645448424198
        ]
      ], 
      "cuboid_centroid": [
        -11.54814637749337, 
        13.00604630309829, 
        87.27463266255154
      ], 
      "location": [
        -11.54814637749337, 
        13.00604630309829, 
        87.27463266255154
      ], 
      "pose_transform_permuted": [
        [
          0.002178383720836086, 
          0.78666355402418, 
          -0.6173778975905528, 
          0.0
        ], 
        [
          -0.7984837517076916, 
          0.37303917984444196, 
          0.47250950210415454, 
          0.0
        ], 
        [
          -0.6020122926762633, 
          -0.49193703044583026, 
          -0.6289508387328913, 
          0.0
        ], 
        [
          -11.54814637749337, 
          13.00604630309829, 
          87.27463266255154, 
          1.0
        ]
      ], 
      "projected_cuboid": [
        [
          370.23559323799924, 
          365.3390714229577
        ], 
        [
          401.94923918225885, 
          352.25440580338284
        ], 
        [
          445.8222888548044, 
          377.2158899250628
        ], 
        [
          414.8076770981955, 
          388.48223399158036
        ], 
        [
          375.4499759298571, 
          328.583024873932
        ], 
        [
          405.7929429265441, 
          314.7556411680862
        ], 
        [
          447.3791240475498, 
          341.21072466984583
        ], 
        [
          417.68854908151263, 
          353.19927596996723
        ]
      ], 
      "projected_cuboid_centroid": [
        410.4403377066839, 
        352.7641476998582
      ], 
      "quaternion_xyzw": [
        0.2859008057551876, 
        0.8526134352307725, 
        0.41508095411782775, 
        -0.13790866380612932
      ], 
      "visibility": 0.7194092827004219
    }, 
    {
      "bounding_box": {
        "bottom_right": [
          388, 
          556
        ], 
        "top_left": [
          316, 
          485
        ]
      }, 
      "class": "010_potted_meat_can", 
      "cuboid": [
        [
          11.273248029577873, 
          14.28099850528583, 
          76.50740419074211
        ], 
        [
          1.4792634710692385, 
          11.911136573617878, 
          75.17224743217594
        ], 
        [
          2.236477006792913, 
          5.677419782658737, 
          80.68239475541799
        ], 
        [
          12.030461565301549, 
          8.04728171432669, 
          82.01755151398416
        ], 
        [
          9.822943928054439, 
          17.872986282343373, 
          80.77037994027832
        ], 
        [
          0.028959369545804997, 
          15.50312435067542, 
          79.43522318171213
        ], 
        [
          0.7861729052694798, 
          9.269407559716281, 
          84.94537050495418
        ], 
        [
          10.580157463778114, 
          11.639269491384233, 
          86.28052726352037
        ]
      ], 
      "cuboid_centroid": [
        6.029710467423676, 
        11.775203032501055, 
        80.72638734784815
      ], 
      "location": [
        6.029710467423676, 
        11.775203032501055, 
        80.72638734784815
      ], 
      "pose_transform_permuted": [
        [
          0.2517845401575664, 
          -0.6235981748572744, 
          -0.7400871221920667, 
          0.0
        ], 
        [
          0.9635291732973384, 
          0.23314628425313366, 
          0.13135230917696283, 
          0.0
        ], 
        [
          -0.09063758506848747, 
          0.7461686951930069, 
          -0.6595582661804177, 
          0.0
        ], 
        [
          6.029710467423676, 
          11.775203032501055, 
          80.72638734784815, 
          1.0
        ]
      ], 
      "projected_cuboid": [
        [
          560.8357678836654, 
          372.8368527603598
        ], 
        [
          492.17936104406465, 
          357.791692603398
        ], 
        [
          496.50362790334555, 
          310.8149128041452
        ], 
        [
          560.4771286648713, 
          325.61403191806824
        ], 
        [
          546.9976008122122, 
          391.3002653053743
        ], 
        [
          481.7931195055534, 
          377.372854924725
        ], 
        [
          486.574097260622, 
          331.4834302500143
        ], 
        [
          547.5404304648629, 
          345.23151271023704
        ]
      ], 
      "projected_cuboid_centroid": [
        521.7643729368715, 
        351.07951967388885
      ], 
      "quaternion_xyzw": [
        0.9286798413180954, 
        0.08716240380055724, 
        0.10314018682443207, 
        0.345424866554786
      ], 
      "visibility": 0.5906810035842294
    }, 
    {
      "bounding_box": {
        "bottom_right": [
          275, 
          479
        ], 
        "top_left": [
          225, 
          321
        ]
      }, 
      "class": "037_scissors", 
      "cuboid": [
        [
          -19.939231063982493, 
          -0.5862289643435045, 
          74.70768955483308
        ], 
        [
          0.19629892544077016, 
          -0.2602423550853005, 
          72.49107187055102
        ], 
        [
          -0.42668831787347344, 
          -6.07347610382263, 
          65.97699823016417
        ], 
        [
          -20.562218307296735, 
          -6.399462713080833, 
          68.19361591444623
        ], 
        [
          -20.07173107224029, 
          0.5838776649642198, 
          73.67614514896059
        ], 
        [
          0.06379891718297087, 
          0.9098642742224238, 
          71.45952746467853
        ], 
        [
          -0.5591883261312727, 
          -4.903369474514905, 
          64.94545382429168
        ], 
        [
          -20.694718315554532, 
          -5.2293560837731095, 
          67.16207150857373
        ]
      ], 
      "cuboid_centroid": [
        -10.249209695056882, 
        -2.744799219429205, 
        69.82657168956237
      ], 
      "location": [
        -10.249209695056882, 
        -2.744799219429205, 
        69.82657168956237
      ], 
      "pose_transform_permuted": [
        [
          0.08463750014821746, 
          -0.7474331610513909, 
          0.6589232782163766, 
          0.0
        ], 
        [
          -0.9938661799171663, 
          -0.016090317275869293, 
          0.10940965305464698, 
          0.0
        ], 
        [
          0.07117413742165148, 
          0.6641418458196418, 
          0.7442103789945298, 
          0.0
        ], 
        [
          -10.249209695056882, 
          -2.744799219429205, 
          69.82657168956237, 
          1.0
        ]
      ], 
      "projected_cuboid": [
        [
          338.069661506789, 
          269.1015954571847
        ], 
        [
          483.0532829046771, 
          271.37192504005935
        ], 
        [
          478.1192263717492, 
          224.19209854072577
        ], 
        [
          319.44668326246784, 
          223.2384690985452
        ], 
        [
          335.0930042622333, 
          277.513053799711
        ], 
        [
          482.07718370437186, 
          280.0770731652912
        ], 
        [
          476.96685493356136, 
          233.021010368719
        ], 
        [
          315.89528803477964, 
          231.76134460655044
        ]
      ], 
      "projected_cuboid_centroid": [
        402.66356210760114, 
        252.32238149810496
      ], 
      "quaternion_xyzw": [
        0.0532732315126503, 
        -0.40951217439474696, 
        0.9106222191382638, 
        0.01512257744982021
      ], 
      "visibility": 0.7725337118523776
    }, 
    {
      "bounding_box": {
        "bottom_right": [
          368, 
          487
        ], 
        "top_left": [
          325, 
          432
        ]
      }, 
      "class": "061_foam_brick", 
      "cuboid": [
        [
          -0.1998338736063171, 
          11.737400842124995, 
          80.54308691054297
        ], 
        [
          -7.841974699755276, 
          12.094275372585624, 
          81.99701927567527
        ], 
        [
          -7.377974098911018, 
          8.274414316768462, 
          85.37349618307424
        ], 
        [
          0.2641667272379411, 
          7.917539786307833, 
          83.91956381794195
        ], 
        [
          0.6912565994690395, 
          15.228319682898322, 
          84.36996290239706
        ], 
        [
          -6.95088422667992, 
          15.585194213358955, 
          85.82389526752937
        ], 
        [
          -6.486883625835661, 
          11.765333157541793, 
          89.20037217492833
        ], 
        [
          1.1552572003132977, 
          11.408458627081162, 
          87.74643980979604
        ]
      ], 
      "cuboid_centroid": [
        -3.343358749720989, 
        11.751366999833394, 
        84.87172954273565
      ], 
      "location": [
        -3.343358749720989, 
        11.751366999833394, 
        84.87172954273565
      ], 
      "pose_transform_permuted": [
        [
          -0.16953775988608621, 
          -0.6641778563362476, 
          -0.7280966440833216, 
          0.0
        ], 
        [
          0.9813469261894304, 
          -0.04582717480218401, 
          -0.18670318826470866, 
          0.0
        ], 
        [
          -0.09063751117150687, 
          0.7461686439419961, 
          -0.6595583343165321, 
          0.0
        ], 
        [
          -3.343358749720989, 
          11.751366999833394, 
          84.87172954273565, 
          1.0
        ]
      ], 
      "projected_cuboid": [
        [
          480.26283335009686, 
          351.0062525434973
        ], 
        [
          430.16676274426527, 
          351.94932301242557
        ], 
        [
          435.1235243634984, 
          324.9759661025621
        ], 
        [
          483.28987295887146, 
          323.6035180331341
        ], 
        [
          486.00305571368415, 
          369.5478237079166
        ], 
        [
          438.0435177627573, 
          370.1347322471489
        ], 
        [
          442.4894676852207, 
          343.63021954304065
        ], 
        [
          488.67719401357, 
          342.62672332466923
        ]
      ], 
      "projected_cuboid_centroid": [
        460.4128886526107, 
        347.13013918773026
      ], 
      "quaternion_xyzw": [
        0.9294638527418304, 
        0.012052737779187594, 
        -0.09581893558848947, 
        0.3560483247271755
      ], 
      "visibility": 0.5071237756010686
    }
  ]
}