{
  "camera_data": {
    "location_worldframe": [
      -12.004695961465702, 
      3.4255740052075767, 
      82.54571618359266
    ], 
    "quaternion_xyzw_worldframe": [
      0.9161537228224441, 
      0.01567908998811173, 
      0.058559920202577664, 
      -0.39621742815325894
    ]
  }, 
  "objects": [
    {
      "bounding_box": {
        "bottom_right": [
          342, 
          624
        ], 
        "top_left": [
          216, 
          451
        ]
      }, 
      "class": "003_cracker_box", 
      "cuboid": [
        [
          -2.779438156948048, 
          10.823939227804866, 
          75.32385103693208
        ], 
        [
          -2.812002184085796, 
          -0.045030285632784335, 
          63.037982854859806
        ], 
        [
          18.243427133002122, 
          -2.691002500152643, 
          65.32299367748168
        ], 
        [
          18.275991160139867, 
          8.177967013285008, 
          77.60886185955395
        ], 
        [
          -3.9554233056708563, 
          5.52046404899701, 
          80.01880657374977
        ], 
        [
          -3.987987332808604, 
          -5.348505464440641, 
          67.7329383916775
        ], 
        [
          17.067441984279313, 
          -7.994477678960498, 
          70.01794921429936
        ], 
        [
          17.10000601141706, 
          2.8744918344771517, 
          82.30381739637164
        ]
      ], 
      "cuboid_centroid": [
        7.144001913665631, 
        1.4147307744221838, 
        72.67090012561572
      ], 
      "location": [
        7.144001913665631, 
        1.4147307744221838, 
        72.67090012561572
      ], 
      "pose_transform_permuted": [
        [
          0.16378623632849298, 
          0.7386455857388264, 
          -0.6538935444381548, 
          0.0
        ], 
        [
          0.0019851755567387164, 
          0.6625965674866813, 
          0.7489738632508328, 
          0.0
        ], 
        [
          -0.986493855970404, 
          0.12396970365139315, 
          -0.10705785683092034, 
          0.0
        ], 
        [
          7.144001913665631, 
          1.4147307744221838, 
          72.67090012561572, 
          1.0
        ]
      ], 
      "projected_cuboid": [
        [
          461.7536621403672, 
          349.92386703159656
        ], 
        [
          457.60845900172245, 
          272.90556872962645
        ], 
        [
          631.7839806723207, 
          251.31625996907513
        ], 
        [
          608.2342881209339, 
          329.48462998032755
        ], 
        [
          455.01476402155924, 
          310.0800333056734
        ], 
        [
          449.9345406245751, 
          231.17316193994108
        ], 
        [
          612.6814021832836, 
          212.39341627110244
        ], 
        [
          593.3266125125949, 
          291.912925377408
        ]
      ], 
      "projected_cuboid_centroid": [
        534.4626200525929, 
        283.66901054762104
      ], 
      "quaternion_xyzw": [
        0.6670547997815259, 
        0.6180490808240926, 
        0.3420858750578938, 
        -0.2367075872607333
      ], 
      "visibility": 0.9755932203389831
    }, 
    {
      "bounding_box": {
        "bottom_right": [
          382, 
          470
        ], 
        "top_left": [
          324, 
          402
        ]
      }, 
      "class": "005_tomato_soup_can", 
      "cuboid": [
        [
          -12.03499445678614, 
          15.132801011406258, 
          82.6981014472086
        ], 
        [
          -6.417369676509431, 
          12.033230813913889, 
          80.55046318245293
        ], 
        [
          -1.0528858093693256, 
          16.704599986498682, 
          87.84052738625577
        ], 
        [
          -6.670510589646035, 
          19.804170183991047, 
          89.98816565101143
        ], 
        [
          -13.269481431210153, 
          9.976797858073304, 
          86.91040723550371
        ], 
        [
          -7.651856650933444, 
          6.877227660580937, 
          84.76276897074804
        ], 
        [
          -2.2873727837933377, 
          11.548596833165728, 
          92.05283317455088
        ], 
        [
          -7.904997564070047, 
          14.648167030658096, 
          94.20047143930654
        ]
      ], 
      "cuboid_centroid": [
        -7.161183620289739, 
        13.340698922285993, 
        87.37546731087974
      ], 
      "location": [
        -7.161183620289739, 
        13.340698922285993, 
        87.37546731087974
      ], 
      "pose_transform_permuted": [
        [
          0.18230897288802983, 
          0.7614382804890698, 
          -0.6220731021586456, 
          0.0
        ], 
        [
          -0.8302849093475813, 
          0.45811645688351765, 
          0.3174209228470785, 
          0.0
        ], 
        [
          -0.5266784930335853, 
          -0.4586293364196723, 
          -0.7157296254530215, 
          0.0
        ], 
        [
          -7.161183620289739, 
          13.340698922285993, 
          87.37546731087974, 
          1.0
        ]
      ], 
      "projected_cuboid": [
        [
          403.33666336141465, 
          370.8778851391092
        ], 
        [
          438.7539821192239, 
          352.95780724952726
        ], 
        [
          475.15125053367547, 
          374.70772210827545
        ], 
        [
          441.7344877377434, 
          390.6569912090016
        ], 
        [
          399.4912560522928, 
          334.50845425473545
        ], 
        [
          433.05107153830136, 
          316.557424879666
        ], 
        [
          468.2344518378161, 
          340.19477574959456
        ], 
        [
          436.4696595949241, 
          356.21769762053816
        ]
      ], 
      "projected_cuboid_centroid": [
        437.5226052503434, 
        354.7150694378775
      ], 
      "quaternion_xyzw": [
        0.28859955575851465, 
        0.8530807915909694, 
        0.4328921482299522, 
        -0.039595297213019263
      ], 
      "visibility": 0.9163582531458179
    }, 
    {
      "bounding_box": {
        "bottom_right": [
          372, 
          590
        ], 
        "top_left": [
          307, 
          518
        ]
      }, 
      "class": "010_potted_meat_can", 
      "cuboid": [
        [
          17.201365529595037, 
          12.225775858214382, 
          80.77244357101844
        ], 
        [
          7.610948968181452, 
          10.682314560113072, 
          77.77867335985545
        ], 
        [
          6.818334922407973, 
          4.601823083705146, 
          83.4526232426244
        ], 
        [
          16.408751483821558, 
          6.145284381806455, 
          86.44639345378741
        ], 
        [
          15.372577816356173, 
          16.077768238900386, 
          84.64496350222652
        ], 
        [
          5.782161254942588, 
          14.53430694079908, 
          81.6511932910635
        ], 
        [
          4.98954720916911, 
          8.453815464391152, 
          87.32514317383246
        ], 
        [
          14.579963770582694, 
          9.997276762492461, 
          90.31891338499547
        ]
      ], 
      "cuboid_centroid": [
        11.095456369382074, 
        10.339795661302768, 
        84.04879337242545
      ], 
      "location": [
        11.095456369382074, 
        10.339795661302768, 
        84.04879337242545
      ], 
      "pose_transform_permuted": [
        [
          0.31749236104343637, 
          -0.6687370802045577, 
          -0.6723008292578277, 
          0.0
        ], 
        [
          0.9435022166711523, 
          0.15184524538421854, 
          0.29452618792400165, 
          0.0
        ], 
        [
          0.09487498520693104, 
          0.7278278021330212, 
          -0.6791652432392284, 
          0.0
        ], 
        [
          11.095456369382074, 
          10.339795661302768, 
          84.04879337242545, 
          1.0
        ]
      ], 
      "projected_cuboid": [
        [
          596.119733409449, 
          354.0101783268443
        ], 
        [
          534.2193924281024, 
          346.53396304542514
        ], 
        [
          525.5340364630204, 
          302.69534831557763
        ], 
        [
          583.6723064139924, 
          311.19905664220744
        ], 
        [
          579.2617011119276, 
          374.58717420023504
        ], 
        [
          519.679038803238, 
          368.2200007627664
        ], 
        [
          512.32360280861, 
          324.91640282688905
        ], 
        [
          568.4070140434583, 
          332.31895185793803
        ]
      ], 
      "projected_cuboid_centroid": [
        552.5884177978905, 
        338.89623076698297
      ], 
      "quaternion_xyzw": [
        0.9142798871327643, 
        0.015577904802201652, 
        0.1673498885791867, 
        0.36856939062470445
      ], 
      "visibility": 0.6150407572968709
    }, 
    {
      "bounding_box": {
        "bottom_right": [
          278, 
          524
        ], 
        "top_left": [
          227, 
          368
        ]
      }, 
      "class": "037_scissors", 
      "cuboid": [
        [
          -14.46733455340745, 
          0.11058002973337103, 
          73.78602685080907
        ], 
        [
          5.689293436139469, 
          -1.4148222751602677, 
          75.14349695430683
        ], 
        [
          5.670090752606676, 
          -7.373947067540884, 
          68.73230220754132
        ], 
        [
          -14.486537236940244, 
          -5.848544762647245, 
          67.37483210404356
        ], 
        [
          -14.309586531158958, 
          1.2511724377023297, 
          72.72538828947665
        ], 
        [
          5.847041458387962, 
          -0.2742298671913099, 
          74.0828583929744
        ], 
        [
          5.827838774855169, 
          -6.233354659571926, 
          67.6716636462089
        ], 
        [
          -14.328789214691751, 
          -4.707952354678287, 
          66.31419354271115
        ]
      ], 
      "cuboid_centroid": [
        -4.31974788927614, 
        -3.0613873149192776, 
        70.72884524850899
      ], 
      "location": [
        -4.31974788927614, 
        -3.0613873149192776, 
        70.72884524850899
      ], 
      "pose_transform_permuted": [
        [
          -0.10076526357991379, 
          -0.7285802572230827, 
          0.6775078550736128, 
          0.0
        ], 
        [
          -0.9949075524957777, 
          0.07529207139806235, 
          -0.06700313459957309, 
          0.0
        ], 
        [
          0.0021938401649391755, 
          0.6808093928686232, 
          0.7324568212917442, 
          0.0
        ], 
        [
          -4.31974788927614, 
          -3.0613873149192776, 
          70.72884524850899, 
          1.0
        ]
      ], 
      "projected_cuboid": [
        [
          376.15688905033164, 
          274.0858017157965
        ], 
        [
          522.3124659302784, 
          263.2450512709013
        ], 
        [
          525.9600641905425, 
          216.06933078659907
        ], 
        [
          365.9702359735986, 
          226.9911579772807
        ], 
        [
          375.7855921584507, 
          282.46180371249756
        ], 
        [
          524.0404706662848, 
          271.31236795565485
        ], 
        [
          527.9089495352346, 
          224.16154341678558
        ], 
        [
          365.4001156769164, 
          235.42370570904293
        ]
      ], 
      "projected_cuboid_centroid": [
        448.75325591219547, 
        250.20263492912864
      ], 
      "quaternion_xyzw": [
        -0.045808790753740204, 
        -0.3989329488712074, 
        0.9155906291075195, 
        0.021157357092692078
      ], 
      "visibility": 0.8145580589254766
    }, 
    {
      "bounding_box": {
        "bottom_right": [
          366, 
          515
        ], 
        "top_left": [
          319, 
          463
        ]
      }, 
      "class": "061_foam_brick", 
      "cuboid": [
        [
          5.0160972800073225, 
          10.844231597223155, 
          82.77228537710673
        ], 
        [
          -2.6958286413856216, 
          11.92293521556597, 
          82.85097620430437
        ], 
        [
          -3.18152057836537, 
          8.196966007665164, 
          86.32782652516359
        ], 
        [
          4.5304053430275735, 
          7.118262389322351, 
          86.24913569796594
        ], 
        [
          5.549223742039232, 
          14.374288276233877, 
          86.62974729649805
        ], 
        [
          -2.1627021793537113, 
          15.452991894576689, 
          86.7084381236957
        ], 
        [
          -2.64839411633346, 
          11.727022686675884, 
          90.18528844455491
        ], 
        [
          5.063531805059484, 
          10.64831906833307, 
          90.10659761735727
        ]
      ], 
      "cuboid_centroid": [
        1.183851581836931, 
        11.28562714194952, 
        86.47878691083082
      ], 
      "location": [
        1.183851581836931, 
        11.28562714194952, 
        86.47878691083082
      ], 
      "pose_transform_permuted": [
        [
          -0.10143197446264376, 
          -0.6716241725320106, 
          -0.7339158844358811, 
          0.0
        ], 
        [
          0.9903082094567045, 
          -0.1385191014156669, 
          -0.010104891174667174, 
          0.0
        ], 
        [
          0.0948746796530307, 
          0.7278278844711077, 
          -0.6791651976853984, 
          0.0
        ], 
        [
          1.183851581836931, 
          11.28562714194952, 
          86.47878691083082, 
          1.0
        ]
      ], 
      "projected_cuboid": [
        [
          514.1861974027017, 
          343.1582474418341
        ], 
        [
          464.09915046084524, 
          350.03560154903937
        ], 
        [
          461.7783460173325, 
          323.92609037653415
        ], 
        [
          509.8441809222061, 
          317.3021527427292
        ], 
        [
          516.0445071853582, 
          361.77911323534954
        ], 
        [
          468.184032979405, 
          368.3336103806153
        ], 
        [
          465.8050138267899, 
          342.63544132215696
        ], 
        [
          511.81666767452776, 
          336.31141337527447
        ]
      ], 
      "projected_cuboid_centroid": [
        488.95879105285564, 
        342.8856405841993
      ], 
      "quaternion_xyzw": [
        0.9289849269987771, 
        -0.06280881806734762, 
        -0.03001578992181478, 
        0.36351218705488936
      ], 
      "visibility": 0.5581283164495899
    }
  ]
}