{
  "camera_data": {
    "location_worldframe": [
      -8.890391902632082, 
      8.487683767002634, 
      83.8415608497042
    ], 
    "quaternion_xyzw_worldframe": [
      0.9357263422708348, 
      -0.043519858998135263, 
      0.19309005784880495, 
      -0.29195728026677314
    ]
  }, 
  "objects": [
    {
      "bounding_box": {
        "bottom_right": [
          349, 
          628
        ], 
        "top_left": [
          203, 
          478
        ]
      }, 
      "class": "003_cracker_box", 
      "cuboid": [
        [
          2.9769706690866204, 
          12.112578569245283, 
          77.67532098368332
        ], 
        [
          2.4466666550260294, 
          -0.9019286823297847, 
          67.70438851281946
        ], 
        [
          21.486962252144004, 
          -7.24445111559851, 
          74.97027454992796
        ], 
        [
          22.017266266204594, 
          5.77005613597656, 
          84.94120702079184
        ], 
        [
          -0.2591909618350319, 
          8.298233281703693, 
          82.82609038843273
        ], 
        [
          -0.7894949758956229, 
          -4.716273969871376, 
          72.85515791756886
        ], 
        [
          18.250800621222353, 
          -11.0587964031401, 
          80.12104395467736
        ], 
        [
          18.78110463528294, 
          1.9557108484349688, 
          90.09197642554122
        ]
      ], 
      "cuboid_centroid": [
        10.613885645154486, 
        0.526891083052592, 
        78.89818246918034
      ], 
      "location": [
        10.613885645154486, 
        0.526891083052592, 
        78.89818246918034
      ], 
      "pose_transform_permuted": [
        [
          0.45071890087641775, 
          0.5312458744757645, 
          -0.7173773715731728, 
          0.0
        ], 
        [
          0.03232851274507095, 
          0.7933933223166024, 
          0.6078502310332007, 
          0.0
        ], 
        [
          -0.8920803437227196, 
          0.2971613315286896, 
          -0.3404229771734723, 
          0.0
        ], 
        [
          10.613885645154486, 
          0.526891083052592, 
          78.89818246918034, 
          1.0
        ]
      ], 
      "projected_cuboid": [
        [
          502.2073181281437, 
          356.45163175729
        ], 
        [
          501.0305108654682, 
          266.18188436183806
        ], 
        [
          635.7236909145277, 
          221.75134389992385
        ], 
        [
          620.9887022725077, 
          309.5149369087059
        ], 
        [
          479.91422289126547, 
          326.7191012486399
        ], 
        [
          475.7695889089744, 
          238.76212900851658
        ], 
        [
          604.0945227955707, 
          199.67450802044866
        ], 
        [
          593.7025272104711, 
          284.8638053017127
        ]
      ], 
      "projected_cuboid_centroid": [
        553.9405073354294, 
        276.84810713291694
      ], 
      "quaternion_xyzw": [
        0.7153438361807092, 
        0.5890431918160611, 
        0.36995116137486506, 
        -0.06668922259857385
      ], 
      "visibility": 0.9810516945380555
    }, 
    {
      "bounding_box": {
        "bottom_right": [
          410, 
          496
        ], 
        "top_left": [
          352, 
          431
        ]
      }, 
      "class": "005_tomato_soup_can", 
      "cuboid": [
        [
          -6.092307926719706, 
          19.70632815944902, 
          81.99893222069848
        ], 
        [
          -1.113237053450849, 
          15.135439345185143, 
          81.69360881182259
        ], 
        [
          3.86688944316331, 
          20.06659545781743, 
          89.08457983554608
        ], 
        [
          -1.112181430105547, 
          24.637484272081306, 
          89.38990324442196
        ], 
        [
          -9.263870119022869, 
          15.940988489827419, 
          86.64815334837496
        ], 
        [
          -4.284799245754012, 
          11.370099675563544, 
          86.34282993949908
        ], 
        [
          0.6953272508601467, 
          16.30125578819583, 
          93.73380096322256
        ], 
        [
          -4.283743622408711, 
          20.87214460245971, 
          94.03912437209846
        ]
      ], 
      "cuboid_centroid": [
        -2.6984903379297798, 
        18.003791973822423, 
        87.86636659196051
      ], 
      "location": [
        -2.6984903379297798, 
        18.003791973822423, 
        87.86636659196051
      ], 
      "pose_transform_permuted": [
        [
          0.46837614143241735, 
          0.5560651687423063, 
          -0.6865967370060762, 
          0.0
        ], 
        [
          -0.7359066456630774, 
          0.6755773397528371, 
          0.0451267980286367, 
          0.0
        ], 
        [
          -0.48894275447820457, 
          -0.4841349018165845, 
          -0.7256365341452371, 
          0.0
        ], 
        [
          -2.6984903379297798, 
          18.003791973822423, 
          87.86636659196051, 
          1.0
        ]
      ], 
      "projected_cuboid": [
        [
          441.6425977537335, 
          401.45614257511846
        ], 
        [
          474.2689703837044, 
          372.09507784261126
        ], 
        [
          504.93976217075453, 
          393.418533271567
        ], 
        [
          474.906255799764, 
          420.2791217684859
        ], 
        [
          424.1027564957998, 
          371.40335880448663
        ], 
        [
          454.91030357668035, 
          343.5169997793046
        ], 
        [
          485.5862594800337, 
          366.0362062205149
        ], 
        [
          457.10042266408436, 
          391.6577322433676
        ]
      ], 
      "projected_cuboid_centroid": [
        465.08163706769716, 
        382.5635594789592
      ], 
      "quaternion_xyzw": [
        0.3415242107940881, 
        0.8524432949595149, 
        0.37589060482563097, 
        0.12412829859371526
      ], 
      "visibility": 0.9591916051301982
    }, 
    {
      "bounding_box": {
        "bottom_right": [
          367, 
          609
        ], 
        "top_left": [
          310, 
          532
        ]
      }, 
      "class": "010_potted_meat_can", 
      "cuboid": [
        [
          21.425175376847584, 
          10.535553564550629, 
          87.05943775034658
        ], 
        [
          12.424418032491827, 
          10.379706883135155, 
          82.33893971334484
        ], 
        [
          9.193220897408032, 
          5.95545765945272, 
          88.64605512162558
        ], 
        [
          18.19397824176379, 
          6.111304340868194, 
          93.36655315862731
        ], 
        [
          19.94188355630954, 
          15.420824373404077, 
          89.72640136424337
        ], 
        [
          10.941126211953787, 
          15.264977691988605, 
          85.00590332724164
        ], 
        [
          7.709929076869992, 
          10.840728468306168, 
          91.31301873552238
        ], 
        [
          16.71068642122575, 
          10.996575149721641, 
          96.03351677252411
        ]
      ], 
      "cuboid_centroid": [
        14.567552226858787, 
        10.688141016428398, 
        89.18622824293448
      ], 
      "location": [
        14.567552226858787, 
        10.688141016428398, 
        89.18622824293448
      ], 
      "pose_transform_permuted": [
        [
          0.25751147539426267, 
          -0.8481225853669513, 
          -0.4630064870095918, 
          0.0
        ], 
        [
          0.8854917251756051, 
          0.015332148341496876, 
          0.4644011376547013, 
          0.0
        ], 
        [
          0.3867705625789086, 
          0.5295775187014642, 
          -0.7549544248551657, 
          0.0
        ], 
        [
          14.567552226858787, 
          10.688141016428398, 
          89.18622824293448, 
          1.0
        ]
      ], 
      "projected_cuboid": [
        [
          613.9398534370588, 
          337.82654858472046
        ], 
        [
          562.7422111762361, 
          340.51719418886665
        ], 
        [
          537.366989158978, 
          309.1162451486061
        ], 
        [
          586.3890584144995, 
          308.1949518988518
        ], 
        [
          601.1162659318644, 
          364.9454867627771
        ], 
        [
          550.8127795638238, 
          369.05766941060074
        ], 
        [
          527.0026694849104, 
          336.60251272468923
        ], 
        [
          575.1727932212451, 
          334.35572582604465
        ]
      ], 
      "projected_cuboid_centroid": [
        569.4346822719973, 
        337.1999360929604
      ], 
      "quaternion_xyzw": [
        0.8482446184454491, 
        -0.10947267043029851, 
        0.2127666351635659, 
        0.47246895982671416
      ], 
      "visibility": 0.7210542830247882
    }, 
    {
      "bounding_box": {
        "bottom_right": [
          300, 
          537
        ], 
        "top_left": [
          239, 
          401
        ]
      }, 
      "class": "037_scissors", 
      "cuboid": [
        [
          -10.51458537329073, 
          3.9421751052027423, 
          75.44595424615872
        ], 
        [
          8.103783309195325, 
          -1.3458483742790803, 
          81.43364031559513
        ], 
        [
          7.754925603439214, 
          -8.411196602752922, 
          76.27863228197288
        ], 
        [
          -10.863443079046842, 
          -3.1231731232710986, 
          70.29094621253647
        ], 
        [
          -9.900467118681494, 
          4.771024869266629, 
          74.26839045791114
        ], 
        [
          8.717901563804562, 
          -0.5169986102151939, 
          80.25607652734755
        ], 
        [
          8.36904385804845, 
          -7.582346838689036, 
          75.1010684937253
        ], 
        [
          -10.249324824437606, 
          -2.2943233592072128, 
          69.11338242428889
        ]
      ], 
      "cuboid_centroid": [
        -1.0727707576211407, 
        -1.8200858667431465, 
        75.273511369942
      ], 
      "location": [
        -1.0727707576211407, 
        -1.8200858667431465, 
        75.273511369942
      ], 
      "pose_transform_permuted": [
        [
          -0.39228249529148673, 
          -0.5294473030697157, 
          0.7521965969120837, 
          0.0
        ], 
        [
          -0.9189808745273474, 
          0.2610106462370508, 
          -0.29554517231480365, 
          0.0
        ], 
        [
          0.03985578606392608, 
          0.8071915936351897, 
          0.5889418348967309, 
          0.0
        ], 
        [
          -1.0727707576211407, 
          -1.8200858667431465, 
          75.273511369942, 
          1.0
        ]
      ], 
      "projected_cuboid": [
        [
          406.6511593806358, 
          301.1533627157972
        ], 
        [
          535.1120913448563, 
          264.47240059054394
        ], 
        [
          536.2692600747276, 
          214.47772439956285
        ], 
        [
          398.4858134979289, 
          249.59003824677677
        ], 
        [
          409.9095726728569, 
          307.5471565149477
        ], 
        [
          540.0122567823171, 
          269.8509665551885
        ], 
        [
          541.523921562955, 
          219.44157762901972
        ], 
        [
          401.84814199175565, 
          255.58218703416935
        ]
      ], 
      "projected_cuboid_centroid": [
        473.9330515512526, 
        260.3910662793571
      ], 
      "quaternion_xyzw": [
        -0.18440038161793296, 
        -0.2998300207318932, 
        0.9325193114722372, 
        0.08065957149615936
      ], 
      "visibility": 0.8277968690339824
    }, 
    {
      "bounding_box": {
        "bottom_right": [
          385, 
          539
        ], 
        "top_left": [
          331, 
          483
        ]
      }, 
      "class": "061_foam_brick", 
      "cuboid": [
        [
          9.114697971630376, 
          12.138948430633361, 
          86.53971439594538
        ], 
        [
          2.007328002762845, 
          14.763553286750472, 
          84.73962088880477
        ], 
        [
          0.027334012201406938, 
          12.052485651149349, 
          88.60445819742044
        ], 
        [
          7.134703981068936, 
          9.427880795032237, 
          90.40455170456106
        ], 
        [
          9.80864540920107, 
          16.230387816154334, 
          89.76525266879194
        ], 
        [
          2.70127544033354, 
          18.854992672271447, 
          87.96515916165131
        ], 
        [
          0.7212814497721022, 
          16.14392503667032, 
          91.829996470267
        ], 
        [
          7.828651418639632, 
          13.51932018055321, 
          93.63008997740762
        ]
      ], 
      "cuboid_centroid": [
        4.917989710701239, 
        14.14143673365184, 
        89.1848554331062
      ], 
      "location": [
        4.917989710701239, 
        14.14143673365184, 
        89.1848554331062
      ], 
      "pose_transform_permuted": [
        [
          -0.13202957230413123, 
          -0.7784321447596384, 
          -0.6136868811063979, 
          0.0
        ], 
        [
          0.9126756272762865, 
          -0.33703224876455257, 
          0.23115462934699413, 
          0.0
        ], 
        [
          0.38677046347029387, 
          0.5295778123162058, 
          -0.7549542696676114, 
          0.0
        ], 
        [
          4.917989710701239, 
          14.14143673365184, 
          89.1848554331062, 
          1.0
        ]
      ], 
      "projected_cuboid": [
        [
          538.2364587468145, 
          348.09541575911294
        ], 
        [
          494.33572383365504, 
          366.2028385552436
        ], 
        [
          481.76296649856505, 
          345.83172085841056
        ], 
        [
          524.037267160905, 
          328.9040191921757
        ], 
        [
          540.3585208757377, 
          369.71565066666955
        ], 
        [
          498.1109792531317, 
          387.60153415158527
        ], 
        [
          485.82095264855195, 
          367.0453499409997
        ], 
        [
          526.5608947590682, 
          350.29295979721746
        ]
      ], 
      "projected_cuboid_centroid": [
        511.2514077725436, 
        357.8514016862286
      ], 
      "quaternion_xyzw": [
        0.8740624006183555, 
        -0.2070226083752122, 
        0.02835182504496729, 
        0.4385803614657419
      ], 
      "visibility": 0.8107852412488175
    }
  ]
}