{
  "camera_data": {
    "location_worldframe": [
      -20.46225070666214, 
      -3.842148643539669, 
      94.23254563788231
    ], 
    "quaternion_xyzw_worldframe": [
      0.9540779448138839, 
      0.026613004893416, 
      -0.042481288845948977, 
      -0.29533487009234294
    ]
  }, 
  "objects": [
    {
      "bounding_box": {
        "bottom_right": [
          282, 
          531
        ], 
        "top_left": [
          169, 
          382
        ]
      }, 
      "class": "003_cracker_box", 
      "cuboid": [
        [
          -13.399925301203265, 
          2.342414781923251, 
          84.04081977845904
        ], 
        [
          -14.326193843940985, 
          -10.986457053467486, 
          74.52444873327492
        ], 
        [
          6.976135456252779, 
          -11.64204380734648, 
          73.36923466625514
        ], 
        [
          7.902403998990501, 
          1.6868280280442558, 
          82.88560571143925
        ], 
        [
          -13.212098079364399, 
          -1.8368542941429997, 
          89.87612855002507
        ], 
        [
          -14.138366622102122, 
          -15.165726129533736, 
          80.35975750484096
        ], 
        [
          7.163962678091641, 
          -15.82131288341273, 
          79.20454343782116
        ], 
        [
          8.090231220829363, 
          -2.4924410480219947, 
          88.72091448300527
        ]
      ], 
      "cuboid_centroid": [
        -3.1179813115558104, 
        -6.73944905074474, 
        81.6226816081401
      ], 
      "location": [
        -3.1179813115558104, 
        -6.73944905074474, 
        81.6226816081401
      ], 
      "pose_transform_permuted": [
        [
          -0.0261597808258337, 
          0.5820709158753963, 
          -0.8127171185345625, 
          0.0
        ], 
        [
          0.05646739152503061, 
          0.8125576868792334, 
          0.5801391550204393, 
          0.0
        ], 
        [
          -0.9980616712215251, 
          0.030715702587566895, 
          0.05412435729917589, 
          0.0
        ], 
        [
          -3.1179813115558104, 
          -6.73944905074474, 
          81.6226816081401, 
          1.0
        ]
      ], 
      "projected_cuboid": [
        [
          395.8530498598902, 
          288.15140577309194
        ], 
        [
          378.22010097428193, 
          194.6641154627054
        ], 
        [
          532.72905445916, 
          188.66074109480206
        ], 
        [
          532.8680767682097, 
          284.1402732359007
        ], 
        [
          402.5439204928306, 
          262.38675422013085
        ], 
        [
          386.98373182988877, 
          172.63692194192157
        ], 
        [
          530.2372251704496, 
          166.75456865285787
        ], 
        [
          530.6343820369104, 
          258.3039644974304
        ]
      ], 
      "projected_cuboid_centroid": [
        461.0545173995176, 
        229.25122711279676
      ], 
      "quaternion_xyzw": [
        0.6891843390282385, 
        0.656797918773721, 
        0.20095471662042041, 
        -0.23077834083970122
      ], 
      "visibility": 0.9877343501747696
    }, 
    {
      "bounding_box": {
        "bottom_right": [
          343, 
          423
        ], 
        "top_left": [
          281, 
          358
        ]
      }, 
      "class": "005_tomato_soup_can", 
      "cuboid": [
        [
          -21.70334037068003, 
          7.571252380920411, 
          91.93529657229377
        ], 
        [
          -16.225383575262903, 
          4.449870658237324, 
          89.48043217965457
        ], 
        [
          -10.247497123261832, 
          10.986627733387841, 
          94.50836353463559
        ], 
        [
          -15.725453918678959, 
          14.10800945607093, 
          96.96322792727479
        ], 
        [
          -21.668678753940316, 
          3.423001584589215, 
          97.28718040552194
        ], 
        [
          -16.190721958523188, 
          0.3016198619061286, 
          94.83231601288273
        ], 
        [
          -10.212835506522115, 
          6.838376937056647, 
          99.86024736786375
        ], 
        [
          -15.690792301939243, 
          9.959758659739734, 
          102.31511176050296
        ]
      ], 
      "cuboid_centroid": [
        -15.958087938601073, 
        7.2048146589885285, 
        95.89777197007876
      ], 
      "location": [
        -15.958087938601073, 
        7.2048146589885285, 
        95.89777197007876
      ], 
      "pose_transform_permuted": [
        [
          -0.005118825777327033, 
          0.612613464240034, 
          -0.79036592922102, 
          0.0
        ], 
        [
          -0.809641982010205, 
          0.4613402001778885, 
          0.3628289427338089, 
          0.0
        ], 
        [
          -0.5869016117936966, 
          -0.6417708489637604, 
          -0.4936361772543578, 
          0.0
        ], 
        [
          -15.958087938601073, 
          7.2048146589885285, 
          95.89777197007876, 
          1.0
        ]
      ], 
      "projected_cuboid": [
        [
          354.6460943083827, 
          317.207614155925
        ], 
        [
          384.0849399207912, 
          299.808573099145
        ], 
        [
          423.28757120084083, 
          335.2851114841876
        ], 
        [
          394.38273577341454, 
          350.8837661608601
        ], 
        [
          361.82141419150656, 
          292.05112516217
        ], 
        [
          389.78461468104297, 
          274.982792863643
        ], 
        [
          426.59925365891536, 
          309.8079810357801
        ], 
        [
          399.12691033903997, 
          325.2019808275634
        ]
      ], 
      "projected_cuboid_centroid": [
        392.10921855012947, 
        313.35492196804154
      ], 
      "quaternion_xyzw": [
        0.29109838555178585, 
        0.9002470161287658, 
        0.30720725025323514, 
        -0.10217966900167623
      ], 
      "visibility": 0.850251677852349
    }, 
    {
      "bounding_box": {
        "bottom_right": [
          334, 
          521
        ], 
        "top_left": [
          271, 
          458
        ]
      }, 
      "class": "010_potted_meat_can", 
      "cuboid": [
        [
          6.947190140716433, 
          6.261076957272799, 
          85.27546770321632
        ], 
        [
          -2.7900059315440986, 
          3.4487714740758393, 
          84.50153411630211
        ], 
        [
          -1.9814731635995093, 
          -1.24036064448056, 
          91.36831179074908
        ], 
        [
          7.755722908661022, 
          1.5719448387163986, 
          92.14224537766329
        ], 
        [
          5.391119478708567, 
          10.753997802488085, 
          88.52677925273423
        ], 
        [
          -4.346076593551965, 
          7.941692319291127, 
          87.75284566582002
        ], 
        [
          -3.5375438256073757, 
          3.252560200734727, 
          94.61962334026698
        ], 
        [
          6.199652246653156, 
          6.064865683931686, 
          95.3935569271812
        ]
      ], 
      "cuboid_centroid": [
        1.704823157554529, 
        4.756818579003762, 
        89.94754552174166
      ], 
      "location": [
        1.704823157554529, 
        4.756818579003762, 
        89.94754552174166
      ], 
      "pose_transform_permuted": [
        [
          0.2701464718156561, 
          -0.7800074534634398, 
          -0.5644540221215971, 
          0.0
        ], 
        [
          0.9579423395750097, 
          0.2766737440820469, 
          0.0761393470381417, 
          0.0
        ], 
        [
          -0.09678043785257978, 
          0.5612836950766411, 
          -0.8219453512796182, 
          0.0
        ], 
        [
          1.704823157554529, 
          4.756818579003762, 
          89.94754552174166, 
          1.0
        ]
      ], 
      "projected_cuboid": [
        [
          525.4074284487031, 
          312.44381313912106
        ], 
        [
          463.8415950199454, 
          295.0529755288907
        ], 
        [
          469.9347657486612, 
          266.0465156046265
        ], 
        [
          526.8613091511885, 
          282.38495926166485
        ], 
        [
          514.3459174931006, 
          338.0727831589838
        ], 
        [
          454.9635896700955, 
          321.5523236122202
        ], 
        [
          461.491685957736, 
          291.61945867228195
        ], 
        [
          516.5464934614973, 
          307.1935621320548
        ]
      ], 
      "projected_cuboid_centroid": [
        491.7895934931789, 
        301.4908040018109
      ], 
      "quaternion_xyzw": [
        0.8780205089821718, 
        0.10633412833589338, 
        0.09859844255096699, 
        0.4561262488617979
      ], 
      "visibility": 0.8580050825921219
    }, 
    {
      "bounding_box": {
        "bottom_right": [
          219, 
          453
        ], 
        "top_left": [
          167, 
          322
        ]
      }, 
      "class": "037_scissors", 
      "cuboid": [
        [
          -23.982761330331144, 
          -9.197097436406063, 
          86.97195001270146
        ], 
        [
          -3.8342030338121114, 
          -9.031625827929384, 
          84.85831643489915
        ], 
        [
          -4.28938078755913, 
          -16.266556369356678, 
          79.95285535683622
        ], 
        [
          -24.43793908407816, 
          -16.432027977833354, 
          82.06648893463854
        ], 
        [
          -24.124923466661183, 
          -8.316064706925998, 
          85.68573039925901
        ], 
        [
          -3.9763651701421514, 
          -8.150593098449319, 
          83.5720968214567
        ], 
        [
          -4.43154292388917, 
          -15.385523639876611, 
          78.66663574339378
        ], 
        [
          -24.580101220408203, 
          -15.550995248353289, 
          80.7802693211961
        ]
      ], 
      "cuboid_centroid": [
        -14.207152127110156, 
        -12.291310538141337, 
        82.81929287804762
      ], 
      "location": [
        -14.207152127110156, 
        -12.291310538141337, 
        82.81929287804762
      ], 
      "pose_transform_permuted": [
        [
          0.0908094119608967, 
          -0.56278040094057, 
          0.8216030636886147, 
          0.0
        ], 
        [
          -0.994509241898195, 
          -0.008167484813553503, 
          0.10432647816166121, 
          0.0
        ], 
        [
          0.052002483749297924, 
          0.8265657862466139, 
          0.560431958492768, 
          0.0
        ], 
        [
          -14.207152127110156, 
          -12.291310538141337, 
          82.81929287804762, 
          1.0
        ]
      ], 
      "projected_cuboid": [
        [
          333.3071194160824, 
          216.8891343305782
        ], 
        [
          457.2989623911599, 
          216.52435927848737
        ], 
        [
          452.74663423668324, 
          164.7816819157354
        ], 
        [
          321.4605203132797, 
          166.50090080406872
        ], 
        [
          330.1889441709511, 
          221.5262257047438
        ], 
        [
          456.01022623224026, 
          221.27311389385673
        ], 
        [
          451.3031038792891, 
          168.9805513716309
        ], 
        [
          317.9643639636688, 
          170.6172800866483
        ]
      ], 
      "projected_cuboid_centroid": [
        389.34688265469515, 
        194.13593931016624
      ], 
      "quaternion_xyzw": [
        0.051120696378519175, 
        -0.29425339418150465, 
        0.9542900622758029, 
        0.011483667458300404
      ], 
      "visibility": 0.7235106866757617
    }, 
    {
      "bounding_box": {
        "bottom_right": [
          325, 
          462
        ], 
        "top_left": [
          284, 
          412
        ]
      }, 
      "class": "061_foam_brick", 
      "cuboid": [
        [
          -4.5209344231967, 
          4.5552082065483805, 
          89.74321442061776
        ], 
        [
          -12.182645493055212, 
          5.107567809610503, 
          91.0225413962092
        ], 
        [
          -11.687195549882786, 
          2.23418885078763, 
          95.23032633158023
        ], 
        [
          -4.025484480024273, 
          1.6818292477255081, 
          93.9509993559888
        ], 
        [
          -3.7298585060508858, 
          8.889192803580855, 
          92.6096255647313
        ], 
        [
          -11.391569575909397, 
          9.441552406642977, 
          93.88895254032273
        ], 
        [
          -10.896119632736971, 
          6.568173447820104, 
          98.09673747569376
        ], 
        [
          -3.2344085628784587, 
          6.015813844757982, 
          96.81741050010233
        ]
      ], 
      "cuboid_centroid": [
        -7.708527027966835, 
        5.5616908271842425, 
        93.91997594815577
      ], 
      "location": [
        -7.708527027966835, 
        5.5616908271842425, 
        93.91997594815577
      ], 
      "pose_transform_permuted": [
        [
          -0.1505091154547566, 
          -0.824578493613353, 
          -0.545359802364788, 
          0.0
        ], 
        [
          0.9838599914346343, 
          -0.07092991492141626, 
          -0.16428166185999601, 
          0.0
        ], 
        [
          -0.09678080088151886, 
          0.5612835780953995, 
          -0.8219453884177206, 
          0.0
        ], 
        [
          -7.708527027966835, 
          5.5616908271842425, 
          93.91997594815577, 
          1.0
        ]
      ], 
      "projected_cuboid": [
        [
          454.506487659893, 
          300.3569048906022
        ], 
        [
          409.6216189862508, 
          303.2128166093058
        ], 
        [
          415.599676489172, 
          285.79869364158594
        ], 
        [
          458.55568878823453, 
          282.83356227612506
        ], 
        [
          459.93858940019703, 
          324.4775515701904
        ], 
        [
          416.3500292930541, 
          326.9176059373463
        ], 
        [
          421.864796422167, 
          308.99552908070757
        ], 
        [
          463.63182365304294, 
          306.42470306506084
        ]
      ], 
      "projected_cuboid_centroid": [
        437.4598296737507, 
        304.8683032420867
      ], 
      "quaternion_xyzw": [
        0.8789913782135211, 
        0.007352428761201967, 
        -0.0895318159873591, 
        0.46829921283684833
      ], 
      "visibility": 0.9606256742179072
    }
  ]
}