{
  "camera_data": {
    "location_worldframe": [
      -10.293988571371413, 
      3.907316800167339, 
      87.68971369823963
    ], 
    "quaternion_xyzw_worldframe": [
      0.9415301765382078, 
      -0.031049421912295625, 
      0.16617194546869501, 
      -0.29145230997500077
    ]
  }, 
  "objects": [
    {
      "bounding_box": {
        "bottom_right": [
          319, 
          615
        ], 
        "top_left": [
          182, 
          468
        ]
      }, 
      "class": "003_cracker_box", 
      "cuboid": [
        [
          1.1298872761238519, 
          7.946985883862362, 
          80.96865807496873
        ], 
        [
          0.6637121596059475, 
          -5.154670712740713, 
          71.10927721851618
        ], 
        [
          20.24877763785515, 
          -10.68996736845377, 
          77.53883772389592
        ], 
        [
          20.71495275437305, 
          2.4116892281493043, 
          87.39821858034847
        ], 
        [
          -1.7168283061614344, 
          4.0484988986314505, 
          86.28376928307172
        ], 
        [
          -2.183003422679339, 
          -9.053157697971626, 
          76.42438842661917
        ], 
        [
          17.40206205556986, 
          -14.588454353684682, 
          82.85394893199891
        ], 
        [
          17.868237172087763, 
          -1.4867977570816073, 
          92.71332978845146
        ]
      ], 
      "cuboid_centroid": [
        9.265974665846857, 
        -3.32073423491116, 
        81.91130350348382
      ], 
      "location": [
        9.265974665846857, 
        -3.32073423491116, 
        81.91130350348382
      ], 
      "pose_transform_permuted": [
        [
          0.39647850283361186, 
          0.54296477415557, 
          -0.740266202671045, 
          0.0
        ], 
        [
          0.028419072449378135, 
          0.7987061403167705, 
          0.6010497963907856, 
          0.0
        ], 
        [
          -0.9176040284959165, 
          0.2593410022470004, 
          -0.3012392594626186, 
          0.0
        ], 
        [
          9.265974665846857, 
          -3.32073423491116, 
          81.91130350348382, 
          1.0
        ]
      ], 
      "projected_cuboid": [
        [
          489.1013644234938, 
          325.6312760543354
        ], 
        [
          486.61639333338553, 
          234.62650734358274
        ], 
        [
          622.0307451716794, 
          199.75991431243077
        ], 
        [
          609.0568320633727, 
          288.0030975954333
        ], 
        [
          470.896928219668, 
          298.3102911510893
        ], 
        [
          466.23625673416404, 
          210.1100260162684
        ], 
        [
          594.545249981713, 
          179.38264450010035
        ], 
        [
          585.2379914618745, 
          264.73395593227536
        ]
      ], 
      "projected_cuboid_centroid": [
        542.4300378517019, 
        251.66543659205686
      ], 
      "quaternion_xyzw": [
        0.7120439377888529, 
        0.6025998108144962, 
        0.3502341099630993, 
        -0.08487029446651641
      ], 
      "visibility": 0.9610915609853263
    }, 
    {
      "bounding_box": {
        "bottom_right": [
          381, 
          486
        ], 
        "top_left": [
          322, 
          423
        ]
      }, 
      "class": "005_tomato_soup_can", 
      "cuboid": [
        [
          -8.027440898340444, 
          15.212520772655507, 
          85.65542814699147
        ], 
        [
          -2.8906018353692025, 
          10.838076472666675, 
          85.15093314718223
        ], 
        [
          2.220001114479849, 
          16.01737806579429, 
          92.27841416780723
        ], 
        [
          -2.9168379484913918, 
          20.391822365783124, 
          92.78290916761645
        ], 
        [
          -10.834279743005947, 
          11.361668734452909, 
          90.46629511057029
        ], 
        [
          -5.697440680034708, 
          6.987224434464075, 
          89.96180011076106
        ], 
        [
          -0.5868377301856554, 
          12.16652602759169, 
          97.08928113138604
        ], 
        [
          -5.723676793156897, 
          16.540970327580524, 
          97.59377613119528
        ]
      ], 
      "cuboid_centroid": [
        -4.30713931426305, 
        13.6895234001236, 
        91.37235463918876
      ], 
      "location": [
        -4.30713931426305, 
        13.6895234001236, 
        91.37235463918876
      ], 
      "pose_transform_permuted": [
        [
          0.4145138162125588, 
          0.568693630936084, 
          -0.7104685857380005, 
          0.0
        ], 
        [
          -0.7592247831693213, 
          0.6465428417031741, 
          0.07456435799229003, 
          0.0
        ], 
        [
          -0.5017527737583549, 
          -0.508497522892011, 
          -0.6997674065276878, 
          0.0
        ], 
        [
          -4.30713931426305, 
          13.6895234001236, 
          91.37235463918876, 
          1.0
        ]
      ], 
      "projected_cuboid": [
        [
          431.1989920244061, 
          368.0048227763258
        ], 
        [
          463.34170067727416, 
          341.167866032047
        ], 
        [
          494.5344036939173, 
          365.85836499625407
        ], 
        [
          464.69125629738915, 
          390.49948486772735
        ], 
        [
          417.19423490529385, 
          340.26618411573423
        ], 
        [
          447.53951815183314, 
          314.708826311856
        ], 
        [
          478.3466565832127, 
          340.118288243293
        ], 
        [
          450.0583014633018, 
          363.677787813726
        ]
      ], 
      "projected_cuboid_centroid": [
        456.24777662185915, 
        353.1891621656901
      ], 
      "quaternion_xyzw": [
        0.33269589732343297, 
        0.8628717882454108, 
        0.36751144687529363, 
        0.09849361830206899
      ], 
      "visibility": 0.9708897088970889
    }, 
    {
      "bounding_box": {
        "bottom_right": [
          341, 
          597
        ], 
        "top_left": [
          288, 
          524
        ]
      }, 
      "class": "010_potted_meat_can", 
      "cuboid": [
        [
          20.03149171698263, 
          7.166514648324145, 
          89.51298794341068
        ], 
        [
          10.83964929114893, 
          6.621686186160153, 
          85.20784945053043
        ], 
        [
          8.074289108893208, 
          2.1228720290970537, 
          91.68147093583553
        ], 
        [
          17.266131534726902, 
          2.6677004912610456, 
          95.9866094287158
        ], 
        [
          18.4785088451754, 
          12.010279400731322, 
          92.21574720789789
        ], 
        [
          9.286666419341705, 
          11.46545093856733, 
          87.91060871501763
        ], 
        [
          6.52130623708598, 
          6.9666367815042305, 
          94.38423020032275
        ], 
        [
          15.713148662919677, 
          7.511465243668222, 
          98.689368693203
        ]
      ], 
      "cuboid_centroid": [
        13.276398977034304, 
        7.066575714914188, 
        91.94860907186671
      ], 
      "location": [
        13.276398977034304, 
        7.066575714914188, 
        91.94860907186671
      ], 
      "pose_transform_permuted": [
        [
          0.2696104064242981, 
          -0.8409167977496502, 
          -0.469220901913389, 
          0.0
        ], 
        [
          0.9042906164221655, 
          0.053600055687413585, 
          0.42353819410218735, 
          0.0
        ], 
        [
          0.33101041772142537, 
          0.5385028550479111, 
          -0.7748850098338049, 
          0.0
        ], 
        [
          13.276398977034304, 
          7.066575714914188, 
          91.94860907186671, 
          1.0
        ]
      ], 
      "projected_cuboid": [
        [
          601.9395547847774, 
          315.9847284099617
        ], 
        [
          550.0082940441204, 
          314.7319557389078
        ], 
        [
          528.9573711227804, 
          285.6354806208492
        ], 
        [
          578.3303980829982, 
          288.1087816515942
        ], 
        [
          589.3560740669976, 
          342.7466616339217
        ], 
        [
          538.405173605157, 
          342.8429840668935
        ], 
        [
          518.752893088822, 
          312.6516291256961
        ], 
        [
          567.2189154138492, 
          313.8786662501977
        ]
      ], 
      "projected_cuboid_centroid": [
        559.2444607188589, 
        314.27403363544494
      ], 
      "quaternion_xyzw": [
        0.8532312660386201, 
        -0.0812822891857831, 
        0.20309517129647456, 
        0.473436063555575
      ], 
      "visibility": 0.7540485829959515
    }, 
    {
      "bounding_box": {
        "bottom_right": [
          267, 
          527
        ], 
        "top_left": [
          213, 
          394
        ]
      }, 
      "class": "037_scissors", 
      "cuboid": [
        [
          -12.11539184576998, 
          -0.7628654765737236, 
          79.40371188031101
        ], 
        [
          6.949060093052262, 
          -5.270889869085648, 
          84.56933067494788
        ], 
        [
          6.646784182165891, 
          -12.383945512387795, 
          79.47737389938908
        ], 
        [
          -12.41766775665635, 
          -7.87592111987587, 
          74.31175510475222
        ], 
        [
          -11.588378267126084, 
          0.08032920357322337, 
          78.19455140431046
        ], 
        [
          7.476073671696157, 
          -4.427695188938701, 
          83.36017019894732
        ], 
        [
          7.173797760809785, 
          -11.540750832240848, 
          78.26821342338852
        ], 
        [
          -11.890654178012456, 
          -7.032726439728923, 
          73.10259462875166
        ]
      ], 
      "cuboid_centroid": [
        -2.470797042480096, 
        -6.151808154407286, 
        78.83596265184977
      ], 
      "location": [
        -2.470797042480096, 
        -6.151808154407286, 
        78.83596265184977
      ], 
      "pose_transform_permuted": [
        [
          -0.3366423325332854, 
          -0.5386104559862344, 
          0.7723797251966678, 
          0.0
        ], 
        [
          -0.9409990216599402, 
          0.22251080474726362, 
          -0.2549688943390511, 
          0.0
        ], 
        [
          0.034533977142497264, 
          0.8126420007429782, 
          0.5817384467789535, 
          0.0
        ], 
        [
          -2.470797042480096, 
          -6.151808154407286, 
          78.83596265184977, 
          1.0
        ]
      ], 
      "projected_cuboid": [
        [
          399.5452148258853, 
          268.16270827187185
        ], 
        [
          525.7851269568637, 
          240.04672438132013
        ], 
        [
          526.5708923785164, 
          190.18614934703427
        ], 
        [
          391.73544633247144, 
          216.76273548450834
        ], 
        [
          401.90081476248986, 
          273.8344167862465
        ], 
        [
          529.8258983680721, 
          244.95914197278975
        ], 
        [
          530.8866866746937, 
          194.64786521605578
        ], 
        [
          394.12594721454457, 
          221.97932033149223
        ]
      ], 
      "projected_cuboid_centroid": [
        464.74301291329976, 
        231.67000093036697
      ], 
      "quaternion_xyzw": [
        -0.15753025627726663, 
        -0.29831896650372214, 
        0.9388850765135723, 
        0.06844415475328015
      ], 
      "visibility": 0.8167970358172087
    }, 
    {
      "bounding_box": {
        "bottom_right": [
          357, 
          528
        ], 
        "top_left": [
          306, 
          476
        ]
      }, 
      "class": "061_foam_brick", 
      "cuboid": [
        [
          7.656396515823404, 
          8.282137712567886, 
          89.54436282638368
        ], 
        [
          0.37676351944180353, 
          10.61222241432398, 
          88.05397902339945
        ], 
        [
          -1.317777402016146, 
          7.855464864284832, 
          92.02084809425841
        ], 
        [
          5.9618555943654545, 
          5.525380162528737, 
          93.51123189724265
        ], 
        [
          8.333338846880482, 
          12.422340592670066, 
          92.71074966837215
        ], 
        [
          1.0537058504988799, 
          14.75242529442616, 
          91.2203658653879
        ], 
        [
          -0.6408350709590699, 
          11.995667744387012, 
          95.18723493624688
        ], 
        [
          6.638797925422532, 
          9.665583042630917, 
          96.67761873923111
        ]
      ], 
      "cuboid_centroid": [
        3.5077807224321673, 
        10.138902728477449, 
        92.36579888131527
      ], 
      "location": [
        3.5077807224321673, 
        10.138902728477449, 
        92.36579888131527
      ], 
      "pose_transform_permuted": [
        [
          -0.1287942019887094, 
          -0.7877098263029985, 
          -0.6024328037879336, 
          0.0
        ], 
        [
          0.9347963649586626, 
          -0.2992121595044771, 
          0.1913840109955319, 
          0.0
        ], 
        [
          0.33101028623618606, 
          0.5385028441432478, 
          -0.77488507357896, 
          0.0
        ], 
        [
          3.5077807224321673, 
          10.138902728477449, 
          92.36579888131527, 
          1.0
        ]
      ], 
      "projected_cuboid": [
        [
          527.5780155666797, 
          322.61433588197804
        ], 
        [
          483.8980425157075, 
          337.56195287237097
        ], 
        [
          473.89606129478005, 
          318.81397370713756
        ], 
        [
          515.8824843829365, 
          304.7992598796999
        ], 
        [
          529.934179924555, 
          344.7461856554192
        ], 
        [
          487.8088956733672, 
          359.536546235043
        ], 
        [
          477.97664623749245, 
          340.4964377708437
        ], 
        [
          518.5250229905523, 
          326.6064768320827
        ]
      ], 
      "projected_cuboid_centroid": [
        502.01976103588936, 
        331.82850310764417
      ], 
      "quaternion_xyzw": [
        0.8768882501336536, 
        -0.17967581548863434, 
        0.01784429458294221, 
        0.4454943088939186
      ], 
      "visibility": 0.8336755646817249
    }
  ]
}