{
  "camera_data": {
    "location_worldframe": [
      -12.919202046576297, 
      2.6236868292666222, 
      83.97316866973593
    ], 
    "quaternion_xyzw_worldframe": [
      0.908588100430547, 
      0.023394063244505565, 
      0.04070374890411451, 
      -0.4150471900606643
    ]
  }, 
  "objects": [
    {
      "bounding_box": {
        "bottom_right": [
          339, 
          613
        ], 
        "top_left": [
          221, 
          443
        ]
      }, 
      "class": "003_cracker_box", 
      "cuboid": [
        [
          -4.119240307676497, 
          10.579915476592292, 
          76.81388671500943
        ], 
        [
          -4.153962505630333, 
          0.1977399760322844, 
          64.11399136379896
        ], 
        [
          17.02561680238842, 
          -1.8756428592961834, 
          65.75107752521644
        ], 
        [
          17.060339000342257, 
          8.506532641263826, 
          78.4509728764269
        ], 
        [
          -5.0078003635255355, 
          5.064970150876104, 
          81.32478868872303
        ], 
        [
          -5.042522561479372, 
          -5.317205349683904, 
          68.62489333751259
        ], 
        [
          16.13705674653938, 
          -7.390588185012372, 
          70.26197949893006
        ], 
        [
          16.171778944493216, 
          2.9915873155476365, 
          82.96187485014053
        ]
      ], 
      "cuboid_centroid": [
        6.008908219431442, 
        1.5946636457899603, 
        73.53793310696975
      ], 
      "location": [
        6.008908219431442, 
        1.5946636457899603, 
        73.53793310696975
      ], 
      "pose_transform_permuted": [
        [
          0.12375488538899337, 
          0.7680982531433136, 
          -0.6282593428358605, 
          0.0
        ], 
        [
          0.0021167424521120193, 
          0.6329205212334448, 
          0.774213880786812, 
          0.0
        ], 
        [
          -0.9923105601291102, 
          0.09714261330525631, 
          -0.07670114038576534, 
          0.0
        ], 
        [
          6.008908219431442, 
          1.5946636457899603, 
          73.53793310696975, 
          1.0
        ]
      ], 
      "projected_cuboid": [
        [
          452.75880414150447, 
          346.74299687534005
        ], 
        [
          446.7551957605002, 
          274.9313989447063
        ], 
        [
          620.8459520586159, 
          258.0728395060888
        ], 
        [
          598.5419088022552, 
          331.1150170446154
        ], 
        [
          448.4827519687583, 
          306.5020902526963
        ], 
        [
          442.0824402212216, 
          231.9637817218102
        ], 
        [
          605.1052385951905, 
          217.18869618521305
        ], 
        [
          586.42354315858, 
          292.51792713494655
        ]
      ], 
      "projected_cuboid_centroid": [
        525.5386716334932, 
        284.85152648381506
      ], 
      "quaternion_xyzw": [
        0.657175528035172, 
        0.6182636951735262, 
        0.34160156908937195, 
        -0.26301843391243285
      ], 
      "visibility": 0.983875748414251
    }, 
    {
      "bounding_box": {
        "bottom_right": [
          375, 
          464
        ], 
        "top_left": [
          318, 
          396
        ]
      }, 
      "class": "005_tomato_soup_can", 
      "cuboid": [
        [
          -13.2989717299721, 
          14.30963533643479, 
          84.58768511418756
        ], 
        [
          -7.650093396116087, 
          11.472258455515531, 
          82.17586843327635
        ], 
        [
          -2.2350004723435726, 
          16.023901406286623, 
          89.50415119791873
        ], 
        [
          -7.883878806199589, 
          18.86127828720588, 
          91.91596787882993
        ], 
        [
          -14.263416307274678, 
          8.958788050316699, 
          88.62378801664939
        ], 
        [
          -8.614537973418663, 
          6.121411169397441, 
          86.21197133573818
        ], 
        [
          -3.199445049646151, 
          10.673054120168532, 
          93.54025410038055
        ], 
        [
          -8.848323383502166, 
          13.510431001087788, 
          95.95207078129175
        ]
      ], 
      "cuboid_centroid": [
        -8.249208389809127, 
        12.49134472830166, 
        89.06396960728405
      ], 
      "location": [
        -8.249208389809127, 
        12.49134472830166, 
        89.06396960728405
      ], 
      "pose_transform_permuted": [
        [
          0.14242912557056392, 
          0.7902128519971177, 
          -0.596051469041648, 
          0.0
        ], 
        [
          -0.8349041843820213, 
          0.41936428624250816, 
          0.3564664911946487, 
          0.0
        ], 
        [
          -0.5316472285804065, 
          -0.4468747617684746, 
          -0.7194818772124444, 
          0.0
        ], 
        [
          -8.249208389809127, 
          12.49134472830166, 
          89.06396960728405, 
          1.0
        ]
      ], 
      "projected_cuboid": [
        [
          397.0492006922375, 
          363.5078124217553
        ], 
        [
          431.53437990374215, 
          347.74124365327225
        ], 
        [
          468.168610007084, 
          368.7665833692634
        ], 
        [
          435.47160863876286, 
          382.7244224572666
        ], 
        [
          395.04748424863664, 
          327.1986671697739
        ], 
        [
          427.86220513764493, 
          311.1544628496479
        ], 
        [
          463.20342199694943, 
          334.1389360134415
        ], 
        [
          432.00658195103773, 
          348.38004426319367
        ]
      ], 
      "projected_cuboid_centroid": [
        431.7887406989377, 
        348.0853459968382
      ], 
      "quaternion_xyzw": [
        0.2803000534713038, 
        0.8482084671812915, 
        0.4449657093811138, 
        -0.06308512998442445
      ], 
      "visibility": 0.8922018348623854
    }, 
    {
      "bounding_box": {
        "bottom_right": [
          370, 
          581
        ], 
        "top_left": [
          305, 
          512
        ]
      }, 
      "class": "010_potted_meat_can", 
      "cuboid": [
        [
          15.949446326508317, 
          12.393622245365577, 
          81.79823602313412
        ], 
        [
          6.33296688316673, 
          10.668159350586464, 
          78.9933967065335
        ], 
        [
          5.877268703895182, 
          4.351323898016351, 
          84.44172213063975
        ], 
        [
          15.493748147236772, 
          6.076786792795463, 
          87.24656144724038
        ], 
        [
          14.109976962094184, 
          16.03421540885252, 
          85.86531781403951
        ], 
        [
          4.493497518752596, 
          14.308752514073408, 
          83.06047849743888
        ], 
        [
          4.03779933948105, 
          7.991917061503296, 
          88.50880392154514
        ], 
        [
          13.654278782822637, 
          9.717379956282407, 
          91.31364323814576
        ]
      ], 
      "cuboid_centroid": [
        9.993622832994683, 
        10.192769653434436, 
        85.15351997233964
      ], 
      "location": [
        9.993622832994683, 
        10.192769653434436, 
        85.15351997233964
      ], 
      "pose_transform_permuted": [
        [
          0.31934678221377144, 
          -0.6320364636674988, 
          -0.7060783441422117, 
          0.0
        ], 
        [
          0.9460662749385323, 
          0.16975050620407667, 
          0.2759392249202804, 
          0.0
        ], 
        [
          0.05454654538076334, 
          0.7561179029225588, 
          -0.652158256305182, 
          0.0
        ], 
        [
          9.993622832994683, 
          10.192769653434436, 
          85.15351997233964, 
          1.0
        ]
      ], 
      "projected_cuboid": [
        [
          586.4530997049263, 
          354.09221022123313
        ], 
        [
          524.710061562623, 
          345.3120304310788
        ], 
        [
          519.0262398144268, 
          300.7687610931626
        ], 
        [
          577.096308472905, 
          310.4326368716868
        ], 
        [
          569.9661347129972, 
          372.8769348497664
        ], 
        [
          510.6896209903585, 
          365.1610138398907
        ], 
        [
          506.13003193261966, 
          321.4427177865243
        ], 
        [
          562.0098043676304, 
          330.0411350385728
        ]
      ], 
      "projected_cuboid_centroid": [
        544.7090904253017, 
        337.12422390087727
      ], 
      "quaternion_xyzw": [
        0.9230740113884833, 
        0.031201171141744127, 
        0.1612238021517434, 
        0.34780383374703666
      ], 
      "visibility": 0.6099328859060402
    }, 
    {
      "bounding_box": {
        "bottom_right": [
          275, 
          516
        ], 
        "top_left": [
          226, 
          362
        ]
      }, 
      "class": "037_scissors", 
      "cuboid": [
        [
          -15.515334706326692, 
          -0.4258787634252706, 
          75.15579087996105
        ], 
        [
          4.7073863287975835, 
          -1.3723188763293335, 
          75.93363034339762
        ], 
        [
          4.695738136725961, 
          -7.077126988726944, 
          69.29510762855229
        ], 
        [
          -15.526982898398314, 
          -6.130686875822881, 
          68.5172681651157
        ], 
        [
          -15.4206943265352, 
          0.7591884220500487, 
          74.13723867126107
        ], 
        [
          4.802026708589075, 
          -0.18725169085401436, 
          74.91507813469767
        ], 
        [
          4.790378516517452, 
          -5.892059803251624, 
          68.27655541985231
        ], 
        [
          -15.432342518606823, 
          -4.945619690347561, 
          67.49871595641574
        ]
      ], 
      "cuboid_centroid": [
        -5.36247809490462, 
        -3.1589692833384477, 
        71.71617314990668
      ], 
      "location": [
        -5.36247809490462, 
        -3.1589692833384477, 
        71.71617314990668
      ], 
      "pose_transform_permuted": [
        [
          -0.060453771014448654, 
          -0.756989568567899, 
          0.6506242063553653, 
          0.0
        ], 
        [
          -0.9981698278250867, 
          0.04671517561377459, 
          -0.038393245001279615, 
          0.0
        ], 
        [
          0.0013307656490828925, 
          0.6517545919493717, 
          0.7584282552392898, 
          0.0
        ], 
        [
          -5.36247809490462, 
          -3.1589692833384477, 
          71.71617314990668, 
          1.0
        ]
      ], 
      "projected_cuboid": [
        [
          370.5798256975012, 
          270.2644224274365
        ], 
        [
          514.9349060382342, 
          263.64806122493064
        ], 
        [
          518.0382998635985, 
          218.81847313753386
        ], 
        [
          359.73213006387255, 
          225.56695638213077
        ], 
        [
          369.7410749062866, 
          278.74789667313746
        ], 
        [
          516.0675287416581, 
          271.9534953390076
        ], 
        [
          519.3273439054107, 
          227.2626743145237
        ], 
        [
          358.6471966558325, 
          234.2103008352016
        ]
      ], 
      "projected_cuboid_centroid": [
        441.38650517033807, 
        249.7947632890108
      ], 
      "quaternion_xyzw": [
        -0.027204484447599632, 
        -0.41707036065527925, 
        0.9083706052776345, 
        0.01322311097026657
      ], 
      "visibility": 0.8114842903575298
    }, 
    {
      "bounding_box": {
        "bottom_right": [
          361, 
          507
        ], 
        "top_left": [
          315, 
          458
        ]
      }, 
      "class": "061_foam_brick", 
      "cuboid": [
        [
          3.8696810075029653, 
          10.55600634181593, 
          84.05453758447354
        ], 
        [
          -3.866398074966356, 
          11.389500383189983, 
          84.37385446836464
        ], 
        [
          -4.145636977574011, 
          7.51870640423525, 
          87.71244862718197
        ], 
        [
          3.5904421048953106, 
          6.685212362861195, 
          87.39313174329088
        ], 
        [
          4.399513749585359, 
          13.949405309840756, 
          88.03318775134252
        ], 
        [
          -3.3365653328839624, 
          14.782899351214809, 
          88.35250463523361
        ], 
        [
          -3.6158042354916176, 
          10.912105372260076, 
          91.69109879405096
        ], 
        [
          4.120274846977704, 
          10.078611330886021, 
          91.37178191015985
        ]
      ], 
      "cuboid_centroid": [
        0.12693838600567417, 
        10.734055857038003, 
        87.87281818926225
      ], 
      "location": [
        0.12693838600567417, 
        10.734055857038003, 
        87.87281818926225
      ], 
      "pose_transform_permuted": [
        [
          -0.1008053154209351, 
          -0.6456238472095456, 
          -0.7569730089621634, 
          0.0
        ], 
        [
          0.9934097788885264, 
          -0.10703111001316298, 
          -0.04100430096952645, 
          0.0
        ], 
        [
          0.05454630685514067, 
          0.7561178409505332, 
          -0.6521583481063242, 
          0.0
        ], 
        [
          0.12693838600567417, 
          10.734055857038003, 
          87.87281818926225, 
          1.0
        ]
      ], 
      "projected_cuboid": [
        [
          506.35450953147875, 
          340.2635872158261
        ], 
        [
          456.9542484577576, 
          345.27855061572797
        ], 
        [
          456.1802162857823, 
          319.0026641214859
        ], 
        [
          503.69045944492467, 
          314.0832756615154
        ], 
        [
          508.47216304908255, 
          357.7943379982099
        ], 
        [
          461.288818804721, 
          362.52011152414667
        ], 
        [
          460.3905459140611, 
          336.75659740045216
        ], 
        [
          505.846739085204, 
          332.11346114702627
        ]
      ], 
      "projected_cuboid_centroid": [
        482.37390656541953, 
        338.43389883062713
      ], 
      "quaternion_xyzw": [
        0.9362826267747927, 
        -0.04314333414069863, 
        -0.03786506668369793, 
        0.34652522598500324
      ], 
      "visibility": 0.5258404415454089
    }
  ]
}