{
  "camera_data": {
    "location_worldframe": [
      -12.98765151645241, 
      -1.2151308526025237, 
      95.20043930011272
    ], 
    "quaternion_xyzw_worldframe": [
      0.948582338885258, 
      -0.013956763895897173, 
      0.12145734941385058, 
      -0.29196953499159667
    ]
  }, 
  "objects": [
    {
      "bounding_box": {
        "bottom_right": [
          288, 
          589
        ], 
        "top_left": [
          166, 
          451
        ]
      }, 
      "class": "003_cracker_box", 
      "cuboid": [
        [
          -2.3681344276541285, 
          3.4307580642032804, 
          87.60844321437814
        ], 
        [
          -2.810924386458244, 
          -9.756963709195348, 
          77.86339076880525
        ], 
        [
          17.500004471440807, 
          -14.082367201973394, 
          82.79396889925023
        ], 
        [
          17.942794430244923, 
          -0.8946454285747654, 
          92.53902134482311
        ], 
        [
          -4.566027165914241, 
          -0.5835670615241138, 
          93.14078980791327
        ], 
        [
          -5.008817124718357, 
          -13.771288834922746, 
          83.3957373623404
        ], 
        [
          15.302111733180695, 
          -18.096692327700794, 
          88.32631549278537
        ], 
        [
          15.744901691984811, 
          -4.908970554302161, 
          98.07136793835825
        ]
      ], 
      "cuboid_centroid": [
        6.466988652763284, 
        -7.332967131748755, 
        87.96737935358175
      ], 
      "location": [
        6.466988652763284, 
        -7.332967131748755, 
        87.96737935358175
      ], 
      "pose_transform_permuted": [
        [
          0.30611320206238546, 
          0.559098220292892, 
          -0.7705218281064034, 
          0.0
        ], 
        [
          0.026993461197811597, 
          0.8039528650089656, 
          0.5940800820566515, 
          0.0
        ], 
        [
          -0.951612347847418, 
          0.20265480726890336, 
          -0.23100858969988136, 
          0.0
        ], 
        [
          6.466988652763284, 
          -7.332967131748755, 
          87.96737935358175, 
          1.0
        ]
      ], 
      "projected_cuboid": [
        [
          467.06082764858553, 
          294.1714024263459
        ], 
        [
          462.1834014414234, 
          206.45693080629044
        ], 
        [
          595.2632315382773, 
          182.57458992446192
        ], 
        [
          585.8664798307024, 
          268.13053006045726
        ], 
        [
          455.2343431827276, 
          269.94506167823556
        ], 
        [
          449.29851636786276, 
          185.21851132367172
        ], 
        [
          574.7621133138782, 
          164.01762582156852
        ], 
        [
          567.9325793874154, 
          246.59118147875654
        ]
      ], 
      "projected_cuboid_centroid": [
        521.1311989984847, 
        228.82897879472162
      ], 
      "quaternion_xyzw": [
        0.7071368496573202, 
        0.6206596409546233, 
        0.3182528546473261, 
        -0.11599226894765965
      ], 
      "visibility": 0.9700371747211896
    }, 
    {
      "bounding_box": {
        "bottom_right": [
          349, 
          470
        ], 
        "top_left": [
          292, 
          410
        ]
      }, 
      "class": "005_tomato_soup_can", 
      "cuboid": [
        [
          -11.554112988497419, 
          10.186146709768181, 
          92.95571554756899
        ], 
        [
          -6.221513522441597, 
          6.115995624079818, 
          92.07557534754656
        ], 
        [
          -0.8967402918890408, 
          11.644573347362343, 
          98.77079988476444
        ], 
        [
          -6.229339757944863, 
          15.714724433050705, 
          99.65094008478688
        ], 
        [
          -13.75359730932464, 
          6.217531633609295, 
          97.9820670833279
        ], 
        [
          -8.420997843268815, 
          2.1473805479209322, 
          97.10192688330548
        ], 
        [
          -3.0962246127162585, 
          7.6759582712034575, 
          103.79715142052336
        ], 
        [
          -8.428824078772081, 
          11.746109356891822, 
          104.6772916205458
        ]
      ], 
      "cuboid_centroid": [
        -7.325168800606839, 
        8.931052490485818, 
        98.37643348404617
      ], 
      "location": [
        -7.325168800606839, 
        8.931052490485818, 
        98.37643348404617
      ], 
      "pose_transform_permuted": [
        [
          0.32481973137094317, 
          0.5860848703244153, 
          -0.7422913362742705, 
          0.0
        ], 
        [
          -0.7881581695890746, 
          0.6015683064266998, 
          0.13008471636526606, 
          0.0
        ], 
        [
          -0.5227797510943194, 
          -0.5427890279908344, 
          -0.6573289914027269, 
          0.0
        ], 
        [
          -7.325168800606839, 
          8.931052490485818, 
          98.37643348404617, 
          1.0
        ]
      ], 
      "projected_cuboid": [
        [
          414.75463573408973, 
          331.72803870436496
        ], 
        [
          445.2605477653171, 
          308.71157034858527
        ], 
        [
          476.7147085045091, 
          336.1621956764891
        ], 
        [
          447.98057965251644, 
          357.38981163999944
        ], 
        [
          406.11193219533004, 
          307.1287652164447
        ], 
        [
          434.9604082335247, 
          285.08074367318574
        ], 
        [
          465.55579856343746, 
          312.72633772171883
        ], 
        [
          438.29523895959295, 
          333.13170639493165
        ]
      ], 
      "projected_cuboid_centroid": [
        441.5548347441077, 
        321.7036743099032
      ], 
      "quaternion_xyzw": [
        0.3206805673465656, 
        0.8765327338231841, 
        0.3546398821592572, 
        0.05554128428162029
      ], 
      "visibility": 0.9616982002768805
    }, 
    {
      "bounding_box": {
        "bottom_right": [
          318, 
          574
        ], 
        "top_left": [
          267, 
          508
        ]
      }, 
      "class": "010_potted_meat_can", 
      "cuboid": [
        [
          17.143191762139413, 
          3.829347889888192, 
          94.6819682373055
        ], 
        [
          7.6979594462423115, 
          2.7115203654320257, 
          91.09601358035279
        ], 
        [
          5.704839657094152, 
          -1.8877162255628313, 
          97.77948701701436
        ], 
        [
          15.150071972991256, 
          -0.7698887011066649, 
          101.36544167396706
        ], 
        [
          15.517725611349803, 
          8.596086241161803, 
          97.47746205802746
        ], 
        [
          6.0724932954527, 
          7.4782587167056365, 
          93.89150740107476
        ], 
        [
          4.079373506304543, 
          2.87902212571078, 
          100.57498083773633
        ], 
        [
          13.524605822201643, 
          3.996849650166946, 
          104.16093549468901
        ]
      ], 
      "cuboid_centroid": [
        10.611282634221977, 
        3.3541850077994857, 
        97.6284745375209
      ], 
      "location": [
        10.611282634221977, 
        3.3541850077994857, 
        97.6284745375209
      ], 
      "pose_transform_permuted": [
        [
          0.2821940908036787, 
          -0.8275443905634366, 
          -0.4853203720684831, 
          0.0
        ], 
        [
          0.9292190354773691, 
          0.10997152630719159, 
          0.3527851106415781, 
          0.0
        ], 
        [
          0.23857413519153725, 
          0.5505233043252412, 
          -0.8000040458725367, 
          0.0
        ], 
        [
          10.611282634221977, 
          3.3541850077994857, 
          97.6284745375209, 
          1.0
        ]
      ], 
      "projected_cuboid": [
        [
          578.9650458477062, 
          294.8562862500164
        ], 
        [
          527.0401729119222, 
          289.16107358640676
        ], 
        [
          512.9723359353247, 
          262.9903494732322
        ], 
        [
          561.9712424021535, 
          269.23588014004764
        ], 
        [
          567.2053143032596, 
          320.31752375238756
        ], 
        [
          516.3773009257902, 
          315.7643076118947
        ], 
        [
          503.4090572287108, 
          288.55314670693724
        ], 
        [
          551.4221559553463, 
          293.75100653964495
        ]
      ], 
      "projected_cuboid_centroid": [
        540.0468811240978, 
        291.6095995545323
      ], 
      "quaternion_xyzw": [
        0.8609678727849103, 
        -0.037342452880490234, 
        0.18437947033706836, 
        0.47259267386234194
      ], 
      "visibility": 0.7880642693190513
    }, 
    {
      "bounding_box": {
        "bottom_right": [
          236, 
          508
        ], 
        "top_left": [
          186, 
          382
        ]
      }, 
      "class": "037_scissors", 
      "cuboid": [
        [
          -15.156978380804057, 
          -6.05245568210555, 
          87.09609796328624
        ], 
        [
          4.478707612418631, 
          -9.393355652267745, 
          90.80250486857601
        ], 
        [
          4.209257484493285, 
          -16.553856601356507, 
          85.77561936144203
        ], 
        [
          -15.426428508729403, 
          -13.212956631194315, 
          82.06921245615224
        ], 
        [
          -14.774425337733627, 
          -5.189894738663096, 
          85.84692566711958
        ], 
        [
          4.861260655489062, 
          -8.530794708825288, 
          89.55333257240936
        ], 
        [
          4.591810527563714, 
          -15.691295657914054, 
          84.52644706527536
        ], 
        [
          -15.043875465658974, 
          -12.35039568775186, 
          80.8200401599856
        ]
      ], 
      "cuboid_centroid": [
        -5.282583926620171, 
        -10.871875670009802, 
        85.8112725142808
      ], 
      "location": [
        -5.282583926620171, 
        -10.871875670009802, 
        85.8112725142808
      ], 
      "pose_transform_permuted": [
        [
          -0.2443647639370506, 
          -0.5509811126684199, 
          0.797938217454641, 
          0.0
        ], 
        [
          -0.9691944656231128, 
          0.16490291005871757, 
          -0.18294390433794924, 
          0.0
        ], 
        [
          0.03078374499486581, 
          0.8180624627994791, 
          0.5743042794653024, 
          0.0
        ], 
        [
          -5.282583926620171, 
          -10.871875670009802, 
          85.8112725142808, 
          1.0
        ]
      ], 
      "projected_cuboid": [
        [
          388.01219236868843, 
          236.22525490417252
        ], 
        [
          508.121533428762, 
          218.11558726486044
        ], 
        [
          507.9867032961253, 
          170.3610683872284
        ], 
        [
          380.5143618721358, 
          187.42329752726525
        ], 
        [
          389.04682028840864, 
          241.04458549197008
        ], 
        [
          510.7887360958129, 
          222.48284651020333
        ], 
        [
          510.81053500443926, 
          174.28231444851684
        ], 
        [
          381.4974539842211, 
          191.78808948831463
        ]
      ], 
      "projected_cuboid_centroid": [
        448.492053023225, 
        205.71751085095892
      ], 
      "quaternion_xyzw": [
        -0.11283798115524522, 
        -0.2971503769966618, 
        0.9467305775506082, 
        0.051674325223514506
      ], 
      "visibility": 0.8039961941008563
    }, 
    {
      "bounding_box": {
        "bottom_right": [
          327, 
          510
        ], 
        "top_left": [
          282, 
          462
        ]
      }, 
      "class": "061_foam_brick", 
      "cuboid": [
        [
          4.762322651703578, 
          4.218584850820262, 
          95.65741940509054
        ], 
        [
          -2.7345882475000938, 
          6.105943184941089, 
          94.72050924526239
        ], 
        [
          -3.955919315086532, 
          3.2876487708255353, 
          98.81596994807035
        ], 
        [
          3.5409915841171404, 
          1.4002904367047084, 
          99.75288010789849
        ], 
        [
          5.433279255497627, 
          8.41741953529252, 
          98.74694056044763
        ], 
        [
          -2.0636316437060453, 
          10.304777869413346, 
          97.81003040061948
        ], 
        [
          -3.2849627112924837, 
          7.486483455297793, 
          101.90549110342744
        ], 
        [
          4.211948187911188, 
          5.599125121176965, 
          102.84240126325557
        ]
      ], 
      "cuboid_centroid": [
        0.7386799702055478, 
        5.852534153059027, 
        98.78145525425899
      ], 
      "location": [
        0.7386799702055478, 
        5.852534153059027, 
        98.78145525425899
      ], 
      "pose_transform_permuted": [
        [
          -0.12765536499950839, 
          -0.7988650401351877, 
          -0.5878084343020669, 
          0.0
        ], 
        [
          0.9626975783639086, 
          -0.24236052984917553, 
          0.12031103932513063, 
          0.0
        ], 
        [
          0.2385738468464398, 
          0.5505234066059606, 
          -0.8000040614771026, 
          0.0
        ], 
        [
          0.7386799702055478, 
          5.852534153059027, 
          98.78145525425899, 
          1.0
        ]
      ], 
      "projected_cuboid": [
        [
          508.3697520803048, 
          296.8064481797637
        ], 
        [
          466.07178134648063, 
          307.6657774957367
        ], 
        [
          460.06865557229384, 
          291.03030422682286
        ], 
        [
          500.68642131114404, 
          280.7730617912151
        ], 
        [
          511.18605754819646, 
          318.7479431901448
        ], 
        [
          470.25112800831533, 
          329.47443420717815
        ], 
        [
          464.2620391034393, 
          312.4668431108691
        ], 
        [
          503.6213913029497, 
          302.3224515644459
        ]
      ], 
      "projected_cuboid_centroid": [
        485.6184262328214, 
        304.88428137335353
      ], 
      "quaternion_xyzw": [
        0.8804869986649343, 
        -0.13655351453935352, 
        -0.002085302135498259, 
        0.45397294452860326
      ], 
      "visibility": 0.9334945586457074
    }
  ]
}