{
  "camera_data": {
    "location_worldframe": [
      -16.573684497458885, 
      -0.3684406485329389, 
      90.60268602028691
    ], 
    "quaternion_xyzw_worldframe": [
      0.8794393228246623, 
      0.03449526585802368, 
      -0.002075537454965461, 
      -0.474755382705681
    ]
  }, 
  "objects": [
    {
      "bounding_box": {
        "bottom_right": [
          323, 
          570
        ], 
        "top_left": [
          229, 
          414
        ]
      }, 
      "class": "003_cracker_box", 
      "cuboid": [
        [
          -8.787713698458402, 
          8.998972674208506, 
          83.99765659177673
        ], 
        [
          -9.151846590235373, 
          0.3378111518988628, 
          70.07178843181107
        ], 
        [
          12.174568722028217, 
          -0.5206729301675435, 
          70.04807860086987
        ], 
        [
          12.538701613805186, 
          8.140488592142098, 
          83.97394676083553
        ], 
        [
          -9.028673900154931, 
          2.9082574354944364, 
          87.79206347520888
        ], 
        [
          -9.392806791931903, 
          -5.752904086815207, 
          73.86619531524322
        ], 
        [
          11.933608520331687, 
          -6.6113881688816125, 
          73.84248548430202
        ], 
        [
          12.297741412108659, 
          2.0497733534280305, 
          87.76835364426768
        ]
      ], 
      "cuboid_centroid": [
        1.5729474109366426, 
        1.1937922526634466, 
        78.92007103803937
      ], 
      "location": [
        1.5729474109366426, 
        1.1937922526634466, 
        78.92007103803937
      ], 
      "pose_transform_permuted": [
        [
          0.03355991747318543, 
          0.848289050742693, 
          -0.5284689379038787, 
          0.0
        ], 
        [
          0.022198351361840396, 
          0.5280036794688733, 
          0.8489519112789297, 
          0.0
        ], 
        [
          -0.9991901546432538, 
          0.04022189524863279, 
          0.0011108584962747081, 
          0.0
        ], 
        [
          1.5729474109366426, 
          1.1937922526634466, 
          78.92007103803937, 
          1.0
        ]
      ], 
      "projected_cuboid": [
        [
          425.3369730793099, 
          330.42299333401536
        ], 
        [
          411.36147354060546, 
          275.8576340923414
        ], 
        [
          575.0620880275686, 
          269.322331173313
        ], 
        [
          561.8941471750387, 
          324.9868825553967
        ], 
        [
          426.2925716392947, 
          290.9536320427369
        ], 
        [
          413.21513204433245, 
          231.7501302036989
        ], 
        [
          568.5045617718972, 
          225.53648245059645
        ], 
        [
          556.9463557000389, 
          285.7418732481343
        ]
      ], 
      "projected_cuboid_centroid": [
        492.3151856607411, 
        281.35384935367847
      ], 
      "quaternion_xyzw": [
        0.6306522783028601, 
        0.605402488286389, 
        0.3498408945445464, 
        -0.3367148341732692
      ], 
      "visibility": 0.9847457627118644
    }, 
    {
      "bounding_box": {
        "bottom_right": [
          347, 
          444
        ], 
        "top_left": [
          296, 
          381
        ]
      }, 
      "class": "005_tomato_soup_can", 
      "cuboid": [
        [
          -17.575990008661147, 
          11.093350706071806, 
          92.77198755804751
        ], 
        [
          -11.964396194271188, 
          8.966074792204449, 
          89.64755068942868
        ], 
        [
          -6.300005299078787, 
          12.896586678224825, 
          97.14489457264915
        ], 
        [
          -11.911599113468743, 
          15.023862592092186, 
          100.269331441268
        ], 
        [
          -17.936430303137918, 
          5.220426928123454, 
          96.12321058163647
        ], 
        [
          -12.324836488747962, 
          3.0931510142560956, 
          92.99877371301764
        ], 
        [
          -6.6604455935555595, 
          7.0236629002764746, 
          100.49611759623811
        ], 
        [
          -12.272039407945517, 
          9.150938814143833, 
          103.62055446485697
        ]
      ], 
      "cuboid_centroid": [
        -12.118217801108353, 
        9.05850680317414, 
        96.63405257714281
      ], 
      "location": [
        -12.118217801108353, 
        9.05850680317414, 
        96.63405257714281
      ], 
      "pose_transform_permuted": [
        [
          0.05322980414935453, 
          0.8673130814579992, 
          -0.4949084437559857, 
          0.0
        ], 
        [
          -0.8293935326251377, 
          0.3144113675060463, 
          0.4617917507291486, 
          0.0
        ], 
        [
          -0.5561229998112658, 
          -0.38589287026478103, 
          -0.7360800919463365, 
          0.0
        ], 
        [
          -12.118217801108353, 
          9.05850680317414, 
          96.63405257714281, 
          1.0
        ]
      ], 
      "projected_cuboid": [
        [
          379.7157226652581, 
          337.059033648101
        ], 
        [
          409.82687885815204, 
          326.6263474250374
        ], 
        [
          446.7221930085195, 
          344.0880171720657
        ], 
        [
          417.7128354543601, 
          353.1965166365581
        ], 
        [
          381.2512029309877, 
          302.2509878415205
        ], 
        [
          410.32888647784637, 
          291.02481499032405
        ], 
        [
          445.95640886622766, 
          310.5601865552017
        ], 
        [
          417.90834197160035, 
          320.38505911161343
        ]
      ], 
      "projected_cuboid_centroid": [
        414.15974944760757, 
        323.280085220543
      ], 
      "quaternion_xyzw": [
        0.26439647931170374, 
        0.8231334713529005, 
        0.4869784880600841, 
        -0.12408739311386602
      ], 
      "visibility": 0.7361111111111112
    }, 
    {
      "bounding_box": {
        "bottom_right": [
          354, 
          547
        ], 
        "top_left": [
          293, 
          485
        ]
      }, 
      "class": "010_potted_meat_can", 
      "cuboid": [
        [
          11.453601162225322, 
          11.48793531496432, 
          87.86814805833045
        ], 
        [
          1.7731366908861832, 
          9.500743654781395, 
          85.48892557981786
        ], 
        [
          2.0772681362528784, 
          2.525793251111414, 
          90.07715964345104
        ], 
        [
          11.757732607592017, 
          4.512984911294337, 
          92.45638212196363
        ], 
        [
          9.709496994250037, 
          14.451631741684087, 
          92.48911381886795
        ], 
        [
          0.029032522910897585, 
          12.464440081501163, 
          90.10989134035536
        ], 
        [
          0.33316396827759304, 
          5.48948967783118, 
          94.69812540398854
        ], 
        [
          10.013628439616731, 
          7.476681338014105, 
          97.07734788250113
        ]
      ], 
      "cuboid_centroid": [
        5.893382565251457, 
        8.488712496397751, 
        91.2831367311595
      ], 
      "location": [
        5.893382565251457, 
        8.488712496397751, 
        91.2831367311595
      ], 
      "pose_transform_permuted": [
        [
          0.3027906116098485, 
          -0.5145217069884994, 
          -0.8022370879863319, 
          0.0
        ], 
        [
          0.9523611022135382, 
          0.19549930123751166, 
          0.23406717195812635, 
          0.0
        ], 
        [
          -0.036404182507225116, 
          0.8348935019458249, 
          -0.5492063145163363, 
          0.0
        ], 
        [
          5.893382565251457, 
          8.488712496397751, 
          91.2831367311595, 
          1.0
        ]
      ], 
      "projected_cuboid": [
        [
          551.6945357799661, 
          343.0130658423237
        ], 
        [
          492.75090107862144, 
          332.5565850830696
        ], 
        [
          493.99843770923826, 
          288.2409949069337
        ], 
        [
          549.9848362145492, 
          299.31895647445134
        ], 
        [
          538.0514765462596, 
          356.6189205547186
        ], 
        [
          481.7703314005379, 
          347.0579063611777
        ], 
        [
          483.4890135748457, 
          304.2021694610836
        ], 
        [
          537.0679815362677, 
          314.3616256478128
        ]
      ], 
      "projected_cuboid_centroid": [
        516.315958058391, 
        322.88164144037654
      ], 
      "quaternion_xyzw": [
        0.9472976950443951, 
        0.06120132165366154, 
        0.14168138125333848, 
        0.2807269634111651
      ], 
      "visibility": 0.5247524752475248
    }, 
    {
      "bounding_box": {
        "bottom_right": [
          264, 
          484
        ], 
        "top_left": [
          224, 
          340
        ]
      }, 
      "class": "037_scissors", 
      "cuboid": [
        [
          -19.625532771382158, 
          -2.436347732301923, 
          81.64746107060155
        ], 
        [
          0.6211267148871311, 
          -2.133520064533518, 
          80.98390682764405
        ], 
        [
          0.4531659710079308, 
          -6.935399960765277, 
          73.6675762059557
        ], 
        [
          -19.793493515261357, 
          -7.238227628533683, 
          74.33113044891321
        ], 
        [
          -19.673219553600752, 
          -1.1276643278253715, 
          80.7896362894986
        ], 
        [
          0.573439932668536, 
          -0.8248366600569663, 
          80.12608204654109
        ], 
        [
          0.4054791887893358, 
          -5.626716556288726, 
          72.80975142485275
        ], 
        [
          -19.841180297479955, 
          -5.929544224057131, 
          73.47330566781025
        ]
      ], 
      "cuboid_centroid": [
        -9.610026791296411, 
        -4.0315321442953245, 
        77.22860624772714
      ], 
      "location": [
        -9.610026791296411, 
        -4.0315321442953245, 
        77.22860624772714
      ], 
      "pose_transform_permuted": [
        [
          0.030461054985306837, 
          -0.835952339148881, 
          0.547955777455377, 
          0.0
        ], 
        [
          -0.9993514017397105, 
          -0.01494721904495696, 
          0.032752260355819615, 
          0.0
        ], 
        [
          0.019188933954255923, 
          0.5485981667914677, 
          0.8358654638255839, 
          0.0
        ], 
        [
          -9.610026791296411, 
          -4.0315321442953245, 
          77.22860624772714, 
          1.0
        ]
      ], 
      "projected_cuboid": [
        [
          352.33517636746467, 
          257.3723633088431
        ], 
        [
          485.7215873122123, 
          259.2362398904091
        ], 
        [
          484.90512356051414, 
          223.07741197653377
        ], 
        [
          338.39692489324756, 
          221.3528660672085
        ], 
        [
          350.6452530465834, 
          265.8424461784008
        ], 
        [
          485.44569560359844, 
          267.79642124927875
        ], 
        [
          484.591889356673, 
          232.07175466330708
        ], 
        [
          336.3759886277377, 
          230.24584415085283
        ]
      ], 
      "projected_cuboid_centroid": [
        414.6798104666703, 
        245.4458822037074
      ], 
      "quaternion_xyzw": [
        0.01796324261464381, 
        -0.4750782116117364, 
        0.8797592491679975, 
        0.001205362408326602
      ], 
      "visibility": 0.7974910394265233
    }, 
    {
      "bounding_box": {
        "bottom_right": [
          337, 
          482
        ], 
        "top_left": [
          299, 
          436
        ]
      }, 
      "class": "061_foam_brick", 
      "cuboid": [
        [
          -0.30498525003329474, 
          8.582699102979523, 
          90.64003584189682
        ], 
        [
          -8.032332850893647, 
          8.854937055417986, 
          91.56609238028592
        ], 
        [
          -7.845969414725575, 
          4.580868744996835, 
          94.37764712758221
        ], 
        [
          -0.11862181386522175, 
          4.30863079255837, 
          93.4515905891931
        ], 
        [
          0.31776053468378224, 
          11.469824014580876, 
          94.98770577802686
        ], 
        [
          -7.40958706617657, 
          11.742061967019342, 
          95.91376231641597
        ], 
        [
          -7.223223630008498, 
          7.467993656598189, 
          98.72531706371225
        ], 
        [
          0.5041239708518552, 
          7.195755704159724, 
          97.79926052532315
        ]
      ], 
      "cuboid_centroid": [
        -3.7641044400208963, 
        8.025346379788855, 
        94.68267645280454
      ], 
      "location": [
        -3.7641044400208963, 
        8.025346379788855, 
        94.68267645280454
      ], 
      "pose_transform_permuted": [
        [
          -0.11848283480695188, 
          -0.5493007778827581, 
          -0.827182249128634, 
          0.0
        ], 
        [
          0.9922885469153178, 
          -0.03495877449725304, 
          -0.11891729792733019, 
          0.0
        ], 
        [
          -0.03640408653977961, 
          0.8348931305880095, 
          -0.5492068854085473, 
          0.0
        ], 
        [
          -3.7641044400208963, 
          8.025346379788855, 
          94.68267645280454, 
          1.0
        ]
      ], 
      "projected_cuboid": [
        [
          479.78760277522775, 
          323.78653465033125
        ], 
        [
          434.4234978204006, 
          324.861430134625
        ], 
        [
          436.8907200452343, 
          299.1726146531798
        ], 
        [
          480.914463893526, 
          297.87549536394687
        ], 
        [
          483.39604067638953, 
          337.68520633960617
        ], 
        [
          440.053403059484, 
          338.57718493949653
        ], 
        [
          442.2516420540354, 
          313.62904973545056
        ], 
        [
          484.36907096982526, 
          312.526481229781
        ]
      ], 
      "projected_cuboid_centroid": [
        460.2182910366759, 
        318.49094650073283
      ], 
      "quaternion_xyzw": [
        0.9558195340429022, 
        0.0003780295314778786, 
        -0.06209334614928114, 
        0.28732088646610543
      ], 
      "visibility": 0.3709028177113283
    }
  ]
}