{
  "camera_data": {
    "location_worldframe": [
      -11.468391532710227, 
      3.8302227177215182, 
      82.23223521307936
    ], 
    "quaternion_xyzw_worldframe": [
      0.9196792226165403, 
      0.012902664824275824, 
      0.06910626098683159, 
      -0.3863264762975008
    ]
  }, 
  "objects": [
    {
      "bounding_box": {
        "bottom_right": [
          343, 
          629
        ], 
        "top_left": [
          214, 
          457
        ]
      }, 
      "class": "003_cracker_box", 
      "cuboid": [
        [
          -2.013579109214811, 
          10.944961571705896, 
          75.02232065703275
        ], 
        [
          -2.0006350817940555, 
          -0.17057131234314538, 
          62.9590343368406
        ], 
        [
          18.971530576443726, 
          -3.0752673451517705, 
          65.65802594609268
        ], 
        [
          18.95858654902297, 
          8.04026553889727, 
          77.72131226628481
        ], 
        [
          -3.3474141946070954, 
          5.755952718799527, 
          79.80222323181171
        ], 
        [
          -3.3344701671863404, 
          -5.359580165249514, 
          67.73893691161958
        ], 
        [
          17.637695491051442, 
          -8.26427619805814, 
          70.43792852087164
        ], 
        [
          17.624751463630687, 
          2.8512566859909025, 
          82.50121484106378
        ]
      ], 
      "cuboid_centroid": [
        7.812058190918315, 
        1.3403426868238786, 
        72.7301245889522
      ], 
      "location": [
        7.812058190918315, 
        1.3403426868238786, 
        72.7301245889522
      ], 
      "pose_transform_permuted": [
        [
          0.18577090769943938, 
          0.7227032001346232, 
          -0.6657246085039228, 
          0.0
        ], 
        [
          -0.000789096714995996, 
          0.6776276192191452, 
          0.735404777654978, 
          0.0
        ], 
        [
          -0.9825927677216542, 
          0.1360914919698073, 
          -0.12645378062569407, 
          0.0
        ], 
        [
          7.812058190918315, 
          1.3403426868238786, 
          72.7301245889522, 
          1.0
        ]
      ], 
      "projected_cuboid": [
        [
          467.1636260687059, 
          351.09221357405244
        ], 
        [
          464.50866279676785, 
          271.8416457247799
        ], 
        [
          636.9810661244537, 
          248.30710439318287
        ], 
        [
          612.7740317487655, 
          328.4584199370382
        ], 
        [
          459.0398165197882, 
          311.7536655929788
        ], 
        [
          455.1254686352583, 
          231.08969831988907
        ], 
        [
          616.2534707402755, 
          210.7137106749993
        ], 
        [
          596.4797066442209, 
          291.71815780928944
        ]
      ], 
      "projected_cuboid_centroid": [
        539.3591563356723, 
        283.1150788657443
      ], 
      "quaternion_xyzw": [
        0.671011736812169, 
        0.6185511727515176, 
        0.3432040137370484, 
        -0.22214567450845968
      ], 
      "visibility": 0.9712846347607053
    }, 
    {
      "bounding_box": {
        "bottom_right": [
          386, 
          473
        ], 
        "top_left": [
          327, 
          405
        ]
      }, 
      "class": "005_tomato_soup_can", 
      "cuboid": [
        [
          -11.327002406925574, 
          15.53731847662596, 
          82.14832455525254
        ], 
        [
          -5.720701278376618, 
          12.313268623052833, 
          80.16028937067699
        ], 
        [
          -0.4110329605810543, 
          17.053782306439164, 
          87.44584807098093
        ], 
        [
          -6.017334089130009, 
          20.27783216001229, 
          89.4338832555565
        ], 
        [
          -12.708979641552876, 
          10.486744111847173, 
          86.44177120917963
        ], 
        [
          -7.102678513003919, 
          7.262694258274046, 
          84.45373602460407
        ], 
        [
          -1.7930101952083561, 
          12.003207941660378, 
          91.73929472490802
        ], 
        [
          -7.399311323757312, 
          15.227257795233504, 
          93.72732990948359
        ]
      ], 
      "cuboid_centroid": [
        -6.560006301066965, 
        13.770263209143168, 
        86.94380964008029
      ], 
      "location": [
        -6.560006301066965, 
        13.770263209143168, 
        86.94380964008029
      ], 
      "pose_transform_permuted": [
        [
          0.20409032692880114, 
          0.7458685624180407, 
          -0.6340559810217556, 
          0.0
        ], 
        [
          -0.8286112736890959, 
          0.4765145493170853, 
          0.29383158853906394, 
          0.0
        ], 
        [
          -0.5212967691550898, 
          -0.4654178602837423, 
          -0.7152872806064485, 
          0.0
        ], 
        [
          -6.560006301066965, 
          13.770263209143168, 
          86.94380964008029, 
          1.0
        ]
      ], 
      "projected_cuboid": [
        [
          407.44760401093475, 
          374.157204040828
        ], 
        [
          443.2191225165522, 
          355.2087383761245
        ], 
        [
          479.06934776904717, 
          377.29509038038924
        ], 
        [
          445.41496856010673, 
          394.2089960199583
        ], 
        [
          402.533071933335, 
          337.98657732952853
        ], 
        [
          436.37035547423477, 
          319.1499568998566
        ], 
        [
          471.0866725617141, 
          343.06629675720023
        ], 
        [
          439.14324704300157, 
          359.93143427834553
        ]
      ], 
      "projected_cuboid_centroid": [
        441.0221810277855, 
        357.7543231550872
      ], 
      "quaternion_xyzw": [
        0.2915590871893758, 
        0.8555824207805164, 
        0.42694771641390505, 
        -0.026222272521797242
      ], 
      "visibility": 0.9336527828971618
    }, 
    {
      "bounding_box": {
        "bottom_right": [
          372, 
          595
        ], 
        "top_left": [
          308, 
          522
        ]
      }, 
      "class": "010_potted_meat_can", 
      "cuboid": [
        [
          17.891134082077773, 
          12.166901598592498, 
          80.78382803555132
        ], 
        [
          8.33067667960467, 
          10.702339149691632, 
          77.65753090217032
        ], 
        [
          7.352038626248775, 
          4.75093615612662, 
          83.43830860600136
        ], 
        [
          16.912496028721876, 
          6.215498605027489, 
          86.56460573938236
        ], 
        [
          16.054813936279277, 
          16.12321366133047, 
          84.54604062961467
        ], 
        [
          6.494356533806175, 
          14.658651212429602, 
          81.41974349623366
        ], 
        [
          5.51571848045028, 
          8.707248218864594, 
          87.2005212000647
        ], 
        [
          15.076175882923382, 
          10.17181066776546, 
          90.3268183334457
        ]
      ], 
      "cuboid_centroid": [
        11.703426281264026, 
        10.437074908728546, 
        83.99217461780802
      ], 
      "location": [
        11.703426281264026, 
        10.437074908728546, 
        83.99217461780802
      ], 
      "pose_transform_permuted": [
        [
          0.3188000523519713, 
          -0.6868478220463876, 
          -0.6531505819891236, 
          0.0
        ], 
        [
          0.9405548438757225, 
          0.14408320098951222, 
          0.30756414556437983, 
          0.0
        ], 
        [
          0.11714184391531168, 
          0.7123760599321178, 
          -0.6919524099529628, 
          0.0
        ], 
        [
          11.703426281264026, 
          10.437074908728546, 
          83.99217461780802, 
          1.0
        ]
      ], 
      "projected_cuboid": [
        [
          600.6952646506533, 
          353.6101255959029
        ], 
        [
          539.2854621171504, 
          346.7857464672185
        ], 
        [
          528.9813209855267, 
          303.6534921154496
        ], 
        [
          586.662317644578, 
          311.5798692675964
        ], 
        [
          583.7154082296031, 
          374.9923721660357
        ], 
        [
          524.4912261413964, 
          369.30435158245444
        ], 
        [
          515.6124040021341, 
          326.5401874636257
        ], 
        [
          571.3536338404343, 
          333.34429187466424
        ]
      ], 
      "projected_cuboid_centroid": [
        556.5288299351369, 
        339.5581456065218
      ], 
      "quaternion_xyzw": [
        0.9091316579292797, 
        0.007408541117016152, 
        0.17224243387998792, 
        0.37915306874799354
      ], 
      "visibility": 0.6239473684210526
    }, 
    {
      "bounding_box": {
        "bottom_right": [
          280, 
          529
        ], 
        "top_left": [
          228, 
          373
        ]
      }, 
      "class": "037_scissors", 
      "cuboid": [
        [
          -13.831989061434276, 
          0.37352029062156755, 
          73.50008676055133
        ], 
        [
          6.273931830239879, 
          -1.4167860161488202, 
          75.23386229629118
        ], 
        [
          6.274203200234221, 
          -7.50444778846341, 
          68.94455953784238
        ], 
        [
          -13.831717691439934, 
          -5.714141481693022, 
          67.21078400210251
        ], 
        [
          -13.639410852232528, 
          1.489841873533881, 
          72.41956401933305
        ], 
        [
          6.466510039441628, 
          -0.3004644332365074, 
          74.1533395550729
        ], 
        [
          6.466781409435971, 
          -6.388126205551097, 
          67.8640367966241
        ], 
        [
          -13.639139482238186, 
          -4.597819898780709, 
          66.13026126088425
        ]
      ], 
      "cuboid_centroid": [
        -3.6826038259991525, 
        -3.0073029574647645, 
        70.68206177858771
      ], 
      "location": [
        -3.6826038259991525, 
        -3.0073029574647645, 
        70.68206177858771
      ], 
      "pose_transform_permuted": [
        [
          -0.1230138656153403, 
          -0.7130766962321101, 
          0.6902093431728524, 
          0.0
        ], 
        [
          -0.9924047095269578, 
          0.08836742270633728, 
          -0.08557713005045, 
          0.0
        ], 
        [
          -3.1003083091643044e-05, 
          0.6954942981724868, 
          0.7185310832928434, 
          0.0
        ], 
        [
          -3.6826038259991525, 
          -3.0073029574647645, 
          70.68206177858771, 
          1.0
        ]
      ], 
      "projected_cuboid": [
        [
          380.3952020049687, 
          275.9968162202792
        ], 
        [
          526.442497561783, 
          263.2431917472696
        ], 
        [
          530.5355313236256, 
          215.2359971802259
        ], 
        [
          370.9273277884473, 
          227.9446542578034
        ], 
        [
          380.31526107452777, 
          284.2581843554992
        ], 
        [
          528.4925486818654, 
          271.1255622620284
        ], 
        [
          532.8407398001241, 
          223.08450217565107
        ], 
        [
          370.68508557699465, 
          236.20657874401223
        ]
      ], 
      "projected_cuboid_centroid": [
        453.57904332258033, 
        250.59544041882387
      ], 
      "quaternion_xyzw": [
        -0.05674515333136758, 
        -0.389454984383323, 
        0.9189815491717307, 
        0.024031064525414682
      ], 
      "visibility": 0.8139855322080606
    }, 
    {
      "bounding_box": {
        "bottom_right": [
          369, 
          519
        ], 
        "top_left": [
          320, 
          467
        ]
      }, 
      "class": "061_foam_brick", 
      "cuboid": [
        [
          5.654670842153463, 
          11.003707318729349, 
          82.60157672969984
        ], 
        [
          -2.0405742081256824, 
          12.195808791163575, 
          82.52612571819037
        ], 
        [
          -2.640256937088778, 
          8.548942669539862, 
          86.06843844648915
        ], 
        [
          5.054988113190367, 
          7.356841197105636, 
          86.14388945799863
        ], 
        [
          6.175133377056394, 
          14.603536993801065, 
          86.39576722324871
        ], 
        [
          -1.5201116732227515, 
          15.79563846623529, 
          86.32031621173924
        ], 
        [
          -2.119794402185847, 
          12.148772344611576, 
          89.86262894003801
        ], 
        [
          5.575450648093298, 
          10.95667087217735, 
          89.9380799515475
        ]
      ], 
      "cuboid_centroid": [
        1.767438219983808, 
        11.576239831670462, 
        86.23210283486893
      ], 
      "location": [
        1.767438219983808, 
        11.576239831670462, 
        86.23210283486893
      ], 
      "pose_transform_permuted": [
        [
          -0.09902255151213465, 
          -0.6848990955730982, 
          -0.7218779420201027, 
          0.0
        ], 
        [
          0.9881661759655556, 
          -0.15308081103089835, 
          0.009688858123283017, 
          0.0
        ], 
        [
          0.1171415509955257, 
          0.7123759500272833, 
          -0.6919525726905625, 
          0.0
        ], 
        [
          1.767438219983808, 
          11.576239831670462, 
          86.23210283486893, 
          1.0
        ]
      ], 
      "projected_cuboid": [
        [
          518.4108762078815, 
          344.33230772219576
        ], 
        [
          468.3000995099923, 
          352.1011388649065
        ], 
        [
          465.10048564372704, 
          326.259714018638
        ], 
        [
          513.153465449294, 
          318.8329778436579
        ], 
        [
          520.0337268578018, 
          363.4339203437343
        ], 
        [
          472.12697682065675, 
          370.8779705947123
        ], 
        [
          468.9116049946089, 
          345.38745778863006
        ], 
        [
          514.9341910884871, 
          338.25798439924944
        ]
      ], 
      "projected_cuboid_centroid": [
        492.61923657711304, 
        344.8820946100188
      ], 
      "quaternion_xyzw": [
        0.9249891983170591, 
        -0.07303392367123616, 
        -0.024144523403999443, 
        0.3721264180081043
      ], 
      "visibility": 0.5758010521281683
    }
  ]
}