{
  "camera_data": {
    "location_worldframe": [
      -9.778783797688599, 
      5.546345859462887, 
      81.49109956086792
    ], 
    "quaternion_xyzw_worldframe": [
      0.9304851344214781, 
      -0.006275233626097686, 
      0.11294787181511197, 
      -0.34842670108432106
    ]
  }, 
  "objects": [
    {
      "bounding_box": {
        "bottom_right": [
          347, 
          640
        ], 
        "top_left": [
          207, 
          472
        ]
      }, 
      "class": "003_cracker_box", 
      "cuboid": [
        [
          0.6269525419886235, 
          11.387865944098387, 
          74.44883985306198
        ], 
        [
          0.5373549722951634, 
          -0.5906834923830188, 
          63.24239343323593
        ], 
        [
          21.014386152480036, 
          -4.784641577780209, 
          67.56158974390108
        ], 
        [
          21.103983722173496, 
          7.193907858701196, 
          78.76803616372715
        ], 
        [
          -1.3979110789396287, 
          6.6898182579318775, 
          79.48676331318815
        ], 
        [
          -1.4875086486330888, 
          -5.288731178549528, 
          68.2803168933621
        ], 
        [
          18.989522531551785, 
          -9.482689263946718, 
          72.59951320402725
        ], 
        [
          19.079120101245245, 
          2.495860172534687, 
          83.8059596238533
        ]
      ], 
      "cuboid_centroid": [
        9.808237536770203, 
        0.9525883400758342, 
        73.52417652854461
      ], 
      "location": [
        9.808237536770203, 
        0.9525883400758342, 
        73.52417652854461
      ], 
      "pose_transform_permuted": [
        [
          0.2820144386266351, 
          0.6543242059176466, 
          -0.7016606658181325, 
          0.0
        ], 
        [
          0.005462067223634959, 
          0.73023902866499, 
          0.6831699106635598, 
          0.0
        ], 
        [
          -0.9593946123612266, 
          0.19649629656727136, 
          -0.2023639869334427, 
          0.0
        ], 
        [
          9.808237536770203, 
          0.9525883400758342, 
          73.52417652854461, 
          1.0
        ]
      ], 
      "projected_cuboid": [
        [
          486.1257161466948, 
          354.8643292606857
        ], 
        [
          486.1663169393429, 
          268.305336973027
        ], 
        [
          648.8634222683382, 
          235.51739931022126
        ], 
        [
          625.6778870641364, 
          321.994772024484
        ], 
        [
          472.13956641306254, 
          318.1721382511721
        ], 
        [
          469.88170714524404, 
          231.97765079432153
        ], 
        [
          622.257543030153, 
          203.62623776183247
        ], 
        [
          604.0234971202494, 
          289.16955051233407
        ]
      ], 
      "projected_cuboid_centroid": [
        553.3356111087759, 
        280.1962925744119
      ], 
      "quaternion_xyzw": [
        0.6898585053489299, 
        0.6123116653362131, 
        0.3497762011363494, 
        -0.16378728952381427
      ], 
      "visibility": 0.9686544767409548
    }, 
    {
      "bounding_box": {
        "bottom_right": [
          398, 
          486
        ], 
        "top_left": [
          338, 
          418
        ]
      }, 
      "class": "005_tomato_soup_can", 
      "cuboid": [
        [
          -8.732011822540468, 
          17.17189271597202, 
          80.57784449853295
        ], 
        [
          -3.2773096253600102, 
          13.409291815132123, 
          79.21166292257827
        ], 
        [
          1.9163306560742805, 
          18.298583092786206, 
          86.4825187616297
        ], 
        [
          -3.5383715411061765, 
          22.061183993626106, 
          87.8487003375844
        ], 
        [
          -10.763770416544455, 
          12.577732880151702, 
          85.11849413046151
        ], 
        [
          -5.309068219363998, 
          8.815131979311802, 
          83.75231255450682
        ], 
        [
          -0.1154279379297074, 
          13.704423256965887, 
          91.02316839355827
        ], 
        [
          -5.570130135110165, 
          17.46702415780578, 
          92.38934996951295
        ]
      ], 
      "cuboid_centroid": [
        -4.423719880235087, 
        15.438157986468953, 
        85.80050644604562
      ], 
      "location": [
        -4.423719880235087, 
        15.438157986468953, 
        85.80050644604562
      ], 
      "pose_transform_permuted": [
        [
          0.30005000466053516, 
          0.6784652882567922, 
          -0.6705629040983115, 
          0.0
        ], 
        [
          -0.806204952528165, 
          0.5561123909224678, 
          0.2019216288575255, 
          0.0
        ], 
        [
          -0.5099052778478413, 
          -0.4800246633027765, 
          -0.713843771594298, 
          0.0
        ], 
        [
          -4.423719880235087, 
          15.438157986468953, 
          85.80050644604562, 
          1.0
        ]
      ], 
      "projected_cuboid": [
        [
          423.3209785688033, 
          386.9419319986897
        ], 
        [
          459.34757797641504, 
          363.569176391089
        ], 
        [
          493.5131613781657, 
          386.1300680660047
        ], 
        [
          459.93700027256125, 
          407.2175057308682
        ], 
        [
          413.5934174293844, 
          352.09375050800094
        ], 
        [
          447.5081494180237, 
          329.419704570066
        ], 
        [
          480.91512194463525, 
          353.58298808306944
        ], 
        [
          449.1754148566093, 
          374.11532448285857
        ]
      ], 
      "projected_cuboid_centroid": [
        453.87092301626234, 
        369.2471834754267
      ], 
      "quaternion_xyzw": [
        0.30997308233192883, 
        0.8597663228937926, 
        0.40485101090168046, 
        0.028533443678257307
      ], 
      "visibility": 0.9651921682378535
    }, 
    {
      "bounding_box": {
        "bottom_right": [
          372, 
          609
        ], 
        "top_left": [
          310, 
          532
        ]
      }, 
      "class": "010_potted_meat_can", 
      "cuboid": [
        [
          20.168189227539546, 
          11.609126886170095, 
          81.44717276886772
        ], 
        [
          10.737181679713407, 
          10.602579778818663, 
          77.7914946879984
        ], 
        [
          8.944637344278735, 
          5.197398364891779, 
          83.90419618409986
        ], 
        [
          18.375644892104877, 
          6.203945472243211, 
          87.55987426496917
        ], 
        [
          18.410541604030787, 
          15.963977876355226, 
          84.78253903112703
        ], 
        [
          8.979534056204647, 
          14.957430769003793, 
          81.12686095025772
        ], 
        [
          7.186989720769976, 
          9.552249355076908, 
          87.23956244635919
        ], 
        [
          16.617997268596117, 
          10.55879646242834, 
          90.89524052722851
        ]
      ], 
      "cuboid_centroid": [
        13.677589474154761, 
        10.580688120623503, 
        84.34336760761344
      ], 
      "location": [
        13.677589474154761, 
        10.580688120623503, 
        84.34336760761344
      ], 
      "pose_transform_permuted": [
        [
          0.30514186519870506, 
          -0.7560374082006063, 
          -0.5790466011355041, 
          0.0
        ], 
        [
          0.9278196071917839, 
          0.09902379327202383, 
          0.359644479533218, 
          0.0
        ], 
        [
          0.2145654851992571, 
          0.6469939681508625, 
          -0.7316833042632631, 
          0.0
        ], 
        [
          13.677589474154761, 
          10.580688120623503, 
          84.34336760761344, 
          1.0
        ]
      ], 
      "projected_cuboid": [
        [
          614.7597818608964, 
          349.303599119741
        ], 
        [
          555.8220211262275, 
          345.9752483713998
        ], 
        [
          538.9255977801672, 
          306.32272038471484
        ], 
        [
          594.4542506757238, 
          311.07423058661976
        ], 
        [
          598.3726096511206, 
          373.7070033752041
        ], 
        [
          541.1195288223661, 
          371.61513900949
        ], 
        [
          525.8992682513477, 
          331.6820812595075
        ], 
        [
          579.9142189186491, 
          335.2393189572924
        ]
      ], 
      "projected_cuboid_centroid": [
        568.8038724281552, 
        340.1902950664849
      ], 
      "quaternion_xyzw": [
        0.8879555417471854, 
        -0.032530258130910386, 
        0.18716768843625223, 
        0.4188612612115005
      ], 
      "visibility": 0.6637837837837838
    }, 
    {
      "bounding_box": {
        "bottom_right": [
          287, 
          540
        ], 
        "top_left": [
          232, 
          388
        ]
      }, 
      "class": "037_scissors", 
      "cuboid": [
        [
          -11.851777536108443, 
          1.6105690191041737, 
          72.88887592350083
        ], 
        [
          7.909258925449114, 
          -1.486630371597234, 
          76.108817395311
        ], 
        [
          7.8335982728054425, 
          -8.022145142737156, 
          70.28676644594381
        ], 
        [
          -11.927438188752115, 
          -4.924945752035748, 
          67.06682497413365
        ], 
        [
          -11.506814231964752, 
          2.6240750064129648, 
          71.74668698558008
        ], 
        [
          8.254222229592806, 
          -0.47312438428844356, 
          74.96662845739024
        ], 
        [
          8.178561576949134, 
          -7.008639155428364, 
          69.14457750802305
        ], 
        [
          -11.582474884608423, 
          -3.9114397647269574, 
          65.9246360362129
        ]
      ], 
      "cuboid_centroid": [
        -1.8366079795796555, 
        -2.699035068162096, 
        71.01672671576195
      ], 
      "location": [
        -1.8366079795796555, 
        -2.699035068162096, 
        71.01672671576195
      ], 
      "pose_transform_permuted": [
        [
          -0.22035343310156053, 
          -0.6474008136223448, 
          0.7296000783220303, 
          0.0
        ], 
        [
          -0.9753816179444198, 
          0.15287413484994403, 
          -0.1589325402324054, 
          0.0
        ], 
        [
          0.00864396782833683, 
          0.7466599540108269, 
          0.6651491804898745, 
          0.0
        ], 
        [
          -1.8366079795796555, 
          -2.699035068162096, 
          71.01672671576195, 
          1.0
        ]
      ], 
      "projected_cuboid": [
        [
          394.15629813167004, 
          285.0708876102935
        ], 
        [
          537.4817222099007, 
          262.8692286966027
        ], 
        [
          541.5319259035795, 
          212.41637251503255
        ], 
        [
          385.9589188691352, 
          234.12306160352085
        ], 
        [
          395.3498720054023, 
          292.7922552128282
        ], 
        [
          540.8077312641763, 
          269.92068700735507
        ], 
        [
          545.2048933585265, 
          219.228148333508
        ], 
        [
          387.11587656788276, 
          241.64362646384512
        ]
      ], 
      "projected_cuboid_centroid": [
        467.6896175561439, 
        253.0173940193688
      ], 
      "quaternion_xyzw": [
        -0.10207606879016193, 
        -0.3532425476002366, 
        0.9289297134710027, 
        0.04346887077030795
      ], 
      "visibility": 0.8187393526405451
    }, 
    {
      "bounding_box": {
        "bottom_right": [
          377, 
          532
        ], 
        "top_left": [
          325, 
          478
        ]
      }, 
      "class": "061_foam_brick", 
      "cuboid": [
        [
          7.788977282035675, 
          11.473795113371303, 
          82.50790670253379
        ], 
        [
          0.2280326599039019, 
          13.208316202596263, 
          81.82442431676675
        ], 
        [
          -0.8703920659377508, 
          9.896160482843126, 
          85.57013105372538
        ], 
        [
          6.690552556194023, 
          8.161639393618161, 
          86.2536134394924
        ], 
        [
          8.347089909453231, 
          15.306671086903261, 
          86.06080812358947
        ], 
        [
          0.7861452873214593, 
          17.041192176128224, 
          85.37732573782245
        ], 
        [
          -0.31227943852019313, 
          13.729036456375084, 
          89.12303247478106
        ], 
        [
          7.24866518361158, 
          11.994515367150123, 
          89.80651486054809
        ]
      ], 
      "cuboid_centroid": [
        3.7383489217577406, 
        12.601415784873193, 
        85.81546958865742
      ], 
      "location": [
        3.7383489217577406, 
        12.601415784873193, 
        85.81546958865742
      ], 
      "pose_transform_permuted": [
        [
          -0.1061858110657959, 
          -0.7292381930996783, 
          -0.6759705846063235, 
          0.0
        ], 
        [
          0.9709203131443174, 
          -0.22273430679233092, 
          0.08776772813215622, 
          0.0
        ], 
        [
          0.21456541904985338, 
          0.6469938842852039, 
          -0.7316833978200573, 
          0.0
        ], 
        [
          3.7383489217577406, 
          12.601415784873193, 
          85.81546958865742, 
          1.0
        ]
      ], 
      "projected_cuboid": [
        [
          532.3634972687763, 
          347.45154678860195
        ], 
        [
          483.09573849166185, 
          359.3764035732898
        ], 
        [
          476.1271051317257, 
          334.96479088011284
        ], 
        [
          523.3105496332647, 
          323.7512309470365
        ], 
        [
          533.7551269408407, 
          368.1421130311363
        ], 
        [
          486.54874269166874, 
          379.73636443794487
        ], 
        [
          479.712790255443, 
          355.4422254276327
        ], 
        [
          525.0022866407802, 
          344.51644759190776
        ]
      ], 
      "projected_cuboid_centroid": [
        505.0234926433766, 
        351.60087741194684
      ], 
      "quaternion_xyzw": [
        0.9074531368114616, 
        -0.12047446532025173, 
        -0.005074114074462212, 
        0.40247852248684945
      ], 
      "visibility": 0.6627218934911243
    }
  ]
}