{
  "camera_data": {
    "location_worldframe": [
      -19.794112410703534, 
      -4.541840056609687, 
      95.21121532702031
    ], 
    "quaternion_xyzw_worldframe": [
      0.9548430590775921, 
      0.012501383181100832, 
      -0.012656412039345654, 
      -0.29657708342314587
    ]
  }, 
  "objects": [
    {
      "bounding_box": {
        "bottom_right": [
          276, 
          537
        ], 
        "top_left": [
          160, 
          392
        ]
      }, 
      "class": "003_cracker_box", 
      "cuboid": [
        [
          -11.975994922298137, 
          1.333136463107941, 
          85.39500396971049
        ], 
        [
          -13.032351141779053, 
          -11.929359077590062, 
          75.7997739434065
        ], 
        [
          8.250472025243276, 
          -13.535553035404826, 
          75.67678549869521
        ], 
        [
          9.306828244724192, 
          -0.2730574947068229, 
          85.2720155249992
        ], 
        [
          -12.25860377410127, 
          -2.8574650345100836, 
          91.21835256480479
        ], 
        [
          -13.314959993582187, 
          -16.119960575208086, 
          81.6231225385008
        ], 
        [
          7.967863173440144, 
          -17.726154533022854, 
          81.50013409378951
        ], 
        [
          9.024219392921061, 
          -4.463658992324848, 
          91.0953641200935
        ]
      ], 
      "cuboid_centroid": [
        -2.0040658744289965, 
        -8.196509034957455, 
        83.44756903175
      ], 
      "location": [
        -2.0040658744289965, 
        -8.196509034957455, 
        83.44756903175
      ], 
      "pose_transform_permuted": [
        [
          0.03936056525902776, 
          0.5836492476055791, 
          -0.811051355754943, 
          0.0
        ], 
        [
          0.06439782577418285, 
          0.8085112402523003, 
          0.5849465739888092, 
          0.0
        ], 
        [
          -0.9971477653477683, 
          0.07525377170035286, 
          0.005762283125928677, 
          0.0
        ], 
        [
          -2.0040658744289965, 
          -8.196509034957455, 
          83.44756903175, 
          1.0
        ]
      ], 
      "projected_cuboid": [
        [
          406.17978650804827, 
          281.61240893129985
        ], 
        [
          389.1386203911175, 
          189.35276773682543
        ], 
        [
          540.2254444596105, 
          177.89697491711232
        ], 
        [
          540.2901505333313, 
          271.5787454733984
        ], 
        [
          409.3283223781316, 
          256.5800088863349
        ], 
        [
          393.87307422977955, 
          167.9598806895618
        ], 
        [
          534.1715852318116, 
          157.29034420953516
        ], 
        [
          534.8698182294495, 
          247.15395948856633
        ]
      ], 
      "projected_cuboid_centroid": [
        468.6821989805023, 
        220.90204275043786
      ], 
      "quaternion_xyzw": [
        0.6983378396645635, 
        0.6464131338162167, 
        0.22349753363920316, 
        -0.21100515296959388
      ], 
      "visibility": 0.9897844112769486
    }, 
    {
      "bounding_box": {
        "bottom_right": [
          337, 
          430
        ], 
        "top_left": [
          276, 
          366
        ]
      }, 
      "class": "005_tomato_soup_can", 
      "cuboid": [
        [
          -20.411710773441545, 
          6.918435994257924, 
          92.89518913319995
        ], 
        [
          -14.965626229498488, 
          3.5581919752920097, 
          90.69830111360658
        ], 
        [
          -8.953512164459616, 
          9.814925767731125, 
          96.03235959870605
        ], 
        [
          -14.399596708402667, 
          13.175169786697039, 
          98.22924761829942
        ], 
        [
          -20.8222739337537, 
          2.766256474937218, 
          98.22835796533292
        ], 
        [
          -15.376189389810646, 
          -0.5939875440286957, 
          96.03146994573956
        ], 
        [
          -9.36407532477177, 
          5.662746248410419, 
          101.36552843083903
        ], 
        [
          -14.810159868714825, 
          9.022990267376333, 
          103.56241645043241
        ]
      ], 
      "cuboid_centroid": [
        -14.887893049106657, 
        6.290591121334171, 
        97.13035878201948
      ], 
      "location": [
        -14.887893049106657, 
        6.290591121334171, 
        97.13035878201948
      ], 
      "pose_transform_permuted": [
        [
          0.0606319463978921, 
          0.613193657849054, 
          -0.787602098821874, 
          0.0
        ], 
        [
          -0.8049312634305722, 
          0.4966440461577856, 
          0.32470003632122657, 
          0.0
        ], 
        [
          -0.5902620371582521, 
          -0.6142785040885795, 
          -0.5236913660778522, 
          0.0
        ], 
        [
          -14.887893049106657, 
          6.290591121334171, 
          97.13035878201948, 
          1.0
        ]
      ], 
      "projected_cuboid": [
        [
          363.43504479889714, 
          313.00589734850934
        ], 
        [
          392.86359569298577, 
          294.20923926476684
        ], 
        [
          431.4590042373243, 
          327.79412418649844
        ], 
        [
          402.7653039372147, 
          344.8189606479948
        ], 
        [
          367.60280183980433, 
          288.3056096702715
        ], 
        [
          395.4923641609288, 
          269.9877736329438
        ], 
        [
          431.9188121319111, 
          303.08023131641124
        ], 
        [
          404.6930015052424, 
          319.752597516244
        ]
      ], 
      "projected_cuboid_centroid": [
        399.1699754204581, 
        307.8266701996136
      ], 
      "quaternion_xyzw": [
        0.3034766510230259, 
        0.8953786721746596, 
        0.317431344764357, 
        -0.07373084096418574
      ], 
      "visibility": 0.873866090712743
    }, 
    {
      "bounding_box": {
        "bottom_right": [
          322, 
          529
        ], 
        "top_left": [
          262, 
          467
        ]
      }, 
      "class": "010_potted_meat_can", 
      "cuboid": [
        [
          8.44160994428411, 
          4.336402055044851, 
          87.62823554888203
        ], 
        [
          -1.3622190970523098, 
          1.963321856803605, 
          86.37346498085638
        ], 
        [
          -1.0983480080480472, 
          -2.7656535921612715, 
          93.25543302378392
        ], 
        [
          8.705481033288374, 
          -0.3925733939200253, 
          94.51020359180956
        ], 
        [
          6.931346079069178, 
          8.890447093253243, 
          90.81547530546699
        ], 
        [
          -2.872482962267242, 
          6.517366895011997, 
          89.56070473744134
        ], 
        [
          -2.6086118732629795, 
          1.7883914460471217, 
          96.44267278036888
        ], 
        [
          7.195217168073441, 
          4.161471644288368, 
          97.69744334839451
        ]
      ], 
      "cuboid_centroid": [
        2.9164990355105656, 
        3.0623967505459864, 
        92.03545416462545
      ], 
      "location": [
        2.9164990355105656, 
        3.0623967505459864, 
        92.03545416462545
      ], 
      "pose_transform_permuted": [
        [
          0.2621940408361912, 
          -0.7906191085012387, 
          -0.5533306398573209, 
          0.0
        ], 
        [
          0.9644976704747569, 
          0.23346289632376657, 
          0.12344394060099256, 
          0.0
        ], 
        [
          -0.031585064381979035, 
          0.5660528956771809, 
          -0.8237636208303114, 
          0.0
        ], 
        [
          2.9164990355105656, 
          3.0623967505459864, 
          92.03545416462545, 
          1.0
        ]
      ], 
      "projected_cuboid": [
        [
          533.4022213231233, 
          299.6785807057113
        ], 
        [
          473.11584845985595, 
          285.4092193458262
        ], 
        [
          475.26336801988367, 
          257.47000940887426
        ], 
        [
          531.1313445625723, 
          271.0712525323237
        ], 
        [
          522.6410487188285, 
          325.4962469768526
        ], 
        [
          464.3493488790989, 
          312.09640896236476
        ], 
        [
          467.05145811091177, 
          283.17618696207654
        ], 
        [
          521.2022907105647, 
          296.00355335711845
        ]
      ], 
      "projected_cuboid_centroid": [
        498.6382002005841, 
        291.03226622638374
      ], 
      "quaternion_xyzw": [
        0.8780491452659781, 
        0.07546501301628665, 
        0.10979965743271881, 
        0.4596504472544423
      ], 
      "visibility": 0.8456375838926175
    }, 
    {
      "bounding_box": {
        "bottom_right": [
          216, 
          459
        ], 
        "top_left": [
          164, 
          328
        ]
      }, 
      "class": "037_scissors", 
      "cuboid": [
        [
          -23.192981141743164, 
          -9.72511765057131, 
          87.77032166046168
        ], 
        [
          -2.978210133135621, 
          -10.458304965198522, 
          86.63687619910021
        ], 
        [
          -3.5167403070211254, 
          -17.6596498731419, 
          81.69060771833345
        ], 
        [
          -23.731511315628666, 
          -16.926462558514686, 
          82.82405317969493
        ], 
        [
          -23.233021966045243, 
          -8.837039960358258, 
          86.48171606294159
        ], 
        [
          -3.018250957437703, 
          -9.570227274985468, 
          85.34827060158013
        ], 
        [
          -3.556781131323207, 
          -16.771572182928843, 
          80.40200212081336
        ], 
        [
          -23.771552139930748, 
          -16.03838486830163, 
          81.53544758217484
        ]
      ], 
      "cuboid_centroid": [
        -13.374881136533185, 
        -13.248344916750076, 
        84.08616189063753
      ], 
      "location": [
        -13.374881136533185, 
        -13.248344916750076, 
        84.08616189063753
      ], 
      "pose_transform_permuted": [
        [
          0.02557701933277226, 
          -0.5672805354909191, 
          0.8231271671991015, 
          0.0
        ], 
        [
          -0.9977774238263553, 
          0.036189267227385434, 
          0.05594554061499764, 
          0.0
        ], 
        [
          0.06152520940544952, 
          0.8227287438053262, 
          0.5650940630848493, 
          0.0
        ], 
        [
          -13.374881136533185, 
          -13.248344916750076, 
          84.08616189063753, 
          1.0
        ]
      ], 
      "projected_cuboid": [
        [
          339.49492696473146, 
          214.1937194344404
        ], 
        [
          463.11101193135073, 
          208.90726798215155
        ], 
        [
          458.44659379758724, 
          157.99498400296358
        ], 
        [
          327.5119647854664, 
          164.29387691613317
        ], 
        [
          337.1285755593791, 
          218.7898572646129
        ], 
        [
          462.57961567701955, 
          213.4846277005036
        ], 
        [
          457.80774967340136, 
          162.03796643113898
        ], 
        [
          324.8126793947768, 
          168.38020599521093
        ]
      ], 
      "projected_cuboid_centroid": [
        396.0594532105243, 
        189.25842170353653
      ], 
      "quaternion_xyzw": [
        0.02135406103925391, 
        -0.2966147813903271, 
        0.9544151788963205, 
        0.02559537997547129
      ], 
      "visibility": 0.7440257352941176
    }, 
    {
      "bounding_box": {
        "bottom_right": [
          318, 
          467
        ], 
        "top_left": [
          276, 
          420
        ]
      }, 
      "class": "061_foam_brick", 
      "cuboid": [
        [
          -3.2947507733228383, 
          3.139660673143145, 
          91.52875636813361
        ], 
        [
          -10.977305356647319, 
          4.032553771920061, 
          92.43688199158
        ], 
        [
          -10.815610497828416, 
          1.134759339550761, 
          96.65397501283196
        ], 
        [
          -3.1330559145039363, 
          0.24186624077384491, 
          95.74584938938557
        ], 
        [
          -2.451363686441742, 
          7.430429146415928, 
          94.44483945535038
        ], 
        [
          -10.133918269766221, 
          8.323322245192843, 
          95.35296507879677
        ], 
        [
          -9.97222341094732, 
          5.425527812823544, 
          99.57005810004873
        ], 
        [
          -2.28966882762284, 
          4.532634714046628, 
          98.66193247660233
        ]
      ], 
      "cuboid_centroid": [
        -6.633487092135079, 
        4.282594242983344, 
        95.54940723409116
      ], 
      "location": [
        -6.633487092135079, 
        4.282594242983344, 
        95.54940723409116
      ], 
      "pose_transform_permuted": [
        [
          -0.16046177323969785, 
          -0.8163562479104094, 
          -0.5548103241887354, 
          0.0
        ], 
        [
          0.9865365605186305, 
          -0.11465869549305834, 
          -0.11661474309837733, 
          0.0
        ], 
        [
          -0.03158534610926639, 
          0.5660528774288389, 
          -0.8237636225675964, 
          0.0
        ], 
        [
          -6.633487092135079, 
          4.282594242983344, 
          95.54940723409116, 
          1.0
        ]
      ], 
      "projected_cuboid": [
        [
          462.23923574722676, 
          291.5807068081682
        ], 
        [
          417.73511588763654, 
          296.5525747669635
        ], 
        [
          421.42110473760204, 
          279.5479398315757
        ], 
        [
          464.0000166270295, 
          274.63377134492123
        ], 
        [
          467.63913140971846, 
          315.24535116807544
        ], 
        [
          424.4446082419121, 
          319.83979143020974
        ], 
        [
          427.73847918139904, 
          302.34688289668134
        ], 
        [
          469.1170631200678, 
          297.78781011023415
        ]
      ], 
      "projected_cuboid_centroid": [
        444.2629738571926, 
        297.1903113555951
      ], 
      "quaternion_xyzw": [
        0.8813909124412682, 
        -0.023563139865402115, 
        -0.07859070034277733, 
        0.465207845726256
      ], 
      "visibility": 0.9642045454545455
    }
  ]
}