{
  "camera_data": {
    "location_worldframe": [
      -8.919553947695064, 
      8.440482840275257, 
      83.91819595494177
    ], 
    "quaternion_xyzw_worldframe": [
      0.9355865546627863, 
      -0.04420222150354013, 
      0.19399011479677705, 
      -0.2917067416915058
    ]
  }, 
  "objects": [
    {
      "bounding_box": {
        "bottom_right": [
          349, 
          627
        ], 
        "top_left": [
          202, 
          478
        ]
      }, 
      "class": "003_cracker_box", 
      "cuboid": [
        [
          2.9628532136934407, 
          12.041444092180646, 
          77.76687448825288
        ], 
        [
          2.4208177096277304, 
          -0.9740622900012729, 
          67.79787720593455
        ], 
        [
          21.439342482835812, 
          -7.351499672294577, 
          75.09017142875594
        ], 
        [
          21.981377986901517, 
          5.6640067098873415, 
          85.05916871107426
        ], 
        [
          -0.2873924140163839, 
          8.234346892908393, 
          82.9141370432222
        ], 
        [
          -0.8294279180820943, 
          -4.781159489273525, 
          72.94513976090387
        ], 
        [
          18.189096855125985, 
          -11.15859687156683, 
          80.23743398372525
        ], 
        [
          18.731132359191694, 
          1.8569095106150895, 
          90.20643126604358
        ]
      ], 
      "cuboid_centroid": [
        10.575975034409712, 
        0.4414236103069083, 
        79.00215423598907
      ], 
      "location": [
        10.575975034409712, 
        0.4414236103069083, 
        79.00215423598907
      ], 
      "pose_transform_permuted": [
        [
          0.4526804603645648, 
          0.5302363914057606, 
          -0.7168889523720691, 
          0.0
        ], 
        [
          0.03304369048103628, 
          0.7934542315416905, 
          0.6077322576332269, 
          0.0
        ], 
        [
          -0.8910603320334259, 
          0.29879717481526247, 
          -0.34166025961311086, 
          0.0
        ], 
        [
          10.575975034409712, 
          0.4414236103069083, 
          79.00215423598907, 
          1.0
        ]
      ], 
      "projected_cuboid": [
        [
          502.0854307548359, 
          355.86588794605933
        ], 
        [
          500.79868296089666, 
          265.62425538653514
        ], 
        [
          635.1365634845042, 
          221.07332996351468
        ], 
        [
          620.5684971556168, 
          308.799766518342
        ], 
        [
          479.7331010972055, 
          326.25143165599957
        ], 
        [
          475.4823849623784, 
          238.33032301972545
        ], 
        [
          603.5032832081367, 
          199.11793690770278
        ], 
        [
          593.2623778359633, 
          284.26498145036084
        ]
      ], 
      "projected_cuboid_centroid": [
        553.5872430768466, 
        276.26645489797346
      ], 
      "quaternion_xyzw": [
        0.7156692353434595, 
        0.5884403298287285, 
        0.370426960399131, 
        -0.0658740527326669
      ], 
      "visibility": 0.9809372011475932
    }, 
    {
      "bounding_box": {
        "bottom_right": [
          409, 
          496
        ], 
        "top_left": [
          352, 
          431
        ]
      }, 
      "class": "005_tomato_soup_can", 
      "cuboid": [
        [
          -6.097582687342629, 
          19.653430538635202, 
          82.07700718845061
        ], 
        [
          -1.1268611009923242, 
          15.07297086444431, 
          81.77916531512402
        ], 
        [
          3.852940145482267, 
          19.99610273408195, 
          89.175702703843
        ], 
        [
          -1.1177814408680387, 
          24.576562408272846, 
          89.47354457716959
        ], 
        [
          -9.282460592253038, 
          15.895106174002505, 
          86.72280070111647
        ], 
        [
          -4.311739005902733, 
          11.31464649981161, 
          86.42495882778988
        ], 
        [
          0.6680622405718574, 
          16.237778369449252, 
          93.82149621650886
        ], 
        [
          -4.302659345778448, 
          20.818238043640143, 
          94.11933808983545
        ]
      ], 
      "cuboid_centroid": [
        -2.714760223385386, 
        17.945604454042225, 
        87.94925170247974
      ], 
      "location": [
        -2.714760223385386, 
        17.945604454042225, 
        87.94925170247974
      ], 
      "pose_transform_permuted": [
        [
          0.47034260518537174, 
          0.5550291488623725, 
          -0.6860905469976017, 
          0.0
        ], 
        [
          -0.7346726211058258, 
          0.6769919127935256, 
          0.044021027118634724, 
          0.0
        ], 
        [
          -0.48891082181560186, 
          -0.48334709141155296, 
          -0.7261830330815948, 
          0.0
        ], 
        [
          -2.714760223385386, 
          17.945604454042225, 
          87.94925170247974, 
          1.0
        ]
      ], 
      "projected_cuboid": [
        [
          441.64604412204784, 
          400.9905045586045
        ], 
        [
          474.18704785470067, 
          371.5843196670304
        ], 
        [
          504.8317901198406, 
          392.8741930471285
        ], 
        [
          474.8788526633755, 
          419.77857740270775
        ], 
        [
          424.0369665386312, 
          371.03674128028905
        ], 
        [
          454.7680358864325, 
          343.1080645040265
        ], 
        [
          485.426253776174, 
          365.5886813157931
        ], 
        [
          457.0132224299675, 
          391.2513926130564
        ]
      ], 
      "projected_cuboid_centroid": [
        464.99771963327197, 
        382.10772863306875
      ], 
      "quaternion_xyzw": [
        0.3420784965051629, 
        0.8520725115145689, 
        0.37591054887646763, 
        0.12508371421023354
      ], 
      "visibility": 0.9567420109119251
    }, 
    {
      "bounding_box": {
        "bottom_right": [
          366, 
          609
        ], 
        "top_left": [
          309, 
          532
        ]
      }, 
      "class": "010_potted_meat_can", 
      "cuboid": [
        [
          21.395625495808655, 
          10.431098984975764, 
          87.17565785958544
        ], 
        [
          12.400816685719233, 
          10.291491480646137, 
          82.44332789517128
        ], 
        [
          9.152859205632286, 
          5.874708852087533, 
          88.74706681045093
        ], 
        [
          18.147668015721706, 
          6.01431635641716, 
          93.47939677486508
        ], 
        [
          19.918159014532037, 
          15.319738108469732, 
          89.8396812708017
        ], 
        [
          10.923350204442617, 
          15.180130604140107, 
          85.10735130638756
        ], 
        [
          7.675392724355669, 
          10.763347975581503, 
          91.4110902216672
        ], 
        [
          16.67020153444509, 
          10.90295547991113, 
          96.14342018608136
        ]
      ], 
      "cuboid_centroid": [
        14.535509110082161, 
        10.597223480278634, 
        89.29337404062632
      ], 
      "location": [
        14.535509110082161, 
        10.597223480278634, 
        89.29337404062632
      ], 
      "pose_transform_permuted": [
        [
          0.25650014931054094, 
          -0.8487073520734505, 
          -0.4624960440072517, 
          0.0
        ], 
        [
          0.8849065102133259, 
          0.013734543119732366, 
          0.46556515901598705, 
          0.0
        ], 
        [
          0.3887767565048383, 
          0.5286837758947386, 
          -0.7545502625453516, 
          0.0
        ], 
        [
          14.535509110082161, 
          10.597223480278634, 
          89.29337404062632, 
          1.0
        ]
      ], 
      "projected_cuboid": [
        [
          613.5811322484403, 
          337.1014778313275
        ], 
        [
          562.4855191011856, 
          339.86140931179386
        ], 
        [
          537.0589397740355, 
          308.59020928968187
        ], 
        [
          585.996147446767, 
          307.59947540858667
        ], 
        [
          600.8235519775864, 
          364.2298297065315
        ], 
        [
          550.6179539592581, 
          368.41182154405425
        ], 
        [
          526.7507809849236, 
          336.08312253089395
        ], 
        [
          574.8393787575066, 
          333.76659642563817
        ]
      ], 
      "projected_cuboid_centroid": [
        569.1363055263752, 
        336.5802243271017
      ], 
      "quaternion_xyzw": [
        0.8479514034004715, 
        -0.11057302690965079, 
        0.21288522709877225, 
        0.4726855832154375
      ], 
      "visibility": 0.7086737900691389
    }, 
    {
      "bounding_box": {
        "bottom_right": [
          299, 
          537
        ], 
        "top_left": [
          239, 
          401
        ]
      }, 
      "class": "037_scissors", 
      "cuboid": [
        [
          -10.541374841863577, 
          3.896357726106239, 
          75.52138550402633
        ], 
        [
          8.058935792877683, 
          -1.4260771465448618, 
          81.53465088152049
        ], 
        [
          7.703345410476067, 
          -8.491786358690295, 
          76.38059772652484
        ], 
        [
          -10.896965224265193, 
          -3.1693514860391923, 
          70.36733234903069
        ], 
        [
          -9.924120836170836, 
          4.723792722633811, 
          74.34446645141365
        ], 
        [
          8.676189798570425, 
          -0.59864215001729, 
          80.3577318289078
        ], 
        [
          8.32059941616881, 
          -7.664351362162722, 
          75.20367867391217
        ], 
        [
          -10.279711218572452, 
          -2.3419164895116205, 
          69.190413296418
        ]
      ], 
      "cuboid_centroid": [
        -1.1103877128473834, 
        -1.8839968180282414, 
        75.36253208896925
      ], 
      "location": [
        -1.1103877128473834, 
        -1.8839968180282414, 
        75.36253208896925
      ], 
      "pose_transform_permuted": [
        [
          -0.39428553013114204, 
          -0.5285435869934756, 
          0.7517847568442081, 
          0.0
        ], 
        [
          -0.9180895504381227, 
          0.2627091523053163, 
          -0.29680773700506197, 
          0.0
        ], 
        [
          0.040624971080032116, 
          0.8072328347709022, 
          0.5888327433168934, 
          0.0
        ], 
        [
          -1.1103877128473834, 
          -1.8839968180282414, 
          75.36253208896925, 
          1.0
        ]
      ], 
      "projected_cuboid": [
        [
          406.53525647506154, 
          300.8019743641783
        ], 
        [
          534.7500003451661, 
          263.9585423238543
        ], 
        [
          535.8331199153506, 
          213.9935225299159
        ], 
        [
          398.31984932969397, 
          249.26577213694816
        ], 
        [
          409.8118327738723, 
          307.173272073049
        ], 
        [
          539.6592191923199, 
          269.31345941575773
        ], 
        [
          541.0957406095256, 
          218.9334964039124
        ], 
        [
          401.7007577010014, 
          255.23504982718507
        ]
      ], 
      "projected_cuboid_centroid": [
        473.6736814360738, 
        259.95401889223587
      ], 
      "quaternion_xyzw": [
        -0.18530947674844458, 
        -0.29961284959256185, 
        0.9323501410485806, 
        0.08133589250176962
      ], 
      "visibility": 0.8244333461390703
    }, 
    {
      "bounding_box": {
        "bottom_right": [
          384, 
          539
        ], 
        "top_left": [
          330, 
          483
        ]
      }, 
      "class": "061_foam_brick", 
      "cuboid": [
        [
          9.088927080623654, 
          12.057912341279902, 
          86.63937296041007
        ], 
        [
          1.988961471778286, 
          14.69571276461013, 
          84.82937504895955
        ], 
        [
          -0.00130044402750773, 
          11.98922055592799, 
          88.69214462277144
        ], 
        [
          7.098665164817859, 
          9.351420132597761, 
          90.50214253422195
        ], 
        [
          9.786430871899306, 
          16.148679083234967, 
          89.86499729767743
        ], 
        [
          2.6864652630539387, 
          18.786479506565197, 
          88.05499938622691
        ], 
        [
          0.6962033472481449, 
          16.079987297883054, 
          91.9177689600388
        ], 
        [
          7.796168956093512, 
          13.442186874552824, 
          93.72776687148931
        ]
      ], 
      "cuboid_centroid": [
        4.892565213935899, 
        14.068949819581478, 
        89.27857096022443
      ], 
      "location": [
        4.892565213935899, 
        14.068949819581478, 
        89.27857096022443
      ], 
      "pose_transform_permuted": [
        [
          -0.13270619971595865, 
          -0.778304168435335, 
          -0.6137032556155534, 
          0.0
        ], 
        [
          0.9117248143936859, 
          -0.33872672543260995, 
          0.23242647933593982, 
          0.0
        ], 
        [
          0.38877619188389956, 
          0.5286840520328588, 
          -0.7545503599829305, 
          0.0
        ], 
        [
          4.892565213935899, 
          14.068949819581478, 
          89.27857096022443, 
          1.0
        ]
      ], 
      "projected_cuboid": [
        [
          538.0113502598954, 
          347.5105375792178
        ], 
        [
          494.2058135667681, 
          365.6780167763846
        ], 
        [
          481.58918417268734, 
          345.3795754948474
        ], 
        [
          523.7773600238376, 
          328.39347078459434
        ], 
        [
          540.160364546035, 
          369.1237054706514
        ], 
        [
          498.003682746395, 
          387.0699402814955
        ], 
        [
          485.67020005626404, 
          366.5848438490702
        ], 
        [
          526.3276679669063, 
          349.77381320559147
        ]
      ], 
      "projected_cuboid_centroid": [
        511.0671367729685, 
        357.3296221474869
      ], 
      "quaternion_xyzw": [
        0.8738009101108355, 
        -0.20814321343068606, 
        0.028530606476288845, 
        0.4385594334709017
      ], 
      "visibility": 0.8106956933270232
    }
  ]
}