{
  "camera_data": {
    "location_worldframe": [
      -16.72779938943433, 
      3.1907438715414127, 
      82.5586744082192
    ], 
    "quaternion_xyzw_worldframe": [
      0.9132692789979721, 
      0.016661623111968393, 
      -0.04684902917323955, 
      -0.404312677489492
    ]
  }, 
  "objects": [
    {
      "bounding_box": {
        "bottom_right": [
          348, 
          568
        ], 
        "top_left": [
          231, 
          388
        ]
      }, 
      "class": "003_cracker_box", 
      "cuboid": [
        [
          -9.71824682811328, 
          11.403726166065145, 
          73.87468249746648
        ], 
        [
          -11.187268845167736, 
          0.6387988052269079, 
          61.584994587822806
        ], 
        [
          10.062429724684247, 
          -0.17315560957323584, 
          59.756173146261936
        ], 
        [
          11.531451741738701, 
          10.591771751265004, 
          72.04586105590562
        ], 
        [
          -9.519149222924158, 
          5.993018163424986, 
          78.59029450321043
        ], 
        [
          -10.988171239978614, 
          -4.771909197413252, 
          66.30060659356674
        ], 
        [
          10.261527329873369, 
          -5.5838636122133956, 
          64.47178515200588
        ], 
        [
          11.730549346927823, 
          5.181063748624842, 
          76.76147306164955
        ]
      ], 
      "cuboid_centroid": [
        0.2716402508800439, 
        2.909931276925875, 
        69.17323382473619
      ], 
      "location": [
        0.2716402508800439, 
        2.909931276925875, 
        69.17323382473619
      ], 
      "pose_transform_permuted": [
        [
          -0.02772947213777166, 
          0.7535805197772742, 
          -0.6567704900398418, 
          0.0
        ], 
        [
          0.08955485107021749, 
          0.6562539263465929, 
          0.7492067223433545, 
          0.0
        ], 
        [
          -0.995595804041355, 
          0.03804187649018059, 
          0.08568436618400177, 
          0.0
        ], 
        [
          0.2716402508800439, 
          2.909931276925875, 
          69.17323382473619, 
          1.0
        ]
      ], 
      "projected_cuboid": [
        [
          410.8539771050618, 
          355.6128543847893
        ], 
        [
          383.9091390675824, 
          278.81846852415885
        ], 
        [
          572.1519415723317, 
          271.7411365164635
        ], 
        [
          567.670019442134, 
          351.6921425871634
        ], 
        [
          416.461088070593, 
          313.95560493249945
        ], 
        [
          392.4720456985262, 
          234.90148006339913
        ], 
        [
          567.1892417665752, 
          227.09604074099212
        ], 
        [
          563.7771927684631, 
          309.283277603414
        ]
      ], 
      "projected_cuboid_centroid": [
        483.7088447875292, 
        295.721853635448
      ], 
      "quaternion_xyzw": [
        0.6679010438680718, 
        0.6182988279302016, 
        0.27005394617563055, 
        -0.3141426763988758
      ], 
      "visibility": 0.9791000103209826
    }, 
    {
      "bounding_box": {
        "bottom_right": [
          386, 
          442
        ], 
        "top_left": [
          324, 
          370
        ]
      }, 
      "class": "005_tomato_soup_can", 
      "cuboid": [
        [
          -17.71825588366662, 
          14.84974989799302, 
          82.97069103928868
        ], 
        [
          -12.37520822752416, 
          12.263321677244575, 
          79.72421225443405
        ], 
        [
          -6.126752133501932, 
          17.34585983307922, 
          85.95871428254432
        ], 
        [
          -11.469799789644394, 
          19.932288053827662, 
          89.20519306739895
        ], 
        [
          -17.681383335124604, 
          9.5834116390449, 
          87.22700028778199
        ], 
        [
          -12.33833567898214, 
          6.996983418296458, 
          83.98052150292737
        ], 
        [
          -6.089879584959911, 
          12.079521574131103, 
          90.21502353103764
        ], 
        [
          -11.432927241102373, 
          14.665949794879547, 
          93.46150231589226
        ]
      ], 
      "cuboid_centroid": [
        -11.904067734313267, 
        13.46463573606206, 
        86.59285728516316
      ], 
      "location": [
        -11.904067734313267, 
        13.46463573606206, 
        86.59285728516316
      ], 
      "pose_transform_permuted": [
        [
          -0.005445336072173841, 
          0.7777325632113141, 
          -0.6285715308974317, 
          0.0
        ], 
        [
          -0.7897024120221738, 
          0.38227407575134775, 
          0.4798295452280263, 
          0.0
        ], 
        [
          -0.6134658097388589, 
          -0.4989974064602358, 
          -0.6120958165413359, 
          0.0
        ], 
        [
          -11.904067734313267, 
          13.46463573606206, 
          86.59285728516316, 
          1.0
        ]
      ], 
      "projected_cuboid": [
        [
          366.75843930030635, 
          368.73786334213685
        ], 
        [
          398.12253220346946, 
          355.3227152010853
        ], 
        [
          443.26765863443984, 
          380.9066532092581
        ], 
        [
          412.4526010949453, 
          392.4531379402836
        ], 
        [
          372.58940276709825, 
          331.8810223020068
        ], 
        [
          402.58930814851396, 
          317.72098793863404
        ], 
        [
          445.2958192111101, 
          344.6964335694585
        ], 
        [
          415.8136530870854, 
          356.9748806423268
        ]
      ], 
      "projected_cuboid_centroid": [
        407.6697326728441, 
        356.2143237531875
      ], 
      "quaternion_xyzw": [
        0.2914925735430489, 
        0.8540010757282219, 
        0.40685791249370457, 
        -0.14205921253857834
      ], 
      "visibility": 0.6955172413793104
    }, 
    {
      "bounding_box": {
        "bottom_right": [
          391, 
          553
        ], 
        "top_left": [
          319, 
          481
        ]
      }, 
      "class": "010_potted_meat_can", 
      "cuboid": [
        [
          10.745139975572886, 
          14.513566948145703, 
          75.44426900468979
        ], 
        [
          0.9241158471702802, 
          12.155621437109675, 
          74.30032813482877
        ], 
        [
          1.7515630626912317, 
          5.999086451433002, 
          79.88662645912783
        ], 
        [
          11.572587191093838, 
          8.35703196246903, 
          81.03056732898884
        ], 
        [
          9.373951980950453, 
          18.170761664628536, 
          79.67788338340847
        ], 
        [
          -0.4470721474521516, 
          15.812816153592507, 
          78.53394251354746
        ], 
        [
          0.38037506806880006, 
          9.656281167915836, 
          84.12024083784651
        ], 
        [
          10.201399196471407, 
          12.014226678951863, 
          85.26418170770752
        ]
      ], 
      "cuboid_centroid": [
        5.562757521820843, 
        12.084924058030769, 
        79.78225492126815
      ], 
      "location": [
        5.562757521820843, 
        12.084924058030769, 
        79.78225492126815
      ], 
      "pose_transform_permuted": [
        [
          0.23804934312254386, 
          -0.6349186277478325, 
          -0.7349897503774798, 
          0.0
        ], 
        [
          0.9661893178248913, 
          0.23197395047503236, 
          0.11254054915582312, 
          0.0
        ], 
        [
          -0.09904447536689553, 
          0.7369301223043918, 
          -0.6686734529946065, 
          0.0
        ], 
        [
          5.562757521820843, 
          12.084924058030769, 
          79.78225492126815, 
          1.0
        ]
      ], 
      "projected_cuboid": [
        [
          558.1880378061725, 
          375.88372100444815
        ], 
        [
          488.285549005225, 
          360.5382516786013
        ], 
        [
          493.3878735520819, 
          313.33617366511044
        ], 
        [
          558.3992092154193, 
          328.29008725533294
        ], 
        [
          544.8639866832143, 
          394.91154388489105
        ], 
        [
          478.53572637609045, 
          380.6704824248347
        ], 
        [
          484.02873148830895, 
          334.5070456281427
        ], 
        [
          545.9376316971288, 
          348.43441644823884
        ]
      ], 
      "projected_cuboid_centroid": [
        519.0922594655974, 
        354.0705001249493
      ], 
      "quaternion_xyzw": [
        0.9271069504791186, 
        0.0892611218346657, 
        0.09453868620475396, 
        0.3515214938440374
      ], 
      "visibility": 0.603865859338612
    }, 
    {
      "bounding_box": {
        "bottom_right": [
          277, 
          473
        ], 
        "top_left": [
          227, 
          315
        ]
      }, 
      "class": "037_scissors", 
      "cuboid": [
        [
          -20.53544772381471, 
          -0.2797399257531259, 
          74.35845018006194
        ], 
        [
          -0.4372478468164451, 
          -0.048826166484366995, 
          71.81517085551687
        ], 
        [
          -1.181702758722515, 
          -5.952743854283924, 
          65.39609787454833
        ], 
        [
          -21.27990263572078, 
          -6.1836576135526835, 
          67.9393771990934
        ], 
        [
          -20.681086822127142, 
          0.8758881008710362, 
          73.31245651155885
        ], 
        [
          -0.5828869451288756, 
          1.106801860139795, 
          70.76917718701378
        ], 
        [
          -1.3273418570349458, 
          -4.797115827659763, 
          64.35010420604526
        ], 
        [
          -21.42554173403321, 
          -5.028029586928522, 
          66.89338353059033
        ]
      ], 
      "cuboid_centroid": [
        -10.931394790424829, 
        -2.5384278767064443, 
        69.35427719305359
      ], 
      "location": [
        -10.931394790424829, 
        -2.5384278767064443, 
        69.35427719305359
      ], 
      "pose_transform_permuted": [
        [
          0.09303040329643919, 
          -0.7381846126709884, 
          0.6681530849470915, 
          0.0
        ], 
        [
          -0.9920236092844987, 
          -0.01139763273851265, 
          0.12553328907039696, 
          0.0
        ], 
        [
          0.08505139835985222, 
          0.6745021721505872, 
          0.7333568822959199, 
          0.0
        ], 
        [
          -10.931394790424829, 
          -2.5384278767064443, 
          69.35427719305359, 
          1.0
        ]
      ], 
      "projected_cuboid": [
        [
          333.0836876504563, 
          271.2801650643329
        ], 
        [
          478.322884058347, 
          272.9239411868154
        ], 
        [
          471.87971220206555, 
          224.74060062013484
        ], 
        [
          313.15917031482405, 
          224.7452378269057
        ], 
        [
          329.89645952473353, 
          279.6582829629645
        ], 
        [
          477.1678014821808, 
          281.6274447174701
        ], 
        [
          470.5046754160835, 
          233.52909166185555
        ], 
        [
          309.35454227976385, 
          233.19966388503633
        ]
      ], 
      "projected_cuboid_centroid": [
        396.8364599430748, 
        253.76656961168794
      ], 
      "quaternion_xyzw": [
        0.059844055176003275, 
        -0.4029169230485616, 
        0.9130551552866587, 
        0.020166844575291724
      ], 
      "visibility": 0.7696371961958436
    }, 
    {
      "bounding_box": {
        "bottom_right": [
          372, 
          484
        ], 
        "top_left": [
          328, 
          429
        ]
      }, 
      "class": "061_foam_brick", 
      "cuboid": [
        [
          -0.669047268012507, 
          12.064087848532226, 
          79.69932115907027
        ], 
        [
          -8.285781610165284, 
          12.465749416126522, 
          81.27018751422322
        ], 
        [
          -7.778740197379787, 
          8.693183118388234, 
          84.6933269920156
        ], 
        [
          -0.16200585522700983, 
          8.291521550793938, 
          83.12246063686264
        ], 
        [
          0.2935465245897259, 
          15.606622763938763, 
          83.46088944964673
        ], 
        [
          -7.323187817563051, 
          16.00828433153306, 
          85.03175580479969
        ], 
        [
          -6.8161464047775535, 
          12.23571803379477, 
          88.45489528259206
        ], 
        [
          0.8005879373752232, 
          11.834056466200476, 
          86.8840289274391
        ]
      ], 
      "cuboid_centroid": [
        -3.7425968363950304, 
        12.149902941163498, 
        84.07710822083116
      ], 
      "location": [
        -3.7425968363950304, 
        12.149902941163498, 
        84.07710822083116
      ], 
      "pose_transform_permuted": [
        [
          -0.18314189210755202, 
          -0.6739982661956707, 
          -0.7156712824478118, 
          0.0
        ], 
        [
          0.9780844143433227, 
          -0.051578393240068104, 
          -0.20171898217434187, 
          0.0
        ], 
        [
          -0.0990450694075447, 
          0.7369301232247212, 
          -0.668673363990261, 
          0.0
        ], 
        [
          -3.7425968363950304, 
          12.149902941163498, 
          84.07710822083116, 
          1.0
        ]
      ], 
      "projected_cuboid": [
        [
          477.08273270484364, 
          354.01513402402594
        ], 
        [
          426.77013507668596, 
          355.0905609063366
        ], 
        [
          432.20561489596287, 
          328.02809746186904
        ], 
        [
          480.5489658783298, 
          326.4855263588671
        ], 
        [
          483.48847908100674, 
          373.0136988355586
        ], 
        [
          435.2832318032759, 
          373.69057464013116
        ], 
        [
          440.1581157860319, 
          347.05914288629145
        ], 
        [
          486.55226503226174, 
          345.9274380374021
        ]
      ], 
      "projected_cuboid_centroid": [
        457.65911555138115, 
        350.3560436919771
      ], 
      "quaternion_xyzw": [
        0.926105531245745, 
        0.012813517079318996, 
        -0.10389228368072712, 
        0.36245103416557856
      ], 
      "visibility": 0.532730404823428
    }
  ]
}