{
  "camera_data": {
    "location_worldframe": [
      -16.49047927738769, 
      -0.06084515903964638, 
      90.21613341498778
    ], 
    "quaternion_xyzw_worldframe": [
      0.8811908361866498, 
      0.03421098366962399, 
      -0.002599091616000615, 
      -0.47151705782109904
    ]
  }, 
  "objects": [
    {
      "bounding_box": {
        "bottom_right": [
          325, 
          571
        ], 
        "top_left": [
          230, 
          414
        ]
      }, 
      "class": "003_cracker_box", 
      "cuboid": [
        [
          -8.709684140419043, 
          9.256537033034919, 
          83.53454674740571
        ], 
        [
          -9.088146255099243, 
          0.4926635647421832, 
          69.6734716106545
        ], 
        [
          12.23814519145727, 
          -0.3683854030664615, 
          69.63559077167984
        ], 
        [
          12.616607306137473, 
          8.395488065226274, 
          83.49666590843105
        ], 
        [
          -8.947635874271343, 
          3.1940775571437707, 
          87.37412505894943
        ], 
        [
          -9.326097988951544, 
          -5.569795911148965, 
          73.51304992219822
        ], 
        [
          12.00019345760497, 
          -6.43084487895761, 
          73.47516908322356
        ], 
        [
          12.37865557228517, 
          2.333028589335126, 
          87.33624421997477
        ]
      ], 
      "cuboid_centroid": [
        1.6452546585929637, 
        1.4128460770386546, 
        78.50485791531464
      ], 
      "location": [
        1.6452546585929637, 
        1.4128460770386546, 
        78.50485791531464
      ], 
      "pose_transform_permuted": [
        [
          0.03314091079962611, 
          0.8443537076370569, 
          -0.5347602233066016, 
          0.0
        ], 
        [
          0.02307189267582538, 
          0.5342652282536163, 
          0.8450019844044545, 
          0.0
        ], 
        [
          -0.9991843512584282, 
          0.04034206587008532, 
          0.00177480185014256, 
          0.0
        ], 
        [
          1.6452546585929637, 
          1.4128460770386546, 
          78.50485791531464, 
          1.0
        ]
      ], 
      "projected_cuboid": [
        [
          425.52739590369447, 
          332.38415285201296
        ], 
        [
          411.4516043874953, 
          277.05765948461203
        ], 
        [
          576.1067021335647, 
          270.46517684365284
        ], 
        [
          562.8548937523275, 
          326.9111725312166
        ], 
        [
          426.5267995677477, 
          292.78274592907354
        ], 
        [
          413.3746251940104, 
          232.87900167562168
        ], 
        [
          569.4263634046508, 
          226.60824444257688
        ], 
        [
          557.817378508568, 
          287.5331986422334
        ]
      ], 
      "projected_cuboid_centroid": [
        492.8671838403815, 
        282.884650772163
      ], 
      "quaternion_xyzw": [
        0.6320945700313586, 
        0.6064953142359575, 
        0.34731468076071104, 
        -0.33465265705621494
      ], 
      "visibility": 0.9842388146426496
    }, 
    {
      "bounding_box": {
        "bottom_right": [
          350, 
          445
        ], 
        "top_left": [
          298, 
          381
        ]
      }, 
      "class": "005_tomato_soup_can", 
      "cuboid": [
        [
          -17.489451312124725, 
          11.416809713406616, 
          92.30160472903663
        ], 
        [
          -11.881092125660258, 
          9.265841580304137, 
          89.18759814211651
        ], 
        [
          -6.209074637570889, 
          13.251044558245507, 
          96.65022422429197
        ], 
        [
          -11.817433824035357, 
          15.402012691347986, 
          99.76423081121207
        ], 
        [
          -17.847301486305554, 
          5.56887240186384, 
          95.69651549581843
        ], 
        [
          -12.238942299841085, 
          3.4179042687613603, 
          92.58250890889833
        ], 
        [
          -6.566924811751715, 
          7.40310724670273, 
          100.04513499107377
        ], 
        [
          -12.175283998216182, 
          9.554075379805209, 
          103.15914157799388
        ]
      ], 
      "cuboid_centroid": [
        -12.02818806193822, 
        9.409958480054673, 
        96.1733698600552
      ], 
      "location": [
        -12.02818806193822, 
        9.409958480054673, 
        96.1733698600552
      ], 
      "pose_transform_permuted": [
        [
          0.05284729531727009, 
          0.8636230813843838, 
          -0.5013602474236584, 
          0.0
        ], 
        [
          -0.8289154546368539, 
          0.3179130773690725, 
          0.4602501551556773, 
          0.0
        ], 
        [
          -0.5568717694139782, 
          -0.3912623750650005, 
          -0.7326715405201984, 
          0.0
        ], 
        [
          -12.02818806193822, 
          9.409958480054673, 
          96.1733698600552, 
          1.0
        ]
      ], 
      "projected_cuboid": [
        [
          379.70070842125705, 
          339.25297719311294
        ], 
        [
          409.959039035774, 
          328.69395865738346
        ], 
        [
          447.04963840269545, 
          346.4063017182021
        ], 
        [
          417.89697698051964, 
          355.62261095823646
        ], 
        [
          381.30463416240565, 
          304.32203277147386
        ], 
        [
          410.507369090254, 
          292.97530318576094
        ], 
        [
          446.2984424251004, 
          312.75094643403077
        ], 
        [
          418.12785502772823, 
          322.6798871427506
        ]
      ], 
      "projected_cuboid_centroid": [
        414.3401273072197, 
        325.46850001045783
      ], 
      "quaternion_xyzw": [
        0.2651331602158497, 
        0.824854241233794, 
        0.4838111214403435, 
        -0.1234772276945031
      ], 
      "visibility": 0.7346938775510204
    }, 
    {
      "bounding_box": {
        "bottom_right": [
          356, 
          548
        ], 
        "top_left": [
          294, 
          485
        ]
      }, 
      "class": "010_potted_meat_can", 
      "cuboid": [
        [
          11.535571676708905, 
          11.771785036697237, 
          87.3670799170544
        ], 
        [
          1.8526159227170464, 
          9.768148887639427, 
          85.0119084316113
        ], 
        [
          2.1604112580181094, 
          2.827289519630407, 
          89.65131078078184
        ], 
        [
          11.843367012009969, 
          4.830925668688216, 
          92.00648226622494
        ], 
        [
          9.796220459290891, 
          14.769774996029245, 
          91.96767052748379
        ], 
        [
          0.1132647052990321, 
          12.766138846971437, 
          89.61249904204071
        ], 
        [
          0.421060040600095, 
          5.825279478962416, 
          94.25190139121123
        ], 
        [
          10.104015794591954, 
          7.828915628020225, 
          96.60707287665433
        ]
      ], 
      "cuboid_centroid": [
        5.978315858654501, 
        8.798532257829827, 
        90.80949065413282
      ], 
      "location": [
        5.978315858654501, 
        8.798532257829827, 
        90.80949065413282
      ], 
      "pose_transform_permuted": [
        [
          0.30196546089201126, 
          -0.5204753420434386, 
          -0.7986997968794388, 
          0.0
        ], 
        [
          0.9526061938307943, 
          0.19711710496961485, 
          0.23170104269472097, 
          0.0
        ], 
        [
          -0.03684274589778898, 
          0.8308128443782866, 
          -0.5553310991568655, 
          0.0
        ], 
        [
          5.978315858654501, 
          8.798532257829827, 
          90.80949065413282, 
          1.0
        ]
      ], 
      "projected_cuboid": [
        [
          552.6011060879321, 
          345.14568097799753
        ], 
        [
          493.3162529340146, 
          334.5667184787407
        ], 
        [
          494.55607024684747, 
          290.10557671027743
        ], 
        [
          550.8197637767012, 
          301.2892091030262
        ], 
        [
          538.8786643024864, 
          358.9363125080167
        ], 
        [
          482.2767698622197, 
          349.26290200826224
        ], 
        [
          483.99947092739126, 
          306.2485851944728
        ], 
        [
          537.8411511253657, 
          316.50608594091807
        ]
      ], 
      "projected_cuboid_centroid": [
        517.0000113903875, 
        324.9598765549968
      ], 
      "quaternion_xyzw": [
        0.9463243147949492, 
        0.06180752391374902, 
        0.14098404089468206, 
        0.2842065939712781
      ], 
      "visibility": 0.5117773019271948
    }, 
    {
      "bounding_box": {
        "bottom_right": [
          265, 
          485
        ], 
        "top_left": [
          225, 
          340
        ]
      }, 
      "class": "037_scissors", 
      "cuboid": [
        [
          -19.55112076599521, 
          -2.1945787859951986, 
          81.27935755046268
        ], 
        [
          0.6949237619684051, 
          -1.8990167389925021, 
          80.59411800786658
        ], 
        [
          0.5194004844702726, 
          -6.7548601404316555, 
          73.31366942588143
        ], 
        [
          -19.726644043493344, 
          -7.050422187434352, 
          73.99890896847751
        ], 
        [
          -19.599490348753097, 
          -0.8922704537597927, 
          80.4119228101628
        ], 
        [
          0.6465541792105178, 
          -0.5967084067570967, 
          79.72668326756673
        ], 
        [
          0.4710309017123854, 
          -5.452551808196249, 
          72.44623468558154
        ], 
        [
          -19.77501362625123, 
          -5.7481138551989455, 
          73.13147422817764
        ]
      ], 
      "cuboid_centroid": [
        -9.540044932141413, 
        -3.823565297095724, 
        76.86279611802212
      ], 
      "location": [
        -9.540044932141413, 
        -3.823565297095724, 
        76.86279611802212
      ], 
      "pose_transform_permuted": [
        [
          0.030897209907146277, 
          -0.8318801116460339, 
          0.5540943651705603, 
          0.0
        ], 
        [
          -0.9993210481179092, 
          -0.014588596512600752, 
          0.033822621350711866, 
          0.0
        ], 
        [
          0.020052927258815793, 
          0.5547633105831001, 
          0.8317660649178048, 
          0.0
        ], 
        [
          -9.540044932141413, 
          -3.823565297095724, 
          76.86279611802212, 
          1.0
        ]
      ], 
      "projected_cuboid": [
        [
          352.2420942003178, 
          258.886672152568
        ], 
        [
          486.233945889325, 
          260.7200772928816
        ], 
        [
          485.40693013037907, 
          224.1483728522646
        ], 
        [
          338.2398290178739, 
          222.47324526404074
        ], 
        [
          350.52321451926224, 
          267.3686928429907
        ], 
        [
          485.95813818907175, 
          269.29494739063654
        ], 
        [
          485.09350300115034, 
          233.14707910980607
        ], 
        [
          336.1837447794242, 
          231.3677647360053
        ]
      ], 
      "projected_cuboid_centroid": [
        414.85095587584675, 
        246.75637835331557
      ], 
      "quaternion_xyzw": [
        0.018355000005804187, 
        -0.4718217737438512, 
        0.8815013788803127, 
        0.0015497226882264952
      ], 
      "visibility": 0.8033080017881091
    }, 
    {
      "bounding_box": {
        "bottom_right": [
          339, 
          483
        ], 
        "top_left": [
          301, 
          436
        ]
      }, 
      "class": "061_foam_brick", 
      "cuboid": [
        [
          -0.22072388794640296, 
          8.888481738456697, 
          90.17167655680015
        ], 
        [
          -7.947151651170745, 
          9.16842230668432, 
          91.10309614941127
        ], 
        [
          -7.758538815540499, 
          4.915243749468113, 
          93.9460046439293
        ], 
        [
          -0.03211105231615691, 
          4.63530318124049, 
          93.01458505131818
        ], 
        [
          0.40649112068898013, 
          11.807612624910774, 
          94.4972762426002
        ], 
        [
          -7.319936642535361, 
          12.087553193138396, 
          95.42869583521131
        ], 
        [
          -7.131323806905115, 
          7.834374635922188, 
          98.27160432972933
        ], 
        [
          0.5951039563192262, 
          7.554434067694565, 
          97.34018473711822
        ]
      ], 
      "cuboid_centroid": [
        -3.676023847425759, 
        8.361428187189443, 
        94.22164044326475
      ], 
      "location": [
        -3.676023847425759, 
        8.361428187189443, 
        94.22164044326475
      ], 
      "pose_transform_permuted": [
        [
          -0.11933314376483345, 
          -0.5553901946630471, 
          -0.8229831908801934, 
          0.0
        ], 
        [
          0.9921704282026131, 
          -0.03594788716872371, 
          -0.11960598149067819, 
          0.0
        ], 
        [
          -0.036843482455454934, 
          0.8308125426835153, 
          -0.5553315016459156, 
          0.0
        ], 
        [
          -3.676023847425759, 
          8.361428187189443, 
          94.22164044326475, 
          1.0
        ]
      ], 
      "projected_cuboid": [
        [
          480.2807204587886, 
          325.8573845797241
        ], 
        [
          434.686564604268, 
          326.9586893089674
        ], 
        [
          437.1857817762849, 
          301.18975491531586
        ], 
        [
          481.4114189939836, 
          299.86406836688127
        ], 
        [
          483.9103241262238, 
          339.9258242524709
        ], 
        [
          440.3474375935024, 
          340.83989574350346
        ], 
        [
          442.5728833428891, 
          315.8036561635855
        ], 
        [
          484.88477084858806, 
          314.6767165490791
        ]
      ], 
      "projected_cuboid_centroid": [
        460.61639689282987, 
        320.6144487939465
      ], 
      "quaternion_xyzw": [
        0.9547206609483113, 
        0.0002345176247263881, 
        -0.06256781041539852, 
        0.29084991603871274
      ], 
      "visibility": 0.35397727272727275
    }
  ]
}