{
  "camera_data": {
    "location_worldframe": [
      -12.745141167841048, 
      -0.6664695902946299, 
      94.34315326924262
    ], 
    "quaternion_xyzw_worldframe": [
      0.9479951429972325, 
      -0.017220463988903978, 
      0.12581326835354703, 
      -0.291859442544827
    ]
  }, 
  "objects": [
    {
      "bounding_box": {
        "bottom_right": [
          291, 
          591
        ], 
        "top_left": [
          167, 
          452
        ]
      }, 
      "class": "003_cracker_box", 
      "cuboid": [
        [
          -2.036111409616466, 
          3.891897225683072, 
          86.82412312881058
        ], 
        [
          -2.531256791850604, 
          -9.283863182525428, 
          77.06542012056744
        ], 
        [
          17.70843897340848, 
          -13.791292498104447, 
          82.12420885317998
        ], 
        [
          18.203584355642622, 
          -0.6155320898959454, 
          91.88291186142312
        ], 
        [
          -4.305076955314001, 
          -0.10726225180739679, 
          92.338732485871
        ], 
        [
          -4.800222337548139, 
          -13.283022660015897, 
          82.58002947762786
        ], 
        [
          15.439473427710947, 
          -17.790451975594916, 
          87.6388182102404
        ], 
        [
          15.934618809945084, 
          -4.614691567386414, 
          97.39752121848355
        ]
      ], 
      "cuboid_centroid": [
        6.70168100904724, 
        -6.949277374955922, 
        87.23147066952549
      ], 
      "location": [
        6.70168100904724, 
        -6.949277374955922, 
        87.23147066952549
      ], 
      "pose_transform_permuted": [
        [
          0.3160119219978519, 
          0.556986012967055, 
          -0.7680514608503045, 
          0.0
        ], 
        [
          0.03018516431291879, 
          0.8032236735701971, 
          0.5949122507326596, 
          0.0
        ], 
        [
          -0.9482749184759794, 
          0.21118312332063938, 
          -0.23701554255768487, 
          0.0
        ], 
        [
          6.70168100904724, 
          -6.949277374955922, 
          87.23147066952549, 
          1.0
        ]
      ], 
      "projected_cuboid": [
        [
          468.98597195213597, 
          297.1926245775173
        ], 
        [
          463.93390941443874, 
          209.03896708678195
        ], 
        [
          597.555096897468, 
          183.72504972856427
        ], 
        [
          588.1373654945575, 
          269.71378096969767
        ], 
        [
          456.52508232483996, 
          272.667024827162
        ], 
        [
          450.33785465894624, 
          187.50192209907186
        ], 
        [
          576.3358325205535, 
          165.02405081177258
        ], 
        [
          569.5773844914308, 
          248.01787249187797
        ]
      ], 
      "projected_cuboid_centroid": [
        522.9115497455693, 
        230.79974182282226
      ], 
      "quaternion_xyzw": [
        0.7087700170866186, 
        0.617795106248169, 
        0.3213045666332086, 
        -0.11286117594413794
      ], 
      "visibility": 0.9683748169838946
    }, 
    {
      "bounding_box": {
        "bottom_right": [
          352, 
          472
        ], 
        "top_left": [
          295, 
          411
        ]
      }, 
      "class": "005_tomato_soup_can", 
      "cuboid": [
        [
          -11.197030765068538, 
          10.723554996044259, 
          92.1173063534044
        ], 
        [
          -5.89474874684805, 
          6.607416761790813, 
          91.26842171272753
        ], 
        [
          -0.5652942172776496, 
          12.08382683125668, 
          98.00268190752577
        ], 
        [
          -5.86757623549814, 
          16.199965065510124, 
          98.85156654820264
        ], 
        [
          -13.463886437236294, 
          6.770509871633084, 
          97.12596348553437
        ], 
        [
          -8.161604419015806, 
          2.6543716373796378, 
          96.2770788448575
        ], 
        [
          -2.832149889445406, 
          8.130781706845504, 
          103.01133903965574
        ], 
        [
          -8.134431907665896, 
          12.24691994109895, 
          103.86022368033261
        ]
      ], 
      "cuboid_centroid": [
        -7.014590327256973, 
        9.42716835144488, 
        97.56432269653007
      ], 
      "location": [
        -7.014590327256973, 
        9.42716835144488, 
        97.56432269653007
      ], 
      "pose_transform_permuted": [
        [
          0.33476912907171924, 
          0.5837855006511422, 
          -0.7396782276564441, 
          0.0
        ], 
        [
          -0.7836772509780654, 
          0.6083652067130221, 
          0.12546514487858565, 
          0.0
        ], 
        [
          -0.5232393553308536, 
          -0.5376672712705735, 
          -0.6611614647250763, 
          0.0
        ], 
        [
          -7.014590327256973, 
          9.42716835144488, 
          97.56432269653007, 
          1.0
        ]
      ], 
      "projected_cuboid": [
        [
          416.23084759758024, 
          335.37130909558556
        ], 
        [
          446.8645328084265, 
          311.8964392715866
        ], 
        [
          478.4951653291118, 
          339.0453658351374
        ], 
        [
          449.6767720259175, 
          360.6878702801197
        ], 
        [
          407.0506408786206, 
          310.4634716561603
        ], 
        [
          436.00971605423206, 
          287.9902285401173
        ], 
        [
          466.81201420343547, 
          315.38195341022697
        ], 
        [
          439.4788776543057, 
          336.1741575789089
        ]
      ], 
      "projected_cuboid_centroid": [
        442.9334042199631, 
        324.81862836774627
      ], 
      "quaternion_xyzw": [
        0.3233935958239246, 
        0.8747889388168272, 
        0.3557849528424647, 
        0.059815566620052996
      ], 
      "visibility": 0.9663023679417122
    }, 
    {
      "bounding_box": {
        "bottom_right": [
          320, 
          577
        ], 
        "top_left": [
          269, 
          510
        ]
      }, 
      "class": "010_potted_meat_can", 
      "cuboid": [
        [
          17.431564520990744, 
          4.113674667341242, 
          94.02457906143545
        ], 
        [
          8.000399235846379, 
          3.0816114399375287, 
          90.37643027933399
        ], 
        [
          5.923586904347487, 
          -1.5051362441201033, 
          97.04298239530267
        ], 
        [
          15.354752189491853, 
          -0.47307301671639035, 
          100.69113117740413
        ], 
        [
          15.829851491873503, 
          8.892329409905772, 
          96.8134309116207
        ], 
        [
          6.3986862067291375, 
          7.86026618250206, 
          93.16528212951924
        ], 
        [
          4.321873875230245, 
          3.2735184984444263, 
          99.83183424548794
        ], 
        [
          13.75303916037461, 
          4.30558172584814, 
          103.47998302758938
        ]
      ], 
      "cuboid_centroid": [
        10.876719198110495, 
        3.6935965828928343, 
        96.92820665346169
      ], 
      "location": [
        10.876719198110495, 
        3.6935965828928343, 
        96.92820665346169
      ], 
      "pose_transform_permuted": [
        [
          0.2780703564700987, 
          -0.8296131726198136, 
          -0.48416727218028066, 
          0.0
        ], 
        [
          0.9278351253403905, 
          0.10153406127508813, 
          0.35890374944793285, 
          0.0
        ], 
        [
          0.2485920357823697, 
          0.5490283965990431, 
          -0.797978583342598, 
          0.0
        ], 
        [
          10.876719198110495, 
          3.6935965828928343, 
          96.92820665346169, 
          1.0
        ]
      ], 
      "projected_cuboid": [
        [
          581.2951296365347, 
          296.61983317709513
        ], 
        [
          529.2015919285192, 
          291.4714090099022
        ], 
        [
          514.422646139393, 
          265.01475351524834
        ], 
        [
          563.6026353796946, 
          270.78086443169445
        ], 
        [
          569.5262382356887, 
          322.2720286272607
        ], 
        [
          518.5312480751031, 
          318.2822036226174
        ], 
        [
          504.87770175951187, 
          290.7742615546633
        ], 
        [
          553.0687622835907, 
          295.4768300954803
        ]
      ], 
      "projected_cuboid_centroid": [
        541.9418172382133, 
        293.609490999987
      ], 
      "quaternion_xyzw": [
        0.8603822978943306, 
        -0.04273041613803135, 
        0.1850846151405427, 
        0.4729269070114886
      ], 
      "visibility": 0.7832957110609481
    }, 
    {
      "bounding_box": {
        "bottom_right": [
          239, 
          510
        ], 
        "top_left": [
          188, 
          383
        ]
      }, 
      "class": "037_scissors", 
      "cuboid": [
        [
          -14.904108494362395, 
          -5.478288199828074, 
          86.22086026639813
        ], 
        [
          4.67699018249944, 
          -8.994387037592231, 
          90.0518983440899
        ], 
        [
          4.377382699750023, 
          -16.148337663646966, 
          85.017399271548
        ], 
        [
          -15.203715977111813, 
          -12.63223882588281, 
          81.18636119385621
        ], 
        [
          -14.50588754286353, 
          -4.618149998572384, 
          84.97491805828693
        ], 
        [
          5.075211133998305, 
          -8.13424883633654, 
          88.80595613597872
        ], 
        [
          4.775603651248888, 
          -15.288199462391278, 
          83.7714570634368
        ], 
        [
          -14.805495025612947, 
          -11.77210062462712, 
          79.94041898574503
        ]
      ], 
      "cuboid_centroid": [
        -5.064252421556754, 
        -10.383243831109676, 
        84.99615866491746
      ], 
      "location": [
        -5.064252421556754, 
        -10.383243831109676, 
        84.99615866491746
      ], 
      "pose_transform_permuted": [
        [
          -0.2543730093656381, 
          -0.549433529050218, 
          0.7958749226528767, 
          0.0
        ], 
        [
          -0.9665000996137758, 
          0.17355052099127513, 
          -0.18909555305436443, 
          0.0
        ], 
        [
          0.03422911845886015, 
          0.8173141110526603, 
          0.5751741029752184, 
          0.0
        ], 
        [
          -5.064252421556754, 
          -10.383243831109676, 
          84.99615866491746, 
          1.0
        ]
      ], 
      "projected_cuboid": [
        [
          388.6393644239979, 
          239.40055760271315
        ], 
        [
          509.5267083318959, 
          220.01855769478254
        ], 
        [
          509.2855061648268, 
          171.9869830023961
        ], 
        [
          380.8903584028135, 
          190.3043689807633
        ], 
        [
          389.7965173025178, 
          244.3021048270422
        ], 
        [
          512.3299844415891, 
          224.4367266899174
        ], 
        [
          512.253666203938, 
          175.9562962674166
        ], 
        [
          381.99961150012655, 
          194.74939897426472
        ]
      ], 
      "projected_cuboid_centroid": [
        449.5559419296304, 
        208.1355081119238
      ], 
      "quaternion_xyzw": [
        -0.11719529746325101, 
        -0.29719970508267674, 
        0.946003320993023, 
        0.05490985994426222
      ], 
      "visibility": 0.8022284122562674
    }, 
    {
      "bounding_box": {
        "bottom_right": [
          330, 
          512
        ], 
        "top_left": [
          284, 
          463
        ]
      }, 
      "class": "061_foam_brick", 
      "cuboid": [
        [
          5.04850519226643, 
          4.6108525421119015, 
          94.91993415009286
        ], 
        [
          -2.425306616971221, 
          6.564684391578375, 
          93.93592535761508
        ], 
        [
          -3.6979220385393954, 
          3.7540421438247296, 
          98.02101672666181
        ], 
        [
          3.775889770698257, 
          1.8002102943582565, 
          99.0050255191396
        ], 
        [
          5.736175576969224, 
          8.801234523532983, 
          98.01724665174414
        ], 
        [
          -1.7376362322684284, 
          10.755066372999455, 
          97.03323785926636
        ], 
        [
          -3.010251653836602, 
          7.944424125245811, 
          101.1183292283131
        ], 
        [
          4.46356015540105, 
          5.990592275779337, 
          102.10233802079087
        ]
      ], 
      "cuboid_centroid": [
        1.019126769214914, 
        6.277638333678856, 
        98.01913168920298
      ], 
      "location": [
        1.019126769214914, 
        6.277638333678856, 
        98.01913168920298
      ], 
      "pose_transform_permuted": [
        [
          -0.13083530806939206, 
          -0.7972568394153068, 
          -0.5892908061118066, 
          0.0
        ], 
        [
          0.9597313649099031, 
          -0.2508965646385695, 
          0.12635909567869769, 
          0.0
        ], 
        [
          0.24859169207872045, 
          0.5490286384680492, 
          -0.7979785240038472, 
          0.0
        ], 
        [
          1.019126769214914, 
          6.277638333678856, 
          98.01913168920298, 
          1.0
        ]
      ], 
      "projected_cuboid": [
        [
          510.19911630536546, 
          299.19319265667275
        ], 
        [
          467.7126832811093, 
          310.5574194896343
        ], 
        [
          461.30948712453346, 
          293.71179226067335
        ], 
        [
          502.10650934712675, 
          282.98389827979656
        ], 
        [
          513.06815129962, 
          321.1747503912314
        ], 
        [
          471.9669850023366, 
          332.3991435336194
        ], 
        [
          465.58805238217695, 
          315.1871211432124
        ], 
        [
          505.1062471525888, 
          304.5776938687407
        ]
      ], 
      "projected_cuboid_centroid": [
        487.1883215183148, 
        307.4430072514605
      ], 
      "quaternion_xyzw": [
        0.8800640331092049, 
        -0.14188974833815013, 
        -0.0012715587225171068, 
        0.4531588905477988
      ], 
      "visibility": 0.9211150652431791
    }
  ]
}