{
  "camera_data": {
    "location_worldframe": [
      -18.99757539203972, 
      -5.037449791965616, 
      96.03176827400911
    ], 
    "quaternion_xyzw_worldframe": [
      0.9541737862844871, 
      0.002648686955832972, 
      0.028735842524819012, 
      -0.297858387321576
    ]
  }, 
  "objects": [
    {
      "bounding_box": {
        "bottom_right": [
          270, 
          545
        ], 
        "top_left": [
          153, 
          405
        ]
      }, 
      "class": "003_cracker_box", 
      "cuboid": [
        [
          -10.235675533770673, 
          0.5120570955440745, 
          86.84329570695321
        ], 
        [
          -11.15925872673538, 
          -12.672372767316364, 
          77.12753948501437
        ], 
        [
          9.986183315810864, 
          -15.202098847693984, 
          78.55032335123246
        ], 
        [
          10.909766508775572, 
          -2.0176689848335454, 
          88.2660795731713
        ], 
        [
          -11.12441062493726, 
          -3.674163916770635, 
          92.60854514723995
        ], 
        [
          -12.047993817901968, 
          -16.85859377963107, 
          82.89278892530112
        ], 
        [
          9.097448224644276, 
          -19.388319860008693, 
          84.3155727915192
        ], 
        [
          10.021031417608985, 
          -6.203889997148256, 
          94.03132901345805
        ]
      ], 
      "cuboid_centroid": [
        -0.5691136545631983, 
        -9.43813138223231, 
        85.57943424923621
      ], 
      "location": [
        -0.5691136545631983, 
        -9.43813138223231, 
        85.57943424923621
      ], 
      "pose_transform_permuted": [
        [
          0.1237792635675079, 
          0.5830391521448486, 
          -0.8029595512707358, 
          0.0
        ], 
        [
          0.05630368662734914, 
          0.8037521828173022, 
          0.59229411907311, 
          0.0
        ], 
        [
          -0.9907111530526215, 
          0.1185233128234198, 
          -0.06666059956606384, 
          0.0
        ], 
        [
          -0.5691136545631983, 
          -9.43813138223231, 
          85.57943424923621, 
          1.0
        ]
      ], 
      "projected_cuboid": [
        [
          418.2141912994515, 
          276.4311684855207
        ], 
        [
          403.7902591274986, 
          185.65993136101184
        ], 
        [
          549.9635612363627, 
          170.07146928558515
        ], 
        [
          548.0651834746011, 
          261.09541782324663
        ], 
        [
          416.9992747663059, 
          252.12754487254747
        ], 
        [
          403.4361380258994, 
          164.8209123947903
        ], 
        [
          539.6205177744725, 
          150.64999144813905
        ], 
        [
          538.9072249345793, 
          238.0997969023509
        ]
      ], 
      "projected_cuboid_centroid": [
        478.02087293422136, 
        214.46936608909408
      ], 
      "quaternion_xyzw": [
        0.7031689965295513, 
        0.6379914873687516, 
        0.2545879390924356, 
        -0.18358977540510898
      ], 
      "visibility": 0.9888072752710738
    }, 
    {
      "bounding_box": {
        "bottom_right": [
          332, 
          436
        ], 
        "top_left": [
          273, 
          374
        ]
      }, 
      "class": "005_tomato_soup_can", 
      "cuboid": [
        [
          -18.948279863302602, 
          6.443532682293054, 
          93.73660950622515
        ], 
        [
          -13.506355109881351, 
          2.8541748627495993, 
          91.92570942096704
        ], 
        [
          -7.635895843409987, 
          8.832719937494709, 
          97.71700633900629
        ], 
        [
          -13.077820596831236, 
          12.422077757038164, 
          99.5279064242644
        ], 
        [
          -19.92698347098112, 
          2.302265525621003, 
          99.00385662846016
        ], 
        [
          -14.485058717559873, 
          -1.2870922939224532, 
          97.19295654320204
        ], 
        [
          -8.614599451088507, 
          4.691452780822656, 
          102.9842534612413
        ], 
        [
          -14.056524204509756, 
          8.280810600366111, 
          104.79515354649939
        ]
      ], 
      "cuboid_centroid": [
        -13.781439657195554, 
        5.567492731557856, 
        98.36043148373322
      ], 
      "location": [
        -13.781439657195554, 
        5.567492731557856, 
        98.36043148373322
      ], 
      "pose_transform_permuted": [
        [
          0.14453489844308054, 
          0.6115821206943699, 
          -0.7778667840947743, 
          0.0
        ], 
        [
          -0.8043164464160169, 
          0.5305070645300154, 
          0.26765102190609374, 
          0.0
        ], 
        [
          -0.5763545415466965, 
          -0.5869662745726141, 
          -0.568582478584104, 
          0.0
        ], 
        [
          -13.781439657195554, 
          5.567492731557856, 
          98.36043148373322, 
          1.0
        ]
      ], 
      "projected_cuboid": [
        [
          372.89137595197445, 
          309.9473707379472
        ], 
        [
          402.5850948085428, 
          289.8454240393979
        ], 
        [
          439.57459848297475, 
          321.4937302790544
        ], 
        [
          410.935667684481, 
          339.85015385076315
        ], 
        [
          373.3587129495646, 
          285.6885123315994
        ], 
        [
          401.45192637734925, 
          266.22397346944416
        ], 
        [
          436.613283169018, 
          297.5819380784716
        ], 
        [
          409.46498401426203, 
          315.42893014603914
        ]
      ], 
      "projected_cuboid_centroid": [
        406.2500799800215, 
        303.4740113191653
      ], 
      "quaternion_xyzw": [
        0.3108794134096049, 
        0.8901052613432027, 
        0.33146770683547033, 
        -0.03457909103840884
      ], 
      "visibility": 0.8932384341637011
    }, 
    {
      "bounding_box": {
        "bottom_right": [
          311, 
          537
        ], 
        "top_left": [
          255, 
          477
        ]
      }, 
      "class": "010_potted_meat_can", 
      "cuboid": [
        [
          10.074461144052952, 
          2.620241388993889, 
          90.57684482485092
        ], 
        [
          0.29535206301030614, 
          0.6782077831264196, 
          88.59731110900515
        ], 
        [
          -0.14959875718456236, 
          -4.071792767139241, 
          95.45543289506908
        ], 
        [
          9.629510323858081, 
          -2.1297591612717723, 
          97.43496661091484
        ], 
        [
          8.533249725071942, 
          7.229132572817219, 
          93.66901393992828
        ], 
        [
          -1.2458593559707027, 
          5.287098966949749, 
          91.68948022408252
        ], 
        [
          -1.6908101761655712, 
          0.537098416684088, 
          98.54760201014643
        ], 
        [
          8.088298904877073, 
          2.479132022551558, 
          100.52713572599221
        ]
      ], 
      "cuboid_centroid": [
        4.19182548394369, 
        1.5786699028389886, 
        94.56222341749869
      ], 
      "location": [
        4.19182548394369, 
        1.5786699028389886, 
        94.56222341749869
      ], 
      "pose_transform_permuted": [
        [
          0.26756678685946184, 
          -0.800140843659104, 
          -0.5368256063754943, 
          0.0
        ], 
        [
          0.9620657284226213, 
          0.19105666581345596, 
          0.19474591504088656, 
          0.0
        ], 
        [
          0.053260098920659985, 
          0.5685695760028994, 
          -0.8209092514443027, 
          0.0
        ], 
        [
          4.19182548394369, 
          1.5786699028389886, 
          94.56222341749869, 
          1.0
        ]
      ], 
      "projected_cuboid": [
        [
          541.4101782218795, 
          288.71460956074696
        ], 
        [
          483.38978392382154, 
          277.36907149935877
        ], 
        [
          480.75427969211046, 
          250.5370018317526
        ], 
        [
          534.7443563912027, 
          261.6290980740545
        ], 
        [
          530.587385805679, 
          314.4467659827292
        ], 
        [
          474.29003310868035, 
          304.0393943652544
        ], 
        [
          472.3704937778074, 
          276.19320539763834
        ], 
        [
          524.8649498196513, 
          286.4389037316869
        ]
      ], 
      "projected_cuboid_centroid": [
        505.43547765111487, 
        282.19004663551715
      ], 
      "quaternion_xyzw": [
        0.8757084147707236, 
        0.03933859849025021, 
        0.13198248814972, 
        0.46278249351064743
      ], 
      "visibility": 0.8412811387900356
    }, 
    {
      "bounding_box": {
        "bottom_right": [
          214, 
          467
        ], 
        "top_left": [
          163, 
          338
        ]
      }, 
      "class": "037_scissors", 
      "cuboid": [
        [
          -22.063709611896414, 
          -10.052878076616576, 
          88.33566077482489
        ], 
        [
          -1.870802181352975, 
          -11.661920022798641, 
          88.6772785430709
        ], 
        [
          -2.356662315047585, 
          -18.82294009894496, 
          83.66741961145522
        ], 
        [
          -22.549569745591025, 
          -17.213898152762898, 
          83.3258018432092
        ], 
        [
          -21.97094944534691, 
          -9.161273125304593, 
          87.05221782723326
        ], 
        [
          -1.7780420148034701, 
          -10.770315071486658, 
          87.39383559547926
        ], 
        [
          -2.26390214849808, 
          -17.93133514763298, 
          82.38397666386359
        ], 
        [
          -22.45680957904152, 
          -16.322293201450915, 
          82.04235889561757
        ]
      ], 
      "cuboid_centroid": [
        -12.163805880197248, 
        -13.992106612124777, 
        85.35981871934423
      ], 
      "location": [
        -12.163805880197248, 
        -13.992106612124777, 
        85.35981871934423
      ], 
      "pose_transform_permuted": [
        [
          -0.05925274053422768, 
          -0.5695336565715059, 
          0.8198294029964428, 
          0.0
        ], 
        [
          -0.9966982632171584, 
          0.07942042614316396, 
          -0.016861852978135524, 
          0.0
        ], 
        [
          0.05550783951741215, 
          0.818121771269966, 
          0.572359052113113, 
          0.0
        ], 
        [
          -12.163805880197248, 
          -13.992106612124777, 
          85.35981871934423, 
          1.0
        ]
      ], 
      "projected_cuboid": [
        [
          347.2790708573994, 
          212.59307966047302
        ], 
        [
          470.25199724746926, 
          203.14985327799852
        ], 
        [
          466.44985647765327, 
          153.30384203786002
        ], 
        [
          336.06774975196237, 
          163.11047265107527
        ], 
        [
          345.87179588164975, 
          217.16061165292805
        ], 
        [
          470.6561713765437, 
          207.5608502895188
        ], 
        [
          466.819376108342, 
          157.2065358512099
        ], 
        [
          334.3991543997505, 
          167.1828285833379
        ]
      ], 
      "projected_cuboid_centroid": [
        404.9654967773327, 
        185.8652597029528
      ], 
      "quaternion_xyzw": [
        -0.01996212046091868, 
        -0.29947738997653045, 
        0.9532378293851392, 
        0.03538683146566057
      ], 
      "visibility": 0.7705992509363296
    }, 
    {
      "bounding_box": {
        "bottom_right": [
          312, 
          474
        ], 
        "top_left": [
          269, 
          428
        ]
      }, 
      "class": "061_foam_brick", 
      "cuboid": [
        [
          -1.9565422031930408, 
          1.9269409733273042, 
          93.60381525060568
        ], 
        [
          -9.639170764842058, 
          3.1511521540185683, 
          93.9532727278023
        ], 
        [
          -9.911824305594239, 
          0.24047437825779583, 
          98.15575369527122
        ], 
        [
          -2.2291957439452204, 
          -0.9837368024334686, 
          97.8062962180746
        ], 
        [
          -1.1441500550369668, 
          6.171028693120495, 
          96.59601759426762
        ], 
        [
          -8.826778616685985, 
          7.39523987381176, 
          96.94547507146424
        ], 
        [
          -9.099432157438164, 
          4.484562098050987, 
          101.14795603893316
        ], 
        [
          -1.4168035957891463, 
          3.260350917359723, 
          100.79849856173655
        ]
      ], 
      "cuboid_centroid": [
        -5.527987180315602, 
        3.2057515356891457, 
        97.37588564476943
      ], 
      "location": [
        -5.527987180315602, 
        3.2057515356891457, 
        97.37588564476943
      ], 
      "pose_transform_permuted": [
        [
          -0.15456471492965754, 
          -0.8074748260864154, 
          -0.5692926788001296, 
          0.0
        ], 
        [
          0.9865460602652382, 
          -0.15720410111619273, 
          -0.04487473194780539, 
          0.0
        ], 
        [
          0.05325992746757524, 
          0.5685694995591686, 
          -0.8209093155137088, 
          0.0
        ], 
        [
          -5.527987180315602, 
          3.2057515356891457, 
          97.37588564476943, 
          1.0
        ]
      ], 
      "projected_cuboid": [
        [
          470.35652305466067, 
          284.26552803583553
        ], 
        [
          426.4249708024732, 
          291.1738462624243
        ], 
        [
          427.2933501516985, 
          274.593131740309
        ], 
        [
          469.3403810828498, 
          267.9224037517314
        ], 
        [
          475.22742007125, 
          307.3576159856646
        ], 
        [
          432.6342482038195, 
          313.9694707747868
        ], 
        [
          433.2189566026029, 
          296.93214469954904
        ], 
        [
          474.0383653094088, 
          290.53688413786114
        ]
      ], 
      "projected_cuboid_centroid": [
        451.06843692320746, 
        290.844171079644
      ], 
      "quaternion_xyzw": [
        0.8837997848246706, 
        -0.059533853763474295, 
        -0.056415335888837084, 
        0.46062020198476433
      ], 
      "visibility": 0.9619565217391305
    }
  ]
}