{
  "camera_data": {
    "location_worldframe": [
      -18.137315326911775, 
      6.141656812463668, 
      80.2682732942842
    ], 
    "quaternion_xyzw_worldframe": [
      0.9284120811689353, 
      0.026026013467889575, 
      -0.07919930862964394, 
      -0.3620796364636416
    ]
  }, 
  "objects": [
    {
      "bounding_box": {
        "bottom_right": [
          376, 
          554
        ], 
        "top_left": [
          251, 
          365
        ]
      }, 
      "class": "003_cracker_box", 
      "cuboid": [
        [
          -11.948744217384332, 
          13.837761396046789, 
          70.5487934221733
        ], 
        [
          -13.460576043451955, 
          1.9492466588852821, 
          59.34809266011655
        ], 
        [
          7.695305570999541, 
          1.9205954441956392, 
          56.52295560687375
        ], 
        [
          9.207137397067164, 
          13.809110181357148, 
          67.72365636893052
        ], 
        [
          -11.266542031393758, 
          8.890667621459015, 
          75.70759763417895
        ], 
        [
          -12.778373857461384, 
          -2.997847115702494, 
          64.50689687212218
        ], 
        [
          8.377507756990116, 
          -3.026498330392137, 
          61.6817598188794
        ], 
        [
          9.889339583057739, 
          8.86201640676937, 
          72.88246058093615
        ]
      ], 
      "cuboid_centroid": [
        -1.7856182301971084, 
        5.405631532827327, 
        66.11527662052636
      ], 
      "location": [
        -1.7856182301971084, 
        5.405631532827327, 
        66.11527662052636
      ], 
      "pose_transform_permuted": [
        [
          -0.09501423430373945, 
          0.689010291485269, 
          -0.7184964255353388, 
          0.0
        ], 
        [
          0.09216463228929417, 
          0.724750313046614, 
          0.6828196425805384, 
          0.0
        ], 
        [
          -0.991200270295894, 
          0.001342373353293902, 
          0.13236397621379872, 
          0.0
        ], 
        [
          -1.7856182301971084, 
          5.405631532827327, 
          66.11527662052636, 
          1.0
        ]
      ], 
      "projected_cuboid": [
        [
          390.51677720247096, 
          377.89426806122333
        ], 
        [
          359.6283059827161, 
          290.8030472577825
        ], 
        [
          554.8108350574189, 
          291.4082223615468
        ], 
        [
          554.7069315277628, 
          382.0324220749658
        ], 
        [
          401.56889361081267, 
          335.9165420782644
        ], 
        [
          375.06970536446494, 
          248.50142737029026
        ], 
        [
          554.6352289195174, 
          247.1184968494625
        ], 
        [
          554.5656673940841, 
          338.1346078523137
        ]
      ], 
      "projected_cuboid_centroid": [
        467.07332689944644, 
        316.8911223260045
      ], 
      "quaternion_xyzw": [
        0.6730533840598989, 
        0.6373753642659776, 
        0.21833535875383356, 
        -0.30509254063343694
      ], 
      "visibility": 0.9811537050623624
    }, 
    {
      "bounding_box": {
        "bottom_right": [
          415, 
          430
        ], 
        "top_left": [
          347, 
          354
        ]
      }, 
      "class": "005_tomato_soup_can", 
      "cuboid": [
        [
          -19.67558908782985, 
          17.734443606544527, 
          79.69878582108811
        ], 
        [
          -14.369457887605966, 
          15.104707684208234, 
          76.42665282223412
        ], 
        [
          -8.093336191056993, 
          21.003850973391277, 
          81.86308714141278
        ], 
        [
          -13.399467391280877, 
          23.63358689572757, 
          85.13522014026678
        ], 
        [
          -19.183667796656074, 
          12.882165365814693, 
          84.396152740878
        ], 
        [
          -13.877536596432188, 
          10.2524294434784, 
          81.12401974202399
        ], 
        [
          -7.601414899883217, 
          16.151572732661442, 
          86.56045406120265
        ], 
        [
          -12.907546100107101, 
          18.781308654997737, 
          89.83258706005664
        ]
      ], 
      "cuboid_centroid": [
        -13.638501993856533, 
        16.943008169602987, 
        83.12961994114538
      ], 
      "location": [
        -13.638501993856533, 
        16.943008169602987, 
        83.12961994114538
      ], 
      "pose_transform_permuted": [
        [
          -0.07264691097894188, 
          0.7165842010177034, 
          -0.6937069051090367, 
          0.0
        ], 
        [
          -0.784246160055434, 
          0.3886749537902597, 
          0.4836212379056219, 
          0.0
        ], 
        [
          -0.6161819849028676, 
          -0.5791707039641969, 
          -0.5337425007911387, 
          0.0
        ], 
        [
          -13.638501993856533, 
          16.943008169602987, 
          83.12961994114538, 
          1.0
        ]
      ], 
      "projected_cuboid": [
        [
          348.8369055459947, 
          391.95994027449643
        ], 
        [
          380.4886583314328, 
          378.69003412565445
        ], 
        [
          428.4314099600797, 
          410.12189854837334
        ], 
        [
          396.9581686698831, 
          421.33636614070934
        ], 
        [
          359.3606171342099, 
          354.69203858917047
        ], 
        [
          389.6040951214716, 
          340.68730799597915
        ], 
        [
          434.3726470312779, 
          372.8002261981229
        ], 
        [
          404.32874056068994, 
          384.78772069362435
        ]
      ], 
      "projected_cuboid_centroid": [
        393.3698447478682, 
        381.98471392732995
      ], 
      "quaternion_xyzw": [
        0.2873543190991397, 
        0.8742316296509565, 
        0.35755017875183853, 
        -0.1590734451882787
      ], 
      "visibility": 0.6744402985074627
    }, 
    {
      "bounding_box": {
        "bottom_right": [
          425, 
          543
        ], 
        "top_left": [
          346, 
          465
        ]
      }, 
      "class": "010_potted_meat_can", 
      "cuboid": [
        [
          8.389252105059327, 
          17.983754908226, 
          70.7979199829861
        ], 
        [
          -1.3475079102450098, 
          15.097565164480303, 
          70.36613781002463
        ], 
        [
          0.038521365921823786, 
          9.515260733839648, 
          76.42510810056568
        ], 
        [
          9.775281381226161, 
          12.401450477585344, 
          76.85689027352714
        ], 
        [
          7.039581430104813, 
          21.944807282409805, 
          74.75609804576965
        ], 
        [
          -2.697178585199523, 
          19.05861753866411, 
          74.32431587280817
        ], 
        [
          -1.3111493090326893, 
          13.476313108023454, 
          80.38328616334923
        ], 
        [
          8.425610706271646, 
          16.36250285176915, 
          80.81506833631069
        ]
      ], 
      "cuboid_centroid": [
        3.539051398013319, 
        15.730034008124727, 
        75.59060307316766
      ], 
      "location": [
        3.539051398013319, 
        15.730034008124727, 
        75.59060307316766
      ], 
      "pose_transform_permuted": [
        [
          0.23431376212796548, 
          -0.6876707785120967, 
          -0.6871717747697609, 
          0.0
        ], 
        [
          0.9578994404264556, 
          0.2839424547953351, 
          0.042478596701141076, 
          0.0
        ], 
        [
          -0.16590610243902115, 
          0.6681953885396814, 
          -0.7252517410580952, 
          0.0
        ], 
        [
          3.539051398013319, 
          15.730034008124727, 
          75.59060307316766, 
          1.0
        ]
      ], 
      "projected_cuboid": [
        [
          545.3198157651699, 
          408.75787208012093
        ], 
        [
          471.29891590095895, 
          387.71412220039946
        ], 
        [
          481.86812406864107, 
          339.6871622587147
        ], 
        [
          549.9942495383493, 
          359.3417553586278
        ], 
        [
          532.236865632439, 
          429.8436052786121
        ], 
        [
          462.0819807327611, 
          410.0430468328982
        ], 
        [
          472.8254829497705, 
          362.69793222139737
        ], 
        [
          537.6632255773198, 
          381.26693545170946
        ]
      ], 
      "projected_cuboid_centroid": [
        506.7744644714332, 
        384.26772928587275
      ], 
      "quaternion_xyzw": [
        0.9101190311898627, 
        0.12356860526425797, 
        0.07603191158063038, 
        0.3881147605832883
      ], 
      "visibility": 0.6471928734203439
    }, 
    {
      "bounding_box": {
        "bottom_right": [
          293, 
          458
        ], 
        "top_left": [
          238, 
          298
        ]
      }, 
      "class": "037_scissors", 
      "cuboid": [
        [
          -22.14834921180507, 
          1.776806283438185, 
          72.61023695402072
        ], 
        [
          -2.225496767644043, 
          2.669770317707685, 
          69.04067186785974
        ], 
        [
          -2.9786306915598066, 
          -3.8185650091379544, 
          63.21407345246951
        ], 
        [
          -22.90148313572083, 
          -4.711529043407455, 
          66.7836385386305
        ], 
        [
          -22.398740343610964, 
          2.8253126035980514, 
          71.47501520690572
        ], 
        [
          -2.4758878994499396, 
          3.718276637867552, 
          67.90545012074473
        ], 
        [
          -3.2290218233657035, 
          -2.770058688978087, 
          62.07885170535451
        ], 
        [
          -23.15187426752673, 
          -3.663022723247588, 
          65.6484167915155
        ]
      ], 
      "cuboid_centroid": [
        -12.688685517585386, 
        -0.49662620276995134, 
        67.34454432968762
      ], 
      "location": [
        -12.688685517585386, 
        -0.49662620276995134, 
        67.34454432968762
      ], 
      "pose_transform_permuted": [
        [
          0.15994323120418716, 
          -0.6697581003562968, 
          0.7251496211438845, 
          0.0
        ], 
        [
          -0.9833686653459099, 
          -0.04407565899725643, 
          0.1761895523987706, 
          0.0
        ], 
        [
          0.08604294545827425, 
          0.7412698657101189, 
          0.6656687127517601, 
          0.0
        ], 
        [
          -12.688685517585386, 
          -0.49662620276995134, 
          67.34454432968762, 
          1.0
        ]
      ], 
      "projected_cuboid": [
        [
          317.56255055506824, 
          286.33711633251795
        ], 
        [
          464.26247413719227, 
          293.9097554919444
        ], 
        [
          456.25776852546, 
          241.0703654147896
        ], 
        [
          297.1867276654576, 
          235.66129382713055
        ], 
        [
          313.0733329888094, 
          294.36795413388
        ], 
        [
          461.98975596817195, 
          302.4893448709625
        ], 
        [
          453.62535729900503, 
          249.48895628038755
        ], 
        [
          291.9467235970036, 
          243.52859639827562
        ]
      ], 
      "projected_cuboid_centroid": [
        380.2745555626336, 
        269.3536213348172
      ], 
      "quaternion_xyzw": [
        0.09048668190734803, 
        -0.359495851469779, 
        0.9286802668572097, 
        0.011297560624132046
      ], 
      "visibility": 0.7386099102095112
    }, 
    {
      "bounding_box": {
        "bottom_right": [
          402, 
          474
        ], 
        "top_left": [
          354, 
          413
        ]
      }, 
      "class": "061_foam_brick", 
      "cuboid": [
        [
          -2.6813860151500495, 
          15.424704562002542, 
          75.8259266054117
        ], 
        [
          -10.227312726028917, 
          15.627957414223722, 
          77.73937206104196
        ], 
        [
          -9.377988402038214, 
          12.207265310136812, 
          81.4521533731106
        ], 
        [
          -1.8320616911593472, 
          12.004012457915634, 
          79.53870791748034
        ], 
        [
          -1.7189504173079664, 
          19.332687542696025, 
          79.20629983683416
        ], 
        [
          -9.264877128186836, 
          19.535940394917205, 
          81.11974529246442
        ], 
        [
          -8.415552804196134, 
          16.115248290830294, 
          84.83252660453306
        ], 
        [
          -0.869626093317264, 
          15.911995438609114, 
          82.9190811489028
        ]
      ], 
      "cuboid_centroid": [
        -5.548469409673091, 
        15.769976426416418, 
        80.32922660497238
      ], 
      "location": [
        -5.548469409673091, 
        15.769976426416418, 
        80.32922660497238
      ], 
      "pose_transform_permuted": [
        [
          -0.18311179417016862, 
          -0.7435279584272844, 
          -0.6431455868407526, 
          0.0
        ], 
        [
          0.9689918245988832, 
          -0.02610022064550213, 
          -0.24571044410603096, 
          0.0
        ], 
        [
          -0.16590634314669409, 
          0.6681952959421448, 
          -0.725251771307372, 
          0.0
        ], 
        [
          -5.548469409673091, 
          15.769976426416418, 
          80.32922660497238, 
          1.0
        ]
      ], 
      "projected_cuboid": [
        [
          462.5804479954659, 
          381.7757761064613
        ], 
        [
          410.8493818370782, 
          380.49985232909546
        ], 
        [
          419.68164375177474, 
          353.215347438927
        ], 
        [
          469.21043520833587, 
          353.7753350471194
        ], 
        [
          469.9264105285629, 
          403.4592752900632
        ], 
        [
          420.1777743207228, 
          401.7250525589883
        ], 
        [
          428.24982519826716, 
          374.59882756147783
        ], 
        [
          475.9571896578088, 
          375.629432489649
        ]
      ], 
      "projected_cuboid_centroid": [
        444.4528399324917, 
        377.98613002051235
      ], 
      "quaternion_xyzw": [
        0.9055844393790373, 
        0.03859555123237805, 
        -0.11838273153474366, 
        0.4054784031905971
      ], 
      "visibility": 0.5861408882082695
    }
  ]
}