{
  "camera_data": {
    "location_worldframe": [
      -17.7802882137892, 
      5.598829006914244, 
      80.44561515802462
    ], 
    "quaternion_xyzw_worldframe": [
      0.9267747626650503, 
      0.0254632790732127, 
      -0.0743676966895212, 
      -0.3673017222916612
    ]
  }, 
  "objects": [
    {
      "bounding_box": {
        "bottom_right": [
          371, 
          558
        ], 
        "top_left": [
          247, 
          369
        ]
      }, 
      "class": "003_cracker_box", 
      "cuboid": [
        [
          -11.473297648343268, 
          13.368523051655965, 
          70.86171578437836
        ], 
        [
          -12.957069884349497, 
          1.6124250690886084, 
          59.518405162558594
        ], 
        [
          8.220460516741323, 
          1.5021516417112974, 
          56.862545032867274
        ], 
        [
          9.704232752747554, 
          13.258249624278653, 
          68.20585565468704
        ], 
        [
          -10.858649319395022, 
          8.361297501458848, 
          75.97075652174942
        ], 
        [
          -12.342421555401254, 
          -3.3948004811085073, 
          64.62744589992965
        ], 
        [
          8.835108845689568, 
          -3.505073908485818, 
          61.971585770238335
        ], 
        [
          10.3188810816958, 
          8.251024074081537, 
          73.3148963920581
        ]
      ], 
      "cuboid_centroid": [
        -1.3190944013268493, 
        4.931724571585073, 
        66.41665077730835
      ], 
      "location": [
        -1.3190944013268493, 
        4.931724571585073, 
        66.41665077730835
      ], 
      "pose_transform_permuted": [
        [
          -0.08560561889184148, 
          0.6973851907954343, 
          -0.7115655793202483, 
          0.0
        ], 
        [
          0.09045405724013456, 
          0.7166778930289354, 
          0.6915134569713047, 
          0.0
        ], 
        [
          -0.992214564266693, 
          0.005166556185877913, 
          0.12443297454547521, 
          0.0
        ], 
        [
          -1.3190944013268493, 
          4.931724571585073, 
          66.41665077730835, 
          1.0
        ]
      ], 
      "projected_cuboid": [
        [
          394.52711076819986, 
          373.9007421762307
        ], 
        [
          364.5266277640806, 
          287.73480593136355
        ], 
        [
          559.3401225297766, 
          287.37537074392
        ], 
        [
          558.1093735917005, 
          376.95629031176
        ], 
        [
          404.73340269697127, 
          331.9833826939313
        ], 
        [
          378.8959625875144, 
          245.2719142821261
        ], 
        [
          558.2645219751087, 
          243.12231783725025
        ], 
        [
          557.285956680038, 
          333.30752875515924
        ]
      ], 
      "projected_cuboid_centroid": [
        470.9165921983034, 
        312.8878316638211
      ], 
      "quaternion_xyzw": [
        0.6721581273677834, 
        0.6355991201013096, 
        0.22535911320905963, 
        -0.30566399924345367
      ], 
      "visibility": 0.9873176623617951
    }, 
    {
      "bounding_box": {
        "bottom_right": [
          410, 
          432
        ], 
        "top_left": [
          343, 
          357
        ]
      }, 
      "class": "005_tomato_soup_can", 
      "cuboid": [
        [
          -19.25313527791415, 
          17.20522033932935, 
          79.99215645435872
        ], 
        [
          -13.934653360079515, 
          14.583469689479166, 
          76.73369557273368
        ], 
        [
          -7.671730491446753, 
          20.388795829939998, 
          82.28512770754254
        ], 
        [
          -12.99021240928139, 
          23.010546479790186, 
          85.54358858916758
        ], 
        [
          -18.824535504090484, 
          12.298905580117204, 
          84.63933025987986
        ], 
        [
          -13.506053586255847, 
          9.677154930267015, 
          81.3808693782548
        ], 
        [
          -7.243130717623086, 
          15.48248107072785, 
          86.93230151306366
        ], 
        [
          -12.561612635457722, 
          18.104231720578035, 
          90.19076239468872
        ]
      ], 
      "cuboid_centroid": [
        -13.24813299776862, 
        16.3438507050286, 
        83.4622289837112
      ], 
      "location": [
        -13.24813299776862, 
        16.3438507050286, 
        83.4622289837112
      ], 
      "pose_transform_permuted": [
        [
          -0.06329559255357245, 
          0.7245643112878442, 
          -0.6862943885754749, 
          0.0
        ], 
        [
          -0.7860715960453608, 
          0.38749473056397377, 
          0.4816004990599296, 
          0.0
        ], 
        [
          -0.6148861400520143, 
          -0.5699598505562132, 
          -0.5450328462816476, 
          0.0
        ], 
        [
          -13.24813299776862, 
          16.3438507050286, 
          83.4622289837112, 
          1.0
        ]
      ], 
      "projected_cuboid": [
        [
          352.16383662562674, 
          387.9962963684884
        ], 
        [
          383.9404252803561, 
          374.64552920335353
        ], 
        [
          431.45944730776836, 
          405.4336755787979
        ], 
        [
          399.934972240261, 
          416.7452735750455
        ], 
        [
          361.99359616451505, 
          350.7829829238706
        ], 
        [
          392.3491943042091, 
          336.7045903212845
        ], 
        [
          436.7909957778462, 
          368.2697629436191
        ], 
        [
          406.6982313335755, 
          380.3411970007175
        ]
      ], 
      "projected_cuboid_centroid": [
        396.2366693620407, 
        377.7229489370835
      ], 
      "quaternion_xyzw": [
        0.2873425301966067, 
        0.8721132144362119, 
        0.36394275896571465, 
        -0.15619992983530145
      ], 
      "visibility": 0.6911440277340056
    }, 
    {
      "bounding_box": {
        "bottom_right": [
          420, 
          545
        ], 
        "top_left": [
          341, 
          468
        ]
      }, 
      "class": "010_potted_meat_can", 
      "cuboid": [
        [
          8.883483821678784, 
          17.403053054224387, 
          71.31948545820947
        ], 
        [
          -0.8644722004358902, 
          14.573735209812403, 
          70.7778798788164
        ], 
        [
          0.4433893079572322, 
          8.917673898973385, 
          76.7856073705802
        ], 
        [
          10.191345330071908, 
          11.746991743385369, 
          77.32721294997324
        ], 
        [
          7.522726409821481, 
          21.32737120108174, 
          75.31032331095187
        ], 
        [
          -2.225229612293194, 
          18.498053356669754, 
          74.76871773155882
        ], 
        [
          -0.9173681039000715, 
          12.841992045830738, 
          80.7764452233226
        ], 
        [
          8.830587918214603, 
          15.671309890242721, 
          81.31805080271566
        ]
      ], 
      "cuboid_centroid": [
        3.9830578588893566, 
        15.122522550027561, 
        76.04796534076603
      ], 
      "location": [
        3.9830578588893566, 
        15.122522550027561, 
        76.04796534076603
      ], 
      "pose_transform_permuted": [
        [
          0.23623850946197947, 
          -0.6812934190840159, 
          -0.6928417788660045, 
          0.0
        ], 
        [
          0.9590009001154872, 
          0.2783474149194291, 
          0.05328298947668397, 
          0.0
        ], 
        [
          -0.15654951097974096, 
          0.6770240018541226, 
          -0.7191180372688707, 
          0.0
        ], 
        [
          3.9830578588893566, 
          15.122522550027561, 
          76.04796534076603, 
          1.0
        ]
      ], 
      "projected_cuboid": [
        [
          548.5804176545852, 
          403.4247315081233
        ], 
        [
          475.02888644305074, 
          383.1013332345786
        ], 
        [
          484.7023231268472, 
          335.22483982625334
        ], 
        [
          552.4717146964166, 
          354.3045974859236
        ], 
        [
          535.3141612892892, 
          424.319015589231
        ], 
        [
          465.5924022753886, 
          405.2317472208961
        ], 
        [
          475.4897496304934, 
          358.07469405879795
        ], 
        [
          539.9945883817592, 
          376.0658886410674
        ]
      ], 
      "projected_cuboid_centroid": [
        509.7627825243838, 
        379.3398345652108
      ], 
      "quaternion_xyzw": [
        0.9122591025629196, 
        0.1191813062422073, 
        0.07934190465331498, 
        0.38377568730707695
      ], 
      "visibility": 0.6616320537025383
    }, 
    {
      "bounding_box": {
        "bottom_right": [
          290, 
          462
        ], 
        "top_left": [
          235, 
          301
        ]
      }, 
      "class": "037_scissors", 
      "cuboid": [
        [
          -21.75227835850318, 
          1.3400996820798023, 
          72.70788638629055
        ], 
        [
          -1.796889594016078, 
          2.166156534697213, 
          69.30798660584452
        ], 
        [
          -2.537022624124567, 
          -4.253451114401063, 
          63.40410687768651
        ], 
        [
          -22.492411388611664, 
          -5.079507967018474, 
          66.80400665813254
        ], 
        [
          -21.988010498248396, 
          2.402375632639274, 
          71.58236881620151
        ], 
        [
          -2.032621733761296, 
          3.228432485256685, 
          68.18246903575547
        ], 
        [
          -2.772754763869785, 
          -3.1911751638415913, 
          62.278589307597464
        ], 
        [
          -22.72814352835689, 
          -4.017232016459002, 
          65.6784890880435
        ]
      ], 
      "cuboid_centroid": [
        -12.262516561186482, 
        -0.9255377408808946, 
        67.49323784694401
      ], 
      "location": [
        -12.262516561186482, 
        -0.9255377408808946, 
        67.49323784694401
      ], 
      "pose_transform_permuted": [
        [
          0.1505794548616643, 
          -0.6785537759967084, 
          0.7189508495719322, 
          0.0
        ], 
        [
          -0.9849746200144994, 
          -0.04077319886471879, 
          0.1678150716007005, 
          0.0
        ], 
        [
          0.08455763831535333, 
          0.7334179662801423, 
          0.6744978353928561, 
          0.0
        ], 
        [
          -12.262516561186482, 
          -0.9255377408808946, 
          67.49323784694401, 
          1.0
        ]
      ], 
      "projected_cuboid": [
        [
          320.7122849568949, 
          283.11630252798585
        ], 
        [
          467.6549159032545, 
          289.9549445640434
        ], 
        [
          460.07922828057775, 
          237.5089064196927
        ], 
        [
          300.53593034624674, 
          232.73506199664843
        ], 
        [
          316.41168804984227, 
          291.18527467048585
        ], 
        [
          465.56551663361955, 
          298.5391621776984
        ], 
        [
          457.65484821338777, 
          245.95906914940622
        ], 
        [
          295.5029924675758, 
          240.6659869567662
        ]
      ], 
      "projected_cuboid_centroid": [
        383.8933526300838, 
        265.9731030667387
      ], 
      "quaternion_xyzw": [
        0.08586657383872506, 
        -0.3648991940529513, 
        0.9270036995431268, 
        0.011808054129722911
      ], 
      "visibility": 0.7459153051017006
    }, 
    {
      "bounding_box": {
        "bottom_right": [
          397, 
          476
        ], 
        "top_left": [
          350, 
          416
        ]
      }, 
      "class": "061_foam_brick", 
      "cuboid": [
        [
          -2.240596878598413, 
          14.847773665313015, 
          76.23010363612443
        ], 
        [
          -9.80053500733268, 
          15.070138389627038, 
          78.08522750763649
        ], 
        [
          -8.999109526288148, 
          11.604250282587092, 
          81.76660879423837
        ], 
        [
          -1.439171397553881, 
          11.38188555827307, 
          79.9114849227263
        ], 
        [
          -1.2849748595747619, 
          18.713072527538866, 
          79.66110752763107
        ], 
        [
          -8.844912988309028, 
          18.93543725185289, 
          81.51623139914315
        ], 
        [
          -8.043487507264496, 
          15.469549144812941, 
          85.19761268574503
        ], 
        [
          -0.48354937853022983, 
          15.247184420498918, 
          83.34248881423296
        ]
      ], 
      "cuboid_centroid": [
        -5.142042192931455, 
        15.158661405062979, 
        80.71385816093472
      ], 
      "location": [
        -5.142042192931455, 
        15.158661405062979, 
        80.71385816093472
      ], 
      "pose_transform_permuted": [
        [
          -0.1818154511785333, 
          -0.7354069313864052, 
          -0.6527785129594703, 
          0.0
        ], 
        [
          0.9707910667427734, 
          -0.028554425214444706, 
          -0.2382212197372445, 
          0.0
        ], 
        [
          -0.15654982096819597, 
          0.6770238474895132, 
          -0.7191181151141459, 
          0.0
        ], 
        [
          -5.142042192931455, 
          15.158661405062979, 
          80.71385816093472, 
          1.0
        ]
      ], 
      "projected_cuboid": [
        [
          465.79081511921686, 
          377.1642461897673
        ], 
        [
          414.10190708185684, 
          376.21509669635157
        ], 
        [
          422.41157313186477, 
          348.97481728010024
        ], 
        [
          471.91217095212573, 
          349.24786528638623
        ], 
        [
          472.9226574081665, 
          398.5678496525889
        ], 
        [
          423.247021953812, 
          397.1715524011243
        ], 
        [
          430.82688878353565, 
          370.1227431482214
        ], 
        [
          478.47698642080763, 
          370.85528299214786
        ]
      ], 
      "projected_cuboid_centroid": [
        447.3377073023362, 
        373.4479125729121
      ], 
      "quaternion_xyzw": [
        0.9083767702874943, 
        0.035226406030077616, 
        -0.11560089509522557, 
        0.40030885148026335
      ], 
      "visibility": 0.5865422014780242
    }
  ]
}