{
  "camera_data": {
    "location_worldframe": [
      -10.324460170361524, 
      5.119192301441043, 
      81.50275022117859
    ], 
    "quaternion_xyzw_worldframe": [
      0.928327221197447, 
      -0.0004518450294523159, 
      0.10143318239467831, 
      -0.35766060136713984
    ]
  }, 
  "objects": [
    {
      "bounding_box": {
        "bottom_right": [
          346, 
          638
        ], 
        "top_left": [
          209, 
          467
        ]
      }, 
      "class": "003_cracker_box", 
      "cuboid": [
        [
          -0.16306336990928594, 
          11.299813076143336, 
          74.39335169701864
        ], 
        [
          -0.19377108629802797, 
          -0.481850368452702, 
          62.97978173834314
        ], 
        [
          20.436211255691518, 
          -4.317827017620675, 
          66.88396652682758
        ], 
        [
          20.46691897208026, 
          7.463836426975362, 
          78.29753648550307
        ], 
        [
          -2.0042381966264204, 
          6.47350871060456, 
          79.38026045531643
        ], 
        [
          -2.0349459130151626, 
          -5.308154733991477, 
          67.96669049664094
        ], 
        [
          18.595036428974385, 
          -9.14413138315945, 
          71.87087528512535
        ], 
        [
          18.625744145363125, 
          2.6375320614365863, 
          83.28444524380086
        ]
      ], 
      "cuboid_centroid": [
        9.21598652953255, 
        1.0778408464919422, 
        73.132113491072
      ], 
      "location": [
        9.21598652953255, 
        1.0778408464919422, 
        73.132113491072
      ], 
      "pose_transform_permuted": [
        [
          0.2564310404925403, 
          0.6721872536110536, 
          -0.6945555539730012, 
          0.0
        ], 
        [
          0.001872010722762607, 
          0.7182364204832146, 
          0.6957966224891533, 
          0.0
        ], 
        [
          -0.9665607156551353, 
          0.1797240673206807, 
          -0.18291977087768424, 
          0.0
        ], 
        [
          9.21598652953255, 
          1.0778408464919422, 
          73.132113491072, 
          1.0
        ]
      ], 
      "projected_cuboid": [
        [
          480.41833994990037, 
          354.2939326236924
        ], 
        [
          479.94252037973274, 
          269.2061771011497
        ], 
        [
          645.9093795964926, 
          238.8570352945857
        ], 
        [
          622.1681914403556, 
          324.12607024218687
        ], 
        [
          468.0192957547271, 
          316.7790756399354
        ], 
        [
          465.49623085683004, 
          231.63462217599843
        ], 
        [
          620.7318919776973, 
          205.4322880035156
        ], 
        [
          601.8626838687496, 
          290.1762164260497
        ]
      ], 
      "projected_cuboid_centroid": [
        549.3651905002666, 
        281.14674608339436
      ], 
      "quaternion_xyzw": [
        0.6848634228837974, 
        0.6150120884847627, 
        0.34759764909479646, 
        -0.17860038453841645
      ], 
      "visibility": 0.9736434965189523
    }, 
    {
      "bounding_box": {
        "bottom_right": [
          395, 
          482
        ], 
        "top_left": [
          335, 
          414
        ]
      }, 
      "class": "005_tomato_soup_can", 
      "cuboid": [
        [
          -9.534998327956044, 
          16.778329673581563, 
          80.77808548425568
        ], 
        [
          -4.027262943206036, 
          13.155712889377147, 
          79.25529453872912
        ], 
        [
          1.1861911964610048, 
          18.026507170986942, 
          86.52438472958352
        ], 
        [
          -4.321544188289003, 
          21.649123955191353, 
          88.04717567511008
        ], 
        [
          -11.393650602323476, 
          12.064351640280055, 
          85.26981894538693
        ], 
        [
          -5.8859152175734675, 
          8.441734856075641, 
          83.74702799986036
        ], 
        [
          -0.6724610779064264, 
          13.312529137685432, 
          91.01611819071476
        ], 
        [
          -6.1801964626564345, 
          16.93514592188985, 
          92.53890913624133
        ]
      ], 
      "cuboid_centroid": [
        -5.103729702931235, 
        15.045429405633499, 
        85.89710183748522
      ], 
      "location": [
        -5.103729702931235, 
        15.045429405633499, 
        85.89710183748522
      ], 
      "pose_transform_permuted": [
        [
          0.27448567228020165, 
          0.696160033498055, 
          -0.6633389665109335, 
          0.0
        ], 
        [
          -0.8140432573377343, 
          0.5354227393104799, 
          0.22506849275532517, 
          0.0
        ], 
        [
          -0.5118505783191744, 
          -0.47820865075738894, 
          -0.7136704224045751, 
          0.0
        ], 
        [
          -5.103729702931235, 
          15.045429405633499, 
          85.89710183748522, 
          1.0
        ]
      ], 
      "projected_cuboid": [
        [
          418.1197165544841, 
          384.06177775320054
        ], 
        [
          454.271234112062, 
          361.81310715661294
        ], 
        [
          488.96945258024454, 
          384.39844383906035
        ], 
        [
          455.20245794623827, 
          404.4196683206404
        ], 
        [
          409.74168813610373, 
          348.7429546550204
        ], 
        [
          443.80189605459555, 
          327.045371246433
        ], 
        [
          477.62386767834784, 
          351.29285852992496
        ], 
        [
          445.6825839287327, 
          370.8870505475343
        ]
      ], 
      "projected_cuboid_centroid": [
        449.64485963657745, 
        366.70089035882467
      ], 
      "quaternion_xyzw": [
        0.30458456019352453, 
        0.859591599919121, 
        0.41002915106292376, 
        0.014372284329420549
      ], 
      "visibility": 0.9533791109504879
    }, 
    {
      "bounding_box": {
        "bottom_right": [
          373, 
          605
        ], 
        "top_left": [
          310, 
          529
        ]
      }, 
      "class": "010_potted_meat_can", 
      "cuboid": [
        [
          19.485142208614853, 
          11.811281410120046, 
          81.06952653292446
        ], 
        [
          10.016474952534383, 
          10.669835734517662, 
          77.55349683442964
        ], 
        [
          8.440442009653527, 
          5.122918559216517, 
          83.59850724845741
        ], 
        [
          17.909109265733996, 
          6.264364234818901, 
          87.11453694695224
        ], 
        [
          17.694199865308036, 
          16.069655078247774, 
          84.51009329497214
        ], 
        [
          8.225532609227566, 
          14.92820940264539, 
          80.99406359647732
        ], 
        [
          6.649499666346709, 
          9.381292227344245, 
          87.03907401050509
        ], 
        [
          16.11816692242718, 
          10.522737902946629, 
          90.55510370899992
        ]
      ], 
      "cuboid_centroid": [
        13.067320937480781, 
        10.596286818732144, 
        84.05430027171478
      ], 
      "location": [
        13.067320937480781, 
        10.596286818732144, 
        84.05430027171478
      ], 
      "pose_transform_permuted": [
        [
          0.31092209825825656, 
          -0.7392881635805713, 
          -0.5973102600714019, 
          0.0
        ], 
        [
          0.9315245576482752, 
          0.11229507271598756, 
          0.34590591484406885, 
          0.0
        ], 
        [
          0.18864932174592114, 
          0.6639595749747405, 
          -0.7235807599737341, 
          0.0
        ], 
        [
          13.067320937480781, 
          10.596286818732144, 
          84.05430027171478, 
          1.0
        ]
      ], 
      "projected_cuboid": [
        [
          610.8491914627735, 
          350.98759222163795
        ], 
        [
          551.052348820813, 
          346.6608225554263
        ], 
        [
          535.8918903568383, 
          305.96837502071435
        ], 
        [
          592.1512302455884, 
          311.63729136465383
        ], 
        [
          594.190768172978, 
          374.6976406543637
        ], 
        [
          536.2108922532391, 
          371.5839447614635
        ], 
        [
          522.6804755907402, 
          330.76907576314557
        ], 
        [
          577.3152544975717, 
          335.25965669435607
        ]
      ], 
      "projected_cuboid_centroid": [
        565.1993950728825, 
        340.51935356683634
      ], 
      "quaternion_xyzw": [
        0.8934196092394684, 
        -0.0213657301228621, 
        0.18379605907168756, 
        0.40934542638917054
      ], 
      "visibility": 0.6560662747194014
    }, 
    {
      "bounding_box": {
        "bottom_right": [
          285, 
          537
        ], 
        "top_left": [
          231, 
          383
        ]
      }, 
      "class": "037_scissors", 
      "cuboid": [
        [
          -12.460735006989559, 
          1.2903533344614595, 
          72.86779874161773
        ], 
        [
          7.41210156696096, 
          -1.4453102828696396, 
          75.70430015365982
        ], 
        [
          7.373519803206582, 
          -7.879035144615587, 
          69.76960125935764
        ], 
        [
          -12.499316770743937, 
          -5.143371527284487, 
          66.93309984731556
        ], 
        [
          -12.156304635514767, 
          2.3305527223472677, 
          71.73815409847072
        ], 
        [
          7.716531938435753, 
          -0.40511089498383135, 
          74.5746555105128
        ], 
        [
          7.677950174681375, 
          -6.838835756729779, 
          68.63995661621061
        ], 
        [
          -12.194886399269144, 
          -4.103172139398679, 
          65.80345520416854
        ]
      ], 
      "cuboid_centroid": [
        -2.391392416154093, 
        -2.77424121113416, 
        70.75387767891418
      ], 
      "location": [
        -2.391392416154093, 
        -2.77424121113416, 
        70.75387767891418
      ], 
      "pose_transform_permuted": [
        [
          -0.19446206796219442, 
          -0.6644518517694369, 
          0.7215871146646562, 
          0.0
        ], 
        [
          -0.9808999405650148, 
          0.13502915246449457, 
          -0.14000638792208212, 
          0.0
        ], 
        [
          0.00440783304135602, 
          0.735030808988848, 
          0.6780188185107385, 
          0.0
        ], 
        [
          -2.391392416154093, 
          -2.77424121113416, 
          70.75387767891418, 
          1.0
        ]
      ], 
      "projected_cuboid": [
        [
          389.6369023634062, 
          282.73063694370353
        ], 
        [
          534.2487878536538, 
          263.1046556306512
        ], 
        [
          538.4300388204462, 
          213.05910850972677
        ], 
        [
          381.17317088382737, 
          232.30441157039152
        ], 
        [
          390.47089914968956, 
          290.612456414387
        ], 
        [
          537.2416200729057, 
          270.3893932052129
        ], 
        [
          541.750448254591, 
          220.15006740427188
        ], 
        [
          381.93708792874713, 
          240.03141409358
        ]
      ], 
      "projected_cuboid_centroid": [
        463.42131908535004, 
        252.3752153108587
      ], 
      "quaternion_xyzw": [
        -0.09019920040602411, 
        -0.36203647577966863, 
        0.9270272196945619, 
        0.037603260870752116
      ], 
      "visibility": 0.8155306883689386
    }, 
    {
      "bounding_box": {
        "bottom_right": [
          376, 
          528
        ], 
        "top_left": [
          324, 
          474
        ]
      }, 
      "class": "061_foam_brick", 
      "cuboid": [
        [
          7.1311402733488904, 
          11.396863637117658, 
          82.3328283363266
        ], 
        [
          -0.4746995942859572, 
          12.983311183649155, 
          81.80559096135794
        ], 
        [
          -1.4404516435956887, 
          9.58430270662964, 
          85.50981769604016
        ], 
        [
          6.165388224039159, 
          7.997855160098141, 
          86.03705507100882
        ], 
        [
          7.66964408934048, 
          15.178466534027068, 
          85.94323407687017
        ], 
        [
          0.06380422170563262, 
          16.764914080558565, 
          85.41599670190149
        ], 
        [
          -0.9019478276040993, 
          13.36590560353905, 
          89.12022343658373
        ], 
        [
          6.703892040030748, 
          11.779458057007552, 
          89.64746081155239
        ]
      ], 
      "cuboid_centroid": [
        3.114596222872396, 
        12.381384620328353, 
        85.72652588645516
      ], 
      "location": [
        3.114596222872396, 
        12.381384620328353, 
        85.72652588645516
      ], 
      "pose_transform_permuted": [
        [
          -0.10245506310738287, 
          -0.719483041613147, 
          -0.6869112845737484, 
          0.0
        ], 
        [
          0.9766854268967637, 
          -0.20371980296704137, 
          0.06770390510566165, 
          0.0
        ], 
        [
          0.18864924312371076, 
          0.6639596333438988, 
          -0.7235807269121305, 
          0.0
        ], 
        [
          3.114596222872396, 
          12.381384620328353, 
          85.72652588645516, 
          1.0
        ]
      ], 
      "projected_cuboid": [
        [
          528.1747310554531, 
          347.11092476888854
        ], 
        [
          478.47654448458843, 
          357.9293359524909
        ], 
        [
          472.5381904426448, 
          333.06325675138424
        ], 
        [
          520.1330689793728, 
          322.8629998527344
        ], 
        [
          529.5875673182655, 
          367.4763079156701
        ], 
        [
          481.99876921243657, 
          377.9631481549078
        ], 
        [
          476.1545885039556, 
          353.2717414549957
        ], 
        [
          521.8113918142654, 
          343.3634325646637
        ]
      ], 
      "projected_cuboid_centroid": [
        501.1349864755034, 
        350.3132787307471
      ], 
      "quaternion_xyzw": [
        0.912079539406297, 
        -0.10754792458839672, 
        -0.009525254240529807, 
        0.39554219401320423
      ], 
      "visibility": 0.6559780119102153
    }
  ]
}