{
  "camera_data": {
    "location_worldframe": [
      -15.06658330589546, 
      -3.9185853687294907, 
      94.15605988520282
    ], 
    "quaternion_xyzw_worldframe": [
      0.9516096486004617, 
      -0.005721852205834822, 
      0.08101369349250219, 
      -0.2963842366025889
    ]
  }, 
  "objects": [
    {
      "bounding_box": {
        "bottom_right": [
          274, 
          576
        ], 
        "top_left": [
          153, 
          434
        ]
      }, 
      "class": "003_cracker_box", 
      "cuboid": [
        [
          -5.221297505062794, 
          1.1866605156693675, 
          85.84924393108508
        ], 
        [
          -5.840370389175168, 
          -11.96647153634564, 
          76.06711830964838
        ], 
        [
          14.932119541692558, 
          -15.485317217283468, 
          79.4839786070764
        ], 
        [
          15.55119242580493, 
          -2.3321851652684593, 
          89.2661042285131
        ], 
        [
          -6.848869468037869, 
          -2.9370925986821685, 
          91.49708133067054
        ], 
        [
          -7.467942352150242, 
          -16.090224650697177, 
          81.71495570923383
        ], 
        [
          13.304547578717482, 
          -19.609070331635003, 
          85.13181600666184
        ], 
        [
          13.923620462829856, 
          -6.455938279619995, 
          94.91394162809856
        ]
      ], 
      "cuboid_centroid": [
        4.041625036827344, 
        -9.211204907982818, 
        85.49052996887346
      ], 
      "location": [
        4.041625036827344, 
        -9.211204907982818, 
        85.49052996887346
      ], 
      "pose_transform_permuted": [
        [
          0.22668133731023765, 
          0.5743388875965656, 
          -0.7866068989715144, 
          0.0
        ], 
        [
          0.037740060594502634, 
          0.8018441986233645, 
          0.596340145353621, 
          0.0
        ], 
        [
          -0.9732375142489965, 
          0.16486577367177907, 
          -0.16008753083872657, 
          0.0
        ], 
        [
          4.041625036827344, 
          -9.211204907982818, 
          85.49052996887346, 
          1.0
        ]
      ], 
      "projected_cuboid": [
        [
          448.890596738858, 
          280.6584059514139
        ], 
        [
          440.3079928834757, 
          189.38755832226053
        ], 
        [
          582.6231719863772, 
          169.3835493751337
        ], 
        [
          575.2818086151286, 
          259.35291747711835
        ], 
        [
          441.3435931596985, 
          256.16676784578226
        ], 
        [
          432.45073292815505, 
          168.27232327177452
        ], 
        [
          565.6397607526982, 
          150.4429090516485
        ], 
        [
          560.4856070286254, 
          237.01074695216167
        ]
      ], 
      "projected_cuboid_centroid": [
        507.02024193684997, 
        215.82384633806825
      ], 
      "quaternion_xyzw": [
        0.7051972655289079, 
        0.6292855203930154, 
        0.29176994966315595, 
        -0.1468565524169839
      ], 
      "visibility": 0.968273846796076
    }, 
    {
      "bounding_box": {
        "bottom_right": [
          337, 
          458
        ], 
        "top_left": [
          278, 
          396
        ]
      }, 
      "class": "005_tomato_soup_can", 
      "cuboid": [
        [
          -14.258721731375367, 
          7.540941230366194, 
          91.89559550507754
        ], 
        [
          -8.844953906873847, 
          3.694274751448935, 
          90.60266525182685
        ], 
        [
          -3.274554506836426, 
          9.40570728436265, 
          96.9346951119102
        ], 
        [
          -8.688322331337945, 
          13.252373763279909, 
          98.22762536516089
        ], 
        [
          -15.926437560492095, 
          3.4649511664401516, 
          97.03922025552309
        ], 
        [
          -10.51266973599058, 
          -0.3817153124771072, 
          95.7462900022724
        ], 
        [
          -4.942270335953157, 
          5.329717220436607, 
          102.07831986235576
        ], 
        [
          -10.356038160454675, 
          9.176383699353867, 
          103.37125011560644
        ]
      ], 
      "cuboid_centroid": [
        -9.600496033664262, 
        6.435329225401401, 
        96.98695768371664
      ], 
      "location": [
        -9.600496033664262, 
        6.435329225401401, 
        96.98695768371664
      ], 
      "pose_transform_permuted": [
        [
          0.2462881878662506, 
          0.6019420029951175, 
          -0.7596102385873329, 
          0.0
        ], 
        [
          -0.8001548524879738, 
          0.568537282865816, 
          0.19109508379449228, 
          0.0
        ], 
        [
          -0.5468950292828375, 
          -0.5607414905139141, 
          -0.6216709803118994, 
          0.0
        ], 
        [
          -9.600496033664262, 
          6.435329225401401, 
          96.98695768371664, 
          1.0
        ]
      ], 
      "projected_cuboid": [
        [
          398.1564270907544, 
          317.05067718302286
        ], 
        [
          429.0986361174875, 
          295.0323559999919
        ], 
        [
          463.4308430107526, 
          325.0352733804055
        ], 
        [
          434.0313552091097, 
          345.23931526976247
        ], 
        [
          393.3372394243114, 
          292.3296249614036
        ], 
        [
          422.5521127421677, 
          271.160332868574
        ], 
        [
          455.5604419716587, 
          301.1322408716879
        ], 
        [
          427.72227622556915, 
          320.6299252780453
        ]
      ], 
      "projected_cuboid_centroid": [
        428.3651558329498, 
        308.6736372577371
      ], 
      "quaternion_xyzw": [
        0.3157189675912871, 
        0.8832477825600838, 
        0.3463391042319937, 
        0.015622202840912239
      ], 
      "visibility": 0.960896309314587
    }, 
    {
      "bounding_box": {
        "bottom_right": [
          310, 
          563
        ], 
        "top_left": [
          256, 
          498
        ]
      }, 
      "class": "010_potted_meat_can", 
      "cuboid": [
        [
          14.720205148558327, 
          2.3462931005430003, 
          91.49521446384476
        ], 
        [
          5.092123807308047, 
          0.8615058740890195, 
          88.59409756584724
        ], 
        [
          3.7756659015138907, 
          -3.8432750673190395, 
          95.37099182266105
        ], 
        [
          13.403747242764172, 
          -2.3584878408650582, 
          98.27210872065858
        ], 
        [
          13.111849862500128, 
          7.031193262699932, 
          94.43521857319405
        ], 
        [
          3.4837685212498477, 
          5.546406036245951, 
          91.53410167519652
        ], 
        [
          2.1673106154556923, 
          0.8416250948378924, 
          98.31099593201034
        ], 
        [
          11.795391956705972, 
          2.326412321291873, 
          101.21211283000788
        ]
      ], 
      "cuboid_centroid": [
        8.44375788200701, 
        1.5939590976904463, 
        94.90310519792754
      ], 
      "location": [
        8.44375788200701, 
        1.5939590976904463, 
        94.90310519792754
      ], 
      "pose_transform_permuted": [
        [
          0.2792235060803982, 
          -0.8133366180056493, 
          -0.5104085287742726, 
          0.0
        ], 
        [
          0.9472076660683488, 
          0.14607290835319636, 
          0.2854109836162682, 
          0.0
        ], 
        [
          0.15757848981326666, 
          0.5631568410856905, 
          -0.8111864100726515, 
          0.0
        ], 
        [
          8.44375788200701, 
          1.5939590976904463, 
          94.90310519792754, 
          1.0
        ]
      ], 
      "projected_cuboid": [
        [
          568.1152188370394, 
          286.96292603857677
        ], 
        [
          512.5061367934787, 
          278.4726391585161
        ], 
        [
          502.886742484093, 
          251.79474243918094
        ], 
        [
          554.9449708226606, 
          260.4871000882302
        ], 
        [
          556.2628682690539, 
          312.9949552087695
        ], 
        [
          502.0642537217447, 
          305.6024388447543
        ], 
        [
          493.4523214493288, 
          277.8522037089572
        ], 
        [
          544.2687908379064, 
          285.5451621202226
        ]
      ], 
      "projected_cuboid_centroid": [
        529.4432292006264, 
        282.2439856834804
      ], 
      "quaternion_xyzw": [
        0.8690185607811136, 
        -0.0033099354775945637, 
        0.16243453108445324, 
        0.4673441688685295
      ], 
      "visibility": 0.7979761474521142
    }, 
    {
      "bounding_box": {
        "bottom_right": [
          219, 
          495
        ], 
        "top_left": [
          167, 
          364
        ]
      }, 
      "class": "037_scissors", 
      "cuboid": [
        [
          -17.62245082215706, 
          -8.80531684390851, 
          86.19532855283775
        ], 
        [
          2.348741446804761, 
          -11.36263811594672, 
          88.44717589455335
        ], 
        [
          2.0028623795200233, 
          -18.50666326784517, 
          83.40156122287753
        ], 
        [
          -17.968329889441797, 
          -15.949341995806963, 
          81.14971388116192
        ], 
        [
          -17.36652221283648, 
          -7.922624361112518, 
          84.92799112138087
        ], 
        [
          2.6046700561253413, 
          -10.479945633150727, 
          87.17983846309647
        ], 
        [
          2.2587909888406035, 
          -17.623970785049174, 
          82.13422379142065
        ], 
        [
          -17.712401280121217, 
          -15.066649513010969, 
          79.88237644970503
        ]
      ], 
      "cuboid_centroid": [
        -7.681829916658228, 
        -13.214643814478844, 
        84.1647761721292
      ], 
      "location": [
        -7.681829916658228, 
        -13.214643814478844, 
        84.1647761721292
      ], 
      "pose_transform_permuted": [
        [
          -0.1634804253533206, 
          -0.5638406074520254, 
          0.809541625341439, 
          0.0
        ], 
        [
          -0.9857546624881689, 
          0.12622638315438361, 
          -0.11114854768874281, 
          0.0
        ], 
        [
          0.039515486922705796, 
          0.8161801599659312, 
          0.5764440217235902, 
          0.0
        ], 
        [
          -7.681829916658228, 
          -13.214643814478844, 
          84.1647761721292, 
          1.0
        ]
      ], 
      "projected_cuboid": [
        [
          371.65236424472357, 
          218.80507143647662
        ], 
        [
          495.87755488648656, 
          204.77199964336674
        ], 
        [
          494.51130362343173, 
          154.94383797465724
        ], 
        [
          362.5242983843796, 
          168.46674234402377
        ], 
        [
          371.6322549425676, 
          223.53508776932307
        ], 
        [
          497.6638324724578, 
          209.17584065439084
        ], 
        [
          496.3862332559299, 
          158.84936040766172
        ], 
        [
          362.35810174919396, 
          172.69690112800623
        ]
      ], 
      "projected_cuboid_centroid": [
        432.5146392823463, 
        189.5504591676619
      ], 
      "quaternion_xyzw": [
        -0.07225600795872172, 
        -0.30001355766749976, 
        0.9501942495873592, 
        0.04360736505958284
      ], 
      "visibility": 0.7919675090252708
    }, 
    {
      "bounding_box": {
        "bottom_right": [
          316, 
          498
        ], 
        "top_left": [
          271, 
          450
        ]
      }, 
      "class": "061_foam_brick", 
      "cuboid": [
        [
          2.437191177840065, 
          2.2287587759026324, 
          93.36667451419103
        ], 
        [
          -5.177671850304405, 
          3.814397162943061, 
          92.98824733796607
        ], 
        [
          -5.984362980504934, 
          0.9314287770420069, 
          97.14095417277657
        ], 
        [
          1.6305000476395362, 
          -0.6542096099984213, 
          97.51938134900153
        ], 
        [
          3.1614888397424075, 
          6.438138955358945, 
          96.4296873843671
        ], 
        [
          -4.453374188402062, 
          8.023777342399372, 
          96.05126020814214
        ], 
        [
          -5.260065318602591, 
          5.140808956498319, 
          100.20396704295264
        ], 
        [
          2.354797709541878, 
          3.5551705694578906, 
          100.58239421917759
        ]
      ], 
      "cuboid_centroid": [
        -1.4114370703812633, 
        3.6847838662004757, 
        96.78532077857184
      ], 
      "location": [
        -1.4114370703812633, 
        3.6847838662004757, 
        96.78532077857184
      ], 
      "pose_transform_permuted": [
        [
          -0.13780396805933365, 
          -0.8008714128330309, 
          -0.5827650010887122, 
          0.0
        ], 
        [
          0.9778441141065483, 
          -0.20361589671911656, 
          0.04859480538544908, 
          0.0
        ], 
        [
          0.1575784087185858, 
          0.5631567692127075, 
          -0.8111864757228285, 
          0.0
        ], 
        [
          -1.4114370703812633, 
          3.6847838662004757, 
          96.78532077857184, 
          1.0
        ]
      ], 
      "projected_cuboid": [
        [
          495.63455868421687, 
          286.01742625113326
        ], 
        [
          451.653869866648, 
          295.1634177294356
        ], 
        [
          448.46814724509414, 
          278.4002329348751
        ], 
        [
          490.58835109519623, 
          269.70875896269575
        ], 
        [
          499.22789408696684, 
          308.89368010960305
        ], 
        [
          456.66387831837454, 
          317.8381407239026
        ], 
        [
          453.36790869487737, 
          300.64767118554226
        ], 
        [
          494.1870008505039, 
          292.1371738300309
        ]
      ], 
      "projected_cuboid_centroid": [
        473.7547634400734, 
        293.590933108603
      ], 
      "quaternion_xyzw": [
        0.8837089289477571, 
        -0.10218135564947296, 
        -0.02523714532909241, 
        0.45604888548409156
      ], 
      "visibility": 0.9388122375524895
    }
  ]
}