{
  "camera_data": {
    "location_worldframe": [
      -11.782560790801714, 
      3.60425613029305, 
      82.3953851761838
    ], 
    "quaternion_xyzw_worldframe": [
      0.91800565440555, 
      0.014700767837212513, 
      0.06375140575166728, 
      -0.3911340994023804
    ]
  }, 
  "objects": [
    {
      "bounding_box": {
        "bottom_right": [
          342, 
          626
        ], 
        "top_left": [
          215, 
          454
        ]
      }, 
      "class": "003_cracker_box", 
      "cuboid": [
        [
          -2.4465694111473537, 
          10.865919585631614, 
          75.17707304321696
        ], 
        [
          -2.4447170878714535, 
          -0.13141098282167443, 
          63.00592549566759
        ], 
        [
          18.572233071570366, 
          -2.890280328905897, 
          65.50192090294915
        ], 
        [
          18.570380748294465, 
          8.107050239547393, 
          77.67306845049853
        ], 
        [
          -3.6981070092652306, 
          5.619964115773757, 
          79.91690451529574
        ], 
        [
          -3.696254685989331, 
          -5.377366452679532, 
          67.74575696774636
        ], 
        [
          17.32069547345249, 
          -8.136235798763755, 
          70.24175237502791
        ], 
        [
          17.318843150176587, 
          2.8610947696895352, 
          82.4128999225773
        ]
      ], 
      "cuboid_centroid": [
        7.437063031152567, 
        1.3648418934339304, 
        72.70941270912245
      ], 
      "location": [
        7.437063031152567, 
        1.3648418934339304, 
        72.70941270912245
      ], 
      "pose_transform_permuted": [
        [
          0.17430886184400785, 
          0.7306344840222255, 
          -0.6601436748467886, 
          0.0
        ], 
        [
          -0.000112921748742556, 
          0.6704217430331928, 
          0.7419802380906204, 
          0.0
        ], 
        [
          -0.9846910215551501, 
          0.12925918623413685, 
          -0.11694295550721887, 
          0.0
        ], 
        [
          7.437063031152567, 
          1.3648418934339304, 
          72.70941270912245, 
          1.0
        ]
      ], 
      "projected_cuboid": [
        [
          464.0960286567415, 
          350.37131222968065
        ], 
        [
          460.7310811360474, 
          272.174197355832
        ], 
        [
          634.0731879682818, 
          249.75374567533282
        ], 
        [
          610.1677920575778, 
          328.9512457206233
        ], 
        [
          456.7123604766472, 
          310.7909550736613
        ], 
        [
          452.25629767419764, 
          230.9539261181281
        ], 
        [
          614.202627411811, 
          211.51111612676223
        ], 
        [
          594.6066912168678, 
          291.8015747222544
        ]
      ], 
      "projected_cuboid_centroid": [
        536.6021193178782, 
        283.2975789537051
      ], 
      "quaternion_xyzw": [
        0.6688217137870494, 
        0.6186674006203563, 
        0.34250125296708434, 
        -0.2293927947704177
      ], 
      "visibility": 0.9757715442127157
    }, 
    {
      "bounding_box": {
        "bottom_right": [
          384, 
          471
        ], 
        "top_left": [
          325, 
          403
        ]
      }, 
      "class": "005_tomato_soup_can", 
      "cuboid": [
        [
          -11.736846308417606, 
          15.312388290511207, 
          82.42485444320668
        ], 
        [
          -6.121461249154097, 
          12.153842974516651, 
          80.35883512567513
        ], 
        [
          -0.7894603285346087, 
          16.86669324222781, 
          87.64603086475043
        ], 
        [
          -6.404845387798118, 
          20.025238558222362, 
          89.71205018228198
        ], 
        [
          -13.041730031602006, 
          10.209188238435159, 
          86.68002475222674
        ], 
        [
          -7.426344972338496, 
          7.050642922440605, 
          84.6140054346952
        ], 
        [
          -2.094344051719007, 
          11.76349319015176, 
          91.9012011737705
        ], 
        [
          -7.709729110982516, 
          14.922038506146315, 
          93.96722049130204
        ]
      ], 
      "cuboid_centroid": [
        -6.915595180068307, 
        13.537940740331484, 
        87.1630278084886
      ], 
      "location": [
        -6.915595180068307, 
        13.537940740331484, 
        87.1630278084886
      ], 
      "pose_transform_permuted": [
        [
          0.19270516112416, 
          0.7536403212113377, 
          -0.6284033323746014, 
          0.0
        ], 
        [
          -0.829953878595058, 
          0.4668329790498377, 
          0.30535764292939144, 
          0.0
        ], 
        [
          -0.5234893569029757, 
          -0.46270189982215737, 
          -0.7154480030793817, 
          0.0
        ], 
        [
          -6.915595180068307, 
          13.537940740331484, 
          87.1630278084886, 
          1.0
        ]
      ], 
      "projected_cuboid": [
        [
          405.0224282404363, 
          372.363407399228
        ], 
        [
          440.6320452726812, 
          353.948265580642
        ], 
        [
          476.75322901805686, 
          375.91911267613557
        ], 
        [
          443.20428483568895, 
          392.3324393856945
        ], 
        [
          400.686003826268, 
          336.1010103053847
        ], 
        [
          434.3989594146372, 
          317.7265325800453
        ], 
        [
          469.3419205632352, 
          341.552253822796
        ], 
        [
          437.4751414677261, 
          357.977936902811
        ]
      ], 
      "projected_cuboid_centroid": [
        438.93037494657784, 
        356.1203850168191
      ], 
      "quaternion_xyzw": [
        0.28971861869753174, 
        0.8545553099115084, 
        0.4297815212343738, 
        -0.03295646299854392
      ], 
      "visibility": 0.9229351032448377
    }, 
    {
      "bounding_box": {
        "bottom_right": [
          372, 
          592
        ], 
        "top_left": [
          307, 
          520
        ]
      }, 
      "class": "010_potted_meat_can", 
      "cuboid": [
        [
          17.49521470145454, 
          12.194864843832793, 
          80.78459189853551
        ], 
        [
          7.921051621181141, 
          10.682463972888161, 
          77.72369863098841
        ], 
        [
          7.039269273216023, 
          4.667363327148048, 
          83.4539119782238
        ], 
        [
          16.613432353489422, 
          6.17976419809268, 
          86.51480524577092
        ], 
        [
          15.658501365052008, 
          16.09926254001479, 
          84.60046442896547
        ], 
        [
          6.08433828477861, 
          14.586861669070162, 
          81.53957116141837
        ], 
        [
          5.202555936813492, 
          8.571761023330048, 
          87.26978450865377
        ], 
        [
          14.77671901708689, 
          10.08416189427468, 
          90.33067777620087
        ]
      ], 
      "cuboid_centroid": [
        11.348885319134014, 
        10.38331293358142, 
        84.02718820359463
      ], 
      "location": [
        11.348885319134014, 
        10.38331293358142, 
        84.02718820359463
      ], 
      "pose_transform_permuted": [
        [
          0.3188683134258573, 
          -0.6778350674819229, 
          -0.6624663816126384, 
          0.0
        ], 
        [
          0.9419032042209436, 
          0.14878953016210952, 
          0.3011297334616327, 
          0.0
        ], 
        [
          0.10554832792205224, 
          0.7200005952782356, 
          -0.6858999149087608, 
          0.0
        ], 
        [
          11.348885319134014, 
          10.38331293358142, 
          84.02718820359463, 
          1.0
        ]
      ], 
      "projected_cuboid": [
        [
          598.0585963632183, 
          353.7939724128675
        ], 
        [
          536.402188017717, 
          346.5867968935868
        ], 
        [
          526.9570245317997, 
          303.11373487536173
        ], 
        [
          584.8638580409764, 
          311.3816276815171
        ], 
        [
          581.1305487952901, 
          374.77595704263643
        ], 
        [
          521.72406702512, 
          368.69369887664266
        ], 
        [
          513.6556722042328, 
          325.669937823012
        ], 
        [
          569.567047692274, 
          332.8242404595391
        ]
      ], 
      "projected_cuboid_centroid": [
        554.2285863347511, 
        339.1893040272984
      ], 
      "quaternion_xyzw": [
        0.9116427728435927, 
        0.011858044490710843, 
        0.17002220205004048, 
        0.37397734699769697
      ], 
      "visibility": 0.6272391991570073
    }, 
    {
      "bounding_box": {
        "bottom_right": [
          279, 
          526
        ], 
        "top_left": [
          227, 
          370
        ]
      }, 
      "class": "037_scissors", 
      "cuboid": [
        [
          -14.191232277287902, 
          0.2132959718360812, 
          73.64977847415251
        ], 
        [
          5.942392625023611, 
          -1.428987521464295, 
          75.19874019198352
        ], 
        [
          5.939254758912376, 
          -7.455055498456015, 
          68.85039788822854
        ], 
        [
          -14.194370143399137, 
          -5.8127720051556375, 
          67.30143617039755
        ], 
        [
          -14.016791067999023, 
          1.3416023181914463, 
          72.57866471236011
        ], 
        [
          6.116833834312489, 
          -0.30068117510893, 
          74.1276264301911
        ], 
        [
          6.113695968201253, 
          -6.32674915210065, 
          67.77928412643614
        ], 
        [
          -14.01992893411026, 
          -4.684465658800272, 
          66.23032240860513
        ]
      ], 
      "cuboid_centroid": [
        -4.038768154543323, 
        -3.0567265901322838, 
        70.71453130029433
      ], 
      "location": [
        -4.038768154543323, 
        -3.0567265901322838, 
        70.71453130029433
      ], 
      "pose_transform_permuted": [
        [
          -0.11142842986331292, 
          -0.7207322460771641, 
          0.6841991360187423, 
          0.0
        ], 
        [
          -0.9937721470483439, 
          0.0810611899803396, 
          -0.07645493643064127, 
          0.0
        ], 
        [
          0.0003584903482511461, 
          0.6884574201309571, 
          0.7252761471059938, 
          0.0
        ], 
        [
          -4.038768154543323, 
          -3.0567265901322838, 
          70.71453130029433, 
          1.0
        ]
      ], 
      "projected_cuboid": [
        [
          377.9778288923098, 
          274.83107648716384
        ], 
        [
          524.0925274850849, 
          263.1519662138972
        ], 
        [
          527.98630722863, 
          215.5392015403472
        ], 
        [
          368.17866448852266, 
          227.22414586532074
        ], 
        [
          377.74112312394465, 
          283.144845404904
        ], 
        [
          525.972065284618, 
          271.1232532966421
        ], 
        [
          530.1034195407966, 
          223.50467226664716
        ], 
        [
          367.7607923200336, 
          235.5648844898874
        ]
      ], 
      "projected_cuboid_centroid": [
        450.8833791509933, 
        250.2331128799566
      ], 
      "quaternion_xyzw": [
        -0.051200432151175625, 
        -0.39405433320462674, 
        0.917391506282629, 
        0.02218782269374616
      ], 
      "visibility": 0.8158532364139841
    }, 
    {
      "bounding_box": {
        "bottom_right": [
          367, 
          516
        ], 
        "top_left": [
          319, 
          465
        ]
      }, 
      "class": "061_foam_brick", 
      "cuboid": [
        [
          5.284264008871092, 
          10.913858420361269, 
          82.69253830990864
        ], 
        [
          -2.4207601065919064, 
          12.04354798250105, 
          82.69271966425113
        ], 
        [
          -2.9610938578623993, 
          8.357649202888592, 
          86.20404718717182
        ], 
        [
          4.743930257600599, 
          7.227959640748812, 
          86.20386583282932
        ], 
        [
          5.80732936294799, 
          14.480800758876288, 
          86.51730777095781
        ], 
        [
          -1.8976947525150076, 
          15.61049032101607, 
          86.51748912530032
        ], 
        [
          -2.4380285037855005, 
          11.924591541403611, 
          90.028816648221
        ], 
        [
          5.266995611677498, 
          10.79490197926383, 
          90.0286352938785
        ]
      ], 
      "cuboid_centroid": [
        1.4231177525427954, 
        11.41922498088244, 
        86.36067747906482
      ], 
      "location": [
        1.4231177525427954, 
        11.41922498088244, 
        86.36067747906482
      ], 
      "pose_transform_permuted": [
        [
          -0.09951776063564827, 
          -0.6786419920163752, 
          -0.7276958581647359, 
          0.0
        ], 
        [
          0.9894219308354925, 
          -0.14506633737510105, 
          -2.3288176783431425e-05, 
          0.0
        ], 
        [
          0.10554836853230648, 
          0.7200005586335466, 
          -0.6858999471260724, 
          0.0
        ], 
        [
          1.4231177525427954, 
          11.41922498088244, 
          86.36067747906482, 
          1.0
        ]
      ], 
      "projected_cuboid": [
        [
          515.9615607906477, 
          343.6746835444856
        ], 
        [
          465.8544779066102, 
          350.96036484319586
        ], 
        [
          463.12496968783347, 
          324.9929036871802
        ], 
        [
          511.19104347636994, 
          318.0039341856548
        ], 
        [
          517.6935780244659, 
          362.5506959133205
        ], 
        [
          469.8016279213938, 
          369.51425188381313
        ], 
        [
          467.03413190123894, 
          343.92634451357196
        ], 
        [
          513.0581782659975, 
          337.23433198232703
        ]
      ], 
      "projected_cuboid_centroid": [
        490.4587587449987, 
        343.8058586342646
      ], 
      "quaternion_xyzw": [
        0.9269733474639084, 
        -0.06758951230719316, 
        -0.026845714896972083, 
        0.36801002501195856
      ], 
      "visibility": 0.5801636976408281
    }
  ]
}