{
  "camera_data": {
    "location_worldframe": [
      -10.071457885488247, 
      5.376267044163711, 
      81.48248638589276
    ], 
    "quaternion_xyzw_worldframe": [
      0.9294718856495956, 
      -0.004279569385838648, 
      0.10637512476405235, 
      -0.3531973223902782
    ]
  }, 
  "objects": [
    {
      "bounding_box": {
        "bottom_right": [
          347, 
          639
        ], 
        "top_left": [
          208, 
          469
        ]
      }, 
      "class": "003_cracker_box", 
      "cuboid": [
        [
          0.204185641034417, 
          11.379711488430948, 
          74.38567531948026
        ], 
        [
          0.10740659786701579, 
          -0.49593006428089187, 
          63.070292550193855
        ], 
        [
          20.667211981308547, 
          -4.536455729135305, 
          67.1350314216414
        ], 
        [
          20.76399102447595, 
          7.339185823576535, 
          78.4504141909278
        ], 
        [
          -1.7233570246918752, 
          6.616840759333055, 
          79.40085619604392
        ], 
        [
          -1.8201360678592766, 
          -5.258800793378783, 
          68.08547342675753
        ], 
        [
          18.73966931558225, 
          -9.299326458233196, 
          72.15021229820506
        ], 
        [
          18.836448358749657, 
          2.576315094478642, 
          83.46559506749148
        ]
      ], 
      "cuboid_centroid": [
        9.471927478308336, 
        1.0401925150988751, 
        73.26794380884266
      ], 
      "location": [
        9.471927478308336, 
        1.0401925150988751, 
        73.26794380884266
      ], 
      "pose_transform_permuted": [
        [
          0.26845998771734025, 
          0.6633524850932998, 
          -0.698493174995539, 
          0.0
        ], 
        [
          0.005899865827030393, 
          0.7239655350767772, 
          0.6898109129349999, 
          0.0
        ], 
        [
          -0.9632727685230327, 
          0.18930764522738736, 
          -0.19044208799641127, 
          0.0
        ], 
        [
          9.471927478308336, 
          1.0401925150988751, 
          73.26794380884266, 
          1.0
        ]
      ], 
      "projected_cuboid": [
        [
          483.0732093781715, 
          354.87513634465427
        ], 
        [
          482.51286323875127, 
          269.09297545825797
        ], 
        [
          647.1452593395794, 
          237.24900843383026
        ], 
        [
          623.9306355432042, 
          323.1796018309064
        ], 
        [
          469.9251622542568, 
          317.73052668307315
        ], 
        [
          467.2209674891815, 
          232.09388254485512
        ], 
        [
          621.2712231195051, 
          204.54782256395188
        ], 
        [
          602.9592201048523, 
          289.7484021925973
        ]
      ], 
      "projected_cuboid_centroid": [
        551.1180835228727, 
        280.85813081905667
      ], 
      "quaternion_xyzw": [
        0.6880589883959726, 
        0.6130427521676446, 
        0.348179050347956, 
        -0.171827708478656
      ], 
      "visibility": 0.9743377025606991
    }, 
    {
      "bounding_box": {
        "bottom_right": [
          396, 
          484
        ], 
        "top_left": [
          337, 
          416
        ]
      }, 
      "class": "005_tomato_soup_can", 
      "cuboid": [
        [
          -9.142708775547396, 
          17.019004859609655, 
          80.66600762824422
        ], 
        [
          -3.66799174798478, 
          13.32056547739745, 
          79.20778497665006
        ], 
        [
          1.5566417524004756, 
          18.191658103594072, 
          86.46864405919771
        ], 
        [
          -3.918075275162141, 
          21.890097485806276, 
          87.92686671079186
        ], 
        [
          -11.083385637381252, 
          12.364512404107176, 
          85.18500308751608
        ], 
        [
          -5.608668609818635, 
          8.66607302189497, 
          83.72678043592192
        ], 
        [
          -0.38403510943337965, 
          13.537165648091593, 
          90.98763951846956
        ], 
        [
          -5.858752136995996, 
          17.235605030303798, 
          92.44586217006372
        ]
      ], 
      "cuboid_centroid": [
        -4.763371942490388, 
        15.278085253850623, 
        85.82682357335689
      ], 
      "location": [
        -4.763371942490388, 
        15.278085253850623, 
        85.82682357335689
      ], 
      "pose_transform_permuted": [
        [
          0.2865990591383703, 
          0.6873752064282906, 
          -0.6673650169941383, 
          0.0
        ], 
        [
          -0.809163144340442, 
          0.5466293188482283, 
          0.21552529929345146, 
          0.0
        ], 
        [
          -0.512948154339901, 
          -0.47823794186559004, 
          -0.7128623022151291, 
          0.0
        ], 
        [
          -4.763371942490388, 
          15.278085253850623, 
          85.82682357335689, 
          1.0
        ]
      ], 
      "projected_cuboid": [
        [
          420.6467388564198, 
          385.80690243959475
        ], 
        [
          456.69403741407115, 
          362.97618692318764
        ], 
        [
          491.2781035732866, 
          385.4886850436543
        ], 
        [
          457.6339736304233, 
          406.0607184273882
        ], 
        [
          411.6288144205362, 
          350.6973070424894
        ], 
        [
          445.5734676923277, 
          328.4873521976811
        ], 
        [
          479.3273073650753, 
          352.63396999491704
        ], 
        [
          447.51629994603684, 
          372.71863234120576
        ]
      ], 
      "projected_cuboid_centroid": [
        451.75127116875063, 
        368.22308252537476
      ], 
      "quaternion_xyzw": [
        0.30820605513486055, 
        0.8594716550300205, 
        0.40729601158124024, 
        0.020673677668414877
      ], 
      "visibility": 0.9540021731256791
    }, 
    {
      "bounding_box": {
        "bottom_right": [
          372, 
          607
        ], 
        "top_left": [
          310, 
          530
        ]
      }, 
      "class": "010_potted_meat_can", 
      "cuboid": [
        [
          19.815582305017966, 
          11.720652973012848, 
          81.1800154998947
        ], 
        [
          10.356150796734054, 
          10.658981794495926, 
          77.61448152498834
        ], 
        [
          8.67887249919761, 
          5.181374183798271, 
          83.69534275249889
        ], 
        [
          18.13830400748152, 
          6.243045362315193, 
          87.26087672740526
        ], 
        [
          18.052905322244804, 
          16.02802148781204, 
          84.57387270824607
        ], 
        [
          8.593473813960895, 
          14.966350309295114, 
          81.0083387333397
        ], 
        [
          6.916195516424452, 
          9.488742698597461, 
          87.08919996085027
        ], 
        [
          16.37562702470836, 
          10.550413877114384, 
          90.65473393575662
        ]
      ], 
      "cuboid_centroid": [
        13.365888910721207, 
        10.604697835805155, 
        84.13460773037248
      ], 
      "location": [
        13.365888910721207, 
        10.604697835805155, 
        84.13460773037248
      ], 
      "pose_transform_permuted": [
        [
          0.30601500270713744, 
          -0.747794065843625, 
          -0.5892011031807627, 
          0.0
        ], 
        [
          0.9306159476350532, 
          0.10444688235303798, 
          0.35077613025440973, 
          0.0
        ], 
        [
          0.2007682736827945, 
          0.6556633001969727, 
          -0.7278720609126621, 
          0.0
        ], 
        [
          13.365888910721207, 
          10.604697835805155, 
          84.13460773037248, 
          1.0
        ]
      ], 
      "projected_cuboid": [
        [
          612.8622221257659, 
          350.28644638954546
        ], 
        [
          553.3512720951455, 
          346.52858786666445
        ], 
        [
          537.3610482288221, 
          306.3030503592942
        ], 
        [
          593.3782888947734, 
          311.44267937283627
        ], 
        [
          596.3866913551129, 
          374.3586240194751
        ], 
        [
          538.643801307692, 
          371.817724194511
        ], 
        [
          524.3036399687848, 
          331.393999103011
        ], 
        [
          578.737313213398, 
          335.354364855354
        ]
      ], 
      "projected_cuboid_centroid": [
        567.0279555987555, 
        340.50849553274924
      ], 
      "quaternion_xyzw": [
        0.8909938763836692, 
        -0.02702638982231337, 
        0.1842860962264144, 
        0.41405058044440857
      ], 
      "visibility": 0.6576552462526767
    }, 
    {
      "bounding_box": {
        "bottom_right": [
          286, 
          538
        ], 
        "top_left": [
          232, 
          385
        ]
      }, 
      "class": "037_scissors", 
      "cuboid": [
        [
          -12.198751707043215, 
          1.500179906578452, 
          72.86642608093487
        ], 
        [
          7.62326727890498, 
          -1.440348682273666, 
          75.84972695773287
        ], 
        [
          7.546791502037983, 
          -7.92264827024996, 
          69.9684942108975
        ], 
        [
          -12.27522748391021, 
          -4.982119681397842, 
          66.98519333409949
        ], 
        [
          -11.875359074597238, 
          2.5273129324109402, 
          71.73011424435613
        ], 
        [
          7.946659911350956, 
          -0.4132156564411776, 
          74.71341512115414
        ], 
        [
          7.87018413448396, 
          -6.895515244417472, 
          68.83218237431878
        ], 
        [
          -11.951834851464236, 
          -3.954986655565354, 
          65.84888149752078
        ]
      ], 
      "cuboid_centroid": [
        -2.164283786279628, 
        -2.69766766891951, 
        70.84930422762682
      ], 
      "location": [
        -2.164283786279628, 
        -2.69766766891951, 
        70.84930422762682
      ], 
      "pose_transform_permuted": [
        [
          -0.20657465864699212, 
          -0.6561054053445221, 
          0.7258459414563185, 
          0.0
        ], 
        [
          -0.9783916439327928, 
          0.14514104754505042, 
          -0.14725223758819445, 
          0.0
        ], 
        [
          0.008737092951056796, 
          0.7405803034239915, 
          0.6719104961204367, 
          0.0
        ], 
        [
          -2.164283786279628, 
          -2.69766766891951, 
          70.84930422762682, 
          1.0
        ]
      ], 
      "projected_cuboid": [
        [
          391.5686419786783, 
          284.26656493609175
        ], 
        [
          535.6449741650514, 
          263.1590637022021
        ], 
        [
          539.6002170381772, 
          212.8978799039085
        ], 
        [
          383.05028103312645, 
          233.62013023458698
        ], 
        [
          392.56694728941284, 
          292.07732751043005
        ], 
        [
          538.7946654921359, 
          270.3369204154916
        ], 
        [
          543.0843225342528, 
          219.85930105461253
        ], 
        [
          383.9907531901424, 
          241.25453095830963
        ]
      ], 
      "projected_cuboid_centroid": [
        465.1696114607724, 
        252.97978956087115
      ], 
      "quaternion_xyzw": [
        -0.09531861279512073, 
        -0.3577586521669104, 
        0.9280110302163848, 
        0.041453747715753816
      ], 
      "visibility": 0.8152173913043478
    }, 
    {
      "bounding_box": {
        "bottom_right": [
          377, 
          530
        ], 
        "top_left": [
          325, 
          476
        ]
      }, 
      "class": "061_foam_brick", 
      "cuboid": [
        [
          7.450115598876287, 
          11.459152008328196, 
          82.36947764667572
        ], 
        [
          -0.13346646116290523, 
          13.128666922478793, 
          81.78160159711783
        ], 
        [
          -1.1612564868923856, 
          9.772130012986944, 
          85.50779791343838
        ], 
        [
          6.422325573146806, 
          8.102615098836347, 
          86.09567396299627
        ], 
        [
          8.010140644574541, 
          15.264379952730092, 
          85.95167650777132
        ], 
        [
          0.4265585845353498, 
          16.93389486688069, 
          85.36380045821343
        ], 
        [
          -0.6012314411941305, 
          13.57735795738884, 
          89.08999677453399
        ], 
        [
          6.982350618845061, 
          11.907843043238241, 
          89.67787282409188
        ]
      ], 
      "cuboid_centroid": [
        3.4244420788410777, 
        12.518254982858517, 
        85.72973721060485
      ], 
      "location": [
        3.4244420788410777, 
        12.518254982858517, 
        85.72973721060485
      ], 
      "pose_transform_permuted": [
        [
          -0.10654966537809227, 
          -0.7239779136268215, 
          -0.6815446789377577, 
          0.0
        ], 
        [
          0.9738272446720951, 
          -0.21438669693485748, 
          0.07549067301141893, 
          0.0
        ], 
        [
          0.20076769247608553, 
          0.6556632708623507, 
          -0.7278722476505834, 
          0.0
        ], 
        [
          3.4244420788410777, 
          12.518254982858517, 
          85.72973721060485, 
          1.0
        ]
      ], 
      "projected_cuboid": [
        [
          530.2364949310427, 
          347.4813774678677
        ], 
        [
          480.7194455492318, 
          358.90206805117106
        ], 
        [
          474.2938526855184, 
          334.2361640084829
        ], 
        [
          521.7116932855913, 
          323.47818069933663
        ], 
        [
          531.7131993776434, 
          368.0001385127751
        ], 
        [
          484.2842486526399, 
          379.08287909314186
        ], 
        [
          477.9679227728571, 
          354.56469656893086
        ], 
        [
          523.4675640782236, 
          344.1031807974894
        ]
      ], 
      "projected_cuboid_centroid": [
        503.0778503551077, 
        351.16185577329196
      ], 
      "quaternion_xyzw": [
        0.9098125073981181, 
        -0.11407690761424064, 
        -0.008534448612796015, 
        0.39894213078840995
      ], 
      "visibility": 0.6617982656321314
    }
  ]
}