{
  "camera_data": {
    "location_worldframe": [
      -15.119472461454613, 
      1.3857239859398018, 
      86.68478840127047
    ], 
    "quaternion_xyzw_worldframe": [
      0.8952699571618313, 
      0.030576857072880107, 
      0.019333031915372608, 
      -0.4440539066423865
    ]
  }, 
  "objects": [
    {
      "bounding_box": {
        "bottom_right": [
          333, 
          589
        ], 
        "top_left": [
          227, 
          426
        ]
      }, 
      "class": "003_cracker_box", 
      "cuboid": [
        [
          -6.83431163167769, 
          10.068923283631188, 
          79.75986885415345
        ], 
        [
          -6.963240226094889, 
          0.4935138083348157, 
          66.44172234327957
        ], 
        [
          14.316405531457654, 
          -0.9388150185669183, 
          67.26552918416992
        ], 
        [
          14.445334125874854, 
          8.636594456729455, 
          80.5836756950438
        ], 
        [
          -7.387284625970995, 
          4.25912680241346, 
          83.94231828592845
        ], 
        [
          -7.516213220388194, 
          -5.316282672882913, 
          70.62417177505456
        ], 
        [
          13.76343253716435, 
          -6.748611499784647, 
          71.44797861594492
        ], 
        [
          13.892361131581549, 
          2.8267979755117256, 
          84.7661251268188
        ]
      ], 
      "cuboid_centroid": [
        3.46456045274333, 
        1.6601558919232706, 
        75.60392373504918
      ], 
      "location": [
        3.46456045274333, 
        1.6601558919232706, 
        75.60392373504918
      ], 
      "pose_transform_permuted": [
        [
          0.07701573920806848, 
          0.8091638746685117, 
          -0.5825138623635283, 
          0.0
        ], 
        [
          0.007859774011335807, 
          0.583738269094117, 
          0.8119038472303814, 
          0.0
        ], 
        [
          -0.9969988966226219, 
          0.06710780227697016, 
          -0.03859718910529028, 
          0.0
        ], 
        [
          3.46456045274333, 
          1.6601558919232706, 
          75.60392373504918, 
          1.0
        ]
      ], 
      "projected_cuboid": [
        [
          435.5181708483224, 
          340.6130525025131
        ], 
        [
          425.23820439094777, 
          277.2479129920118
        ], 
        [
          596.0516471556316, 
          265.8430756248684
        ], 
        [
          577.9960091153949, 
          330.4453225113456
        ], 
        [
          434.27152530100216, 
          300.3464974550227
        ], 
        [
          424.3652613757582, 
          233.14054280923625
        ], 
        [
          585.1896258763891, 
          222.91189139561956
        ], 
        [
          569.7314733710107, 
          291.0717878764074
        ]
      ], 
      "projected_cuboid_centroid": [
        506.24018096342155, 
        284.99748636266565
      ], 
      "quaternion_xyzw": [
        0.6437160551539464, 
        0.6139108823915777, 
        0.3452296937917225, 
        -0.2992649784767829
      ], 
      "visibility": 0.984529381175247
    }, 
    {
      "bounding_box": {
        "bottom_right": [
          363, 
          451
        ], 
        "top_left": [
          308, 
          385
        ]
      }, 
      "class": "005_tomato_soup_can", 
      "cuboid": [
        [
          -15.860186749084379, 
          12.991362244621603, 
          88.04258874090777
        ], 
        [
          -10.207205322425459, 
          10.50606832736925, 
          85.27771824988614
        ], 
        [
          -4.696700427483642, 
          14.783430326224048, 
          92.6995053215101
        ], 
        [
          -10.349681854142561, 
          17.268724243476402, 
          95.46437581253173
        ], 
        [
          -16.510557433284536, 
          7.371849674543965, 
          91.76413991067271
        ], 
        [
          -10.857576006625616, 
          4.886555757291609, 
          88.99926941965109
        ], 
        [
          -5.347071111683798, 
          9.16391775614641, 
          96.42105649127505
        ], 
        [
          -11.000052538342718, 
          11.649211673398764, 
          99.18592698229668
        ]
      ], 
      "cuboid_centroid": [
        -10.603628930384088, 
        11.077640000384006, 
        92.2318226160914
      ], 
      "location": [
        -10.603628930384088, 
        11.077640000384006, 
        92.2318226160914
      ], 
      "pose_transform_permuted": [
        [
          0.09604670919135257, 
          0.8298893273136672, 
          -0.5495984853357052, 
          0.0
        ], 
        [
          -0.8355106214740582, 
          0.3673264262919183, 
          0.40864784224385714, 
          0.0
        ], 
        [
          -0.5410146597140195, 
          -0.4199461919375613, 
          -0.7286620161993239, 
          0.0
        ], 
        [
          -10.603628930384088, 
          11.077640000384006, 
          92.2318226160914, 
          1.0
        ]
      ], 
      "projected_cuboid": [
        [
          384.7230690149353, 
          351.9819511469468
        ], 
        [
          417.2301059938817, 
          338.9905940480106
        ], 
        [
          454.3507911092375, 
          358.3386951863346
        ], 
        [
          423.2958813633588, 
          369.7596855513093
        ], 
        [
          384.84049610743614, 
          316.1306358987184
        ], 
        [
          415.991882286343, 
          302.5687545278768
        ], 
        [
          451.77513446845967, 
          323.97356606191374
        ], 
        [
          421.9572327988851, 
          335.9239796321884
        ]
      ], 
      "projected_cuboid_centroid": [
        419.77187759081056, 
        337.3416783868908
      ], 
      "quaternion_xyzw": [
        0.27117412611139285, 
        0.8374149656453671, 
        0.46528644920737383, 
        -0.09332324650168917
      ], 
      "visibility": 0.813953488372093
    }, 
    {
      "bounding_box": {
        "bottom_right": [
          364, 
          561
        ], 
        "top_left": [
          301, 
          497
        ]
      }, 
      "class": "010_potted_meat_can", 
      "cuboid": [
        [
          13.322871178507633, 
          12.26920576570975, 
          84.20195273579651
        ], 
        [
          3.6777764161060205, 
          10.386293908448957, 
          81.60429751627657
        ], 
        [
          3.6154453063245695, 
          3.733950055615404, 
          86.65768815908481
        ], 
        [
          13.260540068726185, 
          5.616861912876197, 
          89.25534337860475
        ], 
        [
          11.505311554141532, 
          15.586279478703105, 
          88.54616951365219
        ], 
        [
          1.8602167917399166, 
          13.703367621442311, 
          85.94851429413227
        ], 
        [
          1.7978856819584659, 
          7.05102376860876, 
          91.00190493694049
        ], 
        [
          11.44298044436008, 
          8.933935625869552, 
          93.59956015646043
        ]
      ], 
      "cuboid_centroid": [
        7.56037843023305, 
        9.660114767159254, 
        87.6019288363685
      ], 
      "location": [
        7.56037843023305, 
        9.660114767159254, 
        87.6019288363685
      ], 
      "pose_transform_permuted": [
        [
          0.3155430738624194, 
          -0.5758708664048335, 
          -0.7541912227981825, 
          0.0
        ], 
        [
          0.9488814411819376, 
          0.1852402864615613, 
          0.25555651749533564, 
          0.0
        ], 
        [
          0.007460961800993426, 
          0.7962778706666732, 
          -0.6048850194339028, 
          0.0
        ], 
        [
          7.56037843023305, 
          9.660114767159254, 
          87.6019288363685, 
          1.0
        ]
      ], 
      "projected_cuboid": [
        [
          566.6848907280555, 
          350.9974163186731
        ], 
        [
          505.83324149901154, 
          341.16548684245777
        ], 
        [
          504.03312106982725, 
          296.2664804371689
        ], 
        [
          561.4919083017994, 
          306.8484777008121
        ], 
        [
          551.4718316432126, 
          367.1637561652132
        ], 
        [
          493.23610282944145, 
          358.3173772917957
        ], 
        [
          492.22144261781096, 
          314.6092889701102
        ], 
        [
          547.3412150191552, 
          324.19108086712885
        ]
      ], 
      "projected_cuboid_centroid": [
        528.0081417328208, 
        332.0972108677604
      ], 
      "quaternion_xyzw": [
        0.9353275542085234, 
        0.047517932049752666, 
        0.15264694939972687, 
        0.3155995673723883
      ], 
      "visibility": 0.5610795454545454
    }, 
    {
      "bounding_box": {
        "bottom_right": [
          271, 
          497
        ], 
        "top_left": [
          226, 
          347
        ]
      }, 
      "class": "037_scissors", 
      "cuboid": [
        [
          -17.914200714907164, 
          -1.2035801527071348, 
          77.78136439527434
        ], 
        [
          2.3434228788907983, 
          -1.492171829757924, 
          77.84941113353885
        ], 
        [
          2.291616451288096, 
          -6.774345164213362, 
          70.87009053092996
        ], 
        [
          -17.966007142509866, 
          -6.485753487162572, 
          70.80204379266544
        ], 
        [
          -17.893245525678235, 
          0.0445275765902961, 
          76.83660113734278
        ], 
        [
          2.3643780681197253, 
          -0.24406410046049348, 
          76.9046478756073
        ], 
        [
          2.3125716405170236, 
          -5.526237434915932, 
          69.92532727299842
        ], 
        [
          -17.945051953280938, 
          -5.237645757865142, 
          69.8572805347339
        ]
      ], 
      "cuboid_centroid": [
        -7.80081453719507, 
        -3.3649087938115327, 
        73.85334583413638
      ], 
      "location": [
        -7.80081453719507, 
        -3.3649087938115327, 
        73.85334583413638
      ], 
      "pose_transform_permuted": [
        [
          -0.013385620535346789, 
          -0.7972582003004074, 
          0.6034897766016172, 
          0.0
        ], 
        [
          -0.9998925772474546, 
          0.014244547214650793, 
          -0.0033587073124125774, 
          0.0
        ], 
        [
          0.005918705137369238, 
          0.6034700306084388, 
          0.7973632349792441, 
          0.0
        ], 
        [
          -7.80081453719507, 
          -3.3649087938115327, 
          73.85334583413638, 
          1.0
        ]
      ], 
      "projected_cuboid": [
        [
          357.74204769273564, 
          265.0340102667912
        ], 
        [
          497.78484091882825, 
          263.0641811687275
        ], 
        [
          498.98591200536805, 
          222.307473157764
        ], 
        [
          345.13953669763583, 
          224.4323077779469
        ], 
        [
          356.3658191086289, 
          273.5956019982612
        ], 
        [
          498.1302369322169, 
          271.5939983506035
        ], 
        [
          499.38201006740337, 
          231.13799523972372
        ], 
        [
          343.45537271020186, 
          233.30016818575064
        ]
      ], 
      "projected_cuboid_centroid": [
        424.79534508989923, 
        248.9874119898407
      ], 
      "quaternion_xyzw": [
        -0.004675178945706889, 
        -0.44523379071259245, 
        0.8953843287183317, 
        0.0056297758697882415
      ], 
      "visibility": 0.8072813612979818
    }, 
    {
      "bounding_box": {
        "bottom_right": [
          351, 
          492
        ], 
        "top_left": [
          309, 
          444
        ]
      }, 
      "class": "061_foam_brick", 
      "cuboid": [
        [
          1.393849877784054, 
          9.877112496253229, 
          86.72484222520703
        ], 
        [
          -6.349927944517029, 
          10.41978767081257, 
          87.34371527625888
        ], 
        [
          -6.388121017209524, 
          6.3434021815787665, 
          90.44030274989714
        ], 
        [
          1.3556568050915585, 
          5.800727007019427, 
          89.8214296988453
        ], 
        [
          1.9480071315476344, 
          13.03546249294813, 
          90.88936758562683
        ], 
        [
          -5.795770690753449, 
          13.57813766750747, 
          91.50824063667868
        ], 
        [
          -5.8339637634459445, 
          9.501752178273668, 
          94.60482811031693
        ], 
        [
          1.909814058855139, 
          8.959077003714327, 
          93.98595505926508
        ]
      ], 
      "cuboid_centroid": [
        -2.220056942830945, 
        9.689432337263447, 
        90.66483516776198
      ], 
      "location": [
        -2.220056942830945, 
        9.689432337263447, 
        90.66483516776198
      ], 
      "pose_transform_permuted": [
        [
          -0.10543326661708999, 
          -0.6009037236453533, 
          -0.7923373910144584, 
          0.0
        ], 
        [
          0.9943983938383557, 
          -0.069686312590694, 
          -0.07947107756417143, 
          0.0
        ], 
        [
          0.007460604677109239, 
          0.7962779243120213, 
          -0.604884953219363, 
          0.0
        ], 
        [
          -2.220056942830945, 
          9.689432337263447, 
          90.66483516776198, 
          1.0
        ]
      ], 
      "projected_cuboid": [
        [
          490.2400633355417, 
          334.0264296235236
        ], 
        [
          442.5013796982873, 
          336.90962522650096
        ], 
        [
          443.6128793154271, 
          310.6930979386925
        ], 
        [
          489.7134334651736, 
          307.72866743590527
        ], 
        [
          493.12281925764177, 
          349.7758744996221
        ], 
        [
          447.5372192919412, 
          352.42134235197136
        ], 
        [
          448.4349582950344, 
          326.8511457539197
        ], 
        [
          492.52454525254115, 
          324.12446594850445
        ]
      ], 
      "projected_cuboid_centroid": [
        468.4291552300295, 
        330.2828806727614
      ], 
      "quaternion_xyzw": [
        0.9464425113503772, 
        -0.020378130827442064, 
        -0.0488419375619131, 
        0.31850552527070713
      ], 
      "visibility": 0.43400211193241817
    }
  ]
}