{
  "camera_data": {
    "location_worldframe": [
      -16.31224164404677, 
      2.0309030063370743, 
      84.65386253784638
    ], 
    "quaternion_xyzw_worldframe": [
      0.9040459801064309, 
      0.017612015740355983, 
      -0.03183576804980001, 
      -0.42588527916291363
    ]
  }, 
  "objects": [
    {
      "bounding_box": {
        "bottom_right": [
          339, 
          572
        ], 
        "top_left": [
          228, 
          399
        ]
      }, 
      "class": "003_cracker_box", 
      "cuboid": [
        [
          -8.977964785053754, 
          10.555197985452805, 
          76.55805148752462
        ], 
        [
          -10.239553062407806, 
          0.4028550688982647, 
          63.735553914497615
        ], 
        [
          11.040908178559764, 
          -0.5924780807575157, 
          62.42986312442949
        ], 
        [
          12.302496455913817, 
          9.559864835797024, 
          75.25236069745651
        ], 
        [
          -8.967851164090748, 
          4.925526620991234, 
          81.01440600414189
        ], 
        [
          -10.229439441444798, 
          -5.226816295563306, 
          68.19190843111487
        ], 
        [
          11.051021799522772, 
          -6.222149445219086, 
          66.88621764104676
        ], 
        [
          12.312610076876823, 
          3.9301934713354534, 
          79.70871521407376
        ]
      ], 
      "cuboid_centroid": [
        1.036528507234509, 
        2.166524270116859, 
        71.72213456428568
      ], 
      "location": [
        1.036528507234509, 
        2.166524270116859, 
        71.72213456428568
      ], 
      "pose_transform_permuted": [
        [
          -0.001408582340502229, 
          0.7840768104536595, 
          -0.6206622037828676, 
          0.0
        ], 
        [
          0.07690922871048178, 
          0.6189094154823116, 
          0.7816879850467844, 
          0.0
        ], 
        [
          -0.9970371038406488, 
          0.046633579491168475, 
          0.0611745276147847, 
          0.0
        ], 
        [
          1.036528507234509, 
          2.166524270116859, 
          71.72213456428568, 
          1.0
        ]
      ], 
      "projected_cuboid": [
        [
          418.5334680761945, 
          346.81628019029904
        ], 
        [
          395.2015981735327, 
          276.65750574161876
        ], 
        [
          576.7022454740766, 
          268.2251755620134
        ], 
        [
          569.5124496033388, 
          341.03807537037574
        ], 
        [
          422.0695367690987, 
          305.71138602970865
        ], 
        [
          400.92731545510355, 
          232.40832307008884
        ], 
        [
          570.447090741831, 
          223.67401292640238
        ], 
        [
          564.665509586056, 
          299.58289890364085
        ]
      ], 
      "projected_cuboid_centroid": [
        489.3688363344148, 
        289.39662488401126
      ], 
      "quaternion_xyzw": [
        0.6603417698405345, 
        0.6117841522099966, 
        0.29540740808154214, 
        -0.32000525208051106
      ], 
      "visibility": 0.9813816200261112
    }, 
    {
      "bounding_box": {
        "bottom_right": [
          373, 
          446
        ], 
        "top_left": [
          314, 
          376
        ]
      }, 
      "class": "005_tomato_soup_can", 
      "cuboid": [
        [
          -17.179487960605062, 
          13.66907174313988, 
          85.59410190987718
        ], 
        [
          -11.781140594590374, 
          11.171116011167982, 
          82.3699033157525
        ], 
        [
          -5.64461027476808, 
          15.87321431893951, 
          89.00147027544637
        ], 
        [
          -11.04295764078277, 
          18.371170050911406, 
          92.22566886957107
        ], 
        [
          -17.317527713638526, 
          8.207378423193584, 
          89.59443911650652
        ], 
        [
          -11.919180347623834, 
          5.709422691221688, 
          86.37024052238182
        ], 
        [
          -5.782650027801542, 
          10.411520998993216, 
          93.0018074820757
        ], 
        [
          -11.180997393816233, 
          12.909476730965114, 
          96.22600607620039
        ]
      ], 
      "cuboid_centroid": [
        -11.481068994203303, 
        12.040296371066548, 
        89.29795469597644
      ], 
      "location": [
        -11.481068994203303, 
        12.040296371066548, 
        89.29795469597644
      ], 
      "pose_transform_permuted": [
        [
          0.020385703628010867, 
          0.8065825885715843, 
          -0.5907695929206868, 
          0.0
        ], 
        [
          -0.7978757088146925, 
          0.3691978424326868, 
          0.47653653316972716, 
          0.0
        ], 
        [
          -0.6024770735347428, 
          -0.4616462854893698, 
          -0.6510791679656786, 
          0.0
        ], 
        [
          -11.481068994203303, 
          12.040296371066548, 
          89.29795469597644, 
          1.0
        ]
      ], 
      "projected_cuboid": [
        [
          373.66310795871095, 
          358.4557667217932
        ], 
        [
          404.68216152866324, 
          345.616050276653
        ], 
        [
          447.4912471368855, 
          368.40289974448945
        ], 
        [
          417.2060449769717, 
          379.52273961608614
        ], 
        [
          377.65375103839114, 
          322.14175358129523
        ], 
        [
          407.3850919930899, 
          308.5411223314831
        ], 
        [
          448.1600725938471, 
          332.99148554851195
        ], 
        [
          419.11148618641823, 
          344.83556126380915
        ]
      ], 
      "projected_cuboid_centroid": [
        412.4565628960842, 
        345.1955292202188
      ], 
      "quaternion_xyzw": [
        0.28777055229584725, 
        0.844140330043641, 
        0.4317000694842715, 
        -0.13509330537439604
      ], 
      "visibility": 0.7172054998141955
    }, 
    {
      "bounding_box": {
        "bottom_right": [
          377, 
          555
        ], 
        "top_left": [
          309, 
          486
        ]
      }, 
      "class": "010_potted_meat_can", 
      "cuboid": [
        [
          11.470201714539682, 
          13.326328434932133, 
          78.81169260137113
        ], 
        [
          1.6570553479462804, 
          11.150453055327233, 
          77.29883193440162
        ], 
        [
          2.2632708542075886, 
          4.726685582088211, 
          82.60562334749912
        ], 
        [
          12.076417220800991, 
          6.902560961693109, 
          84.11848401446863
        ], 
        [
          10.027772440223927, 
          16.796485889352283, 
          83.17702482798222
        ], 
        [
          0.214626073630525, 
          14.620610509747383, 
          81.66416416101269
        ], 
        [
          0.8208415798918332, 
          8.196843036508362, 
          86.9709555741102
        ], 
        [
          10.633987946485234, 
          10.37271841611326, 
          88.48381624107972
        ]
      ], 
      "cuboid_centroid": [
        6.145521647215758, 
        10.761585735720248, 
        82.89132408774067
      ], 
      "location": [
        6.145521647215758, 
        10.761585735720248, 
        82.89132408774067
      ], 
      "pose_transform_permuted": [
        [
          0.2504174063645759, 
          -0.6024474439655382, 
          -0.7578570357470095, 
          0.0
        ], 
        [
          0.9654143060533175, 
          0.21406194722732788, 
          0.1488347647529036, 
          0.0
        ], 
        [
          -0.07256329545942847, 
          0.7689175422088015, 
          -0.6352167987668805, 
          0.0
        ], 
        [
          6.145521647215758, 
          10.761585735720248, 
          82.89132408774067, 
          1.0
        ]
      ], 
      "projected_cuboid": [
        [
          559.8628892692005, 
          363.465947806674
        ], 
        [
          493.12511836272483, 
          350.21855398761704
        ], 
        [
          496.33100099898337, 
          303.803031680852
        ], 
        [
          558.8008219117654, 
          317.04946331269065
        ], 
        [
          546.4295779513677, 
          380.98328322779554
        ], 
        [
          483.0103962514868, 
          368.76854018980083
        ], 
        [
          486.6725458954728, 
          323.5508691330557
        ], 
        [
          546.2255664649217, 
          335.8061500081247
        ]
      ], 
      "projected_cuboid_centroid": [
        521.466626620093, 
        342.5261656746753
      ], 
      "quaternion_xyzw": [
        0.9343699593856184, 
        0.07668944185534998, 
        0.1068238996521255, 
        0.33114940990457015
      ], 
      "visibility": 0.5748548346377177
    }, 
    {
      "bounding_box": {
        "bottom_right": [
          272, 
          479
        ], 
        "top_left": [
          225, 
          324
        ]
      }, 
      "class": "037_scissors", 
      "cuboid": [
        [
          -19.937659831424064, 
          -0.9992580934505964, 
          76.20042810378007
        ], 
        [
          0.2229767968593227, 
          -0.9045278429514914, 
          74.20068159369187
        ], 
        [
          -0.41636986037273394, 
          -6.488441310389911, 
          67.49053246306742
        ], 
        [
          -20.577006488656117, 
          -6.583171560889016, 
          69.49027897315563
        ], 
        [
          -20.041847172276047, 
          0.20628543456370219, 
          75.2071509835895
        ], 
        [
          0.11878945600733992, 
          0.3010156850628068, 
          73.2074044735013
        ], 
        [
          -0.5205572012247167, 
          -5.282897782375613, 
          66.49725534287685
        ], 
        [
          -20.6811938295081, 
          -5.377628032874718, 
          68.49700185296506
        ]
      ], 
      "cuboid_centroid": [
        -10.22910851632439, 
        -3.1410779379131046, 
        71.34884172332846
      ], 
      "location": [
        -10.22910851632439, 
        -3.1410779379131046, 
        71.34884172332846
      ], 
      "pose_transform_permuted": [
        [
          0.06655211718662633, 
          -0.770069314505015, 
          0.6344791484373495, 
          0.0
        ], 
        [
          -0.9951054142093642, 
          -0.0046757742277256245, 
          0.09870514587041071, 
          0.0
        ], 
        [
          0.07304314386892596, 
          0.6379427969789138, 
          0.7666113254616594, 
          0.0
        ], 
        [
          -10.22910851632439, 
          -3.1410779379131046, 
          71.34884172332846, 
          1.0
        ]
      ], 
      "projected_cuboid": [
        [
          340.8923995391852, 
          266.292825175076
        ], 
        [
          483.21307715191097, 
          266.7852174839886
        ], 
        [
          478.2794374237308, 
          222.0139714628467
        ], 
        [
          322.357908637425, 
          222.76243065767918
        ], 
        [
          338.2890974667898, 
          274.7493784232943
        ], 
        [
          482.4696679352723, 
          275.47945222064703
        ], 
        [
          477.3873174352114, 
          230.91677657241598
        ], 
        [
          319.2308109255948, 
          231.41617485081807
        ]
      ], 
      "projected_cuboid_centroid": [
        404.49916027353197, 
        249.80755309403006
      ], 
      "quaternion_xyzw": [
        0.04571102331782466, 
        -0.42505390241954183, 
        0.9038151580419564, 
        0.018910772029236817
      ], 
      "visibility": 0.7762962962962963
    }, 
    {
      "bounding_box": {
        "bottom_right": [
          360, 
          487
        ], 
        "top_left": [
          317, 
          434
        ]
      }, 
      "class": "061_foam_brick", 
      "cuboid": [
        [
          -0.0816089596107572, 
          10.824106767081101, 
          82.64355986396362
        ], 
        [
          -7.73270821896631, 
          11.248109373655488, 
          84.03082230224643
        ], 
        [
          -7.361234670113598, 
          7.311789978036315, 
          87.28268766964806
        ], 
        [
          0.28986458924195463, 
          6.887787371461929, 
          85.89542523136522
        ], 
        [
          0.8201223405200395, 
          14.172312198644594, 
          86.59348865971604
        ], 
        [
          -6.830976918835513, 
          14.596314805218979, 
          87.98075109799886
        ], 
        [
          -6.4595033699828015, 
          10.659995409599807, 
          91.23261646540047
        ], 
        [
          1.1915958893727514, 
          10.23599280302542, 
          89.84535402711766
        ]
      ], 
      "cuboid_centroid": [
        -3.2705561647967794, 
        10.742051088340453, 
        86.93808816468204
      ], 
      "location": [
        -3.2705561647967794, 
        10.742051088340453, 
        86.93808816468204
      ], 
      "pose_transform_permuted": [
        [
          -0.17156227034470256, 
          -0.6370253814369945, 
          -0.751508516784223, 
          0.0
        ], 
        [
          0.982497301600033, 
          -0.05444726342052503, 
          -0.17814193176978216, 
          0.0
        ], 
        [
          -0.07256334985944995, 
          0.7689175241279571, 
          -0.6352168144390601, 
          0.0
        ], 
        [
          -3.2705561647967794, 
          10.742051088340453, 
          86.93808816468204, 
          1.0
        ]
      ], 
      "projected_cuboid": [
        [
          481.06603726576714, 
          343.1372089680421
        ], 
        [
          432.1107957787416, 
          344.6750694543806
        ], 
        [
          436.2432052655985, 
          317.96344800144277
        ], 
        [
          483.4118193802074, 
          316.0523998422389
        ], 
        [
          486.6902036146681, 
          360.5722190567686
        ], 
        [
          439.844145341178, 
          361.76612505705936
        ], 
        [
          443.52199661792577, 
          335.60179900006636
        ], 
        [
          488.7292953677507, 
          334.04711346322
        ]
      ], 
      "projected_cuboid_centroid": [
        461.3667251846361, 
        339.1833885998299
      ], 
      "quaternion_xyzw": [
        0.9358049132314135, 
        0.004839707021939153, 
        -0.09342337200040085, 
        0.3398791184700278
      ], 
      "visibility": 0.48393106660456453
    }
  ]
}