{
  "camera_data": {
    "location_worldframe": [
      -9.816121854227761, 
      5.767997069339914, 
      86.23139239059535
    ], 
    "quaternion_xyzw_worldframe": [
      0.9394834375019055, 
      -0.03706704738193077, 
      0.1767919690655082, 
      -0.29110710901092224
    ]
  }, 
  "objects": [
    {
      "bounding_box": {
        "bottom_right": [
          331, 
          619
        ], 
        "top_left": [
          190, 
          471
        ]
      }, 
      "class": "003_cracker_box", 
      "cuboid": [
        [
          1.7912881357634178, 
          9.6155964693953, 
          79.71522849966426
        ], 
        [
          1.2619776098735214, 
          -3.45863232363052, 
          69.82268143018042
        ], 
        [
          20.632482382651446, 
          -9.35236070106972, 
          76.57553696003971
        ], 
        [
          21.16179290854134, 
          3.7218680919560967, 
          86.46808402952354
        ], 
        [
          -1.2149742012877176, 
          5.759151070654047, 
          84.9728527903775
        ], 
        [
          -1.744284727177614, 
          -7.315077722371771, 
          75.08030572089368
        ], 
        [
          17.62622004560031, 
          -13.208806099810971, 
          81.83316125075295
        ], 
        [
          18.155530571490207, 
          -0.1345773067851535, 
          91.72570832023679
        ]
      ], 
      "cuboid_centroid": [
        9.708754090681863, 
        -1.7966048152078369, 
        80.77419487520861
      ], 
      "location": [
        9.708754090681863, 
        -1.7966048152078369, 
        80.77419487520861
      ], 
      "pose_transform_permuted": [
        [
          0.4186994998503717, 
          0.5371093998526726, 
          -0.7322596680242265, 
          0.0
        ], 
        [
          0.032267947495446536, 
          0.7970340803775535, 
          0.6030716825395956, 
          0.0
        ], 
        [
          -0.9075513805782457, 
          0.2761343283740897, 
          -0.31638635290402584, 
          0.0
        ], 
        [
          9.708754090681863, 
          -1.7966048152078369, 
          80.77419487520861, 
          1.0
        ]
      ], 
      "projected_cuboid": [
        [
          493.68121317070484, 
          337.61785832659916
        ], 
        [
          491.3166349591925, 
          246.86881366322285
        ], 
        [
          626.4919933223764, 
          208.15089141896271
        ], 
        [
          613.2069099797885, 
          296.24235065726924
        ], 
        [
          473.907914437536, 
          309.43300061695464
        ], 
        [
          469.10359889629507, 
          221.32518587583007
        ], 
        [
          597.4272138384256, 
          187.2026710542628
        ], 
        [
          588.0382320636514, 
          272.5040669111833
        ]
      ], 
      "projected_cuboid_centroid": [
        546.2342792512685, 
        261.4242776066928
      ], 
      "quaternion_xyzw": [
        0.7142586968133049, 
        0.5966274784475424, 
        0.35763344112876827, 
        -0.07725598859818293
      ], 
      "visibility": 0.9735553379040157
    }, 
    {
      "bounding_box": {
        "bottom_right": [
          392, 
          490
        ], 
        "top_left": [
          334, 
          426
        ]
      }, 
      "class": "005_tomato_soup_can", 
      "cuboid": [
        [
          -7.314722540538897, 
          17.03462024361301, 
          84.25926892787614
        ], 
        [
          -2.2484192855769867, 
          12.570421990803721, 
          83.83394671380616
        ], 
        [
          2.830208531823549, 
          17.64571872029472, 
          91.05844086930888
        ], 
        [
          -2.236094723138362, 
          22.10991697310401, 
          91.48376308337886
        ], 
        [
          -10.271612153347439, 
          13.22596683819154, 
          89.01351016243112
        ], 
        [
          -5.205308898385529, 
          8.761768585382251, 
          88.58818794836114
        ], 
        [
          -0.12668108098499442, 
          13.83706531487325, 
          95.81268210386386
        ], 
        [
          -5.192984335946905, 
          18.30126356768254, 
          96.23800431793384
        ]
      ], 
      "cuboid_centroid": [
        -3.7207018107619456, 
        15.435842779243131, 
        90.03597551587
      ], 
      "location": [
        -3.7207018107619456, 
        15.435842779243131, 
        90.03597551587
      ], 
      "pose_transform_permuted": [
        [
          0.4366733059341743, 
          0.562461739017422, 
          -0.7021061009882604, 
          0.0
        ], 
        [
          -0.7487995911621221, 
          0.6598084753999566, 
          0.0628626207276178, 
          0.0
        ], 
        [
          -0.49861349419491163, 
          -0.4982864520406602, 
          -0.7092920379642451, 
          0.0
        ], 
        [
          -3.7207018107619456, 
          15.435842779243131, 
          90.03597551587, 
          1.0
        ]
      ], 
      "projected_cuboid": [
        [
          434.9126552417649, 
          381.10727608419387
        ], 
        [
          467.1742841139688, 
          353.25476659540294
        ], 
        [
          498.31143734325406, 
          376.6356318470953
        ], 
        [
          468.45275538614993, 
          402.17992087931054
        ], 
        [
          419.54240559531536, 
          352.5291957342666
        ], 
        [
          449.99886293627844, 
          326.0342335604658
        ], 
        [
          480.88605126147274, 
          350.30742649012376
        ], 
        [
          452.57942539507684, 
          374.70616244888566
        ]
      ], 
      "projected_cuboid_centroid": [
        459.37417938716, 
        364.719292386037
      ], 
      "quaternion_xyzw": [
        0.3372758577997775, 
        0.8586606058552825, 
        0.37027254083553673, 
        0.10883540093067869
      ], 
      "visibility": 0.9698795180722891
    }, 
    {
      "bounding_box": {
        "bottom_right": [
          351, 
          601
        ], 
        "top_left": [
          297, 
          527
        ]
      }, 
      "class": "010_potted_meat_can", 
      "cuboid": [
        [
          20.526651215736013, 
          8.484435101612288, 
          88.5805463680216
        ], 
        [
          11.401837732450694, 
          8.110565005568397, 
          84.11747313044663
        ], 
        [
          8.446365778814574, 
          3.6504274116771236, 
          90.53359961511234
        ], 
        [
          17.571179262099896, 
          4.024297507721014, 
          94.99667285268731
        ], 
        [
          19.013709585837546, 
          13.350358610506927, 
          91.26615923078995
        ], 
        [
          9.888896102552225, 
          12.976488514463036, 
          86.80308599321498
        ], 
        [
          6.933424148916105, 
          8.516350920571762, 
          93.21921247788069
        ], 
        [
          16.05823763220143, 
          8.890221016615653, 
          97.68228571545566
        ]
      ], 
      "cuboid_centroid": [
        13.73003768232606, 
        8.500393011092026, 
        90.89987942295114
      ], 
      "location": [
        13.73003768232606, 
        8.500393011092026, 
        90.89987942295114
      ], 
      "pose_transform_permuted": [
        [
          0.2626589224763837, 
          -0.8447637373720361, 
          -0.4662441476812221, 
          0.0
        ], 
        [
          0.8976963297746005, 
          0.036781224476079906, 
          0.43907576546362453, 
          0.0
        ], 
        [
          0.35376657703194736, 
          0.5338733151370948, 
          -0.7680029247077296, 
          0.0
        ], 
        [
          13.73003768232606, 
          8.500393011092026, 
          90.89987942295114, 
          1.0
        ]
      ], 
      "projected_cuboid": [
        [
          606.2124037789931, 
          324.36903382691173
        ], 
        [
          554.4891549241847, 
          324.7089474651859
        ], 
        [
          531.7679627536075, 
          294.7906473272343
        ], 
        [
          581.0652680966325, 
          295.8792941793566
        ], 
        [
          593.6308059005262, 
          351.30020426639516
        ], 
        [
          542.8609336302529, 
          353.0142961178169
        ], 
        [
          521.594682570624, 
          322.00972070705905
        ], 
        [
          570.0014540551414, 
          321.82480602209216
        ]
      ], 
      "projected_cuboid_centroid": [
        562.8240220628046, 
        323.15927803615836
      ], 
      "quaternion_xyzw": [
        0.8511483114876216, 
        -0.09310520513218377, 
        0.20611410446010553, 
        0.4737031843666004
      ], 
      "visibility": 0.736687357072852
    }, 
    {
      "bounding_box": {
        "bottom_right": [
          280, 
          530
        ], 
        "top_left": [
          224, 
          396
        ]
      }, 
      "class": "037_scissors", 
      "cuboid": [
        [
          -11.577650996340893, 
          1.145269128380713, 
          77.90589328374774
        ], 
        [
          7.312324222562808, 
          -3.709903692670371, 
          83.38817039180985
        ], 
        [
          6.9713183050964, 
          -10.807636843953143, 
          78.2773138889712
        ], 
        [
          -11.918656913807302, 
          -5.95246402290206, 
          72.79503678090909
        ], 
        [
          -11.015079812066903, 
          1.9810530622872982, 
          76.70765769928481
        ], 
        [
          7.8748954068367985, 
          -2.874119758763785, 
          82.18993480734692
        ], 
        [
          7.533889489370391, 
          -9.971852910046557, 
          77.07907830450826
        ], 
        [
          -11.35608572953331, 
          -5.116680088995474, 
          71.59680119644615
        ]
      ], 
      "cuboid_centroid": [
        -2.0218807534852514, 
        -4.413291890832922, 
        77.492485794128
      ], 
      "location": [
        -2.0218807534852514, 
        -4.413291890832922, 
        77.492485794128
      ], 
      "pose_transform_permuted": [
        [
          -0.3593555903765001, 
          -0.5338766673301868, 
          0.7654011934871805, 
          0.0
        ], 
        [
          -0.9323870550913422, 
          0.239645644640611, 
          -0.27059877785680664, 
          0.0
        ], 
        [
          0.038958746413861635, 
          0.8108914590355311, 
          0.5838976752400253, 
          0.0
        ], 
        [
          -2.0218807534852514, 
          -4.413291890832922, 
          77.492485794128, 
          1.0
        ]
      ], 
      "projected_cuboid": [
        [
          401.6795705147016, 
          281.1266952329818
        ], 
        [
          528.7536961865449, 
          249.5593800202578
        ], 
        [
          529.4899253568474, 
          199.65186542665435
        ], 
        [
          393.54951651863433, 
          229.67689408373607
        ], 
        [
          404.3751364587822, 
          287.0600571463782
        ], 
        [
          533.122056981945, 
          254.6367561642238
        ], 
        [
          534.1593826583111, 
          204.29006637833692
        ], 
        [
          396.30143876166983, 
          235.17274453421334
        ]
      ], 
      "projected_cuboid_centroid": [
        467.56609944288834, 
        242.91333511522967
      ], 
      "quaternion_xyzw": [
        -0.1681540119591128, 
        -0.2983680241717597, 
        0.9365735032038401, 
        0.0743679994419605
      ], 
      "visibility": 0.8216992421220582
    }, 
    {
      "bounding_box": {
        "bottom_right": [
          368, 
          532
        ], 
        "top_left": [
          316, 
          478
        ]
      }, 
      "class": "061_foam_brick", 
      "cuboid": [
        [
          8.174598653793232, 
          9.819814946412842, 
          88.40218454112606
        ], 
        [
          0.9641180036833106, 
          12.281534305838832, 
          86.79205977907158
        ], 
        [
          -0.8469188986143474, 
          9.548477478610772, 
          90.7236977414467
        ], 
        [
          6.363561751495575, 
          7.086758119184783, 
          92.33382250350118
        ], 
        [
          8.870461919583473, 
          13.94184050017434, 
          91.58812491887359
        ], 
        [
          1.6599812694735503, 
          16.403559859600332, 
          89.9780001568191
        ], 
        [
          -0.15105563282410833, 
          13.670503032372272, 
          93.90963811919423
        ], 
        [
          7.059425017285815, 
          11.20878367294628, 
          95.51976288124871
        ]
      ], 
      "cuboid_centroid": [
        4.011771510484563, 
        11.745158989392557, 
        91.15591133016014
      ], 
      "location": [
        4.011771510484563, 
        11.745158989392557, 
        91.15591133016014
      ], 
      "pose_transform_permuted": [
        [
          -0.13239407538713152, 
          -0.7842514309081048, 
          -0.6061530350670338, 
          0.0
        ], 
        [
          0.9259163346116301, 
          -0.31611570389381105, 
          0.20676025500826775, 
          0.0
        ], 
        [
          0.35376651919274393, 
          0.5338731636543557, 
          -0.7680030566527319, 
          0.0
        ], 
        [
          4.011771510484563, 
          11.745158989392557, 
          91.15591133016014, 
          1.0
        ]
      ], 
      "projected_cuboid": [
        [
          531.3244037817597, 
          332.52828230283603
        ], 
        [
          487.5707488759603, 
          348.7540723776117
        ], 
        [
          476.5769638778892, 
          329.41729715005465
        ], 
        [
          518.6592684487628, 
          314.2196086989943
        ], 
        [
          533.6804068385898, 
          354.4701692740041
        ], 
        [
          491.5181408773117, 
          370.5140790647872
        ], 
        [
          480.7320643495893, 
          350.9223070567129
        ], 
        [
          521.3407268255352, 
          335.86901993067335
        ]
      ], 
      "projected_cuboid_centroid": [
        505.2640626675647, 
        342.00312701112733
      ], 
      "quaternion_xyzw": [
        0.87549165234927, 
        -0.19128743868916734, 
        0.02123554788374741, 
        0.4432522238777378
      ], 
      "visibility": 0.8219791148682247
    }
  ]
}