{
  "camera_data": {
    "location_worldframe": [
      -9.090207723221006, 
      6.640857655042678, 
      82.0503830048554
    ], 
    "quaternion_xyzw_worldframe": [
      0.9348390140738277, 
      -0.02124467949815939, 
      0.14720586908623579, 
      -0.3224216847390579
    ]
  }, 
  "objects": [
    {
      "bounding_box": {
        "bottom_right": [
          347, 
          639
        ], 
        "top_left": [
          203, 
          478
        ]
      }, 
      "class": "003_cracker_box", 
      "cuboid": [
        [
          1.9835315128946749, 
          11.529159455486, 
          75.30697475982926
        ], 
        [
          1.7570808249773333, 
          -0.9698995204439292, 
          64.68622335094472
        ], 
        [
          21.707729876366745, 
          -6.087745072758241, 
          70.2837948312696
        ], 
        [
          21.934180564284084, 
          6.411313903171691, 
          80.90454624015416
        ], 
        [
          -0.5659720711175085, 
          7.2097739911440195, 
          80.44461412246294
        ], 
        [
          -0.7924227590348498, 
          -5.289284984785912, 
          69.82386271357838
        ], 
        [
          19.15822629235456, 
          -10.407130537100223, 
          75.42143419390328
        ], 
        [
          19.3846769802719, 
          2.091928438829707, 
          86.04218560278782
        ]
      ], 
      "cuboid_centroid": [
        10.570878902624617, 
        0.5610144591928888, 
        75.36420447686626
      ], 
      "location": [
        10.570878902624617, 
        0.5610144591928888, 
        75.36420447686626
      ], 
      "pose_transform_permuted": [
        [
          0.35508407311509815, 
          0.6015857336505597, 
          -0.7155486748559522, 
          0.0
        ], 
        [
          0.013804937840107279, 
          0.7619704484427593, 
          0.6474646394909688, 
          0.0
        ], 
        [
          -0.934732434823582, 
          0.23978248636640923, 
          -0.2622587167678513, 
          0.0
        ], 
        [
          10.570878902624617, 
          0.5610144591928888, 
          75.36420447686626, 
          1.0
        ]
      ], 
      "projected_cuboid": [
        [
          495.76138628400673, 
          354.9353697758756
        ], 
        [
          496.2044274497589, 
          265.2899912491473
        ], 
        [
          647.6899225874843, 
          227.0921958510764
        ], 
        [
          627.3912625972085, 
          315.5496667834834
        ], 
        [
          477.81360370002005, 
          321.0848113855637
        ], 
        [
          475.4940488792263, 
          232.8866065864789
        ], 
        [
          618.1975574990126, 
          199.69570031870296
        ], 
        [
          602.7513808541385, 
          286.25304266985614
        ]
      ], 
      "projected_cuboid_centroid": [
        557.0259593949761, 
        277.2565924603037
      ], 
      "quaternion_xyzw": [
        0.7016295495242608, 
        0.6045579481425736, 
        0.3572215256918142, 
        -0.12090675810076297
      ], 
      "visibility": 0.9797903758179397
    }, 
    {
      "bounding_box": {
        "bottom_right": [
          403, 
          492
        ], 
        "top_left": [
          343, 
          425
        ]
      }, 
      "class": "005_tomato_soup_can", 
      "cuboid": [
        [
          -7.317390779651883, 
          18.129032437447893, 
          80.64969814988149
        ], 
        [
          -2.031077228499563, 
          14.002167384021824, 
          79.75456264778222
        ], 
        [
          3.06655565249896, 
          18.948558395324348, 
          87.05468375477886
        ], 
        [
          -2.2197578986533606, 
          23.07542344875042, 
          87.94981925687813
        ], 
        [
          -9.842530847497605, 
          13.888800795549963, 
          85.2860706459299
        ], 
        [
          -4.5562172963452845, 
          9.761935742123889, 
          84.39093514383063
        ], 
        [
          0.5414155846532389, 
          14.708326753426416, 
          91.69105625082726
        ], 
        [
          -4.744897966499082, 
          18.835191806852485, 
          92.58619175292652
        ]
      ], 
      "cuboid_centroid": [
        -3.3879875974993223, 
        16.418679595437155, 
        86.17037720035438
      ], 
      "location": [
        -3.3879875974993223, 
        16.418679595437155, 
        86.17037720035438
      ], 
      "pose_transform_permuted": [
        [
          0.3729125553407776, 
          0.6261971907823642, 
          -0.6846992517480995, 
          0.0
        ], 
        [
          -0.7813171116396986, 
          0.6099506305233845, 
          0.1323010219236612, 
          0.0
        ], 
        [
          -0.50047938819398, 
          -0.48563064561447516, 
          -0.7167169999609664, 
          0.0
        ], 
        [
          -3.3879875974993223, 
          16.418679595437155, 
          86.17037720035438, 
          1.0
        ]
      ], 
      "projected_cuboid": [
        [
          432.8054486065096, 
          393.17003717156945
        ], 
        [
          467.9020501079679, 
          366.919175724284
        ], 
        [
          500.54014279116655, 
          389.37032381833154
        ], 
        [
          468.02448946948925, 
          413.2137751169773
        ], 
        [
          419.5358333855155, 
          360.1374081754799
        ], 
        [
          452.5635038899174, 
          334.97837125783917
        ], 
        [
          484.7724477351402, 
          358.8372886656015
        ], 
        [
          454.0375016794293, 
          381.78194591640545
        ]
      ], 
      "projected_cuboid_centroid": [
        460.453633488021, 
        374.903864521618
      ], 
      "quaternion_xyzw": [
        0.32316847498765655, 
        0.859017899842936, 
        0.39082834914990444, 
        0.07002518034289802
      ], 
      "visibility": 0.9690721649484536
    }, 
    {
      "bounding_box": {
        "bottom_right": [
          369, 
          612
        ], 
        "top_left": [
          310, 
          534
        ]
      }, 
      "class": "010_potted_meat_can", 
      "cuboid": [
        [
          21.125133042302796, 
          11.000379151976592, 
          83.31977386655896
        ], 
        [
          11.848203723135237, 
          10.344478155881706, 
          79.21740882089195
        ], 
        [
          9.434422941015374, 
          5.360555819782252, 
          85.47268670248909
        ], 
        [
          18.711352260182935, 
          6.016456815877137, 
          89.57505174815611
        ], 
        [
          19.459980087711564, 
          15.608243686327905, 
          86.34856413487462
        ], 
        [
          10.183050768544005, 
          14.952342690233023, 
          82.2461990892076
        ], 
        [
          7.769269986424142, 
          9.968420354133567, 
          88.50147697080475
        ], 
        [
          17.046199305591703, 
          10.624321350228453, 
          92.60384201647176
        ]
      ], 
      "cuboid_centroid": [
        14.447201514363469, 
        10.48439975305508, 
        85.91062541868185
      ], 
      "location": [
        14.447201514363469, 
        10.48439975305508, 
        85.91062541868185
      ], 
      "pose_transform_permuted": [
        [
          0.2890840414250817, 
          -0.7999626089944273, 
          -0.5258225251797286, 
          0.0
        ], 
        [
          0.9126614386858367, 
          0.0645273372402008, 
          0.40358940504775875, 
          0.0
        ], 
        [
          0.2889267698668121, 
          0.5965697434096003, 
          -0.7487495328229152, 
          0.0
        ], 
        [
          14.447201514363469, 
          10.48439975305508, 
          85.91062541868185, 
          1.0
        ]
      ], 
      "projected_cuboid": [
        [
          617.9432915646214, 
          343.69860647135425
        ], 
        [
          562.0280972554069, 
          342.9292195628464
        ], 
        [
          540.9551328682402, 
          306.7345259372026
        ], 
        [
          593.9307130710908, 
          309.10783172996884
        ], 
        [
          602.7904807680645, 
          369.68862758449876
        ], 
        [
          548.1786054718426, 
          370.24393247863094
        ], 
        [
          528.8057032105896, 
          333.35732968014395
        ], 
        [
          580.5868348482852, 
          334.4736173789864
        ]
      ], 
      "projected_cuboid_centroid": [
        572.0304130091363, 
        338.37203443602255
      ], 
      "quaternion_xyzw": [
        0.8710702766245624, 
        -0.06440336636676708, 
        0.19879953003246253, 
        0.44448541735882485
      ], 
      "visibility": 0.6858773181169757
    }, 
    {
      "bounding_box": {
        "bottom_right": [
          291, 
          542
        ], 
        "top_left": [
          235, 
          396
        ]
      }, 
      "class": "037_scissors", 
      "cuboid": [
        [
          -10.953238989018576, 
          2.40336009677336, 
          73.54401076925176
        ], 
        [
          8.403569169064227, 
          -1.635481416846403, 
          77.95546929696025
        ], 
        [
          8.238545899808692, 
          -8.438894129307586, 
          72.45080782692418
        ], 
        [
          -11.118262258274111, 
          -4.400052615687823, 
          68.03934929921569
        ], 
        [
          -10.492016528597143, 
          3.33757795200032, 
          72.37555003888765
        ], 
        [
          8.86479162948566, 
          -0.7012635616194428, 
          76.78700856659614
        ], 
        [
          8.699768360230125, 
          -7.5046762740806265, 
          71.28234709656009
        ], 
        [
          -10.657039797852677, 
          -3.4658347604608633, 
          66.8708885688516
        ]
      ], 
      "cuboid_centroid": [
        -1.1267353143942247, 
        -2.550658088653633, 
        72.41317893290592
      ], 
      "location": [
        -1.1267353143942247, 
        -2.550658088653633, 
        72.41317893290592
      ], 
      "pose_transform_permuted": [
        [
          -0.29461670663693984, 
          -0.596753652319751, 
          0.7463818043464562, 
          0.0
        ], 
        [
          -0.955429382269477, 
          0.19935248729686475, 
          -0.21774442674713146, 
          0.0
        ], 
        [
          0.018853337640236553, 
          0.777266367055723, 
          0.628888530435593, 
          0.0
        ], 
        [
          -1.1267353143942247, 
          -2.550658088653633, 
          72.41317893290592, 
          1.0
        ]
      ], 
      "projected_cuboid": [
        [
          401.505464836495, 
          290.7150000902387
        ], 
        [
          539.5678203787442, 
          262.0976595694021
        ], 
        [
          542.7474368867381, 
          211.16676824444113
        ], 
        [
          393.72142883546326, 
          238.7971689457325
        ], 
        [
          403.63940300941437, 
          297.8804192190303
        ], 
        [
          543.6800445127636, 
          268.415953785521
        ], 
        [
          547.2293410305668, 
          217.13812276573867
        ], 
        [
          395.89501455764827, 
          245.64524908356302
        ]
      ], 
      "projected_cuboid_centroid": [
        473.22956310282365, 
        254.50106372524692
      ], 
      "quaternion_xyzw": [
        -0.13734540269941636, 
        -0.3285501342463026, 
        0.9326142763318146, 
        0.05849305293592406
      ], 
      "visibility": 0.8223637650389243
    }, 
    {
      "bounding_box": {
        "bottom_right": [
          381, 
          538
        ], 
        "top_left": [
          327, 
          482
        ]
      }, 
      "class": "061_foam_brick", 
      "cuboid": [
        [
          8.72155474797366, 
          11.614460325648128, 
          83.72371869547382
        ], 
        [
          1.3198192461723843, 
          13.735092811854658, 
          82.5571748345824
        ], 
        [
          -0.15928026122692326, 
          10.681072702162526, 
          86.39024894896346
        ], 
        [
          7.242455240574351, 
          8.560440215955998, 
          87.55679280985488
        ], 
        [
          9.323529194485742, 
          15.5824738993165, 
          87.11754124328493
        ], 
        [
          1.9217936926844672, 
          17.70310638552303, 
          85.95099738239351
        ], 
        [
          0.44269418528515914, 
          14.6490862758309, 
          89.78407149677457
        ], 
        [
          7.844429687086435, 
          12.528453789624368, 
          90.950615357666
        ]
      ], 
      "cuboid_centroid": [
        4.582124466629409, 
        13.131773300739514, 
        86.7538950961242
      ], 
      "location": [
        4.582124466629409, 
        13.131773300739514, 
        86.7538950961242
      ], 
      "pose_transform_permuted": [
        [
          -0.11453090595627378, 
          -0.7549493040314763, 
          -0.6457044369703716, 
          0.0
        ], 
        [
          0.9504758612018649, 
          -0.2723158626958889, 
          0.14979889250847983, 
          0.0
        ], 
        [
          0.28892613044411275, 
          0.5965698779410364, 
          -0.7487496723738903, 
          0.0
        ], 
        [
          4.582124466629409, 
          13.131773300739514, 
          86.7538950961242, 
          1.0
        ]
      ], 
      "projected_cuboid": [
        [
          537.6162999356766, 
          347.27058021160116
        ], 
        [
          490.1941571533566, 
          362.0152764334549
        ], 
        [
          480.6055776595264, 
          339.2248274370343
        ], 
        [
          526.0794182721373, 
          325.4292702723479
        ], 
        [
          539.1498701720092, 
          368.67993827898215
        ], 
        [
          493.62103077581054, 
          383.13300405974036
        ], 
        [
          484.248597379931, 
          360.30246916188906
        ], 
        [
          527.9788556399326, 
          346.7513488195539
        ]
      ], 
      "projected_cuboid_centroid": [
        510.00042391895965, 
        354.01411632576776
      ], 
      "quaternion_xyzw": [
        0.8934134227939036, 
        -0.157049910719069, 
        0.009868887586755516, 
        0.420773557359079
      ], 
      "visibility": 0.7380191693290735
    }
  ]
}