{
  "camera_data": {
    "location_worldframe": [
      -9.26998544079737, 
      6.048181239983433, 
      81.62540341922437
    ], 
    "quaternion_xyzw_worldframe": [
      0.9328998716245464, 
      -0.012447326371788178, 
      0.12866422424268786, 
      -0.33613707264938797
    ]
  }, 
  "objects": [
    {
      "bounding_box": {
        "bottom_right": [
          347, 
          642
        ], 
        "top_left": [
          205, 
          476
        ]
      }, 
      "class": "003_cracker_box", 
      "cuboid": [
        [
          1.4467693036676028, 
          11.460603632466952, 
          74.70782272406335
        ], 
        [
          1.3206016458019247, 
          -0.7737510546089078, 
          63.781580790072965
        ], 
        [
          21.574898296180255, 
          -5.37284496392101, 
          68.69740722702096
        ], 
        [
          21.701065954045934, 
          6.861509723154849, 
          79.62364916101134
        ], 
        [
          -0.8171252094221898, 
          6.934915137127463, 
          79.80147787647564
        ], 
        [
          -0.9432928672878677, 
          -5.299439549948397, 
          68.87523594248526
        ], 
        [
          19.311003783090463, 
          -9.898533459260499, 
          73.79106237943326
        ], 
        [
          19.437171440956142, 
          2.335821227815361, 
          84.71730431342364
        ]
      ], 
      "cuboid_centroid": [
        10.378886543379034, 
        0.7810350866032264, 
        74.2494425517483
      ], 
      "location": [
        10.378886543379034, 
        0.7810350866032264, 
        74.2494425517483
      ], 
      "pose_transform_permuted": [
        [
          0.315305650030027, 
          0.6303187470112636, 
          -0.709422740138271, 
          0.0
        ], 
        [
          0.007691461175438619, 
          0.745833485966522, 
          0.6660880216878341, 
          0.0
        ], 
        [
          -0.9489590025307356, 
          0.215477814118244, 
          -0.23031743993604697, 
          0.0
        ], 
        [
          10.378886543379034, 
          0.7810350866032264, 
          74.2494425517483, 
          1.0
        ]
      ], 
      "projected_cuboid": [
        [
          492.0112459027305, 
          355.1007861992228
        ], 
        [
          492.731506956068, 
          266.81669849469614
        ], 
        [
          650.4855972338006, 
          231.5754523340214
        ], 
        [
          628.1622233333588, 
          319.24496294733797
        ], 
        [
          476.0906480837823, 
          319.6331238928518
        ], 
        [
          474.23202773659256, 
          232.25154400799502
        ], 
        [
          622.3290581650414, 
          201.7456010675116
        ], 
        [
          604.9793166268556, 
          287.9911985425411
        ]
      ], 
      "projected_cuboid_centroid": [
        556.7678924398231, 
        278.89656403030375
      ], 
      "quaternion_xyzw": [
        0.69508848635119, 
        0.6095599775339151, 
        0.3529743662096918, 
        -0.1438670453221685
      ], 
      "visibility": 0.9674783000789088
    }, 
    {
      "bounding_box": {
        "bottom_right": [
          400, 
          490
        ], 
        "top_left": [
          340, 
          422
        ]
      }, 
      "class": "005_tomato_soup_can", 
      "cuboid": [
        [
          -7.905980618655015, 
          17.619209834509654, 
          80.4704182164412
        ], 
        [
          -2.517697368936235, 
          13.690712620019207, 
          79.32555710960537
        ], 
        [
          2.623138610401432, 
          18.619819784015103, 
          86.60704879760044
        ], 
        [
          -2.765144639317346, 
          22.548316998505552, 
          87.75190990443627
        ], 
        [
          -10.162211713058861, 
          13.185754488173092, 
          85.06451677894414
        ], 
        [
          -4.7739284633400825, 
          9.257257273682647, 
          83.91965567210829
        ], 
        [
          0.3669075159975853, 
          14.186364437678542, 
          91.20114736010336
        ], 
        [
          -5.021375733721194, 
          18.11486165216899, 
          92.3460084669392
        ]
      ], 
      "cuboid_centroid": [
        -3.7695365513287142, 
        15.902787136094098, 
        85.83578278827228
      ], 
      "location": [
        -3.7695365513287142, 
        15.902787136094098, 
        85.83578278827228
      ], 
      "pose_transform_permuted": [
        [
          0.3332000919740123, 
          0.654732457515545, 
          -0.678456239416431, 
          0.0
        ], 
        [
          -0.796388232485595, 
          0.5806318651002462, 
          0.16921046482886407, 
          0.0
        ], 
        [
          -0.5047210157747846, 
          -0.4839337385347394, 
          -0.7148879862909019, 
          0.0
        ], 
        [
          -3.7695365513287142, 
          15.902787136094098, 
          85.83578278827228, 
          1.0
        ]
      ], 
      "projected_cuboid": [
        [
          428.7633446585684, 
          390.0582642010184
        ], 
        [
          464.52908872408153, 
          365.3315914783297
        ], 
        [
          497.8847682996107, 
          387.94596424984206
        ], 
        [
          464.6516226485586, 
          410.3258233479853
        ], 
        [
          417.3532221101044, 
          355.9558030723551
        ], 
        [
          451.0053450280137, 
          332.1175299697565
        ], 
        [
          483.76052500610353, 
          356.24455098475
        ], 
        [
          452.3557923668993, 
          377.9040588242172
        ]
      ], 
      "projected_cuboid_centroid": [
        457.9807979532976, 
        372.094605330242
      ], 
      "quaternion_xyzw": [
        0.31548939249889724, 
        0.8600549706903573, 
        0.3981200302543065, 
        0.04766835630678218
      ], 
      "visibility": 0.9715536105032823
    }, 
    {
      "bounding_box": {
        "bottom_right": [
          370, 
          612
        ], 
        "top_left": [
          310, 
          534
        ]
      }, 
      "class": "010_potted_meat_can", 
      "cuboid": [
        [
          20.81409742250623, 
          11.36079784707413, 
          82.17654118311697
        ], 
        [
          11.45076895522269, 
          10.503150714712222, 
          78.31473537656369
        ], 
        [
          9.375312155067524, 
          5.2903883785770685, 
          84.50455837807684
        ], 
        [
          18.738640622351063, 
          6.148035510938977, 
          88.36636418463011
        ], 
        [
          19.08853131012497, 
          15.835740004986915, 
          85.36653094700281
        ], 
        [
          9.725202842841432, 
          14.978092872625007, 
          81.50472514044954
        ], 
        [
          7.649746042686269, 
          9.765330536489854, 
          87.69454814196268
        ], 
        [
          17.013074509969805, 
          10.622977668851762, 
          91.55635394851596
        ]
      ], 
      "cuboid_centroid": [
        14.231921732596248, 
        10.563064191781992, 
        84.93554466253983
      ], 
      "location": [
        14.231921732596248, 
        10.563064191781992, 
        84.93554466253983
      ], 
      "pose_transform_permuted": [
        [
          0.2995722549919124, 
          -0.7768862077120544, 
          -0.5538080634010847, 
          0.0
        ], 
        [
          0.9211613601693212, 
          0.0843750597613089, 
          0.37992326146670446, 
          0.0
        ], 
        [
          0.24842978024719536, 
          0.6239616269295978, 
          -0.7409146593270378, 
          0.0
        ], 
        [
          14.231921732596248, 
          10.563064191781992, 
          84.93554466253983, 
          1.0
        ]
      ], 
      "projected_cuboid": [
        [
          617.8047081360804, 
          347.017263138045
        ], 
        [
          560.2260971114865, 
          344.8124894415272
        ], 
        [
          541.2590048669791, 
          306.6748874270691
        ], 
        [
          595.6332950330128, 
          310.3919204000737
        ], 
        [
          601.8447256370342, 
          372.2188732301217
        ], 
        [
          545.7634612569399, 
          371.29447842613826
        ], 
        [
          528.5071479532485, 
          332.67497342691223
        ], 
        [
          581.5248066172865, 
          335.16582628920474
        ]
      ], 
      "projected_cuboid_centroid": [
        571.7055795467106, 
        339.61317442267807
      ], 
      "quaternion_xyzw": [
        0.8801890493666693, 
        -0.04659644442405025, 
        0.19299703766694803, 
        0.43110081525418037
      ], 
      "visibility": 0.6662068965517242
    }, 
    {
      "bounding_box": {
        "bottom_right": [
          289, 
          543
        ], 
        "top_left": [
          233, 
          393
        ]
      }, 
      "class": "037_scissors", 
      "cuboid": [
        [
          -11.2359169461592, 
          1.9628394307050916, 
          73.06790538512239
        ], 
        [
          8.357075455397242, 
          -1.5483184476881584, 
          76.84224616043664
        ], 
        [
          8.254477770922067, 
          -8.215824701735276, 
          71.17225593270638
        ], 
        [
          -11.338514630634375, 
          -4.704666823342027, 
          67.39791515739213
        ], 
        [
          -10.838006583418572, 
          2.9401392019183232, 
          71.91147028627974
        ], 
        [
          8.75498581813787, 
          -0.5710186764749267, 
          75.68581106159398
        ], 
        [
          8.652388133662695, 
          -7.238524930522044, 
          70.01582083386371
        ], 
        [
          -10.940604267893747, 
          -3.727367052128795, 
          66.24148005854946
        ]
      ], 
      "cuboid_centroid": [
        -1.2917644062482525, 
        -2.6378427499084767, 
        71.54186310949305
      ], 
      "location": [
        -1.2917644062482525, 
        -2.6378427499084767, 
        71.54186310949305
      ], 
      "pose_transform_permuted": [
        [
          -0.25417461348312514, 
          -0.6242732405719948, 
          0.7387001490540493, 
          0.0
        ], 
        [
          -0.9670871599361722, 
          0.1733066410229967, 
          -0.1862970406062114, 
          0.0
        ], 
        [
          0.011721430530634496, 
          0.761739524329068, 
          0.6477767690731577, 
          0.0
        ], 
        [
          -1.2917644062482525, 
          -2.6378427499084767, 
          71.54186310949305, 
          1.0
        ]
      ], 
      "projected_cuboid": [
        [
          398.90314474799703, 
          287.61322083210683
        ], 
        [
          540.0822735248045, 
          262.54051492254155
        ], 
        [
          543.9663318681876, 
          211.72237722925217
        ], 
        [
          391.1277249174674, 
          236.0585177478051
        ], 
        [
          400.5489422591261, 
          295.0915964427611
        ], 
        [
          543.8031323569986, 
          269.26285853281695
        ], 
        [
          548.0526637364297, 
          218.14975528370502
        ], 
        [
          392.7786534643818, 
          243.27697538092963
        ]
      ], 
      "projected_cuboid_centroid": [
        471.88716798323605, 
        253.622342296468
      ], 
      "quaternion_xyzw": [
        -0.11827094157891803, 
        -0.34155785276863776, 
        0.9310648249879394, 
        0.04968184453644996
      ], 
      "visibility": 0.8184943279477483
    }, 
    {
      "bounding_box": {
        "bottom_right": [
          379, 
          536
        ], 
        "top_left": [
          326, 
          481
        ]
      }, 
      "class": "061_foam_brick", 
      "cuboid": [
        [
          8.41360590676306, 
          11.558826753005238, 
          82.93606433548271
        ], 
        [
          0.9178126426083649, 
          13.464386104711954, 
          82.02748189137566
        ], 
        [
          -0.35397372940601246, 
          10.270139227101785, 
          85.8204461224708
        ], 
        [
          7.141819534748682, 
          8.36457987539507, 
          86.72902856657785
        ], 
        [
          8.983884159697068, 
          15.459596294891146, 
          86.41231463378215
        ], 
        [
          1.4880908955423737, 
          17.36515564659786, 
          85.50373218967508
        ], 
        [
          0.21630452352799645, 
          14.170908768987692, 
          89.29669642077023
        ], 
        [
          7.712097787682691, 
          12.265349417280976, 
          90.20527886487729
        ]
      ], 
      "cuboid_centroid": [
        4.314955215145528, 
        12.864867760996464, 
        86.11638037812646
      ], 
      "location": [
        4.314955215145528, 
        12.864867760996464, 
        86.11638037812646
      ], 
      "pose_transform_permuted": [
        [
          -0.10850042777419139, 
          -0.7421555385737864, 
          -0.6613870377752131, 
          0.0
        ], 
        [
          0.9625540599775211, 
          -0.24469776925208148, 
          0.11667340461238973, 
          0.0
        ], 
        [
          0.24842974619318228, 
          0.6239616641167217, 
          -0.740914639428243, 
          0.0
        ], 
        [
          4.314955215145528, 
          12.864867760996464, 
          86.11638037812646, 
          1.0
        ]
      ], 
      "projected_cuboid": [
        [
          536.1515569952888, 
          347.615464911512
        ], 
        [
          487.6141575655725, 
          360.8281840181805
        ], 
        [
          479.3790156794343, 
          337.1089325177113
        ], 
        [
          525.8799768198731, 
          324.72253728036605
        ], 
        [
          537.5058786600008, 
          368.7000850774443
        ], 
        [
          490.9562130727962, 
          381.5996762968637
        ], 
        [
          482.8997017304557, 
          357.92150725533725
        ], 
        [
          527.5731887402535, 
          345.8028155317917
        ]
      ], 
      "projected_cuboid_centroid": [
        508.54232207071914, 
        352.95878943604066
      ], 
      "quaternion_xyzw": [
        0.9010969373310309, 
        -0.13681311494240112, 
        0.0022675076619408934, 
        0.41146243998862964
      ], 
      "visibility": 0.6926210955183341
    }
  ]
}