{
  "camera_data": {
    "location_worldframe": [
      -19.19348245591665, 
      -5.261984315095872, 
      96.64213785472609
    ], 
    "quaternion_xyzw_worldframe": [
      0.954271104285567, 
      0.0043587995652204555, 
      0.020700480359532102, 
      -0.29819346906767047
    ]
  }, 
  "objects": [
    {
      "bounding_box": {
        "bottom_right": [
          269, 
          543
        ], 
        "top_left": [
          153, 
          403
        ]
      }, 
      "class": "003_cracker_box", 
      "cuboid": [
        [
          -10.60911704247285, 
          0.3615818096680018, 
          87.33189883364949
        ], 
        [
          -11.565409381915114, 
          -12.826152513234144, 
          77.62379479232251
        ], 
        [
          9.617958867777045, 
          -15.185661548263294, 
          78.74235362311583
        ], 
        [
          10.574251207219309, 
          -1.997927225361147, 
          88.45045766444281
        ], 
        [
          -11.381385594256303, 
          -3.8338834866113536, 
          93.10719707413755
        ], 
        [
          -12.337677933698567, 
          -17.0216178095135, 
          83.39909303281058
        ], 
        [
          8.845690315993592, 
          -19.38112684454265, 
          84.51765186360389
        ], 
        [
          9.801982655435856, 
          -6.1933925216405035, 
          94.22575590493088
        ]
      ], 
      "cuboid_centroid": [
        -0.8817133632396292, 
        -9.509772517437323, 
        85.9247753486267
      ], 
      "location": [
        -0.8817133632396292, 
        -9.509772517437323, 
        85.9247753486267
      ], 
      "pose_transform_permuted": [
        [
          0.10755829669179107, 
          0.5843266569060828, 
          -0.8043591056497851, 
          0.0
        ], 
        [
          0.058297708981966345, 
          0.8039536300546254, 
          0.5918276251151556, 
          0.0
        ], 
        [
          -0.9924880805028417, 
          0.11054826435069995, 
          -0.052406977673141994, 
          0.0
        ], 
        [
          -0.8817133632396292, 
          -9.509772517437323, 
          85.9247753486267, 
          1.0
        ]
      ], 
      "projected_cuboid": [
        [
          416.2692624001218, 
          275.49465051064675
        ], 
        [
          401.47394405600636, 
          185.16358122122122
        ], 
        [
          547.2820780827461, 
          170.43451090257548
        ], 
        [
          545.8867513244423, 
          261.2398652657526
        ], 
        [
          415.8610160634796, 
          251.32598920260992
        ], 
        [
          402.0427356597835, 
          164.43688764414856
        ], 
        [
          537.8799148837944, 
          150.9886006606075
        ], 
        [
          537.5388179989164, 
          238.2318176840548
        ]
      ], 
      "projected_cuboid_centroid": [
        476.07882691639975, 
        214.26109515107305
      ], 
      "quaternion_xyzw": [
        0.7023540914279726, 
        0.639435910063925, 
        0.24894349244303854, 
        -0.18933458412390056
      ], 
      "visibility": 0.9910202927243159
    }, 
    {
      "bounding_box": {
        "bottom_right": [
          330, 
          435
        ], 
        "top_left": [
          272, 
          373
        ]
      }, 
      "class": "005_tomato_soup_can", 
      "cuboid": [
        [
          -19.26966650384038, 
          6.219910582874781, 
          94.35223497092431
        ], 
        [
          -13.825467562716428, 
          2.6752890773192926, 
          92.46179852152356
        ], 
        [
          -7.921064363243338, 
          8.698804456064263, 
          98.17141309196738
        ], 
        [
          -13.36526330436729, 
          12.243425961619751, 
          100.06184954136815
        ], 
        [
          -20.13938762655655, 
          2.0688608619621602, 
          99.63089181187534
        ], 
        [
          -14.6951886854326, 
          -1.4757606435933281, 
          97.74045536247459
        ], 
        [
          -8.79078548595951, 
          4.547754735151642, 
          103.45006993291841
        ], 
        [
          -14.234984427083461, 
          8.09237624070713, 
          105.34050638231915
        ]
      ], 
      "cuboid_centroid": [
        -14.030225994899945, 
        5.383832659013212, 
        98.90115245192136
      ], 
      "location": [
        -14.030225994899945, 
        5.383832659013212, 
        98.90115245192136
      ], 
      "pose_transform_permuted": [
        [
          0.12844037066927314, 
          0.6130268092782584, 
          -0.7795517707679062, 
          0.0
        ], 
        [
          -0.8046525713450451, 
          0.5238950375868036, 
          0.2794064960566405, 
          0.0
        ], 
        [
          -0.5796871155507847, 
          -0.5913814042530274, 
          -0.5605630051725933, 
          0.0
        ], 
        [
          -14.030225994899945, 
          5.383832659013212, 
          98.90115245192136, 
          1.0
        ]
      ], 
      "projected_cuboid": [
        [
          371.76889932737606, 
          308.44415900061733
        ], 
        [
          401.187223053794, 
          288.7176033337506
        ], 
        [
          438.20701019700914, 
          320.54309282239933
        ], 
        [
          409.76791816849516, 
          338.54276560831215
        ], 
        [
          372.89345509871197, 
          284.3610550561609
        ], 
        [
          400.74473748078333, 
          265.2340683220424
        ], 
        [
          435.8999697647868, 
          296.73172908945884
        ], 
        [
          408.9273745883897, 
          314.2567485089441
        ]
      ], 
      "projected_cuboid_centroid": [
        405.3092755370882, 
        302.3185898674226
      ], 
      "quaternion_xyzw": [
        0.3096440583646624, 
        0.8910086624671474, 
        0.3292868700067559, 
        -0.04235820922586533
      ], 
      "visibility": 0.889487870619946
    }, 
    {
      "bounding_box": {
        "bottom_right": [
          311, 
          535
        ], 
        "top_left": [
          255, 
          475
        ]
      }, 
      "class": "010_potted_meat_can", 
      "cuboid": [
        [
          9.734746127138369, 
          2.6322111277738607, 
          90.77526215170602
        ], 
        [
          -0.05573270140885947, 
          0.612061570943667, 
          88.93500598659564
        ], 
        [
          -0.3640747919018771, 
          -4.1440010413480834, 
          95.79642817704504
        ], 
        [
          9.426404036645353, 
          -2.123851484517889, 
          97.63668434215543
        ], 
        [
          8.200861540438053, 
          7.2273273441591055, 
          93.89148188900901
        ], 
        [
          -1.5896172881091761, 
          5.207177787328911, 
          92.05122572389863
        ], 
        [
          -1.8979593786021938, 
          0.45111517503716136, 
          98.91264791434804
        ], 
        [
          7.892519449945034, 
          2.471264731867355, 
          100.75290407945843
        ]
      ], 
      "cuboid_centroid": [
        3.918393374268088, 
        1.541663151405511, 
        94.84395503302703
      ], 
      "location": [
        3.918393374268088, 
        1.541663151405511, 
        94.84395503302703
      ], 
      "pose_transform_permuted": [
        [
          0.26629478942480805, 
          -0.7977493977282536, 
          -0.5410009892150115, 
          0.0
        ], 
        [
          0.9631842806674452, 
          0.19874168892154936, 
          0.18104383265375887, 
          0.0
        ], 
        [
          0.03690819186234784, 
          0.5692951978211291, 
          -0.8213043060347688, 
          0.0
        ], 
        [
          3.918393374268088, 
          1.541663151405511, 
          94.84395503302703, 
          1.0
        ]
      ], 
      "projected_cuboid": [
        [
          539.2669239361892, 
          288.7512109353588
        ], 
        [
          481.2600697350284, 
          276.9569084758158
        ], 
        [
          479.55329434081347, 
          250.21598148899463
        ], 
        [
          533.5158836702938, 
          261.6854518110864
        ], 
        [
          528.567552087863, 
          314.3389862875
        ], 
        [
          472.3105118374359, 
          303.4554995047288
        ], 
        [
          471.27832542380946, 
          275.71887158270874
        ], 
        [
          523.7230307302318, 
          286.36778748731194
        ]
      ], 
      "projected_cuboid_centroid": [
        503.8143096683468, 
        281.95550532902837
      ], 
      "quaternion_xyzw": [
        0.8765672346864767, 
        0.0461554717810907, 
        0.1275825185955551, 
        0.4617597029913263
      ], 
      "visibility": 0.8446915351506457
    }, 
    {
      "bounding_box": {
        "bottom_right": [
          213, 
          466
        ], 
        "top_left": [
          162, 
          337
        ]
      }, 
      "class": "037_scissors", 
      "cuboid": [
        [
          -22.328985213951448, 
          -10.29905368888729, 
          88.98822964004862
        ], 
        [
          -2.120935936489668, 
          -11.745190359043777, 
          89.03982725197231
        ], 
        [
          -2.6207408258814513, 
          -18.90798039042323, 
          84.03387188320552
        ], 
        [
          -22.828790103343234, 
          -17.461843720266742, 
          83.98227427128184
        ], 
        [
          -22.261813172700055, 
          -9.406237841124215, 
          87.70403439933081
        ], 
        [
          -2.0537638952382755, 
          -10.852374511280702, 
          87.7556320112545
        ], 
        [
          -2.5535687846300585, 
          -18.015164542660155, 
          82.74967664248771
        ], 
        [
          -22.76161806209184, 
          -16.569027872503668, 
          82.69807903056402
        ]
      ], 
      "cuboid_centroid": [
        -12.441276999290753, 
        -14.157109115773721, 
        85.86895314126816
      ], 
      "location": [
        -12.441276999290753, 
        -14.157109115773721, 
        85.86895314126816
      ], 
      "pose_transform_permuted": [
        [
          -0.04290772299658506, 
          -0.5703071451916661, 
          0.8203099479444406, 
          0.0
        ], 
        [
          -0.9974456470487002, 
          0.07137961249401047, 
          -0.0025467976995086363, 
          0.0
        ], 
        [
          0.0571009796161113, 
          0.8183239825324679, 
          0.5719130835613923, 
          0.0
        ], 
        [
          -12.441276999290753, 
          -14.157109115773721, 
          85.86895314126816, 
          1.0
        ]
      ], 
      "projected_cuboid": [
        [
          346.66096742818524, 
          211.56279044052835
        ], 
        [
          468.7874864096689, 
          202.93667073804139
        ], 
        [
          464.8259733044006, 
          153.28735200504778
        ], 
        [
          335.4173901815662, 
          162.39714739158225
        ], 
        [
          345.09705313701687, 
          216.08813338130102
        ], 
        [
          469.0116623537118, 
          207.3331203132552
        ], 
        [
          465.00223194331227, 
          157.17925594139925
        ], 
        [
          333.5842092545586, 
          166.43294304788347
        ]
      ], 
      "projected_cuboid_centroid": [
        403.6821666733846, 
        185.35879161527814
      ], 
      "quaternion_xyzw": [
        -0.011918741406217924, 
        -0.2995043689159116, 
        0.9534253480904533, 
        0.033689211317762376
      ], 
      "visibility": 0.7627840909090909
    }, 
    {
      "bounding_box": {
        "bottom_right": [
          311, 
          472
        ], 
        "top_left": [
          269, 
          427
        ]
      }, 
      "class": "061_foam_brick", 
      "cuboid": [
        [
          -2.245689925657859, 
          1.840664321084164, 
          93.9738697846727
        ], 
        [
          -9.932149555032952, 
          3.0026835765695106, 
          94.43391845104564
        ], 
        [
          -10.12109275309349, 
          0.08829093711286012, 
          98.63842167503282
        ], 
        [
          -2.4346331237183985, 
          -1.0737283183724868, 
          98.17837300865988
        ], 
        [
          -1.4247816233537707, 
          6.090025931783413, 
          96.95624667263048
        ], 
        [
          -9.111241252728863, 
          7.25204518726876, 
          97.41629533900344
        ], 
        [
          -9.300184450789404, 
          4.33765254781211, 
          101.6207985629906
        ], 
        [
          -1.6137248214143105, 
          3.1756332923267627, 
          101.16074989661766
        ]
      ], 
      "cuboid_centroid": [
        -5.772937188223631, 
        3.089158434448137, 
        97.79733417383166
      ], 
      "location": [
        -5.772937188223631, 
        3.089158434448137, 
        97.79733417383166
      ], 
      "pose_transform_permuted": [
        [
          -0.15618498777593315, 
          -0.8084782299798616, 
          -0.5674232998759051, 
          0.0
        ], 
        [
          0.9870380175089655, 
          -0.14921787631046834, 
          -0.059076030514624345, 
          0.0
        ], 
        [
          0.03690801519186082, 
          0.5692951581016858, 
          -0.8213043415059813, 
          0.0
        ], 
        [
          -5.772937188223631, 
          3.089158434448137, 
          97.79733417383166, 
          1.0
        ]
      ], 
      "projected_cuboid": [
        [
          468.7461432086584, 
          283.7326580649004
        ], 
        [
          425.0373844308208, 
          290.24432157993175
        ], 
        [
          426.4181701422499, 
          273.76391064189767
        ], 
        [
          468.26156506284934, 
          267.4538854160586
        ], 
        [
          473.6945737409558, 
          306.7854635576977
        ], 
        [
          431.30057932228016, 
          312.98890710718825
        ], 
        [
          432.38170544691997, 
          296.0511204434247
        ], 
        [
          473.0186121041777, 
          290.0284801427868
        ]
      ], 
      "projected_cuboid_centroid": [
        449.8530760516661, 
        290.1326892853258
      ], 
      "quaternion_xyzw": [
        0.8837075980615077, 
        -0.052654829468087944, 
        -0.06089712784034899, 
        0.46106386746615
      ], 
      "visibility": 0.9732847601700061
    }
  ]
}