{
  "camera_data": {
    "location_worldframe": [
      -19.25955599536836, 
      -4.933136223876953, 
      96.21376697135105
    ], 
    "quaternion_xyzw_worldframe": [
      0.9547081563553271, 
      0.00957466494478009, 
      0.008965954460187582, 
      -0.2972545541148082
    ]
  }, 
  "objects": [
    {
      "bounding_box": {
        "bottom_right": [
          272, 
          542
        ], 
        "top_left": [
          157, 
          401
        ]
      }, 
      "class": "003_cracker_box", 
      "cuboid": [
        [
          -10.95267766738607, 
          0.8109739285519599, 
          86.72707851150801
        ], 
        [
          -11.87246960340059, 
          -12.415583218925667, 
          77.06838892616015
        ], 
        [
          9.36543545644958, 
          -14.414211792774283, 
          77.7828255146562
        ], 
        [
          10.2852273924641, 
          -1.1876546452966554, 
          87.44151510000407
        ], 
        [
          -11.542347354963017, 
          -3.382287324895515, 
          92.52546167018524
        ], 
        [
          -12.462139290977536, 
          -16.608844472373143, 
          82.86677208483736
        ], 
        [
          8.775765768872633, 
          -18.607473046221756, 
          83.58120867333342
        ], 
        [
          9.695557704887154, 
          -5.3809158987441315, 
          93.23989825868128
        ]
      ], 
      "cuboid_centroid": [
        -1.0884559492567183, 
        -8.898249558834898, 
        85.15414359242072
      ], 
      "location": [
        -1.0884559492567183, 
        -8.898249558834898, 
        85.15414359242072
      ], 
      "pose_transform_permuted": [
        [
          0.0821266993976224, 
          0.5840196871449999, 
          -0.8075742753908824, 
          0.0
        ], 
        [
          0.056072563167250344, 
          0.8063203558304267, 
          0.5888152099201825, 
          0.0
        ], 
        [
          -0.9950432517764779, 
          0.09364020931496442, 
          -0.0334729486831135, 
          0.0
        ], 
        [
          -1.0884559492567183, 
          -8.898249558834898, 
          85.15414359242072, 
          1.0
        ]
      ], 
      "projected_cuboid": [
        [
          413.68337883322397, 
          278.273541867201
        ], 
        [
          398.7539340101302, 
          187.36968206417734
        ], 
        [
          546.3465066197427, 
          174.45519090450898
        ], 
        [
          544.8510646608067, 
          266.0428451010399
        ], 
        [
          414.5121934769334, 
          253.79093067813685
        ], 
        [
          400.7240010813046, 
          166.39421204538993
        ], 
        [
          538.0606107900559, 
          154.55494835265944
        ], 
        [
          537.5165002126585, 
          242.5084282044867
        ]
      ], 
      "projected_cuboid_centroid": [
        474.7232703748074, 
        217.55688648749387
      ], 
      "quaternion_xyzw": [
        0.6995153765059595, 
        0.6437898537000772, 
        0.23978812040884737, 
        -0.196760055944673
      ], 
      "visibility": 0.987233747311455
    }, 
    {
      "bounding_box": {
        "bottom_right": [
          333, 
          434
        ], 
        "top_left": [
          274, 
          371
        ]
      }, 
      "class": "005_tomato_soup_can", 
      "cuboid": [
        [
          -19.57425905123567, 
          6.539997661951147, 
          93.90041693521962
        ], 
        [
          -14.108270313488541, 
          3.083033868858613, 
          91.91301608247919
        ], 
        [
          -8.19775585998445, 
          9.219838775997049, 
          97.49422183299498
        ], 
        [
          -13.663744597731583, 
          12.676802569089585, 
          99.4816226857354
        ], 
        [
          -20.271672469828715, 
          2.388241204194193, 
          99.20403640689614
        ], 
        [
          -14.805683732081585, 
          -1.0687225888983423, 
          97.2166355541557
        ], 
        [
          -8.895169278577498, 
          5.068082318240093, 
          102.7978413046715
        ], 
        [
          -14.361158016324627, 
          8.525046111332628, 
          104.78524215741191
        ]
      ], 
      "cuboid_centroid": [
        -14.234714164906585, 
        5.80403999009562, 
        98.34912911994556
      ], 
      "location": [
        -14.234714164906585, 
        5.80403999009562, 
        98.34912911994556
      ], 
      "pose_transform_permuted": [
        [
          0.10299397778688661, 
          0.6131311801390791, 
          -0.7832382507895125, 
          0.0
        ], 
        [
          -0.8078731031572619, 
          0.5109392282024796, 
          0.2937378342975777, 
          0.0
        ], 
        [
          -0.5802871110290649, 
          -0.6025040321830403, 
          -0.5479559836124797, 
          0.0
        ], 
        [
          -14.234714164906585, 
          5.80403999009562, 
          98.34912911994556, 
          1.0
        ]
      ], 
      "projected_cuboid": [
        [
          369.4960525499398, 
          310.43130198624584
        ], 
        [
          399.052501952046, 
          291.17565105728863
        ], 
        [
          436.3794342005543, 
          323.7215327993108
        ], 
        [
          407.73548547883775, 
          341.2466986580181
        ], 
        [
          371.70863683669785, 
          286.1256910004596
        ], 
        [
          399.6978763904495, 
          267.4236454591021
        ], 
        [
          435.06397162468056, 
          299.5799651111938
        ], 
        [
          407.8947625938749, 
          316.67598810820687
        ]
      ], 
      "projected_cuboid_centroid": [
        403.76295760561356, 
        304.7602095423835
      ], 
      "quaternion_xyzw": [
        0.305311764013772, 
        0.8935344685754736, 
        0.3248579670358532, 
        -0.0533677947574833
      ], 
      "visibility": 0.889924545051043
    }, 
    {
      "bounding_box": {
        "bottom_right": [
          316, 
          534
        ], 
        "top_left": [
          258, 
          473
        ]
      }, 
      "class": "010_potted_meat_can", 
      "cuboid": [
        [
          9.412408197270455, 
          3.433523381613146, 
          89.77186742878547
        ], 
        [
          -0.3761115214167825, 
          1.2436827644264201, 
          88.12550705948297
        ], 
        [
          -0.47158023305517227, 
          -3.499507726791229, 
          95.00208692025106
        ], 
        [
          9.316939485632068, 
          -1.3096671096045038, 
          96.64844728955356
        ], 
        [
          7.861285002321338, 
          8.009964239336043, 
          92.90697928140183
        ], 
        [
          -1.9272347163658992, 
          5.8201236221493176, 
          91.26061891209932
        ], 
        [
          -2.022703428004289, 
          1.076933130931668, 
          98.13719877286742
        ], 
        [
          7.765816290682951, 
          3.2667737481183936, 
          99.78355914216992
        ]
      ], 
      "cuboid_centroid": [
        3.6948523846330836, 
        2.2552282562724066, 
        93.95453310082644
      ], 
      "location": [
        3.6948523846330836, 
        2.2552282562724066, 
        93.95453310082644
      ], 
      "pose_transform_permuted": [
        [
          0.26928755145748867, 
          -0.7945072041854391, 
          -0.5442808134682715, 
          0.0
        ], 
        [
          0.9629915440450298, 
          0.21543584298361937, 
          0.16196842420028237, 
          0.0
        ], 
        [
          0.011427494444131492, 
          0.5677544198056508, 
          -0.8231186616532749, 
          0.0
        ], 
        [
          3.6948523846330836, 
          2.2552282562724066, 
          93.95453310082644, 
          1.0
        ]
      ], 
      "projected_cuboid": [
        [
          537.98059542844, 
          293.68452357689966
        ], 
        [
          479.3019419707479, 
          280.8130804735351
        ], 
        [
          478.9276658465239, 
          253.64111688954708
        ], 
        [
          533.4376827193051, 
          266.05961259799227
        ], 
        [
          527.0997454538699, 
          319.2666228187606
        ], 
        [
          470.24061002868496, 
          307.29886379262575
        ], 
        [
          470.51322795739446, 
          279.1390540066886
        ], 
        [
          523.449420401947, 
          290.74667298402255
        ]
      ], 
      "projected_cuboid_centroid": [
        502.7451563619569, 
        286.08802135744503
      ], 
      "quaternion_xyzw": [
        0.876787713377496, 
        0.05816925392168824, 
        0.12296476361322374, 
        0.4612364661245698
      ], 
      "visibility": 0.8363189322093432
    }, 
    {
      "bounding_box": {
        "bottom_right": [
          214, 
          465
        ], 
        "top_left": [
          163, 
          335
        ]
      }, 
      "class": "037_scissors", 
      "cuboid": [
        [
          -22.45625610376136, 
          -10.041810238737797, 
          88.63298581032177
        ], 
        [
          -2.229377824958424, 
          -11.146372823474852, 
          88.29747757861925
        ], 
        [
          -2.704221787185605, 
          -18.329242455071, 
          83.31793320365844
        ], 
        [
          -22.93110006598854, 
          -17.224679870333944, 
          83.65344143536095
        ], 
        [
          -22.428973914754664, 
          -9.151244201300306, 
          87.34576498522961
        ], 
        [
          -2.20209563595173, 
          -10.255806786037363, 
          87.0102567535271
        ], 
        [
          -2.676939598178911, 
          -17.43867641763351, 
          82.03071237856628
        ], 
        [
          -22.903817876981847, 
          -16.334113832896456, 
          82.3662206102688
        ]
      ], 
      "cuboid_centroid": [
        -12.566597850970135, 
        -13.740243328185652, 
        85.33184909444402
      ], 
      "location": [
        -12.566597850970135, 
        -13.740243328185652, 
        85.33184909444402
      ], 
      "pose_transform_permuted": [
        [
          -0.017427140620286042, 
          -0.5688700258716841, 
          0.8222426112046132, 
          0.0
        ], 
        [
          -0.9983750245045913, 
          0.05451991564903883, 
          0.01656029340911772, 
          0.0
        ], 
        [
          0.05424928003598197, 
          0.8206180073949864, 
          0.5688957188837667, 
          0.0
        ], 
        [
          -12.566597850970135, 
          -13.740243328185652, 
          85.33184909444402, 
          1.0
        ]
      ], 
      "projected_cuboid": [
        [
          345.3479469818401, 
          212.86327680112984
        ], 
        [
          468.0193406252168, 
          205.9620903176525
        ], 
        [
          464.14304549807116, 
          155.96072863752215
        ], 
        [
          334.18507632590627, 
          163.47325437849904
        ], 
        [
          343.50800284882894, 
          217.41047182344644
        ], 
        [
          467.9870897689176, 
          210.4247237046773
        ], 
        [
          464.0480103231601, 
          159.9096408604142
        ], 
        [
          332.05944270927483, 
          167.52348710588845
        ]
      ], 
      "projected_cuboid_centroid": [
        402.4019711158571, 
        187.41073753619213
      ], 
      "quaternion_xyzw": [
        -0.0002271371478171431, 
        -0.2981250476649679, 
        0.9541011009196287, 
        0.02850043763186666
      ], 
      "visibility": 0.7524567150210576
    }, 
    {
      "bounding_box": {
        "bottom_right": [
          314, 
          471
        ], 
        "top_left": [
          272, 
          425
        ]
      }, 
      "class": "061_foam_brick", 
      "cuboid": [
        [
          -2.4890322956099915, 
          2.4478956807599213, 
          93.20300212378065
        ], 
        [
          -10.183770550740498, 
          3.481116456685243, 
          93.80885125746885
        ], 
        [
          -10.242270198958538, 
          0.5746114641935072, 
          98.02264264638572
        ], 
        [
          -2.547531943828031, 
          -0.45860931173181474, 
          97.41679351269751
        ], 
        [
          -1.6828633271931763, 
          6.718056432254669, 
          96.15958041495722
        ], 
        [
          -9.377601582323683, 
          7.7512772081799906, 
          96.76542954864543
        ], 
        [
          -9.436101230541723, 
          4.844772215688256, 
          100.9792209375623
        ], 
        [
          -1.741362975411216, 
          3.8115514397629333, 
          100.3733718038741
        ]
      ], 
      "cuboid_centroid": [
        -5.962566763075857, 
        3.6463339482240884, 
        97.09111153067147
      ], 
      "location": [
        -5.962566763075857, 
        3.6463339482240884, 
        97.09111153067147
      ], 
      "pose_transform_permuted": [
        [
          -0.15338070052905334, 
          -0.8124354485166667, 
          -0.5625148910906621, 
          0.0
        ], 
        [
          0.9881010970992223, 
          -0.13267853283466952, 
          -0.07779864289403018, 
          0.0
        ], 
        [
          0.01142727511396363, 
          0.5677543913686288, 
          -0.8231186843129659, 
          0.0
        ], 
        [
          -5.962566763075857, 
          3.6463339482240884, 
          97.09111153067147, 
          1.0
        ]
      ], 
      "projected_cuboid": [
        [
          467.23581488702456, 
          287.29371236810914
        ], 
        [
          423.2180857323315, 
          293.0772885637453
        ], 
        [
          425.4067417998492, 
          276.41287224763704
        ], 
        [
          467.5340830034621, 
          270.7758278856515
        ], 
        [
          472.1858035822621, 
          310.5461749381393
        ], 
        [
          429.48200355159526, 
          316.0074554515776
        ], 
        [
          431.3451889363466, 
          298.8740982204634
        ], 
        [
          472.26747966451234, 
          293.53867247246063
        ]
      ], 
      "projected_cuboid_centroid": [
        448.5718641384742, 
        293.3157792859325
      ], 
      "quaternion_xyzw": [
        0.882945408782235, 
        -0.040802581483317564, 
        -0.06545686209012848, 
        0.4630960523044683
      ], 
      "visibility": 0.9567535545023697
    }
  ]
}