{
  "camera_data": {
    "location_worldframe": [
      -16.201071060990902, 
      0.3925693872112626, 
      89.12437007378705
    ], 
    "quaternion_xyzw_worldframe": [
      0.885633715263139, 
      0.03492901197790381, 
      0.007086692333171662, 
      -0.4630149607076581
    ]
  }, 
  "objects": [
    {
      "bounding_box": {
        "bottom_right": [
          328, 
          576
        ], 
        "top_left": [
          229, 
          417
        ]
      }, 
      "class": "003_cracker_box", 
      "cuboid": [
        [
          -8.222522547578299, 
          9.522000925371803, 
          82.4166950095944
        ], 
        [
          -8.420290757821043, 
          0.5053899916985655, 
          68.71488014101085
        ], 
        [
          12.89525174381028, 
          -0.525901620473748, 
          69.08586884462213
        ], 
        [
          13.093019954053025, 
          8.490709313199488, 
          82.7876837132057
        ], 
        [
          -8.580906297064075, 
          3.534013218940663, 
          86.36232066982585
        ], 
        [
          -8.778674507306821, 
          -5.482597714732575, 
          72.66050580124227
        ], 
        [
          12.536867994324503, 
          -6.513889326904889, 
          73.03149450485355
        ], 
        [
          12.734636204567245, 
          2.502721606768349, 
          86.73330937343712
        ]
      ], 
      "cuboid_centroid": [
        2.157172723373102, 
        1.5040557992334573, 
        77.72409475722398
      ], 
      "location": [
        2.157172723373102, 
        1.5040557992334573, 
        77.72409475722398
      ], 
      "pose_transform_permuted": [
        [
          0.04991417243093477, 
          0.8339815946509148, 
          -0.5495300493822441, 
          0.0
        ], 
        [
          0.012056390175979204, 
          0.5496726665419807, 
          0.8352931240663679, 
          0.0
        ], 
        [
          -0.9986807391986987, 
          0.04831831371380019, 
          -0.017381648753651197, 
          0.0
        ], 
        [
          2.157172723373102, 
          1.5040557992334573, 
          77.72409475722398, 
          1.0
        ]
      ], 
      "projected_cuboid": [
        [
          427.94560005339355, 
          334.9035388073404
        ], 
        [
          415.6997062665091, 
          277.2090417995083
        ], 
        [
          581.9736367776469, 
          269.22675502276843
        ], 
        [
          566.6454084341914, 
          327.98382323741345
        ], 
        [
          428.16517182747134, 
          295.11038942762815
        ], 
        [
          416.62566239603274, 
          233.04491434183964
        ], 
        [
          573.9117143136036, 
          225.71822838841427
        ], 
        [
          560.554382980765, 
          288.67567110407725
        ]
      ], 
      "projected_cuboid_centroid": [
        496.5222975677674, 
        283.60692079732877
      ], 
      "quaternion_xyzw": [
        0.6344101105105481, 
        0.610154764279618, 
        0.3488308594991192, 
        -0.32179497629699516
      ], 
      "visibility": 0.9804970780820953
    }, 
    {
      "bounding_box": {
        "bottom_right": [
          354, 
          446
        ], 
        "top_left": [
          301, 
          381
        ]
      }, 
      "class": "005_tomato_soup_can", 
      "cuboid": [
        [
          -17.142734798937767, 
          11.914564092062477, 
          90.97913698783417
        ], 
        [
          -11.496442119129, 
          9.661550736369827, 
          88.00917007044048
        ], 
        [
          -5.928885234245143, 
          13.739450281474166, 
          95.50032878165263
        ], 
        [
          -11.57517791405391, 
          15.992463637166818, 
          98.4702956990463
        ], 
        [
          -17.611079833939172, 
          6.133742605644034, 
          94.47407654835003
        ], 
        [
          -11.964787154130406, 
          3.8807292499513846, 
          91.50410963095635
        ], 
        [
          -6.397230269246548, 
          7.958628795055725, 
          98.99526834216849
        ], 
        [
          -12.043522949055316, 
          10.211642150748375, 
          101.96523525956218
        ]
      ], 
      "cuboid_centroid": [
        -11.769982534092158, 
        9.9365964435591, 
        94.98720266500132
      ], 
      "location": [
        -11.769982534092158, 
        9.9365964435591, 
        94.98720266500132
      ], 
      "pose_transform_permuted": [
        [
          0.06916517068003347, 
          0.8537114197820742, 
          -0.5161324945373981, 
          0.0
        ], 
        [
          -0.8345220247291087, 
          0.3329953606652274, 
          0.4389610928503604, 
          0.0
        ], 
        [
          -0.5466159546067675, 
          -0.4003632111401787, 
          -0.7354728392910616, 
          0.0
        ], 
        [
          -11.769982534092158, 
          9.9365964435591, 
          94.98720266500132, 
          1.0
        ]
      ], 
      "projected_cuboid": [
        [
          380.2689377641766, 
          343.1296972553505
        ], 
        [
          411.35015165780794, 
          331.8337803583777
        ], 
        [
          448.2114128968987, 
          350.0142099234844
        ], 
        [
          418.3829380036441, 
          359.9024456549623
        ], 
        [
          381.3515266690641, 
          307.912386354211
        ], 
        [
          411.2807517480052, 
          295.9048544082197
        ], 
        [
          446.84591069286665, 
          316.16224974699435
        ], 
        [
          418.079603831983, 
          326.6975728450977
        ]
      ], 
      "projected_cuboid_centroid": [
        414.96206018262103, 
        329.0770163273295
      ], 
      "quaternion_xyzw": [
        0.26516372851425696, 
        0.8293096120277825, 
        0.47906844320402514, 
        -0.1114770396987568
      ], 
      "visibility": 0.7589478223372144
    }, 
    {
      "bounding_box": {
        "bottom_right": [
          358, 
          551
        ], 
        "top_left": [
          296, 
          488
        ]
      }, 
      "class": "010_potted_meat_can", 
      "cuboid": [
        [
          11.969499891294898, 
          11.946804502760253, 
          86.57458228650702
        ], 
        [
          2.314909555101123, 
          9.9768751480599, 
          84.0787284335775
        ], 
        [
          2.4802659550969484, 
          3.121184821880902, 
          88.85015257160137
        ], 
        [
          12.134856291290724, 
          5.091114176581257, 
          91.34600642453088
        ], 
        [
          10.171300147834089, 
          15.043503064396157, 
          91.08630658211062
        ], 
        [
          0.5167098116403118, 
          13.073573709695802, 
          88.5904527291811
        ], 
        [
          0.682066211636137, 
          6.217883383516805, 
          93.36187686720497
        ], 
        [
          10.336656547829913, 
          8.18781273821716, 
          95.8577307201345
        ]
      ], 
      "cuboid_centroid": [
        6.3257830514655184, 
        9.082343943138529, 
        89.96822957685599
      ], 
      "location": [
        6.3257830514655184, 
        9.082343943138529, 
        89.96822957685599
      ], 
      "pose_transform_permuted": [
        [
          0.3121820417132831, 
          -0.5376119549886654, 
          -0.7832718847674841, 
          0.0
        ], 
        [
          0.949815612796288, 
          0.19380104096035258, 
          0.24554133051955143, 
          0.0
        ], 
        [
          -0.019792969967073804, 
          0.8206182085062631, 
          -0.5711339546970167, 
          0.0
        ], 
        [
          6.3257830514655184, 
          9.082343943138529, 
          89.96822957685599, 
          1.0
        ]
      ], 
      "projected_cuboid": [
        [
          555.9464472209756, 
          346.88163517236075
        ], 
        [
          496.4031334560104, 
          336.5708311010364
        ], 
        [
          496.60883607666756, 
          292.02132841259623
        ], 
        [
          553.0363069123684, 
          303.01078096489056
        ], 
        [
          541.6473603065798, 
          361.3677774650584
        ], 
        [
          484.7336141418345, 
          351.99019810073327
        ], 
        [
          485.52576761867334, 
          308.80552159206593
        ], 
        [
          539.5859440244836, 
          318.84072379226376
        ]
      ], 
      "projected_cuboid_centroid": [
        519.4079555286464, 
        327.1254532157711
      ], 
      "quaternion_xyzw": [
        0.9425637519645602, 
        0.056652404275636045, 
        0.14792722801783614, 
        0.29407716649795657
      ], 
      "visibility": 0.5292887029288703
    }, 
    {
      "bounding_box": {
        "bottom_right": [
          267, 
          488
        ], 
        "top_left": [
          225, 
          342
        ]
      }, 
      "class": "037_scissors", 
      "cuboid": [
        [
          -19.11549062988189, 
          -1.8824019507832381, 
          80.17360018007071
        ], 
        [
          1.1414510880085298, 
          -1.7607259308825305, 
          79.85621025139777
        ], 
        [
          1.05873514094732, 
          -6.7494533017485745, 
          72.66449888299265
        ], 
        [
          -19.1982065769431, 
          -6.871129321649281, 
          72.98188881166557
        ], 
        [
          -19.137192574150475, 
          -0.596091954835017, 
          79.2815658436443
        ], 
        [
          1.1197491437399454, 
          -0.4744159349343094, 
          78.96417591497136
        ], 
        [
          1.0370331966787356, 
          -5.463143305800353, 
          71.77246454656624
        ], 
        [
          -19.219908521211686, 
          -5.58481932570106, 
          72.08985447523916
        ]
      ], 
      "cuboid_centroid": [
        -9.039228716601578, 
        -3.6727726282917956, 
        75.97303236331847
      ], 
      "location": [
        -9.039228716601578, 
        -3.6727726282917956, 
        75.97303236331847
      ], 
      "pose_transform_permuted": [
        [
          0.01386262790018269, 
          -0.8216607976423455, 
          0.5698079364237356, 
          0.0
        ], 
        [
          -0.9998589206511911, 
          -0.006005785849677807, 
          0.015665995189600025, 
          0.0
        ], 
        [
          0.009450010808851987, 
          0.5699448443987987, 
          0.8216281452388057, 
          0.0
        ], 
        [
          -9.039228716601578, 
          -3.6727726282917956, 
          75.97303236331847, 
          1.0
        ]
      ], 
      "projected_cuboid": [
        [
          353.38001235773174, 
          260.7646876279842
        ], 
        [
          489.2837765224877, 
          261.5275324315762
        ], 
        [
          489.43238996120385, 
          223.74906539364648
        ], 
        [
          340.1358809651411, 
          223.07534332198324
        ], 
        [
          351.7901781946143, 
          269.27668386842186
        ], 
        [
          489.22281574193966, 
          270.0823595582809
        ], 
        [
          489.367167880027, 
          232.69156428141247
        ], 
        [
          338.22356247253896, 
          231.97013449372852
        ]
      ], 
      "projected_cuboid_centroid": [
        417.61420832767396, 
        247.50421093365105
      ], 
      "quaternion_xyzw": [
        0.008332498252200306, 
        -0.46370947276424596, 
        0.8859474732558537, 
        0.0009719043913847022
      ], 
      "visibility": 0.8023057216054654
    }, 
    {
      "bounding_box": {
        "bottom_right": [
          343, 
          484
        ], 
        "top_left": [
          303, 
          438
        ]
      }, 
      "class": "061_foam_brick", 
      "cuboid": [
        [
          0.14043080216156398, 
          9.209750100512721, 
          89.21474662028128
        ], 
        [
          -7.599138280323833, 
          9.568432781567193, 
          89.99833599700294
        ], 
        [
          -7.497809350731008, 
          5.3674431699738285, 
          92.92214346002837
        ], 
        [
          0.24175973175439083, 
          5.008760488919356, 
          92.13855408330669
        ], 
        [
          0.7126982943275261, 
          12.203662216872774, 
          93.49663132190783
        ], 
        [
          -7.026870788157871, 
          12.562344897927247, 
          94.2802206986295
        ], 
        [
          -6.925541858565046, 
          8.36135528633388, 
          97.20402816165493
        ], 
        [
          0.8140272239203529, 
          8.00267260527941, 
          96.42043878493325
        ]
      ], 
      "cuboid_centroid": [
        -3.3925555282017408, 
        8.785552693423302, 
        93.2093873909681
      ], 
      "location": [
        -3.3925555282017408, 
        8.785552693423302, 
        93.2093873909681
      ], 
      "pose_transform_permuted": [
        [
          -0.108878897944677, 
          -0.5696179780171102, 
          -0.8146660326183064, 
          0.0
        ], 
        [
          0.993857938751854, 
          -0.04605936406272257, 
          -0.10062272388508331, 
          0.0
        ], 
        [
          -0.01979351313609473, 
          0.82061799523398, 
          -0.5711342423072661, 
          0.0
        ], 
        [
          -3.3925555282017408, 
          8.785552693423302, 
          93.2093873909681, 
          1.0
        ]
      ], 
      "projected_cuboid": [
        [
          482.44355060847585, 
          328.34178692611215
        ], 
        [
          436.1901947654944, 
          329.987948359028
        ], 
        [
          438.20534425958937, 
          304.09257029532205
        ], 
        [
          483.0080928231603, 
          302.2784196397838
        ], 
        [
          485.6962916473217, 
          342.8981587921949
        ], 
        [
          441.51657035897944, 
          344.3485751189036
        ], 
        [
          443.28273907564085, 
          319.1619466490416
        ], 
        [
          486.1371288327877, 
          317.55082542802666
        ]
      ], 
      "projected_cuboid_centroid": [
        462.0239945228631, 
        323.55515825174365
      ], 
      "quaternion_xyzw": [
        0.9525153498243666, 
        -0.00689381303185061, 
        -0.054986416194865044, 
        0.2994052065761247
      ], 
      "visibility": 0.38349241998877037
    }
  ]
}