{
  "camera_data": {
    "location_worldframe": [
      -8.878479695970272, 
      7.284376614305656, 
      82.50129355422074
    ], 
    "quaternion_xyzw_worldframe": [
      0.9356565864110025, 
      -0.028578890063688123, 
      0.1595218016627014, 
      -0.3134997729805017
    ]
  }, 
  "objects": [
    {
      "bounding_box": {
        "bottom_right": [
          349, 
          638
        ], 
        "top_left": [
          203, 
          479
        ]
      }, 
      "class": "003_cracker_box", 
      "cuboid": [
        [
          2.4273273654257426, 
          11.797257739751732, 
          75.88251331318119
        ], 
        [
          2.0819660724099047, 
          -0.8587853276476243, 
          65.45258449556334
        ], 
        [
          21.80095936036363, 
          -6.367096425125965, 
          71.48361755047426
        ], 
        [
          22.146320653379465, 
          6.288946642273391, 
          81.91354636809211
        ], 
        [
          -0.3161900165434703, 
          7.622215229825866, 
          81.03950177061324
        ], 
        [
          -0.6615513095593079, 
          -5.03382783757349, 
          70.60957295299539
        ], 
        [
          19.05744197839442, 
          -10.542138935051831, 
          76.64060600790631
        ], 
        [
          19.402803271410253, 
          2.1139041323475243, 
          87.07053482552418
        ]
      ], 
      "cuboid_centroid": [
        10.742384671910079, 
        0.62755940234995, 
        76.26155966054375
      ], 
      "location": [
        10.742384671910079, 
        0.62755940234995, 
        76.26155966054375
      ], 
      "pose_transform_permuted": [
        [
          0.38210549408941064, 
          0.5814822576245001, 
          -0.7182435349201564, 
          0.0
        ], 
        [
          0.02105399293025334, 
          0.7715405479843079, 
          0.635831669703363, 
          0.0
        ], 
        [
          -0.9238788452867508, 
          0.2580766686161077, 
          -0.2825673589564646, 
          0.0
        ], 
        [
          10.742384671910079, 
          0.62755940234995, 
          76.26155966054375, 
          1.0
        ]
      ], 
      "projected_cuboid": [
        [
          498.799047005602, 
          356.2003517920021
        ], 
        [
          498.7026799695505, 
          266.2889986710423
        ], 
        [
          645.6034792552332, 
          225.78338512181708
        ], 
        [
          626.9880929789202, 
          314.2323711256991
        ], 
        [
          479.49888723595694, 
          323.4482068021285
        ], 
        [
          476.5586801867797, 
          235.26564574523442
        ], 
        [
          615.317391822717, 
          199.92687349764796
        ], 
        [
          601.4324355255953, 
          286.23450566058705
        ]
      ], 
      "projected_cuboid_centroid": [
        557.3477876658465, 
        277.6752460063719
      ], 
      "quaternion_xyzw": [
        0.7066424478593325, 
        0.5998151534793439, 
        0.3601316220375885, 
        -0.10575181959899009
      ], 
      "visibility": 0.9771123628817077
    }, 
    {
      "bounding_box": {
        "bottom_right": [
          406, 
          495
        ], 
        "top_left": [
          347, 
          428
        ]
      }, 
      "class": "005_tomato_soup_can", 
      "cuboid": [
        [
          -6.801887783592485, 
          18.70294679444174, 
          80.95624398391816
        ], 
        [
          -1.6029169265013032, 
          14.436236944954524, 
          80.21916679338116
        ], 
        [
          3.4853569824986828, 
          19.372918191304418, 
          87.53237813326987
        ], 
        [
          -1.7136138745924985, 
          23.63962804079163, 
          88.26945532380687
        ], 
        [
          -9.510350005159893, 
          14.598526016627531, 
          85.61132820810741
        ], 
        [
          -4.311379148068711, 
          10.331816167140316, 
          84.87425101757042
        ], 
        [
          0.7768947609312755, 
          15.26849741349021, 
          92.18746235745913
        ], 
        [
          -4.422076096159906, 
          19.535207262977426, 
          92.9245395479961
        ]
      ], 
      "cuboid_centroid": [
        -3.0124965113306046, 
        16.985722103965976, 
        86.57185317068864
      ], 
      "location": [
        -3.0124965113306046, 
        16.985722103965976, 
        86.57185317068864
      ], 
      "pose_transform_permuted": [
        [
          0.3999855615733593, 
          0.6061406493598095, 
          -0.6874625987975151, 
          0.0
        ], 
        [
          -0.7684078619733024, 
          0.6306196905553074, 
          0.10894000440823866, 
          0.0
        ], 
        [
          -0.49956053572082293, 
          -0.4846773527162921, 
          -0.7180021830846, 
          0.0
        ], 
        [
          -3.0124965113306046, 
          16.985722103965976, 
          86.57185317068864, 
          1.0
        ]
      ], 
      "projected_cuboid": [
        [
          436.41450722877767, 
          396.4968957947896
        ], 
        [
          470.8516190993651, 
          369.2627015069617
        ], 
        [
          503.00971223167954, 
          391.32236512261665
        ], 
        [
          471.1572190071355, 
          416.1159745831086
        ], 
        [
          421.858198834431, 
          364.22870618580157
        ], 
        [
          454.28013204905716, 
          338.20799325907274
        ], 
        [
          486.12898741436845, 
          361.61729867248965
        ], 
        [
          456.00605278344244, 
          385.40448492344643
        ]
      ], 
      "projected_cuboid_centroid": [
        462.88414835852024, 
        377.9258393313475
      ], 
      "quaternion_xyzw": [
        0.32953654661150517, 
        0.8574012790821911, 
        0.3860919224023796, 
        0.08486270205844328
      ], 
      "visibility": 0.9652206432311145
    }, 
    {
      "bounding_box": {
        "bottom_right": [
          369, 
          613
        ], 
        "top_left": [
          310, 
          535
        ]
      }, 
      "class": "010_potted_meat_can", 
      "cuboid": [
        [
          21.407280465700783, 
          10.933747403442757, 
          84.24315861175045
        ], 
        [
          12.19027196136663, 
          10.436988945438873, 
          79.98628088942237
        ], 
        [
          9.546684096894095, 
          5.612057369637919, 
          86.27323558816589
        ], 
        [
          18.763692601228247, 
          6.108815827641803, 
          90.53011331049396
        ], 
        [
          19.802257278721832, 
          15.627645818278472, 
          87.17060436855328
        ], 
        [
          10.585248774387681, 
          15.130887360274587, 
          82.9137266462252
        ], 
        [
          7.9416609099151465, 
          10.305955784473632, 
          89.20068134496873
        ], 
        [
          17.158669414249296, 
          10.802714242477517, 
          93.45755906729678
        ]
      ], 
      "cuboid_centroid": [
        14.674470687807965, 
        10.619851593958195, 
        86.72191997835958
      ], 
      "location": [
        14.674470687807965, 
        10.619851593958195, 
        86.72191997835958
      ], 
      "pose_transform_permuted": [
        [
          0.2786450266886986, 
          -0.8148987875606886, 
          -0.508228297043749, 
          0.0
        ], 
        [
          0.9067664474455678, 
          0.04887094353779827, 
          0.4187903144138908, 
          0.0
        ], 
        [
          0.3164344120224355, 
          0.5775387331571403, 
          -0.7525412112245151, 
          0.0
        ], 
        [
          14.674470687807965, 
          10.619851593958195, 
          86.72191997835958, 
          1.0
        ]
      ], 
      "projected_cuboid": [
        [
          618.2498886887026, 
          342.50499683073747
        ], 
        [
          563.5547442982333, 
          342.87660432841807
        ], 
        [
          541.1040895910155, 
          307.9788742164565
        ], 
        [
          593.0565421403988, 
          309.2740231588074
        ], 
        [
          603.759138696142, 
          368.8982366053494
        ], 
        [
          550.2511525908193, 
          370.61178033150367
        ], 
        [
          529.4749486837869, 
          334.9045431388112
        ], 
        [
          580.3297462447757, 
          334.9326917480505
        ]
      ], 
      "projected_cuboid_centroid": [
        572.5936974006567, 
        338.59614859479035
      ], 
      "quaternion_xyzw": [
        0.8649470327202785, 
        -0.07733521775406986, 
        0.20158325155158324, 
        0.45304508238370644
      ], 
      "visibility": 0.7026000584282793
    }, 
    {
      "bounding_box": {
        "bottom_right": [
          295, 
          542
        ], 
        "top_left": [
          238, 
          398
        ]
      }, 
      "class": "037_scissors", 
      "cuboid": [
        [
          -10.695236690185137, 
          2.959267154722055, 
          74.02908750323668
        ], 
        [
          8.47725170685277, 
          -1.4748641432805876, 
          78.84711588424183
        ], 
        [
          8.242686214023891, 
          -8.358359890667435, 
          73.44550312132974
        ], 
        [
          -10.929802183014019, 
          -3.9242285926647926, 
          68.62747474032457
        ], 
        [
          -10.191013954699017, 
          3.8635363600199675, 
          72.85484465152592
        ], 
        [
          8.981474442338893, 
          -0.5705949379826756, 
          77.67287303253107
        ], 
        [
          8.746908949510011, 
          -7.454090685369523, 
          72.27126026961898
        ], 
        [
          -10.425579447527898, 
          -3.019959387366881, 
          67.45323188861381
        ]
      ], 
      "cuboid_centroid": [
        -0.9741638703375632, 
        -2.247411765323734, 
        73.15017388642782
      ], 
      "location": [
        -0.9741638703375632, 
        -2.247411765323734, 
        73.15017388642782
      ], 
      "pose_transform_permuted": [
        [
          -0.32208414482818615, 
          -0.5776232470002518, 
          0.750075270503709, 
          0.0
        ], 
        [
          -0.9463315747178924, 
          0.21886352813717322, 
          -0.23781223857913653, 
          0.0
        ], 
        [
          0.026798296113037794, 
          0.7864155767612371, 
          0.6171155721275773, 
          0.0
        ], 
        [
          -0.9741638703375632, 
          -2.247411765323734, 
          73.15017388642782, 
          1.0
        ]
      ], 
      "projected_cuboid": [
        [
          403.9044532969219, 
          294.6056596763964
        ], 
        [
          539.4147950609643, 
          263.3106001007997
        ], 
        [
          541.9495735924489, 
          212.59286956825514
        ], 
        [
          395.95127843367015, 
          242.79047259031674
        ], 
        [
          406.37406044848956, 
          301.5687971907994
        ], 
        [
          543.7798311706117, 
          269.3687035740865
        ], 
        [
          546.6820404101351, 
          218.27971338185995
        ], 
        [
          398.4801993151465, 
          249.40920198775157
        ]
      ], 
      "projected_cuboid_centroid": [
        474.4354965651714, 
        256.90122210020036
      ], 
      "quaternion_xyzw": [
        -0.15000716407927886, 
        -0.3200938376885543, 
        0.9331160728953872, 
        0.06581759530942954
      ], 
      "visibility": 0.8241007194244604
    }, 
    {
      "bounding_box": {
        "bottom_right": [
          383, 
          539
        ], 
        "top_left": [
          329, 
          484
        ]
      }, 
      "class": "061_foam_brick", 
      "cuboid": [
        [
          9.01722344869486, 
          11.852951359575126, 
          84.4159846113834
        ], 
        [
          1.6909224557055575, 
          14.132712977819198, 
          83.08497150713968
        ], 
        [
          0.07100052303859253, 
          11.176119855225581, 
          86.93745659978153
        ], 
        [
          7.397301516027896, 
          8.896358236981508, 
          88.26846970402522
        ], 
        [
          9.656323208962414, 
          15.858377278787822, 
          87.75868578606624
        ], 
        [
          2.3300222159731105, 
          18.138138897031897, 
          86.42767268182254
        ], 
        [
          0.7101002833061455, 
          15.181545774438277, 
          90.28015777446437
        ], 
        [
          8.036401276295448, 
          12.901784156194203, 
          91.61117087870808
        ]
      ], 
      "cuboid_centroid": [
        4.863661866000504, 
        13.517248567006702, 
        87.34807119292388
      ], 
      "location": [
        4.863661866000504, 
        13.517248567006702, 
        87.34807119292388
      ], 
      "pose_transform_permuted": [
        [
          -0.12159432175899021, 
          -0.7620673301436606, 
          -0.6359781484010949, 
          0.0
        ], 
        [
          0.9407891222323422, 
          -0.2927500431362575, 
          0.1709188103545622, 
          0.0
        ], 
        [
          0.31643427185636963, 
          0.5775385671722997, 
          -0.7525413975478673, 
          0.0
        ], 
        [
          4.863661866000504, 
          13.517248567006702, 
          87.34807119292388, 
          1.0
        ]
      ], 
      "projected_cuboid": [
        [
          539.0404352445298, 
          348.1705911324783
        ], 
        [
          492.5414942829891, 
          364.0039379839167
        ], 
        [
          482.0362529559136, 
          341.8466709296385
        ], 
        [
          526.6641536290912, 
          327.03848454397775
        ], 
        [
          540.768684090503, 
          369.6597127200743
        ], 
        [
          496.0947649251146, 
          385.2116237311977
        ], 
        [
          485.82686213259234, 
          362.9697625560294
        ], 
        [
          528.7713099581333, 
          348.39499999919104
        ]
      ], 
      "projected_cuboid_centroid": [
        511.5405161811888, 
        355.8185649961403
      ], 
      "quaternion_xyzw": [
        0.888018276530069, 
        -0.1715010634051966, 
        0.013886113016814078, 
        0.4264013387229655
      ], 
      "visibility": 0.7555045871559632
    }
  ]
}