{
  "camera_data": {
    "location_worldframe": [
      -13.91562776404826, 
      -2.771211966011633, 
      94.42400252375823
    ], 
    "quaternion_xyzw_worldframe": [
      0.9505194244277856, 
      -0.007788308427659791, 
      0.09897941960864444, 
      -0.2943731299050657
    ]
  }, 
  "objects": [
    {
      "bounding_box": {
        "bottom_right": [
          280, 
          584
        ], 
        "top_left": [
          159, 
          443
        ]
      }, 
      "class": "003_cracker_box", 
      "cuboid": [
        [
          -3.725541771758138, 
          2.159662101356927, 
          86.43371333064638
        ], 
        [
          -4.217365606799084, 
          -11.015008951404145, 
          76.67337175598922
        ], 
        [
          16.37566919262153, 
          -14.831012034213472, 
          80.78659255826042
        ], 
        [
          16.867493027662476, 
          -1.656340981452402, 
          90.54693413291758
        ], 
        [
          -5.600674070211984, 
          -1.9207840866076435, 
          92.03605527891796
        ], 
        [
          -6.09249790525293, 
          -15.095455139368713, 
          82.2757137042608
        ], 
        [
          14.50053689416768, 
          -18.911458222178045, 
          86.388934506532
        ], 
        [
          14.99236072920863, 
          -5.736787169416971, 
          96.14927608118916
        ]
      ], 
      "cuboid_centroid": [
        5.387497561204772, 
        -8.375898060410558, 
        86.41132391858919
      ], 
      "location": [
        5.387497561204772, 
        -8.375898060410558, 
        86.41132391858919
      ], 
      "pose_transform_permuted": [
        [
          0.26116049349373494, 
          0.568307282105986, 
          -0.7802704849880044, 
          0.0
        ], 
        [
          0.02998267540481825, 
          0.8031572640380563, 
          0.5950121413874446, 
          0.0
        ], 
        [
          -0.9648296408245747, 
          0.17878826115886434, 
          -0.1927135746596782, 
          0.0
        ], 
        [
          5.387497561204772, 
          -8.375898060410558, 
          86.41132391858919, 
          1.0
        ]
      ], 
      "projected_cuboid": [
        [
          458.4178924363664, 
          286.61224212282855
        ], 
        [
          452.01773248353527, 
          196.66906508243747
        ], 
        [
          590.6033457849709, 
          175.37834671332612
        ], 
        [
          581.7741861874905, 
          263.5307236043217
        ], 
        [
          448.8724919696504, 
          262.15620688101046
        ], 
        [
          441.7757657779818, 
          175.43625531302834
        ], 
        [
          571.861719620594, 
          156.5371988001781
        ], 
        [
          565.4495167978436, 
          241.46579978522118
        ]
      ], 
      "projected_cuboid_centroid": [
        515.1251092244215, 
        221.5915718625191
      ], 
      "quaternion_xyzw": [
        0.7051668989593328, 
        0.6267973253820411, 
        0.3035354595290481, 
        -0.13315773471521403
      ], 
      "visibility": 0.9635275680296338
    }, 
    {
      "bounding_box": {
        "bottom_right": [
          342, 
          464
        ], 
        "top_left": [
          284, 
          403
        ]
      }, 
      "class": "005_tomato_soup_can", 
      "cuboid": [
        [
          -12.861960808356038, 
          8.667514140016792, 
          92.1594129820709
        ], 
        [
          -7.466558113772789, 
          4.736537767078705, 
          91.05739292050627
        ], 
        [
          -2.0238882864415637, 
          10.385377610868916, 
          97.55449741195599
        ], 
        [
          -7.4192909810248135, 
          14.316353983807003, 
          98.65651747352062
        ], 
        [
          -14.759808700722116, 
          4.633760629870289, 
          97.25635840635483
        ], 
        [
          -9.364406006138866, 
          0.7027842569322013, 
          96.15433834479022
        ], 
        [
          -3.921736178807641, 
          6.351624100722414, 
          102.65144283623992
        ], 
        [
          -9.31713887339089, 
          10.2826004736605, 
          103.75346289780455
        ]
      ], 
      "cuboid_centroid": [
        -8.39184849358184, 
        7.509569120369602, 
        97.40542790915542
      ], 
      "location": [
        -8.39184849358184, 
        7.509569120369602, 
        97.40542790915542
      ], 
      "pose_transform_permuted": [
        [
          0.28027407913024455, 
          0.5957045109053604, 
          -0.7527166381006996, 
          0.0
        ], 
        [
          -0.7974404863945167, 
          0.5809982847041656, 
          0.16287855859079503, 
          0.0
        ], 
        [
          -0.5343546953877543, 
          -0.5545962165231729, 
          -0.637877806586217, 
          0.0
        ], 
        [
          -8.39184849358184, 
          7.509569120369602, 
          97.40542790915542, 
          1.0
        ]
      ], 
      "projected_cuboid": [
        [
          406.54559582110807, 
          323.4447896315739
        ], 
        [
          437.5012943244876, 
          301.02825412982196
        ], 
        [
          470.44049175613435, 
          330.0622418745573
        ], 
        [
          441.155465962695, 
          350.67820084064573
        ], 
        [
          399.9849857493449, 
          298.69644771002953
        ], 
        [
          429.22459496754, 
          277.18452754091135
        ], 
        [
          461.0521206300479, 
          306.2860304801533
        ], 
        [
          433.30545651713857, 
          326.1417588614323
        ]
      ], 
      "projected_cuboid_centroid": [
        435.26665139126214, 
        314.4033459359741
      ], 
      "quaternion_xyzw": [
        0.31649640750874136, 
        0.8810155136287882, 
        0.3500455719589467, 
        0.03331255770284699
      ], 
      "visibility": 0.9664579606440071
    }, 
    {
      "bounding_box": {
        "bottom_right": [
          314, 
          570
        ], 
        "top_left": [
          261, 
          504
        ]
      }, 
      "class": "010_potted_meat_can", 
      "cuboid": [
        [
          16.0333207566042, 
          3.041302055727254, 
          92.73414676641804
        ], 
        [
          6.485373585012333, 
          1.6902653483203876, 
          89.51973744258426
        ], 
        [
          4.875090844071168, 
          -2.9720425212457844, 
          96.26245171177949
        ], 
        [
          14.423038015663037, 
          -1.621005813838918, 
          99.47686103561327
        ], 
        [
          14.398860548926676, 
          7.759269622388559, 
          95.60608727555308
        ], 
        [
          4.850913377334805, 
          6.408232914981693, 
          92.3916779517193
        ], 
        [
          3.2406306363936404, 
          1.7459250454155215, 
          99.13439222091455
        ], 
        [
          12.78857780798551, 
          3.096961752822388, 
          102.34880154474833
        ]
      ], 
      "cuboid_centroid": [
        9.636975696498922, 
        2.393613550571388, 
        95.93426949366629
      ], 
      "location": [
        9.636975696498922, 
        2.393613550571388, 
        95.93426949366629
      ], 
      "pose_transform_permuted": [
        [
          0.2837555319354361, 
          -0.8190773872888586, 
          -0.49859213643047967, 
          0.0
        ], 
        [
          0.9393240912288563, 
          0.13291457363501502, 
          0.3162325956234132, 
          0.0
        ], 
        [
          0.19274898298917015, 
          0.5580728634749234, 
          -0.807095105058592, 
          0.0
        ], 
        [
          9.636975696498922, 
          2.393613550571388, 
          95.93426949366629, 
          1.0
        ]
      ], 
      "projected_cuboid": [
        [
          574.5740715435744, 
          290.7772466493386
        ], 
        [
          520.5560814572517, 
          283.3564023126732
        ], 
        [
          508.8314517076192, 
          256.82063200863155
        ], 
        [
          559.5668682390157, 
          264.5959325888398
        ], 
        [
          562.5876139793947, 
          316.5700836075405
        ], 
        [
          509.83171887372447, 
          310.2772733252353
        ], 
        [
          499.17618078217544, 
          282.6792017846701
        ], 
        [
          548.7911825811402, 
          289.42419984150195
        ]
      ], 
      "projected_cuboid_centroid": [
        535.6175854264644, 
        286.5931591482105
      ], 
      "quaternion_xyzw": [
        0.8654462853254179, 
        -0.01728426430637942, 
        0.17331755238086402, 
        0.4697496886638062
      ], 
      "visibility": 0.7927728613569321
    }, 
    {
      "bounding_box": {
        "bottom_right": [
          226, 
          503
        ], 
        "top_left": [
          175, 
          374
        ]
      }, 
      "class": "037_scissors", 
      "cuboid": [
        [
          -16.279514308888157, 
          -7.645636934923567, 
          86.39668375440542
        ], 
        [
          3.5656992215934795, 
          -10.492155646248769, 
          89.31628309991758
        ], 
        [
          3.280088873496212, 
          -17.646854690768592, 
          84.28203405695392
        ], 
        [
          -16.565124656985425, 
          -14.800335979443387, 
          81.36243471144174
        ], 
        [
          -15.968601292354561, 
          -6.77103261058846, 
          85.13605295618201
        ], 
        [
          3.876612238127075, 
          -9.617551321913663, 
          88.05565230169418
        ], 
        [
          3.5910018900298075, 
          -16.772250366433486, 
          83.02140325873052
        ], 
        [
          -16.254211640451828, 
          -13.925731655108283, 
          80.10180391321833
        ]
      ], 
      "cuboid_centroid": [
        -6.344256209429175, 
        -12.208943650678526, 
        84.70904350656797
      ], 
      "location": [
        -6.344256209429175, 
        -12.208943650678526, 
        84.70904350656797
      ], 
      "pose_transform_permuted": [
        [
          -0.19860301013525247, 
          -0.5586741057896238, 
          0.8052576054477296, 
          0.0
        ], 
        [
          -0.9795364994882453, 
          0.14050083008361614, 
          -0.14410800460365536, 
          0.0
        ], 
        [
          0.03262999424575182, 
          0.8173996152732597, 
          0.5751455379608432, 
          0.0
        ], 
        [
          -6.344256209429175, 
          -12.208943650678526, 
          84.70904350656797, 
          1.0
        ]
      ], 
      "projected_cuboid": [
        [
          380.2675198381966, 
          226.09065353287937
        ], 
        [
          503.06577194118927, 
          210.63646028435596
        ], 
        [
          502.5257734449421, 
          161.62082780644505
        ], 
        [
          372.11008014096524, 
          176.2723686864297
        ], 
        [
          380.7309977775782, 
          230.8706147135825
        ], 
        [
          505.2718988153014, 
          215.0366888456132
        ], 
        [
          504.8574758087482, 
          165.54360395282092
        ], 
        [
          372.4743061789436, 
          180.56870843415345
        ]
      ], 
      "projected_cuboid_centroid": [
        441.3214082333397, 
        196.42026173508603
      ], 
      "quaternion_xyzw": [
        -0.09028477806983147, 
        -0.29869671678108645, 
        0.9489723020469608, 
        0.04561008365468615
      ], 
      "visibility": 0.7939282428702852
    }, 
    {
      "bounding_box": {
        "bottom_right": [
          321, 
          504
        ], 
        "top_left": [
          276, 
          456
        ]
      }, 
      "class": "061_foam_brick", 
      "cuboid": [
        [
          3.694727551228299, 
          3.112575045548829, 
          94.19785950242101
        ], 
        [
          -3.87885237491823, 
          4.809998538709204, 
          93.56285104050815
        ], 
        [
          -4.865591164315183, 
          1.9530561033074438, 
          97.69461311398614
        ], 
        [
          2.707988761831346, 
          0.25563261014706906, 
          98.329621575899
        ], 
        [
          4.380193868062061, 
          7.32080163653033, 
          97.27137562057358
        ], 
        [
          -3.1933860580844677, 
          9.018225129690705, 
          96.63636715866073
        ], 
        [
          -4.180124847481421, 
          6.161282694288945, 
          100.76812923213872
        ], 
        [
          3.3934550786651076, 
          4.46385920112857, 
          101.40313769405157
        ]
      ], 
      "cuboid_centroid": [
        -0.2426986481265608, 
        4.636928869918886, 
        97.48299436727986
      ], 
      "location": [
        -0.2426986481265608, 
        4.636928869918886, 
        97.48299436727986
      ], 
      "pose_transform_permuted": [
        [
          -0.13041596487086946, 
          -0.8006519325313564, 
          -0.5847633359236922, 
          0.0
        ], 
        [
          0.972542844976487, 
          -0.2179705092262835, 
          0.08154306710368286, 
          0.0
        ], 
        [
          0.19274877636924534, 
          0.5580728805823119, 
          -0.8070951425741082, 
          0.0
        ], 
        [
          -0.2426986481265608, 
          4.636928869918886, 
          97.48299436727986, 
          1.0
        ]
      ], 
      "projected_cuboid": [
        [
          502.6898152012079, 
          290.9089896448762
        ], 
        [
          459.3028870218509, 
          300.70411223435724
        ], 
        [
          454.8142223353646, 
          283.9483650128857
        ], 
        [
          496.4070408512221, 
          274.67303652484065
        ], 
        [
          505.81293568364106, 
          313.4250355853203
        ], 
        [
          463.8264495427156, 
          323.0565801355825
        ], 
        [
          459.28921492806745, 
          305.8953870625569
        ], 
        [
          499.5933370658551, 
          296.76375557664807
        ]
      ], 
      "projected_cuboid_centroid": [
        480.2582243095757, 
        298.6547059183184
      ], 
      "quaternion_xyzw": [
        0.8825218214699412, 
        -0.11634819547901626, 
        -0.013844671196283617, 
        0.4554411675701054
      ], 
      "visibility": 0.9078396169958108
    }
  ]
}