{
  "camera_data": {
    "location_worldframe": [
      -8.809944455756748, 
      8.241226347971578, 
      83.68925422657128
    ], 
    "quaternion_xyzw_worldframe": [
      0.9359635101547251, 
      -0.04135552090992201, 
      0.18610259011577057, 
      -0.296021582621025
    ]
  }, 
  "objects": [
    {
      "bounding_box": {
        "bottom_right": [
          349, 
          630
        ], 
        "top_left": [
          202, 
          479
        ]
      }, 
      "class": "003_cracker_box", 
      "cuboid": [
        [
          2.949538661319093, 
          12.025972581813193, 
          77.41334686488368
        ], 
        [
          2.4297616410285148, 
          -0.9211317492288438, 
          67.35449817442975
        ], 
        [
          21.613431997158482, 
          -7.129512227652332, 
          74.35423750163801
        ], 
        [
          22.13320901744906, 
          5.817592103389703, 
          84.41308619209195
        ], 
        [
          -0.1896777672033445, 
          8.143317176043329, 
          82.57306630976473
        ], 
        [
          -0.7094547874939225, 
          -4.803787154998707, 
          72.5142176193108
        ], 
        [
          18.474215568636048, 
          -11.012167633422196, 
          79.51395694651906
        ], 
        [
          18.993992588926623, 
          1.9349366976198399, 
          89.57280563697299
        ]
      ], 
      "cuboid_centroid": [
        10.71187711497757, 
        0.5069024741954982, 
        78.46365190570137
      ], 
      "location": [
        10.71187711497757, 
        0.5069024741954982, 
        78.46365190570137
      ], 
      "pose_transform_permuted": [
        [
          0.4372167832278093, 
          0.5407598187461613, 
          -0.7186238952981912, 
          0.0
        ], 
        [
          0.031686763779877836, 
          0.7892842902939669, 
          0.6132097994131434, 
          0.0
        ], 
        [
          -0.89879777117274, 
          0.29087648156007423, 
          -0.3279534098163136, 
          0.0
        ], 
        [
          10.71187711497757, 
          0.5069024741954982, 
          78.46365190570137, 
          1.0
        ]
      ], 
      "projected_cuboid": [
        [
          502.0865044019736, 
          356.1364203893694
        ], 
        [
          500.9964918348265, 
          265.9929256190922
        ], 
        [
          637.9153425654691, 
          222.14878689655114
        ], 
        [
          622.5994177516236, 
          310.04192669662956
        ], 
        [
          480.36177674721813, 
          325.88226581435305
        ], 
        [
          476.3357662989336, 
          237.95617316116378
        ], 
        [
          606.5407742450492, 
          199.42523265087965
        ], 
        [
          595.6304043062077, 
          284.807218010366
        ]
      ], 
      "projected_cuboid_centroid": [
        555.0127454923331, 
        276.7319679312325
      ], 
      "quaternion_xyzw": [
        0.7143506038070772, 
        0.5907750523588143, 
        0.3676159077359157, 
        -0.07447547737613439
      ], 
      "visibility": 0.9807015338194619
    }, 
    {
      "bounding_box": {
        "bottom_right": [
          409, 
          496
        ], 
        "top_left": [
          351, 
          431
        ]
      }, 
      "class": "005_tomato_soup_can", 
      "cuboid": [
        [
          -6.142097147129211, 
          19.499637014220287, 
          81.89640485803271
        ], 
        [
          -1.1228953192302773, 
          14.979878942571798, 
          81.5004330383424
        ], 
        [
          3.894565641496963, 
          19.90619729500922, 
          88.86934654041079
        ], 
        [
          -1.1246361864019705, 
          24.42595536665771, 
          89.2653183601011
        ], 
        [
          -9.222997480542444, 
          15.670221000650491, 
          86.55424478571334
        ], 
        [
          -4.203795652643511, 
          11.150462929002003, 
          86.15827296602302
        ], 
        [
          0.8136653080837288, 
          16.076781281439427, 
          93.52718646809141
        ], 
        [
          -4.205536519815205, 
          20.596539353087913, 
          93.92315828778173
        ]
      ], 
      "cuboid_centroid": [
        -2.664215919522741, 
        17.788209147829857, 
        87.71179566306206
      ], 
      "location": [
        -2.664215919522741, 
        17.788209147829857, 
        87.71179566306206
      ], 
      "pose_transform_permuted": [
        [
          0.454987202774677, 
          0.5655279599208575, 
          -0.6878695609473852, 
          0.0
        ], 
        [
          -0.741838000520392, 
          0.6680202162962577, 
          0.05852463261164593, 
          0.0
        ], 
        [
          -0.492608206697707, 
          -0.48365993641223354, 
          -0.7234709535315037, 
          0.0
        ], 
        [
          -2.664215919522741, 
          17.788209147829857, 
          87.71179566306206, 
          1.0
        ]
      ], 
      "projected_cuboid": [
        [
          441.2656425279029, 
          400.27060159741666
        ], 
        [
          474.1878729133693, 
          371.3113274920395
        ], 
        [
          505.16376953813733, 
          392.74690600686466
        ], 
        [
          474.82188603412646, 
          419.2204860591412
        ], 
        [
          424.29431990290533, 
          369.8414296907566
        ], 
        [
          455.3587293364218, 
          342.3078871420178
        ], 
        [
          486.27549408770096, 
          364.96108327181616
        ], 
        [
          457.51795744744214, 
          390.2389273900215
        ]
      ], 
      "projected_cuboid_centroid": [
        465.2626702247555, 
        381.4453120250607
      ], 
      "quaternion_xyzw": [
        0.3399895517070563, 
        0.8534294783226104, 
        0.3775938569598772, 
        0.11613805833795028
      ], 
      "visibility": 0.9625482625482625
    }, 
    {
      "bounding_box": {
        "bottom_right": [
          367, 
          610
        ], 
        "top_left": [
          310, 
          533
        ]
      }, 
      "class": "010_potted_meat_can", 
      "cuboid": [
        [
          21.519613052629243, 
          10.56179500848456, 
          86.57268668748168
        ], 
        [
          12.466700467139695, 
          10.351998618839357, 
          81.95513518567942
        ], 
        [
          9.351765146664425, 
          5.851221736285253, 
          88.26659351914903
        ], 
        [
          18.404677732153974, 
          6.061018125930457, 
          92.88414502095128
        ], 
        [
          20.02010379603698, 
          15.413067767399735, 
          89.29212505349807
        ], 
        [
          10.967191210547433, 
          15.203271377754533, 
          84.67457355169581
        ], 
        [
          7.852255890072164, 
          10.702494495200428, 
          90.9860318851654
        ], 
        [
          16.905168475561712, 
          10.91229088484563, 
          95.60358338696766
        ]
      ], 
      "cuboid_centroid": [
        14.685934471350704, 
        10.632144751842494, 
        88.77935928632354
      ], 
      "location": [
        14.685934471350704, 
        10.632144751842494, 
        88.77935928632354
      ], 
      "pose_transform_permuted": [
        [
          0.260326953661998, 
          -0.8422202484977592, 
          -0.4721165290472806, 
          0.0
        ], 
        [
          0.8906227416758413, 
          0.020639703959916218, 
          0.45427328934515904, 
          0.0
        ], 
        [
          0.37285415774110314, 
          0.5387377910207434, 
          -0.7554742679808902, 
          0.0
        ], 
        [
          14.685934471350704, 
          10.632144751842494, 
          88.77935928632354, 
          1.0
        ]
      ], 
      "projected_cuboid": [
        [
          615.2705638413048, 
          338.3510788544467
        ], 
        [
          563.3996665601086, 
          340.6517320706079
        ], 
        [
          538.5726767410644, 
          308.64046989408587
        ], 
        [
          588.153182021152, 
          308.0875221513909
        ], 
        [
          602.1686362970656, 
          365.34494595608356
        ], 
        [
          551.2491566558838, 
          369.04376490235506
        ], 
        [
          528.007057425315, 
          336.019792578973
        ], 
        [
          576.6875563052455, 
          334.16018120662727
        ]
      ], 
      "projected_cuboid_centroid": [
        570.554313121529, 
        337.1564628474219
      ], 
      "quaternion_xyzw": [
        0.8516861308228321, 
        -0.1033873985481321, 
        0.2097604437672263, 
        0.4689798444102531
      ], 
      "visibility": 0.7100866336633663
    }, 
    {
      "bounding_box": {
        "bottom_right": [
          299, 
          538
        ], 
        "top_left": [
          239, 
          401
        ]
      }, 
      "class": "037_scissors", 
      "cuboid": [
        [
          -10.487220786200483, 
          3.7404790358822995, 
          75.27998466181919
        ], 
        [
          8.249565037017028, 
          -1.4084614794662462, 
          81.0141365404259
        ], 
        [
          7.909387925098516, 
          -8.439662376771622, 
          75.8120745848709
        ], 
        [
          -10.827397898118996, 
          -3.2907218614230773, 
          70.07792270626419
        ], 
        [
          -9.894835323279835, 
          4.5837210917796885, 
          74.10150600867723
        ], 
        [
          8.841950499937676, 
          -0.5652194235688573, 
          79.83565788728394
        ], 
        [
          8.501773388019163, 
          -7.596420320874234, 
          74.63359593172895
        ], 
        [
          -10.235012435198348, 
          -2.4474798055256883, 
          68.89944405312224
        ]
      ], 
      "cuboid_centroid": [
        -0.9927236990906606, 
        -1.9279706424959673, 
        74.95679029677407
      ], 
      "location": [
        -0.9927236990906606, 
        -1.9279706424959673, 
        74.95679029677407
      ], 
      "pose_transform_permuted": [
        [
          -0.3784001628754368, 
          -0.5386407183623486, 
          0.752780988404972, 
          0.0
        ], 
        [
          -0.9248258059176464, 
          0.25414567400501586, 
          -0.2830310215648275, 
          0.0
        ], 
        [
          0.038864058247138, 
          0.8032903791765478, 
          0.5943175827018579, 
          0.0
        ], 
        [
          -0.9927236990906606, 
          -1.9279706424959673, 
          74.95679029677407, 
          1.0
        ]
      ], 
      "projected_cuboid": [
        [
          406.68140578444405, 
          299.7858887615759
        ], 
        [
          536.3568854739422, 
          264.01457482514434
        ], 
        [
          537.7013803643869, 
          213.91555723025996
        ], 
        [
          398.50977468533165, 
          248.2428959370992
        ], 
        [
          409.7889954819436, 
          306.2762618576878
        ], 
        [
          541.1554538258515, 
          269.5107491252381
        ], 
        [
          542.8556452100916, 
          219.00374926484434
        ], 
        [
          401.7122240934864, 
          254.34169847451034
        ]
      ], 
      "projected_cuboid_centroid": [
        474.47495138161776, 
        259.5689748980757
      ], 
      "quaternion_xyzw": [
        -0.177259317937886, 
        -0.3036255629051681, 
        0.93285813142985, 
        0.07852473017602352
      ], 
      "visibility": 0.8250474383301708
    }, 
    {
      "bounding_box": {
        "bottom_right": [
          384, 
          540
        ], 
        "top_left": [
          330, 
          484
        ]
      }, 
      "class": "061_foam_brick", 
      "cuboid": [
        [
          9.189004715464879, 
          12.048641678891748, 
          86.20646520436287
        ], 
        [
          2.0361812973400633, 
          14.616583959646407, 
          84.50752884551916
        ], 
        [
          0.12743451837043673, 
          11.858619269401094, 
          88.37502775963202
        ], 
        [
          7.2802579364952535, 
          9.290676988646434, 
          90.07396411847573
        ], 
        [
          9.880633320277642, 
          16.123386384397797, 
          89.45356266194806
        ], 
        [
          2.727809902152827, 
          18.691328665152458, 
          87.75462630310436
        ], 
        [
          0.8190631231832002, 
          15.933363974907145, 
          91.6221252172172
        ], 
        [
          7.971886541308017, 
          13.365421694152484, 
          93.32106157606091
        ]
      ], 
      "cuboid_centroid": [
        5.00403391932404, 
        13.991002826899447, 
        88.91429521079004
      ], 
      "location": [
        5.00403391932404, 
        13.991002826899447, 
        88.91429521079004
      ], 
      "pose_transform_permuted": [
        [
          -0.13158839408125844, 
          -0.7752558358019448, 
          -0.6177887046540618, 
          0.0
        ], 
        [
          0.9185124214061091, 
          -0.3297560619699238, 
          0.21816478019326146, 
          0.0
        ], 
        [
          0.37285308938749817, 
          0.5387386459584238, 
          -0.7554741855848434, 
          0.0
        ], 
        [
          5.00403391932404, 
          13.991002826899447, 
          88.91429521079004, 
          1.0
        ]
      ], 
      "projected_cuboid": [
        [
          538.9189426392535, 
          347.8259190212674
        ], 
        [
          494.5543174226047, 
          365.53051400627675
        ], 
        [
          482.37251100069983, 
          344.85012382769827
        ], 
        [
          525.0620236864359, 
          328.2957743068779
        ], 
        [
          540.9960345074281, 
          369.41370664804646
        ], 
        [
          498.31320220427705, 
          386.881137292735
        ], 
        [
          486.4044524244295, 
          366.032422378524
        ], 
        [
          527.5351849427288, 
          349.66845012912665
        ]
      ], 
      "projected_cuboid_centroid": [
        511.86204933107234, 
        357.2064046136664
      ], 
      "quaternion_xyzw": [
        0.8767895659761519, 
        -0.2003357415000684, 
        0.024685622831179387, 
        0.4364587812135367
      ], 
      "visibility": 0.8005644402634055
    }
  ]
}