{
  "camera_data": {
    "location_worldframe": [
      -10.72538591731069, 
      4.539872308000257, 
      81.5293436576064
    ], 
    "quaternion_xyzw_worldframe": [
      0.9256629835226261, 
      0.004155150012903796, 
      0.0903188450763655, 
      -0.3673871157941676
    ]
  }, 
  "objects": [
    {
      "bounding_box": {
        "bottom_right": [
          345, 
          635
        ], 
        "top_left": [
          209, 
          464
        ]
      }, 
      "class": "003_cracker_box", 
      "cuboid": [
        [
          -0.8010409836560428, 
          11.041899089635486, 
          74.37204386643106
        ], 
        [
          -0.8095930492698702, 
          -0.5206732776494922, 
          62.736539459632525
        ], 
        [
          19.950438987219915, 
          -4.04462272026578, 
          66.22314200598018
        ], 
        [
          19.958991052833742, 
          7.517949647019198, 
          77.85864641277873
        ], 
        [
          -2.4686606276804914, 
          6.088821287085491, 
          79.29530117635231
        ], 
        [
          -2.4772126932943186, 
          -5.473751080199488, 
          67.65979676955376
        ], 
        [
          18.282819343195467, 
          -8.997700522815775, 
          71.14639931590143
        ], 
        [
          18.291371408809294, 
          2.5648718444692027, 
          82.78190372269997
        ]
      ], 
      "cuboid_centroid": [
        8.740889179769711, 
        1.0220992834098552, 
        72.75922159116625
      ], 
      "location": [
        8.740889179769711, 
        1.0220992834098552, 
        72.75922159116625
      ], 
      "pose_transform_permuted": [
        [
          0.23225900889893458, 
          0.6898437215834983, 
          -0.6856904495303359, 
          0.0
        ], 
        [
          0.0005213529501243985, 
          0.7048801408824861, 
          0.709326240301731, 
          0.0
        ], 
        [
          -0.9726538340932948, 
          0.16510489629722247, 
          -0.16335511085453558, 
          0.0
        ], 
        [
          8.740889179769711, 
          1.0220992834098552, 
          72.75922159116625, 
          1.0
        ]
      ], 
      "projected_cuboid": [
        [
          475.8049596635503, 
          352.46764843307733
        ], 
        [
          474.657412974253, 
          268.86032547758725
        ], 
        [
          643.6043055939065, 
          240.71368749569578
        ], 
        [
          619.452371190805, 
          324.78332037851374
        ], 
        [
          464.8551331042801, 
          314.2383671902062
        ], 
        [
          461.90803788881436, 
          230.14040417885442
        ], 
        [
          619.7887763810447, 
          205.83899406540198
        ], 
        [
          600.4206397030094, 
          289.8106371077595
        ]
      ], 
      "projected_cuboid_centroid": [
        546.2010544484218, 
        280.7784483106938
      ], 
      "quaternion_xyzw": [
        0.6803154964385426, 
        0.6164544184858662, 
        0.34601051061230864, 
        -0.19347222482992635
      ], 
      "visibility": 0.9765676567656766
    }, 
    {
      "bounding_box": {
        "bottom_right": [
          391, 
          479
        ], 
        "top_left": [
          331, 
          411
        ]
      }, 
      "class": "005_tomato_soup_can", 
      "cuboid": [
        [
          -10.16198727573875, 
          16.2232703659989, 
          81.01553309940098
        ], 
        [
          -4.61545967688289, 
          12.733306188101718, 
          79.33221039429384
        ], 
        [
          0.6304829772224629, 
          17.56226933277616, 
          86.60583492544498
        ], 
        [
          -4.916044621633399, 
          21.05223351067334, 
          88.28915763055211
        ], 
        [
          -11.857536094106658, 
          11.391505087733755, 
          85.44622211597492
        ], 
        [
          -6.311008495250796, 
          7.901540909836573, 
          83.76289941086779
        ], 
        [
          -1.0650658411454432, 
          12.730504054511012, 
          91.03652394201892
        ], 
        [
          -6.611593440001305, 
          16.220468232408198, 
          92.71984664712606
        ]
      ], 
      "cuboid_centroid": [
        -5.613526558442097, 
        14.476887210254958, 
        86.02602852070996
      ], 
      "location": [
        -5.613526558442097, 
        14.476887210254958, 
        86.02602852070996
      ], 
      "pose_transform_permuted": [
        [
          0.25039856228729535, 
          0.7135548477759869, 
          -0.6543239260784862, 
          0.0
        ], 
        [
          -0.8197767463534752, 
          0.5158166848817086, 
          0.24879508587324378, 
          0.0
        ], 
        [
          -0.5150402611011625, 
          -0.4741017206763897, 
          -0.7141155984128432, 
          0.0
        ], 
        [
          -5.613526558442097, 
          14.476887210254958, 
          86.02602852070996, 
          1.0
        ]
      ], 
      "projected_cuboid": [
        [
          414.14394132465503, 
          380.08319114486795
        ], 
        [
          450.31055726655904, 
          358.88760109157676
        ], 
        [
          485.511944583628, 
          381.4351652437738
        ], 
        [
          451.6537331601417, 
          400.4546829955255
        ], 
        [
          406.97052514032725, 
          344.3875485894433
        ], 
        [
          441.0799271657042, 
          323.5957624003914
        ], 
        [
          475.3055933241872, 
          347.86569392805916
        ], 
        [
          443.2506181476557, 
          366.5858009695593
        ]
      ], 
      "projected_cuboid_centroid": [
        446.50591532446845, 
        363.03620544086175
      ], 
      "quaternion_xyzw": [
        0.3001855333419697, 
        0.8585165101948173, 
        0.4157376210111727, 
        0.0004669323172619294
      ], 
      "visibility": 0.9457700650759219
    }, 
    {
      "bounding_box": {
        "bottom_right": [
          372, 
          602
        ], 
        "top_left": [
          308, 
          526
        ]
      }, 
      "class": "010_potted_meat_can", 
      "cuboid": [
        [
          18.9449484059891, 
          11.793201538566155, 
          80.7294618348032
        ], 
        [
          9.440485415961742, 
          10.542129518087052, 
          77.3499611692915
        ], 
        [
          8.069072702935975, 
          4.853654238351035, 
          83.31274550672852
        ], 
        [
          17.573535692963333, 
          6.104726258830138, 
          86.69224617224025
        ], 
        [
          17.134952313383923, 
          15.951740991186886, 
          84.2804031444155
        ], 
        [
          7.630489323356566, 
          14.700668970707783, 
          80.90090247890379
        ], 
        [
          6.259076610330798, 
          9.012193690971767, 
          86.86368681634082
        ], 
        [
          15.763539600358156, 
          10.26326571145087, 
          90.24318748185253
        ]
      ], 
      "cuboid_centroid": [
        12.602012508159948, 
        10.402697614768961, 
        83.79657432557201
      ], 
      "location": [
        12.602012508159948, 
        10.402697614768961, 
        83.79657432557201
      ], 
      "pose_transform_permuted": [
        [
          0.3142299834806215, 
          -0.7219561350652989, 
          -0.6164721756134337, 
          0.0
        ], 
        [
          0.9350461308886017, 
          0.12308007863667882, 
          0.3324742307837719, 
          0.0
        ], 
        [
          0.16415651672428483, 
          0.6809039164683025, 
          -0.713738393639488, 
          0.0
        ], 
        [
          12.602012508159948, 
          10.402697614768961, 
          83.79657432557201, 
          1.0
        ]
      ], 
      "projected_cuboid": [
        [
          607.7952542737268, 
          351.19545977843313
        ], 
        [
          547.230629761027, 
          345.9733762852988
        ], 
        [
          533.6810201390766, 
          304.356800274558
        ], 
        [
          590.608146563588, 
          310.84203120587733
        ], 
        [
          590.92925616602, 
          374.22786643825776
        ], 
        [
          532.3184142491942, 
          370.1971336307151
        ], 
        [
          520.3463590535932, 
          328.6189738805584
        ], 
        [
          575.5328511628867, 
          333.94043046840443
        ]
      ], 
      "projected_cuboid_centroid": [
        562.4704095054689, 
        339.49404587082387
      ], 
      "quaternion_xyzw": [
        0.8989469148634888, 
        -0.011423488252875242, 
        0.17985050161794033, 
        0.39927122084923306
      ], 
      "visibility": 0.649802371541502
    }, 
    {
      "bounding_box": {
        "bottom_right": [
          282, 
          534
        ], 
        "top_left": [
          228, 
          379
        ]
      }, 
      "class": "037_scissors", 
      "cuboid": [
        [
          -12.937380674691745, 
          0.8356407315960345, 
          72.85919176871865
        ], 
        [
          7.027479834143343, 
          -1.5823124752889426, 
          75.3121647271352
        ], 
        [
          7.006068514721522, 
          -7.902431914929337, 
          69.25654032173702
        ], 
        [
          -12.958791994113566, 
          -5.484478708044358, 
          66.80356736332047
        ], 
        [
          -12.671257639493907, 
          1.9024768892423944, 
          71.7448180520955
        ], 
        [
          7.293602869341181, 
          -0.5154763176425825, 
          74.19779101051205
        ], 
        [
          7.27219154991936, 
          -6.8355957572829755, 
          68.14216660511387
        ], 
        [
          -12.692668958915728, 
          -4.417642550397999, 
          65.68919364669732
        ]
      ], 
      "cuboid_centroid": [
        -2.8325945623861926, 
        -2.9999775128434707, 
        70.50067918691626
      ], 
      "location": [
        -2.8325945623861926, 
        -2.9999775128434707, 
        70.50067918691626
      ], 
      "pose_transform_permuted": [
        [
          -0.16999235492255185, 
          -0.6814667156490702, 
          0.7118324507750295, 
          0.0
        ], 
        [
          -0.985442134223325, 
          0.11934733866988051, 
          -0.12107587259447165, 
          0.0
        ], 
        [
          0.0024461691748299324, 
          0.7220517825134907, 
          0.6918341398305503, 
          0.0
        ], 
        [
          -2.8325945623861926, 
          -2.9999775128434707, 
          70.50067918691626, 
          1.0
        ]
      ], 
      "projected_cuboid": [
        [
          386.1079805928471, 
          279.40331687832895
        ], 
        [
          531.7765561115339, 
          262.081465961197
        ], 
        [
          535.9978742371375, 
          212.43276626067714
        ], 
        [
          377.2797051681784, 
          229.50175201967176
        ], 
        [
          386.6195278122752, 
          287.42871868676156
        ], 
        [
          534.4589822507525, 
          269.5813924357843
        ], 
        [
          538.9877148923107, 
          219.7872546210055
        ], 
        [
          377.68864403004113, 
          237.42043653027477
        ]
      ], 
      "projected_cuboid_centroid": [
        459.99064701056943, 
        250.59247637628962
      ], 
      "quaternion_xyzw": [
        -0.07870358730436763, 
        -0.3713345997823883, 
        0.924571031277728, 
        0.0329324366988861
      ], 
      "visibility": 0.81544192346766
    }, 
    {
      "bounding_box": {
        "bottom_right": [
          373, 
          525
        ], 
        "top_left": [
          322, 
          471
        ]
      }, 
      "class": "061_foam_brick", 
      "cuboid": [
        [
          6.623850018002403, 
          11.124885033928768, 
          82.18963357022137
        ], 
        [
          -1.017614231203063, 
          12.579028333640727, 
          81.81938155931407
        ], 
        [
          -1.8579798959407847, 
          9.09327678683535, 
          85.47322242243396
        ], 
        [
          5.783484353264682, 
          7.63913348712339, 
          85.84347443334129
        ], 
        [
          7.1541960825590225, 
          14.847014923923565, 
          85.86250963332475
        ], 
        [
          -0.48726816664644357, 
          16.301158223635525, 
          85.49225762241744
        ], 
        [
          -1.3276338313841654, 
          12.815406676830147, 
          89.14609848553734
        ], 
        [
          6.3138304178213005, 
          11.361263377118188, 
          89.51635049644466
        ]
      ], 
      "cuboid_centroid": [
        2.6481080933091192, 
        11.970145855379458, 
        85.66786602787936
      ], 
      "location": [
        2.6481080933091192, 
        11.970145855379458, 
        85.66786602787936
      ], 
      "pose_transform_permuted": [
        [
          -0.10090297951342493, 
          -0.7081677816360151, 
          -0.6987968100800396, 
          0.0
        ], 
        [
          0.9812600452068719, 
          -0.18673027491569955, 
          0.047545011415661254, 
          0.0
        ], 
        [
          0.16415636571854764, 
          0.6809039561367174, 
          -0.7137383905265615, 
          0.0
        ], 
        [
          2.6481080933091192, 
          11.970145855379458, 
          85.66786602787936, 
          1.0
        ]
      ], 
      "projected_cuboid": [
        [
          524.9366977784631, 
          345.4747056540974
        ], 
        [
          474.90872330291967, 
          355.2798508095448
        ], 
        [
          469.9073877617814, 
          330.02503979720404
        ], 
        [
          517.8275432785636, 
          320.74616742950684
        ], 
        [
          526.4043924259388, 
          365.5061090652217
        ], 
        [
          478.5320513604443, 
          374.97676293060715
        ], 
        [
          473.5882642881978, 
          349.95514673905353
        ], 
        [
          519.5270203948172, 
          340.97455491888763
        ]
      ], 
      "projected_cuboid_centroid": [
        498.22007274013447, 
        347.80588221269267
      ], 
      "quaternion_xyzw": [
        0.9166461710256074, 
        -0.09569849624791724, 
        -0.014552498495156281, 
        0.3878012632103315
      ], 
      "visibility": 0.6364477335800185
    }
  ]
}