{
  "camera_data": {
    "location_worldframe": [
      -8.726180676495282, 
      7.372131210013236, 
      82.70355086420288
    ], 
    "quaternion_xyzw_worldframe": [
      0.9358129952861677, 
      -0.03183130673318704, 
      0.16606802214120317, 
      -0.3092961141252555
    ]
  }, 
  "objects": [
    {
      "bounding_box": {
        "bottom_right": [
          348, 
          637
        ], 
        "top_left": [
          202, 
          480
        ]
      }, 
      "class": "003_cracker_box", 
      "cuboid": [
        [
          2.695875150127802, 
          11.706032678469391, 
          76.16517432956158
        ], 
        [
          2.307287698668914, 
          -1.0216204341072437, 
          65.82428646992189
        ], 
        [
          21.900766449521445, 
          -6.711526408534005, 
          72.09119221266837
        ], 
        [
          22.289353900980334, 
          6.0161267040426285, 
          82.43208007230808
        ], 
        [
          -0.14651722439343595, 
          7.6008409158246275, 
          81.32469017081256
        ], 
        [
          -0.5351046758523242, 
          -5.126812196752007, 
          70.98380231117287
        ], 
        [
          19.058374075000206, 
          -10.816718171178769, 
          77.25070805391935
        ], 
        [
          19.446961526459095, 
          1.9109349413978651, 
          87.59159591355905
        ]
      ], 
      "cuboid_centroid": [
        10.877124612564003, 
        0.4446572536453107, 
        76.70794119174047
      ], 
      "location": [
        10.877124612564003, 
        0.4446572536453107, 
        76.70794119174047
      ], 
      "pose_transform_permuted": [
        [
          0.39587638474622877, 
          0.5717537410574927, 
          -0.7185955382459718, 
          0.0
        ], 
        [
          0.02368915573704855, 
          0.775906055687073, 
          0.6304035347684815, 
          0.0
        ], 
        [
          -0.917998209094507, 
          0.2665847938928472, 
          -0.2936185208129539, 
          0.0
        ], 
        [
          10.877124612564003, 
          0.4446572536453107, 
          76.70794119174047, 
          1.0
        ]
      ], 
      "projected_cuboid": [
        [
          500.6312886876984, 
          355.2538744133827
        ], 
        [
          500.44689445137755, 
          265.00919517535465
        ], 
        [
          644.9657664285339, 
          223.6356949757832
        ], 
        [
          627.0066293029869, 
          312.20971186337965
        ], 
        [
          480.62821584902355, 
          323.1321297748196
        ], 
        [
          477.54318595519015, 
          234.76747793189838
        ], 
        [
          614.2677989256762, 
          198.61061886485794
        ], 
        [
          600.9906713888697, 
          284.921661371803
        ]
      ], 
      "projected_cuboid_centroid": [
        557.8515760548, 
        276.37806172048823
      ], 
      "quaternion_xyzw": [
        0.7086729654565403, 
        0.5975620446062646, 
        0.36204284964276917, 
        -0.09811832601281709
      ], 
      "visibility": 0.9729097992208571
    }, 
    {
      "bounding_box": {
        "bottom_right": [
          406, 
          496
        ], 
        "top_left": [
          347, 
          429
        ]
      }, 
      "class": "005_tomato_soup_can", 
      "cuboid": [
        [
          -6.502581938727596, 
          18.754415521500867, 
          81.09662748419541
        ], 
        [
          -1.3462509950403343, 
          14.422959131492629, 
          80.44231071226106
        ], 
        [
          3.726268361722185, 
          19.354565876164322, 
          87.76987616704398
        ], 
        [
          -1.430062581965078, 
          23.686022266172557, 
          88.42419293897834
        ], 
        [
          -9.30415021614154, 
          14.715752956307046, 
          85.7541232204035
        ], 
        [
          -4.147819272454278, 
          10.38429656629881, 
          85.09980644846914
        ], 
        [
          0.9247000843082397, 
          15.315903310970501, 
          92.42737190325205
        ], 
        [
          -4.231630859379022, 
          19.64735970097874, 
          93.0816886751864
        ]
      ], 
      "cuboid_centroid": [
        -2.788940927209678, 
        17.035159416235686, 
        86.76199969372374
      ], 
      "location": [
        -2.788940927209678, 
        17.035159416235686, 
        86.76199969372374
      ], 
      "pose_transform_permuted": [
        [
          0.41373545911193593, 
          0.5964294799022546, 
          -0.6878187307684217, 
          0.0
        ], 
        [
          -0.7621056830240316, 
          0.6401892288619255, 
          0.09670801502754679, 
          0.0
        ], 
        [
          -0.4980137729685524, 
          -0.4841791443214188, 
          -0.7194114526040064, 
          0.0
        ], 
        [
          -2.788940927209678, 
          17.035159416235686, 
          86.76199969372374, 
          1.0
        ]
      ], 
      "projected_cuboid": [
        [
          438.47746354495666, 
          396.62208692882604
        ], 
        [
          472.59726120151487, 
          368.9084375016549
        ], 
        [
          504.4278298824459, 
          390.89145502483217
        ], 
        [
          472.8999447790777, 
          416.14585172937217
        ], 
        [
          423.2507527461684, 
          364.8063266280516
        ], 
        [
          455.38610517998677, 
          338.3648142712595
        ], 
        [
          486.9771899812349, 
          361.66156154314007
        ], 
        [
          457.14952367558544, 
          385.85778411239244
        ]
      ], 
      "projected_cuboid_centroid": [
        464.3107907409419, 
        378.0004006308923
      ], 
      "quaternion_xyzw": [
        0.3322400718112524, 
        0.8564612597943168, 
        0.3840923677103231, 
        0.09253992532030138
      ], 
      "visibility": 0.9733183013904547
    }, 
    {
      "bounding_box": {
        "bottom_right": [
          367, 
          613
        ], 
        "top_left": [
          310, 
          536
        ]
      }, 
      "class": "010_potted_meat_can", 
      "cuboid": [
        [
          21.581088842456076, 
          10.686152824495476, 
          84.7205644589845
        ], 
        [
          12.40145375587454, 
          10.263989657097525, 
          80.37578591287733
        ], 
        [
          9.640297805714654, 
          5.5161300893850935, 
          86.67087671735179
        ], 
        [
          18.819932892296194, 
          5.938293256783044, 
          91.01565526345897
        ], 
        [
          20.001589468721303, 
          15.419589833877964, 
          87.59779858660426
        ], 
        [
          10.821954382139767, 
          14.997426666480013, 
          83.25302004049708
        ], 
        [
          8.060798431979881, 
          10.249567098767582, 
          89.54811084497155
        ], 
        [
          17.240433518561417, 
          10.671730266165532, 
          93.89288939107871
        ]
      ], 
      "cuboid_centroid": [
        14.82094363721798, 
        10.467859961631529, 
        87.13433765197803
      ], 
      "location": [
        14.82094363721798, 
        10.467859961631529, 
        87.13433765197803
      ], 
      "pose_transform_permuted": [
        [
          0.2742138859548337, 
          -0.8217630078548869, 
          -0.4995111514801784, 
          0.0
        ], 
        [
          0.9030896621601358, 
          0.04153228190728058, 
          0.42743797028490804, 
          0.0
        ], 
        [
          0.33050717599863977, 
          0.5683133028657412, 
          -0.753515093677118, 
          0.0
        ], 
        [
          14.82094363721798, 
          10.467859961631529, 
          87.13433765197803, 
          1.0
        ]
      ], 
      "projected_cuboid": [
        [
          618.5830903864552, 
          340.55632786606463
        ], 
        [
          564.5705109646228, 
          341.3914606695901
        ], 
        [
          541.4119166994199, 
          307.2294298894353
        ], 
        [
          592.7942329227959, 
          308.0828384122585
        ], 
        [
          604.3870854080053, 
          367.1652581725999
        ], 
        [
          551.5003310783662, 
          369.36018593458135
        ], 
        [
          530.0046492473534, 
          334.3296443208066
        ], 
        [
          580.3402738252177, 
          333.9028719144612
        ]
      ], 
      "projected_cuboid_centroid": [
        573.0669811272084, 
        337.35674109388776
      ], 
      "quaternion_xyzw": [
        0.8618169928276618, 
        -0.08382722100408438, 
        0.20353853024456778, 
        0.45696421474686993
      ], 
      "visibility": 0.6933570581257414
    }, 
    {
      "bounding_box": {
        "bottom_right": [
          295, 
          542
        ], 
        "top_left": [
          237, 
          400
        ]
      }, 
      "class": "037_scissors", 
      "cuboid": [
        [
          -10.509042939520594, 
          3.005929035619069, 
          74.24517666930655
        ], 
        [
          8.562381854094275, 
          -1.612555103413516, 
          79.28596924405585
        ], 
        [
          8.3016401938279, 
          -8.532462552185589, 
          73.93229295554119
        ], 
        [
          -10.76978459978697, 
          -3.913978413153005, 
          68.8915003807919
        ], 
        [
          -9.982826634957565, 
          3.8956821700109305, 
          73.06949584609093
        ], 
        [
          9.088598158657305, 
          -0.7228019690216538, 
          78.11028842084023
        ], 
        [
          8.82785649839093, 
          -7.642709417793728, 
          72.75661213232559
        ], 
        [
          -10.24356829522394, 
          -3.024225278761143, 
          67.71581955757627
        ]
      ], 
      "cuboid_centroid": [
        -0.840593220564833, 
        -2.3183901910873295, 
        73.50089440081607
      ], 
      "location": [
        -0.840593220564833, 
        -2.3183901910873295, 
        73.50089440081607
      ], 
      "pose_transform_permuted": [
        [
          -0.33613305494134593, 
          -0.5683507649105003, 
          0.7509938086612151, 
          0.0
        ], 
        [
          -0.9413431936067183, 
          0.22796296847808042, 
          -0.24880761830716544, 
          0.0
        ], 
        [
          0.02978883269041116, 
          0.790575487683909, 
          0.6116389957564107, 
          0.0
        ], 
        [
          -0.840593220564833, 
          -2.3183901910873295, 
          73.50089440081607, 
          1.0
        ]
      ], 
      "projected_cuboid": [
        [
          405.479193061335, 
          294.87879342799204
        ], 
        [
          539.6721725884772, 
          262.4396350073952
        ], 
        [
          541.9810124036042, 
          211.73658207121537
        ], 
        [
          397.52860484722015, 
          242.9866994773283
        ], 
        [
          408.12721827056737, 
          301.72034017234836
        ], 
        [
          544.1691215406316, 
          268.35140776200745
        ], 
        [
          546.8461707443652, 
          217.26404763261687
        ], 
        [
          400.24794744888743, 
          249.4681957443874
        ]
      ], 
      "projected_cuboid_centroid": [
        475.4469291511502, 
        256.4643904359078
      ], 
      "quaternion_xyzw": [
        -0.15671499155355176, 
        -0.31613818944956246, 
        0.9331281383003948, 
        0.06905584308012679
      ], 
      "visibility": 0.8238719068413392
    }, 
    {
      "bounding_box": {
        "bottom_right": [
          382, 
          540
        ], 
        "top_left": [
          328, 
          485
        ]
      }, 
      "class": "061_foam_brick", 
      "cuboid": [
        [
          9.201371936626938, 
          11.748851355538518, 
          84.76328762377095
        ], 
        [
          1.9154170631959389, 
          14.1027620049077, 
          83.34287874014738
        ], 
        [
          0.2234530322303266, 
          11.193395520711682, 
          87.20034886032802
        ], 
        [
          7.509407905661325, 
          8.8394848713425, 
          88.6207577439516
        ], 
        [
          9.853677808914735, 
          15.771157118099714, 
          88.08309030503786
        ], 
        [
          2.5677229354837383, 
          18.125067767468895, 
          86.66268142141429
        ], 
        [
          0.8757589045181258, 
          15.215701283272878, 
          90.52015154159493
        ], 
        [
          8.161713777949124, 
          12.861790633903697, 
          91.9405604252185
        ]
      ], 
      "cuboid_centroid": [
        5.038565420572532, 
        13.482276319405697, 
        87.64171958268294
      ], 
      "location": [
        5.038565420572532, 
        13.482276319405697, 
        87.64171958268294
      ], 
      "pose_transform_permuted": [
        [
          -0.12410690012938855, 
          -0.7652788680458175, 
          -0.6316215096581068, 
          0.0
        ], 
        [
          0.9356081734232417, 
          -0.30227171061529295, 
          0.18239835192602413, 
          0.0
        ], 
        [
          0.3305069184811401, 
          0.5683133528998036, 
          -0.7535151688930247, 
          0.0
        ], 
        [
          5.038565420572532, 
          13.482276319405697, 
          87.64171958268294, 
          1.0
        ]
      ], 
      "projected_cuboid": [
        [
          539.9733648048181, 
          347.20878289821155
        ], 
        [
          493.95616194841017, 
          363.5315507253511
        ], 
        [
          482.97510259253113, 
          341.7456337464939
        ], 
        [
          527.1652798750887, 
          326.48254427888514
        ], 
        [
          541.7556460944047, 
          368.7766815631769
        ], 
        [
          497.53044412069255, 
          384.8276699675348
        ], 
        [
          486.79979600723954, 
          362.93322248044325
        ], 
        [
          529.3352596701708, 
          347.89392331804424
        ]
      ], 
      "projected_cuboid_centroid": [
        512.5133861069829, 
        355.3292229162068
      ], 
      "quaternion_xyzw": [
        0.8853732314652889, 
        -0.1786756721934057, 
        0.016459570304650922, 
        0.4288570014775703
      ], 
      "visibility": 0.7535697835099032
    }
  ]
}