{
  "camera_data": {
    "location_worldframe": [
      -19.93880465841749, 
      -4.230587364916773, 
      94.49746917593693
    ], 
    "quaternion_xyzw_worldframe": [
      0.9543827265452512, 
      0.024494302303378897, 
      -0.03160707089143072, 
      -0.2958968191393114
    ]
  }, 
  "objects": [
    {
      "bounding_box": {
        "bottom_right": [
          279, 
          535
        ], 
        "top_left": [
          166, 
          388
        ]
      }, 
      "class": "003_cracker_box", 
      "cuboid": [
        [
          -12.614426957611824, 
          1.891299040004213, 
          84.45391321747104
        ], 
        [
          -13.495072364962683, 
          -11.415750030343325, 
          74.90273400268134
        ], 
        [
          7.817660418212611, 
          -12.294495829014314, 
          74.16194099469688
        ], 
        [
          8.698305825563471, 
          1.0125532413332223, 
          83.71312020948658
        ], 
        [
          -12.584389216870806, 
          -2.296648827868413, 
          90.28594441809531
        ], 
        [
          -13.465034624221667, 
          -15.603697898215952, 
          80.7347652033056
        ], 
        [
          7.8476981589536265, 
          -16.482443696886943, 
          79.99397219532113
        ], 
        [
          8.728343566304487, 
          -3.1753946265394037, 
          89.54515141011085
        ]
      ], 
      "cuboid_centroid": [
        -2.383364399329098, 
        -7.295572328441365, 
        82.22394270639609
      ], 
      "location": [
        -2.383364399329098, 
        -7.295572328441365, 
        82.22394270639609
      ], 
      "pose_transform_permuted": [
        [
          -0.004183529451137091, 
          0.5832796612812278, 
          -0.8122606323200625, 
          0.0
        ], 
        [
          0.05368610366991777, 
          0.8112273225615475, 
          0.5822611384957492, 
          0.0
        ], 
        [
          -0.9985490976181763, 
          0.04117120189257828, 
          0.03470780575960172, 
          0.0
        ], 
        [
          -2.383364399329098, 
          -7.295572328441365, 
          82.22394270639609, 
          1.0
        ]
      ], 
      "projected_cuboid": [
        [
          401.2741490086434, 
          285.2299373721739
        ], 
        [
          384.7092260585843, 
          192.0045510308556
        ], 
        [
          538.2845886154626, 
          184.87332626010019
        ], 
        [
          537.4740436816593, 
          279.73731261813595
        ], 
        [
          406.6415292296517, 
          259.72022039497614
        ], 
        [
          391.908183512933, 
          170.21126875820508
        ], 
        [
          534.3536653513237, 
          163.39813313260393
        ], 
        [
          534.0151959598936, 
          254.37428966914229
        ]
      ], 
      "projected_cuboid_centroid": [
        466.0093026614921, 
        225.96611688349856
      ], 
      "quaternion_xyzw": [
        0.6904922044966473, 
        0.6552486792732906, 
        0.20929910768001259, 
        -0.2237488935488157
      ], 
      "visibility": 0.9872854008003098
    }, 
    {
      "bounding_box": {
        "bottom_right": [
          340, 
          427
        ], 
        "top_left": [
          279, 
          362
        ]
      }, 
      "class": "005_tomato_soup_can", 
      "cuboid": [
        [
          -21.01476320946411, 
          7.197978484648162, 
          92.19238186215868
        ], 
        [
          -15.523107705847728, 
          4.021943428332878, 
          89.84037955602444
        ], 
        [
          -9.575988191222812, 
          10.48933955429445, 
          94.99294882112068
        ], 
        [
          -15.067643694839195, 
          13.665374610609732, 
          97.3449511272549
        ], 
        [
          -21.128095650317658, 
          3.0432344808400043, 
          97.53813762556359
        ], 
        [
          -15.636440146701275, 
          -0.13280057547527813, 
          95.18613531942935
        ], 
        [
          -9.68932063207636, 
          6.334595550486292, 
          100.33870458452559
        ], 
        [
          -15.180976135692742, 
          9.510630606801577, 
          102.69070689065983
        ]
      ], 
      "cuboid_centroid": [
        -15.352041920770235, 
        6.766287017567227, 
        96.26554322334214
      ], 
      "location": [
        -15.352041920770235, 
        6.766287017567227, 
        96.26554322334214
      ], 
      "pose_transform_permuted": [
        [
          0.016736929036083124, 
          0.6135723807862584, 
          -0.7894609361847134, 
          0.0
        ], 
        [
          -0.8116666510011512, 
          0.4694179625659481, 
          0.34762592695587247, 
          0.0
        ], 
        [
          -0.5838809513510788, 
          -0.6349610754424003, 
          -0.5058729754813843, 
          0.0
        ], 
        [
          -15.352041920770235, 
          6.766287017567227, 
          96.26554322334214, 
          1.0
        ]
      ], 
      "projected_cuboid": [
        [
          359.0166208186333, 
          314.9258015254344
        ], 
        [
          388.6792874767842, 
          297.162006933554
        ], 
        [
          427.3864992886377, 
          332.1769110908246
        ], 
        [
          398.35868315311205, 
          348.1544361807022
        ], 
        [
          365.1100222681248, 
          289.9263527690028
        ], 
        [
          393.25736658967355, 
          272.5424679830087
        ], 
        [
          429.6672777605304, 
          306.9561360944665
        ], 
        [
          402.09832020837575, 
          322.6795717280507
        ]
      ], 
      "projected_cuboid_centroid": [
        395.8366249355205, 
        310.7723636569121
      ], 
      "quaternion_xyzw": [
        0.2927597952429247, 
        0.899456594648717, 
        0.3111449076386067, 
        -0.09196914000308658
      ], 
      "visibility": 0.8769035532994924
    }, 
    {
      "bounding_box": {
        "bottom_right": [
          330, 
          526
        ], 
        "top_left": [
          268, 
          463
        ]
      }, 
      "class": "010_potted_meat_can", 
      "cuboid": [
        [
          7.74482921505609, 
          5.593765544188575, 
          86.09028758723782
        ], 
        [
          -2.004461341460763, 
          2.8851858015024545, 
          85.12284141326163
        ], 
        [
          -1.3793418705510874, 
          -1.8203657701713616, 
          91.99752911131804
        ], 
        [
          8.369948685965765, 
          0.8882139725147592, 
          92.96497528529426
        ], 
        [
          6.1729910431486426, 
          10.098973792740926, 
          89.31691799945902
        ], 
        [
          -3.57629951336821, 
          7.390394050054806, 
          88.34947182548281
        ], 
        [
          -2.9511800424585344, 
          2.68484247838099, 
          95.22415952353924
        ], 
        [
          6.798110514058318, 
          5.3934222210671106, 
          96.19160569751544
        ]
      ], 
      "cuboid_centroid": [
        2.3968245862987776, 
        4.139304011284783, 
        90.65722355538853
      ], 
      "location": [
        2.3968245862987776, 
        4.139304011284783, 
        90.65722355538853
      ], 
      "pose_transform_permuted": [
        [
          0.27288383925833626, 
          -0.7821406462163968, 
          -0.5601691767582752, 
          0.0
        ], 
        [
          0.9591321911974352, 
          0.2664692377948448, 
          0.09517705553365867, 
          0.0
        ], 
        [
          -0.07482607817937892, 
          0.5632490846378375, 
          -0.8228921719635763, 
          0.0
        ], 
        [
          2.3968245862987776, 
          4.139304011284783, 
          90.65722355538853, 
          1.0
        ]
      ], 
      "projected_cuboid": [
        [
          529.9752380416077, 
          307.939282117767
        ], 
        [
          468.93387358326737, 
          291.3630737676205
        ], 
        [
          473.5342392333872, 
          262.7336815825195
        ], 
        [
          530.0137682030398, 
          278.38202586958505
        ], 
        [
          518.7637396566619, 
          333.5884451031469
        ], 
        [
          459.8289118634792, 
          317.8984840724237
        ], 
        [
          464.9307268185991, 
          288.3234685105661
        ], 
        [
          519.602248432393, 
          303.1895390795841
        ]
      ], 
      "projected_cuboid_centroid": [
        495.8146457031152, 
        297.63729353450265
      ], 
      "quaternion_xyzw": [
        0.8778596773678506, 
        0.09719529349996853, 
        0.10481769019610802, 
        0.45708695237958114
      ], 
      "visibility": 0.8414594769131417
    }, 
    {
      "bounding_box": {
        "bottom_right": [
          217, 
          458
        ], 
        "top_left": [
          165, 
          326
        ]
      }, 
      "class": "037_scissors", 
      "cuboid": [
        [
          -23.373186050327128, 
          -9.539488497139773, 
          87.16219435546887
        ], 
        [
          -3.186617404787542, 
          -9.583912164282207, 
          85.4418158972897
        ], 
        [
          -3.6221129338845137, 
          -16.807807803353683, 
          80.51833841129319
        ], 
        [
          -23.8086815794241, 
          -16.763384136211247, 
          82.23871686947236
        ], 
        [
          -23.480966821152947, 
          -8.655478226179817, 
          85.87467783763209
        ], 
        [
          -3.294398175613364, 
          -8.69990189332225, 
          84.15429937945292
        ], 
        [
          -3.729893704710335, 
          -15.923797532393728, 
          79.23082189345642
        ], 
        [
          -23.91646235024992, 
          -15.879373865251292, 
          80.95120035163559
        ]
      ], 
      "cuboid_centroid": [
        -13.551539877518731, 
        -12.73164301476675, 
        83.19650812446264
      ], 
      "location": [
        -13.551539877518731, 
        -12.73164301476675, 
        83.19650812446264
      ], 
      "pose_transform_permuted": [
        [
          0.06884750519408735, 
          -0.5646823756706789, 
          0.8224314919076839, 
          0.0
        ], 
        [
          -0.9963853882126064, 
          0.0021927001863846786, 
          0.0849158659911336, 
          0.0
        ], 
        [
          0.049753857670610156, 
          0.8253050868259818, 
          0.5624902707742331, 
          0.0
        ], 
        [
          -13.551539877518731, 
          -12.73164301476675, 
          83.19650812446264, 
          1.0
        ]
      ], 
      "projected_cuboid": [
        [
          337.3916766993061, 
          214.91724075823726
        ], 
        [
          461.5407517090547, 
          213.4646815879783
        ], 
        [
          457.4057849520578, 
          161.95869356024366
        ], 
        [
          325.9106387609867, 
          164.57568523002698
        ], 
        [
          334.55466524038656, 
          219.53220485355888
        ], 
        [
          460.5451583653398, 
          218.15176666742997
        ], 
        [
          456.2811304782301, 
          166.1000560098364
        ], 
        [
          322.71847521157173, 
          168.67065811741935
        ]
      ], 
      "projected_cuboid_centroid": [
        394.00288160273954, 
        191.67212051620612
      ], 
      "quaternion_xyzw": [
        0.04027415566807646, 
        -0.29523238387533063, 
        0.9544791730239943, 
        0.013605995637499617
      ], 
      "visibility": 0.7274368231046932
    }, 
    {
      "bounding_box": {
        "bottom_right": [
          322, 
          465
        ], 
        "top_left": [
          281, 
          416
        ]
      }, 
      "class": "061_foam_brick", 
      "cuboid": [
        [
          -3.825544496348022, 
          4.003577028372915, 
          90.33133316040976
        ], 
        [
          -11.504512445099573, 
          4.635155118591912, 
          91.46188856266345
        ], 
        [
          -11.12145364336636, 
          1.7517148065527808, 
          95.67452066989205
        ], 
        [
          -3.442485694614809, 
          1.1201367163337834, 
          94.54396526763837
        ], 
        [
          -3.044977203789286, 
          8.325572116854572, 
          93.21865191628501
        ], 
        [
          -10.72394515254084, 
          8.95715020707357, 
          94.3492073185387
        ], 
        [
          -10.340886350807626, 
          6.073709895034438, 
          98.5618394257673
        ], 
        [
          -2.661918402056073, 
          5.44213180481544, 
          97.43128402351361
        ]
      ], 
      "cuboid_centroid": [
        -7.0832154235778235, 
        5.038643461703677, 
        94.44658629308853
      ], 
      "location": [
        -7.0832154235778235, 
        5.038643461703677, 
        94.44658629308853
      ], 
      "pose_transform_permuted": [
        [
          -0.14850975767256813, 
          -0.8222973846987606, 
          -0.5493376584520793, 
          0.0
        ], 
        [
          0.9860759915637293, 
          -0.08110256426631877, 
          -0.14517752212734372, 
          0.0
        ], 
        [
          -0.07482640401384244, 
          0.5632489548920672, 
          -0.8228922311429067, 
          0.0
        ], 
        [
          -7.0832154235778235, 
          5.038643461703677, 
          94.44658629308853, 
          1.0
        ]
      ], 
      "projected_cuboid": [
        [
          458.82268831826127, 
          296.92380710236995
        ], 
        [
          413.95454681882103, 
          300.31439662976595
        ], 
        [
          419.085989318599, 
          283.0511420152389
        ], 
        [
          462.01628536260375, 
          279.6051945446407
        ], 
        [
          464.031065507618, 
          320.9185360820912
        ], 
        [
          420.473589683478, 
          323.91784428070054
        ], 
        [
          425.17607874954695, 
          306.15147281214
        ], 
        [
          466.90482780964345, 
          303.07569138113956
        ]
      ], 
      "projected_cuboid_centroid": [
        441.2663537820294, 
        301.73867517573075
      ], 
      "quaternion_xyzw": [
        0.8801509252548503, 
        -0.0017826943290035894, 
        -0.08341957935080106, 
        0.4673032682904065
      ], 
      "visibility": 0.9604612850082372
    }
  ]
}