{
  "camera_data": {
    "location_worldframe": [
      -14.066876517639454, 
      1.817668372588313, 
      85.57577326228227
    ], 
    "quaternion_xyzw_worldframe": [
      0.9001158950134474, 
      0.026735218938579754, 
      0.02413929427932118, 
      -0.43416071100425735
    ]
  }, 
  "objects": [
    {
      "bounding_box": {
        "bottom_right": [
          335, 
          600
        ], 
        "top_left": [
          224, 
          433
        ]
      }, 
      "class": "003_cracker_box", 
      "cuboid": [
        [
          -5.641224710847062, 
          10.25112124026238, 
          78.51306680978189
        ], 
        [
          -5.810921332466118, 
          0.39236826665111824, 
          65.40374537238176
        ], 
        [
          15.445360658131477, 
          -1.2720658116901615, 
          66.38031195047458
        ], 
        [
          15.615057279750532, 
          8.5866871619211, 
          79.48963338787469
        ], 
        [
          -6.28613500128303, 
          4.539956515700524, 
          82.81644754371105
        ], 
        [
          -6.455831622902086, 
          -5.318796457910738, 
          69.70712610631094
        ], 
        [
          14.80045036769551, 
          -6.983230536252018, 
          70.68369268440374
        ], 
        [
          14.970146989314564, 
          2.8755224373592445, 
          83.79301412180386
        ]
      ], 
      "cuboid_centroid": [
        4.5796128284242235, 
        1.6339453520051814, 
        74.5983797470928
      ], 
      "location": [
        4.5796128284242235, 
        1.6339453520051814, 
        74.5983797470928
      ], 
      "pose_transform_permuted": [
        [
          0.08982037685998012, 
          0.7954268608782626, 
          -0.5993566625091307, 
          0.0
        ], 
        [
          0.010345083667762489, 
          0.6010115192555975, 
          0.7991734060677851, 
          0.0
        ], 
        [
          -0.9959042519964647, 
          0.07798245132997011, 
          -0.04575432372935548, 
          0.0
        ], 
        [
          4.5796128284242235, 
          1.6339453520051814, 
          74.5983797470928, 
          1.0
        ]
      ], 
      "projected_cuboid": [
        [
          442.9583075717033, 
          342.9198350750149
        ], 
        [
          433.81839243988, 
          276.48601347368015
        ], 
        [
          606.723917126039, 
          263.06637497643135
        ], 
        [
          587.2362019610463, 
          330.8971750272885
        ], 
        [
          440.7783994458898, 
          302.52285260710886
        ], 
        [
          431.79277870207983, 
          232.5931617320836
        ], 
        [
          594.1994156127902, 
          220.59696479500641
        ], 
        [
          577.6719803323371, 
          291.588450661918
        ]
      ], 
      "projected_cuboid_centroid": [
        514.6105340561633, 
        284.9679586370869
      ], 
      "quaternion_xyzw": [
        0.6495545006977597, 
        0.6146196237331261, 
        0.3421551932797005, 
        -0.28853334721859347
      ], 
      "visibility": 0.9848683799162133
    }, 
    {
      "bounding_box": {
        "bottom_right": [
          367, 
          457
        ], 
        "top_left": [
          312, 
          391
        ]
      }, 
      "class": "005_tomato_soup_can", 
      "cuboid": [
        [
          -14.677034217799928, 
          13.457846728379124, 
          86.67899928744576
        ], 
        [
          -9.03891544662549, 
          10.847057112344263, 
          84.00079317134126
        ], 
        [
          -3.5187409409317647, 
          15.218660025818354, 
          91.36022077113076
        ], 
        [
          -9.156859712106204, 
          17.829449641853216, 
          94.03842688723526
        ], 
        [
          -15.414549777074257, 
          7.928099749263902, 
          90.51694350383308
        ], 
        [
          -9.776431005899818, 
          5.31731013322904, 
          87.83873738772857
        ], 
        [
          -4.256256500206092, 
          9.688913046703131, 
          95.19816498751807
        ], 
        [
          -9.894375271380532, 
          12.299702662737994, 
          97.87637110362257
        ]
      ], 
      "cuboid_centroid": [
        -9.46664535900301, 
        11.573379887541128, 
        90.93858213748192
      ], 
      "location": [
        -9.46664535900301, 
        11.573379887541128, 
        90.93858213748192
      ], 
      "pose_transform_permuted": [
        [
          0.10891625986007518, 
          0.816632749457363, 
          -0.5667874044743064, 
          0.0
        ], 
        [
          -0.8333139210812296, 
          0.38587468983080364, 
          0.39583884814293796, 
          0.0
        ], 
        [
          -0.5419640103216765, 
          -0.4291986501652447, 
          -0.7225396391980013, 
          0.0
        ], 
        [
          -9.46664535900301, 
          11.573379887541128, 
          90.93858213748192, 
          1.0
        ]
      ], 
      "projected_cuboid": [
        [
          390.53947781354515, 
          356.09013823711854
        ], 
        [
          423.7309073265386, 
          342.1543160033541
        ], 
        [
          460.88507596684497, 
          362.12618124067694
        ], 
        [
          429.2330533275622, 
          374.40259198100296
        ], 
        [
          390.0187424386626, 
          319.9983544651374
        ], 
        [
          421.74405921564926, 
          305.5709913807119
        ], 
        [
          457.5539418411921, 
          327.56580973133396
        ], 
        [
          427.2342138052332, 
          340.3065165856243
        ]
      ], 
      "projected_cuboid_centroid": [
        425.6161958198211, 
        341.1599311268593
      ], 
      "quaternion_xyzw": [
        0.27580554251634903, 
        0.8410261553187244, 
        0.4575280979436551, 
        -0.08528943673996899
      ], 
      "visibility": 0.8430278884462151
    }, 
    {
      "bounding_box": {
        "bottom_right": [
          366, 
          570
        ], 
        "top_left": [
          302, 
          504
        ]
      }, 
      "class": "010_potted_meat_can", 
      "cuboid": [
        [
          14.516015510352107, 
          12.309595480676682, 
          83.0223330475413
        ], 
        [
          4.863612242250093, 
          10.48459566827147, 
          80.41053108106796
        ], 
        [
          4.694509073693289, 
          3.9441861591793943, 
          85.60560263631749
        ], 
        [
          14.346912341795303, 
          5.769185971584606, 
          88.21740460279082
        ], 
        [
          12.714214680063595, 
          15.740912365359435, 
          87.28358856949993
        ], 
        [
          3.0618114119615805, 
          13.915912552954223, 
          84.67178660302659
        ], 
        [
          2.892708243404776, 
          7.375503043862147, 
          89.8668581582761
        ], 
        [
          12.54511151150679, 
          9.20050285626736, 
          92.47866012474944
        ]
      ], 
      "cuboid_centroid": [
        8.70436187687844, 
        9.842549262269415, 
        86.4445956029087
      ], 
      "location": [
        8.70436187687844, 
        9.842549262269415, 
        86.4445956029087
      ], 
      "pose_transform_permuted": [
        [
          0.3128072195570387, 
          -0.5957044064325709, 
          -0.7397884767499617, 
          0.0
        ], 
        [
          0.9496004497134987, 
          0.17954291739074937, 
          0.2569482700874936, 
          0.0
        ], 
        [
          0.020241453833455186, 
          0.7828794590901326, 
          -0.621844060903897, 
          0.0
        ], 
        [
          8.70436187687844, 
          9.842549262269415, 
          86.4445956029087, 
          1.0
        ]
      ], 
      "projected_cuboid": [
        [
          575.6222613383919, 
          352.3610242043242
        ], 
        [
          514.1236004673307, 
          342.82519313449205
        ], 
        [
          511.08740599879997, 
          297.8586647299544
        ], 
        [
          569.0543374283012, 
          308.16423441170394
        ], 
        [
          559.9307774535421, 
          369.4665525639305
        ], 
        [
          501.04312160117786, 
          360.9382692125602
        ], 
        [
          498.9070590142901, 
          317.05684763332357
        ], 
        [
          554.5469751934818, 
          326.3453554605205
        ]
      ], 
      "projected_cuboid_centroid": [
        535.746117793731, 
        334.0101058723395
      ], 
      "quaternion_xyzw": [
        0.9317011840651477, 
        0.042744784025667636, 
        0.1528804243756046, 
        0.32670036492390375
      ], 
      "visibility": 0.5769549599336833
    }, 
    {
      "bounding_box": {
        "bottom_right": [
          272, 
          506
        ], 
        "top_left": [
          226, 
          353
        ]
      }, 
      "class": "037_scissors", 
      "cuboid": [
        [
          -16.843309484590502, 
          -0.9303542017247799, 
          76.71428612983611
        ], 
        [
          3.4087753092082216, 
          -1.4557116247844786, 
          76.90478617044987
        ], 
        [
          3.3324628354507597, 
          -6.8864798989734854, 
          70.04068481094293
        ], 
        [
          -16.919621958347964, 
          -6.361122475913786, 
          69.85018477032918
        ], 
        [
          -16.802340742881867, 
          0.2967155713270879, 
          75.74299267691352
        ], 
        [
          3.44974405091686, 
          -0.22864185173261076, 
          75.93349271752727
        ], 
        [
          3.3734315771593986, 
          -5.659410125921617, 
          69.06939135802034
        ], 
        [
          -16.87865321663933, 
          -5.1340527028619185, 
          68.87889131740658
        ]
      ], 
      "cuboid_centroid": [
        -6.734938953715552, 
        -3.2948821638231984, 
        72.89183874392823
      ], 
      "location": [
        -6.734938953715552, 
        -3.2948821638231984, 
        72.89183874392823
      ], 
      "pose_transform_permuted": [
        [
          -0.02616974842515273, 
          -0.7838197103843347, 
          0.620436563337794, 
          0.0
        ], 
        [
          -0.9996191885658824, 
          0.025931027165499727, 
          -0.009402858913487857, 
          0.0
        ], 
        [
          0.008718436135713874, 
          0.6204464884320291, 
          0.7841998350378111, 
          0.0
        ], 
        [
          -6.734938953715552, 
          -3.2948821638231984, 
          72.89183874392823, 
          1.0
        ]
      ], 
      "projected_cuboid": [
        [
          363.5261563856866, 
          266.8186929411305
        ], 
        [
          505.43325405398656, 
          263.19146385657206
        ], 
        [
          507.18332099450805, 
          220.8499491737942
        ], 
        [
          351.33594074274623, 
          224.71814552106193
        ], 
        [
          362.3029410612351, 
          275.37576391809125
        ], 
        [
          506.02829379085637, 
          271.6806698368587
        ], 
        [
          507.86210609983397, 
          229.58737993173008
        ], 
        [
          349.81892640050876, 
          233.5342888511265
        ]
      ], 
      "projected_cuboid_centroid": [
        431.90964327274503, 
        249.17924130064463
      ], 
      "quaternion_xyzw": [
        -0.009880514044622778, 
        -0.4355272300762027, 
        0.9000697528991441, 
        0.009624105017863042
      ], 
      "visibility": 0.8127154346993489
    }, 
    {
      "bounding_box": {
        "bottom_right": [
          354, 
          499
        ], 
        "top_left": [
          311, 
          451
        ]
      }, 
      "class": "061_foam_brick", 
      "cuboid": [
        [
          2.54574213955344, 
          10.113083855143037, 
          85.52767145756891
        ], 
        [
          -5.194316052463193, 
          10.760066571603595, 
          86.09026163555006
        ], 
        [
          -5.2979357391771575, 
          6.752270657973608, 
          89.27366645189797
        ], 
        [
          2.4421224528394747, 
          6.105287941513051, 
          88.71107627391682
        ], 
        [
          3.1145533500892926, 
          13.353939555041281, 
          89.62631081475892
        ], 
        [
          -4.62550484192734, 
          14.000922271501837, 
          90.18890099274007
        ], 
        [
          -4.7291245286413055, 
          9.993126357871851, 
          93.37230580908798
        ], 
        [
          3.0109336633753268, 
          9.346143641411294, 
          92.80971563110683
        ]
      ], 
      "cuboid_centroid": [
        -1.091691194543933, 
        10.053105106507445, 
        89.44998863332845
      ], 
      "location": [
        -1.091691194543933, 
        10.053105106507445, 
        89.44998863332845
      ], 
      "pose_transform_permuted": [
        [
          -0.10822131012075817, 
          -0.6166011556363449, 
          -0.779802002372186, 
          0.0
        ], 
        [
          0.9939207465626452, 
          -0.08308071187641311, 
          -0.07224364931578725, 
          0.0
        ], 
        [
          0.020240987824232337, 
          0.7828796907456679, 
          -0.6218437844264963, 
          0.0
        ], 
        [
          -1.091691194543933, 
          10.053105106507445, 
          89.44998863332845, 
          1.0
        ]
      ], 
      "projected_cuboid": [
        [
          497.60368425634636, 
          336.3480661895953
        ], 
        [
          449.1507015732965, 
          339.94395207032136
        ], 
        [
          449.6835236867394, 
          313.62450454976903
        ], 
        [
          496.4011458667033, 
          309.99074400474694
        ], 
        [
          500.284603028729, 
          352.7488901907879
        ], 
        [
          454.01684536848495, 
          356.07905399679316
        ], 
        [
          454.36037418852544, 
          330.36481121861686
        ], 
        [
          499.0432144116566, 
          326.992999607792
        ]
      ], 
      "projected_cuboid_centroid": [
        475.03393531875196, 
        333.22525800694683
      ], 
      "quaternion_xyzw": [
        0.9429478299037146, 
        -0.027393270450390594, 
        -0.047845955447761324, 
        0.32834397110529967
      ], 
      "visibility": 0.4666666666666667
    }
  ]
}