{
  "camera_data": {
    "location_worldframe": [
      -16.003249763858065, 
      -4.266620178457547, 
      94.2344166590064
    ], 
    "quaternion_xyzw_worldframe": [
      0.9520673182491596, 
      -0.00594239358190156, 
      0.0726937371833531, 
      -0.2970662913371864
    ]
  }, 
  "objects": [
    {
      "bounding_box": {
        "bottom_right": [
          273, 
          569
        ], 
        "top_left": [
          151, 
          427
        ]
      }, 
      "class": "003_cracker_box", 
      "cuboid": [
        [
          -6.316125247820717, 
          0.8935316111387592, 
          85.77695544809704
        ], 
        [
          -7.031208502569148, 
          -12.251359992116226, 
          75.99030145581699
        ], 
        [
          13.80942306205435, 
          -15.677680499453617, 
          79.06957911705724
        ], 
        [
          14.524506316802782, 
          -2.5327888961986305, 
          88.8562331093373
        ], 
        [
          -7.833874309153802, 
          -3.244049590635909, 
          91.44522300710359
        ], 
        [
          -8.548957563902233, 
          -16.388941193890894, 
          81.65856901482354
        ], 
        [
          12.291674000721265, 
          -19.815261701228284, 
          84.7378466760638
        ], 
        [
          13.006757255469697, 
          -6.670370097973299, 
          94.52450066834385
        ]
      ], 
      "cuboid_centroid": [
        2.9877743764502736, 
        -9.460865045044763, 
        85.25740106208042
      ], 
      "location": [
        2.9877743764502736, 
        -9.460865045044763, 
        85.25740106208042
      ], 
      "pose_transform_permuted": [
        [
          0.2113856681921782, 
          0.5762648051110137, 
          -0.7894523251427609, 
          0.0
        ], 
        [
          0.043593066433549765, 
          0.801341842530067, 
          0.5966162049168937, 
          0.0
        ], 
        [
          -0.9764301018720521, 
          0.16053076278670775, 
          -0.14427103090104829, 
          0.0
        ], 
        [
          2.9877743764502736, 
          -9.460865045044763, 
          85.25740106208042, 
          1.0
        ]
      ], 
      "projected_cuboid": [
        [
          441.9991972483507, 
          278.84208496854086
        ], 
        [
          431.83899653692424, 
          187.30332592543277
        ], 
        [
          575.5170180080504, 
          167.541520461097
        ], 
        [
          569.5003776446479, 
          258.08461155361766
        ], 
        [
          435.5282249944221, 
          254.3668490291751
        ], 
        [
          425.29775082086536, 
          166.24886402273998
        ], 
        [
          559.6025915068674, 
          148.57405677660708
        ], 
        [
          555.5944559405954, 
          235.65143835017352
        ]
      ], 
      "projected_cuboid_centroid": [
        500.4425597431005, 
        214.1049943335388
      ], 
      "quaternion_xyzw": [
        0.7059702816625886, 
        0.6295491434198173, 
        0.2861316878687141, 
        -0.15297873913070484
      ], 
      "visibility": 0.9761179565277586
    }, 
    {
      "bounding_box": {
        "bottom_right": [
          335, 
          453
        ], 
        "top_left": [
          276, 
          391
        ]
      }, 
      "class": "005_tomato_soup_can", 
      "cuboid": [
        [
          -15.28467186942384, 
          7.199059395380972, 
          91.9749827653772
        ], 
        [
          -9.874623315213446, 
          3.3789879422879086, 
          90.59085039029381
        ], 
        [
          -4.229849987859778, 
          9.10909046275498, 
          96.83960005648167
        ], 
        [
          -9.639898542070172, 
          12.929161915848042, 
          98.22373243156508
        ], 
        [
          -16.850859722740136, 
          3.1096201691241303, 
          97.13980503571554
        ], 
        [
          -11.440811168529743, 
          -0.7104512839689325, 
          95.75567266063214
        ], 
        [
          -5.796037841176075, 
          5.019651236498137, 
          102.00442232682
        ], 
        [
          -11.20608639538647, 
          8.8397226895912, 
          103.38855470190342
        ]
      ], 
      "cuboid_centroid": [
        -10.540354855299958, 
        6.109355315939554, 
        96.98970254609861
      ], 
      "location": [
        -10.540354855299958, 
        6.109355315939554, 
        96.98970254609861
      ], 
      "pose_transform_permuted": [
        [
          0.23129454162205737, 
          0.6039281745963823, 
          -0.7627406872348194, 
          0.0
        ], 
        [
          -0.7996051443609113, 
          0.5646065382060682, 
          0.20457475686273346, 
          0.0
        ], 
        [
          -0.5541969708917684, 
          -0.5625744871549868, 
          -0.6134946322965608, 
          0.0
        ], 
        [
          -10.540354855299958, 
          6.109355315939554, 
          96.98970254609861, 
          1.0
        ]
      ], 
      "projected_cuboid": [
        [
          392.2298704555105, 
          315.0304909622472
        ], 
        [
          422.97948150732964, 
          293.17905950162617
        ], 
        [
          458.1081129076996, 
          323.4525478145126
        ], 
        [
          428.8196960319603, 
          343.48724277054015
        ], 
        [
          388.3110467074009, 
          290.3590586829964
        ], 
        [
          417.34545444830223, 
          269.32961749722995
        ], 
        [
          451.04054493208093, 
          299.53126584760963
        ], 
        [
          423.3098625449926, 
          318.88536885545363
        ]
      ], 
      "projected_cuboid_centroid": [
        423.15557039660456, 
        306.8801952977126
      ], 
      "quaternion_xyzw": [
        0.31644945367912053, 
        0.8838722077810114, 
        0.34434355899404306, 
        0.007557592750428469
      ], 
      "visibility": 0.9468599033816425
    }, 
    {
      "bounding_box": {
        "bottom_right": [
          309, 
          558
        ], 
        "top_left": [
          254, 
          493
        ]
      }, 
      "class": "010_potted_meat_can", 
      "cuboid": [
        [
          13.707772126478366, 
          2.1392922651206527, 
          91.10396161354163
        ], 
        [
          4.041372322781029, 
          0.6131282027346892, 
          88.35576934094111
        ], 
        [
          2.8554860204449986, 
          -4.10529783725069, 
          95.14726772314812
        ], 
        [
          12.521885824142334, 
          -2.5791337748647267, 
          97.89545999574864
        ], 
        [
          12.125143804829973, 
          6.813386664370157, 
          94.07496305429876
        ], 
        [
          2.4587440011326374, 
          5.287222601984193, 
          91.32677078169826
        ], 
        [
          1.272857698796606, 
          0.5687965619988133, 
          98.11826916390525
        ], 
        [
          10.939257502493941, 
          2.094960624384777, 
          100.86646143650577
        ]
      ], 
      "cuboid_centroid": [
        7.490314912637485, 
        1.3540444135597332, 
        94.61111538872345
      ], 
      "location": [
        7.490314912637485, 
        1.3540444135597332, 
        94.61111538872345
      ], 
      "pose_transform_permuted": [
        [
          0.274757096658561, 
          -0.8114606500332492, 
          -0.515789916599375, 
          0.0
        ], 
        [
          0.9509774245586827, 
          0.15014354868155666, 
          0.27036630624258623, 
          0.0
        ], 
        [
          0.14194921978885516, 
          0.5647901436149273, 
          -0.8129345070033409, 
          0.0
        ], 
        [
          7.490314912637485, 
          1.3540444135597332, 
          94.61111538872345, 
          1.0
        ]
      ], 
      "projected_cuboid": [
        [
          562.5106373453864, 
          285.8098842652682
        ], 
        [
          506.1942701094131, 
          276.98740867671677
        ], 
        [
          497.7360258244083, 
          250.2755174471769
        ], 
        [
          550.3828905583588, 
          259.23580927743603
        ], 
        [
          550.908454815811, 
          311.9122511132959
        ], 
        [
          496.0750150792336, 
          304.16225306571755
        ], 
        [
          488.5733139632369, 
          276.37821854143016
        ], 
        [
          539.9191216840435, 
          284.3633965431899
        ]
      ], 
      "projected_cuboid_centroid": [
        524.1715787312803, 
        280.91923948028017
      ], 
      "quaternion_xyzw": [
        0.8705684184446654, 
        0.002353154766210468, 
        0.1565423783334141, 
        0.4664754436930676
      ], 
      "visibility": 0.8008595988538681
    }, 
    {
      "bounding_box": {
        "bottom_right": [
          217, 
          488
        ], 
        "top_left": [
          165, 
          357
        ]
      }, 
      "class": "037_scissors", 
      "cuboid": [
        [
          -18.66383725077338, 
          -9.156232456821611, 
          86.30984489838472
        ], 
        [
          1.3524913965521315, 
          -11.62344280578019, 
          88.23823535648681
        ], 
        [
          0.9587530804159763, 
          -18.76333632798069, 
          83.19028074642745
        ], 
        [
          -19.057575566909534, 
          -16.29612597902211, 
          81.26189028832538
        ], 
        [
          -18.432341332520835, 
          -8.270943101632977, 
          85.03962364409587
        ], 
        [
          1.583987314804676, 
          -10.738153450591556, 
          86.96801410219794
        ], 
        [
          1.1902489986685207, 
          -17.878046972792056, 
          81.92005949213859
        ], 
        [
          -18.82607964865699, 
          -15.410836623833477, 
          79.99166903403652
        ]
      ], 
      "cuboid_centroid": [
        -8.736794126052429, 
        -13.517139714806833, 
        84.11495219526167
      ], 
      "location": [
        -8.736794126052429, 
        -13.517139714806833, 
        84.11495219526167
      ], 
      "pose_transform_permuted": [
        [
          -0.14787346863624193, 
          -0.565499420839338, 
          0.8113837350784708, 
          0.0
        ], 
        [
          -0.9879825412657913, 
          0.12177861351847119, 
          -0.09518309470817753, 
          0.0
        ], 
        [
          0.0449832405423889, 
          0.8157081355656673, 
          0.5767113515892566, 
          0.0
        ], 
        [
          -8.736794126052429, 
          -13.517139714806833, 
          84.11495219526167, 
          1.0
        ]
      ], 
      "projected_cuboid": [
        [
          365.3097542583457, 
          216.70900522095644
        ], 
        [
          489.83976803281547, 
          203.0334368496183
        ], 
        [
          487.7947030647153, 
          152.99779007059954
        ], 
        [
          355.4804064160734, 
          166.33550492522843
        ], 
        [
          365.0366998536095, 
          221.41594238877232
        ], 
        [
          491.39160554311536, 
          207.43626439041688
        ], 
        [
          489.41045557163216, 
          156.89608833389076
        ], 
        [
          355.0340363029183, 
          170.53957615664405
        ]
      ], 
      "projected_cuboid_centroid": [
        425.74096517433577, 
        187.58292488738894
      ], 
      "quaternion_xyzw": [
        -0.06391734644166708, 
        -0.3003707476406186, 
        0.9506674513085438, 
        0.0438538875585046
      ], 
      "visibility": 0.788858939802336
    }, 
    {
      "bounding_box": {
        "bottom_right": [
          314, 
          493
        ], 
        "top_left": [
          270, 
          445
        ]
      }, 
      "class": "061_foam_brick", 
      "cuboid": [
        [
          1.457028676652065, 
          1.9627062024015465, 
          93.1719185046294
        ], 
        [
          -6.170164929014296, 
          3.5134410634026327, 
          92.91748923720638
        ], 
        [
          -6.896845435597694, 
          0.6221112867637758, 
          97.0791450271059
        ], 
        [
          0.7303481700686676, 
          -0.9286235742373105, 
          97.33357429452893
        ], 
        [
          2.2108968192304412, 
          6.171964511352192, 
          96.22795576769353
        ], 
        [
          -5.416296786435921, 
          7.722699372353278, 
          95.9735265002705
        ], 
        [
          -6.142977293019318, 
          4.8313695957144205, 
          100.13518229017002
        ], 
        [
          1.4842163126470433, 
          3.280634734713334, 
          100.38961155759306
        ]
      ], 
      "cuboid_centroid": [
        -2.3429743081836265, 
        3.3970378990579837, 
        96.65355039739971
      ], 
      "location": [
        -2.3429743081836265, 
        3.3970378990579837, 
        96.65355039739971
      ], 
      "pose_transform_permuted": [
        [
          -0.1434300107609994, 
          -0.800848225902914, 
          -0.5814378307964267, 
          0.0
        ], 
        [
          0.9794275152273239, 
          -0.19913384531871844, 
          0.032671915527109685, 
          0.0
        ], 
        [
          0.1419491966470024, 
          0.5647900766804738, 
          -0.8129345575472448, 
          0.0
        ], 
        [
          -2.3429743081836265, 
          3.3970378990579837, 
          96.65355039739971, 
          1.0
        ]
      ], 
      "projected_cuboid": [
        [
          490.00665869301565, 
          284.52114246905467
        ], 
        [
          445.8869707176845, 
          293.4526761198296
        ], 
        [
          443.3924134045306, 
          276.70420438187875
        ], 
        [
          485.63221288457555, 
          268.19833341148376
        ], 
        [
          493.95253013049233, 
          307.49312082195473
        ], 
        [
          451.2481840793342, 
          316.20115162968864
        ], 
        [
          448.6069444095138, 
          299.0183932594888
        ], 
        [
          489.54767391134584, 
          290.71490255131255
        ]
      ], 
      "projected_cuboid_centroid": [
        468.56115607311943, 
        292.03087617587505
      ], 
      "quaternion_xyzw": [
        0.8839761623913034, 
        -0.09646273748011319, 
        -0.03132383540023029, 
        0.4563988408591829
      ], 
      "visibility": 0.9468277945619336
    }
  ]
}