{
  "camera_data": {
    "location_worldframe": [
      -13.029607117445519, 
      -1.7445497079598637, 
      94.91278947522412
    ], 
    "quaternion_xyzw_worldframe": [
      0.9490050966545893, 
      -0.013042171735982957, 
      0.11621551796457533, 
      -0.2927687953291346
    ]
  }, 
  "objects": [
    {
      "bounding_box": {
        "bottom_right": [
          285, 
          589
        ], 
        "top_left": [
          163, 
          450
        ]
      }, 
      "class": "003_cracker_box", 
      "cuboid": [
        [
          -2.5060063385927354, 
          2.9633458815151186, 
          87.2260374180413
        ], 
        [
          -2.9753955430801047, 
          -10.215017879734683, 
          77.469577094848
        ], 
        [
          17.402774416598398, 
          -14.444440966870609, 
          82.20198838200952
        ], 
        [
          17.872163621085768, 
          -1.2660772056208054, 
          91.95844870520281
        ], 
        [
          -4.631204840914142, 
          -1.0684026816707062, 
          92.77409404932425
        ], 
        [
          -5.100594045401512, 
          -14.246766442920508, 
          83.01763372613095
        ], 
        [
          15.277575914276992, 
          -18.47618953005643, 
          87.75004501329245
        ], 
        [
          15.746965118764361, 
          -5.29782576880663, 
          97.50650533648574
        ]
      ], 
      "cuboid_centroid": [
        6.3857847878421286, 
        -7.756421824270657, 
        87.48804121566688
      ], 
      "location": [
        6.3857847878421286, 
        -7.756421824270657, 
        87.48804121566688
      ], 
      "pose_transform_permuted": [
        [
          0.2959886564249621, 
          0.5615248829495765, 
          -0.7727098557001911, 
          0.0
        ], 
        [
          0.028615010404078933, 
          0.8033823797646518, 
          0.5947755316615332, 
          0.0
        ], 
        [
          -0.9547627435375347, 
          0.198157911051135, 
          -0.2217240308142767, 
          0.0
        ], 
        [
          6.3857847878421286, 
          -7.756421824270657, 
          87.48804121566688, 
          1.0
        ]
      ], 
      "projected_cuboid": [
        [
          466.1470947985532, 
          291.40510024911305
        ], 
        [
          460.94301726225643, 
          202.9638476815266
        ], 
        [
          595.4457250396431, 
          179.57222051514864
        ], 
        [
          586.111734721512, 
          265.9438329111401
        ], 
        [
          454.7523410826503, 
          267.1447364506694
        ], 
        [
          448.55690855413206, 
          181.76285560401985
        ], 
        [
          575.2235807026898, 
          160.99356198047573
        ], 
        [
          568.444107694913, 
          244.30965873647625
        ]
      ], 
      "projected_cuboid_centroid": [
        520.8486655217171, 
        226.00405689327908
      ], 
      "quaternion_xyzw": [
        0.7070153423291826, 
        0.621678561284885, 
        0.31497342941384154, 
        -0.12015328090896303
      ], 
      "visibility": 0.9645057201525374
    }, 
    {
      "bounding_box": {
        "bottom_right": [
          346, 
          470
        ], 
        "top_left": [
          289, 
          410
        ]
      }, 
      "class": "005_tomato_soup_can", 
      "cuboid": [
        [
          -11.67442348871286, 
          9.666400192446362, 
          92.66843343186429
        ], 
        [
          -6.330151558731031, 
          5.624035776651875, 
          91.73278330188444
        ], 
        [
          -0.9697457956310453, 
          11.171366263623723, 
          98.3839176206444
        ], 
        [
          -6.314017725612872, 
          15.213730679418209, 
          99.31956775062426
        ], 
        [
          -13.806236754281704, 
          5.680939956263805, 
          97.71058828548182
        ], 
        [
          -8.461964824299875, 
          1.6385755404693199, 
          96.77493815550197
        ], 
        [
          -3.1015590611998887, 
          7.185906027441166, 
          103.42607247426194
        ], 
        [
          -8.445830991181715, 
          11.228270443235653, 
          104.36172260424179
        ]
      ], 
      "cuboid_centroid": [
        -7.387991274956374, 
        8.426153109943764, 
        98.04725295306311
      ], 
      "location": [
        -7.387991274956374, 
        8.426153109943764, 
        98.04725295306311
      ], 
      "pose_transform_permuted": [
        [
          0.3148260734109963, 
          0.5885725626902928, 
          -0.7446251694427981, 
          0.0
        ], 
        [
          -0.7898833596884015, 
          0.597461436780491, 
          0.13828908368513462, 
          0.0
        ], 
        [
          -0.5262781097453736, 
          -0.5446301514921289, 
          -0.6530002674490237, 
          0.0
        ], 
        [
          -7.387991274956374, 
          8.426153109943764, 
          98.04725295306311, 
          1.0
        ]
      ], 
      "projected_cuboid": [
        [
          413.8492433522669, 
          328.9180009346906
        ], 
        [
          444.4878959954777, 
          305.9837734536525
        ], 
        [
          476.2964629951002, 
          333.84428505287144
        ], 
        [
          447.4099334044695, 
          354.98021313714884
        ], 
        [
          405.612495905991, 
          304.29399155077465
        ], 
        [
          434.5751821467085, 
          282.31660755206457
        ], 
        [
          465.4705081525219, 
          310.3408736588888
        ], 
        [
          438.0766681951001, 
          330.6663546717736
        ]
      ], 
      "projected_cuboid_centroid": [
        441.07583315279965, 
        319.11987169536127
      ], 
      "quaternion_xyzw": [
        0.32019979121143005, 
        0.8773737345942333, 
        0.3537753585458988, 
        0.050302676831187075
      ], 
      "visibility": 0.9683921209344938
    }, 
    {
      "bounding_box": {
        "bottom_right": [
          316, 
          574
        ], 
        "top_left": [
          264, 
          508
        ]
      }, 
      "class": "010_potted_meat_can", 
      "cuboid": [
        [
          17.069351436869617, 
          3.451350966593668, 
          94.11461576584351
        ], 
        [
          7.596203894358207, 
          2.2904340798532816, 
          90.61707801804
        ], 
        [
          5.689629051800326, 
          -2.3265409556138485, 
          97.31355730076756
        ], 
        [
          15.162776594311739, 
          -1.165624068873462, 
          100.81109504857106
        ], 
        [
          15.44670188851578, 
          8.206616270852638, 
          96.93120603563749
        ], 
        [
          5.973554346004368, 
          7.045699384112251, 
          93.43366828783397
        ], 
        [
          4.066979503446487, 
          2.4287243486451215, 
          100.13014757056152
        ], 
        [
          13.540127045957897, 
          3.5896412353855087, 
          103.62768531836504
        ]
      ], 
      "cuboid_centroid": [
        10.568165470158053, 
        2.9400376576193947, 
        97.12238166820252
      ], 
      "location": [
        10.568165470158053, 
        2.9400376576193947, 
        97.12238166820252
      ], 
      "pose_transform_permuted": [
        [
          0.2817051058050482, 
          -0.8255525766647149, 
          -0.48898288651836397, 
          0.0
        ], 
        [
          0.9319653268423812, 
          0.11421064444869967, 
          0.3440866824513882, 
          0.0
        ], 
        [
          0.22821480510992814, 
          0.5526465756271756, 
          -0.8015608306149902, 
          0.0
        ], 
        [
          10.568165470158053, 
          2.9400376576193947, 
          97.12238166820252, 
          1.0
        ]
      ], 
      "projected_cuboid": [
        [
          579.1300923935632, 
          292.84431913904683
        ], 
        [
          526.6764869857358, 
          286.76670502572193
        ], 
        [
          513.0385030052674, 
          260.53610641675965
        ], 
        [
          562.4809803423602, 
          267.12005261346724
        ], 
        [
          567.293727697661, 
          318.43968677448265
        ], 
        [
          515.9782792758036, 
          313.5034054933493
        ], 
        [
          503.43939423747287, 
          286.2225646295958
        ], 
        [
          551.862009411314, 
          291.7606162309711
        ]
      ], 
      "projected_cuboid_centroid": [
        540.1127173770615, 
        289.43090791076537
      ], 
      "quaternion_xyzw": [
        0.8622057163154163, 
        -0.033055962893756466, 
        0.18145083488042724, 
        0.4717880479362499
      ], 
      "visibility": 0.7795841209829868
    }, 
    {
      "bounding_box": {
        "bottom_right": [
          233, 
          508
        ], 
        "top_left": [
          182, 
          381
        ]
      }, 
      "class": "037_scissors", 
      "cuboid": [
        [
          -15.251582409327208, 
          -6.5831955165832206, 
          86.82353152455178
        ], 
        [
          4.434852995998294, 
          -9.830075040107527, 
          90.33939039178699
        ], 
        [
          4.153462104446058, 
          -16.985947996363777, 
          85.30657244204495
        ], 
        [
          -15.532973300879444, 
          -13.739068472839469, 
          81.79071357480974
        ], 
        [
          -14.885220394369036, 
          -5.717268802316342, 
          85.57183689847888
        ], 
        [
          4.801215010956465, 
          -8.964148325840648, 
          89.08769576571409
        ], 
        [
          4.5198241194042295, 
          -16.120021282096896, 
          84.05487781597203
        ], 
        [
          -15.166611285921272, 
          -12.87314175857259, 
          80.53901894873684
        ]
      ], 
      "cuboid_centroid": [
        -5.365879144961489, 
        -11.351608399340058, 
        85.43920467026192
      ], 
      "location": [
        -5.365879144961489, 
        -11.351608399340058, 
        85.43920467026192
      ], 
      "pose_transform_permuted": [
        [
          -0.23402236349293246, 
          -0.5531310780336802, 
          0.7995494150735843, 
          0.0
        ], 
        [
          -0.9716993971727745, 
          0.16026217091834302, 
          -0.1735386763269909, 
          0.0
        ], 
        [
          0.032147935932032294, 
          0.817533730628182, 
          0.5749820405109148, 
          0.0
        ], 
        [
          -5.365879144961489, 
          -11.351608399340058, 
          85.43920467026192, 
          1.0
        ]
      ], 
      "projected_cuboid": [
        [
          387.1324453955452, 
          232.84880149238802
        ], 
        [
          507.9964543103015, 
          215.25458204067615
        ], 
        [
          507.78007477234155, 
          167.0937975411617
        ], 
        [
          379.46965431718303, 
          183.7003985428467
        ], 
        [
          388.05302218984775, 
          237.65412052911174
        ], 
        [
          510.5788566921505, 
          219.6230572108219
        ], 
        [
          510.5138772904662, 
          171.00665543017797
        ], 
        [
          380.3286661822906, 
          188.04215971113513
        ]
      ], 
      "projected_cuboid_centroid": [
        447.8236188604179, 
        202.42872647414626
      ], 
      "quaternion_xyzw": [
        -0.10756948616194434, 
        -0.29774815705644525, 
        0.9472041151296986, 
        0.050783696928942565
      ], 
      "visibility": 0.7981176470588235
    }, 
    {
      "bounding_box": {
        "bottom_right": [
          325, 
          510
        ], 
        "top_left": [
          280, 
          461
        ]
      }, 
      "class": "061_foam_brick", 
      "cuboid": [
        [
          4.696523012489036, 
          3.777444543269576, 
          95.20796149149554
        ], 
        [
          -2.8182817922234813, 
          5.628327046528554, 
          94.34451614536022
        ], 
        [
          -3.9865805937580365, 
          2.7991634487008135, 
          98.44794673409815
        ], 
        [
          3.528224210954481, 
          0.9482809454418352, 
          99.3113920802335
        ], 
        [
          5.375789130529397, 
          7.975970797772118, 
          98.2960857234908
        ], 
        [
          -2.139015674183119, 
          9.826853301031097, 
          97.43264037735545
        ], 
        [
          -3.307314475717675, 
          6.997689703203355, 
          101.5360709660934
        ], 
        [
          4.207490328994842, 
          5.146807199944377, 
          102.39951631222874
        ]
      ], 
      "cuboid_centroid": [
        0.6946042683856808, 
        5.387567123236465, 
        98.37201622879448
      ], 
      "location": [
        0.6946042683856808, 
        5.387567123236465, 
        98.37201622879448
      ], 
      "pose_transform_permuted": [
        [
          -0.1292363227963071, 
          -0.7988063586345688, 
          -0.5875426574088634, 
          0.0
        ], 
        [
          0.9649953807164307, 
          -0.23767657474931653, 
          0.11087723396344079, 
          0.0
        ], 
        [
          0.22821456584985902, 
          0.5526465843741486, 
          -0.8015608927046945, 
          0.0
        ], 
        [
          0.6946042683856808, 
          5.387567123236465, 
          98.37201622879448, 
          1.0
        ]
      ], 
      "projected_cuboid": [
        [
          508.1244838930417, 
          294.4463771136763
        ], 
        [
          465.5328546549341, 
          305.10287619637364
        ], 
        [
          459.8206921645991, 
          288.45037565619265
        ], 
        [
          500.70214847527484, 
          278.37897287695654
        ], 
        [
          511.0072530525511, 
          316.5613173375424
        ], 
        [
          469.7911110785274, 
          327.07604102776696
        ], 
        [
          464.08058749088633, 
          310.0419975945976
        ], 
        [
          503.6932370010436, 
          300.09226099058566
        ]
      ], 
      "projected_cuboid_centroid": [
        485.39421789792675, 
        302.49499748671064
      ], 
      "quaternion_xyzw": [
        0.8810767024640139, 
        -0.13219369530946257, 
        -0.005209276553767503, 
        0.45409419147722485
      ], 
      "visibility": 0.9121540312876053
    }
  ]
}