{
  "camera_data": {
    "location_worldframe": [
      -12.707774839825149, 
      2.8029776659902375, 
      83.64563782811074
    ], 
    "quaternion_xyzw_worldframe": [
      0.9101640745118726, 
      0.020295624176009254, 
      0.043285303797855, 
      -0.4114801801481324
    ]
  }, 
  "objects": [
    {
      "bounding_box": {
        "bottom_right": [
          340, 
          615
        ], 
        "top_left": [
          220, 
          445
        ]
      }, 
      "class": "003_cracker_box", 
      "cuboid": [
        [
          -3.8280991208246684, 
          10.634024566829453, 
          76.44688297599895
        ], 
        [
          -3.9203654154381344, 
          0.15845569829581965, 
          63.82420261489323
        ], 
        [
          17.238092271550766, 
          -2.074818065577474, 
          65.52293854195521
        ], 
        [
          17.330358566164232, 
          8.40075080295616, 
          78.1456189030609
        ], 
        [
          -4.771145192202603, 
          5.160133169744734, 
          80.99656149377611
        ], 
        [
          -4.8634114868160685, 
          -5.3154356987888995, 
          68.37388113267042
        ], 
        [
          16.29504620017283, 
          -7.548709462662193, 
          70.0726170597324
        ], 
        [
          16.387312494786297, 
          2.9268594058714403, 
          82.6952974208381
        ]
      ], 
      "cuboid_centroid": [
        6.233473539674081, 
        1.5426575520836299, 
        73.25975001786567
      ], 
      "location": [
        6.233473539674081, 
        1.5426575520836299, 
        73.25975001786567
      ], 
      "pose_transform_permuted": [
        [
          0.1313434671204089, 
          0.7623804356484671, 
          -0.633659975842915, 
          0.0
        ], 
        [
          0.005624758633282878, 
          0.6386139887667596, 
          0.769506683168981, 
          0.0
        ], 
        [
          -0.9913209650436671, 
          0.10463386015942827, 
          -0.07958956949896051, 
          0.0
        ], 
        [
          6.233473539674081, 
          1.5426575520836299, 
          73.25975001786567, 
          1.0
        ]
      ], 
      "projected_cuboid": [
        [
          454.6683849857525, 
          347.47312778907667
        ], 
        [
          448.5652195784194, 
          274.6106050830037
        ], 
        [
          623.0746335527197, 
          256.3986948762118
        ], 
        [
          600.8570274310295, 
          330.61905360352034
        ], 
        [
          449.91979589014755, 
          307.26328983907223
        ], 
        [
          443.34609288508113, 
          231.82588218290724
        ], 
        [
          606.651475287139, 
          215.83364478243746
        ], 
        [
          588.1630684332763, 
          292.1624775695861
        ]
      ], 
      "projected_cuboid_centroid": [
        527.3539516417036, 
        284.5168449706404
      ], 
      "quaternion_xyzw": [
        0.660287549980239, 
        0.6171307310955686, 
        0.34108251409418155, 
        -0.2585202712704265
      ], 
      "visibility": 0.9811387066541706
    }, 
    {
      "bounding_box": {
        "bottom_right": [
          377, 
          465
        ], 
        "top_left": [
          319, 
          398
        ]
      }, 
      "class": "005_tomato_soup_can", 
      "cuboid": [
        [
          -12.993656802543118, 
          14.495861545339677, 
          84.17272561731808
        ], 
        [
          -7.362958691885489, 
          11.59482608914067, 
          81.79435942055248
        ], 
        [
          -1.926574659915716, 
          16.156587660018666, 
          89.10055358922567
        ], 
        [
          -7.557272770573345, 
          19.057623116217673, 
          91.47891978599128
        ], 
        [
          -14.010239069189845, 
          9.183148757719437, 
          88.24623638724397
        ], 
        [
          -8.379540958532218, 
          6.282113301520428, 
          85.86787019047837
        ], 
        [
          -2.9431569265624438, 
          10.843874872398423, 
          93.17406435915157
        ], 
        [
          -8.573855037220072, 
          13.744910328597431, 
          95.55243055591717
        ]
      ], 
      "cuboid_centroid": [
        -7.968406864552781, 
        12.669868208869051, 
        88.67339498823482
      ], 
      "location": [
        -7.968406864552781, 
        12.669868208869051, 
        88.67339498823482
      ], 
      "pose_transform_permuted": [
        [
          0.1501288168512451, 
          0.7845811512203743, 
          -0.6015758609846956, 
          0.0
        ], 
        [
          -0.8322171475006709, 
          0.42877302329289185, 
          0.35152250983548555, 
          0.0
        ], 
        [
          -0.5337375636542122, 
          -0.44786819556778706, 
          -0.7173132457603995, 
          0.0
        ], 
        [
          -7.968406864552781, 
          12.669868208869051, 
          88.67339498823482, 
          1.0
        ]
      ], 
      "projected_cuboid": [
        [
          398.5829925493662, 
          365.1325222996215
        ], 
        [
          433.1886668990409, 
          348.88769019546714
        ], 
        [
          469.969279067543, 
          369.9932838904884
        ], 
        [
          437.1712125453933, 
          384.3919559329318
        ], 
        [
          396.2200291211247, 
          328.7852568862734
        ], 
        [
          429.1185855560228, 
          312.30432239798995
        ], 
        [
          464.61032601924467, 
          335.3558580941148
        ], 
        [
          433.34386710916095, 
          350.00284759830674
        ]
      ], 
      "projected_cuboid_centroid": [
        433.2722870046077, 
        349.4885243030813
      ], 
      "quaternion_xyzw": [
        0.2835006504598793, 
        0.8487728206141432, 
        0.4423723169805479, 
        -0.059319080469176326
      ], 
      "visibility": 0.8992778411250475
    }, 
    {
      "bounding_box": {
        "bottom_right": [
          370, 
          583
        ], 
        "top_left": [
          305, 
          513
        ]
      }, 
      "class": "010_potted_meat_can", 
      "cuboid": [
        [
          16.24404498471059, 
          12.321481426113175, 
          81.46154707407403
        ], 
        [
          6.6198189735356054, 
          10.653471412667697, 
          78.64853463928318
        ], 
        [
          6.101092594269554, 
          4.381181025779613, 
          84.14249651923882
        ], 
        [
          15.725318605444539, 
          6.049191039225091, 
          86.95550895402965
        ], 
        [
          14.425642267807826, 
          16.00700860547361, 
          85.49751305360314
        ], 
        [
          4.801416256632838, 
          14.338998592028132, 
          82.6845006188123
        ], 
        [
          4.282689877366787, 
          8.066708205140047, 
          88.17846249876791
        ], 
        [
          13.906915888541771, 
          9.734718218585527, 
          90.99147493355876
        ]
      ], 
      "cuboid_centroid": [
        10.26336743103869, 
        10.194094815626611, 
        84.82000478642098
      ], 
      "location": [
        10.26336743103869, 
        10.194094815626611, 
        84.82000478642098
      ], 
      "pose_transform_permuted": [
        [
          0.31568944155622314, 
          -0.6398373728094198, 
          -0.7006763872348455, 
          0.0
        ], 
        [
          0.9468283798873215, 
          0.16409830949861476, 
          0.2767432937613173, 
          0.0
        ], 
        [
          0.06209094807458987, 
          0.7507859100438555, 
          -0.6576208873255306, 
          0.0
        ], 
        [
          10.26336743103869, 
          10.194094815626611, 
          84.82000478642098, 
          1.0
        ]
      ], 
      "projected_cuboid": [
        [
          588.8312576431242, 
          353.95389054534286
        ], 
        [
          526.8604737619611, 
          345.528251818679
        ], 
        [
          520.5898278526902, 
          301.05573589121997
        ], 
        [
          578.848072720738, 
          310.387718600914
        ], 
        [
          572.3317708452919, 
          373.1356546678574
        ], 
        [
          512.824552836991, 
          365.7738686777542
        ], 
        [
          507.7154255703566, 
          322.0754750485638
        ], 
        [
          563.7876146485729, 
          330.34370588002724
        ]
      ], 
      "projected_cuboid_centroid": [
        546.6674463199846, 
        337.3835680578529
      ], 
      "quaternion_xyzw": [
        0.9217226639784364, 
        0.027667585221277397, 
        0.16068627757302287, 
        0.3519112393674699
      ], 
      "visibility": 0.6049613230194718
    }, 
    {
      "bounding_box": {
        "bottom_right": [
          276, 
          518
        ], 
        "top_left": [
          227, 
          363
        ]
      }, 
      "class": "037_scissors", 
      "cuboid": [
        [
          -15.309896162248446, 
          -0.2907669013787081, 
          74.8454393212444
        ], 
        [
          4.902744474952718, 
          -1.395763361848713, 
          75.67451740946277
        ], 
        [
          4.858756562356347, 
          -7.149428076138875, 
          69.07843049870638
        ], 
        [
          -15.353884074844817, 
          -6.04443161566887, 
          68.24935241048804
        ], 
        [
          -15.203439525719457, 
          0.8858954453299456, 
          73.81834519517705
        ], 
        [
          5.009201111481708, 
          -0.2191010151400597, 
          74.6474232833954
        ], 
        [
          4.965213198885337, 
          -5.972765729430221, 
          68.05133637263904
        ], 
        [
          -15.247427438315828, 
          -4.867769268960216, 
          67.22225828442068
        ]
      ], 
      "cuboid_centroid": [
        -5.1723414816815545, 
        -3.1317663154044646, 
        71.44838784694171
      ], 
      "location": [
        -5.1723414816815545, 
        -3.1317663154044646, 
        71.44838784694171
      ], 
      "pose_transform_permuted": [
        [
          -0.06800168323363698, 
          -0.7516207799035592, 
          0.6560805572036013, 
          0.0
        ], 
        [
          -0.9976722711885766, 
          0.05454133124711311, 
          -0.04092232351586602, 
          0.0
        ], 
        [
          0.005025466844826749, 
          0.6573362897038174, 
          0.7535801114221559, 
          0.0
        ], 
        [
          -5.1723414816815545, 
          -3.1317663154044646, 
          71.44838784694171, 
          1.0
        ]
      ], 
      "projected_cuboid": [
        [
          371.5955600299732, 
          271.2146457719758
        ], 
        [
          516.4373252174502, 
          263.44983257743587
        ], 
        [
          519.4216756025756, 
          218.08942400604076
        ], 
        [
          360.61765907766846, 
          226.05365391849975
        ], 
        [
          370.8405531939278, 
          279.68691702525393
        ], 
        [
          517.6836210290573, 
          271.7211676454325
        ], 
        [
          520.8338150969397, 
          226.47786236989572
        ], 
        [
          359.6208360826857, 
          234.66723622410598
        ]
      ], 
      "projected_cuboid_centroid": [
        442.66688158997783, 
        249.90977111163622
      ], 
      "quaternion_xyzw": [
        -0.02993010068138308, 
        -0.4135985772786655, 
        0.9098199159855751, 
        0.016367744057188865
      ], 
      "visibility": 0.8118491921005386
    }, 
    {
      "bounding_box": {
        "bottom_right": [
          362, 
          509
        ], 
        "top_left": [
          316, 
          459
        ]
      }, 
      "class": "061_foam_brick", 
      "cuboid": [
        [
          4.144944521751729, 
          10.5989314515225, 
          83.70496699639769
        ], 
        [
          -3.584750264036644, 
          11.4976381338306, 
          84.00117634347193
        ], 
        [
          -3.902611656378205, 
          7.654139798311535, 
          87.36773482798571
        ], 
        [
          3.827083129410168, 
          6.755433116003434, 
          87.07152548091148
        ], 
        [
          4.693936548496115, 
          14.017360974978157, 
          87.65951928317288
        ], 
        [
          -3.0357582372922574, 
          14.91606765728626, 
          87.95572863024712
        ], 
        [
          -3.353619629633818, 
          11.072569321767194, 
          91.32228711476091
        ], 
        [
          4.376075156154554, 
          10.173862639459093, 
          91.02607776768667
        ]
      ], 
      "cuboid_centroid": [
        0.3956624460589555, 
        10.835750386644847, 
        87.5136270555793
      ], 
      "location": [
        0.3956624460589555, 
        10.835750386644847, 
        87.5136270555793
      ], 
      "pose_transform_permuted": [
        [
          -0.10445053697897028, 
          -0.6503861294072243, 
          -0.7523881764086233, 
          0.0
        ], 
        [
          0.992589954958785, 
          -0.11540523268181985, 
          -0.03803700283371497, 
          0.0
        ], 
        [
          0.06209079351821567, 
          0.75078593150401, 
          -0.6576208774179342, 
          0.0
        ], 
        [
          0.3956624460589555, 
          10.835750386644847, 
          87.5136270555793, 
          1.0
        ]
      ], 
      "projected_cuboid": [
        [
          508.2263373574718, 
          340.8167922377781
        ], 
        [
          458.6479892412211, 
          346.2845106754657
        ], 
        [
          457.5757970857799, 
          320.0097665830036
        ], 
        [
          505.23358620282124, 
          314.66406931178204
        ], 
        [
          510.392916936969, 
          358.56801309636745
        ], 
        [
          463.0363502991772, 
          363.73011805770614
        ], 
        [
          461.84881243191234, 
          337.95003078136534
        ], 
        [
          507.4500533987907, 
          332.8949525718633
        ]
      ], 
      "projected_cuboid_centroid": [
        484.0283821965337, 
        339.3210296827317
      ], 
      "quaternion_xyzw": [
        0.9348481244126526, 
        -0.04746654070455372, 
        -0.03810446212913126, 
        0.3497913117296338
      ], 
      "visibility": 0.525819265143992
    }
  ]
}