{
  "camera_data": {
    "location_worldframe": [
      -14.340467973059557, 
      1.686098707597533, 
      86.29190084229688
    ], 
    "quaternion_xyzw_worldframe": [
      0.8978379017278154, 
      0.028382901084818366, 
      0.020918518768051515, 
      -0.438913029415963
    ]
  }, 
  "objects": [
    {
      "bounding_box": {
        "bottom_right": [
          335, 
          596
        ], 
        "top_left": [
          226, 
          431
        ]
      }, 
      "class": "003_cracker_box", 
      "cuboid": [
        [
          -5.9985110184208255, 
          10.243202816714406, 
          79.27874545270576
        ], 
        [
          -6.1677133071331465, 
          0.518708381445592, 
          66.06951783520003
        ], 
        [
          15.10252875442039, 
          -1.0251865542457768, 
          66.93365799562568
        ], 
        [
          15.271731043132714, 
          8.699307881023039, 
          80.14288561313143
        ], 
        [
          -6.589069023783465, 
          4.484305731338618, 
          83.52594960806434
        ], 
        [
          -6.758271312495786, 
          -5.240188703930197, 
          70.31672199055859
        ], 
        [
          14.51197074905775, 
          -6.784083639621566, 
          71.18086215098425
        ], 
        [
          14.681173037770073, 
          2.940410795647249, 
          84.39008976848999
        ]
      ], 
      "cuboid_centroid": [
        4.256729865318463, 
        1.7295595885464206, 
        75.22980380184501
      ], 
      "location": [
        4.256729865318463, 
        1.7295595885464206, 
        75.22980380184501
      ], 
      "pose_transform_permuted": [
        [
          0.08225042054064902, 
          0.8020748221533505, 
          -0.5915326263094515, 
          0.0
        ], 
        [
          0.010314948033763982, 
          0.5928268200022321, 
          0.805263909121166, 
          0.0
        ], 
        [
          -0.9965583124774721, 
          0.07233492347208065, 
          -0.04048689514325668, 
          0.0
        ], 
        [
          4.256729865318463, 
          1.7295595885464206, 
          75.22980380184501, 
          1.0
        ]
      ], 
      "projected_cuboid": [
        [
          440.90793650620526, 
          342.19404434209724
        ], 
        [
          431.39579024991957, 
          277.47360255893034
        ], 
        [
          602.9350743214853, 
          265.1179710428294
        ], 
        [
          584.0713858565842, 
          331.17703215930504
        ], 
        [
          439.1747530662753, 
          301.9191734039793
        ], 
        [
          429.91156626159056, 
          233.54214751207527
        ], 
        [
          591.2335003238526, 
          222.45707975983197
        ], 
        [
          575.1507863915674, 
          291.86903581013246
        ]
      ], 
      "projected_cuboid_centroid": [
        512.0253839480297, 
        285.5477423474982
      ], 
      "quaternion_xyzw": [
        0.6469510216807947, 
        0.6141829440003211, 
        0.34296040191575516, 
        -0.2942989119297894
      ], 
      "visibility": 0.9808676734067059
    }, 
    {
      "bounding_box": {
        "bottom_right": [
          366, 
          456
        ], 
        "top_left": [
          311, 
          390
        ]
      }, 
      "class": "005_tomato_soup_can", 
      "cuboid": [
        [
          -15.016489152032891, 
          13.310373560312472, 
          87.51762738581095
        ], 
        [
          -9.374797802725292, 
          10.761876867568441, 
          84.7874484496192
        ], 
        [
          -3.8479761444304317, 
          15.09147507900573, 
          92.16669196693664
        ], 
        [
          -9.489667493738029, 
          17.639971771749764, 
          94.89687090312839
        ], 
        [
          -15.702864688452786, 
          7.737084822797982, 
          91.301697672236
        ], 
        [
          -10.061173339145189, 
          5.188588130053952, 
          88.57151873604425
        ], 
        [
          -4.534351680850328, 
          9.518186341491242, 
          95.95076225336169
        ], 
        [
          -10.176043030157926, 
          12.066683034235272, 
          98.68094118955344
        ]
      ], 
      "cuboid_centroid": [
        -9.775420416441609, 
        11.414279950901857, 
        91.73419481958632
      ], 
      "location": [
        -9.775420416441609, 
        11.414279950901857, 
        91.73419481958632
      ], 
      "pose_transform_permuted": [
        [
          0.10136390391528118, 
          0.823062994098229, 
          -0.5588313052684442, 
          0.0
        ], 
        [
          -0.8338419481082111, 
          0.3766677961363164, 
          0.4035204306448862, 
          0.0
        ], 
        [
          -0.5426166196689383, 
          -0.42507467967395846, 
          -0.7244851418484279, 
          0.0
        ], 
        [
          -9.775420416441609, 
          11.414279950901857, 
          91.73419481958632, 
          1.0
        ]
      ], 
      "projected_cuboid": [
        [
          389.32620001050554, 
          354.3980019353698
        ], 
        [
          422.1374553921852, 
          340.9795726239534
        ], 
        [
          459.14532360564095, 
          360.6128705947438
        ], 
        [
          427.82077837528544, 
          372.42302481105753
        ], 
        [
          389.107708868868, 
          318.4810848283905
        ], 
        [
          420.51042324049047, 
          304.52881200197794
        ], 
        [
          456.18391843797656, 
          326.1911220928715
        ], 
        [
          426.1424927778836, 
          338.5007352570278
        ]
      ], 
      "projected_cuboid_centroid": [
        424.2916186215968, 
        339.64629660346213
      ], 
      "quaternion_xyzw": [
        0.2738223114402125, 
        0.839307442635089, 
        0.46095985134123674, 
        -0.090001741727964
      ], 
      "visibility": 0.8523925385239254
    }, 
    {
      "bounding_box": {
        "bottom_right": [
          366, 
          567
        ], 
        "top_left": [
          302, 
          502
        ]
      }, 
      "class": "010_potted_meat_can", 
      "cuboid": [
        [
          14.16610070398773, 
          12.378914128971372, 
          83.71860046518108
        ], 
        [
          4.51322686107037, 
          10.521622691251958, 
          81.13141709991385
        ], 
        [
          4.407565300532856, 
          3.9273031834732137, 
          86.25958507262635
        ], 
        [
          14.060439143450216, 
          5.784594621192628, 
          88.84676843789357
        ], 
        [
          12.362810506379393, 
          15.755175296997754, 
          88.02298490515005
        ], 
        [
          2.7099366634620328, 
          13.897883859278338, 
          85.43580153988283
        ], 
        [
          2.604275102924519, 
          7.3035643514995945, 
          90.56396951259532
        ], 
        [
          12.25714894584188, 
          9.16085578921901, 
          93.15115287786256
        ]
      ], 
      "cuboid_centroid": [
        8.385187903456124, 
        9.841239240235483, 
        87.1412849888882
      ], 
      "location": [
        8.385187903456124, 
        9.841239240235483, 
        87.1412849888882
      ], 
      "pose_transform_permuted": [
        [
          0.31306578578832345, 
          -0.5861462880442904, 
          -0.747276006280715, 
          0.0
        ], 
        [
          0.9496467447183659, 
          0.1827197575070013, 
          0.2545262997110703, 
          0.0
        ], 
        [
          0.012647566676862593, 
          0.7893324236258695, 
          -0.6138357793987456, 
          0.0
        ], 
        [
          8.385187903456124, 
          9.841239240235483, 
          87.1412849888882, 
          1.0
        ]
      ], 
      "projected_cuboid": [
        [
          572.5926088053494, 
          352.1449671320775
        ], 
        [
          511.51212664313147, 
          342.450711720347
        ], 
        [
          509.07494328440004, 
          297.5679867622655
        ], 
        [
          566.7008762543999, 
          308.00966462328984
        ], 
        [
          557.1259171377591, 
          368.74505408648895
        ], 
        [
          498.6543963897171, 
          360.04189689652964
        ], 
        [
          497.0611156892429, 
          316.29629027662014
        ], 
        [
          552.3579073914814, 
          325.7353122591215
        ]
      ], 
      "projected_cuboid_centroid": [
        533.3435212994667, 
        333.5166070027857
      ], 
      "quaternion_xyzw": [
        0.933575810342276, 
        0.04554321913283755, 
        0.15199410674835764, 
        0.3213402848888853
      ], 
      "visibility": 0.561324726354196
    }, 
    {
      "bounding_box": {
        "bottom_right": [
          272, 
          503
        ], 
        "top_left": [
          227, 
          352
        ]
      }, 
      "class": "037_scissors", 
      "cuboid": [
        [
          -17.14034619307934, 
          -0.9877692047832158, 
          77.41513645930918
        ], 
        [
          3.1152192072269687, 
          -1.3907567684311366, 
          77.50947902716852
        ], 
        [
          3.0408008130256765, 
          -6.751124680447826, 
          70.59023970007483
        ], 
        [
          -17.21476458728063, 
          -6.348137116799905, 
          70.49589713221548
        ], 
        [
          -17.111265116943436, 
          0.2494373750707886, 
          76.45635399847576
        ], 
        [
          3.144300283362872, 
          -0.1535501885771326, 
          76.55069656633512
        ], 
        [
          3.0698818891615796, 
          -5.513918100593822, 
          69.63145723924141
        ], 
        [
          -17.185683511144727, 
          -5.110930536945901, 
          69.53711467138207
        ]
      ], 
      "cuboid_centroid": [
        -7.03523215195888, 
        -3.250843652688519, 
        73.5232968492753
      ], 
      "location": [
        -7.03523215195888, 
        -3.250843652688519, 
        73.5232968492753
      ], 
      "pose_transform_permuted": [
        [
          -0.018576222131049792, 
          -0.7902948344126213, 
          0.6124448725543351, 
          0.0
        ], 
        [
          -0.9997909872270204, 
          0.019890994210098604, 
          -0.004656638666635087, 
          0.0
        ], 
        [
          0.008502044098693692, 
          0.6124034905928919, 
          0.7904991570934179, 
          0.0
        ], 
        [
          -7.03523215195888, 
          -3.250843652688519, 
          73.5232968492753, 
          1.0
        ]
      ], 
      "projected_cuboid": [
        [
          362.5317046641849, 
          266.48171033844363
        ], 
        [
          503.2105906869309, 
          263.7171558962821
        ], 
        [
          504.7622158732081, 
          222.28080382029958
        ], 
        [
          350.27763993164933, 
          225.26124886857653
        ], 
        [
          361.24313907578244, 
          275.026482798876
        ], 
        [
          503.6855886083349, 
          272.21677211069834
        ], 
        [
          505.30577900208806, 
          231.0544690338493
        ], 
        [
          348.6918966974394, 
          234.0879120898947
        ]
      ], 
      "projected_cuboid_centroid": [
        430.13998175567906, 
        249.70573222185934
      ], 
      "quaternion_xyzw": [
        -0.006468925058683719, 
        -0.4401540539204318, 
        0.8978640418201198, 
        0.00790571762157745
      ], 
      "visibility": 0.8120094191522763
    }, 
    {
      "bounding_box": {
        "bottom_right": [
          353, 
          497
        ], 
        "top_left": [
          310, 
          449
        ]
      }, 
      "class": "061_foam_brick", 
      "cuboid": [
        [
          2.2209325405368614, 
          10.083363836534454, 
          86.25478643292415
        ], 
        [
          -5.520287352907354, 
          10.677021082337383, 
          86.85867449822476
        ], 
        [
          -5.585032193357249, 
          6.636191708757269, 
          90.00108399235157
        ], 
        [
          2.156187700086966, 
          6.042534462954342, 
          89.39719592705094
        ], 
        [
          2.7886057324780418, 
          13.285397622721337, 
          90.38398287053401
        ], 
        [
          -4.952614160966173, 
          13.879054868524266, 
          90.98787093583464
        ], 
        [
          -5.017359001416069, 
          9.838225494944151, 
          94.13028042996143
        ], 
        [
          2.7238608920281457, 
          9.244568249141222, 
          93.52639236466082
        ]
      ], 
      "cuboid_centroid": [
        -1.398213230439604, 
        9.960794665739304, 
        90.19253343144278
      ], 
      "location": [
        -1.398213230439604, 
        9.960794665739304, 
        90.19253343144278
      ], 
      "pose_transform_permuted": [
        [
          -0.10800479212502265, 
          -0.6092149468461197, 
          -0.7856157543082432, 
          0.0
        ], 
        [
          0.9940699236258586, 
          -0.0762330512656049, 
          -0.07754681706695005, 
          0.0
        ], 
        [
          0.012647206035719227, 
          0.7893324207417398, 
          -0.6138357905380514, 
          0.0
        ], 
        [
          -1.398213230439604, 
          9.960794665739304, 
          90.19253343144278, 
          1.0
        ]
      ], 
      "projected_cuboid": [
        [
          495.44369323107895, 
          335.6327058946267
        ], 
        [
          447.41957418806504, 
          338.84434744648854
        ], 
        [
          448.2260337969183, 
          312.610630969682
        ], 
        [
          494.56750010418364, 
          309.3346704498157
        ], 
        [
          498.18863517379833, 
          351.67833371101426
        ], 
        [
          452.32572049319094, 
          354.63772997174726
        ], 
        [
          452.93301835741624, 
          329.02756303884354
        ], 
        [
          497.258898250796, 
          326.0022384438871
        ]
      ], 
      "projected_cuboid_centroid": [
        473.2603616686806, 
        332.1859463589971
      ], 
      "quaternion_xyzw": [
        0.9445922531277505, 
        -0.023523445435589336, 
        -0.04910891672506601, 
        0.32369806478255136
      ], 
      "visibility": 0.44473546359350447
    }
  ]
}