{
  "camera_data": {
    "location_worldframe": [
      -16.04007100509484, 
      0.8144981921921381, 
      87.26668530694873
    ], 
    "quaternion_xyzw_worldframe": [
      0.8927589578125229, 
      0.02441086040614422, 
      -0.015570101701495358, 
      -0.4496037278650454
    ]
  }, 
  "objects": [
    {
      "bounding_box": {
        "bottom_right": [
          331, 
          575
        ], 
        "top_left": [
          227, 
          409
        ]
      }, 
      "class": "003_cracker_box", 
      "cuboid": [
        [
          -8.422031571698325, 
          9.732951268734926, 
          79.88947855780674
        ], 
        [
          -9.268781734319877, 
          0.284834990581017, 
          66.50686937111449
        ], 
        [
          12.041795683127999, 
          -0.7153433758833684, 
          65.86462291015675
        ], 
        [
          12.88854584574955, 
          8.73277290227054, 
          79.24723209684899
        ], 
        [
          -8.572085446920054, 
          3.8732038591781635, 
          84.03595195886291
        ], 
        [
          -9.418835609541604, 
          -5.574912418975746, 
          70.65334277217067
        ], 
        [
          11.891741807906271, 
          -6.575090785440131, 
          70.01109631121292
        ], 
        [
          12.738491970527821, 
          2.873025492713778, 
          83.39370549790517
        ]
      ], 
      "cuboid_centroid": [
        1.7348551181039729, 
        1.5789302416473976, 
        74.95028743450983
      ], 
      "location": [
        1.7348551181039729, 
        1.5789302416473976, 
        74.95028743450983
      ], 
      "pose_transform_permuted": [
        [
          0.020898868914938196, 
          0.8161208286425052, 
          -0.577503273007129, 
          0.0
        ], 
        [
          0.0516197741265334, 
          0.5759781925397827, 
          0.8158336353924924, 
          0.0
        ], 
        [
          -0.9984481139234036, 
          0.046860588712426876, 
          0.030090680090733624, 
          0.0
        ], 
        [
          1.7348551181039729, 
          1.5789302416473976, 
          74.95028743450983, 
          1.0
        ]
      ], 
      "projected_cuboid": [
        [
          424.9054293819174, 
          338.2609702517726
        ], 
        [
          406.6511672330306, 
          275.5706340437768
        ], 
        [
          579.9145594802288, 
          267.494253532001
        ], 
        [
          569.0574890500434, 
          332.05652503253356
        ], 
        [
          426.74246219660057, 
          297.8671540102148
        ], 
        [
          409.9074549724474, 
          231.20487771107523
        ], 
        [
          572.9390304677839, 
          223.19983941845692
        ], 
        [
          563.7411899707212, 
          291.6601160478599
        ]
      ], 
      "projected_cuboid_centroid": [
        494.0445551789609, 
        284.5216439050449
      ], 
      "quaternion_xyzw": [
        0.6472989332306384, 
        0.6080754291550039, 
        0.32316309410991084, 
        -0.3268240782160097
      ], 
      "visibility": 0.9796818094690435
    }, 
    {
      "bounding_box": {
        "bottom_right": [
          360, 
          448
        ], 
        "top_left": [
          305, 
          381
        ]
      }, 
      "class": "005_tomato_soup_can", 
      "cuboid": [
        [
          -16.917875325234416, 
          12.38882999957854, 
          88.79883379560152
        ], 
        [
          -11.418370294313018, 
          10.047451099541979, 
          85.62853681286657
        ], 
        [
          -5.500495029545021, 
          14.366527603989201, 
          92.70446386890161
        ], 
        [
          -11.000000060466421, 
          16.707906504025765, 
          95.87476085163657
        ], 
        [
          -17.20033645212769, 
          6.721714906644366, 
          92.49421860594784
        ], 
        [
          -11.70083142120629, 
          4.380336006607805, 
          89.32392162321288
        ], 
        [
          -5.782956156438295, 
          8.699412511055026, 
          96.39984867924792
        ], 
        [
          -11.282461187359694, 
          11.040791411091588, 
          99.57014566198288
        ]
      ], 
      "cuboid_centroid": [
        -11.350415740836356, 
        10.544121255316783, 
        92.59934123742472
      ], 
      "location": [
        -11.350415740836356, 
        10.544121255316783, 
        92.59934123742472
      ], 
      "pose_transform_permuted": [
        [
          0.041713844691423224, 
          0.8369192654407203, 
          -0.545734238722609, 
          0.0
        ], 
        [
          -0.8128268110904738, 
          0.34605578759737643, 
          0.46856987532466426, 
          0.0
        ], 
        [
          -0.581009786514721, 
          -0.42404167129534925, 
          -0.6947059010683339, 
          0.0
        ], 
        [
          -11.350415740836356, 
          10.544121255316783, 
          92.59934123742472, 
          1.0
        ]
      ], 
      "projected_cuboid": [
        [
          379.14274375991846, 
          347.6929842030373
        ], 
        [
          409.88746253106797, 
          335.86500342982566
        ], 
        [
          449.68956235349856, 
          355.9357459441872
        ], 
        [
          419.8977837471832, 
          366.2270955717531
        ], 
        [
          381.5938237364309, 
          312.04379488069327
        ], 
        [
          411.1536089156837, 
          299.43987888655
        ], 
        [
          449.33700044446636, 
          321.4149024736554
        ], 
        [
          420.6621209985575, 
          332.4234432666019
        ]
      ], 
      "projected_cuboid_centroid": [
        415.68034560523205, 
        334.0146843985161
      ], 
      "quaternion_xyzw": [
        0.2778784423483422, 
        0.8340567608245305, 
        0.45908900882085124, 
        -0.1279457378330164
      ], 
      "visibility": 0.7310652085864723
    }, 
    {
      "bounding_box": {
        "bottom_right": [
          365, 
          554
        ], 
        "top_left": [
          300, 
          488
        ]
      }, 
      "class": "010_potted_meat_can", 
      "cuboid": [
        [
          11.943444099787474, 
          12.306618667539642, 
          82.97308908263457
        ], 
        [
          2.1830157801105665, 
          10.249764621304644, 
          81.01747840400877
        ], 
        [
          2.5986523098277527, 
          3.5494907014138843, 
          85.99019361463537
        ], 
        [
          12.35908062950466, 
          5.6063447476488815, 
          87.94580429326116
        ], 
        [
          10.360870457264875, 
          15.543697136437244, 
          87.4670299000856
        ], 
        [
          0.6004421375879692, 
          13.486843090202246, 
          85.5114192214598
        ], 
        [
          1.0160786673051556, 
          6.786569170311487, 
          90.4841344320864
        ], 
        [
          10.776506986982062, 
          8.843423216546483, 
          92.4397451107122
        ]
      ], 
      "cuboid_centroid": [
        6.479761383546315, 
        9.546593918925565, 
        86.72861175736048
      ], 
      "location": [
        6.479761383546315, 
        9.546593918925565, 
        86.72861175736048
      ], 
      "pose_transform_permuted": [
        [
          0.2747476039193969, 
          -0.5619830440313849, 
          -0.7801845289058126, 
          0.0
        ], 
        [
          0.9602279208941565, 
          0.20235266524290643, 
          0.19239237403440274, 
          0.0
        ], 
        [
          -0.04975121223078599, 
          0.8020150442977336, 
          -0.5952282634432541, 
          0.0
        ], 
        [
          6.479761383546315, 
          9.546593918925565, 
          86.72861175736048, 
          1.0
        ]
      ], 
      "projected_cuboid": [
        [
          559.0047510114562, 
          352.38882054779714
        ], 
        [
          496.0871194062521, 
          340.7584008821457
        ], 
        [
          497.8484769554006, 
          295.3008261435417
        ], 
        [
          557.169393562388, 
          307.2844468976989
        ], 
        [
          545.2976810080595, 
          368.0623419296509
        ], 
        [
          485.373128253223, 
          357.4015906919183
        ], 
        [
          487.63581336077334, 
          313.28703380083493
        ], 
        [
          544.2889089542939, 
          324.3075655492412
        ]
      ], 
      "projected_cuboid_centroid": [
        521.7750731819161, 
        331.9913343154257
      ], 
      "quaternion_xyzw": [
        0.9410668804736598, 
        0.06697289074364272, 
        0.12409850661163362, 
        0.30742004938378786
      ], 
      "visibility": 0.5443213296398892
    }, 
    {
      "bounding_box": {
        "bottom_right": [
          268, 
          485
        ], 
        "top_left": [
          223, 
          335
        ]
      }, 
      "class": "037_scissors", 
      "cuboid": [
        [
          -19.383910440309656, 
          -1.7466622410759918, 
          78.54630958698151
        ], 
        [
          0.8328049811991576, 
          -1.6172617892590766, 
          77.2321930505021
        ], 
        [
          0.4100646998903376, 
          -6.832332695752886, 
          70.2151223504183
        ], 
        [
          -19.806650721618475, 
          -6.9617331475698, 
          71.5292388868977
        ], 
        [
          -19.45242531402842, 
          -0.48940228906150307, 
          77.61604469859495
        ], 
        [
          0.7642901074803907, 
          -0.3600018372445876, 
          76.30192816211554
        ], 
        [
          0.34154982617157076, 
          -5.575072743738396, 
          69.28485746203174
        ], 
        [
          -19.87516559533724, 
          -5.704473195555311, 
          70.59897399851114
        ]
      ], 
      "cuboid_centroid": [
        -9.521180307069042, 
        -3.660867492407194, 
        73.91558352450662
      ], 
      "location": [
        -9.521180307069042, 
        -3.660867492407194, 
        73.91558352450662
      ], 
      "pose_transform_permuted": [
        [
          0.043765488853740465, 
          -0.803104398061123, 
          0.594228601673047, 
          0.0
        ], 
        [
          -0.9978733977700945, 
          -0.006387054763117079, 
          0.06486325330213827, 
          0.0
        ], 
        [
          0.048296614735599805, 
          0.5958038103441847, 
          0.8016760530251918, 
          0.0
        ], 
        [
          -9.521180307069042, 
          -3.660867492407194, 
          73.91558352450662, 
          1.0
        ]
      ], 
      "projected_cuboid": [
        [
          348.88593837883553, 
          261.4269206009413
        ], 
        [
          487.39584983978716, 
          262.11869010273693
        ], 
        [
          484.7376751961831, 
          221.39149452910686
        ], 
        [
          332.68867531211623, 
          221.38009135642076
        ], 
        [
          346.82062650145997, 
          269.9237303838715
        ], 
        [
          486.98366586982985, 
          270.77027090398735
        ], 
        [
          484.2480553940208, 
          230.3724643908423
        ], 
        [
          330.20465785155733, 
          230.19374081233357
        ]
      ], 
      "projected_cuboid_centroid": [
        412.3268566261123, 
        246.87245542943757
      ], 
      "quaternion_xyzw": [
        0.030420196459081377, 
        -0.449399814698094, 
        0.8927353764956508, 
        0.011736277366142578
      ], 
      "visibility": 0.7924604783137413
    }, 
    {
      "bounding_box": {
        "bottom_right": [
          348, 
          487
        ], 
        "top_left": [
          307, 
          438
        ]
      }, 
      "class": "061_foam_brick", 
      "cuboid": [
        [
          0.2646440519750659, 
          9.644511041451949, 
          86.27570878207268
        ], 
        [
          -7.428097754054068, 
          10.021113238053449, 
          87.42613889765985
        ], 
        [
          -7.173403166221252, 
          5.915358310555876, 
          90.47329141957093
        ], 
        [
          0.5193386398078814, 
          5.538756113954376, 
          89.32286130398377
        ], 
        [
          1.0386790286841128, 
          12.773634030166173, 
          90.42721400517338
        ], 
        [
          -6.654062777345021, 
          13.150236226767673, 
          91.57764412076055
        ], 
        [
          -6.399368189512206, 
          9.0444812992701, 
          94.62479664267163
        ], 
        [
          1.2933736165169283, 
          8.6678791026686, 
          93.47436652708446
        ]
      ], 
      "cuboid_centroid": [
        -3.0673620687685696, 
        9.344496170361024, 
        90.45025271237216
      ], 
      "location": [
        -3.0673620687685696, 
        9.344496170361024, 
        90.45025271237216
      ], 
      "pose_transform_permuted": [
        [
          -0.14726692742189518, 
          -0.5953430296294971, 
          -0.7898601959583014, 
          0.0
        ], 
        [
          0.9878447279438384, 
          -0.04836045506600639, 
          -0.14772968509874057, 
          0.0
        ], 
        [
          -0.04975183977782721, 
          0.8020149272035906, 
          -0.5952283687639066, 
          0.0
        ], 
        [
          -3.0673620687685696, 
          9.344496170361024, 
          90.45025271237216, 
          1.0
        ]
      ], 
      "projected_cuboid": [
        [
          483.24661856840765, 
          332.9047860506468
        ], 
        [
          435.90634384665066, 
          334.41763678571476
        ], 
        [
          438.95909222419624, 
          308.15623686155357
        ], 
        [
          484.7237225724647, 
          306.35676276888324
        ], 
        [
          487.7740172098944, 
          348.62258865484466
        ], 
        [
          442.52295262086, 
          349.86940457946264
        ], 
        [
          445.2286955821507, 
          324.26259465652794
        ], 
        [
          489.0379303690556, 
          322.7412691742232
        ]
      ], 
      "projected_cuboid_centroid": [
        463.36033785899383, 
        328.3842591383782
      ], 
      "quaternion_xyzw": [
        0.9460073798741914, 
        0.0003676992223902786, 
        -0.07795832749208233, 
        0.31463057892628093
      ], 
      "visibility": 0.41512345679012347
    }
  ]
}