{
  "camera_data": {
    "location_worldframe": [
      -17.341238913136372, 
      -4.396239165585439, 
      94.45862980509207
    ], 
    "quaternion_xyzw_worldframe": [
      0.9524161417178774, 
      -0.002344323579252192, 
      0.06744581162188912, 
      -0.29723557821473656
    ]
  }, 
  "objects": [
    {
      "bounding_box": {
        "bottom_right": [
          272, 
          560
        ], 
        "top_left": [
          152, 
          418
        ]
      }, 
      "class": "003_cracker_box", 
      "cuboid": [
        [
          -7.773331746201963, 
          0.8572299164827019, 
          85.92327745547773
        ], 
        [
          -8.434245648912666, 
          -12.297921035778387, 
          76.14660563304328
        ], 
        [
          12.463285005736545, 
          -15.514549056097756, 
          79.06209253290892
        ], 
        [
          13.124198908447248, 
          -2.3593981038366687, 
          88.83876435534339
        ], 
        [
          -9.20479704433115, 
          -3.2931337557262017, 
          91.60463169752278
        ], 
        [
          -9.865710947041853, 
          -16.44828470798729, 
          81.82795987508833
        ], 
        [
          11.031819707607358, 
          -19.66491272830666, 
          84.74344677495397
        ], 
        [
          11.692733610318061, 
          -6.509761776045572, 
          94.52011859738843
        ]
      ], 
      "cuboid_centroid": [
        1.629243980702698, 
        -9.40384140591198, 
        85.33336211521585
      ], 
      "location": [
        1.629243980702698, 
        -9.40384140591198, 
        85.33336211521585
      ], 
      "pose_transform_permuted": [
        [
          0.19936843068983912, 
          0.5780450935148913, 
          -0.7912749829911416, 
          0.0
        ], 
        [
          0.04029078219411003, 
          0.8019672752748812, 
          0.5960076696304917, 
          0.0
        ], 
        [
          -0.9790959512297339, 
          0.15070620176868335, 
          -0.13659706817497663, 
          0.0
        ], 
        [
          1.629243980702698, 
          -9.40384140591198, 
          85.33336211521585, 
          1.0
        ]
      ], 
      "projected_cuboid": [
        [
          432.9464794709951, 
          278.6073022176143
        ], 
        [
          422.03257782382923, 
          187.15371477615673
        ], 
        [
          566.3697585948686, 
          168.63192322731317
        ], 
        [
          561.0412395383769, 
          259.1225272322552
        ], 
        [
          427.56040578487284, 
          254.11400609756745
        ], 
        [
          416.7607421878061, 
          166.08366554351807
        ], 
        [
          551.6026673709985, 
          149.5284958143671
        ], 
        [
          548.1218629767901, 
          236.55590868829768
        ]
      ], 
      "projected_cuboid_centroid": [
        491.86443426953156, 
        214.51406430300446
      ], 
      "quaternion_xyzw": [
        0.7039659023976117, 
        0.6325104740295507, 
        0.2824625800807214, 
        -0.15677180664447063
      ], 
      "visibility": 0.9792854163770333
    }, 
    {
      "bounding_box": {
        "bottom_right": [
          334, 
          445
        ], 
        "top_left": [
          276, 
          383
        ]
      }, 
      "class": "005_tomato_soup_can", 
      "cuboid": [
        [
          -16.755217849827357, 
          7.0751805048868865, 
          92.19006428009774
        ], 
        [
          -11.318348392698365, 
          3.308848259465322, 
          90.76437650900613
        ], 
        [
          -5.681954055085916, 
          9.097495278949927, 
          96.96655659004956
        ], 
        [
          -11.118823512214911, 
          12.86382752437149, 
          98.39224436114117
        ], 
        [
          -18.239577694800527, 
          2.9722769708614614, 
          97.36835599671814
        ], 
        [
          -12.802708237671535, 
          -0.7940552745601028, 
          95.94266822562652
        ], 
        [
          -7.166313900059085, 
          4.994591744924503, 
          102.14484830666994
        ], 
        [
          -12.603183357188078, 
          8.760923990346067, 
          103.57053607776156
        ]
      ], 
      "cuboid_centroid": [
        -11.960765874943222, 
        6.034886124905695, 
        97.16745629338385
      ], 
      "location": [
        -11.960765874943222, 
        6.034886124905695, 
        97.16745629338385
      ], 
      "pose_transform_permuted": [
        [
          0.21921018555870628, 
          0.6059165828751201, 
          -0.7647298543689633, 
          0.0
        ], 
        [
          -0.8035692736538778, 
          0.5566638836296008, 
          0.2107166441473241, 
          0.0
        ], 
        [
          -0.5533743318831806, 
          -0.568322314771141, 
          -0.6089224871410279, 
          0.0
        ], 
        [
          -11.960765874943222, 
          6.034886124905695, 
          97.16745629338385, 
          1.0
        ]
      ], 
      "projected_cuboid": [
        [
          383.86036243499547, 
          314.2164619075376
        ], 
        [
          414.5377145350186, 
          292.72889678328875
        ], 
        [
          450.0856846764682, 
          323.32309244612094
        ], 
        [
          420.82700288651324, 
          343.0128784854922
        ], 
        [
          380.86014606495945, 
          289.5667092849588
        ], 
        [
          409.83717386638017, 
          268.8725974909818
        ], 
        [
          443.86843355018783, 
          299.3643444657711
        ], 
        [
          416.15820226098424, 
          318.39948716243975
        ]
      ], 
      "projected_cuboid_centroid": [
        415.4013513373393, 
        306.4100041644147
      ], 
      "quaternion_xyzw": [
        0.3133840446215674, 
        0.8855254715130986, 
        0.3429712382920931, 
        0.0023978817336753866
      ], 
      "visibility": 0.9221635883905013
    }, 
    {
      "bounding_box": {
        "bottom_right": [
          310, 
          550
        ], 
        "top_left": [
          255, 
          486
        ]
      }, 
      "class": "010_potted_meat_can", 
      "cuboid": [
        [
          12.2785771951604, 
          2.305146162339503, 
          91.09143542752923
        ], 
        [
          2.6065068897220387, 
          0.6813706697331712, 
          88.42021251775775
        ], 
        [
          1.5215627583518667, 
          -4.04605815525544, 
          95.22231762050887
        ], 
        [
          11.193633063790228, 
          -2.4222826626491085, 
          97.89354053028035
        ], 
        [
          10.672816955367582, 
          6.9643303318235, 
          94.07342425140004
        ], 
        [
          1.0007466499292177, 
          5.340554839217168, 
          91.40220134162857
        ], 
        [
          -0.08419748144095421, 
          0.6131260142285568, 
          98.20430644437968
        ], 
        [
          9.58787282399741, 
          2.2369015068348883, 
          100.87552935415115
        ]
      ], 
      "cuboid_centroid": [
        6.097189856859724, 
        1.4591360882840299, 
        94.64787093595446
      ], 
      "location": [
        6.097189856859724, 
        1.4591360882840299, 
        94.64787093595446
      ], 
      "pose_transform_permuted": [
        [
          0.278772985027655, 
          -0.8088721133662092, 
          -0.5176974153107868, 
          0.0
        ], 
        [
          0.9515352867670691, 
          0.15974653101247052, 
          0.262794084120646, 
          0.0
        ], 
        [
          0.12986655858923465, 
          0.5658677665747491, 
          -0.8142041191936421, 
          0.0
        ], 
        [
          6.097189856859724, 
          1.4591360882840299, 
          94.64787093595446, 
          1.0
        ]
      ], 
      "projected_cuboid": [
        [
          554.0844217901115, 
          286.782643127627
        ], 
        [
          497.4496165950845, 
          277.3963259045774
        ], 
        [
          490.19003053749236, 
          250.62544231847602
        ], 
        [
          543.0876747019123, 
          260.09005154352656
        ], 
        [
          542.6074657590902, 
          312.76861040720854
        ], 
        [
          487.4849528964166, 
          304.44795902980053
        ], 
        [
          481.1360060716592, 
          276.61625051827764
        ], 
        [
          532.7096932072169, 
          285.1128291231828
        ]
      ], 
      "projected_cuboid_centroid": [
        516.2396794783988, 
        281.50844347913204
      ], 
      "quaternion_xyzw": [
        0.8710769869323556, 
        0.008575583120518206, 
        0.1554303113481165, 
        0.46582456456454774
      ], 
      "visibility": 0.8314203730272597
    }, 
    {
      "bounding_box": {
        "bottom_right": [
          217, 
          480
        ], 
        "top_left": [
          165, 
          349
        ]
      }, 
      "class": "037_scissors", 
      "cuboid": [
        [
          -20.015336056106033, 
          -9.31524968822848, 
          86.55684448932213
        ], 
        [
          0.03927361618271674, 
          -11.58150916532513, 
          88.3276996661402
        ], 
        [
          -0.32292927375013325, 
          -18.726925614154045, 
          83.2852014802701
        ], 
        [
          -20.377538946038882, 
          -16.46066613705739, 
          81.51434630345203
        ], 
        [
          -19.802747558274973, 
          -8.428179836474408, 
          85.28456195539972
        ], 
        [
          0.2518621140137761, 
          -10.694439313571062, 
          87.0554171322178
        ], 
        [
          -0.11034077591907387, 
          -17.839855762399974, 
          82.0129189463477
        ], 
        [
          -20.164950448207826, 
          -15.573596285303323, 
          80.24206376952962
        ]
      ], 
      "cuboid_centroid": [
        -10.062838416012553, 
        -13.577552725314227, 
        84.28488171783492
      ], 
      "location": [
        -10.062838416012553, 
        -13.577552725314227, 
        84.28488171783492
      ], 
      "pose_transform_permuted": [
        [
          -0.13579590864385008, 
          -0.5666367549444634, 
          0.8127004259797269, 
          0.0
        ], 
        [
          -0.98987204782775, 
          0.1118599138133556, 
          -0.08740733771076317, 
          0.0
        ], 
        [
          0.041380427190539436, 
          0.8163391108272622, 
          0.5760879740012823, 
          0.0
        ], 
        [
          -10.062838416012553, 
          -13.577552725314227, 
          84.28488171783492, 
          1.0
        ]
      ], 
      "projected_cuboid": [
        [
          357.2449442182387, 
          215.89067159822838
        ], 
        [
          481.8361779933801, 
          203.35778783974257
        ], 
        [
          479.5119478562514, 
          153.36804123644447
        ], 
        [
          347.16297603947964, 
          165.5902121070406
        ], 
        [
          356.73033066090665, 
          220.58164914550935
        ], 
        [
          483.1528870802424, 
          207.77017949566297
        ], 
        [
          480.8735575004997, 
          157.2762244689907
        ], 
        [
          346.45616839807025, 
          169.7784340123099
        ]
      ], 
      "projected_cuboid_centroid": [
        417.3929994442684, 
        187.37344642379978
      ], 
      "quaternion_xyzw": [
        -0.05866533092229304, 
        -0.3003465472459255, 
        0.9511718541665776, 
        0.040276722953015986
      ], 
      "visibility": 0.7844554902846814
    }, 
    {
      "bounding_box": {
        "bottom_right": [
          314, 
          485
        ], 
        "top_left": [
          270, 
          437
        ]
      }, 
      "class": "061_foam_brick", 
      "cuboid": [
        [
          0.046934706266243964, 
          2.0069038130340395, 
          93.25622607169815
        ], 
        [
          -7.5971563495660295, 
          3.481216647373822, 
          93.06162710918969
        ], 
        [
          -8.261980581336186, 
          0.5843699608371629, 
          97.22978250037697
        ], 
        [
          -0.6178895255039119, 
          -0.88994287350262, 
          97.42438146288545
        ], 
        [
          0.7828006534600335, 
          6.224664614522853, 
          96.30491949188426
        ], 
        [
          -6.86129040237224, 
          7.698977448862634, 
          96.1103205293758
        ], 
        [
          -7.526114634142396, 
          4.802130762325976, 
          100.2784759205631
        ], 
        [
          0.11797642168987765, 
          3.3278179279861932, 
          100.47307488307156
        ]
      ], 
      "cuboid_centroid": [
        -3.739589963938076, 
        3.4045172876800076, 
        96.76735099613062
      ], 
      "location": [
        -3.739589963938076, 
        3.4045172876800076, 
        96.76735099613062
      ], 
      "pose_transform_permuted": [
        [
          -0.14000493556296584, 
          -0.8024658995083721, 
          -0.5800406004274433, 
          0.0
        ], 
        [
          0.9815973601906641, 
          -0.18932029664651612, 
          0.02498895244692495, 
          0.0
        ], 
        [
          0.12986624074304043, 
          0.5658677455058685, 
          -0.814204184533202, 
          0.0
        ], 
        [
          -3.739589963938076, 
          3.4045172876800076, 
          96.76735099613062, 
          1.0
        ]
      ], 
      "projected_cuboid": [
        [
          481.8677190953854, 
          284.76374599335935
        ], 
        [
          437.69629658224903, 
          293.2367695535471
        ], 
        [
          435.90123642820663, 
          276.4918927186035
        ], 
        [
          478.1864366910029, 
          268.4148215259055
        ], 
        [
          485.9682063977686, 
          307.7576278812328
        ], 
        [
          443.2062378850428, 
          316.0084373701328
        ], 
        [
          441.2367265010101, 
          298.82612015982625
        ], 
        [
          482.2285166358062, 
          290.9508771318845
        ]
      ], 
      "projected_cuboid_centroid": [
        460.8150914758355, 
        292.0500540028366
      ], 
      "quaternion_xyzw": [
        0.8842377658361998, 
        -0.09024341351438164, 
        -0.032518398206865036, 
        0.45708013910510065
      ], 
      "visibility": 0.9454214675560946
    }
  ]
}