{
  "camera_data": {
    "location_worldframe": [
      -11.14635917242049, 
      4.280591870531855, 
      81.88727035286483
    ], 
    "quaternion_xyzw_worldframe": [
      0.9228030794735391, 
      0.007419372290803253, 
      0.0790465299272388, 
      -0.3770032304343054
    ]
  }, 
  "objects": [
    {
      "bounding_box": {
        "bottom_right": [
          344, 
          632
        ], 
        "top_left": [
          212, 
          460
        ]
      }, 
      "class": "003_cracker_box", 
      "cuboid": [
        [
          -1.4585251581508432, 
          11.078435544644725, 
          74.68093917292525
        ], 
        [
          -1.494718179592229, 
          -0.25871278509078577, 
          62.82573468283186
        ], 
        [
          19.37873094028934, 
          -3.5105531188703805, 
          65.87174903435992
        ], 
        [
          19.41492396173073, 
          7.826595210865128, 
          77.72695352445331
        ], 
        [
          -2.9573121302142638, 
          6.005897979220081, 
          79.53638949134799
        ], 
        [
          -2.9935051516556497, 
          -5.331250350515428, 
          67.68118500125459
        ], 
        [
          17.87994396822592, 
          -8.583090684295023, 
          70.72719935278265
        ], 
        [
          17.916136989667308, 
          2.7540576454404864, 
          82.58240384287605
        ]
      ], 
      "cuboid_centroid": [
        8.210709405037539, 
        1.2476724301748503, 
        72.70406926285395
      ], 
      "location": [
        8.210709405037539, 
        1.2476724301748503, 
        72.70406926285395
      ], 
      "pose_transform_permuted": [
        [
          0.2087447086207277, 
          0.706481571963822, 
          -0.6762465786223057, 
          0.0
        ], 
        [
          0.0022064071248323325, 
          0.6911377899333366, 
          0.7227196462624094, 
          0.0
        ], 
        [
          -0.9779676775796053, 
          0.15235597724273764, 
          -0.14271257060246417, 
          0.0
        ], 
        [
          8.210709405037539, 
          1.2476724301748503, 
          72.70406926285395, 
          1.0
        ]
      ], 
      "projected_cuboid": [
        [
          471.09449164020697, 
          352.4010575936943
        ], 
        [
          468.80285893693, 
          271.09035841581266
        ], 
        [
          639.8012213312943, 
          244.86393263844496
        ], 
        [
          615.9217408296915, 
          326.9883274667865
        ], 
        [
          461.60199436055535, 
          313.5582051683712
        ], 
        [
          457.8120340551359, 
          231.27692756067796
        ], 
        [
          617.5446337711558, 
          208.5656047625765
        ], 
        [
          598.2642205079566, 
          291.07232293255146
        ]
      ], 
      "projected_cuboid_centroid": [
        542.328526425046, 
        282.4388199257824
      ], 
      "quaternion_xyzw": [
        0.6765369470675411, 
        0.6167828212293885, 
        0.3442030619763571, 
        -0.20832897737700154
      ], 
      "visibility": 0.9757720241725343
    }, 
    {
      "bounding_box": {
        "bottom_right": [
          389, 
          476
        ], 
        "top_left": [
          330, 
          408
        ]
      }, 
      "class": "005_tomato_soup_can", 
      "cuboid": [
        [
          -10.778375375935237, 
          15.97927463334375, 
          81.5898162393263
        ], 
        [
          -5.20855081584147, 
          12.612687041911308, 
          79.74034711106438
        ], 
        [
          0.09130466434149748, 
          17.38669314149366, 
          87.01116624327187
        ], 
        [
          -5.478519895752269, 
          20.7532807329261, 
          88.8606353715338
        ], 
        [
          -12.315972216554428, 
          11.036955424312534, 
          85.95572089392715
        ], 
        [
          -6.7461476564606615, 
          7.670367832880093, 
          84.10625176566523
        ], 
        [
          -1.4462921762776944, 
          12.444373932462444, 
          91.37707089787274
        ], 
        [
          -7.016116736371461, 
          15.810961523894884, 
          93.22654002613466
        ]
      ], 
      "cuboid_centroid": [
        -6.112333776106466, 
        14.211824282903097, 
        86.48344356859951
      ], 
      "location": [
        -6.112333776106466, 
        14.211824282903097, 
        86.48344356859951
      ], 
      "pose_transform_permuted": [
        [
          0.2270722223375063, 
          0.7298814465852617, 
          -0.644756574834435, 
          0.0
        ], 
        [
          -0.8232200370868473, 
          0.4975816261308735, 
          0.2733515262342711, 
          0.0
        ], 
        [
          -0.5203333567086766, 
          -0.46870610491771814, 
          -0.7138401677610623, 
          0.0
        ], 
        [
          -6.112333776106466, 
          14.211824282903097, 
          86.48344356859951, 
          1.0
        ]
      ], 
      "projected_cuboid": [
        [
          410.5560652785024, 
          377.7365843185234
        ], 
        [
          446.4709213644357, 
          357.6427420808641
        ], 
        [
          482.1613686737162, 
          379.8552042721599
        ], 
        [
          448.4423335097456, 
          397.84260247097126
        ], 
        [
          404.5447608513201, 
          341.76626690647925
        ], 
        [
          438.4631118524542, 
          321.9245082811764
        ], 
        [
          473.0854820777727, 
          345.91775994196803
        ], 
        [
          441.12559902430473, 
          363.7360538284759
        ]
      ], 
      "projected_cuboid_centroid": [
        443.5898733480051, 
        360.926945091813
      ], 
      "quaternion_xyzw": [
        0.2969976394528717, 
        0.8568376037556651, 
        0.4212354850027142, 
        -0.013502939090766664
      ], 
      "visibility": 0.9389619883040936
    }, 
    {
      "bounding_box": {
        "bottom_right": [
          373, 
          598
        ], 
        "top_left": [
          308, 
          524
        ]
      }, 
      "class": "010_potted_meat_can", 
      "cuboid": [
        [
          18.385349744417816, 
          12.029268503953599, 
          80.69770512049132
        ], 
        [
          8.842108606199083, 
          10.688526391169786, 
          77.46506195394215
        ], 
        [
          7.670045222615515, 
          4.865811792789809, 
          83.34014348725522
        ], 
        [
          17.21328636083425, 
          6.206553905573623, 
          86.57278665380439
        ], 
        [
          16.574292161648202, 
          16.08934709371257, 
          84.36029337136442
        ], 
        [
          7.031051023429466, 
          14.748604980928755, 
          81.12765020481525
        ], 
        [
          5.858987639845899, 
          8.92589038254878, 
          87.00273173812832
        ], 
        [
          15.402228778064634, 
          10.266632495332594, 
          90.23537490467749
        ]
      ], 
      "cuboid_centroid": [
        12.122168692131858, 
        10.477579443251189, 
        83.85021842930982
      ], 
      "location": [
        12.122168692131858, 
        10.477579443251189, 
        83.85021842930982
      ], 
      "pose_transform_permuted": [
        [
          0.31441426677172907, 
          -0.70486253169403, 
          -0.6358549890081026, 
          0.0
        ], 
        [
          0.9388611131203615, 
          0.13190179459831922, 
          0.3180264354332113, 
          0.0
        ], 
        [
          0.14029463239017131, 
          0.6969722077614574, 
          -0.7032404693493021, 
          0.0
        ], 
        [
          12.122168692131858, 
          10.477579443251189, 
          83.85021842930982, 
          1.0
        ]
      ], 
      "projected_cuboid": [
        [
          604.1157892322541, 
          352.7862518184433
        ], 
        [
          542.9791648627839, 
          346.8732659316653
        ], 
        [
          531.0891165607089, 
          304.424385944425
        ], 
        [
          588.5208079847819, 
          311.52114806839506
        ], 
        [
          587.2517271214302, 
          375.0022094495403
        ], 
        [
          528.2032044847623, 
          370.24139666311737
        ], 
        [
          517.8114806670235, 
          328.00151121446606
        ], 
        [
          573.3877270455719, 
          333.96558063811165
        ]
      ], 
      "projected_cuboid_centroid": [
        559.3412451308833, 
        339.9279660658258
      ], 
      "quaternion_xyzw": [
        0.9043904452571799, 
        -0.0023200261114726395, 
        0.174825128218016, 
        0.3892408993338359
      ], 
      "visibility": 0.6421800947867299
    }, 
    {
      "bounding_box": {
        "bottom_right": [
          282, 
          531
        ], 
        "top_left": [
          229, 
          375
        ]
      }, 
      "class": "037_scissors", 
      "cuboid": [
        [
          -13.456441551626295, 
          0.7069201840235777, 
          73.1879295032697
        ], 
        [
          6.585674935702668, 
          -1.4324537863811517, 
          75.23631298927579
        ], 
        [
          6.554706381338682, 
          -7.635435871892684, 
          69.06079606268273
        ], 
        [
          -13.48741010599028, 
          -5.496061901487955, 
          67.01241257667664
        ], 
        [
          -13.22763854366972, 
          1.7990027720308357, 
          72.08984278449634
        ], 
        [
          6.8144779436592415, 
          -0.34037119837389307, 
          74.13822627050243
        ], 
        [
          6.783509389295256, 
          -6.543353283885425, 
          67.96270934390937
        ], 
        [
          -13.258607098033707, 
          -4.403979313480696, 
          65.91432585790328
        ]
      ], 
      "cuboid_centroid": [
        -3.3364660811655193, 
        -2.918216549930924, 
        70.57531942358953
      ], 
      "location": [
        -3.3364660811655193, 
        -2.918216549930924, 
        70.57531942358953
      ], 
      "pose_transform_permuted": [
        [
          -0.14615330877684868, 
          -0.6975934674999458, 
          0.7014287474013392, 
          0.0
        ], 
        [
          -0.9892553988486813, 
          0.10559699379640074, 
          -0.10110581004382059, 
          0.0
        ], 
        [
          0.0035380502052117183, 
          0.7086692450226374, 
          0.7055314456276269, 
          0.0
        ], 
        [
          -3.3364660811655193, 
          -2.918216549930924, 
          70.57531942358953, 
          1.0
        ]
      ], 
      "projected_cuboid": [
        [
          382.7229771129326, 
          278.43785706420675
        ], 
        [
          528.6692723185167, 
          263.13245644937484
        ], 
        [
          532.6373906879508, 
          214.3221514019385
        ], 
        [
          373.3627350498095, 
          229.54602290849277
        ], 
        [
          382.92369467651025, 
          286.595533693513
        ], 
        [
          531.0261048840047, 
          270.83804906051205
        ], 
        [
          535.272493464616, 
          221.93928476578557
        ], 
        [
          373.42632274571366, 
          237.65348885000355
        ]
      ], 
      "projected_cuboid_centroid": [
        456.17413911290254, 
        251.23432416613238
      ], 
      "quaternion_xyzw": [
        -0.06705391873504803, 
        -0.3805118466357354, 
        0.9218667733561963, 
        0.029596208247177014
      ], 
      "visibility": 0.815143246930423
    }, 
    {
      "bounding_box": {
        "bottom_right": [
          371, 
          522
        ], 
        "top_left": [
          322, 
          469
        ]
      }, 
      "class": "061_foam_brick", 
      "cuboid": [
        [
          6.105042586172122, 
          11.132997838886917, 
          82.36469536988548
        ], 
        [
          -1.5640597726138465, 
          12.469519234595397, 
          82.1593305022954
        ], 
        [
          -2.2822735348328216, 
          8.901509656765626, 
          85.75942883342542
        ], 
        [
          5.386828823953146, 
          7.564988261057144, 
          85.96479370101551
        ], 
        [
          6.642806444542123, 
          14.792526335421027, 
          86.09888840945735
        ], 
        [
          -1.0262959142438441, 
          16.12904773112951, 
          85.89352354186725
        ], 
        [
          -1.7445096764628192, 
          12.561038153299735, 
          89.49362187299728
        ], 
        [
          5.924592682323149, 
          11.224516757591255, 
          89.69898674058736
        ]
      ], 
      "cuboid_centroid": [
        2.180266454854651, 
        11.847017996093326, 
        85.92915862144139
      ], 
      "location": [
        2.180266454854651, 
        11.847017996093326, 
        85.92915862144139
      ], 
      "pose_transform_permuted": [
        [
          -0.1023142796949627, 
          -0.6962573187439098, 
          -0.7104629014002366, 
          0.0
        ], 
        [
          0.9848091258244007, 
          -0.1716261442051788, 
          0.02637142996203956, 
          0.0
        ], 
        [
          0.1402953094849591, 
          0.6969721749975422, 
          -0.7032403667422076, 
          0.0
        ], 
        [
          2.180266454854651, 
          11.847017996093326, 
          85.92915862144139, 
          1.0
        ]
      ], 
      "projected_cuboid": [
        [
          521.4572569678501, 
          345.3738047432001
        ], 
        [
          471.3597039521538, 
          354.2297340844414
        ], 
        [
          467.28581957606343, 
          328.6431265725413
        ], 
        [
          515.2950818328196, 
          320.2191974154093
        ], 
        [
          523.087294470893, 
          364.9154094453363
        ], 
        [
          475.17161359734274, 
          373.43305262197896
        ], 
        [
          471.11437198414416, 
          348.14156666293684
        ], 
        [
          517.116230259479, 
          340.02368648199257
        ]
      ], 
      "projected_cuboid_centroid": [
        495.2416673763364, 
        346.8150910460872
      ], 
      "quaternion_xyzw": [
        0.9209023023945292, 
        -0.08467821528925493, 
        -0.020616424113463674, 
        0.3799256668832147
      ], 
      "visibility": 0.6090438059349976
    }
  ]
}