{
  "camera_data": {
    "location_worldframe": [
      -11.964144552002102, 
      0.30962517400874995, 
      92.12852985264199
    ], 
    "quaternion_xyzw_worldframe": [
      0.9462422647219193, 
      -0.01880134746069014, 
      0.13817337738283075, 
      -0.2918581802530123
    ]
  }, 
  "objects": [
    {
      "bounding_box": {
        "bottom_right": [
          297, 
          599
        ], 
        "top_left": [
          170, 
          458
        ]
      }, 
      "class": "003_cracker_box", 
      "cuboid": [
        [
          -1.0391515350035214, 
          4.7641923617099575, 
          84.86229850510583
        ], 
        [
          -1.445302920050548, 
          -8.397228660050628, 
          75.08016410470326
        ], 
        [
          18.625613389709894, 
          -13.11697641513635, 
          80.5970333945588
        ], 
        [
          19.031764774756923, 
          0.04444460662423738, 
          90.37916779496136
        ], 
        [
          -3.47502857961004, 
          0.7837487094321117, 
          90.31894297671498
        ], 
        [
          -3.8811799646570666, 
          -12.377672312328475, 
          80.53680857631241
        ], 
        [
          16.189736345103377, 
          -17.097420067414195, 
          86.05367786616796
        ], 
        [
          16.5958877301504, 
          -3.9359990456536096, 
          95.83581226657051
        ]
      ], 
      "cuboid_centroid": [
        7.575292405049927, 
        -6.166613852852119, 
        85.45798818563689
      ], 
      "location": [
        7.575292405049927, 
        -6.166613852852119, 
        85.45798818563689
      ], 
      "pose_transform_permuted": [
        [
          0.33925864942118755, 
          0.5543793520116114, 
          -0.7599783568339942, 
          0.0
        ], 
        [
          0.024759892212358026, 
          0.8023495126639119, 
          0.5963406805389149, 
          0.0
        ], 
        [
          -0.9403672242962025, 
          0.22113071607347884, 
          -0.25847763902954257, 
          0.0
        ], 
        [
          7.575292405049927, 
          -6.166613852852119, 
          85.45798818563689, 
          1.0
        ]
      ], 
      "projected_cuboid": [
        [
          475.01206829739795, 
          303.22724344490365
        ], 
        [
          471.2450418526963, 
          213.6382068653016
        ], 
        [
          605.8719247658877, 
          186.49003816561782
        ], 
        [
          594.8377477064172, 
          273.54880172713405
        ], 
        [
          460.90655536476623, 
          277.91445457621893
        ], 
        [
          455.6814788514619, 
          191.32084856645128
        ], 
        [
          582.7694754590041, 
          167.32489671566194
        ], 
        [
          574.7216647544476, 
          251.38297895956188
        ]
      ], 
      "projected_cuboid_centroid": [
        529.2663363913015, 
        234.80241263043325
      ], 
      "quaternion_xyzw": [
        0.7081435174312886, 
        0.6152413649430925, 
        0.3303000405037542, 
        -0.10446389245199164
      ], 
      "visibility": 0.9570782067600057
    }, 
    {
      "bounding_box": {
        "bottom_right": [
          358, 
          476
        ], 
        "top_left": [
          301, 
          414
        ]
      }, 
      "class": "005_tomato_soup_can", 
      "cuboid": [
        [
          -10.248564441203465, 
          11.685054742727235, 
          89.95142425459532
        ], 
        [
          -4.970703941470694, 
          7.515355233446695, 
          89.21985864231526
        ], 
        [
          0.2586556853527343, 
          12.930771129396454, 
          96.08072460589402
        ], 
        [
          -5.0192048143800365, 
          17.100470638676992, 
          96.81229021817408
        ], 
        [
          -12.67024734415165, 
          7.751143089917262, 
          94.9023471672209
        ], 
        [
          -7.39238684441888, 
          3.581443580636723, 
          94.17078155494083
        ], 
        [
          -2.163027217595452, 
          8.99685947658648, 
          101.03164751851959
        ], 
        [
          -7.4408877173282235, 
          13.166558985867018, 
          101.76321313079964
        ]
      ], 
      "cuboid_centroid": [
        -6.205795829399459, 
        10.340957109656857, 
        95.49153588655746
      ], 
      "location": [
        -6.205795829399459, 
        10.340957109656857, 
        95.49153588655746
      ], 
      "pose_transform_permuted": [
        [
          0.35763400654995103, 
          0.5809598705491924, 
          -0.7311520410895506, 
          0.0
        ], 
        [
          -0.7800677506898123, 
          0.6162815628456974, 
          0.10812539317441575, 
          0.0
        ], 
        [
          -0.5134121596779709, 
          -0.5316789375954424, 
          -0.6735914649193406, 
          0.0
        ], 
        [
          -6.205795829399459, 
          10.340957109656857, 
          95.49153588655746, 
          1.0
        ]
      ], 
      "projected_cuboid": [
        [
          420.32723111936696, 
          342.56691432194594
        ], 
        [
          451.6366346978958, 
          318.21023749718324
        ], 
        [
          483.04476552539535, 
          345.0619486800776
        ], 
        [
          453.716851202623, 
          367.48961749227993
        ], 
        [
          409.8011302071279, 
          316.8453805728691
        ], 
        [
          439.3827051074862, 
          293.5694109281973
        ], 
        [
          470.0838627452573, 
          320.77860075337946
        ], 
        [
          442.27596718977145, 
          342.28970262321315
        ]
      ], 
      "projected_cuboid_centroid": [
        446.6489067603776, 
        331.0407136171132
      ], 
      "quaternion_xyzw": [
        0.3238075497768384, 
        0.8721953235048335, 
        0.35959586736467425, 
        0.07151741320192728
      ], 
      "visibility": 0.976693051890941
    }, 
    {
      "bounding_box": {
        "bottom_right": [
          325, 
          583
        ], 
        "top_left": [
          273, 
          514
        ]
      }, 
      "class": "010_potted_meat_can", 
      "cuboid": [
        [
          18.25934259111407, 
          4.7794424693830315, 
          92.50777865212085
        ], 
        [
          8.904316588060269, 
          3.8476119069182135, 
          88.6430402440959
        ], 
        [
          6.628059678228265, 
          -0.7233671024471949, 
          95.25508427516401
        ], 
        [
          15.983085681282066, 
          0.208463460017623, 
          99.11982268318897
        ], 
        [
          16.643147629609953, 
          9.571874012116407, 
          95.26444950174783
        ], 
        [
          7.288121626556153, 
          8.64004344965159, 
          91.39971109372287
        ], 
        [
          5.01186471672415, 
          4.069064440286181, 
          98.011755124791
        ], 
        [
          14.36689071977795, 
          5.000895002750999, 
          101.87649353281594
        ]
      ], 
      "cuboid_centroid": [
        11.635603653919109, 
        4.424253454834607, 
        95.25976688845591
      ], 
      "location": [
        11.635603653919109, 
        4.424253454834607, 
        95.25976688845591
      ], 
      "pose_transform_permuted": [
        [
          0.28058453724280125, 
          -0.83200493672757, 
          -0.478580389802394, 
          0.0
        ], 
        [
          0.9203445663049015, 
          0.0916732026828556, 
          0.38021176989294636, 
          0.0
        ], 
        [
          0.2724653212986403, 
          0.5471409044631982, 
          -0.7914540285783012, 
          0.0
        ], 
        [
          11.635603653919109, 
          4.424253454834607, 
          95.25976688845591, 
          1.0
        ]
      ], 
      "projected_cuboid": [
        [
          587.7418450217989, 
          300.84065616156505
        ], 
        [
          535.6162120842827, 
          296.4356399611435
        ], 
        [
          519.0158801923742, 
          269.23650910904007
        ], 
        [
          568.311594428582, 
          274.40818693714783
        ], 
        [
          575.5469736736532, 
          326.8728221095452
        ], 
        [
          524.4778345040231, 
          323.70140599369563
        ], 
        [
          509.0958166180607, 
          295.4278795830311
        ], 
        [
          557.4339634669557, 
          299.46603381862485
        ]
      ], 
      "projected_cuboid_centroid": [
        547.2828163614072, 
        298.05608220191175
      ], 
      "quaternion_xyzw": [
        0.8582053746875647, 
        -0.05266574993241077, 
        0.1924936403993959, 
        0.47292262819284425
      ], 
      "visibility": 0.767889575009081
    }, 
    {
      "bounding_box": {
        "bottom_right": [
          245, 
          516
        ], 
        "top_left": [
          192, 
          387
        ]
      }, 
      "class": "037_scissors", 
      "cuboid": [
        [
          -13.985340684037705, 
          -4.472614407129947, 
          83.95351168420392
        ], 
        [
          5.465544466317709, 
          -8.193224516788252, 
          88.22894809026151
        ], 
        [
          5.208207611129708, 
          -15.339308438763915, 
          83.18095666413798
        ], 
        [
          -14.242677539225706, 
          -11.618698329105609, 
          78.90552025808039
        ], 
        [
          -13.549818164248844, 
          -3.6155266476435766, 
          82.71799141131461
        ], 
        [
          5.901066986106571, 
          -7.336136757301884, 
          86.99342781737222
        ], 
        [
          5.64373013091857, 
          -14.482220679277546, 
          81.94543639124868
        ], 
        [
          -13.807155019436845, 
          -10.76161056961924, 
          77.66999998519108
        ]
      ], 
      "cuboid_centroid": [
        -4.170805276559568, 
        -9.477417543203746, 
        82.9494740377263
      ], 
      "location": [
        -4.170805276559568, 
        -9.477417543203746, 
        82.9494740377263
      ], 
      "pose_transform_permuted": [
        [
          -0.27820026442158163, 
          -0.5474849875437098, 
          0.7892176661327699, 
          0.0
        ], 
        [
          -0.960072912436162, 
          0.18364495787246, 
          -0.2110305341155289, 
          0.0
        ], 
        [
          0.029399845488598034, 
          0.8164153673252593, 
          0.5767155576972296, 
          0.0
        ], 
        [
          -4.170805276559568, 
          -9.477417543203746, 
          82.9494740377263, 
          1.0
        ]
      ], 
      "projected_cuboid": [
        [
          392.0140028821779, 
          244.87399390265546
        ], 
        [
          514.9100940930288, 
          223.7607623862095
        ], 
        [
          515.2680770316643, 
          174.93766209958108
        ], 
        [
          384.5290886518477, 
          194.75617243029595
        ], 
        [
          393.5073496567637, 
          249.97563388709716
        ], 
        [
          518.0754741077379, 
          228.31181407810328
        ], 
        [
          518.6338477828913, 
          179.032943929068
        ], 
        [
          386.00042742387905, 
          199.39214292113124
        ]
      ], 
      "projected_cuboid_centroid": [
        454.5576088938453, 
        212.35194578159226
      ], 
      "quaternion_xyzw": [
        -0.12954212922569294, 
        -0.2976740890856841, 
        0.9441538468245246, 
        0.05641157002049832
      ], 
      "visibility": 0.8053691275167785
    }, 
    {
      "bounding_box": {
        "bottom_right": [
          336, 
          517
        ], 
        "top_left": [
          289, 
          467
        ]
      }, 
      "class": "061_foam_brick", 
      "cuboid": [
        [
          5.864758174092794, 
          5.403155179925237, 
          93.11930587087936
        ], 
        [
          -1.5640530059288449, 
          7.434605576515916, 
          91.96623653326762
        ], 
        [
          -2.9588831480250266, 
          4.633626871348582, 
          96.01792735531093
        ], 
        [
          4.469928031996613, 
          2.6021764747579024, 
          97.17099669292267
        ], 
        [
          6.524109167533659, 
          9.583532109748939, 
          96.2362340755622
        ], 
        [
          -0.9047020124879797, 
          11.614982506339619, 
          95.08316473795045
        ], 
        [
          -2.2995321545841607, 
          8.814003801172285, 
          99.13485555999377
        ], 
        [
          5.129279025437477, 
          6.782553404581606, 
          100.28792489760549
        ]
      ], 
      "cuboid_centroid": [
        1.7826130097543165, 
        7.108579490548761, 
        96.12708071543656
      ], 
      "location": [
        1.7826130097543165, 
        7.108579490548761, 
        96.12708071543656
      ], 
      "pose_transform_permuted": [
        [
          -0.12544729607627234, 
          -0.7953532908008658, 
          -0.5930228652584861, 
          0.0
        ], 
        [
          0.9539527185642851, 
          -0.26086376157571545, 
          0.14806859437563974, 
          0.0
        ], 
        [
          0.2724650191326609, 
          0.5471409696858764, 
          -0.7914540875124952, 
          0.0
        ], 
        [
          1.7826130097543165, 
          7.108579490548761, 
          96.12708071543656, 
          1.0
        ]
      ], 
      "projected_cuboid": [
        [
          515.4660492311057, 
          304.2318767746864
        ], 
        [
          472.45141457088357, 
          316.40041212235485
        ], 
        [
          465.02536282705256, 
          299.0234396170396
        ], 
        [
          506.33455807077115, 
          287.568491651637
        ], 
        [
          518.0535160246255, 
          326.3963193353638
        ], 
        [
          476.4803253569967, 
          338.43474424795204
        ], 
        [
          469.1230947077879, 
          320.7035721492549
        ], 
        [
          509.1012945710595, 
          309.3553723726219
        ]
      ], 
      "projected_cuboid_centroid": [
        491.5695464521821, 
        312.7254205795793
      ], 
      "quaternion_xyzw": [
        0.8795050530708519, 
        -0.15159912352016133, 
        0.006430121754384356, 
        0.4510512397776781
      ], 
      "visibility": 0.8975664968873798
    }
  ]
}