{
  "camera_data": {
    "location_worldframe": [
      -16.566162154488463, 
      -0.10206841806633948, 
      90.49172499262363
    ], 
    "quaternion_xyzw_worldframe": [
      0.8804685557098776, 
      0.034378769882122316, 
      -0.0007696298256159009, 
      -0.4728584174543433
    ]
  }, 
  "objects": [
    {
      "bounding_box": {
        "bottom_right": [
          325, 
          571
        ], 
        "top_left": [
          230, 
          414
        ]
      }, 
      "class": "003_cracker_box", 
      "cuboid": [
        [
          -8.750609019349547, 
          9.225535862912276, 
          83.86530926163498
        ], 
        [
          -9.095557065183765, 
          0.5061815798569052, 
          69.97531331421312
        ], 
        [
          12.229534764342876, 
          -0.38440107904262244, 
          70.00477746733522
        ], 
        [
          12.574482810177095, 
          8.334953204012749, 
          83.89477341475707
        ], 
        [
          -9.009560904365523, 
          3.1512719702132235, 
          87.68481965146793
        ], 
        [
          -9.354508950199742, 
          -5.568082312842148, 
          73.79482370404608
        ], 
        [
          11.970582879326901, 
          -6.458664971741676, 
          73.82428785716817
        ], 
        [
          12.31553092516112, 
          2.260689311313696, 
          87.71428380459002
        ]
      ], 
      "cuboid_centroid": [
        1.609986929988677, 
        1.3834354455853006, 
        78.84479855940157
      ], 
      "location": [
        1.609986929988677, 
        1.3834354455853006, 
        78.84479855940157
      ], 
      "pose_transform_permuted": [
        [
          0.036065723009340855, 
          0.8459977768696653, 
          -0.531965248071148, 
          0.0
        ], 
        [
          0.021028800462492225, 
          0.531551239656159, 
          0.8467650613783673, 
          0.0
        ], 
        [
          -0.9991281465232188, 
          0.041725785212328226, 
          -0.0013804613332069338, 
          0.0
        ], 
        [
          1.609986929988677, 
          1.3834354455853006, 
          78.84479855940157, 
          1.0
        ]
      ], 
      "projected_cuboid": [
        [
          425.48611326522945, 
          331.9539295913485
        ], 
        [
          411.6972275758475, 
          277.1444206602309
        ], 
        [
          575.5421395646393, 
          270.35804323204184
        ], 
        [
          562.1992821343842, 
          326.27188602617025
        ], 
        [
          426.34214938430614, 
          292.4533112073285
        ], 
        [
          413.4280829185399, 
          233.04567569471124
        ], 
        [
          568.7953196054015, 
          226.62801122076175
        ], 
        [
          557.1018683858729, 
          287.0319603789467
        ]
      ], 
      "projected_cuboid_centroid": [
        492.578047639749, 
        282.6443298543877
      ], 
      "quaternion_xyzw": [
        0.6314110851390653, 
        0.6060550021236374, 
        0.3495467553413592, 
        -0.33441656925869273
      ], 
      "visibility": 0.9846594245449207
    }, 
    {
      "bounding_box": {
        "bottom_right": [
          349, 
          445
        ], 
        "top_left": [
          298, 
          381
        ]
      }, 
      "class": "005_tomato_soup_can", 
      "cuboid": [
        [
          -17.556140148685362, 
          11.370282265390811, 
          92.61027237158055
        ], 
        [
          -11.940544185073817, 
          9.221382147437412, 
          89.50790167259338
        ], 
        [
          -6.28760789891413, 
          13.175016088464758, 
          97.00173268269263
        ], 
        [
          -11.903203862525674, 
          15.323916206418156, 
          100.1041033816798
        ], 
        [
          -17.9332424898601, 
          5.51212176590929, 
          95.98541622746306
        ], 
        [
          -12.317646526248556, 
          3.363221647955892, 
          92.88304552847589
        ], 
        [
          -6.664710240088867, 
          7.316855588983237, 
          100.37687653857515
        ], 
        [
          -12.28030620370041, 
          9.465755706936635, 
          103.4792472375623
        ]
      ], 
      "cuboid_centroid": [
        -12.110425194387114, 
        9.343568927187023, 
        96.49357445507785
      ], 
      "location": [
        -12.110425194387114, 
        9.343568927187023, 
        96.49357445507785
      ], 
      "pose_transform_permuted": [
        [
          0.05569045434871024, 
          0.8651328412533555, 
          -0.4984410710387448, 
          0.0
        ], 
        [
          -0.8299850502564519, 
          0.3176074247422519, 
          0.4585303709879098, 
          0.0
        ], 
        [
          -0.5549984002462279, 
          -0.38816296546657747, 
          -0.735735202341386, 
          0.0
        ], 
        [
          -12.110425194387114, 
          9.343568927187023, 
          96.49357445507785, 
          1.0
        ]
      ], 
      "projected_cuboid": [
        [
          379.65308144485243, 
          338.76517272711345
        ], 
        [
          409.8582069950053, 
          328.2307785594601
        ], 
        [
          446.7394516955807, 
          345.7233274515562
        ], 
        [
          417.65249023490236, 
          354.9269935439408
        ], 
        [
          381.1250087337466, 
          303.9132998180135
        ], 
        [
          410.2817171129229, 
          292.59761846113497
        ], 
        [
          445.89122250355746, 
          312.16224827852113
        ], 
        [
          417.77840999875843, 
          322.07190338357987
        ]
      ], 
      "projected_cuboid_centroid": [
        414.10500088478193, 
        324.9284044343991
      ], 
      "quaternion_xyzw": [
        0.26471352803382364, 
        0.8241039204435588, 
        0.48563900858920306, 
        -0.12220543630661845
      ], 
      "visibility": 0.7341659232827832
    }, 
    {
      "bounding_box": {
        "bottom_right": [
          355, 
          547
        ], 
        "top_left": [
          294, 
          485
        ]
      }, 
      "class": "010_potted_meat_can", 
      "cuboid": [
        [
          11.485388077646327, 
          11.700470167634993, 
          87.77227625421268
        ], 
        [
          1.8074705810389557, 
          9.71779141784775, 
          85.37896879769515
        ], 
        [
          2.090414687073387, 
          2.7618427888487362, 
          89.99730639860609
        ], 
        [
          11.768332183680759, 
          4.744521538635978, 
          92.39061385512363
        ], 
        [
          9.735060842880323, 
          14.686284619450305, 
          92.37662062112612
        ], 
        [
          0.057143346272951756, 
          12.703605869663063, 
          89.98331316460857
        ], 
        [
          0.34008745230738324, 
          5.747657240664049, 
          94.60165076551952
        ], 
        [
          10.018004948914754, 
          7.730335990451291, 
          96.99495822203706
        ]
      ], 
      "cuboid_centroid": [
        5.912737764976855, 
        8.72406370414952, 
        91.1869635098661
      ], 
      "location": [
        5.912737764976855, 
        8.72406370414952, 
        91.1869635098661
      ], 
      "pose_transform_permuted": [
        [
          0.30387098641443255, 
          -0.5183615753113056, 
          -0.7993514794122276, 
          0.0
        ], 
        [
          0.9521105316267614, 
          0.19505532250783955, 
          0.23545284774023065, 
          0.0
        ], 
        [
          -0.03386808247664705, 
          0.8326190114792142, 
          -0.5528096731359999, 
          0.0
        ], 
        [
          5.912737764976855, 
          8.72406370414952, 
          91.1869635098661, 
          1.0
        ]
      ], 
      "projected_cuboid": [
        [
          551.9658541388139, 
          344.3806253061902
        ], 
        [
          492.9815195841608, 
          333.98870552097344
        ], 
        [
          494.08799629533183, 
          289.65308164674497
        ], 
        [
          550.0952133958992, 
          300.6740197152363
        ], 
        [
          538.2690430109683, 
          358.0751256014806
        ], 
        [
          481.93857282229186, 
          348.579184461182
        ], 
        [
          483.5302995906397, 
          305.6891243950629
        ], 
        [
          537.1393642038992, 
          315.79121702632716
        ]
      ], 
      "projected_cuboid_centroid": [
        516.4667203694864, 
        324.31043261690183
      ], 
      "quaternion_xyzw": [
        0.946583464692655, 
        0.06046043838797022, 
        0.14243958781008698, 
        0.28290459542178426
      ], 
      "visibility": 0.5055452865064695
    }, 
    {
      "bounding_box": {
        "bottom_right": [
          265, 
          484
        ], 
        "top_left": [
          225, 
          340
        ]
      }, 
      "class": "037_scissors", 
      "cuboid": [
        [
          -19.600330545627695, 
          -2.2032010681292973, 
          81.53822659382438
        ], 
        [
          0.6482485364025875, 
          -1.9336548377819058, 
          80.92047326836006
        ], 
        [
          0.4899772457656937, 
          -6.766158886123219, 
          73.62411733292909
        ], 
        [
          -19.75860183626459, 
          -7.035705116470611, 
          74.24187065839341
        ], 
        [
          -19.644045669864532, 
          -0.8980849893978349, 
          80.67477384678223
        ], 
        [
          0.6045334121657503, 
          -0.6285387590504433, 
          80.05702052131791
        ], 
        [
          0.44626212152885647, 
          -5.461042807391757, 
          72.76066458588694
        ], 
        [
          -19.802316960501425, 
          -5.730589037739148, 
          73.37841791135126
        ]
      ], 
      "cuboid_centroid": [
        -9.57703421204942, 
        -3.832121937760527, 
        77.14944558985566
      ], 
      "location": [
        -9.57703421204942, 
        -3.832121937760527, 
        77.14944558985566
      ], 
      "pose_transform_permuted": [
        [
          0.027924064931950043, 
          -0.8336736258321901, 
          0.5515507732163157, 
          0.0
        ], 
        [
          -0.9994461507384688, 
          -0.01330448626915468, 
          0.03049158070499487, 
          0.0
        ], 
        [
          0.018081947440471414, 
          0.5520968702305162, 
          0.8335834250199836, 
          0.0
        ], 
        [
          -9.57703421204942, 
          -3.832121937760527, 
          77.14944558985566, 
          1.0
        ]
      ], 
      "projected_cuboid": [
        [
          352.32822251202606, 
          258.87599308265857
        ], 
        [
          485.90506093736343, 
          260.5424702513478
        ], 
        [
          485.1759525233135, 
          224.2737257734575
        ], 
        [
          338.4774922948855, 
          222.74525599655058
        ], 
        [
          350.65327562207085, 
          267.3495357518713
        ], 
        [
          485.6578786997023, 
          269.0993720489431
        ], 
        [
          484.89533078556326, 
          233.2583017044006
        ], 
        [
          336.47301445530144, 
          231.63620749019432
        ]
      ], 
      "projected_cuboid_centroid": [
        414.84112086446805, 
        246.7958009595198
      ], 
      "quaternion_xyzw": [
        0.01658065695333631, 
        -0.47323310239555966, 
        0.8807800227902113, 
        0.0013560313153397478
      ], 
      "visibility": 0.8078641644325291
    }, 
    {
      "bounding_box": {
        "bottom_right": [
          339, 
          483
        ], 
        "top_left": [
          300, 
          436
        ]
      }, 
      "class": "061_foam_brick", 
      "cuboid": [
        [
          -0.2840320329089284, 
          8.824680405252092, 
          90.52908277027927
        ], 
        [
          -8.013085338293212, 
          9.11242581841839, 
          91.43601867721722
        ], 
        [
          -7.839696344034156, 
          4.84999917910596, 
          94.26601633634709
        ], 
        [
          -0.11064303864987066, 
          4.562253765939663, 
          93.35908042940915
        ], 
        [
          0.33299523028025646, 
          11.729209925827691, 
          94.86596207015462
        ], 
        [
          -7.396058075104028, 
          12.016955338993988, 
          95.77289797709257
        ], 
        [
          -7.2226690808449705, 
          7.754528699681558, 
          98.60289563622243
        ], 
        [
          0.5063842245393142, 
          7.466783286515261, 
          97.69595972928448
        ]
      ], 
      "cuboid_centroid": [
        -3.753350556876949, 
        8.289604552466825, 
        94.56598920325085
      ], 
      "location": [
        -3.753350556876949, 
        8.289604552466825, 
        94.56598920325085
      ], 
      "pose_transform_permuted": [
        [
          -0.11739483604701328, 
          -0.5526121570371136, 
          -0.8251292361589688, 
          0.0
        ], 
        [
          0.9925075808129686, 
          -0.03695012734777747, 
          -0.11646196854669566, 
          0.0
        ], 
        [
          -0.033869669296929694, 
          0.8326190557414427, 
          -0.5528095092506505, 
          0.0
        ], 
        [
          -3.753350556876949, 
          8.289604552466825, 
          94.56598920325085, 
          1.0
        ]
      ], 
      "projected_cuboid": [
        [
          479.90985211258106, 
          325.2739737460305
        ], 
        [
          434.4695910194048, 
          326.4366555112987
        ], 
        [
          436.87356462186, 
          300.7259020397619
        ], 
        [
          480.9597465835466, 
          299.34869782256266
        ], 
        [
          483.48470983021446, 
          339.2260721627607
        ], 
        [
          440.06826512960436, 
          340.2039827674482
        ], 
        [
          442.2058167592511, 
          315.22893720935
        ], 
        [
          484.38444348990936, 
          314.04750456621747
        ]
      ], 
      "projected_cuboid_centroid": [
        460.2530648557042, 
        320.037050314925
      ], 
      "quaternion_xyzw": [
        0.955282140615193, 
        -0.0008061644617536743, 
        -0.061200977871078845, 
        0.2892919325320693
      ], 
      "visibility": 0.358294930875576
    }
  ]
}