{
  "camera_data": {
    "location_worldframe": [
      -17.56099331193146, 
      -4.8201469049236305, 
      94.64491203901943
    ], 
    "quaternion_xyzw_worldframe": [
      0.9530307250304905, 
      -0.00046807988825362646, 
      0.058422468794105765, 
      -0.29718589873858875
    ]
  }, 
  "objects": [
    {
      "bounding_box": {
        "bottom_right": [
          270, 
          558
        ], 
        "top_left": [
          150, 
          416
        ]
      }, 
      "class": "003_cracker_box", 
      "cuboid": [
        [
          -8.179539488539572, 
          0.5121936331333024, 
          85.95292457643468
        ], 
        [
          -8.880662841506362, 
          -12.655592977981112, 
          76.19608402760758
        ], 
        [
          12.089151869983821, 
          -15.683349467227552, 
          78.77544611036981
        ], 
        [
          12.790275222950612, 
          -2.515562856113139, 
          88.53228665919694
        ], 
        [
          -9.481893653301789, 
          -3.646563284049954, 
          91.65915030525488
        ], 
        [
          -10.18301700626858, 
          -16.814349895164366, 
          81.90230975642777
        ], 
        [
          10.786797705221602, 
          -19.84210638441081, 
          84.48167183919001
        ], 
        [
          11.487921058188395, 
          -6.6743197732963955, 
          94.23851238801713
        ]
      ], 
      "cuboid_centroid": [
        1.3036291083410159, 
        -9.664956375638752, 
        85.21729820781235
      ], 
      "location": [
        1.3036291083410159, 
        -9.664956375638752, 
        85.21729820781235
      ], 
      "pose_transform_permuted": [
        [
          0.18138637825894888, 
          0.5792140691660084, 
          -0.7947389784465438, 
          0.0
        ], 
        [
          0.04274203975696089, 
          0.802737573155816, 
          0.5947987110622599, 
          0.0
        ], 
        [
          -0.9824826206195792, 
          0.14185714900584295, 
          -0.12084887031502704, 
          0.0
        ], 
        [
          1.3036291083410159, 
          -9.664956375638752, 
          85.21729820781235, 
          1.0
        ]
      ], 
      "projected_cuboid": [
        [
          430.42182357643975, 
          276.46459034290734
        ], 
        [
          418.9206075598543, 
          184.7061908686484
        ], 
        [
          564.124191494226, 
          167.10830842408913
        ], 
        [
          559.2879325551199, 
          258.1327564121471
        ], 
        [
          425.9668214931178, 
          252.06897700492658
        ], 
        [
          414.73619356911234, 
          163.79729275683314
        ], 
        [
          550.2599109717997, 
          148.02642326312616
        ], 
        [
          547.151908935779, 
          235.51487383642723
        ]
      ], 
      "projected_cuboid_centroid": [
        489.8236245375669, 
        212.79986903010237
      ], 
      "quaternion_xyzw": [
        0.7034447681249302, 
        0.6344564188507632, 
        0.2758514685488996, 
        -0.16290020895058266
      ], 
      "visibility": 0.9785699424370622
    }, 
    {
      "bounding_box": {
        "bottom_right": [
          333, 
          444
        ], 
        "top_left": [
          273, 
          381
        ]
      }, 
      "class": "005_tomato_soup_can", 
      "cuboid": [
        [
          -17.11426235780976, 
          6.654359293448425, 
          92.3603210318326
        ], 
        [
          -11.667679242027285, 
          2.9356606436497583, 
          90.8492265899583
        ], 
        [
          -5.983812727926304, 
          8.779011245126615, 
          96.95605296714075
        ], 
        [
          -11.430395843708782, 
          12.49770989492528, 
          98.46714740901503
        ], 
        [
          -18.478051526864466, 
          2.5422180170175426, 
          97.56437905287243
        ], 
        [
          -13.031468411081987, 
          -1.176480632781124, 
          96.05328461099813
        ], 
        [
          -7.347601896981006, 
          4.66686996869573, 
          102.16011098818059
        ], 
        [
          -12.794185012763485, 
          8.385568618494398, 
          103.67120543005485
        ]
      ], 
      "cuboid_centroid": [
        -12.230932127395384, 
        5.660614631072078, 
        97.26021601000659
      ], 
      "location": [
        -12.230932127395384, 
        5.660614631072078, 
        97.26021601000659
      ], 
      "pose_transform_permuted": [
        [
          0.20140431434052924, 
          0.6072808121984218, 
          -0.7685350208803544, 
          0.0
        ], 
        [
          -0.8050049523454946, 
          0.5496236384778573, 
          0.22333974958459546, 
          0.0
        ], 
        [
          -0.5580350923576706, 
          -0.5736930458313458, 
          -0.5995607766207853, 
          0.0
        ], 
        [
          -12.230932127395384, 
          5.660614631072078, 
          97.26021601000659, 
          1.0
        ]
      ], 
      "projected_cuboid": [
        [
          381.9500087135578, 
          311.7110484747433
        ], 
        [
          412.53255085594327, 
          290.51998475440183
        ], 
        [
          448.40802029707675, 
          321.5766495796508
        ], 
        [
          419.1716230979756, 
          340.97686523412887
        ], 
        [
          379.7481020216981, 
          287.183153388901
        ], 
        [
          408.63907668295593, 
          266.7543286642339
        ], 
        [
          442.9197822563791, 
          297.64960026028007
        ], 
        [
          415.2309811586614, 
          316.4247260802104
        ]
      ], 
      "projected_cuboid_centroid": [
        413.9707006654347, 
        304.3261218872046
      ], 
      "quaternion_xyzw": [
        0.3121846390388971, 
        0.887022127550547, 
        0.3401385239824345, 
        -0.006182324702721756
      ], 
      "visibility": 0.9346491228070175
    }, 
    {
      "bounding_box": {
        "bottom_right": [
          309, 
          548
        ], 
        "top_left": [
          254, 
          485
        ]
      }, 
      "class": "010_potted_meat_can", 
      "cuboid": [
        [
          11.939482718778422, 
          2.142928493827123, 
          90.7955504680953
        ], 
        [
          2.2404303748301664, 
          0.4308778516716636, 
          88.28192979156782
        ], 
        [
          1.3077980974869723, 
          -4.300994682760237, 
          95.10350587379014
        ], 
        [
          11.006850441435228, 
          -2.5889440406047775, 
          97.61712655031761
        ], 
        [
          10.3405117345324, 
          6.789804188075384, 
          93.80030644692357
        ], 
        [
          0.641459390584146, 
          5.077753545919923, 
          91.2866857703961
        ], 
        [
          -0.29117288675904807, 
          0.3458810114880232, 
          98.10826185261841
        ], 
        [
          9.407879457189209, 
          2.057931653643483, 
          100.62188252914588
        ]
      ], 
      "cuboid_centroid": [
        5.824154916009687, 
        1.244404752657573, 
        94.45190616035686
      ], 
      "location": [
        5.824154916009687, 
        1.244404752657573, 
        94.45190616035686
      ], 
      "pose_transform_permuted": [
        [
          0.2775943152686248, 
          -0.8067352623609508, 
          -0.521649977835874, 
          0.0
        ], 
        [
          0.9541897713748408, 
          0.16843101293702872, 
          0.24728922513294302, 
          0.0
        ], 
        [
          0.11163500569825859, 
          0.5663996734592462, 
          -0.8165347729325494, 
          0.0
        ], 
        [
          5.824154916009687, 
          1.244404752657573, 
          94.45190616035686, 
          1.0
        ]
      ], 
      "projected_cuboid": [
        [
          552.3122546540169, 
          285.8737817968141
        ], 
        [
          495.2445147756564, 
          275.8895123023836
        ], 
        [
          488.99203055738786, 
          249.16750398414962
        ], 
        [
          542.2328235770182, 
          259.1421495387264
        ], 
        [
          540.8799792373059, 
          311.89126835560586
        ], 
        [
          485.37586528671255, 
          302.9520404772443
        ], 
        [
          480.0010536622602, 
          275.16675798931516
        ], 
        [
          531.8765801785756, 
          284.19405853391487
        ]
      ], 
      "projected_cuboid_centroid": [
        514.7570240071515, 
        280.31302850939545
      ], 
      "quaternion_xyzw": [
        0.8721008288423364, 
        0.0162813763501875, 
        0.15046526818989509, 
        0.46533324519605646
      ], 
      "visibility": 0.8245175125089349
    }, 
    {
      "bounding_box": {
        "bottom_right": [
          214, 
          478
        ], 
        "top_left": [
          162, 
          347
        ]
      }, 
      "class": "037_scissors", 
      "cuboid": [
        [
          -20.318292715734238, 
          -9.768716099754046, 
          86.79030059295386
        ], 
        [
          -0.21823808150715635, 
          -11.854507211741968, 
          88.23823302262376
        ], 
        [
          -0.5979502364579516, 
          -19.00661685051217, 
          83.20652342154712
        ], 
        [
          -20.698004870685033, 
          -16.920825738524247, 
          81.75859099187723
        ], 
        [
          -20.13422070529411, 
          -8.880728867845173, 
          85.51421838229328
        ], 
        [
          -0.034166071067028014, 
          -10.966519979833095, 
          86.96215081196318
        ], 
        [
          -0.41387822601782337, 
          -18.118629618603297, 
          81.93044121088654
        ], 
        [
          -20.513932860244903, 
          -16.032838506615374, 
          80.48250878121664
        ]
      ], 
      "cuboid_centroid": [
        -10.36608547087603, 
        -13.94367285917867, 
        84.3603709019202
      ], 
      "location": [
        -10.36608547087603, 
        -13.94367285917867, 
        84.3603709019202
      ], 
      "pose_transform_permuted": [
        [
          -0.11758033086757932, 
          -0.5672227531191738, 
          0.815127558964243, 
          0.0
        ], 
        [
          -0.9921151579292399, 
          0.10295220665487892, 
          -0.07146824908061047, 
          0.0
        ], 
        [
          0.04338080014827385, 
          0.81710378462401, 
          0.5748554155100509, 
          0.0
        ], 
        [
          -10.36608547087603, 
          -13.94367285917867, 
          84.3603709019202, 
          1.0
        ]
      ], 
      "projected_cuboid": [
        [
          355.70227842440914, 
          213.2585444977827
        ], 
        [
          480.26702675155144, 
          201.63686155098623
        ], 
        [
          477.7325148850954, 
          151.4619434739349
        ], 
        [
          345.4567305140364, 
          162.9102751287903
        ], 
        [
          354.98117262391116, 
          217.90081724805322
        ], 
        [
          481.38579002507635, 
          206.03130326295323
        ], 
        [
          478.88051083897494, 
          155.34478332941842
        ], 
        [
          344.528094448148, 
          167.04448764174737
        ]
      ], 
      "projected_cuboid_centroid": [
        415.5173718231556, 
        185.1357425590469
      ], 
      "quaternion_xyzw": [
        -0.049651064975984795, 
        -0.29995145889910363, 
        0.9518858258107288, 
        0.038432394630553444
      ], 
      "visibility": 0.7776280323450134
    }, 
    {
      "bounding_box": {
        "bottom_right": [
          312, 
          483
        ], 
        "top_left": [
          268, 
          436
        ]
      }, 
      "class": "061_foam_brick", 
      "cuboid": [
        [
          -0.2524419735416499, 
          1.7370978365949097, 
          93.15787753984934
        ], 
        [
          -7.9115523781681745, 
          3.1429594778569796, 
          93.08593301307376
        ], 
        [
          -8.483045359156336, 
          0.2433900150426882, 
          97.26601962133046
        ], 
        [
          -0.8239349545298112, 
          -1.1624716262193822, 
          97.33796414810604
        ], 
        [
          0.4948379767444312, 
          5.963524211053858, 
          96.19175776462407
        ], 
        [
          -7.164272427882093, 
          7.369385852315929, 
          96.11981323784849
        ], 
        [
          -7.735765408870254, 
          4.469816389501637, 
          100.29989984610519
        ], 
        [
          -0.07665500424373015, 
          3.063954748239567, 
          100.37184437288079
        ]
      ], 
      "cuboid_centroid": [
        -3.9941036912059515, 
        3.103457113048273, 
        96.72888869297726
      ], 
      "location": [
        -3.9941036912059515, 
        3.103457113048273, 
        96.72888869297726
      ], 
      "pose_transform_permuted": [
        [
          -0.14217654952818037, 
          -0.8041146005930284, 
          -0.5772222603792881, 
          0.0
        ], 
        [
          0.9835260333344737, 
          -0.1805303031814699, 
          0.009238581415013103, 
          0.0
        ], 
        [
          0.11163498787394557, 
          0.5663996104750784, 
          -0.8165348190592135, 
          0.0
        ], 
        [
          -3.9941036912059515, 
          3.103457113048273, 
          96.72888869297726, 
          1.0
        ]
      ], 
      "projected_cuboid": [
        [
          480.13982025948775, 
          283.231250319305
        ], 
        [
          435.89147153358647, 
          291.2935749675615
        ], 
        [
          434.69603857836756, 
          274.6210704510062
        ], 
        [
          477.0450674786861, 
          266.91729768994657
        ], 
        [
          484.363481375964, 
          306.35032972804936
        ], 
        [
          441.5149279154342, 
          314.1754833361156
        ], 
        [
          440.12129202739584, 
          297.05366653648076
        ], 
        [
          481.1863732288721, 
          289.5666719113831
        ]
      ], 
      "projected_cuboid_centroid": [
        459.3918595007969, 
        290.39760455404854
      ], 
      "quaternion_xyzw": [
        0.88418718382886, 
        -0.0826084386877875, 
        -0.03758762017378955, 
        0.4582314269231506
      ], 
      "visibility": 0.9447480267152398
    }
  ]
}