{
  "camera_data": {
    "location_worldframe": [
      -16.09204687692889, 
      0.33651692462175753, 
      88.30691328459788
    ], 
    "quaternion_xyzw_worldframe": [
      0.8880130061074611, 
      0.030348754493819515, 
      -0.00844798037511286, 
      -0.45873724393649096
    ]
  }, 
  "objects": [
    {
      "bounding_box": {
        "bottom_right": [
          328, 
          575
        ], 
        "top_left": [
          228, 
          413
        ]
      }, 
      "class": "003_cracker_box", 
      "cuboid": [
        [
          -8.38542625626976, 
          9.43905605804102, 
          81.2537182744689
        ], 
        [
          -8.95803879301037, 
          0.27270458431220884, 
          67.66224185613989
        ], 
        [
          12.364622737010578, 
          -0.62925751481556, 
          67.37221290190034
        ], 
        [
          12.937235273751188, 
          8.537093958913252, 
          80.96368932022935
        ], 
        [
          -8.582309563132561, 
          3.492406034406137, 
          85.27254745655969
        ], 
        [
          -9.154922099873172, 
          -5.673945439322674, 
          71.6810710382307
        ], 
        [
          12.167739430147776, 
          -6.575907538450442, 
          71.39104208399115
        ], 
        [
          12.740351966888387, 
          2.5904439352783677, 
          84.98251850232016
        ]
      ], 
      "cuboid_centroid": [
        1.891156586939008, 
        1.4315742597952885, 
        76.32238017923002
      ], 
      "location": [
        1.891156586939008, 
        1.4315742597952885, 
        76.32238017923002
      ], 
      "pose_transform_permuted": [
        [
          0.027421074034810755, 
          0.8282242570764622, 
          -0.5597255262080868, 
          0.0
        ], 
        [
          0.034907734433801796, 
          0.5588011830707794, 
          0.8285666466105164, 
          0.0
        ], 
        [
          -0.9990142815673241, 
          0.04225893738417369, 
          0.013588503805934238, 
          0.0
        ], 
        [
          1.891156586939008, 
          1.4315742597952885, 
          76.32238017923002, 
          1.0
        ]
      ], 
      "projected_cuboid": [
        [
          426.0995409878831, 
          335.24103740998976
        ], 
        [
          410.4006262898423, 
          275.43601886241873
        ], 
        [
          580.2913069251816, 
          268.3053247919947
        ], 
        [
          567.5266960713956, 
          329.5216160749297
        ], 
        [
          427.4734688333548, 
          295.12907213913377
        ], 
        [
          412.91523134958504, 
          231.07140122627334
        ], 
        [
          573.2524400517879, 
          224.16188361300144
        ], 
        [
          562.2172129148979, 
          289.5432282294792
        ]
      ], 
      "projected_cuboid_centroid": [
        494.9220723684716, 
        283.28998108317876
      ], 
      "quaternion_xyzw": [
        0.6397054396411802, 
        0.608801867275001, 
        0.33452416831310006, 
        -0.32898452503177916
      ], 
      "visibility": 0.9856979789162694
    }, 
    {
      "bounding_box": {
        "bottom_right": [
          355, 
          447
        ], 
        "top_left": [
          302, 
          381
        ]
      }, 
      "class": "005_tomato_soup_can", 
      "cuboid": [
        [
          -17.046515139791193, 
          11.872295859986279, 
          90.06699000664426
        ], 
        [
          -11.482542547885503, 
          9.62026846196208, 
          86.94481523695644
        ], 
        [
          -5.707559701894118, 
          13.812183118070683, 
          94.21267859886389
        ], 
        [
          -11.271532293799808, 
          16.06421051609488, 
          97.3348533685517
        ], 
        [
          -17.36875784279736, 
          6.127244044159898, 
          93.63663787935323
        ], 
        [
          -11.804785250891673, 
          3.8752166461357014, 
          90.51446310966543
        ], 
        [
          -6.029802404900286, 
          8.067131302244304, 
          97.78232647157287
        ], 
        [
          -11.593774996805976, 
          10.319158700268503, 
          100.90450124126068
        ]
      ], 
      "cuboid_centroid": [
        -11.53815877234574, 
        9.969713581115291, 
        93.92465823910857
      ], 
      "location": [
        -11.53815877234574, 
        9.969713581115291, 
        93.92465823910857
      ], 
      "pose_transform_permuted": [
        [
          0.04758878580564007, 
          0.8484289566688245, 
          -0.5271654142395111, 
          0.0
        ], 
        [
          -0.8223551162232109, 
          0.33284963612765317, 
          0.4614574125205027, 
          0.0
        ], 
        [
          -0.5669807828582498, 
          -0.4115570758872818, 
          -0.7135499738326357, 
          0.0
        ], 
        [
          -11.53815877234574, 
          9.969713581115291, 
          93.92465823910857, 
          1.0
        ]
      ], 
      "projected_cuboid": [
        [
          379.8172442123569, 
          343.586743182756
        ], 
        [
          410.57617845807266, 
          332.29727429900817
        ], 
        [
          449.0184365622434, 
          351.4746104655756
        ], 
        [
          419.32313244828623, 
          361.3059653491176
        ], 
        [
          381.84665929007156, 
          308.1850490090272
        ], 
        [
          411.46254554003434, 
          296.11967265860807
        ], 
        [
          448.43554713448566, 
          317.28589102148186
        ], 
        [
          419.80879457668647, 
          327.82731018688474
        ]
      ], 
      "projected_cuboid_centroid": [
        415.53553919500024, 
        329.8962035484928
      ], 
      "quaternion_xyzw": [
        0.2707642785062162, 
        0.8308245311661788, 
        0.4700086696733074, 
        -0.12453550996319881
      ], 
      "visibility": 0.7275775356244761
    }, 
    {
      "bounding_box": {
        "bottom_right": [
          361, 
          552
        ], 
        "top_left": [
          297, 
          488
        ]
      }, 
      "class": "010_potted_meat_can", 
      "cuboid": [
        [
          11.911938710490825, 
          12.027586728014931, 
          84.74690551227121
        ], 
        [
          2.1960470630014077, 
          9.973900788628178, 
          82.5778397608404
        ], 
        [
          2.5540118727266763, 
          3.1716878679753218, 
          87.41478936461988
        ], 
        [
          12.269903520216092, 
          5.225373807362075, 
          89.58385511605069
        ], 
        [
          10.237336232905369, 
          15.162635949642505, 
          89.27966331945628
        ], 
        [
          0.521444585415952, 
          13.108950010255748, 
          87.11059756802547
        ], 
        [
          0.8794093951412202, 
          6.306737089602894, 
          91.94754717180494
        ], 
        [
          10.595301042630636, 
          8.360423028989649, 
          94.11661292323575
        ]
      ], 
      "cuboid_centroid": [
        6.395674052816022, 
        9.167161908808913, 
        88.34722634203807
      ], 
      "location": [
        6.395674052816022, 
        9.167161908808913, 
        88.34722634203807
      ], 
      "pose_transform_permuted": [
        [
          0.2907245551623801, 
          -0.5442699402212791, 
          -0.7869234727591855, 
          0.0
        ], 
        [
          0.9558464168517649, 
          0.20204098787051833, 
          0.21339201811258832, 
          0.0
        ], 
        [
          -0.04284797400246007, 
          0.814217024871867, 
          -0.5789772772162044, 
          0.0
        ], 
        [
          6.395674052816022, 
          9.167161908808913, 
          88.34722634203807, 
          1.0
        ]
      ], 
      "projected_cuboid": [
        [
          557.1846316603537, 
          348.97717826576877
        ], 
        [
          495.89818300950475, 
          337.7018414888541
        ], 
        [
          497.3090063726235, 
          292.6370765343795
        ], 
        [
          555.2522227885006, 
          304.3947569484091
        ], 
        [
          543.2602840014921, 
          363.8618200084779
        ], 
        [
          484.8161279062139, 
          353.5438195345946
        ], 
        [
          486.7403790102488, 
          309.86724621405693
        ], 
        [
          542.1365581764254, 
          320.66156760125284
        ]
      ], 
      "projected_cuboid_centroid": [
        520.5271353714971, 
        328.6253094459791
      ], 
      "quaternion_xyzw": [
        0.9429987956623828, 
        0.06492292540547814, 
        0.1336471943532192, 
        0.2977859628782692
      ], 
      "visibility": 0.5338324215375756
    }, 
    {
      "bounding_box": {
        "bottom_right": [
          266, 
          486
        ], 
        "top_left": [
          223, 
          338
        ]
      }, 
      "class": "037_scissors", 
      "cuboid": [
        [
          -19.27238702461089, 
          -2.0529282079937046, 
          79.47731761821723
        ], 
        [
          0.9633997158729757, 
          -1.8156787368739793, 
          78.52030305993615
        ], 
        [
          0.6855267896437756, 
          -6.88285934868193, 
          71.38858360391713
        ], 
        [
          -19.55025995084009, 
          -7.120108819801654, 
          72.3455981621982
        ], 
        [
          -19.33013299627628, 
          -0.7765624698689216, 
          78.57269308686587
        ], 
        [
          0.9056537442075852, 
          -0.5393129987491967, 
          77.61567852858481
        ], 
        [
          0.627780817978385, 
          -5.6064936105571475, 
          70.48395907256578
        ], 
        [
          -19.60800592250548, 
          -5.843743081676872, 
          71.44097363084686
        ]
      ], 
      "cuboid_centroid": [
        -9.322303103316253, 
        -3.829710909275426, 
        74.9806383453915
      ], 
      "location": [
        -9.322303103316253, 
        -3.829710909275426, 
        74.9806383453915
      ], 
      "pose_transform_permuted": [
        [
          0.036886599100273636, 
          -0.8153086688080013, 
          0.5778502198834667, 
          0.0
        ], 
        [
          -0.9988147357406211, 
          -0.011710356055836956, 
          0.04723711785403884, 
          0.0
        ], 
        [
          0.031746020563726794, 
          0.5789078557796861, 
          0.814774276781338, 
          0.0
        ], 
        [
          -9.322303103316253, 
          -3.829710909275426, 
          74.9806383453915, 
          1.0
        ]
      ], 
      "projected_cuboid": [
        [
          351.1951306635754, 
          259.51069791814996
        ], 
        [
          488.1951295073662, 
          260.954224052601
        ], 
        [
          486.76108304803813, 
          221.86706033454655
        ], 
        [
          336.2748019883956, 
          220.79829316249948
        ], 
        [
          349.2985621187348, 
          268.01554679523554
        ], 
        [
          487.8719352904461, 
          269.58076372107405
        ], 
        [
          486.3867821092698, 
          230.8647887667571
        ], 
        [
          333.99997585896574, 
          229.66195581121846
        ]
      ], 
      "projected_cuboid_centroid": [
        414.7371532291687, 
        246.04670819507962
      ], 
      "quaternion_xyzw": [
        0.023678236557007678, 
        -0.4588181667504126, 
        0.8881966014632928, 
        0.005639422756989086
      ], 
      "visibility": 0.7995833333333333
    }, 
    {
      "bounding_box": {
        "bottom_right": [
          344, 
          486
        ], 
        "top_left": [
          304, 
          438
        ]
      }, 
      "class": "061_foam_brick", 
      "cuboid": [
        [
          0.18905198814742202, 
          9.250008275569101, 
          87.78776284390007
        ], 
        [
          -7.52411773159587, 
          9.571743838939838, 
          88.81103908288007
        ], 
        [
          -7.3047676924578475, 
          5.403523179135857, 
          91.774998165095
        ], 
        [
          0.4084020272854441, 
          5.081787615765118, 
          90.75172192611501
        ], 
        [
          0.8771135816314155, 
          12.293699150185637, 
          92.01718993801688
        ], 
        [
          -6.836056138111876, 
          12.615434713556375, 
          93.04046617699689
        ], 
        [
          -6.616706098973854, 
          8.447214053752393, 
          96.00442525921181
        ], 
        [
          1.0964636207694376, 
          8.125478490381655, 
          94.98114902023181
        ]
      ], 
      "cuboid_centroid": [
        -3.213827055413216, 
        8.848611164660747, 
        91.89609405155595
      ], 
      "location": [
        -3.213827055413216, 
        8.848611164660747, 
        91.89609405155595
      ], 
      "pose_transform_permuted": [
        [
          -0.13090973896324254, 
          -0.5790888223586381, 
          -0.8046855137653849, 
          0.0
        ], 
        [
          0.9904679287965703, 
          -0.041314889811943534, 
          -0.1314015293109601, 
          0.0
        ], 
        [
          -0.042847663530323876, 
          0.8142169340532734, 
          -0.578977427911382, 
          0.0
        ], 
        [
          -3.213827055413216, 
          8.848611164660747, 
          91.89609405155595, 
          1.0
        ]
      ], 
      "projected_cuboid": [
        [
          482.7551502985414, 
          329.4812785471352
        ], 
        [
          436.03741995029117, 
          330.76586135294184
        ], 
        [
          438.79411294218005, 
          304.68729839734124
        ], 
        [
          484.01712142895593, 
          303.15061984657774
        ], 
        [
          486.7230691986008, 
          344.5392083881813
        ], 
        [
          442.08539030896793, 
          345.59978682261647
        ], 
        [
          444.53391866548975, 
          320.21213194172407
        ], 
        [
          487.80502393282865, 
          318.9111366124055
        ]
      ], 
      "projected_cuboid_centroid": [
        462.7901702115113, 
        324.6395107784386
      ], 
      "quaternion_xyzw": [
        0.9499171512052024, 
        0.00040339668476236165, 
        -0.06903530164220023, 
        0.3047808560990634
      ], 
      "visibility": 0.403630539241858
    }
  ]
}