{
  "camera_data": {
    "location_worldframe": [
      -17.593887235701118, 
      5.282986331634462, 
      80.67335372579974
    ], 
    "quaternion_xyzw_worldframe": [
      0.9249096003867542, 
      0.02595186731422667, 
      -0.06886571269324349, 
      -0.37299811205526323
    ]
  }, 
  "objects": [
    {
      "bounding_box": {
        "bottom_right": [
          368, 
          560
        ], 
        "top_left": [
          245, 
          373
        ]
      }, 
      "class": "003_cracker_box", 
      "cuboid": [
        [
          -11.16155984236568, 
          13.144643485829091, 
          71.24907592712809
        ], 
        [
          -12.576662086658864, 
          1.534468718400292, 
          59.74779585945248
        ], 
        [
          8.62582230663939, 
          1.373118066159812, 
          57.30194863091159
        ], 
        [
          10.040924550932573, 
          12.98329283358861, 
          68.8032286985872
        ], 
        [
          -10.617267283148566, 
          8.072760692751208, 
          76.30201052775415
        ], 
        [
          -12.03236952744175, 
          -3.537414074677591, 
          64.80073046007854
        ], 
        [
          9.170114865856503, 
          -3.6987647269180712, 
          62.35488323153765
        ], 
        [
          10.585217110149687, 
          7.911410040510729, 
          73.85616329921326
        ]
      ], 
      "cuboid_centroid": [
        -0.9957224882545884, 
        4.722939379455511, 
        66.80197957933287
      ], 
      "location": [
        -0.9957224882545884, 
        4.722939379455511, 
        66.80197957933287
      ], 
      "pose_transform_permuted": [
        [
          -0.07580676493456917, 
          0.7063903780414801, 
          -0.703751353960026, 
          0.0
        ], 
        [
          0.08626778173884153, 
          0.7077820891215006, 
          0.7011436259088886, 
          0.0
        ], 
        [
          -0.9933837144950659, 
          0.0075596381671910184, 
          0.11459340141023211, 
          0.0
        ], 
        [
          -0.9957224882545884, 
          4.722939379455511, 
          66.80197957933287, 
          1.0
        ]
      ], 
      "projected_cuboid": [
        [
          397.3533762871682, 
          371.67793034090454
        ], 
        [
          368.3999839691955, 
          286.98348203626665
        ], 
        [
          562.5481880810462, 
          286.0663957731138
        ], 
        [
          560.0766409497272, 
          373.9249012264522
        ], 
        [
          406.7683159317688, 
          329.7118056502662
        ], 
        [
          381.7436363569131, 
          244.17309764802658
        ], 
        [
          560.6824199094547, 
          241.65110607655487
        ], 
        [
          558.6705133386969, 
          330.41528278242794
        ]
      ], 
      "projected_cuboid_centroid": [
        473.58138260913375, 
        310.9925472502545
      ], 
      "quaternion_xyzw": [
        0.6703690725760808, 
        0.6344138897545502, 
        0.23320618691853115, 
        -0.3061685767725129
      ], 
      "visibility": 0.9825016507876615
    }, 
    {
      "bounding_box": {
        "bottom_right": [
          407, 
          434
        ], 
        "top_left": [
          340, 
          359
        ]
      }, 
      "class": "005_tomato_soup_can", 
      "cuboid": [
        [
          -19.0176922380383, 
          16.899791168018112, 
          80.3480348126405
        ], 
        [
          -13.676920832346243, 
          14.297204618945317, 
          77.11073690479637
        ], 
        [
          -7.447730126454824, 
          20.009246733603774, 
          82.79529240482923
        ], 
        [
          -12.788501532146881, 
          22.611833282676567, 
          86.03259031267335
        ], 
        [
          -18.65442686232573, 
          11.935211334173395, 
          84.93855025227222
        ], 
        [
          -13.313655456633674, 
          9.332624785100602, 
          81.7012523444281
        ], 
        [
          -7.084464750742256, 
          15.04466689975906, 
          87.38580784446096
        ], 
        [
          -12.425236156434313, 
          17.647253448831854, 
          90.62310575230508
        ]
      ], 
      "cuboid_centroid": [
        -13.051078494390278, 
        15.972229033888585, 
        83.86692132855073
      ], 
      "location": [
        -13.051078494390278, 
        15.972229033888585, 
        83.86692132855073
      ], 
      "pose_transform_permuted": [
        [
          -0.05364701200095099, 
          0.7331688945127611, 
          -0.677927084015107, 
          0.0
        ], 
        [
          -0.7893659822190473, 
          0.38466227658225666, 
          0.4784726116600978, 
          0.0
        ], 
        [
          -0.6115743573941896, 
          -0.5608013385072445, 
          -0.5581027361573919, 
          0.0
        ], 
        [
          -13.051078494390278, 
          15.972229033888585, 
          83.86692132855073, 
          1.0
        ]
      ], 
      "projected_cuboid": [
        [
          354.3129281595404, 
          385.46090045867265
        ], 
        [
          386.2153337789709, 
          372.17003350946464
        ], 
        [
          433.22328890655905, 
          402.1745800135416
        ], 
        [
          401.65996688830364, 
          413.45822707302887
        ], 
        [
          363.491927093799, 
          348.22638466937195
        ], 
        [
          393.96555006716557, 
          334.2069206862176
        ], 
        [
          437.9999413537154, 
          365.1048283634336
        ], 
        [
          407.864825409427, 
          377.1411319651243
        ]
      ], 
      "projected_cuboid_centroid": [
        397.9121037237295, 
        374.8558145892752
      ], 
      "quaternion_xyzw": [
        0.2862515234485754, 
        0.870071032264234, 
        0.3710247734917129, 
        -0.1528954544884354
      ], 
      "visibility": 0.6925287356321839
    }, 
    {
      "bounding_box": {
        "bottom_right": [
          416, 
          546
        ], 
        "top_left": [
          339, 
          471
        ]
      }, 
      "class": "010_potted_meat_can", 
      "cuboid": [
        [
          9.204901558566023, 
          17.09282358766758, 
          71.95927585622431
        ], 
        [
          -0.5478988642072941, 
          14.308882232692024, 
          71.28579451050719
        ], 
        [
          0.678086367067468, 
          8.574459593212435, 
          77.23622962879232
        ], 
        [
          10.430886789840786, 
          11.358400948187992, 
          77.90971097450942
        ], 
        [
          7.819279895737155, 
          20.973256015232167, 
          75.98432457657101
        ], 
        [
          -1.933520527036163, 
          18.18931466025661, 
          75.31084323085392
        ], 
        [
          -0.707535295761401, 
          12.454892020777022, 
          81.26127834913903
        ], 
        [
          9.045265127011918, 
          15.238833375752577, 
          81.93475969485614
        ]
      ], 
      "cuboid_centroid": [
        4.248683131402312, 
        14.7738578042223, 
        76.61027710268166
      ], 
      "location": [
        4.248683131402312, 
        14.7738578042223, 
        76.61027710268166
      ], 
      "pose_transform_permuted": [
        [
          0.24055514484256058, 
          -0.673674502720195, 
          -0.698781062605941, 
          0.0
        ], 
        [
          0.9594774907547576, 
          0.2738832899156961, 
          0.06625688660150324, 
          0.0
        ], 
        [
          -0.1467490152380556, 
          0.6864037623254562, 
          -0.7122602063797466, 
          0.0
        ], 
        [
          4.248683131402312, 
          14.7738578042223, 
          76.61027710268166, 
          1.0
        ]
      ], 
      "projected_cuboid": [
        [
          550.3868781674903, 
          399.9684346865463
        ], 
        [
          477.46384317611376, 
          380.33741902140895
        ], 
        [
          486.3183048689327, 
          332.49356087921245
        ], 
        [
          553.5952259469227, 
          351.03881793996715
        ], 
        [
          536.9364749265637, 
          420.49384972786686
        ], 
        [
          467.7905875648949, 
          402.095581893489
        ], 
        [
          476.9148018463567, 
          355.0282722478246
        ], 
        [
          540.9640354055373, 
          372.4772635567386
        ]
      ], 
      "projected_cuboid_centroid": [
        511.4205992907113, 
        376.1341973811922
      ], 
      "quaternion_xyzw": [
        0.9144208981216139, 
        0.11499964240149332, 
        0.08388151235232905, 
        0.3789104973286653
      ], 
      "visibility": 0.6389244558258643
    }, 
    {
      "bounding_box": {
        "bottom_right": [
          288, 
          464
        ], 
        "top_left": [
          234, 
          304
        ]
      }, 
      "class": "037_scissors", 
      "cuboid": [
        [
          -21.50446909637688, 
          1.1351700933909035, 
          72.84462362966171
        ], 
        [
          -1.5130206614241304, 
          1.9240289425791472, 
          69.65418159581536
        ], 
        [
          -2.218560480343548, 
          -4.419731145155176, 
          63.6647010984465
        ], 
        [
          -22.2100089152963, 
          -5.20858999434342, 
          66.85514313229285
        ], 
        [
          -21.72485194688571, 
          2.212089723301568, 
          71.72996442284568
        ], 
        [
          -1.7334035119329627, 
          3.000948572489812, 
          68.53952238899933
        ], 
        [
          -2.4389433308523807, 
          -3.3428115152445113, 
          62.55004189163047
        ], 
        [
          -22.43039176580513, 
          -4.131670364432756, 
          65.74048392547682
        ]
      ], 
      "cuboid_centroid": [
        -11.971706213614631, 
        -1.103820710926804, 
        67.69733276064609
      ], 
      "location": [
        -11.971706213614631, 
        -1.103820710926804, 
        67.69733276064609
      ], 
      "pose_transform_permuted": [
        [
          0.14077473494427356, 
          -0.6879077709854906, 
          0.7120148143579413, 
          0.0
        ], 
        [
          -0.9867544831198457, 
          -0.038937148977374825, 
          0.1574764825207788, 
          0.0
        ], 
        [
          0.0806054836068095, 
          0.724752644777095, 
          0.6842774271527129, 
          0.0
        ], 
        [
          -11.971706213614631, 
          -1.103820710926804, 
          67.69733276064609, 
          1.0
        ]
      ], 
      "projected_cuboid": [
        [
          322.8436961525466, 
          281.59749369607323
        ], 
        [
          469.9158167955693, 
          288.0182064923058
        ], 
        [
          462.8572968787976, 
          236.26242365444284
        ], 
        [
          302.94598751456726, 
          231.73636076925226
        ], 
        [
          318.72449885037634, 
          289.733650128512
        ], 
        [
          467.99671117577634, 
          296.6375125142719
        ], 
        [
          460.62864246721625, 
          244.78476899751308
        ], 
        [
          298.11412408588745, 
          239.76836797438557
        ]
      ], 
      "projected_cuboid_centroid": [
        386.4980072794743, 
        264.5906384911473
      ], 
      "quaternion_xyzw": [
        0.08059640519880273, 
        -0.37080550811131174, 
        0.9251380899972287, 
        0.011260031091563715
      ], 
      "visibility": 0.7491649966599866
    }, 
    {
      "bounding_box": {
        "bottom_right": [
          394, 
          477
        ], 
        "top_left": [
          347, 
          418
        ]
      }, 
      "class": "061_foam_brick", 
      "cuboid": [
        [
          -1.977488811497111, 
          14.521482070106567, 
          76.72699247795443
        ], 
        [
          -9.554716507816927, 
          14.750939607321174, 
          78.50928449563914
        ], 
        [
          -8.80346123944909, 
          11.23703362345555, 
          82.15555815621838
        ], 
        [
          -1.226233543129275, 
          11.007576086240945, 
          80.37326613853367
        ], 
        [
          -1.0414834366483507, 
          18.340615786453895, 
          80.21463466659912
        ], 
        [
          -8.618711132968167, 
          18.570073323668502, 
          81.99692668428385
        ], 
        [
          -7.867455864600331, 
          15.056167339802878, 
          85.64320034486308
        ], 
        [
          -0.29022816828051523, 
          14.826709802588272, 
          83.86090832717836
        ]
      ], 
      "cuboid_centroid": [
        -4.9224723380487205, 
        14.788824704954722, 
        81.18509641140875
      ], 
      "location": [
        -4.9224723380487205, 
        14.788824704954722, 
        81.18509641140875
      ], 
      "pose_transform_permuted": [
        [
          -0.17808321297109805, 
          -0.726623608420279, 
          -0.6635544445968122, 
          0.0
        ], 
        [
          0.9730112645108081, 
          -0.029465231531204533, 
          -0.22886869437712767, 
          0.0
        ], 
        [
          -0.14674961121914148, 
          0.6864036216520903, 
          -0.7122602191544363, 
          0.0
        ], 
        [
          -4.9224723380487205, 
          14.788824704954722, 
          81.18509641140875, 
          1.0
        ]
      ], 
      "projected_cuboid": [
        [
          467.73724880193413, 
          374.2235161496035
        ], 
        [
          416.1502525751234, 
          373.4908006148088
        ], 
        [
          423.9724263789655, 
          346.23266874407864
        ], 
        [
          473.3925465286177, 
          346.32768925081416
        ], 
        [
          474.6148978423595, 
          395.2269994320019
        ], 
        [
          425.07260026732183, 
          394.068915625532
        ], 
        [
          432.1963617686703, 
          367.0446980862066
        ], 
        [
          479.7359604125509, 
          367.5780839406772
        ]
      ], 
      "projected_cuboid_centroid": [
        448.9909798241946, 
        370.437002486263
      ], 
      "quaternion_xyzw": [
        0.9114506748529663, 
        0.032169700161464324, 
        -0.11162203248515738, 
        0.39466859460245435
      ], 
      "visibility": 0.5642744479495269
    }
  ]
}