{
  "camera_data": {
    "location_worldframe": [
      -16.029798043530956, 
      0.2609068489185809, 
      87.49227856973609
    ], 
    "quaternion_xyzw_worldframe": [
      0.8902518784755424, 
      0.03141470957016752, 
      -0.009759919608354919, 
      -0.45428408347900856
    ]
  }, 
  "objects": [
    {
      "bounding_box": {
        "bottom_right": [
          328, 
          577
        ], 
        "top_left": [
          226, 
          412
        ]
      }, 
      "class": "003_cracker_box", 
      "cuboid": [
        [
          -8.357933695297675, 
          9.315463058755812, 
          80.34004790361557
        ], 
        [
          -8.916643672494093, 
          0.011625546896765378, 
          66.84173073437326
        ], 
        [
          12.40835540776106, 
          -0.828481826613153, 
          66.53811753557167
        ], 
        [
          12.967065384957479, 
          8.475355685245892, 
          80.03643470481398
        ], 
        [
          -8.532561681351801, 
          3.408829427588722, 
          84.41847673695266
        ], 
        [
          -9.09127165854822, 
          -5.895008084270324, 
          70.92015956771034
        ], 
        [
          12.233727421706934, 
          -6.735115457780243, 
          70.61654636890876
        ], 
        [
          12.792437398903353, 
          2.568722054078804, 
          84.11486353815107
        ]
      ], 
      "cuboid_centroid": [
        1.93789686320463, 
        1.2901738004877843, 
        75.47829713626216
      ], 
      "location": [
        1.93789686320463, 
        1.2901738004877843, 
        75.47829713626216
      ], 
      "pose_transform_permuted": [
        [
          0.024321447107128025, 
          0.8226509432290366, 
          -0.5680263134881971, 
          0.0
        ], 
        [
          0.03406020346760752, 
          0.5671826378931349, 
          0.8228874514855176, 
          0.0
        ], 
        [
          -0.9991238010128476, 
          0.03936090543878734, 
          0.01422495598160109, 
          0.0
        ], 
        [
          1.93789686320463, 
          1.2901738004877843, 
          75.47829713626216, 
          1.0
        ]
      ], 
      "projected_cuboid": [
        [
          425.65241731807214, 
          335.1251726994794
        ], 
        [
          409.85969674719456, 
          273.3792963788765
        ], 
        [
          581.8819480057999, 
          266.6460498101554
        ], 
        [
          568.7226539374489, 
          329.76173178477273
        ], 
        [
          427.242799408808, 
          294.82205437185786
        ], 
        [
          412.6609752789085, 
          228.95607858234231
        ], 
        [
          574.7601980066054, 
          222.4207118648755
        ], 
        [
          563.381812547539, 
          289.5731931282094
        ]
      ], 
      "projected_cuboid_centroid": [
        495.4041003081366, 
        282.40273402189825
      ], 
      "quaternion_xyzw": [
        0.6405949231758304, 
        0.6112702357758396, 
        0.33063362974861726, 
        -0.3266010504195536
      ], 
      "visibility": 0.9903595622720167
    }, 
    {
      "bounding_box": {
        "bottom_right": [
          356, 
          447
        ], 
        "top_left": [
          302, 
          380
        ]
      }, 
      "class": "005_tomato_soup_can", 
      "cuboid": [
        [
          -17.017490780990656, 
          11.81081846062994, 
          89.1376855446371
        ], 
        [
          -11.449909981947634, 
          9.54446777080603, 
          86.03235266485324
        ], 
        [
          -5.680228864423041, 
          13.826530073176682, 
          93.25171104656874
        ], 
        [
          -11.247809663466063, 
          16.092880763000593, 
          96.35704392635259
        ], 
        [
          -17.318591355031327, 
          6.100899661464858, 
          92.76508301562922
        ], 
        [
          -11.751010555988305, 
          3.8345489716409484, 
          89.65975013584536
        ], 
        [
          -5.981329438463712, 
          8.116611274011602, 
          96.87910851756087
        ], 
        [
          -11.548910237506735, 
          10.38296196383551, 
          99.98444139734471
        ]
      ], 
      "cuboid_centroid": [
        -11.499410109727185, 
        9.963714867320771, 
        93.00839703109898
      ], 
      "location": [
        -11.499410109727185, 
        9.963714867320771, 
        93.00839703109898
      ], 
      "pose_transform_permuted": [
        [
          0.04446651728744488, 
          0.8432405145753242, 
          -0.535693871943658, 
          0.0
        ], 
        [
          -0.8228884092167988, 
          0.33496661857105836, 
          0.45896818129216543, 
          0.0
        ], 
        [
          -0.5664602656139969, 
          -0.4204076620125659, 
          -0.7087878139483273, 
          0.0
        ], 
        [
          -11.499410109727185, 
          9.963714867320771, 
          93.00839703109898, 
          1.0
        ]
      ], 
      "projected_cuboid": [
        [
          378.93124196613473, 
          343.95183223768936
        ], 
        [
          410.0269050356672, 
          332.453251612367
        ], 
        [
          448.8403222132358, 
          352.36239806562645
        ], 
        [
          418.82358551007485, 
          362.35785140929727
        ], 
        [
          381.200292997224, 
          308.3614730609762
        ], 
        [
          411.1164951531996, 
          296.0954355760238
        ], 
        [
          448.39544494009067, 
          317.9684906506573
        ], 
        [
          419.4815210874816, 
          328.6695242665561
        ]
      ], 
      "projected_cuboid_centroid": [
        415.10878223569546, 
        330.41948973093025
      ], 
      "quaternion_xyzw": [
        0.27036907992214027, 
        0.8335151383107902, 
        0.46550694078244553, 
        -0.1243233760711154
      ], 
      "visibility": 0.7267131719327041
    }, 
    {
      "bounding_box": {
        "bottom_right": [
          362, 
          553
        ], 
        "top_left": [
          297, 
          488
        ]
      }, 
      "class": "010_potted_meat_can", 
      "cuboid": [
        [
          11.935023448183633, 
          12.000519973003028, 
          83.78560178993186
        ], 
        [
          2.2231981529595406, 
          9.895743882834177, 
          81.64752093956196
        ], 
        [
          2.6068305162548935, 
          3.143484838003846, 
          86.5520234519214
        ], 
        [
          12.318655811478987, 
          5.248260928172697, 
          88.69010430229132
        ], 
        [
          10.255555286768228, 
          15.175765959993592, 
          88.28848087285786
        ], 
        [
          0.5437299915441354, 
          13.07098986982474, 
          86.15040002248794
        ], 
        [
          0.927362354839488, 
          6.31873082499441, 
          91.0549025348474
        ], 
        [
          10.639187650063581, 
          8.423506915163262, 
          93.1929833852173
        ]
      ], 
      "cuboid_centroid": [
        6.431192901511561, 
        9.159625398998719, 
        87.42025216238963
      ], 
      "location": [
        6.431192901511561, 
        9.159625398998719, 
        87.42025216238963
      ], 
      "pose_transform_permuted": [
        [
          0.2915692772895455, 
          -0.5512484243006601, 
          -0.7817362841963439, 
          0.0
        ], 
        [
          0.9554463703729148, 
          0.20706722111120118, 
          0.21034373312443605, 
          0.0
        ], 
        [
          -0.045920350499249876, 
          0.8082376036706365, 
          -0.5870632822982315, 
          0.0
        ], 
        [
          6.431192901511561, 
          9.159625398998719, 
          87.42025216238963, 
          1.0
        ]
      ], 
      "projected_cuboid": [
        [
          558.2000417632518, 
          349.6733177277383
        ], 
        [
          496.2399628251037, 
          337.92529176145723
        ], 
        [
          497.7937979254993, 
          292.6561836193595
        ], 
        [
          556.2900677915119, 
          304.8458686712082
        ], 
        [
          544.0635263622943, 
          364.9579892972863
        ], 
        [
          484.9911151597847, 
          354.20334007625473
        ], 
        [
          487.0740076609653, 
          310.2961090857149
        ], 
        [
          542.9898058756922, 
          321.49211133736605
        ]
      ], 
      "projected_cuboid_centroid": [
        521.1584298788364, 
        329.1661251361779
      ], 
      "quaternion_xyzw": [
        0.9414643193238784, 
        0.06717927764701068, 
        0.13327988116810285, 
        0.3022716005361682
      ], 
      "visibility": 0.5498872604284104
    }, 
    {
      "bounding_box": {
        "bottom_right": [
          265, 
          487
        ], 
        "top_left": [
          221, 
          337
        ]
      }, 
      "class": "037_scissors", 
      "cuboid": [
        [
          -19.211901595749442, 
          -2.2265740150481723, 
          78.69040477598965
        ], 
        [
          1.0220762531448102, 
          -1.9376840957062875, 
          77.70963354496257
        ], 
        [
          0.7522600009511965, 
          -7.076932287234838, 
          70.62935937434625
        ], 
        [
          -19.481717847943056, 
          -7.365822206576725, 
          71.61013060537333
        ], 
        [
          -19.27445426314725, 
          -0.9595230580891422, 
          77.77309421042547
        ], 
        [
          0.9595235857470047, 
          -0.670633138747257, 
          76.79232297939839
        ], 
        [
          0.689707333553391, 
          -5.809881330275809, 
          69.71204880878207
        ], 
        [
          -19.544270515340862, 
          -6.098771249617693, 
          70.69282003980916
        ]
      ], 
      "cuboid_centroid": [
        -9.261097131098026, 
        -4.0182276726619905, 
        74.20122679238587
      ], 
      "location": [
        -9.261097131098026, 
        -4.0182276726619905, 
        74.20122679238587
      ], 
      "pose_transform_permuted": [
        [
          0.03995698917884087, 
          -0.8093586330105463, 
          0.5859537229449883, 
          0.0
        ], 
        [
          -0.9987254509701186, 
          -0.014259268104873032, 
          0.04840971939976538, 
          0.0
        ], 
        [
          0.03082557342596586, 
          0.5871413274562362, 
          0.8088968308910028, 
          0.0
        ], 
        [
          -9.261097131098026, 
          -4.0182276726619905, 
          74.20122679238587, 
          1.0
        ]
      ], 
      "projected_cuboid": [
        [
          350.30444935410156, 
          258.19606374908614
        ], 
        [
          488.67001241667253, 
          259.9882527226133
        ], 
        [
          487.3246923557395, 
          219.8488937639036
        ], 
        [
          335.2970026810296, 
          218.4292545815151
        ], 
        [
          348.32336987418495, 
          266.70672471081184
        ], 
        [
          488.31645509389625, 
          268.62901790467714
        ], 
        [
          486.91752365372383, 
          228.83907814797575
        ], 
        [
          332.9227704700252, 
          227.27629056351304
        ]
      ], 
      "projected_cuboid_centroid": [
        414.47843754259816, 
        244.40562050729514
      ], 
      "quaternion_xyzw": [
        0.024808721420035505, 
        -0.45432097263950244, 
        0.8904802779078467, 
        0.004650946722822094
      ], 
      "visibility": 0.794237012987013
    }, 
    {
      "bounding_box": {
        "bottom_right": [
          345, 
          486
        ], 
        "top_left": [
          304, 
          438
        ]
      }, 
      "class": "061_foam_brick", 
      "cuboid": [
        [
          0.2236630808377188, 
          9.218079151373724, 
          86.86657026427824
        ], 
        [
          -7.489393851609116, 
          9.526643686413012, 
          87.89474138044187
        ], 
        [
          -7.25429932957955, 
          5.38903380493325, 
          90.90009433540801
        ], 
        [
          0.4587576028672852, 
          5.080469269893963, 
          89.8719232192444
        ], 
        [
          0.9068022514660989, 
          12.306095251177952, 
          91.06454762033962
        ], 
        [
          -6.806254680980736, 
          12.614659786217242, 
          92.09271873650326
        ], 
        [
          -6.5711601589511694, 
          8.47704990473748, 
          95.0980716914694
        ], 
        [
          1.1418967734956653, 
          8.168485369698192, 
          94.06990057530577
        ]
      ], 
      "cuboid_centroid": [
        -3.1737485390567253, 
        8.847564528055601, 
        90.98232097787383
      ], 
      "location": [
        -3.1737485390567253, 
        8.847564528055601, 
        90.98232097787383
      ], 
      "pose_transform_permuted": [
        [
          -0.12997320494187348, 
          -0.5875220843133223, 
          -0.7987019259030664, 
          0.0
        ], 
        [
          0.9904534454902286, 
          -0.03962356424468927, 
          -0.13203009305867308, 
          0.0
        ], 
        [
          -0.045923178392536235, 
          0.8082374487739828, 
          -0.5870632743458333, 
          0.0
        ], 
        [
          -3.1737485390567253, 
          8.847564528055601, 
          90.98232097787383, 
          1.0
        ]
      ], 
      "projected_cuboid": [
        [
          482.98169793366645, 
          329.8811763525892
        ], 
        [
          435.774913362644, 
          331.09142551010336
        ], 
        [
          438.6807093120436, 
          304.90451685764293
        ], 
        [
          484.34212365991505, 
          303.4351500983002
        ], 
        [
          486.9520138705345, 
          345.3571929325256
        ], 
        [
          441.85278841141775, 
          346.3394914758413
        ], 
        [
          444.4382348017485, 
          320.82668933574644
        ], 
        [
          488.1248850546978, 
          319.5969219178954
        ]
      ], 
      "projected_cuboid_centroid": [
        462.8381745504366, 
        325.149134752625
      ], 
      "quaternion_xyzw": [
        0.9483397097252753, 
        0.0016606955511943875, 
        -0.06906894631577916, 
        0.30964256442436155
      ], 
      "visibility": 0.42962184873949577
    }
  ]
}