{
  "camera_data": {
    "location_worldframe": [
      -10.88143048147178, 
      4.518111004172595, 
      81.63252153011086
    ], 
    "quaternion_xyzw_worldframe": [
      0.9245062465638964, 
      0.004814658668991866, 
      0.08405902899568927, 
      -0.3717520886190849
    ]
  }, 
  "objects": [
    {
      "bounding_box": {
        "bottom_right": [
          345, 
          634
        ], 
        "top_left": [
          211, 
          462
        ]
      }, 
      "class": "003_cracker_box", 
      "cuboid": [
        [
          -1.079039300349982, 
          11.14834280161642, 
          74.42491397794043
        ], 
        [
          -1.139155380788806, 
          -0.31209086244711143, 
          62.68894525032241
        ], 
        [
          19.680551549511033, 
          -3.727852124272625, 
          65.91786542354325
        ], 
        [
          19.740667629949858, 
          7.732581539790908, 
          77.65383415116126
        ], 
        [
          -2.6600156172232463, 
          6.141500285566778, 
          79.32230506298829
        ], 
        [
          -2.7201316976620706, 
          -5.3189333784967525, 
          67.58633633537026
        ], 
        [
          18.09957523263777, 
          -8.734694640322266, 
          70.81525650859109
        ], 
        [
          18.159691313076593, 
          2.7257390237412653, 
          82.55122523620912
        ]
      ], 
      "cuboid_centroid": [
        8.510267966143893, 
        1.206824080647077, 
        72.62008524326576
      ], 
      "location": [
        8.510267966143893, 
        1.206824080647077, 
        72.62008524326576
      ], 
      "pose_transform_permuted": [
        [
          0.2201916928512081, 
          0.6973318434198587, 
          -0.6820879111610033, 
          0.0
        ], 
        [
          0.003664810035603816, 
          0.6986535382520894, 
          0.7154507688550196, 
          0.0
        ], 
        [
          -0.9754497360534381, 
          0.1600360385678719, 
          -0.15128211656630247, 
          0.0
        ], 
        [
          8.510267966143893, 
          1.206824080647077, 
          72.62008524326576, 
          1.0
        ]
      ], 
      "projected_cuboid": [
        [
          473.8003720289153, 
          353.17416187266866
        ], 
        [
          471.8250627047156, 
          270.6314579189587
        ], 
        [
          642.1528214359877, 
          243.12572302988409
        ], 
        [
          618.3040437983365, 
          326.393215954483
        ], 
        [
          463.5635451885091, 
          314.57861049172135
        ], 
        [
          459.9538046555165, 
          231.31516497700093
        ], 
        [
          619.0434440635379, 
          207.50433320838945
        ], 
        [
          599.8948719048421, 
          290.8960888489782
        ]
      ], 
      "projected_cuboid_centroid": [
        544.6170432554295, 
        282.1494154277446
      ], 
      "quaternion_xyzw": [
        0.6792990430886237, 
        0.6161142472296691, 
        0.34434115255486997, 
        -0.20096073018548208
      ], 
      "visibility": 0.9733582870039081
    }, 
    {
      "bounding_box": {
        "bottom_right": [
          391, 
          478
        ], 
        "top_left": [
          331, 
          410
        ]
      }, 
      "class": "005_tomato_soup_can", 
      "cuboid": [
        [
          -10.40047240403679, 
          16.20904691955434, 
          81.21539517229407
        ], 
        [
          -4.8499174167158925, 
          12.770951502643197, 
          79.44106912155078
        ], 
        [
          0.443592430078802, 
          17.571145090834285, 
          86.69925816708593
        ], 
        [
          -5.106962557242095, 
          21.009240507745425, 
          88.4735842178292
        ], 
        [
          -12.015572219189377, 
          11.327620154348372, 
          85.62163756058041
        ], 
        [
          -6.46501723186848, 
          7.88952473743723, 
          83.84731150983713
        ], 
        [
          -1.171507385073787, 
          12.689718325628318, 
          91.10550055537226
        ], 
        [
          -6.722062372394682, 
          16.12781374253946, 
          92.87982660611556
        ]
      ], 
      "cuboid_centroid": [
        -5.7859898945552874, 
        14.449382622591328, 
        86.16044786383317
      ], 
      "location": [
        -5.7859898945552874, 
        14.449382622591328, 
        86.16044786383317
      ], 
      "pose_transform_permuted": [
        [
          0.2385178576302911, 
          0.7208888536131061, 
          -0.6507136492703671, 
          0.0
        ], 
        [
          -0.8203719943448219, 
          0.5081504823143053, 
          0.2622453798208062, 
          0.0
        ], 
        [
          -0.5197103501505339, 
          -0.471277160657352, 
          -0.7126001612328993, 
          0.0
        ], 
        [
          -5.7859898945552874, 
          14.449382622591328, 
          86.16044786383317, 
          1.0
        ]
      ], 
      "projected_cuboid": [
        [
          412.73081763541387, 
          379.7269749010513
        ], 
        [
          448.7663040523726, 
          359.0230292875535
        ], 
        [
          484.34851188512226, 
          381.3732272311136
        ], 
        [
          450.55570542982264, 
          399.9304338899178
        ], 
        [
          406.13083677125746, 
          343.84395583931894
        ], 
        [
          440.1329651395852, 
          323.468684178154
        ], 
        [
          474.68206930763256, 
          347.5704752489778
        ], 
        [
          442.67706460835836, 
          365.8930728655849
        ]
      ], 
      "projected_cuboid_centroid": [
        445.48424414121143, 
        362.72593747874845
      ], 
      "quaternion_xyzw": [
        0.2996099351758674, 
        0.8576658446435507, 
        0.4178460130477065, 
        -0.006916307306249427
      ], 
      "visibility": 0.9459753444525019
    }, 
    {
      "bounding_box": {
        "bottom_right": [
          373, 
          601
        ], 
        "top_left": [
          309, 
          526
        ]
      }, 
      "class": "010_potted_meat_can", 
      "cuboid": [
        [
          18.730079306659803, 
          11.975777100051365, 
          80.57304116093788
        ], 
        [
          9.197572340880317, 
          10.690901199181376, 
          77.28648862915801
        ], 
        [
          7.929001903027413, 
          4.9416111403072085, 
          83.21360544558209
        ], 
        [
          17.4615088688069, 
          6.226487041177198, 
          86.50015797736195
        ], 
        [
          16.93182639965923, 
          16.091023864696478, 
          84.17994439877252
        ], 
        [
          7.399319433879745, 
          14.806147963826488, 
          80.89339186699267
        ], 
        [
          6.130748996026843, 
          9.05685790495232, 
          86.82050868341675
        ], 
        [
          15.663255961806327, 
          10.34173380582231, 
          90.10706121519661
        ]
      ], 
      "cuboid_centroid": [
        12.430414151343323, 
        10.516317502501844, 
        83.69677492217731
      ], 
      "location": [
        12.430414151343323, 
        10.516317502501844, 
        83.69677492217731
      ], 
      "pose_transform_permuted": [
        [
          0.31219127133443486, 
          -0.7144401737419623, 
          -0.6261876196703029, 
          0.0
        ], 
        [
          0.9378050885539928, 
          0.1264056939398985, 
          0.3233300221198558, 
          0.0
        ], 
        [
          0.1518464152471513, 
          0.6881833752438082, 
          -0.7094690325973573, 
          0.0
        ], 
        [
          12.430414151343323, 
          10.516317502501844, 
          83.69677492217731, 
          1.0
        ]
      ], 
      "projected_cuboid": [
        [
          606.6061609538882, 
          352.55519110813816
        ], 
        [
          545.5943284530622, 
          347.0596783116873
        ], 
        [
          532.8378715977169, 
          304.9575367253366
        ], 
        [
          590.1537629544159, 
          311.67614964307205
        ], 
        [
          589.7621084109816, 
          375.2307504848829
        ], 
        [
          530.786349671705, 
          370.9015406187552
        ], 
        [
          519.5707721272021, 
          328.92085475700674
        ], 
        [
          575.0762631383603, 
          334.4964929861371
        ]
      ], 
      "projected_cuboid_centroid": [
        561.4642977314523, 
        340.2969821968144
      ], 
      "quaternion_xyzw": [
        0.9016895368512524, 
        -0.007053625518405469, 
        0.1762029133867863, 
        0.39478921184770704
      ], 
      "visibility": 0.6375821287779238
    }, 
    {
      "bounding_box": {
        "bottom_right": [
          283, 
          533
        ], 
        "top_left": [
          229, 
          377
        ]
      }, 
      "class": "037_scissors", 
      "cuboid": [
        [
          -13.163932257462369, 
          0.874986706746278, 
          72.95474697563627
        ], 
        [
          6.842071113240629, 
          -1.431130840540504, 
          75.16854013945434
        ], 
        [
          6.795813024354551, 
          -7.698186819125363, 
          69.05815351783453
        ], 
        [
          -13.210190346348444, 
          -5.392069271838581, 
          66.84436035401647
        ], 
        [
          -12.9170547677307, 
          1.9532536379395227, 
          71.84696470118703
        ], 
        [
          7.088948602972294, 
          -0.3528639093472594, 
          74.06075786500509
        ], 
        [
          7.042690514086216, 
          -6.619919887932118, 
          67.95037124338529
        ], 
        [
          -12.963312856616781, 
          -4.313802340645337, 
          65.73657807956724
        ]
      ], 
      "cuboid_centroid": [
        -3.060620871688076, 
        -2.8724665905929205, 
        70.45255910951079
      ], 
      "location": [
        -3.060620871688076, 
        -2.8724665905929205, 
        70.45255910951079
      ], 
      "pose_transform_permuted": [
        [
          -0.15769880959630284, 
          -0.6887683914035826, 
          0.7076220118829406, 
          0.0
        ], 
        [
          -0.9874728977034517, 
          0.11382726148086396, 
          -0.10927023803228995, 
          0.0
        ], 
        [
          0.005284826632605521, 
          0.7159894656526461, 
          0.698090533592542, 
          0.0
        ], 
        [
          -3.060620871688076, 
          -2.8724665905929205, 
          70.45255910951079, 
          1.0
        ]
      ], 
      "projected_cuboid": [
        [
          384.56309400956104, 
          279.6829352697167
        ], 
        [
          530.5459996793469, 
          263.1326876881553
        ], 
        [
          534.5168697473524, 
          213.83528456080543
        ], 
        [
          375.32086271641623, 
          230.26576373426127
        ], 
        [
          384.9148042490206, 
          287.78552788791103
        ], 
        [
          533.07077249863, 
          270.74552654063626
        ], 
        [
          537.3334172423329, 
          221.32901588618972
        ], 
        [
          375.54951674124834, 
          238.28874324665304
        ]
      ], 
      "projected_cuboid_centroid": [
        458.23536588901834, 
        251.54222231524605
      ], 
      "quaternion_xyzw": [
        -0.07227443170817521, 
        -0.3754534151200622, 
        0.9234560594905205, 
        0.03224627931381618
      ], 
      "visibility": 0.8169204737732656
    }, 
    {
      "bounding_box": {
        "bottom_right": [
          373, 
          524
        ], 
        "top_left": [
          322, 
          471
        ]
      }, 
      "class": "061_foam_brick", 
      "cuboid": [
        [
          6.4303732355929775, 
          11.212626682291681, 
          82.16152270711189
        ], 
        [
          -1.2240797887291222, 
          12.618970617404354, 
          81.88740449505475
        ], 
        [
          -2.001426933877076, 
          9.095953248823143, 
          85.5193889920118
        ], 
        [
          5.653026090445024, 
          7.689609313710469, 
          85.79350720406894
        ], 
        [
          6.976473635385794, 
          14.906028076014232, 
          85.86099522887706
        ], 
        [
          -0.6779793889363058, 
          16.312372011126907, 
          85.58687701681991
        ], 
        [
          -1.4553265340842596, 
          12.789354642545698, 
          89.21886151377697
        ], 
        [
          6.19912649023784, 
          11.383010707433023, 
          89.4929797258341
        ]
      ], 
      "cuboid_centroid": [
        2.4875233507543593, 
        12.000990662418689, 
        85.69019211044443
      ], 
      "location": [
        2.4875233507543593, 
        12.000990662418689, 
        85.69019211044443
      ], 
      "pose_transform_permuted": [
        [
          -0.10390037964858886, 
          -0.7027019338348567, 
          -0.7038570190696631, 
          0.0
        ], 
        [
          0.9829279671708403, 
          -0.1805922357732104, 
          0.03520022346282414, 
          0.0
        ], 
        [
          0.15184637783720328, 
          0.6881834323515686, 
          -0.709468985209738, 
          0.0
        ], 
        [
          2.4875233507543593, 
          12.000990662418689, 
          85.69019211044443, 
          1.0
        ]
      ], 
      "projected_cuboid": [
        [
          523.6851808382611, 
          346.06894501849274
        ], 
        [
          473.55839613688073, 
          355.47187760994245
        ], 
        [
          469.01167295505667, 
          330.0111012925659
        ], 
        [
          517.0309162913509, 
          321.08758222808575
        ], 
        [
          525.2920726748114, 
          365.87429169947785
        ], 
        [
          477.337152953244, 
          374.9342174474958
        ], 
        [
          472.82513197729764, 
          349.73688907605407
        ], 
        [
          518.8476688640476, 
          341.12183125604724
        ]
      ], 
      "projected_cuboid_centroid": [
        497.20796364366254, 
        347.97843888734803
      ], 
      "quaternion_xyzw": [
        0.9185543558483723, 
        -0.09047875378680642, 
        -0.01869790169420992, 
        0.3843460406162684
      ], 
      "visibility": 0.6108007448789572
    }
  ]
}