{
  "camera_data": {
    "location_worldframe": [
      -19.212682827245093, 
      -4.8295678819368915, 
      95.64916725615389
    ], 
    "quaternion_xyzw_worldframe": [
      0.9546092965819247, 
      0.013118174850765123, 
      -0.0009075105274193489, 
      -0.29757262763556
    ]
  }, 
  "objects": [
    {
      "bounding_box": {
        "bottom_right": [
          274, 
          542
        ], 
        "top_left": [
          158, 
          399
        ]
      }, 
      "class": "003_cracker_box", 
      "cuboid": [
        [
          -11.13908370900247, 
          1.02203092409964, 
          86.0276832128586
        ], 
        [
          -12.053313456710725, 
          -12.212125590479955, 
          76.37888012630056
        ], 
        [
          9.217144261453726, 
          -13.942238647320309, 
          76.73648943368019
        ], 
        [
          10.131374009161979, 
          -0.708082132740713, 
          86.38529252023824
        ], 
        [
          -11.578483890648805, 
          -3.1801372374326737, 
          91.8329487328427
        ], 
        [
          -12.49271363835706, 
          -16.41429375201227, 
          82.18414564628465
        ], 
        [
          8.77774407980739, 
          -18.144406808852622, 
          82.54175495366427
        ], 
        [
          9.691973827515644, 
          -4.910250294273028, 
          92.19055804022231
        ]
      ], 
      "cuboid_centroid": [
        -1.1806698145975403, 
        -8.561187942376492, 
        84.28471908326144
      ], 
      "location": [
        -1.1806698145975403, 
        -8.561187942376492, 
        84.28471908326144
      ], 
      "pose_transform_permuted": [
        [
          0.06119779834980976, 
          0.5852602036210148, 
          -0.8085328215568148, 
          0.0
        ], 
        [
          0.05573347979095694, 
          0.8067836301592958, 
          0.5882125069542299, 
          0.0
        ], 
        [
          -0.9965684164710054, 
          0.08105965805798326, 
          -0.016754794179453095, 
          0.0
        ], 
        [
          -1.1806698145975403, 
          -8.561187942376492, 
          84.28471908326144, 
          1.0
        ]
      ], 
      "projected_cuboid": [
        [
          411.9660133054391, 
          279.62251131085964
        ], 
        [
          396.73279429763545, 
          188.01472306638854
        ], 
        [
          546.1901794769168, 
          176.38780103455161
        ], 
        [
          544.6666986103043, 
          268.9150291647494
        ], 
        [
          413.79469421542916, 
          254.81790020711463
        ], 
        [
          399.8522042434855, 
          166.7688607210443
        ], 
        [
          538.7845486672594, 
          156.05172171641732
        ], 
        [
          538.1320863308134, 
          244.88088890113423
        ]
      ], 
      "projected_cuboid_centroid": [
        474.0640103283469, 
        219.11480632545565
      ], 
      "quaternion_xyzw": [
        0.6973747126555699, 
        0.6464788634804458, 
        0.23280536758750395, 
        -0.20380198734075114
      ], 
      "visibility": 0.9841958895747134
    }, 
    {
      "bounding_box": {
        "bottom_right": [
          335, 
          433
        ], 
        "top_left": [
          275, 
          370
        ]
      }, 
      "class": "005_tomato_soup_can", 
      "cuboid": [
        [
          -19.711073294509227, 
          6.6393948096975715, 
          93.34739422567824
        ], 
        [
          -14.235889101418472, 
          3.2524407653865337, 
          91.26693897481154
        ], 
        [
          -8.31074172566678, 
          9.461782702075045, 
          96.75156425753177
        ], 
        [
          -13.785925918757535, 
          12.848736746386082, 
          98.83201950839846
        ], 
        [
          -20.26701211451684, 
          2.477520823914519, 
          98.65979327094746
        ], 
        [
          -14.791827921426087, 
          -0.9094332203965189, 
          96.57933802008077
        ], 
        [
          -8.866680545674397, 
          5.299908716291993, 
          102.06396330280099
        ], 
        [
          -14.34186473876515, 
          8.68686276060303, 
          104.14441855366768
        ]
      ], 
      "cuboid_centroid": [
        -14.28887692009181, 
        5.969651762994782, 
        97.70567876423961
      ], 
      "location": [
        -14.28887692009181, 
        5.969651762994782, 
        97.70567876423961
      ], 
      "pose_transform_permuted": [
        [
          0.08210101634443001, 
          0.6146253361575856, 
          -0.7845348177661123, 
          0.0
        ], 
        [
          -0.8092321914027418, 
          0.5005917877460472, 
          0.3074912737910687, 
          0.0
        ], 
        [
          -0.5817237535148879, 
          -0.6096256294063224, 
          -0.5384738309031332, 
          0.0
        ], 
        [
          -14.28887692009181, 
          5.969651762994782, 
          97.70567876423961, 
          1.0
        ]
      ], 
      "projected_cuboid": [
        [
          368.0437550733252, 
          311.2192441034293
        ], 
        [
          397.71621360137266, 
          292.29221925845843
        ], 
        [
          435.40434968462125, 
          325.442325285244
        ], 
        [
          406.5851959463889, 
          342.62118236028556
        ], 
        [
          371.12785461844976, 
          286.6791301337342
        ], 
        [
          399.2345992747486, 
          268.2645678999773
        ], 
        [
          434.8794853425039, 
          300.98039794876024
        ], 
        [
          407.54087951766314, 
          317.77162984607844
        ]
      ], 
      "projected_cuboid_centroid": [
        402.9522660615629, 
        305.87146272874196
      ], 
      "quaternion_xyzw": [
        0.3023561539500032, 
        0.8949012010517106, 
        0.3221302993295705, 
        -0.06296512318392085
      ], 
      "visibility": 0.8971553610503282
    }, 
    {
      "bounding_box": {
        "bottom_right": [
          319, 
          533
        ], 
        "top_left": [
          260, 
          472
        ]
      }, 
      "class": "010_potted_meat_can", 
      "cuboid": [
        [
          9.239362055148312, 
          3.9009924974567367, 
          88.73235747393437
        ], 
        [
          -0.5469030927790122, 
          1.5880438424850671, 
          87.2490147450456
        ], 
        [
          -0.4672043959106198, 
          -3.158089573832696, 
          94.12376467537979
        ], 
        [
          9.319060752016705, 
          -0.8451409188610259, 
          95.60710740426856
        ], 
        [
          7.683255256252139, 
          8.456486713738142, 
          91.89538205405005
        ], 
        [
          -2.1030098916751867, 
          6.143538058766474, 
          90.41203932516126
        ], 
        [
          -2.0233111948067943, 
          1.3974046424487108, 
          97.28678925549545
        ], 
        [
          7.762953953120531, 
          3.7103532974203803, 
          98.77013198438424
        ]
      ], 
      "cuboid_centroid": [
        3.6080254301707595, 
        2.649198569952724, 
        93.00957336471491
      ], 
      "location": [
        3.6080254301707595, 
        2.649198569952724, 
        93.00957336471491
      ], 
      "pose_transform_permuted": [
        [
          0.27015274547219176, 
          -0.7908706975537256, 
          -0.5491266890681379, 
          0.0
        ], 
        [
          0.9627697400706146, 
          0.22754717368508898, 
          0.145930799129263, 
          0.0
        ], 
        [
          -0.009539841902525839, 
          0.5681066845388173, 
          -0.822899621095299, 
          0.0
        ], 
        [
          3.6080254301707595, 
          2.649198569952724, 
          93.00957336471491, 
          1.0
        ]
      ], 
      "projected_cuboid": [
        [
          537.5923858423953, 
          296.7331785523064
        ], 
        [
          478.2262023397225, 
          282.99363762727666
        ], 
        [
          478.9277569127647, 
          255.39232156390867
        ], 
        [
          534.0142553283874, 
          268.57213740175916
        ], 
        [
          526.5588302391368, 
          322.3641942080616
        ], 
        [
          469.08852425950334, 
          309.5258395296924
        ], 
        [
          470.4129816732122, 
          280.94701549472796
        ], 
        [
          523.8632605624, 
          293.3209758650535
        ]
      ], 
      "projected_cuboid_centroid": [
        502.45799967502194, 
        288.4771191867113
      ], 
      "quaternion_xyzw": [
        0.8774968822847137, 
        0.0675463982761734, 
        0.11854274157593299, 
        0.4597652570705713
      ], 
      "visibility": 0.8276216586703221
    }, 
    {
      "bounding_box": {
        "bottom_right": [
          215, 
          465
        ], 
        "top_left": [
          163, 
          334
        ]
      }, 
      "class": "037_scissors", 
      "cuboid": [
        [
          -22.471088720460713, 
          -9.975939047151227, 
          88.1203144472092
        ], 
        [
          -2.24032533757966, 
          -10.824532564464572, 
          87.44553213349307
        ], 
        [
          -2.7077044608133733, 
          -18.011300531250697, 
          82.47090872443829
        ], 
        [
          -22.938467843694426, 
          -17.16270701393735, 
          83.14569103815441
        ], 
        [
          -22.476632283038636, 
          -9.084703339322694, 
          86.83327994128857
        ], 
        [
          -2.245868900157583, 
          -9.93329685663604, 
          86.15849762757244
        ], 
        [
          -2.713248023391296, 
          -17.120064823422165, 
          81.18387421851764
        ], 
        [
          -22.94401140627235, 
          -16.271471306108822, 
          81.85865653223378
        ]
      ], 
      "cuboid_centroid": [
        -12.592168371926004, 
        -13.548001935286697, 
        84.65209433286343
      ], 
      "location": [
        -12.592168371926004, 
        -13.548001935286697, 
        84.65209433286343
      ], 
      "pose_transform_permuted": [
        [
          0.0035410811265587086, 
          -0.5692977936021645, 
          0.82212359544669, 
          0.0
        ], 
        [
          -0.998566788692111, 
          0.041885582241823274, 
          0.03330646477947144, 
          0.0
        ], 
        [
          0.053396448004421886, 
          0.8210633787047601, 
          0.5683335155523148, 
          0.0
        ], 
        [
          -12.592168371926004, 
          -13.548001935286697, 
          84.65209433286343, 
          1.0
        ]
      ], 
      "projected_cuboid": [
        [
          344.46475141899987, 
          212.91040691854914
        ], 
        [
          467.81973451745307, 
          207.26904052381957
        ], 
        [
          463.9410731652717, 
          156.81177809012829
        ], 
        [
          333.2372145347914, 
          163.20016265067673
        ], 
        [
          342.3978577884503, 
          217.48938046951105
        ], 
        [
          467.5793283581565, 
          211.79960535180882
        ], 
        [
          463.6244461903966, 
          160.82004234568163
        ], 
        [
          330.86818737465853, 
          167.27582803119225
        ]
      ], 
      "projected_cuboid_centroid": [
        401.603595699681, 
        187.93230307594473
      ], 
      "quaternion_xyzw": [
        0.009654355442391, 
        -0.29806861626495856, 
        0.9541689791178972, 
        0.024964663579382644
      ], 
      "visibility": 0.7449074074074075
    }, 
    {
      "bounding_box": {
        "bottom_right": [
          316, 
          470
        ], 
        "top_left": [
          274, 
          424
        ]
      }, 
      "class": "061_foam_brick", 
      "cuboid": [
        [
          -2.5895474353281793, 
          2.763888422503836, 
          92.36181355072361
        ], 
        [
          -10.2855026544281, 
          3.6995238379206152, 
          93.09696985695369
        ], 
        [
          -10.236664711847489, 
          0.7912154704433488, 
          97.309639870681
        ], 
        [
          -2.540709492747567, 
          -0.14441994497342986, 
          96.5744835644509
        ], 
        [
          -1.7880055577246394, 
          7.042993761532804, 
          95.30669462761662
        ], 
        [
          -9.483960776824562, 
          7.978629176949583, 
          96.04185093384673
        ], 
        [
          -9.435122834243948, 
          5.070320809472316, 
          100.25452094757404
        ], 
        [
          -1.7391676151440272, 
          4.134685394055538, 
          99.51936464134393
        ]
      ], 
      "cuboid_centroid": [
        -6.012335134786064, 
        3.9171046159880762, 
        96.30816724914881
      ], 
      "location": [
        -6.012335134786064, 
        3.9171046159880762, 
        96.30816724914881
      ], 
      "pose_transform_permuted": [
        [
          -0.152500356013008, 
          -0.8141372345636243, 
          -0.5602893937181035, 
          0.0
        ], 
        [
          0.98825737056733, 
          -0.12014734612211002, 
          -0.0944033089417998, 
          0.0
        ], 
        [
          -0.009539965159936215, 
          0.5681066612150469, 
          -0.8228996357684447, 
          0.0
        ], 
        [
          -6.012335134786064, 
          3.9171046159880762, 
          96.30816724914881, 
          1.0
        ]
      ], 
      "projected_cuboid": [
        [
          466.5197835988277, 
          289.245902190019
        ], 
        [
          422.18403728350415, 
          294.4798003851758
        ], 
        [
          425.02600428896835, 
          277.6229090280878
        ], 
        [
          467.44941752979634, 
          272.4889982793107
        ], 
        [
          471.50832291631014, 
          312.6978984514818
        ], 
        [
          428.4938354374412, 
          317.5917980899564
        ], 
        [
          430.9871862209039, 
          300.2589014728115
        ], 
        [
          472.1992823797276, 
          295.44412207422437
        ]
      ], 
      "projected_cuboid_centroid": [
        448.0254874768222, 
        294.9780378895596
      ], 
      "quaternion_xyzw": [
        0.8827023033702359, 
        -0.03132635446284239, 
        -0.06992835070558544, 
        0.46364353646799045
      ], 
      "visibility": 0.9440885264997088
    }
  ]
}