{
  "camera_data": {
    "location_worldframe": [
      -9.598024016025406, 
      5.743765209187665, 
      81.61569832927282
    ], 
    "quaternion_xyzw_worldframe": [
      0.9320663126836567, 
      -0.010512489027336449, 
      0.12220442240784188, 
      -0.3408956681081838
    ]
  }, 
  "objects": [
    {
      "bounding_box": {
        "bottom_right": [
          346, 
          640
        ], 
        "top_left": [
          205, 
          473
        ]
      }, 
      "class": "003_cracker_box", 
      "cuboid": [
        [
          0.9960888513406749, 
          11.316968485423343, 
          74.6370807698813
        ], 
        [
          0.8670933217593033, 
          -0.8186081518365094, 
          63.601263830402054
        ], 
        [
          21.212763226063146, 
          -5.275382586108867, 
          68.2643556087736
        ], 
        [
          21.34175875564452, 
          6.8601940511509865, 
          79.30017254825285
        ], 
        [
          -1.173074292981828, 
          6.72470311978656, 
          79.71233717718019
        ], 
        [
          -1.3020698225631997, 
          -5.410873517473293, 
          68.67652023770093
        ], 
        [
          19.043600081740646, 
          -9.867647951745651, 
          73.3396120160725
        ], 
        [
          19.17259561132202, 
          2.2679286855142013, 
          84.37542895555173
        ]
      ], 
      "cuboid_centroid": [
        10.01984446654066, 
        0.724660266838846, 
        73.9883463929769
      ], 
      "location": [
        10.01984446654066, 
        0.724660266838846, 
        73.9883463929769
      ], 
      "pose_transform_permuted": [
        [
          0.3021118657637105, 
          0.6395912918426052, 
          -0.706860240757589, 
          0.0
        ], 
        [
          0.007863854527889791, 
          0.7398117562459449, 
          0.6727679578519286, 
          0.0
        ], 
        [
          -0.9532400434081301, 
          0.2088098290775543, 
          -0.2184762571170343, 
          0.0
        ], 
        [
          10.01984446654066, 
          0.724660266838846, 
          73.9883463929769, 
          1.0
        ]
      ], 
      "projected_cuboid": [
        [
          488.7739406772238, 
          354.15198519815607
        ], 
        [
          488.92855217310716, 
          266.4222127774248
        ], 
        [
          648.7042025539679, 
          232.0722788442656
        ], 
        [
          626.3234873214042, 
          319.42358553460133
        ], 
        [
          473.6831480362064, 
          318.27851779031454
        ], 
        [
          471.4013530650193, 
          231.26744908551177
        ], 
        [
          621.2346075806387, 
          201.52981950641413
        ], 
        [
          603.792975859352, 
          287.6216447322109
        ]
      ], 
      "projected_cuboid_centroid": [
        554.4235624871849, 
        278.5100026254278
      ], 
      "quaternion_xyzw": [
        0.6934576274659889, 
        0.6103659879842882, 
        0.35145616148819875, 
        -0.15181714716456296
      ], 
      "visibility": 0.9775910364145658
    }, 
    {
      "bounding_box": {
        "bottom_right": [
          399, 
          488
        ], 
        "top_left": [
          339, 
          420
        ]
      }, 
      "class": "005_tomato_soup_can", 
      "cuboid": [
        [
          -8.35161596498589, 
          17.336846707583923, 
          80.55254414748369
        ], 
        [
          -2.9400439665721088, 
          13.468631288248714, 
          79.31593924978768
        ], 
        [
          2.2315694397447636, 
          18.378725687730295, 
          86.58847670013695
        ], 
        [
          -3.180002558669016, 
          22.246941107065503, 
          87.82508159783296
        ], 
        [
          -10.519190101915626, 
          12.841407914627965, 
          85.12906018930047
        ], 
        [
          -5.107618103501847, 
          8.973192495292755, 
          83.89245529160446
        ], 
        [
          0.06399530281502655, 
          13.883286894774335, 
          91.16499274195374
        ], 
        [
          -5.347576695598753, 
          17.751502314109544, 
          92.40159763964975
        ]
      ], 
      "cuboid_centroid": [
        -4.143810331085431, 
        15.610066801179128, 
        85.85876844471872
      ], 
      "location": [
        -4.143810331085431, 
        15.610066801179128, 
        85.85876844471872
      ], 
      "pose_transform_permuted": [
        [
          0.3201072370542396, 
          0.663886169724226, 
          -0.6758596536658461, 
          0.0
        ], 
        [
          -0.7998303094051742, 
          0.5717222161323221, 
          0.18277019657616503, 
          0.0
        ], 
        [
          -0.5077427060738553, 
          -0.4820670884690844, 
          -0.7140088701435987, 
          0.0
        ], 
        [
          -4.143810331085431, 
          15.610066801179128, 
          85.85876844471872, 
          1.0
        ]
      ], 
      "projected_cuboid": [
        [
          425.8421751533863, 
          388.06975131684584
        ], 
        [
          461.6634987447777, 
          363.8494802156959
        ], 
        [
          495.45639304974407, 
          386.48559975661067
        ], 
        [
          462.12551358610426, 
          408.38153752136105
        ], 
        [
          415.1468825207763, 
          353.735849898317
        ], 
        [
          448.8564224876322, 
          330.33075327671577
        ], 
        [
          481.9745645732829, 
          354.50443266963475
        ], 
        [
          450.4749413216514, 
          375.7438986403175
        ]
      ], 
      "projected_cuboid_centroid": [
        455.64291051653237, 
        370.2498938562501
      ], 
      "quaternion_xyzw": [
        0.3138320468817788, 
        0.8599065431109513, 
        0.4005944165987231, 
        0.03992789727509795
      ], 
      "visibility": 0.9647400945110869
    }, 
    {
      "bounding_box": {
        "bottom_right": [
          370, 
          610
        ], 
        "top_left": [
          309, 
          533
        ]
      }, 
      "class": "010_potted_meat_can", 
      "cuboid": [
        [
          20.440601516969203, 
          11.327853355924391, 
          81.90320771377588
        ], 
        [
          11.045590059973756, 
          10.419062798042853, 
          78.13108866445505
        ], 
        [
          9.082564593664664, 
          5.131590625292281, 
          84.2941633787037
        ], 
        [
          18.47757605066011, 
          6.040381183173818, 
          88.06628242802454
        ], 
        [
          18.70780746055632, 
          15.757658768700194, 
          85.15174110310137
        ], 
        [
          9.312796003560875, 
          14.848868210818658, 
          81.37962205378054
        ], 
        [
          7.34977053725178, 
          9.561396038068084, 
          87.54269676802919
        ], 
        [
          16.74478199424723, 
          10.470186595949622, 
          91.31481581735002
        ]
      ], 
      "cuboid_centroid": [
        13.895186027110492, 
        10.444624696996238, 
        84.72295224090254
      ], 
      "location": [
        13.895186027110492, 
        10.444624696996238, 
        84.72295224090254
      ], 
      "pose_transform_permuted": [
        [
          0.30082708462548763, 
          -0.7690501031277907, 
          -0.5639717110078133, 
          0.0
        ], 
        [
          0.9242783229031641, 
          0.08940653415420155, 
          0.37109990601462534, 
          0.0
        ], 
        [
          0.23497187952953663, 
          0.6329043080257715, 
          -0.7377129202560957, 
          0.0
        ], 
        [
          13.895186027110492, 
          10.444624696996238, 
          84.72295224090254, 
          1.0
        ]
      ], 
      "projected_cuboid": [
        [
          615.8069530193493, 
          347.0488019835729
        ], 
        [
          557.6221314984813, 
          344.4066301684287
        ], 
        [
          539.5403030483354, 
          305.7535281452793
        ], 
        [
          594.4277151098871, 
          309.86641266205373
        ], 
        [
          599.7436339935373, 
          371.97938791507266
        ], 
        [
          543.1368805507569, 
          370.59827284699657
        ], 
        [
          526.7458054446396, 
          331.5355974440286
        ], 
        [
          580.2091197687732, 
          334.437135516945
        ]
      ], 
      "projected_cuboid_centroid": [
        569.7943151819874, 
        339.03404491370486
      ], 
      "quaternion_xyzw": [
        0.8833394508818154, 
        -0.04119745394310785, 
        0.19016669921436918, 
        0.4264394117911644
      ], 
      "visibility": 0.6786301369863014
    }, 
    {
      "bounding_box": {
        "bottom_right": [
          287, 
          541
        ], 
        "top_left": [
          232, 
          390
        ]
      }, 
      "class": "037_scissors", 
      "cuboid": [
        [
          -11.616061557951026, 
          1.7181378580414273, 
          73.04202495618209
        ], 
        [
          8.046501758162886, 
          -1.6466015735332968, 
          76.5805785561815
        ], 
        [
          7.945331466908975, 
          -8.263161478451988, 
          70.85119336124444
        ], 
        [
          -11.717231849204937, 
          -4.898422046877263, 
          67.31263976124504
        ], 
        [
          -11.239185891712358, 
          2.7094879435524124, 
          71.89051317700674
        ], 
        [
          8.423377424401554, 
          -0.6552514880223123, 
          75.42906677700614
        ], 
        [
          8.322207133147645, 
          -7.271811392941002, 
          69.69968158206909
        ], 
        [
          -11.340356182966268, 
          -3.907071961366278, 
          66.16112798206969
        ]
      ], 
      "cuboid_centroid": [
        -1.6469272124016923, 
        -2.776836767449787, 
        71.37085326912559
      ], 
      "location": [
        -1.6469272124016923, 
        -2.776836767449787, 
        71.37085326912559
      ], 
      "pose_transform_permuted": [
        [
          -0.24073820580503383, 
          -0.6332482096613916, 
          0.7355552626910133, 
          0.0
        ], 
        [
          -0.9705210988054693, 
          0.16607959795607116, 
          -0.17465886175883477, 
          0.0
        ], 
        [
          0.011558355792948786, 
          0.7559190801820773, 
          0.654562438608926, 
          0.0
        ], 
        [
          -1.6469272124016923, 
          -2.776836767449787, 
          71.37085326912559, 
          1.0
        ]
      ], 
      "projected_cuboid": [
        [
          396.0750707979813, 
          285.8315977169905
        ], 
        [
          538.1012010544674, 
          261.8193372707292
        ], 
        [
          541.9025229789972, 
          211.08707984535747
        ], 
        [
          387.98752267606153, 
          234.47622815696425
        ], 
        [
          397.52436611481164, 
          293.38686717375475
        ], 
        [
          541.6506993772363, 
          268.6535965253591
        ], 
        [
          545.8065955200623, 
          217.6449721528163
        ], 
        [
          389.42156227058956, 
          241.79194208488045
        ]
      ], 
      "projected_cuboid_centroid": [
        469.187827041582, 
        252.53659091598144
      ], 
      "quaternion_xyzw": [
        -0.1116272394781902, 
        -0.3460658701326325, 
        0.9303219122538392, 
        0.04773561479344992
      ], 
      "visibility": 0.8173374613003096
    }, 
    {
      "bounding_box": {
        "bottom_right": [
          378, 
          534
        ], 
        "top_left": [
          325, 
          479
        ]
      }, 
      "class": "061_foam_brick", 
      "cuboid": [
        [
          8.047412262748102, 
          11.404866196479801, 
          82.79314704768517
        ], 
        [
          0.5254753483216239, 
          13.249493222943546, 
          81.9798750463282
        ], 
        [
          -0.6774098867131283, 
          10.009464251992409, 
          85.75644898685468
        ], 
        [
          6.84452702771335, 
          8.164837225528665, 
          86.56972098821164
        ], 
        [
          8.618463593213956, 
          15.279086186086452, 
          86.29883617982546
        ], 
        [
          1.0965266787874777, 
          17.123713212550197, 
          85.4855641784685
        ], 
        [
          -0.10635855624727478, 
          13.88368424159906, 
          89.26213811899497
        ], 
        [
          7.415578358179204, 
          12.039057215135315, 
          90.07541012035193
        ]
      ], 
      "cuboid_centroid": [
        3.970526853250414, 
        12.64427521903943, 
        86.02764258334007
      ], 
      "location": [
        3.970526853250414, 
        12.64427521903943, 
        86.02764258334007
      ], 
      "pose_transform_permuted": [
        [
          -0.10864751253934989, 
          -0.7371042539338897, 
          -0.6669880335145272, 
          0.0
        ], 
        [
          0.9659112332378985, 
          -0.2368732929118702, 
          0.10443434593049183, 
          0.0
        ], 
        [
          0.23497065247356788, 
          0.6329047020979157, 
          -0.737712973004064, 
          0.0
        ], 
        [
          3.970526853250414, 
          12.64427521903943, 
          86.02764258334007, 
          1.0
        ]
      ], 
      "projected_cuboid": [
        [
          533.867201434285, 
          346.7520203664215
        ], 
        [
          485.0440338002975, 
          359.48103631283584
        ], 
        [
          477.3491476217588, 
          335.53542265082444
        ], 
        [
          524.1147105290071, 
          323.58666065795575
        ], 
        [
          535.3023079609598, 
          367.71001153813404
        ], 
        [
          488.49498922244754, 
          380.1164066338049
        ], 
        [
          480.9563069039751, 
          356.23817737347605
        ], 
        [
          525.869209611641, 
          344.56753428409684
        ]
      ], 
      "projected_cuboid_centroid": [
        506.41707358155026, 
        351.6734306919565
      ], 
      "quaternion_xyzw": [
        0.9035767771543187, 
        -0.13054893544061655, 
        -0.001165691371055041, 
        0.40804978177468
      ], 
      "visibility": 0.6926229508196722
    }
  ]
}