{
  "camera_data": {
    "location_worldframe": [
      -11.095445082500612, 
      2.3615513431607518, 
      89.28055731733424
    ], 
    "quaternion_xyzw_worldframe": [
      0.9435407353473259, 
      -0.026875173934420186, 
      0.15487122445292273, 
      -0.2915890920266551
    ]
  }, 
  "objects": [
    {
      "bounding_box": {
        "bottom_right": [
          309, 
          608
        ], 
        "top_left": [
          176, 
          463
        ]
      }, 
      "class": "003_cracker_box", 
      "cuboid": [
        [
          0.1348731512852419, 
          6.555868987650809, 
          82.33194380228906
        ], 
        [
          -0.3316346362209621, 
          -6.568356948725606, 
          72.50264170385417
        ], 
        [
          19.453948371939077, 
          -11.805864199242702, 
          78.55679482170515
        ], 
        [
          19.920456159445283, 
          1.3183617371337122, 
          88.38609692014006
        ], 
        [
          -2.5503370863932453, 
          2.625495823174828, 
          87.70727730844256
        ], 
        [
          -3.016844873899449, 
          -10.498730113201587, 
          77.87797521000766
        ], 
        [
          16.76873813426059, 
          -15.736237363718683, 
          83.93212832785865
        ], 
        [
          17.235245921766797, 
          -2.6120114273422677, 
          93.76143042629354
        ]
      ], 
      "cuboid_centroid": [
        8.451805642772916, 
        -4.590184188033937, 
        83.13203606507386
      ], 
      "location": [
        8.451805642772916, 
        -4.590184188033937, 
        83.13203606507386
      ], 
      "pose_transform_permuted": [
        [
          0.37398472170991903, 
          0.547405746301449, 
          -0.7486537095638462, 
          0.0
        ], 
        [
          0.028439352813094065, 
          0.8000820174913056, 
          0.5992161283699012, 
          0.0
        ], 
        [
          -0.926998722296383, 
          0.24538890399363048, 
          -0.2836505855056143, 
          0.0
        ], 
        [
          8.451805642772916, 
          -4.590184188033937, 
          83.13203606507386, 
          1.0
        ]
      ], 
      "projected_cuboid": [
        [
          482.47801427405454, 
          315.7533273507561
        ], 
        [
          479.13728047005714, 
          224.97059655240156
        ], 
        [
          614.7699342111782, 
          193.1369011740079
        ], 
        [
          602.7983090676806, 
          281.2415009973067
        ], 
        [
          465.9600597244908, 
          289.2513288289377
        ], 
        [
          460.76511224101966, 
          201.3897230899318
        ], 
        [
          589.0365463761729, 
          173.29570349767496
        ], 
        [
          580.4489643233236, 
          258.42928975756655
        ]
      ], 
      "projected_cuboid_centroid": [
        536.2700589186867, 
        243.83898402131368
      ], 
      "quaternion_xyzw": [
        0.7110699625160963, 
        0.6072119590301893, 
        0.34216072305887557, 
        -0.09273178966192942
      ], 
      "visibility": 0.9652044408340102
    }, 
    {
      "bounding_box": {
        "bottom_right": [
          371, 
          481
        ], 
        "top_left": [
          313, 
          419
        ]
      }, 
      "class": "005_tomato_soup_can", 
      "cuboid": [
        [
          -9.0346558518105, 
          13.695054894181572, 
          87.18593909519936
        ], 
        [
          -3.8451670840077306, 
          9.395209718431264, 
          86.58766533609717
        ], 
        [
          1.3270668001273904, 
          14.660997318234864, 
          93.60648936897539
        ], 
        [
          -3.8624219676753806, 
          18.960842493985172, 
          94.20476312807757
        ], 
        [
          -11.690533849829322, 
          9.812020836373751, 
          92.05627842904978
        ], 
        [
          -6.50104508202655, 
          5.512175660623445, 
          91.4580046699476
        ], 
        [
          -1.328811197891431, 
          10.777963260427047, 
          98.47682870282581
        ], 
        [
          -6.518299965694201, 
          15.077808436177353, 
          99.075102461928
        ]
      ], 
      "cuboid_centroid": [
        -5.181733524850966, 
        12.236509077304309, 
        92.8313838990126
      ], 
      "location": [
        -5.181733524850966, 
        12.236509077304309, 
        92.8313838990126
      ], 
      "pose_transform_permuted": [
        [
          0.39221992614433393, 
          0.573446269936125, 
          -0.7192514623207927, 
          0.0
        ], 
        [
          -0.7670064092324758, 
          0.6355170915812972, 
          0.08842485806193794, 
          0.0
        ], 
        [
          -0.5078036238304129, 
          -0.5169886137019989, 
          -0.6890995957967081, 
          0.0
        ], 
        [
          -5.181733524850966, 
          12.236509077304309, 
          92.8313838990126, 
          1.0
        ]
      ], 
      "projected_cuboid": [
        [
          425.87119311221386, 
          357.0596904354762
        ], 
        [
          457.7161561372919, 
          331.1544723042976
        ], 
        [
          489.2209932546785, 
          356.81703924629517
        ], 
        [
          459.5485920797498, 
          380.629184782826
        ], 
        [
          413.30462278052505, 
          330.1315783395963
        ], 
        [
          443.3715672946564, 
          305.42971928414096
        ], 
        [
          474.3406732841843, 
          331.65660278958364
        ], 
        [
          446.2167657643229, 
          354.45012308503425
        ]
      ], 
      "projected_cuboid_centroid": [
        451.57974390470565, 
        343.58571533375397
      ], 
      "quaternion_xyzw": [
        0.3298698234151731, 
        0.8664938668645134, 
        0.36426855226958216, 
        0.0876506688909715
      ], 
      "visibility": 0.9751996637242539
    }, 
    {
      "bounding_box": {
        "bottom_right": [
          334, 
          591
        ], 
        "top_left": [
          281, 
          519
        ]
      }, 
      "class": "010_potted_meat_can", 
      "cuboid": [
        [
          19.208853138142285, 
          6.066359100831596, 
          90.50686455555214
        ], 
        [
          9.943791258208158, 
          5.379878585421785, 
          86.38274094678702
        ], 
        [
          7.371274031762076, 
          0.8524525840821362, 
          92.91564916705407
        ], 
        [
          16.6363359116962, 
          1.5389330994919466, 
          97.03977277581916
        ], 
        [
          17.638142923354156, 
          10.891633971434555, 
          93.23235758670229
        ], 
        [
          8.373081043420031, 
          10.205153456024746, 
          89.10823397793719
        ], 
        [
          5.800563816973947, 
          5.677727454685097, 
          95.64114219820422
        ], 
        [
          15.065625696908075, 
          6.364207970094907, 
          99.76526580696932
        ]
      ], 
      "cuboid_centroid": [
        12.504708477558117, 
        5.872043277758346, 
        93.07400337687818
      ], 
      "location": [
        12.504708477558117, 
        5.872043277758346, 
        93.07400337687818
      ], 
      "pose_transform_permuted": [
        [
          0.2726880167654488, 
          -0.8377068044918555, 
          -0.47316766796008763, 
          0.0
        ], 
        [
          0.9114939236825775, 
          0.06753574089749902, 
          0.4057300057592256, 
          0.0
        ], 
        [
          0.3079273387913184, 
          0.5419276597393693, 
          -0.7819815634874703, 
          0.0
        ], 
        [
          12.504708477558117, 
          5.872043277758346, 
          93.07400337687818, 
          1.0
        ]
      ], 
      "projected_cuboid": [
        [
          595.7301803675376, 
          309.0330874051665
        ], 
        [
          543.5007906298852, 
          306.5014437975865
        ], 
        [
          524.259483628378, 
          278.1794667925817
        ], 
        [
          573.7904305152506, 
          281.74433972263887
        ], 
        [
          583.3338357372342, 
          335.59024712336367
        ], 
        [
          532.1282209766679, 
          334.3651605104403
        ], 
        [
          514.2120550075969, 
          304.9470051182328
        ], 
        [
          562.8052064380315, 
          307.30796532261706
        ]
      ], 
      "projected_cuboid_centroid": [
        553.8469136313291, 
        306.9336957229598
      ], 
      "quaternion_xyzw": [
        0.8553638482222105, 
        -0.0702600414997225, 
        0.1982834626266645, 
        0.4733916365958441
      ], 
      "visibility": 0.7651122625215889
    }, 
    {
      "bounding_box": {
        "bottom_right": [
          257, 
          522
        ], 
        "top_left": [
          204, 
          390
        ]
      }, 
      "class": "037_scissors", 
      "cuboid": [
        [
          -13.009496726085088, 
          -2.3491488589324643, 
          81.0384911377545
        ], 
        [
          6.215947864556618, 
          -6.569297676437601, 
          85.8376424619916
        ], 
        [
          5.918598519888891, 
          -13.694872830378808, 
          80.76292895205479
        ], 
        [
          -13.306846070752815, 
          -9.47472401287367, 
          75.96377762781768
        ], 
        [
          -12.518547543745115, 
          -1.5004571958857218, 
          79.81804818584739
        ], 
        [
          6.70689704689659, 
          -5.720606013390858, 
          84.6171995100845
        ], 
        [
          6.4095477022288625, 
          -12.846181167332063, 
          79.54248600014768
        ], 
        [
          -12.815896888412842, 
          -8.626032349826927, 
          74.74333467591057
        ]
      ], 
      "cuboid_centroid": [
        -3.2999745119281116, 
        -7.597665013132264, 
        80.29048856895109
      ], 
      "location": [
        -3.2999745119281116, 
        -7.597665013132264, 
        80.29048856895109
      ], 
      "pose_transform_permuted": [
        [
          -0.3136053502141618, 
          -0.5421217832466145, 
          0.7795866723415646, 
          0.0
        ], 
        [
          -0.9489454304181201, 
          0.20830160349089039, 
          -0.23688048916365095, 
          0.0
        ], 
        [
          0.03397113399470308, 
          0.8140723115242003, 
          0.579768463332025, 
          0.0
        ], 
        [
          -3.2999745119281116, 
          -7.597665013132264, 
          80.29048856895109, 
          1.0
        ]
      ], 
      "projected_cuboid": [
        [
          395.2672382923519, 
          257.8266364869324
        ], 
        [
          520.5393443464562, 
          232.47070243380574
        ], 
        [
          521.0063545508316, 
          182.8521770159562
        ], 
        [
          387.39502661819, 
          206.76725709515915
        ], 
        [
          397.2549362491573, 
          263.26094571923556
        ], 
        [
          524.2211210065591, 
          237.23108788131285
        ], 
        [
          524.9301895377255, 
          187.15495811743872
        ], 
        [
          389.38913869103, 
          211.73680920390447
        ]
      ], 
      "projected_cuboid_centroid": [
        459.49473066410303, 
        222.8199931876772
      ], 
      "quaternion_xyzw": [
        -0.1462361774706674, 
        -0.2980293578245624, 
        0.9410903801288012, 
        0.06435958293730384
      ], 
      "visibility": 0.8091216216216216
    }, 
    {
      "bounding_box": {
        "bottom_right": [
          348, 
          523
        ], 
        "top_left": [
          299, 
          471
        ]
      }, 
      "class": "061_foam_brick", 
      "cuboid": [
        [
          6.821729091755345, 
          7.001222232558835, 
          90.77812730746757
        ], 
        [
          -0.5188878179652467, 
          9.222175242057535, 
          89.4267183116835
        ], 
        [
          -2.095257744452872, 
          6.447884820730362, 
          93.42991726533653
        ], 
        [
          5.24535916526772, 
          4.226931811231662, 
          94.7813262611206
        ], 
        [
          7.499620892550107, 
          11.156376354851513, 
          93.92466403337917
        ], 
        [
          0.15900398282951528, 
          13.377329364350214, 
          92.5732550375951
        ], 
        [
          -1.4173659436581096, 
          10.60303894302304, 
          96.57645399124813
        ], 
        [
          5.923250966062482, 
          8.38208593352434, 
          97.92786298703219
        ]
      ], 
      "cuboid_centroid": [
        2.702181574048618, 
        8.802130587790938, 
        93.67729064935784
      ], 
      "location": [
        2.702181574048618, 
        8.802130587790938, 
        93.67729064935784
      ], 
      "pose_transform_permuted": [
        [
          -0.1289748469145286, 
          -0.7905544309588463, 
          -0.5986561455081777, 
          0.0
        ], 
        [
          0.9426274658587462, 
          -0.2851982786845639, 
          0.1735378991577341, 
          0.0
        ], 
        [
          0.3079268573413042, 
          0.5419277013834009, 
          -0.7819817242117691, 
          0.0
        ], 
        [
          2.702181574048618, 
          8.802130587790938, 
          93.67729064935784, 
          1.0
        ]
      ], 
      "projected_cuboid": [
        [
          522.0085707997823, 
          314.41857092269726
        ], 
        [
          478.47675783092797, 
          328.2853878652378
        ], 
        [
          469.5371823406871, 
          310.0925562845607
        ], 
        [
          511.3578408892634, 
          297.0708170223126
        ], 
        [
          524.5360170961414, 
          336.6342651040506
        ], 
        [
          482.5207335164315, 
          350.3540637764504
        ], 
        [
          473.7047892309808, 
          331.83919834265447
        ], 
        [
          514.1241879615469, 
          318.9357581299837
        ]
      ], 
      "projected_cuboid_centroid": [
        497.10921736019475, 
        323.39845500591457
      ], 
      "quaternion_xyzw": [
        0.8779537733773808, 
        -0.16889418156498953, 
        0.012689464295989326, 
        0.4477844400398387
      ], 
      "visibility": 0.88016967126193
    }
  ]
}