{
  "camera_data": {
    "location_worldframe": [
      -16.289055090004563, 
      2.4692240102732868, 
      83.43447633608956
    ], 
    "quaternion_xyzw_worldframe": [
      0.9084480866204392, 
      0.020257181488869732, 
      -0.036875152340184736, 
      -0.4158758710550594
    ]
  }, 
  "objects": [
    {
      "bounding_box": {
        "bottom_right": [
          343, 
          574
        ], 
        "top_left": [
          229, 
          396
        ]
      }, 
      "class": "003_cracker_box", 
      "cuboid": [
        [
          -9.086832367194528, 
          10.88353146768952, 
          75.1083064819751
        ], 
        [
          -10.329115660981694, 
          0.4414925085013559, 
          62.51868098000206
        ], 
        [
          10.951548625307755, 
          -0.38022055774631147, 
          61.10035015914325
        ], 
        [
          12.193831919094922, 
          10.061818401441853, 
          73.68997566111628
        ], 
        [
          -8.995261564743675, 
          5.35308309119056, 
          79.68631402652558
        ], 
        [
          -10.237544858530843, 
          -5.088955867997607, 
          67.09668852455255
        ], 
        [
          11.043119427758608, 
          -5.910668934245273, 
          65.67835770369372
        ], 
        [
          12.285402721545774, 
          4.531370024942892, 
          78.26798320566677
        ]
      ], 
      "cuboid_centroid": [
        0.9781435302820398, 
        2.486431266722124, 
        70.39333209283441
      ], 
      "location": [
        0.9781435302820398, 
        2.486431266722124, 
        70.39333209283441
      ], 
      "pose_transform_permuted": [
        [
          -0.012753593961023824, 
          0.7702574524683031, 
          -0.6376055228416051, 
          0.0
        ], 
        [
          0.07573235395423272, 
          0.636569930881329, 
          0.7674915854016188, 
          0.0
        ], 
        [
          -0.9970466169671446, 
          0.03849909109029925, 
          0.06645196445247287, 
          0.0
        ], 
        [
          0.9781435302820398, 
          2.486431266722124, 
          70.39333209283441, 
          1.0
        ]
      ], 
      "projected_cuboid": [
        [
          416.53673541051273, 
          350.5669446055839
        ], 
        [
          392.74959741630323, 
          277.05271789624254
        ], 
        [
          577.985203958724, 
          269.9677506284627
        ], 
        [
          570.5834473383919, 
          346.107362627633
        ], 
        [
          420.89244172484644, 
          309.11331799693363
        ], 
        [
          399.54557928067214, 
          232.83685436845502
        ], 
        [
          572.016386533856, 
          225.29088762586858
        ], 
        [
          566.0076704551851, 
          304.16338281524713
        ]
      ], 
      "projected_cuboid_centroid": [
        489.06951542337947, 
        292.1244370739678
      ], 
      "quaternion_xyzw": [
        0.6617848910118258, 
        0.6171252056505779, 
        0.28511454465462704, 
        -0.31608058308852516
      ], 
      "visibility": 0.9850156875473332
    }, 
    {
      "bounding_box": {
        "bottom_right": [
          379, 
          445
        ], 
        "top_left": [
          318, 
          374
        ]
      }, 
      "class": "005_tomato_soup_can", 
      "cuboid": [
        [
          -17.262497917389673, 
          14.116429423213228, 
          84.12594967322092
        ], 
        [
          -11.860194551098532, 
          11.599848894147284, 
          80.92293008591113
        ], 
        [
          -5.728728758887641, 
          16.503961308851448, 
          87.41132140162581
        ], 
        [
          -11.131032125178786, 
          19.020541837917392, 
          90.61434098893561
        ], 
        [
          -17.32347632614663, 
          8.7425233908437, 
          88.24532611271201
        ], 
        [
          -11.921172959855486, 
          6.2259428617777575, 
          85.04230652540222
        ], 
        [
          -5.789707167644596, 
          11.13005527648192, 
          91.53069784111692
        ], 
        [
          -11.19201053393574, 
          13.646635805547863, 
          94.7337174284267
        ]
      ], 
      "cuboid_centroid": [
        -11.526102542517137, 
        12.623242349847574, 
        87.82832375716892
      ], 
      "location": [
        -11.526102542517137, 
        12.623242349847574, 
        87.82832375716892
      ], 
      "pose_transform_permuted": [
        [
          0.009005288268848489, 
          0.7936181664575205, 
          -0.608349300707019, 
          0.0
        ], 
        [
          -0.7984604056321886, 
          0.37195058733319014, 
          0.473406276087566, 
          0.0
        ], 
        [
          -0.601979844381601, 
          -0.48147978448869255, 
          -0.6370223576037392, 
          0.0
        ], 
        [
          -11.526102542517137, 
          12.623242349847574, 
          87.82832375716892, 
          1.0
        ]
      ], 
      "projected_cuboid": [
        [
          371.2488320409161, 
          362.77816672496755
        ], 
        [
          402.781511300581, 
          349.7349138683086
        ], 
        [
          446.3533026829854, 
          373.9815695262352
        ], 
        [
          415.53833609780264, 
          385.2338007875076
        ], 
        [
          376.02839320756584, 
          326.12286525290415
        ], 
        [
          406.2136731237458, 
          312.3308370786013
        ], 
        [
          447.5812005316215, 
          338.1377472558243
        ], 
        [
          418.0646678072998, 
          350.1125965070274
        ]
      ], 
      "projected_cuboid_centroid": [
        411.0238992227559, 
        349.9386026035788
      ], 
      "quaternion_xyzw": [
        0.2865349354833941, 
        0.8497484173018358, 
        0.42090120291247546, 
        -0.13662896522164378
      ], 
      "visibility": 0.7167381974248928
    }, 
    {
      "bounding_box": {
        "bottom_right": [
          384, 
          556
        ], 
        "top_left": [
          313, 
          485
        ]
      }, 
      "class": "010_potted_meat_can", 
      "cuboid": [
        [
          11.347122414826403, 
          13.89719892211237, 
          77.17143784528324
        ], 
        [
          1.5462967114788562, 
          11.595720371030657, 
          75.76857124829962
        ], 
        [
          2.2467819520420083, 
          5.295670224224682, 
          81.21035491433081
        ], 
        [
          12.047607655389555, 
          7.597148775306392, 
          82.61322151131442
        ], 
        [
          9.898107038823586, 
          17.448216146897018, 
          81.46903618946925
        ], 
        [
          0.09728133547603907, 
          15.146737595815306, 
          80.06616959248562
        ], 
        [
          0.7977665760391911, 
          8.846687449009332, 
          85.50795325851682
        ], 
        [
          10.598592279386738, 
          11.148166000091042, 
          86.91081985550043
        ]
      ], 
      "cuboid_centroid": [
        6.072444495432797, 
        11.37194318556085, 
        81.33969555190002
      ], 
      "location": [
        6.072444495432797, 
        11.37194318556085, 
        81.33969555190002
      ], 
      "pose_transform_permuted": [
        [
          0.2515608069679154, 
          -0.6164853551023032, 
          -0.7460978850822819, 
          0.0
        ], 
        [
          0.9642022030118195, 
          0.22641874841009443, 
          0.1380135821496437, 
          0.0
        ], 
        [
          -0.0838472737021062, 
          0.754108721222388, 
          -0.6513752154243041, 
          0.0
        ], 
        [
          6.072444495432797, 
          11.37194318556085, 
          81.33969555190002, 
          1.0
        ]
      ], 
      "projected_cuboid": [
        [
          560.6687348872605, 
          369.32787844792574
        ], 
        [
          492.5718402936126, 
          354.9064583911924
        ], 
        [
          496.4749561854234, 
          308.0639335435493
        ], 
        [
          560.0199871338019, 
          322.33084522444324
        ], 
        [
          546.9328832952352, 
          387.5075451000391
        ], 
        [
          482.25045870136046, 
          374.1787352992032
        ], 
        [
          486.61426508878736, 
          328.4639978896003
        ], 
        [
          547.1762637052491, 
          341.6961474429091
        ]
      ], 
      "projected_cuboid_centroid": [
        521.7440370558572, 
        347.8489021311691
      ], 
      "quaternion_xyzw": [
        0.9306461208908154, 
        0.08334693906401654, 
        0.10465159107541813, 
        0.34058611057042004
      ], 
      "visibility": 0.5925925925925926
    }, 
    {
      "bounding_box": {
        "bottom_right": [
          274, 
          479
        ], 
        "top_left": [
          225, 
          322
        ]
      }, 
      "class": "037_scissors", 
      "cuboid": [
        [
          -19.936815360743513, 
          -0.7794645591421682, 
          75.07231769896006
        ], 
        [
          0.2093583874325483, 
          -0.537239247479342, 
          72.94341202013284
        ], 
        [
          -0.4172769604517096, 
          -6.272479463412803, 
          66.36091227296266
        ], 
        [
          -20.56345070862777, 
          -6.51470477507563, 
          68.4898179517899
        ], 
        [
          -20.058677796553784, 
          0.40300989786245733, 
          74.05364535581185
        ], 
        [
          0.08749595162227675, 
          0.6452352095252835, 
          71.92473967698463
        ], 
        [
          -0.5391393962619812, 
          -5.0900050064081785, 
          65.34223992981447
        ], 
        [
          -20.68531314443804, 
          -5.332230318071004, 
          67.47114560864169
        ]
      ], 
      "cuboid_centroid": [
        -10.237977378502746, 
        -2.9347347827751733, 
        70.20727881438727
      ], 
      "location": [
        -10.237977378502746, 
        -2.9347347827751733, 
        70.20727881438727
      ], 
      "pose_transform_permuted": [
        [
          0.07784250027280243, 
          -0.7553334022083042, 
          0.6507009450628893, 
          0.0
        ], 
        [
          -0.9943915433844881, 
          -0.011955957717926123, 
          0.10508029118336516, 
          0.0
        ], 
        [
          0.07159092074872775, 
          0.6552313545032369, 
          0.7520278249851008, 
          0.0
        ], 
        [
          -10.237977378502746, 
          -2.9347347827751733, 
          70.20727881438727, 
          1.0
        ]
      ], 
      "projected_cuboid": [
        [
          338.78408211067295, 
          267.74916113574693
        ], 
        [
          483.1405314252732, 
          269.35855869456316
        ], 
        [
          478.2156126604146, 
          222.87680100981402
        ], 
        [
          320.1382683034162, 
          222.55754294202586
        ], 
        [
          335.93462247649467, 
          276.1889348818059
        ], 
        [
          482.251255342794, 
          278.0709358748
        ], 
        [
          477.1599734698177, 
          231.74221150483362
        ], 
        [
          316.7293022043342, 
          231.13840450966657
        ]
      ], 
      "projected_cuboid_centroid": [
        403.1776239654691, 
        250.99324364644994
      ], 
      "quaternion_xyzw": [
        0.05034537106080631, 
        -0.41486716718899935, 
        0.9083396725551811, 
        0.016413178030374655
      ], 
      "visibility": 0.7770953757225434
    }, 
    {
      "bounding_box": {
        "bottom_right": [
          365, 
          487
        ], 
        "top_left": [
          322, 
          433
        ]
      }, 
      "class": "061_foam_brick", 
      "cuboid": [
        [
          -0.15640784014972625, 
          11.369935896480305, 
          81.13004356512008
        ], 
        [
          -7.802599094312061, 
          11.75157550210726, 
          82.55612409431598
        ], 
        [
          -7.373357399578522, 
          7.891067154675281, 
          85.8907092583868
        ], 
        [
          0.27283385458381354, 
          7.5094275490483255, 
          84.4646287291909
        ], 
        [
          0.7372149563644528, 
          14.812188278367188, 
          85.00016930959471
        ], 
        [
          -6.908976297797882, 
          15.193827883994146, 
          86.4262498387906
        ], 
        [
          -6.479734603064342, 
          11.333319536562167, 
          89.76083500286143
        ], 
        [
          1.1664566510979926, 
          10.951679930935212, 
          88.33475447366553
        ]
      ], 
      "cuboid_centroid": [
        -3.3180712216070343, 
        11.351627716521236, 
        85.44543928399075
      ], 
      "location": [
        -3.3180712216070343, 
        11.351627716521236, 
        85.44543928399075
      ], 
      "pose_transform_permuted": [
        [
          -0.17001955657912385, 
          -0.6549186366829158, 
          -0.7363252879713074, 
          0.0
        ], 
        [
          0.9818670520509007, 
          -0.04900732169350616, 
          -0.18312666249703485, 
          0.0
        ], 
        [
          -0.08384773388417716, 
          0.754108653806479, 
          -0.6513752342365099, 
          0.0
        ], 
        [
          -3.3180712216070343, 
          11.351627716521236, 
          85.44543928399075, 
          1.0
        ]
      ], 
      "projected_cuboid": [
        [
          480.5603322263261, 
          348.0283870737055
        ], 
        [
          430.7715599831074, 
          349.2027152141258
        ], 
        [
          435.43228208607724, 
          322.28439446724605
        ], 
        [
          483.33413031607967, 
          320.70194524206374
        ], 
        [
          486.2611501368891, 
          366.22317731563027
        ], 
        [
          438.6078284560375, 
          367.04469558957607
        ], 
        [
          442.7764842230753, 
          340.6241607986924
        ], 
        [
          488.698219943398, 
          339.4071199719746
        ]
      ], 
      "projected_cuboid_centroid": [
        460.7142773940676, 
        344.13929984702287
      ], 
      "quaternion_xyzw": [
        0.9317055588849793, 
        0.009348557561566533, 
        -0.09475799937771842, 
        0.3505114514081937
      ], 
      "visibility": 0.5033768572714993
    }
  ]
}