{
  "camera_data": {
    "location_worldframe": [
      -12.908745594496263, 
      -1.1106338033906198, 
      95.1377029889325
    ], 
    "quaternion_xyzw_worldframe": [
      0.9486253800806455, 
      -0.014175154669138292, 
      0.12155347898232438, 
      -0.2917822098465213
    ]
  }, 
  "objects": [
    {
      "bounding_box": {
        "bottom_right": [
          289, 
          589
        ], 
        "top_left": [
          167, 
          451
        ]
      }, 
      "class": "003_cracker_box", 
      "cuboid": [
        [
          -2.286403831392979, 
          3.527239436987613, 
          87.54460043106968
        ], 
        [
          -2.735626773454353, 
          -9.663460868889096, 
          77.80387459178922
        ], 
        [
          17.572877560237227, 
          -13.997723106585585, 
          82.73665978168995
        ], 
        [
          18.022100502298603, 
          -0.8070228007088787, 
          92.4773856209704
        ], 
        [
          -4.486580603841762, 
          -0.48412841005403967, 
          93.07818405297691
        ], 
        [
          -4.935803545903136, 
          -13.674828715930747, 
          83.33745821369646
        ], 
        [
          15.372700787788446, 
          -18.009090953627236, 
          88.27024340359716
        ], 
        [
          15.821923729849818, 
          -4.8183906477505305, 
          98.01096924287764
        ]
      ], 
      "cuboid_centroid": [
        6.5431484781977325, 
        -7.240925758319813, 
        87.90742191733342
      ], 
      "location": [
        6.5431484781977325, 
        -7.240925758319813, 
        87.90742191733342
      ], 
      "pose_transform_permuted": [
        [
          0.30643131268122636, 
          0.5586863430287631, 
          -0.7706941161846298, 
          0.0
        ], 
        [
          0.02738563017203577, 
          0.8041344429767465, 
          0.5938163225093747, 
          0.0
        ], 
        [
          -0.9514987534771345, 
          0.2030698592396823, 
          -0.23111199536119822, 
          0.0
        ], 
        [
          6.5431484781977325, 
          -7.240925758319813, 
          87.90742191733342, 
          1.0
        ]
      ], 
      "projected_cuboid": [
        [
          467.5522770298288, 
          294.7743951081603
        ], 
        [
          462.6889921954634, 
          207.04674016125728
        ], 
        [
          595.8156182627381, 
          183.05737146386903
        ], 
        [
          586.3971465685597, 
          268.63241567041194
        ], 
        [
          455.67561784320384, 
          270.51257795548145
        ], 
        [
          449.7470750849919, 
          185.7742223068209
        ], 
        [
          575.2513406075265, 
          164.4774930492185
        ], 
        [
          568.4083856476742, 
          247.0676146133165
        ]
      ], 
      "projected_cuboid_centroid": [
        521.6240627163817, 
        229.3570559994494
      ], 
      "quaternion_xyzw": [
        0.7073099754697986, 
        0.6205317531708009, 
        0.3181941674838717, 
        -0.11578175023262909
      ], 
      "visibility": 0.9632462132462133
    }, 
    {
      "bounding_box": {
        "bottom_right": [
          349, 
          471
        ], 
        "top_left": [
          293, 
          411
        ]
      }, 
      "class": "005_tomato_soup_can", 
      "cuboid": [
        [
          -11.469233635791273, 
          10.289213734711296, 
          92.88931342739734
        ], 
        [
          -6.138700447283189, 
          6.216022393736639, 
          92.01072255365264
        ], 
        [
          -0.8113355949743564, 
          11.744059027270465, 
          98.70433203670751
        ], 
        [
          -6.141868783482439, 
          15.817250368245123, 
          99.58292291045221
        ], 
        [
          -13.670959995015291, 
          6.323390787187547, 
          97.91688700212488
        ], 
        [
          -8.340426806507208, 
          2.2501994462128887, 
          97.03829612838018
        ], 
        [
          -3.013061954198374, 
          7.778236079746714, 
          103.73190561143504
        ], 
        [
          -8.343595142706457, 
          11.851427420721372, 
          104.61049648517975
        ]
      ], 
      "cuboid_centroid": [
        -7.2411477949948235, 
        9.033724907229006, 
        98.31060951941619
      ], 
      "location": [
        -7.2411477949948235, 
        9.033724907229006, 
        98.31060951941619
      ], 
      "pose_transform_permuted": [
        [
          0.3251508354860651, 
          0.5856725289111896, 
          -0.7424718069263009, 
          0.0
        ], 
        [
          -0.7878527737797221, 
          0.6020176561400588, 
          0.12985572595056816, 
          0.0
        ], 
        [
          -0.5230341933621897, 
          -0.5427359044582638, 
          -0.6571704273518663, 
          0.0
        ], 
        [
          -7.2411477949948235, 
          9.033724907229006, 
          98.31060951941619, 
          1.0
        ]
      ], 
      "projected_cuboid": [
        [
          415.1982452401767, 
          332.36157016416377
        ], 
        [
          445.71894398184105, 
          309.31632211965933
        ], 
        [
          477.17672523682813, 
          336.7420777325367
        ], 
        [
          448.4299764239747, 
          357.9963368782974
        ], 
        [
          406.5155321056587, 
          307.72787126011616
        ], 
        [
          435.3763334931687, 
          285.65356706775106
        ], 
        [
          465.976838352948, 
          313.2769883583537
        ], 
        [
          438.7057207461452, 
          333.7068451625377
        ]
      ], 
      "projected_cuboid_centroid": [
        441.9876235870537, 
        322.2930737516631
      ], 
      "quaternion_xyzw": [
        0.3208905947137891, 
        0.8765073424056822, 
        0.35448732033776253, 
        0.05570264505699562
      ], 
      "visibility": 0.968533086534012
    }, 
    {
      "bounding_box": {
        "bottom_right": [
          319, 
          575
        ], 
        "top_left": [
          267, 
          509
        ]
      }, 
      "class": "010_potted_meat_can", 
      "cuboid": [
        [
          17.224813066812843, 
          3.918145810841668, 
          94.61877323713468
        ], 
        [
          7.779148801894201, 
          2.8039916279154755, 
          91.03281315250928
        ], 
        [
          5.783399890272773, 
          -1.7920117970868157, 
          97.71772599349157
        ], 
        [
          15.229064155191413, 
          -0.6778576141606228, 
          101.30368607811695
        ], 
        [
          15.601688155975118, 
          8.686642452147675, 
          97.41262823054996
        ], 
        [
          6.156023891056477, 
          7.572488269221483, 
          93.82666814592457
        ], 
        [
          4.160274979435048, 
          2.976484844219192, 
          100.51158098690685
        ], 
        [
          13.60593924435369, 
          4.090639027145384, 
          104.09754107153223
        ]
      ], 
      "cuboid_centroid": [
        10.692544023123945, 
        3.44731532753043, 
        97.56517711202076
      ], 
      "location": [
        10.692544023123945, 
        3.44731532753043, 
        97.56517711202076
      ], 
      "pose_transform_permuted": [
        [
          0.2817876325829063, 
          -0.827849643956022, 
          -0.48503585837278457, 
          0.0
        ], 
        [
          0.9292615304885816, 
          0.10961014410299563, 
          0.35278564461433987, 
          0.0
        ], 
        [
          0.23888883811295136, 
          0.5501362980926973, 
          -0.8001763409061198, 
          0.0
        ], 
        [
          10.692544023123945, 
          3.44731532753043, 
          97.56517711202076, 
          1.0
        ]
      ], 
      "projected_cuboid": [
        [
          579.493970165131, 
          295.37120278051066
        ], 
        [
          527.5513373601414, 
          289.7138414385958
        ], 
        [
          513.4245019551607, 
          263.50617341662985
        ], 
        [
          562.4395640405668, 
          269.71791423012615
        ], 
        [
          567.7258047824431, 
          320.8446073599933
        ], 
        [
          516.8800883950939, 
          316.3292716424941
        ], 
        [
          503.8556602727881, 
          289.0799186132751
        ], 
        [
          551.8848442041631, 
          294.24397730617073
        ]
      ], 
      "projected_cuboid_centroid": [
        540.532701731579, 
        292.1305643846991
      ], 
      "quaternion_xyzw": [
        0.8608765426810722, 
        -0.03754275078960115, 
        0.18428115000699224, 
        0.4727814919291146
      ], 
      "visibility": 0.7813333333333333
    }, 
    {
      "bounding_box": {
        "bottom_right": [
          237, 
          509
        ], 
        "top_left": [
          186, 
          383
        ]
      }, 
      "class": "037_scissors", 
      "cuboid": [
        [
          -15.08021544140124, 
          -5.949545558177118, 
          87.03485949573155
        ], 
        [
          4.553603339677362, 
          -9.299382192786364, 
          90.74309138921475
        ], 
        [
          4.280633010284129, 
          -16.46139933049043, 
          85.71855630289302
        ], 
        [
          -15.353185770794472, 
          -13.111562695881181, 
          82.01032440940983
        ], 
        [
          -14.697170324485553, 
          -5.087594447136821, 
          85.78541707688684
        ], 
        [
          4.936648456593049, 
          -8.437431081746066, 
          89.49364897037005
        ], 
        [
          4.663678127199816, 
          -15.59944821945013, 
          84.46911388404831
        ], 
        [
          -14.970140653878786, 
          -12.249611584840885, 
          80.76088199056512
        ]
      ], 
      "cuboid_centroid": [
        -5.208268657100712, 
        -10.774496888813625, 
        85.75198668988993
      ], 
      "location": [
        -5.208268657100712, 
        -10.774496888813625, 
        85.75198668988993
      ], 
      "pose_transform_permuted": [
        [
          -0.2446790876921844, 
          -0.5505915678622971, 
          0.7981107646756108, 
          0.0
        ], 
        [
          -0.9691023022183398, 
          0.1653440133502554, 
          -0.18303398361796522, 
          0.0
        ], 
        [
          0.031185915834984947, 
          0.8182356821037595, 
          0.5740357520184147, 
          0.0
        ], 
        [
          -5.208268657100712, 
          -10.774496888813625, 
          85.75198668988993, 
          1.0
        ]
      ], 
      "projected_cuboid": [
        [
          388.42064195410023, 
          236.82977599516045
        ], 
        [
          508.5827491233477, 
          218.63176968030314
        ], 
        [
          508.45205250972197, 
          170.8677968359475
        ], 
        [
          380.9220513439483, 
          188.02101559694694
        ], 
        [
          389.46475065716356, 
          241.65745879354745
        ], 
        [
          511.261206613446, 
          223.00534731234205
        ], 
        [
          511.2879013246707, 
          174.79502031833704
        ], 
        [
          381.91510938639755, 
          192.3939377099452
        ]
      ], 
      "projected_cuboid_centroid": [
        448.93520800098366, 
        206.2764264792798
      ], 
      "quaternion_xyzw": [
        -0.112940776091269, 
        -0.29696609909933647, 
        0.9467640610254635, 
        0.0518951704219671
      ], 
      "visibility": 0.8
    }, 
    {
      "bounding_box": {
        "bottom_right": [
          328, 
          510
        ], 
        "top_left": [
          283, 
          462
        ]
      }, 
      "class": "061_foam_brick", 
      "cuboid": [
        [
          4.844064369683486, 
          4.314102306184502, 
          95.59361554329656
        ], 
        [
          -2.6518400931732167, 
          6.204989957302824, 
          94.65576942898115
        ], 
        [
          -3.8747841008897943, 
          3.388675957655481, 
          98.75211106010903
        ], 
        [
          3.621120361966908, 
          1.4977883065371573, 
          99.68995717442444
        ], 
        [
          5.517043349672137, 
          8.51361430475572, 
          98.68177595160616
        ], 
        [
          -1.9788611131845661, 
          10.404501955874043, 
          97.74392983729075
        ], 
        [
          -3.201805120901144, 
          7.588187956226698, 
          101.84027146841863
        ], 
        [
          4.294099341955558, 
          5.697300305108375, 
          102.77811758273403
        ]
      ], 
      "cuboid_centroid": [
        0.8211296243911707, 
        5.9511451312056, 
        98.71694350585759
      ], 
      "location": [
        0.8211296243911707, 
        5.9511451312056, 
        98.71694350585759
      ], 
      "pose_transform_permuted": [
        [
          -0.128040139767099, 
          -0.7989939050692731, 
          -0.5875495402692221, 
          0.0
        ], 
        [
          0.9625683392883704, 
          -0.2428137385070413, 
          0.12043122764408914, 
          0.0
        ], 
        [
          0.23888891729850056, 
          0.5501365540067182, 
          -0.8001761413198737, 
          0.0
        ], 
        [
          0.8211296243911707, 
          5.9511451312056, 
          98.71694350585759, 
          1.0
        ]
      ], 
      "projected_cuboid": [
        [
          508.8474613393542, 
          297.355041203284
        ], 
        [
          466.531276588297, 
          308.2473510155817
        ], 
        [
          460.49656357116044, 
          291.587384716133
        ], 
        [
          501.1307141247434, 
          281.2993795751314
        ], 
        [
          511.66206712787397, 
          319.2978423839714
        ], 
        [
          470.7098426115131, 
          330.0565558786808
        ], 
        [
          464.69004832774016, 
          313.02454318789336
        ], 
        [
          504.0650045956807, 
          302.850047173704
        ]
      ], 
      "projected_cuboid_centroid": [
        486.0702015866806, 
        305.43767767486827
      ], 
      "quaternion_xyzw": [
        0.880376969480164, 
        -0.13678874859992438, 
        -0.002160697174842806, 
        0.45411514096438943
      ], 
      "visibility": 0.9078313253012048
    }
  ]
}