{
  "camera_data": {
    "location_worldframe": [
      -10.136087521113916, 
      4.671814257787557, 
      86.86248236546633
    ], 
    "quaternion_xyzw_worldframe": [
      0.9404156434880345, 
      -0.034870732357324574, 
      0.1711550286345096, 
      -0.29173332269762875
    ]
  }, 
  "objects": [
    {
      "bounding_box": {
        "bottom_right": [
          324, 
          616
        ], 
        "top_left": [
          184, 
          469
        ]
      }, 
      "class": "003_cracker_box", 
      "cuboid": [
        [
          1.3782987571429066, 
          8.610205545772006, 
          80.23647553132218
        ], 
        [
          0.8547442926764487, 
          -4.46533943173487, 
          70.34536184523567
        ], 
        [
          20.3339528124594, 
          -10.211347798343919, 
          76.91022059771993
        ], 
        [
          20.857507276925862, 
          2.8641971791629555, 
          86.80133428380645
        ], 
        [
          -1.5475975369255546, 
          4.7294640950798925, 
          85.52148964711972
        ], 
        [
          -2.0711520013920124, 
          -8.346080882426982, 
          75.6303759610332
        ], 
        [
          17.40805651839094, 
          -14.092089249036032, 
          82.19523471351746
        ], 
        [
          17.9316109828574, 
          -1.0165442715291562, 
          92.08634839960398
        ]
      ], 
      "cuboid_centroid": [
        9.393177637766923, 
        -2.740941851632013, 
        81.21585512241982
      ], 
      "location": [
        9.393177637766923, 
        -2.740941851632013, 
        81.21585512241982
      ], 
      "pose_transform_permuted": [
        [
          0.40750645738462143, 
          0.5404932511802127, 
          -0.7360744069851083, 
          0.0
        ], 
        [
          0.031917045182518256, 
          0.7971143179123308, 
          0.602984300298089, 
          0.0
        ], 
        [
          -0.9126443937353982, 
          0.269213316178458, 
          -0.3075782843042476, 
          0.0
        ], 
        [
          9.393177637766923, 
          -2.740941851632013, 
          81.21585512241982, 
          1.0
        ]
      ], 
      "projected_cuboid": [
        [
          490.83475649017055, 
          330.5172575797359
        ], 
        [
          488.1312699870993, 
          239.43280687561102
        ], 
        [
          623.7741175991478, 
          202.47785079909977
        ], 
        [
          610.8164757948767, 
          290.8845675314964
        ], 
        [
          471.8656872911911, 
          302.7798949168503
        ], 
        [
          466.8703008281744, 
          214.43282582189292
        ], 
        [
          595.4896378087428, 
          181.8507364960909
        ], 
        [
          586.3137327228238, 
          267.3992053139009
        ]
      ], 
      "projected_cuboid_centroid": [
        543.7932122062929, 
        255.28761445098291
      ], 
      "quaternion_xyzw": [
        0.7136534117388644, 
        0.5989457499690877, 
        0.3539851211600677, 
        -0.0815924659802481
      ], 
      "visibility": 0.9717829253888051
    }, 
    {
      "bounding_box": {
        "bottom_right": [
          385, 
          488
        ], 
        "top_left": [
          327, 
          424
        ]
      }, 
      "class": "005_tomato_soup_can", 
      "cuboid": [
        [
          -7.740532698788197, 
          15.957834705183965, 
          84.8699300376226
        ], 
        [
          -2.6443308196600994, 
          11.532882548763407, 
          84.39462117176294
        ], 
        [
          2.464166157823264, 
          16.645394669835255, 
          91.57166036950223
        ], 
        [
          -2.632035721304834, 
          21.070346826255815, 
          92.04696923536189
        ], 
        [
          -10.622263824548096, 
          12.125380802836764, 
          89.65111916445252
        ], 
        [
          -5.526061945419997, 
          7.700428646416207, 
          89.17581029859288
        ], 
        [
          -0.41756496793663445, 
          12.812940767488056, 
          96.35284949633215
        ], 
        [
          -5.513766847064732, 
          17.237892923908614, 
          96.82815836219181
        ]
      ], 
      "cuboid_centroid": [
        -4.079048833362416, 
        14.38538773633601, 
        90.61138976697738
      ], 
      "location": [
        -4.079048833362416, 
        14.38538773633601, 
        90.61138976697738
      ], 
      "pose_transform_permuted": [
        [
          0.42557390443255055, 
          0.5659765951792529, 
          -0.7060857643333809, 
          0.0
        ], 
        [
          -0.7532186076373053, 
          0.6540079025854868, 
          0.07025064756691585, 
          0.0
        ], 
        [
          -0.501546011956213, 
          -0.5019402138639587, 
          -0.7046329680032157, 
          0.0
        ], 
        [
          -4.079048833362416, 
          14.38538773633601, 
          90.61138976697738, 
          1.0
        ]
      ], 
      "projected_cuboid": [
        [
          432.5504873281995, 
          373.56499643556634
        ], 
        [
          464.74734638643895, 
          346.1669186060503
        ], 
        [
          496.0681389622043, 
          370.23044957171055
        ], 
        [
          466.21998373315085, 
          395.3680000871227
        ], 
        [
          417.8803935548026, 
          345.4184097955287
        ], 
        [
          448.27281598900646, 
          319.33926665521824
        ], 
        [
          479.2665577028103, 
          344.20703763488274
        ], 
        [
          450.9747226425909, 
          368.2310874227211
        ]
      ], 
      "projected_cuboid_centroid": [
        457.3885706499574, 
        357.9559047247101
      ], 
      "quaternion_xyzw": [
        0.33575545519116384, 
        0.8604133579034332, 
        0.36918579642886984, 
        0.10324202129179223
      ], 
      "visibility": 0.9724696356275304
    }, 
    {
      "bounding_box": {
        "bottom_right": [
          345, 
          599
        ], 
        "top_left": [
          292, 
          525
        ]
      }, 
      "class": "010_potted_meat_can", 
      "cuboid": [
        [
          20.206003527463643, 
          7.621208178420264, 
          88.92122633248856
        ], 
        [
          11.041926705932548, 
          7.1781468538064646, 
          84.54579317117441
        ], 
        [
          8.18258729495612, 
          2.693854209077331, 
          90.9885890317978
        ], 
        [
          17.34666411648722, 
          3.13691553369113, 
          95.36402219311195
        ], 
        [
          18.6814928621559, 
          12.474696951231504, 
          91.62275078770239
        ], 
        [
          9.517416040624802, 
          12.031635626617705, 
          87.24731762638824
        ], 
        [
          6.658076629648374, 
          7.547342981888572, 
          93.69011348701164
        ], 
        [
          15.82215345117947, 
          7.99040430650237, 
          98.06554664832578
        ]
      ], 
      "cuboid_centroid": [
        13.43204007855601, 
        7.584275580154418, 
        91.3056699097501
      ], 
      "location": [
        13.43204007855601, 
        7.584275580154418, 
        91.3056699097501
      ], 
      "pose_transform_permuted": [
        [
          0.26466740073796474, 
          -0.8426049664608524, 
          -0.46900652902100626, 
          0.0
        ], 
        [
          0.9015590448539273, 
          0.043588236154025906, 
          0.43045376185285095, 
          0.0
        ], 
        [
          0.3422596227817958, 
          0.5367646468049285, 
          -0.7711952181864485, 
          0.0
        ], 
        [
          13.43204007855601, 
          7.584275580154418, 
          91.3056699097501, 
          1.0
        ]
      ], 
      "projected_cuboid": [
        [
          603.7958071371106, 
          318.995979209537
        ], 
        [
          551.8306153041354, 
          318.56668906195716
        ], 
        [
          529.958089617995, 
          289.0762674320906
        ], 
        [
          579.4160534300613, 
          290.82961603537336
        ], 
        [
          591.2448866514978, 
          345.8995093342895
        ], 
        [
          540.2593183208163, 
          346.832717644317
        ], 
        [
          519.8132042630821, 
          316.2488705407666
        ], 
        [
          568.3613313996468, 
          316.7415457773411
        ]
      ], 
      "projected_cuboid_centroid": [
        560.7079046991804, 
        317.5865545637693
      ], 
      "quaternion_xyzw": [
        0.8525447525907162, 
        -0.0875823192038207, 
        0.20383714769180117, 
        0.47323034355184246
      ], 
      "visibility": 0.7518175809649703
    }, 
    {
      "bounding_box": {
        "bottom_right": [
          273, 
          528
        ], 
        "top_left": [
          218, 
          394
        ]
      }, 
      "class": "037_scissors", 
      "cuboid": [
        [
          -11.941774609896221, 
          0.03766627194821126, 
          78.55285787627288
        ], 
        [
          7.036755385317395, 
          -4.673218789125374, 
          83.85212106513056
        ], 
        [
          6.701359006835209, 
          -11.772149968012856, 
          78.74255743387064
        ], 
        [
          -12.277170988378408, 
          -7.061264906939268, 
          73.44329424501296
        ], 
        [
          -11.397178595537035, 
          0.8780424319013533, 
          77.34954049156029
        ], 
        [
          7.5813513996765804, 
          -3.8328426291722333, 
          82.64880368041796
        ], 
        [
          7.245955021194394, 
          -10.931773808059713, 
          77.53924004915804
        ], 
        [
          -11.732574974019222, 
          -6.220888746986128, 
          72.23997686030037
        ]
      ], 
      "cuboid_centroid": [
        -2.347909794350913, 
        -5.447053768055751, 
        78.04604896271546
      ], 
      "location": [
        -2.347909794350913, 
        -5.447053768055751, 
        78.04604896271546
      ], 
      "pose_transform_permuted": [
        [
          -0.3478735273462201, 
          -0.5368100598469615, 
          0.7686473130538028, 
          0.0
        ], 
        [
          -0.9367580151450773, 
          0.23252376978094916, 
          -0.26156542512921904, 
          0.0
        ], 
        [
          0.03831787599023792, 
          0.8110283295449797, 
          0.5837499691346416, 
          0.0
        ], 
        [
          -2.347909794350913, 
          -5.447053768055751, 
          78.04604896271546, 
          1.0
        ]
      ], 
      "projected_cuboid": [
        [
          399.84502509647257, 
          273.54226592053425
        ], 
        [
          526.7254904377206, 
          243.56374665516643
        ], 
        [
          527.3632959386255, 
          193.55432812475817
        ], 
        [
          391.701580809468, 
          222.0100954478734
        ], 
        [
          402.359461300674, 
          279.34057813231766
        ], 
        [
          530.92601046047, 
          248.55381418721237
        ], 
        [
          531.8505134680028, 
          198.09713649981794
        ], 
        [
          394.2582169676647, 
          227.36014185436278
        ]
      ], 
      "projected_cuboid_centroid": [
        465.419166175262, 
        236.06466084992147
      ], 
      "quaternion_xyzw": [
        -0.16249836627694123, 
        -0.29878164709547467, 
        0.9376078148330277, 
        0.0722161338372109
      ], 
      "visibility": 0.8187676198147402
    }, 
    {
      "bounding_box": {
        "bottom_right": [
          361, 
          530
        ], 
        "top_left": [
          310, 
          476
        ]
      }, 
      "class": "061_foam_brick", 
      "cuboid": [
        [
          7.842895053677052, 
          8.861493214250698, 
          88.8618098275119
        ], 
        [
          0.5985566744665352, 
          11.267995503697309, 
          87.3217113443138
        ], 
        [
          -1.1535713667281573, 
          8.520135945663991, 
          91.26969140076231
        ], 
        [
          6.090767012482358, 
          6.11363365621738, 
          92.80978988396042
        ], 
        [
          8.537548263767192, 
          12.9879958922844, 
          92.0422137337781
        ], 
        [
          1.2932098845566755, 
          15.394498181731011, 
          90.50211525057999
        ], 
        [
          -0.45891815663801694, 
          12.646638623697692, 
          94.4500953070285
        ], 
        [
          6.785420222572498, 
          10.240136334251082, 
          95.99019379022661
        ]
      ], 
      "cuboid_centroid": [
        3.691988448519517, 
        10.754065918974195, 
        91.6559525672702
      ], 
      "location": [
        3.691988448519517, 
        10.754065918974195, 
        91.6559525672702
      ], 
      "pose_transform_permuted": [
        [
          -0.13216385170173595, 
          -0.7851032429774465, 
          -0.6050996729214603, 
          0.0
        ], 
        [
          0.9302640925418337, 
          -0.3090251381570427, 
          0.19776800073404044, 
          0.0
        ], 
        [
          0.3422593087567968, 
          0.5367647174072802, 
          -0.771195308411561, 
          0.0
        ], 
        [
          3.691988448519517, 
          10.754065918974195, 
          91.6559525672702, 
          1.0
        ]
      ], 
      "projected_cuboid": [
        [
          529.059829139801, 
          326.47032836868584
        ], 
        [
          485.28323417962827, 
          342.10610842607144
        ], 
        [
          474.80018874890357, 
          323.07256531827204
        ], 
        [
          516.8885544643949, 
          308.4177515880122
        ], 
        [
          531.4783797682608, 
          348.54279567572024
        ], 
        [
          489.2813286604389, 
          364.00471987892547
        ], 
        [
          478.9841583345125, 
          344.69673632355017
        ], 
        [
          519.6108984151076, 
          330.18052918780086
        ]
      ], 
      "projected_cuboid_centroid": [
        503.2587123129828, 
        335.86134946564215
      ], 
      "quaternion_xyzw": [
        0.8763744181100014, 
        -0.18578943926683947, 
        0.018714646296324782, 
        0.44395937376439454
      ], 
      "visibility": 0.8507312153303076
    }
  ]
}