{
  "camera_data": {
    "location_worldframe": [
      -12.313213431285863, 
      -0.291875123287505, 
      93.24994974981013
    ], 
    "quaternion_xyzw_worldframe": [
      0.94720830335562, 
      -0.017846860278224002, 
      0.13157817431800312, 
      -0.2918304881292606
    ]
  }, 
  "objects": [
    {
      "bounding_box": {
        "bottom_right": [
          293, 
          595
        ], 
        "top_left": [
          168, 
          455
        ]
      }, 
      "class": "003_cracker_box", 
      "cuboid": [
        [
          -1.5031457801672852, 
          4.21984886499871, 
          85.84839075214589
        ], 
        [
          -1.9536390425528307, 
          -8.950183220954024, 
          76.07979687366588
        ], 
        [
          18.209557483793716, 
          -13.552165776249211, 
          81.35434041288146
        ], 
        [
          18.660050746179262, 
          -0.3821336902964795, 
          91.12293429136147
        ], 
        [
          -3.849645638902614, 
          0.22927003197646678, 
          91.33670711741972
        ], 
        [
          -4.30013890128816, 
          -12.940762053976265, 
          81.56811323893972
        ], 
        [
          15.863057625058385, 
          -17.542744609271455, 
          86.84265677815529
        ], 
        [
          16.313550887443935, 
          -4.372712523318721, 
          96.61125065663529
        ]
      ], 
      "cuboid_centroid": [
        7.179955922445551, 
        -6.661447872136373, 
        86.34552376515059
      ], 
      "location": [
        7.179955922445551, 
        -6.661447872136373, 
        86.34552376515059
      ], 
      "pose_transform_permuted": [
        [
          0.32681057309694717, 
          0.5557909371072534, 
          -0.7643894841908059, 
          0.0
        ], 
        [
          0.027463071725751076, 
          0.8028744622986559, 
          0.5955152201917517, 
          0.0
        ], 
        [
          -0.9446907583984461, 
          0.21561315362956307, 
          -0.24712413677842818, 
          0.0
        ], 
        [
          7.179955922445551, 
          -6.661447872136373, 
          86.34552376515059, 
          1.0
        ]
      ], 
      "projected_cuboid": [
        [
          472.181194134681, 
          299.50168328595095
        ], 
        [
          467.78792628729946, 
          210.54572924043822
        ], 
        [
          601.9648914792512, 
          184.44511457151629
        ], 
        [
          591.7197724735215, 
          271.0500057405734
        ], 
        [
          458.9314730817338, 
          274.6252571201725
        ], 
        [
          453.24702053038527, 
          188.67551106793223
        ], 
        [
          579.8273849518589, 
          165.55273998634772
        ], 
        [
          572.4026493196976, 
          249.14801162541178
        ]
      ], 
      "projected_cuboid_centroid": [
        526.3141751797563, 
        232.1416071550621
      ], 
      "quaternion_xyzw": [
        0.7084253153202037, 
        0.6167076411954637, 
        0.32548448415900183, 
        -0.10892707871023419
      ], 
      "visibility": 0.9620781463625243
    }, 
    {
      "bounding_box": {
        "bottom_right": [
          354, 
          474
        ], 
        "top_left": [
          297, 
          413
        ]
      }, 
      "class": "005_tomato_soup_can", 
      "cuboid": [
        [
          -10.68904167895579, 
          11.091657428013214, 
          91.04528250447973
        ], 
        [
          -5.396856546707908, 
          6.951522079019109, 
          90.25190395962966
        ], 
        [
          -0.11514381940645746, 
          12.401125318973582, 
          97.04526457101258
        ], 
        [
          -5.407328951654342, 
          16.541260667967688, 
          97.83864311586265
        ], 
        [
          -13.027776323760307, 
          7.147349383357938, 
          96.02771172839904
        ], 
        [
          -7.735591191512422, 
          3.0072140343638325, 
          95.23433318354897
        ], 
        [
          -2.4538784642109728, 
          8.456817274318308, 
          102.0276937949319
        ], 
        [
          -7.746063596458856, 
          12.59695262331241, 
          102.82107233978198
        ]
      ], 
      "cuboid_centroid": [
        -6.571460071583382, 
        9.774237351165759, 
        96.53648814970582
      ], 
      "location": [
        -6.571460071583382, 
        9.774237351165759, 
        96.53648814970582
      ], 
      "pose_transform_permuted": [
        [
          0.34538421205367487, 
          0.5824952091621761, 
          -0.7358048915209081, 
          0.0
        ], 
        [
          -0.7821849312909457, 
          0.6119119801299661, 
          0.11726134424320131, 
          0.0
        ], 
        [
          -0.5185521233256014, 
          -0.5350354093953704, 
          -0.6669638716509599, 
          0.0
        ], 
        [
          -6.571460071583382, 
          9.774237351165759, 
          96.53648814970582, 
          1.0
        ]
      ], 
      "projected_cuboid": [
        [
          418.46165075409954, 
          338.2585821496116
        ], 
        [
          449.44001609515567, 
          314.3647058087403
        ], 
        [
          480.95901424742334, 
          341.4378590706629
        ], 
        [
          451.8760217786604, 
          363.45314254195483
        ], 
        [
          408.64032346406947, 
          312.9815523195068
        ], 
        [
          437.91615634946294, 
          290.1271676335825
        ], 
        [
          468.66325189680333, 
          317.492048230046
        ], 
        [
          441.0844174971749, 
          338.62529947665394
        ]
      ], 
      "projected_cuboid_centroid": [
        444.99023951662065, 
        327.28469235655325
      ], 
      "quaternion_xyzw": [
        0.32349053927969523, 
        0.8736454132265596, 
        0.35754181899685605, 
        0.06527902062919526
      ], 
      "visibility": 0.9776586237712243
    }, 
    {
      "bounding_box": {
        "bottom_right": [
          322, 
          580
        ], 
        "top_left": [
          270, 
          512
        ]
      }, 
      "class": "010_potted_meat_can", 
      "cuboid": [
        [
          17.886708995381145, 
          4.349802188724255, 
          93.2579629256349
        ], 
        [
          8.490718624367336, 
          3.362267377898123, 
          89.50814124685577
        ], 
        [
          6.321270393813713, 
          -1.217159163708135, 
          96.15017917337957
        ], 
        [
          15.717260764827524, 
          -0.22962435288200259, 
          99.9000008521587
        ], 
        [
          16.27700313013412, 
          9.134812189906635, 
          96.03127263328281
        ], 
        [
          6.88101275912031, 
          8.147277379080503, 
          92.28145095450367
        ], 
        [
          4.711564528566687, 
          3.567850837474244, 
          98.92348888102748
        ], 
        [
          14.107554899580496, 
          4.555385648300376, 
          102.6733105598066
        ]
      ], 
      "cuboid_centroid": [
        11.299136761973916, 
        3.95882651309925, 
        96.09072590333119
      ], 
      "location": [
        11.299136761973916, 
        3.95882651309925, 
        96.09072590333119
      ], 
      "pose_transform_permuted": [
        [
          0.2794579775678937, 
          -0.8307164969964024, 
          -0.481469030337263, 
          0.0
        ], 
        [
          0.9243746281616833, 
          0.09715336941704734, 
          0.36890629759341387, 
          0.0
        ], 
        [
          0.2596804458342908, 
          0.5481520643091022, 
          -0.7950442631985803, 
          0.0
        ], 
        [
          11.299136761973916, 
          3.95882651309925, 
          96.09072590333119, 
          1.0
        ]
      ], 
      "projected_cuboid": [
        [
          584.739237282493, 
          298.1619975925059
        ], 
        [
          532.609221728583, 
          293.320056849235
        ], 
        [
          516.9516757694192, 
          266.53527840581626
        ], 
        [
          566.203447752834, 
          272.0606804927431
        ], 
        [
          572.7464037155291, 
          324.01766020733436
        ], 
        [
          521.6957133116454, 
          320.3718680325755
        ], 
        [
          507.20989271654184, 
          292.5216533517295
        ], 
        [
          555.4871128175515, 
          296.9487376503572
        ]
      ], 
      "projected_cuboid_centroid": [
        544.8317790807574, 
        295.25868655212037
      ], 
      "quaternion_xyzw": [
        0.8593596049978217, 
        -0.047281451057283354, 
        0.1886184408106287, 
        0.47295705742391264
      ], 
      "visibility": 0.7622739018087855
    }, 
    {
      "bounding_box": {
        "bottom_right": [
          241, 
          513
        ], 
        "top_left": [
          190, 
          385
        ]
      }, 
      "class": "037_scissors", 
      "cuboid": [
        [
          -14.40667866368969, 
          -5.0909588165135276, 
          85.10305377607054
        ], 
        [
          5.115731616030927, 
          -8.698151077654991, 
          89.14321343183552
        ], 
        [
          4.8375360623324415, 
          -15.848945556190547, 
          84.10300503586402
        ], 
        [
          -14.684874217388174, 
          -12.241753295049081, 
          80.06284538009903
        ], 
        [
          -13.99113282256988, 
          -4.232234453258204, 
          83.86180289115451
        ], 
        [
          5.531277457150737, 
          -7.83942671439967, 
          87.90196254691949
        ], 
        [
          5.2530819034522525, 
          -14.990221192935223, 
          82.861754150948
        ], 
        [
          -14.269328376268364, 
          -11.38302893179376, 
          78.821594495183
        ]
      ], 
      "cuboid_centroid": [
        -4.576798380118719, 
        -10.040590004724375, 
        83.98240396350927
      ], 
      "location": [
        -4.576798380118719, 
        -10.040590004724375, 
        83.98240396350927
      ], 
      "pose_transform_permuted": [
        [
          -0.2654396905465761, 
          -0.5485304067369507, 
          0.7928782294990597, 
          0.0
        ], 
        [
          -0.9636033090598225, 
          0.17804678569129237, 
          -0.19941754924950003, 
          0.0
        ], 
        [
          0.03178287963601315, 
          0.8169535321167928, 
          0.5758263734265369, 
          0.0
        ], 
        [
          -4.576798380118719, 
          -10.040590004724375, 
          83.98240396350927, 
          1.0
        ]
      ], 
      "projected_cuboid": [
        [
          390.56163549958256, 
          241.3827705665943
        ], 
        [
          512.4581552452292, 
          221.24786752626042
        ], 
        [
          512.528815582984, 
          172.7841476789093
        ], 
        [
          382.9620915084701, 
          191.74101291791558
        ], 
        [
          391.87889538174477, 
          246.37162038273075
        ], 
        [
          515.4361541887348, 
          225.7230972289866
        ], 
        [
          515.6890148991429, 
          176.80561502515948
        ], 
        [
          384.2439083574882, 
          196.2671337939149
        ]
      ], 
      "projected_cuboid_centroid": [
        452.29048380609106, 
        209.52504720012027
      ], 
      "quaternion_xyzw": [
        -0.1229551307018833, 
        -0.2973933135282477, 
        0.945176580152576, 
        0.055500122869483706
      ], 
      "visibility": 0.8036613272311213
    }, 
    {
      "bounding_box": {
        "bottom_right": [
          332, 
          514
        ], 
        "top_left": [
          286, 
          465
        ]
      }, 
      "class": "061_foam_brick", 
      "cuboid": [
        [
          5.497164516761882, 
          4.903499442883794, 
          94.0202083074419
        ], 
        [
          -1.9565851425994092, 
          6.891950483974902, 
          92.95659482862621
        ], 
        [
          -3.2859673581848896, 
          4.085796058840368, 
          97.02666505120393
        ], 
        [
          4.167782301176403, 
          2.09734501774926, 
          98.09027853001963
        ], 
        [
          6.170673372891885, 
          9.089631445579988, 
          97.12636688642951
        ], 
        [
          -1.2830762864694063, 
          11.078082486671095, 
          96.06275340761383
        ], 
        [
          -2.612458502054886, 
          8.271928061536563, 
          100.13282363019154
        ], 
        [
          4.841291157306406, 
          6.283477020445454, 
          101.19643710900723
        ]
      ], 
      "cuboid_centroid": [
        1.4423530073534985, 
        6.587713752210178, 
        97.07651596881672
      ], 
      "location": [
        1.4423530073534985, 
        6.587713752210178, 
        97.07651596881672
      ], 
      "pose_transform_permuted": [
        [
          -0.12814095333961087, 
          -0.7964482437739526, 
          -0.5909738497316117, 
          0.0
        ], 
        [
          0.9571551327307537, 
          -0.2553421039266906, 
          0.13658133785208013, 
          0.0
        ], 
        [
          0.2596804728207116, 
          0.5481519907395003, 
          -0.7950443051075413, 
          0.0
        ], 
        [
          1.4423530073534985, 
          6.587713752210178, 
          97.07651596881672, 
          1.0
        ]
      ], 
      "projected_cuboid": [
        [
          513.0390040997895, 
          301.1011145074451
        ], 
        [
          470.2780111186071, 
          312.82770411522046
        ], 
        [
          463.3848074793614, 
          295.74464318244486
        ], 
        [
          504.44625854450555, 
          284.6898614034377
        ], 
        [
          515.7625198751911, 
          323.1975828309196
        ], 
        [
          474.4143449579166, 
          334.78965052556015
        ], 
        [
          467.56684276066403, 
          317.34383174250144
        ], 
        [
          507.32398458966804, 
          306.4013534941562
        ]
      ], 
      "projected_cuboid_centroid": [
        489.58711222865526, 
        309.4781618496438
      ], 
      "quaternion_xyzw": [
        0.8798126182889551, 
        -0.14634439369288926, 
        0.0023983471983170623, 
        0.45222485896389003
      ], 
      "visibility": 0.9003476245654692
    }
  ]
}