{
  "camera_data": {
    "location_worldframe": [
      -16.977673775510855, 
      3.852269694054117, 
      81.86921522969126
    ], 
    "quaternion_xyzw_worldframe": [
      0.9173487879535562, 
      0.021537305067665168, 
      -0.05266893432388854, 
      -0.39399665306473014
    ]
  }, 
  "objects": [
    {
      "bounding_box": {
        "bottom_right": [
          353, 
          567
        ], 
        "top_left": [
          236, 
          384
        ]
      }, 
      "class": "003_cracker_box", 
      "cuboid": [
        [
          -10.138581263451174, 
          11.972858346170064, 
          72.96533382603697
        ], 
        [
          -11.5225923492098, 
          0.921137205092663, 
          60.92282209378127
        ], 
        [
          9.725675655097069, 
          0.37487502289503605, 
          58.9821388141488
        ], 
        [
          11.109686740855695, 
          11.426596163972437, 
          71.0246505464045
        ], 
        [
          -9.83364257540384, 
          6.670231692139547, 
          77.79664425897748
        ], 
        [
          -11.217653661162466, 
          -4.381489448937854, 
          65.75413252672178
        ], 
        [
          10.030614343144403, 
          -4.927751631135481, 
          63.8134492470893
        ], 
        [
          11.41462542890303, 
          6.12396950994192, 
          75.855960979345
        ]
      ], 
      "cuboid_centroid": [
        -0.05398346015338534, 
        3.522553357517291, 
        68.38939153656314
      ], 
      "location": [
        -0.05398346015338534, 
        3.522553357517291, 
        68.38939153656314
      ], 
      "pose_transform_permuted": [
        [
          -0.04247057038132207, 
          0.7385274067976529, 
          -0.6728844774998299, 
          0.0
        ], 
        [
          0.0843723955296235, 
          0.673737513371845, 
          0.7341383125461547, 
          0.0
        ], 
        [
          -0.9955287788527651, 
          0.0255936024087432, 
          0.0909253429559948, 
          0.0
        ], 
        [
          -0.05398346015338534, 
          3.522553357517291, 
          68.38939153656314, 
          1.0
        ]
      ], 
      "projected_cuboid": [
        [
          406.87440411758723, 
          360.79877821555084
        ], 
        [
          379.8874741698123, 
          281.35019119676457
        ], 
        [
          570.2699880946383, 
          276.6761775396348
        ], 
        [
          565.7141993299281, 
          359.08812174640155
        ], 
        [
          413.6226829159662, 
          319.01299854527014
        ], 
        [
          389.85453868824806, 
          237.74908905186902
        ], 
        [
          566.1263264112996, 
          232.1029555721522
        ], 
        [
          562.5185254289194, 
          316.34225600581493
        ]
      ], 
      "projected_cuboid_centroid": [
        481.1725827712026, 
        300.7563932633741
      ], 
      "quaternion_xyzw": [
        0.6676171199569025, 
        0.6250836903090383, 
        0.25900614344996226, 
        -0.3106019621722674
      ], 
      "visibility": 0.9833183047790802
    }, 
    {
      "bounding_box": {
        "bottom_right": [
          392, 
          440
        ], 
        "top_left": [
          329, 
          366
        ]
      }, 
      "class": "005_tomato_soup_can", 
      "cuboid": [
        [
          -18.134754576870833, 
          15.502056796746597, 
          82.03261261612398
        ], 
        [
          -12.773678450012294, 
          12.922172531557209, 
          78.81074147691618
        ], 
        [
          -6.563536136694747, 
          18.229445833044096, 
          84.89444066035853
        ], 
        [
          -11.924612263553287, 
          20.809330098233485, 
          88.11631179956633
        ], 
        [
          -17.996788622437514, 
          10.331350562162882, 
          86.40257933137033
        ], 
        [
          -12.635712495578977, 
          7.751466296973493, 
          83.18070819216253
        ], 
        [
          -6.4255701822614295, 
          13.058739598460381, 
          89.26440737560488
        ], 
        [
          -11.78664630911997, 
          15.63862386364977, 
          92.48627851481268
        ]
      ], 
      "cuboid_centroid": [
        -12.280162379566132, 
        14.280398197603489, 
        85.64850999586443
      ], 
      "location": [
        -12.280162379566132, 
        14.280398197603489, 
        85.64850999586443
      ], 
      "pose_transform_permuted": [
        [
          -0.020374805054537395, 
          0.7636096307719403, 
          -0.6453564597416308, 
          0.0
        ], 
        [
          -0.792367019887535, 
          0.3813068791583677, 
          0.47619253534675826, 
          0.0
        ], 
        [
          -0.6097042094090365, 
          -0.5210616293706325, 
          -0.5972901769044288, 
          0.0
        ], 
        [
          -12.280162379566132, 
          14.280398197603489, 
          85.64850999586443, 
          1.0
        ]
      ], 
      "projected_cuboid": [
        [
          362.714856621672, 
          374.07024101701643
        ], 
        [
          394.43604870482784, 
          360.73207572217956
        ], 
        [
          440.0203352659258, 
          387.8066452758083
        ], 
        [
          408.82249115500963, 
          399.23397072583737
        ], 
        [
          369.58623062677975, 
          337.0567589406514
        ], 
        [
          399.90707550793195, 
          322.98566731460676
        ], 
        [
          442.8868985080203, 
          351.3073501298476
        ], 
        [
          413.063288986437, 
          363.46623268064644
        ]
      ], 
      "projected_cuboid_centroid": [
        404.49322385434544, 
        362.208295226618
      ], 
      "quaternion_xyzw": [
        0.2880658699274858, 
        0.8600559733238003, 
        0.3955846624775453, 
        -0.14434157653781687
      ], 
      "visibility": 0.693109243697479
    }, 
    {
      "bounding_box": {
        "bottom_right": [
          399, 
          551
        ], 
        "top_left": [
          325, 
          478
        ]
      }, 
      "class": "010_potted_meat_can", 
      "cuboid": [
        [
          10.28631766448564, 
          15.410215287085096, 
          74.34133094332249
        ], 
        [
          0.49405855492860307, 
          12.886820843680477, 
          73.30926278098465
        ], 
        [
          1.443130742074289, 
          6.8667461867764565, 
          79.02348048783561
        ], 
        [
          11.235389851631327, 
          9.390140630181076, 
          80.05554865017346
        ], 
        [
          8.886813560016563, 
          19.139240756724885, 
          78.50239784099574
        ], 
        [
          -0.9054455495404747, 
          16.615846313320265, 
          77.4703296786579
        ], 
        [
          0.04362663760521107, 
          10.595771656416245, 
          83.18454738550886
        ], 
        [
          9.835885747162248, 
          13.119166099820864, 
          84.2166155478467
        ]
      ], 
      "cuboid_centroid": [
        5.164972151045426, 
        13.00299347175067, 
        78.76293916441568
      ], 
      "location": [
        5.164972151045426, 
        13.00299347175067, 
        78.76293916441568
      ], 
      "pose_transform_permuted": [
        [
          0.24296524916549034, 
          -0.6473890283581579, 
          -0.7223949199998893, 
          0.0
        ], 
        [
          0.9633594241628602, 
          0.2482507652969981, 
          0.10153454677238193, 
          0.0
        ], 
        [
          -0.11360284390101534, 
          0.7205959786657886, 
          -0.6839852552418767, 
          0.0
        ], 
        [
          5.164972151045426, 
          13.00299347175067, 
          78.76293916441568, 
          1.0
        ]
      ], 
      "projected_cuboid": [
        [
          556.0053618586312, 
          383.83836008631033
        ], 
        [
          485.22126206294155, 
          367.0372273218224
        ], 
        [
          491.4177424257803, 
          319.62934889619123
        ], 
        [
          557.0695190603047, 
          335.842425377702
        ], 
        [
          542.4742995815425, 
          403.31227201395933
        ], 
        [
          475.311875298613, 
          387.6729910482152
        ], 
        [
          481.87910269274767, 
          341.2190170389695
        ], 
        [
          544.4039796479889, 
          356.3664403308046
        ]
      ], 
      "projected_cuboid_centroid": [
        516.8615755581781, 
        361.3324023422747
      ], 
      "quaternion_xyzw": [
        0.9228150306031726, 
        0.09802983187256328, 
        0.09332850693618944, 
        0.3606828669472956
      ], 
      "visibility": 0.6074660633484162
    }, 
    {
      "bounding_box": {
        "bottom_right": [
          281, 
          471
        ], 
        "top_left": [
          229, 
          312
        ]
      }, 
      "class": "037_scissors", 
      "cuboid": [
        [
          -20.782117817984137, 
          0.14850621623291838, 
          73.77019904978648
        ], 
        [
          -0.7044797609451953, 
          0.6125360768001891, 
          71.09955202674232
        ], 
        [
          -1.4004457183205061, 
          -5.440756263828325, 
          64.81558525882919
        ], 
        [
          -21.478083775359448, 
          -5.904786124395596, 
          67.48623228187334
        ], 
        [
          -20.95057363288932, 
          1.2787160476956585, 
          72.70013455980718
        ], 
        [
          -0.872935575850381, 
          1.742745908262929, 
          70.02948753676304
        ], 
        [
          -1.5689015332256917, 
          -4.310546432365585, 
          63.74552076884989
        ], 
        [
          -21.64653959026463, 
          -4.7745762929328555, 
          66.41616779189405
        ]
      ], 
      "cuboid_centroid": [
        -11.175509675604914, 
        -2.081020108066333, 
        68.75785990931819
      ], 
      "location": [
        -11.175509675604914, 
        -2.081020108066333, 
        68.75785990931819
      ], 
      "pose_transform_permuted": [
        [
          0.10760511826735208, 
          -0.7219481420093676, 
          0.683528888941734, 
          0.0
        ], 
        [
          -0.9910087019308879, 
          -0.022903970500490332, 
          0.13182000951026723, 
          0.0
        ], 
        [
          0.079511703044673, 
          0.6915677094980298, 
          0.7179214648331688, 
          0.0
        ], 
        [
          -11.175509675604914, 
          -2.081020108066333, 
          68.75785990931819, 
          1.0
        ]
      ], 
      "projected_cuboid": [
        [
          330.10127106133353, 
          274.36015950286037
        ], 
        [
          476.268711111421, 
          277.8811869749127
        ], 
        [
          469.9778063469477, 
          228.51857282037932
        ], 
        [
          310.448966211907, 
          226.62312282107715
        ], 
        [
          326.62535246425074, 
          282.6670475730686
        ], 
        [
          474.8937022983474, 
          286.5586688231765
        ], 
        [
          468.36164830017356, 
          237.2228459945864
        ], 
        [
          306.3275452929801, 
          234.9468516817906
        ]
      ], 
      "projected_cuboid_centroid": [
        394.1919783667327, 
        257.1451284310444
      ], 
      "quaternion_xyzw": [
        0.06524930397701798, 
        -0.3924002903797143, 
        0.9173474396828406, 
        0.01542701546203529
      ], 
      "visibility": 0.7654790729851263
    }, 
    {
      "bounding_box": {
        "bottom_right": [
          379, 
          482
        ], 
        "top_left": [
          334, 
          426
        ]
      }, 
      "class": "061_foam_brick", 
      "cuboid": [
        [
          -1.066221109448024, 
          12.890742878621076, 
          78.71860133001874
        ], 
        [
          -8.678735920546584, 
          13.217208039513592, 
          80.32690289038975
        ], 
        [
          -8.097167518163713, 
          9.52826208616893, 
          83.82842931413451
        ], 
        [
          -0.4846527070651523, 
          9.201796925276412, 
          82.22012775376352
        ], 
        [
          -0.13330183426058448, 
          16.528351484324265, 
          82.39596474676163
        ], 
        [
          -7.745816645359146, 
          16.85481664521678, 
          84.00426630713264
        ], 
        [
          -7.1642482429762735, 
          13.165870691872117, 
          87.5057927308774
        ], 
        [
          0.4482665681222874, 
          12.839405530979601, 
          85.8974911705064
        ]
      ], 
      "cuboid_centroid": [
        -4.1152346762121494, 
        13.028306785246595, 
        83.11219703044807
      ], 
      "location": [
        -4.1152346762121494, 
        13.028306785246595, 
        83.11219703044807
      ], 
      "pose_transform_permuted": [
        [
          -0.1774960555059758, 
          -0.6920868677058728, 
          -0.6996505683760239, 
          0.0
        ], 
        [
          0.9775425735261728, 
          -0.04192222957388925, 
          -0.20652613299866246, 
          0.0
        ], 
        [
          -0.11360311273748908, 
          0.720595791145513, 
          -0.683985408148248, 
          0.0
        ], 
        [
          -4.1152346762121494, 
          13.028306785246595, 
          83.11219703044807, 
          1.0
        ]
      ], 
      "projected_cuboid": [
        [
          474.3132081413997, 
          360.62149442928205
        ], 
        [
          423.4955896483977, 
          361.0403991247986
        ], 
        [
          429.6532909263274, 
          333.9056955359502
        ], 
        [
          478.42717879080647, 
          332.9738509872133
        ], 
        [
          480.7270637621065, 
          380.2686402144507
        ], 
        [
          432.0112365819869, 
          380.2930530408955
        ], 
        [
          437.56941334243373, 
          353.52827341796
        ], 
        [
          484.40345643821655, 
          353.0037254410206
        ]
      ], 
      "projected_cuboid_centroid": [
        454.97010925396273, 
        356.88739793208765
      ], 
      "quaternion_xyzw": [
        0.9216546171217976, 
        0.019443531728688537, 
        -0.10416651242519878, 
        0.3732613742421776
      ], 
      "visibility": 0.5460224906289046
    }
  ]
}