{
  "camera_data": {
    "location_worldframe": [
      -9.201475636617616, 
      6.20007598623962, 
      81.66264092155544
    ], 
    "quaternion_xyzw_worldframe": [
      0.93371070342054, 
      -0.015122938185400921, 
      0.1346840381250318, 
      -0.3313842824913672
    ]
  }, 
  "objects": [
    {
      "bounding_box": {
        "bottom_right": [
          347, 
          642
        ], 
        "top_left": [
          204, 
          477
        ]
      }, 
      "class": "003_cracker_box", 
      "cuboid": [
        [
          1.6325921670471477, 
          11.440986402659496, 
          74.79592205853662
        ], 
        [
          1.4796349431736175, 
          -0.8884302516239445, 
          63.977409927014115
        ], 
        [
          21.640203442755354, 
          -5.649867152119521, 
          69.11878557587184
        ], 
        [
          21.793160666628886, 
          6.679549502163917, 
          79.93729770739434
        ], 
        [
          -0.7237722557739801, 
          6.984248315987096, 
          79.90839991849936
        ], 
        [
          -0.8767294796475102, 
          -5.345168338296343, 
          69.08988778697686
        ], 
        [
          19.283839019934227, 
          -10.106605238791918, 
          74.23126343583458
        ], 
        [
          19.43679624380776, 
          2.222811415491519, 
          85.04977556735707
        ]
      ], 
      "cuboid_centroid": [
        10.458215593490687, 
        0.6671905819337874, 
        74.5135927471856
      ], 
      "location": [
        10.458215593490687, 
        0.6671905819337874, 
        74.5135927471856
      ], 
      "pose_transform_permuted": [
        [
          0.32818446784926525, 
          0.6207156257973951, 
          -0.7120442872135432, 
          0.0
        ], 
        [
          0.00932461273219981, 
          0.7516286750221541, 
          0.6595205732058975, 
          0.0
        ], 
        [
          -0.9445676294791651, 
          0.22308394557966146, 
          -0.24088492390500826, 
          0.0
        ], 
        [
          10.458215593490687, 
          0.6671905819337874, 
          74.5135927471856, 
          1.0
        ]
      ], 
      "projected_cuboid": [
        [
          493.3349994557334, 
          354.86454292344
        ], 
        [
          494.0341845372349, 
          265.8805293291117
        ], 
        [
          649.9640717062365, 
          229.69224202504662
        ], 
        [
          628.2066991311516, 
          317.8506483333364
        ], 
        [
          476.7262585735973, 
          319.90036586993097
        ], 
        [
          474.7730087063416, 
          232.02604326259527
        ], 
        [
          621.2977056204828, 
          200.67494222317407
        ], 
        [
          604.4946261288966, 
          287.22506809124303
        ]
      ], 
      "projected_cuboid_centroid": [
        557.0739295024032, 
        278.0618519870277
      ], 
      "quaternion_xyzw": [
        0.6972181949586164, 
        0.6082013911735328, 
        0.3541592317143231, 
        -0.13619506226272965
      ], 
      "visibility": 0.9710350300419454
    }, 
    {
      "bounding_box": {
        "bottom_right": [
          401, 
          491
        ], 
        "top_left": [
          341, 
          423
        ]
      }, 
      "class": "005_tomato_soup_can", 
      "cuboid": [
        [
          -7.708157756056207, 
          17.74582328202074, 
          80.41809576565582
        ], 
        [
          -2.350399216963389, 
          13.75250926168054, 
          79.35731290892363
        ], 
        [
          2.7746626071439406, 
          18.69367820033687, 
          86.64174864696712
        ], 
        [
          -2.5830959319488773, 
          22.68699222067707, 
          87.7025315036993
        ], 
        [
          -10.05138261632884, 
          13.376772251671424, 
          85.03031182842979
        ], 
        [
          -4.693624077236024, 
          9.383458231331222, 
          83.96952897169761
        ], 
        [
          0.43143774687130626, 
          14.32462716998755, 
          91.2539647097411
        ], 
        [
          -4.926320792221511, 
          18.31794119032775, 
          92.31474756647329
        ]
      ], 
      "cuboid_centroid": [
        -3.6383600045924505, 
        16.035225226004147, 
        85.83603023769845
      ], 
      "location": [
        -3.6383600045924505, 
        16.035225226004147, 
        85.83603023769845
      ], 
      "pose_transform_permuted": [
        [
          0.34604732684305584, 
          0.6452212314431367, 
          -0.6811318309246002, 
          0.0
        ], 
        [
          -0.7918766804353548, 
          0.5902117886220364, 
          0.15678369996010486, 
          0.0
        ], 
        [
          -0.5031723284245472, 
          -0.48511794888168075, 
          -0.7151770295392957, 
          0.0
        ], 
        [
          -3.6383600045924505, 
          16.035225226004147, 
          85.83603023769845, 
          1.0
        ]
      ], 
      "projected_cuboid": [
        [
          430.05183111774215, 
          390.9739189830379
        ], 
        [
          465.66961289792556, 
          365.7100618904968
        ], 
        [
          498.8187172773773, 
          388.35467570291655
        ], 
        [
          465.75834674886556, 
          411.2462641955885
        ], 
        [
          418.0283042250649, 
          357.18714293078074
        ], 
        [
          451.5378062682998, 
          332.88413360834625
        ], 
        [
          484.1395525730817, 
          357.0045902948852
        ], 
        [
          452.89961683632754, 
          379.1127143802228
        ]
      ], 
      "projected_cuboid_centroid": [
        458.8026890689299, 
        372.91718970083457
      ], 
      "quaternion_xyzw": [
        0.317858915356433, 
        0.8599602403951062, 
        0.395482894754937, 
        0.05502103992505349
      ], 
      "visibility": 0.9690458849235252
    }, 
    {
      "bounding_box": {
        "bottom_right": [
          370, 
          613
        ], 
        "top_left": [
          310, 
          535
        ]
      }, 
      "class": "010_potted_meat_can", 
      "cuboid": [
        [
          20.92941572977628, 
          11.210239335949014, 
          82.4421540572708
        ], 
        [
          11.593137311010896, 
          10.413739003422254, 
          78.50254555070573
        ], 
        [
          9.408195798713187, 
          5.277844558263158, 
          84.71889011390546
        ], 
        [
          18.744474217478572, 
          6.074344890789919, 
          88.65849862047054
        ], 
        [
          19.221121032183262, 
          15.73083015520723, 
          85.57659312823296
        ], 
        [
          9.884842613417877, 
          14.93432982268047, 
          81.63698462166788
        ], 
        [
          7.699901101120169, 
          9.798435377521374, 
          87.85332918486762
        ], 
        [
          17.036179519885554, 
          10.594935710048134, 
          91.79293769143268
        ]
      ], 
      "cuboid_centroid": [
        14.314658415448225, 
        10.504337356735194, 
        85.1477416210692
      ], 
      "location": [
        14.314658415448225, 
        10.504337356735194, 
        85.1477416210692
      ], 
      "pose_transform_permuted": [
        [
          0.2965737974782371, 
          -0.7848111850968623, 
          -0.5441640131232603, 
          0.0
        ], 
        [
          0.9185001847579607, 
          0.07835945649555195, 
          0.38757746704308, 
          0.0
        ], 
        [
          0.2615349737525318, 
          0.6147606292206502, 
          -0.7440892596083436, 
          0.0
        ], 
        [
          14.314658415448225, 
          10.504337356735194, 
          85.1477416210692, 
          1.0
        ]
      ], 
      "projected_cuboid": [
        [
          618.1180858499622, 
          345.80575146224595
        ], 
        [
          561.0132467147065, 
          344.03393738864247
        ], 
        [
          541.3167982831608, 
          306.5114522369278
        ], 
        [
          595.2929237043681, 
          309.8263749468885
        ], 
        [
          602.3827523913011, 
          371.32222127557844
        ], 
        [
          546.7110943800346, 
          370.84980042778443
        ], 
        [
          528.7293723661268, 
          332.7686033710438
        ], 
        [
          581.4026160056995, 
          334.8434163068942
        ]
      ], 
      "projected_cuboid_centroid": [
        572.003556435573, 
        339.0800483426882
      ], 
      "quaternion_xyzw": [
        0.877129526794913, 
        -0.05220879917425505, 
        0.19499721638070072, 
        0.4357681499709357
      ], 
      "visibility": 0.6730822873082287
    }, 
    {
      "bounding_box": {
        "bottom_right": [
          289, 
          543
        ], 
        "top_left": [
          233, 
          394
        ]
      }, 
      "class": "037_scissors", 
      "cuboid": [
        [
          -11.131702977717309, 
          2.05882881088803, 
          73.12390694758736
        ], 
        [
          8.389151459963742, 
          -1.6182077663587666, 
          77.10823539979964
        ], 
        [
          8.269381143999738, 
          -8.334632760842767, 
          71.49661838862913
        ], 
        [
          -11.251473293681313, 
          -4.657596183595972, 
          67.51228993641685
        ], 
        [
          -10.713303829886689, 
          3.0216640895602342, 
          71.96258011302963
        ], 
        [
          8.807550607794361, 
          -0.6553724876865629, 
          75.94690856524191
        ], 
        [
          8.687780291830357, 
          -7.371797482170564, 
          70.3352915540714
        ], 
        [
          -10.833074145850693, 
          -3.6947609049237675, 
          66.35096310185912
        ]
      ], 
      "cuboid_centroid": [
        -1.2219613429434757, 
        -2.656484335641267, 
        71.72959925082938
      ], 
      "location": [
        -1.2219613429434757, 
        -2.656484335641267, 
        71.72959925082938
      ], 
      "pose_transform_permuted": [
        [
          -0.2672623073926752, 
          -0.6150337053773766, 
          0.7418248604239063, 
          0.0
        ], 
        [
          -0.9635265145187685, 
          0.18149421934081614, 
          -0.19666178642506768, 
          0.0
        ], 
        [
          0.013683344272198483, 
          0.7673283211972449, 
          0.6411078310142255, 
          0.0
        ], 
        [
          -1.2219613429434757, 
          -2.656484335641267, 
          71.72959925082938, 
          1.0
        ]
      ], 
      "projected_cuboid": [
        [
          399.73288038287876, 
          288.30233471711256
        ], 
        [
          540.1042281973146, 
          262.09419403835227
        ], 
        [
          543.7954741446777, 
          211.11544555667558
        ], 
        [
          391.97431315174896, 
          236.49342583023522
        ], 
        [
          401.5383871815616, 
          295.6802963791515
        ], 
        [
          543.961474610618, 
          268.68433640986535
        ], 
        [
          548.0214135993808, 
          217.38964932787962
        ], 
        [
          393.7967237041921, 
          243.58857651091407
        ]
      ], 
      "projected_cuboid_centroid": [
        472.435902056234, 
        253.53520612705447
      ], 
      "quaternion_xyzw": [
        -0.12447569749981105, 
        -0.3370359418371924, 
        0.931756365170091, 
        0.052368186284776595
      ], 
      "visibility": 0.8200692041522492
    }, 
    {
      "bounding_box": {
        "bottom_right": [
          380, 
          537
        ], 
        "top_left": [
          326, 
          482
        ]
      }, 
      "class": "061_foam_brick", 
      "cuboid": [
        [
          8.525244023490238, 
          11.541517337881652, 
          83.08638311897421
        ], 
        [
          1.0579800645734847, 
          13.515263936858885, 
          82.09245732171769
        ], 
        [
          -0.2808960933684608, 
          10.368120933361324, 
          85.90167415707398
        ], 
        [
          7.186367865548291, 
          8.39437433438409, 
          86.89559995433052
        ], 
        [
          9.104081473541841, 
          15.467122220901079, 
          86.53313665671561
        ], 
        [
          1.636817514625088, 
          17.44086881987831, 
          85.53921085945908
        ], 
        [
          0.29794135668314226, 
          14.293725816380748, 
          89.34842769481538
        ], 
        [
          7.765205315599896, 
          12.319979217403516, 
          90.34235349207191
        ]
      ], 
      "cuboid_centroid": [
        4.41159269008669, 
        12.9176215771312, 
        86.2174054068948
      ], 
      "location": [
        4.41159269008669, 
        12.9176215771312, 
        86.2174054068948
      ], 
      "pose_transform_permuted": [
        [
          -0.11012888992207212, 
          -0.7468806795432011, 
          -0.655775020971078, 
          0.0
        ], 
        [
          0.9588905386372996, 
          -0.2534538687582929, 
          0.12763256372620338, 
          0.0
        ], 
        [
          0.2615350120278381, 
          0.6147604305227686, 
          -0.744089410317778, 
          0.0
        ], 
        [
          4.41159269008669, 
          12.9176215771312, 
          86.2174054068948, 
          1.0
        ]
      ], 
      "projected_cuboid": [
        [
          536.7754185234701, 
          347.36988334727675
        ], 
        [
          488.5275914612368, 
          361.0894271190554
        ], 
        [
          479.8385956780646, 
          337.6569008260217
        ], 
        [
          526.0707830744722, 
          324.8068016466748
        ], 
        [
          538.1747874410163, 
          368.61324742954287
        ], 
        [
          491.8873389677044, 
          382.02680803656335
        ], 
        [
          483.3902975438128, 
          358.60559832789016
        ], 
        [
          527.8195533441454, 
          346.01528509647926
        ]
      ], 
      "projected_cuboid_centroid": [
        509.11350617921136, 
        353.19175575695505
      ], 
      "quaternion_xyzw": [
        0.898530187324158, 
        -0.14328647163201572, 
        0.0048700850708916004, 
        0.4148358371523164
      ], 
      "visibility": 0.7090331366318656
    }
  ]
}