{
  "camera_data": {
    "location_worldframe": [
      -13.629036390375907, 
      2.0336083983238424, 
      85.10836985898791
    ], 
    "quaternion_xyzw_worldframe": [
      0.9025450294212038, 
      0.027136384381403807, 
      0.02827124279390243, 
      -0.42881196721015835
    ]
  }, 
  "objects": [
    {
      "bounding_box": {
        "bottom_right": [
          336, 
          605
        ], 
        "top_left": [
          224, 
          437
        ]
      }, 
      "class": "003_cracker_box", 
      "cuboid": [
        [
          -5.119737281935579, 
          10.357866855365355, 
          78.01638188004787
        ], 
        [
          -5.217927643620965, 
          0.3489576140886248, 
          65.02060525300809
        ], 
        [
          16.02432690867313, 
          -1.372271151015312, 
          66.18574053275677
        ], 
        [
          16.122517270358518, 
          8.63663809026142, 
          79.18151715979656
        ], 
        [
          -5.817620998639068, 
          4.698884273014923, 
          82.38001247687401
        ], 
        [
          -5.915811360324455, 
          -5.310024968261808, 
          69.38423584983423
        ], 
        [
          15.326443191969641, 
          -7.0312537333657446, 
          70.54937112958291
        ], 
        [
          15.42463355365503, 
          2.977655507910986, 
          83.54514775662268
        ]
      ], 
      "cuboid_centroid": [
        5.103352955017032, 
        1.6633065609998055, 
        74.28287650481539
      ], 
      "location": [
        5.103352955017032, 
        1.6633065609998055, 
        74.28287650481539
      ], 
      "pose_transform_permuted": [
        [
          0.09719829155831228, 
          0.7881591528756153, 
          -0.6077480085171303, 
          0.0
        ], 
        [
          0.005985902944393828, 
          0.6101653794645846, 
          0.7922514617650003, 
          0.0
        ], 
        [
          -0.995247035204871, 
          0.08064340916176577, 
          -0.054589188258137855, 
          0.0
        ], 
        [
          5.103352955017032, 
          1.6633065609998055, 
          74.28287650481539, 
          1.0
        ]
      ], 
      "projected_cuboid": [
        [
          446.3069104955409, 
          344.09286225239464
        ], 
        [
          438.44130758533777, 
          276.1487987765473
        ], 
        [
          611.7959057840571, 
          262.22888307924285
        ], 
        [
          591.0937038826535, 
          331.45779298533586
        ], 
        [
          443.62053635044674, 
          303.70662322428785
        ], 
        [
          435.7464454487332, 
          232.47121058010993
        ], 
        [
          598.4231943939511, 
          220.13361471353733
        ], 
        [
          580.8824631327305, 
          292.29472740893516
        ]
      ], 
      "projected_cuboid_centroid": [
        518.5423210810899, 
        285.2283744252723
      ], 
      "quaternion_xyzw": [
        0.6508412480442697, 
        0.6166682042255321, 
        0.3416538810332182, 
        -0.2817776096789354
      ], 
      "visibility": 0.9845290927021696
    }, 
    {
      "bounding_box": {
        "bottom_right": [
          370, 
          460
        ], 
        "top_left": [
          313, 
          393
        ]
      }, 
      "class": "005_tomato_soup_can", 
      "cuboid": [
        [
          -14.209497235851739, 
          13.687673691398217, 
          86.07251815703559
        ], 
        [
          -8.558946645164102, 
          11.028055779259489, 
          83.46961510833883
        ], 
        [
          -3.0829564600072903, 
          15.466631977867964, 
          90.82196072209788
        ], 
        [
          -8.733507050694927, 
          18.12624989000669, 
          93.42486377079466
        ], 
        [
          -14.995688437167304, 
          8.20501415616707, 
          89.96792500061682
        ], 
        [
          -9.345137846479668, 
          5.545396244028343, 
          87.36502195192006
        ], 
        [
          -3.869147661322856, 
          9.983972442636817, 
          94.71736756567911
        ], 
        [
          -9.519698252010492, 
          12.643590354775547, 
          97.32027061437589
        ]
      ], 
      "cuboid_centroid": [
        -9.039322448587297, 
        11.835823067017518, 
        90.39494286135735
      ], 
      "location": [
        -9.039322448587297, 
        11.835823067017518, 
        90.39494286135735
      ], 
      "pose_transform_permuted": [
        [
          0.11610467617313018, 
          0.8096788781664698, 
          -0.5752734823027567, 
          0.0
        ], 
        [
          -0.8351513439318587, 
          0.39309151170657824, 
          0.38470905522481164, 
          0.0
        ], 
        [
          -0.5376260475404593, 
          -0.4357740057375024, 
          -0.7218443384342047, 
          0.0
        ], 
        [
          -9.039322448587297, 
          11.835823067017518, 
          90.39494286135735, 
          1.0
        ]
      ], 
      "projected_cuboid": [
        [
          392.81894934761465, 
          358.09763197499996
        ], 
        [
          426.4549251034569, 
          343.7490422561823
        ], 
        [
          463.3426398991781, 
          364.10881988237054
        ], 
        [
          431.3260207835863, 
          376.7609627289123
        ], 
        [
          391.9635506715257, 
          321.9249247137109
        ], 
        [
          424.07428981671364, 
          307.1383970814264
        ], 
        [
          459.6297314877264, 
          329.5027120406123
        ], 
        [
          428.99393567838484, 
          342.57399778017054
        ]
      ], 
      "projected_cuboid_centroid": [
        427.8216895950488, 
        343.1165088269351
      ], 
      "quaternion_xyzw": [
        0.27583876127307433, 
        0.8435340585850872, 
        0.4539008238652494, 
        -0.0796068565098096
      ], 
      "visibility": 0.8571990558615263
    }, 
    {
      "bounding_box": {
        "bottom_right": [
          368, 
          574
        ], 
        "top_left": [
          303, 
          507
        ]
      }, 
      "class": "010_potted_meat_can", 
      "cuboid": [
        [
          15.007760652393337, 
          12.403621419582084, 
          82.66222757887621
        ], 
        [
          5.37042211724119, 
          10.57954778628121, 
          79.99474111844431
        ], 
        [
          5.138514461776055, 
          4.100150625329856, 
          85.26332272665661
        ], 
        [
          14.775852996928204, 
          5.924224258630728, 
          87.93080918708851
        ], 
        [
          13.183526493588039, 
          15.889686077957709, 
          86.86915559704251
        ], 
        [
          3.5461879584358904, 
          14.065612444656836, 
          84.2016691366106
        ], 
        [
          3.314280302970756, 
          7.586215283705481, 
          89.4702507448229
        ], 
        [
          12.951618838122906, 
          9.410288917006353, 
          92.1377372052548
        ]
      ], 
      "cuboid_centroid": [
        9.161020477682047, 
        9.994918351643783, 
        86.06623916184955
      ], 
      "location": [
        9.161020477682047, 
        9.994918351643783, 
        86.06623916184955
      ], 
      "pose_transform_permuted": [
        [
          0.31670182710787553, 
          -0.6052090634279078, 
          -0.7303567820137388, 
          0.0
        ], 
        [
          0.9481183859427814, 
          0.17945180017677, 
          0.26242649338964896, 
          0.0
        ], 
        [
          0.027759078329425257, 
          0.7755763515333617, 
          -0.630643129283512, 
          0.0
        ], 
        [
          9.161020477682047, 
          9.994918351643783, 
          86.06623916184955, 
          1.0
        ]
      ], 
      "projected_cuboid": [
        [
          579.2309449898465, 
          353.31213611804594
        ], 
        [
          517.699689544183, 
          343.81967474306884
        ], 
        [
          514.0061765009423, 
          298.932859899361
        ], 
        [
          571.9626889453425, 
          309.21825339989476
        ], 
        [
          563.2097672871688, 
          370.838778446695
        ], 
        [
          504.2452220996429, 
          362.37582377529185
        ], 
        [
          501.5176648072154, 
          318.50690049602775
        ], 
        [
          557.1894897113231, 
          327.7559824779694
        ]
      ], 
      "projected_cuboid_centroid": [
        538.8374833267468, 
        335.22122620574805
      ], 
      "quaternion_xyzw": [
        0.9292539372380783, 
        0.040810352199906925, 
        0.15580464534237146, 
        0.3324850568792343
      ], 
      "visibility": 0.5802300109529025
    }, 
    {
      "bounding_box": {
        "bottom_right": [
          273, 
          510
        ], 
        "top_left": [
          226, 
          357
        ]
      }, 
      "class": "037_scissors", 
      "cuboid": [
        [
          -16.344101030569604, 
          -0.807661945475046, 
          76.25727376252357
        ], 
        [
          3.903989773418988, 
          -1.3957811227429797, 
          76.61527349634147
        ], 
        [
          3.8642196153387918, 
          -6.9051853415150495, 
          69.81381493189542
        ], 
        [
          -16.383871188649795, 
          -6.317066164247115, 
          69.4558151980775
        ], 
        [
          -16.29137549544033, 
          0.4079710717336177, 
          75.2722630910877
        ], 
        [
          3.956715308548257, 
          -0.18014810553431612, 
          75.63026282490561
        ], 
        [
          3.9169451504680612, 
          -5.689552324306386, 
          68.82880426045955
        ], 
        [
          -16.33114565352053, 
          -5.101433147038452, 
          68.47080452664164
        ]
      ], 
      "cuboid_centroid": [
        -6.21357794005077, 
        -3.2486071348907157, 
        72.54303901149156
      ], 
      "location": [
        -6.21357794005077, 
        -3.2486071348907157, 
        72.54303901149156
      ], 
      "pose_transform_permuted": [
        [
          -0.033679677050554004, 
          -0.7765142132971876, 
          0.6291987596517105, 
          0.0
        ], 
        [
          -0.9994220499061445, 
          0.029028873854045015, 
          -0.017670447614136064, 
          0.0
        ], 
        [
          0.00454360298201613, 
          0.6294303730718839, 
          0.7770431124050644, 
          0.0
        ], 
        [
          -6.21357794005077, 
          -3.2486071348907157, 
          72.54303901149156, 
          1.0
        ]
      ], 
      "projected_cuboid": [
        [
          366.33895660868865, 
          267.6380022962318
        ], 
        [
          508.9992453393772, 
          263.57049348261893
        ], 
        [
          511.3624997519966, 
          220.53665500127133
        ], 
        [
          354.74438768602226, 
          224.780662930183
        ], 
        [
          365.2073767720913, 
          276.17709757122157
        ], 
        [
          509.7310335092671, 
          272.01619316225805
        ], 
        [
          512.2004216519389, 
          229.20107541045962
        ], 
        [
          353.33360611340527, 
          233.5514389364781
        ]
      ], 
      "projected_cuboid_centroid": [
        435.53560430506775, 
        249.403532435
      ], 
      "quaternion_xyzw": [
        -0.014224354108626684, 
        -0.4303465604638623, 
        0.9025036263957252, 
        0.009299817711020604
      ], 
      "visibility": 0.8116760828625236
    }, 
    {
      "bounding_box": {
        "bottom_right": [
          356, 
          502
        ], 
        "top_left": [
          312, 
          453
        ]
      }, 
      "class": "061_foam_brick", 
      "cuboid": [
        [
          3.010764900154458, 
          10.274599624496561, 
          85.09717351274386
        ], 
        [
          -4.731339563564445, 
          10.952848211122665, 
          85.59052175401658
        ], 
        [
          -4.873442017330265, 
          6.9824407899841265, 
          88.81897388349485
        ], 
        [
          2.8686624463886377, 
          6.304192203358022, 
          88.32562564222212
        ], 
        [
          3.5577078287371027, 
          13.560738223346384, 
          89.16259882667153
        ], 
        [
          -4.1843966349818, 
          14.238986809972488, 
          89.65594706794424
        ], 
        [
          -4.326499088747621, 
          10.268579388833949, 
          92.88439919742251
        ], 
        [
          3.4156053749712827, 
          9.590330802207843, 
          92.39105095614978
        ]
      ], 
      "cuboid_centroid": [
        -0.6578670942965815, 
        10.271589506665254, 
        88.99078635508319
      ], 
      "location": [
        -0.6578670942965815, 
        10.271589506665254, 
        88.99078635508319
      ], 
      "pose_transform_permuted": [
        [
          -0.10406067812330375, 
          -0.625216623404621, 
          -0.7734827400059052, 
          0.0
        ], 
        [
          0.9941835135661399, 
          -0.08709564254565852, 
          -0.06335211443072974, 
          0.0
        ], 
        [
          0.027758181168866913, 
          0.7755762521300427, 
          -0.6306432910212504, 
          0.0
        ], 
        [
          -0.6578670942965815, 
          10.271589506665254, 
          88.99078635508319, 
          1.0
        ]
      ], 
      "projected_cuboid": [
        [
          500.6233300618414, 
          337.67933697570857
        ], 
        [
          451.87013064326817, 
          341.5343804152109
        ], 
        [
          452.09029093624747, 
          315.2130796741618
        ], 
        [
          499.06270755656965, 
          311.35192538944113
        ], 
        [
          503.0545779926989, 
          354.3991048193224
        ], 
        [
          456.498701179074, 
          357.9873387494984
        ], 
        [
          456.54834668412536, 
          332.24621825855877
        ], 
        [
          501.47767064916974, 
          328.64591719592653
        ]
      ], 
      "projected_cuboid_centroid": [
        477.62163225494425, 
        334.8439200270533
      ], 
      "quaternion_xyzw": [
        0.9411751305817223, 
        -0.030508090360275592, 
        -0.04446908633533455, 
        0.33358826471797254
      ], 
      "visibility": 0.47298674821610603
    }
  ]
}