{
  "camera_data": {
    "location_worldframe": [
      -20.969940918830414, 
      -3.198127156772386, 
      93.78824494887414
    ], 
    "quaternion_xyzw_worldframe": [
      0.9529083535501686, 
      0.03548178491869461, 
      -0.064828567340862, 
      -0.29411580289975386
    ]
  }, 
  "objects": [
    {
      "bounding_box": {
        "bottom_right": [
          289, 
          525
        ], 
        "top_left": [
          177, 
          374
        ]
      }, 
      "class": "003_cracker_box", 
      "cuboid": [
        [
          -14.48445814398968, 
          3.1702830471643484, 
          83.32984210820626
        ], 
        [
          -15.361411088343054, 
          -10.205558040295916, 
          73.87489925150129
        ], 
        [
          5.892894611865018, 
          -10.219684532258897, 
          71.92353132342544
        ], 
        [
          6.769847556218392, 
          3.1561565552013664, 
          81.37847418013041
        ], 
        [
          -13.95192368930353, 
          -0.9859886775378968, 
          89.16029748835929
        ], 
        [
          -14.828876633656904, 
          -14.361829764998161, 
          79.70535463165433
        ], 
        [
          6.425429066551169, 
          -14.375956256961143, 
          77.75398670357848
        ], 
        [
          7.302382010904543, 
          -1.0001151695008788, 
          87.20892956028344
        ]
      ], 
      "cuboid_centroid": [
        -4.029514538719256, 
        -5.602836604898397, 
        80.54191440589237
      ], 
      "location": [
        -4.029514538719256, 
        -5.602836604898397, 
        80.54191440589237
      ], 
      "pose_transform_permuted": [
        [
          -0.07416914587996204, 
          0.5788679420712413, 
          -0.8120411587115788, 
          0.0
        ], 
        [
          0.05346100290901484, 
          0.8154210370027395, 
          0.5763943559589566, 
          0.0
        ], 
        [
          -0.9958116583809409, 
          0.0006618576766130313, 
          0.0914259425820516, 
          0.0
        ], 
        [
          -4.029514538719256, 
          -5.602836604898397, 
          80.54191440589237, 
          1.0
        ]
      ], 
      "projected_cuboid": [
        [
          388.12250812627303, 
          293.5766764297083
        ], 
        [
          369.77540531852503, 
          199.61030944879283
        ], 
        [
          525.6575681559237, 
          197.50663960053174
        ], 
        [
          526.3334746368406, 
          293.9706330741626
        ], 
        [
          397.44702978458395, 
          267.38876637984737
        ], 
        [
          381.5481286644501, 
          177.18954300235671
        ], 
        [
          526.0367782200265, 
          174.68093171357978
        ], 
        [
          526.6263833083812, 
          267.1704096444552
        ]
      ], 
      "projected_cuboid_centroid": [
        454.69271819765737, 
        236.1865695396392
      ], 
      "quaternion_xyzw": [
        0.6830380698206373, 
        0.6629325565481666, 
        0.18382035799661822, 
        -0.24533547772429037
      ], 
      "visibility": 0.9879607794464441
    }, 
    {
      "bounding_box": {
        "bottom_right": [
          348, 
          418
        ], 
        "top_left": [
          285, 
          353
        ]
      }, 
      "class": "005_tomato_soup_can", 
      "cuboid": [
        [
          -22.64154123668936, 
          8.16641226157231, 
          91.52193818493204
        ], 
        [
          -17.167100554064618, 
          5.205655026415718, 
          88.86829738326057
        ], 
        [
          -11.206310166188857, 
          11.933441943174165, 
          93.6589418448598
        ], 
        [
          -16.680750848813595, 
          14.894199178330759, 
          96.31258264653127
        ], 
        [
          -22.2810113495405, 
          4.035238396087311, 
          96.87499967859272
        ], 
        [
          -16.80657066691576, 
          1.074481160930718, 
          94.22135887692124
        ], 
        [
          -10.845780279039998, 
          7.802268077689166, 
          99.01200333852047
        ], 
        [
          -16.320220961664738, 
          10.763025312845759, 
          101.66564414019193
        ]
      ], 
      "cuboid_centroid": [
        -16.743660757864678, 
        7.984340169630738, 
        95.26697076172626
      ], 
      "location": [
        -16.743660757864678, 
        7.984340169630738, 
        95.26697076172626
      ], 
      "pose_transform_permuted": [
        [
          -0.05324303519056023, 
          0.6100915439710068, 
          -0.7905398460531197, 
          0.0
        ], 
        [
          -0.8091223005602559, 
          0.4375999018701101, 
          0.39220809481481766, 
          0.0
        ], 
        [
          -0.5852231410380144, 
          -0.6605259261704975, 
          -0.4703396390377983, 
          0.0
        ], 
        [
          -16.743660757864678, 
          7.984340169630738, 
          95.26697076172626, 
          1.0
        ]
      ], 
      "projected_cuboid": [
        [
          348.5600462141067, 
          320.87411828972165
        ], 
        [
          377.7147033998298, 
          304.52689984915065
        ], 
        [
          417.25350231809693, 
          341.23881416103205
        ], 
        [
          388.4596269322507, 
          355.7614117641025
        ], 
        [
          357.91266936941224, 
          295.50147131343556
        ], 
        [
          385.67434971953656, 
          279.36840574160385
        ], 
        [
          422.6903690845131, 
          315.3127794337567
        ], 
        [
          395.27068352727775, 
          329.7474223052686
        ]
      ], 
      "projected_cuboid_centroid": [
        387.08227336609593, 
        317.9841381792453
      ], 
      "quaternion_xyzw": [
        0.28323647501087984, 
        0.9027995448580866, 
        0.2991891137856746, 
        -0.12335272335438525
      ], 
      "visibility": 0.8384424192212097
    }, 
    {
      "bounding_box": {
        "bottom_right": [
          343, 
          517
        ], 
        "top_left": [
          279, 
          450
        ]
      }, 
      "class": "010_potted_meat_can", 
      "cuboid": [
        [
          5.766429182144002, 
          7.70570744138398, 
          83.7955576096809
        ], 
        [
          -3.903153395392358, 
          4.598193850358827, 
          83.39113860021328
        ], 
        [
          -2.696601372629958, 
          -0.04621412536449723, 
          90.22985395207627
        ], 
        [
          6.9729812049064, 
          3.061299465660656, 
          90.63427296154387
        ], 
        [
          4.197529425267539, 
          12.158076483483487, 
          87.09611572678581
        ], 
        [
          -5.4720531522688205, 
          9.050562892458336, 
          86.6916967173182
        ], 
        [
          -4.265501129506421, 
          4.4061549167350105, 
          93.53041206918118
        ], 
        [
          5.404081448029938, 
          7.513668507760163, 
          93.93483107864878
        ]
      ], 
      "cuboid_centroid": [
        0.7504640263187902, 
        6.055931179059495, 
        88.66298483943103
      ], 
      "location": [
        0.7504640263187902, 
        6.055931179059495, 
        88.66298483943103
      ], 
      "pose_transform_permuted": [
        [
          0.2723737066064384, 
          -0.772967331954205, 
          -0.5730036251746445, 
          0.0
        ], 
        [
          0.9512905448650898, 
          0.30571622647387997, 
          0.03978661713526153, 
          0.0
        ], 
        [
          -0.1444228826392642, 
          0.5559302668699282, 
          -0.818586323699643, 
          0.0
        ], 
        [
          0.7504640263187902, 
          6.055931179059495, 
          88.66298483943103, 
          1.0
        ]
      ], 
      "projected_cuboid": [
        [
          518.6035431297105, 
          322.32976649982766
        ], 
        [
          456.4268233569735, 
          302.6938211625672
        ], 
        [
          465.5255016058071, 
          273.01338118247713
        ], 
        [
          522.9701420837157, 
          291.3001535998992
        ], 
        [
          507.51418688212823, 
          347.7346373969659
        ], 
        [
          447.6529498865495, 
          328.9647933627937
        ], 
        [
          457.0720726430606, 
          298.4108654765657
        ], 
        [
          512.5346938326188, 
          315.9457572575067
        ]
      ], 
      "projected_cuboid_centroid": [
        486.1488282322735, 
        309.7137651718827
      ], 
      "quaternion_xyzw": [
        0.87752840935631, 
        0.1282406085984535, 
        0.08893168597546536, 
        0.4534194103246452
      ], 
      "visibility": 0.8397553516819571
    }, 
    {
      "bounding_box": {
        "bottom_right": [
          223, 
          448
        ], 
        "top_left": [
          171, 
          317
        ]
      }, 
      "class": "037_scissors", 
      "cuboid": [
        [
          -24.5955344856069, 
          -8.67622128558051, 
          86.67267825590824
        ], 
        [
          -4.55439625100897, 
          -7.907074329504035, 
          83.80555070305219
        ], 
        [
          -4.973131336748031, 
          -15.165373927630116, 
          78.93146586720991
        ], 
        [
          -25.01426957134596, 
          -15.93452088370659, 
          81.79859342006596
        ], 
        [
          -24.81234293225559, 
          -7.803286187441777, 
          85.3913632870874
        ], 
        [
          -4.771204697657659, 
          -7.034139231365303, 
          82.52423573423134
        ], 
        [
          -5.18993978339672, 
          -14.292438829491383, 
          77.65015089838907
        ], 
        [
          -25.23107801799465, 
          -15.061585785567857, 
          80.5172784512451
        ]
      ], 
      "cuboid_centroid": [
        -14.892737134501811, 
        -11.484330057535946, 
        82.16141457714865
      ], 
      "location": [
        -14.892737134501811, 
        -11.484330057535946, 
        82.16141457714865
      ], 
      "pose_transform_permuted": [
        [
          0.13849150031492913, 
          -0.5576078482527335, 
          0.818470106450753, 
          0.0
        ], 
        [
          -0.989207113439492, 
          -0.03796419301762508, 
          0.14151805836693104, 
          0.0
        ], 
        [
          0.04783903499710317, 
          0.8292356201328512, 
          0.5568473313602661, 
          0.0
        ], 
        [
          -14.892737134501811, 
          -11.484330057535946, 
          82.16141457714865, 
          1.0
        ]
      ], 
      "projected_cuboid": [
        [
          328.9931146420719, 
          219.89948669101332
        ], 
        [
          452.3723888080513, 
          222.96770408394775
        ], 
        [
          447.71487701379186, 
          170.81801275063506
        ], 
        [
          317.14712509664963, 
          169.3948733401015
        ], 
        [
          325.3378794927556, 
          224.55039914195956
        ], 
        [
          450.50581227652236, 
          227.82784127903824
        ], 
        [
          445.65428164556516, 
          175.12269115236793
        ], 
        [
          313.08210995262397, 
          173.5236199151047
        ]
      ], 
      "projected_cuboid_centroid": [
        384.1209217059178, 
        198.74037600495438
      ], 
      "quaternion_xyzw": [
        0.07341358202516002, 
        -0.2921905492335025, 
        0.95353458773438, 
        0.0025890099075852463
      ], 
      "visibility": 0.7035537561853351
    }, 
    {
      "bounding_box": {
        "bottom_right": [
          331, 
          457
        ], 
        "top_left": [
          291, 
          406
        ]
      }, 
      "class": "061_foam_brick", 
      "cuboid": [
        [
          -5.469596273931033, 
          5.665597567061956, 
          88.69230479083568
        ], 
        [
          -13.091328316121848, 
          5.989383013032377, 
          90.25690020869388
        ], 
        [
          -12.351982947693838, 
          3.143410253294421, 
          94.44748952602676
        ], 
        [
          -4.730250905503022, 
          2.819624807323999, 
          92.88289410816856
        ], 
        [
          -4.70364327406723, 
          10.029068574816801, 
          91.52055039678712
        ], 
        [
          -12.325375316258045, 
          10.352854020787223, 
          93.08514581464532
        ], 
        [
          -11.586029947830035, 
          7.506881261049267, 
          97.27573513197821
        ], 
        [
          -3.9642979056392185, 
          7.183095815078845, 
          95.71113971412
        ]
      ], 
      "cuboid_centroid": [
        -8.527813110880533, 
        6.586239414055611, 
        92.98401996140694
      ], 
      "location": [
        -8.527813110880533, 
        6.586239414055611, 
        92.98401996140694
      ], 
      "pose_transform_permuted": [
        [
          -0.14572926060668956, 
          -0.8301885412706904, 
          -0.5380984747663485, 
          0.0
        ], 
        [
          0.9787261818377877, 
          -0.04157812050004661, 
          -0.200913715014454, 
          0.0
        ], 
        [
          -0.1444231407643983, 
          0.555930072795605, 
          -0.8185864099612331, 
          0.0
        ], 
        [
          -8.527813110880533, 
          6.586239414055611, 
          92.98401996140694, 
          1.0
        ]
      ], 
      "projected_cuboid": [
        [
          448.4335147833187, 
          307.3545908977143
        ], 
        [
          403.5969904677408, 
          308.677242122359
        ], 
        [
          411.26749220210013, 
          291.0365306433462
        ], 
        [
          454.2103392195514, 
          289.47639878820365
        ], 
        [
          453.9590130162507, 
          331.7291352858315
        ], 
        [
          410.39190212459687, 
          332.60190718107464
        ], 
        [
          417.5466663324392, 
          314.44342854233685
        ], 
        [
          459.32320656840903, 
          313.31203216548465
        ]
      ], 
      "projected_cuboid_centroid": [
        432.2772930464206, 
        311.06260380895486
      ], 
      "quaternion_xyzw": [
        0.8764637370421752, 
        0.029335218309038492, 
        -0.09887544714370286, 
        0.47029183340661834
      ], 
      "visibility": 0.9300991131977048
    }
  ]
}