{
  "camera_data": {
    "location_worldframe": [
      -16.575337427217324, 
      0.21205422626092568, 
      89.89175840884285
    ], 
    "quaternion_xyzw_worldframe": [
      0.8829999364886801, 
      0.03261284442110229, 
      0.0020853126312636917, 
      -0.46823605867792617
    ]
  }, 
  "objects": [
    {
      "bounding_box": {
        "bottom_right": [
          327, 
          572
        ], 
        "top_left": [
          230, 
          414
        ]
      }, 
      "class": "003_cracker_box", 
      "cuboid": [
        [
          -8.679942954566284, 
          9.423871709182594, 
          83.19838857340183
        ], 
        [
          -9.02647243336658, 
          0.5634128917867461, 
          69.39801529755486
        ], 
        [
          12.292646513324513, 
          -0.45385611234188583, 
          69.51582130958948
        ], 
        [
          12.63917599212481, 
          8.406602705053961, 
          83.31619458543645
        ], 
        [
          -8.989249473160944, 
          3.3911214042281577, 
          87.07945167139053
        ], 
        [
          -9.33577895196124, 
          -5.469337413167691, 
          73.27907839554358
        ], 
        [
          11.983339994729853, 
          -6.486606417296323, 
          73.39688440757818
        ], 
        [
          12.32986947353015, 
          2.3738524000995254, 
          87.19725768342515
        ]
      ], 
      "cuboid_centroid": [
        1.6516985200817846, 
        1.4686326459431358, 
        78.29763649049
      ], 
      "location": [
        1.6516985200817846, 
        1.4686326459431358, 
        78.29763649049
      ], 
      "pose_transform_permuted": [
        [
          0.04307890334117581, 
          0.8402159399981979, 
          -0.5405380488549041, 
          0.0
        ], 
        [
          0.02112520813515506, 
          0.5401532860594739, 
          0.8413014638881826, 
          0.0
        ], 
        [
          -0.9988483036318219, 
          0.0476613232306593, 
          -0.005519474588637913, 
          0.0
        ], 
        [
          1.6516985200817846, 
          1.4686326459431358, 
          78.29763649049, 
          1.0
        ]
      ], 
      "projected_cuboid": [
        [
          425.49308587183987, 
          333.6955845745129
        ], 
        [
          411.65109065549177, 
          277.6163322459053
        ], 
        [
          576.6911477600385, 
          269.8045917410841
        ], 
        [
          563.1765759235354, 
          327.09847541872784
        ], 
        [
          426.083456870074, 
          294.0555187119363
        ], 
        [
          413.0857544360343, 
          233.48111447886114
        ], 
        [
          569.3965597132262, 
          226.15328077861915
        ], 
        [
          557.6379942930628, 
          287.8055951876524
        ]
      ], 
      "projected_cuboid_centroid": [
        492.94126891289534, 
        283.29003981971954
      ], 
      "quaternion_xyzw": [
        0.6342957867234966, 
        0.6065788319520162, 
        0.3485678076933526, 
        -0.3289854996992997
      ], 
      "visibility": 0.9835263650097116
    }, 
    {
      "bounding_box": {
        "bottom_right": [
          352, 
          444
        ], 
        "top_left": [
          300, 
          380
        ]
      }, 
      "class": "005_tomato_soup_can", 
      "cuboid": [
        [
          -17.504237856732335, 
          11.711418699794871, 
          91.88799779207521
        ], 
        [
          -11.890344645201012, 
          9.497107137138649, 
          88.82884414924948
        ], 
        [
          -6.241184791635811, 
          13.494354240111328, 
          96.30235883442896
        ], 
        [
          -11.855078003167135, 
          15.708665802767548, 
          99.36151247725469
        ], 
        [
          -17.928763791906654, 
          5.89085879185085, 
          95.32204886183314
        ], 
        [
          -12.31487058037533, 
          3.676547229194629, 
          92.2628952190074
        ], 
        [
          -6.665710726810127, 
          7.673794332167308, 
          99.73640990418689
        ], 
        [
          -12.279603938341452, 
          9.88810589482353, 
          102.79556354701262
        ]
      ], 
      "cuboid_centroid": [
        -12.084974291771232, 
        9.692606515981089, 
        95.81220384813105
      ], 
      "location": [
        -12.084974291771232, 
        9.692606515981089, 
        95.81220384813105
      ], 
      "pose_transform_permuted": [
        [
          0.06269396827137123, 
          0.8595799878290556, 
          -0.5071404853540186, 
          0.0
        ], 
        [
          -0.8297333835090519, 
          0.3272752358830136, 
          0.4521428903424879, 
          0.0
        ], 
        [
          -0.5546276346931631, 
          -0.39244485259284906, 
          -0.7337405703026407, 
          0.0
        ], 
        [
          -12.084974291771232, 
          9.692606515981089, 
          95.81220384813105, 
          1.0
        ]
      ], 
      "projected_cuboid": [
        [
          379.15551520262045, 
          341.25982164630176
        ], 
        [
          409.613699616945, 
          330.30622869361355
        ], 
        [
          446.74553846921503, 
          348.01786819602836
        ], 
        [
          417.4350588912145, 
          357.6022744193704
        ], 
        [
          380.45106808546944, 
          306.24544300815995
        ], 
        [
          409.8185468026556, 
          294.5385768550123
        ], 
        [
          445.65653961106545, 
          314.320547512199
        ], 
        [
          417.3576318848632, 
          324.5875896242684
        ]
      ], 
      "projected_cuboid_centroid": [
        413.7678775273723, 
        327.2385050517115
      ], 
      "quaternion_xyzw": [
        0.2669092552308752, 
        0.8260324935279362, 
        0.48222090856460076, 
        -0.11786731306652455
      ], 
      "visibility": 0.7501099868015838
    }, 
    {
      "bounding_box": {
        "bottom_right": [
          357, 
          548
        ], 
        "top_left": [
          295, 
          485
        ]
      }, 
      "class": "010_potted_meat_can", 
      "cuboid": [
        [
          11.556163034129813, 
          11.818505969929259, 
          87.15464915570259
        ], 
        [
          1.8753275490119028, 
          9.86885135543403, 
          84.74606162943769
        ], 
        [
          2.0997126254085328, 
          2.959517322406973, 
          89.43701840284173
        ], 
        [
          11.780548110526443, 
          4.909171936902203, 
          91.84560592910663
        ], 
        [
          9.806983645470497, 
          14.86219424953201, 
          91.72138251133639
        ], 
        [
          0.1261481603525877, 
          12.91253963503678, 
          89.31279498507149
        ], 
        [
          0.35053323674921755, 
          6.003205602009724, 
          94.00375175847554
        ], 
        [
          10.031368721867127, 
          7.952860216504954, 
          96.41233928474044
        ]
      ], 
      "cuboid_centroid": [
        5.953348135439515, 
        8.910855785969492, 
        90.57920045708906
      ], 
      "location": [
        5.953348135439515, 
        8.910855785969492, 
        90.57920045708906
      ], 
      "pose_transform_permuted": [
        [
          0.3036717110322276, 
          -0.5284089406199411, 
          -0.7928219031875233, 
          0.0
        ], 
        [
          0.952397602434404, 
          0.19180641828640815, 
          0.2369560962785178, 
          0.0
        ], 
        [
          -0.026858634309226442, 
          0.8270392982166884, 
          -0.5615021041530395, 
          0.0
        ], 
        [
          5.953348135439515, 
          8.910855785969492, 
          90.57920045708906, 
          1.0
        ]
      ], 
      "projected_cuboid": [
        [
          552.9012247045215, 
          345.60672673382095
        ], 
        [
          493.4971345308371, 
          335.3926888757655
        ], 
        [
          494.2221534200771, 
          290.9343595765671
        ], 
        [
          550.5732037908828, 
          301.79261080461487
        ], 
        [
          539.0955801855856, 
          359.703674587388
        ], 
        [
          482.35662367966603, 
          350.3920664445158
        ], 
        [
          483.60235249777446, 
          307.3450414928746
        ], 
        [
          537.5495456129647, 
          317.27899918661745
        ]
      ], 
      "projected_cuboid_centroid": [
        516.9417883924762, 
        325.7525993894602
      ], 
      "quaternion_xyzw": [
        0.9450210055653017, 
        0.0578466116911421, 
        0.14302005038167048, 
        0.2883298462029972
      ], 
      "visibility": 0.5171576070452475
    }, 
    {
      "bounding_box": {
        "bottom_right": [
          267, 
          485
        ], 
        "top_left": [
          226, 
          339
        ]
      }, 
      "class": "037_scissors", 
      "cuboid": [
        [
          -19.58938146190843, 
          -1.9635362292527523, 
          80.94925748640061
        ], 
        [
          0.6625687177928608, 
          -1.8210317462021879, 
          80.4038809432138
        ], 
        [
          0.501947484983406, 
          -6.727768029871164, 
          73.15728898717882
        ], 
        [
          -19.750002694717885, 
          -6.87027251292173, 
          73.70266553036564
        ], 
        [
          -19.622120673192654, 
          -0.667189819917451, 
          80.0722148600289
        ], 
        [
          0.6298295065086362, 
          -0.5246853368668862, 
          79.52683831684207
        ], 
        [
          0.4692082736991815, 
          -5.431421620535863, 
          72.2802463608071
        ], 
        [
          -19.78274190600211, 
          -5.573926103586427, 
          72.8256229039939
        ]
      ], 
      "cuboid_centroid": [
        -9.560086594104625, 
        -3.6974789248943076, 
        76.61475192360385
      ], 
      "location": [
        -9.560086594104625, 
        -3.6974789248943076, 
        76.61475192360385
      ], 
      "pose_transform_permuted": [
        [
          0.020912942092273925, 
          -0.8280717930128803, 
          0.5602316286282928, 
          0.0
        ], 
        [
          -0.9996125441716773, 
          -0.007033854398912279, 
          0.02691914749093867, 
          0.0
        ], 
        [
          0.018350420204429035, 
          0.5605776463218854, 
          0.8278980625247012, 
          0.0
        ], 
        [
          -9.560086594104625, 
          -3.6974789248943076, 
          76.61475192360385, 
          1.0
        ]
      ], 
      "projected_cuboid": [
        [
          351.46042784500673, 
          260.35013367281704
        ], 
        [
          486.02851708996616, 
          261.2076198939876
        ], 
        [
          485.2867806892017, 
          224.24083807869738
        ], 
        [
          337.4931791725631, 
          223.57258467327446
        ], 
        [
          349.8151461243241, 
          268.842731883697
        ], 
        [
          485.8560042462907, 
          269.76791494704514
        ], 
        [
          485.08797207701423, 
          233.21080968035392
        ], 
        [
          335.51597364845145, 
          232.46733414008443
        ]
      ], 
      "projected_cuboid_centroid": [
        414.4941881534016, 
        247.548179904194
      ], 
      "quaternion_xyzw": [
        0.013538878945853884, 
        -0.46872247496323244, 
        0.8832357866280465, 
        0.003203155368262512
      ], 
      "visibility": 0.8006134969325154
    }, 
    {
      "bounding_box": {
        "bottom_right": [
          341, 
          483
        ], 
        "top_left": [
          302, 
          436
        ]
      }, 
      "class": "061_foam_brick", 
      "cuboid": [
        [
          -0.24024524572868883, 
          9.041563179156308, 
          89.89731927162282
        ], 
        [
          -7.970691354184674, 
          9.384722050954753, 
          90.77255644663714
        ], 
        [
          -7.833185560811416, 
          5.1508608667100795, 
          93.64705518187186
        ], 
        [
          -0.1027394523554312, 
          4.807701994911633, 
          92.77181800685754
        ], 
        [
          0.3783609294788659, 
          11.987102315877005, 
          94.20622424100227
        ], 
        [
          -7.352085178977119, 
          12.33026118767545, 
          95.0814614160166
        ], 
        [
          -7.214579385603861, 
          8.096400003430777, 
          97.9559601512513
        ], 
        [
          0.5158667228521235, 
          7.753241131632331, 
          97.08072297623698
        ]
      ], 
      "cuboid_centroid": [
        -3.727412315666275, 
        8.568981591293543, 
        93.92663971143706
      ], 
      "location": [
        -3.727412315666275, 
        8.568981591293543, 
        93.92663971143706
      ], 
      "pose_transform_permuted": [
        [
          -0.11769523787459396, 
          -0.5604145953585931, 
          -0.8198068749959999, 
          0.0
        ], 
        [
          0.9926864342317023, 
          -0.04406591185571457, 
          -0.11239145298763764, 
          0.0
        ], 
        [
          -0.02686027315554873, 
          0.8270391022928654, 
          -0.5615023143359433, 
          0.0
        ], 
        [
          -3.727412315666275, 
          8.568981591293543, 
          93.92663971143706, 
          1.0
        ]
      ], 
      "projected_cuboid": [
        [
          480.15992671626987, 
          326.92598735537615
        ], 
        [
          434.37628812213893, 
          328.4249658093944
        ], 
        [
          436.6153520493664, 
          302.62066883126636
        ], 
        [
          481.00152639161263, 
          300.9246901598029
        ], 
        [
          483.75689342393355, 
          341.1478333686558
        ], 
        [
          440.01496880835936, 
          342.44796712933316
        ], 
        [
          441.99007437977264, 
          317.3672520936679
        ], 
        [
          484.45463498978745, 
          315.87949775533053
        ]
      ], 
      "projected_cuboid_centroid": [
        460.2562841184937, 
        321.94159159040004
      ], 
      "quaternion_xyzw": [
        0.9538779287100327, 
        -0.004509392182769581, 
        -0.06030297062575583, 
        0.29404100774502395
      ], 
      "visibility": 0.36833239752947783
    }
  ]
}