{
  "camera_data": {
    "location_worldframe": [
      -17.96180874037465, 
      -5.001610898708286, 
      95.0373915704698
    ], 
    "quaternion_xyzw_worldframe": [
      0.9533358515814067, 
      -0.0009420410278610767, 
      0.04874439999003998, 
      -0.29794978593918847
    ]
  }, 
  "objects": [
    {
      "bounding_box": {
        "bottom_right": [
          270, 
          554
        ], 
        "top_left": [
          150, 
          412
        ]
      }, 
      "class": "003_cracker_box", 
      "cuboid": [
        [
          -8.771479736263322, 
          0.38834288643461307, 
          86.17834275907626
        ], 
        [
          -9.590706576434666, 
          -12.770129755087128, 
          76.41813882607246
        ], 
        [
          11.438478749003266, 
          -15.697363662116887, 
          78.59947175534225
        ], 
        [
          12.257705589174611, 
          -2.538891020595145, 
          88.35967568834606
        ], 
        [
          -9.94602177834349, 
          -3.784183744329064, 
          91.90222868053704
        ], 
        [
          -10.765248618514834, 
          -16.942656385850807, 
          82.14202474753323
        ], 
        [
          10.263936706923099, 
          -19.869890292880566, 
          84.32335767680303
        ], 
        [
          11.083163547094443, 
          -6.711417651358821, 
          94.08356160980682
        ]
      ], 
      "cuboid_centroid": [
        0.746228485329889, 
        -9.740773703222976, 
        85.25085021793964
      ], 
      "location": [
        0.746228485329889, 
        -9.740773703222976, 
        85.25085021793964
      ], 
      "pose_transform_permuted": [
        [
          0.16358524654059015, 
          0.5811318566186032, 
          -0.7971986153633669, 
          0.0
        ], 
        [
          0.04994189114427, 
          0.8021697728437304, 
          0.5950037504459716, 
          0.0
        ], 
        [
          -0.9852642663890679, 
          0.13714744167812018, 
          -0.10220031613433717, 
          0.0
        ], 
        [
          0.746228485329889, 
          -9.740773703222976, 
          85.25085021793964, 
          1.0
        ]
      ], 
      "projected_cuboid": [
        [
          426.8618997570978, 
          275.6898200554454
        ], 
        [
          414.1060652488381, 
          184.16423818916573
        ], 
        [
          559.8571661921154, 
          166.7754984260448
        ], 
        [
          556.1984407869248, 
          257.9623497669311
        ], 
        [
          423.3981254070457, 
          251.3264688281177
        ], 
        [
          411.1195837052927, 
          163.28376571856577
        ], 
        [
          547.0543278644194, 
          147.61552699925957
        ], 
        [
          544.9463562502252, 
          235.24237380369374
        ]
      ], 
      "projected_cuboid_centroid": [
        486.30429287943855, 
        212.34937010701876
      ], 
      "quaternion_xyzw": [
        0.7043237799807979, 
        0.6344504083340512, 
        0.26926145990954736, 
        -0.16999693681268413
      ], 
      "visibility": 0.9815831537980402
    }, 
    {
      "bounding_box": {
        "bottom_right": [
          332, 
          442
        ], 
        "top_left": [
          272, 
          379
        ]
      }, 
      "class": "005_tomato_soup_can", 
      "cuboid": [
        [
          -17.614549572158552, 
          6.4779200634662235, 
          92.76071449142488
        ], 
        [
          -12.179032599380312, 
          2.788188499802498, 
          91.14255815653388
        ], 
        [
          -6.410416261354696, 
          8.651702290367291, 
          97.14977754452615
        ], 
        [
          -11.845933234132938, 
          12.341433854031015, 
          98.76793387941714
        ], 
        [
          -18.860168305478414, 
          2.3523498368406677, 
          97.98373573757063
        ], 
        [
          -13.424651332700172, 
          -1.3373817268230572, 
          96.36557940267963
        ], 
        [
          -7.656034994674557, 
          4.526132063741735, 
          102.3727987906719
        ], 
        [
          -13.0915519674528, 
          8.21586362740546, 
          103.99095512556286
        ]
      ], 
      "cuboid_centroid": [
        -12.635292283416554, 
        5.502026063603979, 
        97.56675664104839
      ], 
      "location": [
        -12.635292283416554, 
        5.502026063603979, 
        97.56675664104839
      ], 
      "pose_transform_permuted": [
        [
          0.1839529104692152, 
          0.6092639988724631, 
          -0.7713355089886378, 
          0.0
        ], 
        [
          -0.8033693764748244, 
          0.5453423033181907, 
          0.23916349674016557, 
          0.0
        ], 
        [
          -0.5663557268595102, 
          -0.5756726431806147, 
          -0.5897814837267112, 
          0.0
        ], 
        [
          -12.635292283416554, 
          5.502026063603979, 
          97.56675664104839, 
          1.0
        ]
      ], 
      "projected_cuboid": [
        [
          379.4797988572212, 
          310.5307705965601
        ], 
        [
          409.737713429719, 
          289.6015894633499
        ], 
        [
          446.11277576490335, 
          320.78147184378776
        ], 
        [
          417.0992467807529, 
          339.92687457895653
        ], 
        [
          378.0868303039741, 
          286.09023672809917
        ], 
        [
          406.6813732394359, 
          265.8850169247358
        ], 
        [
          441.3799392847208, 
          296.86579823540274
        ], 
        [
          413.8972813984468, 
          315.42175022050196
        ]
      ], 
      "projected_cuboid_centroid": [
        411.95443898701666, 
        303.3617228892783
      ], 
      "quaternion_xyzw": [
        0.31316667405177945, 
        0.8874651441949815, 
        0.33777255660187844, 
        -0.01555288864923023
      ], 
      "visibility": 0.9317781690140845
    }, 
    {
      "bounding_box": {
        "bottom_right": [
          309, 
          545
        ], 
        "top_left": [
          253, 
          483
        ]
      }, 
      "class": "010_potted_meat_can", 
      "cuboid": [
        [
          11.426597128260177, 
          2.112399941937906, 
          90.64494438703959
        ], 
        [
          1.6906331118386215, 
          0.35560128396907603, 
          88.31134505902223
        ], 
        [
          0.9094987028942194, 
          -4.389645041845675, 
          95.14265439434773
        ], 
        [
          10.645462719315775, 
          -2.632846383876845, 
          97.47625372236509
        ], 
        [
          9.861424597396566, 
          6.747414060763537, 
          93.6856021259963
        ], 
        [
          0.12546058097501062, 
          4.990615402794707, 
          91.35200279797894
        ], 
        [
          -0.6556738279693913, 
          0.24536907697995572, 
          98.18331213330444
        ], 
        [
          9.080290188452164, 
          2.002167734948786, 
          100.5169114613218
        ]
      ], 
      "cuboid_centroid": [
        5.385461650145393, 
        1.1788845094589309, 
        94.41412826017202
      ], 
      "location": [
        5.385461650145393, 
        1.1788845094589309, 
        94.41412826017202
      ], 
      "pose_transform_permuted": [
        [
          0.27172662997835495, 
          -0.8046759967833428, 
          -0.5278828142150078, 
          0.0
        ], 
        [
          0.957821130302431, 
          0.17283330890000273, 
          0.22957878051567737, 
          0.0
        ], 
        [
          0.0935008859462036, 
          0.5680005008308711, 
          -0.8176998320796913, 
          0.0
        ], 
        [
          5.385461650145393, 
          1.1788845094589309, 
          94.41412826017202, 
          1.0
        ]
      ], 
      "projected_cuboid": [
        [
          549.3869808763965, 
          285.7150773130359
        ], 
        [
          491.8920278645298, 
          275.4340438133843
        ], 
        [
          486.7377253153327, 
          248.68050108989465
        ], 
        [
          540.3267246437176, 
          258.88150616720293
        ], 
        [
          538.2025580314198, 
          311.6972219361579
        ], 
        [
          482.3356209101306, 
          302.4221107643546
        ], 
        [
          478.0058499459445, 
          274.6193523978034
        ], 
        [
          530.1764898663076, 
          283.9095788838856
        ]
      ], 
      "projected_cuboid_centroid": [
        512.2715830661235, 
        279.94573408669424
      ], 
      "quaternion_xyzw": [
        0.8737425887165381, 
        0.022699025999846384, 
        0.14343624111032865, 
        0.4642030301070083
      ], 
      "visibility": 0.8267379679144385
    }, 
    {
      "bounding_box": {
        "bottom_right": [
          213, 
          475
        ], 
        "top_left": [
          162, 
          344
        ]
      }, 
      "class": "037_scissors", 
      "cuboid": [
        [
          -20.841609312854064, 
          -9.953606815787474, 
          87.2290481656561
        ], 
        [
          -0.7078934018890398, 
          -11.94174495850524, 
          88.29676513408712
        ], 
        [
          -1.146736429415729, 
          -19.08913630520362, 
          83.26316117176488
        ], 
        [
          -21.280452340380755, 
          -17.100998162485855, 
          82.19544420333386
        ], 
        [
          -20.6858925487646, 
          -9.063070485466968, 
          85.95096875842593
        ], 
        [
          -0.5521766377995757, 
          -11.051208628184733, 
          87.01868572685694
        ], 
        [
          -0.9910196653262648, 
          -18.198599974883113, 
          81.98508176453471
        ], 
        [
          -21.12473557629129, 
          -16.210461832165347, 
          80.91736479610368
        ]
      ], 
      "cuboid_centroid": [
        -10.916314489090166, 
        -14.076103395335293, 
        84.6070649650954
      ], 
      "location": [
        -10.916314489090166, 
        -14.076103395335293, 
        84.6070649650954
      ], 
      "pose_transform_permuted": [
        [
          -0.09946774960239431, 
          -0.5688510497512215, 
          0.8164033152994904, 
          0.0
        ], 
        [
          -0.9937766391289028, 
          0.09813217045135805, 
          -0.052701259177418254, 
          0.0
        ], 
        [
          0.050136297786057674, 
          0.8165647360769982, 
          0.5750718397291142, 
          0.0
        ], 
        [
          -10.916314489090166, 
          -14.076103395335293, 
          84.6070649650954, 
          1.0
        ]
      ], 
      "projected_cuboid": [
        [
          353.1092797983465, 
          212.43005095472836
        ], 
        [
          477.28570391527836, 
          201.1574352455134
        ], 
        [
          474.1907494241239, 
          151.0162557327632
        ], 
        [
          342.3696257501912, 
          162.3278674587015
        ], 
        [
          352.1729468394656, 
          217.0508370535605
        ], 
        [
          478.18469020744817, 
          205.55595885477527
        ], 
        [
          475.0966826308863, 
          154.9031742765817
        ], 
        [
          341.20541512848644, 
          166.44473994306827
        ]
      ], 
      "projected_cuboid_centroid": [
        412.21277901318734, 
        184.557995056903
      ], 
      "quaternion_xyzw": [
        -0.0399519263160387, 
        -0.3003366017707245, 
        0.9522006997615303, 
        0.038927840599820025
      ], 
      "visibility": 0.7759014148790506
    }, 
    {
      "bounding_box": {
        "bottom_right": [
          311, 
          481
        ], 
        "top_left": [
          268, 
          434
        ]
      }, 
      "class": "061_foam_brick", 
      "cuboid": [
        [
          -0.716710713194027, 
          1.643162464279593, 
          93.23500582158192
        ], 
        [
          -8.382655466376205, 
          3.0111738874410388, 
          93.30870077949487
        ], 
        [
          -8.861313354986601, 
          0.10340886914821101, 
          97.49475149270829
        ], 
        [
          -1.1953686018044238, 
          -1.2646025540132346, 
          97.42105653479534
        ], 
        [
          0.06654056378462697, 
          5.869311734545171, 
          96.2601861837498
        ], 
        [
          -7.59940418939755, 
          7.237323157706617, 
          96.33388114166273
        ], 
        [
          -8.078062078007948, 
          4.3295581394137885, 
          100.51993185487615
        ], 
        [
          -0.4121173248257698, 
          2.9615467162523434, 
          100.44623689696321
        ]
      ], 
      "cuboid_centroid": [
        -4.397386395600987, 
        2.986360301846691, 
        96.87746883822903
      ], 
      "location": [
        -4.397386395600987, 
        2.986360301846691, 
        96.87746883822903
      ], 
      "pose_transform_permuted": [
        [
          -0.1490204091943509, 
          -0.8040618790954717, 
          -0.5755670353911935, 
          0.0
        ], 
        [
          0.9844036495810429, 
          -0.17566985948726943, 
          -0.009463358771938546, 
          0.0
        ], 
        [
          0.09350065419595574, 
          0.5680005238141794, 
          -0.8176998426144807, 
          0.0
        ], 
        [
          -4.397386395600987, 
          2.986360301846691, 
          96.87746883822903, 
          1.0
        ]
      ], 
      "projected_cuboid": [
        [
          477.46320083420534, 
          282.68569780139654
        ], 
        [
          433.2854920952216, 
          290.49734457385546
        ], 
        [
          432.71961262898066, 
          273.852209201126
        ], 
        [
          474.99863705660766, 
          266.3636269499519
        ], 
        [
          481.96880245433164, 
          305.80485123083946
        ], 
        [
          439.1749629752705, 
          313.3535022104273
        ], 
        [
          438.3808527899481, 
          296.25748612693377
        ], 
        [
          479.3906960763697, 
          289.01087877355235
        ]
      ], 
      "projected_cuboid_centroid": [
        457.1873048531832, 
        289.726732491877
      ], 
      "quaternion_xyzw": [
        0.8843035690285345, 
        -0.07609675090956794, 
        -0.04480468402394731, 
        0.4584855751208729
      ], 
      "visibility": 0.941747572815534
    }
  ]
}