{
  "camera_data": {
    "location_worldframe": [
      -16.088833790332068, 
      0.20152638774979525, 
      89.0155029323796
    ], 
    "quaternion_xyzw_worldframe": [
      0.8857223586775208, 
      0.030448103446662548, 
      -0.0071658173550363385, 
      -0.46316404945622425
    ]
  }, 
  "objects": [
    {
      "bounding_box": {
        "bottom_right": [
          327, 
          575
        ], 
        "top_left": [
          228, 
          414
        ]
      }, 
      "class": "003_cracker_box", 
      "cuboid": [
        [
          -8.359104387790211, 
          9.367067190006695, 
          82.06993648397913
        ], 
        [
          -8.912124827177792, 
          0.3382178085298788, 
          68.38592526915687
        ], 
        [
          12.410248315821065, 
          -0.5809065555048877, 
          68.13065854481891
        ], 
        [
          12.963268755208645, 
          8.447942825971927, 
          81.81466975964118
        ], 
        [
          -8.56976993181387, 
          3.3805455019905164, 
          86.02841796586279
        ], 
        [
          -9.12279037120145, 
          -5.648303879486298, 
          72.34440675104052
        ], 
        [
          12.199582771797408, 
          -6.567428243521064, 
          72.08914002670257
        ], 
        [
          12.752603211184987, 
          2.46142113795575, 
          85.77315124152483
        ]
      ], 
      "cuboid_centroid": [
        1.9202391920035977, 
        1.3998194732428144, 
        77.07953825534085
      ], 
      "location": [
        1.9202391920035977, 
        1.3998194732428144, 
        77.07953825534085
      ], 
      "pose_transform_permuted": [
        [
          0.02934060571870567, 
          0.8337774138082947, 
          -0.55132055383344, 
          0.0
        ], 
        [
          0.03371335658225544, 
          0.5504187495534373, 
          0.83420777371587, 
          0.0
        ], 
        [
          -0.9990007699917038, 
          0.04306302779858989, 
          0.011959815751119374, 
          0.0
        ], 
        [
          1.9202391920035977, 
          1.3998194732428144, 
          77.07953825534085, 
          1.0
        ]
      ], 
      "projected_cuboid": [
        [
          426.82396029821905, 
          334.1570660131668
        ], 
        [
          411.51510362090784, 
          275.924188637711
        ], 
        [
          579.5527492604112, 
          268.7392629563532
        ], 
        [
          566.804031513847, 
          328.3555538417613
        ], 
        [
          428.02739969659217, 
          294.24369563517814
        ], 
        [
          413.78383206304716, 
          231.64750594129396
        ], 
        [
          572.6024084030792, 
          224.70032801910696
        ], 
        [
          561.5508896430159, 
          288.59114176830985
        ]
      ], 
      "projected_cuboid_centroid": [
        494.99408168305024, 
        282.9720025662336
      ], 
      "quaternion_xyzw": [
        0.6379845096501727, 
        0.6071540515908204, 
        0.33838924236110635, 
        -0.3314097821995548
      ], 
      "visibility": 0.9817291781577496
    }, 
    {
      "bounding_box": {
        "bottom_right": [
          353, 
          447
        ], 
        "top_left": [
          300, 
          382
        ]
      }, 
      "class": "005_tomato_soup_can", 
      "cuboid": [
        [
          -17.03623188875235, 
          11.719956980823591, 
          90.88942345993829
        ], 
        [
          -11.467908813823655, 
          9.494126998605301, 
          87.75623774554482
        ], 
        [
          -5.704073215753361, 
          13.607393108643894, 
          95.07768939869224
        ], 
        [
          -11.272396290682057, 
          15.833223090862184, 
          98.21087511308572
        ], 
        [
          -17.371163975939766, 
          5.93966204401103, 
          94.40052835750798
        ], 
        [
          -11.80284090101107, 
          3.71383206179274, 
          91.2673426431145
        ], 
        [
          -6.039005302940775, 
          7.827098171831333, 
          98.58879429626192
        ], 
        [
          -11.607328377869472, 
          10.052928154049622, 
          101.7219800106554
        ]
      ], 
      "cuboid_centroid": [
        -11.537618595846563, 
        9.773527576327462, 
        94.73910887810011
      ], 
      "location": [
        -11.537618595846563, 
        9.773527576327462, 
        94.73910887810011
      ], 
      "pose_transform_permuted": [
        [
          0.04946275340885753, 
          0.8536336589633604, 
          -0.5185197906820533, 
          0.0
        ], 
        [
          -0.8229981175883176, 
          0.3289776582262601, 
          0.46308483008296913, 
          0.0
        ], 
        [
          -0.5658863596328366, 
          -0.40383545741487525, 
          -0.7188112070050208, 
          0.0
        ], 
        [
          -11.537618595846563, 
          9.773527576327462, 
          94.73910887810011, 
          1.0
        ]
      ], 
      "projected_cuboid": [
        [
          380.79906466917646, 
          342.05672414673364
        ], 
        [
          411.32253503126793, 
          330.9850444756606
        ], 
        [
          449.3345546335051, 
          349.61453108522744
        ], 
        [
          419.8738728437501, 
          359.2665063846418
        ], 
        [
          382.6401342602931, 
          306.84289768201626
        ], 
        [
          412.05255339200545, 
          294.9882695077707
        ], 
        [
          448.6566139729682, 
          315.62750344548897
        ], 
        [
          420.23369863348773, 
          325.9931747595004
        ]
      ], 
      "projected_cuboid_centroid": [
        416.1065213730807, 
        328.30514344272814
      ], 
      "quaternion_xyzw": [
        0.27003989089641856, 
        0.828455394949729, 
        0.4745110224261976, 
        -0.12481724399272283
      ], 
      "visibility": 0.7372917556599744
    }, 
    {
      "bounding_box": {
        "bottom_right": [
          359, 
          552
        ], 
        "top_left": [
          296, 
          488
        ]
      }, 
      "class": "010_potted_meat_can", 
      "cuboid": [
        [
          11.933376832022274, 
          11.901274525067612, 
          85.63068611328437
        ], 
        [
          2.2200911376570605, 
          9.87866164296249, 
          83.42112940973453
        ], 
        [
          2.5617731345139956, 
          3.027883041748712, 
          88.19023906066268
        ], 
        [
          12.27505882887921, 
          5.050495923853833, 
          90.39979576421253
        ], 
        [
          10.25231526173172, 
          14.992229115610256, 
          90.1912510053406
        ], 
        [
          0.5390295673665064, 
          12.969616233505137, 
          87.98169430179075
        ], 
        [
          0.8807115642234415, 
          6.118837632291359, 
          92.75080395271891
        ], 
        [
          10.593997258588656, 
          8.14145051439648, 
          94.96036065626873
        ]
      ], 
      "cuboid_centroid": [
        6.407044198122858, 
        9.010056078679485, 
        89.19074503300163
      ], 
      "location": [
        6.407044198122858, 
        9.010056078679485, 
        89.19074503300163
      ], 
      "pose_transform_permuted": [
        [
          0.2918459059776193, 
          -0.5366147550780572, 
          -0.7917510079430494, 
          0.0
        ], 
        [
          0.9555900439889718, 
          0.19898403010062043, 
          0.21737550546528, 
          0.0
        ], 
        [
          -0.04089894012115562, 
          0.820030280704705, 
          -0.570856913266651, 
          0.0
        ], 
        [
          6.407044198122858, 
          9.010056078679485, 
          89.19074503300163, 
          1.0
        ]
      ], 
      "projected_cuboid": [
        [
          556.5391367612849, 
          347.4092976720149
        ], 
        [
          495.90861270374927, 
          336.44180508213157
        ], 
        [
          497.21817897792005, 
          291.5972868683458
        ], 
        [
          554.6180853565706, 
          303.0822732278152
        ], 
        [
          542.7263492339274, 
          361.93869984434275
        ], 
        [
          484.89173975930714, 
          351.9046002776269
        ], 
        [
          486.7033859198402, 
          308.4700166843159
        ], 
        [
          541.5912655464724, 
          319.0108271978937
        ]
      ], 
      "projected_cuboid_centroid": [
        520.227510298309, 
        327.1625242225188
      ], 
      "quaternion_xyzw": [
        0.9443743077610601, 
        0.06350314918840153, 
        0.13480391388721985, 
        0.2931760370976002
      ], 
      "visibility": 0.5202464788732394
    }, 
    {
      "bounding_box": {
        "bottom_right": [
          266, 
          486
        ], 
        "top_left": [
          224, 
          340
        ]
      }, 
      "class": "037_scissors", 
      "cuboid": [
        [
          -19.25312010814891, 
          -2.0961339878690444, 
          80.15578873827464
        ], 
        [
          0.9848116582421893, 
          -1.8684797838544713, 
          79.24281526388253
        ], 
        [
          0.7169691824966782, 
          -6.8635212291544425, 
          72.06000408140697
        ], 
        [
          -19.52096258389442, 
          -7.091175433169015, 
          72.97297755579908
        ], 
        [
          -19.30781314642966, 
          -0.8106940328510136, 
          79.26391294477428
        ], 
        [
          0.9301186199614411, 
          -0.5830398288364402, 
          78.35093947038216
        ], 
        [
          0.66227614421593, 
          -5.578081274136411, 
          71.16812828790661
        ], 
        [
          -19.57565562217517, 
          -5.805735478150985, 
          72.08110176229872
        ]
      ], 
      "cuboid_centroid": [
        -9.29542198196649, 
        -3.837107631002728, 
        75.66195851309062
      ], 
      "location": [
        -9.29542198196649, 
        -3.837107631002728, 
        75.66195851309062
      ], 
      "pose_transform_permuted": [
        [
          0.03493646601581073, 
          -0.8211050385120162, 
          0.5697066633966439, 
          0.0
        ], 
        [
          -0.9989206117074004, 
          -0.011236744908373151, 
          0.045063301529009385, 
          0.0
        ], 
        [
          0.03060007629474124, 
          0.5706662055603212, 
          0.8206113297851545, 
          0.0
        ], 
        [
          -9.29542198196649, 
          -3.837107631002728, 
          75.66195851309062, 
          1.0
        ]
      ], 
      "projected_cuboid": [
        [
          352.42816704434586, 
          259.33983092161964
        ], 
        [
          488.2802778325054, 
          260.71130505753433
        ], 
        [
          486.94761319022706, 
          222.48928466899164
        ], 
        [
          337.74010146179177, 
          221.46101498808687
        ], 
        [
          350.6036978796639, 
          267.8318614758649
        ], 
        [
          487.9809660936748, 
          269.31789943556606
        ], 
        [
          486.6013918147328, 
          231.48552323530606
        ], 
        [
          335.55208697074943, 
          230.3305849020817
        ]
      ], 
      "projected_cuboid_centroid": [
        415.5302692163967, 
        246.23985980173768
      ], 
      "quaternion_xyzw": [
        0.022575780315981297, 
        -0.4632891970725152, 
        0.8859025737439142, 
        0.005464294822097842
      ], 
      "visibility": 0.7989712816116588
    }, 
    {
      "bounding_box": {
        "bottom_right": [
          342, 
          486
        ], 
        "top_left": [
          303, 
          438
        ]
      }, 
      "class": "061_foam_brick", 
      "cuboid": [
        [
          0.20160171774702695, 
          9.104405923206928, 
          88.6193884028136
        ], 
        [
          -7.513365076030299, 
          9.423124986295791, 
          89.62998262865321
        ], 
        [
          -7.303983396729572, 
          5.225144989353071, 
          92.55237113930215
        ], 
        [
          0.4109833970477525, 
          4.906425926264206, 
          91.54177691346254
        ], 
        [
          0.8837334825564189, 
          12.104820480585596, 
          92.88057898531625
        ], 
        [
          -6.831233311220906, 
          12.42353954367446, 
          93.89117321115586
        ], 
        [
          -6.621851631920181, 
          8.225559546731738, 
          96.8135617218048
        ], 
        [
          1.0931151618571444, 
          7.906840483642874, 
          95.80296749596519
        ]
      ], 
      "cuboid_centroid": [
        -3.210124957086577, 
        8.664982734969334, 
        92.7164750623092
      ], 
      "location": [
        -3.210124957086577, 
        8.664982734969334, 
        92.7164750623092
      ], 
      "pose_transform_permuted": [
        [
          -0.12978153716962376, 
          -0.5708551243197553, 
          -0.8107287953735002, 
          0.0
        ], 
        [
          0.9906986956876225, 
          -0.040927533265288696, 
          -0.12977299944003245, 
          0.0
        ], 
        [
          -0.040900451986910724, 
          0.820030099483364, 
          -0.5708570652699073, 
          0.0
        ], 
        [
          -3.210124957086577, 
          8.664982734969334, 
          92.7164750623092, 
          1.0
        ]
      ], 
      "projected_cuboid": [
        [
          482.8204374010713, 
          328.07768537589715
        ], 
        [
          436.5182096439044, 
          329.35635906666545
        ], 
        [
          439.1581838670878, 
          303.39567633658675
        ], 
        [
          484.01139937890497, 
          301.8712248652061
        ], 
        [
          486.71374768248666, 
          342.79232577468383
        ], 
        [
          442.47101128499276, 
          343.8545871849727
        ], 
        [
          444.81509894114464, 
          318.59890859143394
        ], 
        [
          487.73297509270844, 
          317.3026366593259
        ]
      ], 
      "projected_cuboid_centroid": [
        462.9780513619371, 
        323.12886619002364
      ], 
      "quaternion_xyzw": [
        0.951506383392209, 
        -7.115369599892858e-06, 
        -0.06819568978726134, 
        0.29997491596413467
      ], 
      "visibility": 0.3760217983651226
    }
  ]
}