{
  "camera_data": {
    "location_worldframe": [
      -15.956249021938426, 
      1.289688261268862, 
      85.23214646515444
    ], 
    "quaternion_xyzw_worldframe": [
      0.8993454282922193, 
      0.02539959189984652, 
      -0.02199572878615198, 
      -0.4359482009856253
    ]
  }, 
  "objects": [
    {
      "bounding_box": {
        "bottom_right": [
          335, 
          578
        ], 
        "top_left": [
          227, 
          406
        ]
      }, 
      "class": "003_cracker_box", 
      "cuboid": [
        [
          -8.479089615762618, 
          10.034886075012245, 
          77.51133783313188
        ], 
        [
          -9.380484787144317, 
          0.17532568307802518, 
          64.43255075978415
        ], 
        [
          11.930101356493873, 
          -0.6842265749361843, 
          63.61179788789516
        ], 
        [
          12.831496527875572, 
          9.175333816998036, 
          76.69058496124289
        ], 
        [
          -8.54368124404926, 
          4.303896045184706, 
          81.83614750923502
        ], 
        [
          -9.44507641543096, 
          -5.555664346749515, 
          68.75736043588728
        ], 
        [
          11.86550972820723, 
          -6.415216604763724, 
          67.9366075639983
        ], 
        [
          12.76690489958893, 
          3.444343787170496, 
          81.01539463734603
        ]
      ], 
      "cuboid_centroid": [
        1.6932100562223065, 
        1.8098347351242605, 
        72.72397269856509
      ], 
      "location": [
        1.6932100562223065, 
        1.8098347351242605, 
        72.72397269856509
      ], 
      "pose_transform_permuted": [
        [
          0.008996048722968664, 
          0.7981880455216711, 
          -0.602341194916692, 
          0.0
        ], 
        [
          0.05495105545821699, 
          0.6010607412732558, 
          0.7973119632891956, 
          0.0
        ], 
        [
          -0.9984485227648953, 
          0.04027194167579101, 
          0.03845410384158962, 
          0.0
        ], 
        [
          1.6932100562223065, 
          1.8098347351242605, 
          72.72397269856509, 
          1.0
        ]
      ], 
      "projected_cuboid": [
        [
          422.770200332341, 
          342.3319371231316
        ], 
        [
          403.30609460967406, 
          274.7377395731117
        ], 
        [
          582.4522477382216, 
          267.5500009889944
        ], 
        [
          571.5731350295387, 
          337.09339522747763
        ], 
        [
          425.4545881541519, 
          301.3346819213834
        ], 
        [
          407.72538162996517, 
          230.19377562314148
        ], 
        [
          575.5205724184084, 
          222.92546214493325
        ], 
        [
          566.341235389345, 
          295.9604507741172
        ]
      ], 
      "projected_cuboid_centroid": [
        494.117664576897, 
        286.55891943597834
      ], 
      "quaternion_xyzw": [
        0.6514530282473749, 
        0.6138237120262388, 
        0.30942676488180615, 
        -0.3210677182720703
      ], 
      "visibility": 0.987954652810581
    }, 
    {
      "bounding_box": {
        "bottom_right": [
          367, 
          447
        ], 
        "top_left": [
          309, 
          378
        ]
      }, 
      "class": "005_tomato_soup_can", 
      "cuboid": [
        [
          -16.909510616526703, 
          12.898594997526052, 
          86.4186263934715
        ], 
        [
          -11.422591974367613, 
          10.502531656446594, 
          83.26743646310126
        ], 
        [
          -5.470946750094017, 
          15.080511387668881, 
          90.14961881376945
        ], 
        [
          -10.957865392253106, 
          17.47657472874834, 
          93.3008087441397
        ], 
        [
          -17.11232235906312, 
          7.345339933898136, 
          90.28800260375226
        ], 
        [
          -11.625403716904033, 
          4.949276592818679, 
          87.13681267338201
        ], 
        [
          -5.673758492630436, 
          9.527256324040966, 
          94.01899502405021
        ], 
        [
          -11.160677134789527, 
          11.923319665120426, 
          97.17018495442045
        ]
      ], 
      "cuboid_centroid": [
        -11.29163455457857, 
        11.21292566078351, 
        90.21881070876086
      ], 
      "location": [
        -11.29163455457857, 
        11.21292566078351, 
        90.21881070876086
      ], 
      "pose_transform_permuted": [
        [
          0.029951227706309196, 
          0.820104422169077, 
          -0.5714292797158103, 
          0.0
        ], 
        [
          -0.8109665429057388, 
          0.35413814766055407, 
          0.4657458530980039, 
          0.0
        ], 
        [
          -0.5843252800128302, 
          -0.4494604747993888, 
          -0.6756842818439959, 
          0.0
        ], 
        [
          -11.29163455457857, 
          11.21292566078351, 
          90.21881070876086, 
          1.0
        ]
      ], 
      "projected_cuboid": [
        [
          376.3729206997142, 
          352.888281201155
        ], 
        [
          407.8268269201776, 
          340.55420038557264
        ], 
        [
          448.9615644402074, 
          362.5019129670345
        ], 
        [
          418.4384984638696, 
          373.18491694571054
        ], 
        [
          379.6744330875827, 
          316.67451333613775
        ], 
        [
          409.8509996803571, 
          303.57851273353765
        ], 
        [
          449.1446570997469, 
          327.32957864787124
        ], 
        [
          419.83110066240744, 
          338.72780349720153
        ]
      ], 
      "projected_cuboid_centroid": [
        414.29142942719494, 
        339.57063985064104
      ], 
      "quaternion_xyzw": [
        0.27883786663685717, 
        0.8414060104106902, 
        0.444431310659101, 
        -0.1294840481288526
      ], 
      "visibility": 0.7247426610751049
    }, 
    {
      "bounding_box": {
        "bottom_right": [
          372, 
          556
        ], 
        "top_left": [
          304, 
          488
        ]
      }, 
      "class": "010_potted_meat_can", 
      "cuboid": [
        [
          11.894372687815377, 
          12.85441993799325, 
          80.31470508541241
        ], 
        [
          2.1319600355751542, 
          10.665530275050108, 
          78.51885321839771
        ], 
        [
          2.647495600127835, 
          4.123970664692359, 
          83.68959222150146
        ], 
        [
          12.40990825236806, 
          6.312860327635502, 
          85.48544408851613
        ], 
        [
          10.329803137869087, 
          16.21563208434457, 
          84.72300356091986
        ], 
        [
          0.5673904856288637, 
          14.026742421401424, 
          82.92715169390517
        ], 
        [
          1.082926050181545, 
          7.485182811043678, 
          88.0978906970089
        ], 
        [
          10.84533870242177, 
          9.67407247398682, 
          89.8937425640236
        ]
      ], 
      "cuboid_centroid": [
        6.488649368998462, 
        10.169801374518464, 
        84.20629789121065
      ], 
      "location": [
        6.488649368998462, 
        10.169801374518464, 
        84.20629789121065
      ], 
      "pose_transform_permuted": [
        [
          0.2716219476066841, 
          -0.5835336559774731, 
          -0.7653163246018806, 
          0.0
        ], 
        [
          0.9604231389183282, 
          0.21534228839909983, 
          0.17667535153359876, 
          0.0
        ], 
        [
          -0.06170901124121765, 
          0.7830171248823916, 
          -0.6189314825346532, 
          0.0
        ], 
        [
          6.488649368998462, 
          10.169801374518464, 
          84.20629789121065, 
          1.0
        ]
      ], 
      "projected_cuboid": [
        [
          561.238345755709, 
          358.64467851057964
        ], 
        [
          496.1985482152129, 
          345.72947273453946
        ], 
        [
          498.60907542262424, 
          299.5669183432205
        ], 
        [
          559.6641856129578, 
          312.6706936637301
        ], 
        [
          547.163635515365, 
          375.36169798046535
        ], 
        [
          485.2764694151391, 
          363.49506762011373
        ], 
        [
          488.207427873176, 
          318.59970660740294
        ], 
        [
          546.4762559057287, 
          330.68065855350426
        ]
      ], 
      "projected_cuboid_centroid": [
        523.0353254220648, 
        337.69685366825814
      ], 
      "quaternion_xyzw": [
        0.9365837640599212, 
        0.07395262182406147, 
        0.11966289517901613, 
        0.3209710611733374
      ], 
      "visibility": 0.5672575599582899
    }, 
    {
      "bounding_box": {
        "bottom_right": [
          269, 
          485
        ], 
        "top_left": [
          222, 
          331
        ]
      }, 
      "class": "037_scissors", 
      "cuboid": [
        [
          -19.363524215559636, 
          -1.5623169231063605, 
          76.62731308000203
        ], 
        [
          0.8380288303457342, 
          -1.3216180286846098, 
          75.11121685668809
        ], 
        [
          0.38865019096431114, 
          -6.752132961992616, 
          68.2612152864138
        ], 
        [
          -19.81290285494106, 
          -6.992831856414367, 
          69.77731150972774
        ], 
        [
          -19.450761005278444, 
          -0.3346808308740241, 
          75.6597961525051
        ], 
        [
          0.7507920406269284, 
          -0.09398193645227329, 
          74.14369992919116
        ], 
        [
          0.30141340124550525, 
          -5.524496869760279, 
          67.29369835891687
        ], 
        [
          -19.900139644659866, 
          -5.76519576418203, 
          68.8097945822308
        ]
      ], 
      "cuboid_centroid": [
        -9.531055407157066, 
        -3.5434068964333196, 
        71.96050571945945
      ], 
      "location": [
        -9.531055407157066, 
        -3.5434068964333196, 
        71.96050571945945
      ], 
      "pose_transform_permuted": [
        [
          0.0557245535290058, 
          -0.7841814600955315, 
          0.6180242187992828, 
          0.0
        ], 
        [
          -0.997125000666697, 
          -0.011880615550466727, 
          0.07483273410947439, 
          0.0
        ], 
        [
          0.05133995499415838, 
          0.6204175451127679, 
          0.7825889828939983, 
          0.0
        ], 
        [
          -9.531055407157066, 
          -3.5434068964333196, 
          71.96050571945945, 
          1.0
        ]
      ], 
      "projected_cuboid": [
        [
          345.70548994100926, 
          262.41294504542304
        ], 
        [
          487.5969952161889, 
          263.90252310767295
        ], 
        [
          484.6588676343655, 
          220.53264659968053
        ], 
        [
          328.90178730506153, 
          219.83916246412417
        ], 
        [
          343.3476959901188, 
          270.92740076069356
        ], 
        [
          487.0425613733744, 
          272.6105209061853
        ], 
        [
          484.0057535135102, 
          229.50350272460665
        ], 
        [
          326.0730028620812, 
          228.6026115067062
        ]
      ], 
      "projected_cuboid_centroid": [
        410.3710736994754, 
        247.02535109680016
      ], 
      "quaternion_xyzw": [
        0.03629074973121967, 
        -0.4355120657090506, 
        0.8993840620917667, 
        0.010968434150344522
      ], 
      "visibility": 0.793247344461305
    }, 
    {
      "bounding_box": {
        "bottom_right": [
          354, 
          488
        ], 
        "top_left": [
          312, 
          437
        ]
      }, 
      "class": "061_foam_brick", 
      "cuboid": [
        [
          0.2688992561360678, 
          10.207208014377008, 
          83.81172709003172
        ], 
        [
          -7.415153685537419, 
          10.561185391405044, 
          85.02565689264581
        ], 
        [
          -7.099250710028677, 
          6.552686586096879, 
          88.19415401075065
        ], 
        [
          0.5848022316448095, 
          6.198709209068843, 
          86.98022420813656
        ], 
        [
          1.0583153978809778, 
          13.467700265250093, 
          87.85790415959383
        ], 
        [
          -6.625737543792509, 
          13.821677642278129, 
          89.07183396220792
        ], 
        [
          -6.309834568283767, 
          9.813178836969964, 
          92.24033108031277
        ], 
        [
          1.3742183733897195, 
          9.459201459941928, 
          91.02640127769867
        ]
      ], 
      "cuboid_centroid": [
        -3.02046765607385, 
        10.010193425673485, 
        88.02602908517224
      ], 
      "location": [
        -3.02046765607385, 
        10.010193425673485, 
        88.02602908517224
      ], 
      "pose_transform_permuted": [
        [
          -0.15019332866106305, 
          -0.6203371812866632, 
          -0.7698205930858355, 
          0.0
        ], 
        [
          0.986728968561557, 
          -0.04545514389089189, 
          -0.15588384295783814, 
          0.0
        ], 
        [
          -0.06170823791970975, 
          0.7830169930513486, 
          -0.6189317264171135, 
          0.0
        ], 
        [
          -3.02046765607385, 
          10.010193425673485, 
          88.02602908517224, 
          1.0
        ]
      ], 
      "projected_cuboid": [
        [
          483.3224164975575, 
          338.2381159118246
        ], 
        [
          434.69825074567433, 
          339.5310951725541
        ], 
        [
          438.30937472280357, 
          312.9113421189334
        ], 
        [
          485.2126679499144, 
          311.2939476159403
        ], 
        [
          488.0748464479316, 
          355.0388670455333
        ], 
        [
          441.594712761463, 
          356.0441396946019
        ], 
        [
          444.8105360428261, 
          330.0248474131297
        ], 
        [
          489.71564991195464, 
          328.7075730760532
        ]
      ], 
      "projected_cuboid_centroid": [
        463.14458591387483, 
        333.9348739421221
      ], 
      "quaternion_xyzw": [
        0.9406867909536549, 
        0.004319475458016346, 
        -0.08134407077955366, 
        0.32935216046975196
      ], 
      "visibility": 0.47404172731683647
    }
  ]
}