{
  "camera_data": {
    "location_worldframe": [
      -12.438260443767993, 
      3.170009448846843, 
      83.25303019931145
    ], 
    "quaternion_xyzw_worldframe": [
      0.9122642889872548, 
      0.017364784859875932, 
      0.04731759298443035, 
      -0.4064916540020836
    ]
  }, 
  "objects": [
    {
      "bounding_box": {
        "bottom_right": [
          342, 
          618
        ], 
        "top_left": [
          219, 
          447
        ]
      }, 
      "class": "003_cracker_box", 
      "cuboid": [
        [
          -3.451675940916614, 
          10.84410046175159, 
          76.01790474255255
        ], 
        [
          -3.5784319105486406, 
          0.23893574648352933, 
          63.50421104431332
        ], 
        [
          17.55001389298637, 
          -2.16994070371742, 
          65.3316790525549
        ], 
        [
          17.676769862618396, 
          8.435224011550643, 
          77.84537275079413
        ], 
        [
          -4.4673070393145125, 
          5.426737443876345, 
          80.6193250601792
        ], 
        [
          -4.594063008946539, 
          -5.178427271391717, 
          68.10563136193997
        ], 
        [
          16.53438279458847, 
          -7.587303721592667, 
          69.93309937018155
        ], 
        [
          16.6611387642205, 
          3.017860993675396, 
          82.44679306842077
        ]
      ], 
      "cuboid_centroid": [
        6.541353426835929, 
        1.6283983700794626, 
        72.97550205636705
      ], 
      "location": [
        6.541353426835929, 
        1.6283983700794626, 
        72.97550205636705
      ], 
      "pose_transform_permuted": [
        [
          0.14145280260165494, 
          0.754507402144154, 
          -0.6408663548243245, 
          0.0
        ], 
        [
          0.0077273259698437124, 
          0.6465144399641429, 
          0.7628626136803444, 
          0.0
        ], 
        [
          -0.9899148413219658, 
          0.11286123793194136, 
          -0.08562095481233953, 
          0.0
        ], 
        [
          6.541353426835929, 
          1.6283983700794626, 
          72.97550205636705, 
          1.0
        ]
      ], 
      "projected_cuboid": [
        [
          457.1793068921311, 
          349.3656032715632
        ], 
        [
          451.2943239821519, 
          275.2931625914216
        ], 
        [
          626.0563287113292, 
          255.57274448346428
        ], 
        [
          603.7100534538693, 
          331.07635894095444
        ], 
        [
          451.7982959170958, 
          309.18593740442697
        ], 
        [
          445.3222158776642, 
          232.73546138714212
        ], 
        [
          608.7413856695769, 
          215.42470010158826
        ], 
        [
          590.2703187341041, 
          292.80802944660053
        ]
      ], 
      "projected_cuboid_centroid": [
        529.8009786670472, 
        285.1871993745771
      ], 
      "quaternion_xyzw": [
        0.663599072996284, 
        0.6164977272712647, 
        0.34068591001748705, 
        -0.25199193102834555
      ], 
      "visibility": 0.9756816081330869
    }, 
    {
      "bounding_box": {
        "bottom_right": [
          379, 
          467
        ], 
        "top_left": [
          322, 
          399
        ]
      }, 
      "class": "005_tomato_soup_can", 
      "cuboid": [
        [
          -12.619174420238801, 
          14.869900017308671, 
          83.65745521981583
        ], 
        [
          -7.003807189075717, 
          11.892877129605926, 
          81.33745968476012
        ], 
        [
          -1.5615691165455803, 
          16.48057560122139, 
          88.62302628581389
        ], 
        [
          -7.176936347708667, 
          19.457598488924134, 
          90.9430218208696
        ], 
        [
          -13.704524899846998, 
          9.609420094132268, 
          87.78070781644129
        ], 
        [
          -8.089157668683912, 
          6.632397206429522, 
          85.46071228138558
        ], 
        [
          -2.6469195961537766, 
          11.220095678044986, 
          92.74627888243936
        ], 
        [
          -8.262286827316862, 
          14.197118565747733, 
          95.06627441749507
        ]
      ], 
      "cuboid_centroid": [
        -7.633047008196289, 
        13.044997847676829, 
        88.20186705112759
      ], 
      "location": [
        -7.633047008196289, 
        13.044997847676829, 
        88.20186705112759
      ], 
      "pose_transform_permuted": [
        [
          0.16028450300435348, 
          0.7768674044858664, 
          -0.6089217313932567, 
          0.0
        ], 
        [
          -0.8299512436019206, 
          0.44000396522036767, 
          0.34289532637949477, 
          0.0
        ], 
        [
          -0.5343123062271884, 
          -0.45041464889539384, 
          -0.7152880562924445, 
          0.0
        ], 
        [
          -7.633047008196289, 
          13.044997847676829, 
          88.20186705112759, 
          1.0
        ]
      ], 
      "projected_cuboid": [
        [
          400.47891986245594, 
          368.0827382506158
        ], 
        [
          435.2912770573965, 
          351.2666506878011
        ], 
        [
          472.12147662060323, 
          372.4640777070323
        ], 
        [
          439.15842952086524, 
          387.3922506337411
        ], 
        [
          397.6401205252083, 
          331.66943379762915
        ], 
        [
          430.69580918816047, 
          314.6761685980397
        ], 
        [
          466.24962731390866, 
          337.80553348464264
        ], 
        [
          434.8595632161554, 
          352.9320421532334
        ]
      ], 
      "projected_cuboid_centroid": [
        435.0586208343855, 
        352.1641518822688
      ], 
      "quaternion_xyzw": [
        0.2865989343041124, 
        0.8498952323508133, 
        0.43892335313230424, 
        -0.053715686482332395
      ], 
      "visibility": 0.917451941198643
    }, 
    {
      "bounding_box": {
        "bottom_right": [
          372, 
          586
        ], 
        "top_left": [
          307, 
          515
        ]
      }, 
      "class": "010_potted_meat_can", 
      "cuboid": [
        [
          16.610289267687044, 
          12.400090219165797, 
          81.11504553762222
        ], 
        [
          6.985034528190889, 
          10.790953543807909, 
          78.27142583076187
        ], 
        [
          6.381729335926711, 
          4.581223829678059, 
          83.82746764259524
        ], 
        [
          16.006984075422864, 
          6.190360505035949, 
          86.67108734945559
        ], 
        [
          14.806095279646414, 
          16.14392276916624, 
          85.10344400187267
        ], 
        [
          5.180840540150262, 
          14.53478609380835, 
          82.25982429501232
        ], 
        [
          4.577535347886084, 
          8.325056379678502, 
          87.8158661068457
        ], 
        [
          14.202790087382237, 
          9.93419305503639, 
          90.65948581370604
        ]
      ], 
      "cuboid_centroid": [
        10.593912307786562, 
        10.362573299422149, 
        84.46545582223396
      ], 
      "location": [
        10.593912307786562, 
        10.362573299422149, 
        84.46545582223396
      ], 
      "pose_transform_permuted": [
        [
          0.31322269112848894, 
          -0.6499596574529577, 
          -0.6924182812636279, 
          0.0
        ], 
        [
          0.946929585861552, 
          0.15830636869679804, 
          0.2797544277260311, 
          0.0
        ], 
        [
          0.07221493423759855, 
          0.743297469819861, 
          -0.6650517834217512, 
          0.0
        ], 
        [
          10.593912307786562, 
          10.362573299422149, 
          84.46545582223396, 
          1.0
        ]
      ], 
      "projected_cuboid": [
        [
          591.7174029527117, 
          354.8153209974394
        ], 
        [
          529.5877654956355, 
          346.81307445269255
        ], 
        [
          522.5366859807446, 
          302.43278863133713
        ], 
        [
          580.914850083259, 
          311.37813905843075
        ], 
        [
          575.1559770914756, 
          374.45600606793766
        ], 
        [
          515.466210560281, 
          367.5207054801572
        ], 
        [
          509.62883500462385, 
          323.8459163161472
        ], 
        [
          565.8436252595703, 
          331.72608958159134
        ]
      ], 
      "projected_cuboid_centroid": [
        549.045054703012, 
        338.71640180954824
      ], 
      "quaternion_xyzw": [
        0.9195984635895497, 
        0.023404626548404403, 
        0.16120544518416774, 
        0.3574960955626516
      ], 
      "visibility": 0.6064055055584966
    }, 
    {
      "bounding_box": {
        "bottom_right": [
          278, 
          520
        ], 
        "top_left": [
          228, 
          364
        ]
      }, 
      "class": "037_scissors", 
      "cuboid": [
        [
          -15.025538619545006, 
          0.008683775025964194, 
          74.47246147889224
        ], 
        [
          5.171779938500049, 
          -1.272430791478073, 
          75.41389534008009
        ], 
        [
          5.107193248459872, 
          -7.09383380657041, 
          68.87768461745821
        ], 
        [
          -15.090125309585185, 
          -5.812719240066373, 
          67.93625075627035
        ], 
        [
          -14.903233903754076, 
          1.1735630687348306, 
          73.43376642017255
        ], 
        [
          5.294084654290979, 
          -0.10755149776920624, 
          74.3752002813604
        ], 
        [
          5.229497964250802, 
          -5.9289545128615435, 
          67.83898955873853
        ], 
        [
          -14.967820593794254, 
          -4.647839946357507, 
          66.89755569755067
        ]
      ], 
      "cuboid_centroid": [
        -4.898020327647102, 
        -2.96013536891779, 
        71.15572551881539
      ], 
      "location": [
        -4.898020327647102, 
        -2.96013536891779, 
        71.15572551881539
      ], 
      "pose_transform_permuted": [
        [
          -0.07812501702446703, 
          -0.744094077353658, 
          0.6634909260933155, 
          0.0
        ], 
        [
          -0.9969159913048451, 
          0.0632343147121738, 
          -0.04646807289179519, 
          0.0
        ], 
        [
          0.007378805909530309, 
          0.6650751562404013, 
          0.7467394640601054, 
          0.0
        ], 
        [
          -4.898020327647102, 
          -2.96013536891779, 
          71.15572551881539, 
          1.0
        ]
      ], 
      "projected_cuboid": [
        [
          373.09798289792286, 
          273.34872509309014
        ], 
        [
          518.4761766886928, 
          264.2880337102396
        ], 
        [
          521.4715912646382, 
          218.35901668309924
        ], 
        [
          362.1479336922494, 
          227.65497945865405
        ], 
        [
          372.4589527671553, 
          281.80964931228453
        ], 
        [
          519.8755305295444, 
          272.5153223108527
        ], 
        [
          523.0516346171983, 
          226.67576783277102
        ], 
        [
          361.2764496633786, 
          236.2331055056006
        ]
      ], 
      "projected_cuboid_centroid": [
        444.57996231073, 
        251.10001469647557
      ], 
      "quaternion_xyzw": [
        -0.03416147824188191, 
        -0.4087632598365043, 
        0.9117952173649742, 
        0.019361014204968965
      ], 
      "visibility": 0.8164422395464209
    }, 
    {
      "bounding_box": {
        "bottom_right": [
          364, 
          511
        ], 
        "top_left": [
          318, 
          461
        ]
      }, 
      "class": "061_foam_brick", 
      "cuboid": [
        [
          4.484982052098119, 
          10.811728315754992, 
          83.31573893233019
        ], 
        [
          -3.2374817330330825, 
          11.784110199504337, 
          83.56397615568011
        ], 
        [
          -3.6071725431308828, 
          7.978946768923584, 
          86.96857471072754
        ], 
        [
          4.115291242000319, 
          7.006564885174238, 
          86.72033748737762
        ], 
        [
          5.045988064385588, 
          14.26599263452566, 
          87.23732875169506
        ], 
        [
          -2.6764757207456142, 
          15.238374518275005, 
          87.48556597504498
        ], 
        [
          -3.0461665308434145, 
          11.43321108769425, 
          90.8901645300924
        ], 
        [
          4.676297254287787, 
          10.460829203944906, 
          90.64192730674249
        ]
      ], 
      "cuboid_centroid": [
        0.7194077606273527, 
        11.122469701724622, 
        87.10295173121129
      ], 
      "location": [
        0.7194077606273527, 
        11.122469701724622, 
        87.10295173121129
      ], 
      "pose_transform_permuted": [
        [
          -0.10673630285552416, 
          -0.6572040127841116, 
          -0.7461167785495746, 
          0.0
        ], 
        [
          0.9916614035973775, 
          -0.12486605447449883, 
          -0.03187677924838894, 
          0.0
        ], 
        [
          0.07221511107803419, 
          0.7432976214279396, 
          -0.6650515947740854, 
          0.0
        ], 
        [
          0.7194077606273527, 
          11.122469701724622, 
          87.10295173121129, 
          1.0
        ]
      ], 
      "projected_cuboid": [
        [
          510.5455246988186, 
          342.4944273023402
        ], 
        [
          460.7627184176823, 
          348.494744062176
        ], 
        [
          459.2923733469063, 
          322.21603440127467
        ], 
        [
          507.11652183645566, 
          316.3760642942982
        ], 
        [
          512.7024554665962, 
          360.5007311970891
        ], 
        [
          465.1450713292945, 
          366.1809881197633
        ], 
        [
          463.57401060707923, 
          340.3736139386803
        ], 
        [
          509.3407907502951, 
          334.8360353988125
        ]
      ], 
      "projected_cuboid_centroid": [
        486.03861328438046, 
        341.38791442459353
      ], 
      "quaternion_xyzw": [
        0.9328820669804533, 
        -0.05281513401539706, 
        -0.037146464438043876, 
        0.354346935791698
      ], 
      "visibility": 0.5171736997055937
    }
  ]
}