{
  "camera_data": {
    "location_worldframe": [
      -16.316948967978405, 
      0.09992634039381332, 
      89.64096484293016
    ], 
    "quaternion_xyzw_worldframe": [
      0.8833429823550623, 
      0.033321326506807566, 
      -0.0042689981157055966, 
      -0.46752228582708955
    ]
  }, 
  "objects": [
    {
      "bounding_box": {
        "bottom_right": [
          326, 
          573
        ], 
        "top_left": [
          230, 
          414
        ]
      }, 
      "class": "003_cracker_box", 
      "cuboid": [
        [
          -8.558725225501538, 
          9.35445953891572, 
          82.84686631934039
        ], 
        [
          -8.986549745937616, 
          0.46365285690192665, 
          69.06830912310505
        ], 
        [
          12.33938970387813, 
          -0.40060034295075747, 
          68.96380966984171
        ], 
        [
          12.767214224314205, 
          8.490206339063036, 
          82.74236686607705
        ], 
        [
          -8.783880117631657, 
          3.327566054274121, 
          86.74279467266996
        ], 
        [
          -9.211704638067735, 
          -5.563240627739672, 
          72.96423747643462
        ], 
        [
          12.11423481174801, 
          -6.427493827592355, 
          72.85973802317127
        ], 
        [
          12.542059332184085, 
          2.4633128544214373, 
          86.63829521940661
        ]
      ], 
      "cuboid_centroid": [
        1.777754793123236, 
        1.463482855661682, 
        77.85330217125583
      ], 
      "location": [
        1.777754793123236, 
        1.463482855661682, 
        77.85330217125583
      ], 
      "pose_transform_permuted": [
        [
          0.03135862082356322, 
          0.8394002268432028, 
          -0.5426084187290346, 
          0.0
        ], 
        [
          0.026081134773366543, 
          0.5420033594175361, 
          0.8399715071292826, 
          0.0
        ], 
        [
          -0.9991678594255208, 
          0.040492191292699375, 
          0.004896032612020124, 
          0.0
        ], 
        [
          1.777754793123236, 
          1.463482855661682, 
          77.85330217125583, 
          1.0
        ]
      ], 
      "projected_cuboid": [
        [
          426.04186624684786, 
          333.5050674651657
        ], 
        [
          411.6280317997098, 
          276.8666914775678
        ], 
        [
          577.8168083727111, 
          270.1885651614368
        ], 
        [
          564.5744926245312, 
          328.0105382401529
        ], 
        [
          427.14119548726245, 
          293.74536857061236
        ], 
        [
          413.7045854939862, 
          232.62298450257992
        ], 
        [
          571.0099569726082, 
          226.2384916670703
        ], 
        [
          559.4456486732303, 
          288.4499594385774
        ]
      ], 
      "projected_cuboid_centroid": [
        493.8767352724672, 
        283.3118554026888
      ], 
      "quaternion_xyzw": [
        0.6342676376725958, 
        0.607460923159459, 
        0.3434394552866262, 
        -0.3327839106506024
      ], 
      "visibility": 0.9821846830860955
    }, 
    {
      "bounding_box": {
        "bottom_right": [
          352, 
          446
        ], 
        "top_left": [
          299, 
          381
        ]
      }, 
      "class": "005_tomato_soup_can", 
      "cuboid": [
        [
          -17.307456769242556, 
          11.596373936436743, 
          91.62431097643325
        ], 
        [
          -11.71024454239315, 
          9.416123672336825, 
          88.5106125692486
        ], 
        [
          -6.011751900103159, 
          13.468954413213641, 
          95.91643175381692
        ], 
        [
          -11.608964126952568, 
          15.649204677313561, 
          99.03013016100158
        ], 
        [
          -17.65403904556318, 
          5.779924396443263, 
          95.07404171023792
        ], 
        [
          -12.056826818713773, 
          3.5996741323433437, 
          91.96034330305326
        ], 
        [
          -6.358334176423782, 
          7.6525048732201615, 
          99.3661624876216
        ], 
        [
          -11.95554640327319, 
          9.83275513732008, 
          102.47986089480625
        ]
      ], 
      "cuboid_centroid": [
        -11.83289547283317, 
        9.624439404828452, 
        95.49523673202742
      ], 
      "location": [
        -11.83289547283317, 
        9.624439404828452, 
        95.49523673202742
      ], 
      "pose_transform_permuted": [
        [
          0.05118325274083109, 
          0.8589729689015337, 
          -0.5094560573339701, 
          0.0
        ], 
        [
          -0.8272679340715813, 
          0.3222409761575558, 
          0.46020460619259757, 
          0.0
        ], 
        [
          -0.5594710678110948, 
          -0.39790198647072245, 
          -0.7270943084944116, 
          0.0
        ], 
        [
          -11.83289547283317, 
          9.624439404828452, 
          95.49523673202742, 
          1.0
        ]
      ], 
      "projected_cuboid": [
        [
          380.0156504687582, 
          340.78579934742703
        ], 
        [
          410.44912456032085, 
          330.02327277795126
        ], 
        [
          447.8916466187022, 
          348.1773259523963
        ], 
        [
          418.55682891393127, 
          357.5641947097054
        ], 
        [
          381.7411379045409, 
          305.7091300414919
        ], 
        [
          411.09137720323827, 
          294.162674790611
        ], 
        [
          447.1861263106727, 
          314.35917887877645
        ], 
        [
          418.860228785567, 
          324.4575761295291
        ]
      ], 
      "projected_cuboid_centroid": [
        414.96227527062143, 
        327.03688393892713
      ], 
      "quaternion_xyzw": [
        0.2665924279640759, 
        0.8268352281253313, 
        0.4795596581534169, 
        -0.12367075674168278
      ], 
      "visibility": 0.7296827466318991
    }, 
    {
      "bounding_box": {
        "bottom_right": [
          358, 
          549
        ], 
        "top_left": [
          296, 
          486
        ]
      }, 
      "class": "010_potted_meat_can", 
      "cuboid": [
        [
          11.700084535021771, 
          11.90205081775556, 
          86.58529854524018
        ], 
        [
          2.0087409461195396, 
          9.878175867819031, 
          84.28251494570624
        ], 
        [
          2.3320436280644627, 
          2.980196090183561, 
          88.98439449069461
        ], 
        [
          12.023387216966693, 
          5.004071040120089, 
          91.28717809022855
        ], 
        [
          9.977149493849053, 
          14.942422479586382, 
          91.1642018441094
        ], 
        [
          0.285805904946821, 
          12.918547529649855, 
          88.86141824457545
        ], 
        [
          0.6091085868917441, 
          6.020567752014383, 
          93.56329778956382
        ], 
        [
          10.300452175793975, 
          8.044442701950912, 
          95.86608138909777
        ]
      ], 
      "cuboid_centroid": [
        6.154596560956758, 
        8.961309284884972, 
        90.074298167402
      ], 
      "location": [
        6.154596560956758, 
        8.961309284884972, 
        90.074298167402
      ], 
      "pose_transform_permuted": [
        [
          0.29911547971721786, 
          -0.5278331489085983, 
          -0.794934703915352, 
          0.0
        ], 
        [
          0.9534313864363845, 
          0.19910819194373722, 
          0.22654713867340184, 
          0.0
        ], 
        [
          -0.03869895736827737, 
          0.8256802069691176, 
          -0.562809547287574, 
          0.0
        ], 
        [
          6.154596560956758, 
          8.961309284884972, 
          90.074298167402, 
          1.0
        ]
      ], 
      "projected_cuboid": [
        [
          554.2639603082964, 
          346.59686765236216
        ], 
        [
          494.4138271612785, 
          335.79327072084436
        ], 
        [
          495.6904296190566, 
          291.1480624170618
        ], 
        [
          552.4256909739961, 
          302.5214112364484
        ], 
        [
          540.4507846034561, 
          360.7011850378235
        ], 
        [
          483.32668512120966, 
          350.819786041091
        ], 
        [
          485.09797906869363, 
          307.6043395106167
        ], 
        [
          539.3778031035378, 
          318.0391633780599
        ]
      ], 
      "projected_cuboid_centroid": [
        518.3414084189587, 
        326.3454219218952
      ], 
      "quaternion_xyzw": [
        0.9452574116769534, 
        0.06289481213644436, 
        0.13902631492147122, 
        0.2884512416203368
      ], 
      "visibility": 0.5138138138138139
    }, 
    {
      "bounding_box": {
        "bottom_right": [
          266, 
          485
        ], 
        "top_left": [
          224, 
          340
        ]
      }, 
      "class": "037_scissors", 
      "cuboid": [
        [
          -19.40906030462586, 
          -2.1154061100737955, 
          80.73495891741727
        ], 
        [
          0.8344947230247646, 
          -1.8288696274429077, 
          79.97627197983775
        ], 
        [
          0.633022235661318, 
          -6.751382979247447, 
          72.74141011154231
        ], 
        [
          -19.610532791989307, 
          -7.037919461878333, 
          73.50009704912183
        ], 
        [
          -19.46032950922793, 
          -0.8211169600457542, 
          79.85576798126961
        ], 
        [
          0.7832255184226949, 
          -0.5345804774148665, 
          79.09708104369008
        ], 
        [
          0.5817530310592484, 
          -5.457093829219406, 
          71.86221917539464
        ], 
        [
          -19.66180199659138, 
          -5.743630311850293, 
          72.62090611297417
        ]
      ], 
      "cuboid_centroid": [
        -9.413653636783307, 
        -3.7862499696466005, 
        76.29858904640597
      ], 
      "location": [
        -9.413653636783307, 
        -3.7862499696466005, 
        76.29858904640597
      ], 
      "pose_transform_permuted": [
        [
          0.03274941163523489, 
          -0.8267576701896996, 
          0.5616039120822397, 
          0.0
        ], 
        [
          -0.9991981692978695, 
          -0.014143105224886066, 
          0.03744789875415725, 
          0.0
        ], 
        [
          0.023017534718692067, 
          0.5623801217780721, 
          0.826557940578864, 
          0.0
        ], 
        [
          -9.413653636783307, 
          -3.7862499696466005, 
          76.29858904640597, 
          1.0
        ]
      ], 
      "projected_cuboid": [
        [
          352.31609353152993, 
          259.31257279968224
        ], 
        [
          487.2082488264915, 
          261.0907708715591
        ], 
        [
          486.27688739122937, 
          223.7872946920936
        ], 
        [
          338.11645711332676, 
          222.21911869228092
        ], 
        [
          350.5474874686974, 
          267.8026791953164
        ], 
        [
          486.92205071636704, 
          269.6820783272434
        ], 
        [
          485.95048111109526, 
          232.78716237459872
        ], 
        [
          335.99974451268577, 
          231.10597748223358
        ]
      ], 
      "projected_cuboid_centroid": [
        415.2482117373562, 
        246.8210255672342
      ], 
      "quaternion_xyzw": [
        0.01986057491768628, 
        -0.4677643398031284, 
        0.8836263637927206, 
        0.002510798075250658
      ], 
      "visibility": 0.8059570740254052
    }, 
    {
      "bounding_box": {
        "bottom_right": [
          341, 
          484
        ], 
        "top_left": [
          302, 
          437
        ]
      }, 
      "class": "061_foam_brick", 
      "cuboid": [
        [
          -0.046581952585258296, 
          9.046236035331013, 
          89.45736114469035
        ], 
        [
          -7.769673155618867, 
          9.335783733655312, 
          90.41319562805204
        ], 
        [
          -7.5715592874490065, 
          5.108879466567822, 
          93.29438679867008
        ], 
        [
          0.15153191558460247, 
          4.819331768243523, 
          92.33855231530838
        ], 
        [
          0.5960748492490169, 
          12.004901120518847, 
          93.7537351495749
        ], 
        [
          -7.12701635378459, 
          12.294448818843145, 
          94.70956963293659
        ], 
        [
          -6.92890248561473, 
          8.067544551755654, 
          97.59076080355462
        ], 
        [
          0.7941887174188776, 
          7.7779968534313575, 
          96.63492632019293
        ]
      ], 
      "cuboid_centroid": [
        -3.4877422190999945, 
        8.556890293543335, 
        93.52406097412248
      ], 
      "location": [
        -3.4877422190999945, 
        8.556890293543335, 
        93.52406097412248
      ], 
      "pose_transform_permuted": [
        [
          -0.12227108004253745, 
          -0.5629119219115506, 
          -0.8174227493500993, 
          0.0
        ], 
        [
          0.9917419719412448, 
          -0.03718156341263895, 
          -0.12274116030200644, 
          0.0
        ], 
        [
          -0.03869940665336191, 
          0.825680143585902, 
          -0.5628096093819306, 
          0.0
        ], 
        [
          -3.4877422190999945, 
          8.556890293543335, 
          93.52406097412248, 
          1.0
        ]
      ], 
      "projected_cuboid": [
        [
          481.31704634098156, 
          327.217648511593
        ], 
        [
          435.3842278922014, 
          328.3554497129902
        ], 
        [
          437.9533700244328, 
          302.49156907790865
        ], 
        [
          482.4795652042011, 
          301.12154237945185
        ], 
        [
          485.01610735275307, 
          341.5766050533386
        ], 
        [
          441.12963836828214, 
          342.5178769559095
        ], 
        [
          443.4160526973911, 
          317.3745178488927
        ], 
        [
          486.0166525037047, 
          316.2126124116456
        ]
      ], 
      "projected_cuboid_centroid": [
        461.5425264668279, 
        322.0820791187738
      ], 
      "quaternion_xyzw": [
        0.9532634558291383, 
        0.0003980649922750779, 
        -0.06425617148289683, 
        0.2952283349397729
      ], 
      "visibility": 0.36792452830188677
    }
  ]
}