{
  "camera_data": {
    "location_worldframe": [
      -10.890486826463865, 
      3.3042453177193716, 
      88.54376195310746
    ], 
    "quaternion_xyzw_worldframe": [
      0.9425737126447946, 
      -0.029805682256340872, 
      0.1599929518886093, 
      -0.29166967491230633
    ]
  }, 
  "objects": [
    {
      "bounding_box": {
        "bottom_right": [
          315, 
          610
        ], 
        "top_left": [
          180, 
          464
        ]
      }, 
      "class": "003_cracker_box", 
      "cuboid": [
        [
          0.4323671584571989, 
          7.411499847597734, 
          81.6938906786762
        ], 
        [
          -0.06493642148570483, 
          -5.695340937901651, 
          71.84292476359447
        ], 
        [
          19.624489893886967, 
          -11.109769019784691, 
          78.052917280822
        ], 
        [
          20.121793473829868, 
          1.9970717657146926, 
          87.90388319590373
        ], 
        [
          -2.330641148219707, 
          3.497174869393184, 
          87.04143615274008
        ], 
        [
          -2.827944728162611, 
          -9.6096659161062, 
          77.19047023765833
        ], 
        [
          16.861481587210058, 
          -15.02409399798924, 
          83.40046275488588
        ], 
        [
          17.358785167152963, 
          -1.9172532124898567, 
          93.25142866996761
        ]
      ], 
      "cuboid_centroid": [
        8.646924372833627, 
        -3.806297075195754, 
        82.54717671678104
      ], 
      "location": [
        8.646924372833627, 
        -3.806297075195754, 
        82.54717671678104
      ], 
      "pose_transform_permuted": [
        [
          0.3848201076233504, 
          0.5451706228118787, 
          -0.7447835100159383, 
          0.0
        ], 
        [
          0.030316732847729566, 
          0.7990221800078977, 
          0.6005368028396477, 
          0.0
        ], 
        [
          -0.9224935666324141, 
          0.25367803980308345, 
          -0.2909520091758651, 
          0.0
        ], 
        [
          8.646924372833627, 
          -3.806297075195754, 
          82.54717671678104, 
          1.0
        ]
      ], 
      "projected_cuboid": [
        [
          484.4431999331461, 
          321.67079262467223
        ], 
        [
          481.1110021655638, 
          231.0076794158323
        ], 
        [
          616.8046295866416, 
          197.37576373783006
        ], 
        [
          604.6948904059287, 
          285.40292514126276
        ], 
        [
          467.19777834195224, 
          294.71439953864217
        ], 
        [
          461.895583750576, 
          206.89203351718587
        ], 
        [
          590.3194644751115, 
          177.21220836912966
        ], 
        [
          581.7020239579342, 
          262.3214653953899
        ]
      ], 
      "projected_cuboid_centroid": [
        537.9285510303421, 
        248.69486991586624
      ], 
      "quaternion_xyzw": [
        0.7121759408086514, 
        0.6043154675674629, 
        0.3458965874865693, 
        -0.08924010173221979
      ], 
      "visibility": 0.9705467963770547
    }, 
    {
      "bounding_box": {
        "bottom_right": [
          377, 
          483
        ], 
        "top_left": [
          319, 
          420
        ]
      }, 
      "class": "005_tomato_soup_can", 
      "cuboid": [
        [
          -8.715748135372307, 
          14.62248801237053, 
          86.48194422033671
        ], 
        [
          -3.5583966119724857, 
          10.279219328168326, 
          85.9205743793953
        ], 
        [
          1.6004263586348155, 
          15.491375125229927, 
          92.98912378560598
        ], 
        [
          -3.556925164765004, 
          19.834643809432134, 
          93.55049362654738
        ], 
        [
          -11.444847264199169, 
          10.755914097053692, 
          91.3248225755852
        ], 
        [
          -6.287495740799348, 
          6.412645412851488, 
          90.7634527346438
        ], 
        [
          -1.1286727701920463, 
          11.624801209913091, 
          97.83200214085447
        ], 
        [
          -6.2860242935918675, 
          15.968069894115294, 
          98.39337198179588
        ]
      ], 
      "cuboid_centroid": [
        -4.922210452782176, 
        13.12364461114181, 
        92.15697318059559
      ], 
      "location": [
        -4.922210452782176, 
        13.12364461114181, 
        92.15697318059559
      ], 
      "pose_transform_permuted": [
        [
          0.40303321897599176, 
          0.571015436939672, 
          -0.715196026413295, 
          0.0
        ], 
        [
          -0.7622565246995202, 
          0.6419350858740313, 
          0.08297045917572621, 
          0.0
        ], 
        [
          -0.5064869566724965, 
          -0.5117231086233361, 
          -0.6939815723933184, 
          0.0
        ], 
        [
          -4.922210452782176, 
          13.12364461114181, 
          92.15697318059559, 
          1.0
        ]
      ], 
      "projected_cuboid": [
        [
          427.40060326838386, 
          363.4609585727876
        ], 
        [
          459.32559719561493, 
          337.0909178639117
        ], 
        [
          490.8524709662862, 
          362.134065393177
        ], 
        [
          461.1505028371207, 
          386.3613445241198
        ], 
        [
          414.2043616848904, 
          336.09902927445285
        ], 
        [
          444.34431075938704, 
          310.966785653425
        ], 
        [
          475.39296829993145, 
          336.6577662099259
        ], 
        [
          447.2411200014195, 
          359.8379408701672
        ]
      ], 
      "projected_cuboid_centroid": [
        452.8744713679257, 
        349.2340917274182
      ], 
      "quaternion_xyzw": [
        0.33212059352976425, 
        0.8644616330028984, 
        0.36583376318817756, 
        0.09256129699141673
      ], 
      "visibility": 0.9680762852404643
    }, 
    {
      "bounding_box": {
        "bottom_right": [
          338, 
          593
        ], 
        "top_left": [
          286, 
          520
        ]
      }, 
      "class": "010_potted_meat_can", 
      "cuboid": [
        [
          19.43324212407944, 
          6.748231948301915, 
          90.02530755013073
        ], 
        [
          10.19706248385947, 
          6.146400230164432, 
          85.82390220024492
        ], 
        [
          7.532072174890775, 
          1.6325584795030212, 
          92.32908322735628
        ], 
        [
          16.768251815110744, 
          2.2343901976405047, 
          96.5304885772421
        ], 
        [
          17.88131253097795, 
          11.583175872817856, 
          92.74441626502289
        ], 
        [
          8.645132890757978, 
          10.981344154680372, 
          88.54301091513706
        ], 
        [
          5.980142581789282, 
          6.467502404018961, 
          95.04819194224842
        ], 
        [
          15.216322222009254, 
          7.069334122156444, 
          99.24959729213425
        ]
      ], 
      "cuboid_centroid": [
        12.706692352934363, 
        6.607867176160438, 
        92.53674974618959
      ], 
      "location": [
        12.706692352934363, 
        6.607867176160438, 
        92.53674974618959
      ], 
      "pose_transform_permuted": [
        [
          0.26942754870893876, 
          -0.8393854305749514, 
          -0.4720592989417877, 
          0.0
        ], 
        [
          0.9086524978677311, 
          0.059208018388935094, 
          0.4133329595609388, 
          0.0
        ], 
        [
          0.3189962598925219, 
          0.5403016406333271, 
          -0.7786626505127353, 
          0.0
        ], 
        [
          12.706692352934363, 
          6.607867176160438, 
          92.53674974618959, 
          1.0
        ]
      ], 
      "projected_cuboid": [
        [
          597.6810753624584, 
          313.2637882430519
        ], 
        [
          545.4908463797896, 
          311.48097478420476
        ], 
        [
          525.4670746806913, 
          282.7166696079681
        ], 
        [
          575.0117259852484, 
          285.6312807296686
        ], 
        [
          585.2790680741442, 
          339.8946937828217
        ], 
        [
          534.103092455579, 
          339.4302779186978
        ], 
        [
          515.4315423008876, 
          309.57597827258303
        ], 
        [
          564.043656283035, 
          311.27373823403343
        ]
      ], 
      "projected_cuboid_centroid": [
        555.4401849754563, 
        311.369839779976
      ], 
      "quaternion_xyzw": [
        0.8545486290204387, 
        -0.07600159683170392, 
        0.19974302370963945, 
        0.47336337164990844
      ], 
      "visibility": 0.7721216262384695
    }, 
    {
      "bounding_box": {
        "bottom_right": [
          263, 
          523
        ], 
        "top_left": [
          210, 
          390
        ]
      }, 
      "class": "037_scissors", 
      "cuboid": [
        [
          -12.776489325180329, 
          -1.3791161528401035, 
          80.27965049571763
        ], 
        [
          6.371896293495727, 
          -5.76980898212514, 
          85.23145560698728
        ], 
        [
          6.05565513243671, 
          -12.885908661118512, 
          80.1446027487009
        ], 
        [
          -13.092730486239345, 
          -8.495215831833475, 
          75.19279763743125
        ], 
        [
          -12.268240951793633, 
          -0.5330512049152296, 
          79.06447670885926
        ], 
        [
          6.8801446668824235, 
          -4.923744034200266, 
          84.01628182012892
        ], 
        [
          6.563903505823407, 
          -12.039843713193637, 
          78.92942896184255
        ], 
        [
          -12.58448211285265, 
          -7.649150883908601, 
          73.9776238505729
        ]
      ], 
      "cuboid_centroid": [
        -3.1062929096784613, 
        -6.709479933016871, 
        79.60453972878008
      ], 
      "location": [
        -3.1062929096784613, 
        -6.709479933016871, 
        79.60453972878008
      ], 
      "pose_transform_permuted": [
        [
          -0.3246556158257115, 
          -0.5404439071133245, 
          0.7762208690977993, 
          0.0
        ], 
        [
          -0.945141889804286, 
          0.21671945619128968, 
          -0.24441530132144437, 
          0.0
        ], 
        [
          0.03612945866412172, 
          0.8129897712903349, 
          0.5811553418867843, 
          0.0
        ], 
        [
          -3.1062929096784613, 
          -6.709479933016871, 
          79.60453972878008, 
          1.0
        ]
      ], 
      "projected_cuboid": [
        [
          396.01203988884373, 
          264.12469376268757
        ], 
        [
          521.8002608509418, 
          237.18305835164654
        ], 
        [
          522.230041550539, 
          187.5376890230372
        ], 
        [
          387.96045001688844, 
          213.03256275060866
        ], 
        [
          398.1535452820335, 
          269.6909074498996
        ], 
        [
          525.6348931997069, 
          242.03153527156806
        ], 
        [
          526.3184254977571, 
          191.9343159392569
        ], 
        [
          390.1169524026512, 
          218.1422693677342
        ]
      ], 
      "projected_cuboid_centroid": [
        460.6126810158143, 
        228.33562119498941
      ], 
      "quaternion_xyzw": [
        -0.15134966455412946, 
        -0.2982996758142772, 
        0.9399936875043923, 
        0.0672475034185349
      ], 
      "visibility": 0.8122398001665279
    }, 
    {
      "bounding_box": {
        "bottom_right": [
          353, 
          525
        ], 
        "top_left": [
          303, 
          472
        ]
      }, 
      "class": "061_foam_brick", 
      "cuboid": [
        [
          7.052703437027466, 
          7.78861520589329, 
          90.19561040011578
        ], 
        [
          -0.25726376100751114, 
          10.074005300198028, 
          88.78672188782329
        ], 
        [
          -1.8902992541145351, 
          7.308038403744158, 
          92.77292980456635
        ], 
        [
          5.419667943920443, 
          5.022648309439421, 
          94.18181831685885
        ], 
        [
          7.7400067959924215, 
          11.933689201536254, 
          93.3533805159572
        ], 
        [
          0.43003959795744273, 
          14.219079295840992, 
          91.94449200366469
        ], 
        [
          -1.2029958951495814, 
          11.453112399387122, 
          95.93069992040775
        ], 
        [
          6.1069713028853965, 
          9.167722305082386, 
          97.33958843270025
        ]
      ], 
      "cuboid_centroid": [
        2.9248537709389426, 
        9.620863802640207, 
        93.06315516026177
      ], 
      "location": [
        2.9248537709389426, 
        9.620863802640207, 
        93.06315516026177
      ], 
      "pose_transform_permuted": [
        [
          -0.13076547821115223, 
          -0.7886365986587623, 
          -0.6007933962387962, 
          0.0
        ], 
        [
          0.9386916576820176, 
          -0.2934728101994296, 
          0.18091899146257626, 
          0.0
        ], 
        [
          0.3189958644032789, 
          0.5403017906037216, 
          -0.778662708471401, 
          0.0
        ], 
        [
          2.9248537709389426, 
          9.620863802640207, 
          93.06315516026177, 
          1.0
        ]
      ], 
      "projected_cuboid": [
        [
          523.6466779567098, 
          319.3400099482054
        ], 
        [
          480.03887222176485, 
          333.798562677578
        ], 
        [
          470.639832726816, 
          315.2979307820507
        ], 
        [
          512.5425579637274, 
          301.728085943416
        ], 
        [
          526.1835332509912, 
          341.4626459646852
        ], 
        [
          484.11228037495, 
          355.7636203805976
        ], 
        [
          474.85336864116164, 
          336.9592635627275
        ], 
        [
          515.3357511573221, 
          323.5161097014327
        ]
      ], 
      "projected_cuboid_centroid": [
        498.49829186334756, 
        328.4210868169489
      ], 
      "quaternion_xyzw": [
        0.8774660740627719, 
        -0.17449924638308406, 
        0.014289302667625462, 
        0.4465412833208986
      ], 
      "visibility": 0.87081589958159
    }
  ]
}