{
  "camera_data": {
    "location_worldframe": [
      -14.729997620627946, 
      -3.3976438247461145, 
      94.19320102881237
    ], 
    "quaternion_xyzw_worldframe": [
      0.9510682694733059, 
      -0.009652343500636403, 
      0.08838728348827514, 
      -0.2959133993397936
    ]
  }, 
  "objects": [
    {
      "bounding_box": {
        "bottom_right": [
          277, 
          578
        ], 
        "top_left": [
          154, 
          436
        ]
      }, 
      "class": "003_cracker_box", 
      "cuboid": [
        [
          -4.727271497262814, 
          1.5889618410608708, 
          86.0032267423847
        ], 
        [
          -5.387932968262617, 
          -11.556754844090763, 
          76.21385623445016
        ], 
        [
          15.299373008738945, 
          -15.32291663683692, 
          79.87513250252525
        ], 
        [
          15.960034479738749, 
          -2.177199951685285, 
          89.66450301045978
        ], 
        [
          -6.4703885589496055, 
          -2.514550618058836, 
          91.63129265724821
        ], 
        [
          -7.131050029949408, 
          -15.660267303210471, 
          81.84192214931367
        ], 
        [
          13.556255947052154, 
          -19.426429095956628, 
          85.50319841738876
        ], 
        [
          14.216917418051956, 
          -6.280712410804992, 
          95.2925689253233
        ]
      ], 
      "cuboid_centroid": [
        4.41449222489467, 
        -8.918733627447878, 
        85.75321257988674
      ], 
      "location": [
        4.41449222489467, 
        -8.918733627447878, 
        85.75321257988674
      ], 
      "pose_transform_permuted": [
        [
          0.24277396982753552, 
          0.5715198547670741, 
          -0.7838532102257418, 
          0.0
        ], 
        [
          0.04027539339529512, 
          0.8013921413584829, 
          0.5967818097560609, 
          0.0
        ], 
        [
          -0.9692464558929441, 
          0.17645308548134658, 
          -0.17153896456222242, 
          0.0
        ], 
        [
          4.41449222489467, 
          -8.918733627447878, 
          85.75321257988674, 
          1.0
        ]
      ], 
      "projected_cuboid": [
        [
          452.03821870253023, 
          283.1399411483633
        ], 
        [
          443.57988136910274, 
          192.41615586480913
        ], 
        [
          584.6009958894754, 
          170.9767043988029
        ], 
        [
          577.3175825653055, 
          260.33667118099606
        ], 
        [
          443.62377366025686, 
          258.65115471229177
        ], 
        [
          434.7406168800016, 
          171.23703802883725
        ], 
        [
          566.8578172463026, 
          152.1156898760341
        ], 
        [
          561.8273191538373, 
          238.13556070456792
        ]
      ], 
      "projected_cuboid_centroid": [
        509.28063925527204, 
        217.81881662727793
      ], 
      "quaternion_xyzw": [
        0.7072096027880249, 
        0.625924262860352, 
        0.29678463650444814, 
        -0.14139403955631097
      ], 
      "visibility": 0.9777186098654709
    }, 
    {
      "bounding_box": {
        "bottom_right": [
          339, 
          460
        ], 
        "top_left": [
          281, 
          398
        ]
      }, 
      "class": "005_tomato_soup_can", 
      "cuboid": [
        [
          -13.758856717845088, 
          8.051217867313303, 
          91.94296455592408
        ], 
        [
          -8.37651792063574, 
          4.140098616789505, 
          90.71374977500022
        ], 
        [
          -2.813369398495903, 
          9.785244121882927, 
          97.11125897389056
        ], 
        [
          -8.19570819570525, 
          13.696363372406728, 
          98.34047375481441
        ], 
        [
          -15.535600473535755, 
          3.995902498187831, 
          97.06638582933654
        ], 
        [
          -10.153261676326409, 
          0.08478324766403172, 
          95.8371710484127
        ], 
        [
          -4.59011315418657, 
          5.729928752757455, 
          102.23468024730302
        ], 
        [
          -9.97245195139592, 
          9.641048003281254, 
          103.46389502822689
        ]
      ], 
      "cuboid_centroid": [
        -9.17448493601583, 
        6.890573310035379, 
        97.08882240161356
      ], 
      "location": [
        -9.17448493601583, 
        6.890573310035379, 
        97.08882240161356
      ], 
      "pose_transform_permuted": [
        [
          0.26238942645492025, 
          0.5988887651303566, 
          -0.7566265901382365, 
          0.0
        ], 
        [
          -0.7955096424398086, 
          0.5780634021286087, 
          0.18167793736088553, 
          0.0
        ], 
        [
          -0.5461831469212066, 
          -0.5542335108490075, 
          -0.6280996620531093, 
          0.0
        ], 
        [
          -9.17448493601583, 
          6.890573310035379, 
          97.08882240161356, 
          1.0
        ]
      ], 
      "projected_cuboid": [
        [
          401.1230697631033, 
          319.98801402970724
        ], 
        [
          431.9398788409026, 
          297.62679151598945
        ], 
        [
          466.0177341552663, 
          327.02554179471707
        ], 
        [
          436.7797441554406, 
          347.56458979298543
        ], 
        [
          395.5272431965629, 
          295.2415436872518
        ], 
        [
          424.6248240653855, 
          273.75834412731194
        ], 
        [
          457.45264291126324, 
          303.1774048245541
        ], 
        [
          429.76424542069185, 
          322.98271171469935
        ]
      ], 
      "projected_cuboid_centroid": [
        430.7806336145189, 
        311.1372152748208
      ], 
      "quaternion_xyzw": [
        0.3189370653039582, 
        0.8812448217474887, 
        0.34808386866613733, 
        0.02289701088228401
      ], 
      "visibility": 0.9433628318584071
    }, 
    {
      "bounding_box": {
        "bottom_right": [
          311, 
          566
        ], 
        "top_left": [
          258, 
          500
        ]
      }, 
      "class": "010_potted_meat_can", 
      "cuboid": [
        [
          15.158721775775508, 
          2.5110848517710034, 
          91.88389487315185
        ], 
        [
          5.548466883212391, 
          1.1410284603599656, 
          88.86943487810466
        ], 
        [
          4.096180468076756, 
          -3.547077259046401, 
          95.63011900210296
        ], 
        [
          13.706435360639874, 
          -2.1770208676353633, 
          98.64457899715015
        ], 
        [
          13.571851134278454, 
          7.215117951002173, 
          94.80496224434557
        ], 
        [
          3.9615962417153363, 
          5.8450615595911355, 
          91.79050224929838
        ], 
        [
          2.5093098265797016, 
          1.1569558401847688, 
          98.55118637329667
        ], 
        [
          12.11956471914282, 
          2.5270122315958066, 
          101.56564636834386
        ]
      ], 
      "cuboid_centroid": [
        8.834015801177605, 
        1.834020345977886, 
        95.21754062322427
      ], 
      "location": [
        8.834015801177605, 
        1.834020345977886, 
        95.21754062322427
      ], 
      "pose_transform_permuted": [
        [
          0.27549359774903903, 
          -0.8166582508673645, 
          -0.5071209576341369, 
          0.0
        ], 
        [
          0.9454539055571127, 
          0.13478572426787924, 
          0.296561642466792, 
          0.0
        ], 
        [
          0.17383700539619024, 
          0.561160836284654, 
          -0.8092460759096664, 
          0.0
        ], 
        [
          8.834015801177605, 
          1.834020345977886, 
          95.21754062322427, 
          1.0
        ]
      ], 
      "projected_cuboid": [
        [
          570.3157193031733, 
          287.8615701816125
        ], 
        [
          515.1717829374154, 
          280.13403086467764
        ], 
        [
          504.63142783869785, 
          253.50484383517085
        ], 
        [
          556.3181315839596, 
          261.5165261522427
        ], 
        [
          558.5809423469839, 
          313.87474778675727
        ], 
        [
          504.8064846796925, 
          307.2474132156119
        ], 
        [
          495.2896139086937, 
          279.5475200065279
        ], 
        [
          545.767052278769, 
          286.55583875598455
        ]
      ], 
      "projected_cuboid_centroid": [
        531.4893032500028, 
        283.5590041682563
      ], 
      "quaternion_xyzw": [
        0.8680057170715962, 
        -0.011247414723274774, 
        0.16476136878043335, 
        0.46828733232955216
      ], 
      "visibility": 0.8082092262985834
    }, 
    {
      "bounding_box": {
        "bottom_right": [
          222, 
          497
        ], 
        "top_left": [
          171, 
          367
        ]
      }, 
      "class": "037_scissors", 
      "cuboid": [
        [
          -17.249998321514422, 
          -8.254279643662555, 
          86.20265903943904
        ], 
        [
          2.661327263971719, 
          -11.04953377035336, 
          88.68960435018353
        ], 
        [
          2.289707317623596, 
          -18.18939266467018, 
          83.63992429102186
        ], 
        [
          -17.621618267862544, 
          -15.394138537979373, 
          81.15297898027738
        ], 
        [
          -16.968635729663234, 
          -7.374822172951806, 
          84.93846788041962
        ], 
        [
          2.942689855822908, 
          -10.170076299642611, 
          87.4254131911641
        ], 
        [
          2.5710699094747853, 
          -17.30993519395943, 
          82.37573313200244
        ], 
        [
          -17.340255676011356, 
          -14.514681067268626, 
          79.88878782125795
        ]
      ], 
      "cuboid_centroid": [
        -7.339464206019819, 
        -12.782107418810993, 
        84.28919608572075
      ], 
      "location": [
        -7.339464206019819, 
        -12.782107418810993, 
        84.28919608572075
      ], 
      "pose_transform_permuted": [
        [
          -0.17972698056874342, 
          -0.5617741673102884, 
          0.8075318697392104, 
          0.0
        ], 
        [
          -0.9827997131006168, 
          0.13797047022110484, 
          -0.12275270812096103, 
          0.0
        ], 
        [
          0.0424562933091495, 
          0.8157041794497467, 
          0.5769084781802749, 
          0.0
        ], 
        [
          -7.339464206019819, 
          -12.782107418810993, 
          84.28919608572075, 
          1.0
        ]
      ], 
      "projected_cuboid": [
        [
          373.9852099322131, 
          222.21886758715985
        ], 
        [
          497.73386499246686, 
          206.84207937980946
        ], 
        [
          496.318773096115, 
          157.30413608082176
        ], 
        [
          364.82658995028766, 
          172.11963503448007
        ], 
        [
          374.16492493378576, 
          226.98081590534096
        ], 
        [
          499.697901149562, 
          211.246215208419
        ], 
        [
          498.3814888915493, 
          161.21800673609076
        ], 
        [
          364.8727349798879, 
          176.38979104396344
        ]
      ], 
      "projected_cuboid_centroid": [
        434.77137918068433, 
        192.41083246733413
      ], 
      "quaternion_xyzw": [
        -0.0796436595060078, 
        -0.29981799206320536, 
        0.9494782464977244, 
        0.04750681866482519
      ], 
      "visibility": 0.7899274047186933
    }, 
    {
      "bounding_box": {
        "bottom_right": [
          318, 
          500
        ], 
        "top_left": [
          273, 
          452
        ]
      }, 
      "class": "061_foam_brick", 
      "cuboid": [
        [
          2.853976752180449, 
          2.540315683989838, 
          93.61045683774705
        ], 
        [
          -4.736432985216785, 
          4.216676057529419, 
          93.14238518082388
        ], 
        [
          -5.626355988211933, 
          1.343925386807223, 
          97.28515864580312
        ], 
        [
          1.964053749185301, 
          -0.33243498673235783, 
          97.75323030272631
        ], 
        [
          3.592306353685965, 
          6.741037590293961, 
          96.68199412492727
        ], 
        [
          -3.998103383711269, 
          8.41739796383354, 
          96.2139224680041
        ], 
        [
          -4.888026386706417, 
          5.544647293111344, 
          100.35669593298336
        ], 
        [
          2.702383350690817, 
          3.868286919571764, 
          100.82476758990653
        ]
      ], 
      "cuboid_centroid": [
        -1.017024817262984, 
        4.0424814885505915, 
        96.9835763853652
      ], 
      "location": [
        -1.017024817262984, 
        4.0424814885505915, 
        96.9835763853652
      ], 
      "pose_transform_permuted": [
        [
          -0.1404736673536923, 
          -0.7992241006026148, 
          -0.5843868460156725, 
          0.0
        ], 
        [
          0.9747040042530495, 
          -0.21526573995206397, 
          0.060106283331790966, 
          0.0
        ], 
        [
          0.17383685706223312, 
          0.5611608487936695, 
          -0.8092460990995833, 
          0.0
        ], 
        [
          -1.017024817262984, 
          4.0424814885505915, 
          96.9835763853652, 
          1.0
        ]
      ], 
      "projected_cuboid": [
        [
          497.99231016487744, 
          287.7592811714063
        ], 
        [
          454.2509449210579, 
          297.4306042194161
        ], 
        [
          450.4962121633227, 
          280.65396932535356
        ], 
        [
          492.40180090425736, 
          271.4728476511357
        ], 
        [
          501.5781743364838, 
          310.4716145857838
        ], 
        [
          459.2506551581139, 
          319.9446832716891
        ], 
        [
          455.40445002627814, 
          302.7521252619078
        ], 
        [
          496.01063596649436, 
          293.74810924856246
        ]
      ], 
      "projected_cuboid_centroid": [
        475.95777045382806, 
        295.5164311530816
      ], 
      "quaternion_xyzw": [
        0.883211710047822, 
        -0.11013854112997123, 
        -0.022748618226979177, 
        0.45529010241924517
      ], 
      "visibility": 0.9550629119233074
    }
  ]
}