{
  "camera_data": {
    "location_worldframe": [
      -19.23218319680399, 
      -4.998566342537152, 
      96.78843296008999
    ], 
    "quaternion_xyzw_worldframe": [
      0.954463279065635, 
      0.0059247749359780735, 
      0.01651443774322957, 
      -0.2978126670615608
    ]
  }, 
  "objects": [
    {
      "bounding_box": {
        "bottom_right": [
          271, 
          542
        ], 
        "top_left": [
          156, 
          402
        ]
      }, 
      "class": "003_cracker_box", 
      "cuboid": [
        [
          -10.744634347552239, 
          0.6628425236936603, 
          87.41259427716327
        ], 
        [
          -11.697259546526766, 
          -12.539245247384736, 
          77.72365731781747
        ], 
        [
          9.506064939668498, 
          -14.781906582037841, 
          78.69476391215184
        ], 
        [
          10.458690138643025, 
          -1.5798188109594422, 
          88.38370087149764
        ], 
        [
          -11.45316564683798, 
          -3.53122620259928, 
          93.1970707834693
        ], 
        [
          -12.405790845812508, 
          -16.733313973677678, 
          83.5081338241235
        ], 
        [
          8.797533640382756, 
          -18.97597530833078, 
          84.47924041845789
        ], 
        [
          9.750158839357283, 
          -5.773887537252383, 
          94.16817737780369
        ]
      ], 
      "cuboid_centroid": [
        -0.9735503535847414, 
        -9.15656639231856, 
        85.94591734781058
      ], 
      "location": [
        -0.9735503535847414, 
        -9.15656639231856, 
        85.94591734781058
      ], 
      "pose_transform_permuted": [
        [
          0.09868124181413629, 
          0.5841321485467785, 
          -0.8056374156828517, 
          0.0
        ], 
        [
          0.05807415193882537, 
          0.8048286481951606, 
          0.5906591571464344, 
          0.0
        ], 
        [
          -0.9934230747222484, 
          0.10507368880206974, 
          -0.045498511304432734, 
          0.0
        ], 
        [
          -0.9735503535847414, 
          -9.15656639231856, 
          85.94591734781058, 
          1.0
        ]
      ], 
      "projected_cuboid": [
        [
          415.49586498879125, 
          277.33065658205174
        ], 
        [
          400.66462834920327, 
          187.24548845554074
        ], 
        [
          546.5571683819579, 
          173.1085862995715
        ], 
        [
          545.2321870668899, 
          263.7536908451537
        ], 
        [
          415.51022406670387, 
          253.07912083171823
        ], 
        [
          401.7079897549949, 
          166.42025292818593
        ], 
        [
          537.5989580262021, 
          153.4907255241332
        ], 
        [
          537.2770741621425, 
          240.5862417625734
        ]
      ], 
      "projected_cuboid_centroid": [
        475.5055598693563, 
        216.46736236116774
      ], 
      "quaternion_xyzw": [
        0.7015670417757213, 
        0.640798247294333, 
        0.24564309535400777, 
        -0.19193947447952436
      ], 
      "visibility": 0.986233674549947
    }, 
    {
      "bounding_box": {
        "bottom_right": [
          332, 
          435
        ], 
        "top_left": [
          273, 
          372
        ]
      }, 
      "class": "005_tomato_soup_can", 
      "cuboid": [
        [
          -19.387352829878914, 
          6.480537205879402, 
          94.48853179181056
        ], 
        [
          -13.937320316268067, 
          2.963897279524155, 
          92.56297137303545
        ], 
        [
          -8.025812619425116, 
          9.025077332349424, 
          98.22517821492575
        ], 
        [
          -13.47584513303596, 
          12.54171725870467, 
          100.15073863370085
        ], 
        [
          -20.19707968308054, 
          2.329880518878319, 
          99.77703234973468
        ], 
        [
          -14.747047169469694, 
          -1.1867594074769283, 
          97.85147193095959
        ], 
        [
          -8.835539472626738, 
          4.87442064534834, 
          103.51367877284987
        ], 
        [
          -14.285571986237585, 
          8.391060571703587, 
          105.43923919162496
        ]
      ], 
      "cuboid_centroid": [
        -14.111446151252826, 
        5.677478925613872, 
        99.00110528233022
      ], 
      "location": [
        -14.111446151252826, 
        5.677478925613872, 
        99.00110528233022
      ], 
      "pose_transform_permuted": [
        [
          0.11958042003312475, 
          0.612968766050418, 
          -0.7810054903841905, 
          0.0
        ], 
        [
          -0.8055147733241553, 
          0.5197593603462652, 
          0.2845978185227292, 
          0.0
        ], 
        [
          -0.5803846264504708, 
          -0.5950792760849709, 
          -0.5559085721178749, 
          0.0
        ], 
        [
          -14.111446151252826, 
          5.677478925613872, 
          99.00110528233022, 
          1.0
        ]
      ], 
      "projected_cuboid": [
        [
          371.2575331304922, 
          309.8644944362974
        ], 
        [
          400.62528028152815, 
          290.36360927928246
        ], 
        [
          437.657283820983, 
          322.28874462995987
        ], 
        [
          409.23789611194155, 
          340.073298737406
        ], 
        [
          372.74172972525616, 
          285.74001427657447
        ], 
        [
          400.5514682539564, 
          266.81834675211377
        ], 
        [
          435.6955490113337, 
          298.400358856091
        ], 
        [
          408.7374141322439, 
          315.72915195299214
        ]
      ], 
      "projected_cuboid_centroid": [
        404.9451170096175, 
        303.8711530262511
      ], 
      "quaternion_xyzw": [
        0.3083875069463795, 
        0.8918519411585811, 
        0.3276545366515196, 
        -0.046256948848268115
      ], 
      "visibility": 0.8889388489208633
    }, 
    {
      "bounding_box": {
        "bottom_right": [
          313, 
          534
        ], 
        "top_left": [
          257, 
          474
        ]
      }, 
      "class": "010_potted_meat_can", 
      "cuboid": [
        [
          9.610276483620828, 
          3.0479194231318023, 
          90.71010894399853
        ], 
        [
          -0.18174681268241025, 
          0.972532174275059, 
          88.94090850047695
        ], 
        [
          -0.4156338808661335, 
          -3.7785416076435174, 
          95.80872588669966
        ], 
        [
          9.376389415437107, 
          -1.7031543587867743, 
          97.57792633022126
        ], 
        [
          8.073304932596178, 
          7.637580964918059, 
          93.83283944818062
        ], 
        [
          -1.7187183637070593, 
          5.562193716061317, 
          92.06363900465902
        ], 
        [
          -1.9526054318907824, 
          0.8111199341427396, 
          98.93145639088175
        ], 
        [
          7.839417864412457, 
          2.886507182999483, 
          100.70065683440332
        ]
      ], 
      "cuboid_centroid": [
        3.828835525865023, 
        1.929519678637271, 
        94.82078266744014
      ], 
      "location": [
        3.828835525865023, 
        1.929519678637271, 
        94.82078266744014
      ], 
      "pose_transform_permuted": [
        [
          0.266830711437349, 
          -0.7968024220324857, 
          -0.5421313110854404, 
          0.0
        ], 
        [
          0.9633362249278474, 
          0.20417595598775135, 
          0.17405339272897655, 
          0.0
        ], 
        [
          0.027996011744112967, 
          0.5686980405913543, 
          -0.8220698035775174, 
          0.0
        ], 
        [
          3.828835525865023, 
          1.929519678637271, 
          94.82078266744014, 
          1.0
        ]
      ], 
      "projected_cuboid": [
        [
          538.5704423609375, 
          291.20642734335223
        ], 
        [
          480.49817212476745, 
          279.1181677966639
        ], 
        [
          479.2641610825106, 
          252.25327387596806
        ], 
        [
          533.2715106012654, 
          263.9778182036615
        ], 
        [
          527.8658692809156, 
          316.69640941451115
        ], 
        [
          471.55765612557093, 
          305.508019407092
        ], 
        [
          470.98324636207633, 
          277.6591224046308
        ], 
        [
          523.4613129085332, 
          288.5737352654541
        ]
      ], 
      "projected_cuboid_centroid": [
        503.3118231772374, 
        284.13912326688364
      ], 
      "quaternion_xyzw": [
        0.8766649269539419, 
        0.05024152866928097, 
        0.1257276556329852, 
        0.4616564937857537
      ], 
      "visibility": 0.8418220946915351
    }, 
    {
      "bounding_box": {
        "bottom_right": [
          214, 
          465
        ], 
        "top_left": [
          164, 
          337
        ]
      }, 
      "class": "037_scissors", 
      "cuboid": [
        [
          -22.394009073518706, 
          -10.060072164057424, 
          89.16150403426941
        ], 
        [
          -2.178489025098952, 
          -11.395704797868406, 
          89.07170524758851
        ], 
        [
          -2.674414928348072, 
          -18.565932348625896, 
          84.07602216276233
        ], 
        [
          -22.889934976767822, 
          -17.230299714814915, 
          84.16582094944323
        ], 
        [
          -22.34078840484543, 
          -9.168138569248569, 
          87.87604238167049
        ], 
        [
          -2.125268356425679, 
          -10.50377120305955, 
          87.78624359498959
        ], 
        [
          -2.6211942596747986, 
          -17.67399875381704, 
          82.7905605101634
        ], 
        [
          -22.836714308094553, 
          -16.33836612000606, 
          82.88035929684429
        ]
      ], 
      "cuboid_centroid": [
        -12.507601666596752, 
        -13.867035458937233, 
        85.9760322722164
      ], 
      "location": [
        -12.507601666596752, 
        -13.867035458937233, 
        85.9760322722164
      ], 
      "pose_transform_permuted": [
        [
          -0.033995955260306424, 
          -0.5697435853434422, 
          0.8211188983527109, 
          0.0
        ], 
        [
          -0.9978143955542988, 
          0.06592526266930637, 
          0.004432362948808291, 
          0.0
        ], 
        [
          0.056657818868058346, 
          0.8191736933924728, 
          0.5707395106565406, 
          0.0
        ], 
        [
          -12.507601666596752, 
          -13.867035458937233, 
          85.9760322722164, 
          1.0
        ]
      ], 
      "projected_cuboid": [
        [
          346.53101761604216, 
          213.11221105280245
        ], 
        [
          468.4445982134204, 
          205.0544039289087
        ], 
        [
          464.49107289051295, 
          155.51722579651252
        ], 
        [
          335.3454997365667, 
          164.10615860464767
        ], 
        [
          344.8809425191774, 
          217.6451173201559
        ], 
        [
          468.57802644960253, 
          209.47395584629396
        ], 
        [
          464.5711672685181, 
          159.43431146829417
        ], 
        [
          333.4224793153748, 
          168.15221324219684
        ]
      ], 
      "projected_cuboid_centroid": [
        403.3643576420747, 
        187.26766300748739
      ], 
      "quaternion_xyzw": [
        -0.007749781816561181, 
        -0.29896553390226943, 
        0.9536911170944556, 
        0.032133853230915596
      ], 
      "visibility": 0.760038240917782
    }, 
    {
      "bounding_box": {
        "bottom_right": [
          313, 
          472
        ], 
        "top_left": [
          271, 
          426
        ]
      }, 
      "class": "061_foam_brick", 
      "cuboid": [
        [
          -2.342767732889133, 
          2.1940078411515023, 
          93.99398371082697
        ], 
        [
          -10.032031593793237, 
          3.314452556882318, 
          94.50722836588764
        ], 
        [
          -10.175353674842839, 
          0.40311643353175486, 
          98.71564993548932
        ], 
        [
          -2.486089813938735, 
          -0.7173282821990618, 
          98.20240528042865
        ], 
        [
          -1.5240934513970177, 
          6.450658097099208, 
          96.96656465345322
        ], 
        [
          -9.21335731230112, 
          7.5711028128300235, 
          97.4798093085139
        ], 
        [
          -9.356679393350722, 
          4.65976668947946, 
          101.68823087811558
        ], 
        [
          -1.6674155324466193, 
          3.5393219737486428, 
          101.1749862230549
        ]
      ], 
      "cuboid_centroid": [
        -5.849723563119928, 
        3.4268872653154805, 
        97.84110729447127
      ], 
      "location": [
        -5.849723563119928, 
        3.4268872653154805, 
        97.84110729447127
      ], 
      "pose_transform_permuted": [
        [
          -0.1557599457679164, 
          -0.8098649585168224, 
          -0.5655595355583009, 
          0.0
        ], 
        [
          0.987398116080023, 
          -0.14387918290975954, 
          -0.06590706401320723, 
          0.0
        ], 
        [
          0.027996422199929705, 
          0.5686981006577789, 
          -0.8220697480458928, 
          0.0
        ], 
        [
          -5.849723563119928, 
          3.4268872653154805, 
          97.84110729447127, 
          1.0
        ]
      ], 
      "projected_cuboid": [
        [
          468.19348582532933, 
          285.73528524293005
        ], 
        [
          424.51291046555224, 
          291.9905301166554
        ], 
        [
          426.1657461251123, 
          275.46440834384583
        ], 
        [
          467.9830477094028, 
          269.39085722527847
        ], 
        [
          473.14464408155607, 
          308.7653888597726
        ], 
        [
          430.77000983172877, 
          314.7086275908343
        ], 
        [
          432.1155759139853, 
          297.72540182091626
        ], 
        [
          472.7344429844668, 
          291.9432217153637
        ]
      ], 
      "projected_cuboid_centroid": [
        449.44523708759294, 
        291.96606991285523
      ], 
      "quaternion_xyzw": [
        0.8834104018371222, 
        -0.04863979548810503, 
        -0.06273047309612538, 
        0.4618280199013327
      ], 
      "visibility": 0.9449485783424078
    }
  ]
}