{
  "camera_data": {
    "location_worldframe": [
      -17.196262547000906, 
      4.032808154759279, 
      81.34250056130054
    ], 
    "quaternion_xyzw_worldframe": [
      0.9191691509395593, 
      0.02784696722966128, 
      -0.0540898791514919, 
      -0.38913942329952833
    ]
  }, 
  "objects": [
    {
      "bounding_box": {
        "bottom_right": [
          357, 
          567
        ], 
        "top_left": [
          239, 
          382
        ]
      }, 
      "class": "003_cracker_box", 
      "cuboid": [
        [
          -10.438978412845135, 
          12.155635369018366, 
          72.37824429056163
        ], 
        [
          -11.643850379670038, 
          0.9700995122376932, 
          60.44048123262695
        ], 
        [
          9.615162141433101, 
          0.6842513273512916, 
          58.56265680282188
        ], 
        [
          10.820034108258005, 
          11.869787184131967, 
          70.50041986075655
        ], 
        [
          -10.078206405088386, 
          6.904705412832279, 
          77.26188798032744
        ], 
        [
          -11.28307837191329, 
          -4.280830443948394, 
          65.32412492239277
        ], 
        [
          9.97593414918985, 
          -4.566678628834796, 
          63.446300492587696
        ], 
        [
          11.180806116014754, 
          6.6188572279458775, 
          75.38406355052236
        ]
      ], 
      "cuboid_centroid": [
        -0.23152213182764253, 
        3.7944783700917855, 
        67.91227239157466
      ], 
      "location": [
        -0.23152213182764253, 
        3.7944783700917855, 
        67.91227239157466
      ], 
      "pose_transform_permuted": [
        [
          -0.05024679893902284, 
          0.7313273094326938, 
          -0.6801732321065852, 
          0.0
        ], 
        [
          0.07345167621383891, 
          0.6818951562095193, 
          0.7277526002697434, 
          0.0
        ], 
        [
          -0.9960321834447716, 
          0.013392625430908467, 
          0.08798026555034125, 
          0.0
        ], 
        [
          -0.23152213182764253, 
          3.7944783700917855, 
          67.91227239157466, 
          1.0
        ]
      ], 
      "projected_cuboid": [
        [
          404.03637350904563, 
          362.8554195110842
        ], 
        [
          377.9969051846254, 
          281.8465801410905
        ], 
        [
          569.8903349514453, 
          279.5178917589113
        ], 
        [
          564.1302657468711, 
          363.07876852239434
        ], 
        [
          411.44997704680986, 
          320.94800094787075
        ], 
        [
          388.7120351930913, 
          238.3369583168742
        ], 
        [
          566.1520138150813, 
          234.89975854909812
        ], 
        [
          561.3570997660813, 
          320.1129627139205
        ]
      ], 
      "projected_cuboid_centroid": [
        479.7637587605592, 
        303.0848285027864
      ], 
      "quaternion_xyzw": [
        0.6646460587695026, 
        0.6311356689456392, 
        0.25483706417556506, 
        -0.3081743900279293
      ], 
      "visibility": 0.9858142054969954
    }, 
    {
      "bounding_box": {
        "bottom_right": [
          395, 
          437
        ], 
        "top_left": [
          331, 
          363
        ]
      }, 
      "class": "005_tomato_soup_can", 
      "cuboid": [
        [
          -18.506465139339685, 
          15.667440884561879, 
          81.38906949000085
        ], 
        [
          -13.102919302982983, 
          13.127024174716157, 
          78.20703098738443
        ], 
        [
          -6.98015618878711, 
          18.574365157583244, 
          84.25539120043133
        ], 
        [
          -12.383702025143812, 
          21.114781867428967, 
          87.43742970304775
        ], 
        [
          -18.31306340717505, 
          10.541736408601315, 
          85.80965724011055
        ], 
        [
          -12.909517570818352, 
          8.001319698755593, 
          82.62761873749413
        ], 
        [
          -6.7867544566224804, 
          13.448660681622682, 
          88.67597895054104
        ], 
        [
          -12.190300292979183, 
          15.989077391468404, 
          91.85801745315746
        ]
      ], 
      "cuboid_centroid": [
        -12.646609797981082, 
        14.55805078309228, 
        85.03252422027094
      ], 
      "location": [
        -12.646609797981082, 
        14.55805078309228, 
        85.03252422027094
      ], 
      "pose_transform_permuted": [
        [
          -0.028561557858600067, 
          0.7569637733731049, 
          -0.6528321715665989, 
          0.0
        ], 
        [
          -0.79864404270054, 
          0.3754735747116667, 
          0.4703052718938006, 
          0.0
        ], 
        [
          -0.6011254260524895, 
          -0.5348133037495808, 
          -0.593820639827947, 
          0.0
        ], 
        [
          -12.646609797981082, 
          14.55805078309228, 
          85.03252422027094, 
          1.0
        ]
      ], 
      "projected_cuboid": [
        [
          359.3188429069531, 
          375.9508526648665
        ], 
        [
          391.4993062747474, 
          362.8040528742648
        ], 
        [
          437.04589221998344, 
          390.85851221802545
        ], 
        [
          405.4339273121682, 
          402.0749378981629
        ], 
        [
          366.8301900226197, 
          338.80497318044405
        ], 
        [
          397.5782610712795, 
          324.9310189886441
        ], 
        [
          440.4396735226893, 
          354.1701571285506
        ], 
        [
          410.2314437011388, 
          366.11771729637707
        ]
      ], 
      "projected_cuboid_centroid": [
        401.6171818901476, 
        364.59387769195337
      ], 
      "quaternion_xyzw": [
        0.28256627403913653, 
        0.8640441999713788, 
        0.39083197747458887, 
        -0.14434065692730927
      ], 
      "visibility": 0.6846280991735537
    }, 
    {
      "bounding_box": {
        "bottom_right": [
          404, 
          549
        ], 
        "top_left": [
          328, 
          476
        ]
      }, 
      "class": "010_potted_meat_can", 
      "cuboid": [
        [
          9.935087760849019, 
          15.874334880756082, 
          73.77584645345132
        ], 
        [
          0.1797269343911216, 
          13.212545038358787, 
          72.74200282023556
        ], 
        [
          1.1915014793045111, 
          7.261313418801849, 
          78.51724960050839
        ], 
        [
          10.946862305762409, 
          9.923103261199147, 
          79.55109323372416
        ], 
        [
          8.475025645813753, 
          19.624930898713604, 
          77.89652219280283
        ], 
        [
          -1.2803351806441452, 
          16.963141056316307, 
          76.86267855958707
        ], 
        [
          -0.26856063573075584, 
          11.011909436759368, 
          82.63792533985989
        ], 
        [
          9.486800190727141, 
          13.673699279156665, 
          83.67176897307567
        ]
      ], 
      "cuboid_centroid": [
        4.833263562559131, 
        13.443122158757726, 
        78.2068858966556
      ], 
      "location": [
        4.833263562559131, 
        13.443122158757726, 
        78.2068858966556
      ], 
      "pose_transform_permuted": [
        [
          0.25347861034763713, 
          -0.6511338502775207, 
          -0.7153826877281961, 
          0.0
        ], 
        [
          0.9597293824777609, 
          0.26186606186837386, 
          0.10170921704850934, 
          0.0
        ], 
        [
          -0.12110824365688935, 
          0.7123555466614186, 
          -0.6912903647954707, 
          0.0
        ], 
        [
          4.833263562559131, 
          13.443122158757726, 
          78.2068858966556, 
          1.0
        ]
      ], 
      "projected_cuboid": [
        [
          554.0155226936587, 
          388.04081148293506
        ], 
        [
          482.92574682866314, 
          370.1564169961945
        ], 
        [
          489.75765326253935, 
          322.60819233756763
        ], 
        [
          555.5976694426865, 
          339.81215164557835
        ], 
        [
          540.1049936539243, 
          407.64889039505164
        ], 
        [
          472.6392991774597, 
          390.9870330326782
        ], 
        [
          479.84941818690487, 
          344.35399189654663
        ], 
        [
          542.5693641832041, 
          360.44199901051934
        ]
      ], 
      "projected_cuboid_centroid": [
        514.831421851974, 
        364.95979953670764
      ], 
      "quaternion_xyzw": [
        0.9202537173067241, 
        0.10404041253049796, 
        0.09649182087404735, 
        0.3646886151684939
      ], 
      "visibility": 0.6158822217265224
    }, 
    {
      "bounding_box": {
        "bottom_right": [
          281, 
          471
        ], 
        "top_left": [
          229, 
          310
        ]
      }, 
      "class": "037_scissors", 
      "cuboid": [
        [
          -20.92885877286222, 
          0.2007756039043424, 
          73.26975210842545
        ], 
        [
          -0.8515547334327772, 
          0.902591868909245, 
          70.64896107876748
        ], 
        [
          -1.4502990269014275, 
          -5.22014320108068, 
          64.42251942651312
        ], 
        [
          -21.527603066330872, 
          -5.921959466085582, 
          67.0433104561711
        ], 
        [
          -21.10909174542772, 
          1.318215390965364, 
          72.18825590625077
        ], 
        [
          -1.0317877059982745, 
          2.020031655970266, 
          69.5674648765928
        ], 
        [
          -1.6305319994669247, 
          -4.102703414019658, 
          63.341023224338436
        ], 
        [
          -21.70783603889637, 
          -4.804519679024561, 
          65.96181425399641
        ]
      ], 
      "cuboid_centroid": [
        -11.279695386164573, 
        -1.950963905057658, 
        68.30538766638195
      ], 
      "location": [
        -11.279695386164573, 
        -1.950963905057658, 
        68.30538766638195
      ], 
      "pose_transform_permuted": [
        [
          0.11512805503035034, 
          -0.7137909754615719, 
          0.6908311642800843, 
          0.0
        ], 
        [
          -0.9909922152128452, 
          -0.034640828956106116, 
          0.12935917606219227, 
          0.0
        ], 
        [
          0.06840446426648832, 
          0.699501301101302, 
          0.7113494193683007, 
          0.0
        ], 
        [
          -11.279695386164573, 
          -1.950963905057658, 
          68.30538766638195, 
          1.0
        ]
      ], 
      "projected_cuboid": [
        [
          327.98951812388464, 
          274.7479536175459
        ], 
        [
          475.1152258121651, 
          280.1000836012167
        ], 
        [
          469.49076468831885, 
          230.07176431413478
        ], 
        [
          308.92107443004113, 
          226.17822944893996
        ], 
        [
          324.34559035210646, 
          283.0253808723405
        ], 
        [
          473.62123869375785, 
          288.77254775145735
        ], 
        [
          467.75388510964586, 
          238.7425416381768
        ], 
        [
          304.62053717015056, 
          234.44066235575542
        ]
      ], 
      "projected_cuboid_centroid": [
        392.79273729613436, 
        258.0536655510897
      ], 
      "quaternion_xyzw": [
        0.06647873535289586, 
        -0.3875111625471979, 
        0.919418930710347, 
        0.009180699402256236
      ], 
      "visibility": 0.7631133671742809
    }, 
    {
      "bounding_box": {
        "bottom_right": [
          382, 
          480
        ], 
        "top_left": [
          337, 
          423
        ]
      }, 
      "class": "061_foam_brick", 
      "cuboid": [
        [
          -1.3958229090341476, 
          13.248575373717616, 
          78.14681701088037
        ], 
        [
          -9.016485897143427, 
          13.490570852684241, 
          79.7312818951187
        ], 
        [
          -8.396487402430294, 
          9.843810895124387, 
          83.27020475780199
        ], 
        [
          -0.7758244143210142, 
          9.60181541615776, 
          81.68573987356366
        ], 
        [
          -0.521111350144473, 
          16.933718818070854, 
          81.7910088176307
        ], 
        [
          -8.141774338253754, 
          17.17571429703748, 
          83.37547370186903
        ], 
        [
          -7.52177584354062, 
          13.528954339477625, 
          86.9143965645523
        ], 
        [
          0.0988871445686608, 
          13.286958860511, 
          85.32993168031399
        ]
      ], 
      "cuboid_centroid": [
        -4.458799376287384, 
        13.388764856597621, 
        82.53060678771634
      ], 
      "location": [
        -4.458799376287384, 
        13.388764856597621, 
        82.53060678771634
      ], 
      "pose_transform_permuted": [
        [
          -0.16642152814047742, 
          -0.7011307867071199, 
          -0.6933393793106255, 
          0.0
        ], 
        [
          0.9785889018581706, 
          -0.03107526082521947, 
          -0.20346520421109948, 
          0.0
        ], 
        [
          -0.12111001664357951, 
          0.712355212022836, 
          -0.6912903990165726, 
          0.0
        ], 
        [
          -4.458799376287384, 
          13.388764856597621, 
          82.53060678771634, 
          1.0
        ]
      ], 
      "projected_cuboid": [
        [
          471.991772765524, 
          363.70256471402524
        ], 
        [
          420.78352682527577, 
          363.52446534046896
        ], 
        [
          427.3720457117951, 
          336.33306391076445
        ], 
        [
          476.4895625264289, 
          335.9760135662529
        ], 
        [
          478.17083757858416, 
          383.70312278878885
        ], 
        [
          429.083385095079, 
          383.15271784048133
        ], 
        [
          435.0577090168636, 
          356.3022013728598
        ], 
        [
          482.2202730331075, 
          356.33120028877306
        ]
      ], 
      "projected_cuboid_centroid": [
        452.5438249778112, 
        359.80583997643646
      ], 
      "quaternion_xyzw": [
        0.9198211094000333, 
        0.024470724496931395, 
        -0.10053224713249972, 
        0.3784489101994842
      ], 
      "visibility": 0.5633512174989682
    }
  ]
}