{
  "camera_data": {
    "location_worldframe": [
      -9.012925372279543, 
      8.236758309829142, 
      84.18452622039356
    ], 
    "quaternion_xyzw_worldframe": [
      0.9359569415616081, 
      -0.04375336854257829, 
      0.19261285455725322, 
      -0.2915022029337378
    ]
  }, 
  "objects": [
    {
      "bounding_box": {
        "bottom_right": [
          347, 
          626
        ], 
        "top_left": [
          201, 
          477
        ]
      }, 
      "class": "003_cracker_box", 
      "cuboid": [
        [
          2.8484779903771504, 
          11.852616443446026, 
          78.00146510549584
        ], 
        [
          2.3025432719303143, 
          -1.170241651663001, 
          68.04228652465876
        ], 
        [
          21.349257504288428, 
          -7.512534645266195, 
          75.29153087704297
        ], 
        [
          21.89519222273526, 
          5.510323449842833, 
          85.25070945788005
        ], 
        [
          -0.38290781561688275, 
          8.043692530063169, 
          83.15924000653827
        ], 
        [
          -0.9288425340637187, 
          -4.979165565045858, 
          73.2000614257012
        ], 
        [
          18.11787169829439, 
          -11.321458558649052, 
          80.4493057780854
        ], 
        [
          18.66380641674123, 
          1.7013995364599757, 
          90.40848435892246
        ]
      ], 
      "cuboid_centroid": [
        10.483174844335771, 
        0.26557894239848734, 
        79.22538544179062
      ], 
      "location": [
        10.483174844335771, 
        0.26557894239848734, 
        79.22538544179062
      ], 
      "pose_transform_permuted": [
        [
          0.45005374418535904, 
          0.5304908084188913, 
          -0.7183530674590389, 
          0.0
        ], 
        [
          0.03328139526635507, 
          0.7939024083209727, 
          0.607133687742069, 
          0.0
        ], 
        [
          -0.8923810711091221, 
          0.2971505817682856, 
          -0.3396432771024701, 
          0.0
        ], 
        [
          10.483174844335771, 
          0.26557894239848734, 
          79.22538544179062, 
          1.0
        ]
      ], 
      "projected_cuboid": [
        [
          501.235276761599, 
          354.32645758495454
        ], 
        [
          499.79494258600175, 
          264.11411268899246
        ], 
        [
          634.0825128234968, 
          220.07229464090318
        ], 
        [
          619.7125946722692, 
          307.75854911302974
        ], 
        [
          479.1209276088007, 
          324.8726124447524
        ], 
        [
          474.77333039534795, 
          237.00943039477403
        ], 
        [
          602.7061251193974, 
          198.23361488917834
        ], 
        [
          592.6123526670883, 
          283.32309260378764
        ]
      ], 
      "projected_cuboid_centroid": [
        552.7544916040187, 
        275.0743292312874
      ], 
      "quaternion_xyzw": [
        0.7156788812892413, 
        0.5890503141549961, 
        0.369295315108008, 
        -0.0666666071564889
      ], 
      "visibility": 0.9832191122782297
    }, 
    {
      "bounding_box": {
        "bottom_right": [
          408, 
          495
        ], 
        "top_left": [
          350, 
          430
        ]
      }, 
      "class": "005_tomato_soup_can", 
      "cuboid": [
        [
          -6.213445504359282, 
          19.452962451787467, 
          82.32910209872077
        ], 
        [
          -1.236165240469767, 
          14.880248042830596, 
          82.02192494101095
        ], 
        [
          3.754068316389094, 
          19.81616208498975, 
          89.40289607083969
        ], 
        [
          -1.2232119475004202, 
          24.388876493946622, 
          89.71007322854952
        ], 
        [
          -9.380798653054919, 
          15.692601550277448, 
          86.98521706542306
        ], 
        [
          -4.403518389165406, 
          11.119887141320579, 
          86.67803990771323
        ], 
        [
          0.5867151676934551, 
          16.05580118347973, 
          94.05901103754198
        ], 
        [
          -4.39056509619606, 
          20.628515592436603, 
          94.3661881952518
        ]
      ], 
      "cuboid_centroid": [
        -2.813365168332913, 
        17.7543818176336, 
        88.19405656813137
      ], 
      "location": [
        -2.813365168332913, 
        17.7543818176336, 
        88.19405656813137
      ], 
      "pose_transform_permuted": [
        [
          0.4677545500889472, 
          0.5553299045236674, 
          -0.6876148187988257, 
          0.0
        ], 
        [
          -0.7356419936073859, 
          0.6758471626376799, 
          0.04540078209534461, 
          0.0
        ], 
        [
          -0.4899350533443241, 
          -0.48460202954317133, 
          -0.7246547567408453, 
          0.0
        ], 
        [
          -2.813365168332913, 
          17.7543818176336, 
          88.19405656813137, 
          1.0
        ]
      ], 
      "projected_cuboid": [
        [
          441.0115734111166, 
          399.30085809136426
        ], 
        [
          473.4923436123119, 
          370.0402741244613
        ], 
        [
          504.1780250950858, 
          391.49688426422904
        ], 
        [
          474.26456621602716, 
          418.276559476867
        ], 
        [
          423.6026633419143, 
          369.50026256604184
        ], 
        [
          454.2769573013255, 
          341.70586981489004
        ], 
        [
          484.9514984457741, 
          364.32378258136487
        ], 
        [
          456.5765827269094, 
          389.87057668854624
        ]
      ], 
      "projected_cuboid_centroid": [
        464.4425508184822, 
        380.6493227188278
      ], 
      "quaternion_xyzw": [
        0.34182259744315646, 
        0.852622255449238, 
        0.3753082484898608, 
        0.12383965035344657
      ], 
      "visibility": 0.9586422161529458
    }, 
    {
      "bounding_box": {
        "bottom_right": [
          365, 
          608
        ], 
        "top_left": [
          309, 
          531
        ]
      }, 
      "class": "010_potted_meat_can", 
      "cuboid": [
        [
          21.307051788705078, 
          10.277858581164613, 
          87.36558149751025
        ], 
        [
          12.30078495271524, 
          10.120806691516336, 
          82.65564359342628
        ], 
        [
          9.075508830649447, 
          5.702964582402152, 
          88.9702762769456
        ], 
        [
          18.081775666639288, 
          5.860016472050429, 
          93.68021418102957
        ], 
        [
          19.828380300043076, 
          15.165872601224951, 
          90.03008332465765
        ], 
        [
          10.822113464053235, 
          15.00882071157667, 
          85.32014542057368
        ], 
        [
          7.5968373419874435, 
          10.590978602462489, 
          91.634778104093
        ], 
        [
          16.603104177977283, 
          10.748030492110765, 
          96.34471600817697
        ]
      ], 
      "cuboid_centroid": [
        14.451944565346261, 
        10.43441859181355, 
        89.50017980080163
      ], 
      "location": [
        14.451944565346261, 
        10.43441859181355, 
        89.50017980080163
      ], 
      "pose_transform_permuted": [
        [
          0.25670934835376064, 
          -0.8485988290537448, 
          -0.4625791008882881, 
          0.0
        ], 
        [
          0.886033747259443, 
          0.015450716354879726, 
          0.4633622350426569, 
          0.0
        ], 
        [
          0.38606182416392804, 
          0.5288105944927357, 
          -0.7558542340130538, 
          0.0
        ], 
        [
          14.451944565346261, 
          10.43441859181355, 
          89.50017980080163, 
          1.0
        ]
      ], 
      "projected_cuboid": [
        [
          612.7490122673076, 
          336.02730111084793
        ], 
        [
          561.6269285523953, 
          338.58908928241516
        ], 
        [
          536.4522667900519, 
          307.47214267101685
        ], 
        [
          585.3941026393461, 
          306.64749439652905
        ], 
        [
          600.0351407397876, 
          363.1260289096498
        ], 
        [
          549.8077266210715, 
          367.1037480474926
        ], 
        [
          526.1795503089494, 
          334.926631519104
        ], 
        [
          574.2700498555326, 
          332.7826409278259
        ]
      ], 
      "projected_cuboid_centroid": [
        568.4319312580815, 
        335.4638407131713
      ], 
      "quaternion_xyzw": [
        0.8481484897469997, 
        -0.10924122140440304, 
        0.21224808866051648, 
        0.47292811413995506
      ], 
      "visibility": 0.7146928435718809
    }, 
    {
      "bounding_box": {
        "bottom_right": [
          298, 
          536
        ], 
        "top_left": [
          238, 
          400
        ]
      }, 
      "class": "037_scissors", 
      "cuboid": [
        [
          -10.648262518010684, 
          3.68455981987973, 
          75.79467604071084
        ], 
        [
          7.9753634981759856, 
          -1.6042329081133775, 
          81.76530872679976
        ], 
        [
          7.618309247179159, 
          -8.673867998458755, 
          76.61674319197589
        ], 
        [
          -11.00531676900751, 
          -3.3850752704656477, 
          70.64611050588697
        ], 
        [
          -10.035247763503236, 
          4.512210122692061, 
          74.61569447832919
        ], 
        [
          8.588378252683434, 
          -0.7765826053010467, 
          80.58632716441811
        ], 
        [
          8.231324001686607, 
          -7.846217695646423, 
          75.43776162959423
        ], 
        [
          -10.392302014500062, 
          -2.557424967653317, 
          69.46712894350532
        ]
      ], 
      "cuboid_centroid": [
        -1.2084692581620378, 
        -2.0808289378833473, 
        75.61621883515254
      ], 
      "location": [
        -1.2084692581620378, 
        -2.0808289378833473, 
        75.61621883515254
      ], 
      "pose_transform_permuted": [
        [
          -0.3915776086182206, 
          -0.5286811189525131, 
          0.753102233523434, 
          0.0
        ], 
        [
          -0.9192403703620399, 
          0.2610486154427145, 
          -0.2947034372836851, 
          0.0
        ], 
        [
          0.04079221300301067, 
          0.807681352774284, 
          0.5882058016958329, 
          0.0
        ], 
        [
          -1.2084692581620378, 
          -2.0808289378833473, 
          75.61621883515254, 
          1.0
        ]
      ], 
      "projected_cuboid": [
        [
          406.04753537042507, 
          299.2124738117031
        ], 
        [
          534.0504088624268, 
          262.8228237340746
        ], 
        [
          535.0690964935748, 
          212.90882584313033
        ], 
        [
          397.8236904902115, 
          247.73202522312496
        ], 
        [
          409.2718673523573, 
          305.5377960932748
        ], 
        [
          538.9085381706498, 
          268.14712133433954
        ], 
        [
          540.2747097473539, 
          217.81641982683436
        ], 
        [
          401.14742089459713, 
          253.65243421921463
        ]
      ], 
      "projected_cuboid_centroid": [
        473.0027318933796, 
        258.61049573946985
      ], 
      "quaternion_xyzw": [
        -0.18394199479702056, 
        -0.29935608650937956, 
        0.9327411158327584, 
        0.08090155545899767
      ], 
      "visibility": 0.827559661277906
    }, 
    {
      "bounding_box": {
        "bottom_right": [
          383, 
          538
        ], 
        "top_left": [
          329, 
          483
        ]
      }, 
      "class": "061_foam_brick", 
      "cuboid": [
        [
          8.996457321389462, 
          11.884689330257526, 
          86.85872959328015
        ], 
        [
          1.887827320445234, 
          14.509979570781017, 
          85.06462095045744
        ], 
        [
          -0.08853609067338078, 
          11.802838420789504, 
          88.93406610586993
        ], 
        [
          7.020093910270847, 
          9.177548180266015, 
          90.72817474869264
        ], 
        [
          9.69541681433898, 
          15.978668201365167, 
          90.07996058022303
        ], 
        [
          2.586786813394754, 
          18.603958441888658, 
          88.28585193740032
        ], 
        [
          0.6104234022761397, 
          15.896817291897147, 
          92.15529709281282
        ], 
        [
          7.719053403220366, 
          13.271527051373655, 
          93.94940573563552
        ]
      ], 
      "cuboid_centroid": [
        4.8034403618328, 
        13.890753311077336, 
        89.50701334304648
      ], 
      "location": [
        4.8034403618328, 
        13.890753311077336, 
        89.50701334304648
      ], 
      "pose_transform_permuted": [
        [
          -0.13298315969736005, 
          -0.7789153041139752, 
          -0.6128673822728208, 
          0.0
        ], 
        [
          0.9128374312306359, 
          -0.33712026073603535, 
          0.2303860975526121, 
          0.0
        ], 
        [
          0.3860612689472496, 
          0.5288108157160754, 
          -0.7558543628243066, 
          0.0
        ], 
        [
          4.8034403618328, 
          13.890753311077336, 
          89.50701334304648, 
          1.0
        ]
      ], 
      "projected_cuboid": [
        [
          537.2963759987573, 
          346.2594860018708
        ], 
        [
          493.5315912828325, 
          364.25803905962994
        ], 
        [
          481.0617115588909, 
          344.065769635124
        ], 
        [
          523.206568224724, 
          327.2341257466471
        ], 
        [
          539.4772709578289, 
          367.88845176882916
        ], 
        [
          497.35362397778636, 
          385.6698377268636
        ], 
        [
          485.15914043697825, 
          365.284331264266
        ], 
        [
          525.7807351973719, 
          348.6245906243639
        ]
      ], 
      "projected_cuboid_centroid": [
        510.4564544476994, 
        356.053356905491
      ], 
      "quaternion_xyzw": [
        0.873858631189784, 
        -0.20689317009395794, 
        0.02786575951153424, 
        0.4390783623801507
      ], 
      "visibility": 0.8156264888041924
    }
  ]
}