{
  "camera_data": {
    "location_worldframe": [
      -12.249839951255174, 
      3.279102791475441, 
      83.05346396541123
    ], 
    "quaternion_xyzw_worldframe": [
      0.9143792798383157, 
      0.01679025825759506, 
      0.05318733666880597, 
      -0.40099901007383554
    ]
  }, 
  "objects": [
    {
      "bounding_box": {
        "bottom_right": [
          341, 
          621
        ], 
        "top_left": [
          218, 
          449
        ]
      }, 
      "class": "003_cracker_box", 
      "cuboid": [
        [
          -3.1405486453662244, 
          10.812142759565528, 
          75.82363062020319
        ], 
        [
          -3.208324496079999, 
          0.06459596202873663, 
          63.43154605157741
        ], 
        [
          17.884356960259858, 
          -2.4572754215345065, 
          65.50338119283194
        ], 
        [
          17.95213281097363, 
          8.290271376002284, 
          77.8954657614577
        ], 
        [
          -4.238084096916513, 
          5.454690424398074, 
          80.47610500959446
        ], 
        [
          -4.305859947630288, 
          -5.292856373138716, 
          68.0840204409687
        ], 
        [
          16.786821508709572, 
          -7.81472775670196, 
          70.15585558222321
        ], 
        [
          16.854597359423344, 
          2.932819040834831, 
          82.54794015084899
        ]
      ], 
      "cuboid_centroid": [
        6.8231364316716725, 
        1.4987075014317837, 
        72.98974310121321
      ], 
      "location": [
        6.8231364316716725, 
        1.4987075014317837, 
        72.98974310121321
      ], 
      "pose_transform_permuted": [
        [
          0.15286009439978598, 
          0.7461632957179487, 
          -0.6479769499476178, 
          0.0
        ], 
        [
          0.004131766676308712, 
          0.6551943685320011, 
          0.755449050530931, 
          0.0
        ], 
        [
          -0.9882392018353761, 
          0.1181553027471966, 
          -0.09707010038367786, 
          0.0
        ], 
        [
          6.8231364316716725, 
          1.4987075014317837, 
          72.98974310121321, 
          1.0
        ]
      ], 
      "projected_cuboid": [
        [
          459.32335253943194, 
          349.3357514331315
        ], 
        [
          454.39733051026985, 
          273.82964773814365
        ], 
        [
          628.4225227049659, 
          253.27973711581993
        ], 
        [
          605.5325379471614, 
          330.04676184561924
        ], 
        [
          453.2769965658091, 
          309.43507204779934
        ], 
        [
          447.58708364289475, 
          231.82623736428044
        ], 
        [
          610.272694352737, 
          213.87956025716488
        ], 
        [
          591.3974587831069, 
          292.2346767904246
        ]
      ], 
      "projected_cuboid_centroid": [
        531.8676565370566, 
        284.23725552062035
      ], 
      "quaternion_xyzw": [
        0.6652563452104616, 
        0.6175940981996414, 
        0.3413380238573159, 
        -0.24392596929268026
      ], 
      "visibility": 0.9780377315213028
    }, 
    {
      "bounding_box": {
        "bottom_right": [
          381, 
          468
        ], 
        "top_left": [
          322, 
          400
        ]
      }, 
      "class": "005_tomato_soup_can", 
      "cuboid": [
        [
          -12.359144968054492, 
          14.983771738648887, 
          83.32199345914402
        ], 
        [
          -6.739797432018128, 
          11.944614168230993, 
          81.09402392864811
        ], 
        [
          -1.3425524572098113, 
          16.5812256224495, 
          88.38209597188875
        ], 
        [
          -6.961899993246173, 
          19.6203831928674, 
          90.61006550238466
        ], 
        [
          -13.520499618950604, 
          9.778119415604879, 
          87.4938378867006
        ], 
        [
          -7.901152082914242, 
          6.738961845186983, 
          85.2658683562047
        ], 
        [
          -2.503907108105924, 
          11.375573299405495, 
          92.55394039944532
        ], 
        [
          -8.123254644142287, 
          14.414730869823389, 
          94.78190992994125
        ]
      ], 
      "cuboid_centroid": [
        -7.431526038080208, 
        13.179672519027191, 
        87.93796692929467
      ], 
      "location": [
        -7.431526038080208, 
        13.179672519027191, 
        87.93796692929467
      ], 
      "pose_transform_permuted": [
        [
          0.17150879511093578, 
          0.7687704673183309, 
          -0.6160977704858791, 
          0.0
        ], 
        [
          -0.8305395326386836, 
          0.4491874709587035, 
          0.3292938834490576, 
          0.0
        ], 
        [
          -0.5298949386869122, 
          -0.4552168659595462, 
          -0.7155340375551412, 
          0.0
        ], 
        [
          -7.431526038080208, 
          13.179672519027191, 
          87.93796692929467, 
          1.0
        ]
      ], 
      "projected_cuboid": [
        [
          401.83057314296127, 
          369.1932555986292
        ], 
        [
          436.90301681175316, 
          351.84099046422386
        ], 
        [
          473.4282607600564, 
          373.3417837887327
        ], 
        [
          440.2787090416661, 
          388.76967473960036
        ], 
        [
          398.4959230857985, 
          332.8891648279227
        ], 
        [
          431.765226994606, 
          315.43728823553556
        ], 
        [
          467.04867558979464, 
          338.83551389957034
        ], 
        [
          435.5081681932759, 
          354.39545702200786
        ]
      ], 
      "projected_cuboid_centroid": [
        436.15131410165577, 
        353.21762690268963
      ], 
      "quaternion_xyzw": [
        0.2873766386308203, 
        0.8517414761951112, 
        0.4356675547562092, 
        -0.04631249409239097
      ], 
      "visibility": 0.9166355140186916
    }, 
    {
      "bounding_box": {
        "bottom_right": [
          372, 
          588
        ], 
        "top_left": [
          307, 
          517
        ]
      }, 
      "class": "010_potted_meat_can", 
      "cuboid": [
        [
          16.878079410946206, 
          12.299187555928654, 
          81.10836736536295
        ], 
        [
          7.272104504791593, 
          10.7186101725121, 
          78.18466356456858
        ], 
        [
          6.572005896021135, 
          4.577230027553543, 
          83.80495116801977
        ], 
        [
          16.17798080217575, 
          6.157807410970096, 
          86.72865496881414
        ], 
        [
          15.057583329977545, 
          16.10008828777414, 
          85.0349012139875
        ], 
        [
          5.451608423822932, 
          14.519510904357585, 
          82.11119741319314
        ], 
        [
          4.751509815052474, 
          8.378130759399028, 
          87.73148501664431
        ], 
        [
          14.357484721207086, 
          9.958708142815581, 
          90.6551888174387
        ]
      ], 
      "cuboid_centroid": [
        10.81479461299934, 
        10.338659157663841, 
        84.41992619100364
      ], 
      "location": [
        10.81479461299934, 
        10.338659157663841, 
        84.41992619100364
      ], 
      "pose_transform_permuted": [
        [
          0.31605286651527814, 
          -0.6598671560998891, 
          -0.6816780828590101, 
          0.0
        ], 
        [
          0.9450328418172962, 
          0.15549671438401008, 
          0.2876330761312385, 
          0.0
        ], 
        [
          0.0838009943233746, 
          0.7351161053858025, 
          -0.6727419304256445, 
          0.0
        ], 
        [
          10.81479461299934, 
          10.338659157663841, 
          84.41992619100364, 
          1.0
        ]
      ], 
      "projected_cuboid": [
        [
          593.5019698308328, 
          354.15855888063504
        ], 
        [
          531.615524884342, 
          346.4011930653859
        ], 
        [
          523.7686621571249, 
          302.41520372672176
        ], 
        [
          581.9091973222248, 
          311.1526767200984
        ], 
        [
          576.8218108932432, 
          374.2626342909578
        ], 
        [
          517.300833542997, 
          367.592062042843
        ], 
        [
          510.7222002818126, 
          324.2171839577154
        ], 
        [
          566.7652626865386, 
          331.8730805161945
        ]
      ], 
      "projected_cuboid_centroid": [
        550.4884750343575, 
        338.60061300252204
      ], 
      "quaternion_xyzw": [
        0.9167642867801554, 
        0.019551296089544458, 
        0.16462408913385262, 
        0.3634001416018018
      ], 
      "visibility": 0.6141232478180375
    }, 
    {
      "bounding_box": {
        "bottom_right": [
          278, 
          522
        ], 
        "top_left": [
          227, 
          366
        ]
      }, 
      "class": "037_scissors", 
      "cuboid": [
        [
          -14.76788298501665, 
          0.033403260479435495, 
          74.28358628009707
        ], 
        [
          5.4100719851570815, 
          -1.3650925409587382, 
          75.4470173685815
        ], 
        [
          5.37446726199501, 
          -7.260845601555739, 
          68.97756737130017
        ], 
        [
          -14.803487708178725, 
          -5.862349800117565, 
          67.81413628281572
        ], 
        [
          -14.627457077487044, 
          1.1854442073640674, 
          73.23293321717826
        ], 
        [
          5.550497892686688, 
          -0.21305159407410645, 
          74.39636430566269
        ], 
        [
          5.514893169524616, 
          -6.108804654671108, 
          67.92691430838134
        ], 
        [
          -14.66306180064912, 
          -4.710308853232934, 
          66.76348321989691
        ]
      ], 
      "cuboid_centroid": [
        -4.626494907746018, 
        -3.037700697095836, 
        71.10525029423921
      ], 
      "location": [
        -4.626494907746018, 
        -3.037700697095836, 
        71.10525029423921
      ], 
      "pose_transform_permuted": [
        [
          -0.08970035493300417, 
          -0.7358932810252166, 
          0.671129382841241, 
          0.0
        ], 
        [
          -0.9959602272838698, 
          0.0690281150054479, 
          -0.05742559605415265, 
          0.0
        ], 
        [
          0.004067716452291771, 
          0.6735693917369467, 
          0.7391122821382431, 
          0.0
        ], 
        [
          -4.626494907746018, 
          -3.037700697095836, 
          71.10525029423921, 
          1.0
        ]
      ], 
      "projected_cuboid": [
        [
          374.68736688812805, 
          273.5263569488217
        ], 
        [
          520.1584615822087, 
          263.63697713295926
        ], 
        [
          523.4975770398794, 
          217.14725535282037
        ], 
        [
          364.2058662646183, 
          227.1824935567862
        ], 
        [
          374.1847377534668, 
          281.91954751376073
        ], 
        [
          521.7180894812027, 
          271.75925115221986
        ], 
        [
          525.257393431585, 
          225.32403025861421
        ], 
        [
          363.4895850839581, 
          235.6596822055089
        ]
      ], 
      "projected_cuboid_centroid": [
        446.6072128074155, 
        250.50249231856387
      ], 
      "quaternion_xyzw": [
        -0.04024789893248884, 
        -0.403503762815059, 
        0.9138734871225417, 
        0.019996157150781367
      ], 
      "visibility": 0.8163120567375887
    }, 
    {
      "bounding_box": {
        "bottom_right": [
          365, 
          513
        ], 
        "top_left": [
          318, 
          462
        ]
      }, 
      "class": "061_foam_brick", 
      "cuboid": [
        [
          4.720959501081838, 
          10.813339888388498, 
          83.20245443292168
        ], 
        [
          -2.997178029248465, 
          11.837573360811675, 
          83.36023281052192
        ], 
        [
          -3.4261796364593087, 
          8.07429362945194, 
          86.80420067246234
        ], 
        [
          4.291957893870994, 
          7.0500601570287635, 
          86.64642229486212
        ], 
        [
          5.264303777547139, 
          14.3088986181307, 
          87.08979061664141
        ], 
        [
          -2.4538337527831646, 
          15.333132090553875, 
          87.24756899424165
        ], 
        [
          -2.8828353599940084, 
          11.569852359194142, 
          90.69153685618207
        ], 
        [
          4.835302170336295, 
          10.545618886770965, 
          90.53375847858184
        ]
      ], 
      "cuboid_centroid": [
        0.9190620705439146, 
        11.191596123791319, 
        86.94699564455189
      ], 
      "location": [
        0.9190620705439146, 
        11.191596123791319, 
        86.94699564455189
      ], 
      "pose_transform_permuted": [
        [
          -0.10337600306839242, 
          -0.6650606358133841, 
          -0.739599724635631, 
          0.0
        ], 
        [
          0.9911058581098817, 
          -0.13152445011528505, 
          -0.020260726594745315, 
          0.0
        ], 
        [
          0.08380083537697519, 
          0.7351160926774555, 
          -0.672741964111614, 
          0.0
        ], 
        [
          0.9190620705439146, 
          11.191596123791319, 
          86.94699564455189, 
          1.0
        ]
      ], 
      "projected_cuboid": [
        [
          512.1101371044873, 
          342.5989874911145
        ], 
        [
          462.2620163530853, 
          349.0206077853894
        ], 
        [
          460.37141282948704, 
          322.8944933511208
        ], 
        [
          508.2347589341372, 
          316.68054138855615
        ], 
        [
          514.1032116849686, 
          360.9112273121436
        ], 
        [
          466.47248153417337, 
          367.01361495915614
        ], 
        [
          464.50302505991357, 
          341.32407545686834
        ], 
        [
          510.31841644327847, 
          335.409056293817
        ]
      ], 
      "projected_cuboid_centroid": [
        487.2814347174751, 
        341.9340781927248
      ], 
      "quaternion_xyzw": [
        0.9308358710619944, 
        -0.057831163416219314, 
        -0.033205835074361735, 
        0.35930141970106216
      ], 
      "visibility": 0.5491442542787286
    }
  ]
}