{
  "camera_data": {
    "location_worldframe": [
      -16.301246194558328, 
      2.257837138297393, 
      84.02167411334173
    ], 
    "quaternion_xyzw_worldframe": [
      0.9063853024306145, 
      0.01897722726795116, 
      -0.034200502968364035, 
      -0.42063836597830684
    ]
  }, 
  "objects": [
    {
      "bounding_box": {
        "bottom_right": [
          341, 
          573
        ], 
        "top_left": [
          228, 
          398
        ]
      }, 
      "class": "003_cracker_box", 
      "cuboid": [
        [
          -9.029839770679999, 
          10.72312304128687, 
          75.8080948857812
        ], 
        [
          -10.278466078667204, 
          0.41838379705895423, 
          63.106465181738194
        ], 
        [
          11.002809715006718, 
          -0.4914505189196262, 
          61.75256368700095
        ], 
        [
          12.251436022993921, 
          9.81328872530829, 
          74.45419339104396
        ], 
        [
          -8.980719411370297, 
          5.1451002526062055, 
          80.32867521292981
        ], 
        [
          -10.229345719357502, 
          -5.159638991621711, 
          67.62704550888681
        ], 
        [
          11.051930074316418, 
          -6.069473307600291, 
          66.27314401414957
        ], 
        [
          12.300556382303624, 
          4.235265936627625, 
          78.97477371819257
        ]
      ], 
      "cuboid_centroid": [
        1.0110451518182102, 
        2.32682486684329, 
        71.04061944996538
      ], 
      "location": [
        1.0110451518182102, 
        2.32682486684329, 
        71.04061944996538
      ], 
      "pose_transform_permuted": [
        [
          -0.006841275833437854, 
          0.7768834153261199, 
          -0.629607302956529, 
          0.0
        ], 
        [
          0.07611903821452709, 
          0.6281998347340275, 
          0.7743196107948166, 
          0.0
        ], 
        [
          -0.9970752674528971, 
          0.042627768313205805, 
          0.06343330672737663, 
          0.0
        ], 
        [
          1.0110451518182102, 
          2.32682486684329, 
          71.04061944996538, 
          1.0
        ]
      ], 
      "projected_cuboid": [
        [
          417.5416021714425, 
          348.7250715481806
        ], 
        [
          394.00874991177074, 
          276.82234483752285
        ], 
        [
          577.4135794979771, 
          269.0421767719487
        ], 
        [
          570.0861274169711, 
          343.5796781546396
        ], 
        [
          421.47522916867734, 
          307.4459799841838
        ], 
        [
          400.2542570348189, 
          232.59665576613617
        ], 
        [
          571.2763865800109, 
          224.4436918688882
        ], 
        [
          565.3554176373822, 
          301.8874463170659
        ]
      ], 
      "projected_cuboid_centroid": [
        489.250489185506, 
        290.75459045205207
      ], 
      "quaternion_xyzw": [
        0.6611267105261028, 
        0.6145853269540357, 
        0.29021605190881056, 
        -0.3177593298963825
      ], 
      "visibility": 0.9854237100260489
    }, 
    {
      "bounding_box": {
        "bottom_right": [
          376, 
          446
        ], 
        "top_left": [
          317, 
          375
        ]
      }, 
      "class": "005_tomato_soup_can", 
      "cuboid": [
        [
          -17.221170064767886, 
          13.901821413240148, 
          84.83080546781116
        ], 
        [
          -11.819912150999674, 
          11.39250981561091, 
          81.62032856361698
        ], 
        [
          -5.68755835229404, 
          16.199339021094374, 
          88.18028611529073
        ], 
        [
          -11.088816266062251, 
          18.70865061872361, 
          91.39076301948491
        ], 
        [
          -17.32225490699401, 
          8.485827335906135, 
          88.89388763166922
        ], 
        [
          -11.920996993225803, 
          5.976515738276898, 
          85.68341072747504
        ], 
        [
          -5.788643194520168, 
          10.783344943760362, 
          92.24336827914878
        ], 
        [
          -11.18990110828838, 
          13.292656541389597, 
          95.45384518334296
        ]
      ], 
      "cuboid_centroid": [
        -11.504906629644026, 
        12.342583178500256, 
        88.53708687347998
      ], 
      "location": [
        -11.504906629644026, 
        12.342583178500256, 
        88.53708687347998
      ], 
      "pose_transform_permuted": [
        [
          0.014928204300731862, 
          0.7998337267731088, 
          -0.6000357649769854, 
          0.0
        ], 
        [
          -0.7983058877554735, 
          0.3708762393097745, 
          0.47450846747903797, 
          0.0
        ], 
        [
          -0.6020670277778117, 
          -0.47192863748204783, 
          -0.644048643494519, 
          0.0
        ], 
        [
          -11.504906629644026, 
          12.342583178500256, 
          88.53708687347998, 
          1.0
        ]
      ], 
      "projected_cuboid": [
        [
          372.4276989141537, 
          360.6853733519447
        ], 
        [
          403.72034941493627, 
          347.7269218056577
        ], 
        [
          446.9117174738042, 
          371.2610979991082
        ], 
        [
          416.3479543041926, 
          382.46266716579254
        ], 
        [
          376.80600140887464, 
          324.19732631819676
        ], 
        [
          406.77881449760105, 
          310.4861878937323
        ], 
        [
          447.85020925154384, 
          335.63214762128763
        ], 
        [
          418.5558561783499, 
          347.5552490247091
        ]
      ], 
      "projected_cuboid_centroid": [
        411.717597889098, 
        347.6343796426301
      ], 
      "quaternion_xyzw": [
        0.2871416049630326, 
        0.8470936031830406, 
        0.42612834190994137, 
        -0.1356344391727745
      ], 
      "visibility": 0.7132433418460415
    }, 
    {
      "bounding_box": {
        "bottom_right": [
          381, 
          555
        ], 
        "top_left": [
          311, 
          486
        ]
      }, 
      "class": "010_potted_meat_can", 
      "cuboid": [
        [
          11.411063162835486, 
          13.616401814711256, 
          77.97240634056773
        ], 
        [
          1.6042376359527772, 
          11.3770212415642, 
          76.51214252491224
        ], 
        [
          2.2555613279460838, 
          5.017542580484342, 
          81.89053722035054
        ], 
        [
          12.062386854828791, 
          7.256923153631398, 
          83.35080103600603
        ], 
        [
          9.96418371202153, 
          17.129609475687474, 
          82.301682516123
        ], 
        [
          0.15735818513882074, 
          14.890228902540418, 
          80.8414187004675
        ], 
        [
          0.8086818771321274, 
          8.530750241460558, 
          86.2198133959058
        ], 
        [
          10.615507404014835, 
          10.770130814607615, 
          87.6800772115613
        ]
      ], 
      "cuboid_centroid": [
        6.109872519983806, 
        11.073576028085908, 
        82.09610986823677
      ], 
      "location": [
        6.109872519983806, 
        11.073576028085908, 
        82.09610986823677
      ], 
      "pose_transform_permuted": [
        [
          0.25118999305314854, 
          -0.6099213085502284, 
          -0.7515974132130526, 
          0.0
        ], 
        [
          0.9647924637965111, 
          0.2203095685369413, 
          0.14366030277964922, 
          0.0
        ], 
        [
          -0.07796269315728101, 
          0.7612222456958313, 
          -0.6437876289068154, 
          0.0
        ], 
        [
          6.109872519983806, 
          11.073576028085908, 
          82.09610986823677, 
          1.0
        ]
      ], 
      "projected_cuboid": [
        [
          560.2974640625923, 
          366.4206873674905
        ], 
        [
          492.8724202926126, 
          352.5888294354314
        ], 
        [
          496.4090335127623, 
          305.9637410918135
        ], 
        [
          559.4213676087387, 
          319.7199157449897
        ], 
        [
          546.7036295565725, 
          384.28738153853357
        ], 
        [
          482.64382918975474, 
          371.51898861481175
        ], 
        [
          486.64092154120294, 
          326.05417901101947
        ], 
        [
          546.7046522083218, 
          338.7965359127311
        ]
      ], 
      "projected_cuboid_centroid": [
        521.6193015907377, 
        345.223624415755
      ], 
      "quaternion_xyzw": [
        0.9324178412473394, 
        0.07997279988100865, 
        0.10586731569416019, 
        0.33614461296126047
      ], 
      "visibility": 0.5824094604582409
    }, 
    {
      "bounding_box": {
        "bottom_right": [
          273, 
          479
        ], 
        "top_left": [
          225, 
          323
        ]
      }, 
      "class": "037_scissors", 
      "cuboid": [
        [
          -19.93547849077346, 
          -0.8862542185858728, 
          75.61376361035373
        ], 
        [
          0.2189004640826664, 
          -0.7193785009208485, 
          73.5564861323364
        ], 
        [
          -0.412383078386408, 
          -6.382925282724814, 
          66.91264130765096
        ], 
        [
          -20.566762033242533, 
          -6.549801000389839, 
          68.9699187856683
        ], 
        [
          -20.04812407677148, 
          0.30729988018443377, 
          74.60702172551493
        ], 
        [
          0.10625487808464673, 
          0.47417559784945806, 
          72.54974424749757
        ], 
        [
          -0.5250286643844276, 
          -5.189371183954508, 
          65.90589942281214
        ], 
        [
          -20.679407619240553, 
          -5.356246901619532, 
          67.96317690082948
        ]
      ], 
      "cuboid_centroid": [
        -10.230253577578944, 
        -3.0378127012701905, 
        70.75983151658293
      ], 
      "location": [
        -10.230253577578944, 
        -3.0378127012701905, 
        70.75983151658293
      ], 
      "pose_transform_permuted": [
        [
          0.07195502043330809, 
          -0.7624107842697486, 
          0.6430800839006441, 
          0.0
        ], 
        [
          -0.9947965427772446, 
          -0.00823678999876296, 
          0.1015448070739003, 
          0.0
        ], 
        [
          0.07212196090034047, 
          0.6470406276661723, 
          0.7590362878775125, 
          0.0
        ], 
        [
          -10.230253577578944, 
          -3.0378127012701905, 
          70.75983151658293, 
          1.0
        ]
      ], 
      "projected_cuboid": [
        [
          339.81622790986034, 
          267.0356028623274
        ], 
        [
          483.19742822539854, 
          268.07070097743343
        ], 
        [
          478.2828256906767, 
          222.4121593189071
        ], 
        [
          321.2363672284039, 
          222.63928188944004
        ], 
        [
          337.0911029883558, 
          275.48323529246676
        ], 
        [
          482.3846673400374, 
          276.77224471711025
        ], 
        [
          477.3130592335599, 
          231.29343416243154
        ], 
        [
          317.96961914054015, 
          231.25508072478368
        ]
      ], 
      "projected_cuboid_centroid": [
        403.84868913789063, 
        250.39042631935845
      ], 
      "quaternion_xyzw": [
        0.047863762461249654, 
        -0.4197248049459573, 
        0.9062170344823669, 
        0.017624136512195687
      ], 
      "visibility": 0.7764361507500914
    }, 
    {
      "bounding_box": {
        "bottom_right": [
          363, 
          487
        ], 
        "top_left": [
          319, 
          433
        ]
      }, 
      "class": "061_foam_brick", 
      "cuboid": [
        [
          -0.1181483357137747, 
          11.103862952231783, 
          81.86512038931949
        ], 
        [
          -7.767329826591345, 
          11.507658061958555, 
          83.26888931209136
        ], 
        [
          -7.3682150627200365, 
          7.610733326101163, 
          86.56463146794242
        ], 
        [
          0.2809664281575336, 
          7.206938216374392, 
          85.16086254517054
        ], 
        [
          0.7785306601277977, 
          14.501419155934528, 
          85.7738433345023
        ], 
        [
          -6.8706508307497725, 
          14.905214265661298, 
          87.17761225727418
        ], 
        [
          -6.471536066878464, 
          11.008289529803909, 
          90.47335441312524
        ], 
        [
          1.177645423999106, 
          10.604494420077136, 
          89.06958549035336
        ]
      ], 
      "cuboid_centroid": [
        -3.2948422012961194, 
        11.056076241017845, 
        86.16923740122236
      ], 
      "location": [
        -3.2948422012961194, 
        11.056076241017845, 
        86.16923740122236
      ], 
      "pose_transform_permuted": [
        [
          -0.17060102524407686, 
          -0.6464147976746765, 
          -0.7436687431463538, 
          0.0
        ], 
        [
          0.9822510360255264, 
          -0.05185236686358949, 
          -0.18026157182667685, 
          0.0
        ], 
        [
          -0.0779627629862511, 
          0.7612222023810467, 
          -0.6437876716664424, 
          0.0
        ], 
        [
          -3.2948422012961194, 
          11.056076241017845, 
          86.16923740122236, 
          1.0
        ]
      ], 
      "projected_cuboid": [
        [
          480.82096417777296, 
          345.62390868475103
        ], 
        [
          431.43439094739136, 
          346.9906482629762
        ], 
        [
          435.82362943464847, 
          320.17581661951476
        ], 
        [
          483.3712835880623, 
          318.4199616061465
        ], 
        [
          486.47811162295704, 
          363.4526133136587
        ], 
        [
          439.21475672124683, 
          364.47098836279787
        ], 
        [
          443.13094546989885, 
          338.1778689323587
        ], 
        [
          488.70718791578963, 
          336.78278659111135
        ]
      ], 
      "projected_cuboid_centroid": [
        461.0346545663893, 
        341.71492553827346
      ], 
      "quaternion_xyzw": [
        0.9336945407295856, 
        0.006991150473649295, 
        -0.09394469544520175, 
        0.34545625283750697
      ], 
      "visibility": 0.4924346629986245
    }
  ]
}