{
  "camera_data": {
    "location_worldframe": [
      -9.108379726170156, 
      7.3521399465432, 
      84.82708076413564
    ], 
    "quaternion_xyzw_worldframe": [
      0.937175267230705, 
      -0.04127406515037568, 
      0.18799071279781102, 
      -0.2909621081857335
    ]
  }, 
  "objects": [
    {
      "bounding_box": {
        "bottom_right": [
          341, 
          625
        ], 
        "top_left": [
          197, 
          477
        ]
      }, 
      "class": "003_cracker_box", 
      "cuboid": [
        [
          2.678372626736207, 
          11.039420729820776, 
          78.54436939599393
        ], 
        [
          2.1499786831158536, 
          -2.009918021814559, 
          68.61896392958754
        ], 
        [
          21.297471121966417, 
          -8.197737992851707, 
          75.73499965578999
        ], 
        [
          21.82586506558677, 
          4.851600758783631, 
          85.66040512219637
        ], 
        [
          -0.4854666543025757, 
          7.219124479055602, 
          83.73550174790793
        ], 
        [
          -1.013860597922929, 
          -5.830214272579733, 
          73.81009628150154
        ], 
        [
          18.133631840927634, 
          -12.01803424361688, 
          80.92613200770398
        ], 
        [
          18.662025784547986, 
          1.031304508018457, 
          90.85153747411037
        ]
      ], 
      "cuboid_centroid": [
        10.40600223383192, 
        -0.4893067568980509, 
        79.73525070184895
      ], 
      "location": [
        10.40600223383192, 
        -0.4893067568980509, 
        79.73525070184895
      ], 
      "pose_transform_permuted": [
        [
          0.4406461499555304, 
          0.5320746994570821, 
          -0.722998952092618, 
          0.0
        ], 
        [
          0.03221207060068973, 
          0.7955167280683447, 
          0.6050748035334563, 
          0.0
        ], 
        [
          -0.8971027550046785, 
          0.28991317590114846, 
          -0.3334021556647842, 
          0.0
        ], 
        [
          10.40600223383192, 
          -0.4893067568980509, 
          79.73525070184895, 
          1.0
        ]
      ], 
      "projected_cuboid": [
        [
          499.93488805408515, 
          348.2446706566872
        ], 
        [
          498.4463642424261, 
          257.66507446440727
        ], 
        [
          632.8219148574087, 
          215.55874727483445
        ], 
        [
          618.6167910458669, 
          303.49248541649865
        ], 
        [
          478.4793174622926, 
          319.2658463711021
        ], 
        [
          474.21030529117337, 
          231.1599509384922
        ], 
        [
          602.0972644744755, 
          194.08526078790607
        ], 
        [
          592.0604277516705, 
          279.3405344863999
        ]
      ], 
      "projected_cuboid_centroid": [
        551.7789964480752, 
        270.01374616934856
      ], 
      "quaternion_xyzw": [
        0.7150391944842003, 
        0.5917925535165974, 
        0.36561665484761524, 
        -0.06946211666607033
      ], 
      "visibility": 0.9765866873065016
    }, 
    {
      "bounding_box": {
        "bottom_right": [
          402, 
          494
        ], 
        "top_left": [
          344, 
          430
        ]
      }, 
      "class": "005_tomato_soup_can", 
      "cuboid": [
        [
          -6.4046155863672825, 
          18.58398312466044, 
          82.92485260411361
        ], 
        [
          -1.3968632948042992, 
          14.046657307712868, 
          82.58946459805007
        ], 
        [
          3.6142793856028317, 
          19.035455877544802, 
          89.92054576450802
        ], 
        [
          -1.393472905960152, 
          23.572781694492374, 
          90.25593377057156
        ], 
        [
          -9.508635930024735, 
          14.811549389787745, 
          87.61373819489758
        ], 
        [
          -4.500883638461748, 
          10.274223572840175, 
          87.27835018883404
        ], 
        [
          0.5102590419453816, 
          15.263022142672108, 
          94.60943135529199
        ], 
        [
          -4.497493249617602, 
          19.80034795961968, 
          94.94481936135554
        ]
      ], 
      "cuboid_centroid": [
        -2.9471782722109507, 
        16.923502633666274, 
        88.7671419797028
      ], 
      "location": [
        -2.9471782722109507, 
        16.923502633666274, 
        88.7671419797028
      ], 
      "pose_transform_permuted": [
        [
          0.4584015646983825, 
          0.55711281993371, 
          -0.6924543828776774, 
          0.0
        ], 
        [
          -0.7401457591175588, 
          0.6706167289477082, 
          0.04957034531541235, 
          0.0
        ], 
        [
          -0.4919878856304851, 
          -0.48979416806559406, 
          -0.7197566208947144, 
          0.0
        ], 
        [
          -2.9471782722109507, 
          16.923502633666274, 
          88.7671419797028, 
          1.0
        ]
      ], 
      "projected_cuboid": [
        [
          440.0634190357968, 
          392.80682439086615
        ], 
        [
          472.5016860432303, 
          363.9925070388278
        ], 
        [
          503.21203360470224, 
          386.18600169990333
        ], 
        [
          473.2944616540047, 
          412.57739213677934
        ], 
        [
          423.23405016613543, 
          363.44693416391965
        ], 
        [
          453.86495382528875, 
          336.0677961218451
        ], 
        [
          484.4974031318393, 
          359.32519702899896
        ], 
        [
          456.1234302486337, 
          384.50812322957256
        ]
      ], 
      "projected_cuboid_centroid": [
        463.7426424197033, 
        374.9641989840441
      ], 
      "quaternion_xyzw": [
        0.3400420611228168, 
        0.8547505937495496, 
        0.3734625779044969, 
        0.11957617297156327
      ], 
      "visibility": 0.9727810650887574
    }, 
    {
      "bounding_box": {
        "bottom_right": [
          360, 
          607
        ], 
        "top_left": [
          304, 
          531
        ]
      }, 
      "class": "010_potted_meat_can", 
      "cuboid": [
        [
          21.21956604266343, 
          9.61959148579977, 
          87.76900945222292
        ], 
        [
          12.178603054911513, 
          9.386638538560167, 
          83.12920947206304
        ], 
        [
          9.034224142384268, 
          4.96014172772299, 
          89.47848723654168
        ], 
        [
          18.07518713013619, 
          5.193094674962594, 
          94.11828721670157
        ], 
        [
          19.726130839520945, 
          14.502908734908166, 
          90.4338892538529
        ], 
        [
          10.685167851769025, 
          14.26995578766856, 
          85.794089273693
        ], 
        [
          7.5407889392417795, 
          9.843458976831384, 
          92.14336703817165
        ], 
        [
          16.5817519269937, 
          10.076411924070989, 
          96.78316701833154
        ]
      ], 
      "cuboid_centroid": [
        14.380177490952606, 
        9.731525231315578, 
        89.95618824519728
      ], 
      "location": [
        14.380177490952606, 
        9.731525231315578, 
        89.95618824519728
      ], 
      "pose_transform_permuted": [
        [
          0.259272448780479, 
          -0.8477834315704738, 
          -0.46264472032022713, 
          0.0
        ], 
        [
          0.8894471439443369, 
          0.022917838937774788, 
          0.45646208776841485, 
          0.0
        ], 
        [
          0.3763785216799783, 
          0.5298465522862138, 
          -0.7600012101624617, 
          0.0
        ], 
        [
          14.380177490952606, 
          9.731525231315578, 
          89.95618824519728, 
          1.0
        ]
      ], 
      "projected_cuboid": [
        [
          611.6101473410148, 
          331.73902085098524
        ], 
        [
          560.3806224749815, 
          333.50698497660954
        ], 
        [
          535.8925855299449, 
          302.8505236990963
        ], 
        [
          584.8733349874577, 
          302.71311563517605
        ], 
        [
          598.8982652042075, 
          358.81515236579173
        ], 
        [
          548.5725314528405, 
          361.99249589739225
        ], 
        [
          525.6063677506834, 
          330.2598135109828
        ], 
        [
          573.7315777647079, 
          328.812183326234
        ]
      ], 
      "projected_cuboid_centroid": [
        567.5627172305852, 
        330.9814345886378
      ], 
      "quaternion_xyzw": [
        0.848813645117522, 
        -0.10410432395124415, 
        0.21080437993247544, 
        0.4735387593558097
      ], 
      "visibility": 0.7208706786171575
    }, 
    {
      "bounding_box": {
        "bottom_right": [
          291, 
          535
        ], 
        "top_left": [
          233, 
          400
        ]
      }, 
      "class": "037_scissors", 
      "cuboid": [
        [
          -10.775399721468512, 
          2.768976804956434, 
          76.4603971039374
        ], 
        [
          7.931551205786658, 
          -2.37136256942168, 
          82.29872968303359
        ], 
        [
          7.586005672174171, 
          -9.455216854444709, 
          77.168957576211
        ], 
        [
          -11.120945255080999, 
          -4.314877480066595, 
          71.3306249971148
        ], 
        [
          -10.177509261940182, 
          3.598320904877819, 
          75.27485714267264
        ], 
        [
          8.529441665314987, 
          -1.5420184695002943, 
          81.11318972176885
        ], 
        [
          8.1838961317025, 
          -8.625872754523323, 
          75.98341761494625
        ], 
        [
          -10.52305479555267, 
          -3.4855333801452093, 
          70.14508503585006
        ]
      ], 
      "cuboid_centroid": [
        -1.2957517948830064, 
        -2.9284479747834444, 
        76.22190735944181
      ], 
      "location": [
        -1.2957517948830064, 
        -2.9284479747834444, 
        76.22190735944181
      ], 
      "pose_transform_permuted": [
        [
          -0.38191660908042296, 
          -0.5297630717384313, 
          0.75729156523548, 
          0.0
        ], 
        [
          -0.9233531903920609, 
          0.25372113175935845, 
          -0.2881732589368247, 
          0.0
        ], 
        [
          0.03947738185445888, 
          0.809305846577124, 
          0.5860587175596146, 
          0.0
        ], 
        [
          -1.2957517948830064, 
          -2.9284479747834444, 
          76.22190735944181, 
          1.0
        ]
      ], 
      "projected_cuboid": [
        [
          405.811139823095, 
          292.6004522607778
        ], 
        [
          533.4241490740505, 
          257.91942232919513
        ], 
        [
          534.461342748622, 
          207.94093179483903
        ], 
        [
          397.7558830427826, 
          241.0253786379309
        ], 
        [
          408.88888366577794, 
          298.7805087168186
        ], 
        [
          538.1455396572294, 
          263.14775968635126
        ], 
        [
          539.5176655191992, 
          212.74244814801344
        ], 
        [
          400.9225610666936, 
          246.78570462328767
        ]
      ], 
      "projected_cuboid_centroid": [
        472.4552263578316, 
        252.79638354479974
      ], 
      "quaternion_xyzw": [
        -0.17934671060982885, 
        -0.29864496851671113, 
        0.9340704740816755, 
        0.078473338401493
      ], 
      "visibility": 0.8242873877391644
    }, 
    {
      "bounding_box": {
        "bottom_right": [
          378, 
          537
        ], 
        "top_left": [
          324, 
          482
        ]
      }, 
      "class": "061_foam_brick", 
      "cuboid": [
        [
          8.894153534470343, 
          11.136246626237089, 
          87.35375130695087
        ], 
        [
          1.7530644905314186, 
          13.705974391619133, 
          85.60877519309618
        ], 
        [
          -0.17372573028878804, 
          10.993529280728005, 
          89.49945023926558
        ], 
        [
          6.967363313650135, 
          8.42380151534596, 
          91.24442635312028
        ], 
        [
          9.58827608973604, 
          15.242565242216322, 
          90.56028802799975
        ], 
        [
          2.447187045797116, 
          17.812293007598363, 
          88.81531191414506
        ], 
        [
          0.5203968249769091, 
          15.099847896707235, 
          92.70598696031446
        ], 
        [
          7.6614858689158325, 
          12.530120131325193, 
          94.45096307416915
        ]
      ], 
      "cuboid_centroid": [
        4.707275179723625, 
        13.118047261472162, 
        90.02986913363267
      ], 
      "location": [
        4.707275179723625, 
        13.118047261472162, 
        90.02986913363267
      ], 
      "pose_transform_permuted": [
        [
          -0.1320628899779524, 
          -0.7812630485532971, 
          -0.6100716696060223, 
          0.0
        ], 
        [
          0.9170055802865787, 
          -0.32998534063551016, 
          0.22407686335037177, 
          0.0
        ], 
        [
          0.37637768107838965, 
          0.5298468872522276, 
          -0.7600013929297622, 
          0.0
        ], 
        [
          4.707275179723625, 
          13.118047261472162, 
          90.02986913363267, 
          1.0
        ]
      ], 
      "projected_cuboid": [
        [
          536.350936786294, 
          341.2765020062916
        ], 
        [
          492.60919960548927, 
          358.6710623249419
        ], 
        [
          480.5532253045943, 
          338.79604041863985
        ], 
        [
          522.6603695124109, 
          322.5232803496132
        ], 
        [
          538.5340553604809, 
          363.0516957393743
        ], 
        [
          496.4144368568887, 
          380.24607544630015
        ], 
        [
          484.6157596677248, 
          360.15303765709206
        ], 
        [
          525.2183439968385, 
          344.0381558370958
        ]
      ], 
      "projected_cuboid_centroid": [
        509.71443991310286, 
        350.99532024261225
      ], 
      "quaternion_xyzw": [
        0.8742030852646353, 
        -0.20200198146751921, 
        0.026313672109886593, 
        0.4407626978965917
      ], 
      "visibility": 0.8096385542168675
    }
  ]
}