{
  "camera_data": {
    "location_worldframe": [
      -8.830571686027863, 
      7.900721514813511, 
      83.36382501375302
    ], 
    "quaternion_xyzw_worldframe": [
      0.9360387590091097, 
      -0.03792885405965962, 
      0.18000251653847035, 
      -0.2999937006653194
    ]
  }, 
  "objects": [
    {
      "bounding_box": {
        "bottom_right": [
          348, 
          632
        ], 
        "top_left": [
          202, 
          479
        ]
      }, 
      "class": "003_cracker_box", 
      "cuboid": [
        [
          2.827006080203884, 
          11.862065460974051, 
          77.00713628967532
        ], 
        [
          2.364082227855918, 
          -1.023845152860385, 
          66.86725833940628
        ], 
        [
          21.680881853402685, 
          -7.05623995736528, 
          73.65143200282716
        ], 
        [
          22.14380570575065, 
          5.829670656469155, 
          83.7913099530962
        ], 
        [
          -0.22018208601738698, 
          7.9096410178506815, 
          82.16905287520676
        ], 
        [
          -0.6831059383653526, 
          -4.976269595983754, 
          72.02917492493772
        ], 
        [
          18.633693687181417, 
          -11.00866440048865, 
          78.81334858835861
        ], 
        [
          19.096617539529383, 
          1.877246213345786, 
          88.95322653862765
        ]
      ], 
      "cuboid_centroid": [
        10.73034988369265, 
        0.42670053024270044, 
        77.91024243901697
      ], 
      "location": [
        10.73034988369265, 
        0.42670053024270044, 
        77.91024243901697
      ], 
      "pose_transform_permuted": [
        [
          0.42439947619418783, 
          0.5504769551001394, 
          -0.7189299037526383, 
          0.0
        ], 
        [
          0.02822086815077096, 
          0.7855537851229497, 
          0.6181495234001417, 
          0.0
        ], 
        [
          -0.9050351745688757, 
          0.28263115996415655, 
          -0.31785367735862224, 
          0.0
        ], 
        [
          10.73034988369265, 
          0.42670053024270044, 
          77.91024243901697, 
          1.0
        ]
      ], 
      "projected_cuboid": [
        [
          501.3389037169406, 
          355.4382983507364
        ], 
        [
          500.60963802576873, 
          265.1205583418378
        ], 
        [
          639.8994648543726, 
          222.19138815905063
        ], 
        [
          623.7137388877554, 
          310.39154954258106
        ], 
        [
          480.1560642658643, 
          324.62419252493
        ], 
        [
          476.49705520018546, 
          236.44116207031323
        ], 
        [
          608.7396174741395, 
          198.79235121613846
        ], 
        [
          597.0450879738702, 
          284.5415784894536
        ]
      ], 
      "projected_cuboid_centroid": [
        555.6617348813423, 
        276.20743441050325
      ], 
      "quaternion_xyzw": [
        0.7123520779550597, 
        0.593312286160861, 
        0.3658826273754833, 
        -0.08163915181145603
      ], 
      "visibility": 0.9831631073970907
    }, 
    {
      "bounding_box": {
        "bottom_right": [
          408, 
          496
        ], 
        "top_left": [
          349, 
          430
        ]
      }, 
      "class": "005_tomato_soup_can", 
      "cuboid": [
        [
          -6.308613126201889, 
          19.200695357324395, 
          81.62211942819194
        ], 
        [
          -1.24167764455203, 
          14.741860192212489, 
          81.15058205685884
        ], 
        [
          3.7859637479571697, 
          19.67726604263842, 
          88.50646435083685
        ], 
        [
          -1.280971733692691, 
          24.136101207750325, 
          88.97800172216996
        ], 
        [
          -9.302693673773918, 
          15.30547905125511, 
          86.28201409061612
        ], 
        [
          -4.235758192124057, 
          10.846643886143204, 
          85.81047671928299
        ], 
        [
          0.7918832003851427, 
          15.782049736569133, 
          93.16635901326102
        ], 
        [
          -4.275052281264718, 
          20.240884901681042, 
          93.63789638459411
        ]
      ], 
      "cuboid_centroid": [
        -2.7583649629083737, 
        17.491372546946764, 
        87.39423922072648
      ], 
      "location": [
        -2.7583649629083737, 
        17.491372546946764, 
        87.39423922072648
      ], 
      "pose_transform_permuted": [
        [
          0.4421656612671579, 
          0.5752453437327936, 
          -0.6881730040686267, 
          0.0
        ], 
        [
          -0.7488930342628672, 
          0.6590158110699574, 
          0.06969322069816603, 
          0.0
        ], 
        [
          -0.4936077090920002, 
          -0.484552135897696, 
          -0.7221915653910179, 
          0.0
        ], 
        [
          -2.7583649629083737, 
          17.491372546946764, 
          87.39423922072648, 
          1.0
        ]
      ], 
      "projected_cuboid": [
        [
          440.0330278234138, 
          398.7440354870379
        ], 
        [
          473.3687909870117, 
          370.16967219443944
        ], 
        [
          504.60053096421524, 
          391.8572141549709
        ], 
        [
          473.8551498386409, 
          417.95437931694926
        ], 
        [
          423.6168054412486, 
          367.89155843537753
        ], 
        [
          455.05207797225523, 
          340.6993740047996
        ], 
        [
          486.1678851859241, 
          363.6289778517677
        ], 
        [
          457.0453717731626, 
          388.56956670778004
        ]
      ], 
      "projected_cuboid_centroid": [
        464.6239889805072, 
        380.02688607541484
      ], 
      "quaternion_xyzw": [
        0.3371675367104991, 
        0.8546370829523474, 
        0.37952861366657836, 
        0.10895631841830579
      ], 
      "visibility": 0.9659785932721713
    }, 
    {
      "bounding_box": {
        "bottom_right": [
          367, 
          611
        ], 
        "top_left": [
          310, 
          534
        ]
      }, 
      "class": "010_potted_meat_can", 
      "cuboid": [
        [
          21.49552491933939, 
          10.552197210106216, 
          85.98805684806253
        ], 
        [
          12.403848317207554, 
          10.268271775316688, 
          81.4513371534872
        ], 
        [
          9.398524802293329, 
          5.690493491929758, 
          87.76056035854623
        ], 
        [
          18.49020140442516, 
          5.974418926719286, 
          92.29728005312155
        ], 
        [
          19.965304994409678, 
          15.367877408523704, 
          88.7532641868489
        ], 
        [
          10.873628392277846, 
          15.083951973734175, 
          84.21654449227357
        ], 
        [
          7.868304877363618, 
          10.506173690347245, 
          90.5257676973326
        ], 
        [
          16.95998147949545, 
          10.790099125136772, 
          95.06248739190792
        ]
      ], 
      "cuboid_centroid": [
        14.681914898351502, 
        10.52918545022673, 
        88.25691227269756
      ], 
      "location": [
        14.681914898351502, 
        10.52918545022673, 
        88.25691227269756
      ], 
      "pose_transform_permuted": [
        [
          0.2656585744559777, 
          -0.8360410916791807, 
          -0.4800623934699704, 
          0.0
        ], 
        [
          0.8944363336501696, 
          0.027932496506049145, 
          0.44632108113733304, 
          0.0
        ], 
        [
          0.359733751300462, 
          0.5479547697052408, 
          -0.755206725693418, 
          0.0
        ], 
        [
          14.681914898351502, 
          10.52918545022673, 
          88.25691227269756, 
          1.0
        ]
      ], 
      "projected_cuboid": [
        [
          616.0287596281224, 
          338.7339224662071
        ], 
        [
          563.490670136041, 
          340.5201846529494
        ], 
        [
          539.1877275893111, 
          307.8675799068194
        ], 
        [
          589.3290086905309, 
          307.8084069883429
        ], 
        [
          602.5686494771596, 
          365.6323243458039
        ], 
        [
          551.0305293417408, 
          368.808944269947
        ], 
        [
          528.3383600392606, 
          335.1821541776263
        ], 
        [
          577.5388862592142, 
          333.82115395533975
        ]
      ], 
      "projected_cuboid_centroid": [
        571.056413904425, 
        336.91238496434346
      ], 
      "quaternion_xyzw": [
        0.8547592492663331, 
        -0.09704523673748147, 
        0.2082398219745576, 
        0.4654081891299852
      ], 
      "visibility": 0.7093912511471397
    }, 
    {
      "bounding_box": {
        "bottom_right": [
          297, 
          539
        ], 
        "top_left": [
          238, 
          400
        ]
      }, 
      "class": "037_scissors", 
      "cuboid": [
        [
          -10.532757089794433, 
          3.4362345246783206, 
          74.94018855847327
        ], 
        [
          8.31346268890568, 
          -1.533681790823737, 
          80.47003132771094
        ], 
        [
          8.006559863560959, 
          -8.534024069751775, 
          75.22446427077402
        ], 
        [
          -10.839659915139153, 
          -3.5641077542497173, 
          69.69462150153635
        ], 
        [
          -9.960872481192801, 
          4.293978235524507, 
          73.76204877119272
        ], 
        [
          8.88534729750731, 
          -0.6759380799775514, 
          79.2918915404304
        ], 
        [
          8.57844447216259, 
          -7.676280358905589, 
          74.04632448349349
        ], 
        [
          -10.267775306537523, 
          -2.7063640434035316, 
          68.5164817142558
        ]
      ], 
      "cuboid_centroid": [
        -0.9771563088159213, 
        -2.1200229171136344, 
        74.49325652098338
      ], 
      "location": [
        -0.9771563088159213, 
        -2.1200229171136344, 
        74.49325652098338
      ], 
      "pose_transform_permuted": [
        [
          -0.3653047594616621, 
          -0.5479039919199632, 
          0.7525645298569795, 
          0.0
        ], 
        [
          -0.9302273378041103, 
          0.2453092491526471, 
          -0.27294656318913396, 
          0.0
        ], 
        [
          0.03506258611327606, 
          0.7997648887775042, 
          0.5992878900356439, 
          0.0
        ], 
        [
          -0.9771563088159213, 
          -2.1200229171136344, 
          74.49325652098338, 
          1.0
        ]
      ], 
      "projected_cuboid": [
        [
          406.01495648644914, 
          297.74085547958003
        ], 
        [
          537.1541631496589, 
          263.12197708958905
        ], 
        [
          538.8342969605297, 
          212.7827882535583
        ], 
        [
          397.9582036923038, 
          246.01314986451146
        ], 
        [
          408.9770850392793, 
          304.33316318865525
        ], 
        [
          541.8582127135736, 
          268.7401586725331
        ], 
        [
          543.8983217170437, 
          217.99803217276417
        ], 
        [
          401.00857470564574, 
          252.22070232517981
        ]
      ], 
      "projected_cuboid_centroid": [
        474.54301445814457, 
        258.1086575762494
      ], 
      "quaternion_xyzw": [
        -0.17100650313206925, 
        -0.30736680864202404, 
        0.9330804837256261, 
        0.07511994949954577
      ], 
      "visibility": 0.825065274151436
    }, 
    {
      "bounding_box": {
        "bottom_right": [
          383, 
          539
        ], 
        "top_left": [
          329, 
          484
        ]
      }, 
      "class": "061_foam_brick", 
      "cuboid": [
        [
          9.145782054541197, 
          11.89900943351547, 
          85.74338302506077
        ], 
        [
          1.9487408891707148, 
          14.395337462157947, 
          84.12642909963803
        ], 
        [
          0.10716115979604729, 
          11.59018819227429, 
          87.99255804518013
        ], 
        [
          7.304202325166529, 
          9.093860163631813, 
          89.60951197060287
        ], 
        [
          9.820194977827398, 
          15.960050875660317, 
          89.0112027959765
        ], 
        [
          2.6231538124569163, 
          18.456378904302795, 
          87.39424887055375
        ], 
        [
          0.7815740830822482, 
          15.651229634419137, 
          91.26037781609585
        ], 
        [
          7.978615248452731, 
          13.154901605776658, 
          92.8773317415186
        ]
      ], 
      "cuboid_centroid": [
        4.963678068811723, 
        13.775119533967302, 
        88.50188042057832
      ], 
      "location": [
        4.963678068811723, 
        13.775119533967302, 
        88.50188042057832
      ], 
      "pose_transform_permuted": [
        [
          -0.12831296002701204, 
          -0.7726486700386639, 
          -0.6217313060933882, 
          0.0
        ], 
        [
          0.9241905358677112, 
          -0.3205598919724834, 
          0.20763720541160913, 
          0.0
        ], 
        [
          0.35973273092903224, 
          0.5479556445060801, 
          -0.7552065770054358, 
          0.0
        ], 
        [
          4.963678068811723, 
          13.775119533967302, 
          88.50188042057832, 
          1.0
        ]
      ], 
      "projected_cuboid": [
        [
          538.9574429432836, 
          347.29778558263166
        ], 
        [
          494.0540667685488, 
          364.5457945205801
        ], 
        [
          482.25198149275695, 
          343.53423247856597
        ], 
        [
          525.4310003881269, 
          327.4095167281096
        ], 
        [
          540.9260899689798, 
          368.9127896557041
        ], 
        [
          497.73815106749964, 
          385.91578339861275
        ], 
        [
          486.2025992341323, 
          364.7512838491878
        ], 
        [
          527.7936179605238, 
          348.8245245869872
        ]
      ], 
      "projected_cuboid_centroid": [
        511.75786850685836, 
        356.29653701282234
      ], 
      "quaternion_xyzw": [
        0.8794710749176432, 
        -0.1933811816850317, 
        0.022548849998285984, 
        0.4343108291501154
      ], 
      "visibility": 0.7978524743230626
    }
  ]
}