{
  "camera_data": {
    "location_worldframe": [
      -15.945964831721726, 
      0.9213442594901616, 
      87.8978761028726
    ], 
    "quaternion_xyzw_worldframe": [
      0.8904422037280375, 
      0.03166520579235548, 
      0.013798571107799567, 
      -0.4537847145943463
    ]
  }, 
  "objects": [
    {
      "bounding_box": {
        "bottom_right": [
          330, 
          581
        ], 
        "top_left": [
          228, 
          419
        ]
      }, 
      "class": "003_cracker_box", 
      "cuboid": [
        [
          -7.7913055081232825, 
          9.813061220351244, 
          81.0835302118329
        ], 
        [
          -7.974623512158551, 
          0.5226960407708515, 
          67.56563004107439
        ], 
        [
          13.321905911000304, 
          -0.7643481148332208, 
          68.1613640559249
        ], 
        [
          13.505223915035575, 
          8.526017064747172, 
          81.67926422668343
        ], 
        [
          -8.261601324458905, 
          3.911474168677367, 
          85.14585585751851
        ], 
        [
          -8.444919328494175, 
          -5.378891010903026, 
          71.62795568676
        ], 
        [
          12.851610094664684, 
          -6.665935166507099, 
          72.22368970161054
        ], 
        [
          13.034928098699952, 
          2.6244300130732943, 
          85.74158987236903
        ]
      ], 
      "cuboid_centroid": [
        2.5301522932707003, 
        1.573563026922073, 
        76.65360995672171
      ], 
      "location": [
        2.5301522932707003, 
        1.573563026922073, 
        76.65360995672171
      ], 
      "pose_transform_permuted": [
        [
          0.06550081164061039, 
          0.8219480769875511, 
          -0.5657835296391086, 
          0.0
        ], 
        [
          0.011175473450551754, 
          0.5663613345384021, 
          0.82408127483461, 
          0.0
        ], 
        [
          -0.9977899340380104, 
          0.06030089117373716, 
          -0.027911468182018145, 
          0.0
        ], 
        [
          2.5301522932707003, 
          1.573563026922073, 
          76.65360995672171, 
          1.0
        ]
      ], 
      "projected_cuboid": [
        [
          429.9233969918078, 
          337.83106022902365
        ], 
        [
          418.1259584559592, 
          277.41236400303313
        ], 
        [
          586.7012105450739, 
          267.30599719199273
        ], 
        [
          570.5134366029889, 
          328.9566264687844
        ], 
        [
          429.41846479181214, 
          297.7864476037485
        ], 
        [
          418.1948163865206, 
          233.23698073310416
        ], 
        [
          577.2877421969532, 
          224.06343986591258
        ], 
        [
          563.3510384170764, 
          289.6107036834891
        ]
      ], 
      "projected_cuboid_centroid": [
        499.3473728957904, 
        284.23464568419604
      ], 
      "quaternion_xyzw": [
        0.6397772843465525, 
        0.6112092859681574, 
        0.34761396983006765, 
        -0.31027852513415505
      ], 
      "visibility": 0.9811307994048424
    }, 
    {
      "bounding_box": {
        "bottom_right": [
          358, 
          447
        ], 
        "top_left": [
          305, 
          382
        ]
      }, 
      "class": "005_tomato_soup_can", 
      "cuboid": [
        [
          -16.760101329367863, 
          12.489453654285127, 
          89.51011522857291
        ], 
        [
          -11.115124264811497, 
          10.106829560578262, 
          86.64049329073431
        ], 
        [
          -5.566824349940906, 
          14.267137715834345, 
          94.1005614747998
        ], 
        [
          -11.211801414497273, 
          16.649761809541207, 
          96.97018341263842
        ], 
        [
          -17.333541075095276, 
          6.7871700029496065, 
          93.11663358829857
        ], 
        [
          -11.688564010538911, 
          4.404545909242742, 
          90.24701165045995
        ], 
        [
          -6.140264095668321, 
          8.564854064498823, 
          97.70707983452546
        ], 
        [
          -11.785241160224688, 
          10.947478158205687, 
          100.57670177236406
        ]
      ], 
      "cuboid_centroid": [
        -11.450182712518092, 
        10.527153859391975, 
        93.6085975315492
      ], 
      "location": [
        -11.450182712518092, 
        10.527153859391975, 
        93.6085975315492
      ], 
      "pose_transform_permuted": [
        [
          0.0846855521545831, 
          0.8421129563365626, 
          -0.5326104458657271, 
          0.0
        ], 
        [
          -0.834327576802574, 
          0.35215182697825603, 
          0.42413010546475194, 
          0.0
        ], 
        [
          -0.5447253287426268, 
          -0.40845398812500167, 
          -0.7324204091988549, 
          0.0
        ], 
        [
          -11.450182712518092, 
          10.527153859391975, 
          93.6085975315492, 
          1.0
        ]
      ], 
      "projected_cuboid": [
        [
          380.90476849730237, 
          347.7012585963008
        ], 
        [
          412.60722779526657, 
          335.49959706850603
        ], 
        [
          449.78389199209414, 
          354.14624615322737
        ], 
        [
          419.420189951689, 
          364.857407661837
        ], 
        [
          381.4929917510232, 
          312.1596215261958
        ], 
        [
          411.94723771656555, 
          299.3154396083795
        ], 
        [
          447.8020452863193, 
          320.0365217833883
        ], 
        [
          418.58368205333494, 
          331.3368059383603
        ]
      ], 
      "projected_cuboid_centroid": [
        415.81789472875704, 
        333.26326508043087
      ], 
      "quaternion_xyzw": [
        0.26917876715431355, 
        0.8329753914122107, 
        0.4725629897859237, 
        -0.10187712530579114
      ], 
      "visibility": 0.790512174643157
    }, 
    {
      "bounding_box": {
        "bottom_right": [
          361, 
          554
        ], 
        "top_left": [
          298, 
          491
        ]
      }, 
      "class": "010_potted_meat_can", 
      "cuboid": [
        [
          12.38998209997841, 
          12.072086694180717, 
          85.38457153768736
        ], 
        [
          2.7350837539812196, 
          10.171332644126167, 
          82.8368088628918
        ], 
        [
          2.7698781548282705, 
          3.4126108417709973, 
          87.74728642016046
        ], 
        [
          12.42477650082546, 
          5.3133648918255485, 
          90.29504909495604
        ], 
        [
          10.588861595937136, 
          15.28193164209306, 
          89.81532550951246
        ], 
        [
          0.9339632499399453, 
          13.38117759203851, 
          87.2675628347169
        ], 
        [
          0.9687576507869957, 
          6.6224557896833405, 
          92.17804039198558
        ], 
        [
          10.623655996784185, 
          8.52320983973789, 
          94.72580306678114
        ]
      ], 
      "cuboid_centroid": [
        6.679369875382703, 
        9.34727124193203, 
        88.78130596483646
      ], 
      "location": [
        6.679369875382703, 
        9.34727124193203, 
        88.78130596483646
      ], 
      "pose_transform_permuted": [
        [
          0.31268910940956135, 
          -0.557255084184245, 
          -0.7692147806625153, 
          0.0
        ], 
        [
          0.9498459147055343, 
          0.1869955958731375, 
          0.25064810436840185, 
          0.0
        ], 
        [
          -0.004164849567391354, 
          0.8090111882769587, 
          -0.5877784882681439, 
          0.0
        ], 
        [
          6.679369875382703, 
          9.34727124193203, 
          88.78130596483646, 
          1.0
        ]
      ], 
      "projected_cuboid": [
        [
          559.6309156844366, 
          348.68985883670985
        ], 
        [
          499.3528186239622, 
          338.7715676502986
        ], 
        [
          498.5724180498134, 
          294.02805906898067
        ], 
        [
          555.5944565522274, 
          304.66944964433947
        ], 
        [
          544.9972597122738, 
          364.0299981556993
        ], 
        [
          487.35237856867235, 
          355.0631319862585
        ], 
        [
          487.2487731861666, 
          311.6024464809431
        ], 
        [
          541.9081960484458, 
          321.27340715376204
        ]
      ], 
      "projected_cuboid_centroid": [
        522.0551896779585, 
        329.43667846832176
      ], 
      "quaternion_xyzw": [
        0.9391581181628854, 
        0.050886118573532486, 
        0.14995803232791186, 
        0.30480319296292263
      ], 
      "visibility": 0.5409117475160725
    }, 
    {
      "bounding_box": {
        "bottom_right": [
          269, 
          491
        ], 
        "top_left": [
          226, 
          342
        ]
      }, 
      "class": "037_scissors", 
      "cuboid": [
        [
          -18.80522589965982, 
          -1.499053980209159, 
          78.96746299571355
        ], 
        [
          1.4537242102916932, 
          -1.634372110638542, 
          78.84153194821657
        ], 
        [
          1.3753705296394054, 
          -6.766971075401981, 
          71.75173338388406
        ], 
        [
          -18.88357958031211, 
          -6.631652944972599, 
          71.87766443138102
        ], 
        [
          -18.802461497655788, 
          -0.23098779371289666, 
          78.04942697127254
        ], 
        [
          1.4564886122957281, 
          -0.36630592414228014, 
          77.92349592377558
        ], 
        [
          1.3781349316434404, 
          -5.49890488890572, 
          70.83369735944306
        ], 
        [
          -18.880815178308076, 
          -5.363586758476337, 
          70.95962840694003
        ]
      ], 
      "cuboid_centroid": [
        -8.713545484008192, 
        -3.498979434557439, 
        74.9005801775783
      ], 
      "location": [
        -8.713545484008192, 
        -3.498979434557439, 
        74.9005801775783
      ], 
      "pose_transform_permuted": [
        [
          -0.0017658268712785067, 
          -0.8100071347822652, 
          0.5864171268843675, 
          0.0
        ], 
        [
          -0.9999580525313346, 
          0.006679144449340412, 
          0.006215809028842211, 
          0.0
        ], 
        [
          0.008951636962211603, 
          0.5863816763002829, 
          0.809984959924927, 
          0.0
        ], 
        [
          -8.713545484008192, 
          -3.498979434557439, 
          74.9005801775783, 
          1.0
        ]
      ], 
      "projected_cuboid": [
        [
          353.5345297708675, 
          263.1624335269261
        ], 
        [
          491.5126624890328, 
          262.23090992280254
        ], 
        [
          491.9051794116706, 
          222.98868421452994
        ], 
        [
          340.316607274516, 
          224.080843662793
        ], 
        [
          352.04727441140346, 
          271.70817515878537
        ], 
        [
          491.6485581868415, 
          270.7794876949879
        ], 
        [
          492.0597642058806, 
          231.8842990390401
        ], 
        [
          338.50974948136695, 
          232.97480131437706
        ]
      ], 
      "projected_cuboid_centroid": [
        419.0363890979395, 
        248.37252197330298
      ], 
      "quaternion_xyzw": [
        0.0012491364415567956, 
        -0.4547414099387234, 
        0.890611707720596, 
        0.0043876532488992745
      ], 
      "visibility": 0.8087027914614121
    }, 
    {
      "bounding_box": {
        "bottom_right": [
          347, 
          486
        ], 
        "top_left": [
          306, 
          439
        ]
      }, 
      "class": "061_foam_brick", 
      "cuboid": [
        [
          0.5034063649636183, 
          9.535799680868804, 
          87.96624932758338
        ], 
        [
          -7.238011292649498, 
          10.00603385811675, 
          88.66833737655384
        ], 
        [
          -7.216686211681543, 
          5.864464045622963, 
          91.67735317556401
        ], 
        [
          0.5247314459315727, 
          5.394229868375016, 
          90.97526512659357
        ], 
        [
          1.073316372802953, 
          12.608897154795226, 
          92.19198132805533
        ], 
        [
          -6.668101284810163, 
          13.079131332043174, 
          92.89406937702579
        ], 
        [
          -6.646776203842208, 
          8.937561519549387, 
          95.90308517603596
        ], 
        [
          1.0946414537709073, 
          8.46732734230144, 
          95.2009971270655
        ]
      ], 
      "cuboid_centroid": [
        -3.0716849194392952, 
        9.236680600209095, 
        91.93466725180967
      ], 
      "location": [
        -3.0716849194392952, 
        9.236680600209095, 
        91.93466725180967
      ], 
      "pose_transform_permuted": [
        [
          -0.10843036592264382, 
          -0.5846836851963697, 
          -0.8039824898659633, 
          0.0
        ], 
        [
          0.9940953190305855, 
          -0.060383978119391724, 
          -0.09015692911781625, 
          0.0
        ], 
        [
          -0.0041656244861524305, 
          0.8090109785730161, 
          -0.587778771410614, 
          0.0
        ], 
        [
          -3.0716849194392952, 
          9.236680600209095, 
          91.93466725180967, 
          1.0
        ]
      ], 
      "projected_cuboid": [
        [
          484.6745429310264, 
          331.09994653163704
        ], 
        [
          437.69930188950525, 
          333.4705220765095
        ], 
        [
          439.2651950065908, 
          307.4021991779832
        ], 
        [
          484.6988098993162, 
          304.9088522547482
        ], 
        [
          487.85781887103695, 
          346.2274996352971
        ], 
        [
          442.99541281049176, 
          348.3759050101882
        ], 
        [
          444.32614012402314, 
          322.98855304615614
        ], 
        [
          487.78039495800505, 
          320.72082569947867
        ]
      ], 
      "projected_cuboid_centroid": [
        463.6295093936864, 
        326.86918307978414
      ], 
      "quaternion_xyzw": [
        0.949616868461903, 
        -0.014800272483653409, 
        -0.0522808991804538, 
        0.3086672361101862
      ], 
      "visibility": 0.40108695652173915
    }
  ]
}