{
  "camera_data": {
    "location_worldframe": [
      -16.007378558852185, 
      0.7162897313463562, 
      86.30276908659566
    ], 
    "quaternion_xyzw_worldframe": [
      0.8947214784416736, 
      0.023917871909479364, 
      -0.017634010551783895, 
      -0.44563509168330456
    ]
  }, 
  "objects": [
    {
      "bounding_box": {
        "bottom_right": [
          331, 
          576
        ], 
        "top_left": [
          224, 
          408
        ]
      }, 
      "class": "003_cracker_box", 
      "cuboid": [
        [
          -8.427046204740316, 
          9.57571468822633, 
          78.81638949578304
        ], 
        [
          -9.315908688122619, 
          0.007120663393481337, 
          65.52240410536213
        ], 
        [
          11.993035216993169, 
          -0.9777531264843358, 
          64.80652673245832
        ], 
        [
          12.881897700375472, 
          8.590840898348514, 
          78.10051212287924
        ], 
        [
          -8.555074490182072, 
          3.753246994876505, 
          83.01577948159849
        ], 
        [
          -9.443936973564375, 
          -5.815347029956345, 
          69.72179409117757
        ], 
        [
          11.865006931551413, 
          -6.800220819834163, 
          69.00591671827377
        ], 
        [
          12.753869414933716, 
          2.7683732049986878, 
          82.29990210869468
        ]
      ], 
      "cuboid_centroid": [
        1.7189803634055492, 
        1.3877469341960844, 
        73.91115310702841
      ], 
      "location": [
        1.7189803634055492, 
        1.3877469341960844, 
        73.91115310702841
      ], 
      "pose_transform_permuted": [
        [
          0.017831237953020995, 
          0.8109286674867628, 
          -0.5848732710606679, 
          0.0
        ], 
        [
          0.05418703490967153, 
          0.5833227840679217, 
          0.8104309315635394, 
          0.0
        ], 
        [
          -0.9983715802248982, 
          0.04614353514189601, 
          0.03354045264822511, 
          0.0
        ], 
        [
          1.7189803634055492, 
          1.3877469341960844, 
          73.91115310702841, 
          1.0
        ]
      ], 
      "projected_cuboid": [
        [
          424.09935506007145, 
          338.08164213123797
        ], 
        [
          405.13832870721774, 
          273.34449661840483
        ], 
        [
          581.1151752284209, 
          265.24020505553045
        ], 
        [
          570.2958609182991, 
          331.95022100297945
        ], 
        [
          426.1785539845271, 
          297.3985819247146
        ], 
        [
          408.75600761071945, 
          228.80348222478023
        ], 
        [
          574.0612243997424, 
          220.7303064931679
        ], 
        [
          564.9334022525721, 
          291.22614186823125
        ]
      ], 
      "projected_cuboid_centroid": [
        494.10405551160557, 
        283.3000824247314
      ], 
      "quaternion_xyzw": [
        0.6490770064314856, 
        0.6092090570996749, 
        0.31901537156207554, 
        -0.32525767812117345
      ], 
      "visibility": 0.9902517275419546
    }, 
    {
      "bounding_box": {
        "bottom_right": [
          361, 
          448
        ], 
        "top_left": [
          305, 
          380
        ]
      }, 
      "class": "005_tomato_soup_can", 
      "cuboid": [
        [
          -16.891066406161386, 
          12.30302551821287, 
          87.73449484367102
        ], 
        [
          -11.401482891278022, 
          9.938730687944076, 
          84.56400963063348
        ], 
        [
          -5.460683663435156, 
          14.326924852348583, 
          91.5779293416722
        ], 
        [
          -10.950267178318517, 
          16.691219682617376, 
          94.74841455470974
        ], 
        [
          -17.153443310897696, 
          6.669004351819652, 
          91.48160179674836
        ], 
        [
          -11.663859796014334, 
          4.3047095215508575, 
          88.31111658371084
        ], 
        [
          -5.7230605681714675, 
          8.692903685955363, 
          95.32503629474955
        ], 
        [
          -11.21264408305483, 
          11.057198516224158, 
          98.49552150778709
        ]
      ], 
      "cuboid_centroid": [
        -11.307063487166426, 
        10.497964602084117, 
        91.52976556921028
      ], 
      "location": [
        -11.307063487166426, 
        10.497964602084117, 
        91.52976556921028
      ], 
      "pose_transform_permuted": [
        [
          0.03874780779629981, 
          0.8320319560713131, 
          -0.5533725621008383, 
          0.0
        ], 
        [
          -0.8113604110786475, 
          0.3494427619503606, 
          0.4685976957622738, 
          0.0
        ], 
        [
          -0.5832604332918669, 
          -0.43082755897623004, 
          -0.6886180954511484, 
          0.0
        ], 
        [
          -11.307063487166426, 
          10.497964602084117, 
          91.52976556921028, 
          1.0
        ]
      ], 
      "projected_cuboid": [
        [
          378.064157083178, 
          348.07404833079903
        ], 
        [
          409.0921432455095, 
          335.9671006805871
        ], 
        [
          449.5308364689086, 
          356.72181158181724
        ], 
        [
          419.44658667682353, 
          367.23802377238167
        ], 
        [
          380.76253611456275, 
          312.1655098317667
        ], 
        [
          410.57085689344746, 
          299.2831053052123
        ], 
        [
          449.3111538334986, 
          321.92114595583564
        ], 
        [
          420.37848332527165, 
          333.1574885936116
        ]
      ], 
      "projected_cuboid_centroid": [
        415.1647795357763, 
        334.4553836668907
      ], 
      "quaternion_xyzw": [
        0.27891959034324415, 
        0.835996491044627, 
        0.4547417566377341, 
        -0.12854416632444568
      ], 
      "visibility": 0.7281361297981797
    }, 
    {
      "bounding_box": {
        "bottom_right": [
          366, 
          555
        ], 
        "top_left": [
          300, 
          489
        ]
      }, 
      "class": "010_potted_meat_can", 
      "cuboid": [
        [
          11.947575992433002, 
          12.197018688828095, 
          81.7978254661462
        ], 
        [
          2.1817590660052533, 
          10.113085780703765, 
          79.89859770956899
        ], 
        [
          2.6234703064057308, 
          3.4580930983881673, 
          84.92953047306628
        ], 
        [
          12.389287232833478, 
          5.542026006512497, 
          86.82875822964348
        ], 
        [
          10.379097775898313, 
          15.47270977100326, 
          86.26866928325437
        ], 
        [
          0.6132808494705662, 
          13.388776862878931, 
          84.36944152667716
        ], 
        [
          1.0549920898710436, 
          6.733784180563333, 
          89.40037429017445
        ], 
        [
          10.82080901629879, 
          8.817717088687663, 
          91.29960204675166
        ]
      ], 
      "cuboid_centroid": [
        6.501284041152022, 
        9.465401434695714, 
        85.59909987816032
      ], 
      "location": [
        6.501284041152022, 
        9.465401434695714, 
        85.59909987816032
      ], 
      "pose_transform_permuted": [
        [
          0.27230052378843456, 
          -0.5686865064763722, 
          -0.776174702549922, 
          0.0
        ], 
        [
          0.9607580503605494, 
          0.20501667530481674, 
          0.18684543959265185, 
          0.0
        ], 
        [
          -0.05287232496345039, 
          0.7965949324942609, 
          -0.6021968372363177, 
          0.0
        ], 
        [
          6.501284041152022, 
          9.465401434695714, 
          85.59909987816032, 
          1.0
        ]
      ], 
      "projected_cuboid": [
        [
          560.1441017806815, 
          352.81076599100095
        ], 
        [
          496.28157615964585, 
          340.7909354020801
        ], 
        [
          498.2085813229228, 
          295.0018207520643
        ], 
        [
          558.328707526702, 
          307.32676912121246
        ], 
        [
          546.2961698150071, 
          368.94002602244467
        ], 
        [
          485.5060717976953, 
          357.92022485281603
        ], 
        [
          487.94309159100027, 
          313.4570518171608
        ], 
        [
          545.3327437740871, 
          324.79455222066383
        ]
      ], 
      "projected_cuboid_centroid": [
        522.4404498481623, 
        332.26010142877055
      ], 
      "quaternion_xyzw": [
        0.9398839935604729, 
        0.06859596557531818, 
        0.1221283601292505, 
        0.3114435802010906
      ], 
      "visibility": 0.568040959310159
    }, 
    {
      "bounding_box": {
        "bottom_right": [
          266, 
          485
        ], 
        "top_left": [
          221, 
          333
        ]
      }, 
      "class": "037_scissors", 
      "cuboid": [
        [
          -19.38231102338038, 
          -1.9262715326208646, 
          77.61873361285417
        ], 
        [
          0.829025404444006, 
          -1.7887198298963347, 
          76.2251093761865
        ], 
        [
          0.3844616301976522, 
          -7.066931579354499, 
          69.25676675446623
        ], 
        [
          -19.826874797626733, 
          -7.20448328207903, 
          70.6503909911339
        ], 
        [
          -19.455708900230906, 
          -0.6774738976722462, 
          76.67750736160231
        ], 
        [
          0.7556275275934804, 
          -0.539922194947716, 
          75.28388312493463
        ], 
        [
          0.31106375334712666, 
          -5.818133944405882, 
          68.31554050321436
        ], 
        [
          -19.90027267447726, 
          -5.955685647130411, 
          69.70916473988204
        ]
      ], 
      "cuboid_centroid": [
        -9.535623635016627, 
        -3.872202738513373, 
        72.96713705803427
      ], 
      "location": [
        -9.535623635016627, 
        -3.872202738513373, 
        72.96713705803427
      ], 
      "pose_transform_permuted": [
        [
          0.04688462208038697, 
          -0.7976988937797698, 
          0.6012304303018444, 
          0.0
        ], 
        [
          -0.9976078969410751, 
          -0.006789390962132098, 
          0.06878766027337899, 
          0.0
        ], 
        [
          0.050789873308750205, 
          0.6030174332269846, 
          0.7961090386393299, 
          0.0
        ], 
        [
          -9.535623635016627, 
          -3.872202738513373, 
          72.96713705803427, 
          1.0
        ]
      ], 
      "projected_cuboid": [
        [
          347.3110666719464, 
          260.05109489915253
        ], 
        [
          487.445798433543, 
          260.77151082178517
        ], 
        [
          484.582331643284, 
          218.86683026446633
        ], 
        [
          330.6824074495618, 
          218.90195543264164
        ], 
        [
          345.14792583006795, 
          268.57446387850445
        ], 
        [
          486.99462936293594, 
          269.46166779671717
        ], 
        [
          484.0456905009656, 
          227.86605609388533
        ], 
        [
          328.07850910867836, 
          227.7217431846796
        ]
      ], 
      "projected_cuboid_centroid": [
        411.32001720096133, 
        244.98446072142673
      ], 
      "quaternion_xyzw": [
        0.03232201499069744, 
        -0.44535374279545764, 
        0.8946865038199001, 
        0.012294944139303623
      ], 
      "visibility": 0.7909803921568628
    }, 
    {
      "bounding_box": {
        "bottom_right": [
          349, 
          487
        ], 
        "top_left": [
          307, 
          437
        ]
      }, 
      "class": "061_foam_brick", 
      "cuboid": [
        [
          0.2843644993038488, 
          9.553125051826413, 
          85.16945010691295
        ], 
        [
          -7.4042495023753165, 
          9.932447612323482, 
          86.34627816905474
        ], 
        [
          -7.133579733979182, 
          5.854439058910028, 
          89.42910405844486
        ], 
        [
          0.5550342676999828, 
          5.475116498412959, 
          88.25227599630307
        ], 
        [
          1.0712608655592477, 
          12.720116120374763, 
          89.28970472545414
        ], 
        [
          -6.617353136119918, 
          13.099438680871833, 
          90.46653278759594
        ], 
        [
          -6.3466833677237835, 
          9.021430127458379, 
          93.54935867698606
        ], 
        [
          1.3419306339553818, 
          8.64210756696131, 
          92.37253061484427
        ]
      ], 
      "cuboid_centroid": [
        -3.0311594342099677, 
        9.287277589642395, 
        89.35940439194951
      ], 
      "location": [
        -3.0311594342099677, 
        9.287277589642395, 
        89.35940439194951
      ], 
      "pose_transform_permuted": [
        [
          -0.14971391932518135, 
          -0.6025477631781659, 
          -0.783914494986081, 
          0.0
        ], 
        [
          0.9873146659883072, 
          -0.048709783978907184, 
          -0.15111951319775335, 
          0.0
        ], 
        [
          -0.05287241894117328, 
          0.796594972387924, 
          -0.6021967762132179, 
          0.0
        ], 
        [
          -3.0311594342099677, 
          9.287277589642395, 
          89.35940439194951, 
          1.0
        ]
      ], 
      "projected_cuboid": [
        [
          483.39256028074885, 
          333.10691564298315
        ], 
        [
          435.4834548813562, 
          334.6345072604635
        ], 
        [
          438.70071517922474, 
          308.200082419477
        ], 
        [
          484.97916271017846, 
          306.3733543358303
        ], 
        [
          488.04893888609826, 
          349.26267709025825
        ], 
        [
          442.26125839233214, 
          350.5105341023127
        ], 
        [
          445.11346306372553, 
          324.71719900602375
        ], 
        [
          489.4093700678207, 
          323.1823801182029
        ]
      ], 
      "projected_cuboid_centroid": [
        463.3555814101222, 
        328.71536549664006
      ], 
      "quaternion_xyzw": [
        0.9444342398179865, 
        0.0011018858663649073, 
        -0.07963323962632697, 
        0.31890641206092996
      ], 
      "visibility": 0.4585635359116022
    }
  ]
}