{
  "camera_data": {
    "location_worldframe": [
      -9.655524094169843, 
      6.574164973797328, 
      85.37939654762859
    ], 
    "quaternion_xyzw_worldframe": [
      0.9381563759147767, 
      -0.04011043799911645, 
      0.18216490817028488, 
      -0.2916714897283257
    ]
  }, 
  "objects": [
    {
      "bounding_box": {
        "bottom_right": [
          336, 
          621
        ], 
        "top_left": [
          193, 
          472
        ]
      }, 
      "class": "003_cracker_box", 
      "cuboid": [
        [
          2.0423897410892913, 
          10.335916781225418, 
          78.97580238808925
        ], 
        [
          1.4864378985369366, 
          -2.7086388001359043, 
          69.0456159386466
        ], 
        [
          20.744260327452675, 
          -8.7884266373676, 
          75.9540167881193
        ], 
        [
          21.30021217000503, 
          4.256128943993722, 
          85.88420323756193
        ], 
        [
          -1.043813030839076, 
          6.492929384413671, 
          84.19683656279355
        ], 
        [
          -1.5997648733914307, 
          -6.551626196947652, 
          74.26665011335093
        ], 
        [
          17.658057555524305, 
          -12.631414034179347, 
          81.17505096282362
        ], 
        [
          18.21400939807666, 
          0.4131415471819739, 
          91.10523741226625
        ]
      ], 
      "cuboid_centroid": [
        9.850223648306798, 
        -1.1477486264769652, 
        80.07542667545643
      ], 
      "location": [
        9.850223648306798, 
        -1.1477486264769652, 
        80.07542667545643
      ], 
      "pose_transform_permuted": [
        [
          0.42983326541979616, 
          0.5352350262800738, 
          -0.7271635514666034, 
          0.0
        ], 
        [
          0.033892061442223786, 
          0.7952251353647911, 
          0.6053662628981284, 
          0.0
        ], 
        [
          -0.9022719612787219, 
          0.2848516293213332, 
          -0.32367399828103305, 
          0.0
        ], 
        [
          9.850223648306798, 
          -1.1477486264769652, 
          80.07542667545643, 
          1.0
        ]
      ], 
      "projected_cuboid": [
        [
          495.5041606491742, 
          343.0844591518586
        ], 
        [
          493.1742388656846, 
          252.36457072527662
        ], 
        [
          628.4690484046536, 
          211.5776221245425
        ], 
        [
          614.9683672746911, 
          299.71604222978624
        ], 
        [
          474.930249877112, 
          314.4140498241473
        ], 
        [
          470.01318880012343, 
          226.23836027157063
        ], 
        [
          598.5771986680742, 
          190.29822583789397
        ], 
        [
          589.1083292011679, 
          275.7050210894559
        ]
      ], 
      "projected_cuboid_centroid": [
        547.7483974984408, 
        265.64228500056964
      ], 
      "quaternion_xyzw": [
        0.7151760696202999, 
        0.5933843317578933, 
        0.36186876641004323, 
        -0.0739541761063686
      ], 
      "visibility": 0.983921999096016
    }, 
    {
      "bounding_box": {
        "bottom_right": [
          397, 
          491
        ], 
        "top_left": [
          339, 
          427
        ]
      }, 
      "class": "005_tomato_soup_can", 
      "cuboid": [
        [
          -7.0384697602242365, 
          17.823281406730416, 
          83.4581451915252
        ], 
        [
          -2.007792631958188, 
          13.315950484269182, 
          83.06616396242089
        ], 
        [
          3.0508537766884167, 
          18.32867797407371, 
          90.34813298379102
        ], 
        [
          -1.979823351577631, 
          22.836008896534945, 
          90.74011421289534
        ], 
        [
          -10.070469350979709, 
          14.028915000827647, 
          88.1763661190276
        ], 
        [
          -5.03979222271366, 
          9.521584078366411, 
          87.78438488992329
        ], 
        [
          0.018854185932944828, 
          14.534311568170939, 
          95.06635391129342
        ], 
        [
          -5.011822942333103, 
          19.041642490632174, 
          95.45833514039774
        ]
      ], 
      "cuboid_centroid": [
        -3.5098077871456455, 
        16.17879648745068, 
        89.26224955140931
      ], 
      "location": [
        -3.5098077871456455, 
        16.17879648745068, 
        89.26224955140931
      ], 
      "pose_transform_permuted": [
        [
          0.4477655436141516, 
          0.5603518356633415, 
          -0.6967866238954129, 
          0.0
        ], 
        [
          -0.7435340498468791, 
          0.6661834837197758, 
          0.05793482334660288, 
          0.0
        ], 
        [
          -0.4966517438174576, 
          -0.49214348028708926, 
          -0.7149348503003543, 
          0.0
        ], 
        [
          -3.5098077871456455, 
          16.17879648745068, 
          89.26224955140931, 
          1.0
        ]
      ], 
      "projected_cuboid": [
        [
          436.24456613868244, 
          387.18201203930744
        ], 
        [
          468.5987725562036, 
          358.78052040502274
        ], 
        [
          499.7561536494477, 
          381.4796192813536
        ], 
        [
          469.86380461710337, 
          407.50381169368063
        ], 
        [
          420.17997631988453, 
          358.1380172370575
        ], 
        [
          450.72348130487387, 
          331.1333550226548
        ], 
        [
          481.7037220147193, 
          354.8236188549624
        ], 
        [
          453.3629915068262, 
          379.670970740102
        ]
      ], 
      "projected_cuboid_centroid": [
        460.452090723479, 
        369.9507946213997
      ], 
      "quaternion_xyzw": [
        0.33952505507943376, 
        0.8562219563333712, 
        0.37235867304340686, 
        0.11382291629641639
      ], 
      "visibility": 0.9619349722442506
    }, 
    {
      "bounding_box": {
        "bottom_right": [
          355, 
          603
        ], 
        "top_left": [
          301, 
          528
        ]
      }, 
      "class": "010_potted_meat_can", 
      "cuboid": [
        [
          20.687944260457037, 
          9.018842245215017, 
          88.00307966629511
        ], 
        [
          11.600048771430982, 
          8.73591922773846, 
          83.45872791668975
        ], 
        [
          8.54909678589506, 
          4.285981705010352, 
          89.83713437270771
        ], 
        [
          17.636992274921116, 
          4.568904722486909, 
          94.38148612231308
        ], 
        [
          19.19386218537309, 
          13.891172012624207, 
          90.68763583242227
        ], 
        [
          10.105966696347036, 
          13.608248995147648, 
          86.1432840828169
        ], 
        [
          7.055014710811114, 
          9.158311472419541, 
          92.52169053883486
        ], 
        [
          16.142910199837168, 
          9.441234489896098, 
          97.06604228844023
        ]
      ], 
      "cuboid_centroid": [
        13.871479485634076, 
        9.08857685881728, 
        90.26238510256499
      ], 
      "location": [
        13.871479485634076, 
        9.08857685881728, 
        90.26238510256499
      ], 
      "pose_transform_permuted": [
        [
          0.2593847509894777, 
          -0.845875915743815, 
          -0.4660606965845805, 
          0.0
        ], 
        [
          0.8940643489116611, 
          0.0278338790006716, 
          0.4470719203519268, 
          0.0
        ], 
        [
          0.3651954264982863, 
          0.5326523784077051, 
          -0.7634878808739203, 
          0.0
        ], 
        [
          13.871479485634076, 
          9.08857685881728, 
          90.26238510256499, 
          1.0
        ]
      ], 
      "projected_cuboid": [
        [
          608.0157361473405, 
          327.9428659774949
        ], 
        [
          556.3416643167277, 
          329.1109786056084
        ], 
        [
          532.7718607892959, 
          298.7303368331682
        ], 
        [
          582.088597885986, 
          299.1039568657659
        ], 
        [
          595.4137801991533, 
          354.9783143689148
        ], 
        [
          544.685275146815, 
          357.5362361332262
        ], 
        [
          522.6029460540558, 
          326.07747628548816
        ], 
        [
          571.0318090480662, 
          325.1604490224346
        ]
      ], 
      "projected_cuboid_centroid": [
        564.2403820832433, 
        326.98682538748574
      ], 
      "quaternion_xyzw": [
        0.8504083466053157, 
        -0.09917633947394337, 
        0.2076816020684235, 
        0.4731150049979048
      ], 
      "visibility": 0.7399870801033591
    }, 
    {
      "bounding_box": {
        "bottom_right": [
          286, 
          532
        ], 
        "top_left": [
          228, 
          396
        ]
      }, 
      "class": "037_scissors", 
      "cuboid": [
        [
          -11.383563430430346, 
          1.9876513265319342, 
          77.02691839294995
        ], 
        [
          7.414045566399147, 
          -3.046306613244594, 
          82.66326407481928
        ], 
        [
          7.056268827056034, 
          -10.128129071604238, 
          77.5315254232284
        ], 
        [
          -11.741340169773459, 
          -5.09417113182771, 
          71.89517974135907
        ], 
        [
          -10.803135684538457, 
          2.8214348270867937, 
          75.83582715235316
        ], 
        [
          7.994473312291037, 
          -2.212523112689735, 
          81.47217283422249
        ], 
        [
          7.6366965729479235, 
          -9.294345571049378, 
          76.34043418263161
        ], 
        [
          -11.16091242388157, 
          -4.260387631272851, 
          70.70408850076228
        ]
      ], 
      "cuboid_centroid": [
        -1.8734334287412107, 
        -3.6533471222587224, 
        76.68367628779077
      ], 
      "location": [
        -1.8734334287412107, 
        -3.6533471222587224, 
        76.68367628779077
      ], 
      "pose_transform_permuted": [
        [
          -0.37076188956435463, 
          -0.5325988434241399, 
          0.7608375756204265, 
          0.0
        ], 
        [
          -0.9278279665381979, 
          0.24847026872882869, 
          -0.2782034222329664, 
          0.0
        ], 
        [
          0.040874754797238115, 
          0.8090737174096191, 
          0.586283388496437, 
          0.0
        ], 
        [
          -1.8734334287412107, 
          -3.6533471222587224, 
          76.68367628779077, 
          1.0
        ]
      ], 
      "projected_cuboid": [
        [
          402.12263425618835, 
          287.04865386341515
        ], 
        [
          529.8289769223496, 
          253.63264466654488
        ], 
        [
          530.539837290652, 
          203.61772203481604
        ], 
        [
          393.77379239842816, 
          235.49789576087858
        ], 
        [
          404.99030065693233, 
          293.1284320100124
        ], 
        [
          534.3652713006494, 
          258.80328728162624
        ], 
        [
          535.3921604813681, 
          208.35559334019587
        ], 
        [
          396.70894969261053, 
          241.15051581019347
        ]
      ], 
      "projected_cuboid_centroid": [
        468.45913498133467, 
        247.87824173452282
      ], 
      "quaternion_xyzw": [
        -0.17349931808656943, 
        -0.2991304785147382, 
        0.9351121937457885, 
        0.07735569738616992
      ], 
      "visibility": 0.820543093270366
    }, 
    {
      "bounding_box": {
        "bottom_right": [
          373, 
          534
        ], 
        "top_left": [
          320, 
          479
        ]
      }, 
      "class": "061_foam_brick", 
      "cuboid": [
        [
          8.350024314099771, 
          10.46283802952464, 
          87.71915485204583
        ], 
        [
          1.1758404469843615, 
          12.991563509621914, 
          86.05175314678966
        ], 
        [
          -0.6937010276251189, 
          10.264751907912336, 
          89.96027518370184
        ], 
        [
          6.48048283949029, 
          7.736026427815062, 
          91.62767688895799
        ], 
        [
          9.05364805560785, 
          14.570721937909994, 
          90.92161326187974
        ], 
        [
          1.87946418849244, 
          17.09944741800727, 
          89.25421155662357
        ], 
        [
          0.009922713882958706, 
          14.372635816297691, 
          93.16273359353573
        ], 
        [
          7.1841065809983675, 
          11.843910336200416, 
          94.8301352987919
        ]
      ], 
      "cuboid_centroid": [
        4.1799735139913645, 
        12.417736922911166, 
        90.44094422279079
      ], 
      "location": [
        4.1799735139913645, 
        12.417736922911166, 
        90.44094422279079
      ], 
      "pose_transform_permuted": [
        [
          -0.13387057379959005, 
          -0.7815608591304709, 
          -0.6092957352105862, 
          0.0
        ], 
        [
          0.9212553715081563, 
          -0.32472013190063936, 
          0.2141153343546424, 
          0.0
        ], 
        [
          0.36519475617530095, 
          0.5326532262304168, 
          -0.7634876100162931, 
          0.0
        ], 
        [
          4.1799735139913645, 
          12.417736922911166, 
          90.44094422279079, 
          1.0
        ]
      ], 
      "projected_cuboid": [
        [
          532.7870587067493, 
          336.89905711827635
        ], 
        [
          488.9452597046584, 
          353.803842769798
        ], 
        [
          477.45026707947335, 
          334.13998910421293
        ], 
        [
          519.6311065069061, 
          318.31413804689635
        ], 
        [
          535.1456807099479, 
          358.7541300274166
        ], 
        [
          492.92099652798066, 
          375.4606540302123
        ], 
        [
          481.6543460734901, 
          355.56415958989373
        ], 
        [
          522.3367981792748, 
          339.8960530234252
        ]
      ], 
      "projected_cuboid_centroid": [
        506.45129161639034, 
        346.5124683005821
      ], 
      "quaternion_xyzw": [
        0.8751006132081555, 
        -0.19709587608066098, 
        0.0229244384428185, 
        0.4413916656630349
      ], 
      "visibility": 0.8357699805068226
    }
  ]
}