{
  "camera_data": {
    "location_worldframe": [
      -21.597600467637417, 
      -2.5689765516795013, 
      93.9808328098736
    ], 
    "quaternion_xyzw_worldframe": [
      0.9522921557511966, 
      0.04096923568935856, 
      -0.07561920365885455, 
      -0.2928190302545019
    ]
  }, 
  "objects": [
    {
      "bounding_box": {
        "bottom_right": [
          296, 
          520
        ], 
        "top_left": [
          184, 
          368
        ]
      }, 
      "class": "003_cracker_box", 
      "cuboid": [
        [
          -15.403510210448534, 
          3.884544362187224, 
          83.3987156152882
        ], 
        [
          -16.21596962660628, 
          -9.526084516807071, 
          73.98738954219218
        ], 
        [
          4.99853926715881, 
          -9.183444577524266, 
          71.66774357464331
        ], 
        [
          5.810998683316558, 
          4.227184301470029, 
          81.07906964773935
        ], 
        [
          -14.699429711183171, 
          -0.24859014247584563, 
          89.22742622329238
        ], 
        [
          -15.511889127340922, 
          -13.659219021470143, 
          79.81610015019636
        ], 
        [
          5.702619766424171, 
          -13.316579082187335, 
          77.4964541826475
        ], 
        [
          6.515079182581919, 
          0.09404979680695882, 
          86.90778025574353
        ]
      ], 
      "cuboid_centroid": [
        -4.850445222012182, 
        -4.716017360000056, 
        80.44758489896785
      ], 
      "location": [
        -4.850445222012182, 
        -4.716017360000056, 
        80.44758489896785
      ], 
      "pose_transform_permuted": [
        [
          -0.0980613532170902, 
          0.5756454879497447, 
          -0.811798154228213, 
          0.0
        ], 
        [
          0.049529333917332274, 
          0.8175417781854609, 
          0.5737353797728184, 
          0.0
        ], 
        [
          -0.9939470891787644, 
          -0.01605344587480051, 
          0.10868059067104098, 
          0.0
        ], 
        [
          -4.850445222012182, 
          -4.716017360000056, 
          80.44758489896785, 
          1.0
        ]
      ], 
      "projected_cuboid": [
        [
          382.2735546089813, 
          298.1274910436877
        ], 
        [
          363.7342139165049, 
          204.62014151586652
        ], 
        [
          519.1039644805724, 
          204.94741371335374
        ], 
        [
          520.1390259090934, 
          301.09198986244934
        ], 
        [
          393.0052009345867, 
          271.8006944826673
        ], 
        [
          377.0851247042633, 
          182.01762129337894
        ], 
        [
          521.1687340360825, 
          181.6437334133784
        ], 
        [
          521.9107803512716, 
          273.86368537011344
        ]
      ], 
      "projected_cuboid_centroid": [
        449.17353626897176, 
        242.02215116582335
      ], 
      "quaternion_xyzw": [
        0.6792043216644652, 
        0.666768750427328, 
        0.17508502647260715, 
        -0.2518852047877762
      ], 
      "visibility": 0.9818959637919276
    }, 
    {
      "bounding_box": {
        "bottom_right": [
          352, 
          414
        ], 
        "top_left": [
          289, 
          349
        ]
      }, 
      "class": "005_tomato_soup_can", 
      "cuboid": [
        [
          -23.50152564651433, 
          8.760244619651601, 
          91.72094963003941
        ], 
        [
          -18.0241849498421, 
          5.886840584062643, 
          88.97874580131995
        ], 
        [
          -12.096855388966024, 
          12.726023203901574, 
          93.65172756591171
        ], 
        [
          -17.574196085638256, 
          15.599427239490533, 
          96.39393139463118
        ], 
        [
          -22.97809544904828, 
          4.648175811373875, 
          97.07527102548035
        ], 
        [
          -17.500754752376043, 
          1.7747717757849168, 
          94.33306719676088
        ], 
        [
          -11.57342519149997, 
          8.613954395623848, 
          99.00604896135265
        ], 
        [
          -17.050765888172204, 
          11.487358431212806, 
          101.74825279007212
        ]
      ], 
      "cuboid_centroid": [
        -17.53747541900715, 
        8.687099507637724, 
        95.36349929569603
      ], 
      "location": [
        -17.53747541900715, 
        8.687099507637724, 
        95.36349929569603
      ], 
      "pose_transform_permuted": [
        [
          -0.07730014463954867, 
          0.6072701101052909, 
          -0.7907259082832263, 
          0.0
        ], 
        [
          -0.8095509226193482, 
          0.424689099489916, 
          0.40529770968946516, 
          0.0
        ], 
        [
          -0.581937997792864, 
          -0.6714626206376436, 
          -0.45878765873905114, 
          0.0
        ], 
        [
          -17.53747541900715, 
          8.687099507637724, 
          95.36349929569603, 
          1.0
        ]
      ], 
      "projected_cuboid": [
        [
          343.80657622610136, 
          324.223756009319
        ], 
        [
          372.6636600151813, 
          308.5710021331057
        ], 
        [
          412.13488484058166, 
          345.75757046457255
        ], 
        [
          383.55386077953864, 
          359.59363130885885
        ], 
        [
          354.30622767619576, 
          298.8230434172783
        ], 
        [
          381.83060894142994, 
          283.32035297137156
        ], 
        [
          418.7345299361783, 
          319.68764797343835
        ], 
        [
          391.4796654197391, 
          333.49821771329334
        ]
      ], 
      "projected_cuboid_centroid": [
        382.7015449949784, 
        321.86907031924255
      ], 
      "quaternion_xyzw": [
        0.27825902934652313, 
        0.9043975137543526, 
        0.2946872787218593, 
        -0.1334031349571175
      ], 
      "visibility": 0.8143861099627946
    }, 
    {
      "bounding_box": {
        "bottom_right": [
          350, 
          512
        ], 
        "top_left": [
          284, 
          444
        ]
      }, 
      "class": "010_potted_meat_can", 
      "cuboid": [
        [
          4.772198559569407, 
          8.76460130471933, 
          83.50402241358468
        ], 
        [
          -4.848595467917738, 
          5.492253647718994, 
          83.27361892009641
        ], 
        [
          -3.444937117141801, 
          0.8848374764381516, 
          90.09972911194927
        ], 
        [
          6.175856910345344, 
          4.157185133438487, 
          90.33013260543753
        ], 
        [
          3.1850332053669423, 
          13.19727385237631, 
          86.8223112259438
        ], 
        [
          -6.435760822120202, 
          9.924926195375974, 
          86.59190773245554
        ], 
        [
          -5.032102471344266, 
          5.3175100240951325, 
          93.4180179243084
        ], 
        [
          4.588691556142879, 
          8.589857681095468, 
          93.64842141779665
        ]
      ], 
      "cuboid_centroid": [
        -0.1299519558874293, 
        7.041055664407231, 
        88.46102016894653
      ], 
      "location": [
        -0.1299519558874293, 
        7.041055664407231, 
        88.46102016894653
      ], 
      "pose_transform_permuted": [
        [
          0.2755447622620073, 
          -0.7695478609682799, 
          -0.5760818174975975, 
          0.0
        ], 
        [
          0.9464907423930249, 
          0.32193255093013284, 
          0.022667024465818583, 
          0.0
        ], 
        [
          -0.1680162822947395, 
          0.5515023906318364, 
          -0.8170775006149811, 
          0.0
        ], 
        [
          -0.1299519558874293, 
          7.041055664407231, 
          88.46102016894653, 
          1.0
        ]
      ], 
      "projected_cuboid": [
        [
          512.3299200219302, 
          329.2638834959162
        ], 
        [
          450.2858301657558, 
          308.46126034917916
        ], 
        [
          461.03581722151813, 
          278.5240804109121
        ], 
        [
          518.3639101407146, 
          297.83104133354516
        ], 
        [
          501.32467402316075, 
          354.35285020650787
        ], 
        [
          441.6288932346905, 
          334.414161106181
        ], 
        [
          452.6295989864351, 
          303.6439817869397
        ], 
        [
          507.9470403167572, 
          322.2050274618218
        ]
      ], 
      "projected_cuboid_centroid": [
        480.80707724931983, 
        315.73611481035704
      ], 
      "quaternion_xyzw": [
        0.8766520048631695, 
        0.13972158579085925, 
        0.08504280634548131, 
        0.45246727115821345
      ], 
      "visibility": 0.8459909228441755
    }, 
    {
      "bounding_box": {
        "bottom_right": [
          227, 
          443
        ], 
        "top_left": [
          175, 
          313
        ]
      }, 
      "class": "037_scissors", 
      "cuboid": [
        [
          -25.251937902557252, 
          -8.124337257348307, 
          86.94026652568255
        ], 
        [
          -5.2794283304779395, 
          -7.0212808092391, 
          83.7244684834952
        ], 
        [
          -5.65874344160229, 
          -14.296891894831884, 
          78.87301937082322
        ], 
        [
          -25.631253013681608, 
          -15.39994834294109, 
          82.08881741301055
        ], 
        [
          -25.50572639749058, 
          -7.258176381049158, 
          85.66114715141241
        ], 
        [
          -5.533216825411266, 
          -6.155119932939952, 
          82.44534910922508
        ], 
        [
          -5.9125319365356175, 
          -13.430731018532734, 
          77.59389999655309
        ], 
        [
          -25.885041508614936, 
          -14.533787466641943, 
          80.80969803874042
        ]
      ], 
      "cuboid_centroid": [
        -15.582234919546437, 
        -10.77753413794052, 
        82.26708326111782
      ], 
      "location": [
        -15.582234919546437, 
        -10.77753413794052, 
        82.26708326111782
      ], 
      "pose_transform_permuted": [
        [
          0.16211337689687144, 
          -0.5532806545454225, 
          0.8170676187335489, 
          0.0
        ], 
        [
          -0.9858196830273782, 
          -0.05444557450889808, 
          0.15872802539851966, 
          0.0
        ], 
        [
          0.04333543926461369, 
          0.8312133976895366, 
          0.5542612782928079, 
          0.0
        ], 
        [
          -15.582234919546437, 
          -10.77753413794052, 
          82.26708326111782, 
          1.0
        ]
      ], 
      "projected_cuboid": [
        [
          325.402659687559, 
          223.449237812234
        ], 
        [
          447.6871901656921, 
          228.56142210626987
        ], 
        [
          443.0151987389035, 
          176.61453928253368
        ], 
        [
          313.68667598239426, 
          173.2352241734624
        ], 
        [
          321.47708050554763, 
          228.0977011417694
        ], 
        [
          445.50570745259904, 
          233.4705140034783
        ], 
        [
          440.6203050859826, 
          180.9742316170711
        ], 
        [
          309.3399729722888, 
          177.36793338658126
        ]
      ], 
      "projected_cuboid_centroid": [
        379.739012092975, 
        203.41813149113418
      ], 
      "quaternion_xyzw": [
        0.0841515135369492, 
        -0.29049034596902484, 
        0.9531658695434997, 
        -0.0029140088832611513
      ], 
      "visibility": 0.7036697247706422
    }, 
    {
      "bounding_box": {
        "bottom_right": [
          336, 
          453
        ], 
        "top_left": [
          296, 
          401
        ]
      }, 
      "class": "061_foam_brick", 
      "cuboid": [
        [
          -6.341014853364753, 
          6.545130325695789, 
          88.59899401810891
        ], 
        [
          -13.938939535008721, 
          6.742934387106601, 
          90.29487409786637
        ], 
        [
          -13.078813097936198, 
          3.9196286546820898, 
          94.47773897771114
        ], 
        [
          -5.48088841629223, 
          3.7218245932712763, 
          92.78185889795368
        ], 
        [
          -5.6006749970300875, 
          10.927512468658925, 
          91.40473101420483
        ], 
        [
          -13.198599678674055, 
          11.125316530069739, 
          93.10061109396227
        ], 
        [
          -12.338473241601532, 
          8.302010797645226, 
          97.28347597380704
        ], 
        [
          -4.740548559957565, 
          8.104206736234413, 
          95.58759589404958
        ]
      ], 
      "cuboid_centroid": [
        -9.339744047483142, 
        7.423570561670507, 
        92.94123499595798
      ], 
      "location": [
        -9.339744047483142, 
        7.423570561670507, 
        92.94123499595798
      ], 
      "pose_transform_permuted": [
        [
          -0.1408561359254389, 
          -0.8337865502237558, 
          -0.533816014782362, 
          0.0
        ], 
        [
          0.9756690175398737, 
          -0.025400527426698155, 
          -0.21777231554819648, 
          0.0
        ], 
        [
          -0.16801641939087977, 
          0.5515023135694122, 
          -0.8170775244385652, 
          0.0
        ], 
        [
          -9.339744047483142, 
          7.423570561670507, 
          92.94123499595798, 
          1.0
        ]
      ], 
      "projected_cuboid": [
        [
          443.1093902984423, 
          312.6847976996827
        ], 
        [
          398.5817240661077, 
          313.1131504288305
        ], 
        [
          407.1529179652747, 
          295.4125408146942
        ], 
        [
          449.8298183656786, 
          294.67996514808294
        ], 
        [
          448.6464608027579, 
          337.04534269775775
        ], 
        [
          405.35984671360177, 
          337.0170452761251
        ], 
        [
          413.3924035372268, 
          318.79914835808967
        ], 
        [
          454.92732795192126, 
          318.5029922512134
        ]
      ], 
      "projected_cuboid_centroid": [
        427.556703873927, 
        315.8848051312519
      ], 
      "quaternion_xyzw": [
        0.874783879865714, 
        0.040757464571156206, 
        -0.1024905864545331, 
        0.471791979899007
      ], 
      "visibility": 0.8994267847837415
    }
  ]
}