{
  "camera_data": {
    "location_worldframe": [
      -20.778051860642123, 
      -3.4612450930586998, 
      94.00859086673634
    ], 
    "quaternion_xyzw_worldframe": [
      0.9535352633365098, 
      0.03280203470495478, 
      -0.05340863364794415, 
      -0.29469044768642594
    ]
  }, 
  "objects": [
    {
      "bounding_box": {
        "bottom_right": [
          286, 
          528
        ], 
        "top_left": [
          174, 
          378
        ]
      }, 
      "class": "003_cracker_box", 
      "cuboid": [
        [
          -14.006757873886395, 
          2.840325730526911, 
          83.69180267773363
        ], 
        [
          -14.851740140280057, 
          -10.51397011065724, 
          74.20355187778279
        ], 
        [
          6.436016524845174, 
          -10.780099631225266, 
          72.68232264091743
        ], 
        [
          7.280998791238835, 
          2.574196209958885, 
          82.17057344086828
        ], 
        [
          -13.64193033731705, 
          -1.3282399555263225, 
          89.52638565551045
        ], 
        [
          -14.48691260371071, 
          -14.682535796710475, 
          80.03813485555959
        ], 
        [
          6.800844061414519, 
          -14.9486653172785, 
          78.51690561869424
        ], 
        [
          7.64582632780818, 
          -1.5943694760943483, 
          88.0051564186451
        ]
      ], 
      "cuboid_centroid": [
        -3.6029569062359377, 
        -6.054169793375794, 
        81.10435414821394
      ], 
      "location": [
        -3.6029569062359377, 
        -6.054169793375794, 
        81.10435414821394
      ], 
      "pose_transform_permuted": [
        [
          -0.05081163583450443, 
          0.5805801929967171, 
          -0.8126160330461836, 
          0.0
        ], 
        [
          0.05151199923850697, 
          0.8141075908466381, 
          0.5784248822970315, 
          0.0
        ], 
        [
          -0.9973789107446946, 
          0.012468761998580713, 
          0.07127298489574434, 
          0.0
        ], 
        [
          -3.6029569062359377, 
          -6.054169793375794, 
          81.10435414821394, 
          1.0
        ]
      ], 
      "projected_cuboid": [
        [
          391.59625480883545, 
          291.3862954990004
        ], 
        [
          373.9643312179847, 
          197.7199914349151
        ], 
        [
          529.2160496214208, 
          194.18562275240174
        ], 
        [
          529.2474505055958, 
          289.99409145474726
        ], 
        [
          399.65319060172936, 
          265.37405079404533
        ], 
        [
          384.26171338127847, 
          175.45212585866045
        ], 
        [
          528.1762000427982, 
          171.74896600053242
        ], 
        [
          528.317630190325, 
          263.6245079480305
        ]
      ], 
      "projected_cuboid_centroid": [
        457.70759236874153, 
        233.47600814539172
      ], 
      "quaternion_xyzw": [
        0.6849446682549021, 
        0.6611798680784783, 
        0.19257513450202368, 
        -0.23792183810746678
      ], 
      "visibility": 0.9851702903104185
    }, 
    {
      "bounding_box": {
        "bottom_right": [
          346, 
          420
        ], 
        "top_left": [
          284, 
          355
        ]
      }, 
      "class": "005_tomato_soup_can", 
      "cuboid": [
        [
          -22.267748836949018, 
          7.924886305694076, 
          91.72383735217649
        ], 
        [
          -16.77644887486635, 
          4.901728671786305, 
          89.17755843100925
        ], 
        [
          -10.833969326023677, 
          11.552651923873386, 
          94.09655933661838
        ], 
        [
          -16.32526928810634, 
          14.575809557781156, 
          96.64283825778561
        ], 
        [
          -22.064924385891757, 
          3.7839824442094243, 
          97.07767934772522
        ], 
        [
          -16.57362442380909, 
          0.7608248103016537, 
          94.531400426558
        ], 
        [
          -10.631144874966417, 
          7.411748062388734, 
          99.45040133216712
        ], 
        [
          -16.122444837049084, 
          10.434905696296507, 
          101.99668025333435
        ]
      ], 
      "cuboid_centroid": [
        -16.449446855957717, 
        7.668317184041405, 
        95.5871193421718
      ], 
      "location": [
        -16.449446855957717, 
        7.668317184041405, 
        95.5871193421718
      ], 
      "pose_transform_permuted": [
        [
          -0.02995310450001324, 
          0.6115284692797804, 
          -0.7906551105318047, 
          0.0
        ], 
        [
          -0.8116141019645676, 
          0.44682268043700174, 
          0.3763400095103637, 
          0.0
        ], 
        [
          -0.5834254051612787, 
          -0.6529795451801236, 
          -0.4829415183940553, 
          0.0
        ], 
        [
          -16.449446855957717, 
          7.668317184041405, 
          95.5871193421718, 
          1.0
        ]
      ], 
      "projected_cuboid": [
        [
          351.0443749713864, 
          319.36504039955497
        ], 
        [
          380.43069148146793, 
          302.60095225840325
        ], 
        [
          419.68068327070387, 
          338.7645485696905
        ], 
        [
          390.7559621729765, 
          353.7225518431411
        ], 
        [
          359.36791745468344, 
          294.07475576159163
        ], 
        [
          387.31412375760414, 
          277.5788976509779
        ], 
        [
          424.11065270810093, 
          313.03328947015115
        ], 
        [
          396.59360927562767, 
          327.8485055136789
        ]
      ], 
      "projected_cuboid_centroid": [
        389.05404978307394, 
        316.0712118199405
      ], 
      "quaternion_xyzw": [
        0.2855089518143711, 
        0.9021153969526979, 
        0.3033065368828927, 
        -0.11259455147944912
      ], 
      "visibility": 0.8381984987489575
    }, 
    {
      "bounding_box": {
        "bottom_right": [
          339, 
          518
        ], 
        "top_left": [
          276, 
          454
        ]
      }, 
      "class": "010_potted_meat_can", 
      "cuboid": [
        [
          6.283223233089871, 
          7.13284311575758, 
          84.57284195464433
        ], 
        [
          -3.4125832953085764, 
          4.1415839153931095, 
          83.96891576915438
        ], 
        [
          -2.4001516753220966, 
          -0.5242208579426935, 
          90.82453893006172
        ], 
        [
          7.2956548530763525, 
          2.4670383424217768, 
          91.42846511555167
        ], 
        [
          4.701092462822483, 
          11.60012074515556, 
          87.84683236791888
        ], 
        [
          -4.994714065575966, 
          8.608861544791091, 
          87.24290618242894
        ], 
        [
          -3.9822824455894863, 
          3.9430567714552875, 
          94.09852934333628
        ], 
        [
          5.713524082808962, 
          6.934315971819757, 
          94.70245552882622
        ]
      ], 
      "cuboid_centroid": [
        1.1504703937501928, 
        5.537949943606433, 
        89.3356856489903
      ], 
      "location": [
        1.1504703937501928, 
        5.537949943606433, 
        89.3356856489903
      ], 
      "pose_transform_permuted": [
        [
          0.2746707177084229, 
          -0.7755555834756632, 
          -0.5683912565790221, 
          0.0
        ], 
        [
          0.9538704490444145, 
          0.29427915545785926, 
          0.05941407143961678, 
          0.0
        ], 
        [
          -0.12118689478371682, 
          0.5584914388145643, 
          -0.8206101689008728, 
          0.0
        ], 
        [
          1.1504703937501928, 
          5.537949943606433, 
          89.3356856489903, 
          1.0
        ]
      ], 
      "projected_cuboid": [
        [
          521.549508838823, 
          318.26652008208526
        ], 
        [
          459.7417850763415, 
          299.5913650378918
        ], 
        [
          467.3859844893226, 
          270.2083252787768
        ], 
        [
          524.5086575490468, 
          287.67724068857075
        ], 
        [
          510.37532215519803, 
          343.71106432782426
        ], 
        [
          450.80972350849214, 
          325.91287348022666
        ], 
        [
          458.8387090899353, 
          295.6344897342181
        ], 
        [
          514.0410817779917, 
          312.337336432403
        ]
      ], 
      "projected_cuboid_centroid": [
        488.5224268421591, 
        306.3472027548772
      ], 
      "quaternion_xyzw": [
        0.8776037181493137, 
        0.11835240714274455, 
        0.09516960281701972, 
        0.45469433394793557
      ], 
      "visibility": 0.8601747815230961
    }, 
    {
      "bounding_box": {
        "bottom_right": [
          222, 
          451
        ], 
        "top_left": [
          169, 
          319
        ]
      }, 
      "class": "037_scissors", 
      "cuboid": [
        [
          -24.324019007133046, 
          -8.88800724361597, 
          86.81399420835577
        ], 
        [
          -4.221220252126098, 
          -8.355444308719596, 
          84.35369176379393
        ], 
        [
          -4.627815527554483, 
          -15.60300822124438, 
          79.46263331688884
        ], 
        [
          -24.73061428256143, 
          -16.135571156140752, 
          81.92293576145066
        ], 
        [
          -24.504426497386213, 
          -8.011174286391817, 
          85.5297018973879
        ], 
        [
          -4.401627742379266, 
          -7.478611351495445, 
          83.06939945282608
        ], 
        [
          -4.80822301780765, 
          -14.726175264020227, 
          78.17834100592098
        ], 
        [
          -24.9110217728146, 
          -15.2587381989166, 
          80.63864345048282
        ]
      ], 
      "cuboid_centroid": [
        -14.566121012470349, 
        -11.807091253818099, 
        82.49616760713837
      ], 
      "location": [
        -14.566121012470349, 
        -11.807091253818099, 
        82.49616760713837
      ], 
      "pose_transform_permuted": [
        [
          0.11523953231258163, 
          -0.5600976975233688, 
          0.820371953852293, 
          0.0
        ], 
        [
          -0.9922506045173431, 
          -0.026286682791511303, 
          0.12143764744717153, 
          0.0
        ], 
        [
          0.04645210366488473, 
          0.8280091051913293, 
          0.5587865077066371, 
          0.0
        ], 
        [
          -14.566121012470349, 
          -11.807091253818099, 
          82.49616760713837, 
          1.0
        ]
      ], 
      "projected_cuboid": [
        [
          330.9234097438461, 
          218.68533731543536
        ], 
        [
          454.68632797289604, 
          220.45989835534726
        ], 
        [
          450.27828985379324, 
          168.56574666830133
        ], 
        [
          319.2587156695814, 
          168.24371934662426
        ], 
        [
          327.5266285958539, 
          223.33294248947715
        ], 
        [
          453.10237629393094, 
          225.2725892235229
        ], 
        [
          448.52282763202066, 
          172.82703023980037
        ], 
        [
          315.4701281780842, 
          172.36986146317344
        ]
      ], 
      "projected_cuboid_centroid": [
        386.645558180739, 
        196.95628933355667
      ], 
      "quaternion_xyzw": [
        0.06202089355333107, 
        -0.2932018974601373, 
        0.9540219682429967, 
        0.005284317747554515
      ], 
      "visibility": 0.7138350608382155
    }, 
    {
      "bounding_box": {
        "bottom_right": [
          328, 
          459
        ], 
        "top_left": [
          288, 
          408
        ]
      }, 
      "class": "061_foam_brick", 
      "cuboid": [
        [
          -5.073123411035636, 
          5.22198113527807, 
          89.23872329001365
        ], 
        [
          -12.720547991960554, 
          5.635187115300633, 
          90.64930942942601
        ], 
        [
          -12.10015477999396, 
          2.776102262854966, 
          94.85025901476888
        ], 
        [
          -4.452730199069043, 
          2.3628962828324025, 
          93.43967287535652
        ], 
        [
          -4.31255018152922, 
          9.57295856519348, 
          92.08759327792569
        ], 
        [
          -11.959974762454136, 
          9.986164545216043, 
          93.49817941733805
        ], 
        [
          -11.339581550487546, 
          7.1270796927703755, 
          97.69912900268092
        ], 
        [
          -3.6921569695626273, 
          6.713873712747811, 
          96.28854286326856
        ]
      ], 
      "cuboid_centroid": [
        -8.20635248076159, 
        6.174530414024223, 
        93.46892614634729
      ], 
      "location": [
        -8.20635248076159, 
        6.174530414024223, 
        93.46892614634729
      ], 
      "pose_transform_permuted": [
        [
          -0.14470571222114212, 
          -0.8278115287631385, 
          -0.5420224439056074, 
          0.0
        ], 
        [
          0.9820254267072936, 
          -0.05306084088253751, 
          -0.1811369881200293, 
          0.0
        ], 
        [
          -0.12118712040035243, 
          0.5584913786368357, 
          -0.8206101765377982, 
          0.0
        ], 
        [
          -8.20635248076159, 
          6.174530414024223, 
          93.46892614634729, 
          1.0
        ]
      ], 
      "projected_cuboid": [
        [
          451.0257753040178, 
          304.4947926462097
        ], 
        [
          406.13424384987894, 
          306.44018981110895
        ], 
        [
          412.99390535801587, 
          288.89587544708996
        ], 
        [
          455.9707156717898, 
          286.7730884140105
        ], 
        [
          456.4130651606219, 
          328.7277335863101
        ], 
        [
          412.8080924504073, 
          330.2482579413587
        ], 
        [
          419.18076102631966, 
          312.19180980705744
        ], 
        [
          460.9766597918909, 
          310.4731047677968
        ]
      ], 
      "projected_cuboid_centroid": [
        434.3826496884646, 
        308.51747645963076
      ], 
      "quaternion_xyzw": [
        0.8778580821023602, 
        0.01940127934878181, 
        -0.09279481130959656, 
        0.46944424699980347
      ], 
      "visibility": 0.9251592356687898
    }
  ]
}