{
  "camera_data": {
    "location_worldframe": [
      -19.984341065447246, 
      -4.397489933342199, 
      94.65128168337148
    ], 
    "quaternion_xyzw_worldframe": [
      0.9546910394624774, 
      0.020653700651077543, 
      -0.021534292802470132, 
      -0.2960998929092196
    ]
  }, 
  "objects": [
    {
      "bounding_box": {
        "bottom_right": [
          278, 
          536
        ], 
        "top_left": [
          163, 
          389
        ]
      }, 
      "class": "003_cracker_box", 
      "cuboid": [
        [
          -12.409783669313839, 
          1.6296973416417684, 
          84.73687032584694
        ], 
        [
          -13.305374111939575, 
          -11.661166250639823, 
          75.1645676552458
        ], 
        [
          8.003268782281616, 
          -12.823523854805105, 
          74.78481779943091
        ], 
        [
          8.898859224907351, 
          0.46733973747648677, 
          84.35712047003204
        ], 
        [
          -12.534454392737393, 
          -2.560276132685018, 
          90.56619078625239
        ], 
        [
          -13.43004483536313, 
          -15.851139724966611, 
          80.99388811565126
        ], 
        [
          7.878598058858059, 
          -17.013497329131894, 
          80.61413825983637
        ], 
        [
          8.774188501483795, 
          -3.7226337368502995, 
          90.1864409304375
        ]
      ], 
      "cuboid_centroid": [
        -2.2655928052278895, 
        -7.691899993745062, 
        82.67550429284165
      ], 
      "location": [
        -2.2655928052278895, 
        -7.691899993745062, 
        82.67550429284165
      ], 
      "pose_transform_permuted": [
        [
          0.017363610919807537, 
          0.5835617791785244, 
          -0.8118830918905879, 
          0.0
        ], 
        [
          0.05459718627640209, 
          0.8102406198022504, 
          0.5835488713665422, 
          0.0
        ], 
        [
          -0.9983574771926764, 
          0.054459047957713114, 
          0.01779212828792849, 
          0.0
        ], 
        [
          -2.2655928052278895, 
          -7.691899993745062, 
          82.67550429284165, 
          1.0
        ]
      ], 
      "projected_cuboid": [
        [
          402.84109073824783, 
          283.54357843616634
        ], 
        [
          386.403926055325, 
          190.54637838116096
        ], 
        [
          539.1471187450906, 
          181.837008541224
        ], 
        [
          538.3259648383072, 
          276.2411366282539
        ], 
        [
          407.16997333297473, 
          258.20977050305885
        ], 
        [
          392.4274411465614, 
          168.91170887290193
        ], 
        [
          534.1539361637157, 
          160.73021101792196
        ], 
        [
          533.9158302593366, 
          251.2726581525685
        ]
      ], 
      "projected_cuboid_centroid": [
        466.8604878194322, 
        223.6679607069881
      ], 
      "quaternion_xyzw": [
        0.6929897773641224, 
        0.6524620405924917, 
        0.2167825925845542, 
        -0.21694183922661225
      ], 
      "visibility": 0.9899154196486663
    }, 
    {
      "bounding_box": {
        "bottom_right": [
          339, 
          427
        ], 
        "top_left": [
          278, 
          363
        ]
      }, 
      "class": "005_tomato_soup_can", 
      "cuboid": [
        [
          -20.868776370929464, 
          7.0451834492771646, 
          92.33477624069575
        ], 
        [
          -15.38078406709746, 
          3.7970705070634145, 
          90.07444518416689
        ], 
        [
          -9.436350661621304, 
          10.182897272113827, 
          95.33080715967567
        ], 
        [
          -14.924342965453304, 
          13.431010214327577, 
          97.59113821620451
        ], 
        [
          -21.128097964172646, 
          2.8904898195105275, 
          97.67548029684421
        ], 
        [
          -15.640105660340645, 
          -0.35762312270322116, 
          95.41514924031537
        ], 
        [
          -9.695672254864487, 
          6.028203642347192, 
          100.67151121582414
        ], 
        [
          -15.183664558696488, 
          9.276316584560941, 
          102.931842272353
        ]
      ], 
      "cuboid_centroid": [
        -15.282224312896975, 
        6.536693545812177, 
        96.50314372825994
      ], 
      "location": [
        -15.282224312896975, 
        6.536693545812177, 
        96.50314372825994
      ], 
      "pose_transform_permuted": [
        [
          0.03829659955214232, 
          0.6135649415503976, 
          -0.7887149003169146, 
          0.0
        ], 
        [
          -0.8111252300946541, 
          0.4800710736760542, 
          0.3340769168055996, 
          0.0
        ], 
        [
          -0.5836172324260843, 
          -0.6269526949259528, 
          -0.516063217387563, 
          0.0
        ], 
        [
          -15.282224312896975, 
          6.536693545812177, 
          96.50314372825994, 
          1.0
        ]
      ], 
      "projected_cuboid": [
        [
          360.05589593799806, 
          313.9790533424758
        ], 
        [
          389.7704448026186, 
          295.7685200348143
        ], 
        [
          428.36632453921885, 
          330.2538362813652
        ], 
        [
          399.35830457065384, 
          346.6848085621466
        ], 
        [
          365.2738033708774, 
          289.06895155152347
        ], 
        [
          393.44873913844896, 
          271.28761625620615
        ], 
        [
          429.805021840908, 
          305.22168045600296
        ], 
        [
          402.27051399810176, 
          321.3498115518378
        ]
      ], 
      "projected_cuboid_centroid": [
        396.43683462742075, 
        309.41123343163315
      ], 
      "quaternion_xyzw": [
        0.2960730296616697, 
        0.8981637970517294, 
        0.3144271018955633, 
        -0.08232916930752829
      ], 
      "visibility": 0.858116744780571
    }, 
    {
      "bounding_box": {
        "bottom_right": [
          326, 
          527
        ], 
        "top_left": [
          266, 
          464
        ]
      }, 
      "class": "010_potted_meat_can", 
      "cuboid": [
        [
          7.9662699874156, 
          5.060042939660786, 
          86.72038841552738
        ], 
        [
          -1.8004052453131907, 
          2.4819242897136307, 
          85.5862006874082
        ], 
        [
          -1.3547173897662794, 
          -2.233894687293224, 
          92.46782365033785
        ], 
        [
          8.411957842962511, 
          0.3442239626539313, 
          93.60201137845704
        ], 
        [
          6.400044332468092, 
          9.584686302687386, 
          89.9224596286274
        ], 
        [
          -3.3666309002606996, 
          7.006567652740231, 
          88.7882719005082
        ], 
        [
          -2.9209430447137885, 
          2.2907486757333757, 
          95.66989486343786
        ], 
        [
          6.845732188015003, 
          4.868867325680531, 
          96.80408259155706
        ]
      ], 
      "cuboid_centroid": [
        2.5226634713509064, 
        3.6753958076970807, 
        91.19514163948263
      ], 
      "location": [
        2.5226634713509064, 
        3.6753958076970807, 
        91.19514163948263
      ], 
      "pose_transform_permuted": [
        [
          0.27190946085011125, 
          -0.7855147395225303, 
          -0.555905500849982, 
          0.0
        ], 
        [
          0.9608424902691218, 
          0.2536345158200142, 
          0.11158103808620683, 
          0.0
        ], 
        [
          -0.053348321200463074, 
          0.5644780811895388, 
          -0.823722315153395, 
          0.0
        ], 
        [
          2.5226634713509064, 
          3.6753958076970807, 
          91.19514163948263, 
          1.0
        ]
      ], 
      "projected_cuboid": [
        [
          530.9969096088605, 
          304.4051715659315
        ], 
        [
          470.28457771887065, 
          288.7523352363794
        ], 
        [
          473.71845536297616, 
          260.4022747161875
        ], 
        [
          529.9256058691393, 
          275.2478353678542
        ], 
        [
          519.8713063681215, 
          330.13219061245024
        ], 
        [
          461.20639226958554, 
          315.37249888635137
        ], 
        [
          465.1783402101989, 
          286.0565021445178
        ], 
        [
          519.6263375872354, 
          300.1104303538632
        ]
      ], 
      "projected_cuboid_centroid": [
        496.4728357315211, 
        294.7806716042437
      ], 
      "quaternion_xyzw": [
        0.8776710762450594, 
        0.08744245006165696, 
        0.1092352560417639, 
        0.4583827296556033
      ], 
      "visibility": 0.8547486033519553
    }, 
    {
      "bounding_box": {
        "bottom_right": [
          216, 
          458
        ], 
        "top_left": [
          164, 
          327
        ]
      }, 
      "class": "037_scissors", 
      "cuboid": [
        [
          -23.36416633200139, 
          -9.65766007523374, 
          87.25579463479549
        ], 
        [
          -3.153697174345001, 
          -9.970425838660457, 
          85.87799087979295
        ], 
        [
          -3.601746842864835, 
          -17.186190185172375, 
          80.9437278643751
        ], 
        [
          -23.812216000521225, 
          -16.873424421745657, 
          82.32153161937764
        ], 
        [
          -23.43830829665478, 
          -8.771851014844604, 
          85.96713839085962
        ], 
        [
          -3.227839138998391, 
          -9.08461677827132, 
          84.58933463585709
        ], 
        [
          -3.675888807518225, 
          -16.30038112478324, 
          79.65507162043923
        ], 
        [
          -23.886357965174614, 
          -15.987615361356522, 
          81.03287537544178
        ]
      ], 
      "cuboid_centroid": [
        -13.520027569759808, 
        -12.97902060000849, 
        83.45543312761737
      ], 
      "location": [
        -13.520027569759808, 
        -12.97902060000849, 
        83.45543312761737
      ], 
      "pose_transform_permuted": [
        [
          0.04735992568491804, 
          -0.5658313947732481, 
          0.823159518789712, 
          0.0
        ], 
        [
          -0.9975650895012275, 
          0.01543775180832431, 
          0.06800677982547243, 
          0.0
        ], 
        [
          0.05118812467058877, 
          0.8243761147799883, 
          0.5637224801997682, 
          0.0
        ], 
        [
          -13.520027569759808, 
          -12.97902060000849, 
          83.45543312761737, 
          1.0
        ]
      ], 
      "projected_cuboid": [
        [
          337.6019566589762, 
          214.25757300220485
        ], 
        [
          461.84876286548547, 
          211.36818966147715
        ], 
        [
          457.6682249042624, 
          160.05068848839295
        ], 
        [
          326.0441694192094, 
          163.97215203338573
        ], 
        [
          334.9796630037567, 
          218.86807047811644
        ], 
        [
          461.07656552838836, 
          216.0097659827645
        ], 
        [
          456.78056095693347, 
          164.1495767038872
        ], 
        [
          323.0783966370039, 
          168.06370933424475
        ]
      ], 
      "projected_cuboid_centroid": [
        394.4777040202122, 
        190.3444742121252
      ], 
      "quaternion_xyzw": [
        0.030213130630110347, 
        -0.29581635903812303, 
        0.954607343763776, 
        0.017448503019111515
      ], 
      "visibility": 0.7408424908424909
    }, 
    {
      "bounding_box": {
        "bottom_right": [
          320, 
          465
        ], 
        "top_left": [
          279, 
          417
        ]
      }, 
      "class": "061_foam_brick", 
      "cuboid": [
        [
          -3.6945260687324204, 
          3.62269686162942, 
          90.7636951225125
        ], 
        [
          -11.38247826996499, 
          4.356139591225126, 
          91.76421892209443
        ], 
        [
          -11.109370753096151, 
          1.4664074521874397, 
          95.98110068453138
        ], 
        [
          -3.4214185518635825, 
          0.7329647225917335, 
          94.98057688494946
        ], 
        [
          -2.905574722888299, 
          7.932918481967658, 
          93.66629426785804
        ], 
        [
          -10.593526924120868, 
          8.666361211563364, 
          94.66681806743998
        ], 
        [
          -10.320419407252029, 
          5.776629072525678, 
          98.88369982987693
        ], 
        [
          -2.6324672060194607, 
          5.043186342929971, 
          97.88317603029499
        ]
      ], 
      "cuboid_centroid": [
        -7.007472737992225, 
        4.699662967077549, 
        94.82369747619471
      ], 
      "location": [
        -7.007472737992225, 
        4.699662967077549, 
        94.82369747619471
      ], 
      "pose_transform_permuted": [
        [
          -0.15010489717379566, 
          -0.8200573793621121, 
          -0.5522448862580709, 
          0.0
        ], 
        [
          0.9872296824936565, 
          -0.09418326416623175, 
          -0.1284798301464806, 
          0.0
        ], 
        [
          -0.053348606803917564, 
          0.5644779954123448, 
          -0.8237223554374025, 
          0.0
        ], 
        [
          -7.007472737992225, 
          4.699662967077549, 
          94.82369747619471, 
          1.0
        ]
      ], 
      "projected_cuboid": [
        [
          459.7074448489816, 
          294.5731898480405
        ], 
        [
          414.8925592317612, 
          298.6037539760471
        ], 
        [
          419.35335853184546, 
          281.43464011385544
        ], 
        [
          462.2255739313058, 
          277.40216301922885
        ], 
        [
          464.9153636004969, 
          318.45519562080847
        ], 
        [
          421.4195146276175, 
          322.1097713309381
        ], 
        [
          425.47103199874243, 
          304.44222303765804
        ], 
        [
          467.1344597119591, 
          300.76449841697917
        ]
      ], 
      "projected_cuboid_centroid": [
        441.8562997152207, 
        299.7189843145462
      ], 
      "quaternion_xyzw": [
        0.8809018907012391, 
        -0.01158887777213416, 
        -0.07906235934472503, 
        0.46650476975676275
      ], 
      "visibility": 0.9610894941634242
    }
  ]
}