{
  "camera_data": {
    "location_worldframe": [
      -10.343884303500277, 
      4.764869641690292, 
      81.37251648306021
    ], 
    "quaternion_xyzw_worldframe": [
      0.9271264825947917, 
      -0.0014681613226509374, 
      0.09437675869062938, 
      -0.3626684762939963
    ]
  }, 
  "objects": [
    {
      "bounding_box": {
        "bottom_right": [
          345, 
          638
        ], 
        "top_left": [
          207, 
          466
        ]
      }, 
      "class": "003_cracker_box", 
      "cuboid": [
        [
          -0.3056489946000218, 
          11.061764134217787, 
          74.19064517222597
        ], 
        [
          -0.4432106563624666, 
          -0.6012742715358445, 
          62.65666374245572
        ], 
        [
          20.253542743448097, 
          -4.389761772421654, 
          66.24069894170492
        ], 
        [
          20.39110440521054, 
          7.273276633331978, 
          77.77468037147518
        ], 
        [
          -2.0589917966281375, 
          6.1763755272481085, 
          79.15160926324798
        ], 
        [
          -2.196553458390582, 
          -5.486662878505523, 
          67.61762783347773
        ], 
        [
          18.500199941419982, 
          -9.275150379391333, 
          71.20166303272693
        ], 
        [
          18.637761603182426, 
          2.387888026362299, 
          82.73564446249718
        ]
      ], 
      "cuboid_centroid": [
        9.09727547340998, 
        0.8933068774132271, 
        72.69615410247646
      ], 
      "location": [
        9.09727547340998, 
        0.8933068774132271, 
        72.69615410247646
      ], 
      "pose_transform_permuted": [
        [
          0.24419816768071145, 
          0.6804162567926003, 
          -0.6909420904777255, 
          0.0
        ], 
        [
          0.008386065007254917, 
          0.7110047741474901, 
          0.7031371737102019, 
          0.0
        ], 
        [
          -0.9696890887367338, 
          0.17749909473522024, 
          -0.16792004809759928, 
          0.0
        ], 
        [
          9.09727547340998, 
          0.8933068774132271, 
          72.69615410247646, 
          1.0
        ]
      ], 
      "projected_cuboid": [
        [
          479.38160069072944, 
          352.80404889542683
        ], 
        [
          477.7931202707135, 
          268.16862514162756
        ], 
        [
          646.0220630405507, 
          237.94352445513076
        ], 
        [
          622.5889983728729, 
          323.1611352648939
        ], 
        [
          467.60807114040716, 
          314.90264727297307
        ], 
        [
          464.1278462009251, 
          230.01165755274897
        ], 
        [
          621.3233258827281, 
          203.81317003618065
        ], 
        [
          602.7385387704137, 
          288.6790263720487
        ]
      ], 
      "projected_cuboid_centroid": [
        548.8934408436346, 
        279.8400903307708
      ], 
      "quaternion_xyzw": [
        0.6849867243640931, 
        0.6134038088272785, 
        0.34574952612051396, 
        -0.1870460369764014
      ], 
      "visibility": 0.9704129067541701
    }, 
    {
      "bounding_box": {
        "bottom_right": [
          393, 
          482
        ], 
        "top_left": [
          333, 
          414
        ]
      }, 
      "class": "005_tomato_soup_can", 
      "cuboid": [
        [
          -9.612226615556663, 
          16.434092516418527, 
          80.7584530380147
        ], 
        [
          -4.110885795834071, 
          12.850835179059233, 
          79.12354945158543
        ], 
        [
          1.1809118581693228, 
          17.66830217916987, 
          86.3715355508325
        ], 
        [
          -4.32042896155327, 
          21.251559516529166, 
          88.00643913726175
        ], 
        [
          -11.39024578811261, 
          11.666072776407427, 
          85.22572091023753
        ], 
        [
          -5.888904968390018, 
          8.082815439048131, 
          83.59081732380828
        ], 
        [
          -0.5971073143866239, 
          12.900282439158769, 
          90.83880342305534
        ], 
        [
          -6.0984481341092165, 
          16.483539776518064, 
          92.4737070094846
        ]
      ], 
      "cuboid_centroid": [
        -5.104666964971644, 
        14.667187477788648, 
        85.79862823053502
      ], 
      "location": [
        -5.104666964971644, 
        14.667187477788648, 
        85.79862823053502
      ], 
      "pose_transform_permuted": [
        [
          0.2625777799519846, 
          0.7041409099653334, 
          -0.6597258895993092, 
          0.0
        ], 
        [
          -0.8130981406644482, 
          0.5296054132992256, 
          0.2416387404186127, 
          0.0
        ], 
        [
          -0.519542249147448, 
          -0.4729730432034927, 
          -0.7115984483918144, 
          0.0
        ], 
        [
          -5.104666964971644, 
          14.667187477788648, 
          85.79862823053502, 
          1.0
        ]
      ], 
      "projected_cuboid": [
        [
          417.59002822670834, 
          381.815404507973
        ], 
        [
          453.6573915068809, 
          359.90552952820076
        ], 
        [
          488.94962920438866, 
          382.38326172777937
        ], 
        [
          455.19705497492043, 
          402.0711243616991
        ], 
        [
          409.72599223430905, 
          346.2896760471231
        ], 
        [
          443.7120322371755, 
          324.8558837398798
        ], 
        [
          478.06220497300006, 
          349.02480174081927
        ], 
        [
          446.13265357710014, 
          368.35133907020264
        ]
      ], 
      "projected_cuboid_centroid": [
        449.6023126262954, 
        364.4569736080901
      ], 
      "quaternion_xyzw": [
        0.30563649350631594, 
        0.8581662242053183, 
        0.4124315658275165, 
        0.006099936976884042
      ], 
      "visibility": 0.9552992069214131
    }, 
    {
      "bounding_box": {
        "bottom_right": [
          371, 
          605
        ], 
        "top_left": [
          308, 
          529
        ]
      }, 
      "class": "010_potted_meat_can", 
      "cuboid": [
        [
          19.42930174502286, 
          11.587591885739949, 
          80.60476192227974
        ], 
        [
          9.918451582190443, 
          10.442376091855907, 
          77.20575726753025
        ], 
        [
          8.44756843598142, 
          4.826605044328423, 
          83.21358043439785
        ], 
        [
          17.958418598813836, 
          5.971820838212467, 
          86.61258508914733
        ], 
        [
          17.667858276977828, 
          15.802518300909934, 
          84.11338453552042
        ], 
        [
          8.157008114145414, 
          14.657302507025891, 
          80.71437988077095
        ], 
        [
          6.686124967936393, 
          9.041531459498406, 
          86.72220304763854
        ], 
        [
          16.196975130768806, 
          10.18674725338245, 
          90.12120770238803
        ]
      ], 
      "cuboid_centroid": [
        13.057713356479624, 
        10.314561672619178, 
        83.66348248495913
      ], 
      "location": [
        13.057713356479624, 
        10.314561672619178, 
        83.66348248495913
      ], 
      "pose_transform_permuted": [
        [
          0.30580085455829503, 
          -0.73174536852429, 
          -0.6091253071223383, 
          0.0
        ], 
        [
          0.9356744989747264, 
          0.11266597578709812, 
          0.33439302721580744, 
          0.0
        ], 
        [
          0.1760630126123042, 
          0.6722013039016345, 
          -0.7191294894682193, 
          0.0
        ], 
        [
          13.057713356479624, 
          10.314561672619178, 
          83.66348248495913, 
          1.0
        ]
      ], 
      "projected_cuboid": [
        [
          611.2219091477327, 
          349.9555774659624
        ], 
        [
          550.6824140697681, 
          345.42006612399365
        ], 
        [
          536.1890998758658, 
          304.2204669980135
        ], 
        [
          593.098086312293, 
          310.0582034031536
        ], 
        [
          594.5533899895738, 
          373.4821551217334
        ], 
        [
          535.9435865904455, 
          370.1345404688176
        ], 
        [
          523.0577020305401, 
          328.88966635860106
        ], 
        [
          578.2463556145734, 
          333.56970481365005
        ]
      ], 
      "projected_cuboid_centroid": [
        565.5281725014858, 
        339.0375391165277
      ], 
      "quaternion_xyzw": [
        0.89680002090749, 
        -0.017673125375558454, 
        0.17846617608412774, 
        0.40445886043923684
      ], 
      "visibility": 0.6354770690564049
    }, 
    {
      "bounding_box": {
        "bottom_right": [
          283, 
          537
        ], 
        "top_left": [
          229, 
          382
        ]
      }, 
      "class": "037_scissors", 
      "cuboid": [
        [
          -12.58168652081688, 
          1.0165030741906838, 
          72.7279818469322
        ], 
        [
          7.338952586217787, 
          -1.6639208554237708, 
          75.26622815245146
        ], 
        [
          7.246084138645198, 
          -8.03604107380369, 
          69.2660269483973
        ], 
        [
          -12.67455496838947, 
          -5.355617144189234, 
          66.72778064287803
        ], 
        [
          -12.29692060772098, 
          2.06961122500107, 
          71.60519013211577
        ], 
        [
          7.623718499313689, 
          -0.6108127046133841, 
          74.14343643763503
        ], 
        [
          7.5308500517411, 
          -6.982932922993303, 
          68.14323523358087
        ], 
        [
          -12.389789055293567, 
          -4.302508993378848, 
          65.6049889280616
        ]
      ], 
      "cuboid_centroid": [
        -2.5254182345378897, 
        -2.9832149244013095, 
        70.43560854025654
      ], 
      "location": [
        -2.5254182345378897, 
        -2.9832149244013095, 
        70.43560854025654
      ], 
      "pose_transform_permuted": [
        [
          -0.1819009321491337, 
          -0.6726976280400054, 
          0.7172096453329787, 
          0.0
        ], 
        [
          -0.9832594176173527, 
          0.132302586169016, 
          -0.12528486514536236, 
          0.0
        ], 
        [
          0.010609898871288444, 
          0.7279926915959146, 
          0.6855022308049002, 
          0.0
        ], 
        [
          -2.5254182345378897, 
          -2.9832149244013095, 
          70.43560854025654, 
          1.0
        ]
      ], 
      "projected_cuboid": [
        [
          388.56577464870867, 
          280.7406289936202
        ], 
        [
          534.0325999777825, 
          261.49636862092274
        ], 
        [
          537.8538444985156, 
          211.41236582745773
        ], 
        [
          379.4519124959316, 
          230.48194482030945
        ], 
        [
          389.2456428935092, 
          288.7011216702347
        ], 
        [
          536.8920714479536, 
          268.89291404556525
        ], 
        [
          541.0280627777123, 
          218.63496672807037
        ], 
        [
          380.0379826507604, 
          238.3103518646288
        ]
      ], 
      "projected_cuboid_centroid": [
        462.3159258828449, 
        250.698432718139
      ], 
      "quaternion_xyzw": [
        -0.0829509725099424, 
        -0.36676174532262495, 
        0.9258052919683282, 
        0.03859139882870573
      ], 
      "visibility": 0.8154260693836308
    }, 
    {
      "bounding_box": {
        "bottom_right": [
          374, 
          528
        ], 
        "top_left": [
          322, 
          474
        ]
      }, 
      "class": "061_foam_brick", 
      "cuboid": [
        [
          7.095446980693976, 
          11.10767600596617, 
          82.03106096873753
        ], 
        [
          -0.523307507023344, 
          12.66719336442228, 
          81.62353081755285
        ], 
        [
          -1.4246240504689596, 
          9.225993008047148, 
          85.30497074580455
        ], 
        [
          6.1941304372483605, 
          7.666475649591037, 
          85.71250089698924
        ], 
        [
          7.667491217596295, 
          14.85399344713583, 
          85.67295710428505
        ], 
        [
          0.048736729878973845, 
          16.41351080559194, 
          85.26542695310036
        ], 
        [
          -0.8525798135666417, 
          12.97231044921681, 
          88.94686688135207
        ], 
        [
          6.76617467415068, 
          11.412793090760697, 
          89.35439703253675
        ]
      ], 
      "cuboid_centroid": [
        3.1214335835636673, 
        12.03999322759149, 
        85.4889639250448
      ], 
      "location": [
        3.1214335835636673, 
        12.03999322759149, 
        85.4889639250448
      ], 
      "pose_transform_permuted": [
        [
          -0.10883642167719942, 
          -0.712769674897385, 
          -0.6929026077762873, 
          0.0
        ], 
        [
          0.9783438264223879, 
          -0.20026162836771222, 
          0.052331993127656184, 
          0.0
        ], 
        [
          0.1760624622618453, 
          0.672201361758654, 
          -0.71912957012774, 
          0.0
        ], 
        [
          3.1214335835636673, 
          12.03999322759149, 
          85.4889639250448, 
          1.0
        ]
      ], 
      "projected_cuboid": [
        [
          528.1120846630495, 
          345.50236778472953
        ], 
        [
          478.1493384773552, 
          356.0526498782904
        ], 
        [
          472.61621434145144, 
          330.9666790373842
        ], 
        [
          520.4593171622199, 
          320.98881658774354
        ], 
        [
          529.7254520138424, 
          365.7535878115289
        ], 
        [
          481.9044487903438, 
          375.95003306987553
        ], 
        [
          476.4424553259146, 
          351.0676610733995
        ], 
        [
          522.3181236870402, 
          341.40479803490166
        ]
      ], 
      "projected_cuboid_centroid": [
        501.23228970794565, 
        348.39756839645435
      ], 
      "quaternion_xyzw": [
        0.9142548599757796, 
        -0.10290459124262327, 
        -0.015450951103240554, 
        0.39154816334885517
      ], 
      "visibility": 0.6322787712058688
    }
  ]
}