{
  "camera_data": {
    "location_worldframe": [
      -17.03476625957902, 
      3.6012146370115463, 
      82.3186452016462
    ], 
    "quaternion_xyzw_worldframe": [
      0.9154631763116322, 
      0.020710939442302546, 
      -0.04885003491594957, 
      -0.3988885950027128
    ]
  }, 
  "objects": [
    {
      "bounding_box": {
        "bottom_right": [
          351, 
          566
        ], 
        "top_left": [
          235, 
          385
        ]
      }, 
      "class": "003_cracker_box", 
      "cuboid": [
        [
          -10.102677688023684, 
          11.780805165651412, 
          73.54158699773697
        ], 
        [
          -11.469190740033728, 
          0.8634670323472325, 
          61.37513780954138
        ], 
        [
          9.787338155740871, 
          0.23162547368469033, 
          59.55461516638583
        ], 
        [
          11.153851207750915, 
          11.148963606988868, 
          71.72106435458142
        ], 
        [
          -9.852730804084716, 
          6.426175199895249, 
          78.31839158029821
        ], 
        [
          -11.21924385609476, 
          -4.491162933408929, 
          66.15194239210263
        ], 
        [
          10.037285039679839, 
          -5.123004492071471, 
          64.33141974894706
        ], 
        [
          11.403798091689882, 
          5.794333641232708, 
          76.49786893714266
        ]
      ], 
      "cuboid_centroid": [
        -0.03269632417192275, 
        3.32890033678997, 
        68.93650337334202
      ], 
      "location": [
        -0.03269632417192275, 
        3.32890033678997, 
        68.93650337334202
      ], 
      "pose_transform_permuted": [
        [
          -0.03481154455637403, 
          0.7457702080468108, 
          -0.6652931332543697, 
          0.0
        ], 
        [
          0.0833056764551755, 
          0.6655452261850066, 
          0.7416938156494866, 
          0.0
        ], 
        [
          -0.9959158200550615, 
          0.029603187196069414, 
          0.08529554895707761, 
          0.0
        ], 
        [
          -0.03269632417192275, 
          3.32890033678997, 
          68.93650337334202, 
          1.0
        ]
      ], 
      "projected_cuboid": [
        [
          407.7224524970548, 
          358.7202953541042
        ], 
        [
          381.10494291712826, 
          280.7896393056634
        ], 
        [
          569.97440604686, 
          275.360775229585
        ], 
        [
          565.228564180214, 
          356.190503185763
        ], 
        [
          413.9444526926126, 
          317.0464391979847
        ], 
        [
          390.39331249854047, 
          237.07860429141422
        ], 
        [
          565.5014932984585, 
          230.81586609267785
        ], 
        [
          561.7633844043048, 
          313.6828476464271
        ]
      ], 
      "projected_cuboid_centroid": [
        481.3420096597585, 
        299.04020480756054
      ], 
      "quaternion_xyzw": [
        0.6667462030086139, 
        0.6229735687818396, 
        0.26504923009062126, 
        -0.31161248210106113
      ], 
      "visibility": 0.9779539641943734
    }, 
    {
      "bounding_box": {
        "bottom_right": [
          389, 
          440
        ], 
        "top_left": [
          327, 
          367
        ]
      }, 
      "class": "005_tomato_soup_can", 
      "cuboid": [
        [
          -18.135378302017735, 
          15.254272540030566, 
          82.59812303171368
        ], 
        [
          -12.767936201836921, 
          12.681711244613735, 
          79.38099894645767
        ], 
        [
          -6.568156260585026, 
          17.89360793121082, 
          85.55702313773466
        ], 
        [
          -11.935598360765841, 
          20.46616922662765, 
          88.77414722299068
        ], 
        [
          -18.048997450063275, 
          10.03724122411077, 
          86.91402030324764
        ], 
        [
          -12.681555349882458, 
          7.464679928693942, 
          83.69689621799162
        ], 
        [
          -6.481775408630567, 
          12.676576615291024, 
          89.8729204092686
        ], 
        [
          -11.84921750881138, 
          15.249137910707855, 
          93.09004449452463
        ]
      ], 
      "cuboid_centroid": [
        -12.308576855324151, 
        13.965424577660796, 
        86.23552172049115
      ], 
      "location": [
        -12.308576855324151, 
        13.965424577660796, 
        86.23552172049115
      ], 
      "pose_transform_permuted": [
        [
          -0.012756719773700707, 
          0.7704509164009568, 
          -0.6373714870752079, 
          0.0
        ], 
        [
          -0.7933079107069703, 
          0.38022454426923247, 
          0.4754909208007208, 
          0.0
        ], 
        [
          -0.6086868443392631, 
          -0.5116976694734827, 
          -0.6063545337372491, 
          0.0
        ], 
        [
          -12.308576855324151, 
          13.965424577660796, 
          86.23552172049115, 
          1.0
        ]
      ], 
      "projected_cuboid": [
        [
          363.524726265124, 
          371.7803290510525
        ], 
        [
          395.1010969920739, 
          358.48835006037024
        ], 
        [
          440.3132799945554, 
          384.82631780685483
        ], 
        [
          409.295216253913, 
          396.2390999884563
        ], 
        [
          369.92232028275725, 
          334.87680025619704
        ], 
        [
          400.11633964792867, 
          320.8517425226915
        ], 
        [
          442.8126881120583, 
          348.51127225864553
        ], 
        [
          413.1463249887704, 
          360.6499495945468
        ]
      ], 
      "projected_cuboid_centroid": [
        404.8408831243538, 
        359.6550583541291
      ], 
      "quaternion_xyzw": [
        0.288255909320514, 
        0.8576679233910496, 
        0.4013224152929111, 
        -0.14231838082622547
      ], 
      "visibility": 0.681337427499147
    }, 
    {
      "bounding_box": {
        "bottom_right": [
          396, 
          551
        ], 
        "top_left": [
          323, 
          479
        ]
      }, 
      "class": "010_potted_meat_can", 
      "cuboid": [
        [
          10.330327218163454, 
          15.10152375513557, 
          75.0746746266171
        ], 
        [
          0.5320899027027857, 
          12.63803150661446, 
          73.95808422328649
        ], 
        [
          1.4173409795317697, 
          6.55349454539909, 
          79.61397154456313
        ], 
        [
          11.215578294992438, 
          9.016986793920202, 
          80.73056194789373
        ], 
        [
          8.924391585440324, 
          18.79349136252212, 
          79.26650484755974
        ], 
        [
          -0.873845730020345, 
          16.32999911400101, 
          78.14991444422913
        ], 
        [
          0.011405346808639194, 
          10.245462152785638, 
          83.80580176550576
        ], 
        [
          9.809642662269308, 
          12.708954401306748, 
          84.92239216883637
        ]
      ], 
      "cuboid_centroid": [
        5.170866282486046, 
        12.673492953960604, 
        79.44023819606143
      ], 
      "location": [
        5.170866282486046, 
        12.673492953960604, 
        79.44023819606143
      ], 
      "pose_transform_permuted": [
        [
          0.24408181456874342, 
          -0.6409554832851948, 
          -0.7277356821165819, 
          0.0
        ], 
        [
          0.9639475582116446, 
          0.24235760588164465, 
          0.10984981871328492, 
          0.0
        ], 
        [
          -0.10596353075803654, 
          0.72831204198886, 
          -0.6770031755045961, 
          0.0
        ], 
        [
          5.170866282486046, 
          12.673492953960604, 
          79.44023819606143, 
          1.0
        ]
      ], 
      "projected_cuboid": [
        [
          555.5937703703436, 
          380.5655690847228
        ], 
        [
          485.4660011807076, 
          364.4207225130734
        ], 
        [
          491.17070254437874, 
          317.1872115875782
        ], 
        [
          556.3065013364131, 
          332.8542595773421
        ], 
        [
          542.1423988820065, 
          399.73259485080627
        ], 
        [
          475.5839749934453, 
          384.7275853914021
        ], 
        [
          481.67025479643314, 
          338.48614814695
        ], 
        [
          543.7158191478592, 
          353.09981326424435
        ]
      ], 
      "projected_cuboid_centroid": [
        516.6008139500318, 
        358.36964111674064
      ], 
      "quaternion_xyzw": [
        0.9246614626874377, 
        0.09417531461388043, 
        0.09569222022440539, 
        0.3563354568058005
      ], 
      "visibility": 0.6024429592071906
    }, 
    {
      "bounding_box": {
        "bottom_right": [
          280, 
          471
        ], 
        "top_left": [
          228, 
          313
        ]
      }, 
      "class": "037_scissors", 
      "cuboid": [
        [
          -20.808975235135893, 
          0.0019154321814287417, 
          74.15861165771092
        ], 
        [
          -0.7137037054565254, 
          0.3938128469328828, 
          71.61190638473172
        ], 
        [
          -1.4019544739924479, 
          -5.5894668763305795, 
          65.26040028397358
        ], 
        [
          -21.497226003671816, 
          -5.981364291082033, 
          67.80710555695279
        ], 
        [
          -20.9654659035443, 
          1.1441500400569036, 
          73.09955528116731
        ], 
        [
          -0.8701943738649298, 
          1.5360474548083578, 
          70.5528500081881
        ], 
        [
          -1.5584451424008523, 
          -4.447232268455105, 
          64.20134390742996
        ], 
        [
          -21.65371667208022, 
          -4.839129683206559, 
          66.74804918040917
        ]
      ], 
      "cuboid_centroid": [
        -11.183710188768373, 
        -2.222658418136838, 
        69.17997778257045
      ], 
      "location": [
        -11.183710188768373, 
        -2.222658418136838, 
        69.17997778257045
      ], 
      "pose_transform_permuted": [
        [
          0.09996209920863368, 
          -0.7296292510809607, 
          0.676497197285303, 
          0.0
        ], 
        [
          -0.9918790694901733, 
          -0.01934359744804497, 
          0.1257023898730385, 
          0.0
        ], 
        [
          0.07863026940926257, 
          0.6835690101617801, 
          0.7256375999689443, 
          0.0
        ], 
        [
          -11.183710188768373, 
          -2.222658418136838, 
          69.17997778257045, 
          1.0
        ]
      ], 
      "projected_cuboid": [
        [
          330.6999867662336, 
          273.3003130167246
        ], 
        [
          476.2375668767271, 
          276.219403673424
        ], 
        [
          470.04457069603336, 
          227.6084218242838
        ], 
        [
          311.1070513834558, 
          226.2416348800147
        ], 
        [
          327.36257155325137, 
          281.6340254606868
        ], 
        [
          474.96432184687455, 
          284.8977512525422
        ], 
        [
          468.54320340613816, 
          236.34344745832152
        ], 
        [
          307.14118879630416, 
          234.62169822584414
        ]
      ], 
      "projected_cuboid_centroid": [
        394.6615551308488, 
        256.15170650146297
      ], 
      "quaternion_xyzw": [
        0.061628949870972366, 
        -0.39743323452093143, 
        0.9154159269066243, 
        0.01619118430721412
      ], 
      "visibility": 0.7649930264993027
    }, 
    {
      "bounding_box": {
        "bottom_right": [
          376, 
          482
        ], 
        "top_left": [
          331, 
          426
        ]
      }, 
      "class": "061_foam_brick", 
      "cuboid": [
        [
          -1.0604309044027562, 
          12.592820313883262, 
          79.35783654919723
        ], 
        [
          -8.680713985099187, 
          12.940328327976875, 
          80.92439938220322
        ], 
        [
          -8.138253705667175, 
          9.211881038492349, 
          84.3901819784295
        ], 
        [
          -0.5179706249707434, 
          8.864373024398738, 
          82.8236191454235
        ], 
        [
          -0.13157627067267932, 
          16.186826736511296, 
          83.07884223914284
        ], 
        [
          -7.751859351369111, 
          16.534334750604906, 
          84.64540507214883
        ], 
        [
          -7.2093990719370975, 
          12.80588746112038, 
          88.11118766837512
        ], 
        [
          0.41088400875933306, 
          12.458379447026767, 
          86.54462483536913
        ]
      ], 
      "cuboid_centroid": [
        -4.134914988169927, 
        12.699353887501822, 
        83.73451210878618
      ], 
      "location": [
        -4.134914988169927, 
        12.699353887501822, 
        83.73451210878618
      ], 
      "pose_transform_permuted": [
        [
          -0.17672272190154045, 
          -0.6837911708399944, 
          -0.7079538927394782, 
          0.0
        ], 
        [
          0.9785401169717995, 
          -0.04462439638511731, 
          -0.20116635584530768, 
          0.0
        ], 
        [
          -0.10596376286508452, 
          0.7283119509719265, 
          -0.6770032370904431, 
          0.0
        ], 
        [
          -4.134914988169927, 
          12.699353887501822, 
          83.73451210878618, 
          1.0
        ]
      ], 
      "projected_cuboid": [
        [
          474.4111173678851, 
          357.9158319842503
        ], 
        [
          423.91143083428284, 
          358.56774565997034
        ], 
        [
          429.73724479811796, 
          331.5027479776013
        ], 
        [
          478.2339467629826, 
          330.3661944275652
        ], 
        [
          480.7453843481599, 
          377.19688934538823
        ], 
        [
          432.3484297177797, 
          377.4633035092103
        ], 
        [
          437.5963523587281, 
          350.79804070463155
        ], 
        [
          484.150187063267, 
          350.0596217670025
        ]
      ], 
      "projected_cuboid_centroid": [
        455.04160898360806, 
        354.1709182836246
      ], 
      "quaternion_xyzw": [
        0.9239596799486441, 
        0.016596873167500283, 
        -0.10224717754130029, 
        0.3681963719472243
      ], 
      "visibility": 0.5447189097103918
    }
  ]
}