{
  "camera_data": {
    "location_worldframe": [
      -16.04106864116082, 
      0.5118981865047625, 
      88.3574423675691
    ], 
    "quaternion_xyzw_worldframe": [
      0.8880030519128387, 
      0.03360842263567655, 
      0.010812154279275552, 
      -0.4584808469366152
    ]
  }, 
  "objects": [
    {
      "bounding_box": {
        "bottom_right": [
          328, 
          579
        ], 
        "top_left": [
          227, 
          419
        ]
      }, 
      "class": "003_cracker_box", 
      "cuboid": [
        [
          -7.969833995218052, 
          9.526053229716933, 
          81.60493393881089
        ], 
        [
          -8.14498529233426, 
          0.3747344496746371, 
          67.99241020893919
        ], 
        [
          13.161506054945804, 
          -0.780472542493765, 
          68.49487455585424
        ], 
        [
          13.336657352062009, 
          8.37084623754853, 
          82.10739828572594
        ], 
        [
          -8.386620743834746, 
          3.5799243828218836, 
          85.60771273325392
        ], 
        [
          -8.561772040950952, 
          -5.571394397220413, 
          71.99518900338221
        ], 
        [
          12.744719306329111, 
          -6.726601389388814, 
          72.49765335029727
        ], 
        [
          12.919870603445316, 
          2.424717390653482, 
          86.11017708016895
        ]
      ], 
      "cuboid_centroid": [
        2.3874426555555286, 
        1.3997259201640595, 
        77.05129364455408
      ], 
      "location": [
        2.3874426555555286, 
        1.3997259201640595, 
        77.05129364455408
      ], 
      "pose_transform_permuted": [
        [
          0.058048295067039346, 
          0.8281516697850564, 
          -0.5574900961201315, 
          0.0
        ], 
        [
          0.010677612823971672, 
          0.5578847566124616, 
          0.82984973755725, 
          0.0
        ], 
        [
          -0.9982566724165642, 
          0.0541240258265982, 
          -0.02354157607575355, 
          0.0
        ], 
        [
          2.3874426555555286, 
          1.3997259201640595, 
          77.05129364455408, 
          1.0
        ]
      ], 
      "projected_cuboid": [
        [
          429.0770835649296, 
          335.5429542607278
        ], 
        [
          417.1769374705611, 
          276.2258840038251
        ], 
        [
          584.9301202759711, 
          267.2095680805725
        ], 
        [
          568.9457684001528, 
          327.65844988471673
        ], 
        [
          428.914632873808, 
          295.58877826648785
        ], 
        [
          417.64539405502626, 
          232.0152561258094
        ], 
        [
          576.1332526116641, 
          223.80316737061844
        ], 
        [
          562.2825555579618, 
          288.303918178984
        ]
      ], 
      "projected_cuboid_centroid": [
        498.25974528475916, 
        282.9749054180605
      ], 
      "quaternion_xyzw": [
        0.6368460832043135, 
        0.6108781501800425, 
        0.34855283562269834, 
        -0.3158573613505161
      ], 
      "visibility": 0.9852426384789622
    }, 
    {
      "bounding_box": {
        "bottom_right": [
          356, 
          446
        ], 
        "top_left": [
          302, 
          381
        ]
      }, 
      "class": "005_tomato_soup_can", 
      "cuboid": [
        [
          -16.923477418879067, 
          12.057227096634263, 
          90.09232181082652
        ], 
        [
          -11.274282551776695, 
          9.740948132358964, 
          87.17704432650973
        ], 
        [
          -5.724426957378255, 
          13.859856692732485, 
          94.65889626005904
        ], 
        [
          -11.37362182448063, 
          16.176135657007784, 
          97.57417374437584
        ], 
        [
          -17.446438604188174, 
          6.314424389410944, 
          93.64176899678029
        ], 
        [
          -11.7972437370858, 
          3.998145425135647, 
          90.7264915124635
        ], 
        [
          -6.247388142687361, 
          8.117053985509168, 
          98.2083434460128
        ], 
        [
          -11.896583009789733, 
          10.433332949784466, 
          101.12362093032961
        ]
      ], 
      "cuboid_centroid": [
        -11.585432780783215, 
        10.087140541071715, 
        94.15033262841966
      ], 
      "location": [
        -11.585432780783215, 
        10.087140541071715, 
        94.15033262841966
      ], 
      "pose_transform_permuted": [
        [
          0.0772308809483339, 
          0.8480968084260055, 
          -0.5241821778585076, 
          0.0
        ], 
        [
          -0.8349509679939636, 
          0.3423460172401002, 
          0.43087799496458884, 
          0.0
        ], 
        [
          -0.544878063464114, 
          -0.40438942631719965, 
          -0.7345591111942202, 
          0.0
        ], 
        [
          -11.585432780783215, 
          10.087140541071715, 
          94.15033262841966, 
          1.0
        ]
      ], 
      "projected_cuboid": [
        [
          380.5802784460993, 
          344.6617140245071
        ], 
        [
          412.0500509669791, 
          332.878354127256
        ], 
        [
          449.0761866349479, 
          351.3746341480373
        ], 
        [
          418.91322219500216, 
          361.7018388223768
        ], 
        [
          381.40602165869024, 
          309.2491881898284
        ], 
        [
          411.6711512676777, 
          296.78892649050755
        ], 
        [
          447.387953766044, 
          317.3661313869504
        ], 
        [
          418.3323815999523, 
          328.3112763034384
        ]
      ], 
      "projected_cuboid_centroid": [
        415.4238681578066, 
        330.4256838406954
      ], 
      "quaternion_xyzw": [
        0.26685283251557795, 
        0.8311923020832289, 
        0.47601978376531906, 
        -0.10636741736235532
      ], 
      "visibility": 0.7641308967275818
    }, 
    {
      "bounding_box": {
        "bottom_right": [
          359, 
          553
        ], 
        "top_left": [
          297, 
          489
        ]
      }, 
      "class": "010_potted_meat_can", 
      "cuboid": [
        [
          12.212747416706648, 
          11.8711757411881, 
          85.85334221790212
        ], 
        [
          2.5606235413713216, 
          9.934349948708139, 
          83.32228844087848
        ], 
        [
          2.6576610561179166, 
          3.125669908168994, 
          88.16241041441349
        ], 
        [
          12.309784931453244, 
          5.062495700648953, 
          90.69346419143713
        ], 
        [
          10.407938343040291, 
          15.02338749585429, 
          90.32379473190069
        ], 
        [
          0.7558144677049634, 
          13.086561703374331, 
          87.79274095487705
        ], 
        [
          0.8528519824515586, 
          6.277881662835183, 
          92.63286292841205
        ], 
        [
          10.504975857786885, 
          8.214707455315144, 
          95.1639167054357
        ]
      ], 
      "cuboid_centroid": [
        6.532799699579103, 
        9.07452870201164, 
        89.24310257315709
      ], 
      "location": [
        6.532799699579103, 
        9.07452870201164, 
        89.24310257315709
      ], 
      "pose_transform_permuted": [
        [
          0.3133294749755936, 
          -0.5472494949812277, 
          -0.7761067691603559, 
          0.0
        ], 
        [
          0.9495729631394794, 
          0.1905443227422598, 
          0.24900428817074347, 
          0.0
        ], 
        [
          -0.011615278363022702, 
          0.8149911316478129, 
          -0.5793570062094417, 
          0.0
        ], 
        [
          6.532799699579103, 
          9.07452870201164, 
          89.24310257315709, 
          1.0
        ]
      ], 
      "projected_cuboid": [
        [
          558.0946864438492, 
          347.03009105095896
        ], 
        [
          498.1233939335704, 
          336.87316615572803
        ], 
        [
          497.8079971110819, 
          292.19460735838993
        ], 
        [
          554.5875482216667, 
          303.05635790116804
        ], 
        [
          543.5631850988257, 
          361.99258472016714
        ], 
        [
          486.2267209523641, 
          352.78422260634335
        ], 
        [
          486.5481533604682, 
          309.43048437126566
        ], 
        [
          540.9598845582827, 
          319.3235707940131
        ]
      ], 
      "projected_cuboid_centroid": [
        520.9626280492915, 
        327.51620644084545
      ], 
      "quaternion_xyzw": [
        0.9408335219298428, 
        0.05371821804632653, 
        0.1494243535224157, 
        0.2993639349923906
      ], 
      "visibility": 0.5434331455677438
    }, 
    {
      "bounding_box": {
        "bottom_right": [
          267, 
          490
        ], 
        "top_left": [
          224, 
          342
        ]
      }, 
      "class": "037_scissors", 
      "cuboid": [
        [
          -18.918752430248638, 
          -1.834641158174247, 
          79.41325841675774
        ], 
        [
          1.3400204597010759, 
          -1.837478479548209, 
          79.20993078534157
        ], 
        [
          1.267629048293982, 
          -6.897027418372545, 
          72.06775470697652
        ], 
        [
          -18.991143841655727, 
          -6.8941900969985825, 
          72.2710823383927
        ], 
        [
          -18.927654255455934, 
          -0.5571758207916457, 
          78.50838676468824
        ], 
        [
          1.3311186344937789, 
          -0.5600131421656079, 
          78.30505913327205
        ], 
        [
          1.258727223086685, 
          -5.619562080989944, 
          71.16288305490703
        ], 
        [
          -19.000045666863024, 
          -5.616724759615982, 
          71.3662106863232
        ]
      ], 
      "cuboid_centroid": [
        -8.830012603580975, 
        -3.727101619582095, 
        75.28807073583238
      ], 
      "location": [
        -8.830012603580975, 
        -3.727101619582095, 
        75.28807073583238
      ], 
      "pose_transform_permuted": [
        [
          0.005686250455442489, 
          -0.8160110637253325, 
          0.5780080740609423, 
          0.0
        ], 
        [
          -0.9999493051595848, 
          0.000140046860282215, 
          0.010036013773332348, 
          0.0
        ], 
        [
          0.008270468326486919, 
          0.578035963541888, 
          0.8159689097113199, 
          0.0
        ], 
        [
          -8.830012603580975, 
          -3.727101619582095, 
          75.28807073583238, 
          1.0
        ]
      ], 
      "projected_cuboid": [
        [
          353.4846540995195, 
          260.9655467860955
        ], 
        [
          490.6945999280616, 
          260.9148158112153
        ], 
        [
          491.056019134616, 
          222.24679346820258
        ], 
        [
          340.2853094761823, 
          222.4113266262473
        ], 
        [
          351.9470811231101, 
          269.50155667251744
        ], 
        [
          490.7385947412894, 
          269.4724041456916
        ], 
        [
          491.1090250596707, 
          231.17157048741848
        ], 
        [
          338.42650142947934, 
          231.3127624540832
        ]
      ], 
      "projected_cuboid_centroid": [
        418.5264789226463, 
        246.88479514535558
      ], 
      "quaternion_xyzw": [
        0.0044250385229931315, 
        -0.45932151668037696, 
        0.8882557828072969, 
        0.0023671433807579715
      ], 
      "visibility": 0.8033264033264034
    }, 
    {
      "bounding_box": {
        "bottom_right": [
          344, 
          486
        ], 
        "top_left": [
          304, 
          439
        ]
      }, 
      "class": "061_foam_brick", 
      "cuboid": [
        [
          0.3526721309512877, 
          9.231482817341762, 
          88.45322242218077
        ], 
        [
          -7.3888742016515545, 
          9.644314583666612, 
          89.18917450787653
        ], 
        [
          -7.329409102330911, 
          5.472130579526428, 
          92.15507671244943
        ], 
        [
          0.4121372302719313, 
          5.059298813201576, 
          91.41912462675369
        ], 
        [
          0.9189245149021301, 
          12.264423024579171, 
          92.70835677706238
        ], 
        [
          -6.8226218177007105, 
          12.677254790904021, 
          93.44430886275813
        ], 
        [
          -6.763156718380067, 
          8.505070786763836, 
          96.41021106733105
        ], 
        [
          0.9783896142227737, 
          8.092239020438987, 
          95.67425898163529
        ]
      ], 
      "cuboid_centroid": [
        -3.2052422937143903, 
        8.8682768020528, 
        92.4317167447559
      ], 
      "location": [
        -3.2052422937143903, 
        8.8682768020528, 
        92.4317167447559
      ], 
      "pose_transform_permuted": [
        [
          -0.10773447097224578, 
          -0.5770434138172953, 
          -0.8095765450742827, 
          0.0
        ], 
        [
          0.9941118425164146, 
          -0.053012787140746837, 
          -0.09450549702630556, 
          0.0
        ], 
        [
          -0.011615865570395512, 
          0.8149911306079665, 
          -0.5793569958992458, 
          0.0
        ], 
        [
          -3.2052422937143903, 
          8.8682768020528, 
          92.4317167447559, 
          1.0
        ]
      ], 
      "projected_cuboid": [
        [
          483.74118977554355, 
          328.9468116648247
        ], 
        [
          437.0460269011385, 
          330.9561134889229
        ], 
        [
          438.82685364330615, 
          304.95483563623895
        ], 
        [
          484.0214258708743, 
          302.80140311727257
        ], 
        [
          486.92738189322847, 
          343.8395841435206
        ], 
        [
          442.33346316529804, 
          345.6400961929822
        ], 
        [
          443.8730325171375, 
          320.3346748605276
        ], 
        [
          487.09638246318355, 
          318.39532259329417
        ]
      ], 
      "projected_cuboid_centroid": [
        462.9490981022784, 
        324.45539921310194
      ], 
      "quaternion_xyzw": [
        0.9511413562397893, 
        -0.010880854170301388, 
        -0.05315717970620059, 
        0.3039507225004431
      ], 
      "visibility": 0.40550964187327826
    }
  ]
}