{
  "camera_data": {
    "location_worldframe": [
      -15.328079755626412, 
      0.9931534182857832, 
      87.10649792656392
    ], 
    "quaternion_xyzw_worldframe": [
      0.89266378531819, 
      0.030956960913158103, 
      0.016291572962575093, 
      -0.44936321297300263
    ]
  }, 
  "objects": [
    {
      "bounding_box": {
        "bottom_right": [
          331, 
          587
        ], 
        "top_left": [
          226, 
          424
        ]
      }, 
      "class": "003_cracker_box", 
      "cuboid": [
        [
          -7.112433380383014, 
          9.787454420998209, 
          80.23916900599
        ], 
        [
          -7.2771076217260315, 
          0.36688896237516455, 
          66.81143857522869
        ], 
        [
          14.01181638224286, 
          -0.9945533592433451, 
          67.50551112513882
        ], 
        [
          14.176490623585877, 
          8.4260120993797, 
          80.93324155590011
        ], 
        [
          -7.621425364983432, 
          3.9274468639196507, 
          84.3566483472299
        ], 
        [
          -7.78609960632645, 
          -5.493118594703394, 
          70.9289179164686
        ], 
        [
          13.502824397642444, 
          -6.854560916321903, 
          71.62299046637872
        ], 
        [
          13.667498638985458, 
          2.566004542301141, 
          85.05072089714002
        ]
      ], 
      "cuboid_centroid": [
        3.195195508629714, 
        1.4664467523381528, 
        75.93107973618436
      ], 
      "location": [
        3.195195508629714, 
        1.4664467523381528, 
        75.93107973618436
      ], 
      "pose_transform_permuted": [
        [
          0.07089025024645368, 
          0.8161570608887468, 
          -0.5734651030197371, 
          0.0
        ], 
        [
          0.010038908190188378, 
          0.5742986332742951, 
          0.8185843268360482, 
          0.0
        ], 
        [
          -0.9974336031748401, 
          0.06378661129672442, 
          -0.032518848025975156, 
          0.0
        ], 
        [
          3.195195508629714, 
          1.4664467523381528, 
          75.93107973618436, 
          1.0
        ]
      ], 
      "projected_cuboid": [
        [
          433.9294424544278, 
          338.3400670343555
        ], 
        [
          423.02376614801585, 
          276.2152141581007
        ], 
        [
          593.2183360188078, 
          265.4291827203239
        ], 
        [
          575.7933030704426, 
          328.81078456103626
        ], 
        [
          433.0113511337104, 
          298.1166416594607
        ], 
        [
          422.56495173558073, 
          231.98338821835853
        ], 
        [
          582.9797823022196, 
          222.2460613564043
        ], 
        [
          568.0147843810187, 
          289.3769421365085
        ]
      ], 
      "projected_cuboid_centroid": [
        504.22628998392247, 
        283.58646751512487
      ], 
      "quaternion_xyzw": [
        0.6417341004081538, 
        0.6122988615726851, 
        0.3465121210314291, 
        -0.3052815069217782
      ], 
      "visibility": 0.9828834759710335
    }, 
    {
      "bounding_box": {
        "bottom_right": [
          360, 
          450
        ], 
        "top_left": [
          306, 
          384
        ]
      }, 
      "class": "005_tomato_soup_can", 
      "cuboid": [
        [
          -16.104625550559998, 
          12.579373188203999, 
          88.60311355706061
        ], 
        [
          -10.457333666801544, 
          10.147724398115246, 
          85.77953918426637
        ], 
        [
          -4.923100166217095, 
          14.359406764430894, 
          93.2212059605487
        ], 
        [
          -10.570392049975547, 
          16.791055554519644, 
          96.04478033334294
        ], 
        [
          -16.714174833773757, 
          6.914609842538631, 
          92.2624512799616
        ], 
        [
          -11.066882950015303, 
          4.482961052449879, 
          89.43887690716737
        ], 
        [
          -5.532649449430855, 
          8.694643418765528, 
          96.88054368344969
        ], 
        [
          -11.179941333189308, 
          11.126292208854279, 
          99.70411805624393
        ]
      ], 
      "cuboid_centroid": [
        -10.818637499995425, 
        10.637008303484762, 
        92.74182862025515
      ], 
      "location": [
        -10.818637499995425, 
        10.637008303484762, 
        92.74182862025515
      ], 
      "pose_transform_permuted": [
        [
          0.09001820679329961, 
          0.8365719595250231, 
          -0.5404108067027366, 
          0.0
        ], 
        [
          -0.8346697070669711, 
          0.35939767681396234, 
          0.4173242756231471, 
          0.0
        ], 
        [
          -0.5433443053185484, 
          -0.41349784560165165, 
          -0.7306137813925339, 
          0.0
        ], 
        [
          -10.818637499995425, 
          10.637008303484762, 
          92.74182862025515, 
          1.0
        ]
      ], 
      "projected_cuboid": [
        [
          383.85233086804925, 
          349.00426161387554
        ], 
        [
          416.03857086967844, 
          336.3782752139331
        ], 
        [
          453.19724207080446, 
          355.4368679549838
        ], 
        [
          422.4124212892082, 
          366.5242831067801
        ], 
        [
          384.17626910977117, 
          313.2561766356679
        ], 
        [
          415.0558551984725, 
          300.01821219897516
        ], 
        [
          450.88646733008494, 
          321.14984910269527
        ], 
        [
          421.29695023946374, 
          332.80132672585984
        ]
      ], 
      "projected_cuboid_centroid": [
        418.8651383703924, 
        334.45553711591555
      ], 
      "quaternion_xyzw": [
        0.27029761758465926, 
        0.8349518488169482, 
        0.46924434718544505, 
        -0.09800148035291222
      ], 
      "visibility": 0.8003300330033003
    }, 
    {
      "bounding_box": {
        "bottom_right": [
          362, 
          559
        ], 
        "top_left": [
          299, 
          495
        ]
      }, 
      "class": "010_potted_meat_can", 
      "cuboid": [
        [
          13.05992894831489, 
          12.01209021593867, 
          84.59943177691092
        ], 
        [
          3.408127703775095, 
          10.123045944896264, 
          82.03130655501045
        ], 
        [
          3.3975668153329655, 
          3.4122925203649763, 
          87.00724845933144
        ], 
        [
          13.049368059872762, 
          5.301336791407382, 
          89.57537368123191
        ], 
        [
          11.253341271490024, 
          15.271614959048637, 
          88.99152237633605
        ], 
        [
          1.6015400269502267, 
          13.382570688006231, 
          86.42339715443558
        ], 
        [
          1.5909791385080974, 
          6.671817263474944, 
          91.39933905875657
        ], 
        [
          11.242780383047894, 
          8.56086153451735, 
          93.96746428065704
        ]
      ], 
      "cuboid_centroid": [
        7.3254540434114945, 
        9.341953739706806, 
        87.99938541783374
      ], 
      "location": [
        7.3254540434114945, 
        9.341953739706806, 
        87.99938541783374
      ], 
      "pose_transform_permuted": [
        [
          0.31363825489141794, 
          -0.5658798990598403, 
          -0.7625025060227058, 
          0.0
        ], 
        [
          0.9495412228215485, 
          0.1858435914337119, 
          0.2526513654580039, 
          0.0
        ], 
        [
          0.0012641261406632631, 
          0.8032694288914054, 
          -0.5956144949491875, 
          0.0
        ], 
        [
          7.3254540434114945, 
          9.341953739706806, 
          87.99938541783374, 
          1.0
        ]
      ], 
      "projected_cuboid": [
        [
          564.6137007420454, 
          349.01143131017534
        ], 
        [
          503.9393738264084, 
          339.10066274042543
        ], 
        [
          502.5963446173816, 
          294.2025243715771
        ], 
        [
          559.938697058732, 
          304.8499756948481
        ], 
        [
          549.5995243418866, 
          364.80819203143733
        ], 
        [
          491.56254869081533, 
          355.8705054726919
        ], 
        [
          490.9578734949941, 
          312.21691580028465
        ], 
        [
          545.9380917915955, 
          321.87436718514954
        ]
      ], 
      "projected_cuboid_centroid": [
        526.3628999197357, 
        329.9033751423783
      ], 
      "quaternion_xyzw": [
        0.9374584201093481, 
        0.04922337389415061, 
        0.1510172633265612, 
        0.30974557620207505
      ], 
      "visibility": 0.5567660550458715
    }, 
    {
      "bounding_box": {
        "bottom_right": [
          269, 
          496
        ], 
        "top_left": [
          225, 
          346
        ]
      }, 
      "class": "037_scissors", 
      "cuboid": [
        [
          -18.160804750406513, 
          -1.503141304179572, 
          78.18854144295372
        ], 
        [
          2.097825255103865, 
          -1.7159737306353346, 
          78.14562477096342
        ], 
        [
          2.028271585906434, 
          -6.916913656491247, 
          71.10571416855427
        ], 
        [
          -18.23035841960394, 
          -6.704081230035483, 
          71.14863084054456
        ], 
        [
          -18.149547043881988, 
          -0.244078010320168, 
          77.25826055874467
        ], 
        [
          2.1090829616283933, 
          -0.4569104367759307, 
          77.21534388675438
        ], 
        [
          2.0395292924309625, 
          -5.657850362631843, 
          70.17543328434522
        ], 
        [
          -18.219100713079417, 
          -5.44501793617608, 
          70.21834995633552
        ]
      ], 
      "cuboid_centroid": [
        -8.060637728987775, 
        -3.580495833405707, 
        74.18198736364947
      ], 
      "location": [
        -8.060637728987775, 
        -3.580495833405707, 
        74.18198736364947
      ], 
      "pose_transform_permuted": [
        [
          -0.007191125118910023, 
          -0.8042563251264354, 
          0.5942388193812954, 
          0.0
        ], 
        [
          -0.9999422525509887, 
          0.010505159325590164, 
          0.002118316670489962, 
          0.0
        ], 
        [
          0.007946266095758395, 
          0.594189394690224, 
          0.8042854328547913, 
          0.0
        ], 
        [
          -8.060637728987775, 
          -3.580495833405707, 
          74.18198736364947, 
          1.0
        ]
      ], 
      "projected_cuboid": [
        [
          356.69094923929424, 
          263.0336968489879
        ], 
        [
          496.03338517050145, 
          261.5755509948021
        ], 
        [
          496.93664469951074, 
          221.40708565828993
        ], 
        [
          343.8062124937284, 
          223.03373951000574
        ], 
        [
          355.26529215942355, 
          271.60164911927643
        ], 
        [
          496.2857160853314, 
          270.1306978151949
        ], 
        [
          497.22626319538557, 
          230.2879805686568
        ], 
        [
          342.0669205492085, 
          231.93075707962524
        ]
      ], 
      "projected_cuboid_centroid": [
        423.16346432759195, 
        247.54513345344515
      ], 
      "quaternion_xyzw": [
        -0.0014204765840745855, 
        -0.45042029971191555, 
        0.8928004349548823, 
        0.005166727271554534
      ], 
      "visibility": 0.8065678814577493
    }, 
    {
      "bounding_box": {
        "bottom_right": [
          348, 
          490
        ], 
        "top_left": [
          306, 
          443
        ]
      }, 
      "class": "061_foam_brick", 
      "cuboid": [
        [
          1.1535651715193445, 
          9.54581212356839, 
          87.15763284441121
        ], 
        [
          -6.58875181411153, 
          10.052015287060776, 
          87.82387695196132
        ], 
        [
          -6.595226688118252, 
          5.939839726315407, 
          90.87300823531828
        ], 
        [
          1.1470902975126225, 
          5.433636562823023, 
          90.20676412776817
        ], 
        [
          1.7182679521178554, 
          12.657671932069217, 
          91.35560565791567
        ], 
        [
          -6.02404903351302, 
          13.1638750955616, 
          92.02184976546577
        ], 
        [
          -6.030523907519742, 
          9.051699534816233, 
          95.07098104882274
        ], 
        [
          1.7117930781111335, 
          8.54549637132385, 
          94.40473694127263
        ]
      ], 
      "cuboid_centroid": [
        -2.4384793680001984, 
        9.298755829192313, 
        91.11430694661698
      ], 
      "location": [
        -2.4384793680001984, 
        9.298755829192313, 
        91.11430694661698
      ], 
      "pose_transform_permuted": [
        [
          -0.10743964537484085, 
          -0.5920585585344484, 
          -0.7987010616418628, 
          0.0
        ], 
        [
          0.994210804050548, 
          -0.06500284800050538, 
          -0.08555411656364348, 
          0.0
        ], 
        [
          0.0012647967783890879, 
          0.8032691286349387, 
          -0.5956148984630713, 
          0.0
        ], 
        [
          -2.4384793680001984, 
          9.298755829192313, 
          91.11430694661698, 
          1.0
        ]
      ], 
      "projected_cuboid": [
        [
          488.7145850549518, 
          331.69758445695925
        ], 
        [
          441.25275989536914, 
          334.32844126540897
        ], 
        [
          442.56814653648763, 
          308.14653555891994
        ], 
        [
          488.43540205762525, 
          305.41123300634223
        ], 
        [
          491.7116392124754, 
          347.18002563457463
        ], 
        [
          446.3932906568677, 
          349.57877071502054
        ], 
        [
          447.48572692677124, 
          324.06384741531554
        ], 
        [
          491.34807052418716, 
          321.5625113108254
        ]
      ], 
      "projected_cuboid_centroid": [
        467.2049664169845, 
        327.7149669409032
      ], 
      "quaternion_xyzw": [
        0.9481799663470207, 
        -0.017472327809824613, 
        -0.05088531945101529, 
        0.3131455786745782
      ], 
      "visibility": 0.4148822269807281
    }
  ]
}