{
  "camera_data": {
    "location_worldframe": [
      -8.543946706663656, 
      7.6639877021216325, 
      83.16346207768757
    ], 
    "quaternion_xyzw_worldframe": [
      0.9360579500875352, 
      -0.03367473934391845, 
      0.17290085264593827, 
      -0.3045769520796634
    ]
  }, 
  "objects": [
    {
      "bounding_box": {
        "bottom_right": [
          348, 
          636
        ], 
        "top_left": [
          203, 
          481
        ]
      }, 
      "class": "003_cracker_box", 
      "cuboid": [
        [
          2.990503159030379, 
          11.834797410815767, 
          76.7169753683182
        ], 
        [
          2.5999461930922023, 
          -0.9798545267504779, 
          66.48417141912896
        ], 
        [
          22.068196604569074, 
          -6.7936473416992325, 
          73.02179990102331
        ], 
        [
          22.458753570507252, 
          6.021004595867012, 
          83.25460385021256
        ], 
        [
          0.0523985136688207, 
          7.801736165375231, 
          81.8797610135269
        ], 
        [
          -0.3381584522693562, 
          -5.012915772191015, 
          71.64695706433767
        ], 
        [
          19.130091959207512, 
          -10.82670858713977, 
          78.18458554623203
        ], 
        [
          19.52064892514569, 
          1.9879433504264763, 
          88.41738949542128
        ]
      ], 
      "cuboid_centroid": [
        11.060297559118947, 
        0.5040444118379992, 
        77.45078045727512
      ], 
      "location": [
        11.060297559118947, 
        0.5040444118379992, 
        77.45078045727512
      ], 
      "pose_transform_permuted": [
        [
          0.40920678490342055, 
          0.561707707780509, 
          -0.7190509427077971, 
          0.0
        ], 
        [
          0.023809221722326968, 
          0.7812096976507591, 
          0.6238144990759563, 
          0.0
        ], 
        [
          -0.9121309819044536, 
          0.2723891688675881, 
          -0.306302485353354, 
          0.0
        ], 
        [
          11.060297559118947, 
          0.5040444118379992, 
          77.45078045727512, 
          1.0
        ]
      ], 
      "projected_cuboid": [
        [
          502.5596394730871, 
          355.5594533531454
        ], 
        [
          502.62699971083464, 
          265.4263872625445
        ], 
        [
          644.1167836185067, 
          223.66868176044645
        ], 
        [
          626.6642365394932, 
          311.85641295335427
        ], 
        [
          481.9412083074717, 
          324.1027424772176
        ], 
        [
          479.0589369211389, 
          235.97181786434464
        ], 
        [
          613.1763956739454, 
          199.43443950871898
        ], 
        [
          600.3237433192778, 
          285.2774950213081
        ]
      ], 
      "projected_cuboid_centroid": [
        558.3920351376057, 
        276.75734555799005
      ], 
      "quaternion_xyzw": [
        0.7097973889247748, 
        0.5964169162837943, 
        0.3638437179743056, 
        -0.08995708719570368
      ], 
      "visibility": 0.9680259216237697
    }, 
    {
      "bounding_box": {
        "bottom_right": [
          407, 
          497
        ], 
        "top_left": [
          348, 
          431
        ]
      }, 
      "class": "005_tomato_soup_can", 
      "cuboid": [
        [
          -6.196935966708654, 
          19.010716761161483, 
          81.48218660438978
        ], 
        [
          -1.0739933535596051, 
          14.626489498450315, 
          80.92415077338403
        ], 
        [
          3.961485198249981, 
          19.576032747438163, 
          88.26515823718721
        ], 
        [
          -1.1614574148990668, 
          23.96026001014933, 
          88.82319406819296
        ], 
        [
          -9.087961356886144, 
          15.03934654860327, 
          86.14287727096067
        ], 
        [
          -3.9650187437370943, 
          10.655119285892102, 
          85.5848414399549
        ], 
        [
          1.0704598080724925, 
          15.604662534879948, 
          92.9258489037581
        ], 
        [
          -4.052482805076556, 
          19.988889797591117, 
          93.48388473476385
        ]
      ], 
      "cuboid_centroid": [
        -2.5632380793180807, 
        17.307689648020716, 
        87.20401775407393
      ], 
      "location": [
        -2.5632380793180807, 
        17.307689648020716, 
        87.20401775407393
      ], 
      "pose_transform_permuted": [
        [
          0.426946480923697, 
          0.5864917487261597, 
          -0.6882905579200712, 
          0.0
        ], 
        [
          -0.7571708879676728, 
          0.6479887635357574, 
          0.08247769252692835, 
          0.0
        ], 
        [
          -0.49437715184776576, 
          -0.48594012847152296, 
          -0.7207311726795026, 
          0.0
        ], 
        [
          -2.5632380793180807, 
          17.307689648020716, 
          87.20401775407393, 
          1.0
        ]
      ], 
      "projected_cuboid": [
        [
          440.6986921432582, 
          397.7160355361944
        ], 
        [
          474.460077551461, 
          369.6804229715299
        ], 
        [
          505.73280102756826, 
          391.5696956114613
        ], 
        [
          474.5652345475641, 
          417.1507168745583
        ], 
        [
          424.86366562754813, 
          366.39670897373105
        ], 
        [
          456.6832599049021, 
          339.6836204621878
        ], 
        [
          487.7918445587417, 
          362.84474182682396
        ], 
        [
          458.28524973375335, 
          387.32187578486037
        ]
      ], 
      "projected_cuboid_centroid": [
        465.7902606195193, 
        379.13636080461276
      ], 
      "quaternion_xyzw": [
        0.333608864964905, 
        0.8560668160779371, 
        0.38175259712632387, 
        0.10059635005330232
      ], 
      "visibility": 0.9714828897338403
    }, 
    {
      "bounding_box": {
        "bottom_right": [
          367, 
          613
        ], 
        "top_left": [
          310, 
          536
        ]
      }, 
      "class": "010_potted_meat_can", 
      "cuboid": [
        [
          21.768201514283252, 
          10.717413320893394, 
          85.49393736451646
        ], 
        [
          12.634395318832798, 
          10.34105351115638, 
          81.04950710238103
        ], 
        [
          9.758816470449108, 
          5.674689283312875, 
          87.35429988820925
        ], 
        [
          18.892622665899562, 
          6.05104909304989, 
          91.79873015034467
        ], 
        [
          20.200487895039945, 
          15.490451000760041, 
          88.31157923905842
        ], 
        [
          11.06668169958949, 
          15.114091191023027, 
          83.867148976923
        ], 
        [
          8.191102851205802, 
          10.447726963179523, 
          90.17194176275123
        ], 
        [
          17.324909046656256, 
          10.824086772916537, 
          94.61637202488664
        ]
      ], 
      "cuboid_centroid": [
        14.979652182744527, 
        10.582570142036458, 
        87.83293956363384
      ], 
      "location": [
        14.979652182744527, 
        10.582570142036458, 
        87.83293956363384
      ], 
      "pose_transform_permuted": [
        [
          0.27216778350505977, 
          -0.8286380050346588, 
          -0.48916545362110286, 
          0.0
        ], 
        [
          0.8985810300175311, 
          0.03702616173957594, 
          0.4372416753028962, 
          0.0
        ], 
        [
          0.34420346467054136, 
          0.5585584048725406, 
          -0.7546764096319947, 
          0.0
        ], 
        [
          14.979652182744527, 
          10.582570142036458, 
          87.83293956363384, 
          1.0
        ]
      ], 
      "projected_cuboid": [
        [
          618.5208776113385, 
          340.14281552777794
        ], 
        [
          565.426365951994, 
          341.3324341909436
        ], 
        [
          541.6735663327333, 
          307.9319180837911
        ], 
        [
          592.2715049756181, 
          308.4410872302997
        ], 
        [
          604.6058028072393, 
          366.8344163235832
        ], 
        [
          552.5576691501404, 
          369.398554573594
        ], 
        [
          530.4468586763917, 
          335.0793449251862
        ], 
        [
          580.0653626881395, 
          334.29815069072174
        ]
      ], 
      "projected_cuboid_centroid": [
        573.3111570573558, 
        337.5436597978054
      ], 
      "quaternion_xyzw": [
        0.8582401890658544, 
        -0.089478827385522, 
        0.20664653900096072, 
        0.4612095876068217
      ], 
      "visibility": 0.6885147324113049
    }, 
    {
      "bounding_box": {
        "bottom_right": [
          296, 
          543
        ], 
        "top_left": [
          238, 
          402
        ]
      }, 
      "class": "037_scissors", 
      "cuboid": [
        [
          -10.272181362876395, 
          3.2395894122338604, 
          74.72404434105482
        ], 
        [
          8.697788046950503, 
          -1.508930660879238, 
          80.02036824430365
        ], 
        [
          8.43295976300619, 
          -8.473303969758478, 
          74.72486774767754
        ], 
        [
          -10.537009646820708, 
          -3.7247838966453792, 
          69.42854384442872
        ], 
        [
          -9.724568869211378, 
          4.114025787375078, 
          73.54664414569349
        ], 
        [
          9.24540054061552, 
          -0.6344942857380215, 
          78.84296804894231
        ], 
        [
          8.980572256671207, 
          -7.598867594617261, 
          73.5474675523162
        ], 
        [
          -9.989397153155691, 
          -2.8503475215041623, 
          68.25114364906737
        ]
      ], 
      "cuboid_centroid": [
        -0.6458045531025941, 
        -2.1796390911917003, 
        74.1357559466855
      ], 
      "location": [
        -0.6458045531025941, 
        -2.1796390911917003, 
        74.1357559466855
      ], 
      "pose_transform_permuted": [
        [
          -0.34980037452948876, 
          -0.5585668242874599, 
          0.7520920981040033, 
          0.0
        ], 
        [
          -0.936335474675538, 
          0.2343813899015268, 
          -0.26142034543371157, 
          0.0
        ], 
        [
          0.03025571530857962, 
          0.7956555583784592, 
          0.6049926127832032, 
          0.0
        ], 
        [
          -0.6458045531025941, 
          -2.1796390911917003, 
          74.1357559466855, 
          1.0
        ]
      ], 
      "projected_cuboid": [
        [
          407.67160682396457, 
          296.4080979855017
        ], 
        [
          540.0491551123065, 
          263.22982006384984
        ], 
        [
          542.2855983938588, 
          212.81163749056822
        ], 
        [
          399.9818669172746, 
          244.6743838850922
        ], 
        [
          410.4922173833011, 
          303.1191774385368
        ], 
        [
          544.6571474455192, 
          268.9946114296061
        ], 
        [
          547.2611739402713, 
          218.18437018413806
        ], 
        [
          402.8886686088738, 
          251.01370750876555
        ]
      ], 
      "projected_cuboid_centroid": [
        476.91254884330226, 
        257.6065978940386
      ], 
      "quaternion_xyzw": [
        -0.16372832468361154, 
        -0.31168386653000846, 
        0.9332849419065435, 
        0.07088861432541105
      ], 
      "visibility": 0.8234421364985163
    }, 
    {
      "bounding_box": {
        "bottom_right": [
          383, 
          541
        ], 
        "top_left": [
          329, 
          486
        ]
      }, 
      "class": "061_foam_brick", 
      "cuboid": [
        [
          9.39918425932484, 
          11.894032559682824, 
          85.38737969996905
        ], 
        [
          2.151786361301938, 
          14.302041293751373, 
          83.86412239933132
        ], 
        [
          0.389705461761046, 
          11.442614043928359, 
          87.72753773501213
        ], 
        [
          7.637103359783948, 
          9.034605309859813, 
          89.25079503564987
        ], 
        [
          10.051469622613217, 
          15.939433906173504, 
          88.67900364443054
        ], 
        [
          2.8040717245903157, 
          18.34744264024205, 
          87.1557463437928
        ], 
        [
          1.0419908250494228, 
          15.488015390419038, 
          91.01916167947363
        ], 
        [
          8.289388723072324, 
          13.08000665635049, 
          92.54241898011135
        ]
      ], 
      "cuboid_centroid": [
        5.220587542187132, 
        13.691023975050932, 
        88.20327068972134
      ], 
      "location": [
        5.220587542187132, 
        13.691023975050932, 
        88.20327068972134
      ], 
      "pose_transform_permuted": [
        [
          -0.12410299811278694, 
          -0.7696730049836213, 
          -0.6262602584061193, 
          0.0
        ], 
        [
          0.93065697320845, 
          -0.3092185845790392, 
          0.19560538123840432, 
          0.0
        ], 
        [
          0.3442034922511731, 
          0.5585582622703003, 
          -0.7546765025967606, 
          0.0
        ], 
        [
          5.220587542187132, 
          13.691023975050932, 
          88.20327068972134, 
          1.0
        ]
      ], 
      "projected_cuboid": [
        [
          540.7925041916855, 
          347.57527373188213
        ], 
        [
          495.3950228250119, 
          364.23793034157046
        ], 
        [
          483.98593787698826, 
          342.8493036745686
        ], 
        [
          527.6130108824868, 
          327.2729695425843
        ], 
        [
          542.5508289339808, 
          369.14702239677143
        ], 
        [
          498.89861192526905, 
          385.5573964346745
        ], 
        [
          487.7534120416238, 
          364.0373398977898
        ], 
        [
          529.7667088750297, 
          348.6662803171078
        ]
      ], 
      "projected_cuboid_centroid": [
        513.4263211352699, 
        356.06908269279836
      ], 
      "quaternion_xyzw": [
        0.8825354800070179, 
        -0.18509796252752816, 
        0.020254818289302316, 
        0.43180969550602666
      ], 
      "visibility": 0.7501163331782225
    }
  ]
}