{
  "camera_data": {
    "location_worldframe": [
      -11.458583554015737, 
      1.7630200749558678, 
      90.33946015338496
    ], 
    "quaternion_xyzw_worldframe": [
      0.9445679869227653, 
      -0.024398353836181958, 
      0.1490020162235726, 
      -0.29154221799526914
    ]
  }, 
  "objects": [
    {
      "bounding_box": {
        "bottom_right": [
          305, 
          604
        ], 
        "top_left": [
          174, 
          460
        ]
      }, 
      "class": "003_cracker_box", 
      "cuboid": [
        [
          -0.3324065934493525, 
          6.040306712561469, 
          83.27478050671918
        ], 
        [
          -0.7897907874620524, 
          -7.098867548669925, 
          73.4650396783783
        ], 
        [
          19.09703165403359, 
          -12.168170069944498, 
          79.3276340080774
        ], 
        [
          19.55441584804629, 
          0.971004191286895, 
          89.13737483641827
        ], 
        [
          -2.931917035139539, 
          2.094574293814502, 
          88.68090098985083
        ], 
        [
          -3.389301229152239, 
          -11.04459996741689, 
          78.87116016150995
        ], 
        [
          16.4975212123434, 
          -16.113902488691465, 
          84.73375449120904
        ], 
        [
          16.9549054063561, 
          -2.97472822746007, 
          94.54349531954993
        ]
      ], 
      "cuboid_centroid": [
        8.082557309447026, 
        -5.0367978880649975, 
        84.00426749896411
      ], 
      "location": [
        8.082557309447026, 
        -5.0367978880649975, 
        84.00426749896411
      ], 
      "pose_transform_permuted": [
        [
          0.3620488166908056, 
          0.5495449182566299, 
          -0.7529415894683342, 
          0.0
        ], 
        [
          0.02788315825164417, 
          0.8009933006379127, 
          0.598023629816662, 
          0.0
        ], 
        [
          -0.931742015698928, 
          0.23750813702165288, 
          -0.2746756287510824, 
          0.0
        ], 
        [
          8.082557309447026, 
          -5.0367978880649975, 
          84.00426749896411, 
          1.0
        ]
      ], 
      "projected_cuboid": [
        [
          479.4504851843331, 
          311.9706850733538
        ], 
        [
          475.81580132626146, 
          221.75229667947255
        ], 
        [
          611.0563250140275, 
          191.47994598100303
        ], 
        [
          599.5684728279714, 
          279.0961722847218
        ], 
        [
          463.81782389237077, 
          285.88313405600593
        ], 
        [
          458.48793463092017, 
          198.60396150033827
        ], 
        [
          586.2988298783544, 
          171.8646216491311
        ], 
        [
          578.0366816163948, 
          256.5061046691883
        ]
      ], 
      "projected_cuboid_centroid": [
        533.3385891857572, 
        241.30931789302423
      ], 
      "quaternion_xyzw": [
        0.7103402150979541, 
        0.6098258551002567, 
        0.3378917686559095, 
        -0.09673860625631468
      ], 
      "visibility": 0.9699765872469357
    }, 
    {
      "bounding_box": {
        "bottom_right": [
          367, 
          479
        ], 
        "top_left": [
          309, 
          417
        ]
      }, 
      "class": "005_tomato_soup_can", 
      "cuboid": [
        [
          -9.51107723205275, 
          13.110444762172463, 
          88.21200957436552
        ], 
        [
          -4.2929557268302325, 
          8.852236951859048, 
          87.56682130856662
        ], 
        [
          0.9057940882608119, 
          14.168190634780409, 
          94.52800296142378
        ], 
        [
          -4.312327416961705, 
          18.426398445093824, 
          95.17319122722267
        ], 
        [
          -12.086667451854533, 
          9.21169485500491, 
          93.11281877717364
        ], 
        [
          -6.868545946632014, 
          4.953487044691494, 
          92.46763051137475
        ], 
        [
          -1.6697961315409702, 
          10.269440727612855, 
          99.4288121642319
        ], 
        [
          -6.887917636763488, 
          14.527648537926268, 
          100.07400043003081
        ]
      ], 
      "cuboid_centroid": [
        -5.59043668179686, 
        11.68994274489266, 
        93.82041086929871
      ], 
      "location": [
        -5.59043668179686, 
        11.68994274489266, 
        93.82041086929871
      ], 
      "pose_transform_permuted": [
        [
          0.3803630311867831, 
          0.5757671857612378, 
          -0.7237512510012726, 
          0.0
        ], 
        [
          -0.7712383276540113, 
          0.6293630892156321, 
          0.09535882187463941, 
          0.0
        ], 
        [
          -0.5104069256397058, 
          -0.5219138586486194, 
          -0.6834403371249985, 
          0.0
        ], 
        [
          -5.59043668179686, 
          11.68994274489266, 
          93.82041086929871, 
          1.0
        ]
      ], 
      "projected_cuboid": [
        [
          423.61499692869376, 
          352.5507670754978
        ], 
        [
          455.23323534722454, 
          327.20046623357126
        ], 
        [
          486.7500761872047, 
          353.2223589752844
        ], 
        [
          457.230811258097, 
          376.54207676673116
        ], 
        [
          411.7916981986915, 
          326.04809460585307
        ], 
        [
          441.65166503047766, 
          301.85644543238436
        ], 
        [
          472.56592152672533, 
          328.37010711031905
        ], 
        [
          444.58371652038414, 
          350.70804036377336
        ]
      ], 
      "projected_cuboid_centroid": [
        449.5535546584374, 
        339.737700732001
      ], 
      "quaternion_xyzw": [
        0.3281002239021274, 
        0.8684617777000758, 
        0.36248213658319023, 
        0.08204281887537779
      ], 
      "visibility": 0.9722577891591976
    }, 
    {
      "bounding_box": {
        "bottom_right": [
          331, 
          588
        ], 
        "top_left": [
          279, 
          517
        ]
      }, 
      "class": "010_potted_meat_can", 
      "cuboid": [
        [
          18.825301364343066, 
          5.71558558359126, 
          91.25993703858673
        ], 
        [
          9.52557261554955, 
          4.948921309373625, 
          87.22901980216011
        ], 
        [
          7.055117892261512, 
          0.4084364849585249, 
          93.79218762812957
        ], 
        [
          16.35484664105503, 
          1.1751007591761593, 
          97.82310486455619
        ], 
        [
          17.242538596024122, 
          10.531140408776698, 
          93.9956296681445
        ], 
        [
          7.942809847230603, 
          9.764476134559064, 
          89.96471243171789
        ], 
        [
          5.472355123942564, 
          5.223991310143964, 
          96.52788025768734
        ], 
        [
          14.772083872736083, 
          5.9906555843615985, 
          100.55879749411396
        ]
      ], 
      "cuboid_centroid": [
        12.148828244142816, 
        5.469788446867612, 
        93.89390864813704
      ], 
      "location": [
        12.148828244142816, 
        5.469788446867612, 
        93.89390864813704
      ], 
      "pose_transform_permuted": [
        [
          0.2747804376896493, 
          -0.8360193258705163, 
          -0.4749384008651095, 
          0.0
        ], 
        [
          0.9149044395245572, 
          0.0754241943021816, 
          0.396560391661016, 
          0.0
        ], 
        [
          0.29571057512312926, 
          0.5434907857686264, 
          -0.7856036033171874, 
          0.0
        ], 
        [
          12.148828244142816, 
          5.469788446867612, 
          93.89390864813704, 
          1.0
        ]
      ], 
      "projected_cuboid": [
        [
          592.5282183905107, 
          306.68820162416864
        ], 
        [
          540.3219087756983, 
          303.5443198050547
        ], 
        [
          522.0480772387943, 
          275.6089827544863
        ], 
        [
          571.5047453509036, 
          279.6930433559646
        ], 
        [
          580.2443877789367, 
          333.03892682073297
        ], 
        [
          529.0752104948582, 
          331.1713041437251
        ], 
        [
          512.0839675139651, 
          302.1492547486336
        ], 
        [
          560.5945847267793, 
          305.05833735444025
        ]
      ], 
      "projected_cuboid_centroid": [
        551.1777563220396, 
        304.35506347492225
      ], 
      "quaternion_xyzw": [
        0.8563488813209096, 
        -0.06430976487093616, 
        0.1959892877757745, 
        0.4734118781957088
      ], 
      "visibility": 0.7742162733356815
    }, 
    {
      "bounding_box": {
        "bottom_right": [
          253, 
          519
        ], 
        "top_left": [
          200, 
          388
        ]
      }, 
      "class": "037_scissors", 
      "cuboid": [
        [
          -13.416098743639166, 
          -2.972827641280772, 
          82.12202190637196
        ], 
        [
          5.889858645158926, 
          -7.030859325955152, 
          86.73413826773387
        ], 
        [
          5.600068138957533, 
          -14.164595615582112, 
          81.67046537863956
        ], 
        [
          -13.705889249840558, 
          -10.106563930907733, 
          77.05834901727765
        ], 
        [
          -12.94424087818658, 
          -2.121611992831598, 
          80.89581975661409
        ], 
        [
          6.361716510611511, 
          -6.179643677505978, 
          85.50793611797599
        ], 
        [
          6.071926004410118, 
          -13.313379967132938, 
          80.44426322888168
        ], 
        [
          -13.234031384387974, 
          -9.25534828245856, 
          75.83214686751978
        ]
      ], 
      "cuboid_centroid": [
        -3.6720863696145245, 
        -8.143103804206856, 
        81.28314256762683
      ], 
      "location": [
        -3.6720863696145245, 
        -8.143103804206856, 
        81.28314256762683
      ], 
      "pose_transform_permuted": [
        [
          -0.301410322024111, 
          -0.5437340383527182, 
          0.7832654955760512, 
          0.0
        ], 
        [
          -0.9529194478480145, 
          0.20029969166685288, 
          -0.22764866242944728, 
          0.0
        ], 
        [
          0.033107562848544485, 
          0.8150046930441245, 
          0.5785071105940708, 
          0.0
        ], 
        [
          -3.6720863696145245, 
          -8.143103804206856, 
          81.28314256762683, 
          1.0
        ]
      ], 
      "projected_cuboid": [
        [
          393.7437138614935, 
          253.9803012171344
        ], 
        [
          518.1150320812238, 
          230.0544837990478
        ], 
        [
          518.4710495469897, 
          180.78974376742983
        ], 
        [
          385.948328055817, 
          203.33917300848842
        ], 
        [
          395.5487788073791, 
          259.29944659559965
        ], 
        [
          521.6062470471506, 
          234.74362442442285
        ], 
        [
          522.1874504892402, 
          185.02311222951397
        ], 
        [
          387.74787475619763, 
          208.19463841108606
        ]
      ], 
      "projected_cuboid_centroid": [
        457.3027830177273, 
        219.85754164353247
      ], 
      "quaternion_xyzw": [
        -0.14037415855530774, 
        -0.2977619917791527, 
        0.9422300192187932, 
        0.061929478406163564
      ], 
      "visibility": 0.8086021505376344
    }, 
    {
      "bounding_box": {
        "bottom_right": [
          344, 
          520
        ], 
        "top_left": [
          296, 
          469
        ]
      }, 
      "class": "061_foam_brick", 
      "cuboid": [
        [
          6.434262312706518, 
          6.550013459668929, 
          91.65348558316013
        ], 
        [
          -0.9372768279804482, 
          8.70959892681212, 
          90.3727840304995
        ], 
        [
          -2.4511056005551417, 
          5.927306891739245, 
          94.39452554735834
        ], 
        [
          4.920433540131823, 
          3.767721424596053, 
          95.67522710001897
        ], 
        [
          7.109555921417324, 
          10.714253763573309, 
          94.78854821004236
        ], 
        [
          -0.26198321926964063, 
          12.873839230716499, 
          93.50784665738175
        ], 
        [
          -1.7758119918443345, 
          10.091547195643626, 
          97.52958817424057
        ], 
        [
          5.595727148842631, 
          7.931961728500434, 
          98.8102897269012
        ]
      ], 
      "cuboid_centroid": [
        2.329225160431091, 
        8.320780327656276, 
        94.59153687870035
      ], 
      "location": [
        2.329225160431091, 
        8.320780327656276, 
        94.59153687870035
      ], 
      "pose_transform_permuted": [
        [
          -0.12848051813537875, 
          -0.7922831565180473, 
          -0.5964730977650747, 
          0.0
        ], 
        [
          0.9465982689360644, 
          -0.2773179149974261, 
          0.16445817483094902, 
          0.0
        ], 
        [
          0.29571011769452765, 
          0.5434907302974725, 
          -0.7856038138742767, 
          0.0
        ], 
        [
          2.329225160431091, 
          8.320780327656276, 
          94.59153687870035, 
          1.0
        ]
      ], 
      "projected_cuboid": [
        [
          519.349204025331, 
          311.40020519059436
        ], 
        [
          476.01979539583806, 
          324.68475171431834
        ], 
        [
          467.63316189944635, 
          306.7752262554588
        ], 
        [
          509.2534665947014, 
          294.28883586539985
        ], 
        [
          521.9317237665275, 
          333.5693617938313
        ], 
        [
          480.0904025185289, 
          346.7121468236003
        ], 
        [
          471.80549908950945, 
          328.46999404522387
        ], 
        [
          512.0511920832657, 
          316.0985825009407
        ]
      ], 
      "projected_cuboid_centroid": [
        494.83898822973373, 
        320.2001968819659
      ], 
      "quaternion_xyzw": [
        0.8784307168181522, 
        -0.16308287657778325, 
        0.010239184493083406, 
        0.4490641493354589
      ], 
      "visibility": 0.8902173913043478
    }
  ]
}