{
  "camera_data": {
    "location_worldframe": [
      -16.830112617766034, 
      12.838323867697603, 
      72.5455540800578
    ], 
    "quaternion_xyzw_worldframe": [
      0.8805251310599449, 
      0.00815819878513813, 
      -0.030071243632501625, 
      -0.4729777053981719
    ]
  }, 
  "objects": [
    {
      "bounding_box": {
        "bottom_right": [
          444, 
          587
        ], 
        "top_left": [
          337, 
          372
        ]
      }, 
      "class": "003_cracker_box", 
      "cuboid": [
        [
          -9.3732532924369, 
          22.01172744680051, 
          65.31761439587498
        ], 
        [
          -10.938065467681371, 
          13.283698278800143, 
          51.51721638038653
        ], 
        [
          10.307027723159722, 
          11.99818651661335, 
          49.921277168463874
        ], 
        [
          11.871839898404193, 
          20.726215684613717, 
          63.72167518395233
        ], 
        [
          -9.451411366223779, 
          15.947864788890719, 
          69.1615522877317
        ], 
        [
          -11.01622354146825, 
          7.219835620890355, 
          55.36115427224324
        ], 
        [
          10.228869649372841, 
          5.934323858703561, 
          53.76521506032058
        ], 
        [
          11.793681824617314, 
          14.662353026703927, 
          67.56561307580904
        ]
      ], 
      "cuboid_centroid": [
        0.4278081784679713, 
        13.973025652752035, 
        59.541414728097784
      ], 
      "location": [
        0.4278081784679713, 
        13.973025652752035, 
        59.541414728097784
      ], 
      "pose_transform_permuted": [
        [
          0.010885525857312395, 
          0.8445491368922363, 
          -0.535367407208721, 
          0.0
        ], 
        [
          0.09539443226853084, 
          0.5320800799460125, 
          0.8413029720717796, 
          0.0
        ], 
        [
          -0.9953800317562004, 
          0.06022909512207242, 
          0.07477331396829945, 
          0.0
        ], 
        [
          0.4278081784679713, 
          13.973025652752035, 
          59.541414728097784, 
          1.0
        ]
      ], 
      "projected_cuboid": [
        [
          404.4264866033222, 
          453.01271774751496
        ], 
        [
          367.41974264135473, 
          410.80282722951125
        ], 
        [
          592.6268535005378, 
          401.4657071612687
        ], 
        [
          581.7866561638198, 
          446.75493280507294
        ], 
        [
          408.10784305101845, 
          396.26394841167667
        ], 
        [
          374.5883061771721, 
          342.83855102224663
        ], 
        [
          583.9070484257428, 
          332.15157038529696
        ], 
        [
          575.4646066716714, 
          389.0217418600139
        ]
      ], 
      "projected_cuboid_centroid": [
        485.46093170003763, 
        398.44460234379864
      ], 
      "quaternion_xyzw": [
        0.6501905364197722, 
        0.5873124976999292, 
        0.3276687563854771, 
        -0.35348194081796364
      ], 
      "visibility": 0.9532850241545894
    }, 
    {
      "bounding_box": {
        "bottom_right": [
          452, 
          440
        ], 
        "top_left": [
          394, 
          358
        ]
      }, 
      "class": "005_tomato_soup_can", 
      "cuboid": [
        [
          -17.444401871343718, 
          24.32957599954218, 
          74.70362859254388
        ], 
        [
          -12.122552005195889, 
          22.07332140852566, 
          71.18729201591988
        ], 
        [
          -5.842170829477024, 
          25.93049311780084, 
          78.21747351398896
        ], 
        [
          -11.16402069562485, 
          28.18674770881736, 
          81.73381009061296
        ], 
        [
          -17.67027530869371, 
          18.483435135476473, 
          78.11294888390802
        ], 
        [
          -12.348425442545885, 
          16.227180544459955, 
          74.59661230728402
        ], 
        [
          -6.0680442668270205, 
          20.084352253735133, 
          81.6267938053531
        ], 
        [
          -11.389894132974849, 
          22.34060684475165, 
          85.1431303819771
        ]
      ], 
      "cuboid_centroid": [
        -11.756223069085369, 
        22.206964126638656, 
        78.1652111989485
      ], 
      "location": [
        -11.756223069085369, 
        22.206964126638656, 
        78.1652111989485
      ], 
      "pose_transform_permuted": [
        [
          0.03335697761021733, 
          0.8633577821133693, 
          -0.5034882452728326, 
          0.0
        ], 
        [
          -0.7865693787861595, 
          0.33347441522695254, 
          0.5197145252577784, 
          0.0
        ], 
        [
          -0.616600175380436, 
          -0.3786924210279805, 
          -0.6902146578976591, 
          0.0
        ], 
        [
          -11.756223069085369, 
          22.206964126638656, 
          78.1652111989485, 
          1.0
        ]
      ], 
      "projected_cuboid": [
        [
          356.0212193676677, 
          446.97876117421333
        ], 
        [
          390.0207204624774, 
          438.6550221508425
        ], 
        [
          441.43073392828717, 
          450.0915300083699
        ], 
        [
          408.14388470570975, 
          457.20729883121214
        ], 
        [
          359.9470945243275, 
          399.4830017287406
        ], 
        [
          392.5777601263195, 
          389.30083000269974
        ], 
        [
          441.62029539025747, 
          404.5103417457577
        ], 
        [
          409.65849691554104, 
          413.22364244048686
        ]
      ], 
      "projected_cuboid_centroid": [
        400.7161547567674, 
        424.804184641038
      ], 
      "quaternion_xyzw": [
        0.2907861769403705, 
        0.816815469535037, 
        0.4754967608826574, 
        -0.14885784053661916
      ], 
      "visibility": 0.33061339335959483
    }, 
    {
      "bounding_box": {
        "bottom_right": [
          470, 
          564
        ], 
        "top_left": [
          393, 
          484
        ]
      }, 
      "class": "010_potted_meat_can", 
      "cuboid": [
        [
          11.144041854627151, 
          24.115966543878752, 
          67.66224765781412
        ], 
        [
          1.2768249670921765, 
          22.310050581262065, 
          66.01977357651776
        ], 
        [
          1.7837169296611202, 
          15.355562535003408, 
          70.62112962067792
        ], 
        [
          11.650933817196096, 
          17.1614784976201, 
          72.26360370197429
        ], 
        [
          9.805593661824643, 
          27.13917619699444, 
          72.3789711230018
        ], 
        [
          -0.0616232257103326, 
          25.333260234377754, 
          70.73649704170543
        ], 
        [
          0.445268736858611, 
          18.378772188119097, 
          75.3378530858656
        ], 
        [
          10.312485624393586, 
          20.184688150735784, 
          76.98032716716196
        ]
      ], 
      "cuboid_centroid": [
        5.794655295742881, 
        21.247369365998924, 
        71.50005037183986
      ], 
      "location": [
        5.794655295742881, 
        21.247369365998924, 
        71.50005037183986
      ], 
      "pose_transform_permuted": [
        [
          0.23236544831908862, 
          -0.5248536851754537, 
          -0.8188614011952394, 
          0.0
        ], 
        [
          0.9707337471889818, 
          0.1776654541478558, 
          0.1615860923875882, 
          0.0
        ], 
        [
          -0.0606743820736996, 
          0.8324441814132774, 
          -0.5507770004195472, 
          0.0
        ], 
        [
          5.794655295742881, 
          21.247369365998924, 
          71.50005037183986, 
          1.0
        ]
      ], 
      "projected_cuboid": [
        [
          570.1673565346744, 
          463.37063465517855
        ], 
        [
          491.9974459547372, 
          453.5111317955213
        ], 
        [
          495.1796723331443, 
          389.2493136339024
        ], 
        [
          568.2998165553065, 
          399.94161868703907
        ], 
        [
          554.4510398585445, 
          473.2597334057288
        ], 
        [
          481.1285874232744, 
          464.287285171372
        ], 
        [
          484.77541167157835, 
          403.3905789260803
        ], 
        [
          553.6373410533815, 
          413.12602512227477
        ]
      ], 
      "projected_cuboid_centroid": [
        525.1796553837253, 
        431.7708763116478
      ], 
      "quaternion_xyzw": [
        0.9515828037797733, 
        0.06261668329725167, 
        0.10349901741127138, 
        0.28258988112292965
      ], 
      "visibility": 0.3618655178872448
    }, 
    {
      "bounding_box": {
        "bottom_right": [
          373, 
          472
        ], 
        "top_left": [
          332, 
          282
        ]
      }, 
      "class": "037_scissors", 
      "cuboid": [
        [
          -20.577228292100123, 
          10.783071720768444, 
          63.85525069281546
        ], 
        [
          -0.43342195715548315, 
          10.676740450687733, 
          61.69307836298178
        ], 
        [
          -1.2371909118073343, 
          5.83930719877234, 
          54.442688710282084
        ], 
        [
          -21.380997246751974, 
          5.9456384688530495, 
          56.60486104011575
        ], 
        [
          -20.662756425348284, 
          12.087743902996023, 
          62.99425994212782
        ], 
        [
          -0.5189500904036443, 
          11.981412632915314, 
          60.83208761229415
        ], 
        [
          -1.3227190450554955, 
          7.143979380999918, 
          53.58169795959444
        ], 
        [
          -21.466525380000135, 
          7.25031065108063, 
          55.74387028942812
        ]
      ], 
      "cuboid_centroid": [
        -10.949973668577808, 
        8.963525550884182, 
        58.71847432620495
      ], 
      "location": [
        -10.949973668577808, 
        8.963525550884182, 
        58.71847432620495
      ], 
      "pose_transform_permuted": [
        [
          0.05463310897598991, 
          -0.8333900764882529, 
          0.5499781150741836, 
          0.0
        ], 
        [
          -0.9942746906398207, 
          0.00524838696852614, 
          0.10672229411906048, 
          0.0
        ], 
        [
          0.0918278225558971, 
          0.5526600146870456, 
          0.8283319362311076, 
          0.0
        ], 
        [
          -10.949973668577808, 
          8.963525550884182, 
          58.71847432620495, 
          1.0
        ]
      ], 
      "projected_cuboid": [
        [
          308.30367753230644, 
          363.3468423891327
        ], 
        [
          477.81903210347735, 
          365.58400340024593
        ], 
        [
          469.3765713472916, 
          330.4882845342167
        ], 
        [
          278.47085744186285, 
          329.3051443630993
        ], 
        [
          305.2050148913306, 
          375.6233309804775
        ], 
        [
          477.0094789642337, 
          378.3285025431855
        ], 
        [
          468.3218140277304, 
          344.39335711455124
        ], 
        [
          274.5083815517508, 
          342.65259803824773
        ]
      ], 
      "projected_cuboid_centroid": [
        381.3134377154702, 
        354.6991387922852
      ], 
      "quaternion_xyzw": [
        0.045844688586228956, 
        -0.4721324897011616, 
        0.8799023838473575, 
        0.027581528163374
      ], 
      "visibility": 0.7838479809976246
    }, 
    {
      "bounding_box": {
        "bottom_right": [
          444, 
          485
        ], 
        "top_left": [
          398, 
          424
        ]
      }, 
      "class": "061_foam_brick", 
      "cuboid": [
        [
          -0.43136029860419633, 
          21.461979041987078, 
          71.31681283506734
        ], 
        [
          -8.06199406757668, 
          21.893925537906128, 
          72.81028050061734
        ], 
        [
          -7.751375668332891, 
          17.632394018972363, 
          75.62987207967916
        ], 
        [
          -0.12074189936040688, 
          17.200447523053313, 
          74.13640441412916
        ], 
        [
          0.5683114520232853, 
          24.359746908484013, 
          75.58637185491895
        ], 
        [
          -7.062322316949199, 
          24.791693404403066, 
          77.07983952046897
        ], 
        [
          -6.7517039177054095, 
          20.5301618854693, 
          79.89943109953077
        ], 
        [
          0.8789298512670747, 
          20.09821538955025, 
          78.40596343398077
        ]
      ], 
      "cuboid_centroid": [
        -3.5915321081548033, 
        20.996070463728188, 
        75.60812196729906
      ], 
      "location": [
        -3.5915321081548033, 
        20.996070463728188, 
        75.60812196729906
      ], 
      "pose_transform_permuted": [
        [
          -0.19019629806821292, 
          -0.551325693181581, 
          -0.8123209638061772, 
          0.0
        ], 
        [
          0.9798692754307609, 
          -0.05546735864877572, 
          -0.19178001770602643, 
          0.0
        ], 
        [
          -0.06067595296279443, 
          0.8324442036331188, 
          -0.5507767937828169, 
          0.0
        ], 
        [
          -3.5915321081548033, 
          20.996070463728188, 
          75.60812196729906, 
          1.0
        ]
      ], 
      "projected_cuboid": [
        [
          478.3443992542729, 
          433.78296598602805
        ], 
        [
          422.052588689635, 
          433.65481511995256
        ], 
        [
          426.48113662656755, 
          397.62498745812553
        ], 
        [
          480.72124232244244, 
          397.0224485080546
        ], 
        [
          485.6403568394555, 
          445.16315738477596
        ], 
        [
          432.32526408098795, 
          444.8216070059618
        ], 
        [
          436.1546501070273, 
          410.3230253320807
        ], 
        [
          487.625396899494, 
          409.9951680981257
        ]
      ], 
      "projected_cuboid_centroid": [
        456.052237596331, 
        421.3872347926924
      ], 
      "quaternion_xyzw": [
        0.9519236370200681, 
        0.001367912853368118, 
        -0.1003169531985754, 
        0.2894408868799746
      ], 
      "visibility": 0.008097165991902834
    }
  ]
}