{
  "camera_data": {
    "location_worldframe": [
      -16.222547419685426, 
      4.953160351357335, 
      71.84390498823771
    ], 
    "quaternion_xyzw_worldframe": [
      -0.8494450234760934, 
      -0.030775579535631634, 
      -0.04428317824574305, 
      0.5249181994519408
    ]
  }, 
  "objects": [
    {
      "bounding_box": {
        "bottom_right": [
          381, 
          614
        ], 
        "top_left": [
          271, 
          405
        ]
      }, 
      "class": "003_cracker_box", 
      "cuboid": [
        [
          -7.544710274884032, 
          14.606958222870281, 
          66.99668969115284
        ], 
        [
          -7.215218450497346, 
          7.677422535377579, 
          52.132266191380516
        ], 
        [
          13.990820331679787, 
          5.698121308300956, 
          53.525045056702616
        ], 
        [
          13.6613285072931, 
          12.627656995793659, 
          68.38946855647492
        ], 
        [
          -8.345994391951157, 
          8.13322256616348, 
          69.99687100996701
        ], 
        [
          -8.016502567564471, 
          1.203686878670776, 
          55.132447510194694
        ], 
        [
          13.189536214612662, 
          -0.7756143484058466, 
          56.52522637551678
        ], 
        [
          12.860044390225974, 
          6.153921339086857, 
          71.38964987528911
        ]
      ], 
      "cuboid_centroid": [
        2.8224129698643146, 
        6.915671937232218, 
        61.76095803333481
      ], 
      "location": [
        2.8224129698643146, 
        6.915671937232218, 
        61.76095803333481
      ], 
      "pose_transform_permuted": [
        [
          0.11159946186969949, 
          0.9016345141340704, 
          -0.4178525613570082, 
          0.0
        ], 
        [
          -0.020086554809416568, 
          0.4224399153141911, 
          0.9061683332942214, 
          0.0
        ], 
        [
          -0.9935502455468882, 
          0.09273467998304491, 
          -0.06525479830756076, 
          0.0
        ], 
        [
          2.8224129698643146, 
          6.915671937232218, 
          61.76095803333481, 
          1.0
        ]
      ], 
      "projected_cuboid": [
        [
          421.0377529759288, 
          389.56357952977663
        ], 
        [
          407.1693653656777, 
          351.82752776624744
        ], 
        [
          622.1622894967113, 
          330.06219651254645
        ], 
        [
          589.0196162117777, 
          371.76042449604626
        ], 
        [
          417.4774104392848, 
          335.255120380023
        ], 
        [
          403.4037941053046, 
          284.9303124444241
        ], 
        [
          607.0783531874729, 
          265.9685607256638
        ], 
        [
          578.4692228902766, 
          319.25968351672185
        ]
      ], 
      "projected_cuboid_centroid": [
        506.1723378079732, 
        333.00490039612407
      ], 
      "quaternion_xyzw": [
        0.6104303167706034, 
        0.5799147429112705, 
        0.4168239056950349, 
        -0.34253693372048594
      ], 
      "visibility": 0.9819325697693176
    }, 
    {
      "bounding_box": {
        "bottom_right": [
          388, 
          438
        ], 
        "top_left": [
          335, 
          360
        ]
      }, 
      "class": "005_tomato_soup_can", 
      "cuboid": [
        [
          -16.882722352932884, 
          16.116687742059497, 
          75.3113157297419
        ], 
        [
          -11.146141589536148, 
          14.077567787149976, 
          72.35987122714309
        ], 
        [
          -5.90910878643758, 
          16.791996986618464, 
          80.66347133452373
        ], 
        [
          -11.645689549834316, 
          18.831116941527988, 
          83.61491583712257
        ], 
        [
          -17.75924296696408, 
          9.917446794896257, 
          77.890650906391
        ], 
        [
          -12.022662203567345, 
          7.878326839986731, 
          74.93920640379218
        ], 
        [
          -6.7856294004687765, 
          10.592756039455221, 
          83.24280651117283
        ], 
        [
          -12.522210163865513, 
          12.631875994364744, 
          86.19425101377165
        ]
      ], 
      "cuboid_centroid": [
        -11.834175876700831, 
        13.354721890757359, 
        79.27706112045738
      ], 
      "location": [
        -11.834175876700831, 
        13.354721890757359, 
        79.27706112045738
      ], 
      "pose_transform_permuted": [
        [
          0.12944451919694927, 
          0.9155035842237765, 
          -0.38091608622137446, 
          0.0
        ], 
        [
          -0.8478666029501754, 
          0.30138191729272157, 
          0.4362234800530727, 
          0.0
        ], 
        [
          -0.5141655027800216, 
          -0.26649935308400596, 
          -0.8152373461494353, 
          0.0
        ], 
        [
          -11.834175876700831, 
          13.354721890757359, 
          79.27706112045738, 
          1.0
        ]
      ], 
      "projected_cuboid": [
        [
          361.0451903278137, 
          387.4173974068563
        ], 
        [
          398.7611853103995, 
          377.0435300404548
        ], 
        [
          442.2024580135728, 
          384.3095411494325
        ], 
        [
          406.6985568019356, 
          393.39672809950025
        ], 
        [
          358.9856678599682, 
          341.1915885777206
        ], 
        [
          395.3224013877466, 
          329.3541985294812
        ], 
        [
          437.76064067876433, 
          341.15215270980985
        ], 
        [
          403.4712779940771, 
          351.4451942810048
        ]
      ], 
      "projected_cuboid_centroid": [
        401.321717356726, 
        363.1275917677665
      ], 
      "quaternion_xyzw": [
        0.2581424347793286, 
        0.7898230881430911, 
        0.5478255055958987, 
        -0.0971036949481226
      ], 
      "visibility": 0.671604938271605
    }, 
    {
      "bounding_box": {
        "bottom_right": [
          395, 
          567
        ], 
        "top_left": [
          327, 
          492
        ]
      }, 
      "class": "010_potted_meat_can", 
      "cuboid": [
        [
          12.427759528567444, 
          15.54606866251823, 
          72.57380386238265
        ], 
        [
          2.8814616970854705, 
          14.368968978567844, 
          69.28691221158154
        ], 
        [
          2.522868584165611, 
          6.896045538102335, 
          73.00459255350287
        ], 
        [
          12.069166415647583, 
          8.073145222052721, 
          76.29148420430397
        ], 
        [
          10.464826449207681, 
          18.033329995634773, 
          77.38412040137452
        ], 
        [
          0.9185286177257085, 
          16.856230311684385, 
          74.09722875057342
        ], 
        [
          0.5599355048058487, 
          9.38330687121888, 
          77.81490909249474
        ], 
        [
          10.106233336287822, 
          10.560406555169264, 
          81.10180074329585
        ]
      ], 
      "cuboid_centroid": [
        6.493847516686646, 
        12.464687766868554, 
        75.19435647743869
      ], 
      "location": [
        6.493847516686646, 
        12.464687766868554, 
        75.19435647743869
      ], 
      "pose_transform_permuted": [
        [
          0.3407810832414498, 
          -0.4318087153946627, 
          -0.8351099169547748, 
          0.0
        ], 
        [
          0.9391618296586974, 
          0.11580270303570676, 
          0.3233633845443352, 
          0.0
        ], 
        [
          0.042923181168684627, 
          0.8945002989125902, 
          -0.44500204017919637, 
          0.0
        ], 
        [
          6.493847516686646, 
          12.464687766868554, 
          75.19435647743869, 
          1.0
        ]
      ], 
      "projected_cuboid": [
        [
          573.6854197447593, 
          387.5291767545936
        ], 
        [
          503.9612699388875, 
          383.8882707134068
        ], 
        [
          500.1809403279866, 
          323.66413757168885
        ], 
        [
          566.670304891062, 
          329.72227900300504
        ], 
        [
          554.3200914595274, 
          397.56950439076616
        ], 
        [
          488.2633324549677, 
          394.6103428692769
        ], 
        [
          485.46667675097655, 
          337.5968529029245
        ], 
        [
          548.6087580547673, 
          342.73100864056875
        ]
      ], 
      "projected_cuboid_centroid": [
        528.0388194684803, 
        361.6929343601233
      ], 
      "quaternion_xyzw": [
        0.9577019428723719, 
        0.019024583381453585, 
        0.17336930156836186, 
        0.2288840390529278
      ], 
      "visibility": 0.35338507977576544
    }, 
    {
      "bounding_box": {
        "bottom_right": [
          317, 
          496
        ], 
        "top_left": [
          277, 
          304
        ]
      }, 
      "class": "037_scissors", 
      "cuboid": [
        [
          -18.662750797512313, 
          4.11887670802704, 
          62.509262563717385
        ], 
        [
          1.5683674051762007, 
          3.4237001082415675, 
          63.33255773958519
        ], 
        [
          1.7536313047746124, 
          -0.4675693887853324, 
          55.4942764162218
        ], 
        [
          -18.477486897913902, 
          0.22760721100014114, 
          54.67098124035399
        ], 
        [
          -18.586364347202288, 
          5.520139198899917, 
          61.81541951279965
        ], 
        [
          1.6447538554862264, 
          4.824962599114444, 
          62.63871468866746
        ], 
        [
          1.8300177550846384, 
          0.9336931020875443, 
          54.800433365304066
        ], 
        [
          -18.401100447603874, 
          1.6288697018730178, 
          53.97713818943626
        ]
      ], 
      "cuboid_centroid": [
        -8.416366521213838, 
        2.5262849050572926, 
        58.65484796451072
      ], 
      "location": [
        -8.416366521213838, 
        2.5262849050572926, 
        58.65484796451072
      ], 
      "pose_transform_permuted": [
        [
          -0.048793643747233585, 
          -0.8950894104715129, 
          0.44320858615064956, 
          0.0
        ], 
        [
          -0.9985843021822841, 
          0.03431310285646884, 
          -0.0406368857345092, 
          0.0
        ], 
        [
          -0.021165759637613076, 
          0.4445640787966683, 
          0.8954965258850816, 
          0.0
        ], 
        [
          -8.416366521213838, 
          2.5262849050572926, 
          58.65484796451072, 
          1.0
        ]
      ], 
      "projected_cuboid": [
        [
          321.04236983169415, 
          308.4281717004251
        ], 
        [
          494.91425678377306, 
          302.11730654344973
        ], 
        [
          498.59053000703943, 
          268.793031125696
        ], 
        [
          299.84566519187405, 
          275.5068636486056
        ], 
        [
          319.9047592077982, 
          320.91216860575565
        ], 
        [
          495.71756066386376, 
          314.36731454215914
        ], 
        [
          499.55527929706994, 
          282.3732693343734
        ], 
        [
          298.27038597131536, 
          289.38053887852317
        ]
      ], 
      "projected_cuboid_centroid": [
        404.43347167141644, 
        296.25679976358003
      ], 
      "quaternion_xyzw": [
        -0.026319690978242456, 
        -0.5269751704255936, 
        0.849464090931689, 
        0.003869305176995713
      ], 
      "visibility": 0.8072601555747623
    }, 
    {
      "bounding_box": {
        "bottom_right": [
          378, 
          486
        ], 
        "top_left": [
          333, 
          430
        ]
      }, 
      "class": "061_foam_brick", 
      "cuboid": [
        [
          0.37370661331666344, 
          12.962302781971918, 
          74.12718655776568
        ], 
        [
          -7.382503021745324, 
          13.532948252141694, 
          74.52614896690922
        ], 
        [
          -7.6022296377260075, 
          8.953723174083407, 
          76.80422913412079
        ], 
        [
          0.15397999733598108, 
          8.38307770391363, 
          76.40526672497725
        ], 
        [
          0.7859639246033563, 
          15.280288894287574, 
          78.8263908237562
        ], 
        [
          -6.970245710458631, 
          15.85093436445735, 
          79.22535323289975
        ], 
        [
          -7.189972326439315, 
          11.271709286399064, 
          81.50343340011132
        ], 
        [
          0.566237308622674, 
          10.701063816229285, 
          81.10447099096777
        ]
      ], 
      "cuboid_centroid": [
        -3.408132856561325, 
        12.11700603418549, 
        77.8153099789385
      ], 
      "location": [
        -3.408132856561325, 
        12.11700603418549, 
        77.8153099789385
      ], 
      "pose_transform_permuted": [
        [
          -0.07843556088192649, 
          -0.44101714113581436, 
          -0.8940647314448382, 
          0.0
        ], 
        [
          0.9959947948361143, 
          -0.07327805006928012, 
          -0.05123178737278611, 
          0.0
        ], 
        [
          0.04292122375356827, 
          0.8945022127431754, 
          -0.444998381962293, 
          0.0
        ], 
        [
          -3.408132856561325, 
          12.11700603418549, 
          77.8153099789385, 
          1.0
        ]
      ], 
      "projected_cuboid": [
        [
          484.30816579680294, 
          366.5458432058721
        ], 
        [
          428.32657892899465, 
          370.130215280708
        ], 
        [
          428.3681570995778, 
          335.46014436830774
        ], 
        [
          482.68082819611504, 
          331.80160766682116
        ], 
        [
          486.9590184973592, 
          376.66913889305977
        ], 
        [
          434.284596704299, 
          379.9899272774651
        ], 
        [
          434.1572466976016, 
          347.0432258590832
        ], 
        [
          485.3515113303376, 
          343.6536438170038
        ]
      ], 
      "projected_cuboid_centroid": [
        458.04423331447754, 
        356.33236288636886
      ], 
      "quaternion_xyzw": [
        0.972697504240672, 
        -0.029865213315613055, 
        -0.033326740247970596, 
        0.22772123893485466
      ], 
      "visibility": 0.007578947368421052
    }
  ]
}