{
  "camera_data": {
    "location_worldframe": [
      -18.989604530675766, 
      8.018071782098875, 
      79.95032360105363
    ], 
    "quaternion_xyzw_worldframe": [
      0.9348286942141417, 
      0.03238493905405311, 
      -0.09996428434890346, 
      -0.3391963655844292
    ]
  }, 
  "objects": [
    {
      "bounding_box": {
        "bottom_right": [
          395, 
          545
        ], 
        "top_left": [
          262, 
          352
        ]
      }, 
      "class": "003_cracker_box", 
      "cuboid": [
        [
          -13.345998843035556, 
          15.420595774005719, 
          69.68635225480746
        ], 
        [
          -14.83680932177933, 
          2.9724511469467947, 
          59.10810593760307
        ], 
        [
          6.212063915153896, 
          3.430537596341727, 
          55.6025903682763
        ], 
        [
          7.70287439389767, 
          15.878682223400652, 
          66.1808366854807
        ], 
        [
          -12.351729011530178, 
          10.747188790207387, 
          75.04574514961242
        ], 
        [
          -13.842539490273953, 
          -1.7009558368515392, 
          64.46749883240803
        ], 
        [
          7.206333746659276, 
          -1.2428693874566064, 
          60.961983263081265
        ], 
        [
          8.697144225403049, 
          11.205275239602319, 
          71.54022958028565
        ]
      ], 
      "cuboid_centroid": [
        -3.069832548188141, 
        7.088863193274557, 
        65.32416775894436
      ], 
      "location": [
        -3.069832548188141, 
        7.088863193274557, 
        65.32416775894436
      ], 
      "pose_transform_permuted": [
        [
          -0.1384776957209819, 
          0.6508923531380795, 
          -0.7464335686544252, 
          0.0
        ], 
        [
          0.09088312417911787, 
          0.7588665964394908, 
          0.6448734345185774, 
          0.0
        ], 
        [
          -0.9861866889829989, 
          -0.021462372532325913, 
          0.16424122819205145, 
          0.0
        ], 
        [
          -3.069832548188141, 
          7.088863193274557, 
          65.32416775894436, 
          1.0
        ]
      ], 
      "projected_cuboid": [
        [
          378.6070613416985, 
          391.3025546667697
        ], 
        [
          346.6121619401671, 
          300.1063181374723
        ], 
        [
          541.6774435680902, 
          306.19099205121836
        ], 
        [
          544.1881285545447, 
          401.2452131631436
        ], 
        [
          393.08684901149974, 
          349.6624369005309
        ], 
        [
          366.12772737386905, 
          259.21505895197186
        ], 
        [
          545.1663098425565, 
          262.41342414598114
        ], 
        [
          546.9730296000475, 
          356.81985560094523
        ]
      ], 
      "projected_cuboid_centroid": [
        456.32548063247026, 
        331.16143624796246
      ], 
      "quaternion_xyzw": [
        0.6737681946154065, 
        0.6474976480667001, 
        0.18789686974117675, 
        -0.3024532724475875
      ], 
      "visibility": 0.97764570212011
    }, 
    {
      "bounding_box": {
        "bottom_right": [
          431, 
          422
        ], 
        "top_left": [
          361, 
          345
        ]
      }, 
      "class": "005_tomato_soup_can", 
      "cuboid": [
        [
          -20.901926946217785, 
          19.520351606040222, 
          78.89018120727668
        ], 
        [
          -15.62119240164652, 
          16.89461795013142, 
          75.57404503163431
        ], 
        [
          -9.364562245207159, 
          23.22796367721977, 
          80.52255230046345
        ], 
        [
          -14.645296789778426, 
          25.853697333128572, 
          83.83868847610583
        ], 
        [
          -20.114996032151282, 
          14.914029136057017, 
          83.79062809509425
        ], 
        [
          -14.834261487580017, 
          12.288295480148214, 
          80.47449191945186
        ], 
        [
          -8.577631331140656, 
          18.621641207236568, 
          85.422999188281
        ], 
        [
          -13.858365875711923, 
          21.247374863145367, 
          88.73913536392338
        ]
      ], 
      "cuboid_centroid": [
        -14.739779138679221, 
        19.070996406638393, 
        82.15659019777884
      ], 
      "location": [
        -14.739779138679221, 
        19.070996406638393, 
        82.15659019777884
      ], 
      "pose_transform_permuted": [
        [
          -0.11621391691414192, 
          0.6802614654443908, 
          -0.7236977443421, 
          0.0
        ], 
        [
          -0.780492534499968, 
          0.38808341883591363, 
          0.49012490717506435, 
          0.0
        ], 
        [
          -0.6142683292323348, 
          -0.6218001705319459, 
          -0.48583841720119125, 
          0.0
        ], 
        [
          -14.739779138679221, 
          19.070996406638393, 
          82.15659019777884, 
          1.0
        ]
      ], 
      "projected_cuboid": [
        [
          339.1166736613263, 
          405.24954811237546
        ], 
        [
          370.44098124916354, 
          392.5104143695294
        ], 
        [
          419.05652022617085, 
          427.1307412802178
        ], 
        [
          387.6581754149064, 
          437.74859405315874
        ], 
        [
          352.5000408238081, 
          368.21295138911717
        ], 
        [
          382.46836547805106, 
          354.72338171964856
        ], 
        [
          427.598245232244, 
          389.5466321127179
        ], 
        [
          397.6146133016393, 
          400.9826334980544
        ]
      ], 
      "projected_cuboid_centroid": [
        385.11639929675476, 
        397.08592923856867
      ], 
      "quaternion_xyzw": [
        0.2834629699207085, 
        0.8840235360800658, 
        0.3297705985907055, 
        -0.17147134644679027
      ], 
      "visibility": 0.6460150375939849
    }, 
    {
      "bounding_box": {
        "bottom_right": [
          446, 
          535
        ], 
        "top_left": [
          363, 
          454
        ]
      }, 
      "class": "010_potted_meat_can", 
      "cuboid": [
        [
          6.852255942486039, 
          20.169290583550588, 
          69.08166710100616
        ], 
        [
          -2.799475849625076, 
          16.981075916321444, 
          69.10124581996358
        ], 
        [
          -1.0545249203785343, 
          11.73703164232805, 
          75.36618530884289
        ], 
        [
          8.597206871732581, 
          14.925246309557194, 
          75.34660658988548
        ], 
        [
          5.504374444393608, 
          24.273153603858006, 
          72.89221091996608
        ], 
        [
          -4.147357347717508, 
          21.08493893662886, 
          72.91178963892348
        ], 
        [
          -2.4024064184709664, 
          15.840894662635465, 
          79.1767291278028
        ], 
        [
          7.249325373640149, 
          19.02910932986461, 
          79.15715040884538
        ]
      ], 
      "cuboid_centroid": [
        2.2249247620075367, 
        18.005092623093027, 
        74.12919811440449
      ], 
      "location": [
        2.2249247620075367, 
        18.005092623093027, 
        74.12919811440449
      ], 
      "pose_transform_permuted": [
        [
          0.23400314653154916, 
          -0.7124638635113509, 
          -0.6615412741364131, 
          0.0
        ], 
        [
          0.9495343901130843, 
          0.31365557340408146, 
          -0.0019261483187518792, 
          0.0
        ], 
        [
          -0.20886860948512592, 
          0.6277060387367952, 
          -0.749906016048085, 
          0.0
        ], 
        [
          2.2249247620075367, 
          18.005092623093027, 
          74.12919811440449, 
          1.0
        ]
      ], 
      "projected_cuboid": [
        [
          534.9382353211938, 
          428.99612198943663
        ], 
        [
          459.8108138420275, 
          404.34554020384843
        ], 
        [
          474.0726660135809, 
          356.34220542037735
        ], 
        [
          542.9570787891519, 
          378.93066053450394
        ], 
        [
          522.2057223477191, 
          450.88230574422704
        ], 
        [
          451.00805789775075, 
          427.51414507433367
        ], 
        [
          465.28005598838774, 
          379.98783054049056
        ], 
        [
          530.8462692076508, 
          401.4947491601375
        ]
      ], 
      "projected_cuboid_centroid": [
        497.73759821152436, 
        402.82346454964426
      ], 
      "quaternion_xyzw": [
        0.8998307761721497, 
        0.14517290270733127, 
        0.0644779563997703, 
        0.40629024875663544
      ], 
      "visibility": 0.6547831253713606
    }, 
    {
      "bounding_box": {
        "bottom_right": [
          304, 
          448
        ], 
        "top_left": [
          248, 
          290
        ]
      }, 
      "class": "037_scissors", 
      "cuboid": [
        [
          -23.099584821307232, 
          3.1772478255022567, 
          72.63866876381175
        ], 
        [
          -3.3340973188924177, 
          4.483809394956015, 
          68.38688915525233
        ], 
        [
          -4.066942820898175, 
          -2.2941904457577316, 
          62.897206947269055
        ], 
        [
          -23.832430323312987, 
          -3.600752015211491, 
          67.14898655582847
        ], 
        [
          -23.41731304983197, 
          4.162645797724028, 
          71.46443316285051
        ], 
        [
          -3.651825547417156, 
          5.469207367177787, 
          67.21265355429111
        ], 
        [
          -4.384671049422914, 
          -1.3087924735359604, 
          61.72297134630782
        ], 
        [
          -24.150158551837727, 
          -2.6153540429897197, 
          65.97475095486723
        ]
      ], 
      "cuboid_centroid": [
        -13.742127935365072, 
        0.9342276759831479, 
        67.18082005505978
      ], 
      "location": [
        -13.742127935365072, 
        0.9342276759831479, 
        67.18082005505978
      ], 
      "pose_transform_permuted": [
        [
          0.20295638726703577, 
          -0.6294461571481731, 
          0.7500706389167229, 
          0.0
        ], 
        [
          -0.9756013161085992, 
          -0.0644903489772399, 
          0.20986286229507334, 
          0.0
        ], 
        [
          0.08372506343968088, 
          0.7743630343704364, 
          0.6271772015644783, 
          0.0
        ], 
        [
          -13.742127935365072, 
          0.9342276759831479, 
          67.18082005505978, 
          1.0
        ]
      ], 
      "projected_cuboid": [
        [
          310.5844974920829, 
          296.61417482783736
        ], 
        [
          455.3792137248673, 
          308.2538158774667
        ], 
        [
          446.8251671785152, 
          253.83358050317221
        ], 
        [
          290.7345685245416, 
          244.68816796346562
        ], 
        [
          305.3837026055542, 
          304.35122881404004
        ], 
        [
          452.3790532302734, 
          316.68365502850645
        ], 
        [
          443.39543576248093, 
          261.9778689200019
        ], 
        [
          284.7477274055434, 
          252.144820765914
        ]
      ], 
      "projected_cuboid_centroid": [
        371.59510833771986, 
        280.7029689558404
      ], 
      "quaternion_xyzw": [
        0.11033003384167146, 
        -0.3358450407534657, 
        0.9354190223364819, 
        0.0051406679795747215
      ], 
      "visibility": 0.7211796246648794
    }, 
    {
      "bounding_box": {
        "bottom_right": [
          420, 
          466
        ], 
        "top_left": [
          370, 
          404
        ]
      }, 
      "class": "061_foam_brick", 
      "cuboid": [
        [
          -3.972828626647608, 
          17.5287638866538, 
          74.58019137577476
        ], 
        [
          -11.458451981377102, 
          17.60127469209533, 
          76.72583354859526
        ], 
        [
          -10.38918918775686, 
          14.387859216752915, 
          80.56482682946205
        ], 
        [
          -2.903565833027366, 
          14.315348411311385, 
          78.41918465664153
        ], 
        [
          -3.0271016908959876, 
          21.620006848998745, 
          77.74134117089012
        ], 
        [
          -10.512725045625482, 
          21.692517654440273, 
          79.88698334371064
        ], 
        [
          -9.44346225200524, 
          18.479102179097858, 
          83.72597662457741
        ], 
        [
          -1.957838897275746, 
          18.40659137365633, 
          81.58033445175691
        ]
      ], 
      "cuboid_centroid": [
        -6.708145439326424, 
        18.00393303287583, 
        79.1530840001761
      ], 
      "location": [
        -6.708145439326424, 
        18.00393303287583, 
        79.1530840001761
      ], 
      "pose_transform_permuted": [
        [
          -0.17993282500025468, 
          -0.7783947735316208, 
          -0.601436409794157, 
          0.0
        ], 
        [
          0.961248115794983, 
          -0.009311298712539412, 
          -0.2755274207712929, 
          0.0
        ], 
        [
          -0.20886895022483123, 
          0.6277060428695451, 
          -0.7499059176837016, 
          0.0
        ], 
        [
          -6.708145439326424, 
          18.00393303287583, 
          79.1530840001761, 
          1.0
        ]
      ], 
      "projected_cuboid": [
        [
          452.95079930180736, 
          398.6339375668458
        ], 
        [
          401.28587676621345, 
          395.6326116298065
        ], 
        [
          412.25003095837036, 
          368.53067096327015
        ], 
        [
          461.68570130762635, 
          370.64352633956025
        ], 
        [
          460.6575491169184, 
          421.603673590395
        ], 
        [
          410.83003019484977, 
          418.1041789683709
        ], 
        [
          420.94260549194104, 
          390.99513295816433
        ], 
        [
          468.6913202089213, 
          393.6169546801447
        ]
      ], 
      "projected_cuboid_centroid": [
        436.02210144643476, 
        394.59387782574487
      ], 
      "quaternion_xyzw": [
        0.8930832223900925, 
        0.055861997658580596, 
        -0.12749658552330462, 
        0.4278158666796037
      ], 
      "visibility": 0.5901579140653691
    }
  ]
}