{
  "camera_data": {
    "location_worldframe": [
      -17.71596380400636, 
      13.706340899413389, 
      71.71888300161513
    ], 
    "quaternion_xyzw_worldframe": [
      0.8875618171422186, 
      0.011208585228053226, 
      -0.038311624016980024, 
      -0.4589582942401855
    ]
  }, 
  "objects": [
    {
      "bounding_box": {
        "bottom_right": [
          453, 
          578
        ], 
        "top_left": [
          345, 
          359
        ]
      }, 
      "class": "003_cracker_box", 
      "cuboid": [
        [
          -10.467040763250457, 
          22.749961237651217, 
          64.12510847391066
        ], 
        [
          -12.05726234280219, 
          13.572687126399932, 
          50.622258741278614
        ], 
        [
          9.185418063815142, 
          12.52938154799564, 
          48.829609930501135
        ], 
        [
          10.775639643366876, 
          21.706655659246927, 
          62.332459663133164
        ], 
        [
          -10.418560082544268, 
          16.809157843775154, 
          68.15709336895324
        ], 
        [
          -12.008781662096, 
          7.631883732523869, 
          54.65424363632121
        ], 
        [
          9.233898744521332, 
          6.5885781541195785, 
          52.861594825543726
        ], 
        [
          10.824120324073066, 
          15.765852265370864, 
          66.36444455817576
        ]
      ], 
      "cuboid_centroid": [
        -0.6165710093645624, 
        14.669269695885397, 
        58.49335164972719
      ], 
      "location": [
        -0.6165710093645624, 
        14.669269695885397, 
        58.49335164972719
      ], 
      "pose_transform_permuted": [
        [
          -0.006752184103799186, 
          0.827409963218718, 
          -0.5615577982507483, 
          0.0
        ], 
        [
          0.09694344609684796, 
          0.5594670513595206, 
          0.8231637666357472, 
          0.0
        ], 
        [
          -0.9952669874303557, 
          0.04888119484508463, 
          0.08398959770007797, 
          0.0
        ], 
        [
          -0.6165710093645624, 
          14.669269695885397, 
          58.49335164972719, 
          1.0
        ]
      ], 
      "projected_cuboid": [
        [
          393.81869290426454, 
          462.49479248848496
        ], 
        [
          353.5118749093744, 
          416.27857391090805
        ], 
        [
          582.7567410933551, 
          410.133106161684
        ], 
        [
          574.5622962301239, 
          459.0097488220332
        ], 
        [
          399.39393436241824, 
          404.8158126553419
        ], 
        [
          363.4380708979314, 
          347.758944518141
        ], 
        [
          575.534047471654, 
          339.7585724791085
        ], 
        [
          569.3070239500726, 
          399.9844680927119
        ]
      ], 
      "projected_cuboid_centroid": [
        475.9285667258493, 
        407.0352218743201
      ], 
      "quaternion_xyzw": [
        0.6533342251850657, 
        0.5949229272159577, 
        0.3124019648215614, 
        -0.3487493559137475
      ], 
      "visibility": 0.965443061149762
    }, 
    {
      "bounding_box": {
        "bottom_right": [
          463, 
          432
        ], 
        "top_left": [
          403, 
          350
        ]
      }, 
      "class": "005_tomato_soup_can", 
      "cuboid": [
        [
          -18.468580130415564, 
          25.25010611296585, 
          73.5239396826296
        ], 
        [
          -13.153649931611536, 
          22.957900211385283, 
          70.02041249078353
        ], 
        [
          -6.852892188203653, 
          27.119493853644155, 
          76.85605462730193
        ], 
        [
          -12.167822387007678, 
          29.411699755224717, 
          80.35958181914799
        ], 
        [
          -18.57552898056123, 
          19.51123096782534, 
          77.11639297714125
        ], 
        [
          -13.260598781757201, 
          17.21902506624478, 
          73.61286578529518
        ], 
        [
          -6.959841038349318, 
          21.38061870850365, 
          80.44850792181357
        ], 
        [
          -12.274771237153344, 
          23.672824610084216, 
          83.95203511365963
        ]
      ], 
      "cuboid_centroid": [
        -12.71421058438244, 
        23.31536241073475, 
        76.98622380222159
      ], 
      "location": [
        -12.71421058438244, 
        23.31536241073475, 
        76.98622380222159
      ], 
      "pose_transform_permuted": [
        [
          0.015794200688678223, 
          0.8475167862596269, 
          -0.5305333177583481, 
          0.0
        ], 
        [
          -0.7855466519936126, 
          0.3387880187159924, 
          0.5178212982632513, 
          0.0
        ], 
        [
          -0.6186007219808995, 
          -0.40858019567342824, 
          -0.6711150202969481, 
          0.0
        ], 
        [
          -12.71421058438244, 
          23.31536241073475, 
          76.98622380222159, 
          1.0
        ]
      ], 
      "projected_cuboid": [
        [
          346.5153814609185, 
          456.4428830483962
        ], 
        [
          380.57567570473367, 
          448.1483723476974
        ], 
        [
          433.6471859824106, 
          461.474146986023
        ], 
        [
          400.1703505133135, 
          468.48212136703364
        ], 
        [
          352.0623396879611, 
          408.2218113415495
        ], 
        [
          384.7244259393317, 
          398.0370577849667
        ], 
        [
          435.0734954966398, 
          415.0256820888988
        ], 
        [
          402.9696684787094, 
          423.67218302793066
        ]
      ], 
      "projected_cuboid_centroid": [
        392.78579054635543, 
        434.80295933912777
      ], 
      "quaternion_xyzw": [
        0.2900027717914699, 
        0.8253272328939275, 
        0.46000899583539856, 
        -0.15206910591519718
      ], 
      "visibility": 0.32794830371567046
    }, 
    {
      "bounding_box": {
        "bottom_right": [
          484, 
          558
        ], 
        "top_left": [
          404, 
          476
        ]
      }, 
      "class": "010_potted_meat_can", 
      "cuboid": [
        [
          10.042655955578942, 
          25.208008499135843, 
          66.1731916150062
        ], 
        [
          0.18472025414743645, 
          23.21624261054006, 
          64.69840517999677
        ], 
        [
          0.8388319583426264, 
          16.41711889113957, 
          69.50864170423559
        ], 
        [
          10.696767659774132, 
          18.408884779735352, 
          70.98342813924504
        ], 
        [
          8.712626094511394, 
          28.359031699820925, 
          70.80792933962161
        ], 
        [
          -1.145309606920112, 
          26.367265811225142, 
          69.33314290461216
        ], 
        [
          -0.49119790272492203, 
          19.568142091824654, 
          74.14337942885099
        ], 
        [
          9.366737798706584, 
          21.559907980420434, 
          75.61816586386043
        ]
      ], 
      "cuboid_centroid": [
        4.77572902642701, 
        22.38807529548025, 
        70.1582855219286
      ], 
      "location": [
        4.77572902642701, 
        22.38807529548025, 
        70.1582855219286
      ], 
      "pose_transform_permuted": [
        [
          0.23090395773752392, 
          -0.5470431523822711, 
          -0.8046280125095264, 
          0.0
        ], 
        [
          0.9698206669691721, 
          0.19594931241475871, 
          0.14508903358238068, 
          0.0
        ], 
        [
          -0.07829641499557143, 
          0.8138472510523359, 
          -0.5757797524691167, 
          0.0
        ], 
        [
          4.77572902642701, 
          22.38807529548025, 
          70.1582855219286, 
          1.0
        ]
      ], 
      "projected_cuboid": [
        [
          563.209862520289, 
          476.4492426542005
        ], 
        [
          483.13243780689385, 
          464.6618400063687
        ], 
        [
          488.0868181996693, 
          399.25031441587186
        ], 
        [
          562.634811376586, 
          411.5979581922895
        ], 
        [
          547.7667320040036, 
          486.88446559125583
        ], 
        [
          472.7137808283075, 
          476.10698751957295
        ], 
        [
          478.0343968962382, 
          414.041834870219
        ], 
        [
          548.2092977359316, 
          425.3441951061417
        ]
      ], 
      "projected_cuboid_centroid": [
        518.2030837855152, 
        443.47312244205153
      ], 
      "quaternion_xyzw": [
        0.9471398960199906, 
        0.07238786175166616, 
        0.09924431250860559, 
        0.29637197988640346
      ], 
      "visibility": 0.364510956707643
    }, 
    {
      "bounding_box": {
        "bottom_right": [
          379, 
          463
        ], 
        "top_left": [
          336, 
          271
        ]
      }, 
      "class": "037_scissors", 
      "cuboid": [
        [
          -21.52704099326726, 
          11.328302589423917, 
          63.13945093697517
        ], 
        [
          -1.4081508997784709, 
          11.430630650462568, 
          60.756381580725986
        ], 
        [
          -2.2217288519416263, 
          6.357575061176202, 
          53.66997536749363
        ], 
        [
          -22.340618945430414, 
          6.255247000137548, 
          56.053044723742815
        ], 
        [
          -21.640166801501472, 
          12.604028804526138, 
          62.23916497516229
        ], 
        [
          -1.5212767080126839, 
          12.706356865564791, 
          59.856095618913095
        ], 
        [
          -2.3348546601758393, 
          7.633301276278423, 
          52.769689405680744
        ], 
        [
          -22.45374475366463, 
          7.530973215239771, 
          55.15275876192993
        ]
      ], 
      "cuboid_centroid": [
        -11.93094782672155, 
        9.48080193285117, 
        57.95457017132796
      ], 
      "location": [
        -11.93094782672155, 
        9.48080193285117, 
        57.95457017132796
      ], 
      "pose_transform_permuted": [
        [
          0.07226177369409137, 
          -0.8149001584189948, 
          0.575078856433891, 
          0.0
        ], 
        [
          -0.9930448541405267, 
          -0.0050507932582970014, 
          0.11762551265435474, 
          0.0
        ], 
        [
          0.09294846658886995, 
          0.5795790516330288, 
          0.8095973955470429, 
          0.0
        ], 
        [
          -11.93094782672155, 
          9.48080193285117, 
          57.95457017132796, 
          1.0
        ]
      ], 
      "projected_cuboid": [
        [
          298.2494491165465, 
          368.9732366361132
        ], 
        [
          469.13331030967487, 
          373.6246261835466
        ], 
        [
          459.33572418087095, 
          336.4618843159402
        ], 
        [
          267.26471545125355, 
          332.80240797899916
        ], 
        [
          294.6198972473846, 
          381.2888768783263
        ], 
        [
          467.9294907906592, 
          386.5005536484646
        ], 
        [
          457.80309121675066, 
          350.4328903805898
        ], 
        [
          262.6630345196509, 
          346.11001202308427
        ]
      ], 
      "projected_cuboid_centroid": [
        370.889071084948, 
        360.5324155715669
      ], 
      "quaternion_xyzw": [
        0.053514199684726094, 
        -0.4578173092155469, 
        0.8870883217311912, 
        0.024771398511660263
      ], 
      "visibility": 0.7848571428571428
    }, 
    {
      "bounding_box": {
        "bottom_right": [
          455, 
          479
        ], 
        "top_left": [
          408, 
          416
        ]
      }, 
      "class": "061_foam_brick", 
      "cuboid": [
        [
          -1.4542926270668548, 
          22.5113851213398, 
          70.03812374356019
        ], 
        [
          -9.073742662080644, 
          22.885230232698326, 
          71.60267356897488
        ], 
        [
          -8.672915296125828, 
          18.718900643327522, 
          74.55026012834271
        ], 
        [
          -1.0534652611120374, 
          18.345055531968992, 
          72.98571030292806
        ], 
        [
          -0.4496110521791198, 
          25.555092841594483, 
          74.20369629578447
        ], 
        [
          -8.069061087192908, 
          25.928937952953014, 
          75.76824612119914
        ], 
        [
          -7.66823372123809, 
          21.76260836358221, 
          78.71583268056699
        ], 
        [
          -0.04878368622430254, 
          21.38876325222368, 
          77.15128285515232
        ]
      ], 
      "cuboid_centroid": [
        -4.561263174152473, 
        22.136996742461005, 
        74.37697821206359
      ], 
      "location": [
        -4.561263174152473, 
        22.136996742461005, 
        74.37697821206359
      ], 
      "pose_transform_permuted": [
        [
          -0.1911494609716104, 
          -0.5790920273887021, 
          -0.7925366284185899, 
          0.0
        ], 
        [
          0.9784331434366822, 
          -0.04800641067059647, 
          -0.2009078603717121, 
          0.0
        ], 
        [
          -0.07829730132562818, 
          0.8138475338473228, 
          -0.5757792322199153, 
          0.0
        ], 
        [
          -4.561263174152473, 
          22.136996742461005, 
          74.37697821206359, 
          1.0
        ]
      ], 
      "projected_cuboid": [
        [
          470.43077560501024, 
          444.70407300102454
        ], 
        [
          413.4497211453201, 
          443.74304246825653
        ], 
        [
          419.03549295860654, 
          407.19829457805764
        ], 
        [
          473.8350605041065, 
          407.33712581504716
        ], 
        [
          478.3386782486811, 
          456.95705767970196
        ], 
        [
          424.32702614777924, 
          455.7958487950895
        ], 
        [
          429.20989317188133, 
          420.7336883950252
        ], 
        [
          481.2570344387075, 
          421.1395078878256
        ]
      ], 
      "projected_cuboid_centroid": [
        448.6180039480324, 
        432.0197126700973
      ], 
      "quaternion_xyzw": [
        0.9466806887359901, 
        0.007999236441454236, 
        -0.10353473087815865, 
        0.30497908992698575
      ], 
      "visibility": 0.020056298381421533
    }
  ]
}