{
  "camera_data": {
    "location_worldframe": [
      -11.360521249018978, 
      -1.4646208058174903, 
      71.00526238326664
    ], 
    "quaternion_xyzw_worldframe": [
      -0.8283828278936899, 
      -0.0830165708188772, 
      -0.13836913830551603, 
      0.536419941211279
    ]
  }, 
  "objects": [
    {
      "bounding_box": {
        "bottom_right": [
          329, 
          672
        ], 
        "top_left": [
          218, 
          459
        ]
      }, 
      "class": "003_cracker_box", 
      "cuboid": [
        [
          -1.8151376932956362, 
          8.275735690596283, 
          68.55447821539362
        ], 
        [
          1.6769433903475157, 
          1.9689064274880725, 
          53.81991374818183
        ], 
        [
          22.08331485972331, 
          -0.3271540235109946, 
          59.638990737327056
        ], 
        [
          18.591233776080156, 
          5.979675239597215, 
          74.37355520453885
        ], 
        [
          -3.2615692356881554, 
          1.692792087821994, 
          71.02936949599723
        ], 
        [
          0.2305118479549978, 
          -4.614037175286216, 
          56.29480502878545
        ], 
        [
          20.63688331733079, 
          -6.910097626285284, 
          62.11388201793066
        ], 
        [
          17.144802233687635, 
          -0.6032683631770731, 
          76.84844648514245
        ]
      ], 
      "cuboid_centroid": [
        9.410872812017576, 
        0.6828190321554997, 
        65.33418011666214
      ], 
      "location": [
        9.410872812017576, 
        0.6828190321554997, 
        65.33418011666214
      ], 
      "pose_transform_permuted": [
        [
          0.20145286587384326, 
          0.9168445348413765, 
          -0.34469238715514955, 
          0.0
        ], 
        [
          -0.2128850335394214, 
          0.38447834601924036, 
          0.8982518377032296, 
          0.0
        ], 
        [
          -0.9560840472082646, 
          0.10757555658145485, 
          -0.272636744222153, 
          0.0
        ], 
        [
          9.410872812017576, 
          0.6828190321554997, 
          65.33418011666214, 
          1.0
        ]
      ], 
      "projected_cuboid": [
        [
          467.35852825451246, 
          337.66762618804523
        ], 
        [
          498.3529453740339, 
          292.79709238559207
        ], 
        [
          680.722037182486, 
          270.3609745992494
        ], 
        [
          616.0224914896119, 
          316.1657293487209
        ], 
        [
          456.9036980562245, 
          285.99676161257025
        ], 
        [
          483.79906585656056, 
          229.57457589538592
        ], 
        [
          660.2652335866306, 
          213.95535039508323
        ], 
        [
          601.5716184490316, 
          269.0999233300625
        ]
      ], 
      "projected_cuboid_centroid": [
        559.0577300664221, 
        278.8603549476885
      ], 
      "quaternion_xyzw": [
        0.5566378782918893, 
        0.602080115954911, 
        0.49390490050356034, 
        -0.28932983890534625
      ], 
      "visibility": 0.9855139112439641
    }, 
    {
      "bounding_box": {
        "bottom_right": [
          342, 
          455
        ], 
        "top_left": [
          289, 
          386
        ]
      }, 
      "class": "005_tomato_soup_can", 
      "cuboid": [
        [
          -12.715789823546197, 
          9.551786987775442, 
          74.73154747972785
        ], 
        [
          -6.485545452109346, 
          7.567279444523983, 
          72.99281846681006
        ], 
        [
          -3.1451609994020227, 
          9.868353263734939, 
          82.33580001391817
        ], 
        [
          -9.375405370838875, 
          11.852860806986397, 
          84.07452902683596
        ], 
        [
          -14.144496591288835, 
          3.261558858150379, 
          76.79156537052066
        ], 
        [
          -7.914252219851982, 
          1.2770513148989207, 
          75.05283635760287
        ], 
        [
          -4.573867767144661, 
          3.578125134109876, 
          84.395817904711
        ], 
        [
          -10.804112138581512, 
          5.562632677361335, 
          86.13454691762877
        ]
      ], 
      "cuboid_centroid": [
        -8.644828795345429, 
        6.5649560609426585, 
        79.56368269221942
      ], 
      "location": [
        -8.644828795345429, 
        6.5649560609426585, 
        79.56368269221942
      ], 
      "pose_transform_permuted": [
        [
          0.2109913419757756, 
          0.9289405666498806, 
          -0.30422333615681224, 
          0.0
        ], 
        [
          -0.9208300813029601, 
          0.29331020317219675, 
          0.2569841378404314, 
          0.0
        ], 
        [
          -0.3279548775384101, 
          -0.2259166252478937, 
          -0.9172825501094906, 
          0.0
        ], 
        [
          -8.644828795345429, 
          6.5649560609426585, 
          79.56368269221942, 
          1.0
        ]
      ], 
      "projected_cuboid": [
        [
          390.09495980984, 
          341.4525967164272
        ], 
        [
          433.81575235119925, 
          328.57661177038176
        ], 
        [
          461.05491836223734, 
          337.207530408922
        ], 
        [
          421.62937473737827, 
          348.4741466203116
        ], 
        [
          382.544506752249, 
          295.9381560637601
        ], 
        [
          424.89035050239846, 
          282.36116471112933
        ], 
        [
          452.45271612377337, 
          295.8976608123351
        ], 
        [
          414.1437305731144, 
          307.72871068667496
        ]
      ], 
      "projected_cuboid_centroid": [
        423.1674224507109, 
        317.2917865004459
      ], 
      "quaternion_xyzw": [
        0.19841657413432057, 
        0.7827787111801883, 
        0.5896376237595419, 
        -0.014688952065173339
      ], 
      "visibility": 0.9422665716322167
    }, 
    {
      "bounding_box": {
        "bottom_right": [
          343, 
          588
        ], 
        "top_left": [
          278, 
          514
        ]
      }, 
      "class": "010_potted_meat_can", 
      "cuboid": [
        [
          16.496959767567667, 
          8.735900154948343, 
          78.31875011155253
        ], 
        [
          7.875419176332635, 
          7.8142998884004955, 
          73.01396798032367
        ], 
        [
          6.704303457525102, 
          0.19773528440934357, 
          76.24053775313067
        ], 
        [
          15.325844048760134, 
          1.1193355509571907, 
          81.54531988435953
        ], 
        [
          13.55461756166616, 
          11.044209234110781, 
          82.69973766654365
        ], 
        [
          4.933076970431127, 
          10.122608967562934, 
          77.3949555353148
        ], 
        [
          3.761961251623594, 
          2.5060443635717817, 
          80.62152530812179
        ], 
        [
          12.383501842858626, 
          3.4276446301196293, 
          85.92630743935065
        ]
      ], 
      "cuboid_centroid": [
        10.129460509595631, 
        5.620972259260062, 
        79.47013770983716
      ], 
      "location": [
        10.129460509595631, 
        5.620972259260062, 
        79.47013770983716
      ], 
      "pose_transform_permuted": [
        [
          0.5108144412753978, 
          -0.40074115451231745, 
          -0.760574927569174, 
          0.0
        ], 
        [
          0.8481844982290937, 
          0.09066674933298764, 
          0.5218828262277515, 
          0.0
        ], 
        [
          0.14018119801175366, 
          0.9116939801717999, 
          -0.3862166726624985, 
          0.0
        ], 
        [
          10.129460509595631, 
          5.620972259260062, 
          79.47013770983716, 
          1.0
        ]
      ], 
      "projected_cuboid": [
        [
          594.8709831383559, 
          332.7745484849961
        ], 
        [
          539.6012726299871, 
          330.3649200299109
        ], 
        [
          528.8859953226141, 
          274.6697404425838
        ], 
        [
          582.6658672251738, 
          280.6071735533074
        ], 
        [
          569.7374406042379, 
          344.5091709834952
        ], 
        [
          515.8736091460355, 
          343.0402520038152
        ], 
        [
          506.69021129438516, 
          289.86427612618684
        ], 
        [
          559.0983827884784, 
          294.560930654302
        ]
      ], 
      "projected_cuboid_centroid": [
        550.1418022549284, 
        311.00856374752465
      ], 
      "quaternion_xyzw": [
        0.9381435665677812, 
        -0.013194795136717645, 
        0.2751970232235602, 
        0.20971145974328811
      ], 
      "visibility": 0.3679412509496075
    }, 
    {
      "bounding_box": {
        "bottom_right": [
          265, 
          559
        ], 
        "top_left": [
          221, 
          382
        ]
      }, 
      "class": "037_scissors", 
      "cuboid": [
        [
          -11.742254023914278, 
          -1.8786753240479268, 
          61.33733956220044
        ], 
        [
          7.838122110509355, 
          -2.8560334438506008, 
          66.44741497483383
        ], 
        [
          9.690084731826873, 
          -6.418849806776553, 
          58.669784929088294
        ], 
        [
          -9.890291402596759, 
          -5.441491686973878, 
          53.55970951645491
        ], 
        [
          -11.514422467392915, 
          -0.4507270456083113, 
          60.73746779808795
        ], 
        [
          8.065953667030717, 
          -1.4280851654109854, 
          65.84754321072134
        ], 
        [
          9.917916288348236, 
          -4.990901528336937, 
          58.06991316497581
        ], 
        [
          -9.662459846075397, 
          -4.013543408534263, 
          52.95983775234242
        ]
      ], 
      "cuboid_centroid": [
        -0.9121688677830219, 
        -3.4347884261924317, 
        59.70362636358813
      ], 
      "location": [
        -0.9121688677830219, 
        -3.4347884261924317, 
        59.70362636358813
      ], 
      "pose_transform_permuted": [
        [
          -0.14553277129860406, 
          -0.9121355856290319, 
          0.3831822140357788, 
          0.0
        ], 
        [
          -0.9664644357651827, 
          0.0482412522267625, 
          -0.25222733804922565, 
          0.0
        ], 
        [
          -0.2115803229102829, 
          0.4070394444579182, 
          0.8885673272308565, 
          0.0
        ], 
        [
          -0.9121688677830219, 
          -3.4347884261924317, 
          59.70362636358813, 
          1.0
        ]
      ], 
      "projected_cuboid": [
        [
          378.6489832034501, 
          256.9517189643972
        ], 
        [
          545.03159158401, 
          250.363470675143
        ], 
        [
          570.4158521515462, 
          214.93796371060998
        ], 
        [
          382.29401294341073, 
          219.1030088972349
        ], 
        [
          379.64941943377613, 
          269.3288234305604
        ], 
        [
          547.4701365061266, 
          261.72003529943584
        ], 
        [
          573.4432287001945, 
          227.4496255827736
        ], 
        [
          383.48265921604843, 
          232.86909358350348
        ]
      ], 
      "projected_cuboid_centroid": [
        473.3809585456687, 
        242.60431575623363
      ], 
      "quaternion_xyzw": [
        -0.11978365836664966, 
        -0.5422735399170482, 
        0.830163552298413, 
        -0.04918882256131802
      ], 
      "visibility": 0.812590239676581
    }, 
    {
      "bounding_box": {
        "bottom_right": [
          331, 
          510
        ], 
        "top_left": [
          285, 
          452
        ]
      }, 
      "class": "061_foam_brick", 
      "cuboid": [
        [
          4.382754991237111, 
          6.237819808220414, 
          77.13844650834898
        ], 
        [
          -3.276466703598467, 
          6.8865565029628195, 
          75.88982371109674
        ], 
        [
          -3.9940997281210517, 
          2.219312775070016, 
          77.86696057436411
        ], 
        [
          3.6651219667145267, 
          1.5705760803276112, 
          79.11558337161637
        ], 
        [
          3.7835370080409563, 
          8.352476950334188, 
          81.91282598855608
        ], 
        [
          -3.8756846867946226, 
          9.001213645076593, 
          80.66420319130383
        ], 
        [
          -4.593317711317208, 
          4.33396991718379, 
          82.64134005457122
        ], 
        [
          3.065903983518371, 
          3.685233222441385, 
          83.88996285182347
        ]
      ], 
      "cuboid_centroid": [
        -0.10528136004004825, 
        5.2858948627021025, 
        79.8898932814601
      ], 
      "location": [
        -0.10528136004004825, 
        5.2858948627021025, 
        79.8898932814601
      ], 
      "pose_transform_permuted": [
        [
          0.11400646469030704, 
          -0.40233202534841134, 
          -0.9083674737615075, 
          0.0
        ], 
        [
          0.9835403243959782, 
          -0.08330594473127037, 
          0.16033885948042814, 
          0.0
        ], 
        [
          0.14018186864167476, 
          0.9116957063359877, 
          -0.38621235447956903, 
          0.0
        ], 
        [
          -0.10528136004004825, 
          5.2858948627021025, 
          79.8898932814601, 
          1.0
        ]
      ], 
      "projected_cuboid": [
        [
          512.1510670193951, 
          316.4135597274171
        ], 
        [
          458.379649267427, 
          321.6821629024566
        ], 
        [
          454.0130578471212, 
          288.4868611402721
        ], 
        [
          506.5096164331001, 
          283.87381983922666
        ], 
        [
          506.43628126735143, 
          327.66800354363136
        ], 
        [
          455.75904323688013, 
          332.79897744410147
        ], 
        [
          451.7074159888091, 
          301.2554821948573
        ], 
        [
          501.2505865092166, 
          296.71493131083076
        ]
      ], 
      "projected_cuboid_centroid": [
        480.8883871372222, 
        308.5734951805257
      ], 
      "quaternion_xyzw": [
        0.9751414646723665, 
        -0.05729625430501865, 
        0.07033474990803289, 
        0.2021615346069095
      ], 
      "visibility": 0.06392106392106392
    }
  ]
}