{
  "camera_data": {
    "location_worldframe": [
      -15.06787611467998, 
      1.7651641130102758, 
      69.79906513011952
    ], 
    "quaternion_xyzw_worldframe": [
      -0.840595488728823, 
      -0.04405171433661331, 
      -0.07345942563956573, 
      0.5348509866268946
    ]
  }, 
  "objects": [
    {
      "bounding_box": {
        "bottom_right": [
          357, 
          636
        ], 
        "top_left": [
          242, 
          425
        ]
      }, 
      "class": "003_cracker_box", 
      "cuboid": [
        [
          -6.042879325663257, 
          11.478955069297715, 
          65.77540063370351
        ], 
        [
          -4.806982122892917, 
          4.944286661505394, 
          50.78044206118516
        ], 
        [
          16.255354157338996, 
          2.769583149884244, 
          53.46413395880767
        ], 
        [
          15.019456954568659, 
          9.304251557676565, 
          68.45909253132602
        ], 
        [
          -7.071267903006693, 
          4.934033793786494, 
          68.54285794435762
        ], 
        [
          -5.8353707002363535, 
          -1.6006346140058267, 
          53.54789937183926
        ], 
        [
          15.22696557999556, 
          -3.7753381256269773, 
          56.23159126946177
        ], 
        [
          13.991068377225222, 
          2.759330282165344, 
          71.22654984198013
        ]
      ], 
      "cuboid_centroid": [
        4.592043127166153, 
        3.851808471835369, 
        61.00349595158264
      ], 
      "location": [
        4.592043127166153, 
        3.851808471835369, 
        61.00349595158264
      ], 
      "pose_transform_permuted": [
        [
          0.1432296102967171, 
          0.9115489459594662, 
          -0.3854397460750993, 
          0.0
        ], 
        [
          -0.07534304363533129, 
          0.39836792727348436, 
          0.9141260417992658, 
          0.0
        ], 
        [
          -0.9868174626089747, 
          0.10188971312166234, 
          -0.12573695498925674, 
          0.0
        ], 
        [
          4.592043127166153, 
          3.851808471835369, 
          61.00349595158264, 
          1.0
        ]
      ], 
      "projected_cuboid": [
        [
          432.1919262412664, 
          366.36011068212747
        ], 
        [
          430.6912101765676, 
          325.21371297954846
        ], 
        [
          645.100036725374, 
          300.91389901176876
        ], 
        [
          599.5788187825182, 
          345.7698178348591
        ], 
        [
          426.11829928823636, 
          311.6773627175546
        ], 
        [
          422.99435209923956, 
          257.3447401674238
        ], 
        [
          627.2183116380133, 
          237.47994403603184
        ], 
        [
          587.2303359362927, 
          293.947441523454
        ]
      ], 
      "projected_cuboid_centroid": [
        522.0772993606563, 
        306.96075380481597
      ], 
      "quaternion_xyzw": [
        0.5941351730796264, 
        0.5828578464318656, 
        0.4449137586886626, 
        -0.33065370751282486
      ], 
      "visibility": 0.9857461255377598
    }, 
    {
      "bounding_box": {
        "bottom_right": [
          366, 
          441
        ], 
        "top_left": [
          313, 
          364
        ]
      }, 
      "class": "005_tomato_soup_can", 
      "cuboid": [
        [
          -15.882910953322488, 
          12.837339388978771, 
          73.51747468036393
        ], 
        [
          -9.981821029283083, 
          10.834329544204703, 
          70.88261548724881
        ], 
        [
          -5.26895391051778, 
          13.287921207030124, 
          79.57244774546439
        ], 
        [
          -11.170043834557188, 
          15.29093105180419, 
          82.20730693857952
        ], 
        [
          -16.957953366311447, 
          6.578540126389141, 
          75.86770068272814
        ], 
        [
          -11.05686344227204, 
          4.575530281615074, 
          73.23284148961302
        ], 
        [
          -6.3439963235067385, 
          7.029121944440493, 
          81.9226737478286
        ], 
        [
          -12.245086247546146, 
          9.03213178921456, 
          84.55753294094373
        ]
      ], 
      "cuboid_centroid": [
        -11.113453638414613, 
        9.933230666709632, 
        77.72007421409627
      ], 
      "location": [
        -11.113453638414613, 
        9.933230666709632, 
        77.72007421409627
      ], 
      "pose_transform_permuted": [
        [
          0.15876220825621207, 
          0.9242991531826079, 
          -0.34708125514704147, 
          0.0
        ], 
        [
          -0.8721810559215819, 
          0.2960448432279649, 
          0.38943217318111306, 
          0.0
        ], 
        [
          -0.4627035542381316, 
          -0.24089064139279104, 
          -0.8531571483523831, 
          0.0
        ], 
        [
          -11.113453638414613, 
          9.933230666709632, 
          77.72007421409627, 
          1.0
        ]
      ], 
      "projected_cuboid": [
        [
          365.4170990203568, 
          366.41275758736134
        ], 
        [
          405.8681453777386, 
          354.80384764523455
        ], 
        [
          445.98859023232046, 
          362.3463671073813
        ], 
        [
          408.5275589199715, 
          372.4863935482869
        ], 
        [
          361.3960210390077, 
          319.5310431728156
        ], 
        [
          400.40421644170766, 
          306.6079256668225
        ], 
        [
          439.9532506640776, 
          319.046377278276
        ], 
        [
          403.7214907861639, 
          330.25381923282936
        ]
      ], 
      "projected_cuboid_centroid": [
        404.70039162701596, 
        341.44893350513365
      ], 
      "quaternion_xyzw": [
        0.24187263545415078, 
        0.7842437364208615, 
        0.5666147585847998, 
        -0.07353261308073517
      ], 
      "visibility": 0.7745788667687595
    }, 
    {
      "bounding_box": {
        "bottom_right": [
          371, 
          575
        ], 
        "top_left": [
          302, 
          498
        ]
      }, 
      "class": "010_potted_meat_can", 
      "cuboid": [
        [
          13.538647520229082, 
          12.119709838811284, 
          72.63382919107137
        ], 
        [
          4.21456282270557, 
          11.101943495125116, 
          68.71635310301582
        ], 
        [
          3.5764862729305493, 
          3.535822302483761, 
          72.20074534662034
        ], 
        [
          12.900570970454062, 
          4.553588646169928, 
          76.11822143467589
        ], 
        [
          11.287595576398932, 
          14.492993951793748, 
          77.37503242272088
        ], 
        [
          1.9635108788754179, 
          13.475227608107579, 
          73.45755633466533
        ], 
        [
          1.3254343291003965, 
          5.909106415466224, 
          76.94194857826983
        ], 
        [
          10.64951902662391, 
          6.926872759152392, 
          80.85942466632538
        ]
      ], 
      "cuboid_centroid": [
        7.43204092466474, 
        9.014408127138754, 
        74.78788888467061
      ], 
      "location": [
        7.43204092466474, 
        9.014408127138754, 
        74.78788888467061
      ], 
      "pose_transform_permuted": [
        [
          0.3908008520093901, 
          -0.41202134671125873, 
          -0.8231112869504288, 
          0.0
        ], 
        [
          0.9173005702315733, 
          0.10012753827448485, 
          0.3854000865518038, 
          0.0
        ], 
        [
          0.07637702554427842, 
          0.905655962133741, 
          -0.41707772443588526, 
          0.0
        ], 
        [
          7.43204092466474, 
          9.014408127138754, 
          74.78788888467061, 
          1.0
        ]
      ], 
      "projected_cuboid": [
        [
          581.8340739304915, 
          362.27645729832324
        ], 
        [
          514.5796145258087, 
          359.45065481594577
        ], 
        [
          508.2353762173851, 
          299.40431927960503
        ], 
        [
          572.7377020214807, 
          305.1910931974599
        ], 
        [
          560.0469586801617, 
          373.1817787490871
        ], 
        [
          495.9714310137954, 
          371.1199417820027
        ], 
        [
          490.8608179932799, 
          314.2452377368042
        ], 
        [
          552.4228035692704, 
          318.9736908128505
        ]
      ], 
      "projected_cuboid_centroid": [
        535.0373285970808, 
        337.5691438497985
      ], 
      "quaternion_xyzw": [
        0.9547339707106558, 
        0.006219144143506213, 
        0.20325058141154986, 
        0.21710211864829848
      ], 
      "visibility": 0.3588413316039775
    }, 
    {
      "bounding_box": {
        "bottom_right": [
          292, 
          515
        ], 
        "top_left": [
          250, 
          318
        ]
      }, 
      "class": "037_scissors", 
      "cuboid": [
        [
          -16.91304471876961, 
          1.1973871356575339, 
          60.309111229870304
        ], 
        [
          3.2201126241647837, 
          0.3287696841621542, 
          62.39734213430972
        ], 
        [
          3.881936166284211, 
          -3.3542525444473297, 
          54.48454920274385
        ], 
        [
          -16.251221176650184, 
          -2.4856350929519495, 
          52.39631829830444
        ], 
        [
          -16.784471358288503, 
          2.6159685409054565, 
          59.65958422882688
        ], 
        [
          3.348685984645891, 
          1.747351089410077, 
          61.74781513326628
        ], 
        [
          4.010509526765318, 
          -1.9356711391994068, 
          53.835022201700426
        ], 
        [
          -16.122647816169074, 
          -1.067053687704027, 
          51.746791297261005
        ]
      ], 
      "cuboid_centroid": [
        -6.451267596002146, 
        -0.3691420017709364, 
        57.07206671578536
      ], 
      "location": [
        -6.451267596002146, 
        -0.3691420017709364, 
        57.07206671578536
      ], 
      "pose_transform_permuted": [
        [
          -0.0821292614231655, 
          -0.9061522748234374, 
          0.4149006658182484, 
          0.0
        ], 
        [
          -0.9937490688650399, 
          0.042873940183375564, 
          -0.10307263195308648, 
          0.0
        ], 
        [
          -0.07561105021203757, 
          0.4207725487788565, 
          0.9040092193609511, 
          0.0
        ], 
        [
          -6.451267596002146, 
          -0.3691420017709364, 
          57.07206671578536, 
          1.0
        ]
      ], 
      "projected_cuboid": [
        [
          330.78690632388384, 
          283.87515378194604
        ], 
        [
          509.349223985136, 
          276.09658252691054
        ], 
        [
          519.9118871707768, 
          240.45358634594092
        ], 
        [
          314.80439590747903, 
          247.98632768533128
        ], 
        [
          330.3039471109956, 
          296.6716699741991
        ], 
        [
          510.7608998583852, 
          288.37851415333023
        ], 
        [
          521.6584943410905, 
          254.11070628498928
        ], 
        [
          314.0469727529658, 
          262.28912898889615
        ]
      ], 
      "projected_cuboid_centroid": [
        420.8097210727499, 
        269.83702809254623
      ], 
      "quaternion_xyzw": [
        -0.05505116853105662, 
        -0.5380695827030466, 
        0.8410443334721043, 
        -0.0097310892915456
      ], 
      "visibility": 0.8184231483939475
    }, 
    {
      "bounding_box": {
        "bottom_right": [
          356, 
          491
        ], 
        "top_left": [
          309, 
          435
        ]
      }, 
      "class": "061_foam_brick", 
      "cuboid": [
        [
          1.395341965371262, 
          9.586097092676406, 
          73.3477199662937
        ], 
        [
          -6.367086942080075, 
          10.204132622941149, 
          73.26819198594978
        ], 
        [
          -6.758100688324843, 
          5.567809150346145, 
          75.40333700614003
        ], 
        [
          1.0043282191264935, 
          4.949773620081403, 
          75.48286498648395
        ], 
        [
          1.5207072057702802, 
          11.775327173851153, 
          78.12444391156
        ], 
        [
          -6.2417217016810564, 
          12.393362704115896, 
          78.04491593121608
        ], 
        [
          -6.632735447925825, 
          7.757039231520892, 
          80.18006095140633
        ], 
        [
          1.1296934595255117, 
          7.139003701256148, 
          80.25958893175024
        ]
      ], 
      "cuboid_centroid": [
        -2.6186967412772812, 
        8.671568162098648, 
        76.76389045885001
      ], 
      "location": [
        -2.6186967412772812, 
        8.671568162098648, 
        76.76389045885001
      ], 
      "pose_transform_permuted": [
        [
          -0.02385183397986207, 
          -0.4165201795465874, 
          -0.9088135287539881, 
          0.0
        ], 
        [
          0.996793427572839, 
          -0.07936352936939955, 
          0.010212392159734907, 
          0.0
        ], 
        [
          0.07638031659654787, 
          0.9056557680689232, 
          -0.41707754315007195, 
          0.0
        ], 
        [
          -2.6186967412772812, 
          8.671568162098648, 
          76.76389045885001, 
          1.0
        ]
      ], 
      "projected_cuboid": [
        [
          491.8273080584427, 
          342.98813617772123
        ], 
        [
          434.86478101648675, 
          347.56247696098114
        ], 
        [
          433.39942264645015, 
          312.6670451730109
        ], 
        [
          488.75222383895414, 
          308.2588618899943
        ], 
        [
          492.06474831525037, 
          353.6712711792982
        ], 
        [
          438.58884364710906, 
          357.97652646541565
        ], 
        [
          437.1116144783377, 
          324.8826689959052
        ], 
        [
          489.1663639671639, 
          320.7247385614163
        ]
      ], 
      "projected_cuboid_centroid": [
        463.25197387444217, 
        333.53253502518527
      ], 
      "quaternion_xyzw": [
        0.9761227797254491, 
        -0.03988838525255834, 
        -0.0034932700330903774, 
        0.2134971491319777
      ], 
      "visibility": 0.013784461152882205
    }
  ]
}