{
  "camera_data": {
    "location_worldframe": [
      -9.024796766858389, 
      -0.12652879723044075, 
      80.49153541739209
    ], 
    "quaternion_xyzw_worldframe": [
      -0.8282463879121648, 
      -0.11039759093719609, 
      -0.20478248570618882, 
      0.5097829985369348
    ]
  }, 
  "objects": [
    {
      "bounding_box": {
        "bottom_right": [
          328, 
          661
        ], 
        "top_left": [
          229, 
          478
        ]
      }, 
      "class": "003_cracker_box", 
      "cuboid": [
        [
          1.1176473520392596, 
          9.206981058668868, 
          79.0733036390391
        ], 
        [
          6.447913142053125, 
          2.172412336975973, 
          65.24647373501756
        ], 
        [
          25.718296049779532, 
          -0.4879735474889534, 
          74.02874204575262
        ], 
        [
          20.388030259765667, 
          6.546595174203944, 
          87.85557194977416
        ], 
        [
          -0.9036704984629329, 
          2.7827573787607527, 
          81.5624845872009
        ], 
        [
          4.4265952915509335, 
          -4.251811342932143, 
          67.73565468317938
        ], 
        [
          23.69697819927734, 
          -6.91219722739707, 
          76.51792299391444
        ], 
        [
          18.366712409263474, 
          0.12237149429582694, 
          90.34475289793596
        ]
      ], 
      "cuboid_centroid": [
        12.4073127756583, 
        1.1473919156358998, 
        77.79561331647676
      ], 
      "location": [
        12.4073127756583, 
        1.1473919156358998, 
        77.79561331647676
      ], 
      "pose_transform_permuted": [
        [
          0.28152059872261914, 
          0.8947386954735644, 
          -0.34668259159802395, 
          0.0
        ], 
        [
          -0.3249448636219262, 
          0.4288429628016016, 
          0.8429143188137642, 
          0.0
        ], 
        [
          -0.9028604477440497, 
          0.1246450162574037, 
          -0.41146887102380636, 
          0.0
        ], 
        [
          12.4073127756583, 
          1.1473919156358998, 
          77.79561331647676, 
          1.0
        ]
      ], 
      "projected_cuboid": [
        [
          489.19799765247603, 
          335.38414962149926
        ], 
        [
          534.7410243237798, 
          291.0436668453982
        ], 
        [
          668.4214542586427, 
          269.77106761474295
        ], 
        [
          606.3922167056489, 
          313.02707272512436
        ], 
        [
          475.6389195940509, 
          291.482391293388
        ], 
        [
          516.7405054659977, 
          239.80971895988654
        ], 
        [
          648.1382101757085, 
          225.10945737242116
        ], 
        [
          590.922256717627, 
          274.00891656166795
        ]
      ], 
      "projected_cuboid_centroid": [
        567.3629122538581, 
        281.15236167115324
      ], 
      "quaternion_xyzw": [
        0.5353463234751644, 
        0.6218887438606978, 
        0.5250969644459265, 
        -0.22568092992244945
      ], 
      "visibility": 0.9819708570017288
    }, 
    {
      "bounding_box": {
        "bottom_right": [
          345, 
          463
        ], 
        "top_left": [
          296, 
          408
        ]
      }, 
      "class": "005_tomato_soup_can", 
      "cuboid": [
        [
          -10.500141605258973, 
          11.075235035456926, 
          83.56180976500389
        ], 
        [
          -4.161120933789104, 
          8.830736819262729, 
          82.81586178988545
        ], 
        [
          -2.1080795393071456, 
          11.427720817440612, 
          92.44836449420384
        ], 
        [
          -8.447100210777016, 
          13.67221903363481, 
          93.1943124693223
        ], 
        [
          -12.434157577101669, 
          4.925023993223653, 
          85.63215587567132
        ], 
        [
          -6.095136905631797, 
          2.680525777029455, 
          84.88620790055286
        ], 
        [
          -4.04209551114984, 
          5.277509775207339, 
          94.51871060487127
        ], 
        [
          -10.38111618261971, 
          7.522007991401537, 
          95.26465857998971
        ]
      ], 
      "cuboid_centroid": [
        -7.271118558204407, 
        8.176372405332133, 
        89.04026018493758
      ], 
      "location": [
        -7.271118558204407, 
        8.176372405332133, 
        89.04026018493758
      ], 
      "pose_transform_permuted": [
        [
          0.28561537924707336, 
          0.9082628503855347, 
          -0.30574860713667174, 
          0.0
        ], 
        [
          -0.9369072178054145, 
          0.3317368230976461, 
          0.11025110631698828, 
          0.0
        ], 
        [
          -0.20156510384992227, 
          -0.25496872624986516, 
          -0.9457073847361519, 
          0.0
        ], 
        [
          -7.271118558204407, 
          8.176372405332133, 
          89.04026018493758, 
          1.0
        ]
      ], 
      "projected_cuboid": [
        [
          414.02315761229727, 
          343.9724140921042
        ], 
        [
          454.57686955217974, 
          330.15492982999393
        ], 
        [
          469.334555552237, 
          339.2112012926587
        ], 
        [
          432.8543247495951, 
          351.5280310815961
        ], 
        [
          403.51141928748086, 
          303.95973213746566
        ], 
        [
          442.9836666175438, 
          290.12763532153156
        ], 
        [
          458.5995746594361, 
          303.0647617371682
        ], 
        [
          422.9962109181323, 
          315.3969515007982
        ]
      ], 
      "projected_cuboid_centroid": [
        437.6827103468102, 
        322.26010919525174
      ], 
      "quaternion_xyzw": [
        0.16872505556807357, 
        0.7901937343449313, 
        0.5865555985009876, 
        0.05548141718545188
      ], 
      "visibility": 0.9208561473369836
    }, 
    {
      "bounding_box": {
        "bottom_right": [
          340, 
          581
        ], 
        "top_left": [
          283, 
          516
        ]
      }, 
      "class": "010_potted_meat_can", 
      "cuboid": [
        [
          17.852655020862077, 
          9.53123117704274, 
          91.35000043512976
        ], 
        [
          10.049231315920578, 
          8.644302451215454, 
          84.89701983746181
        ], 
        [
          8.15564195394916, 
          1.211737070106242, 
          88.20845639523644
        ], 
        [
          15.959065658890658, 
          2.098665795933527, 
          94.66143699290438
        ], 
        [
          14.400133029781049, 
          12.112851434169755, 
          95.17021628867174
        ], 
        [
          6.5967093248395505, 
          11.22592270834247, 
          88.7172356910038
        ], 
        [
          4.703119962868133, 
          3.7933573272332572, 
          92.02867224877842
        ], 
        [
          12.506543667809634, 
          4.680286053060542, 
          98.48165284644637
        ]
      ], 
      "cuboid_centroid": [
        11.277887491865105, 
        6.662294252137999, 
        91.68933634195409
      ], 
      "location": [
        11.277887491865105, 
        6.662294252137999, 
        91.68933634195409
      ], 
      "pose_transform_permuted": [
        [
          0.5993857846744677, 
          -0.44819018895374835, 
          -0.6632204176878088, 
          0.0
        ], 
        [
          0.7676984118561909, 
          0.08725577387475032, 
          0.6348422364187947, 
          0.0
        ], 
        [
          0.22666045809183621, 
          0.8896694858519, 
          -0.3963751287374306, 
          0.0
        ], 
        [
          11.277887491865105, 
          6.662294252137999, 
          91.68933634195409, 
          1.0
        ]
      ], 
      "projected_cuboid": [
        [
          586.6930236541521, 
          328.9317729484343
        ], 
        [
          545.2520127006993, 
          327.589690069858
        ], 
        [
          531.3180478522912, 
          280.6128549305321
        ], 
        [
          572.2592388648045, 
          285.11035561043144
        ], 
        [
          562.9657335691201, 
          341.1651362425844
        ], 
        [
          521.5833568194579, 
          340.7706561789075
        ], 
        [
          509.07946808275705, 
          295.269597164451
        ], 
        [
          549.8896797420246, 
          298.6322560395176
        ]
      ], 
      "projected_cuboid_centroid": [
        547.7426246617122, 
        312.0383943615753
      ], 
      "quaternion_xyzw": [
        0.9111240743438705, 
        -0.03825074107428115, 
        0.33865530937212623, 
        0.2317371863704121
      ], 
      "visibility": 0.37310271796681965
    }, 
    {
      "bounding_box": {
        "bottom_right": [
          272, 
          570
        ], 
        "top_left": [
          234, 
          429
        ]
      }, 
      "class": "037_scissors", 
      "cuboid": [
        [
          -8.036985137251444, 
          -0.9424128126436445, 
          70.89239137560568
        ], 
        [
          10.565163413595629, 
          -2.2912990726707405, 
          78.80439518831834
        ], 
        [
          13.378887758698735, 
          -6.238221727547203, 
          71.5160680838745
        ], 
        [
          -5.223260792148339, 
          -4.889335467520108, 
          63.60406427116184
        ], 
        [
          -7.674514616318525, 
          0.451001736289957, 
          70.27773646941861
        ], 
        [
          10.927633934528547, 
          -0.8978845237371386, 
          78.18974028213127
        ], 
        [
          13.741358279631651, 
          -4.8448071786136016, 
          70.90141317768742
        ], 
        [
          -4.860790271215421, 
          -3.495920918586506, 
          62.98940936497477
        ]
      ], 
      "cuboid_centroid": [
        2.8521865711901038, 
        -2.893609995628623, 
        70.89690227664656
      ], 
      "location": [
        2.8521865711901038, 
        -2.893609995628623, 
        70.89690227664656
      ], 
      "pose_transform_permuted": [
        [
          -0.2315365800543504, 
          -0.8900763527684807, 
          0.39262529412294, 
          0.0
        ], 
        [
          -0.9181802678247547, 
          0.066579446138248, 
          -0.3905272425886622, 
          0.0
        ], 
        [
          -0.32145827278841754, 
          0.4509222595575795, 
          0.832666158854191, 
          0.0
        ], 
        [
          2.8521865711901038, 
          -2.893609995628623, 
          70.89690227664656, 
          1.0
        ]
      ], 
      "projected_cuboid": [
        [
          420.63140925635673, 
          266.19681793304085
        ], 
        [
          553.6941229986674, 
          257.7798563625104
        ], 
        [
          582.1994180404055, 
          226.7660020990268
        ], 
        [
          437.4350844624006, 
          232.28949819471842
        ], 
        [
          422.8718166693087, 
          276.709073624886
        ], 
        [
          556.7538391547846, 
          267.1622127412254
        ], 
        [
          585.8207750702026, 
          236.84395624378516
        ], 
        [
          440.09869450177706, 
          243.6872274640618
        ]
      ], 
      "projected_cuboid_centroid": [
        503.23134734974235, 
        251.51945328277344
      ], 
      "quaternion_xyzw": [
        -0.18716063570806935, 
        -0.5183223519842108, 
        0.8309223521944265, 
        -0.07668551278499328
      ], 
      "visibility": 0.7967032967032966
    }, 
    {
      "bounding_box": {
        "bottom_right": [
          333, 
          516
        ], 
        "top_left": [
          291, 
          460
        ]
      }, 
      "class": "061_foam_brick", 
      "cuboid": [
        [
          5.9489332262892605, 
          7.352126918319302, 
          88.53203299760696
        ], 
        [
          -1.4251473676052657, 
          8.1779555683781, 
          86.16887037200256
        ], 
        [
          -2.5854924471417293, 
          3.623473905473986, 
          88.19803951926374
        ], 
        [
          4.788588146752796, 
          2.7976452554151883, 
          90.56120214486815
        ], 
        [
          4.750858050029103, 
          9.686426613359819, 
          93.08628345699806
        ], 
        [
          -2.6232225438654235, 
          10.512255263418618, 
          90.72312083139366
        ], 
        [
          -3.783567623401887, 
          5.957773600514505, 
          92.75228997865483
        ], 
        [
          3.590512970492639, 
          5.131944950455707, 
          95.11545260425925
        ]
      ], 
      "cuboid_centroid": [
        1.0826828014436867, 
        6.654950259416903, 
        90.6421614881309
      ], 
      "location": [
        1.0826828014436867, 
        6.654950259416903, 
        90.6421614881309
      ], 
      "pose_transform_permuted": [
        [
          0.22794428590091992, 
          -0.4441209429993269, 
          -0.8664860013378797, 
          0.0
        ], 
        [
          0.9469246234681294, 
          -0.10604677743196717, 
          0.3034597806399323, 
          0.0
        ], 
        [
          0.22666089207196882, 
          0.8896688535548961, 
          -0.3963762997701247, 
          0.0
        ], 
        [
          1.0826828014436867, 
          6.654950259416903, 
          90.6421614881309, 
          1.0
        ]
      ], 
      "projected_cuboid": [
        [
          517.7322636309507, 
          317.5759678153282
        ], 
        [
          472.70298739440454, 
          323.90184529706477
        ], 
        [
          465.8327186315409, 
          295.1971110897732
        ], 
        [
          510.0323188709171, 
          289.7620149643047
        ], 
        [
          509.04300870872225, 
          328.78301729077845
        ], 
        [
          466.0478388589344, 
          335.08326128523794
        ], 
        [
          459.66050530724806, 
          307.5433453765483
        ], 
        [
          501.8971216072356, 
          302.0617439747434
        ]
      ], 
      "projected_cuboid_centroid": [
        488.0204359385157, 
        312.44287803453165
      ], 
      "quaternion_xyzw": [
        0.9621693559816932, 
        -0.08644727340242435, 
        0.13807446247305002, 
        0.2183859934699072
      ], 
      "visibility": 0.338102808691044
    }
  ]
}