{
  "camera_data": {
    "location_worldframe": [
      -18.966283583820285, 
      7.557357155600688, 
      79.99521957976235
    ], 
    "quaternion_xyzw_worldframe": [
      0.9333043241063109, 
      0.02953351625672014, 
      -0.09478358470594377, 
      -0.3450901622395161
    ]
  }, 
  "objects": [
    {
      "bounding_box": {
        "bottom_right": [
          389, 
          546
        ], 
        "top_left": [
          260, 
          353
        ]
      }, 
      "class": "003_cracker_box", 
      "cuboid": [
        [
          -13.176818980950294, 
          15.023691218345348, 
          69.85951103414682
        ], 
        [
          -14.71519053962178, 
          2.7165328090896024, 
          59.12427090995247
        ], 
        [
          6.361619996981238, 
          3.006082968521071, 
          55.771993258010646
        ], 
        [
          7.899991555652725, 
          15.313241377776816, 
          66.50723338220502
        ], 
        [
          -12.26698960384391, 
          10.27778061473494, 
          75.16996681327119
        ], 
        [
          -13.805361162515398, 
          -2.0293777945208036, 
          64.43472668907681
        ], 
        [
          7.271449374087621, 
          -1.7398276350893347, 
          61.082449037135
        ], 
        [
          8.809820932759107, 
          10.56733077416641, 
          71.81768916132935
        ]
      ], 
      "cuboid_centroid": [
        -2.9526848034313367, 
        6.641931791628005, 
        65.4709800356409
      ], 
      "location": [
        -2.9526848034313367, 
        6.641931791628005, 
        65.4709800356409
      ], 
      "pose_transform_permuted": [
        [
          -0.12671718647058894, 
          0.660990350567816, 
          -0.7396178142184069, 
          0.0
        ], 
        [
          0.09378255344581155, 
          0.7502717628755707, 
          0.6544441263398786, 
          0.0
        ], 
        [
          -0.9874956138242648, 
          -0.01356607120058001, 
          0.15706168975921306, 
          0.0
        ], 
        [
          -2.9526848034313367, 
          6.641931791628005, 
          65.4709800356409, 
          1.0
        ]
      ], 
      "projected_cuboid": [
        [
          380.1646512073168, 
          387.97999374214794
        ], 
        [
          347.7552497312057, 
          297.79052125458094
        ], 
        [
          542.9370021082179, 
          302.0322008508409
        ], 
        [
          545.4748006576216, 
          396.082978207142
        ], 
        [
          393.8393395810336, 
          346.2058421363919
        ], 
        [
          366.3792841030984, 
          256.48958740704745
        ], 
        [
          545.6142113931852, 
          258.0958545075069
        ], 
        [
          547.564169370123, 
          351.7597457596752
        ]
      ], 
      "projected_cuboid_centroid": [
        457.3443751305588, 
        327.39100216745925
      ], 
      "quaternion_xyzw": [
        0.6745061705543617, 
        0.6440887617349754, 
        0.19559752115965176, 
        -0.30320406100017233
      ], 
      "visibility": 0.970339929423326
    }, 
    {
      "bounding_box": {
        "bottom_right": [
          427, 
          423
        ], 
        "top_left": [
          357, 
          346
        ]
      }, 
      "class": "005_tomato_soup_can", 
      "cuboid": [
        [
          -20.75723470036366, 
          19.089816071777086, 
          79.05811928166773
        ], 
        [
          -15.479219088156071, 
          16.450839754117016, 
          75.7481723199285
        ], 
        [
          -9.195711807044296, 
          22.66276085971856, 
          80.81512264817792
        ], 
        [
          -14.473727419251887, 
          25.301737177378637, 
          84.12506960991715
        ], 
        [
          -20.050797942467693, 
          14.418453500564377, 
          83.90901254957961
        ], 
        [
          -14.772782330260103, 
          11.779477182904305, 
          80.59906558784039
        ], 
        [
          -8.489275049148329, 
          17.99139828850585, 
          85.6660159160898
        ], 
        [
          -13.767290661355919, 
          20.630374606165923, 
          88.97596287782903
        ]
      ], 
      "cuboid_centroid": [
        -14.623254874755995, 
        18.540607180141468, 
        82.36206759887877
      ], 
      "location": [
        -14.623254874755995, 
        18.540607180141468, 
        82.36206759887877
      ], 
      "pose_transform_permuted": [
        [
          -0.10432654407103369, 
          0.6898665842486761, 
          -0.7163796683031836, 
          0.0
        ], 
        [
          -0.7800906763126744, 
          0.3900406841645407, 
          0.48921014139673297, 
          0.0
        ], 
        [
          -0.6169070926008395, 
          -0.6098788490692085, 
          -0.4974670125312799, 
          0.0
        ], 
        [
          -14.623254874755995, 
          18.540607180141468, 
          82.36206759887877, 
          1.0
        ]
      ], 
      "projected_cuboid": [
        [
          340.4035518170046, 
          402.06487020992256
        ], 
        [
          371.7044235833587, 
          389.11184084716217
        ], 
        [
          420.4065051869139, 
          422.8438705592749
        ], 
        [
          389.0747110739264, 
          433.68951877557777
        ], 
        [
          353.09361834787387, 
          364.9291801392121
        ], 
        [
          383.03177281506316, 
          351.23069050158944
        ], 
        [
          428.30608072619657, 
          385.293206358432
        ], 
        [
          398.3886013225851, 
          396.9444611975335
        ]
      ], 
      "projected_cuboid_centroid": [
        386.1179180303043, 
        393.34264124987243
      ], 
      "quaternion_xyzw": [
        0.2856615671920192, 
        0.8812419068685208, 
        0.3368353194298054, 
        -0.1683807479086219
      ], 
      "visibility": 0.6412352406902816
    }, 
    {
      "bounding_box": {
        "bottom_right": [
          441, 
          536
        ], 
        "top_left": [
          359, 
          455
        ]
      }, 
      "class": "010_potted_meat_can", 
      "cuboid": [
        [
          7.071172365634021, 
          19.577629893958342, 
          69.45268813695942
        ], 
        [
          -2.611492488347607, 
          16.485760584940394, 
          69.36685004028134
        ], 
        [
          -0.963128328129019, 
          11.151126666549013, 
          75.58126050664545
        ], 
        [
          8.71953652585261, 
          14.242995975566963, 
          75.66709860332352
        ], 
        [
          5.736805461727148, 
          23.649536702909447, 
          73.30207254534679
        ], 
        [
          -3.9458593922544805, 
          20.5576673938915, 
          73.21623444866871
        ], 
        [
          -2.297495232035893, 
          15.22303347550012, 
          79.43064491503281
        ], 
        [
          7.385169621945735, 
          18.31490278451807, 
          79.5164830117109
        ]
      ], 
      "cuboid_centroid": [
        2.386838566799064, 
        17.40033168472923, 
        74.44166652599613
      ], 
      "location": [
        2.386838566799064, 
        17.40033168472923, 
        74.44166652599613
      ], 
      "pose_transform_permuted": [
        [
          0.23165690350648097, 
          -0.7069160063598238, 
          -0.6682843150877347, 
          0.0
        ], 
        [
          0.9525775751777122, 
          0.30417714684605507, 
          0.008444725416458725, 
          0.0
        ], 
        [
          -0.19730728486367038, 
          0.6385495144712845, 
          -0.743857750452473, 
          0.0
        ], 
        [
          2.386838566799064, 
          17.40033168472923, 
          74.44166652599613, 
          1.0
        ]
      ], 
      "projected_cuboid": [
        [
          536.3483273301017, 
          423.62101306949944
        ], 
        [
          461.35156722684786, 
          400.03553924521015
        ], 
        [
          474.7443683748545, 
          351.9715742698902
        ], 
        [
          543.5665787449661, 
          373.67453774628984
        ], 
        [
          523.6838402967994, 
          445.35208290560837
        ], 
        [
          452.6152289944829, 
          423.03210586048107
        ], 
        [
          466.0424897874799, 
          375.49824577304076
        ], 
        [
          531.5424180237718, 
          396.1251740591988
        ]
      ], 
      "projected_cuboid_centroid": [
        498.8395081572276, 
        397.9470684909017
      ], 
      "quaternion_xyzw": [
        0.9026920023929439, 
        0.1388858077783844, 
        0.06649599982232446, 
        0.4017909079083575
      ], 
      "visibility": 0.6518607442977191
    }, 
    {
      "bounding_box": {
        "bottom_right": [
          301, 
          449
        ], 
        "top_left": [
          245, 
          290
        ]
      }, 
      "class": "037_scissors", 
      "cuboid": [
        [
          -23.07171274009799, 
          2.8442312102433234, 
          72.59808308135034
        ], 
        [
          -3.264490866580337, 
          4.003742644537351, 
          68.50067852851002
        ], 
        [
          -4.025163125072105, 
          -2.701458060055337, 
          62.926038061048054
        ], 
        [
          -23.832384998589756, 
          -3.8609694943493653, 
          67.02344261388838
        ], 
        [
          -23.371313684365997, 
          3.8465151525378314, 
          71.43341325232696
        ], 
        [
          -3.564091810848348, 
          5.00602658683186, 
          67.33600869948664
        ], 
        [
          -4.324764069340116, 
          -1.699174117760828, 
          61.76136823202467
        ], 
        [
          -24.131985942857764, 
          -2.8586855520548564, 
          65.858772784865
        ]
      ], 
      "cuboid_centroid": [
        -13.698238404719051, 
        0.5725285462412475, 
        67.17972565668751
      ], 
      "location": [
        -13.698238404719051, 
        0.5725285462412475, 
        67.17972565668751
      ], 
      "pose_transform_permuted": [
        [
          0.1913771576191371, 
          -0.640232468132799, 
          0.7439602768537007, 
          0.0
        ], 
        [
          -0.9776612757918561, 
          -0.05723212651355138, 
          0.2022430903306585, 
          0.0
        ], 
        [
          0.08690417410589239, 
          0.766045984905839, 
          0.636883388810098, 
          0.0
        ], 
        [
          -13.698238404719051, 
          0.5725285462412475, 
          67.17972565668751, 
          1.0
        ]
      ], 
      "projected_cuboid": [
        [
          310.6953535933294, 
          294.1808114815989
        ], 
        [
          455.9692101988343, 
          304.458117653022
        ], 
        [
          447.19814679833763, 
          250.39076175053225
        ], 
        [
          290.3774209989411, 
          242.56399433017523
        ], 
        [
          305.6534738491808, 
          302.004497328648
        ], 
        [
          453.13324463915507, 
          312.9356360523935
        ], 
        [
          443.94080324737814, 
          258.61388971990414
        ], 
        [
          284.549459951642, 
          250.13710894455477
        ]
      ], 
      "projected_cuboid_centroid": [
        371.9446457040229, 
        277.8316694574905
      ], 
      "quaternion_xyzw": [
        0.10538526583931278, 
        -0.3419265009677428, 
        0.9337648978130677, 
        0.00794419656967045
      ], 
      "visibility": 0.7222963951935915
    }, 
    {
      "bounding_box": {
        "bottom_right": [
          415, 
          467
        ], 
        "top_left": [
          366, 
          405
        ]
      }, 
      "class": "061_foam_brick", 
      "cuboid": [
        [
          -3.818374639369018, 
          16.98051993105677, 
          74.84354566222306
        ], 
        [
          -11.318010470468732, 
          17.102346977880675, 
          76.93739755075549
        ], 
        [
          -10.30793365684784, 
          13.833420596886265, 
          80.74542807791191
        ], 
        [
          -2.808297825748127, 
          13.711593550062354, 
          78.65157618937948
        ], 
        [
          -2.8548015604918984, 
          21.024600575015036, 
          78.05951753833243
        ], 
        [
          -10.354437391591611, 
          21.146427621838946, 
          80.15336942686486
        ], 
        [
          -9.34436057797072, 
          17.87750124084453, 
          83.96139995402127
        ], 
        [
          -1.844724746871007, 
          17.755674194020624, 
          81.86754806548885
        ]
      ], 
      "cuboid_centroid": [
        -6.581367608669869, 
        17.42901058595065, 
        79.40247280812217
      ], 
      "location": [
        -6.581367608669869, 
        17.42901058595065, 
        79.40247280812217
      ], 
      "pose_transform_permuted": [
        [
          -0.1833282098904797, 
          -0.7694217297701765, 
          -0.6118667904175069, 
          0.0
        ], 
        [
          0.9630474938654793, 
          -0.015644123897625928, 
          -0.26887689738409104, 
          0.0
        ], 
        [
          -0.19730760760237157, 
          0.6385494993694263, 
          -0.7438576778102669, 
          0.0
        ], 
        [
          -6.581367608669869, 
          17.42901058595065, 
          79.40247280812217, 
          1.0
        ]
      ], 
      "projected_cuboid": [
        [
          454.16137683277793, 
          394.28620109909957
        ], 
        [
          402.4883524333778, 
          391.8376828323446
        ], 
        [
          412.946299016873, 
          364.65560100062913
        ], 
        [
          462.3959088121167, 
          366.2619328943584
        ], 
        [
          461.92990223850995, 
          416.9311769519565
        ], 
        [
          412.1272028510466, 
          413.9893436835493
        ], 
        [
          421.7474132990073, 
          386.8437382559668
        ], 
        [
          469.47961090898826, 
          388.9544550479484
        ]
      ], 
      "projected_cuboid_centroid": [
        437.0238642333241, 
        390.35131357408983
      ], 
      "quaternion_xyzw": [
        0.8963068369219901, 
        0.05067000390418663, 
        -0.1261301065234227, 
        0.4220874329089133
      ], 
      "visibility": 0.5956263899184581
    }
  ]
}