{
  "camera_data": {
    "location_worldframe": [
      -9.876890329062338, 
      -0.31148161127668716, 
      77.13946859159404
    ], 
    "quaternion_xyzw_worldframe": [
      -0.8278480750523394, 
      -0.10464736978581708, 
      -0.18283175915076302, 
      0.5198957702182004
    ]
  }, 
  "objects": [
    {
      "bounding_box": {
        "bottom_right": [
          330, 
          664
        ], 
        "top_left": [
          229, 
          472
        ]
      }, 
      "class": "003_cracker_box", 
      "cuboid": [
        [
          0.03482115585565215, 
          9.216502363652177, 
          75.41544932461
        ], 
        [
          4.862945942653004, 
          2.474085830574044, 
          61.262458615055216
        ], 
        [
          24.54615113296362, 
          0.024185470367965242, 
          69.14427114819675
        ], 
        [
          19.71802634616627, 
          6.7666020034461, 
          83.29726185775154
        ], 
        [
          -1.766074652664794, 
          2.7231584531943835, 
          77.89449282610747
        ], 
        [
          3.062050134132557, 
          -4.01925807988375, 
          63.74150211655268
        ], 
        [
          22.74525532444317, 
          -6.46915844008983, 
          71.62331464969422
        ], 
        [
          17.91713053764582, 
          0.27325809298830506, 
          85.77630535924901
        ]
      ], 
      "cuboid_centroid": [
        11.390038240149412, 
        1.3736719617811743, 
        73.51938198715212
      ], 
      "location": [
        11.390038240149412, 
        1.3736719617811743, 
        73.51938198715212
      ], 
      "pose_transform_permuted": [
        [
          0.25082114924467286, 
          0.904365468760782, 
          -0.3452706909146394, 
          0.0
        ], 
        [
          -0.29433323068706224, 
          0.41103271527808666, 
          0.8627978073015949, 
          0.0
        ], 
        [
          -0.922202093038667, 
          0.11478329967470996, 
          -0.3692805081653886, 
          0.0
        ], 
        [
          11.390038240149412, 
          1.3736719617811743, 
          73.51938198715212, 
          1.0
        ]
      ], 
      "projected_cuboid": [
        [
          481.8453678982576, 
          338.4633849391693
        ], 
        [
          524.2841797457437, 
          294.8246618785249
        ], 
        [
          672.502788945593, 
          273.4730839491814
        ], 
        [
          608.8959122595704, 
          316.61042738041294
        ], 
        [
          469.404533199168, 
          291.9311645586796
        ], 
        [
          507.4304794991371, 
          239.65775653381058
        ], 
        [
          652.3735816207147, 
          225.11606584381926
        ], 
        [
          593.9263197806002, 
          274.9855373920569
        ]
      ], 
      "projected_cuboid_centroid": [
        564.9105105719832, 
        283.25134097990247
      ], 
      "quaternion_xyzw": [
        0.5398427455987269, 
        0.6174181366640827, 
        0.515714513914223, 
        -0.24779668012484984
      ], 
      "visibility": 0.981241724290128
    }, 
    {
      "bounding_box": {
        "bottom_right": [
          345, 
          459
        ], 
        "top_left": [
          296, 
          400
        ]
      }, 
      "class": "005_tomato_soup_can", 
      "cuboid": [
        [
          -11.401889057767905, 
          10.81789103226718, 
          80.4402077516327
        ], 
        [
          -5.065532897660359, 
          8.69493825742675, 
          79.38140851406737
        ], 
        [
          -2.630587674607845, 
          11.18934180652197, 
          88.95185290803072
        ], 
        [
          -8.966943834715392, 
          13.3122945813624, 
          90.01065214559604
        ], 
        [
          -13.138759853121684, 
          4.605996529008792, 
          82.50115248207595
        ], 
        [
          -6.802403693014138, 
          2.483043754168361, 
          81.44235324451063
        ], 
        [
          -4.3674584699616235, 
          4.977447303263581, 
          91.01279763847397
        ], 
        [
          -10.703814630069171, 
          7.100400078104012, 
          92.07159687603928
        ]
      ], 
      "cuboid_centroid": [
        -7.884673763864765, 
        7.897669167765381, 
        85.72650269505333
      ], 
      "location": [
        -7.884673763864765, 
        7.897669167765381, 
        85.72650269505333
      ], 
      "pose_transform_permuted": [
        [
          0.2565009897232042, 
          0.9173722607370813, 
          -0.3043602117887187, 
          0.0
        ], 
        [
          -0.9365134030417999, 
          0.3137724075833986, 
          0.15649052105895764, 
          0.0
        ], 
        [
          -0.23905995664412566, 
          -0.24489750268472305, 
          -0.9396145754021132, 
          0.0
        ], 
        [
          -7.884673763864765, 
          7.897669167765381, 
          85.72650269505333, 
          1.0
        ]
      ], 
      "projected_cuboid": [
        [
          405.3724316783242, 
          345.00929078601763
        ], 
        [
          447.2809568792968, 
          331.7029976280024
        ], 
        [
          465.69368597681955, 
          340.37333733550486
        ], 
        [
          428.0245237561498, 
          352.1628401517563
        ], 
        [
          395.9552074435217, 
          303.06149354308513
        ], 
        [
          436.6807842131771, 
          289.5465772265322
        ], 
        [
          455.791225585331, 
          302.453536358713
        ], 
        [
          419.07913136262454, 
          314.41520891239713
        ]
      ], 
      "projected_cuboid_centroid": [
        432.136357318435, 
        322.4193206817761
      ], 
      "quaternion_xyzw": [
        0.1753205786430098, 
        0.7883164208481328, 
        0.5889090938069329, 
        0.03171647387372935
      ], 
      "visibility": 0.9007599463567277
    }, 
    {
      "bounding_box": {
        "bottom_right": [
          343, 
          582
        ], 
        "top_left": [
          284, 
          515
        ]
      }, 
      "class": "010_potted_meat_can", 
      "cuboid": [
        [
          17.290680750157378, 
          9.656432271719513, 
          86.94484990803181
        ], 
        [
          9.224378848702555, 
          8.72617430680985, 
          80.83007955823714
        ], 
        [
          7.604467611660756, 
          1.2152079103415563, 
          84.10965152232491
        ], 
        [
          15.670769513115578, 
          2.1454658752512192, 
          90.22442187211959
        ], 
        [
          13.968429109254151, 
          12.122711052706215, 
          90.95219733838157
        ], 
        [
          5.902127207799331, 
          11.192453087796551, 
          84.8374269885869
        ], 
        [
          4.282215970757532, 
          3.681486691328258, 
          88.11699895267468
        ], 
        [
          12.348517872212353, 
          4.611744656237921, 
          94.23176930246933
        ]
      ], 
      "cuboid_centroid": [
        10.786448360457454, 
        6.668959481523886, 
        87.53092443035324
      ], 
      "location": [
        10.786448360457454, 
        6.668959481523886, 
        87.53092443035324
      ], 
      "pose_transform_permuted": [
        [
          0.5767697966335946, 
          -0.42816597437655834, 
          -0.6957079752738428, 
          0.0
        ], 
        [
          0.7935602875668615, 
          0.09151849102150912, 
          0.6015692167823766, 
          0.0
        ], 
        [
          0.19390150284417873, 
          0.8990539967775706, 
          -0.3925609737009589, 
          0.0
        ], 
        [
          10.786448360457454, 
          6.668959481523886, 
          87.53092443035324, 
          1.0
        ]
      ], 
      "projected_cuboid": [
        [
          588.5419423420625, 
          332.5190795238194
        ], 
        [
          542.967032605979, 
          330.8621295114863
        ], 
        [
          530.217042947207, 
          280.991886469743
        ], 
        [
          574.9994517614005, 
          285.9684587137029
        ], 
        [
          564.186811641706, 
          344.37090311755037
        ], 
        [
          519.009232040964, 
          343.6464560898578
        ], 
        [
          507.73075152221554, 
          295.56837884081136
        ], 
        [
          552.0678735386055, 
          299.38743533232594
        ]
      ], 
      "projected_cuboid_centroid": [
        547.865806089767, 
        313.9200251063378
      ], 
      "quaternion_xyzw": [
        0.9203697979098232, 
        -0.02781029213887269, 
        0.32007216449627124, 
        0.22293401791904824
      ], 
      "visibility": 0.3610759493670886
    }, 
    {
      "bounding_box": {
        "bottom_right": [
          273, 
          567
        ], 
        "top_left": [
          233, 
          416
        ]
      }, 
      "class": "037_scissors", 
      "cuboid": [
        [
          -9.302769895062438, 
          -0.972791648538611, 
          67.49481293081972
        ], 
        [
          9.652337898481534, 
          -2.110706039527926, 
          74.5565597796213
        ], 
        [
          12.205384380952442, 
          -5.903475263822003, 
          67.09252532198616
        ], 
        [
          -6.749723412591529, 
          -4.765560872832688, 
          60.03077847318459
        ], 
        [
          -8.991344334980264, 
          0.43536390487353, 
          66.88579593980296
        ], 
        [
          9.963763458563706, 
          -0.7025504861157852, 
          73.94754278860454
        ], 
        [
          12.516809941034616, 
          -4.495319710409862, 
          66.48350833096941
        ], 
        [
          -6.438297852509356, 
          -3.357405319420547, 
          59.42176148216783
        ]
      ], 
      "cuboid_centroid": [
        1.6070200229860887, 
        -2.7340556794742366, 
        66.98916063089456
      ], 
      "location": [
        1.6070200229860887, 
        -2.7340556794742366, 
        66.98916063089456
      ], 
      "pose_transform_permuted": [
        [
          -0.1989304093953668, 
          -0.8994925164739933, 
          0.38902394305634325, 
          0.0
        ], 
        [
          -0.9356019226999871, 
          0.056166121747943755, 
          -0.3485595545708076, 
          0.0
        ], 
        [
          -0.2916767287570131, 
          0.43331076338324215, 
          0.852740116124167, 
          0.0
        ], 
        [
          1.6070200229860887, 
          -2.7340556794742366, 
          66.98916063089456, 
          1.0
        ]
      ], 
      "projected_cuboid": [
        [
          407.4773745930326, 
          265.5998904601991
        ], 
        [
          551.2177708335463, 
          258.1881902501933
        ], 
        [
          579.4263952923969, 
          226.35971637421557
        ], 
        [
          421.1321130648428, 
          230.94880718870286
        ], 
        [
          409.3063624282328, 
          276.7579491086032
        ], 
        [
          554.0559131546171, 
          268.21964977552057
        ], 
        [
          582.8415758088321, 
          237.2258351941842
        ], 
        [
          423.33079031035004, 
          243.15330125422565
        ]
      ], 
      "projected_cuboid_centroid": [
        494.4976269941912, 
        251.5199503482797
      ], 
      "quaternion_xyzw": [
        -0.1648367432613419, 
        -0.5275572879936354, 
        0.8303518274110638, 
        -0.0709068732176344
      ], 
      "visibility": 0.8102409638554217
    }, 
    {
      "bounding_box": {
        "bottom_right": [
          334, 
          513
        ], 
        "top_left": [
          291, 
          457
        ]
      }, 
      "class": "061_foam_brick", 
      "cuboid": [
        [
          5.311727477169606, 
          7.310991204092019, 
          84.62270595271046
        ], 
        [
          -2.1728132871120565, 
          8.042059069280171, 
          82.6001371692426
        ], 
        [
          -3.165445515581522, 
          3.4395318634924203, 
          84.60977791537567
        ], 
        [
          4.31909524870014, 
          2.708463998304268, 
          86.63234669884353
        ], 
        [
          4.27812342149867, 
          9.558745367494248, 
          89.26003280318258
        ], 
        [
          -3.2064173427829927, 
          10.2898132326824, 
          87.23746401971472
        ], 
        [
          -4.199049571252458, 
          5.687286026894649, 
          89.24710476584778
        ], 
        [
          3.2854911930292037, 
          4.956218161706497, 
          91.26967354931566
        ]
      ], 
      "cuboid_centroid": [
        0.5563389529585735, 
        6.499138615493334, 
        86.93490535927913
      ], 
      "location": [
        0.5563389529585735, 
        6.499138615493334, 
        86.93490535927913
      ], 
      "pose_transform_permuted": [
        [
          0.19665221602341726, 
          -0.42765489829853787, 
          -0.8822920116913371, 
          0.0
        ], 
        [
          0.9611090975758124, 
          -0.09387830172972506, 
          0.2597232508293211, 
          0.0
        ], 
        [
          0.1938999961064644, 
          0.8990540319834011, 
          -0.3925616373059181, 
          0.0
        ], 
        [
          0.5563389529585735, 
          6.499138615493334, 
          86.93490535927913, 
          1.0
        ]
      ], 
      "projected_cuboid": [
        [
          515.352263743639, 
          319.3627622954295
        ], 
        [
          467.451078033499, 
          325.2112409862058
        ], 
        [
          461.4780859299845, 
          294.9668891764985
        ], 
        [
          508.4075400591787, 
          289.9601817836869
        ], 
        [
          507.371436066451, 
          330.3990656708648
        ], 
        [
          461.8315258020349, 
          336.19252643294436
        ], 
        [
          456.295433000755, 
          307.2724137271684
        ], 
        [
          500.9552948587642, 
          302.2473976110947
        ]
      ], 
      "projected_cuboid_centroid": [
        485.03848391799306, 
        313.1568050860217
      ], 
      "quaternion_xyzw": [
        0.967271309050691, 
        -0.07437889843921444, 
        0.1179543584572561, 
        0.21199236654952602
      ], 
      "visibility": 0.27591312931885487
    }
  ]
}