{
  "camera_data": {
    "location_worldframe": [
      -15.4018698868224, 
      11.98641161902081, 
      73.70880824442894
    ], 
    "quaternion_xyzw_worldframe": [
      0.8736775537808104, 
      0.01234520808274584, 
      -0.01904904110618968, 
      -0.4859796882982305
    ]
  }, 
  "objects": [
    {
      "bounding_box": {
        "bottom_right": [
          435, 
          602
        ], 
        "top_left": [
          331, 
          393
        ]
      }, 
      "class": "003_cracker_box", 
      "cuboid": [
        [
          -7.751102737081128, 
          21.340588050839145, 
          66.92890187522598
        ], 
        [
          -9.030408496452631, 
          13.033544970223204, 
          52.84222278759195
        ], 
        [
          12.241073972296961, 
          11.709752497011443, 
          51.6910693590943
        ], 
        [
          13.520379731668463, 
          20.016795577627384, 
          65.77774844672832
        ], 
        [
          -7.937417832449601, 
          15.16538663673766, 
          70.58739496876319
        ], 
        [
          -9.216723591821104, 
          6.8583435561217225, 
          56.50071588112917
        ], 
        [
          12.05475887692849, 
          5.534551082909961, 
          55.34956245263152
        ], 
        [
          13.334064636299992, 
          13.8415941635259, 
          69.43624154026554
        ]
      ], 
      "cuboid_centroid": [
        2.1518280699236807, 
        13.437569566874553, 
        61.139232163928746
      ], 
      "location": [
        2.1518280699236807, 
        13.437569566874553, 
        61.139232163928746
      ], 
      "pose_transform_permuted": [
        [
          0.02594917824832077, 
          0.860055927818923, 
          -0.5095394402514568, 
          0.0
        ], 
        [
          0.07798932583972268, 
          0.5064158312685548, 
          0.8587553032707533, 
          0.0
        ], 
        [
          -0.9966164283230043, 
          0.06202263187022411, 
          0.05393410732169601, 
          0.0
        ], 
        [
          2.1518280699236807, 
          13.437569566874553, 
          61.139232163928746, 
          1.0
        ]
      ], 
      "projected_cuboid": [
        [
          419.3180829936739, 
          443.3379388712728
        ], 
        [
          389.69653011470876, 
          404.82992136072056
        ], 
        [
          608.9461296688185, 
          394.1012241191809
        ], 
        [
          592.1325297950158, 
          435.58076856805894
        ], 
        [
          421.1265317452399, 
          387.86786915697076
        ], 
        [
          393.8738919278169, 
          338.02357484112196
        ], 
        [
          598.7184207636418, 
          326.61459236493687
        ], 
        [
          584.865621872213, 
          379.5997984051727
        ]
      ], 
      "projected_cuboid_centroid": [
        500.52396216466246, 
        390.50291029412097
      ], 
      "quaternion_xyzw": [
        0.6421743139447038, 
        0.5851340621048968, 
        0.34441757569084824, 
        -0.35581851192638986
      ], 
      "visibility": 0.9605215313490209
    }, 
    {
      "bounding_box": {
        "bottom_right": [
          441, 
          449
        ], 
        "top_left": [
          385, 
          370
        ]
      }, 
      "class": "005_tomato_soup_can", 
      "cuboid": [
        [
          -16.0262976997376, 
          23.4107302508665, 
          76.19436187414979
        ], 
        [
          -10.63332520187413, 
          21.238526899888825, 
          72.7339032431741
        ], 
        [
          -4.50184496660163, 
          24.859246094538996, 
          80.01674306297681
        ], 
        [
          -9.8948174644651, 
          27.03144944551667, 
          83.4772016939525
        ], 
        [
          -16.349613664966977, 
          17.466686095818012, 
          79.42169088290736
        ], 
        [
          -10.956641167103506, 
          15.294482744840337, 
          75.96123225193168
        ], 
        [
          -4.825160931831003, 
          18.915201939490508, 
          83.2440720717344
        ], 
        [
          -10.218133429694474, 
          21.087405290468183, 
          86.70453070271009
        ]
      ], 
      "cuboid_centroid": [
        -10.425729315784302, 
        21.162966095178504, 
        79.71921697294209
      ], 
      "location": [
        -10.425729315784302, 
        21.162966095178504, 
        79.71921697294209
      ], 
      "pose_transform_permuted": [
        [
          0.04774728511556057, 
          0.8778161350901238, 
          -0.4766117820180818, 
          0.0
        ], 
        [
          -0.7970813033336862, 
          0.3210516424456127, 
          0.5114557652209698, 
          0.0
        ], 
        [
          -0.6019812623838008, 
          -0.355477801101629, 
          -0.7150203442299785, 
          0.0
        ], 
        [
          -10.425729315784302, 
          21.162966095178504, 
          79.71921697294209, 
          1.0
        ]
      ], 
      "projected_cuboid": [
        [
          368.4867807592107, 
          437.14906785925444
        ], 
        [
          402.97871606274845, 
          429.01752186041284
        ], 
        [
          451.3417732268106, 
          438.9758957031544
        ], 
        [
          417.8541945572468, 
          445.9852037039499
        ], 
        [
          370.8938866790306, 
          390.57597924675196
        ], 
        [
          404.03003653959644, 
          380.66824994792455
        ], 
        [
          450.42610564198804, 
          394.47051376380756
        ], 
        [
          418.2215517805715, 
          402.9951715271788
        ]
      ], 
      "projected_cuboid_centroid": [
        411.26795275922115, 
        414.86625596055853
      ], 
      "quaternion_xyzw": [
        0.2846281043360889, 
        0.810735913607723, 
        0.4911699520723345, 
        -0.14298998981121241
      ], 
      "visibility": 0.3951756998213222
    }, 
    {
      "bounding_box": {
        "bottom_right": [
          458, 
          574
        ], 
        "top_left": [
          384, 
          496
        ]
      }, 
      "class": "010_potted_meat_can", 
      "cuboid": [
        [
          12.714398576140503, 
          23.290688183219892, 
          69.80017981151578
        ], 
        [
          2.8811386909168166, 
          21.574538912744128, 
          67.88110336996488
        ], 
        [
          3.25946239672857, 
          14.484200299672633, 
          72.28318133588154
        ], 
        [
          13.092722281952257, 
          16.200349570148397, 
          74.20225777743244
        ], 
        [
          11.279000430813522, 
          26.177607472790992, 
          74.57344385181925
        ], 
        [
          1.4457405455898353, 
          24.461458202315228, 
          72.65436741026836
        ], 
        [
          1.8240642514015888, 
          17.371119589243733, 
          77.05644537618502
        ], 
        [
          11.657324136625276, 
          19.0872688597195, 
          78.97552181773591
        ]
      ], 
      "cuboid_centroid": [
        7.269231413771046, 
        20.330903886231813, 
        73.42831259385039
      ], 
      "location": [
        7.269231413771046, 
        20.330903886231813, 
        73.42831259385039
      ], 
      "pose_transform_permuted": [
        [
          0.24919674541673217, 
          -0.5011925740492177, 
          -0.8286773030401182, 
          0.0
        ], 
        [
          0.9673930677985668, 
          0.1688342347241906, 
          0.1887981470846317, 
          0.0
        ], 
        [
          -0.045284910334000616, 
          0.8487053372500297, 
          -0.5269236447715694, 
          0.0
        ], 
        [
          7.269231413771046, 
          20.330903886231813, 
          73.42831259385039, 
          1.0
        ]
      ], 
      "projected_cuboid": [
        [
          579.5530640850322, 
          451.24281470143654
        ], 
        [
          504.4218707337127, 
          442.79061980732706
        ], 
        [
          505.84643890958404, 
          380.15382748954414
        ], 
        [
          576.4836015397523, 
          389.72455400372
        ], 
        [
          562.9321969482456, 
          460.49836547257183
        ], 
        [
          492.2979708215339, 
          452.8459389813725
        ], 
        [
          494.3269078128908, 
          393.51474489292116
        ], 
        [
          560.9746955039052, 
          402.18235326498933
        ]
      ], 
      "projected_cuboid_centroid": [
        534.8344506277724, 
        420.95259216508884
      ], 
      "quaternion_xyzw": [
        0.9545647840886331, 
        0.05607768813266577, 
        0.11471062514618578, 
        0.26926308092393564
      ], 
      "visibility": 0.3516417910447761
    }, 
    {
      "bounding_box": {
        "bottom_right": [
          367, 
          488
        ], 
        "top_left": [
          328, 
          302
        ]
      }, 
      "class": "037_scissors", 
      "cuboid": [
        [
          -18.95682781259427, 
          10.205943120487765, 
          64.87826787466643
        ], 
        [
          1.230564784208152, 
          10.082170159225862, 
          63.171490332255445
        ], 
        [
          0.5759483131272863, 
          5.465949680178009, 
          55.76359313535924
        ], 
        [
          -19.611444283675134, 
          5.589722641439911, 
          57.47037067777024
        ], 
        [
          -19.018286843489765, 
          11.535996455402328, 
          64.05487820310802
        ], 
        [
          1.1691057533126548, 
          11.412223494140425, 
          62.348100660697014
        ], 
        [
          0.5144892822317892, 
          6.796003015092572, 
          54.94020346380082
        ], 
        [
          -19.67290331457063, 
          6.919775976354475, 
          56.64698100621182
        ]
      ], 
      "cuboid_centroid": [
        -9.221169265181238, 
        8.500973067790168, 
        59.90923566923363
      ], 
      "location": [
        -9.221169265181238, 
        8.500973067790168, 
        59.90923566923363
      ], 
      "pose_transform_permuted": [
        [
          0.039258403111992225, 
          -0.8496028853971161, 
          0.525959540417342, 
          0.0
        ], 
        [
          -0.9964260574820252, 
          0.006109288419575713, 
          0.08424454071660742, 
          0.0
        ], 
        [
          0.07478766727761774, 
          0.5273872206379433, 
          0.8463266282828257, 
          0.0
        ], 
        [
          -9.221169265181238, 
          8.500973067790168, 
          59.90923566923363, 
          1.0
        ]
      ], 
      "projected_cuboid": [
        [
          324.4674134615475, 
          357.18257141749956
        ], 
        [
          492.07257727206894, 
          358.40434600682835
        ], 
        [
          487.1513073061155, 
          325.5625453396941
        ], 
        [
          298.08808962234366, 
          325.1586333588912
        ], 
        [
          321.93162859237503, 
          369.3350044471861
        ], 
        [
          491.6808246781028, 
          370.9055867167505
        ], 
        [
          486.6329773541274, 
          339.25719820345466
        ], 
        [
          294.83725700134613, 
          338.43479431909225
        ]
      ], 
      "projected_cuboid_centroid": [
        398.8249726555113, 
        348.9632740041464
      ], 
      "quaternion_xyzw": [
        0.035360106895688824, 
        -0.4855612913527121, 
        0.8731799382912594, 
        0.023161593661754888
      ], 
      "visibility": 0.769446172993155
    }
  ]
}