{
  "camera_data": {
    "location_worldframe": [
      -13.729916756379568, 
      0.005810112667684053, 
      69.3195583186089
    ], 
    "quaternion_xyzw_worldframe": [
      -0.834896596079309, 
      -0.05987060143766333, 
      -0.09773548205822627, 
      0.5383464508323694
    ]
  }, 
  "objects": [
    {
      "bounding_box": {
        "bottom_right": [
          344, 
          654
        ], 
        "top_left": [
          228, 
          438
        ]
      }, 
      "class": "003_cracker_box", 
      "cuboid": [
        [
          -4.505280105377747, 
          9.77824227191232, 
          65.94266818559048
        ], 
        [
          -2.3853713906610547, 
          3.423098832403429, 
          50.969483668204354
        ], 
        [
          18.489243758112412, 
          1.2441795941612603, 
          54.84972856900778
        ], 
        [
          16.369335043395722, 
          7.599323033670152, 
          69.8229130863939
        ], 
        [
          -5.680057229806685, 
          3.1996966397045634, 
          68.56850778614138
        ], 
        [
          -3.560148515089993, 
          -3.155446799804329, 
          53.595323268755266
        ], 
        [
          17.314466633683473, 
          -5.334366038046498, 
          57.47556816955869
        ], 
        [
          15.194557918966783, 
          1.0207774014623952, 
          72.44875268694481
        ]
      ], 
      "cuboid_centroid": [
        6.404593264152863, 
        2.221938116932912, 
        61.70911817757458
      ], 
      "location": [
        6.404593264152863, 
        2.221938116932912, 
        61.70911817757458
      ], 
      "pose_transform_permuted": [
        [
          0.1636179878155749, 
          0.9162320041071594, 
          -0.36571583054738094, 
          0.0
        ], 
        [
          -0.12923435253174426, 
          0.38742368572273844, 
          0.9127986469461431, 
          0.0
        ], 
        [
          -0.978022308635587, 
          0.10208722932270747, 
          -0.18179813370969933, 
          0.0
        ], 
        [
          6.404593264152863, 
          2.221938116932912, 
          61.70911817757458, 
          1.0
        ]
      ], 
      "projected_cuboid": [
        [
          444.8564033518042, 
          352.36929632426944
        ], 
        [
          456.4297177697871, 
          309.1041588609239
        ], 
        [
          662.8714394633565, 
          285.3840516767548
        ], 
        [
          607.6708605544209, 
          331.33149218844636
        ], 
        [
          437.0499366705738, 
          298.1734858421593
        ], 
        [
          445.87529987989, 
          241.88712718673568
        ], 
        [
          643.5980277854853, 
          223.78860412020808
        ], 
        [
          594.3814334080439, 
          280.8008230183473
        ]
      ], 
      "projected_cuboid_centroid": [
        537.4098875094986, 
        292.4895852028324
      ], 
      "quaternion_xyzw": [
        0.5784826504179585, 
        0.5900980752714793, 
        0.4651896794069788, 
        -0.31739667121685733
      ], 
      "visibility": 0.9879399074699797
    }, 
    {
      "bounding_box": {
        "bottom_right": [
          354, 
          446
        ], 
        "top_left": [
          300, 
          370
        ]
      }, 
      "class": "005_tomato_soup_can", 
      "cuboid": [
        [
          -14.782094527153127, 
          11.032123220409497, 
          73.11389020469493
        ], 
        [
          -8.733626678926043, 
          9.068100912416856, 
          70.80390172851695
        ], 
        [
          -4.539632295218619, 
          11.42482122376963, 
          79.7816906370644
        ], 
        [
          -10.588100143445704, 
          13.388843531762273, 
          82.09167911324238
        ], 
        [
          -15.979727295976092, 
          4.744561367231228, 
          75.32388757003395
        ], 
        [
          -9.931259447749007, 
          2.7805390592385857, 
          73.01389909385595
        ], 
        [
          -5.7372650640415825, 
          5.137259370591361, 
          81.99168800240341
        ], 
        [
          -11.785732912268667, 
          7.1012816785840025, 
          84.30167647858138
        ]
      ], 
      "cuboid_centroid": [
        -10.259679795597355, 
        8.084691295500429, 
        77.55278910354917
      ], 
      "location": [
        -10.259679795597355, 
        8.084691295500429, 
        77.55278910354917
      ], 
      "pose_transform_permuted": [
        [
          0.17686634570043533, 
          0.9285468110813562, 
          -0.32637229724371375, 
          0.0
        ], 
        [
          -0.8939635122461164, 
          0.2902824855219279, 
          0.34141628313646816, 
          0.0
        ], 
        [
          -0.4117612610101743, 
          -0.23137993007827684, 
          -0.8814283815990294, 
          0.0
        ], 
        [
          -10.259679795597355, 
          8.084691295500429, 
          77.55278910354917, 
          1.0
        ]
      ], 
      "projected_cuboid": [
        [
          372.8724680400559, 
          353.75889885471423
        ], 
        [
          415.2641402937615, 
          341.5906240656661
        ], 
        [
          450.99793184997395, 
          349.6584579572072
        ], 
        [
          412.23682047026347, 
          360.2689523824496
        ], 
        [
          367.51211369847863, 
          306.87969909316115
        ], 
        [
          408.45107842571826, 
          293.59658785506264
        ], 
        [
          443.96770950683333, 
          306.7021328169207
        ], 
        [
          406.41537226876505, 
          318.21153524131233
        ]
      ], 
      "projected_cuboid_centroid": [
        410.4547324832877, 
        328.88381877073897
      ], 
      "quaternion_xyzw": [
        0.22418116512622496, 
        0.7828977806150857, 
        0.5779730245429915, 
        -0.05254515388546439
      ], 
      "visibility": 0.8600315955766192
    }, 
    {
      "bounding_box": {
        "bottom_right": [
          357, 
          581
        ], 
        "top_left": [
          289, 
          504
        ]
      }, 
      "class": "010_potted_meat_can", 
      "cuboid": [
        [
          14.642368060309247, 
          10.363240994560005, 
          73.93705959636613
        ], 
        [
          5.56424798321663, 
          9.379789019096215, 
          69.47145988801073
        ], 
        [
          4.739381710455381, 
          1.7721559509374478, 
          72.82374800580712
        ], 
        [
          13.817501787547995, 
          2.7556079264012365, 
          77.28934771416253
        ], 
        [
          12.114359694365435, 
          12.67734827425061, 
          78.56661698540034
        ], 
        [
          3.03623961727282, 
          11.693896298786823, 
          74.10101727704493
        ], 
        [
          2.21137334451157, 
          4.086263230628054, 
          77.45330539484134
        ], 
        [
          11.289493421604185, 
          5.069715206091844, 
          81.91890510319672
        ]
      ], 
      "cuboid_centroid": [
        8.426870702410408, 
        7.22475211259403, 
        75.69518249560373
      ], 
      "location": [
        8.426870702410408, 
        7.22475211259403, 
        75.69518249560373
      ], 
      "pose_transform_permuted": [
        [
          0.43888273036326275, 
          -0.40174776909210985, 
          -0.8037286642895201, 
          0.0
        ], 
        [
          0.8931026469074769, 
          0.09675170133620786, 
          0.4393243188780059, 
          0.0
        ], 
        [
          0.09873553950151132, 
          0.9106248856553815, 
          -0.40126501325740926, 
          0.0
        ], 
        [
          8.426870702410408, 
          7.22475211259403, 
          75.69518249560373, 
          1.0
        ]
      ], 
      "projected_cuboid": [
        [
          588.0949298845699, 
          348.0382172839823
        ], 
        [
          524.6687471286197, 
          345.29344812787065
        ], 
        [
          516.5948414101374, 
          286.2647971201006
        ], 
        [
          577.736517788298, 
          292.30105568866804
        ], 
        [
          564.5160873000516, 
          359.34189274610776
        ], 
        [
          503.63159003491046, 
          357.4498076488216
        ], 
        [
          496.95079751004556, 
          301.42328684937036
        ], 
        [
          555.7079637107665, 
          306.2920865431898
        ]
      ], 
      "projected_cuboid_centroid": [
        541.4643908792516, 
        324.1894046919724
      ], 
      "quaternion_xyzw": [
        0.9496652300748377, 
        -0.0005222467092817324, 
        0.2311885866275377, 
        0.21139364612892012
      ], 
      "visibility": 0.36555281453240634
    }, 
    {
      "bounding_box": {
        "bottom_right": [
          278, 
          533
        ], 
        "top_left": [
          234, 
          339
        ]
      }, 
      "class": "037_scissors", 
      "cuboid": [
        [
          -15.018236752249026, 
          -0.45202751942173497, 
          59.73220274179679
        ], 
        [
          4.9608503063053835, 
          -1.3191005983057809, 
          62.9792773891108
        ], 
        [
          6.089627135735917, 
          -4.907367026405446, 
          55.075786892786574
        ], 
        [
          -13.889459922818492, 
          -4.040293947521399, 
          51.828712245472566
        ], 
        [
          -14.854880452110855, 
          0.9743066304957821, 
          59.10796300466906
        ], 
        [
          5.124206606443553, 
          0.10723355161173613, 
          62.35503765198307
        ], 
        [
          6.2529834358740874, 
          -3.481032876487929, 
          54.451547155658844
        ], 
        [
          -13.726103622680322, 
          -2.613959797603883, 
          51.204472508344836
        ]
      ], 
      "cuboid_centroid": [
        -4.38262665818747, 
        -1.9665301979548317, 
        57.09187494872781
      ], 
      "location": [
        -4.38262665818747, 
        -1.9665301979548317, 
        57.09187494872781
      ], 
      "pose_transform_permuted": [
        [
          -0.10434768313565539, 
          -0.9111045230289258, 
          0.3987478305727631, 
          0.0
        ], 
        [
          -0.9861443400570116, 
          0.0427977117598674, 
          -0.16027180200009652, 
          0.0
        ], 
        [
          -0.12895884793541465, 
          0.40994702636349206, 
          0.9029464483149148, 
          0.0
        ], 
        [
          -4.38262665818747, 
          -1.9665301979548317, 
          57.09187494872781, 
          1.0
        ]
      ], 
      "projected_cuboid": [
        [
          346.38914162336556, 
          269.25060565056214
        ], 
        [
          523.9565070597083, 
          262.1161624164263
        ], 
        [
          541.0566345649263, 
          225.766655204542
        ], 
        [
          337.48290052903997, 
          231.7117468931377
        ], 
        [
          346.44742445052873, 
          282.07751604332265
        ], 
        [
          525.7893916030886, 
          274.2037012965586
        ], 
        [
          543.3515953206912, 
          239.1919511483657
        ], 
        [
          337.4416023708096, 
          246.0608703513852
        ]
      ], 
      "projected_cuboid_centroid": [
        440.3159074287088, 
        254.91633965796768
      ], 
      "quaternion_xyzw": [
        -0.0791431645660715, 
        -0.5425516359184774, 
        0.8358886284956368, 
        -0.025769322981045013
      ], 
      "visibility": 0.819916361735494
    }, 
    {
      "bounding_box": {
        "bottom_right": [
          343, 
          498
        ], 
        "top_left": [
          296, 
          442
        ]
      }, 
      "class": "061_foam_brick", 
      "cuboid": [
        [
          2.483152940506472, 
          7.805594680850689, 
          73.9126762709499
        ], 
        [
          -5.262687063104933, 
          8.41444840165651, 
          73.38841016993103
        ], 
        [
          -5.768154397066551, 
          3.7526763552023503, 
          75.44258044299198
        ], 
        [
          1.977685606544854, 
          3.1438226343965288, 
          75.96684654401085
        ], 
        [
          2.3258237963070467, 
          9.93829976545253, 
          78.71396286972735
        ], 
        [
          -5.420016207304358, 
          10.54715348625835, 
          78.18969676870849
        ], 
        [
          -5.925483541265976, 
          5.885381439804192, 
          80.24386704176943
        ], 
        [
          1.820356462345429, 
          5.27652771899837, 
          80.7681331427883
        ]
      ], 
      "cuboid_centroid": [
        -1.7211653003797522, 
        6.8454880603274395, 
        77.07827165635966
      ], 
      "location": [
        -1.7211653003797522, 
        6.8454880603274395, 
        77.07827165635966
      ], 
      "pose_transform_permuted": [
        [
          0.029933246374310607, 
          -0.405765804333187, 
          -0.9134867885171283, 
          0.0
        ], 
        [
          0.9946632038354714, 
          -0.07818446964067294, 
          0.06732235618843502, 
          0.0
        ], 
        [
          0.09873759009237898, 
          0.91062687240211, 
          -0.4012599999525257, 
          0.0
        ], 
        [
          -1.7211653003797522, 
          6.8454880603274395, 
          77.07827165635966, 
          1.0
        ]
      ], 
      "projected_cuboid": [
        [
          499.66366295562256, 
          329.6080881081535
        ], 
        [
          443.0339808349862, 
          334.43502319586537
        ], 
        [
          440.480953172083, 
          299.81500211642157
        ], 
        [
          495.5969678317452, 
          295.35751042819874
        ], 
        [
          497.4868084131868, 
          340.62262036256357
        ], 
        [
          444.3199109560631, 
          345.2270075496012
        ], 
        [
          441.8867217111071, 
          312.40216503173343
        ], 
        [
          493.71722302498955, 
          308.12794701477594
        ]
      ], 
      "projected_cuboid_centroid": [
        469.5887463048255, 
        320.6518039699294
      ], 
      "quaternion_xyzw": [
        0.9770845491505215, 
        -0.045267848081025394, 
        0.024884131738471302, 
        0.20648822176835727
      ], 
      "visibility": 0.01921470342522974
    }
  ]
}