{
  "camera_data": {
    "location_worldframe": [
      -17.71711153790989, 
      13.890249865101634, 
      71.25473994072246
    ], 
    "quaternion_xyzw_worldframe": [
      0.8895295360985405, 
      0.012554563862995997, 
      -0.040591607002140234, 
      -0.4548984087974391
    ]
  }, 
  "objects": [
    {
      "bounding_box": {
        "bottom_right": [
          456, 
          578
        ], 
        "top_left": [
          347, 
          357
        ]
      }, 
      "class": "003_cracker_box", 
      "cuboid": [
        [
          -10.530737110952376, 
          22.899651084121235, 
          63.56155801097084
        ], 
        [
          -12.111664616809133, 
          13.594233229292795, 
          50.14559802089104
        ], 
        [
          9.131103295998273, 
          12.635552343435375, 
          48.307313628288185
        ], 
        [
          10.712030801855029, 
          21.940970198263816, 
          61.72327361836798
        ], 
        [
          -10.443694925198265, 
          16.995538131920718, 
          67.64644129455434
        ], 
        [
          -12.024622431055022, 
          7.690120277092276, 
          54.230481304474544
        ], 
        [
          9.218145481752382, 
          6.731439391234856, 
          52.39219691187168
        ], 
        [
          10.799072987609138, 
          16.036857246063295, 
          65.80815690195148
        ]
      ], 
      "cuboid_centroid": [
        -0.656295814599997, 
        14.815545237678046, 
        57.97687746142126
      ], 
      "location": [
        -0.656295814599997, 
        14.815545237678046, 
        57.97687746142126
      ], 
      "pose_transform_permuted": [
        [
          -0.012122867386509473, 
          0.8222998737266918, 
          -0.5689252620119766, 
          0.0
        ], 
        [
          0.0963768586829587, 
          0.5672789791171744, 
          0.8178667745801766, 
          0.0
        ], 
        [
          -0.9952710872906608, 
          0.04491633913002585, 
          0.08612772656016407, 
          0.0
        ], 
        [
          -0.656295814599997, 
          14.815545237678046, 
          57.97687746142126, 
          1.0
        ]
      ], 
      "projected_cuboid": [
        [
          392.5015265063756, 
          465.42834118959837
        ], 
        [
          351.7109438216391, 
          417.8669415565871
        ], 
        [
          583.2458346294167, 
          412.7848251515996
        ], 
        [
          574.9256368553532, 
          462.8673621104127
        ], 
        [
          398.57358351775207, 
          407.27811446093494
        ], 
        [
          362.35768350761225, 
          348.91359571836205
        ], 
        [
          576.2139632964975, 
          341.8083534783863
        ], 
        [
          569.8437721371521, 
          403.2517341589932
        ]
      ], 
      "projected_cuboid_centroid": [
        475.50960304406544, 
        409.57225664349033
      ], 
      "quaternion_xyzw": [
        0.6538766052981558, 
        0.5974177902019222, 
        0.30806420533514217, 
        -0.347323788971097
      ], 
      "visibility": 0.9671663097787295
    }, 
    {
      "bounding_box": {
        "bottom_right": [
          467, 
          432
        ], 
        "top_left": [
          406, 
          348
        ]
      }, 
      "class": "005_tomato_soup_can", 
      "cuboid": [
        [
          -18.520083263103864, 
          25.44603321456306, 
          72.95827820366911
        ], 
        [
          -13.203247234300768, 
          23.147710910129362, 
          69.4616565591144
        ], 
        [
          -6.904972017988302, 
          27.40022868991791, 
          76.24341407727412
        ], 
        [
          -12.221808046791395, 
          29.698550994351603, 
          79.74003572182883
        ], 
        [
          -18.59055617602607, 
          19.73915683851775, 
          76.60223789861453
        ], 
        [
          -13.273720147222976, 
          17.44083453408406, 
          73.10561625405984
        ], 
        [
          -6.975444930910508, 
          21.69335231387261, 
          79.88737377221955
        ], 
        [
          -12.292280959713601, 
          23.9916746183063, 
          83.38399541677425
        ]
      ], 
      "cuboid_centroid": [
        -12.747764097007186, 
        23.56969276421783, 
        76.42282598794434
      ], 
      "location": [
        -12.747764097007186, 
        23.56969276421783, 
        76.42282598794434
      ], 
      "pose_transform_permuted": [
        [
          0.010407436155630284, 
          0.8427912096854799, 
          -0.5381397803252167, 
          0.0
        ], 
        [
          -0.7858283336562192, 
          0.3396920230215617, 
          0.5168006584143716, 
          0.0
        ], 
        [
          -0.6183569904939736, 
          -0.4175070167657314, 
          -0.6658246940889279, 
          0.0
        ], 
        [
          -12.747764097007186, 
          23.56969276421783, 
          76.42282598794434, 
          1.0
        ]
      ], 
      "projected_cuboid": [
        [
          345.0884421012497, 
          459.29514675733964
        ], 
        [
          379.37907384297523, 
          451.0123243431556
        ], 
        [
          432.8945609592323, 
          464.9500242058381
        ], 
        [
          399.1736222034213, 
          471.91723451570726
        ], 
        [
          351.08740702232535, 
          410.71436236433817
        ], 
        [
          383.95574626833127, 
          400.52079275537096
        ], 
        [
          434.64167284126216, 
          418.10904330758444
        ], 
        [
          402.3211077650295, 
          426.73600802732443
        ]
      ], 
      "projected_cuboid_centroid": [
        391.89495785196124, 
        437.76853086753385
      ], 
      "quaternion_xyzw": [
        0.2893114201244737, 
        0.82787002765337, 
        0.45557148265490366, 
        -0.15292050845654256
      ], 
      "visibility": 0.32407407407407407
    }, 
    {
      "bounding_box": {
        "bottom_right": [
          488, 
          558
        ], 
        "top_left": [
          407, 
          475
        ]
      }, 
      "class": "010_potted_meat_can", 
      "cuboid": [
        [
          9.97217531997902, 
          25.473090361521812, 
          65.5343626672148
        ], 
        [
          0.12010607491110825, 
          23.421502149201764, 
          64.1030206134499
        ], 
        [
          0.8188345810252726, 
          16.668959810293142, 
          68.97223731928572
        ], 
        [
          10.670903826093184, 
          18.72054802261319, 
          70.40357937305062
        ], 
        [
          8.638977435149632, 
          28.659210002276186, 
          70.14412897943127
        ], 
        [
          -1.213091809918279, 
          26.607621789956138, 
          68.71278692566638
        ], 
        [
          -0.5143633038041149, 
          19.855079451047516, 
          73.5820036315022
        ], 
        [
          9.337705941263795, 
          21.906667663367564, 
          75.0133456852671
        ]
      ], 
      "cuboid_centroid": [
        4.728906008087453, 
        22.664084906284664, 
        69.5581831493585
      ], 
      "location": [
        4.728906008087453, 
        22.664084906284664, 
        69.5581831493585
      ], 
      "pose_transform_permuted": [
        [
          0.23145395232503496, 
          -0.5531361786756754, 
          -0.8002927730370978, 
          0.0
        ], 
        [
          0.969243526805592, 
          0.20183461413015633, 
          0.14081498878530072, 
          0.0
        ], 
        [
          -0.08363699461892699, 
          0.8082715136443879, 
          -0.5828396120393019, 
          0.0
        ], 
        [
          4.728906008087453, 
          22.664084906284664, 
          69.5581831493585, 
          1.0
        ]
      ], 
      "projected_cuboid": [
        [
          563.4270717000277, 
          480.58691263639645
        ], 
        [
          482.6046460509599, 
          468.147024178766
        ], 
        [
          487.98137374279156, 
          402.1772778420133
        ], 
        [
          563.104687994305, 
          415.09800491343054
        ], 
        [
          547.8282887894076, 
          491.1881379415717
        ], 
        [
          472.1030992841753, 
          479.80364196014665
        ], 
        [
          477.83791519690027, 
          417.19540392768937
        ], 
        [
          548.5382542900549, 
          429.03555517519345
        ]
      ], 
      "projected_cuboid_centroid": [
        518.1569011788444, 
        447.057613761563
      ], 
      "quaternion_xyzw": [
        0.9457547004227731, 
        0.0754613243321633, 
        0.09840525797649308, 
        0.30028288260348346
      ], 
      "visibility": 0.35725538246105376
    }, 
    {
      "bounding_box": {
        "bottom_right": [
          381, 
          462
        ], 
        "top_left": [
          337, 
          269
        ]
      }, 
      "class": "037_scissors", 
      "cuboid": [
        [
          -21.538679159915496, 
          11.417358222724602, 
          62.70686847469985
        ], 
        [
          -1.4266424527524122, 
          11.593641091575888, 
          60.270860875671225
        ], 
        [
          -2.2341124009055675, 
          6.45344676235968, 
          53.23229925727952
        ], 
        [
          -22.34614910806865, 
          6.2771638935083915, 
          55.66830685630815
        ], 
        [
          -21.66017167352231, 
          12.684409825630874, 
          61.79549070333652
        ], 
        [
          -1.5481349663592257, 
          12.860692694482163, 
          59.3594831043079
        ], 
        [
          -2.355604914512381, 
          7.720498365265953, 
          52.320921485916195
        ], 
        [
          -22.467641621675465, 
          7.544215496414665, 
          54.756929084944815
        ]
      ], 
      "cuboid_centroid": [
        -11.94714203721394, 
        9.568928293995278, 
        57.513894980308024
      ], 
      "location": [
        -11.94714203721394, 
        9.568928293995278, 
        57.513894980308024
      ], 
      "pose_transform_permuted": [
        [
          0.07760620375507599, 
          -0.809359045624557, 
          0.582164010954355, 
          0.0
        ], 
        [
          -0.9927065790173687, 
          -0.008701115964769617, 
          0.1202384823229137, 
          0.0
        ], 
        [
          0.09225064826041257, 
          0.5872494204140356, 
          0.8041313160973964, 
          0.0
        ], 
        [
          -11.94714203721394, 
          9.568928293995278, 
          57.513894980308024, 
          1.0
        ]
      ], 
      "projected_cuboid": [
        [
          296.88482105828496, 
          370.3907448470019
        ], 
        [
          468.8679166426263, 
          375.87534697737533
        ], 
        [
          459.0275900943914, 
          337.94182406412654
        ], 
        [
          265.72998770447333, 
          333.4237079482546
        ], 
        [
          293.10336489426135, 
          382.75802342450146
        ], 
        [
          467.57182434465295, 
          388.8343646877573
        ], 
        [
          457.3857301786536, 
          351.983412063546
        ], 
        [
          260.94391284239265, 
          346.7654187575926
        ]
      ], 
      "projected_cuboid_centroid": [
        369.8894007983651, 
        362.0180845215442
      ], 
      "quaternion_xyzw": [
        0.05562950814833607, 
        -0.45367746288263183, 
        0.8891175414963085, 
        0.02349226294507593
      ], 
      "visibility": 0.7762900976290098
    }, 
    {
      "bounding_box": {
        "bottom_right": [
          459, 
          479
        ], 
        "top_left": [
          411, 
          415
        ]
      }, 
      "class": "061_foam_brick", 
      "cuboid": [
        [
          -1.5018992511851323, 
          22.756794299730842, 
          69.45306367486616
        ], 
        [
          -9.119029551463656, 
          23.108558366447525, 
          71.03394418569205
        ], 
        [
          -8.690864117848099, 
          18.970771932742263, 
          74.01767157606008
        ], 
        [
          -1.0737338175695756, 
          18.619007866025584, 
          72.43679106523419
        ], 
        [
          -0.5011013389856634, 
          25.84245608661365, 
          73.58859644792085
        ], 
        [
          -8.118231639264186, 
          26.194220153330328, 
          75.16947695874674
        ], 
        [
          -7.6900662056486295, 
          22.05643371962507, 
          78.15320434911477
        ], 
        [
          -0.07293590537010633, 
          21.704669652908386, 
          76.5723238382889
        ]
      ], 
      "cuboid_centroid": [
        -4.595982728416881, 
        22.406614009677956, 
        73.80313401199047
      ], 
      "location": [
        -4.595982728416881, 
        22.406614009677956, 
        73.80313401199047
      ], 
      "pose_transform_permuted": [
        [
          -0.19041056016162933, 
          -0.5870741556788801, 
          -0.7868212975719865, 
          0.0
        ], 
        [
          0.9781352603429503, 
          -0.04517092703069986, 
          -0.203004925617622, 
          0.0
        ], 
        [
          -0.08363749788679453, 
          0.8082719363463742, 
          -0.5828389536245147, 
          0.0
        ], 
        [
          -4.595982728416881, 
          22.406614009677956, 
          73.80313401199047, 
          1.0
        ]
      ], 
      "projected_cuboid": [
        [
          469.96810225113575, 
          448.03252337179583
        ], 
        [
          412.5612577565216, 
          446.784530482917
        ], 
        [
          418.45493146780194, 
          409.97665487072834
        ], 
        [
          473.62576884470724, 
          410.36993673700016
        ], 
        [
          477.93516655434496, 
          460.5749029387046
        ], 
        [
          423.51906935790714, 
          459.13179245000185
        ], 
        [
          428.68252856454205, 
          423.80023905818024
        ], 
        [
          481.0848434970463, 
          424.4576764805431
        ]
      ], 
      "projected_cuboid_centroid": [
        448.108597772135, 
        435.2022371437059
      ], 
      "quaternion_xyzw": [
        0.9451492599401047, 
        0.010174734427272457, 
        -0.10406173459951248, 
        0.3094519455523706
      ], 
      "visibility": 0.028630562262849258
    }
  ]
}