{
  "camera_data": {
    "location_worldframe": [
      -23.082922817982805, 
      13.144175812509143, 
      75.53092824599165
    ], 
    "quaternion_xyzw_worldframe": [
      0.9293743282775366, 
      0.038356910247192726, 
      -0.12651225933689308, 
      -0.34465548497746434
    ]
  }, 
  "objects": [
    {
      "bounding_box": {
        "bottom_right": [
          459, 
          512
        ], 
        "top_left": [
          311, 
          293
        ]
      }, 
      "class": "003_cracker_box", 
      "cuboid": [
        [
          -18.140379705471705, 
          20.835666018838594, 
          65.11896323424592
        ], 
        [
          -19.778299602616283, 
          8.485237708342435, 
          54.44833744917646
        ], 
        [
          1.0604492943133064, 
          9.592593356216522, 
          49.967951860163765
        ], 
        [
          2.6983691914578833, 
          21.94302166671268, 
          60.63857764523321
        ], 
        [
          -16.763274564291663, 
          16.125042216749137, 
          70.35976492485266
        ], 
        [
          -18.40119446143624, 
          3.7746139062529758, 
          59.6891391397832
        ], 
        [
          2.43755443549335, 
          4.881969554127064, 
          55.208753550770496
        ], 
        [
          4.075474332637927, 
          17.232397864623223, 
          65.87937933583996
        ]
      ], 
      "cuboid_centroid": [
        -7.851412634989178, 
        12.85881778648283, 
        60.16385839250821
      ], 
      "location": [
        -7.851412634989178, 
        12.85881778648283, 
        60.16385839250821
      ], 
      "pose_transform_permuted": [
        [
          -0.1917973780089477, 
          0.6560757541382071, 
          -0.7299166874519831, 
          0.0
        ], 
        [
          0.09985124167699322, 
          0.752909592340631, 
          0.6505050924451151, 
          0.0
        ], 
        [
          -0.9763418946887692, 
          -0.051882083549602886, 
          0.20991606437358823, 
          0.0
        ], 
        [
          -7.851412634989178, 
          12.85881778648283, 
          60.16385839250821, 
          1.0
        ]
      ], 
      "projected_cuboid": [
        [
          331.79057663453744, 
          443.92913062050815
        ], 
        [
          286.25487210542184, 
          356.39914802109627
        ], 
        [
          493.0098137195089, 
          375.6705201103142
        ], 
        [
          505.5271465359197, 
          466.2766050848076
        ], 
        [
          353.47432890948926, 
          395.5126540413558
        ], 
        [
          315.81313572691187, 
          307.0125314222272
        ], 
        [
          505.3402073382506, 
          320.44663126749225
        ], 
        [
          514.8645873208288, 
          412.7896015933355
        ]
      ], 
      "projected_cuboid_centroid": [
        411.41860454324654, 
        387.27289998003164
      ], 
      "quaternion_xyzw": [
        0.6666869290715421, 
        0.6484495989135535, 
        0.17201016490415685, 
        -0.32473706201118047
      ], 
      "visibility": 0.971206869387112
    }, 
    {
      "bounding_box": {
        "bottom_right": [
          476, 
          389
        ], 
        "top_left": [
          402, 
          306
        ]
      }, 
      "class": "005_tomato_soup_can", 
      "cuboid": [
        [
          -25.365739900561046, 
          24.599284289610264, 
          74.7231251278406
        ], 
        [
          -20.17568665253696, 
          22.1687580416587, 
          71.12683771745505
        ], 
        [
          -13.872977141013132, 
          28.615912128124894, 
          75.86545251522654
        ], 
        [
          -19.06303038903722, 
          31.046438376076452, 
          79.46173992561208
        ], 
        [
          -24.21921039264763, 
          19.955581588246414, 
          79.51617655361692
        ], 
        [
          -19.02915714462354, 
          17.525055340294855, 
          75.91988914323137
        ], 
        [
          -12.726447633099713, 
          23.972209426761044, 
          80.65850394100285
        ], 
        [
          -17.916500881123802, 
          26.40273567471261, 
          84.2547913513884
        ]
      ], 
      "cuboid_centroid": [
        -19.04609376683038, 
        24.285746858185654, 
        77.69081453442172
      ], 
      "location": [
        -19.04609376683038, 
        24.285746858185654, 
        77.69081453442172
      ], 
      "pose_transform_permuted": [
        [
          -0.16931941875777154, 
          0.6857817760920603, 
          -0.7078375880316545, 
          0.0
        ], 
        [
          -0.7670898394058526, 
          0.35923176509271537, 
          0.5315312580155521, 
          0.0
        ], 
        [
          -0.6187923441975964, 
          -0.6329737366561553, 
          -0.4652314300066014, 
          0.0
        ], 
        [
          -19.04609376683038, 
          24.285746858185654, 
          77.69081453442172, 
          1.0
        ]
      ], 
      "projected_cuboid": [
        [
          299.04605586801017, 
          448.8584244783962
        ], 
        [
          329.0560780388796, 
          439.5111752296892
        ], 
        [
          383.2599778574241, 
          474.450912835334
        ], 
        [
          352.586405310987, 
          481.65944284329913
        ], 
        [
          317.80373227680565, 
          407.1297748655062
        ], 
        [
          346.80767310458293, 
          396.395980245032
        ], 
        [
          396.7476697564898, 
          431.7924377254101
        ], 
        [
          367.24334102960864, 
          440.41170390689354
        ]
      ], 
      "projected_cuboid_centroid": [
        349.76290094224186, 
        439.9994817061915
      ], 
      "quaternion_xyzw": [
        0.2773869117886328, 
        0.8814620190475684, 
        0.3264500288232348, 
        -0.19877506393599423
      ], 
      "visibility": 0.4216583834684802
    }, 
    {
      "bounding_box": {
        "bottom_right": [
          506, 
          505
        ], 
        "top_left": [
          413, 
          413
        ]
      }, 
      "class": "010_potted_meat_can", 
      "cuboid": [
        [
          1.8653288257304577, 
          26.170201686406436, 
          63.63602813923362
        ], 
        [
          -7.6812780806392675, 
          22.70591588383838, 
          64.062693266469
        ], 
        [
          -5.495841277222043, 
          17.435002113153306, 
          70.16479576418834
        ], 
        [
          4.050765629147681, 
          20.89928791572136, 
          69.73813063695297
        ], 
        [
          0.5839747537972888, 
          30.184877281567278, 
          67.56276113582511
        ], 
        [
          -8.962632152572434, 
          26.72059147899923, 
          67.98942626306048
        ], 
        [
          -6.777195349155213, 
          21.449677708314155, 
          74.09152876077984
        ], 
        [
          2.769411557214512, 
          24.91396351088221, 
          73.66486363354447
        ]
      ], 
      "cuboid_centroid": [
        -2.455933261712377, 
        23.809939697360292, 
        68.86377845000673
      ], 
      "location": [
        -2.455933261712377, 
        23.809939697360292, 
        68.86377845000673
      ], 
      "pose_transform_permuted": [
        [
          0.222453446447421, 
          -0.6969802040465689, 
          -0.6817126565592596, 
          0.0
        ], 
        [
          0.9391922363506116, 
          0.34081536635814186, 
          -0.04197518332441598, 
          0.0
        ], 
        [
          -0.2615942595270998, 
          0.6309222864360813, 
          -0.7304146164068293, 
          0.0
        ], 
        [
          -2.455933261712377, 
          23.809939697360292, 
          68.86377845000673, 
          1.0
        ]
      ], 
      "projected_cuboid": [
        [
          497.3602578770218, 
          492.6132537274499
        ], 
        [
          417.117810554739, 
          462.3124589541646
        ], 
        [
          439.47529487094215, 
          405.80923627055097
        ], 
        [
          512.8332949768613, 
          433.1130119345555
        ], 
        [
          486.24520078268426, 
          511.5566426847431
        ], 
        [
          410.7069124812404, 
          482.8869934188546
        ], 
        [
          432.407480749788, 
          427.68385392140544
        ], 
        [
          501.8141687235199, 
          453.6588889147549
        ]
      ], 
      "projected_cuboid_centroid": [
        462.4184447574537, 
        457.6840166057737
      ], 
      "quaternion_xyzw": [
        0.9016411674477205, 
        0.16703142215391661, 
        0.05004159904152492, 
        0.39577685447025757
      ], 
      "visibility": 0.535850939943437
    }, 
    {
      "bounding_box": {
        "bottom_right": [
          348, 
          404
        ], 
        "top_left": [
          291, 
          239
        ]
      }, 
      "class": "037_scissors", 
      "cuboid": [
        [
          -27.395717329032816, 
          8.280529203036217, 
          68.35245328663365
        ], 
        [
          -7.897489827805458, 
          10.208542590651717, 
          63.198705342641084
        ], 
        [
          -8.697802204110234, 
          3.4825874744038274, 
          57.65470110475256
        ], 
        [
          -28.196029705337594, 
          1.5545740867883269, 
          62.80844904874512
        ], 
        [
          -27.7960897643585, 
          9.27123036208358, 
          67.20833669995262
        ], 
        [
          -8.29786226313114, 
          11.19924374969908, 
          62.05458875596006
        ], 
        [
          -9.098174639435918, 
          4.473288633451191, 
          56.510584518071525
        ], 
        [
          -28.596402140663272, 
          2.54527524583569, 
          61.664332462064095
        ]
      ], 
      "cuboid_centroid": [
        -18.246945984234365, 
        6.3769089182437035, 
        62.43151890235259
      ], 
      "location": [
        -18.246945984234365, 
        6.3769089182437035, 
        62.43151890235259
      ], 
      "pose_transform_permuted": [
        [
          0.2557473203193171, 
          -0.632833692602992, 
          0.7308314093564814, 
          0.0
        ], 
        [
          -0.9624096754334167, 
          -0.09516448295054078, 
          0.2543829630529904, 
          0.0
        ], 
        [
          0.09143292043723658, 
          0.7684171046408024, 
          0.633383305562581, 
          0.0
        ], 
        [
          -18.246945984234365, 
          6.3769089182437035, 
          62.43151890235259, 
          1.0
        ]
      ], 
      "projected_cuboid": [
        [
          266.0608255022055, 
          337.8953145601006
        ], 
        [
          414.396549135545, 
          359.4341204313218
        ], 
        [
          400.4698588369345, 
          305.501293493419
        ], 
        [
          240.18352600485676, 
          286.4867493627284
        ], 
        [
          259.1880995357455, 
          346.85670732314384
        ], 
        [
          409.68793491616475, 
          369.53688994026453
        ], 
        [
          395.0173426580621, 
          315.5032740095946
        ], 
        [
          232.21277356581663, 
          295.2999950151269
        ]
      ], 
      "projected_cuboid_centroid": [
        324.424039228354, 
        327.76111213871945
      ], 
      "quaternion_xyzw": [
        0.13709102348971855, 
        -0.34027970872669955, 
        0.9302765972320679, 
        -0.0010028099503972899
      ], 
      "visibility": 0.6952469711090401
    }, 
    {
      "bounding_box": {
        "bottom_right": [
          471, 
          435
        ], 
        "top_left": [
          414, 
          365
        ]
      }, 
      "class": "061_foam_brick", 
      "cuboid": [
        [
          -8.609654555851645, 
          23.149995275253964, 
          69.59771496234511
        ], 
        [
          -15.984737268744581, 
          22.980062200524166, 
          72.09228364002547
        ], 
        [
          -14.645554772029978, 
          19.75018235728682, 
          75.83149449103044
        ], 
        [
          -7.270472059137043, 
          19.92011543201662, 
          73.33692581335006
        ], 
        [
          -7.631160611755466, 
          27.22622925137787, 
          72.76826737704529
        ], 
        [
          -15.006243324648402, 
          27.056296176648075, 
          75.26283605472567
        ], 
        [
          -13.667060827933799, 
          23.826416333410727, 
          79.00204690573062
        ], 
        [
          -6.291978115040864, 
          23.996349408140524, 
          76.50747822805026
        ]
      ], 
      "cuboid_centroid": [
        -11.138357691892722, 
        23.488205804332345, 
        74.29988093403786
      ], 
      "location": [
        -11.138357691892722, 
        23.488205804332345, 
        74.29988093403786
      ], 
      "pose_transform_permuted": [
        [
          -0.1861670350617009, 
          -0.7755391825686808, 
          -0.6032253404467004, 
          0.0
        ], 
        [
          0.9470533081418535, 
          0.021821542462734544, 
          -0.3203339691979583, 
          0.0
        ], 
        [
          -0.2615948520019209, 
          0.6309221795001736, 
          -0.7304144965845377, 
          0.0
        ], 
        [
          -11.138357691892722, 
          23.488205804332345, 
          74.29988093403786, 
          1.0
        ]
      ], 
      "projected_cuboid": [
        [
          415.0724363865169, 
          450.6823883666418
        ], 
        [
          362.3607777357764, 
          443.2869398999867
        ], 
        [
          377.7371566722053, 
          412.188706441114
        ], 
        [
          428.28424991514055, 
          418.1492731056593
        ], 
        [
          425.20210823811857, 
          472.82792819251097
        ], 
        [
          374.3752565111914, 
          465.01001473951015
        ], 
        [
          388.56589041389697, 
          434.1316670014408
        ], 
        [
          437.3713344532169, 
          440.5606837300606
        ]
      ], 
      "projected_cuboid_centroid": [
        400.9804125372667, 
        441.8833105674587
      ], 
      "quaternion_xyzw": [
        0.8917960568550313, 
        0.07945101132879509, 
        -0.14198902326555005, 
        0.4221687423871464
      ], 
      "visibility": 0.36922586811086333
    }
  ]
}