{
  "camera_data": {
    "location_worldframe": [
      -22.78467451677934, 
      12.205277240565225, 
      76.67245133161
    ], 
    "quaternion_xyzw_worldframe": [
      0.9333306766466872, 
      0.038860550699766155, 
      -0.125041302660597, 
      -0.33428788048894376
    ]
  }, 
  "objects": [
    {
      "bounding_box": {
        "bottom_right": [
          445, 
          514
        ], 
        "top_left": [
          299, 
          301
        ]
      }, 
      "class": "003_cracker_box", 
      "cuboid": [
        [
          -17.8080221778787, 
          19.67979272365815, 
          66.11968106987148
        ], 
        [
          -19.366570857485314, 
          7.096470754938256, 
          55.71251767478711
        ], 
        [
          1.491414832952058, 
          8.153952914070754, 
          51.310278293855895
        ], 
        [
          3.049963512558672, 
          20.737274882790647, 
          61.717441688940255
        ], 
        [
          -16.44631157548882, 
          15.087445348703088, 
          71.46837131684082
        ], 
        [
          -18.004860255095434, 
          2.5041233799831946, 
          61.061207921756456
        ], 
        [
          2.8531254353419397, 
          3.5616055391156918, 
          56.65896854082524
        ], 
        [
          4.411674114948553, 
          16.144927507835586, 
          67.0661319359096
        ]
      ], 
      "cuboid_centroid": [
        -7.477448371268382, 
        11.620699131386921, 
        61.38932480534835
      ], 
      "location": [
        -7.477448371268382, 
        11.620699131386921, 
        61.38932480534835
      ], 
      "pose_transform_permuted": [
        [
          -0.18965329177521284, 
          0.639602713753502, 
          -0.7449429491430747, 
          0.0
        ], 
        [
          0.09501259563673403, 
          0.7671073079877012, 
          0.63444383888744, 
          0.0
        ], 
        [
          -0.9772431813981596, 
          -0.0495453992921388, 
          0.20625474011470907, 
          0.0
        ], 
        [
          -7.477448371268382, 
          11.620699131386921, 
          61.38932480534835, 
          1.0
        ]
      ], 
      "projected_cuboid": [
        [
          336.7610172506534, 
          432.0232209546144
        ], 
        [
          294.66161203523654, 
          341.21897009843985
        ], 
        [
          497.22803544896567, 
          358.0388120662571
        ], 
        [
          508.1723870093313, 
          452.4837712746817
        ], 
        [
          357.84673831740525, 
          385.87382542381334
        ], 
        [
          323.02886646263704, 
          295.15800241320767
        ], 
        [
          508.6767748840471, 
          306.8112213715427
        ], 
        [
          516.9716990316499, 
          401.6733371043605
        ]
      ], 
      "projected_cuboid_centroid": [
        416.0954091364392, 
        374.2413283551619
      ], 
      "quaternion_xyzw": [
        0.6690310429060206, 
        0.6518197129572101, 
        0.166206991375252, 
        -0.31607556287452776
      ], 
      "visibility": 0.9709365340612581
    }, 
    {
      "bounding_box": {
        "bottom_right": [
          468, 
          392
        ], 
        "top_left": [
          394, 
          310
        ]
      }, 
      "class": "005_tomato_soup_can", 
      "cuboid": [
        [
          -25.088576269058883, 
          23.634840667881097, 
          75.60449680029706
        ], 
        [
          -19.87565305337469, 
          21.138583517521003, 
          72.08717886128991
        ], 
        [
          -13.61036792995915, 
          27.701725006950973, 
          76.71489852814317
        ], 
        [
          -18.82329114564334, 
          30.19798215731106, 
          80.23221646715031
        ], 
        [
          -23.955391696464574, 
          19.09913112722342, 
          80.50297394615858
        ], 
        [
          -18.74246848078038, 
          16.60287397686333, 
          76.98565600715143
        ], 
        [
          -12.477183357364842, 
          23.166015466293295, 
          81.6133756740047
        ], 
        [
          -17.69010657304903, 
          25.662272616653386, 
          85.13069361301183
        ]
      ], 
      "cuboid_centroid": [
        -18.78287981321186, 
        23.400428067087194, 
        78.60893623715087
      ], 
      "location": [
        -18.78287981321186, 
        23.400428067087194, 
        78.60893623715087
      ], 
      "pose_transform_permuted": [
        [
          -0.16734863939623199, 
          0.6698333516735198, 
          -0.7234068529513452, 
          0.0
        ], 
        [
          -0.770470020490947, 
          0.36894679208049364, 
          0.5198595706122111, 
          0.0
        ], 
        [
          -0.6151180633497572, 
          -0.644361238625922, 
          -0.45434388110473256, 
          0.0
        ], 
        [
          -18.78287981321186, 
          23.400428067087194, 
          78.60893623715087, 
          1.0
        ]
      ], 
      "projected_cuboid": [
        [
          303.14559932171954, 
          440.0084117689908
        ], 
        [
          333.3264443992452, 
          429.6752429976966
        ], 
        [
          386.18970648719073, 
          465.8680666972547
        ], 
        [
          355.43218022389976, 
          474.01856267055496
        ], 
        [
          321.5738170931685, 
          399.8152878200974
        ], 
        [
          350.67624986365496, 
          388.3032604207591
        ], 
        [
          399.38284627816637, 
          424.6696857827226
        ], 
        [
          369.850031899396, 
          434.05337722924804
        ]
      ], 
      "projected_cuboid_centroid": [
        353.1033201970754, 
        432.04592514723254
      ], 
      "quaternion_xyzw": [
        0.2777478974333904, 
        0.885753649733973, 
        0.3172939883216647, 
        -0.19396143900023421
      ], 
      "visibility": 0.4852150537634409
    }, 
    {
      "bounding_box": {
        "bottom_right": [
          495, 
          507
        ], 
        "top_left": [
          403, 
          416
        ]
      }, 
      "class": "010_potted_meat_can", 
      "cuboid": [
        [
          2.193005587676078, 
          25.026725192781413, 
          64.6181106885438
        ], 
        [
          -7.3479731073150285, 
          21.55064097735726, 
          65.07372757412242
        ], 
        [
          -5.1809435094196745, 
          16.418728489000152, 
          71.29962331900045
        ], 
        [
          4.360035185571431, 
          19.894812704424297, 
          70.84400643342184
        ], 
        [
          0.8836347806762447, 
          29.12290941284213, 
          68.4502828328586
        ], 
        [
          -8.657343914314861, 
          25.646825197417982, 
          68.90589971843721
        ], 
        [
          -6.490314316419508, 
          20.51491270906087, 
          75.13179546331526
        ], 
        [
          3.050664378571598, 
          23.99099692448502, 
          74.67617857773664
        ]
      ], 
      "cuboid_centroid": [
        -2.148654364371715, 
        22.77081895092114, 
        69.87495307592953
      ], 
      "location": [
        -2.148654364371715, 
        22.77081895092114, 
        69.87495307592953
      ], 
      "pose_transform_permuted": [
        [
          0.22731737860348852, 
          -0.7111307615866961, 
          -0.6652961266174482, 
          0.0
        ], 
        [
          0.9386385346550059, 
          0.34197609056773615, 
          -0.044823448360502505, 
          0.0
        ], 
        [
          -0.2593909383004565, 
          0.614283993593642, 
          -0.7452325250163571, 
          0.0
        ], 
        [
          -2.148654364371715, 
          22.77081895092114, 
          69.87495307592953, 
          1.0
        ]
      ], 
      "projected_cuboid": [
        [
          499.8476722835744, 
          479.8422931053517
        ], 
        [
          420.8740140683267, 
          449.90741543191797
        ], 
        [
          442.5207757414153, 
          396.0982588060569
        ], 
        [
          514.6933062853163, 
          423.0563456611148
        ], 
        [
          488.5391440044701, 
          500.19309360098566
        ], 
        [
          414.0323458235564, 
          471.7884685830374
        ], 
        [
          435.14193673376934, 
          418.910699194659
        ], 
        [
          503.5657553039921, 
          444.624556655052
        ]
      ], 
      "projected_cuboid_centroid": [
        465.0608289682836, 
        447.08448898935194
      ], 
      "quaternion_xyzw": [
        0.896969711705208, 
        0.16761074008980414, 
        0.05086401688415183, 
        0.4059120580098505
      ], 
      "visibility": 0.5963586396427345
    }, 
    {
      "bounding_box": {
        "bottom_right": [
          338, 
          409
        ], 
        "top_left": [
          280, 
          247
        ]
      }, 
      "class": "037_scissors", 
      "cuboid": [
        [
          -27.051577386013836, 
          7.176763427145075, 
          69.58067307241255
        ], 
        [
          -7.532592404632718, 
          9.03697036160717, 
          64.48086085623746
        ], 
        [
          -8.29099694130159, 
          2.190199048112532, 
          59.0807219455574
        ], 
        [
          -27.80998192268271, 
          0.3299921136504368, 
          64.1805341617325
        ], 
        [
          -27.448505427392135, 
          8.141422817240311, 
          68.4133384894871
        ], 
        [
          -7.929520446011012, 
          10.001629751702406, 
          63.31352627331201
        ], 
        [
          -8.687924982679885, 
          3.154858438207768, 
          57.91338736263195
        ], 
        [
          -28.206909964061, 
          1.2946515037456732, 
          63.01319957880705
        ]
      ], 
      "cuboid_centroid": [
        -17.86975118434686, 
        5.165810932676421, 
        63.74703021752225
      ], 
      "location": [
        -17.86975118434686, 
        5.165810932676421, 
        63.74703021752225
      ], 
      "pose_transform_permuted": [
        [
          0.2535471325829858, 
          -0.6161988994997567, 
          0.7456624511535129, 
          0.0
        ], 
        [
          -0.9634342403450907, 
          -0.09181763582981906, 
          0.2517207586910908, 
          0.0
        ], 
        [
          0.08664509473245559, 
          0.7822199372314914, 
          0.6169471896086274, 
          0.0
        ], 
        [
          -17.86975118434686, 
          5.165810932676421, 
          63.74703021752225, 
          1.0
        ]
      ], 
      "projected_cuboid": [
        [
          272.5251486763225, 
          328.29475090141733
        ], 
        [
          418.7759916219047, 
          348.03109322439013
        ], 
        [
          406.13083104924254, 
          293.05738716769935
        ], 
        [
          248.57925755008554, 
          276.02866624198117
        ], 
        [
          265.8377027560987, 
          336.75340451913354
        ], 
        [
          414.24636183347644, 
          357.5349652003513
        ], 
        [
          400.92395261243195, 
          302.33936779940905
        ], 
        [
          240.87510395296673, 
          284.2439723752565
        ]
      ], 
      "projected_cuboid_centroid": [
        330.8495101710999, 
        316.50467887294076
      ], 
      "quaternion_xyzw": [
        0.13520634926684671, 
        -0.32998174572425776, 
        0.9342532617992424, 
        -0.0013841378213124643
      ], 
      "visibility": 0.6860427978281699
    }, 
    {
      "bounding_box": {
        "bottom_right": [
          461, 
          437
        ], 
        "top_left": [
          405, 
          369
        ]
      }, 
      "class": "061_foam_brick", 
      "cuboid": [
        [
          -8.304429240439422, 
          22.11286729150236, 
          70.5932098829549
        ], 
        [
          -15.691263417049777, 
          21.980311695151887, 
          73.05505980134976
        ], 
        [
          -14.363363909089605, 
          18.835606747050775, 
          76.87012795744847
        ], 
        [
          -6.976529732479249, 
          18.96816234340125, 
          74.40827803905363
        ], 
        [
          -7.350412802770831, 
          26.259332357225603, 
          73.67901877796055
        ], 
        [
          -14.737246979381185, 
          26.126776760875124, 
          76.1408686963554
        ], 
        [
          -13.409347471421013, 
          22.982071812774016, 
          79.95593685245413
        ], 
        [
          -6.0225132948106594, 
          23.11462740912449, 
          77.49408693405927
        ]
      ], 
      "cuboid_centroid": [
        -10.856888355930218, 
        22.54746955213819, 
        75.2745733677045
      ], 
      "location": [
        -10.856888355930218, 
        22.54746955213819, 
        75.2745733677045
      ], 
      "pose_transform_permuted": [
        [
          -0.18150997527628013, 
          -0.7889012619139317, 
          -0.5871021442865034, 
          0.0
        ], 
        [
          0.9485623437720077, 
          0.017021804489999154, 
          -0.3161324693062386, 
          0.0
        ], 
        [
          -0.2593908418833631, 
          0.6142841827057818, 
          -0.7452324026936362, 
          0.0
        ], 
        [
          -10.856888355930218, 
          22.54746955213819, 
          75.2745733677045, 
          1.0
        ]
      ], 
      "projected_cuboid": [
        [
          418.3356981976699, 
          440.3454546417815
        ], 
        [
          366.09244994661157, 
          433.7481227519629
        ], 
        [
          381.11459964038505, 
          403.96666309679046
        ], 
        [
          431.17624553409763, 
          409.24039555082936
        ], 
        [
          427.94831554024074, 
          463.3625788868184
        ], 
        [
          377.5115591416101, 
          456.2884124055768
        ], 
        [
          391.4090873682631, 
          426.58083284056374
        ], 
        [
          439.8043198163339, 
          432.3629777810321
        ]
      ], 
      "projected_cuboid_centroid": [
        404.0351030643713, 
        433.03512937324757
      ], 
      "quaternion_xyzw": [
        0.8874047372484964, 
        0.07787107583807035, 
        -0.14019601870886952, 
        0.4321967193245809
      ], 
      "visibility": 0.4227881162259223
    }
  ]
}