{
  "camera_data": {
    "location_worldframe": [
      -16.056659999078786, 
      6.52039407956617, 
      72.92972461545266
    ], 
    "quaternion_xyzw_worldframe": [
      -0.8534036234513347, 
      -0.024712700140777973, 
      -0.028950993271116318, 
      0.5198669798549841
    ]
  }, 
  "objects": [
    {
      "bounding_box": {
        "bottom_right": [
          392, 
          609
        ], 
        "top_left": [
          285, 
          403
        ]
      }, 
      "class": "003_cracker_box", 
      "cuboid": [
        [
          -7.591947358519743, 
          16.15160003511101, 
          67.67755939542943
        ], 
        [
          -7.707588062822504, 
          9.027858484242524, 
          52.90200359434045
        ], 
        [
          13.542677380675691, 
          7.1708868928739635, 
          53.63099072461909
        ], 
        [
          13.658318084978452, 
          14.294628443742448, 
          68.40654652570808
        ], 
        [
          -8.26112993494278, 
          9.714250418752675, 
          70.78643734914934
        ], 
        [
          -8.37677063924554, 
          2.59050886788419, 
          56.010881548060354
        ], 
        [
          12.873494804252655, 
          0.7335372765156306, 
          56.739868678339
        ], 
        [
          12.989135508555416, 
          7.857278827384115, 
          71.51542447942798
        ]
      ], 
      "cuboid_centroid": [
        2.640773722866456, 
        8.44256865581332, 
        62.20871403688422
      ], 
      "location": [
        2.640773722866456, 
        8.44256865581332, 
        62.20871403688422
      ], 
      "pose_transform_permuted": [
        [
          0.09320091816462883, 
          0.8965668203710624, 
          -0.4329913688088864, 
          0.0
        ], 
        [
          0.007049714661359563, 
          0.43427913689812214, 
          0.9007507606314941, 
          0.0
        ], 
        [
          -0.9956223633368544, 
          0.08700326352927712, 
          -0.03415467404018896, 
          0.0
        ], 
        [
          2.640773722866456, 
          8.44256865581332, 
          62.20871403688422, 
          1.0
        ]
      ], 
      "projected_cuboid": [
        [
          421.27166507207005, 
          400.5660184358412
        ], 
        [
          403.2472289718561, 
          364.29885125153976
        ], 
        [
          617.3910289511556, 
          344.5955769718227
        ], 
        [
          588.9691319243944, 
          384.73208918080866
        ], 
        [
          418.83732879575035, 
          346.4756993259362
        ], 
        [
          401.1711641595123, 
          297.9526219893381
        ], 
        [
          603.6083188887638, 
          280.18133353990936
        ], 
        [
          579.2695607486423, 
          331.88145928104075
        ]
      ], 
      "projected_cuboid_centroid": [
        504.42527106586095, 
        345.665259614268
      ], 
      "quaternion_xyzw": [
        0.6178681791044759, 
        0.5785625270051306, 
        0.4021697962487459, 
        -0.34894665864684676
      ], 
      "visibility": 0.9716164383561644
    }, 
    {
      "bounding_box": {
        "bottom_right": [
          398, 
          441
        ], 
        "top_left": [
          345, 
          364
        ]
      }, 
      "class": "005_tomato_soup_can", 
      "cuboid": [
        [
          -16.663458314112457, 
          17.72543370370789, 
          76.27074303031178
        ], 
        [
          -11.014795584111745, 
          15.675552868413916, 
          73.16140361152844
        ], 
        [
          -5.525876052204199, 
          18.52511526020528, 
          81.25437400258275
        ], 
        [
          -11.174538782204914, 
          20.574996095499255, 
          84.3637134213661
        ], 
        [
          -17.422935133532803, 
          11.556624446812815, 
          78.95790398085332
        ], 
        [
          -11.77427240353209, 
          9.506743611518843, 
          75.84856456206998
        ], 
        [
          -6.285352871624545, 
          12.356306003310207, 
          83.94153495312429
        ], 
        [
          -11.934015601625259, 
          14.40618683860418, 
          87.05087437190763
        ]
      ], 
      "cuboid_centroid": [
        -11.474405592868502, 
        15.040869853509047, 
        80.10613899171804
      ], 
      "location": [
        -11.474405592868502, 
        15.040869853509047, 
        80.10613899171804
      ], 
      "pose_transform_permuted": [
        [
          0.112159497628878, 
          0.911009433770204, 
          -0.39683979096387306, 
          0.0
        ], 
        [
          -0.8348723181334814, 
          0.30297237534999016, 
          0.45956034773262633, 
          0.0
        ], 
        [
          -0.538895435058669, 
          -0.27976656533668676, 
          -0.7945579771122065, 
          0.0
        ], 
        [
          -11.474405592868502, 
          15.040869853509047, 
          80.10613899171804, 
          1.0
        ]
      ], 
      "projected_cuboid": [
        [
          364.107610658926, 
          397.2307994216613
        ], 
        [
          400.6341510040042, 
          387.55552284331696
        ], 
        [
          445.0252864280812, 
          394.87761378562595
        ], 
        [
          410.3666238220336, 
          403.35488012035006
        ], 
        [
          362.93348854635286, 
          351.3455266589241
        ], 
        [
          398.11783556676437, 
          340.1320026185555
        ], 
        [
          441.3305119670829, 
          351.7918925821167
        ], 
        [
          407.87369498731914, 
          361.54643904831585
        ]
      ], 
      "projected_cuboid_centroid": [
        404.56773613077337, 
        373.42356295569124
      ], 
      "quaternion_xyzw": [
        0.2656128985101677, 
        0.7923822742896955, 
        0.5381138202552894, 
        -0.10960645555049932
      ], 
      "visibility": 0.5992521034590215
    }, 
    {
      "bounding_box": {
        "bottom_right": [
          407, 
          568
        ], 
        "top_left": [
          339, 
          493
        ]
      }, 
      "class": "010_potted_meat_can", 
      "cuboid": [
        [
          12.545516760813454, 
          17.262044009146223, 
          72.59029041974597
        ], 
        [
          2.904089812241707, 
          15.994900672347853, 
          69.63085519714328
        ], 
        [
          2.705932112897702, 
          8.570131620222021, 
          73.45549360373623
        ], 
        [
          12.347359061469449, 
          9.837274957020387, 
          76.41492882633892
        ], 
        [
          10.726335766677774, 
          19.803072336096893, 
          77.42893444165645
        ], 
        [
          1.0849088181060271, 
          18.53592899929853, 
          74.46949921905376
        ], 
        [
          0.886751118762022, 
          11.111159947172695, 
          78.29413762564671
        ], 
        [
          10.52817806733377, 
          12.37830328397106, 
          81.2535728482494
        ]
      ], 
      "cuboid_centroid": [
        6.716133939787738, 
        14.186601978159457, 
        75.44221402269635
      ], 
      "location": [
        6.716133939787738, 
        14.186601978159457, 
        75.44221402269635
      ], 
      "pose_transform_permuted": [
        [
          0.3158245567882618, 
          -0.44114310106175225, 
          -0.8400277974551406, 
          0.0
        ], 
        [
          0.9485206027911695, 
          0.1246611697681169, 
          0.29114832236325394, 
          0.0
        ], 
        [
          0.023719247588598613, 
          0.8887362742832801, 
          -0.457804796902463, 
          0.0
        ], 
        [
          6.716133939787738, 
          14.186601978159457, 
          75.44221402269635, 
          1.0
        ]
      ], 
      "projected_cuboid": [
        [
          574.5368749753562, 
          400.11047080228485
        ], 
        [
          504.02556006008996, 
          395.79535587960174
        ], 
        [
          501.40706362067493, 
          335.5095086427634
        ], 
        [
          568.4906319351887, 
          341.94342820168384
        ], 
        [
          556.0942510783558, 
          409.6873080547124
        ], 
        [
          489.4314836172729, 
          406.0331527870107
        ], 
        [
          487.6877274776027, 
          348.97290954487863
        ], 
        [
          551.2761630831671, 
          354.5333227856274
        ]
      ], 
      "projected_cuboid_centroid": [
        529.4707326640137, 
        373.57511980023986
      ], 
      "quaternion_xyzw": [
        0.9588123740505217, 
        0.0263195190507104, 
        0.15826164106209512, 
        0.23439098260867042
      ], 
      "visibility": 0.34981645432951847
    }, 
    {
      "bounding_box": {
        "bottom_right": [
          328, 
          494
        ], 
        "top_left": [
          290, 
          304
        ]
      }, 
      "class": "037_scissors", 
      "cuboid": [
        [
          -18.793671132653607, 
          5.550830582435501, 
          63.690921040587824
        ], 
        [
          1.456913183580387, 
          4.9655722862191425, 
          63.86566874574846
        ], 
        [
          1.4087054967848998, 
          0.9719733990719691, 
          56.076971867407096
        ], 
        [
          -18.841878819449093, 
          1.5572316952883265, 
          55.90222416224646
        ], 
        [
          -18.747267857269385, 
          6.9431548929257, 
          62.97672961815497
        ], 
        [
          1.503316458964611, 
          6.3578965967093435, 
          63.15147732331561
        ], 
        [
          1.4551087721691238, 
          2.364297709562169, 
          55.36278044497425
        ], 
        [
          -18.79547554406487, 
          2.9495560057785264, 
          55.18803273981361
        ]
      ], 
      "cuboid_centroid": [
        -8.669281180242242, 
        3.957564145998835, 
        59.526850742781036
      ], 
      "location": [
        -8.669281180242242, 
        3.957564145998835, 
        59.526850742781036
      ], 
      "pose_transform_permuted": [
        [
          -0.029641184773125544, 
          -0.8893799372917702, 
          0.4562065875830411, 
          0.0
        ], 
        [
          -0.9995451267504699, 
          0.02888766411566607, 
          -0.00862534208280196, 
          0.0
        ], 
        [
          0.005507561449426493, 
          0.45625485762537776, 
          0.8898316745709526, 
          0.0
        ], 
        [
          -8.669281180242242, 
          3.957564145998835, 
          59.526850742781036, 
          1.0
        ]
      ], 
      "projected_cuboid": [
        [
          322.9157385004184, 
          319.7667364792968
        ], 
        [
          493.86462228297825, 
          314.752273703006
        ], 
        [
          495.1061995551071, 
          282.5304830587869
        ], 
        [
          300.3433782299129, 
          288.14287278882466
        ], 
        [
          321.51244503082427, 
          332.0847718027157
        ], 
        [
          494.3985035869708, 
          326.97951408463064
        ], 
        [
          495.73120640307167, 
          296.06224142012803
        ], 
        [
          298.4499275249121, 
          301.7901084376969
        ]
      ], 
      "projected_cuboid_centroid": [
        403.27900892045125, 
        308.7435869329646
      ], 
      "quaternion_xyzw": [
        -0.011212252655899022, 
        -0.5213164548646277, 
        0.8532301231143462, 
        0.010077945161953416
      ], 
      "visibility": 0.7922705314009661
    }, 
    {
      "bounding_box": {
        "bottom_right": [
          389, 
          488
        ], 
        "top_left": [
          344, 
          432
        ]
      }, 
      "class": "061_foam_brick", 
      "cuboid": [
        [
          0.5620593836721678, 
          14.640127213604204, 
          74.56801381622941
        ], 
        [
          -7.18006862744481, 
          15.178050121210148, 
          75.21119960938249
        ], 
        [
          -7.301486865069523, 
          10.628320286439475, 
          77.55479671462491
        ], 
        [
          0.4406411460474553, 
          10.09039737883353, 
          76.91161092147183
        ], 
        [
          1.114079471149488, 
          17.022020834083296, 
          79.2206897177772
        ], 
        [
          -6.628048539967491, 
          17.559943741689242, 
          79.86387551093028
        ], 
        [
          -6.749466777592203, 
          13.010213906918565, 
          82.20747261617271
        ], 
        [
          0.9926612335247754, 
          12.472290999312621, 
          81.56428682301963
        ]
      ], 
      "cuboid_centroid": [
        -3.0937036969600173, 
        13.825170560261386, 
        78.38774321620106
      ], 
      "location": [
        -3.0937036969600173, 
        13.825170560261386, 
        78.38774321620106
      ], 
      "pose_transform_permuted": [
        [
          -0.10502665203010397, 
          -0.4531761037791224, 
          -0.8852123029685712, 
          0.0
        ], 
        [
          0.9941865373479892, 
          -0.06907606178882597, 
          -0.0825931392051506, 
          0.0
        ], 
        [
          0.02371774271220911, 
          0.8887406351975364, 
          -0.45779640893012363, 
          0.0
        ], 
        [
          -3.0937036969600173, 
          13.825170560261386, 
          78.38774321620106, 
          1.0
        ]
      ], 
      "projected_cuboid": [
        [
          485.65048688217666, 
          377.99452393335
        ], 
        [
          430.25920222856536, 
          380.9134792619296
        ], 
        [
          430.96864792680805, 
          346.37410425835685
        ], 
        [
          484.6780207412847, 
          343.2552521929375
        ], 
        [
          489.1596371051751, 
          387.88004995797513
        ], 
        [
          436.96705346700844, 
          390.54934068056986
        ], 
        [
          437.44511725989446, 
          357.69007986140076
        ], 
        [
          488.1418145384529, 
          354.83837023585943
        ]
      ], 
      "projected_cuboid_centroid": [
        460.37331062614936, 
        367.347597758759
      ], 
      "quaternion_xyzw": [
        0.9705848076693373, 
        -0.023901518900718375, 
        -0.04832648052821513, 
        0.23464526373969372
      ], 
      "visibility": 0.0008428150021070375
    }
  ]
}