{
  "camera_data": {
    "location_worldframe": [
      -21.31386253494284, 
      10.336864890076512, 
      80.04884654714334
    ], 
    "quaternion_xyzw_worldframe": [
      0.9421240873000063, 
      0.04033999966721555, 
      -0.12251285254646571, 
      -0.30946018733528335
    ]
  }, 
  "objects": [
    {
      "bounding_box": {
        "bottom_right": [
          416, 
          524
        ], 
        "top_left": [
          275, 
          328
        ]
      }, 
      "class": "003_cracker_box", 
      "cuboid": [
        [
          -16.279372686094174, 
          17.290733675803885, 
          69.17254185140958
        ], 
        [
          -17.653916298038293, 
          4.176714843975184, 
          59.414916339818035
        ], 
        [
          3.2399444576731313, 
          5.148411557253498, 
          55.16568872003329
        ], 
        [
          4.614488069617254, 
          18.262430389082198, 
          64.92331423162483
        ], 
        [
          -14.942153969240751, 
          12.989971042572494, 
          74.7642933132362
        ], 
        [
          -16.316697581184872, 
          -0.12404778925620696, 
          65.00666780164465
        ], 
        [
          4.577163174526554, 
          0.8476489240221069, 
          60.75744018185991
        ], 
        [
          5.951706786470676, 
          13.961667755850806, 
          70.51506569345145
        ]
      ], 
      "cuboid_centroid": [
        -5.851104755783809, 
        9.069191299912996, 
        64.96499101663474
      ], 
      "location": [
        -5.851104755783809, 
        9.069191299912996, 
        64.96499101663474
      ], 
      "pose_transform_permuted": [
        [
          -0.18624216557437445, 
          0.5989920245202209, 
          -0.7787954868406302, 
          0.0
        ], 
        [
          0.08379523725859284, 
          0.7994597696849305, 
          0.594846564139101, 
          0.0
        ], 
        [
          -0.9789240082738513, 
          -0.04552615969401036, 
          0.19908579760638906, 
          0.0
        ], 
        [
          -5.851104755783809, 
          9.069191299912996, 
          64.96499101663474, 
          1.0
        ]
      ], 
      "projected_cuboid": [
        [
          355.0373008919083, 
          406.5979160208863
        ], 
        [
          321.81158855922, 
          310.7775243673029
        ], 
        [
          513.1805694632533, 
          323.05930017140196
        ], 
        [
          519.8191727412936, 
          423.3052466389957
        ], 
        [
          374.1212621738755, 
          365.9484977862973
        ], 
        [
          346.618102397008, 
          272.2688406052017
        ], 
        [
          522.1095339493766, 
          280.72707151085666
        ], 
        [
          526.986146225572, 
          378.8814311393645
        ]
      ], 
      "projected_cuboid_centroid": [
        433.1630810019962, 
        347.73859666840536
      ], 
      "quaternion_xyzw": [
        0.6739926862372493, 
        0.6596450578295966, 
        0.1515611396489603, 
        -0.29602614331844623
      ], 
      "visibility": 0.9799214128416598
    }, 
    {
      "bounding_box": {
        "bottom_right": [
          451, 
          404
        ], 
        "top_left": [
          377, 
          326
        ]
      }, 
      "class": "005_tomato_soup_can", 
      "cuboid": [
        [
          -23.67938643855578, 
          21.680028977392002, 
          78.36951093429263
        ], 
        [
          -18.415810034729105, 
          19.041341120975304, 
          75.03642174633463
        ], 
        [
          -12.238879337857512, 
          25.87731441594059, 
          79.37916390763277
        ], 
        [
          -17.502455741684187, 
          28.516002272357287, 
          82.71225309559078
        ], 
        [
          -22.566532483353424, 
          17.41102576755656, 
          83.506534812971
        ], 
        [
          -17.302956079526748, 
          14.772337911139862, 
          80.17344562501299
        ], 
        [
          -11.126025382655154, 
          21.608311206105146, 
          84.51618778631112
        ], 
        [
          -16.38960178648183, 
          24.246999062521844, 
          87.84927697426915
        ]
      ], 
      "cuboid_centroid": [
        -17.40270591060547, 
        21.644170091748574, 
        81.44284936030188
      ], 
      "location": [
        -17.40270591060547, 
        21.644170091748574, 
        81.44284936030188
      ], 
      "pose_transform_permuted": [
        [
          -0.1643462148654786, 
          0.6304461744555319, 
          -0.7586354221842634, 
          0.0
        ], 
        [
          -0.7779565613992524, 
          0.3899980495944736, 
          0.4926305622951933, 
          0.0
        ], 
        [
          -0.6064435333525553, 
          -0.6711475330299688, 
          -0.42636513666416864, 
          0.0
        ], 
        [
          -17.40270591060547, 
          21.644170091748574, 
          81.44284936030188, 
          1.0
        ]
      ], 
      "projected_cuboid": [
        [
          319.11140549362204, 
          420.8233016988368
        ], 
        [
          349.61636206430717, 
          408.62241718937724
        ], 
        [
          398.6832589522234, 
          447.14675341475834
        ], 
        [
          367.8026726372999, 
          457.1546092335256
        ], 
        [
          336.27348210692844, 
          384.48311709625926
        ], 
        [
          365.53735495540053, 
          371.55320265842994
        ], 
        [
          410.80381317639694, 
          409.6407184919163
        ], 
        [
          381.2691163795548, 
          420.48637705310887
        ]
      ], 
      "projected_cuboid_centroid": [
        366.6876679105518, 
        415.02101635595176
      ], 
      "quaternion_xyzw": [
        0.27817769240704737, 
        0.8955081681109175, 
        0.29503117580408383, 
        -0.18340892929725322
      ], 
      "visibility": 0.6173127368114253
    }, 
    {
      "bounding_box": {
        "bottom_right": [
          470, 
          517
        ], 
        "top_left": [
          383, 
          430
        ]
      }, 
      "class": "010_potted_meat_can", 
      "cuboid": [
        [
          3.7013634532430415, 
          22.689885891797683, 
          67.59004908122466
        ], 
        [
          -5.821464807196556, 
          19.176687202603485, 
          68.13245074958178
        ], 
        [
          -3.684336023222329, 
          14.387873779941106, 
          74.63585504702772
        ], 
        [
          5.838492237217269, 
          17.901072469135308, 
          74.09345337867059
        ], 
        [
          2.3277747980090617, 
          26.96931509259211, 
          71.19261210498435
        ], 
        [
          -7.195053462430537, 
          23.45611640339791, 
          71.73501377334149
        ], 
        [
          -5.057924678456308, 
          18.667302980735535, 
          78.23841807078742
        ], 
        [
          4.46490358198329, 
          22.180501669929733, 
          77.69601640243029
        ]
      ], 
      "cuboid_centroid": [
        -0.6782806126066333, 
        20.67859443626661, 
        72.91423357600604
      ], 
      "location": [
        -0.6782806126066333, 
        20.67859443626661, 
        72.91423357600604
      ], 
      "pose_transform_permuted": [
        [
          0.2384661172511684, 
          -0.7429435746110498, 
          -0.6254341233491526, 
          0.0
        ], 
        [
          0.9368529005145876, 
          0.3456274010242095, 
          -0.05336130846287868, 
          0.0
        ], 
        [
          -0.2558118454322831, 
          0.5732154319703939, 
          -0.7784499780252576, 
          0.0
        ], 
        [
          -0.6782806126066333, 
          20.67859443626661, 
          72.91423357600604, 
          1.0
        ]
      ], 
      "projected_cuboid": [
        [
          511.04607986239563, 
          452.32118362094883
        ], 
        [
          435.64871014077386, 
          423.39566678829385
        ], 
        [
          455.05080201477773, 
          376.09684064631807
        ], 
        [
          523.9723519523027, 
          402.13722683735534
        ], 
        [
          499.1802633631964, 
          475.31963465138443
        ], 
        [
          427.6591013717636, 
          447.6728740961836
        ], 
        [
          446.8319247711754, 
          400.5339758783497
        ], 
        [
          512.5003843730912, 
          425.53753427271744
        ]
      ], 
      "projected_cuboid_centroid": [
        476.5945491687882, 
        424.53683335509413
      ], 
      "quaternion_xyzw": [
        0.8853675022037648, 
        0.1698275701783306, 
        0.05226778945679225, 
        0.42959379829545713
      ], 
      "visibility": 0.6837218116353989
    }, 
    {
      "bounding_box": {
        "bottom_right": [
          317, 
          427
        ], 
        "top_left": [
          259, 
          274
        ]
      }, 
      "class": "037_scissors", 
      "cuboid": [
        [
          -25.47763112888649, 
          4.919962608085238, 
          73.18547269487277
        ], 
        [
          -5.9207863211297616, 
          6.648140998494181, 
          68.18522772098466
        ], 
        [
          -6.581698105354944, 
          -0.4732227888319701, 
          63.13900848900455
        ], 
        [
          -26.138542913111674, 
          -2.201401179240913, 
          68.13925346289267
        ], 
        [
          -25.868968470684983, 
          5.820353401886259, 
          71.96607073457521
        ], 
        [
          -6.312123662928257, 
          7.5485317922952015, 
          66.9658257606871
        ], 
        [
          -6.973035447153439, 
          0.42716800496905083, 
          61.91960652870701
        ], 
        [
          -26.529880254910164, 
          -1.3010103854398916, 
          66.91985150259512
        ]
      ], 
      "cuboid_centroid": [
        -16.225333288019964, 
        2.6735653065271445, 
        67.55253961178988
      ], 
      "location": [
        -16.225333288019964, 
        2.6735653065271445, 
        67.55253961178988
      ], 
      "pose_transform_permuted": [
        [
          0.24997594158657924, 
          -0.5751458203347055, 
          0.7789217144395527, 
          0.0
        ], 
        [
          -0.965302957038022, 
          -0.08530086151163332, 
          0.24680623621323095, 
          0.0
        ], 
        [
          0.07550688502670401, 
          0.8135911774569949, 
          0.5765130906469714, 
          0.0
        ], 
        [
          -16.225333288019964, 
          2.6735653065271445, 
          67.55253961178988, 
          1.0
        ]
      ], 
      "projected_cuboid": [
        [
          294.3884226847121, 
          309.13945128161083
        ], 
        [
          434.90094522352365, 
          325.2858332054466
        ], 
        [
          425.5397995690376, 
          269.28934216657063
        ], 
        [
          275.30822467193514, 
          256.0563762224046
        ], 
        [
          288.2920813502703, 
          316.41948130484235
        ], 
        [
          430.90803565765145, 
          333.4034675240914
        ], 
        [
          421.03713068500923, 
          276.9657774844919
        ], 
        [
          268.40450100574793, 
          262.9181002027408
        ]
      ], 
      "projected_cuboid_centroid": [
        352.4324149003567, 
        294.3940306538356
      ], 
      "quaternion_xyzw": [
        0.1316874168206077, 
        -0.305282664763239, 
        0.9431086693661779, 
        -0.0025961951159645846
      ], 
      "visibility": 0.6788045345242185
    }, 
    {
      "bounding_box": {
        "bottom_right": [
          441, 
          448
        ], 
        "top_left": [
          388, 
          383
        ]
      }, 
      "class": "061_foam_brick", 
      "cuboid": [
        [
          -6.83663898953894, 
          20.01644880914156, 
          73.60600137154013
        ], 
        [
          -14.246742994719133, 
          19.960534383347948, 
          75.99991602519091
        ], 
        [
          -12.937164559141095, 
          17.0260726088358, 
          79.98503456351911
        ], 
        [
          -5.527060553960904, 
          17.081987034629414, 
          77.59111990986831
        ], 
        [
          -5.939849375499352, 
          24.32307456320444, 
          76.48250609840817
        ], 
        [
          -13.349953380679544, 
          24.267160137410826, 
          78.87642075205896
        ], 
        [
          -12.04037494510151, 
          21.33269836289868, 
          82.86153929038714
        ], 
        [
          -4.630270939921317, 
          21.388612788692292, 
          80.46762463673636
        ]
      ], 
      "cuboid_centroid": [
        -9.438506967320224, 
        20.67457358602012, 
        78.23377033096364
      ], 
      "location": [
        -9.438506967320224, 
        20.67457358602012, 
        78.23377033096364
      ], 
      "pose_transform_permuted": [
        [
          -0.1706220713242011, 
          -0.8193732343380149, 
          -0.547280194806554, 
          0.0
        ], 
        [
          0.9515504822085343, 
          0.007180114987472785, 
          -0.3074087275232642, 
          0.0
        ], 
        [
          -0.2558120180635481, 
          0.5732154471045133, 
          -0.7784499101515959, 
          0.0
        ], 
        [
          -9.438506967320224, 
          20.67457358602012, 
          78.23377033096364, 
          1.0
        ]
      ], 
      "projected_cuboid": [
        [
          431.6487173030293, 
          418.31770305686223
        ], 
        [
          380.78925043303, 
          413.3570069234264
        ], 
        [
          394.61652792639586, 
          386.8119992922624
        ], 
        [
          443.2904395130243, 
          390.6989199089811
        ], 
        [
          439.832783019706, 
          442.89358473272966
        ], 
        [
          390.57969662189186, 
          437.3679149738558
        ], 
        [
          403.45610694153777, 
          410.5896329546754
        ], 
        [
          450.65303272730324, 
          415.0449918760306
        ]
      ], 
      "projected_cuboid_centroid": [
        416.71857216695423, 
        414.225098407347
      ], 
      "quaternion_xyzw": [
        0.8763626709473086, 
        0.07502377205510655, 
        -0.13636785736512932, 
        0.45581104645934895
      ], 
      "visibility": 0.5860973888496824
    }
  ]
}