{
  "camera_data": {
    "location_worldframe": [
      -21.65584836785014, 
      15.451272462459512, 
      71.48736229885928
    ], 
    "quaternion_xyzw_worldframe": [
      0.9076876187809005, 
      0.02078016437453541, 
      -0.08205920087018173, 
      -0.4110205412478886
    ]
  }, 
  "objects": [
    {
      "bounding_box": {
        "bottom_right": [
          482, 
          532
        ], 
        "top_left": [
          355, 
          303
        ]
      }, 
      "class": "003_cracker_box", 
      "cuboid": [
        [
          -15.490035430852004, 
          24.03966421479371, 
          62.53084112652477
        ], 
        [
          -17.339804810194238, 
          13.412758500615734, 
          50.172631552627124
        ], 
        [
          3.771087335931447, 
          13.394066632373336, 
          47.02883916840293
        ], 
        [
          5.620856715273681, 
          24.02097234655131, 
          59.387048742300586
        ], 
        [
          -14.809637559344896, 
          18.570112067196405, 
          67.13230345670905
        ], 
        [
          -16.65940693868713, 
          7.943206353018427, 
          54.7740938828114
        ], 
        [
          4.451485207438555, 
          7.924514484776029, 
          51.630301498587215
        ], 
        [
          6.3012545867807885, 
          18.551420198954006, 
          63.98851107248487
        ]
      ], 
      "cuboid_centroid": [
        -5.519275111706724, 
        15.98208934978487, 
        57.080571312555996
      ], 
      "location": [
        -5.519275111706724, 
        15.98208934978487, 
        57.080571312555996
      ], 
      "pose_transform_permuted": [
        [
          -0.09476293701591143, 
          0.7617760833377212, 
          -0.6408722061556107, 
          0.0
        ], 
        [
          0.11276605752540036, 
          0.6478398196363953, 
          0.7533839554726799, 
          0.0
        ], 
        [
          -0.9890924132952879, 
          0.0008757557445180364, 
          0.14729368965973885, 
          0.0
        ], 
        [
          -5.519275111706724, 
          15.98208934978487, 
          57.080571312555996, 
          1.0
        ]
      ], 
      "projected_cuboid": [
        [
          348.3830655897642, 
          478.3185424712908
        ], 
        [
          295.74428812310856, 
          415.86001980529346
        ], 
        [
          524.7185901447795, 
          425.1788270461256
        ], 
        [
          532.4952793257024, 
          489.0045308862309
        ], 
        [
          362.96431279517384, 
          420.81319679041246
        ], 
        [
          318.03745588236217, 
          350.6272514635721
        ], 
        [
          527.9622558526438, 
          355.14348320903775
        ], 
        [
          534.5532627657128, 
          427.90547694270253
        ]
      ], 
      "projected_cuboid_centroid": [
        429.5992090422837, 
        422.61162415758463
      ], 
      "quaternion_xyzw": [
        0.6622903478508366, 
        0.6179058166269541, 
        0.2486149090780292, 
        -0.34315379045891053
      ], 
      "visibility": 0.9596089632699039
    }, 
    {
      "bounding_box": {
        "bottom_right": [
          489, 
          402
        ], 
        "top_left": [
          420, 
          316
        ]
      }, 
      "class": "005_tomato_soup_can", 
      "cuboid": [
        [
          -23.026740425412612, 
          27.05960820168197, 
          72.15829689551296
        ], 
        [
          -17.8078227010677, 
          24.715890073802246, 
          68.54619545438882
        ], 
        [
          -11.366925935604662, 
          29.92693384640791, 
          74.47108236129138
        ], 
        [
          -16.585843659949575, 
          32.27065197428763, 
          78.0831838024155
        ], 
        [
          -22.541681605647714, 
          21.735302466176677, 
          76.31381527924562
        ], 
        [
          -17.322763881302805, 
          19.391584338296948, 
          72.70171383812149
        ], 
        [
          -10.881867115839768, 
          24.602628110902614, 
          78.62660074502404
        ], 
        [
          -16.10078484018468, 
          26.946346238782336, 
          82.23870218614817
        ]
      ], 
      "cuboid_centroid": [
        -16.95430377062619, 
        25.831118156292295, 
        75.3924488202685
      ], 
      "location": [
        -16.95430377062619, 
        25.831118156292295, 
        75.3924488202685
      ], 
      "pose_transform_permuted": [
        [
          -0.07163346155424445, 
          0.7862931971677649, 
          -0.6136867411736803, 
          0.0
        ], 
        [
          -0.7713560088355987, 
          0.346401525458781, 
          0.5338685716653175, 
          0.0
        ], 
        [
          -0.6323594005004337, 
          -0.5116139314165115, 
          -0.5816981810004858, 
          0.0
        ], 
        [
          -16.95430377062619, 
          25.831118156292295, 
          75.3924488202685, 
          1.0
        ]
      ], 
      "projected_cuboid": [
        [
          309.9889106314522, 
          473.2832062480462
        ], 
        [
          341.8897342035705, 
          465.58704575557
        ], 
        [
          399.51522515222587, 
          487.6062360237551
        ], 
        [
          367.3692739345994, 
          493.6998180436113
        ], 
        [
          322.75158058319613, 
          425.183837427721
        ], 
        [
          353.4631006888599, 
          415.53781556969216
        ], 
        [
          407.1709012929313, 
          440.1647095505102
        ], 
        [
          376.3130298918738, 
          448.03411743038873
        ]
      ], 
      "projected_cuboid_centroid": [
        360.66434098895866, 
        456.01360658747313
      ], 
      "quaternion_xyzw": [
        0.28753989853801604, 
        0.8509783606863618, 
        0.4018878274016536, 
        -0.17788408647994017
      ], 
      "visibility": 0.2400891972249752
    }, 
    {
      "bounding_box": {
        "bottom_right": [
          518, 
          523
        ], 
        "top_left": [
          429, 
          435
        ]
      }, 
      "class": "010_potted_meat_can", 
      "cuboid": [
        [
          4.909752332997546, 
          27.86091019839806, 
          62.893715128034444
        ], 
        [
          -4.874635404093812, 
          25.168000327221673, 
          62.314909708747
        ], 
        [
          -3.487400351395966, 
          18.962878139208183, 
          67.73398328573317
        ], 
        [
          6.2969873856953935, 
          21.65578801038457, 
          68.31278870502064
        ], 
        [
          3.6762782873859043, 
          31.40298002963111, 
          67.26532850389825
        ], 
        [
          -6.108109449705455, 
          28.710070158454727, 
          66.6865230846108
        ], 
        [
          -4.720874397007608, 
          22.50494797044124, 
          72.10559666159698
        ], 
        [
          5.063513340083751, 
          25.197857841617623, 
          72.68440208088442
        ]
      ], 
      "cuboid_centroid": [
        0.09443896799496906, 
        25.182929084419648, 
        67.49965589481572
      ], 
      "location": [
        0.09443896799496906, 
        25.182929084419648, 
        67.49965589481572
      ], 
      "pose_transform_permuted": [
        [
          0.21414108602767565, 
          -0.6149320151037256, 
          -0.7589474941374899, 
          0.0
        ], 
        [
          0.9625850409729274, 
          0.2649276406796712, 
          0.056942698226081015, 
          0.0
        ], 
        [
          -0.16605043249619442, 
          0.7427459542689301, 
          -0.6486568440130449, 
          0.0
        ], 
        [
          0.09443896799496906, 
          25.182929084419648, 
          67.49965589481572, 
          1.0
        ]
      ], 
      "projected_cuboid": [
        [
          523.5772277932089, 
          509.53858611581495
        ], 
        [
          439.5300335848747, 
          488.68583016529294
        ], 
        [
          453.9093659240209, 
          422.595256800839
        ], 
        [
          531.1674833924127, 
          442.35379542882674
        ], 
        [
          510.9876961468328, 
          522.2680651996375
        ], 
        [
          432.3409176837435, 
          502.8927903616086
        ], 
        [
          446.38875656503404, 
          439.74143228336953
        ], 
        [
          519.0600625481427, 
          458.1750512823038
        ]
      ], 
      "projected_cuboid_centroid": [
        482.3494563362915, 
        472.2586521987274
      ], 
      "quaternion_xyzw": [
        0.9306286167665578, 
        0.11577606399889312, 
        0.07282276177892245, 
        0.3394449827652714
      ], 
      "visibility": 0.38481421647819064
    }, 
    {
      "bounding_box": {
        "bottom_right": [
          385, 
          417
        ], 
        "top_left": [
          335, 
          231
        ]
      }, 
      "class": "037_scissors", 
      "cuboid": [
        [
          -25.840443649721184, 
          11.968222621760743, 
          63.47841559237787
        ], 
        [
          -5.958936885940454, 
          12.960758364085706, 
          59.710154616198054
        ], 
        [
          -6.8924527594336915, 
          7.129963322474953, 
          53.24909182344968
        ], 
        [
          -26.773959523214426, 
          6.137427580149992, 
          57.01735279962949
        ], 
        [
          -26.091022949708854, 
          13.133280965179859, 
          62.463211815655065
        ], 
        [
          -6.2095161859281225, 
          14.125816707504818, 
          58.69495083947525
        ], 
        [
          -7.14303205942136, 
          8.295021665894067, 
          52.233888046726875
        ], 
        [
          -27.024538823202093, 
          7.302485923569105, 
          56.002149022906686
        ]
      ], 
      "cuboid_centroid": [
        -16.491737854571273, 
        10.131622143827405, 
        57.85615181955237
      ], 
      "location": [
        -16.491737854571273, 
        10.131622143827405, 
        57.85615181955237
      ], 
      "pose_transform_permuted": [
        [
          0.16006342806094187, 
          -0.7442084495720207, 
          0.64848531658706, 
          0.0
        ], 
        [
          -0.9813278909815291, 
          -0.048990401900219055, 
          0.18599694884087994, 
          0.0
        ], 
        [
          0.1066509591943382, 
          0.6661481627798823, 
          0.7381540730345756, 
          0.0
        ], 
        [
          -16.491737854571273, 
          10.131622143827405, 
          57.85615181955237, 
          1.0
        ]
      ], 
      "projected_cuboid": [
        [
          262.6870558329525, 
          373.83863022211386
        ], 
        [
          427.929449883408, 
          389.0495316086698
        ], 
        [
          411.990002363203, 
          344.6971280394866
        ], 
        [
          229.07619011392944, 
          330.69380363074396
        ], 
        [
          256.97183893942037, 
          385.4203160313145
        ], 
        [
          424.70538890078757, 
          401.6378624250324
        ], 
        [
          408.05734684240394, 
          357.9805491431691
        ], 
        [
          222.09230310184336, 
          342.82956118359897
        ]
      ], 
      "projected_cuboid_centroid": [
        328.3089064668351, 
        366.68010683555167
      ], 
      "quaternion_xyzw": [
        0.0953083221901612, 
        -0.4082567503742028, 
        0.9077391379615168, 
        0.015880266390079247
      ], 
      "visibility": 0.7557551937113981
    }, 
    {
      "bounding_box": {
        "bottom_right": [
          484, 
          449
        ], 
        "top_left": [
          429, 
          379
        ]
      }, 
      "class": "061_foam_brick", 
      "cuboid": [
        [
          -6.1259410195959525, 
          24.93884976794478, 
          67.79917833698836
        ], 
        [
          -13.640071998167457, 
          25.042486530870967, 
          69.84140511621871
        ], 
        [
          -12.790007446716906, 
          21.24014761739478, 
          73.16207378306322
        ], 
        [
          -5.275876468145402, 
          21.1365108544686, 
          71.11984700383287
        ], 
        [
          -5.056787520273792, 
          28.457432444622782, 
          71.55444439725224
        ], 
        [
          -12.570918498845296, 
          28.56106920754896, 
          73.59667117648259
        ], 
        [
          -11.720853947394746, 
          24.758730294072777, 
          76.9173398433271
        ], 
        [
          -4.206722968823241, 
          24.655093531146598, 
          74.87511306409674
        ]
      ], 
      "cuboid_centroid": [
        -8.923397483495348, 
        24.84879003100878, 
        72.35825909015773
      ], 
      "location": [
        -8.923397483495348, 
        24.84879003100878, 
        72.35825909015773
      ], 
      "pose_transform_permuted": [
        [
          -0.2034158087493329, 
          -0.6694411431862879, 
          -0.7144722279839089, 
          0.0
        ], 
        [
          0.9649088529714815, 
          -0.013308262835177553, 
          -0.2622475845409631, 
          0.0
        ], 
        [
          -0.16605093859450026, 
          0.7427458824858915, 
          -0.6486567966514647, 
          0.0
        ], 
        [
          -8.923397483495348, 
          24.84879003100878, 
          72.35825909015773, 
          1.0
        ]
      ], 
      "projected_cuboid": [
        [
          433.00782752006535, 
          469.45966705536085
        ], 
        [
          376.5714054752661, 
          464.514770803911
        ], 
        [
          387.58653281374575, 
          428.1179429439464
        ], 
        [
          441.7041749782, 
          431.78681087980164
        ], 
        [
          443.5930234182715, 
          485.3894497898043
        ], 
        [
          389.74253911628773, 
          480.2548326229951
        ], 
        [
          399.65126177663393, 
          444.95544576188587
        ], 
        [
          451.38376921472536, 
          448.8995509971282
        ]
      ], 
      "projected_cuboid_centroid": [
        415.27869517529064, 
        456.4355870088947
      ], 
      "quaternion_xyzw": [
        0.9249495882805293, 
        0.04128405420539449, 
        -0.12586183052309882, 
        0.35626210242659867
      ], 
      "visibility": 0.13089993706733793
    }
  ]
}