{
  "camera_data": {
    "location_worldframe": [
      -9.36498425557299, 
      -0.8599460054727864, 
      75.53727755723082
    ], 
    "quaternion_xyzw_worldframe": [
      -0.8276117396624849, 
      -0.10092815094707282, 
      -0.17219540732236846, 
      0.5246145636914241
    ]
  }, 
  "objects": [
    {
      "bounding_box": {
        "bottom_right": [
          328, 
          674
        ], 
        "top_left": [
          225, 
          475
        ]
      }, 
      "class": "003_cracker_box", 
      "cuboid": [
        [
          0.4425425157959753, 
          8.746806011380835, 
          73.66137954944706
        ], 
        [
          4.99679136428869, 
          2.1380153426934667, 
          59.355408103556705
        ], 
        [
          24.86734030181338, 
          -0.23485414696461926, 
          66.77728943195868
        ], 
        [
          20.313091453320663, 
          6.373936521722749, 
          81.08326087784903
        ], 
        [
          -1.2595061561038914, 
          2.2239720112165684, 
          76.13282941940753
        ], 
        [
          3.294742692388823, 
          -4.3848186574708, 
          61.82685797351717
        ], 
        [
          23.165291629913508, 
          -6.757688147128886, 
          69.24873930191914
        ], 
        [
          18.611042781420796, 
          -0.14889747844151757, 
          83.5547107478095
        ]
      ], 
      "cuboid_centroid": [
        11.803917072854743, 
        0.9945589321259746, 
        71.4550594256831
      ], 
      "location": [
        11.803917072854743, 
        0.9945589321259746, 
        71.4550594256831
      ], 
      "pose_transform_permuted": [
        [
          0.23705413824413757, 
          0.90847272369275, 
          -0.3442130820401886, 
          0.0
        ], 
        [
          -0.2776371440512969, 
          0.4028865852366602, 
          0.8721238534058009, 
          0.0
        ], 
        [
          -0.9309795657179425, 
          0.11117423146853594, 
          -0.3477317047279579, 
          0.0
        ], 
        [
          11.803917072854743, 
          0.9945589321259746, 
          71.4550594256831, 
          1.0
        ]
      ], 
      "projected_cuboid": [
        [
          484.82784543843826, 
          336.6147428643902
        ], 
        [
          526.8683373277183, 
          292.4970107557008
        ], 
        [
          681.8561833648649, 
          271.4108656258988
        ], 
        [
          616.3184598959645, 
          315.21066796981336
        ], 
        [
          472.700551061529, 
          288.8657281291216
        ], 
        [
          510.254421693044, 
          235.46301378285708
        ], 
        [
          661.4914675811672, 
          221.2421619803911
        ], 
        [
          601.3790545058146, 
          272.3361434384233
        ]
      ], 
      "projected_cuboid_centroid": [
        570.4322323931386, 
        280.70963383194294
      ], 
      "quaternion_xyzw": [
        0.542620993294912, 
        0.6145478001390432, 
        0.5110279575227866, 
        -0.25834838031231133
      ], 
      "visibility": 0.9668695531885462
    }, 
    {
      "bounding_box": {
        "bottom_right": [
          343, 
          463
        ], 
        "top_left": [
          292, 
          403
        ]
      }, 
      "class": "005_tomato_soup_can", 
      "cuboid": [
        [
          -10.88902153507879, 
          10.235110426908514, 
          78.9519958650266
        ], 
        [
          -4.564109936079147, 
          8.162602300776205, 
          77.73643137502212
        ], 
        [
          -1.9318933748727383, 
          10.605243078523133, 
          87.26792418615868
        ], 
        [
          -8.25680497387238, 
          12.67775120465544, 
          88.48348867616318
        ], 
        [
          -12.538283007697126, 
          3.997116871904386, 
          81.00606978384506
        ], 
        [
          -6.2133714086974825, 
          1.9246087457720766, 
          79.79050529384057
        ], 
        [
          -3.5811548474910735, 
          4.367249523519004, 
          89.32199810497715
        ], 
        [
          -9.906066446490716, 
          6.439757649651313, 
          90.53756259498164
        ]
      ], 
      "cuboid_centroid": [
        -7.235088191284931, 
        7.301179975213759, 
        84.13699698500187
      ], 
      "location": [
        -7.235088191284931, 
        7.301179975213759, 
        84.13699698500187
      ], 
      "pose_transform_permuted": [
        [
          0.24356284944775353, 
          0.9212265673565071, 
          -0.3033455306813641, 
          0.0
        ], 
        [
          -0.9348218969776423, 
          0.3063166888022609, 
          0.17966042444362146, 
          0.0
        ], 
        [
          -0.2584278163806491, 
          -0.23981549683212733, 
          -0.9357903564366807, 
          0.0
        ], 
        [
          -7.235088191284931, 
          7.301179975213759, 
          84.13699698500187, 
          1.0
        ]
      ], 
      "projected_cuboid": [
        [
          407.42891278902624, 
          342.4245599754743
        ], 
        [
          450.0235320473519, 
          329.28699464814775
        ], 
        [
          469.69231999380446, 
          338.0982528332904
        ], 
        [
          431.4158128802548, 
          349.6995850840386
        ], 
        [
          398.36086884544295, 
          299.6023524592725
        ], 
        [
          439.7208137731656, 
          286.1506191184417
        ], 
        [
          460.0366891343227, 
          299.3623059322392
        ], 
        [
          422.7582187955315, 
          311.2205044700096
        ]
      ], 
      "projected_cuboid_centroid": [
        435.35379641578123, 
        319.56656223441195
      ], 
      "quaternion_xyzw": [
        0.17937952253335887, 
        0.7870805112075787, 
        0.5898433823955502, 
        0.020297296176883396
      ], 
      "visibility": 0.9774659863945578
    }, 
    {
      "bounding_box": {
        "bottom_right": [
          341, 
          589
        ], 
        "top_left": [
          281, 
          520
        ]
      }, 
      "class": "010_potted_meat_can", 
      "cuboid": [
        [
          17.94907445015491, 
          9.22127053273711, 
          84.8050484388608
        ], 
        [
          9.754128022769622, 
          8.280058538242434, 
          78.8655201990825
        ], 
        [
          8.257662595312079, 
          0.7351793871149106, 
          82.12584391179972
        ], 
        [
          16.452609022697366, 
          1.676391381609587, 
          88.06537215157803
        ], 
        [
          14.701233208288174, 
          11.636477922647503, 
          88.9034653222332
        ], 
        [
          6.506286780902886, 
          10.695265928152825, 
          82.96393708245489
        ], 
        [
          5.009821353445343, 
          3.1503867770253033, 
          86.22426079517213
        ], 
        [
          13.204767780830634, 
          4.091598771519979, 
          92.16378903495043
        ]
      ], 
      "cuboid_centroid": [
        11.479447901800127, 
        6.185828654881206, 
        85.51465461701646
      ], 
      "location": [
        11.479447901800127, 
        6.185828654881206, 
        85.51465461701646
      ], 
      "pose_transform_permuted": [
        [
          0.5638515486022587, 
          -0.4192995671838542, 
          -0.7115183700232084, 
          0.0
        ], 
        [
          0.806216296260619, 
          0.09259614506591479, 
          0.5843289521707425, 
          0.0
        ], 
        [
          0.179125182110757, 
          0.9031133143152517, 
          -0.3902569802582777, 
          0.0
        ], 
        [
          11.479447901800127, 
          6.185828654881206, 
          85.51465461701646, 
          1.0
        ]
      ], 
      "projected_cuboid": [
        [
          595.4153685004252, 
          331.277002551162
        ], 
        [
          548.107998891793, 
          329.2795417313745
        ], 
        [
          535.6686451669812, 
          278.0607423684639
        ], 
        [
          582.0635852448565, 
          283.43868213331467
        ], 
        [
          570.5226718276159, 
          343.0921584124602
        ], 
        [
          523.7701752045053, 
          342.0392390621231
        ], 
        [
          512.8423547744493, 
          292.77250338440103
        ], 
        [
          558.6452140590567, 
          296.9631877175165
        ]
      ], 
      "projected_cuboid_centroid": [
        553.7862635122896, 
        311.86499654580984
      ], 
      "quaternion_xyzw": [
        0.9247767271886602, 
        -0.023391872465230668, 
        0.3103939759231109, 
        0.21885189247333245
      ], 
      "visibility": 0.3621621621621622
    }, 
    {
      "bounding_box": {
        "bottom_right": [
          269, 
          572
        ], 
        "top_left": [
          228, 
          416
        ]
      }, 
      "class": "037_scissors", 
      "cuboid": [
        [
          -9.002717517709478, 
          -1.4487230381758027, 
          65.8776819266923
        ], 
        [
          10.112914835059913, 
          -2.508770732065403, 
          72.50551172407597
        ], 
        [
          12.523075554846324, 
          -6.231012419883594, 
          64.95892327382636
        ], 
        [
          -6.592556797923066, 
          -5.170964725993994, 
          58.331093476442696
        ], 
        [
          -8.714305428201682, 
          -0.03419898157022948, 
          65.27209972968276
        ], 
        [
          10.401326924567709, 
          -1.0942466754598295, 
          71.89992952706643
        ], 
        [
          12.81148764435412, 
          -4.816488363278021, 
          64.35334107681682
        ], 
        [
          -6.304144708415271, 
          -3.7564406693884207, 
          57.72551127943315
        ]
      ], 
      "cuboid_centroid": [
        1.9043850633223205, 
        -3.132605700726912, 
        65.11551150175457
      ], 
      "location": [
        1.9043850633223205, 
        -3.132605700726912, 
        65.11551150175457
      ], 
      "pose_transform_permuted": [
        [
          -0.18423001318588048, 
          -0.9035605478429376, 
          0.38682988750784425, 
          0.0
        ], 
        [
          -0.9435252269558998, 
          0.05232271276740479, 
          -0.3271419170653548, 
          0.0
        ], 
        [
          -0.2753525246612736, 
          0.4252532363198619, 
          0.8621716241977377, 
          0.0
        ], 
        [
          1.9043850633223205, 
          -3.132605700726912, 
          65.11551150175457, 
          1.0
        ]
      ], 
      "projected_cuboid": [
        [
          408.1072710128466, 
          261.5582508855091
        ], 
        [
          556.6032525652764, 
          254.83309176359685
        ], 
        [
          585.2696530573356, 
          222.12927152708937
        ], 
        [
          420.81919541913027, 
          226.0085497267911
        ], 
        [
          409.80161715950265, 
          273.00710792370086
        ], 
        [
          559.3921294770578, 
          265.1699350211645
        ], 
        [
          588.6553345396227, 
          233.37054413760544
        ], 
        [
          422.8684045668621, 
          238.58120012297013
        ]
      ], 
      "projected_cuboid_centroid": [
        497.32465443602933, 
        247.62936462872023
      ], 
      "quaternion_xyzw": [
        -0.15402745644652108, 
        -0.5318462338978943, 
        0.8300012576471807, 
        -0.0671775523949492
      ], 
      "visibility": 0.7798036465638148
    }, 
    {
      "bounding_box": {
        "bottom_right": [
          332, 
          518
        ], 
        "top_left": [
          288, 
          461
        ]
      }, 
      "class": "061_foam_brick", 
      "cuboid": [
        [
          5.936851655825066, 
          6.811529150149047, 
          82.73428328507009
        ], 
        [
          -1.5957760388487174, 
          7.506391637995388, 
          80.88488303202026
        ], 
        [
          -2.5127702369198106, 
          2.88308405269193, 
          82.88272686022866
        ], 
        [
          5.019857457753973, 
          2.188221564845589, 
          84.7321271132785
        ], 
        [
          4.992586681047875, 
          9.019203217895802, 
          87.40975922973162
        ], 
        [
          -2.5400410136259084, 
          9.714065705742145, 
          85.56035897668178
        ], 
        [
          -3.4570352116970016, 
          5.090758120438686, 
          87.55820280489019
        ], 
        [
          4.0755924829767824, 
          4.395895632592345, 
          89.40760305794002
        ]
      ], 
      "cuboid_centroid": [
        1.2399082220640323, 
        5.9511436352938665, 
        85.14624304498014
      ], 
      "location": [
        1.2399082220640323, 
        5.9511436352938665, 
        85.14624304498014
      ], 
      "pose_transform_permuted": [
        [
          0.17965467413215017, 
          -0.4200293093838708, 
          -0.8895502106800826, 
          0.0
        ], 
        [
          0.9672840637801416, 
          -0.08922907626081686, 
          0.23748623519399142, 
          0.0
        ], 
        [
          0.17912492294330634, 
          0.9031132549177592, 
          -0.39025723666884704, 
          0.0
        ], 
        [
          1.2399082220640323, 
          5.9511436352938665, 
          85.14624304498014, 
          1.0
        ]
      ], 
      "projected_cuboid": [
        [
          520.1859717155634, 
          317.1948398712172
        ], 
        [
          470.9875348921138, 
          322.7804051841642
        ], 
        [
          465.29358260891354, 
          291.838113725583
        ], 
        [
          513.4562801022919, 
          287.05960674069553
        ], 
        [
          512.3125578235664, 
          328.3160649254693
        ], 
        [
          465.6324018583993, 
          333.8367920365339
        ], 
        [
          460.3646878397505, 
          304.29449510987746
        ], 
        [
          506.1107224662479, 
          299.5082142847215
        ]
      ], 
      "projected_cuboid_centroid": [
        489.4280432484181, 
        310.56195178084255
      ], 
      "quaternion_xyzw": [
        0.9695292065453708, 
        -0.06919698689643476, 
        0.10756274965983216, 
        0.2089381476551731
      ], 
      "visibility": 0.14204275534441804
    }
  ]
}