{
  "camera_data": {
    "location_worldframe": [
      -11.20298922733527, 
      -1.4546929203946888, 
      71.57708064365907
    ], 
    "quaternion_xyzw_worldframe": [
      -0.8283338947726232, 
      -0.08503253856465574, 
      -0.14312219782856223, 
      0.5349318035245021
    ]
  }, 
  "objects": [
    {
      "bounding_box": {
        "bottom_right": [
          328, 
          671
        ], 
        "top_left": [
          219, 
          460
        ]
      }, 
      "class": "003_cracker_box", 
      "cuboid": [
        [
          -1.6116810811741087, 
          8.259715193001075, 
          69.20364208539992
        ], 
        [
          2.0181975873369713, 
          1.913094057268299, 
          54.51955216812841
        ], 
        [
          22.358532823756335, 
          -0.4141170622785918, 
          60.55348935884641
        ], 
        [
          18.728654155245255, 
          5.932504073454183, 
          75.23757927611791
        ], 
        [
          -3.0978300605417646, 
          1.6853420002024124, 
          71.6777835259561
        ], 
        [
          0.5320486079693141, 
          -4.661279135530362, 
          56.9936936086846
        ], 
        [
          20.872383844388683, 
          -6.988490255077254, 
          63.0276307994026
        ], 
        [
          17.242505175877596, 
          -0.641869119344478, 
          77.71172071667411
        ]
      ], 
      "cuboid_centroid": [
        9.630351381607285, 
        0.6356124689619105, 
        66.11563644240125
      ], 
      "location": [
        9.630351381607285, 
        0.6356124689619105, 
        66.11563644240125
      ], 
      "pose_transform_permuted": [
        [
          0.20698454246502895, 
          0.9156508843984057, 
          -0.34458795260565955, 
          0.0
        ], 
        [
          -0.2212854809441695, 
          0.38690414712046783, 
          0.8951747968214316, 
          0.0
        ], 
        [
          -0.9529901023115878, 
          0.10903503492639932, 
          -0.2827034242006078, 
          0.0
        ], 
        [
          9.630351381607285, 
          0.6356124689619105, 
          66.11563644240125, 
          1.0
        ]
      ], 
      "projected_cuboid": [
        [
          469.0731026309811, 
          336.94023786052094
        ], 
        [
          501.5039465553675, 
          292.0007512244776
        ], 
        [
          680.1589450956373, 
          269.63923802602466
        ], 
        [
          615.4609760083841, 
          315.33893560050655
        ], 
        [
          458.3555365454406, 
          285.82634946602576
        ], 
        [
          486.6172139541179, 
          229.66852889653887
        ], 
        [
          659.6843120530567, 
          214.1521763917444
        ], 
        [
          600.9149631894983, 
          268.8815220067243
        ]
      ], 
      "projected_cuboid_centroid": [
        559.9273511879649, 
        278.4136848296769
      ], 
      "quaternion_xyzw": [
        0.5550534898971202, 
        0.6034978041847853, 
        0.4964203267556915, 
        -0.28508399267749673
      ], 
      "visibility": 0.9862941176470589
    }, 
    {
      "bounding_box": {
        "bottom_right": [
          341, 
          456
        ], 
        "top_left": [
          289, 
          388
        ]
      }, 
      "class": "005_tomato_soup_can", 
      "cuboid": [
        [
          -12.572578397509005, 
          9.572744952357013, 
          75.26531539146083
        ], 
        [
          -6.32909286391247, 
          7.571025090281632, 
          73.59516579248825
        ], 
        [
          -3.080085403979381, 
          9.885380075873307, 
          82.96704525868476
        ], 
        [
          -9.323570937575914, 
          11.887099937948689, 
          84.63719485765733
        ], 
        [
          -14.036096677655873, 
          3.2901376785928838, 
          77.32415165222282
        ], 
        [
          -7.792611144059341, 
          1.2884178165175015, 
          75.65400205325025
        ], 
        [
          -4.5436036841262535, 
          3.6027728021091763, 
          85.02588151944676
        ], 
        [
          -10.787089217722787, 
          5.6044926641845585, 
          86.69603111841934
        ]
      ], 
      "cuboid_centroid": [
        -8.558091040817628, 
        6.587758877233095, 
        80.1455984554538
      ], 
      "location": [
        -8.558091040817628, 
        6.587758877233095, 
        80.1455984554538
      ], 
      "pose_transform_permuted": [
        [
          0.21613230433712907, 
          0.927815119048311, 
          -0.30404883309463887, 
          0.0
        ], 
        [
          -0.9227871249919596, 
          0.29585418379271783, 
          0.24684810086435496, 
          0.0
        ], 
        [
          -0.31898359566969775, 
          -0.2272205539889181, 
          -0.9201197126127665, 
          0.0
        ], 
        [
          -8.558091040817628, 
          6.587758877233095, 
          80.1455984554538, 
          1.0
        ]
      ], 
      "projected_cuboid": [
        [
          391.7671090729335, 
          341.1176806696907
        ], 
        [
          435.3500313976989, 
          328.1512278268573
        ], 
        [
          461.6330087170986, 
          336.83064474232094
        ], 
        [
          422.3573816824904, 
          348.1900504936647
        ], 
        [
          383.9806377229277, 
          295.9792519372876
        ], 
        [
          426.2056058080415, 
          282.36918310537385
        ], 
        [
          452.860094802515, 
          295.8847075592684
        ], 
        [
          414.68618098968983, 
          307.7631530350812
        ]
      ], 
      "projected_cuboid_centroid": [
        424.1736608138867, 
        317.124014850371
      ], 
      "quaternion_xyzw": [
        0.1962403320345574, 
        0.7832714267856827, 
        0.5898130483466193, 
        -0.009803688567216908
      ], 
      "visibility": 0.9282854022570076
    }, 
    {
      "bounding_box": {
        "bottom_right": [
          342, 
          587
        ], 
        "top_left": [
          278, 
          515
        ]
      }, 
      "class": "010_potted_meat_can", 
      "cuboid": [
        [
          16.599865108917832, 
          8.701863369438193, 
          79.15501222533041
        ], 
        [
          8.0314148626688, 
          7.78718849221896, 
          73.76371804638244
        ], 
        [
          6.810583011756704, 
          0.18025453942234967, 
          76.99457649608112
        ], 
        [
          15.379033258005737, 
          1.0949294166415817, 
          82.38587067502911
        ], 
        [
          13.61759916143015, 
          11.026098897030467, 
          83.50043964381221
        ], 
        [
          5.049148915181117, 
          10.111424019811235, 
          78.10914546486424
        ], 
        [
          3.8283170642690214, 
          2.504490067014626, 
          81.34000391456293
        ], 
        [
          12.396767310518053, 
          3.419164944233858, 
          86.73129809351092
        ]
      ], 
      "cuboid_centroid": [
        10.214091086593427, 
        5.6031767182264085, 
        80.24750806994668
      ], 
      "location": [
        10.214091086593427, 
        5.6031767182264085, 
        80.24750806994668
      ], 
      "pose_transform_permuted": [
        [
          0.5177455262155052, 
          -0.4035061149713258, 
          -0.7544013998176257, 
          0.0
        ], 
        [
          0.8429614865009415, 
          0.08998543167165177, 
          0.5303938547392925, 
          0.0
        ], 
        [
          0.1461321615647189, 
          0.9105412023545412, 
          -0.38673002232975145, 
          0.0
        ], 
        [
          10.214091086593427, 
          5.6031767182264085, 
          80.24750806994668, 
          1.0
        ]
      ], 
      "projected_cuboid": [
        [
          594.3733786045301, 
          331.9167373147367
        ], 
        [
          540.1489702339156, 
          329.5887449571455
        ], 
        [
          529.1651791119209, 
          274.53511002643285
        ], 
        [
          581.9818881055052, 
          280.3744924486338
        ], 
        [
          569.2978628996251, 
          343.71053206879907
        ], 
        [
          516.3593314699617, 
          342.32609041051916
        ], 
        [
          506.907261721463, 
          289.70765347584177
        ], 
        [
          558.4613100912671, 
          294.31133137131565
        ]
      ], 
      "projected_cuboid_centroid": [
        550.0449348885019, 
        310.52487651269627
      ], 
      "quaternion_xyzw": [
        0.9364699793203608, 
        -0.014988929472628525, 
        0.2798112603981925, 
        0.21096141754447587
      ], 
      "visibility": 0.36337736337736337
    }, 
    {
      "bounding_box": {
        "bottom_right": [
          265, 
          560
        ], 
        "top_left": [
          221, 
          386
        ]
      }, 
      "class": "037_scissors", 
      "cuboid": [
        [
          -11.486058716536682, 
          -1.8891074030937285, 
          61.90664702802263
        ], 
        [
          8.038489846608975, 
          -2.897424140194027, 
          67.22026443480883
        ], 
        [
          9.962681978644023, 
          -6.4812554238749325, 
          59.46987134256517
        ], 
        [
          -9.561866584501635, 
          -5.472938686774633, 
          54.15625393577898
        ], 
        [
          -11.248956293826534, 
          -0.4629710088508033, 
          61.306058097400516
        ], 
        [
          8.275592269319123, 
          -1.4712877459511018, 
          66.61967550418672
        ], 
        [
          10.19978440135417, 
          -5.0551190296320065, 
          58.86928241194306
        ], 
        [
          -9.324764161791489, 
          -4.046802292531708, 
          53.55566500515686
        ]
      ], 
      "cuboid_centroid": [
        -0.6431371575912566, 
        -3.4721132163628674, 
        60.38796471998285
      ], 
      "location": [
        -0.6431371575912566, 
        -3.4721132163628674, 
        60.38796471998285
      ], 
      "pose_transform_permuted": [
        [
          -0.15145475537048972, 
          -0.9109782019353828, 
          0.38364032103035306, 
          0.0
        ], 
        [
          -0.9637088522255769, 
          0.04976933332148758, 
          -0.2622739325162019, 
          0.0
        ], 
        [
          -0.21983229464305692, 
          0.4094403264563377, 
          0.8854555995152517, 
          0.0
        ], 
        [
          -0.6431371575912566, 
          -3.4721132163628674, 
          60.38796471998285, 
          1.0
        ]
      ], 
      "projected_cuboid": [
        [
          381.82120688501846, 
          257.012066318846
        ], 
        [
          545.9052153769052, 
          250.29863325194853
        ], 
        [
          571.6859118881058, 
          215.1633175497698
        ], 
        [
          386.6490729148532, 
          219.39017021173763
        ], 
        [
          382.9235591676575, 
          269.25901585518227
        ], 
        [
          548.3988917723294, 
          261.50823732990864
        ], 
        [
          574.7709080997655, 
          227.49026081776265
        ], 
        [
          387.9650949635484, 
          232.98755352066485
        ]
      ], 
      "projected_cuboid_centroid": [
        475.869834825879, 
        242.62238193875098
      ], 
      "quaternion_xyzw": [
        -0.12459018687223428, 
        -0.5409777701652395, 
        0.8301791221947629, 
        -0.051212731317540894
      ], 
      "visibility": 0.8074204946996466
    }, 
    {
      "bounding_box": {
        "bottom_right": [
          331, 
          511
        ], 
        "top_left": [
          285, 
          453
        ]
      }, 
      "class": "061_foam_brick", 
      "cuboid": [
        [
          4.493045811060405, 
          6.22727654533371, 
          77.85540568455541
        ], 
        [
          -3.1514835316750056, 
          6.889767366610071, 
          76.52654444298605
        ], 
        [
          -3.8995899206655036, 
          2.2284235443076224, 
          78.5063024965283
        ], 
        [
          3.7449394220699075, 
          1.5659327230312616, 
          79.83516373809765
        ], 
        [
          3.8493020452079523, 
          8.353676235424967, 
          82.6187610946636
        ], 
        [
          -3.7952272975274584, 
          9.016167056701327, 
          81.28989985309425
        ], 
        [
          -4.543333686517957, 
          4.35482323439888, 
          83.2696579066365
        ], 
        [
          3.1011956562174543, 
          3.6923324131225193, 
          84.59851914820584
        ]
      ], 
      "cuboid_centroid": [
        -0.025143937728775573, 
        5.291049889866295, 
        80.56253179559594
      ], 
      "location": [
        -0.025143937728775573, 
        5.291049889866295, 
        80.56253179559594
      ], 
      "pose_transform_permuted": [
        [
          0.12247788445834795, 
          -0.4045661478529274, 
          -0.9062700479603478, 
          0.0
        ], 
        [
          0.9816536417372841, 
          -0.08507214743592784, 
          0.1706424841432161, 
          0.0
        ], 
        [
          0.14613451160672325, 
          0.9105432234342767, 
          -0.3867243757191696, 
          0.0
        ], 
        [
          -0.025143937728775573, 
          5.291049889866295, 
          80.56253179559594, 
          1.0
        ]
      ], 
      "projected_cuboid": [
        [
          512.6315020630574, 
          315.9441865062525
        ], 
        [
          459.45110056382316, 
          321.3018754940834
        ], 
        [
          454.8850845047075, 
          288.4249648081409
        ], 
        [
          506.8227162550769, 
          283.7473743850632
        ], 
        [
          506.65210632348794, 
          327.21108331223314
        ], 
        [
          456.4901778004809, 
          332.43900913924455
        ], 
        [
          452.2557527275494, 
          301.17800013632575
        ], 
        [
          501.3103153113161, 
          296.5634605957193
        ]
      ], 
      "projected_cuboid_centroid": [
        481.429230479908, 
        308.3130007664031
      ], 
      "quaternion_xyzw": [
        0.9744828004038744, 
        -0.05931522314884047, 
        0.07519895899652625, 
        0.2030026910798597
      ], 
      "visibility": 0.09312445604873804
    }
  ]
}