{
  "camera_data": {
    "location_worldframe": [
      -22.970632536314454, 
      12.468448678405638, 
      76.24605856639836
    ], 
    "quaternion_xyzw_worldframe": [
      0.9321942134076279, 
      0.03750593962697463, 
      -0.12632409832381725, 
      -0.3371201954352668
    ]
  }, 
  "objects": [
    {
      "bounding_box": {
        "bottom_right": [
          449, 
          512
        ], 
        "top_left": [
          302, 
          297
        ]
      }, 
      "class": "003_cracker_box", 
      "cuboid": [
        [
          -18.016891857052318, 
          19.990688678721703, 
          65.71644498534901
        ], 
        [
          -19.643913513357607, 
          7.469558828230145, 
          55.24494922379712
        ], 
        [
          1.199579837899646, 
          8.504168834809466, 
          50.76924657541038
        ], 
        [
          2.8266014942049305, 
          21.02529868530102, 
          61.24074233696227
        ], 
        [
          -16.645448676744756, 
          15.365302525867335, 
          71.0340895837698
        ], 
        [
          -18.272470333050038, 
          2.844172675375782, 
          60.562593822217906
        ], 
        [
          2.571023018207212, 
          3.8787826819551023, 
          56.086891173831155
        ], 
        [
          4.198044674512497, 
          16.39991253244666, 
          66.55838693538306
        ]
      ], 
      "cuboid_centroid": [
        -7.722934419422554, 
        11.9347356803384, 
        60.90166807959009
      ], 
      "location": [
        -7.722934419422554, 
        11.9347356803384, 
        60.90166807959009
      ], 
      "pose_transform_permuted": [
        [
          -0.1910088040524236, 
          0.6442042149636971, 
          -0.7406190425566099, 
          0.0
        ], 
        [
          0.09918686066434712, 
          0.7633159380687888, 
          0.6383656831015562, 
          0.0
        ], 
        [
          -0.976564182962909, 
          -0.04847378789791201, 
          0.20969665815366254, 
          0.0
        ], 
        [
          -7.722934419422554, 
          11.9347356803384, 
          60.90166807959009, 
          1.0
        ]
      ], 
      "projected_cuboid": [
        [
          334.1631025221974, 
          435.52029478031375
        ], 
        [
          290.3797722224281, 
          345.39560961088404
        ], 
        [
          494.3034005385544, 
          362.6209300422055
        ], 
        [
          506.41787497201943, 
          456.38692349269576
        ], 
        [
          355.5825961746423, 
          388.64828593106273
        ], 
        [
          319.3471316120553, 
          298.3325753118526
        ], 
        [
          506.2481709865048, 
          310.16914494819343
        ], 
        [
          515.515519890377, 
          404.6958902594429
        ]
      ], 
      "projected_cuboid_centroid": [
        413.4032679556419, 
        377.79973867041565
      ], 
      "quaternion_xyzw": [
        0.6692032791542203, 
        0.6499819170158072, 
        0.16712294043692127, 
        -0.31899906191306004
      ], 
      "visibility": 0.9671076153021094
    }, 
    {
      "bounding_box": {
        "bottom_right": [
          471, 
          391
        ], 
        "top_left": [
          396, 
          308
        ]
      }, 
      "class": "005_tomato_soup_can", 
      "cuboid": [
        [
          -25.252258298501683, 
          23.909058237345164, 
          75.25096259021814
        ], 
        [
          -20.058490002041406, 
          21.420700297851003, 
          71.69987270892182
        ], 
        [
          -13.760585502534889, 
          27.94346190478509, 
          76.34038918202606
        ], 
        [
          -18.954353798995164, 
          30.43181984427925, 
          79.89147906332238
        ], 
        [
          -24.110921236046863, 
          19.343355730564884, 
          80.11959247867277
        ], 
        [
          -18.917152939586586, 
          16.854997791070726, 
          76.56850259737645
        ], 
        [
          -12.619248440080067, 
          23.377759398004812, 
          81.2090190704807
        ], 
        [
          -17.813016736540344, 
          25.866117337498974, 
          84.76010895177701
        ]
      ], 
      "cuboid_centroid": [
        -18.935753369290875, 
        23.643408817674988, 
        78.22999083034942
      ], 
      "location": [
        -18.935753369290875, 
        23.643408817674988, 
        78.22999083034942
      ], 
      "pose_transform_permuted": [
        [
          -0.1685525986795153, 
          0.6742627113678401, 
          -0.7189990115126668, 
          0.0
        ], 
        [
          -0.7676389235427804, 
          0.36777928876116145, 
          0.5248510634830961, 
          0.0
        ], 
        [
          -0.6183205939694364, 
          -0.6403967909384058, 
          -0.45560025595808873, 
          0.0
        ], 
        [
          -18.935753369290875, 
          23.643408817674988, 
          78.22999083034942, 
          1.0
        ]
      ], 
      "projected_cuboid": [
        [
          301.1375053384551, 
          442.73512088651404
        ], 
        [
          331.1542054341225, 
          432.61846595377585
        ], 
        [
          384.66348222216834, 
          468.50162157086424
        ], 
        [
          354.0118801233082, 
          476.4356806030972
        ], 
        [
          319.76417060340344, 
          402.0464342340546
        ], 
        [
          348.7361168122861, 
          390.68599195211294
        ], 
        [
          398.0327332631594, 
          426.8140284046175
        ], 
        [
          368.58164748351794, 
          436.0388879641292
        ]
      ], 
      "projected_cuboid_centroid": [
        351.4300231366496, 
        434.4714339726992
      ], 
      "quaternion_xyzw": [
        0.2788204086719582, 
        0.884171183368053, 
        0.3194695180581343, 
        -0.19606035437652602
      ], 
      "visibility": 0.45580037164852666
    }, 
    {
      "bounding_box": {
        "bottom_right": [
          498, 
          506
        ], 
        "top_left": [
          406, 
          414
        ]
      }, 
      "class": "010_potted_meat_can", 
      "cuboid": [
        [
          1.9905373612004236, 
          25.300356593185835, 
          64.1686594412221
        ], 
        [
          -7.556617010259176, 
          21.84353398235828, 
          64.64114597247006
        ], 
        [
          -5.377773597061488, 
          16.671830898638497, 
          70.82988166621308
        ], 
        [
          4.169380774398112, 
          20.128653509466048, 
          70.35739513496512
        ], 
        [
          0.7051616508425513, 
          29.37794270803402, 
          68.02868809108719
        ], 
        [
          -8.841992720617048, 
          25.92112009720647, 
          68.50117462233517
        ], 
        [
          -6.663149307419361, 
          20.749417013486685, 
          74.68991031607818
        ], 
        [
          2.8840050640402395, 
          24.206239624314236, 
          74.21742378483023
        ]
      ], 
      "cuboid_centroid": [
        -2.3363059731094684, 
        23.02488680333626, 
        69.42928487865015
      ], 
      "location": [
        -2.3363059731094684, 
        23.02488680333626, 
        69.42928487865015
      ], 
      "pose_transform_permuted": [
        [
          0.2231516354550783, 
          -0.7079019798685579, 
          -0.6701322416315417, 
          0.0
        ], 
        [
          0.9392460957969182, 
          0.3400811398617728, 
          -0.046483078886618685, 
          0.0
        ], 
        [
          -0.2608050383382026, 
          0.6190468818701479, 
          -0.740784509843622, 
          0.0
        ], 
        [
          -2.3363059731094684, 
          23.02488680333626, 
          69.42928487865015, 
          1.0
        ]
      ], 
      "projected_cuboid": [
        [
          498.27872302590293, 
          483.56326418792287
        ], 
        [
          418.73189765204927, 
          453.50587449223116
        ], 
        [
          440.76722344859337, 
          398.81849845346636
        ], 
        [
          513.4649765687032, 
          425.86474356838323
        ], 
        [
          487.1713433351286, 
          503.59866951182727
        ], 
        [
          412.1835801083409, 
          475.0968141086402
        ], 
        [
          433.62269174183933, 
          421.44671632208104
        ], 
        [
          502.4939700216029, 
          447.2303502054701
        ]
      ], 
      "projected_cuboid_centroid": [
        463.5012282955399, 
        450.15171892029497
      ], 
      "quaternion_xyzw": [
        0.8983909532183925, 
        0.16721177346214444, 
        0.04916249321510942, 
        0.4031336481412715
      ], 
      "visibility": 0.577359769530588
    }, 
    {
      "bounding_box": {
        "bottom_right": [
          341, 
          406
        ], 
        "top_left": [
          283, 
          243
        ]
      }, 
      "class": "037_scissors", 
      "cuboid": [
        [
          -27.275996594634606, 
          7.489549941062173, 
          69.14251948907157
        ], 
        [
          -7.772292501501477, 
          9.333829381474208, 
          63.97885904556576
        ], 
        [
          -8.566962643746034, 
          2.5192231036221746, 
          58.54336497804453
        ], 
        [
          -28.07066673687916, 
          0.6749436632101411, 
          63.70702542155035
        ], 
        [
          -27.675133917026283, 
          8.461648875478243, 
          67.98213046076849
        ], 
        [
          -8.171429823893156, 
          10.305928315890277, 
          62.818470017262676
        ], 
        [
          -8.966099966137714, 
          3.4913220380382444, 
          57.38297594974144
        ], 
        [
          -28.469804059270842, 
          1.6470425976262095, 
          62.546636393247255
        ]
      ], 
      "cuboid_centroid": [
        -18.12104828038616, 
        5.490435989550209, 
        63.26274771940651
      ], 
      "location": [
        -18.12104828038616, 
        5.490435989550209, 
        63.26274771940651
      ], 
      "pose_transform_permuted": [
        [
          0.2549583628504889, 
          -0.6209510836077909, 
          0.741225814596968, 
          0.0
        ], 
        [
          -0.9626799935963463, 
          -0.0910314733759128, 
          0.2548722324206127, 
          0.0
        ], 
        [
          0.09078831471428336, 
          0.7785451931792375, 
          0.620986393972092, 
          0.0
        ], 
        [
          -18.12104828038616, 
          5.490435989550209, 
          63.26274771940651, 
          1.0
        ]
      ], 
      "projected_cuboid": [
        [
          269.4548210690315, 
          331.0559638314447
        ], 
        [
          416.26831355117446, 
          351.09214548020515
        ], 
        [
          402.90319400035526, 
          296.2362098365254
        ], 
        [
          244.64683594023668, 
          278.9367888092737
        ], 
        [
          262.67643351178833, 
          339.66814474521414
        ], 
        [
          411.6446978969377, 
          360.78235556680295
        ], 
        [
          397.57134784961323, 
          305.7350191420081
        ], 
        [
          236.81913857359189, 
          287.33045980176144
        ]
      ], 
      "projected_cuboid_centroid": [
        327.55937580337564, 
        319.57218220230004
      ], 
      "quaternion_xyzw": [
        0.13660084670401576, 
        -0.3327570227531179, 
        0.9330663161550405, 
        -6.515042323879023e-05
      ], 
      "visibility": 0.6860759493670886
    }, 
    {
      "bounding_box": {
        "bottom_right": [
          464, 
          436
        ], 
        "top_left": [
          408, 
          367
        ]
      }, 
      "class": "061_foam_brick", 
      "cuboid": [
        [
          -8.490812685447601, 
          22.376959538956232, 
          70.1672974675331
        ], 
        [
          -15.868529272862059, 
          22.247429336614783, 
          72.6564971465533
        ], 
        [
          -14.533389969083089, 
          19.07834266850368, 
          76.44879514104636
        ], 
        [
          -7.155673381668631, 
          19.20787287084513, 
          73.95959546202616
        ], 
        [
          -7.5155447858449, 
          26.503854440727153, 
          73.2726360054131
        ], 
        [
          -14.893261373259357, 
          26.374324238385704, 
          75.76183568443331
        ], 
        [
          -13.558122069480385, 
          23.2052375702746, 
          79.55413367892636
        ], 
        [
          -6.180405482065929, 
          23.33476777261605, 
          77.06493399990616
        ]
      ], 
      "cuboid_centroid": [
        -11.024467377463994, 
        22.791098554615417, 
        74.86071557322973
      ], 
      "location": [
        -11.024467377463994, 
        22.791098554615417, 
        74.86071557322973
      ], 
      "pose_transform_permuted": [
        [
          -0.18555325186769, 
          -0.7851778669755605, 
          -0.5908178297352192, 
          0.0
        ], 
        [
          0.9473915307321541, 
          0.016633305877004068, 
          -0.3196445222940441, 
          0.0
        ], 
        [
          -0.2608050578848332, 
          0.6190468886500529, 
          -0.7407844972961958, 
          0.0
        ], 
        [
          -11.024467377463994, 
          22.791098554615417, 
          74.86071557322973, 
          1.0
        ]
      ], 
      "projected_cuboid": [
        [
          416.52325681647494, 
          443.36677713380817
        ], 
        [
          364.1468149097424, 
          436.58906709318666
        ], 
        [
          379.3647949668722, 
          406.3802478403058
        ], 
        [
          429.56780037055387, 
          411.793714624162
        ], 
        [
          426.4388302269933, 
          466.1965433170297
        ], 
        [
          375.8834205079431, 
          458.9465537686003
        ], 
        [
          389.94790065791943, 
          428.85114607978926
        ], 
        [
          438.4698060153931, 
          434.7722874132354
        ]
      ], 
      "projected_cuboid_centroid": [
        402.4025032261978, 
        435.65393038593163
      ], 
      "quaternion_xyzw": [
        0.8884334878196323, 
        0.07806953687740838, 
        -0.14215970612543433, 
        0.42939690623794724
      ], 
      "visibility": 0.4096191091026469
    }
  ]
}