{
  "camera_data": {
    "location_worldframe": [
      -14.864685784641546, 
      11.208279880716443, 
      75.31757117247909
    ], 
    "quaternion_xyzw_worldframe": [
      0.8676400958641046, 
      0.01563565199724665, 
      -0.00947204000124985, 
      -0.4968595861026732
    ]
  }, 
  "objects": [
    {
      "bounding_box": {
        "bottom_right": [
          425, 
          606
        ], 
        "top_left": [
          325, 
          405
        ]
      }, 
      "class": "003_cracker_box", 
      "cuboid": [
        [
          -7.0499221992332854, 
          20.698921222884024, 
          68.9258420996548
        ], 
        [
          -8.08430823235876, 
          12.754801483797399, 
          54.61154425474862
        ], 
        [
          13.200693925136422, 
          11.374023571817615, 
          53.8397394480716
        ], 
        [
          14.235079958261899, 
          19.31814331090424, 
          68.15403729297778
        ], 
        [
          -7.3295141670036505, 
          14.434286429857563, 
          72.42278029992418
        ], 
        [
          -8.363900200129125, 
          6.490166690770936, 
          58.108482455018006
        ], 
        [
          12.921101957366057, 
          5.109388778791154, 
          57.33667764834098
        ], 
        [
          13.955487990491534, 
          13.053508517877779, 
          71.65097549324716
        ]
      ], 
      "cuboid_centroid": [
        2.935589879066386, 
        12.904155000837589, 
        63.13125987399789
      ], 
      "location": [
        2.935589879066386, 
        12.904155000837589, 
        63.13125987399789
      ], 
      "pose_transform_permuted": [
        [
          0.03894038641433495, 
          0.8725118304739615, 
          -0.4870387581998783, 
          0.0
        ], 
        [
          0.06305847432525646, 
          0.48429121678133813, 
          0.8726314492179515, 
          0.0
        ], 
        [
          -0.9972498559145915, 
          0.06469252685920002, 
          0.036160777741890915, 
          0.0
        ], 
        [
          2.935589879066386, 
          12.904155000837589, 
          63.13125987399789, 
          1.0
        ]
      ], 
      "projected_cuboid": [
        [
          426.5931058372064, 
          433.44620672687034
        ], 
        [
          401.9902728564505, 
          397.84601535197396
        ], 
        [
          613.448713943045, 
          385.9540503521293
        ], 
        [
          593.9178368421744, 
          424.4550460761631
        ], 
        [
          427.1729090457267, 
          379.5802702886525
        ], 
        [
          404.19348900432044, 
          332.85328018491026
        ], 
        [
          602.7848321380674, 
          320.81173835102925
        ], 
        [
          586.3375732159745, 
          370.4476955756076
        ]
      ], 
      "projected_cuboid_centroid": [
        506.60297919772563, 
        382.2981208321219
      ], 
      "quaternion_xyzw": [
        0.6353718909788847, 
        0.5829424836584272, 
        0.35867648875207353, 
        -0.35753572872727635
      ], 
      "visibility": 0.9588616511693435
    }, 
    {
      "bounding_box": {
        "bottom_right": [
          430, 
          452
        ], 
        "top_left": [
          377, 
          376
        ]
      }, 
      "class": "005_tomato_soup_can", 
      "cuboid": [
        [
          -15.496561353431549, 
          22.568797742478424, 
          78.07852344639508
        ], 
        [
          -10.045016540536263, 
          20.46255188219121, 
          74.66945007868621
        ], 
        [
          -4.043640617595064, 
          23.873599187285947, 
          82.15895316746968
        ], 
        [
          -9.49518543049035, 
          25.979845047573157, 
          85.56802653517856
        ], 
        [
          -15.90396350953257, 
          16.54667692046178, 
          81.14771404809194
        ], 
        [
          -10.452418696637283, 
          14.440431060174566, 
          77.73864068038307
        ], 
        [
          -4.451042773696083, 
          17.8514783652693, 
          85.22814376916654
        ], 
        [
          -9.90258758659137, 
          19.957724225556518, 
          88.6372171368754
        ]
      ], 
      "cuboid_centroid": [
        -9.973802063563816, 
        20.210138053873862, 
        81.65333360778081
      ], 
      "location": [
        -9.973802063563816, 
        20.210138053873862, 
        81.65333360778081
      ], 
      "pose_transform_permuted": [
        [
          0.06016512945857538, 
          0.889346493252167, 
          -0.4532579101970828, 
          0.0
        ], 
        [
          -0.8057382911494642, 
          0.31130312571110325, 
          0.5038610236136131, 
          0.0
        ], 
        [
          -0.5892077794443596, 
          -0.3348924703302956, 
          -0.7353102922972846, 
          0.0
        ], 
        [
          -9.973802063563816, 
          20.210138053873862, 
          81.65333360778081, 
          1.0
        ]
      ], 
      "projected_cuboid": [
        [
          374.86486249982664, 
          427.4439332984211
        ], 
        [
          409.25358126421935, 
          419.4384063684129
        ], 
        [
          455.1297841528977, 
          428.25757250040465
        ], 
        [
          421.92327185068433, 
          435.21104053995094
        ], 
        [
          376.2018720059227, 
          382.034725673554
        ], 
        [
          409.2915254914194, 
          372.353933634616
        ], 
        [
          453.51232456728667, 
          384.9931008574232
        ], 
        [
          421.51784438137764, 
          393.3697886613615
        ]
      ], 
      "projected_cuboid_centroid": [
        415.9101995852854, 
        405.2892612811025
      ], 
      "quaternion_xyzw": [
        0.27956533176660436, 
        0.805277696151589, 
        0.5043778044870931, 
        -0.1377462384328581
      ], 
      "visibility": 0.4498893455580145
    }, 
    {
      "bounding_box": {
        "bottom_right": [
          445, 
          575
        ], 
        "top_left": [
          375, 
          500
        ]
      }, 
      "class": "010_potted_meat_can", 
      "cuboid": [
        [
          13.362601430947818, 
          22.49290992894043, 
          72.24158066996962
        ], 
        [
          3.5625121364281935, 
          20.865698659058467, 
          70.08949889177659
        ], 
        [
          3.8296328888850915, 
          13.665195060341912, 
          74.31746711787261
        ], 
        [
          13.629722183404716, 
          15.292406330223878, 
          76.46954889606565
        ], 
        [
          11.84483354937635, 
          25.264439654373422, 
          77.05756697157717
        ], 
        [
          2.0447442548567256, 
          23.637228384491454, 
          74.90548519338415
        ], 
        [
          2.3118650073136235, 
          16.436724785774903, 
          79.13345341948018
        ], 
        [
          12.111954301833249, 
          18.063936055656868, 
          81.2855351976732
        ]
      ], 
      "cuboid_centroid": [
        7.837233219130721, 
        19.464817357357667, 
        75.6875170447249
      ], 
      "location": [
        7.837233219130721, 
        19.464817357357667, 
        75.6875170447249
      ], 
      "pose_transform_permuted": [
        [
          0.2634967988616842, 
          -0.4811600110060756, 
          -0.8360942336725533, 
          0.0
        ], 
        [
          0.964129755338971, 
          0.16008454171876163, 
          0.21172114007563306, 
          0.0
        ], 
        [
          -0.03197404534142628, 
          0.8618919587073836, 
          -0.5060829101442316, 
          0.0
        ], 
        [
          7.837233219130721, 
          19.464817357357667, 
          75.6875170447249, 
          1.0
        ]
      ], 
      "projected_cuboid": [
        [
          581.067847127519, 
          439.3392355602861
        ], 
        [
          508.9305622926504, 
          432.05619516797583
        ], 
        [
          509.308438308849, 
          371.35118437169507
        ], 
        [
          577.4466493594173, 
          379.93996915053674
        ], 
        [
          564.2589741069136, 
          448.14308945408817
        ], 
        [
          496.2767669069706, 
          441.58124639688197
        ], 
        [
          497.30771689984135, 
          384.0617769310143
        ], 
        [
          561.7266172953111, 
          391.8051750821836
        ]
      ], 
      "projected_cuboid_centroid": [
        537.2810469880403, 
        410.4421573604432
      ], 
      "quaternion_xyzw": [
        0.9568327894306963, 
        0.05018081246318399, 
        0.1241643117236989, 
        0.25794551881361233
      ], 
      "visibility": 0.34286934244235695
    }, 
    {
      "bounding_box": {
        "bottom_right": [
          360, 
          495
        ], 
        "top_left": [
          323, 
          313
        ]
      }, 
      "class": "037_scissors", 
      "cuboid": [
        [
          -18.25326997063951, 
          9.6653642844368, 
          66.37758630305339
        ], 
        [
          1.9629649273210357, 
          9.502542660878103, 
          65.05979843999084
        ], 
        [
          1.4362546886245955, 
          5.077160272418362, 
          57.52630508328465
        ], 
        [
          -18.779980209335957, 
          5.239981895977061, 
          58.84409294634718
        ], 
        [
          -18.29392265500946, 
          11.015982829116547, 
          65.5870380480773
        ], 
        [
          1.9223122429510895, 
          10.853161205557848, 
          64.26925018501477
        ], 
        [
          1.3956020042546493, 
          6.427778817098109, 
          56.73575682830856
        ], 
        [
          -18.820632893705902, 
          6.590600440656807, 
          58.05354469137111
        ]
      ], 
      "cuboid_centroid": [
        -8.428833983192433, 
        8.046571550767455, 
        61.55667156568098
      ], 
      "location": [
        -8.428833983192433, 
        8.046571550767455, 
        61.55667156568098
      ], 
      "pose_transform_permuted": [
        [
          0.025967859358108844, 
          -0.8627393973674569, 
          0.504981312284351, 
          0.0
        ], 
        [
          -0.997849679690485, 
          0.008036684661352194, 
          0.0650444656828567, 
          0.0
        ], 
        [
          0.060174822699317385, 
          0.5055846289627994, 
          0.8606755550608328, 
          0.0
        ], 
        [
          -8.428833983192433, 
          8.046571550767455, 
          61.55667156568098, 
          1.0
        ]
      ], 
      "projected_cuboid": [
        [
          333.71655182939, 
          350.9441983223625
        ], 
        [
          497.8223254362195, 
          351.182446245584
        ], 
        [
          495.0233806191009, 
          320.35629148392553
        ], 
        [
          309.9707068556378, 
          320.7778802837948
        ], 
        [
          331.6007643217625, 
          362.8627644049909
        ], 
        [
          497.6817496121352, 
          363.3483232609367
        ], 
        [
          494.825138727607, 
          333.7080518747801
        ], 
        [
          307.2569970742821, 
          333.83230307717275
        ]
      ], 
      "projected_cuboid_centroid": [
        407.96209968569843, 
        343.0010640638466
      ], 
      "quaternion_xyzw": [
        0.02623622193562709, 
        -0.49681070293209945, 
        0.8672392433662172, 
        0.019663405421987253
      ], 
      "visibility": 0.7589760638297872
    }
  ]
}