{
  "camera_data": {
    "location_worldframe": [
      -19.387035885215415, 
      8.93641025365704, 
      79.80215890613142
    ], 
    "quaternion_xyzw_worldframe": [
      0.9379041725136127, 
      0.03431988950682826, 
      -0.11267702840732634, 
      -0.3262855267626891
    ]
  }, 
  "objects": [
    {
      "bounding_box": {
        "bottom_right": [
          404, 
          541
        ], 
        "top_left": [
          267, 
          345
        ]
      }, 
      "class": "003_cracker_box", 
      "cuboid": [
        [
          -14.069146667931937, 
          16.141274268660098, 
          69.22829072053736
        ], 
        [
          -15.594070205709299, 
          3.3938893071991494, 
          59.01766387712526
        ], 
        [
          5.368147725392296, 
          4.059636625010882, 
          55.05587803432348
        ], 
        [
          6.893071263169658, 
          16.807021586471834, 
          65.26650487773558
        ], 
        [
          -12.894057130647557, 
          11.62797897680456, 
          74.68738659099266
        ], 
        [
          -14.418980668424918, 
          -1.1194059846563909, 
          64.47675974758054
        ], 
        [
          6.5432372626766755, 
          -0.4536586668446585, 
          60.51497390477878
        ], 
        [
          8.068160800454036, 
          12.293726294616292, 
          70.72560074819087
        ]
      ], 
      "cuboid_centroid": [
        -3.7629547026276313, 
        7.843807800907721, 
        64.87163231265806
      ], 
      "location": [
        -3.7629547026276313, 
        7.843807800907721, 
        64.87163231265806
      ], 
      "pose_transform_permuted": [
        [
          -0.1636614993563702, 
          0.6285926740613683, 
          -0.7603197772942664, 
          0.0
        ], 
        [
          0.09296273216717793, 
          0.7771089531029458, 
          0.6224625333586404, 
          0.0
        ], 
        [
          -0.982126694503534, 
          -0.03119174768462446, 
          0.1856185088291048, 
          0.0
        ], 
        [
          -3.7629547026276313, 
          7.843807800907721, 
          64.87163231265806, 
          1.0
        ]
      ], 
      "projected_cuboid": [
        [
          372.30821102702106, 
          397.6353782491199
        ], 
        [
          339.50520546159487, 
          303.9557904007268
        ], 
        [
          534.0310106308318, 
          312.61174339051695
        ], 
        [
          538.3925985284316, 
          410.6236569774201
        ], 
        [
          388.7572967539169, 
          356.31834809139224
        ], 
        [
          361.3365441095735, 
          264.0273702522655
        ], 
        [
          539.7432985981264, 
          269.2884357681835
        ], 
        [
          542.9435479356055, 
          365.9896739563194
        ]
      ], 
      "projected_cuboid_centroid": [
        450.4034399729768, 
        337.7716782148871
      ], 
      "quaternion_xyzw": [
        0.6749242108890486, 
        0.6516419248352028, 
        0.1699453903860966, 
        -0.3015935603413707
      ], 
      "visibility": 0.980558087054637
    }, 
    {
      "bounding_box": {
        "bottom_right": [
          440, 
          418
        ], 
        "top_left": [
          368, 
          341
        ]
      }, 
      "class": "005_tomato_soup_can", 
      "cuboid": [
        [
          -21.4921924104992, 
          20.377507116326658, 
          78.47830206553803
        ], 
        [
          -16.243052954991917, 
          17.73981577061069, 
          75.12173938345144
        ], 
        [
          -9.979894772470988, 
          24.292638382020165, 
          79.76692814248712
        ], 
        [
          -15.229034227978271, 
          26.930329727736137, 
          83.1234908245737
        ], 
        [
          -20.534919339331548, 
          15.915984817459632, 
          83.48133051890865
        ], 
        [
          -15.285779883824263, 
          13.278293471743662, 
          80.12476783682206
        ], 
        [
          -9.022621701303335, 
          19.831116083153137, 
          84.76995659585774
        ], 
        [
          -14.27176115681062, 
          22.46880742886911, 
          88.12651927794431
        ]
      ], 
      "cuboid_centroid": [
        -15.257407055901268, 
        20.104311599739898, 
        81.62412933069788
      ], 
      "location": [
        -15.257407055901268, 
        20.104311599739898, 
        81.62412933069788
      ], 
      "pose_transform_permuted": [
        [
          -0.1413700379134194, 
          0.6588773836216418, 
          -0.7388469846667701, 
          0.0
        ], 
        [
          -0.7758227805229099, 
          0.3898507653187918, 
          0.4960999445887618, 
          0.0
        ], 
        [
          -0.6149092428829815, 
          -0.6433481437485342, 
          -0.4560589753007752, 
          0.0
        ], 
        [
          -15.257407055901268, 
          20.104311599739898, 
          81.62412933069788, 
          1.0
        ]
      ], 
      "projected_cuboid": [
        [
          334.32416132653077, 
          411.7671538371482
        ], 
        [
          365.32008336744525, 
          399.2286584643265
        ], 
        [
          414.31569780048704, 
          435.7064791490782
        ], 
        [
          383.07345619156183, 
          446.07129572661614
        ], 
        [
          349.3167058056843, 
          374.96563600064127
        ], 
        [
          379.0052909590308, 
          361.66837209790265
        ], 
        [
          424.3593224779736, 
          398.0515253425664
        ], 
        [
          394.5081918414964, 
          409.2621229755908
        ]
      ], 
      "projected_cuboid_centroid": [
        381.0767378348014, 
        404.645036629257
      ], 
      "quaternion_xyzw": [
        0.2826995068335922, 
        0.8885406446722365, 
        0.31369875019439686, 
        -0.17935870078777605
      ], 
      "visibility": 0.6398580721466588
    }, 
    {
      "bounding_box": {
        "bottom_right": [
          456, 
          532
        ], 
        "top_left": [
          371, 
          448
        ]
      }, 
      "class": "010_potted_meat_can", 
      "cuboid": [
        [
          6.039141696517896, 
          21.16120955200051, 
          68.0699756618499
        ], 
        [
          -3.561512614323282, 
          17.836574744462126, 
          68.37862251125938
        ], 
        [
          -1.6086394635157368, 
          12.787948678216804, 
          74.74195357230626
        ], 
        [
          7.99201484732544, 
          16.112583485755184, 
          74.43330672289676
        ], 
        [
          4.709831588824773, 
          25.346008705078443, 
          71.79812682624
        ], 
        [
          -4.890822722016405, 
          22.021373897540062, 
          72.10677367564948
        ], 
        [
          -2.9379495712088595, 
          16.972747831294736, 
          78.47010473669636
        ], 
        [
          6.66270473963232, 
          20.29738263883312, 
          78.16145788728687
        ]
      ], 
      "cuboid_centroid": [
        1.5505960626545183, 
        19.066978691647623, 
        73.27004019927313
      ], 
      "location": [
        1.5505960626545183, 
        19.066978691647623, 
        73.27004019927313
      ], 
      "pose_transform_permuted": [
        [
          0.23077900272138888, 
          -0.7265150317803717, 
          -0.6472372418845362, 
          0.0
        ], 
        [
          0.9445094032950913, 
          0.32707654463678315, 
          -0.030364581634345335, 
          0.0
        ], 
        [
          -0.23375665909764837, 
          0.6043147051260337, 
          -0.7616833735194304, 
          0.0
        ], 
        [
          1.5505960626545183, 
          19.066978691647623, 
          73.27004019927313, 
          1.0
        ]
      ], 
      "projected_cuboid": [
        [
          529.3072830702671, 
          439.0819176321331
        ], 
        [
          453.5875353878502, 
          412.4030375329018
        ], 
        [
          470.02300153717874, 
          364.5346674818606
        ], 
        [
          539.3375915219606, 
          388.7342681276206
        ], 
        [
          516.8734484610007, 
          461.5577839758978
        ], 
        [
          445.12187623259643, 
          436.16208141818316
        ], 
        [
          461.46298657047424, 
          388.64128140924623
        ], 
        [
          527.4376018660965, 
          411.7818007491532
        ]
      ], 
      "projected_cuboid_centroid": [
        492.9776383911651, 
        412.0716826395584
      ], 
      "quaternion_xyzw": [
        0.8938765784919165, 
        0.156854205946594, 
        0.05605203948434586, 
        0.416220326471296
      ], 
      "visibility": 0.6682720092467732
    }, 
    {
      "bounding_box": {
        "bottom_right": [
          309, 
          443
        ], 
        "top_left": [
          252, 
          287
        ]
      }, 
      "class": "037_scissors", 
      "cuboid": [
        [
          -23.57566225301302, 
          3.842853082967905, 
          72.71013280458811
        ], 
        [
          -3.9245791774858456, 
          5.318293047719317, 
          68.00723581955911
        ], 
        [
          -4.670395613024411, 
          -1.6142635905266753, 
          62.715887086280816
        ], 
        [
          -24.321478688551586, 
          -3.089703555278087, 
          67.41878407130982
        ], 
        [
          -23.932401301222303, 
          4.791756990063679, 
          71.51719179011751
        ], 
        [
          -4.281318225695127, 
          6.267196954815091, 
          66.81429480508851
        ], 
        [
          -5.027134661233693, 
          -0.6653596834309012, 
          61.52294607181021
        ], 
        [
          -24.678217736760867, 
          -2.140799648182313, 
          66.22584305683921
        ]
      ], 
      "cuboid_centroid": [
        -14.301398457123357, 
        1.588746699768502, 
        67.11653943819917
      ], 
      "location": [
        -14.301398457123357, 
        1.588746699768502, 
        67.11653943819917
      ], 
      "pose_transform_permuted": [
        [
          0.2278754668976455, 
          -0.6061347137518757, 
          0.7620191622375007, 
          0.0
        ], 
        [
          -0.9699544475744134, 
          -0.07282598879864925, 
          0.23212948770208167, 
          0.0
        ], 
        [
          0.08520694772488657, 
          0.7920206138234102, 
          0.6045182881830916, 
          0.0
        ], 
        [
          -14.301398457123357, 
          1.588746699768502, 
          67.11653943819917, 
          1.0
        ]
      ], 
      "projected_cuboid": [
        [
          307.2315114131506, 
          301.4733769451934
        ], 
        [
          450.5636438954127, 
          314.9931269526036
        ], 
        [
          441.55026715124063, 
          259.55926048883373
        ], 
        [
          287.59748457573977, 
          248.8452871502068
        ], 
        [
          301.6405585363846, 
          309.0197341071718
        ], 
        [
          447.1382920254992, 
          323.31204341173276
        ], 
        [
          437.6555431215285, 
          267.5187818565568
        ], 
        [
          281.2061505355303, 
          256.046585670951
        ]
      ], 
      "projected_cuboid_centroid": [
        367.0086597615928, 
        285.9109929187354
      ], 
      "quaternion_xyzw": [
        0.12252223764096665, 
        -0.3224572112117718, 
        0.9386152331540496, 
        0.0032976662025378887
      ], 
      "visibility": 0.7043390514631686
    }, 
    {
      "bounding_box": {
        "bottom_right": [
          429, 
          463
        ], 
        "top_left": [
          377, 
          399
        ]
      }, 
      "class": "061_foam_brick", 
      "cuboid": [
        [
          -4.628644770814833, 
          18.514078267743677, 
          73.86475706377651
        ], 
        [
          -12.068252759576717, 
          18.53673158540074, 
          76.16591219985769
        ], 
        [
          -10.871579558985896, 
          15.443064570421269, 
          80.06519790379714
        ], 
        [
          -3.431971570224013, 
          15.420411252764211, 
          77.76404276771596
        ], 
        [
          -3.678417919158059, 
          22.701746801651403, 
          76.89560473754877
        ], 
        [
          -11.118025907919943, 
          22.724400119308463, 
          79.19675987362994
        ], 
        [
          -9.921352707329124, 
          19.630733104328996, 
          83.0960455775694
        ], 
        [
          -2.4817447185672386, 
          19.608079786671933, 
          80.79489044148822
        ]
      ], 
      "cuboid_centroid": [
        -7.274998739071978, 
        19.072405686036337, 
        78.48040132067295
      ], 
      "location": [
        -7.274998739071978, 
        19.072405686036337, 
        78.48040132067295
      ], 
      "pose_transform_permuted": [
        [
          -0.18078897337720062, 
          -0.7967405822821839, 
          -0.5766452910150779, 
          0.0
        ], 
        [
          0.9553391644975556, 
          -0.0029089706872036936, 
          -0.2954972396937964, 
          0.0
        ], 
        [
          -0.2337571985679367, 
          0.6043144731298326, 
          -0.7616833920228815, 
          0.0
        ], 
        [
          -7.274998739071978, 
          19.072405686036337, 
          78.48040132067295, 
          1.0
        ]
      ], 
      "projected_cuboid": [
        [
          447.89874384498705, 
          406.9622027646505
        ], 
        [
          396.3900269439078, 
          403.0821601560988
        ], 
        [
          408.57727452894073, 
          376.1538133421766
        ], 
        [
          457.86385315228375, 
          379.0424504693862
        ], 
        [
          455.872311416886, 
          430.7374896039214
        ], 
        [
          406.10314369745885, 
          426.3151166604385
        ], 
        [
          417.390084802555, 
          399.27874764406715
        ], 
        [
          465.0787843045964, 
          402.7176552398673
        ]
      ], 
      "projected_cuboid_centroid": [
        431.7472660260742, 
        402.8945328359226
      ], 
      "quaternion_xyzw": [
        0.8854799445276084, 
        0.06517601818861278, 
        -0.13447120288113618, 
        0.43999414778853724
      ], 
      "visibility": 0.5833929849677881
    }
  ]
}