{
  "camera_data": {
    "location_worldframe": [
      -16.84126530221761, 
      13.228761013485693, 
      72.33312408297407
    ], 
    "quaternion_xyzw_worldframe": [
      0.8828405426253008, 
      0.009804826200275167, 
      -0.032371219123783546, 
      -0.46845431791318354
    ]
  }, 
  "objects": [
    {
      "bounding_box": {
        "bottom_right": [
          448, 
          587
        ], 
        "top_left": [
          341, 
          371
        ]
      }, 
      "class": "003_cracker_box", 
      "cuboid": [
        [
          -9.44968848450232, 
          22.368072024479957, 
          64.99593188822547
        ], 
        [
          -10.999130153298717, 
          13.492944525423598, 
          51.2879248092352
        ], 
        [
          10.248852480368448, 
          12.303983787996925, 
          49.656007681856515
        ], 
        [
          11.798294149164846, 
          21.179111287053285, 
          63.364014760846786
        ], 
        [
          -9.48690593370381, 
          16.343010428161246, 
          68.90101129292174
        ], 
        [
          -11.036347602500207, 
          7.4678829291048885, 
          55.193004213931474
        ], 
        [
          10.211635031166958, 
          6.278922191678217, 
          53.561087086552796
        ], 
        [
          11.761076699963354, 
          15.154049690734576, 
          67.26909416554307
        ]
      ], 
      "cuboid_centroid": [
        0.380973273332319, 
        14.323497108079087, 
        59.27850948738913
      ], 
      "location": [
        0.380973273332319, 
        14.323497108079087, 
        59.27850948738913
      ], 
      "pose_transform_permuted": [
        [
          0.005183488870653785, 
          0.8391450891876755, 
          -0.5438829384484642, 
          0.0
        ], 
        [
          0.09445741199255764, 
          0.5410475215346764, 
          0.8356706149918471, 
          0.0
        ], 
        [
          -0.9955154086013918, 
          0.05570546412509203, 
          0.07645895960456206, 
          0.0
        ], 
        [
          0.380973273332319, 
          14.323497108079087, 
          59.27850948738913, 
          1.0
        ]
      ], 
      "projected_cuboid": [
        [
          403.41213815761853, 
          456.8261919547464
        ], 
        [
          366.26901779760635, 
          413.593473323739
        ], 
        [
          592.5899649449523, 
          405.43480787862796
        ], 
        [
          581.7280044586768, 
          451.54599401776557
        ], 
        [
          407.5529214821223, 
          399.78754784693257
        ], 
        [
          374.0662196183145, 
          345.44728131556644
        ], 
        [
          584.1239254884251, 
          335.80715412611033
        ], 
        [
          575.6177176543363, 
          393.43014277754634
        ]
      ], 
      "projected_cuboid_centroid": [
        485.05319039132115, 
        402.1528265114962
      ], 
      "quaternion_xyzw": [
        0.6507775761667948, 
        0.590279607967871, 
        0.32301900628448715, 
        -0.35173463343087263
      ], 
      "visibility": 0.9610692842847612
    }, 
    {
      "bounding_box": {
        "bottom_right": [
          456, 
          439
        ], 
        "top_left": [
          398, 
          358
        ]
      }, 
      "class": "005_tomato_soup_can", 
      "cuboid": [
        [
          -17.511831002829354, 
          24.737813828881634, 
          74.37655435495685
        ], 
        [
          -12.185985917843182, 
          22.47439314128049, 
          70.87088828143068
        ], 
        [
          -5.910395958884915, 
          26.435587995595466, 
          77.84729990891657
        ], 
        [
          -11.236241043871084, 
          28.69900868319661, 
          81.35296598244273
        ], 
        [
          -17.69890828153663, 
          18.92528665050374, 
          77.84518182900422
        ], 
        [
          -12.373063196550463, 
          16.6618659629026, 
          74.33951575547806
        ], 
        [
          -6.097473237592195, 
          20.623060817217574, 
          81.31592738296393
        ], 
        [
          -11.423318322578366, 
          22.88648150481872, 
          84.8215934564901
        ]
      ], 
      "cuboid_centroid": [
        -11.804652120210774, 
        22.680437323049603, 
        77.8462408689604
      ], 
      "location": [
        -11.804652120210774, 
        22.680437323049603, 
        77.8462408689604
      ], 
      "pose_transform_permuted": [
        [
          0.02762756289731218, 
          0.8583937147398873, 
          -0.5122467269610733, 
          0.0
        ], 
        [
          -0.787159872106871, 
          0.3345335642598373, 
          0.5181374249629379, 
          0.0
        ], 
        [
          -0.6161297795537795, 
          -0.3889052867252321, 
          -0.6849355974864907, 
          0.0
        ], 
        [
          -11.804652120210774, 
          22.680437323049603, 
          77.8462408689604, 
          1.0
        ]
      ], 
      "projected_cuboid": [
        [
          354.98146179012906, 
          450.6698636033929
        ], 
        [
          389.13054431305903, 
          442.41146745226695
        ], 
        [
          440.76844330464417, 
          454.3925851685678
        ], 
        [
          407.322627406195, 
          461.42649284983816
        ], 
        [
          359.3308503738757, 
          402.9442219985657
        ], 
        [
          392.0916679773329, 
          392.8205344015544
        ], 
        [
          441.27284466204054, 
          408.5451835227014
        ], 
        [
          409.1738887851474, 
          417.1863196174064
        ]
      ], 
      "projected_cuboid_centroid": [
        400.05020078806905, 
        428.66875354184134
      ], 
      "quaternion_xyzw": [
        0.2899058150608701, 
        0.819803617611129, 
        0.47063994323529906, 
        -0.1495815130381315
      ], 
      "visibility": 0.3367602111697694
    }, 
    {
      "bounding_box": {
        "bottom_right": [
          475, 
          564
        ], 
        "top_left": [
          398, 
          484
        ]
      }, 
      "class": "010_potted_meat_can", 
      "cuboid": [
        [
          11.06136915920146, 
          24.604574184892392, 
          67.27180690592292
        ], 
        [
          1.2002263154097303, 
          22.72990833519631, 
          65.6703973881112
        ], 
        [
          1.7544811630116743, 
          15.8250348237431, 
          70.34049848414139
        ], 
        [
          11.615624006803404, 
          17.699700673439178, 
          71.9419080019531
        ], 
        [
          9.717482277531422, 
          27.668137858759312, 
          71.96086502925625
        ], 
        [
          -0.1436605662603077, 
          25.793472009063233, 
          70.35945551144455
        ], 
        [
          0.41059428134163634, 
          18.88859849761002, 
          75.02955660747472
        ], 
        [
          10.271737125133367, 
          20.7632643473061, 
          76.63096612528643
        ]
      ], 
      "cuboid_centroid": [
        5.735981720271548, 
        21.746586341251206, 
        71.15068175669882
      ], 
      "location": [
        5.735981720271548, 
        21.746586341251206, 
        71.15068175669882
      ], 
      "pose_transform_permuted": [
        [
          0.23330964876238336, 
          -0.5318594700640747, 
          -0.8140584737472801, 
          0.0
        ], 
        [
          0.970136184643162, 
          0.1844290467863947, 
          0.15754617332606458, 
          0.0
        ], 
        [
          -0.0663436646719891, 
          0.8265053789395946, 
          -0.5590057036755605, 
          0.0
        ], 
        [
          5.735981720271548, 
          21.746586341251206, 
          71.15068175669882, 
          1.0
        ]
      ], 
      "projected_cuboid": [
        [
          570.0205349805091, 
          468.3474684354231
        ], 
        [
          491.4255238077035, 
          457.8796837667815
        ], 
        [
          495.01034964969136, 
          393.2714848861024
        ], 
        [
          568.4235769027049, 
          404.49791737877274
        ], 
        [
          554.215878109091, 
          478.34187943621276
        ], 
        [
          480.49905772327725, 
          468.7991899827381
        ], 
        [
          484.53994709607497, 
          407.54908640796987
        ], 
        [
          553.6798171951309, 
          417.7902033648684
        ]
      ], 
      "projected_cuboid_centroid": [
        524.9501965862355, 
        436.2910247489774
      ], 
      "quaternion_xyzw": [
        0.9500921057100248, 
        0.0659864211983363, 
        0.10284682393933604, 
        0.28704195287582335
      ], 
      "visibility": 0.3658762504631345
    }, 
    {
      "bounding_box": {
        "bottom_right": [
          376, 
          472
        ], 
        "top_left": [
          334, 
          281
        ]
      }, 
      "class": "037_scissors", 
      "cuboid": [
        [
          -20.59697799446037, 
          11.066026603855795, 
          63.6727012520489
        ], 
        [
          -0.457813736370348, 
          11.0445933298791, 
          61.465251868011435
        ], 
        [
          -1.2521632223005688, 
          6.1299863072962895, 
          54.26590454877784
        ], 
        [
          -21.391327480390586, 
          6.151419581272982, 
          56.47335393281531
        ], 
        [
          -20.691387245650578, 
          12.36146466065414, 
          62.79879234849357
        ], 
        [
          -0.5522229875605564, 
          12.340031386677447, 
          60.59134296445611
        ], 
        [
          -1.3465724734907771, 
          7.425424364094635, 
          53.391995645222515
        ], 
        [
          -21.485736731580797, 
          7.446857638071328, 
          55.599445029259975
        ]
      ], 
      "cuboid_centroid": [
        -10.971775233975572, 
        9.245725483975214, 
        58.53234844863571
      ], 
      "location": [
        -10.971775233975572, 
        9.245725483975214, 
        58.53234844863571
      ], 
      "pose_transform_permuted": [
        [
          0.060306132178175854, 
          -0.8274915614416357, 
          0.5582298893920161, 
          0.0
        ], 
        [
          -0.9940455631625301, 
          0.0010579213033638795, 
          0.10895711649140741, 
          0.0
        ], 
        [
          0.09075168083963062, 
          0.5614768510152001, 
          0.8225005262055796, 
          0.0
        ], 
        [
          -10.971775233975572, 
          9.245725483975214, 
          58.53234844863571, 
          1.0
        ]
      ], 
      "projected_cuboid": [
        [
          307.6400447637452, 
          365.97506194348824
        ], 
        [
          477.59162299512093, 
          369.1178854822081
        ], 
        [
          469.18838761788675, 
          333.53139650606323
        ], 
        [
          277.89947702591274, 
          331.3789355198964
        ], 
        [
          304.41080287754374, 
          378.2664417926437
        ], 
        [
          476.69594564898955, 
          381.9023908982834
        ], 
        [
          468.03439525001977, 
          347.45728546654385
        ], 
        [
          273.78463311915976, 
          344.7180965047438
        ]
      ], 
      "projected_cuboid_centroid": [
        380.79424658256073, 
        357.52929590794434
      ], 
      "quaternion_xyzw": [
        0.04796126678456435, 
        -0.467530378449419, 
        0.8822913781129431, 
        0.026014535679629476
      ], 
      "visibility": 0.7771563143950545
    }, 
    {
      "bounding_box": {
        "bottom_right": [
          448, 
          485
        ], 
        "top_left": [
          402, 
          424
        ]
      }, 
      "class": "061_foam_brick", 
      "cuboid": [
        [
          -0.491459701112594, 
          21.92632544275151, 
          70.97963384030632
        ], 
        [
          -8.120900314543238, 
          22.33290325904134, 
          72.4862610553132
        ], 
        [
          -7.781260702628757, 
          18.1017753452103, 
          75.34797957053256
        ], 
        [
          -0.15182008919811113, 
          17.69519752892047, 
          73.84135235552569
        ], 
        [
          0.5023940791831938, 
          24.872327871111295, 
          75.21742345242619
        ], 
        [
          -7.127046534247452, 
          25.278905687401128, 
          76.72405066743306
        ], 
        [
          -6.787406922332968, 
          21.047777773570086, 
          79.58576918265243
        ], 
        [
          0.8420336910976767, 
          20.641199957280257, 
          78.07914196764555
        ]
      ], 
      "cuboid_centroid": [
        -3.6394333117227813, 
        21.487051608160797, 
        75.28270151147937
      ], 
      "location": [
        -3.6394333117227813, 
        21.487051608160797, 
        75.28270151147937
      ], 
      "pose_transform_permuted": [
        [
          -0.18908937830313582, 
          -0.5605027406469093, 
          -0.8062765559907079, 
          0.0
        ], 
        [
          0.979716059263971, 
          -0.052209701358499616, 
          -0.19346986924152165, 
          0.0
        ], 
        [
          -0.06634493374183764, 
          0.8265051874074111, 
          -0.5590058362445167, 
          0.0
        ], 
        [
          -3.6394333117227813, 
          21.487051608160797, 
          75.28270151147937, 
          1.0
        ]
      ], 
      "projected_cuboid": [
        [
          477.8736159280187, 
          438.03434115991166
        ], 
        [
          421.3494039920116, 
          437.60146447522493
        ], 
        [
          426.0616447596528, 
          401.4124855754012
        ], 
        [
          480.4914097667002, 
          401.09020177157623
        ], 
        [
          485.18891586796843, 
          449.6406182445935
        ], 
        [
          431.64312186235355, 
          449.00373913215645
        ], 
        [
          435.73430677412335, 
          414.3317547854224
        ], 
        [
          487.39651066998476, 
          414.27625533681567
        ]
      ], 
      "projected_cuboid_centroid": [
        455.59964551712045, 
        425.50564246580103
      ], 
      "quaternion_xyzw": [
        0.9503286014140175, 
        0.0037185117764281387, 
        -0.10063867565793509, 
        0.2945056518412898
      ], 
      "visibility": 0.009104151493080845
    }
  ]
}