{
  "camera_data": {
    "location_worldframe": [
      -16.369618126829153, 
      12.585511978671734, 
      72.89092140717054
    ], 
    "quaternion_xyzw_worldframe": [
      0.8785099517704138, 
      0.01488158447415208, 
      -0.02361325959337812, 
      -0.4769120699212219
    ]
  }, 
  "objects": [
    {
      "bounding_box": {
        "bottom_right": [
          441, 
          594
        ], 
        "top_left": [
          337, 
          381
        ]
      }, 
      "class": "003_cracker_box", 
      "cuboid": [
        [
          -8.838789309709295, 
          21.86688796015109, 
          65.88070800264522
        ], 
        [
          -10.112604625149098, 
          13.26046433242083, 
          51.974415090105474
        ], 
        [
          11.164063708999688, 
          12.105671257102802, 
          50.740160376432776
        ], 
        [
          12.43787902443949, 
          20.71209488483306, 
          64.64645328897254
        ], 
        [
          -8.950276425936261, 
          15.766855834827515, 
          69.6661506752898
        ], 
        [
          -10.224091741376064, 
          7.160432207097254, 
          55.75985776275003
        ], 
        [
          11.052576592772722, 
          6.005639131779226, 
          54.52560304907734
        ], 
        [
          12.326391908212523, 
          14.612062759509486, 
          68.4318959616171
        ]
      ], 
      "cuboid_centroid": [
        1.106893641531713, 
        13.936263545965158, 
        60.203155525861284
      ], 
      "location": [
        1.106893641531713, 
        13.936263545965158, 
        60.203155525861284
      ], 
      "pose_transform_permuted": [
        [
          0.01552745388473975, 
          0.8495866672931465, 
          -0.5272204405498533, 
          0.0
        ], 
        [
          0.07765461616015035, 
          0.5246667356109568, 
          0.847758560636436, 
          0.0
        ], 
        [
          -0.9968593976910067, 
          0.054104632898359706, 
          0.0578275880013748, 
          0.0
        ], 
        [
          1.106893641531713, 
          13.936263545965158, 
          60.203155525861284, 
          1.0
        ]
      ], 
      "projected_cuboid": [
        [
          409.44874228969775, 
          450.3040583713142
        ], 
        [
          376.9649172188797, 
          409.35474188833876
        ], 
        [
          599.9181723773814, 
          400.52680488141294
        ], 
        [
          585.0620460335934, 
          444.15694538342404
        ], 
        [
          412.50847206489846, 
          393.9875226094304
        ], 
        [
          382.9930038501039, 
          341.77305988510966
        ], 
        [
          590.6041715310945, 
          332.0282075701958
        ], 
        [
          578.4625723234869, 
          387.1647100043643
        ]
      ], 
      "projected_cuboid_centroid": [
        491.48438426496375, 
        396.7432272592027
      ], 
      "quaternion_xyzw": [
        0.6440069272935586, 
        0.5906482014472199, 
        0.3351229536261117, 
        -0.3522532976112279
      ], 
      "visibility": 0.9574098002186662
    }, 
    {
      "bounding_box": {
        "bottom_right": [
          449, 
          442
        ], 
        "top_left": [
          392, 
          362
        ]
      }, 
      "class": "005_tomato_soup_can", 
      "cuboid": [
        [
          -17.08606688499084, 
          24.052470691282934, 
          75.14457648659778
        ], 
        [
          -11.690852440399015, 
          21.858352247634052, 
          71.7014820862782
        ], 
        [
          -5.5563453444968065, 
          25.68346205139339, 
          78.87649225229603
        ], 
        [
          -10.951559789088632, 
          27.877580495042274, 
          82.31958665261561
        ], 
        [
          -17.338847717359197, 
          18.17342292633663, 
          78.49491167722775
        ], 
        [
          -11.943633272767375, 
          15.97930448268775, 
          75.05181727690817
        ], 
        [
          -5.809126176865167, 
          19.80441428644709, 
          82.226827442926
        ], 
        [
          -11.204340621456991, 
          21.998532730095974, 
          85.66992184324558
        ]
      ], 
      "cuboid_centroid": [
        -11.447596530928003, 
        21.928442488865013, 
        78.68570196476189
      ], 
      "location": [
        -11.447596530928003, 
        21.928442488865013, 
        78.68570196476189
      ], 
      "pose_transform_permuted": [
        [
          0.037330660322567516, 
          0.8682174715428735, 
          -0.49477732863026513, 
          0.0
        ], 
        [
          -0.797412663046896, 
          0.32429069301298785, 
          0.5088893320325496, 
          0.0
        ], 
        [
          -0.6022784358742164, 
          -0.3755446221904626, 
          -0.7044337601398237, 
          0.0
        ], 
        [
          -11.447596530928003, 
          21.928442488865013, 
          78.68570196476189, 
          1.0
        ]
      ], 
      "projected_cuboid": [
        [
          359.3224831458997, 
          443.99285163800425
        ], 
        [
          393.9152026056514, 
          435.8701690350979
        ], 
        [
          443.71502705030986, 
          446.9440230509786
        ], 
        [
          410.0544990680912, 
          453.8955547902386
        ], 
        [
          362.8096443691741, 
          396.7625969102156
        ], 
        [
          396.018112469876, 
          386.8357672376588
        ], 
        [
          443.60534390035724, 
          401.7370972533203
        ], 
        [
          411.26560270583366, 
          410.233649097734
        ]
      ], 
      "projected_cuboid_centroid": [
        403.36042189846086, 
        421.91414777249076
      ], 
      "quaternion_xyzw": [
        0.28364590554945973, 
        0.8166600599190007, 
        0.48142774113340325, 
        -0.14435586324521396
      ], 
      "visibility": 0.366120218579235
    }, 
    {
      "bounding_box": {
        "bottom_right": [
          467, 
          567
        ], 
        "top_left": [
          391, 
          488
        ]
      }, 
      "class": "010_potted_meat_can", 
      "cuboid": [
        [
          11.622121293648089, 
          24.060670449379547, 
          68.60496746268892
        ], 
        [
          1.795481272101014, 
          22.216557201802132, 
          66.77264246573606
        ], 
        [
          2.2606796719502773, 
          15.222020315328265, 
          71.31734983639645
        ], 
        [
          12.087319693497351, 
          17.066133562905684, 
          73.1496748333493
        ], 
        [
          10.184301925295246, 
          27.032110970139765, 
          73.3253421421115
        ], 
        [
          0.35766190374817153, 
          25.18799772256235, 
          71.49301714515865
        ], 
        [
          0.8228603035974349, 
          18.193460836088484, 
          76.03772451581902
        ], 
        [
          10.649500325144508, 
          20.037574083665902, 
          77.87004951277189
        ]
      ], 
      "cuboid_centroid": [
        6.222490798622761, 
        21.127065642734017, 
        72.32134598925397
      ], 
      "location": [
        6.222490798622761, 
        21.127065642734017, 
        72.32134598925397
      ], 
      "pose_transform_permuted": [
        [
          0.24961708934704666, 
          -0.5158661444446606, 
          -0.8194952815629414, 
          0.0
        ], 
        [
          0.9667418076564291, 
          0.18142329123454398, 
          0.18026356678214653, 
          0.0
        ], 
        [
          -0.0556837108039346, 
          0.8372379813001629, 
          -0.5439962196739345, 
          0.0
        ], 
        [
          6.222490798622761, 
          21.127065642734017, 
          72.32134598925397, 
          1.0
        ]
      ], 
      "projected_cuboid": [
        [
          572.6977411747633, 
          460.32877718751223
        ], 
        [
          496.05726099713434, 
          450.7323389686136
        ], 
        [
          498.64358284411463, 
          387.11860757203146
        ], 
        [
          570.4576910914661, 
          397.7122891395585
        ], 
        [
          556.2881781095051, 
          469.90006522403627
        ], 
        [
          484.28736964669866, 
          461.18254493044924
        ], 
        [
          487.416610210352, 
          400.8933148981307
        ], 
        [
          555.1416233872434, 
          410.52069572149037
        ]
      ], 
      "projected_cuboid_centroid": [
        527.8660040578068, 
        429.08394036781414
      ], 
      "quaternion_xyzw": [
        0.9517713841200961, 
        0.06228045043024745, 
        0.11291594370811378, 
        0.2783920544896473
      ], 
      "visibility": 0.35615384615384615
    }, 
    {
      "bounding_box": {
        "bottom_right": [
          371, 
          479
        ], 
        "top_left": [
          331, 
          290
        ]
      }, 
      "class": "037_scissors", 
      "cuboid": [
        [
          -19.952302035329676, 
          10.59160562612011, 
          64.11738596688487
        ], 
        [
          0.22657571521006725, 
          10.615256191883, 
          62.3086398370584
        ], 
        [
          -0.4228910382236828, 
          5.841829116097223, 
          55.00059344944472
        ], 
        [
          -20.601768788763426, 
          5.818178550334334, 
          56.80933957927119
        ], 
        [
          -20.030046859245136, 
          11.90382187800977, 
          63.26718958483184
        ], 
        [
          0.14883089129460736, 
          11.92747244377266, 
          61.45844345500537
        ], 
        [
          -0.5006358621391427, 
          7.154045367986884, 
          54.1503970673917
        ], 
        [
          -20.679513612678885, 
          7.130394802223992, 
          55.95914319721816
        ]
      ], 
      "cuboid_centroid": [
        -10.226468948734409, 
        8.872825497053496, 
        59.13389151713828
      ], 
      "location": [
        -10.226468948734409, 
        8.872825497053496, 
        59.13389151713828
      ], 
      "pose_transform_permuted": [
        [
          0.04966133687226051, 
          -0.8382090286191847, 
          0.5430829579423139, 
          0.0
        ], 
        [
          -0.9960057746420844, 
          -0.0011673642292996745, 
          0.08927759077783684, 
          0.0
        ], 
        [
          0.0741993298510781, 
          0.5453475304835995, 
          0.8349190187405656, 
          0.0
        ], 
        [
          -10.226468948734409, 
          8.872825497053496, 
          59.13389151713828, 
          1.0
        ]
      ], 
      "projected_cuboid": [
        [
          314.2535327805287, 
          361.38605439891614
        ], 
        [
          483.55256464450196, 
          364.14591193526786
        ], 
        [
          477.462284927451, 
          329.93250621117414
        ], 
        [
          286.5782563454442, 
          327.9069328365767
        ], 
        [
          311.34391660773474, 
          373.6314618477196
        ], 
        [
          482.89934579627635, 
          376.78988551829974
        ], 
        [
          476.62528741897216, 
          343.7457164966706
        ], 
        [
          282.8681806355824, 
          341.24288910649756
        ]
      ], 
      "projected_cuboid_centroid": [
        388.5974898635202, 
        353.30920305950525
      ], 
      "quaternion_xyzw": [
        0.03955542423775636, 
        -0.47633367290752565, 
        0.8781281602175159, 
        0.020791943855805767
      ], 
      "visibility": 0.7804583835946924
    }, 
    {
      "bounding_box": {
        "bottom_right": [
          441, 
          488
        ], 
        "top_left": [
          395, 
          428
        ]
      }, 
      "class": "061_foam_brick", 
      "cuboid": [
        [
          -0.00048223223663088066, 
          21.309495051683314, 
          72.03073781430311
        ], 
        [
          -7.6584134004303746, 
          21.685829563492607, 
          73.39384372287788
        ], 
        [
          -7.373338305584342, 
          17.39975651996399, 
          76.17872099223227
        ], 
        [
          0.2845928626094014, 
          17.023422008154697, 
          74.81561508365752
        ], 
        [
          0.9079610533563536, 
          24.172432585313956, 
          76.34395655632062
        ], 
        [
          -6.749970114837389, 
          24.548767097123246, 
          77.70706246489537
        ], 
        [
          -6.464895019991356, 
          20.262694053594632, 
          80.49193973424977
        ], 
        [
          1.193036148202386, 
          19.88635954178534, 
          79.12883382567502
        ]
      ], 
      "cuboid_centroid": [
        -3.232688626113994, 
        20.78609455263897, 
        76.26133877427644
      ], 
      "location": [
        -3.232688626113994, 
        20.78609455263897, 
        76.26133877427644
      ], 
      "pose_transform_permuted": [
        [
          -0.17283928431133183, 
          -0.5446989175749932, 
          -0.820627607987556, 
          0.0
        ], 
        [
          0.9833746045562184, 
          -0.04832608097450558, 
          -0.17503992976331706, 
          0.0
        ], 
        [
          -0.05568634404096007, 
          0.8372381256788756, 
          -0.5439957279217142, 
          0.0
        ], 
        [
          -3.232688626113994, 
          20.78609455263897, 
          76.26133877427644, 
          1.0
        ]
      ], 
      "projected_cuboid": [
        [
          481.59346888113777, 
          431.0632228163173
        ], 
        [
          425.48310979579736, 
          430.8675692623634
        ], 
        [
          429.54689052287324, 
          395.1004877778991
        ], 
        [
          483.64268219600535, 
          394.637198794471
        ], 
        [
          487.9927133251303, 
          442.14904199800145
        ], 
        [
          434.88457047491784, 
          441.7697854535403
        ], 
        [
          438.405316837512, 
          407.5421116732357
        ], 
        [
          489.70501006508766, 
          407.3184005636842
        ]
      ], 
      "projected_cuboid_centroid": [
        458.80146058832156, 
        418.6502499322763
      ], 
      "quaternion_xyzw": [
        0.9541017160427196, 
        0.0019285844849389552, 
        -0.0911535972069965, 
        0.28526692363897854
      ], 
      "visibility": 0.0026425066062665155
    }
  ]
}