{
  "camera_data": {
    "location_worldframe": [
      -9.487498703056444, 
      1.095479326469892, 
      81.36878950890923
    ], 
    "quaternion_xyzw_worldframe": [
      -0.8292457021736914, 
      -0.11217762207808944, 
      -0.20488884581979427, 
      0.5077377112130391
    ]
  }, 
  "objects": [
    {
      "bounding_box": {
        "bottom_right": [
          335, 
          655
        ], 
        "top_left": [
          238, 
          475
        ]
      }, 
      "class": "003_cracker_box", 
      "cuboid": [
        [
          0.6413597819768178, 
          10.439797064960745, 
          79.92365246585528
        ], 
        [
          6.012303373578668, 
          3.3443660763860183, 
          66.14374173648694
        ], 
        [
          25.269420580772977, 
          0.7631944785439708, 
          74.97858962410051
        ], 
        [
          19.89847698917113, 
          7.8586254671186975, 
          88.75850035346885
        ], 
        [
          -1.3736252010122727, 
          4.02474655824459, 
          82.44146104665563
        ], 
        [
          3.997318390589577, 
          -3.0706844303301373, 
          68.66155031728731
        ], 
        [
          23.25443559778389, 
          -5.651856028172185, 
          77.49639820490086
        ], 
        [
          17.88349200618204, 
          1.4435749604025416, 
          91.27630893426921
        ]
      ], 
      "cuboid_centroid": [
        11.947897689880353, 
        2.39397051839428, 
        78.71002533537808
      ], 
      "location": [
        11.947897689880353, 
        2.39397051839428, 
        78.71002533537808
      ], 
      "pose_transform_permuted": [
        [
          0.2806385837275621, 
          0.8934610947199049, 
          -0.3506697271583299, 
          0.0
        ], 
        [
          -0.3274246729241586, 
          0.4325532620232069, 
          0.8400540215209917, 
          0.0
        ], 
        [
          -0.9022389200671272, 
          0.12093365013507401, 
          -0.4139323415500554, 
          0.0
        ], 
        [
          11.947897689880353, 
          2.39397051839428, 
          78.71002533537808, 
          1.0
        ]
      ], 
      "projected_cuboid": [
        [
          485.91244012480416, 
          342.9498735184947
        ], 
        [
          530.4784951351807, 
          300.25229279064666
        ], 
        [
          662.8352760224628, 
          278.71510850024856
        ], 
        [
          602.1566199384955, 
          320.50634049872843
        ], 
        [
          472.6369391252119, 
          299.32290523598647
        ], 
        [
          512.9044600504169, 
          249.43539956603206
        ], 
        [
          642.964552110574, 
          234.3912399945736
        ], 
        [
          586.9595517383051, 
          281.7212216923268
        ]
      ], 
      "projected_cuboid_centroid": [
        563.2277056040758, 
        289.50748764513946
      ], 
      "quaternion_xyzw": [
        0.5348314464317814, 
        0.6239312361846084, 
        0.5238531750168418, 
        -0.22414947567551743
      ], 
      "visibility": 0.9804421768707483
    }, 
    {
      "bounding_box": {
        "bottom_right": [
          351, 
          460
        ], 
        "top_left": [
          304, 
          406
        ]
      }, 
      "class": "005_tomato_soup_can", 
      "cuboid": [
        [
          -10.988953139114312, 
          12.310088364308353, 
          84.37902116173203
        ], 
        [
          -4.644450236504985, 
          10.073134201495305, 
          83.65741691447475
        ], 
        [
          -2.6156811088582157, 
          12.7228692397016, 
          93.28069147446517
        ], 
        [
          -8.960184011467543, 
          14.95982340251465, 
          94.00229572172245
        ], 
        [
          -12.916272183478206, 
          6.167073194953032, 
          86.47679440772626
        ], 
        [
          -6.571769280868881, 
          3.9301190321399853, 
          85.75519016046897
        ], 
        [
          -4.543000153222112, 
          6.579854070346281, 
          95.3784647204594
        ], 
        [
          -10.887503055831438, 
          8.816808233159328, 
          96.10006896771667
        ]
      ], 
      "cuboid_centroid": [
        -7.765976646168212, 
        9.444971217327316, 
        89.87874294109571
      ], 
      "location": [
        -7.765976646168212, 
        9.444971217327316, 
        89.87874294109571
      ], 
      "pose_transform_permuted": [
        [
          0.2846263773414559, 
          0.9072001642490328, 
          -0.3097990450710389, 
          0.0
        ], 
        [
          -0.9377174915354485, 
          0.3306218120524666, 
          0.10665310348287858, 
          0.0
        ], 
        [
          -0.19918208225159628, 
          -0.2601477591179292, 
          -0.9448013767643642, 
          0.0
        ], 
        [
          -7.765976646168212, 
          9.444971217327316, 
          89.87874294109571, 
          1.0
        ]
      ], 
      "projected_cuboid": [
        [
          411.5623198239246, 
          351.09274033911777
        ], 
        [
          451.7417578655384, 
          337.5031960102222
        ], 
        [
          466.51764420138795, 
          346.0278010703359
        ], 
        [
          430.3380597667191, 
          358.160707490674
        ], 
        [
          401.276024919857, 
          311.32010442252016
        ], 
        [
          440.38602350150944, 
          297.7283174248921
        ], 
        [
          455.9826704860401, 
          310.0785438121949
        ], 
        [
          420.6719579153865, 
          322.21653920118547
        ]
      ], 
      "projected_cuboid_centroid": [
        435.1315460383682, 
        329.3308032643812
      ], 
      "quaternion_xyzw": [
        0.16728247767467377, 
        0.791780319237037, 
        0.5847586432806242, 
        0.05619401920411243
      ], 
      "visibility": 0.913065582104728
    }, 
    {
      "bounding_box": {
        "bottom_right": [
          346, 
          577
        ], 
        "top_left": [
          291, 
          513
        ]
      }, 
      "class": "010_potted_meat_can", 
      "cuboid": [
        [
          17.350690670301915, 
          10.856514203356992, 
          92.23265236973724
        ], 
        [
          9.562052169748808, 
          9.922810005834773, 
          85.76841773161877
        ], 
        [
          7.6748856558246645, 
          2.503841828001324, 
          89.11383767796612
        ], 
        [
          15.463524156377773, 
          3.437546025523544, 
          95.5780723160846
        ], 
        [
          13.885798058580178, 
          13.451396407163674, 
          96.03262946916345
        ], 
        [
          6.09715955802707, 
          12.517692209641455, 
          89.56839483104497
        ], 
        [
          4.2099930441029265, 
          5.098724031808005, 
          92.91381477739233
        ], 
        [
          11.998631544656035, 
          6.032428229330225, 
          99.3780494155108
        ]
      ], 
      "cuboid_centroid": [
        10.780341857202421, 
        7.977619117582499, 
        92.57323357356478
      ], 
      "location": [
        10.780341857202421, 
        7.977619117582499, 
        92.57323357356478
      ], 
      "pose_transform_permuted": [
        [
          0.6015334246254359, 
          -0.45049257032523193, 
          -0.6597068060300553, 
          0.0
        ], 
        [
          0.7662438480189424, 
          0.09185753032061472, 
          0.6359494054394085, 
          0.0
        ], 
        [
          0.22589165060385294, 
          0.888041916334904, 
          -0.4004429010729228, 
          0.0
        ], 
        [
          10.780341857202421, 
          7.977619117582499, 
          92.57323357356478, 
          1.0
        ]
      ], 
      "projected_cuboid": [
        [
          582.760560429315, 
          336.0624799159181
        ], 
        [
          541.550694578571, 
          334.9879082079184
        ], 
        [
          527.9117319544621, 
          288.2712801363152
        ], 
        [
          568.6016160627803, 
          292.46782683816105
        ], 
        [
          559.3548332817932, 
          347.98920065550004
        ], 
        [
          518.2041002798165, 
          347.8209806730079
        ], 
        [
          505.96355088617486, 
          302.5529003825859
        ], 
        [
          546.525213163218, 
          305.6600060430262
        ]
      ], 
      "projected_cuboid_centroid": [
        544.2207857844193, 
        319.2460485035157
      ], 
      "quaternion_xyzw": [
        0.910218733380046, 
        -0.03681371173978974, 
        0.33988611327233437, 
        0.23371730337779734
      ], 
      "visibility": 0.3658624414836154
    }, 
    {
      "bounding_box": {
        "bottom_right": [
          281, 
          565
        ], 
        "top_left": [
          244, 
          427
        ]
      }, 
      "class": "037_scissors", 
      "cuboid": [
        [
          -8.478645010911512, 
          0.2324523305978439, 
          71.77585476564361
        ], 
        [
          10.1096617258785, 
          -1.0429644462396546, 
          79.73244913050976
        ], 
        [
          12.945261217677832, 
          -5.021925677746448, 
          72.47006672833297
        ], 
        [
          -5.64304551911218, 
          -3.746508900908949, 
          64.51347236346683
        ], 
        [
          -8.117389631427152, 
          1.6233629642034835, 
          71.15484607203183
        ], 
        [
          10.47091710536286, 
          0.3479461873659849, 
          79.11144043689798
        ], 
        [
          13.30651659716219, 
          -3.6310150441408084, 
          71.84905803472118
        ], 
        [
          -5.2817901396278195, 
          -2.35559826730331, 
          63.89246366985504
        ]
      ], 
      "cuboid_centroid": [
        2.41393579312534, 
        -1.6992813567714822, 
        71.8124564001824
      ], 
      "location": [
        2.41393579312534, 
        -1.6992813567714822, 
        71.8124564001824
      ], 
      "pose_transform_permuted": [
        [
          -0.2307603798421037, 
          -0.8884769178950187, 
          0.396683925448116, 
          0.0
        ], 
        [
          -0.9174970520928003, 
          0.06295307848681352, 
          -0.3927281800237564, 
          0.0
        ], 
        [
          -0.32395743262481, 
          0.4545825561051462, 
          0.8297020663718222, 
          0.0
        ], 
        [
          2.41393579312534, 
          -1.6992813567714822, 
          71.8124564001824, 
          1.0
        ]
      ], 
      "projected_cuboid": [
        [
          418.0727791954182, 
          275.0137397050007
        ], 
        [
          549.7827622389332, 
          266.31028966852585
        ], 
        [
          577.6573599146799, 
          236.32933026680382
        ], 
        [
          434.55841625039784, 
          242.31492085745552
        ], 
        [
          420.24861143448607, 
          285.4539630718927
        ], 
        [
          552.7736577560443, 
          275.6321723749846
        ], 
        [
          581.1914969929946, 
          246.33432061355387
        ], 
        [
          437.14179968092577, 
          253.6240204656238
        ]
      ], 
      "projected_cuboid_centroid": [
        499.67370756553873, 
        260.666721443847
      ], 
      "quaternion_xyzw": [
        -0.18735080364005882, 
        -0.5162920929441078, 
        0.8319800979660004, 
        -0.07842866517362976
      ], 
      "visibility": 0.8027181060938186
    }, 
    {
      "bounding_box": {
        "bottom_right": [
          340, 
          512
        ], 
        "top_left": [
          298, 
          458
        ]
      }, 
      "class": "061_foam_brick", 
      "cuboid": [
        [
          5.456582157823188, 
          8.641807216315735, 
          89.40159220194566
        ], 
        [
          -1.9141068643240302, 
          9.442448460892885, 
          87.01925887181662
        ], 
        [
          -3.0705229341839444, 
          4.896296628771554, 
          89.06924344302699
        ], 
        [
          4.300166087963274, 
          4.095655384194404, 
          91.45157677315603
        ], 
        [
          4.245070743903678, 
          10.997125931463309, 
          93.94144355249884
        ], 
        [
          -3.12561827824354, 
          11.797767176040457, 
          91.55911022236978
        ], 
        [
          -4.282034348103454, 
          7.251615343919128, 
          93.60909479358016
        ], 
        [
          3.088654674043765, 
          6.450974099341977, 
          95.99142812370921
        ]
      ], 
      "cuboid_centroid": [
        0.5872739048598672, 
        7.946711280117431, 
        91.50534349776291
      ], 
      "location": [
        0.5872739048598672, 
        7.946711280117431, 
        91.50534349776291
      ], 
      "pose_transform_permuted": [
        [
          0.23050064768784576, 
          -0.4481199954991838, 
          -0.8637464448837374, 
          0.0
        ], 
        [
          0.9464891030315284, 
          -0.1028123980204381, 
          0.30592154003250555, 
          0.0
        ], 
        [
          0.22589340242259504, 
          0.8880417109838359, 
          -0.4004423682564635, 
          0.0
        ], 
        [
          0.5872739048598672, 
          7.946711280117431, 
          91.50534349776291, 
          1.0
        ]
      ], 
      "projected_cuboid": [
        [
          514.4192311393267, 
          324.8386961582177
        ], 
        [
          469.7682186773913, 
          331.1569765782112
        ], 
        [
          463.0584952301954, 
          302.60407539612135
        ], 
        [
          506.88339739969604, 
          297.1712352101044
        ], 
        [
          505.89780596246646, 
          335.71886173608334
        ], 
        [
          463.2390374571055, 
          342.00695539696903
        ], 
        [
          456.9977072564686, 
          314.60120383804457
        ], 
        [
          498.9003573279214, 
          309.1275592575752
        ]
      ], 
      "projected_cuboid_centroid": [
        485.048395148346, 
        319.60226759341447
      ], 
      "quaternion_xyzw": [
        0.9615452744019782, 
        -0.08546290257821397, 
        0.1394687806182535, 
        0.22062465136740464
      ], 
      "visibility": 0.3311653116531165
    }
  ]
}