{
  "camera_data": {
    "location_worldframe": [
      -19.106384299363572, 
      14.191730411070022, 
      70.85675063601403
    ], 
    "quaternion_xyzw_worldframe": [
      0.8940335814106811, 
      0.008872237125104728, 
      -0.050773491933607695, 
      -0.44502706464771846
    ]
  }, 
  "objects": [
    {
      "bounding_box": {
        "bottom_right": [
          461, 
          561
        ], 
        "top_left": [
          348, 
          336
        ]
      }, 
      "class": "003_cracker_box", 
      "cuboid": [
        [
          -12.114528653690632, 
          23.05050907836404, 
          62.817309090337815
        ], 
        [
          -13.940513962566154, 
          13.443999013296121, 
          49.646931050635395
        ], 
        [
          7.262737334685034, 
          12.51197884775339, 
          47.387059376616506
        ], 
        [
          9.088722643560555, 
          22.11848891282131, 
          60.557437416318926
        ], 
        [
          -11.921050992098838, 
          17.23902891862587, 
          67.02939435566392
        ], 
        [
          -13.747036300974358, 
          7.632518853557952, 
          53.8590163159615
        ], 
        [
          7.456214996276829, 
          6.700498688015221, 
          51.59914464194261
        ], 
        [
          9.282200305152351, 
          16.307008753083142, 
          64.76952268164501
        ]
      ], 
      "cuboid_centroid": [
        -2.329156828706902, 
        14.87550388318963, 
        57.20822686614021
      ], 
      "location": [
        -2.329156828706902, 
        14.87550388318963, 
        57.20822686614021
      ], 
      "pose_transform_permuted": [
        [
          -0.026946750169569822, 
          0.8093983702897782, 
          -0.5866414158815841, 
          0.0
        ], 
        [
          0.11131612766474325, 
          0.5856342302525286, 
          0.8028955524090633, 
          0.0
        ], 
        [
          -0.9934196456568721, 
          0.04366722488067437, 
          0.10588003161217518, 
          0.0
        ], 
        [
          -2.329156828706902, 
          14.87550388318963, 
          57.20822686614021, 
          1.0
        ]
      ], 
      "projected_cuboid": [
        [
          377.88747540848806, 
          468.98559086313037
        ], 
        [
          330.59666201989205, 
          417.70529253872445
        ], 
        [
          564.01701373373, 
          414.10311177843283
        ], 
        [
          562.3070234024891, 
          468.0805020368335
        ], 
        [
          385.95675577965574, 
          410.4489248049407
        ], 
        [
          344.33757236409906, 
          348.86481719926593
        ], 
        [
          559.3054141259593, 
          342.54170087470425
        ], 
        [
          558.6646948070204, 
          407.56029438549643
        ]
      ], 
      "projected_cuboid_centroid": [
        459.7027227367212, 
        411.96235376937364
      ], 
      "quaternion_xyzw": [
        0.6598531595034993, 
        0.5982595722878504, 
        0.29398540836848813, 
        -0.3467735164709398
      ], 
      "visibility": 0.9541515474919957
    }, 
    {
      "bounding_box": {
        "bottom_right": [
          472, 
          422
        ], 
        "top_left": [
          409, 
          338
        ]
      }, 
      "class": "005_tomato_soup_can", 
      "cuboid": [
        [
          -19.91568877897815, 
          25.77994285667058, 
          72.32002819824733
        ], 
        [
          -14.664454791844205, 
          23.421261615207182, 
          68.76495321859606
        ], 
        [
          -8.241904896403144, 
          27.84356898166666, 
          75.31769795649618
        ], 
        [
          -13.493138883537087, 
          30.20225022313006, 
          78.87277293614746
        ], 
        [
          -19.88957182500491, 
          20.15536157084716, 
          76.0903398465314
        ], 
        [
          -14.638337837870969, 
          17.79668032938376, 
          72.53526486688014
        ], 
        [
          -8.215787942429904, 
          22.218987695843243, 
          79.08800960478025
        ], 
        [
          -13.467021929563849, 
          24.577668937306644, 
          82.64308458443152
        ]
      ], 
      "cuboid_centroid": [
        -14.065738360704028, 
        23.999465276256913, 
        75.70401890151379
      ], 
      "location": [
        -14.065738360704028, 
        23.999465276256913, 
        75.70401890151379
      ], 
      "pose_transform_permuted": [
        [
          -0.003856950419462037, 
          0.8306378749942984, 
          -0.5567994302954508, 
          0.0
        ], 
        [
          -0.7761323522849601, 
          0.34861307355807697, 
          0.5254400609964237, 
          0.0
        ], 
        [
          -0.6305581271450892, 
          -0.4341767516098251, 
          -0.6433404982222225, 
          0.0
        ], 
        [
          -14.065738360704028, 
          23.999465276256913, 
          75.70401890151379, 
          1.0
        ]
      ], 
      "projected_cuboid": [
        [
          333.50613105479295, 
          463.3991350175727
        ], 
        [
          366.9163231871471, 
          454.93455630055047
        ], 
        [
          422.7503436777529, 
          470.44498820221384
        ], 
        [
          389.59923120834617, 
          477.50722022967267
        ], 
        [
          341.02868579711935, 
          414.55610062642234
        ], 
        [
          373.0709420626559, 
          404.1376233468219
        ], 
        [
          425.73328955845443, 
          423.11735703539836
        ], 
        [
          393.96626663272866, 
          431.89330125600026
        ]
      ], 
      "projected_cuboid_centroid": [
        381.681000126462, 
        442.3579426860508
      ], 
      "quaternion_xyzw": [
        0.2943171294094824, 
        0.8317314070945976, 
        0.4430451828089009, 
        -0.15909493344276399
      ], 
      "visibility": 0.2617707267144319
    }, 
    {
      "bounding_box": {
        "bottom_right": [
          495, 
          547
        ], 
        "top_left": [
          411, 
          463
        ]
      }, 
      "class": "010_potted_meat_can", 
      "cuboid": [
        [
          8.415557774268457, 
          25.73219745635041, 
          64.30388546174035
        ], 
        [
          -1.4566494363769236, 
          23.618067741920953, 
          63.12447755178413
        ], 
        [
          -0.6322216738743793, 
          16.977770864914184, 
          68.12658682108543
        ], 
        [
          9.239985536771002, 
          19.09190057934364, 
          69.30599473104164
        ], 
        [
          7.167019142176663, 
          29.015842654509466, 
          68.8687015495298
        ], 
        [
          -2.7051880684687184, 
          26.901712940080014, 
          67.68929363957359
        ], 
        [
          -1.880760305966174, 
          20.26141606307325, 
          72.69140290887488
        ], 
        [
          7.991446904679207, 
          22.3755457775027, 
          73.8708108188311
        ]
      ], 
      "cuboid_centroid": [
        3.2673987341511417, 
        22.996806759711827, 
        68.49764418530762
      ], 
      "location": [
        3.2673987341511417, 
        22.996806759711827, 
        68.49764418530762
      ], 
      "pose_transform_permuted": [
        [
          0.2167564202707386, 
          -0.5700674054431899, 
          -0.7924890499589885, 
          0.0
        ], 
        [
          0.9712246936339481, 
          0.20798742777451693, 
          0.11602978559662909, 
          0.0
        ], 
        [
          -0.09868305033035725, 
          0.7948358615836281, 
          -0.598746698294118, 
          0.0
        ], 
        [
          3.2673987341511417, 
          22.996806759711827, 
          68.49764418530762, 
          1.0
        ]
      ], 
      "projected_cuboid": [
        [
          551.9751516886535, 
          486.7026437572461
        ], 
        [
          469.1877204090773, 
          472.82843570401127
        ], 
        [
          476.6065641782815, 
          406.1946741930797
        ], 
        [
          553.2926239668292, 
          420.201454915165
        ], 
        [
          537.5610254965833, 
          497.9853744874965
        ], 
        [
          460.1054457450712, 
          485.2434008819129
        ], 
        [
          467.68338498402716, 
          421.9397423054928
        ], 
        [
          539.7731273970828, 
          434.829596938121
        ]
      ], 
      "projected_cuboid_centroid": [
        507.2488924989897, 
        452.33864322139306
      ], 
      "quaternion_xyzw": [
        0.9432059166980142, 
        0.08128407399586446, 
        0.08820613822917624, 
        0.3097982325612167
      ], 
      "visibility": 0.3680555555555556
    }, 
    {
      "bounding_box": {
        "bottom_right": [
          382, 
          446
        ], 
        "top_left": [
          337, 
          252
        ]
      }, 
      "class": "037_scissors", 
      "cuboid": [
        [
          -23.096050948789987, 
          11.517160203211683, 
          62.447481917295
        ], 
        [
          -3.03983496740024, 
          11.702955673625064, 
          59.58865178353896
        ], 
        [
          -3.9749219256964565, 
          6.404925308478396, 
          52.684200918656074
        ], 
        [
          -24.031137907086205, 
          6.219129838065015, 
          55.54303105241212
        ], 
        [
          -23.241084627596514, 
          12.763233002898724, 
          61.51096846447278
        ], 
        [
          -3.184868646206768, 
          12.949028473312104, 
          58.65213833071674
        ], 
        [
          -4.119955604502984, 
          7.650998108165438, 
          51.747687465833856
        ], 
        [
          -24.17617158589273, 
          7.465202637752055, 
          54.6065175995899
        ]
      ], 
      "cuboid_centroid": [
        -13.608003276646485, 
        9.58407915568856, 
        57.09758469156443
      ], 
      "location": [
        -13.608003276646485, 
        9.58407915568856, 
        57.09758469156443
      ], 
      "pose_transform_permuted": [
        [
          0.09264367733170643, 
          -0.7959583410968829, 
          0.5982200193363537, 
          0.0
        ], 
        [
          -0.9899513333638551, 
          -0.009170646837836215, 
          0.14110850747711495, 
          0.0
        ], 
        [
          0.10683045019815593, 
          0.6052816415099925, 
          0.7888096264442053, 
          0.0
        ], 
        [
          -13.608003276646485, 
          9.58407915568856, 
          57.09758469156443, 
          1.0
        ]
      ], 
      "projected_cuboid": [
        [
          282.70634087907035, 
          371.64642200409304
        ], 
        [
          454.16376064030374, 
          378.02821705819304
        ], 
        [
          441.0238052446959, 
          338.12328289162366
        ], 
        [
          248.92915326906973, 
          333.0021075151585
        ], 
        [
          278.4102333219065, 
          383.94781148997447
        ], 
        [
          452.39595542079974, 
          391.0311021935361
        ], 
        [
          438.78232727816527, 
          352.13889490239126
        ], 
        [
          243.51055966393236, 
          346.19612705737296
        ]
      ], 
      "projected_cuboid_centroid": [
        353.43237428951096, 
        362.80656107877365
      ], 
      "quaternion_xyzw": [
        0.0654026610837369, 
        -0.44340994015616514, 
        0.8935117506516355, 
        0.027324711535437755
      ], 
      "visibility": 0.7709650811108056
    }, 
    {
      "bounding_box": {
        "bottom_right": [
          465, 
          469
        ], 
        "top_left": [
          415, 
          404
        ]
      }, 
      "class": "061_foam_brick", 
      "cuboid": [
        [
          -2.9645089738087727, 
          23.067377956937783, 
          68.52062934608301
        ], 
        [
          -10.548315996520238, 
          23.430096757005114, 
          70.25207419761982
        ], 
        [
          -10.043126159860064, 
          19.36109526900455, 
          73.31724001191363
        ], 
        [
          -2.4593191371485976, 
          18.998376468937224, 
          71.58579516037682
        ], 
        [
          -1.8890714788735379, 
          26.247440363313306, 
          72.56490600911506
        ], 
        [
          -9.472878501585006, 
          26.610159163380636, 
          74.29635086065187
        ], 
        [
          -8.967688664924829, 
          22.541157675380074, 
          77.36151667494568
        ], 
        [
          -1.383881642213363, 
          22.178438875312743, 
          75.63007182340887
        ]
      ], 
      "cuboid_centroid": [
        -5.966098819366801, 
        22.80426781615893, 
        72.94107301051434
      ], 
      "location": [
        -5.966098819366801, 
        22.80426781615893, 
        72.94107301051434
      ], 
      "pose_transform_permuted": [
        [
          -0.20461139390209265, 
          -0.6050346995790058, 
          -0.7694590241142054, 
          0.0
        ], 
        [
          0.973856132706478, 
          -0.04657765246869511, 
          -0.22233927921194796, 
          0.0
        ], 
        [
          -0.09868338398852072, 
          0.7948355393387038, 
          -0.5987470710815432, 
          0.0
        ], 
        [
          -5.966098819366801, 
          22.80426781615893, 
          72.94107301051434, 
          1.0
        ]
      ], 
      "projected_cuboid": [
        [
          458.3309918436008, 
          452.82786027007216
        ], 
        [
          400.85205401059744, 
          451.1564383199641
        ], 
        [
          407.93319585681525, 
          414.1217802372059
        ], 
        [
          463.12226782567944, 
          414.8258782463924
        ], 
        [
          467.59753787163487, 
          466.1934777646052
        ], 
        [
          413.03147814065323, 
          464.30155862154146
        ], 
        [
          419.25986975609806, 
          428.68215756501684
        ], 
        [
          471.75704470963893, 
          429.68194381929504
        ]
      ], 
      "projected_cuboid_centroid": [
        437.611518314294, 
        440.0233585994143
      ], 
      "quaternion_xyzw": [
        0.9404986305358699, 
        0.013850560178417596, 
        -0.11349050898425446, 
        0.3199849876375332
      ], 
      "visibility": 0.06733001658374793
    }
  ]
}