{
  "camera_data": {
    "location_worldframe": [
      -10.86065008275175, 
      -1.4518483538254037, 
      72.24522823859228
    ], 
    "quaternion_xyzw_worldframe": [
      -0.82789856004777, 
      -0.08944589529010098, 
      -0.14941006907582569, 
      0.5331650472125794
    ]
  }, 
  "objects": [
    {
      "bounding_box": {
        "bottom_right": [
          328, 
          672
        ], 
        "top_left": [
          219, 
          463
        ]
      }, 
      "class": "003_cracker_box", 
      "cuboid": [
        [
          -1.2347995471636133, 
          8.257881604369105, 
          69.99556323384014
        ], 
        [
          2.623976455363476, 
          1.8729594046012321, 
          55.38663678620585
        ], 
        [
          22.868264367548413, 
          -0.43470125801491466, 
          61.74250465308073
        ], 
        [
          19.00948836502132, 
          5.950220941752958, 
          76.35143110071503
        ], 
        [
          -2.7583970240355042, 
          1.689836820104327, 
          72.46372772902771
        ], 
        [
          1.1003789784915854, 
          -4.6950853796635466, 
          57.85480128139342
        ], 
        [
          21.34466689067652, 
          -7.002746042279692, 
          64.21066914826831
        ], 
        [
          17.48589088814943, 
          -0.6178238425118202, 
          78.8195955959026
        ]
      ], 
      "cuboid_centroid": [
        10.054933671756453, 
        0.627567781044706, 
        67.10311619105423
      ], 
      "location": [
        10.054933671756453, 
        0.627567781044706, 
        67.10311619105423
      ], 
      "pose_transform_permuted": [
        [
          0.21220021076580392, 
          0.9147694904311098, 
          -0.34375550894110246, 
          0.0
        ], 
        [
          -0.23523957177479982, 
          0.3892390652126905, 
          0.8905926644564057, 
          0.0
        ], 
        [
          -0.9484900708084179, 
          0.10811905238559494, 
          -0.29778659487808373, 
          0.0
        ], 
        [
          10.054933671756453, 
          0.627567781044706, 
          67.10311619105423, 
          1.0
        ]
      ], 
      "projected_cuboid": [
        [
          472.11031402094295, 
          336.2060970455674
        ], 
        [
          507.07397479094107, 
          291.32132014042674
        ], 
        [
          680.7747635796808, 
          269.5316742124463
        ], 
        [
          615.4860963764669, 
          314.8492082114919
        ], 
        [
          461.1265977037023, 
          285.7234232586507
        ], 
        [
          491.8251609455909, 
          230.00610278546478
        ], 
        [
          660.3585425394194, 
          215.123281783338
        ], 
        [
          600.8984036148865, 
          269.1061365004268
        ]
      ], 
      "projected_cuboid_centroid": [
        562.1772543157286, 
        278.2742972152311
      ], 
      "quaternion_xyzw": [
        0.5515058906194698, 
        0.6063983897427309, 
        0.4999007689580235, 
        -0.279681008873727
      ], 
      "visibility": 0.9860580711644541
    }, 
    {
      "bounding_box": {
        "bottom_right": [
          341, 
          457
        ], 
        "top_left": [
          288, 
          390
        ]
      }, 
      "class": "005_tomato_soup_can", 
      "cuboid": [
        [
          -12.28893922689018, 
          9.58509801589355, 
          75.88243716924721
        ], 
        [
          -6.0199535258316565, 
          7.580038755134426, 
          74.31497127227453
        ], 
        [
          -2.917492544872734, 
          9.919817906982239, 
          83.73009647511466
        ], 
        [
          -9.186478245931259, 
          11.924877167741366, 
          85.29756237208734
        ], 
        [
          -13.783487739626189, 
          3.307721569720078, 
          77.93492745117587
        ], 
        [
          -7.514502038567665, 
          1.3026623089609537, 
          76.36746155420317
        ], 
        [
          -4.412041057608743, 
          3.6424414608087674, 
          85.7825867570433
        ], 
        [
          -10.681026758667267, 
          5.6475007215678925, 
          87.35005265401598
        ]
      ], 
      "cuboid_centroid": [
        -8.35049014224946, 
        6.613769738351159, 
        80.83251196314527
      ], 
      "location": [
        -8.35049014224946, 
        6.613769738351159, 
        80.83251196314527
      ], 
      "pose_transform_permuted": [
        [
          0.22071484748987613, 
          0.9270426306987665, 
          -0.3031116592669305, 
          0.0
        ], 
        [
          -0.9265560495922395, 
          0.2963477468984528, 
          0.2316714503152136, 
          0.0
        ], 
        [
          -0.30459584083306346, 
          -0.22971666766957252, 
          -0.9243655263703782, 
          0.0
        ], 
        [
          -8.35049014224946, 
          6.613769738351159, 
          80.83251196314527, 
          1.0
        ]
      ], 
      "projected_cuboid": [
        [
          394.50775595258966, 
          340.652857108605
        ], 
        [
          438.034993529494, 
          327.6845016770443
        ], 
        [
          462.85921284293977, 
          336.4709050609333
        ], 
        [
          423.6803207991652, 
          347.8463535682415
        ], 
        [
          386.4887012795903, 
          295.92173822479805
        ], 
        [
          428.6814853500186, 
          282.3838067067381
        ], 
        [
          453.938344702676, 
          295.93198894114687
        ], 
        [
          415.8401326229048, 
          307.7676016931565
        ]
      ], 
      "projected_cuboid_centroid": [
        426.04277516491396, 
        316.9230999833138
      ], 
      "quaternion_xyzw": [
        0.19159779420515002, 
        0.7841212241306734, 
        0.5902812282379339, 
        -0.003493274537200757
      ], 
      "visibility": 0.9374297489696516
    }, 
    {
      "bounding_box": {
        "bottom_right": [
          341, 
          588
        ], 
        "top_left": [
          278, 
          515
        ]
      }, 
      "class": "010_potted_meat_can", 
      "cuboid": [
        [
          16.819602621734276, 
          8.729599242021072, 
          80.22792042035756
        ], 
        [
          8.33622039283542, 
          7.799133737380294, 
          74.70637330197705
        ], 
        [
          7.066255903112078, 
          0.20058991715008745, 
          77.93803586160233
        ], 
        [
          15.549638132010934, 
          1.1310554217908644, 
          83.45958297998284
        ], 
        [
          13.769759493532257, 
          11.064842582525024, 
          84.520217690183
        ], 
        [
          5.286377264633401, 
          10.134377077884245, 
          78.99867057180249
        ], 
        [
          4.0164127749100595, 
          2.53583325765404, 
          82.23033313142778
        ], 
        [
          12.499795003808915, 
          3.466298762294817, 
          87.7518802498083
        ]
      ], 
      "cuboid_centroid": [
        10.418007698322167, 
        5.632716249837555, 
        81.22912677589267
      ], 
      "location": [
        10.418007698322167, 
        5.632716249837555, 
        81.22912677589267
      ], 
      "pose_transform_permuted": [
        [
          0.5294774721938906, 
          -0.4054171604611618, 
          -0.7451775756321392, 
          0.0
        ], 
        [
          0.8345925212507104, 
          0.0915389087161004, 
          0.5432080986561816, 
          0.0
        ], 
        [
          0.1520132816448525, 
          0.9095369131833282, 
          -0.38682627335860525, 
          0.0
        ], 
        [
          10.418007698322167, 
          5.632716249837555, 
          81.22912677589267, 
          1.0
        ]
      ], 
      "projected_cuboid": [
        [
          594.3380829258952, 
          331.3170366483864
        ], 
        [
          541.6042569041279, 
          328.9635916258744
        ], 
        [
          530.3534705719983, 
          274.65914802761074
        ], 
        [
          581.7897082227018, 
          280.5141562435304
        ], 
        [
          569.2078371896233, 
          343.1053031862011
        ], 
        [
          517.5827819977621, 
          341.70366095015555
        ], 
        [
          507.86331647808026, 
          289.73313967283354
        ], 
        [
          558.1987323955742, 
          294.35326619046157
        ]
      ], 
      "projected_cuboid_centroid": [
        550.567768417377, 
        310.2688127111969
      ], 
      "quaternion_xyzw": [
        0.9339843427577061, 
        -0.01618720201191861, 
        0.2871262187551327, 
        0.21206014853540495
      ], 
      "visibility": 0.357409381663113
    }, 
    {
      "bounding_box": {
        "bottom_right": [
          265, 
          563
        ], 
        "top_left": [
          222, 
          393
        ]
      }, 
      "class": "037_scissors", 
      "cuboid": [
        [
          -10.993115427586902, 
          -1.9119764776508799, 
          62.572726957971916
        ], 
        [
          8.446515625077469, 
          -2.9027839262108603, 
          68.1921819421155
        ], 
        [
          10.491558955659661, 
          -6.506832786358487, 
          60.48221535951064
        ], 
        [
          -8.948072097004712, 
          -5.516025337798506, 
          54.862760375367046
        ], 
        [
          -10.746885559518843, 
          -0.48739744681669944, 
          61.972114708343426
        ], 
        [
          8.692745493145528, 
          -1.47820489537668, 
          67.59156969248701
        ], 
        [
          10.73778882372772, 
          -5.082253755524306, 
          59.88160310988215
        ], 
        [
          -8.701842228936652, 
          -4.091446306964325, 
          54.26214812573858
        ]
      ], 
      "cuboid_centroid": [
        -0.12766330192959183, 
        -3.497115116587593, 
        61.22716503392704
      ], 
      "location": [
        -0.12766330192959183, 
        -3.497115116587593, 
        61.22716503392704
      ], 
      "pose_transform_permuted": [
        [
          -0.15728512600963704, 
          -0.9099833993880351, 
          0.38365521659474244, 
          0.0
        ], 
        [
          -0.9595174233536057, 
          0.04890509534395363, 
          -0.2773697171736196, 
          0.0
        ], 
        [
          -0.2336391260112349, 
          0.41175011462811467, 
          0.8808370106382106, 
          0.0
        ], 
        [
          -0.12766330192959183, 
          -3.497115116587593, 
          61.22716503392704, 
          1.0
        ]
      ], 
      "projected_cuboid": [
        [
          387.1197751123978, 
          256.9903887217315
        ], 
        [
          548.2063496759979, 
          250.5843532225317
        ], 
        [
          574.8804064346544, 
          215.9106411370852
        ], 
        [
          393.8881902642529, 
          219.66538742705995
        ], 
        [
          388.3407975583266, 
          269.0920933606845
        ], 
        [
          550.7572582256674, 
          261.6230180745812
        ], 
        [
          578.0272941007192, 
          228.02279563484961
        ], 
        [
          395.3576222511062, 
          233.07345179949868
        ]
      ], 
      "projected_cuboid_centroid": [
        480.4757901787199, 
        242.82489607385173
      ], 
      "quaternion_xyzw": [
        -0.1309362246139237, 
        -0.5394700349664204, 
        0.8298979989396985, 
        -0.05564961926143418
      ], 
      "visibility": 0.8119841027208805
    }, 
    {
      "bounding_box": {
        "bottom_right": [
          330, 
          512
        ], 
        "top_left": [
          285, 
          454
        ]
      }, 
      "class": "061_foam_brick", 
      "cuboid": [
        [
          4.734769199956014, 
          6.249477554094791, 
          78.74663884739404
        ], 
        [
          -2.8882443626744405, 
          6.907105172818776, 
          77.29723024434006
        ], 
        [
          -3.666445961559723, 
          2.2509007103401295, 
          79.27748114375086
        ], 
        [
          3.9565676010707325, 
          1.5932730916161457, 
          80.72688974680483
        ], 
        [
          4.016697447002437, 
          8.388397371745505, 
          83.49373600380154
        ], 
        [
          -3.606316115628019, 
          9.046024990469489, 
          82.04432740074758
        ], 
        [
          -4.384517714513301, 
          4.389820527990842, 
          84.02457830015837
        ], 
        [
          3.2384958481171546, 
          3.7321929092668586, 
          85.47398690321235
        ]
      ], 
      "cuboid_centroid": [
        0.17512574272135692, 
        5.319649041042817, 
        81.3856085737762
      ], 
      "location": [
        0.17512574272135692, 
        5.319649041042817, 
        81.3856085737762
      ], 
      "pose_transform_permuted": [
        [
          0.13661943440273938, 
          -0.40694821167703327, 
          -0.903176772927836, 
          0.0
        ], 
        [
          0.9788907451679982, 
          -0.08444765110894559, 
          0.18612228036058082, 
          0.0
        ], 
        [
          0.15201328615590304, 
          0.9095393049423681, 
          -0.3868206478421714, 
          0.0
        ], 
        [
          0.17512574272135692, 
          5.319649041042817, 
          81.3856085737762, 
          1.0
        ]
      ], 
      "projected_cuboid": [
        [
          513.9310016541683, 
          315.6117573555135
        ], 
        [
          461.5032845320195, 
          320.94276628408784
        ], 
        [
          456.7264162704632, 
          288.428913991358
        ], 
        [
          507.9538344546107, 
          283.8124450709272
        ], 
        [
          507.46769678798074, 
          326.86776220129235
        ], 
        [
          457.95927347660785, 
          332.08916858510804
        ], 
        [
          453.5358052489665, 
          301.14954308716636
        ], 
        [
          501.97223355687674, 
          296.57375832530926
        ]
      ], 
      "projected_cuboid_centroid": [
        482.754230980382, 
        308.14617789693614
      ], 
      "quaternion_xyzw": [
        0.9736024372193973, 
        -0.060718042659224335, 
        0.08287307591512111, 
        0.20382263570184864
      ], 
      "visibility": 0.11253309796999117
    }
  ]
}