{
  "camera_data": {
    "location_worldframe": [
      -15.153659453258191, 
      2.3504127867741045, 
      70.26507919304517
    ], 
    "quaternion_xyzw_worldframe": [
      -0.8423601695505997, 
      -0.04181036407272886, 
      -0.0685391594882784, 
      0.5329015510171051
    ]
  }, 
  "objects": [
    {
      "bounding_box": {
        "bottom_right": [
          362, 
          633
        ], 
        "top_left": [
          248, 
          423
        ]
      }, 
      "class": "003_cracker_box", 
      "cuboid": [
        [
          -6.1830895504946355, 
          12.052066527372657, 
          66.09341191570273
        ], 
        [
          -5.101398182290029, 
          5.439656676428144, 
          51.12063343493172
        ], 
        [
          15.99092729986595, 
          3.3008331469868284, 
          53.58899054262444
        ], 
        [
          14.909235931661344, 
          9.913242997931343, 
          68.56176902339546
        ], 
        [
          -7.174549911690481, 
          5.52078097378943, 
          68.906188640698
        ], 
        [
          -6.092858543485874, 
          -1.091628877155084, 
          53.933410159926986
        ], 
        [
          14.999466938670105, 
          -3.2304524065963984, 
          56.401767267619704
        ], 
        [
          13.9177755704655, 
          3.3819574443481146, 
          71.37454574839073
        ]
      ], 
      "cuboid_centroid": [
        4.408188694087735, 
        4.410807060388129, 
        61.247589591661225
      ], 
      "location": [
        4.408188694087735, 
        4.410807060388129, 
        61.247589591661225
      ], 
      "pose_transform_permuted": [
        [
          0.13808640458216537, 
          0.9096498202973493, 
          -0.39175164237380145, 
          0.0
        ], 
        [
          -0.06594231281688978, 
          0.40310721864056553, 
          0.9127738940505621, 
          0.0
        ], 
        [
          -0.9882225236503821, 
          0.10020865587796085, 
          -0.11564803948706792, 
          0.0
        ], 
        [
          4.408188694087735, 
          4.410807060388129, 
          61.247589591661225, 
          1.0
        ]
      ], 
      "projected_cuboid": [
        [
          431.28883137450055, 
          370.5368222446721
        ], 
        [
          427.9328595955147, 
          330.0361366529657
        ], 
        [
          642.065576295418, 
          306.1365495275252
        ], 
        [
          598.5376138467099, 
          350.39841386851964
        ], 
        [
          425.6047865169149, 
          316.0162356443467
        ], 
        [
          420.845856071059, 
          262.49198492025124
        ], 
        [
          624.6098503992541, 
          242.74026940858312
        ], 
        [
          586.4590872406046, 
          298.5569493810477
        ]
      ], 
      "projected_cuboid_centroid": [
        520.3016986209345, 
        311.6940867287057
      ], 
      "quaternion_xyzw": [
        0.597079974843168, 
        0.5825558555436402, 
        0.4399998086138929, 
        -0.33245202245261946
      ], 
      "visibility": 0.9856610116077525
    }, 
    {
      "bounding_box": {
        "bottom_right": [
          370, 
          441
        ], 
        "top_left": [
          317, 
          364
        ]
      }, 
      "class": "005_tomato_soup_can", 
      "cuboid": [
        [
          -15.940696030262332, 
          13.441187424297595, 
          73.93362473073223
        ], 
        [
          -10.066112190459167, 
          11.43036921220656, 
          71.24601082162046
        ], 
        [
          -5.262736596499729, 
          13.934616878938613, 
          79.87159716284802
        ], 
        [
          -11.137320436302895, 
          15.945435091029648, 
          82.5592110719598
        ], 
        [
          -16.9836161608713, 
          7.193773742939344, 
          76.32819913059012
        ], 
        [
          -11.109032321068131, 
          5.182955530848308, 
          73.64058522147835
        ], 
        [
          -6.305656727108694, 
          7.687203197580361, 
          82.26617156270592
        ], 
        [
          -12.18024056691186, 
          9.698021409671396, 
          84.9537854718177
        ]
      ], 
      "cuboid_centroid": [
        -11.123176378685514, 
        10.56419531093898, 
        78.09989814671907
      ], 
      "location": [
        -11.123176378685514, 
        10.56419531093898, 
        78.09989814671907
      ], 
      "pose_transform_permuted": [
        [
          0.1540183912465201, 
          0.922617731131967, 
          -0.35363062420788144, 
          0.0
        ], 
        [
          -0.8682634568280085, 
          0.297198919871297, 
          0.3972293198938523, 
          0.0
        ], 
        [
          -0.4715895661085388, 
          -0.2458639861658219, 
          -0.8468495624632593, 
          0.0
        ], 
        [
          -11.123176378685514, 
          10.56419531093898, 
          78.09989814671907, 
          1.0
        ]
      ], 
      "projected_cuboid": [
        [
          365.6507351408703, 
          370.2444309639485
        ], 
        [
          405.6181774744592, 
          358.8497810801826
        ], 
        [
          446.163817772196, 
          366.3309283467994
        ], 
        [
          409.05216336108214, 
          376.29155324034156
        ], 
        [
          361.940405277462, 
          323.55079755669294
        ], 
        [
          400.47281082976696, 
          310.8225200081016
        ], 
        [
          440.37775341384435, 
          323.12155433394054
        ], 
        [
          404.4952063822055, 
          334.16840106812003
        ]
      ], 
      "projected_cuboid_centroid": [
        405.00741710520015, 
        345.4260973594039
      ], 
      "quaternion_xyzw": [
        0.24469527568174246, 
        0.7854549743940947, 
        0.5631981944478122, 
        -0.07741084357984582
      ], 
      "visibility": 0.761860751694393
    }, 
    {
      "bounding_box": {
        "bottom_right": [
          375, 
          574
        ], 
        "top_left": [
          307, 
          498
        ]
      }, 
      "class": "010_potted_meat_can", 
      "cuboid": [
        [
          13.470387998918639, 
          12.749143991525058, 
          72.73726498107611
        ], 
        [
          4.10581773852432, 
          11.701175314080732, 
          68.92575502219455
        ], 
        [
          3.5134314255956465, 
          4.152890128269619, 
          72.45658921574145
        ], 
        [
          12.878001685989965, 
          5.200858805713944, 
          76.26809917462302
        ], 
        [
          11.267891085784594, 
          15.1450979735134, 
          77.48985714561005
        ], 
        [
          1.9033208253902743, 
          14.097129296069077, 
          73.67834718672849
        ], 
        [
          1.3109345124616008, 
          6.5488441102579635, 
          77.2091813802754
        ], 
        [
          10.67550477285592, 
          7.596812787702288, 
          81.02069133915694
        ]
      ], 
      "cuboid_centroid": [
        7.39066125569012, 
        9.64899405089151, 
        74.97322318067575
      ], 
      "location": [
        7.39066125569012, 
        9.64899405089151, 
        74.97322318067575
      ], 
      "pose_transform_permuted": [
        [
          0.38237130536237046, 
          -0.41595701960708953, 
          -0.8250884979547829, 
          0.0
        ], 
        [
          0.9212835273916902, 
          0.10309883453330596, 
          0.3749751715204817, 
          0.0
        ], 
        [
          0.07090795700075006, 
          0.9035210127303165, 
          -0.4226367721682097, 
          0.0
        ], 
        [
          7.39066125569012, 
          9.64899405089151, 
          74.97322318067575, 
          1.0
        ]
      ], 
      "projected_cuboid": [
        [
          581.1868732386581, 
          366.7650068394275
        ], 
        [
          513.6309734600808, 
          363.82549456027226
        ], 
        [
          507.6733310528833, 
          303.8540495926931
        ], 
        [
          572.3994622928034, 
          309.6545592172163
        ], 
        [
          559.7939661777207, 
          377.52182290579145
        ], 
        [
          495.4890399997926, 
          375.32839162176157
        ], 
        [
          490.72776312802586, 
          318.52243802204686
        ], 
        [
          552.4543062473064, 
          323.29264089663616
        ]
      ], 
      "projected_cuboid_centroid": [
        534.608418000053, 
        341.92434314610233
      ], 
      "quaternion_xyzw": [
        0.9552346620172435, 
        0.008424861139506787, 
        0.19820953609543038, 
        0.21947324179075942
      ], 
      "visibility": 0.3627089212068591
    }, 
    {
      "bounding_box": {
        "bottom_right": [
          297, 
          512
        ], 
        "top_left": [
          255, 
          317
        ]
      }, 
      "class": "037_scissors", 
      "cuboid": [
        [
          -17.10015764656672, 
          1.7306902606676438, 
          60.798678635282975
        ], 
        [
          3.0552198574420277, 
          0.893828592283194, 
          62.67475150208156
        ], 
        [
          3.635926308068153, 
          -2.830223035556246, 
          54.774803742345334
        ], 
        [
          -16.519451195940597, 
          -1.9933613671717962, 
          52.89873087554674
        ], 
        [
          -16.98011595195341, 
          3.145955274961327, 
          60.140343942064
        ], 
        [
          3.1752615520553404, 
          2.309093606576877, 
          62.016416808862594
        ], 
        [
          3.755968002681466, 
          -1.414958021262563, 
          54.11646904912636
        ], 
        [
          -16.399409501327284, 
          -0.5780963528781132, 
          52.24039618232778
        ]
      ], 
      "cuboid_centroid": [
        -6.672094821942628, 
        0.15786611970254033, 
        57.45757384220467
      ], 
      "location": [
        -6.672094821942628, 
        0.15786611970254033, 
        57.45757384220467
      ], 
      "pose_transform_permuted": [
        [
          -0.0766794589616821, 
          -0.9040338520129658, 
          0.4205267865831773, 
          0.0
        ], 
        [
          -0.994845829994035, 
          0.04130651191765241, 
          -0.09260075966963731, 
          0.0
        ], 
        [
          -0.0663437031208282, 
          0.4254600157060849, 
          0.9025417029152791, 
          0.0
        ], 
        [
          -6.672094821942628, 
          0.15786611970254033, 
          57.45757384220467, 
          1.0
        ]
      ], 
      "projected_cuboid": [
        [
          330.3462576068329, 
          288.46797003120986
        ], 
        [
          507.811569631892, 
          280.8924124498341
        ], 
        [
          517.2935975583473, 
          245.72982820837348
        ], 
        [
          313.6617273581079, 
          253.1896729743967
        ], 
        [
          329.7639604284383, 
          301.1846084935318
        ], 
        [
          509.1307690209187, 
          293.14393870096137
        ], 
        [
          518.9207245431105, 
          259.3420801229712
        ], 
        [
          312.78111463213656, 
          267.3847813241224
        ]
      ], 
      "projected_cuboid_centroid": [
        419.150775627716, 
        274.7518468611284
      ], 
      "quaternion_xyzw": [
        -0.05021730381700259, 
        -0.5359241277197694, 
        0.8427384873558489, 
        -0.007427331129058711
      ], 
      "visibility": 0.8105999461931666
    }, 
    {
      "bounding_box": {
        "bottom_right": [
          360, 
          491
        ], 
        "top_left": [
          314, 
          435
        ]
      }, 
      "class": "061_foam_brick", 
      "cuboid": [
        [
          1.3382184347106827, 
          10.206863329570465, 
          73.5951079762544
        ], 
        [
          -6.4252825537452765, 
          10.81649187881849, 
          73.59587852699724
        ], 
        [
          -6.788276734522452, 
          6.191096870067617, 
          75.75948375607102
        ], 
        [
          0.9752242539335064, 
          5.581468320819594, 
          75.75871320532818
        ], 
        [
          1.5125867522676633, 
          12.421389015374576, 
          78.35861593970395
        ], 
        [
          -6.2509142361882954, 
          13.0310175646226, 
          78.3593864904468
        ], 
        [
          -6.613908416965472, 
          8.405622555871727, 
          80.52299171952056
        ], 
        [
          1.1495925714904869, 
          7.795994006623704, 
          80.52222116877773
        ]
      ], 
      "cuboid_centroid": [
        -2.637844991127395, 
        9.306242942721097, 
        77.05904984788748
      ], 
      "location": [
        -2.637844991127395, 
        9.306242942721097, 
        77.05904984788748
      ], 
      "pose_transform_permuted": [
        [
          -0.03317509820488934, 
          -0.4213328896735689, 
          -0.9062990725684412, 
          0.0
        ], 
        [
          0.996931096247422, 
          -0.07828396735046089, 
          -9.894839942931055e-05, 
          0.0
        ], 
        [
          0.07090699679164086, 
          0.9035210105665461, 
          -0.4226369378920851, 
          0.0
        ], 
        [
          -2.637844991127395, 
          9.306242942721097, 
          77.05904984788748, 
          1.0
        ]
      ], 
      "projected_cuboid": [
        [
          491.3755141997057, 
          347.2523251933751
        ], 
        [
          434.64762260449874, 
          351.66928244544
        ], 
        [
          433.41180186618266, 
          316.8696385837021
        ], 
        [
          488.51957994626633, 
          312.5784719702653
        ], 
        [
          491.97773650053136, 
          357.82823046339206
        ], 
        [
          438.69835709286644, 
          361.9765745823174
        ], 
        [
          437.4268031020865, 
          328.9586264379393
        ], 
        [
          489.2745711854255, 
          324.9214309795119
        ]
      ], 
      "projected_cuboid_centroid": [
        463.1886132090528, 
        337.6943086053744
      ], 
      "quaternion_xyzw": [
        0.9755448707494712, 
        -0.03823272732382992, 
        -0.008527041554417575, 
        0.21628165266177518
      ], 
      "visibility": 0.01136842105263158
    }
  ]
}