{
  "camera_data": {
    "location_worldframe": [
      -10.830369836992842, 
      -1.3796837288818822, 
      72.78561385596846
    ], 
    "quaternion_xyzw_worldframe": [
      -0.8277716496250128, 
      -0.092186685087961, 
      -0.1549366739009221, 
      0.5313130032123399
    ]
  }, 
  "objects": [
    {
      "bounding_box": {
        "bottom_right": [
          328, 
          670
        ], 
        "top_left": [
          220, 
          464
        ]
      }, 
      "class": "003_cracker_box", 
      "cuboid": [
        [
          -1.1588245141950073, 
          8.305774462625976, 
          70.62923131523873
        ], 
        [
          2.869249205324563, 
          1.8731190234557549, 
          56.08709660955724
        ], 
        [
          23.02845334020846, 
          -0.4547685150405727, 
          62.70079265659396
        ], 
        [
          19.00037962068889, 
          5.977886924129648, 
          77.24292736227545
        ], 
        [
          -2.7255272975494185, 
          1.7474680592974294, 
          73.09630590746978
        ], 
        [
          1.3025464219701508, 
          -4.685187379872792, 
          58.55417120178829
        ], 
        [
          21.46175055685405, 
          -7.013074918369119, 
          65.16786724882502
        ], 
        [
          17.433676837334477, 
          -0.5804194791988981, 
          79.71000195450651
        ]
      ], 
      "cuboid_centroid": [
        10.151463021329521, 
        0.6463497721284283, 
        67.89854928203187
      ], 
      "location": [
        10.151463021329521, 
        0.6463497721284283, 
        67.89854928203187
      ], 
      "pose_transform_permuted": [
        [
          0.218203735489076, 
          0.9134131699340262, 
          -0.3436037118683199, 
          0.0
        ], 
        [
          -0.24556033732887217, 
          0.3921489897040522, 
          0.8865208912400329, 
          0.0
        ], 
        [
          -0.9445037059480201, 
          0.10906672666384298, 
          -0.3098664205513255, 
          0.0
        ], 
        [
          10.151463021329521, 
          0.6463497721284283, 
          67.89854928203187, 
          1.0
        ]
      ], 
      "projected_cuboid": [
        [
          472.77389327855116, 
          336.00323603737894
        ], 
        [
          509.10747835112227, 
          291.0976053606859
        ], 
        [
          679.1045178748444, 
          269.4183738864589
        ], 
        [
          613.8774064100837, 
          314.5605325268324
        ], 
        [
          461.5455700349948, 
          286.03627855203445
        ], 
        [
          493.55971127439585, 
          230.613195856901
        ], 
        [
          658.6990320377487, 
          215.89306555227478
        ], 
        [
          599.2134769896904, 
          269.40309716948497
        ]
      ], 
      "projected_cuboid_centroid": [
        561.997778685519, 
        278.36339153278976
      ], 
      "quaternion_xyzw": [
        0.549342812186364, 
        0.6082962523584518, 
        0.5027482849608728, 
        -0.2746676282978053
      ], 
      "visibility": 0.9863421902160417
    }, 
    {
      "bounding_box": {
        "bottom_right": [
          341, 
          456
        ], 
        "top_left": [
          289, 
          391
        ]
      }, 
      "class": "005_tomato_soup_can", 
      "cuboid": [
        [
          -12.282751488943033, 
          9.669974496867429, 
          76.37436567849333
        ], 
        [
          -5.998580725865228, 
          7.648852221431371, 
          74.8905677590923
        ], 
        [
          -3.009042346885026, 
          10.008935102012309, 
          84.33710586997412
        ], 
        [
          -9.293213109962831, 
          12.030057377448367, 
          85.82090378937515
        ], 
        [
          -13.81467389240138, 
          3.401122731975534, 
          78.42535518624335
        ], 
        [
          -7.530503129323575, 
          1.380000456539477, 
          76.94155726684232
        ], 
        [
          -4.540964750343375, 
          3.7400833371204145, 
          86.38809537772416
        ], 
        [
          -10.82513551342118, 
          5.761205612556472, 
          87.87189329712517
        ]
      ], 
      "cuboid_centroid": [
        -8.411858119643204, 
        6.705028916993921, 
        81.38123052810874
      ], 
      "location": [
        -8.411858119643204, 
        6.705028916993921, 
        81.38123052810874
      ], 
      "pose_transform_permuted": [
        [
          0.2262342217494532, 
          0.9257837062055635, 
          -0.30289002501342094, 
          0.0
        ], 
        [
          -0.9288004016690073, 
          0.29872186037283616, 
          0.21930532372426062, 
          0.0
        ], 
        [
          -0.2935092372915953, 
          -0.23171006303005204, 
          -0.9274496074262554, 
          0.0
        ], 
        [
          -8.411858119643204, 
          6.705028916993921, 
          81.38123052810874, 
          1.0
        ]
      ], 
      "projected_cuboid": [
        [
          395.11226845364325, 
          340.81163913454617
        ], 
        [
          438.52327531903757, 
          327.7564505556554
        ], 
        [
          462.41032223684834, 
          336.5796880312128
        ], 
        [
          423.3646874862465, 
          348.0453077307236
        ], 
        [
          386.8696111337109, 
          296.415350766835
        ], 
        [
          428.9644767487762, 
          282.8519964203015
        ], 
        [
          453.3296621439785, 
          296.3760583332492
        ], 
        [
          415.34871427150233, 
          308.2529380504822
        ]
      ], 
      "projected_cuboid_centroid": [
        426.01183661037015, 
        317.22693067341555
      ], 
      "quaternion_xyzw": [
        0.18866602560322487, 
        0.7847611881509686, 
        0.5903812973977322, 
        0.002207326932642481
      ], 
      "visibility": 0.9092649310872895
    }, 
    {
      "bounding_box": {
        "bottom_right": [
          341, 
          586
        ], 
        "top_left": [
          278, 
          515
        ]
      }, 
      "class": "010_potted_meat_can", 
      "cuboid": [
        [
          16.767748116882096, 
          8.772104574978293, 
          81.08418241899446
        ], 
        [
          8.351951746127734, 
          7.842183565588518, 
          75.46006995215023
        ], 
        [
          7.027429918872475, 
          0.25501621046218825, 
          78.6965579170329
        ], 
        [
          15.44322628962684, 
          1.1849372198519628, 
          84.32067038387713
        ], 
        [
          13.66919637674301, 
          11.124935423751603, 
          85.33175637706768
        ], 
        [
          5.253400005988643, 
          10.195014414361829, 
          79.70764391022345
        ], 
        [
          3.9288781787333846, 
          2.6078470592354996, 
          82.94413187510614
        ], 
        [
          12.344674549487749, 
          3.537768068625274, 
          88.56824434195035
        ]
      ], 
      "cuboid_centroid": [
        10.348313147807742, 
        5.689975817106896, 
        82.0141571470503
      ], 
      "location": [
        10.348313147807742, 
        5.689975817106896, 
        82.0141571470503
      ], 
      "pose_transform_permuted": [
        [
          0.5379336817884206, 
          -0.40847049436366284, 
          -0.7374132464324696, 
          0.0
        ], 
        [
          0.8279434454189563, 
          0.09148534144162401, 
          0.553298445932494, 
          0.0
        ], 
        [
          0.158543731892197, 
          0.9081751634588651, 
          -0.38740386879090155, 
          0.0
        ], 
        [
          10.348313147807742, 
          5.689975817106896, 
          82.0141571470503, 
          1.0
        ]
      ], 
      "projected_cuboid": [
        [
          592.8036118493002, 
          330.98379798815625
        ], 
        [
          541.1170129789989, 
          328.71174594908433
        ], 
        [
          529.6182157569777, 
          275.01476018918373
        ], 
        [
          580.0878825759539, 
          280.78114424225384
        ], 
        [
          567.7408715635631, 
          342.816876684221
        ], 
        [
          517.0402130296378, 
          341.5008342666863
        ], 
        [
          507.0697489402041, 
          290.0546429113875
        ], 
        [
          556.5508161796014, 
          294.5894440707881
        ]
      ], 
      "projected_cuboid_centroid": [
        549.4506037915316, 
        310.2871685627189
      ], 
      "quaternion_xyzw": [
        0.931870679776745, 
        -0.017990261928468084, 
        0.29275310174539154, 
        0.21351523887017182
      ], 
      "visibility": 0.3565004088307441
    }, 
    {
      "bounding_box": {
        "bottom_right": [
          265, 
          563
        ], 
        "top_left": [
          223, 
          396
        ]
      }, 
      "class": "037_scissors", 
      "cuboid": [
        [
          -10.843387643883686, 
          -1.86639120964243, 
          63.11354147209547
        ], 
        [
          8.522901475760401, 
          -2.877996736556315, 
          68.97722028107907
        ], 
        [
          10.656833889816534, 
          -6.507240461283765, 
          61.303246241903494
        ], 
        [
          -8.709455229827553, 
          -5.49563493436988, 
          55.43956743291989
        ], 
        [
          -10.586989085755487, 
          -0.44394714211851877, 
          62.512124568790576
        ], 
        [
          8.7793000338886, 
          -1.455552669032404, 
          68.37580337777418
        ], 
        [
          10.913232447944733, 
          -5.084796393759854, 
          60.7018293385986
        ], 
        [
          -8.453056671699354, 
          -4.073190866845969, 
          54.83815052961499
        ]
      ], 
      "cuboid_centroid": [
        0.03492240203052388, 
        -3.475593801701142, 
        61.90768540534704
      ], 
      "location": [
        0.03492240203052388, 
        -3.475593801701142, 
        61.90768540534704
      ], 
      "pose_transform_permuted": [
        [
          -0.1637806162197029, 
          -0.9086196413032975, 
          0.384169208077107, 
          0.0
        ], 
        [
          -0.9558973514291567, 
          0.049931664135243, 
          -0.28942431916154904, 
          0.0
        ], 
        [
          -0.24379439630024094, 
          0.4146285407486633, 
          0.8767249870619939, 
          0.0
        ], 
        [
          0.03492240203052388, 
          -3.475593801701142, 
          61.90768540534704, 
          1.0
        ]
      ], 
      "projected_cuboid": [
        [
          389.2051105780913, 
          257.5152318759004
        ], 
        [
          548.0437847457339, 
          251.0343797521893
        ], 
        [
          575.0808919332145, 
          216.67552660510677
        ], 
        [
          397.1153198006636, 
          220.41942757323704
        ], 
        [
          390.5219084595835, 
          269.49902145695495
        ], 
        [
          550.6447647409543, 
          261.93347586905156
        ], 
        [
          578.2785660747795, 
          228.61207721513057
        ], 
        [
          398.7031407956089, 
          233.6733775392416
        ]
      ], 
      "projected_cuboid_centroid": [
        481.9004241960334, 
        243.3451466104155
      ], 
      "quaternion_xyzw": [
        -0.13652992973868433, 
        -0.5378427233255904, 
        0.8298637087279643, 
        -0.05840197918226703
      ], 
      "visibility": 0.8106508875739645
    }, 
    {
      "bounding_box": {
        "bottom_right": [
          330, 
          512
        ], 
        "top_left": [
          285, 
          453
        ]
      }, 
      "class": "061_foam_brick", 
      "cuboid": [
        [
          4.697612236675745, 
          6.310472269801262, 
          79.45942094387432
        ], 
        [
          -2.905510913323611, 
          6.978349090620013, 
          77.91344097061457
        ], 
        [
          -3.7171659990392945, 
          2.3291201673862743, 
          79.8966499335657
        ], 
        [
          3.885957150960062, 
          1.661243346567523, 
          81.44262990682545
        ], 
        [
          3.9246152405871064, 
          8.463891089525635, 
          84.1913126873524
        ], 
        [
          -3.67850790941225, 
          9.131767910344387, 
          82.64533271409265
        ], 
        [
          -4.490162995127934, 
          4.482538987110647, 
          84.62854167704377
        ], 
        [
          3.112960154871423, 
          3.814662166291896, 
          86.17452165030353
        ]
      ], 
      "cuboid_centroid": [
        0.10372462077390607, 
        5.396505628455954, 
        82.04398131045905
      ], 
      "location": [
        0.10372462077390607, 
        5.396505628455954, 
        82.04398131045905
      ], 
      "pose_transform_permuted": [
        [
          0.1470694425261339, 
          -0.40970677369337766, 
          -0.9002838100648127, 
          0.0
        ], 
        [
          0.9763365662094821, 
          -0.08576377746678215, 
          0.19852325797474213, 
          0.0
        ], 
        [
          0.15854806387127507, 
          0.9081767086114859, 
          -0.3873984736395826, 
          0.0
        ], 
        [
          0.10372462077390607, 
          5.396505628455954, 
          82.04398131045905, 
          1.0
        ]
      ], 
      "projected_cuboid": [
        [
          513.3894834102663, 
          315.64147085869195
        ], 
        [
          461.54302961192263, 
          321.05352377835135
        ], 
        [
          456.5777707499079, 
          288.8336904322429
        ], 
        [
          507.2559646183324, 
          284.16503748655725
        ], 
        [
          506.665176411533, 
          326.90203254718153
        ], 
        [
          457.6614259454593, 
          332.2148585002545
        ], 
        [
          453.0647554813683, 
          301.5349962058163
        ], 
        [
          501.0232049125617, 
          296.89483887483937
        ]
      ], 
      "projected_cuboid_centroid": [
        482.2769406609772, 
        308.36604151574227
      ], 
      "quaternion_xyzw": [
        0.9727277477390295, 
        -0.06279039584969333, 
        0.0888205104933416, 
        0.20486339810541043
      ], 
      "visibility": 0.16153502900490851
    }
  ]
}