{
  "camera_data": {
    "location_worldframe": [
      -23.26786726991503, 
      13.842141819035113, 
      75.1034622631323
    ], 
    "quaternion_xyzw_worldframe": [
      0.9268767112079503, 
      0.037273382306666415, 
      -0.12745399216755873, 
      -0.3510917020676809
    ]
  }, 
  "objects": [
    {
      "bounding_box": {
        "bottom_right": [
          467, 
          510
        ], 
        "top_left": [
          319, 
          289
        ]
      }, 
      "class": "003_cracker_box", 
      "cuboid": [
        [
          -18.341211638429105, 
          21.658092271444136, 
          64.77707901361582
        ], 
        [
          -20.052475482982107, 
          9.455743142398019, 
          53.948765780505624
        ], 
        [
          0.7730285897519853, 
          10.564922357120853, 
          49.407659226750475
        ], 
        [
          2.484292434304987, 
          22.76727148616697, 
          60.235972459860676
        ], 
        [
          -16.958531521523827, 
          16.87415145181695, 
          69.94955457794305
        ], 
        [
          -18.66979536607683, 
          4.671802322770832, 
          59.12124134483285
        ], 
        [
          2.1557087066572653, 
          5.780981537493665, 
          54.580134791077704
        ], 
        [
          3.866972551210267, 
          17.983330666539786, 
          65.4084480241879
        ]
      ], 
      "cuboid_centroid": [
        -8.092751465885922, 
        13.719536904468901, 
        59.678606902346765
      ], 
      "location": [
        -8.092751465885922, 
        13.719536904468901, 
        59.678606902346765
      ], 
      "pose_transform_permuted": [
        [
          -0.19257383704216846, 
          0.666287038161969, 
          -0.7204005136479342, 
          0.0
        ], 
        [
          0.1043224519180988, 
          0.743882355929329, 
          0.660118070168381, 
          0.0
        ], 
        [
          -0.9757213451148091, 
          -0.05196752172638608, 
          0.2127609770915831, 
          0.0
        ], 
        [
          -8.092751465885922, 
          13.719536904468901, 
          59.678606902346765, 
          1.0
        ]
      ], 
      "projected_cuboid": [
        [
          329.332659952745, 
          451.6009189071465
        ], 
        [
          281.71298228092024, 
          366.7628746189527
        ], 
        [
          490.01088524392856, 
          387.3271558920398
        ], 
        [
          503.775893929059, 
          474.86428700902934
        ], 
        [
          351.22185653150257, 
          401.94090144306494
        ], 
        [
          311.77749258990633, 
          315.4298287981104
        ], 
        [
          502.83671206525497, 
          329.7743183011022
        ], 
        [
          513.3898842413789, 
          419.91686945728975
        ]
      ], 
      "projected_cuboid_centroid": [
        408.673273303478, 
        395.8915732357815
      ], 
      "quaternion_xyzw": [
        0.6657243130304854, 
        0.6457641952478129, 
        0.17557727124230865, 
        -0.3301096257292987
      ], 
      "visibility": 0.9703001455489556
    }, 
    {
      "bounding_box": {
        "bottom_right": [
          481, 
          388
        ], 
        "top_left": [
          407, 
          304
        ]
      }, 
      "class": "005_tomato_soup_can", 
      "cuboid": [
        [
          -25.52121323368072, 
          25.313313969415674, 
          74.4567734488673
        ], 
        [
          -20.351046097389283, 
          22.91658171727734, 
          70.809522430391
        ], 
        [
          -14.013101497529801, 
          29.28239985119848, 
          75.61069217722377
        ], 
        [
          -19.183268633821235, 
          31.679132103336816, 
          79.25794319570008
        ], 
        [
          -24.37054439962494, 
          20.60290282904684, 
          79.18327689055951
        ], 
        [
          -19.200377263333504, 
          18.206170576908505, 
          75.53602587208321
        ], 
        [
          -12.86243266347402, 
          24.571988710829647, 
          80.33719561891598
        ], 
        [
          -18.032599799765457, 
          26.96872096296798, 
          83.98444663739228
        ]
      ], 
      "cuboid_centroid": [
        -19.191822948577368, 
        24.94265134012266, 
        77.39698453389164
      ], 
      "location": [
        -19.191822948577368, 
        24.94265134012266, 
        77.39698453389164
      ], 
      "pose_transform_permuted": [
        [
          -0.1699307142295721, 
          0.6956332749332184, 
          -0.6980097851649596, 
          0.0
        ], 
        [
          -0.7641506722092127, 
          0.3542370127111054, 
          0.5390636789903764, 
          0.0
        ], 
        [
          -0.6222516822599593, 
          -0.6249882718888399, 
          -0.47137299872399485, 
          0.0
        ], 
        [
          -19.191822948577368, 
          24.94265134012266, 
          77.39698453389164, 
          1.0
        ]
      ], 
      "projected_cuboid": [
        [
          297.2701162585227, 
          454.60094941131257
        ], 
        [
          327.0407334481426, 
          445.88849022847216
        ], 
        [
          381.93204096551426, 
          479.82977721389204
        ], 
        [
          351.43886413904534, 
          486.4525734267234
        ], 
        [
          316.0873505405415, 
          412.0523478896241
        ], 
        [
          344.90372441545344, 
          401.8305961459799
        ], 
        [
          395.49805339056246, 
          436.4080245604383
        ], 
        [
          366.1318406196306, 
          444.543807612897
        ]
      ], 
      "projected_cuboid_centroid": [
        348.249860806346, 
        445.15892417333373
      ], 
      "quaternion_xyzw": [
        0.2778807405464762, 
        0.8785141901618625, 
        0.33209659181549395, 
        -0.20175951656777433
      ], 
      "visibility": 0.37787542000516927
    }, 
    {
      "bounding_box": {
        "bottom_right": [
          513, 
          504
        ], 
        "top_left": [
          419, 
          411
        ]
      }, 
      "class": "010_potted_meat_can", 
      "cuboid": [
        [
          1.6740171547908829, 
          26.956381331582097, 
          63.29252180541177
        ], 
        [
          -7.880741723398331, 
          23.513240996140244, 
          63.70772065841752
        ], 
        [
          -5.688230059296555, 
          18.155324018805608, 
          69.73100374649894
        ], 
        [
          3.8665288188926588, 
          21.598464354247458, 
          69.3158048934932
        ], 
        [
          0.41817442813266054, 
          30.92184737023933, 
          67.27707429731295
        ], 
        [
          -9.136584450056553, 
          27.478707034797484, 
          67.6922731503187
        ], 
        [
          -6.944072785954777, 
          22.12079005746284, 
          73.71555623840013
        ], 
        [
          2.6106860922344364, 
          25.563930392904695, 
          73.30035738539438
        ]
      ], 
      "cuboid_centroid": [
        -2.6350278155819473, 
        24.538585694522467, 
        68.50403902190595
      ], 
      "location": [
        -2.6350278155819473, 
        24.538585694522467, 
        68.50403902190595
      ], 
      "pose_transform_permuted": [
        [
          0.21802447025401017, 
          -0.6884370264174048, 
          -0.6917505893096411, 
          0.0
        ], 
        [
          0.9399942248182319, 
          0.3387350818388654, 
          -0.04084713481022104, 
          0.0
        ], 
        [
          -0.26244111217419497, 
          0.6413364697171484, 
          -0.7209800241695445, 
          0.0
        ], 
        [
          -2.6350278155819473, 
          24.538585694522467, 
          68.50403902190595, 
          1.0
        ]
      ], 
      "projected_cuboid": [
        [
          495.8203322291973, 
          500.4281598583592
        ], 
        [
          415.0748440323949, 
          470.1240916949083
        ], 
        [
          437.7295598702484, 
          412.1428474825391
        ], 
        [
          511.59426925770896, 
          439.46630065234945
        ], 
        [
          484.93965145306, 
          518.4105556742866
        ], 
        [
          409.01380170536146, 
          489.7799706858918
        ], 
        [
          430.93920702256185, 
          433.3267131475684
        ], 
        [
          500.75022323353545, 
          459.2848767027239
        ]
      ], 
      "projected_cuboid_centroid": [
        460.9118195176256, 
        464.3250297414213
      ], 
      "quaternion_xyzw": [
        0.9045829541624446, 
        0.1661473365286025, 
        0.0489665802977235, 
        0.38952122746219875
      ], 
      "visibility": 0.5149621834922723
    }, 
    {
      "bounding_box": {
        "bottom_right": [
          355, 
          401
        ], 
        "top_left": [
          299, 
          235
        ]
      }, 
      "class": "037_scissors", 
      "cuboid": [
        [
          -27.620235883555424, 
          9.086706810570288, 
          67.87654017692319
        ], 
        [
          -8.135342819354317, 
          11.02915745065263, 
          62.677977205279724
        ], 
        [
          -8.974635233783156, 
          4.3800229451805075, 
          57.04774153646478
        ], 
        [
          -28.45952829798426, 
          2.4375723050981657, 
          62.24630450810825
        ], 
        [
          -28.021929051178006, 
          10.093693736198205, 
          66.74719985260779
        ], 
        [
          -8.537035986976905, 
          12.036144376280546, 
          61.54863688096432
        ], 
        [
          -9.376328401405743, 
          5.387009870808424, 
          55.918401212149384
        ], 
        [
          -28.861221465606846, 
          3.4445592307260817, 
          61.116964183792845
        ]
      ], 
      "cuboid_centroid": [
        -18.498282142480583, 
        7.236858340689356, 
        61.89747069453628
      ], 
      "location": [
        -18.498282142480583, 
        7.236858340689356, 
        61.89747069453628
      ], 
      "pose_transform_permuted": [
        [
          0.25659096917221086, 
          -0.6432366094744653, 
          0.7213927238454033, 
          0.0
        ], 
        [
          -0.9617515032375227, 
          -0.09587708882509467, 
          0.2565949803357581, 
          0.0
        ], 
        [
          0.09588625494756069, 
          0.7596406156085675, 
          0.6432349482417652, 
          0.0
        ], 
        [
          -18.498282142480583, 
          7.236858340689356, 
          61.89747069453628, 
          1.0
        ]
      ], 
      "projected_cuboid": [
        [
          262.77081509019996, 
          344.682614976228
        ], 
        [
          411.79751851501624, 
          367.13234980536106
        ], 
        [
          396.9971222570295, 
          314.2338559381082
        ], 
        [
          235.7268860586875, 
          294.1713930098192
        ], 
        [
          255.83201547807528, 
          353.9365809485352
        ], 
        [
          407.0071024503927, 
          377.579855056195
        ], 
        [
          391.4254632605891, 
          324.66493572815375
        ], 
        [
          227.6491411866375, 
          303.344491900984
        ]
      ], 
      "projected_cuboid_centroid": [
        320.88435473467825, 
        335.6405926854146
      ], 
      "quaternion_xyzw": [
        0.13828969556101908, 
        -0.34666919512324823, 
        0.927737145247981, 
        2.470021415269617e-06
      ], 
      "visibility": 0.6998758535071384
    }, 
    {
      "bounding_box": {
        "bottom_right": [
          477, 
          433
        ], 
        "top_left": [
          419, 
          363
        ]
      }, 
      "class": "061_foam_brick", 
      "cuboid": [
        [
          -8.787879929877697, 
          23.88600105351201, 
          69.25151883928034
        ], 
        [
          -16.154375617601943, 
          23.703284788406464, 
          71.77043749790536
        ], 
        [
          -14.810860303289239, 
          20.420090036052514, 
          75.46134933210753
        ], 
        [
          -7.444364615564994, 
          20.602806301158058, 
          72.9424306734825
        ], 
        [
          -7.786449588948837, 
          27.916831419757543, 
          72.47255598155627
        ], 
        [
          -15.152945276673083, 
          27.734115154652, 
          74.9914746401813
        ], 
        [
          -13.809429962360378, 
          24.450920402298046, 
          78.68238647438346
        ], 
        [
          -6.4429342746361336, 
          24.633636667403593, 
          76.16346781575844
        ]
      ], 
      "cuboid_centroid": [
        -11.298654946119038, 
        24.16846072790503, 
        73.9669526568319
      ], 
      "location": [
        -11.298654946119038, 
        24.16846072790503, 
        73.9669526568319
      ], 
      "pose_transform_permuted": [
        [
          -0.1905308852613901, 
          -0.7669007484903154, 
          -0.6128305016287172, 
          0.0
        ], 
        [
          0.9459506261910615, 
          0.023463064762246383, 
          -0.32346081277443994, 
          0.0
        ], 
        [
          -0.26244122117199825, 
          0.6413366717699501, 
          -0.7209798047607116, 
          0.0
        ], 
        [
          -11.298654946119038, 
          24.16846072790503, 
          73.9669526568319, 
          1.0
        ]
      ], 
      "projected_cuboid": [
        [
          413.35588539747084, 
          457.23733558125497
        ], 
        [
          360.555004426306, 
          449.42348801060047
        ], 
        [
          376.04968869574964, 
          417.6045763246893
        ], 
        [
          426.7139045506308, 
          423.92423907307153
        ], 
        [
          423.8197165793087, 
          478.72420600066806
        ], 
        [
          372.93526757374997, 
          470.524248066073
        ], 
        [
          387.21489701853756, 
          439.0180982633531
        ], 
        [
          436.10572894862315, 
          445.77869486732374
        ]
      ], 
      "projected_cuboid_centroid": [
        399.4521400316435, 
        447.5469737343467
      ], 
      "quaternion_xyzw": [
        0.8944436538415553, 
        0.07991120645395362, 
        -0.14366240283227502, 
        0.41586760296769754
      ], 
      "visibility": 0.324572514249525
    }
  ]
}