{
  "camera_data": {
    "location_worldframe": [
      -18.602168759852873, 
      14.080540299590938, 
      71.02786073469038
    ], 
    "quaternion_xyzw_worldframe": [
      0.891534427814731, 
      0.013335013726499893, 
      -0.044273942081985145, 
      -0.4505894309683547
    ]
  }, 
  "objects": [
    {
      "bounding_box": {
        "bottom_right": [
          460, 
          569
        ], 
        "top_left": [
          349, 
          346
        ]
      }, 
      "class": "003_cracker_box", 
      "cuboid": [
        [
          -11.504342782631163, 
          23.052076903435548, 
          63.20931329276579
        ], 
        [
          -13.112495625442843, 
          13.611406514333602, 
          49.89144173888577
        ], 
        [
          8.124333811924094, 
          12.74174269340177, 
          47.94354352975294
        ], 
        [
          9.732486654735776, 
          22.182413082503714, 
          61.26141508363296
        ], 
        [
          -11.364739249823597, 
          17.18767562943475, 
          67.34956764317329
        ], 
        [
          -12.97289209263528, 
          7.747005240332807, 
          54.031696089293256
        ], 
        [
          8.263937344731662, 
          6.877341419400975, 
          52.08379788016043
        ], 
        [
          9.872090187543343, 
          16.31801180850292, 
          65.40166943404046
        ]
      ], 
      "cuboid_centroid": [
        -1.6202027189497508, 
        14.964709161418261, 
        57.64655558646311
      ], 
      "location": [
        -1.6202027189497508, 
        14.964709161418261, 
        57.64655558646311
      ], 
      "pose_transform_permuted": [
        [
          -0.01944338943527113, 
          0.8167689991933824, 
          -0.576637109943428, 
          0.0
        ], 
        [
          0.09803657580634367, 
          0.5755242745743658, 
          0.8118870852401936, 
          0.0
        ], 
        [
          -0.9949928564625155, 
          0.04074569096592767, 
          0.09126337850569452, 
          0.0
        ], 
        [
          -1.6202027189497508, 
          14.964709161418261, 
          57.64655558646311, 
          1.0
        ]
      ], 
      "projected_cuboid": [
        [
          383.721909972143, 
          467.7851554308432
        ], 
        [
          340.26163990955564, 
          418.7870365757565
        ], 
        [
          572.7245509649352, 
          415.02451564889526
        ], 
        [
          567.0306347564035, 
          466.39855282373867
        ], 
        [
          390.85338574747544, 
          409.3902179773697
        ], 
        [
          352.48110422605237, 
          349.7533140524844
        ], 
        [
          566.9220325468682, 
          343.70807036584137
        ], 
        [
          562.7701481734073, 
          406.3521818893411
        ]
      ], 
      "projected_cuboid_centroid": [
        466.4827797130166, 
        411.7331870665567
      ], 
      "quaternion_xyzw": [
        0.6548700971787649, 
        0.5995529257645145, 
        0.30251942301947987, 
        -0.34664599193449075
      ], 
      "visibility": 0.9570977364449903
    }, 
    {
      "bounding_box": {
        "bottom_right": [
          470, 
          425
        ], 
        "top_left": [
          408, 
          341
        ]
      }, 
      "class": "005_tomato_soup_can", 
      "cuboid": [
        [
          -19.4541843410485, 
          25.64788705553483, 
          72.62599251642318
        ], 
        [
          -14.145251186957738, 
          23.343007412254124, 
          69.12168769338184
        ], 
        [
          -7.831077808127368, 
          27.691517783738895, 
          75.82736329648917
        ], 
        [
          -13.14001096221813, 
          29.9963974270196, 
          79.33166811953049
        ], 
        [
          -19.475532918358773, 
          19.975735893927656, 
          76.32438299059322
        ], 
        [
          -14.166599764268012, 
          17.670856250646956, 
          72.8200781675519
        ], 
        [
          -7.852426385437641, 
          22.019366622131727, 
          79.52575377065921
        ], 
        [
          -13.161359539528403, 
          24.32424626541243, 
          83.03005859370055
        ]
      ], 
      "cuboid_centroid": [
        -13.65330536324307, 
        23.833626838833275, 
        76.0758731435412
      ], 
      "location": [
        -13.65330536324307, 
        23.833626838833275, 
        76.0758731435412
      ], 
      "pose_transform_permuted": [
        [
          0.003152756799132997, 
          0.8376629918033218, 
          -0.546178115001502, 
          0.0
        ], 
        [
          -0.7846602888204103, 
          0.3406611976644227, 
          0.5179362321493182, 
          0.0
        ], 
        [
          -0.6199178527286839, 
          -0.42693145251557907, 
          -0.6583550643241048, 
          0.0
        ], 
        [
          -13.65330536324307, 
          23.833626838833275, 
          76.0758731435412, 
          1.0
        ]
      ], 
      "projected_cuboid": [
        [
          337.5472603188238, 
          461.6284794782798
        ], 
        [
          371.5475699491121, 
          453.39329460879543
        ], 
        [
          426.059441489544, 
          468.05038153029517
        ], 
        [
          392.52513532685043, 
          474.9420250223748
        ], 
        [
          344.3769512184405, 
          412.8677664572605
        ], 
        [
          376.9791148283164, 
          402.7043294343373
        ], 
        [
          428.4978884962727, 
          420.95391454568727
        ], 
        [
          396.3543786165094, 
          429.5263034223122
        ]
      ], 
      "projected_cuboid_centroid": [
        385.08478412797814, 
        440.368944083564
      ], 
      "quaternion_xyzw": [
        0.2892171917890987, 
        0.8303267212876946, 
        0.4504305407055185, 
        -0.15499425170607667
      ], 
      "visibility": 0.2912216723104975
    }, 
    {
      "bounding_box": {
        "bottom_right": [
          492, 
          550
        ], 
        "top_left": [
          410, 
          467
        ]
      }, 
      "class": "010_potted_meat_can", 
      "cuboid": [
        [
          8.995943486966663, 
          25.74700673155421, 
          65.04287106489741
        ], 
        [
          -0.85339563081216, 
          23.632518980128985, 
          63.686226981327934
        ], 
        [
          -0.09348466673917352, 
          16.93028857917788, 
          68.6154220344425
        ], 
        [
          9.75585445103965, 
          19.044776330603106, 
          69.972066118012
        ], 
        [
          7.672212146292806, 
          28.97020556204038, 
          69.62953053072115
        ], 
        [
          -2.1771269714860173, 
          26.855717810615154, 
          68.27288644715168
        ], 
        [
          -1.4172160074130309, 
          20.153487409664052, 
          73.20208150026626
        ], 
        [
          8.432123110365792, 
          22.267975161089275, 
          74.55872558383574
        ]
      ], 
      "cuboid_centroid": [
        3.789363739776816, 
        22.95024707060913, 
        69.12247628258183
      ], 
      "location": [
        3.789363739776816, 
        22.95024707060913, 
        69.12247628258183
      ], 
      "pose_transform_permuted": [
        [
          0.22981048357625475, 
          -0.5595734263716785, 
          -0.7962812373271921, 
          0.0
        ], 
        [
          0.968974937726843, 
          0.20802265134348275, 
          0.13346622556851034, 
          0.0
        ], 
        [
          -0.09096046412431846, 
          0.8022492328194331, 
          -0.5900189508879528, 
          0.0
        ], 
        [
          3.789363739776816, 
          22.95024707060913, 
          69.12247628258183, 
          1.0
        ]
      ], 
      "projected_cuboid": [
        [
          555.9740859100723, 
          484.39934209299554
        ], 
        [
          474.3910296727207, 
          471.1893777188533
        ], 
        [
          480.86439577652914, 
          404.8787395637848
        ], 
        [
          556.5748106321672, 
          418.44378054584155
        ], 
        [
          540.851233229089, 
          495.18057973305844
        ], 
        [
          464.4485258378243, 
          483.0723105458631
        ], 
        [
          471.18578354699235, 
          420.1163723861831
        ], 
        [
          542.414798588936, 
          432.5696686677817
        ]
      ], 
      "projected_cuboid_centroid": [
        511.07783396969285, 
        450.3608683531376
      ], 
      "quaternion_xyzw": [
        0.9443920541641416, 
        0.07914697983466831, 
        0.09616681640399136, 
        0.3043207458678555
      ], 
      "visibility": 0.3472774416594641
    }, 
    {
      "bounding_box": {
        "bottom_right": [
          382, 
          453
        ], 
        "top_left": [
          337, 
          259
        ]
      }, 
      "class": "037_scissors", 
      "cuboid": [
        [
          -22.458538185766194, 
          11.507115070712146, 
          62.5253571577978
        ], 
        [
          -2.3614736094586473, 
          11.76096194221492, 
          59.97530100857211
        ], 
        [
          -3.1819287278077866, 
          6.549927485484145, 
          52.9905369893147
        ], 
        [
          -23.278993304115332, 
          6.296080613981372, 
          55.54059313854039
        ], 
        [
          -22.59149966141348, 
          12.764797083400135, 
          61.60267257551638
        ], 
        [
          -2.494435085105931, 
          13.018643954902906, 
          59.0526164262907
        ], 
        [
          -3.3148902034550702, 
          7.807609498172133, 
          52.06785240703328
        ], 
        [
          -23.411954779762617, 
          7.55376262666936, 
          54.61790855625897
        ]
      ], 
      "cuboid_centroid": [
        -12.886714194610633, 
        9.65736228444214, 
        57.29660478241554
      ], 
      "location": [
        -12.886714194610633, 
        9.65736228444214, 
        57.29660478241554
      ], 
      "pose_transform_permuted": [
        [
          0.08493227330906022, 
          -0.8033739992542517, 
          0.5893865026608729, 
          0.0
        ], 
        [
          -0.9919675721719353, 
          -0.01252958430182407, 
          0.12586778520041347, 
          0.0
        ], 
        [
          0.09373415903513706, 
          0.5953426599222251, 
          0.797985126500691, 
          0.0
        ], 
        [
          -12.886714194610633, 
          9.65736228444214, 
          57.29660478241554, 
          1.0
        ]
      ], 
      "projected_cuboid": [
        [
          288.4371372224752, 
          371.43823342119873
        ], 
        [
          460.42309390831133, 
          377.8687779241289
        ], 
        [
          449.30589271514833, 
          339.2078287406518
        ], 
        [
          256.201475304807, 
          333.7436360949668
        ], 
        [
          284.3832938096817, 
          383.79661774198274
        ], 
        [
          458.88143829104627, 
          390.86130752866984
        ], 
        [
          447.36042227064115, 
          353.2581682798605
        ], 
        [
          251.08463828066624, 
          347.04567014006534
        ]
      ], 
      "projected_cuboid_centroid": [
        360.6472985518629, 
        363.177735682073
      ], 
      "quaternion_xyzw": [
        0.05913612362529014, 
        -0.44923218664512343, 
        0.891164509890715, 
        0.022780466971039734
      ], 
      "visibility": 0.7801556420233463
    }, 
    {
      "bounding_box": {
        "bottom_right": [
          462, 
          472
        ], 
        "top_left": [
          413, 
          408
        ]
      }, 
      "class": "061_foam_brick", 
      "cuboid": [
        [
          -2.442304396595206, 
          23.010703077285843, 
          69.05133156820914
        ], 
        [
          -10.052235118599333, 
          23.339346543888674, 
          70.67137571505218
        ], 
        [
          -9.58658123421971, 
          19.23239221032831, 
          73.69185976757471
        ], 
        [
          -1.976650512215583, 
          18.90374874372548, 
          72.07181562073167
        ], 
        [
          -1.4342294017319208, 
          26.140628759275174, 
          73.15168356176483
        ], 
        [
          -9.044160123736047, 
          26.469272225878004, 
          74.77172770860786
        ], 
        [
          -8.578506239356425, 
          22.36231789231764, 
          77.79221176113039
        ], 
        [
          -0.9685755173522979, 
          22.03367442571481, 
          76.17216761428736
        ]
      ], 
      "cuboid_centroid": [
        -5.510405317975815, 
        22.68651048480174, 
        73.42177166466976
      ], 
      "location": [
        -5.510405317975815, 
        22.68651048480174, 
        73.42177166466976
      ], 
      "pose_transform_permuted": [
        [
          -0.19179508881568547, 
          -0.5954957490489601, 
          -0.7801278464269824, 
          0.0
        ], 
        [
          0.9772107440103981, 
          -0.04220195140338018, 
          -0.2080340286789425, 
          0.0
        ], 
        [
          -0.09096046227250454, 
          0.8022492182373037, 
          -0.5900189710007702, 
          0.0
        ], 
        [
          -5.510405317975815, 
          22.68651048480174, 
          73.42177166466976, 
          1.0
        ]
      ], 
      "projected_cuboid": [
        [
          462.5766766671966, 
          451.0102443162029
        ], 
        [
          405.10598214493075, 
          449.41627147440414
        ], 
        [
          411.6392955074768, 
          412.47438626409564
        ], 
        [
          466.84828677146464, 
          413.17116990786735
        ], 
        [
          471.0535391727726, 
          463.86737706707424
        ], 
        [
          416.55077373507305, 
          462.0822454360284
        ], 
        [
          422.29534882210237, 
          426.59574191167434
        ], 
        [
          474.7590720027456, 
          427.55535333082076
        ]
      ], 
      "projected_cuboid_centroid": [
        441.2371372179398, 
        438.0763549668015
      ], 
      "quaternion_xyzw": [
        0.9433434963833011, 
        0.012921727625212969, 
        -0.10596063868239378, 
        0.3141789614798038
      ], 
      "visibility": 0.04665314401622718
    }
  ]
}