{
  "camera_data": {
    "location_worldframe": [
      -9.920913608282671, 
      -0.6001184481036272, 
      76.15247363260063
    ], 
    "quaternion_xyzw_worldframe": [
      -0.8276848169605241, 
      -0.1036494511795623, 
      -0.17843372577561706, 
      0.5218777650818855
    ]
  }, 
  "objects": [
    {
      "bounding_box": {
        "bottom_right": [
          330, 
          667
        ], 
        "top_left": [
          227, 
          471
        ]
      }, 
      "class": "003_cracker_box", 
      "cuboid": [
        [
          -0.05954610287703804, 
          8.96932165345046, 
          74.37036398343012
        ], 
        [
          4.670242826636292, 
          2.2855093011705496, 
          60.156502269985744
        ], 
        [
          24.429951479187633, 
          -0.11443281621125838, 
          67.86025063983145
        ], 
        [
          19.700162549674303, 
          6.569379536068654, 
          82.07411235327584
        ], 
        [
          -1.8150579814452616, 
          2.462272996768593, 
          76.84602416986993
        ], 
        [
          2.91473094806807, 
          -4.22153935551132, 
          62.63216245642557
        ], 
        [
          22.67443960061941, 
          -6.6214814728931275, 
          70.33591082627127
        ], 
        [
          17.94465067110608, 
          0.06233087938678529, 
          84.54977253971565
        ]
      ], 
      "cuboid_centroid": [
        11.307446748871186, 
        1.1739200902786673, 
        72.3531374048507
      ], 
      "location": [
        11.307446748871186, 
        1.1739200902786673, 
        72.3531374048507
      ], 
      "pose_transform_permuted": [
        [
          0.24450026748460651, 
          0.9062742078348394, 
          -0.34479947710704334, 
          0.0
        ], 
        [
          -0.2883384580072146, 
          0.40746007400889706, 
          0.8665086391506356, 
          0.0
        ], 
        [
          -0.9257864509885516, 
          0.11244264449931424, 
          -0.3609378047032807, 
          0.0
        ], 
        [
          11.307446748871186, 
          1.1739200902786673, 
          72.3531374048507, 
          1.0
        ]
      ], 
      "projected_cuboid": [
        [
          481.1664977128545, 
          337.60671377904066
        ], 
        [
          523.3463140299446, 
          293.548800942861
        ], 
        [
          675.1941858240825, 
          272.38720057452235
        ], 
        [
          610.6759986443516, 
          315.97452637890405
        ], 
        [
          468.8953986816964, 
          290.374974533304
        ], 
        [
          506.6231477909454, 
          237.3396774369308
        ], 
        [
          654.9579824602165, 
          223.07938636266624
        ], 
        [
          595.7308763808057, 
          273.67970614280006
        ]
      ], 
      "projected_cuboid_centroid": [
        565.6395614388806, 
        281.93957772068615
      ], 
      "quaternion_xyzw": [
        0.5405792410921696, 
        0.6165823729670967, 
        0.5138048329374411, 
        -0.2522000299298298
      ], 
      "visibility": 0.98281005824691
    }, 
    {
      "bounding_box": {
        "bottom_right": [
          344, 
          459
        ], 
        "top_left": [
          294, 
          399
        ]
      }, 
      "class": "005_tomato_soup_can", 
      "cuboid": [
        [
          -11.45795813481969, 
          10.51400485406607, 
          79.49866719124758
        ], 
        [
          -5.123292346824846, 
          8.41750358518301, 
          78.3788076101465
        ], 
        [
          -2.614534880389674, 
          10.893314559626036, 
          87.935005033619
        ], 
        [
          -8.949200668384517, 
          12.989815828509094, 
          89.05486461472009
        ], 
        [
          -13.154099809125434, 
          4.289836818243364, 
          81.55650157326978
        ], 
        [
          -6.819434021130591, 
          2.193335549360305, 
          80.4366419921687
        ], 
        [
          -4.310676554695418, 
          4.669146523803331, 
          89.99283941564121
        ], 
        [
          -10.64534234269026, 
          6.76564779268639, 
          91.1126989967423
        ]
      ], 
      "cuboid_centroid": [
        -7.884317344757553, 
        7.5915756889347, 
        84.74575330344439
      ], 
      "location": [
        -7.884317344757553, 
        7.5915756889347, 
        84.74575330344439
      ], 
      "pose_transform_permuted": [
        [
          0.25048611522170217, 
          0.9191848153948996, 
          -0.3039008756938766, 
          0.0
        ], 
        [
          -0.9362635660535251, 
          0.3098628751591198, 
          0.16551523947292315, 
          0.0
        ], 
        [
          -0.24630675280849404, 
          -0.24307210634801027, 
          -0.9382158251897458, 
          0.0
        ], 
        [
          -7.884317344757553, 
          7.5915756889347, 
          84.74575330344439, 
          1.0
        ]
      ], 
      "projected_cuboid": [
        [
          404.0903910656178, 
          343.8201064592632
        ], 
        [
          446.4457015266151, 
          330.5624731515727
        ], 
        [
          465.6079555419877, 
          339.35371996511526
        ], 
        [
          427.5566960343146, 
          351.07816893951895
        ], 
        [
          394.86208872080056, 
          301.338918106181
        ], 
        [
          436.0053319632845, 
          287.82902473831876
        ], 
        [
          455.83805585118375, 
          300.957042590572
        ], 
        [
          418.76628775197486, 
          312.8886187057402
        ]
      ], 
      "projected_cuboid_centroid": [
        431.5662179103394, 
        321.0616278734062
      ], 
      "quaternion_xyzw": [
        0.17646891977000514, 
        0.7879144223986848, 
        0.5893408559936223, 
        0.02696069310741203
      ], 
      "visibility": 0.9080260303687635
    }, 
    {
      "bounding_box": {
        "bottom_right": [
          342, 
          584
        ], 
        "top_left": [
          282, 
          516
        ]
      }, 
      "class": "010_potted_meat_can", 
      "cuboid": [
        [
          17.294029668965347, 
          9.43970235439082, 
          85.75097440946496
        ], 
        [
          9.178422863765714, 
          8.497298639283368, 
          79.70367550015276
        ], 
        [
          7.614564071078772, 
          0.9710008555253182, 
          82.97529715296272
        ], 
        [
          15.730170876278404, 
          1.9134045706327694, 
          89.02259606227494
        ], 
        [
          13.997670431634438, 
          11.882166757143446, 
          89.7941295930202
        ], 
        [
          5.882063626434806, 
          10.939763042035995, 
          83.74683068370798
        ], 
        [
          4.318204833747863, 
          3.4134652582779452, 
          87.01845233651797
        ], 
        [
          12.433811638947494, 
          4.355868973385396, 
          93.06575124583017
        ]
      ], 
      "cuboid_centroid": [
        10.806117251356605, 
        6.426583806334382, 
        86.38471337299146
      ], 
      "location": [
        10.806117251356605, 
        6.426583806334382, 
        86.38471337299146
      ], 
      "pose_transform_permuted": [
        [
          0.5722746656330121, 
          -0.42403160540765983, 
          -0.7019244912896563, 
          0.0
        ], 
        [
          0.7984108887558812, 
          0.09271338617140848, 
          0.5949313973248438, 
          0.0
        ], 
        [
          0.1871920900381141, 
          0.9008891461167396, 
          -0.3916093306296652, 
          0.0
        ], 
        [
          10.806117251356605, 
          6.426583806334382, 
          86.38471337299146, 
          1.0
        ]
      ], 
      "projected_cuboid": [
        [
          590.0518936023757, 
          331.9958198242747
        ], 
        [
          543.5242704064148, 
          330.1443395814965
        ], 
        [
          530.9471613610222, 
          279.52759754128164
        ], 
        [
          576.6192350104847, 
          284.749426879146
        ], 
        [
          565.4270870187142, 
          343.8589935618985
        ], 
        [
          519.3675989699318, 
          342.9535309641888
        ], 
        [
          508.2830778696815, 
          294.2070188660396
        ], 
        [
          553.4436551490558, 
          298.2481397966692
        ]
      ], 
      "projected_cuboid_centroid": [
        548.8675479200202, 
        312.9628054942969
      ], 
      "quaternion_xyzw": [
        0.9221204539215955, 
        -0.025614523423948144, 
        0.31644620233559506, 
        0.22113188482279234
      ], 
      "visibility": 0.3612645794966237
    }, 
    {
      "bounding_box": {
        "bottom_right": [
          271, 
          567
        ], 
        "top_left": [
          230, 
          414
        ]
      }, 
      "class": "037_scissors", 
      "cuboid": [
        [
          -9.42812645774628, 
          -1.231530977817975, 
          66.501342343079
        ], 
        [
          9.59159434140836, 
          -2.3198487323731145, 
          73.39518121340194
        ], 
        [
          12.093645234644704, 
          -6.081669735899673, 
          65.89828857843274
        ], 
        [
          -6.9260755645099366, 
          -4.993351981344535, 
          59.00444970810981
        ], 
        [
          -9.12715868479629, 
          0.1795112804791929, 
          65.89375055382392
        ], 
        [
          9.89256211435835, 
          -0.9088064740759464, 
          72.78758942414684
        ], 
        [
          12.394613007594693, 
          -4.670627477602506, 
          65.29069678917764
        ], 
        [
          -6.625107791559948, 
          -3.5823097230473664, 
          58.396857918854714
        ]
      ], 
      "cuboid_centroid": [
        1.4832432749242057, 
        -2.9510792277102404, 
        65.89601956612833
      ], 
      "location": [
        1.4832432749242057, 
        -2.9510792277102404, 
        65.89601956612833
      ], 
      "pose_transform_permuted": [
        [
          -0.1922502516233916, 
          -0.9013364671902754, 
          0.3881135618729737, 
          0.0
        ], 
        [
          -0.938791144989789, 
          0.053718089855290946, 
          -0.3402718133871469, 
          0.0
        ], 
        [
          -0.2858506590982349, 
          0.42977503622108615, 
          0.8564940492168565, 
          0.0
        ], 
        [
          1.4832432749242057, 
          -2.9510792277102404, 
          65.89601956612833, 
          1.0
        ]
      ], 
      "projected_cuboid": [
        [
          405.35639507114234, 
          263.4100518142265
        ], 
        [
          551.874357419203, 
          256.4295626526051
        ], 
        [
          580.2874507898664, 
          224.06714794106767
        ], 
        [
          418.4731141890512, 
          228.1534605526756
        ], 
        [
          407.1096179534503, 
          274.7394357217374
        ], 
        [
          554.6845829506625, 
          266.6276515727499
        ], 
        [
          583.6847664155322, 
          235.13505205770787
        ], 
        [
          420.5878862249315, 
          240.57046392587026
        ]
      ], 
      "projected_cuboid_centroid": [
        493.70151590708446, 
        249.40241942632235
      ], 
      "quaternion_xyzw": [
        -0.16036679669339607, 
        -0.5293633213875021, 
        0.8301625959840411, 
        -0.06990575411548851
      ], 
      "visibility": 0.8013624955181069
    }, 
    {
      "bounding_box": {
        "bottom_right": [
          333, 
          514
        ], 
        "top_left": [
          290, 
          457
        ]
      }, 
      "class": "061_foam_brick", 
      "cuboid": [
        [
          5.3040560702620105, 
          7.05677163663818, 
          83.52593455706719
        ], 
        [
          -2.200383267510335, 
          7.766049049579737, 
          81.57045227978897
        ], 
        [
          -3.158670473403846, 
          3.1541241259196355, 
          83.57521298348267
        ], 
        [
          4.345768864368499, 
          2.444846712978078, 
          85.53069526076091
        ], 
        [
          4.302507721852936, 
          9.287335466162531, 
          88.17857062163507
        ], 
        [
          -3.2019316159194093, 
          9.996612879104088, 
          86.22308834435685
        ], 
        [
          -4.16021882181292, 
          5.3846879554439875, 
          88.22784904805057
        ], 
        [
          3.3442205159594245, 
          4.67541054250243, 
          90.18333132532878
        ]
      ], 
      "cuboid_centroid": [
        0.5719186242245446, 
        6.220729796041083, 
        85.87689180255887
      ], 
      "location": [
        0.5719186242245446, 
        6.220729796041083, 
        85.87689180255887
      ], 
      "pose_transform_permuted": [
        [
          0.19055333721711146, 
          -0.4243842868562555, 
          -0.8852047236345553, 
          0.0
        ], 
        [
          0.9636643244912626, 
          -0.09108013380545646, 
          0.2511085003116757, 
          0.0
        ], 
        [
          0.1871910665021717, 
          0.9008897747757423, 
          -0.3916083736672289, 
          0.0
        ], 
        [
          0.5719186242245446, 
          6.220729796041083, 
          85.87689180255887, 
          1.0
        ]
      ], 
      "projected_cuboid": [
        [
          515.7461093857348, 
          318.34457328201006
        ], 
        [
          467.0907507842627, 
          324.0621059260887
        ], 
        [
          461.2726300304673, 
          293.41399089547053
        ], 
        [
          508.9205711350449, 
          288.5311776503589
        ], 
        [
          507.8362542434608, 
          329.45798467949646
        ], 
        [
          461.6269701061138, 
          335.1190415043275
        ], 
        [
          456.2398149902041, 
          305.8358924867237
        ], 
        [
          501.5386862006425, 
          300.93563859722786
        ]
      ], 
      "projected_cuboid_centroid": [
        485.1784429906331, 
        311.9190146839293
      ], 
      "quaternion_xyzw": [
        0.9682147002216966, 
        -0.07185162553406571, 
        0.11404026333923088, 
        0.21069517441137864
      ], 
      "visibility": 0.25012048192771086
    }
  ]
}