{
  "camera_data": {
    "location_worldframe": [
      -23.626344959044836, 
      15.806535937523458, 
      74.48156309715
    ], 
    "quaternion_xyzw_worldframe": [
      0.9195997545943427, 
      0.036116648067894906, 
      -0.129691558518461, 
      -0.36907126583605265
    ]
  }, 
  "objects": [
    {
      "bounding_box": {
        "bottom_right": [
          490, 
          507
        ], 
        "top_left": [
          344, 
          281
        ]
      }, 
      "class": "003_cracker_box", 
      "cuboid": [
        [
          -18.74587258475574, 
          23.987117884198604, 
          64.41887830790833
        ], 
        [
          -20.60256897011123, 
          12.212675550921908, 
          53.149747819707116
        ], 
        [
          0.19069437746145196, 
          13.400678614050223, 
          48.48258645257145
        ], 
        [
          2.0473907628169434, 
          25.175120947326924, 
          59.751716940772646
        ], 
        [
          -17.34436079389696, 
          19.0040195122236, 
          69.39450820273034
        ], 
        [
          -19.201057179252455, 
          7.229577178946902, 
          58.12537771452914
        ], 
        [
          1.5922061683202273, 
          8.417580242075216, 
          53.45821634739346
        ], 
        [
          3.4489025536757185, 
          20.192022575351913, 
          64.72734683559467
        ]
      ], 
      "cuboid_centroid": [
        -8.576833208217757, 
        16.20234906313691, 
        58.938547327650895
      ], 
      "location": [
        -8.576833208217757, 
        16.20234906313691, 
        58.938547327650895
      ], 
      "pose_transform_permuted": [
        [
          -0.195196632920125, 
          0.6940248594863885, 
          -0.6929846815850584, 
          0.0
        ], 
        [
          0.11318834322614407, 
          0.7177962054685604, 
          0.6869912709581232, 
          0.0
        ], 
        [
          -0.9742107951846801, 
          -0.05566059494683301, 
          0.21866692643332655, 
          0.0
        ], 
        [
          -8.576833208217757, 
          16.20234906313691, 
          58.938547327650895, 
          1.0
        ]
      ], 
      "projected_cuboid": [
        [
          325.10791524549296, 
          471.8742819395201
        ], 
        [
          273.14226505321164, 
          395.83197425172915
        ], 
        [
          483.71223214298413, 
          420.6970796951537
        ], 
        [
          500.0235368183478, 
          497.98945360175315
        ], 
        [
          347.1891254678597, 
          419.3386684357099
        ], 
        [
          303.9528444751354, 
          339.62030197890886
        ], 
        [
          497.6138995400014, 
          357.26353333870946
        ], 
        [
          510.25104281846893, 
          439.65827403638957
        ]
      ], 
      "projected_cuboid_centroid": [
        403.3407751289387, 
        419.8973799607667
      ], 
      "quaternion_xyzw": [
        0.6615346608198942, 
        0.6394249239171375, 
        0.1858536926200045, 
        -0.3449145751443096
      ], 
      "visibility": 0.9584037332046021
    }, 
    {
      "bounding_box": {
        "bottom_right": [
          494, 
          386
        ], 
        "top_left": [
          421, 
          302
        ]
      }, 
      "class": "005_tomato_soup_can", 
      "cuboid": [
        [
          -25.830110973509825, 
          27.30390326063995, 
          74.28930175491169
        ], 
        [
          -20.70101529614492, 
          25.024431864973458, 
          70.51123592883356
        ], 
        [
          -14.29427457684372, 
          31.174948429242626, 
          75.49814203896317
        ], 
        [
          -19.42337025420862, 
          33.454419824909124, 
          79.2762078650413
        ], 
        [
          -24.663826066809197, 
          22.41225594015636, 
          78.82399167481961
        ], 
        [
          -19.534730389444295, 
          20.132784544489866, 
          75.04592584874148
        ], 
        [
          -13.127989670143094, 
          26.283301108759037, 
          80.03283195887109
        ], 
        [
          -18.257085347507996, 
          28.56277250442553, 
          83.81089778494922
        ]
      ], 
      "cuboid_centroid": [
        -19.479050321826456, 
        26.793602184699495, 
        77.1610668568914
      ], 
      "location": [
        -19.479050321826456, 
        26.793602184699495, 
        77.1610668568914
      ], 
      "pose_transform_permuted": [
        [
          -0.17223689503456202, 
          0.7223982246908192, 
          -0.669682774133639, 
          0.0
        ], 
        [
          -0.7580803108224363, 
          0.33690585881710244, 
          0.5583981067813445, 
          0.0
        ], 
        [
          -0.6290060014846042, 
          -0.6038502259816358, 
          -0.48960836867671864, 
          0.0
        ], 
        [
          -19.479050321826456, 
          26.793602184699495, 
          77.1610668568914, 
          1.0
        ]
      ], 
      "projected_cuboid": [
        [
          294.6185415087518, 
          469.3000414324488
        ], 
        [
          323.71781748987354, 
          462.5616144358091
        ], 
        [
          379.7807022285014, 
          493.5066659560436
        ], 
        [
          349.8401409040481, 
          498.34646096143985
        ], 
        [
          313.3320787249955, 
          424.9268538542937
        ], 
        [
          341.61511828377047, 
          416.361703487197
        ], 
        [
          393.3862648871585, 
          448.43214820910555
        ], 
        [
          364.45235606898945, 
          455.04196989864386
        ]
      ], 
      "projected_cuboid_centroid": [
        345.8403618521955, 
        458.4777662896166
      ], 
      "quaternion_xyzw": [
        0.27737709820423423, 
        0.8705764341713068, 
        0.3480471518050092, 
        -0.20981357096789285
      ], 
      "visibility": 0.2575370464997445
    }, 
    {
      "bounding_box": {
        "bottom_right": [
          531, 
          501
        ], 
        "top_left": [
          436, 
          408
        ]
      }, 
      "class": "010_potted_meat_can", 
      "cuboid": [
        [
          1.2817591509515676, 
          29.24865152704313, 
          62.97166346135469
        ], 
        [
          -8.285647442065919, 
          25.834853866290526, 
          63.334622539964215
        ], 
        [
          -6.070191713955521, 
          20.242263151643453, 
          69.13195001972822
        ], 
        [
          3.4972148790619655, 
          23.656060812396056, 
          68.76899094111869
        ], 
        [
          0.07701905874503735, 
          33.06544402889259, 
          67.11405609443717
        ], 
        [
          -9.490387534272449, 
          29.65164636813999, 
          67.47701517304671
        ], 
        [
          -7.274931806162052, 
          24.05905565349292, 
          73.2743426528107
        ], 
        [
          2.2924747868554354, 
          27.472853314245523, 
          72.91138357420118
        ]
      ], 
      "cuboid_centroid": [
        -2.996586327605242, 
        26.653853590268024, 
        68.1230030570827
      ], 
      "location": [
        -2.996586327605242, 
        26.653853590268024, 
        68.1230030570827
      ], 
      "pose_transform_permuted": [
        [
          0.2091526389582538, 
          -0.6626260961032575, 
          -0.7191529163967636, 
          0.0
        ], 
        [
          0.9412385030933084, 
          0.3358483585735014, 
          -0.03570780195375964, 
          0.0
        ], 
        [
          -0.26518749011817977, 
          0.6694266448467667, 
          -0.6939333990045595, 
          0.0
        ], 
        [
          -2.996586327605242, 
          26.653853590268024, 
          68.1230030570827, 
          1.0
        ]
      ], 
      "projected_cuboid": [
        [
          492.54300753768496, 
          520.9992040172253
        ], 
        [
          411.2449792063996, 
          490.8331648135985
        ], 
        [
          434.3782262408237, 
          429.44581518097
        ], 
        [
          508.94480678828023, 
          456.74481356876487
        ], 
        [
          482.21419882761353, 
          536.0399737452361
        ], 
        [
          405.9625894534046, 
          507.6449138052572
        ], 
        [
          428.2059854641249, 
          448.39783981063067
        ], 
        [
          498.5054089572572, 
          474.2402157177031
        ]
      ], 
      "projected_cuboid_centroid": [
        457.94197125681785, 
        481.953529287664
      ], 
      "quaternion_xyzw": [
        0.9123894541719614, 
        0.1646873070330342, 
        0.04752489088168603, 
        0.37170516628202427
      ], 
      "visibility": 0.43575600259571706
    }, 
    {
      "bounding_box": {
        "bottom_right": [
          375, 
          395
        ], 
        "top_left": [
          321, 
          226
        ]
      }, 
      "class": "037_scissors", 
      "cuboid": [
        [
          -28.059474202859043, 
          11.348531125312785, 
          67.11545405177503
        ], 
        [
          -8.608105580899721, 
          13.400193668888441, 
          61.83396101262443
        ], 
        [
          -9.524471172840766, 
          6.973555475232835, 
          55.96254289219327
        ], 
        [
          -28.975839794800084, 
          4.92189293165718, 
          61.244035931343866
        ], 
        [
          -28.465457893469914, 
          12.399474692739986, 
          66.02849292162067
        ], 
        [
          -9.014089271510594, 
          14.451137236315642, 
          60.74699988247008
        ], 
        [
          -9.930454863451638, 
          8.024499042660036, 
          54.87558176203892
        ], 
        [
          -29.38182348541096, 
          5.97283649908438, 
          60.157074801189516
        ]
      ], 
      "cuboid_centroid": [
        -18.99496453315534, 
        9.68651508398641, 
        60.99551790690697
      ], 
      "location": [
        -18.99496453315534, 
        9.68651508398641, 
        60.99551790690697
      ], 
      "pose_transform_permuted": [
        [
          0.25933164175655016, 
          -0.6713149494362523, 
          0.6943220157054539, 
          0.0
        ], 
        [
          -0.9600967760283458, 
          -0.10126766048540839, 
          0.26068831134998394, 
          0.0
        ], 
        [
          0.1046915988557186, 
          0.7342211816747471, 
          0.6707892090059214, 
          0.0
        ], 
        [
          -18.99496453315534, 
          9.68651508398641, 
          60.99551790690697, 
          1.0
        ]
      ], 
      "projected_cuboid": [
        [
          256.7699290822625, 
          363.46537942512975
        ], 
        [
          406.7332019492779, 
          388.86357016355777
        ], 
        [
          390.07303140355407, 
          339.74409167831794
        ], 
        [
          227.1696168412612, 
          316.14690547365996
        ], 
        [
          249.76232126955236, 
          373.43849332778996
        ], 
        [
          401.79966556259734, 
          400.1582271534453
        ], 
        [
          384.28163053085046, 
          351.274275827145
        ], 
        [
          218.94321664908236, 
          326.23842572811304
        ]
      ], 
      "projected_cuboid_centroid": [
        314.12888789246654, 
        357.98141990467997
      ], 
      "quaternion_xyzw": [
        0.14124637063586962, 
        -0.36453859176520736, 
        0.9204129471884545, 
        0.000930000599396491
      ], 
      "visibility": 0.7152690863579474
    }, 
    {
      "bounding_box": {
        "bottom_right": [
          492, 
          431
        ], 
        "top_left": [
          433, 
          360
        ]
      }, 
      "class": "061_foam_brick", 
      "cuboid": [
        [
          -9.146284749168283, 
          26.00079193795847, 
          68.89586915473392
        ], 
        [
          -16.49300824900587, 
          25.755360682372043, 
          71.46666912269696
        ], 
        [
          -15.135432429870482, 
          22.32836372842914, 
          75.0191205470652
        ], 
        [
          -7.788708930032895, 
          22.57379498401557, 
          72.44832057910216
        ], 
        [
          -8.099694700470378, 
          29.90184305766354, 
          72.259198736044
        ], 
        [
          -15.446418200307965, 
          29.65641180207711, 
          74.82999870400704
        ], 
        [
          -14.088842381172578, 
          26.22941484813421, 
          78.38245012837528
        ], 
        [
          -6.742118881334988, 
          26.47484610372064, 
          75.81165016041224
        ]
      ], 
      "cuboid_centroid": [
        -11.61756356517043, 
        26.11510339304634, 
        73.6391596415546
      ], 
      "location": [
        -11.61756356517043, 
        26.11510339304634, 
        73.6391596415546
      ], 
      "pose_transform_permuted": [
        [
          -0.19912291482921923, 
          -0.742209111217796, 
          -0.6399028832683955, 
          0.0
        ], 
        [
          0.9434116287755441, 
          0.031516457723002766, 
          -0.3301230249220282, 
          0.0
        ], 
        [
          -0.2651877890872645, 
          0.6694268803371166, 
          -0.6939330575791337, 
          0.0
        ], 
        [
          -11.61756356517043, 
          26.11510339304634, 
          73.6391596415546, 
          1.0
        ]
      ], 
      "projected_cuboid": [
        [
          410.20610045735947, 
          474.55740789858885
        ], 
        [
          357.4924131729701, 
          465.48576025053103
        ], 
        [
          373.10084979888285, 
          432.02145182341576
        ], 
        [
          423.78361843777185, 
          439.4608100036739
        ], 
        [
          421.3179013129445, 
          493.98146339592637
        ], 
        [
          370.59174963026305, 
          484.6502350890319
        ], 
        [
          384.936751993586, 
          451.7532811199728
        ], 
        [
          433.77237553344855, 
          459.53171083653734
        ]
      ], 
      "projected_cuboid_centroid": [
        396.7575938789345, 
        462.420907844497
      ], 
      "quaternion_xyzw": [
        0.9017679014553934, 
        0.08225626747509153, 
        -0.14672454489039802, 
        0.3981462875533416
      ], 
      "visibility": 0.22770398481973433
    }
  ]
}