{
  "camera_data": {
    "location_worldframe": [
      -23.48351217048451, 
      15.699753314739336, 
      74.48616971386718
    ], 
    "quaternion_xyzw_worldframe": [
      0.920220438012424, 
      0.0361569799017793, 
      -0.13021542571926392, 
      -0.36733569750871964
    ]
  }, 
  "objects": [
    {
      "bounding_box": {
        "bottom_right": [
          489, 
          508
        ], 
        "top_left": [
          342, 
          282
        ]
      }, 
      "class": "003_cracker_box", 
      "cuboid": [
        [
          -18.616532713772532, 
          23.847475406504614, 
          64.39013066867982
        ], 
        [
          -20.47026654507672, 
          12.03005701293746, 
          53.16558572996558
        ], 
        [
          0.3189535234732546, 
          13.218860660284705, 
          48.48065008730747
        ], 
        [
          2.172687354777442, 
          25.036279053851857, 
          59.7051950260217
        ], 
        [
          -17.207501990484825, 
          18.88392780112743, 
          69.38314830583356
        ], 
        [
          -19.061235821789012, 
          7.06650940756028, 
          58.15860336711933
        ], 
        [
          1.7279842467609594, 
          8.255313054907521, 
          53.473667724461215
        ], 
        [
          3.5817180780651463, 
          20.072731448474673, 
          64.69821266317545
        ]
      ], 
      "cuboid_centroid": [
        -8.444274233505785, 
        16.051394230706066, 
        58.93189919657051
      ], 
      "location": [
        -8.444274233505785, 
        16.051394230706066, 
        58.93189919657051
      ], 
      "pose_transform_permuted": [
        [
          -0.19624383801882916, 
          0.6913019114271614, 
          -0.6954063727755108, 
          0.0
        ], 
        [
          0.11300773933881503, 
          0.7204161217354476, 
          0.6842732366483344, 
          0.0
        ], 
        [
          -0.9740213585384921, 
          -0.05569810410426995, 
          0.21949969091098948, 
          0.0
        ], 
        [
          -8.444274233505785, 
          16.051394230706066, 
          58.93189919657051, 
          1.0
        ]
      ], 
      "projected_cuboid": [
        [
          326.1182507468229, 
          470.80633661212096
        ], 
        [
          274.54258767009725, 
          393.9635681236756
        ], 
        [
          485.13501111334665, 
          418.7028482958505
        ], 
        [
          501.1664395966724, 
          496.92432868519745
        ], 
        [
          348.227862991007, 
          418.4394857712738
        ], 
        [
          305.34719089283493, 
          338.08705989090237
        ], 
        [
          498.9747391084969, 
          355.6208962692733
        ], 
        [
          511.36789314346004, 
          438.7498534046751
        ]
      ], 
      "projected_cuboid_centroid": [
        404.5415711275044, 
        418.547814083904
      ], 
      "quaternion_xyzw": [
        0.6619509060364779, 
        0.6399407663098526, 
        0.18431480121073043, 
        -0.3439838189027117
      ], 
      "visibility": 0.9634346589771317
    }, 
    {
      "bounding_box": {
        "bottom_right": [
          493, 
          387
        ], 
        "top_left": [
          420, 
          303
        ]
      }, 
      "class": "005_tomato_soup_can", 
      "cuboid": [
        [
          -25.697360849987604, 
          27.19444359181428, 
          74.25309984120756
        ], 
        [
          -20.568735992250105, 
          24.905519049674748, 
          70.48011359601757
        ], 
        [
          -14.164103189672137, 
          31.079874875910924, 
          75.44019645803866
        ], 
        [
          -19.292728047409636, 
          33.36879941805046, 
          79.21318270322864
        ], 
        [
          -24.52390723261432, 
          22.320523202563184, 
          78.8049954143092
        ], 
        [
          -19.39528237487682, 
          20.03159866042365, 
          75.03200916911922
        ], 
        [
          -12.990649572298851, 
          26.205954486659827, 
          79.9920920311403
        ], 
        [
          -18.119274430036352, 
          28.494879028799357, 
          83.7650782763303
        ]
      ], 
      "cuboid_centroid": [
        -19.344005211143227, 
        26.700199039237056, 
        77.12259593617394
      ], 
      "location": [
        -19.344005211143227, 
        26.700199039237056, 
        77.12259593617394
      ], 
      "pose_transform_permuted": [
        [
          -0.17329556985798322, 
          0.7197803123981764, 
          -0.6722237041123297, 
          0.0
        ], 
        [
          -0.7580107236842869, 
          0.33830303380998816, 
          0.5576473447560761, 
          0.0
        ], 
        [
          -0.6287990487878065, 
          -0.6061907356893308, 
          -0.4869748948436434, 
          0.0
        ], 
        [
          -19.344005211143227, 
          26.700199039237056, 
          77.12259593617394, 
          1.0
        ]
      ], 
      "projected_cuboid": [
        [
          295.48879823086867, 
          468.6094181301887
        ], 
        [
          324.6573942860599, 
          461.7453863080372
        ], 
        [
          380.6304041468118, 
          493.00370060907755
        ], 
        [
          350.62221623791237, 
          497.94907001514514
        ], 
        [
          314.24632164168884, 
          424.34259817113457
        ], 
        [
          342.5885966890737, 
          415.66902201900376
        ], 
        [
          394.2646374769435, 
          448.00566794226455
        ], 
        [
          365.27301117860105, 
          454.70912265352166
        ]
      ], 
      "projected_cuboid_centroid": [
        346.714291405166, 
        457.92424174826925
      ], 
      "quaternion_xyzw": [
        0.27749875048111017, 
        0.8712670605913475, 
        0.3462644411297867, 
        -0.20973561026109286
      ], 
      "visibility": 0.2731457800511509
    }, 
    {
      "bounding_box": {
        "bottom_right": [
          531, 
          503
        ], 
        "top_left": [
          436, 
          409
        ]
      }, 
      "class": "010_potted_meat_can", 
      "cuboid": [
        [
          1.405592248677085, 
          29.120986434808056, 
          62.91070161290156
        ], 
        [
          -8.158612813981259, 
          25.70027061156045, 
          63.292418069742816
        ], 
        [
          -5.934563821058006, 
          20.130956848098116, 
          69.10883201422673
        ], 
        [
          3.629641241600337, 
          23.55167267134572, 
          68.72711555738546
        ], 
        [
          0.20021596809199105, 
          32.951943509901696, 
          67.03981245296787
        ], 
        [
          -9.363989094566353, 
          29.531227686654088, 
          67.42152890980913
        ], 
        [
          -7.1399401016430994, 
          23.96191392319175, 
          73.23794285429302
        ], 
        [
          2.4242649610152425, 
          27.382629746439356, 
          72.85622639745178
        ]
      ], 
      "cuboid_centroid": [
        -2.867173926483008, 
        26.541450178999902, 
        68.0743222335973
      ], 
      "location": [
        -2.867173926483008, 
        26.541450178999902, 
        68.0743222335973
      ], 
      "pose_transform_permuted": [
        [
          0.20926308641419222, 
          -0.6650851807580316, 
          -0.7168470895404954, 
          0.0
        ], 
        [
          0.94092353752625, 
          0.3365289652611805, 
          -0.037553147025815796, 
          0.0
        ], 
        [
          -0.26621609398452073, 
          0.6666404206925391, 
          -0.6962180267721454, 
          0.0
        ], 
        [
          -2.867173926483008, 
          26.541450178999902, 
          68.0743222335973, 
          1.0
        ]
      ], 
      "projected_cuboid": [
        [
          493.61214628659485, 
          520.1569741515414
        ], 
        [
          412.2774169187605, 
          489.84419256242643
        ], 
        [
          435.4178067554136, 
          428.6390913693125
        ], 
        [
          509.9976565872388, 
          456.04654689782257
        ], 
        [
          483.20311392879006, 
          535.4280347183028
        ], 
        [
          406.9085166545475, 
          506.8852459171009
        ], 
        [
          429.17065287500407, 
          447.7774841693154
        ], 
        [
          499.490975097717, 
          473.73190009549086
        ]
      ], 
      "projected_cuboid_centroid": [
        458.94736919393296, 
        481.2221395677243
      ], 
      "quaternion_xyzw": [
        0.911648376261276, 
        0.16528989546320327, 
        0.04708776537632005, 
        0.373308186296827
      ], 
      "visibility": 0.44523655217109526
    }, 
    {
      "bounding_box": {
        "bottom_right": [
          374, 
          396
        ], 
        "top_left": [
          320, 
          228
        ]
      }, 
      "class": "037_scissors", 
      "cuboid": [
        [
          -27.917503965953617, 
          11.210840924723431, 
          67.13933327874561
        ], 
        [
          -8.471340141018265, 
          13.25986908154056, 
          61.83768963842069
        ], 
        [
          -9.38593231603505, 
          6.810883377765606, 
          55.99054848559412
        ], 
        [
          -28.8320961409704, 
          4.761855220948476, 
          61.29219212591902
        ], 
        [
          -28.325101123235136, 
          12.257427089668859, 
          66.0487776432341
        ], 
        [
          -8.878937298299787, 
          14.306455246485989, 
          60.7471340029092
        ], 
        [
          -9.793529473316571, 
          7.857469542711034, 
          54.89999285008261
        ], 
        [
          -29.23969329825192, 
          5.8084413858939055, 
          60.20163649040753
        ]
      ], 
      "cuboid_centroid": [
        -18.855516719635094, 
        9.534155233717232, 
        61.01966306441411
      ], 
      "location": [
        -18.855516719635094, 
        9.534155233717232, 
        61.01966306441411
      ], 
      "pose_transform_permuted": [
        [
          0.26036228158345925, 
          -0.6685315560006893, 
          0.6966180906393281, 
          0.0
        ], 
        [
          -0.9598398733424878, 
          -0.101137630240091, 
          0.26168292142593746, 
          0.0
        ], 
        [
          0.10448899210698068, 
          0.7367743073981641, 
          0.6680156494394737, 
          0.0
        ], 
        [
          -18.855516719635094, 
          9.534155233717232, 
          61.01966306441411, 
          1.0
        ]
      ], 
      "projected_cuboid": [
        [
          257.98702760452784, 
          362.3395672116836
        ], 
        [
          407.9270801848952, 
          387.64637084099576
        ], 
        [
          391.4494136561877, 
          338.1613710077953
        ], 
        [
          228.6306907499384, 
          314.7207003677346
        ], 
        [
          250.97629565144734, 
          372.2607527886119
        ], 
        [
          402.99627461733417, 
          398.8877350411542
        ], 
        [
          385.6661320533121, 
          349.61701024109266
        ], 
        [
          220.4072432933404, 
          324.7428723834504
        ]
      ], 
      "projected_cuboid_centroid": [
        315.4241025515305, 
        356.61626220110946
      ], 
      "quaternion_xyzw": [
        0.1417004793613421, 
        -0.3627834881120904, 
        0.9210364096196171, 
        0.0009096713853781785
      ], 
      "visibility": 0.7156649018997198
    }, 
    {
      "bounding_box": {
        "bottom_right": [
          492, 
          432
        ], 
        "top_left": [
          433, 
          361
        ]
      }, 
      "class": "061_foam_brick", 
      "cuboid": [
        [
          -9.015851644744407, 
          25.885933896428977, 
          68.85361266190111
        ], 
        [
          -16.360700069302727, 
          25.64359482646024, 
          71.4300576069743
        ], 
        [
          -14.997858993758017, 
          22.230858315575702, 
          74.99420197268321
        ], 
        [
          -7.653010569199697, 
          22.473197385544434, 
          72.41775702761004
        ], 
        [
          -7.970480437529667, 
          29.80022861848038, 
          72.20190062878031
        ], 
        [
          -15.315328862087988, 
          29.55788954851165, 
          74.77834557385349
        ], 
        [
          -13.952487786543276, 
          26.145153037627107, 
          78.34248993956241
        ], 
        [
          -6.607639361984957, 
          26.38749210759584, 
          75.76604499448922
        ]
      ], 
      "cuboid_centroid": [
        -11.484169715643842, 
        26.015543467028042, 
        73.59805130073175
      ], 
      "location": [
        -11.484169715643842, 
        26.015543467028042, 
        73.59805130073175
      ], 
      "pose_transform_permuted": [
        [
          -0.1988910195717164, 
          -0.7447288224507875, 
          -0.6370410845030219, 
          0.0
        ], 
        [
          0.9431708455443077, 
          0.03111938222803734, 
          -0.33084791092733323, 
          0.0
        ], 
        [
          -0.26621630011882896, 
          0.6666412566446879, 
          -0.6962171475123495, 
          0.0
        ], 
        [
          -11.484169715643842, 
          26.015543467028042, 
          73.59805130073175, 
          1.0
        ]
      ], 
      "projected_cuboid": [
        [
          411.1810020746533, 
          473.7912746526938
        ], 
        [
          358.4248906338754, 
          464.74979255568593
        ], 
        [
          374.05130291082287, 
          431.38078765047294
        ], 
        [
          424.76689538922176, 
          438.79009338169254
        ], 
        [
          422.23246032600986, 
          493.4060274520169
        ], 
        [
          371.4577938908956, 
          484.09357325961145
        ], 
        [
          385.8234232008868, 
          451.2706961404371
        ], 
        [
          434.6980829999492, 
          459.0289281613434
        ]
      ], 
      "projected_cuboid_centroid": [
        397.6848847678764, 
        461.80509998945206
      ], 
      "quaternion_xyzw": [
        0.9009513286926238, 
        0.08250603358849916, 
        -0.14699432522835532, 
        0.39984012567418675
      ], 
      "visibility": 0.23171500630517025
    }
  ]
}