{
  "camera_data": {
    "location_worldframe": [
      -23.35375709675638, 
      15.870268081174398, 
      73.35998587959062
    ], 
    "quaternion_xyzw_worldframe": [
      0.9161943527513486, 
      0.029288750165573734, 
      -0.11308706232969937, 
      -0.38332924147110026
    ]
  }, 
  "objects": [
    {
      "bounding_box": {
        "bottom_right": [
          489, 
          512
        ], 
        "top_left": [
          349, 
          283
        ]
      }, 
      "class": "003_cracker_box", 
      "cuboid": [
        [
          -18.00688274315638, 
          24.184783485898933, 
          63.65037039633321
        ], 
        [
          -19.92094008429336, 
          12.786366431909023, 
          52.010327920237685
        ], 
        [
          1.003311793646984, 
          13.508804933717927, 
          47.862158070049574
        ], 
        [
          2.9173691347839648, 
          24.907221987707835, 
          59.502200546145104
        ], 
        [
          -16.86477608045752, 
          19.027134070487932, 
          68.51315174178481
        ], 
        [
          -18.778833421594506, 
          7.628717016498024, 
          56.873109265689294
        ], 
        [
          2.145418456345839, 
          8.351155518306927, 
          52.72493941550118
        ], 
        [
          4.05947579748282, 
          19.749572572296834, 
          64.36498189159671
        ]
      ], 
      "cuboid_centroid": [
        -7.93073214340527, 
        16.26796950210293, 
        58.1876549059172
      ], 
      "location": [
        -7.93073214340527, 
        16.26796950210293, 
        58.1876549059172
      ], 
      "pose_transform_permuted": [
        [
          -0.1590677841232102, 
          0.7183355903511808, 
          -0.6772676130518519, 
          0.0
        ], 
        [
          0.11668519473185318, 
          0.6948728677008345, 
          0.7096028911043194, 
          0.0
        ], 
        [
          -0.980347900178565, 
          -0.03384785618085484, 
          0.19435101555546025, 
          0.0
        ], 
        [
          -7.93073214340527, 
          16.26796950210293, 
          58.1876549059172, 
          1.0
        ]
      ], 
      "projected_cuboid": [
        [
          329.46199821191675, 
          475.9282283199263
        ], 
        [
          275.62327106871913, 
          404.399335927972
        ], 
        [
          492.869961997993, 
          423.8127680324592
        ], 
        [
          507.9634241872983, 
          496.53053780853253
        ], 
        [
          349.22438569633954, 
          421.39741820569645
        ], 
        [
          304.033699676845, 
          344.8237588561139
        ], 
        [
          503.47910182260114, 
          357.75955643143703
        ], 
        [
          515.5136484528637, 
          436.92884009230966
        ]
      ], 
      "projected_cuboid_centroid": [
        408.30209977615164, 
        422.3907891826666
      ], 
      "quaternion_xyzw": [
        0.6633447353380537, 
        0.6313537587004717, 
        0.2074845392043948, 
        -0.34397145152645164
      ], 
      "visibility": 0.9405303938014219
    }, 
    {
      "bounding_box": {
        "bottom_right": [
          494, 
          389
        ], 
        "top_left": [
          422, 
          304
        ]
      }, 
      "class": "005_tomato_soup_can", 
      "cuboid": [
        [
          -25.23033496445535, 
          27.42685067635866, 
          73.44433092113599
        ], 
        [
          -20.07778769976389, 
          25.107672924210767, 
          69.72276338359654
        ], 
        [
          -13.623192576108167, 
          30.931349824051342, 
          75.03006046958039
        ], 
        [
          -18.775739840799623, 
          33.25052757619923, 
          78.75162800711985
        ], 
        [
          -24.310178493452185, 
          22.379571180931855, 
          77.86362141002915
        ], 
        [
          -19.157631228760728, 
          20.060393428783957, 
          74.1420538724897
        ], 
        [
          -12.703036105105003, 
          25.88407032862453, 
          79.44935095847356
        ], 
        [
          -17.855583369796463, 
          28.203248080772426, 
          83.170918496013
        ]
      ], 
      "cuboid_centroid": [
        -18.966685534780176, 
        26.655460502491596, 
        76.44684093980477
      ], 
      "location": [
        -18.966685534780176, 
        26.655460502491596, 
        76.44684093980477
      ], 
      "pose_transform_permuted": [
        [
          -0.1358886603101915, 
          0.7453819762816098, 
          -0.6526405920968629, 
          0.0
        ], 
        [
          -0.7615464552907979, 
          0.3427744580705505, 
          0.5500476600690005, 
          0.0
        ], 
        [
          -0.6337042886254872, 
          -0.571761505763967, 
          -0.5210639645035794, 
          0.0
        ], 
        [
          -18.966685534780176, 
          26.655460502491596, 
          76.44684093980477, 
          1.0
        ]
      ], 
      "projected_cuboid": [
        [
          296.85896703936584, 
          472.4479489025792
        ], 
        [
          326.73929728610057, 
          465.3387890470873
        ], 
        [
          383.9553675061808, 
          493.14901032706354
        ], 
        [
          353.3848968612694, 
          498.46483531842506
        ], 
        [
          313.69915960388613, 
          426.5733150106143
        ], 
        [
          342.6437463465405, 
          417.58522007739936
        ], 
        [
          395.61479672669316, 
          447.0385124393505
        ], 
        [
          366.14697636540393, 
          454.13514206690047
        ]
      ], 
      "projected_cuboid_centroid": [
        348.17623846332054, 
        459.24424283437367
      ], 
      "quaternion_xyzw": [
        0.28254761072778556, 
        0.8639948716791708, 
        0.3664506533250181, 
        -0.19847812263227826
      ], 
      "visibility": 0.22753586710294488
    }, 
    {
      "bounding_box": {
        "bottom_right": [
          528, 
          506
        ], 
        "top_left": [
          435, 
          414
        ]
      }, 
      "class": "010_potted_meat_can", 
      "cuboid": [
        [
          2.1888260958286914, 
          28.909796556623775, 
          62.81825120684499
        ], 
        [
          -7.476136649973202, 
          25.762160742679573, 
          62.861915636955445
        ], 
        [
          -5.557371884553892, 
          19.949373046245967, 
          68.54734982121754
        ], 
        [
          4.107590861248001, 
          23.097008860190165, 
          68.50368539110708
        ], 
        [
          0.9921685051516665, 
          32.64273572421417, 
          67.03866542825794
        ], 
        [
          -8.672794240650228, 
          29.495099910269968, 
          67.08232985836841
        ], 
        [
          -6.754029475230918, 
          23.682312213836358, 
          72.7677640426305
        ], 
        [
          2.9109332705709754, 
          26.82994802778056, 
          72.72409961252005
        ]
      ], 
      "cuboid_centroid": [
        -2.2826016897011128, 
        26.296054385230068, 
        67.79300762473774
      ], 
      "location": [
        -2.2826016897011128, 
        26.296054385230068, 
        67.79300762473774
      ], 
      "pose_transform_permuted": [
        [
          0.20774945122073613, 
          -0.648068478025144, 
          -0.732698096141836, 
          0.0
        ], 
        [
          0.9508360472471601, 
          0.30966343836185994, 
          -0.004295693136485156, 
          0.0
        ], 
        [
          -0.22967392478780732, 
          0.6957839690716001, 
          -0.6805399008548538, 
          0.0
        ], 
        [
          -2.2826016897011128, 
          26.296054385230068, 
          67.79300762473774, 
          1.0
        ]
      ], 
      "projected_cuboid": [
        [
          500.3348068384571, 
          518.7273191705359
        ], 
        [
          417.6410594632178, 
          491.8523371566152
        ], 
        [
          437.998671197855, 
          428.49883058353896
        ], 
        [
          513.8422622354029, 
          453.10295322229996
        ], 
        [
          489.55594654753725, 
          532.9726474645389
        ], 
        [
          412.07180535285363, 
          507.7792042759428
        ], 
        [
          431.6838407035968, 
          446.8557144510158
        ], 
        [
          503.1221918633103, 
          470.0430021373148
        ]
      ], 
      "projected_cuboid_centroid": [
        463.490466396647, 
        480.1544917002966
      ], 
      "quaternion_xyzw": [
        0.9191460863840683, 
        0.14669522373517002, 
        0.05533770994027742, 
        0.3613702975407204
      ], 
      "visibility": 0.40161681487469686
    }, 
    {
      "bounding_box": {
        "bottom_right": [
          380, 
          398
        ], 
        "top_left": [
          327, 
          223
        ]
      }, 
      "class": "037_scissors", 
      "cuboid": [
        [
          -27.731766869240417, 
          11.747531588559077, 
          65.76909442229677
        ], 
        [
          -8.109648268655558, 
          13.388372354150945, 
          61.00051681579769
        ], 
        [
          -9.06409176840287, 
          7.156418282848687, 
          54.928717974091626
        ], 
        [
          -28.68621036898773, 
          5.515577517256822, 
          59.69729558059071
        ], 
        [
          -28.082063650819787, 
          12.83948990055789, 
          64.70339800816333
        ], 
        [
          -8.45994505023493, 
          14.480330666149754, 
          59.93482040166425
        ], 
        [
          -9.414388549982244, 
          8.2483765948475, 
          53.86302155995818
        ], 
        [
          -29.036507150567104, 
          6.6075358292556325, 
          58.63159916645727
        ]
      ], 
      "cuboid_centroid": [
        -18.57307770961133, 
        9.997954091703289, 
        59.81605799112748
      ], 
      "location": [
        -18.57307770961133, 
        9.997954091703289, 
        59.81605799112748
      ], 
      "pose_transform_permuted": [
        [
          0.22376031739680335, 
          -0.697514083273321, 
          0.6807386776435512, 
          0.0
        ], 
        [
          -0.9685247950110417, 
          -0.08098997863020026, 
          0.23537140626043923, 
          0.0
        ], 
        [
          0.10904186809801376, 
          0.711979194175171, 
          0.6936820132257919, 
          0.0
        ], 
        [
          -18.57307770961133, 
          9.997954091703289, 
          59.81605799112748, 
          1.0
        ]
      ], 
      "projected_cuboid": [
        [
          254.84700504553626, 
          368.5469137724115
        ], 
        [
          410.10460865298984, 
          390.33933582603817
        ], 
        [
          392.85765214697733, 
          342.7703736938842
        ], 
        [
          223.1865063713805, 
          322.56122410989593
        ], 
        [
          248.20092851604136, 
          379.11639565029736
        ], 
        [
          405.690375629913, 
          402.13724385319085
        ], 
        [
          387.60458102401003, 
          354.95705404236367
        ], 
        [
          215.27670651293374, 
          333.3894228480489
        ]
      ], 
      "projected_cuboid_centroid": [
        314.61961809734413, 
        362.4282314969517
      ], 
      "quaternion_xyzw": [
        0.12521529234223533, 
        -0.37940969214873627, 
        0.9166846059073104, 
        0.007650365591131663
      ], 
      "visibility": 0.730201746461909
    }, 
    {
      "bounding_box": {
        "bottom_right": [
          491, 
          435
        ], 
        "top_left": [
          434, 
          364
        ]
      }, 
      "class": "061_foam_brick", 
      "cuboid": [
        [
          -8.464887970929679, 
          25.7978244729671, 
          68.40418193395027
        ], 
        [
          -15.875130157163852, 
          25.691107282959774, 
          70.79594223596123
        ], 
        [
          -14.699360218099217, 
          22.12917909829159, 
          74.27982857268196
        ], 
        [
          -7.289118031865044, 
          22.235896288298918, 
          71.88806827067098
        ], 
        [
          -7.390710495355593, 
          29.572263813823735, 
          71.90064970217924
        ], 
        [
          -14.800952681589767, 
          29.465546623816408, 
          74.29241000419022
        ], 
        [
          -13.625182742525134, 
          25.903618439148225, 
          77.77629634091093
        ], 
        [
          -6.214940556290958, 
          26.010335629155552, 
          75.38453603889997
        ]
      ], 
      "cuboid_centroid": [
        -11.045035356727405, 
        25.850721456057663, 
        73.0902391374306
      ], 
      "location": [
        -11.045035356727405, 
        25.850721456057663, 
        73.0902391374306
      ], 
      "pose_transform_permuted": [
        [
          -0.2043716641929813, 
          -0.7181201123902422, 
          -0.6652335883399281, 
          0.0
        ], 
        [
          0.9515682263924833, 
          0.013703828386271544, 
          -0.3071320816974726, 
          0.0
        ], 
        [
          -0.22967397195863218, 
          0.6957842404569001, 
          -0.6805396074708361, 
          0.0
        ], 
        [
          -11.045035356727405, 
          25.850721456057663, 
          73.0902391374306, 
          1.0
        ]
      ], 
      "projected_cuboid": [
        [
          415.04979031495645, 
          474.42168214455234
        ], 
        [
          361.0100198018248, 
          466.82263898686097
        ], 
        [
          375.178043075343, 
          432.17118808630784
        ], 
        [
          427.07028192959933, 
          438.24908635958633
        ], 
        [
          426.3199862572337, 
          492.6373710537767
        ], 
        [
          374.46069028439354, 
          484.80953262432524
        ], 
        [
          387.38927881539337, 
          450.91015389697185
        ], 
        [
          437.2620956543038, 
          457.3006884263578
        ]
      ], 
      "projected_cuboid_centroid": [
        400.33283108264317, 
        461.91221706417997
      ], 
      "quaternion_xyzw": [
        0.9100255566726289, 
        0.06686015534409219, 
        -0.14051906073953851, 
        0.3842363847931553
      ], 
      "visibility": 0.1898932831136221
    }
  ]
}