{
  "camera_data": {
    "location_worldframe": [
      -9.977442843978274, 
      -1.0522849932091085, 
      74.58869406710042
    ], 
    "quaternion_xyzw_worldframe": [
      -0.8278673594110808, 
      -0.09844531520511157, 
      -0.16646926616664123, 
      0.526529402456736
    ]
  }, 
  "objects": [
    {
      "bounding_box": {
        "bottom_right": [
          328, 
          672
        ], 
        "top_left": [
          223, 
          470
        ]
      }, 
      "class": "003_cracker_box", 
      "cuboid": [
        [
          -0.2182149718961343, 
          8.583995565957645, 
          72.61497920268863
        ], 
        [
          4.172452103767434, 
          2.023739714061762, 
          58.23571630518565
        ], 
        [
          24.140491226358897, 
          -0.3181793825374365, 
          65.40135484547193
        ], 
        [
          19.749824150695332, 
          6.242076469358447, 
          79.78061774297491
        ], 
        [
          -1.872842395211391, 
          2.0505177538175103, 
          75.09051415562877
        ], 
        [
          2.5178246804521756, 
          -4.5097380980783734, 
          60.71125125812578
        ], 
        [
          22.485863803043642, 
          -6.851657194677572, 
          67.87688979841205
        ], 
        [
          18.095196727380074, 
          -0.2914013427816883, 
          82.25615269591503
        ]
      ], 
      "cuboid_centroid": [
        11.133824415573754, 
        0.866169185640037, 
        70.24593450055035
      ], 
      "location": [
        11.133824415573754, 
        0.866169185640037, 
        70.24593450055035
      ], 
      "pose_transform_permuted": [
        [
          0.23044950736414166, 
          0.9099551487944693, 
          -0.34478203511502714, 
          0.0
        ], 
        [
          -0.2676648351727069, 
          0.3999277948039634, 
          0.8765918633863804, 
          0.0
        ], 
        [
          -0.9355471984713503, 
          0.10972413647723211, 
          -0.3357261582104284, 
          0.0
        ], 
        [
          11.133824415573754, 
          0.866169185640037, 
          70.24593450055035, 
          1.0
        ]
      ], 
      "projected_cuboid": [
        [
          479.9810366973106, 
          336.33155964839716
        ], 
        [
          520.1265961764992, 
          291.81983832059854
        ], 
        [
          680.0927667216154, 
          270.69192360273536
        ], 
        [
          614.7214430194265, 
          315.01373582647574
        ], 
        [
          468.184625972909, 
          287.8500455835338
        ], 
        [
          503.89928638191645, 
          233.67062506848438
        ], 
        [
          659.7444252941168, 
          219.45197116569847
        ], 
        [
          599.8975898249092, 
          271.39719551191376
        ]
      ], 
      "projected_cuboid_centroid": [
        566.8314701375473, 
        279.86264793464
      ], 
      "quaternion_xyzw": [
        0.5447112391945736, 
        0.6129279594313066, 
        0.50808634515575, 
        -0.26354743085213045
      ], 
      "visibility": 0.9815517815517816
    }, 
    {
      "bounding_box": {
        "bottom_right": [
          342, 
          460
        ], 
        "top_left": [
          291, 
          398
        ]
      }, 
      "class": "005_tomato_soup_can", 
      "cuboid": [
        [
          -11.486077919867002, 
          10.030018490437302, 
          78.05130264038738
        ], 
        [
          -5.171792246165438, 
          7.976620327699306, 
          76.75101570530113
        ], 
        [
          -2.426160702681545, 
          10.401233270529165, 
          86.25507655884357
        ], 
        [
          -8.740446376383108, 
          12.454631433267158, 
          87.5553634939298
        ], 
        [
          -13.093876198456053, 
          3.782593516411185, 
          80.10958166680417
        ], 
        [
          -6.77959052475449, 
          1.7291953536731894, 
          78.80929473171794
        ], 
        [
          -4.033958981270597, 
          4.153808296503047, 
          88.31335558526037
        ], 
        [
          -10.348244654972161, 
          6.207206459241042, 
          89.61364252034662
        ]
      ], 
      "cuboid_centroid": [
        -7.7600184505688, 
        7.091913393470175, 
        83.18232911282387
      ], 
      "location": [
        -7.7600184505688, 
        7.091913393470175, 
        83.18232911282387
      ], 
      "pose_transform_permuted": [
        [
          0.23743956708613714, 
          0.9226193988325764, 
          -0.30396654075520185, 
          0.0
        ], 
        [
          -0.933251385281342, 
          0.3034922363254434, 
          0.1921824013263394, 
          0.0
        ], 
        [
          -0.2695627612202131, 
          -0.2380455459548508, 
          -0.9330971202476148, 
          0.0
        ], 
        [
          -7.7600184505688, 
          7.091913393470175, 
          83.18232911282387, 
          1.0
        ]
      ], 
      "projected_cuboid": [
        [
          402.45938399029524, 
          341.82101594094814
        ], 
        [
          445.3603658920849, 
          328.71365890211973
        ], 
        [
          466.4709805425345, 
          337.5978992787631
        ], 
        [
          427.91334976253046, 
          349.15052368690027
        ], 
        [
          393.6997748385947, 
          298.46868418048643
        ], 
        [
          435.3357765507135, 
          284.98837782636554
        ], 
        [
          457.0331968028633, 
          298.3711618707985
        ], 
        [
          419.4981133388538, 
          310.22761824996746
        ]
      ], 
      "projected_cuboid_centroid": [
        431.42945845179975, 
        318.7560064999392
      ], 
      "quaternion_xyzw": [
        0.18211914057682868, 
        0.7866485034612655, 
        0.5897540359242438, 
        0.014382905948675143
      ], 
      "visibility": 0.9508398197460057
    }, 
    {
      "bounding_box": {
        "bottom_right": [
          341, 
          587
        ], 
        "top_left": [
          280, 
          518
        ]
      }, 
      "class": "010_potted_meat_can", 
      "cuboid": [
        [
          17.425679795298443, 
          9.073800715607101, 
          83.53922757570483
        ], 
        [
          9.159147279178175, 
          8.127293655171302, 
          77.70059869369058
        ], 
        [
          7.722536406313608, 
          0.5702544129746974, 
          80.95968261164491
        ], 
        [
          15.989068922433876, 
          1.516761473410496, 
          86.79831149365917
        ], 
        [
          14.22356890513794, 
          11.470197610863783, 
          87.68440407207744
        ], 
        [
          5.957036389017673, 
          10.523690550427983, 
          81.84577519006318
        ], 
        [
          4.520425516153106, 
          2.9666513082313783, 
          85.10485910801752
        ], 
        [
          12.786958032273377, 
          3.9131583686671774, 
          90.94348799003177
        ]
      ], 
      "cuboid_centroid": [
        10.973052655725775, 
        6.02022601191924, 
        84.32204334186117
      ], 
      "location": [
        10.973052655725775, 
        6.02022601191924, 
        84.32204334186117
      ], 
      "pose_transform_permuted": [
        [
          0.5559123891090854, 
          -0.41603391293827496, 
          -0.7196362176145058, 
          0.0
        ], 
        [
          0.8132589135412926, 
          0.09311707201636332, 
          0.5744025045444627, 
          0.0
        ], 
        [
          0.17196066110351876, 
          0.9045688631620658, 
          -0.390108578258065, 
          0.0
        ], 
        [
          10.973052655725775, 
          6.02022601191924, 
          84.32204334186117, 
          1.0
        ]
      ], 
      "projected_cuboid": [
        [
          593.7707610683564, 
          331.2142415987594
        ], 
        [
          544.9873122195129, 
          329.07046934562715
        ], 
        [
          532.8929990333952, 
          277.04307254306445
        ], 
        [
          580.6582812173782, 
          282.60605794500543
        ], 
        [
          568.8294982239669, 
          343.05129345252305
        ], 
        [
          520.737511186703, 
          341.8605143991915
        ], 
        [
          510.160916268053, 
          291.8774064195341
        ], 
        [
          557.2084853808511, 
          296.2344591155907
        ]
      ], 
      "projected_cuboid_centroid": [
        551.577736683708, 
        311.3632294374987
      ], 
      "quaternion_xyzw": [
        0.9270199558690557, 
        -0.021262646124279423, 
        0.30482485476645127, 
        0.21740160125264063
      ], 
      "visibility": 0.3585946573751452
    }, 
    {
      "bounding_box": {
        "bottom_right": [
          268, 
          568
        ], 
        "top_left": [
          226, 
          409
        ]
      }, 
      "class": "037_scissors", 
      "cuboid": [
        [
          -9.735072313351626, 
          -1.6151498642117366, 
          64.92380406757874
        ], 
        [
          9.464868183900279, 
          -2.6441472306593603, 
          71.30836971486293
        ], 
        [
          11.789318668781727, 
          -6.340760742256428, 
          63.722400191829884
        ], 
        [
          -7.410621828470178, 
          -5.3117633758088045, 
          57.33783454454569
        ], 
        [
          -9.457809192639253, 
          -0.1983409068728112, 
          64.3183561526248
        ], 
        [
          9.742131304612652, 
          -1.2273382733204348, 
          70.70292179990899
        ], 
        [
          12.0665817894941, 
          -4.923951784917502, 
          63.11695227687595
        ], 
        [
          -7.133358707757805, 
          -3.8949544184698786, 
          56.73238662959176
        ]
      ], 
      "cuboid_centroid": [
        1.1657547380712368, 
        -3.2695508245646194, 
        64.02037817222734
      ], 
      "location": [
        1.1657547380712368, 
        -3.2695508245646194, 
        64.02037817222734
      ], 
      "pose_transform_permuted": [
        [
          -0.1771083468517988, 
          -0.9050200819871277, 
          0.3867441116829911, 
          0.0
        ], 
        [
          -0.9476865782357893, 
          0.050790104967354616, 
          -0.3151346834987605, 
          0.0
        ], 
        [
          -0.2655604268245436, 
          0.4223253058432687, 
          0.8666707755305783, 
          0.0
        ], 
        [
          1.1657547380712368, 
          -3.2695508245646194, 
          64.02037817222734, 
          1.0
        ]
      ], 
      "projected_cuboid": [
        [
          400.9614428326308, 
          260.0188149218974
        ], 
        [
          552.9753037178658, 
          253.5108019137453
        ], 
        [
          581.0891057560217, 
          220.21804298017926
        ], 
        [
          412.0938204974931, 
          223.8799384474181
        ], 
        [
          402.5205849499708, 
          271.6419205486112
        ], 
        [
          555.6953883793875, 
          264.0285961641271
        ], 
        [
          584.4057959380796, 
          231.68060140250583
        ], 
        [
          413.9802479721568, 
          236.6715533080166
        ]
      ], 
      "projected_cuboid_centroid": [
        491.38927855449026, 
        246.04965602764955
      ], 
      "quaternion_xyzw": [
        -0.14823488341064536, 
        -0.5335299262984172, 
        0.8301740774924932, 
        -0.06467629129841476
      ], 
      "visibility": 0.7964213369345037
    }, 
    {
      "bounding_box": {
        "bottom_right": [
          332, 
          515
        ], 
        "top_left": [
          287, 
          458
        ]
      }, 
      "class": "061_foam_brick", 
      "cuboid": [
        [
          5.39444435613877, 
          6.639128419802135, 
          81.61311556405717
        ], 
        [
          -2.1625202091879507, 
          7.31978335717425, 
          79.86023491375876
        ], 
        [
          -3.042846209276257, 
          2.6890245062786917, 
          81.85731526966632
        ], 
        [
          4.514118356050464, 
          2.008369568906576, 
          83.61019591996474
        ], 
        [
          4.503479560887193, 
          8.832308992828693, 
          86.30584154676939
        ], 
        [
          -3.0534850044395276, 
          9.51296393020081, 
          84.55296089647096
        ], 
        [
          -3.933811004527834, 
          4.882205079305252, 
          86.55004125237853
        ], 
        [
          3.623153560798887, 
          4.2015501419331365, 
          88.30292190267694
        ]
      ], 
      "cuboid_centroid": [
        0.7303166758054681, 
        5.760666749553693, 
        84.08157840821785
      ], 
      "location": [
        0.7303166758054681, 
        5.760666749553693, 
        84.08157840821785
      ], 
      "pose_transform_permuted": [
        [
          0.1695138485803829, 
          -0.41727179518971436, 
          -0.8928321813636759, 
          0.0
        ], 
        [
          0.9704092238304, 
          -0.08740464822373387, 
          0.22509190517156719, 
          0.0
        ], 
        [
          0.17196218608853364, 
          0.9045687792578507, 
          -0.3901081005921485, 
          0.0
        ], 
        [
          0.7303166758054681, 
          5.760666749553693, 
          84.08157840821785, 
          1.0
        ]
      ], 
      "projected_cuboid": [
        [
          517.1420676189769, 
          316.6714421968547
        ], 
        [
          467.0350588976668, 
          322.16923677598504
        ], 
        [
          461.607002274687, 
          290.806162514699
        ], 
        [
          510.63097337850184, 
          286.0972102870973
        ], 
        [
          509.65784946478743, 
          327.86503772228485
        ], 
        [
          462.17664495190985, 
          333.28975849773286
        ], 
        [
          457.1550009070554, 
          303.3705857782301
        ], 
        [
          503.6620424333061, 
          298.66247030718677
        ]
      ], 
      "projected_cuboid_centroid": [
        486.2679855856967, 
        309.82577104321115
      ], 
      "quaternion_xyzw": [
        0.970542397895621, 
        -0.06680976402335431, 
        0.10164567632685452, 
        0.2079713100459251
      ], 
      "visibility": 0.18317061831706183
    }
  ]
}