{
  "camera_data": {
    "location_worldframe": [
      -15.878325475403773, 
      2.889838959745235, 
      70.48501558907229
    ], 
    "quaternion_xyzw_worldframe": [
      -0.843775684643639, 
      -0.039576395405713206, 
      -0.06490348448144587, 
      0.5312888558882427
    ]
  }, 
  "objects": [
    {
      "bounding_box": {
        "bottom_right": [
          366, 
          625
        ], 
        "top_left": [
          252, 
          414
        ]
      }, 
      "class": "003_cracker_box", 
      "cuboid": [
        [
          -6.941696043399208, 
          12.571630104787438, 
          66.19579411007189
        ], 
        [
          -5.989732245027001, 
          5.89582426422262, 
          51.24234979135971
        ], 
        [
          15.1225026397936, 
          3.7621265050957633, 
          53.53896016041592
        ], 
        [
          14.170538841421394, 
          10.437932345660581, 
          68.4924044791281
        ], 
        [
          -7.910432630633786, 
          6.052521961747819, 
          69.04450890429933
        ], 
        [
          -6.95846883226158, 
          -0.6232838788169992, 
          54.09106458558715
        ], 
        [
          14.15376605255902, 
          -2.756981637943855, 
          56.387674954643366
        ], 
        [
          13.201802254186815, 
          3.918824202620963, 
          71.34111927335553
        ]
      ], 
      "cuboid_centroid": [
        3.6060350045799066, 
        4.907324233421791, 
        61.29173453235762
      ], 
      "location": [
        3.6060350045799066, 
        4.907324233421791, 
        61.29173453235762
      ], 
      "pose_transform_permuted": [
        [
          0.13492153348125258, 
          0.9079538020752393, 
          -0.39675694461494176, 
          0.0
        ], 
        [
          -0.05803383148633995, 
          0.4069719792384219, 
          0.9115952405085143, 
          0.0
        ], 
        [
          -0.98915532359993, 
          0.09996850209880115, 
          -0.10760132146976426, 
          0.0
        ], 
        [
          3.6060350045799066, 
          4.907324233421791, 
          61.29173453235762, 
          1.0
        ]
      ], 
      "projected_cuboid": [
        [
          425.20384344991237, 
          374.57237671793166
        ], 
        [
          418.73768637185344, 
          334.64903505364646
        ], 
        [
          633.4927681519724, 
          310.7623450109905
        ], 
        [
          592.8562074106266, 
          354.56202787101404
        ], 
        [
          419.98542030697894, 
          320.0379529889298
        ], 
        [
          412.4171743159731, 
          267.1411699618798
        ], 
        [
          616.580221124661, 
          247.21076345905203
        ], 
        [
          581.1112664677993, 
          302.5822052144468
        ]
      ], 
      "projected_cuboid_centroid": [
        513.235851849216, 
        315.9867835304088
      ], 
      "quaternion_xyzw": [
        0.5997273578942774, 
        0.5819841651631253, 
        0.43624688794597705, 
        -0.3336318037147827
      ], 
      "visibility": 0.9868469705773599
    }, 
    {
      "bounding_box": {
        "bottom_right": [
          374, 
          437
        ], 
        "top_left": [
          321, 
          360
        ]
      }, 
      "class": "005_tomato_soup_can", 
      "cuboid": [
        [
          -16.631525973723797, 
          13.99620335368862, 
          74.11339425173684
        ], 
        [
          -10.780607288392464, 
          11.972598619505582, 
          71.38407783277086
        ], 
        [
          -5.902990296927444, 
          14.512026834160677, 
          79.95755845793909
        ], 
        [
          -11.753908982258778, 
          16.53563156834371, 
          82.68687487690505
        ], 
        [
          -17.655226490056176, 
          7.759210099657393, 
          76.5431677109993
        ], 
        [
          -11.804307804724843, 
          5.735605365474359, 
          73.81385129203333
        ], 
        [
          -6.9266908132598255, 
          8.275033580129453, 
          82.38733191720155
        ], 
        [
          -12.777609498591158, 
          10.298638314312488, 
          85.11664833616751
        ]
      ], 
      "cuboid_centroid": [
        -11.77910839349181, 
        11.135618466909035, 
        78.25036308446919
      ], 
      "location": [
        -11.77910839349181, 
        11.135618466909035, 
        78.25036308446919
      ], 
      "pose_transform_permuted": [
        [
          0.1511800395987005, 
          0.9210788429602783, 
          -0.35882881949031187, 
          0.0
        ], 
        [
          -0.8647657471368363, 
          0.2990887677609783, 
          0.40339295060400987, 
          0.0
        ], 
        [
          -0.478878496102058, 
          -0.24931796951689514, 
          -0.841733886716582, 
          0.0
        ], 
        [
          -11.77910839349181, 
          11.135618466909035, 
          78.25036308446919, 
          1.0
        ]
      ], 
      "projected_cuboid": [
        [
          360.91933843898744, 
          374.0031414230982
        ], 
        [
          400.3825620897982, 
          362.7353548476921
        ], 
        [
          441.8958095839338, 
          370.08224124486543
        ], 
        [
          405.15411091180397, 
          379.9392098671379
        ], 
        [
          357.5579704250282, 
          327.34934750234265
        ], 
        [
          395.59787137264186, 
          314.72741403932923
        ], 
        [
          436.3847167316988, 
          326.8534803375384
        ], 
        [
          400.8685776008449, 
          337.815224206568
        ]
      ], 
      "projected_cuboid_centroid": [
        400.6468932041154, 
        349.18194811153285
      ], 
      "quaternion_xyzw": [
        0.24735856280202861, 
        0.7862748463711724, 
        0.5604950793646204, 
        -0.08019235009530262
      ], 
      "visibility": 0.72983747316774
    }, 
    {
      "bounding_box": {
        "bottom_right": [
          379, 
          569
        ], 
        "top_left": [
          311, 
          493
        ]
      }, 
      "class": "010_potted_meat_can", 
      "cuboid": [
        [
          12.768081208092042, 
          13.29179661581, 
          72.66810856384018
        ], 
        [
          3.3709890321967704, 
          12.230046465308906, 
          68.94139849555498
        ], 
        [
          2.807284435295918, 
          4.696881561795845, 
          72.50902859918297
        ], 
        [
          12.20437661119119, 
          5.75863171229694, 
          76.23573866746817
        ], 
        [
          10.606873743009695, 
          15.708335906467513, 
          77.42922613938282
        ], 
        [
          1.2097815671144228, 
          14.646585755966418, 
          73.70251607109762
        ], 
        [
          0.6460769702135709, 
          7.113420852453357, 
          77.27014617472561
        ], 
        [
          10.043169146108843, 
          8.175171002954453, 
          80.99685624301081
        ]
      ], 
      "cuboid_centroid": [
        6.707079089152806, 
        10.20260873413168, 
        74.9691273692829
      ], 
      "location": [
        6.707079089152806, 
        10.20260873413168, 
        74.9691273692829
      ], 
      "pose_transform_permuted": [
        [
          0.37520312271699546, 
          -0.4195307959425657, 
          -0.8265685783656599, 
          0.0
        ], 
        [
          0.9244830233853258, 
          0.10445465159242855, 
          0.3666325844974058, 
          0.0
        ], 
        [
          0.06747478874141974, 
          0.9017111324146676, 
          -0.4270412000776488, 
          0.0
        ], 
        [
          6.707079089152806, 
          10.20260873413168, 
          74.9691273692829, 
          1.0
        ]
      ], 
      "projected_cuboid": [
        [
          576.0843866750133, 
          370.83655780219084
        ], 
        [
          507.8918157448208, 
          367.8962126526392
        ], 
        [
          502.41732537802187, 
          307.83311742312185
        ], 
        [
          567.6862802401934, 
          313.5719883242796
        ], 
        [
          555.2642788354287, 
          381.482933265935
        ], 
        [
          490.4241354157199, 
          379.2708574681297
        ], 
        [
          486.0934621485457, 
          322.38346391933715
        ], 
        [
          548.2768791976056, 
          327.11552584446383
        ]
      ], 
      "projected_cuboid_centroid": [
        529.707883862684, 
        345.8664282413669
      ], 
      "quaternion_xyzw": [
        0.955610110631639, 
        0.009674411781434026, 
        0.19407384323405255, 
        0.22147421490252114
      ], 
      "visibility": 0.3588744588744589
    }, 
    {
      "bounding_box": {
        "bottom_right": [
          301, 
          505
        ], 
        "top_left": [
          260, 
          309
        ]
      }, 
      "class": "037_scissors", 
      "cuboid": [
        [
          -17.905975737991923, 
          2.23064896921873, 
          61.03829131842292
        ], 
        [
          2.264554286440304, 
          1.39667373088888, 
          62.74516946814002
        ], 
        [
          2.7767696485124977, 
          -2.36080571468898, 
          54.856320454875096
        ], 
        [
          -17.393760375919733, 
          -1.5268304763591303, 
          53.149442305158004
        ], 
        [
          -17.791275774640628, 
          3.643095017735043, 
          60.372987090371645
        ], 
        [
          2.379254249791601, 
          2.8091197794051928, 
          62.079865240088736
        ], 
        [
          2.891469611863795, 
          -0.9483596661726672, 
          54.19101622682382
        ], 
        [
          -17.279060412568434, 
          -0.11438442784281752, 
          52.48413807710672
        ]
      ], 
      "cuboid_centroid": [
        -7.507253063064065, 
        0.6411446515230312, 
        57.61465377262337
      ], 
      "location": [
        -7.507253063064065, 
        0.6411446515230312, 
        57.61465377262337
      ], 
      "pose_transform_permuted": [
        [
          -0.07326730234052195, 
          -0.9022331712466992, 
          0.4249787410634761, 
          0.0
        ], 
        [
          -0.9955937406572909, 
          0.04116404111040422, 
          -0.08424950657541647, 
          0.0
        ], 
        [
          -0.05851883318775754, 
          0.4292790282443884, 
          0.9012737095253113, 
          0.0
        ], 
        [
          -7.507253063064065, 
          0.6411446515230312, 
          57.61465377262337, 
          1.0
        ]
      ], 
      "projected_cuboid": [
        [
          323.84053221456713, 
          292.77674245421036
        ], 
        [
          501.00566776460187, 
          285.15794510803437
        ], 
        [
          508.81812204342066, 
          250.33450785499446
        ], 
        [
          305.6076690408203, 
          257.96580162168937
        ], 
        [
          323.1237451224308, 
          305.46871100201105
        ], 
        [
          502.2072511700448, 
          297.41929961092967
        ], 
        [
          510.29053943477936, 
          263.9532791301429
        ], 
        [
          304.5520171648636, 
          272.1242162283605
        ]
      ], 
      "projected_cuboid_centroid": [
        411.52582323998143, 
        279.22139961667347
      ], 
      "quaternion_xyzw": [
        -0.04665366787986363, 
        -0.5341665541198786, 
        0.8440751610439019, 
        -0.0051401797133474305
      ], 
      "visibility": 0.8091603053435115
    }, 
    {
      "bounding_box": {
        "bottom_right": [
          364, 
          486
        ], 
        "top_left": [
          317, 
          430
        ]
      }, 
      "class": "061_foam_brick", 
      "cuboid": [
        [
          0.6431879758821251, 
          10.756171462736381, 
          73.64055095147802
        ], 
        [
          -7.119890790440625, 
          11.367744913813652, 
          73.70521269727604
        ], 
        [
          -7.465339364103793, 
          6.751612187191812, 
          75.89135434014732
        ], 
        [
          0.2977394022189571, 
          6.14003873611454, 
          75.82669259434928
        ], 
        [
          0.8588113318621464, 
          12.99073453772796, 
          78.39299988580031
        ], 
        [
          -6.904267434460603, 
          13.602307988805235, 
          78.45766163159834
        ], 
        [
          -7.249716008123771, 
          8.986175262183394, 
          80.6438032744696
        ], 
        [
          0.5133627581989785, 
          8.374601811106121, 
          80.57914152867157
        ]
      ], 
      "cuboid_centroid": [
        -3.303264016120823, 
        9.871173362459887, 
        77.14217711297381
      ], 
      "location": [
        -3.303264016120823, 
        9.871173362459887, 
        77.14217711297381
      ], 
      "pose_transform_permuted": [
        [
          -0.04102423026228624, 
          -0.425145178301328, 
          -0.9041949955062345, 
          0.0
        ], 
        [
          0.9968768776191579, 
          -0.07853371718827379, 
          -0.008303380809710048, 
          0.0
        ], 
        [
          0.06747965174529125, 
          0.9017117236854164, 
          -0.42703918317715306, 
          0.0
        ], 
        [
          -3.303264016120823, 
          9.871173362459887, 
          77.14217711297381, 
          1.0
        ]
      ], 
      "projected_cuboid": [
        [
          486.29398331934544, 
          351.18488076819307
        ], 
        [
          429.64930397902583, 
          355.5417918117395
        ], 
        [
          428.6978828197265, 
          320.7328779329878
        ], 
        [
          483.7086413246891, 
          316.47189642661317
        ], 
        [
          487.48838380742814, 
          361.66449441684165
        ], 
        [
          434.27388207307484, 
          365.7488555664076
        ], 
        [
          433.2531635586087, 
          332.71457895340325
        ], 
        [
          485.0231172687589, 
          328.7145192479548
        ]
      ], 
      "projected_cuboid_centroid": [
        458.5697629616724, 
        341.5305292725734
      ], 
      "quaternion_xyzw": [
        0.9750363578875929, 
        -0.037437929301913836, 
        -0.012647633771027804, 
        0.2185006627149603
      ], 
      "visibility": 0.01136842105263158
    }
  ]
}