{
  "camera_data": {
    "location_worldframe": [
      -9.654873549430324, 
      -0.0019158032050298202, 
      78.14833662947585
    ], 
    "quaternion_xyzw_worldframe": [
      -0.8277420321658062, 
      -0.10856405571791086, 
      -0.18984128623145954, 
      0.5167372721251041
    ]
  }, 
  "objects": [
    {
      "bounding_box": {
        "bottom_right": [
          332, 
          663
        ], 
        "top_left": [
          232, 
          473
        ]
      }, 
      "class": "003_cracker_box", 
      "cuboid": [
        [
          0.30248937358857697, 
          9.498347334211228, 
          76.5385964068936
        ], 
        [
          5.348413471808001, 
          2.674686403935406, 
          62.50098916097053
        ], 
        [
          24.89502652773698, 
          0.22779753965083277, 
          70.71659626416275
        ], 
        [
          19.849102429517558, 
          7.051458469926655, 
          84.75420351008583
        ], 
        [
          -1.5515848157982404, 
          3.0211549833324622, 
          79.0206894117808
        ], 
        [
          3.4943392824211843, 
          -3.8025059469433597, 
          64.98308216585771
        ], 
        [
          23.040952338350163, 
          -6.249394811227933, 
          73.19868926904994
        ], 
        [
          17.99502824013074, 
          0.5742661190478889, 
          87.236296514973
        ]
      ], 
      "cuboid_centroid": [
        11.671720855969369, 
        1.6244762614916475, 
        74.86864283797176
      ], 
      "location": [
        11.671720855969369, 
        1.6244762614916475, 
        74.86864283797176
      ], 
      "pose_transform_permuted": [
        [
          0.25822760915244086, 
          0.9021159478742662, 
          -0.34569541284536653, 
          0.0
        ], 
        [
          -0.30761076136472304, 
          0.41598555451865665, 
          0.8557637746039621, 
          0.0
        ], 
        [
          -0.915802446690349, 
          0.11464220436959388, 
          -0.3849195287501668, 
          0.0
        ], 
        [
          11.671720855969369, 
          1.6244762614916475, 
          74.86864283797176, 
          1.0
        ]
      ], 
      "projected_cuboid": [
        [
          483.7223746230208, 
          339.47085385477993
        ], 
        [
          527.6152898828873, 
          296.1095789798189
        ], 
        [
          670.9111791962249, 
          275.0045065392003
        ], 
        [
          607.5392953498545, 
          317.6581530303856
        ], 
        [
          471.0379802082489, 
          293.6766551570782
        ], 
        [
          510.51428678610426, 
          242.0791710939483
        ], 
        [
          650.8705250738727, 
          227.75396534826336
        ], 
        [
          592.5265683478069, 
          276.7973170891587
        ]
      ], 
      "projected_cuboid_centroid": [
        565.4323206228898, 
        284.8583385351745
      ], 
      "quaternion_xyzw": [
        0.5368255898916885, 
        0.6202144729528036, 
        0.5187864572463678, 
        -0.24085868337072483
      ], 
      "visibility": 0.9814800642840744
    }, 
    {
      "bounding_box": {
        "bottom_right": [
          347, 
          460
        ], 
        "top_left": [
          297, 
          402
        ]
      }, 
      "class": "005_tomato_soup_can", 
      "cuboid": [
        [
          -11.211708750003616, 
          11.14701814057843, 
          81.3671043425434
        ], 
        [
          -4.8630743304751425, 
          9.006696739557803, 
          80.42303919388257
        ], 
        [
          -2.580237976677285, 
          11.54527582021048, 
          90.01932428948082
        ], 
        [
          -8.928872396205758, 
          13.685597221231106, 
          90.96338943814166
        ], 
        [
          -12.9943701523677, 
          4.949018417565858, 
          83.43078174450426
        ], 
        [
          -6.645735732839228, 
          2.8086970165452336, 
          82.48671659584342
        ], 
        [
          -4.362899379041371, 
          5.347276097197909, 
          92.08300169144167
        ], 
        [
          -10.711533798569844, 
          7.487597498218534, 
          93.0270668401025
        ]
      ], 
      "cuboid_centroid": [
        -7.787304064522493, 
        8.247147118888169, 
        86.72505301699253
      ], 
      "location": [
        -7.787304064522493, 
        8.247147118888169, 
        86.72505301699253
      ], 
      "pose_transform_permuted": [
        [
          0.26326334421128095, 
          0.9153202803050465, 
          -0.3047637725778843, 
          0.0
        ], 
        [
          -0.938328129711698, 
          0.3163394904302534, 
          0.13953282339648654, 
          0.0
        ], 
        [
          -0.22412609310381185, 
          -0.24923460257464064, 
          -0.942151584018985, 
          0.0
        ], 
        [
          -7.787304064522493, 
          8.247147118888169, 
          86.72505301699253, 
          1.0
        ]
      ], 
      "projected_cuboid": [
        [
          407.4976699351808, 
          346.34951738042236
        ], 
        [
          449.0791934207044, 
          333.0137977199016
        ], 
        [
          466.1830549269579, 
          341.68653694421425
        ], 
        [
          428.8107083079272, 
          353.52537967981544
        ], 
        [
          397.8401564158263, 
          304.9224448298858
        ], 
        [
          438.2708500925017, 
          291.44622700697016
        ], 
        [
          456.1177704723254, 
          304.25649993830825
        ], 
        [
          419.67662328141193, 
          316.21256491472536
        ]
      ], 
      "projected_cuboid_centroid": [
        433.3096161044309, 
        324.00273717401177
      ], 
      "quaternion_xyzw": [
        0.17117312521078837, 
        0.7893551964838489, 
        0.5882877165432195, 
        0.039187212982807695
      ], 
      "visibility": 0.913968547641073
    }, 
    {
      "bounding_box": {
        "bottom_right": [
          344, 
          581
        ], 
        "top_left": [
          286, 
          515
        ]
      }, 
      "class": "010_potted_meat_can", 
      "cuboid": [
        [
          17.36810522600877, 
          9.96444539971816, 
          88.346774581447
        ], 
        [
          9.401178213530294, 
          9.018271926808612, 
          82.10547244051337
        ], 
        [
          7.712949328360269, 
          1.5272147630639326, 
          85.39610561563147
        ], 
        [
          15.679876340838744, 
          2.473388235973481, 
          91.6374077565651
        ], 
        [
          13.985567247191835, 
          12.457420806050829, 
          92.28660082937236
        ], 
        [
          6.01864023471336, 
          11.51124733314128, 
          86.04529868843875
        ], 
        [
          4.330411349543335, 
          4.0201901693966, 
          89.33593186355684
        ], 
        [
          12.29733836202181, 
          4.966363642306149, 
          95.57723400449046
        ]
      ], 
      "cuboid_centroid": [
        10.849258287776053, 
        6.992317784557381, 
        88.84135322250192
      ], 
      "location": [
        10.849258287776053, 
        6.992317784557381, 
        88.84135322250192
      ], 
      "pose_transform_permuted": [
        [
          0.5872359932425968, 
          -0.43280072479161424, 
          -0.6839857510522055, 
          0.0
        ], 
        [
          0.7837838167086643, 
          0.09308425377865119, 
          0.6140173752804449, 
          0.0
        ], 
        [
          0.20207904636627536, 
          0.8966708846308625, 
          -0.39388498787717563, 
          0.0
        ], 
        [
          10.849258287776053, 
          6.992317784557381, 
          88.84135322250192, 
          1.0
        ]
      ], 
      "projected_cuboid": [
        [
          587.3161753598678, 
          333.4385230684531
        ], 
        [
          543.171714725886, 
          331.8651062786246
        ], 
        [
          530.1677456110679, 
          282.82436801452974
        ], 
        [
          573.6126935902045, 
          287.68138409639744
        ], 
        [
          563.0924841236176, 
          345.2773406761211
        ], 
        [
          519.2122346560642, 
          344.63469671954584
        ], 
        [
          507.66428929460847, 
          297.2863564272309
        ], 
        [
          550.7878775208547, 
          300.9987752644958
        ]
      ], 
      "projected_cuboid_centroid": [
        547.2685218279116, 
        315.261810430525
      ], 
      "quaternion_xyzw": [
        0.9171205553785898, 
        -0.029711141013143802, 
        0.3274524165547574, 
        0.22534815838020655
      ], 
      "visibility": 0.3583360628889617
    }, 
    {
      "bounding_box": {
        "bottom_right": [
          275, 
          568
        ], 
        "top_left": [
          235, 
          420
        ]
      }, 
      "class": "037_scissors", 
      "cuboid": [
        [
          -8.92422959997055, 
          -0.7134925736500042, 
          68.5178986595574
        ], 
        [
          9.910410162544906, 
          -1.8512682442291193, 
          75.89496045422615
        ], 
        [
          12.577834174961062, 
          -5.686903322014665, 
          68.49308854212035
        ], 
        [
          -6.256805587554397, 
          -4.54912765143555, 
          61.11602674745161
        ], 
        [
          -8.600088419252785, 
          0.6909446109713933, 
          67.9069335813077
        ], 
        [
          10.234551343262673, 
          -0.4468310596077215, 
          75.28399537597645
        ], 
        [
          12.901975355678823, 
          -4.282466137393268, 
          67.88212346387066
        ], 
        [
          -5.932664406836631, 
          -3.1446904668141524, 
          60.50506166920191
        ]
      ], 
      "cuboid_centroid": [
        1.9888728778541378, 
        -2.497979355521636, 
        68.20001106171402
      ], 
      "location": [
        1.9888728778541378, 
        -2.497979355521636, 
        68.20001106171402
      ], 
      "pose_transform_permuted": [
        [
          -0.20705281148107607, 
          -0.8971173208553989, 
          0.3902683296464677, 
          0.0
        ], 
        [
          -0.9296557617663864, 
          0.056159274670949264, 
          -0.3641231310390904, 
          0.0
        ], 
        [
          -0.30474396588206853, 
          0.4382080388569219, 
          0.8456382603390518, 
          0.0
        ], 
        [
          1.9888728778541378, 
          -2.497979355521636, 
          68.20001106171402, 
          1.0
        ]
      ], 
      "projected_cuboid": [
        [
          411.5550850475558, 
          267.732958998148
        ], 
        [
          551.8186221047324, 
          260.2775370880792
        ], 
        [
          580.3501956775057, 
          229.0056189312404
        ], 
        [
          426.5430171576556, 
          233.58927701776994
        ], 
        [
          413.4918277405961, 
          278.71299846910256
        ], 
        [
          554.7038884781402, 
          270.1211406978852
        ], 
        [
          583.8068667923899, 
          239.6411106023889
        ], 
        [
          428.86803520827647, 
          245.56778251378682
        ]
      ], 
      "projected_cuboid_centroid": [
        497.279533865414, 
        253.75250436593632
      ], 
      "quaternion_xyzw": [
        -0.17196195646898413, 
        -0.5246853676419647, 
        0.8303812573555859, 
        -0.0748405292777069
      ], 
      "visibility": 0.7972868217054263
    }, 
    {
      "bounding_box": {
        "bottom_right": [
          336, 
          514
        ], 
        "top_left": [
          293, 
          457
        ]
      }, 
      "class": "061_foam_brick", 
      "cuboid": [
        [
          5.424207692985478, 
          7.6298608646157104, 
          85.8406278335522
        ], 
        [
          -2.0247464344999355, 
          8.364781377705546, 
          83.69200748420681
        ], 
        [
          -3.059259683059845, 
          3.7744580837763304, 
          85.70842652431128
        ], 
        [
          4.389694444425568, 
          3.039537570686495, 
          87.85704687365669
        ], 
        [
          4.319249637012665, 
          9.903203378256256, 
          90.44893749668428
        ], 
        [
          -3.1297044904727485, 
          10.63812389134609, 
          88.30031714733887
        ], 
        [
          -4.164217739032658, 
          6.0478005974168765, 
          90.31673618744335
        ], 
        [
          3.2847363884527554, 
          5.31288008432704, 
          92.46535653678875
        ]
      ], 
      "cuboid_centroid": [
        0.62999497697641, 
        6.8388307310162935, 
        88.07868201049777
      ], 
      "location": [
        0.62999497697641, 
        6.8388307310162935, 
        88.07868201049777
      ], 
      "pose_transform_permuted": [
        [
          0.2102279389557263, 
          -0.4325233058392589, 
          -0.8767712378883712, 
          0.0
        ], 
        [
          0.9565393261690983, 
          -0.09437303013921347, 
          0.2759098560659096, 
          0.0
        ], 
        [
          0.2020810015176963, 
          0.8966701294724959, 
          -0.3938857039007422, 
          0.0
        ], 
        [
          0.62999497697641, 
          6.8388307310162935, 
          88.07868201049777, 
          1.0
        ]
      ], 
      "projected_cuboid": [
        [
          515.577991620271, 
          320.69013134588397
        ], 
        [
          468.58703612748405, 
          326.5903342670904
        ], 
        [
          462.40222625120805, 
          296.773054926949
        ], 
        [
          508.4659408235425, 
          291.7374758164243
        ], 
        [
          507.27716113975026, 
          331.6793996769562
        ], 
        [
          462.53663404190024, 
          337.5390795661818
        ], 
        [
          456.80247890361943, 
          308.9987506883089
        ], 
        [
          500.70058099814383, 
          303.93004705484964
        ]
      ], 
      "projected_cuboid_centroid": [
        485.4435007585727, 
        314.6959036938891
      ], 
      "quaternion_xyzw": [
        0.9656578966603501, 
        -0.07674923818315267, 
        0.12585663015414264, 
        0.2139497363916533
      ], 
      "visibility": 0.29061553985872857
    }
  ]
}