{
  "camera_data": {
    "location_worldframe": [
      -14.24720858697305, 
      0.7549760672823508, 
      70.27219098585967
    ], 
    "quaternion_xyzw_worldframe": [
      -0.8360077150471393, 
      -0.05534161626274411, 
      -0.09114084388497404, 
      0.538259200064292
    ]
  }, 
  "objects": [
    {
      "bounding_box": {
        "bottom_right": [
          349, 
          645
        ], 
        "top_left": [
          235, 
          435
        ]
      }, 
      "class": "003_cracker_box", 
      "cuboid": [
        [
          -5.072264869608019, 
          10.5174108699461, 
          66.73499169469521
        ], 
        [
          -3.1974176972192097, 
          4.142293664260204, 
          51.737627113505965
        ], 
        [
          17.735636310149257, 
          1.9553035435533301, 
          55.28415658369524
        ], 
        [
          15.860789137760447, 
          8.330420749239229, 
          70.28152116488448
        ], 
        [
          -6.208564681512531, 
          3.9428721387072834, 
          69.38766218758518
        ], 
        [
          -4.333717509123722, 
          -2.432245066978615, 
          54.39029760639593
        ], 
        [
          16.599336498244742, 
          -4.619235187685488, 
          57.9368270765852
        ], 
        [
          14.724489325855936, 
          1.7558820180004098, 
          72.93419165777445
        ]
      ], 
      "cuboid_centroid": [
        5.763535814318363, 
        2.9490878411303068, 
        62.33590938564021
      ], 
      "location": [
        5.763535814318363, 
        2.9490878411303068, 
        62.33590938564021
      ], 
      "pose_transform_permuted": [
        [
          0.15825903051134738, 
          0.915673939892015, 
          -0.3694527237201576, 
          0.0
        ], 
        [
          -0.11429485559335506, 
          0.388641330955095, 
          0.9142727174417635, 
          0.0
        ], 
        [
          -0.9807602995872654, 
          0.10246536817914148, 
          -0.16616282098414936, 
          0.0
        ], 
        [
          5.763535814318363, 
          2.9490878411303068, 
          62.33590938564021, 
          1.0
        ]
      ], 
      "projected_cuboid": [
        [
          440.72373614605556, 
          357.3375139201226
        ], 
        [
          448.36291664624804, 
          315.98595141895316
        ], 
        [
          654.1164242142235, 
          292.1491151692091
        ], 
        [
          602.9570162433198, 
          336.50054428049526
        ], 
        [
          433.4798306420043, 
          303.5917948414758
        ], 
        [
          438.7490347638454, 
          249.43735931581662
        ], 
        [
          635.6705028720327, 
          230.76559389160045
        ], 
        [
          590.1648116283639, 
          286.1261437226181
        ]
      ], 
      "projected_cuboid_centroid": [
        531.3183647017125, 
        298.5176818544887
      ], 
      "quaternion_xyzw": [
        0.5825854521668782, 
        0.5876398155193304, 
        0.46024653720922737, 
        -0.32163140880025465
      ], 
      "visibility": 0.9815242494226328
    }, 
    {
      "bounding_box": {
        "bottom_right": [
          358, 
          444
        ], 
        "top_left": [
          305, 
          369
        ]
      }, 
      "class": "005_tomato_soup_can", 
      "cuboid": [
        [
          -15.231563269513575, 
          11.78665351734431, 
          74.06903817535053
        ], 
        [
          -9.222238233710629, 
          9.816001796657444, 
          71.66447207993323
        ], 
        [
          -4.88287715938023, 
          12.181297582569076, 
          80.57063480664581
        ], 
        [
          -10.892202195183174, 
          14.151949303255943, 
          82.97520090206311
        ], 
        [
          -16.397247642944183, 
          5.502593511402679, 
          76.30591466826895
        ], 
        [
          -10.38792260714124, 
          3.5319417907158126, 
          73.90134857285166
        ], 
        [
          -6.048561532810838, 
          5.897237576627442, 
          82.80751129956423
        ], 
        [
          -12.057886568613783, 
          7.867889297314309, 
          85.21207739498152
        ]
      ], 
      "cuboid_centroid": [
        -10.640062401162206, 
        8.841945546985878, 
        78.43827473745738
      ], 
      "location": [
        -10.640062401162206, 
        8.841945546985878, 
        78.43827473745738
      ], 
      "pose_transform_permuted": [
        [
          0.17214820831213418, 
          0.9280296584615644, 
          -0.33034180542213354, 
          0.0
        ], 
        [
          -0.8881782048010034, 
          0.2912623126789816, 
          0.3553948547014694, 
          0.0
        ], 
        [
          -0.42603318566327336, 
          -0.23222185972697446, 
          -0.8743962102951662, 
          0.0
        ], 
        [
          -10.640062401162206, 
          8.841945546985878, 
          78.43827473745738, 
          1.0
        ]
      ], 
      "projected_cuboid": [
        [
          371.01123103584837, 
          358.15402506789127
        ], 
        [
          412.3941887677352, 
          346.3362072898405
        ], 
        [
          449.00658938745175, 
          353.91795617504687
        ], 
        [
          411.00447816658397, 
          364.2475916627645
        ], 
        [
          366.0378780236398, 
          311.7454292825819
        ], 
        [
          406.0064187873634, 
          298.77529779415244
        ], 
        [
          442.31683110919363, 
          311.2675403913545
        ], 
        [
          405.50107748344794, 
          322.5295510467112
        ]
      ], 
      "projected_cuboid_centroid": [
        408.6499941496426, 
        333.4049269863453
      ], 
      "quaternion_xyzw": [
        0.22909695891596646, 
        0.782742273987759, 
        0.5756766718290592, 
        -0.058527133540318084
      ], 
      "visibility": 0.8316831683168316
    }, 
    {
      "bounding_box": {
        "bottom_right": [
          362, 
          577
        ], 
        "top_left": [
          295, 
          501
        ]
      }, 
      "class": "010_potted_meat_can", 
      "cuboid": [
        [
          14.201947111852723, 
          11.100528225574854, 
          74.4194217680346
        ], 
        [
          5.052538410611855, 
          10.117185375145098, 
          70.10173952711112
        ], 
        [
          4.277149661631449, 
          2.5142354054561147, 
          73.47638690702529
        ], 
        [
          13.426558362872315, 
          3.49757825588587, 
          77.79406914794878
        ], 
        [
          11.750173580450426, 
          13.421955350945675, 
          79.0861661440282
        ], 
        [
          2.6007648792095592, 
          12.43861250051592, 
          74.76848390310471
        ], 
        [
          1.8253761302291531, 
          4.8356625308269345, 
          78.14313128301889
        ], 
        [
          10.974784831470021, 
          5.81900538125669, 
          82.46081352394236
        ]
      ], 
      "cuboid_centroid": [
        8.013661621040939, 
        7.9680953782008945, 
        76.28127652552675
      ], 
      "location": [
        8.013661621040939, 
        7.9680953782008945, 
        76.28127652552675
      ], 
      "pose_transform_permuted": [
        [
          0.4256477455494842, 
          -0.4030185535963259, 
          -0.8101846264574404, 
          0.0
        ], 
        [
          0.9001159997140622, 
          0.09674096564909292, 
          0.424772244157091, 
          0.0
        ], 
        [
          0.0928131370891212, 
          0.9100643241810894, 
          -0.40394139109095084, 
          0.0
        ], 
        [
          8.013661621040939, 
          7.9680953782008945, 
          76.28127652552675, 
          1.0
        ]
      ], 
      "projected_cuboid": [
        [
          584.2221091700055, 
          352.8373991087383
        ], 
        [
          520.3560695908956, 
          350.2559987043159
        ], 
        [
          512.9009652842238, 
          291.53581553680436
        ], 
        [
          574.4103137470314, 
          297.26429101541055
        ], 
        [
          561.4949939072532, 
          363.79783701282196
        ], 
        [
          500.3027817033842, 
          362.0104934196581
        ], 
        [
          494.1589102567416, 
          306.2894837676297
        ], 
        [
          553.1685723952149, 
          310.92125672576833
        ]
      ], 
      "projected_cuboid_centroid": [
        538.0913894376692, 
        328.99537636653974
      ], 
      "quaternion_xyzw": [
        0.9513628317251773, 
        0.001032158401871001, 
        0.22347414712545716, 
        0.21205367652001814
      ], 
      "visibility": 0.34346642468239563
    }, 
    {
      "bounding_box": {
        "bottom_right": [
          284, 
          526
        ], 
        "top_left": [
          242, 
          334
        ]
      }, 
      "class": "037_scissors", 
      "cuboid": [
        [
          -15.689938838219192, 
          0.28600860786588983, 
          60.70744668388179
        ], 
        [
          4.338295643304677, 
          -0.5894245812487285, 
          63.63365061852922
        ], 
        [
          5.3375659170635945, 
          -4.1882550497986655, 
          55.71753835973752
        ], 
        [
          -14.690668564460275, 
          -3.3128218606840467, 
          52.7913344250901
        ], 
        [
          -15.535793058360845, 
          1.7114606111848052, 
          60.07886470656221
        ], 
        [
          4.492441423163024, 
          0.8360274220701871, 
          63.005068641209625
        ], 
        [
          5.491711696921941, 
          -2.7628030464797497, 
          55.08895638241793
        ], 
        [
          -14.536522784601926, 
          -1.8873698573651314, 
          52.16275244777051
        ]
      ], 
      "cuboid_centroid": [
        -5.099113570648625, 
        -1.23839721930693, 
        57.89820153314986
      ], 
      "location": [
        -5.099113570648625, 
        -1.23839721930693, 
        57.89820153314986
      ], 
      "pose_transform_permuted": [
        [
          -0.09846424643403735, 
          -0.9105410311178566, 
          0.40152153873863133, 
          0.0
        ], 
        [
          -0.9885701992991117, 
          0.04321035701047217, 
          -0.14443399938885434, 
          0.0
        ], 
        [
          -0.11416317195762121, 
          0.41115393144028883, 
          0.9043884410138086, 
          0.0
        ], 
        [
          -5.099113570648625, 
          -1.23839721930693, 
          57.89820153314986, 
          1.0
        ]
      ], 
      "projected_cuboid": [
        [
          342.6110795753678, 
          275.7991455751079
        ], 
        [
          518.2597353737964, 
          268.3465153844783
        ], 
        [
          533.1131801516889, 
          233.1972141683222
        ], 
        [
          331.94915741807813, 
          239.8190609210227
        ], 
        [
          342.5366768010843, 
          288.4791596168307
        ], 
        [
          519.9411801757792, 
          280.3632669791796
        ], 
        [
          535.2057257438327, 
          246.53967135168708
        ], 
        [
          331.73498301589694, 
          253.9897934964196
        ]
      ], 
      "projected_cuboid_centroid": [
        434.2360159405074, 
        261.8792494765769
      ], 
      "quaternion_xyzw": [
        -0.07256359381919603, 
        -0.5421933146535646, 
        0.836846113314454, 
        -0.02119649413980362
      ], 
      "visibility": 0.8128718226068145
    }, 
    {
      "bounding_box": {
        "bottom_right": [
          348, 
          495
        ], 
        "top_left": [
          301, 
          439
        ]
      }, 
      "class": "061_foam_brick", 
      "cuboid": [
        [
          2.0423483516744616, 
          8.550401129059939, 
          74.59391578458894
        ], 
        [
          -5.710561652703639, 
          9.163391275855387, 
          74.19363500375003
        ], 
        [
          -6.185685913788161, 
          4.504498614146761, 
          76.26153428870987
        ], 
        [
          1.567224090589939, 
          3.8915084673513123, 
          76.66181506954877
        ], 
        [
          1.9636042282427244, 
          10.689190240136675, 
          79.39442793877267
        ], 
        [
          -5.789305776135375, 
          11.302180386932124, 
          78.99414715793375
        ], 
        [
          -6.264430037219898, 
          6.643287725223497, 
          81.06204644289357
        ], 
        [
          1.488479967158202, 
          6.030297578428049, 
          81.46232722373249
        ]
      ], 
      "cuboid_centroid": [
        -2.111040842772718, 
        7.5968444271417175, 
        77.82798111374126
      ], 
      "location": [
        -2.111040842772718, 
        7.5968444271417175, 
        77.82798111374126
      ], 
      "pose_transform_permuted": [
        [
          0.014981758524177657, 
          -0.4069233436076014, 
          -0.9133394436564826, 
          0.0
        ], 
        [
          0.9955710807875437, 
          -0.07871563872309045, 
          0.051401082867366776, 
          0.0
        ], 
        [
          0.09281039818385234, 
          0.9100644156583785, 
          -0.403941814301675, 
          0.0
        ], 
        [
          -2.111040842772718, 
          7.5968444271417175, 
          77.82798111374126, 
          1.0
        ]
      ], 
      "projected_cuboid": [
        [
          496.3208095639037, 
          334.4188209314939
        ], 
        [
          440.2062600684043, 
          339.1549378168968
        ], 
        [
          437.97823372743005, 
          304.7878360565175
        ], 
        [
          492.59076555546847, 
          300.35891647693444
        ], 
        [
          494.89719264094083, 
          345.08949231096415
        ], 
        [
          442.1855374111231, 
          349.59186375237556
        ], 
        [
          440.0389637550696, 
          316.9937424744546
        ], 
        [
          491.4230953839152, 
          312.76583964798857
        ]
      ], 
      "projected_cuboid_centroid": [
        467.0105182422008, 
        325.34424069092927
      ], 
      "quaternion_xyzw": [
        0.9771098889201774, 
        -0.04388606615590072, 
        0.01698448714527528, 
        0.20746519073852046
      ], 
      "visibility": 0.006872852233676976
    }
  ]
}