{
  "camera_data": {
    "location_worldframe": [
      -19.890197534297265, 
      14.790179995872442, 
      71.07735211697187
    ], 
    "quaternion_xyzw_worldframe": [
      0.8978301475243996, 
      0.012017534213913555, 
      -0.05799219069560548, 
      -0.4363407262049101
    ]
  }, 
  "objects": [
    {
      "bounding_box": {
        "bottom_right": [
          468, 
          552
        ], 
        "top_left": [
          353, 
          327
        ]
      }, 
      "class": "003_cracker_box", 
      "cuboid": [
        [
          -13.089913207440565, 
          23.58495586291755, 
          62.80670905620802
        ], 
        [
          -14.91565180608998, 
          13.710253351782715, 
          49.836163787286395
        ], 
        [
          6.2755965837221375, 
          13.00690206548566, 
          47.38874968343206
        ], 
        [
          8.101335182371553, 
          22.881604576620497, 
          60.35929495235369
        ], 
        [
          -12.781383329273629, 
          17.856550949691023, 
          67.1244149284674
        ], 
        [
          -14.607121927923044, 
          7.98184843855619, 
          54.15386965954577
        ], 
        [
          6.584126461889072, 
          7.278497152259135, 
          51.70645555569144
        ], 
        [
          8.40986506053849, 
          17.15319966339397, 
          64.67700082461307
        ]
      ], 
      "cuboid_centroid": [
        -3.252893372775746, 
        15.431726507588342, 
        57.256582305949735
      ], 
      "location": [
        -3.252893372775746, 
        15.431726507588342, 
        57.256582305949735
      ], 
      "pose_transform_permuted": [
        [
          -0.04297073614809921, 
          0.7978280014182141, 
          -0.6013518071710674, 
          0.0
        ], 
        [
          0.11130108766037317, 
          0.60198383855441, 
          0.7907133020285646, 
          0.0
        ], 
        [
          -0.992857282654717, 
          0.03295357753440903, 
          0.11466681301569043, 
          0.0
        ], 
        [
          -3.252893372775746, 
          15.431726507588342, 
          57.256582305949735, 
          1.0
        ]
      ], 
      "projected_cuboid": [
        [
          369.5185280506957, 
          473.5568437964438
        ], 
        [
          320.6476654129396, 
          420.00623000975486
        ], 
        [
          552.81207384897, 
          419.6680237613388
        ], 
        [
          553.7749592108582, 
          475.46265393380276
        ], 
        [
          379.1996320497253, 
          415.1611199723873
        ], 
        [
          336.54400777594907, 
          351.89359060663355
        ], 
        [
          550.0741337654254, 
          348.359660392123
        ], 
        [
          551.521814643743, 
          414.72997502855543
        ]
      ], 
      "projected_cuboid_centroid": [
        451.04531524464164, 
        417.0262027881995
      ], 
      "quaternion_xyzw": [
        0.6606070072981837, 
        0.6035513942441616, 
        0.28297556551006686, 
        -0.3453243775622048
      ], 
      "visibility": 0.9522681110358836
    }, 
    {
      "bounding_box": {
        "bottom_right": [
          478, 
          416
        ], 
        "top_left": [
          414, 
          331
        ]
      }, 
      "class": "005_tomato_soup_can", 
      "cuboid": [
        [
          -20.835671687578714, 
          26.39256660511522, 
          72.33193687359139
        ], 
        [
          -15.588151482556645, 
          24.034807741349958, 
          68.7707715396556
        ], 
        [
          -9.161793602072704, 
          28.661042389247505, 
          75.17735335662194
        ], 
        [
          -14.409313807094772, 
          31.018801253012768, 
          78.73851869055773
        ], 
        [
          -20.70109560447341, 
          20.840564210901633, 
          76.20608263153716
        ], 
        [
          -15.453575399451339, 
          18.48280534713637, 
          72.64491729760137
        ], 
        [
          -9.027217518967397, 
          23.10903999503392, 
          79.0514991145677
        ], 
        [
          -14.274737723989467, 
          25.466798858799184, 
          82.6126644485035
        ]
      ], 
      "cuboid_centroid": [
        -14.931444603273055, 
        24.75080330007457, 
        75.69171799407954
      ], 
      "location": [
        -14.931444603273055, 
        24.75080330007457, 
        75.69171799407954
      ], 
      "pose_transform_permuted": [
        [
          -0.019874189031172013, 
          0.8199194280143985, 
          -0.5721336462696591, 
          0.0
        ], 
        [
          -0.7755834553107583, 
          0.3484767461397391, 
          0.5263402153237056, 
          0.0
        ], 
        [
          -0.6309319904791114, 
          -0.45419808375216497, 
          -0.6289904006468838, 
          0.0
        ], 
        [
          -14.931444603273055, 
          24.75080330007457, 
          75.69171799407954, 
          1.0
        ]
      ], 
      "projected_cuboid": [
        [
          326.6907441083258, 
          467.88484723528035
        ], 
        [
          359.7030320873317, 
          459.6772583301802
        ], 
        [
          416.0602722132007, 
          476.6123335541201
        ], 
        [
          383.1851277089489, 
          483.3861744724273
        ], 
        [
          335.51549711778597, 
          419.1368511611583
        ], 
        [
          367.1998462054731, 
          408.97727052348546
        ], 
        [
          420.18757254904693, 
          429.1912800252916
        ], 
        [
          388.67620324193194, 
          437.691628202735
        ]
      ], 
      "projected_cuboid_centroid": [
        375.5142128217369, 
        447.67930444208366
      ], 
      "quaternion_xyzw": [
        0.29255429985847714, 
        0.8369461131597097, 
        0.4327966298783668, 
        -0.1631569810070456
      ], 
      "visibility": 0.25919350748161296
    }, 
    {
      "bounding_box": {
        "bottom_right": [
          502, 
          539
        ], 
        "top_left": [
          418, 
          455
        ]
      }, 
      "class": "010_potted_meat_can", 
      "cuboid": [
        [
          7.416837160038053, 
          26.556117272714292, 
          64.04399262733362
        ], 
        [
          -2.437860000966253, 
          24.294283161650597, 
          62.999927018120324
        ], 
        [
          -1.4802755382578074, 
          17.760167351836955, 
          68.11682876362254
        ], 
        [
          8.374421622746498, 
          20.022001462900647, 
          69.16089437283583
        ], 
        [
          6.1690513107044325, 
          29.90869280708534, 
          68.55863416117654
        ], 
        [
          -3.685645850299873, 
          27.64685869602165, 
          67.51456855196327
        ], 
        [
          -2.7280613875914272, 
          21.112742886208007, 
          72.63147029746546
        ], 
        [
          7.126635773412879, 
          23.374576997271703, 
          73.67553590667876
        ]
      ], 
      "cuboid_centroid": [
        2.3443878862233127, 
        23.83443007946115, 
        68.33773146239955
      ], 
      "location": [
        2.3443878862233127, 
        23.83443007946115, 
        68.33773146239955
      ], 
      "pose_transform_permuted": [
        [
          0.21662573108603148, 
          -0.5820342701771526, 
          -0.7837783409568089, 
          0.0
        ], 
        [
          0.969502060363059, 
          0.2225185406562226, 
          0.10271485188727396, 
          0.0
        ], 
        [
          -0.11462175344772424, 
          0.7821261105605141, 
          -0.6124872250227362, 
          0.0
        ], 
        [
          2.3443878862233127, 
          23.83443007946115, 
          68.33773146239955, 
          1.0
        ]
      ], 
      "projected_cuboid": [
        [
          543.8747002711901, 
          494.4297992540528
        ], 
        [
          460.7876261292425, 
          478.9473630405917
        ], 
        [
          469.91069240360025, 
          412.3394742536221
        ], 
        [
          546.712806259899, 
          427.6819600082542
        ], 
        [
          529.9862160025758, 
          505.9471178811041
        ], 
        [
          452.2403278415504, 
          491.67808623528333
        ], 
        [
          461.39847961808744, 
          428.3135419723614
        ], 
        [
          533.6149912074022, 
          442.48951027846766
        ]
      ], 
      "projected_cuboid_centroid": [
        500.0455516996647, 
        459.2945900938179
      ], 
      "quaternion_xyzw": [
        0.9401338351373678, 
        0.08965220735159626, 
        0.08491891554106361, 
        0.31764666118663604
      ], 
      "visibility": 0.35704697986577183
    }, 
    {
      "bounding_box": {
        "bottom_right": [
          385, 
          437
        ], 
        "top_left": [
          339, 
          245
        ]
      }, 
      "class": "037_scissors", 
      "cuboid": [
        [
          -23.924131911542688, 
          11.907433941223692, 
          62.7585264535526
        ], 
        [
          -3.899912473757178, 
          12.295659057389988, 
          59.702524760287055
        ], 
        [
          -4.831499973946274, 
          6.857383413856278, 
          52.90750762494345
        ], 
        [
          -24.855719411731783, 
          6.469158297689982, 
          55.96350931820899
        ], 
        [
          -24.094134567795187, 
          13.13374474827066, 
          61.800376914695555
        ], 
        [
          -4.069915130009679, 
          13.521969864436956, 
          58.74437522143001
        ], 
        [
          -5.001502630198776, 
          8.083694220903244, 
          51.949358086086406
        ], 
        [
          -25.025722067984287, 
          7.695469104736949, 
          55.00535977935195
        ]
      ], 
      "cuboid_centroid": [
        -14.462817270870731, 
        9.995564081063469, 
        57.353942269819505
      ], 
      "location": [
        -14.462817270870731, 
        9.995564081063469, 
        57.353942269819505
      ], 
      "pose_transform_permuted": [
        [
          0.10859319960020758, 
          -0.7833349029779277, 
          0.6120405787390086, 
          0.0
        ], 
        [
          -0.9883720214421327, 
          -0.019162337090445083, 
          0.15084066475039998, 
          0.0
        ], 
        [
          0.10643064921524611, 
          0.6213041794090906, 
          0.7763072014132271, 
          0.0
        ], 
        [
          -14.462817270870731, 
          9.995564081063469, 
          57.353942269819505, 
          1.0
        ]
      ], 
      "projected_cuboid": [
        [
          276.596441667345, 
          374.47546106539784
        ], 
        [
          446.4690303951566, 
          383.12302797295524
        ], 
        [
          432.488597460685, 
          342.4105059794735
        ], 
        [
          242.75372814946735, 
          334.9361530399677
        ], 
        [
          271.9388233405392, 
          386.62700003545103
        ], 
        [
          444.3398184476993, 
          396.04776072950744
        ], 
        [
          429.82302899096294, 
          356.27490571508355
        ], 
        [
          236.93122376522294, 
          347.90007367519434
        ]
      ], 
      "projected_cuboid_centroid": [
        345.9903014279869, 
        366.23272194546945
      ], 
      "quaternion_xyzw": [
        0.07226915710947139, 
        -0.43446147849251265, 
        0.8974570713396591, 
        0.024309884815586
      ], 
      "visibility": 0.7639198218262806
    }, 
    {
      "bounding_box": {
        "bottom_right": [
          471, 
          463
        ], 
        "top_left": [
          421, 
          396
        ]
      }, 
      "class": "061_foam_brick", 
      "cuboid": [
        [
          -3.8874187092338897, 
          23.825824203690658, 
          68.41977785996156
        ], 
        [
          -11.458594920539866, 
          24.12408917057883, 
          70.2175331120593
        ], 
        [
          -10.871811831734812, 
          20.12015130214135, 
          73.3530392118645
        ], 
        [
          -3.3006356204288343, 
          19.821886335253172, 
          71.55528395976677
        ], 
        [
          -2.8151102084057777, 
          27.094751405072298, 
          72.39341673034473
        ], 
        [
          -10.386286419711755, 
          27.39301637196047, 
          74.19117198244246
        ], 
        [
          -9.7995033309067, 
          23.38907850352299, 
          77.32667808224767
        ], 
        [
          -2.2283271196007224, 
          23.090813536634816, 
          75.52892283014994
        ]
      ], 
      "cuboid_centroid": [
        -6.843461020070294, 
        23.607451353606823, 
        72.87322797110461
      ], 
      "location": [
        -6.843461020070294, 
        23.607451353606823, 
        72.87322797110461
      ], 
      "pose_transform_permuted": [
        [
          -0.20401607539331373, 
          -0.621942004429969, 
          -0.7560195659549702, 
          0.0
        ], 
        [
          0.9722341777818, 
          -0.0383009702522325, 
          -0.23085436801300663, 
          0.0
        ], 
        [
          -0.11462174546767623, 
          0.7821260632426013, 
          -0.612487286939552, 
          0.0
        ], 
        [
          -6.843461020070294, 
          23.607451353606823, 
          72.87322797110461, 
          1.0
        ]
      ], 
      "projected_cuboid": [
        [
          451.04283509270425, 
          459.00445508763994
        ], 
        [
          393.8409237386792, 
          456.514979805277
        ], 
        [
          401.89390650390936, 
          419.571829239862
        ], 
        [
          456.7915904021043, 
          421.02405746255414
        ], 
        [
          460.68543039011695, 
          472.8925543586394
        ], 
        [
          406.31356884480067, 
          470.1998860648383
        ], 
        [
          413.4469763494233, 
          434.60025153561634
        ], 
        [
          465.73143644879474, 
          436.3337864922382
        ]
      ], 
      "projected_cuboid_centroid": [
        431.0961211402217, 
        446.0566548840505
      ], 
      "quaternion_xyzw": [
        0.936800379880817, 
        0.02036740613436598, 
        -0.11605205675238041, 
        0.32942698302667467
      ], 
      "visibility": 0.07389162561576355
    }
  ]
}