{
  "camera_data": {
    "location_worldframe": [
      -18.6254987863029, 
      7.039505453880607, 
      80.10057244662566
    ], 
    "quaternion_xyzw_worldframe": [
      0.9317062559085758, 
      0.03065426014084435, 
      -0.08821882434981547, 
      -0.35100233329740976
    ]
  }, 
  "objects": [
    {
      "bounding_box": {
        "bottom_right": [
          385, 
          549
        ], 
        "top_left": [
          257, 
          359
        ]
      }, 
      "class": "003_cracker_box", 
      "cuboid": [
        [
          -12.685557865836412, 
          14.613515794528464, 
          70.13317921148288
        ], 
        [
          -14.1323691395568, 
          2.4493983717468604, 
          59.2235916780253
        ], 
        [
          6.985241478081155, 
          2.7068868144895264, 
          56.13591153751947
        ], 
        [
          8.432052751801546, 
          14.87100423727113, 
          67.04549907097706
        ], 
        [
          -11.857705824157597, 
          9.797263165953563, 
          75.39348045283553
        ], 
        [
          -13.304517097877987, 
          -2.3668542568280424, 
          64.48389291937795
        ], 
        [
          7.81309351975997, 
          -2.109365814085376, 
          61.396212778872126
        ], 
        [
          9.25990479348036, 
          10.054751608696227, 
          72.30580031232971
        ]
      ], 
      "cuboid_centroid": [
        -2.4362321730382206, 
        6.252074990221544, 
        65.7646959951775
      ], 
      "location": [
        -2.4362321730382206, 
        6.252074990221544, 
        65.7646959951775
      ], 
      "pose_transform_permuted": [
        [
          -0.11529973000993399, 
          0.6707872902121409, 
          -0.7326325023840327, 
          0.0
        ], 
        [
          0.08820083473257989, 
          0.741551666041138, 
          0.6650727323714972, 
          0.0
        ], 
        [
          -0.9894071886802281, 
          -0.012063908216912056, 
          0.1446647058076758, 
          0.0
        ], 
        [
          -2.4362321730382206, 
          6.252074990221544, 
          65.7646959951775, 
          1.0
        ]
      ], 
      "projected_cuboid": [
        [
          384.3273225604534, 
          384.41331477707223
        ], 
        [
          353.271862973204, 
          295.34383105717455
        ], 
        [
          548.5134408234534, 
          299.0033333100396
        ], 
        [
          549.2295668821024, 
          391.5793076834208
        ], 
        [
          397.01883385418114, 
          342.59057165253046
        ], 
        [
          370.64392645359527, 
          253.71126625805186
        ], 
        [
          550.0312668050738, 
          254.96348439545574
        ], 
        [
          550.4662827160649, 
          347.4492733868391
        ]
      ], 
      "projected_cuboid_centroid": [
        461.67577270676827, 
        323.9878143620667
      ], 
      "quaternion_xyzw": [
        0.6724524944001065, 
        0.6435245869173075, 
        0.2043910190458936, 
        -0.3031634215095298
      ], 
      "visibility": 0.9785704597857046
    }, 
    {
      "bounding_box": {
        "bottom_right": [
          423, 
          425
        ], 
        "top_left": [
          354, 
          349
        ]
      }, 
      "class": "005_tomato_soup_can", 
      "cuboid": [
        [
          -20.365630560728246, 
          18.589243594836937, 
          79.28868493769463
        ], 
        [
          -15.055957980200741, 
          15.973879613352798, 
          76.01078286024412
        ], 
        [
          -8.814741387174399, 
          22.098555097675625, 
          81.23380677878184
        ], 
        [
          -14.124413967701905, 
          24.713919079159762, 
          84.51170885623233
        ], 
        [
          -19.735205626490558, 
          13.854098921629236, 
          84.08793654470489
        ], 
        [
          -14.425533045963052, 
          11.238734940145097, 
          80.81003446725438
        ], 
        [
          -8.18431645293671, 
          17.363410424467922, 
          86.0330583857921
        ], 
        [
          -13.493989033464215, 
          19.97877440595206, 
          89.31096046324261
        ]
      ], 
      "cuboid_centroid": [
        -14.274973506832477, 
        17.97632700965243, 
        82.66087166174336
      ], 
      "location": [
        -14.274973506832477, 
        17.97632700965243, 
        82.66087166174336
      ], 
      "pose_transform_permuted": [
        [
          -0.09310112186278993, 
          0.6992859217907115, 
          -0.7087532304773823, 
          0.0
        ], 
        [
          -0.7847695760433941, 
          0.3865507810171907, 
          0.4844739076881132, 
          0.0
        ], 
        [
          -0.6127550443475814, 
          -0.6013131802226078, 
          -0.5127901275543106, 
          0.0
        ], 
        [
          -14.274973506832477, 
          17.97632700965243, 
          82.66087166174336, 
          1.0
        ]
      ], 
      "projected_cuboid": [
        [
          343.4701305056292, 
          398.32339101104196
        ], 
        [
          375.07859697536725, 
          385.36514704777017
        ], 
        [
          423.24389162574937, 
          418.3688954471121
        ], 
        [
          391.7207465523222, 
          429.2461937522687
        ], 
        [
          355.3853447305066, 
          361.15481690117036
        ], 
        [
          385.5999239338721, 
          347.4584830024212
        ], 
        [
          430.4396305430967, 
          380.9224512426106
        ], 
        [
          400.346327635103, 
          392.5896065318845
        ]
      ], 
      "projected_cuboid_centroid": [
        388.7288600840246, 
        389.2679816198175
      ], 
      "quaternion_xyzw": [
        0.28402044552561573, 
        0.8796072968580047, 
        0.34449351820824187, 
        -0.1641570708923249
      ], 
      "visibility": 0.6634969325153375
    }, 
    {
      "bounding_box": {
        "bottom_right": [
          435, 
          539
        ], 
        "top_left": [
          354, 
          459
        ]
      }, 
      "class": "010_potted_meat_can", 
      "cuboid": [
        [
          7.581241412236792, 
          19.10052537299646, 
          70.03470335774172
        ], 
        [
          -2.1100294912374538, 
          16.04433130803079, 
          69.78981809856596
        ], 
        [
          -0.556906015724553, 
          10.625292221322951, 
          75.95554139262839
        ], 
        [
          9.134364887749694, 
          13.681486286288624, 
          76.20042665180415
        ], 
        [
          6.213052160377131, 
          23.12785368765355, 
          73.91895428110098
        ], 
        [
          -3.4782187430971145, 
          20.071659622687875, 
          73.67406902192522
        ], 
        [
          -1.9250952675842141, 
          14.652620535980038, 
          79.83979231598765
        ], 
        [
          7.766175635890033, 
          17.70881460094571, 
          80.08467757516341
        ]
      ], 
      "cuboid_centroid": [
        2.8280730723262892, 
        16.87657295448825, 
        74.93724783686469
      ], 
      "location": [
        2.8280730723262892, 
        16.87657295448825, 
        74.93724783686469
      ], 
      "pose_transform_permuted": [
        [
          0.2375287370877255, 
          -0.6991768186439881, 
          -0.6743374245217282, 
          0.0
        ], 
        [
          0.9534242356664481, 
          0.30066742736431395, 
          0.024091736097474375, 
          0.0
        ], 
        [
          -0.18590708497983882, 
          0.6486527155665893, 
          -0.7380299521986816, 
          0.0
        ], 
        [
          2.8280730723262892, 
          16.87657295448825, 
          74.93724783686469, 
          1.0
        ]
      ], 
      "projected_cuboid": [
        [
          539.8099071272395, 
          418.7384888270342
        ], 
        [
          465.3382799641894, 
          395.8940517791329
        ], 
        [
          477.65418342863154, 
          347.8917124644326
        ], 
        [
          546.0603927211259, 
          369.0419672352219
        ], 
        [
          526.797328304453, 
          440.1522276858176
        ], 
        [
          456.20874848265197, 
          418.5833742446711
        ], 
        [
          468.6305152675093, 
          371.16416578995603
        ], 
        [
          533.7464931915347, 
          391.2174319725782
        ]
      ], 
      "projected_cuboid_centroid": [
        501.89186218094846, 
        393.3951236748817
      ], 
      "quaternion_xyzw": [
        0.9050434210239261, 
        0.13440640002489163, 
        0.07226738162717489, 
        0.39699939733738904
      ], 
      "visibility": 0.6544237012987013
    }, 
    {
      "bounding_box": {
        "bottom_right": [
          298, 
          453
        ], 
        "top_left": [
          243, 
          294
        ]
      }, 
      "class": "037_scissors", 
      "cuboid": [
        [
          -22.654837158149405, 
          2.435389581603689, 
          72.59372535516533
        ], 
        [
          -2.7945354527798227, 
          3.5767061347420843, 
          68.75640312737713
        ], 
        [
          -3.508752818595298, 
          -3.054323817838102, 
          63.08769159498057
        ], 
        [
          -23.36905452396488, 
          -4.195640370976498, 
          66.92501382276876
        ], 
        [
          -22.936582753502506, 
          3.4534586601612864, 
          71.43832741150736
        ], 
        [
          -3.0762810481329255, 
          4.594775213299681, 
          67.60100518371917
        ], 
        [
          -3.7904984139484013, 
          -2.036254739280505, 
          61.9322936513226
        ], 
        [
          -23.65080011931798, 
          -3.1775712924189, 
          65.7696158791108
        ]
      ], 
      "cuboid_centroid": [
        -13.222667786048902, 
        0.19956742116159204, 
        67.26300950324396
      ], 
      "location": [
        -13.222667786048902, 
        0.19956742116159204, 
        67.26300950324396
      ], 
      "pose_transform_permuted": [
        [
          0.17997163307387337, 
          -0.6503155956010429, 
          0.7380376417587483, 
          0.0
        ], 
        [
          -0.9802812341312213, 
          -0.056334048487410825, 
          0.18940573134386746, 
          0.0
        ], 
        [
          0.08159686332106672, 
          0.757572233070535, 
          0.6476306825547291, 
          0.0
        ], 
        [
          -13.222667786048902, 
          0.19956742116159204, 
          67.26300950324396, 
          1.0
        ]
      ], 
      "projected_cuboid": [
        [
          313.77324970513354, 
          291.1784556391342
        ], 
        [
          459.74018677240434, 
          301.02980752641815
        ], 
        [
          451.6882078778357, 
          247.4664348168313
        ], 
        [
          293.81919748381966, 
          239.85184673563467
        ], 
        [
          308.93808696095863, 
          299.0681764921841
        ], 
        [
          457.12534340141724, 
          309.5357563896885
        ], 
        [
          448.68380953952385, 
          255.7516710362942
        ], 
        [
          288.21675013506643, 
          247.51991346162131
        ]
      ], 
      "projected_cuboid_centroid": [
        375.88257599036933, 
        274.86888189757104
      ], 
      "quaternion_xyzw": [
        0.09906202494207537, 
        -0.34809167795872, 
        0.9321870934743336, 
        0.00677514605450592
      ], 
      "visibility": 0.7304752409438352
    }, 
    {
      "bounding_box": {
        "bottom_right": [
          411, 
          469
        ], 
        "top_left": [
          362, 
          408
        ]
      }, 
      "class": "061_foam_brick", 
      "cuboid": [
        [
          -3.3830411198361694, 
          16.473684361979775, 
          75.25707121472563
        ], 
        [
          -10.907605303129678, 
          16.59544933912958, 
          77.2594953210027
        ], 
        [
          -9.955893918612036, 
          13.274800801057914, 
          81.03769199093837
        ], 
        [
          -2.4313297353185277, 
          13.15303582390811, 
          79.03526788466128
        ], 
        [
          -2.445726933800018, 
          20.47309968778028, 
          78.5360429452394
        ], 
        [
          -9.970291117093527, 
          20.594864664930085, 
          80.53846705151648
        ], 
        [
          -9.018579732575885, 
          17.27421612685842, 
          84.31666372145214
        ], 
        [
          -1.4940155492823757, 
          17.152451149708615, 
          82.31423961517507
        ]
      ], 
      "cuboid_centroid": [
        -6.2008104262060275, 
        16.8739502444191, 
        79.78686746808889
      ], 
      "location": [
        -6.2008104262060275, 
        16.8739502444191, 
        79.78686746808889
      ], 
      "pose_transform_permuted": [
        [
          -0.1783322257520992, 
          -0.7609237621519922, 
          -0.6238530639908415, 
          0.0
        ], 
        [
          0.9662486075791448, 
          -0.01563615337139798, 
          -0.2571364211058211, 
          0.0
        ], 
        [
          -0.18590655074436285, 
          0.6486528647128638, 
          -0.7380299556861694, 
          0.0
        ], 
        [
          -6.2008104262060275, 
          16.8739502444191, 
          79.78686746808889, 
          1.0
        ]
      ], 
      "projected_cuboid": [
        [
          457.4228917763545, 
          390.0295673793817
        ], 
        [
          405.6747811300842, 
          387.8443420068056
        ], 
        [
          415.5300158236173, 
          360.6497273315447
        ], 
        [
          465.05405379321394, 
          362.0414922036275
        ], 
        [
          464.85031318545543, 
          412.31448721643216
        ], 
        [
          415.02436160064997, 
          409.6641602614938
        ], 
        [
          424.0773872554061, 
          382.54937331869826
        ], 
        [
          471.83657313425834, 
          384.4184410433156
        ]
      ], 
      "projected_cuboid_centroid": [
        439.80356556054915, 
        386.0771311752777
      ], 
      "quaternion_xyzw": [
        0.8998270023013938, 
        0.047306425828932124, 
        -0.12098676905231992, 
        0.41645608378178356
      ], 
      "visibility": 0.5969079939668175
    }
  ]
}