{
  "camera_data": {
    "location_worldframe": [
      -22.796402058871955, 
      15.733848322115229, 
      72.7176506564103
    ], 
    "quaternion_xyzw_worldframe": [
      0.9143882457127376, 
      0.031007516779384917, 
      -0.10438231874154442, 
      -0.38992229823463986
    ]
  }, 
  "objects": [
    {
      "bounding_box": {
        "bottom_right": [
          488, 
          519
        ], 
        "top_left": [
          351, 
          290
        ]
      }, 
      "class": "003_cracker_box", 
      "cuboid": [
        [
          -17.250126441684507, 
          24.159631175584906, 
          63.21792249452033
        ], 
        [
          -19.026357948804485, 
          12.938864825075047, 
          51.385022603642504
        ], 
        [
          1.9667492986704755, 
          13.615392814794747, 
          47.592226125905285
        ], 
        [
          3.7429808057904523, 
          24.836159165304604, 
          59.42512601678311
        ], 
        [
          -16.213191403940677, 
          18.927186210358375, 
          68.02403141425128
        ], 
        [
          -17.989422911060654, 
          7.706419859848518, 
          56.19113152337345
        ], 
        [
          3.0036843364143055, 
          8.382947849568216, 
          52.39833504563624
        ], 
        [
          4.779915843534282, 
          19.603714200078077, 
          64.23123493651406
        ]
      ], 
      "cuboid_centroid": [
        -7.123221052635101, 
        16.271289512576562, 
        57.808128770078284
      ], 
      "location": [
        -7.123221052635101, 
        16.271289512576562, 
        57.808128770078284
      ], 
      "pose_transform_permuted": [
        [
          -0.1444199251441718, 
          0.7287527980954371, 
          -0.6693745173588723, 
          0.0
        ], 
        [
          0.10828302519611649, 
          0.6840428855031712, 
          0.7213599082613849, 
          0.0
        ], 
        [
          -0.9835739279158073, 
          -0.03169684622430652, 
          0.1777009799176793, 
          0.0
        ], 
        [
          -7.123221052635101, 
          16.271289512576562, 
          57.808128770078284, 
          1.0
        ]
      ], 
      "projected_cuboid": [
        [
          334.85866111303307, 
          477.1022269460384
        ], 
        [
          282.47891799917437, 
          407.57761436071587
        ], 
        [
          503.8201734078322, 
          425.86094375703016
        ], 
        [
          515.468943379097, 
          496.18232199494463
        ], 
        [
          353.4236755268221, 
          421.67878775621404
        ], 
        [
          309.4335251270326, 
          346.429479153329
        ], 
        [
          512.4238760248278, 
          358.60967370670863
        ], 
        [
          521.61602175126, 
          436.0585085986222
        ]
      ], 
      "projected_cuboid_centroid": [
        415.33282470691216, 
        423.4003286391259
      ], 
      "quaternion_xyzw": [
        0.6606740301258031, 
        0.63102859253505, 
        0.2183149165888034, 
        -0.34300340889761965
      ], 
      "visibility": 0.9603158776372991
    }, 
    {
      "bounding_box": {
        "bottom_right": [
          493, 
          392
        ], 
        "top_left": [
          422, 
          307
        ]
      }, 
      "class": "005_tomato_soup_can", 
      "cuboid": [
        [
          -24.618711154230148, 
          27.297314215629655, 
          72.93760807949795
        ], 
        [
          -19.416598652421293, 
          25.00580267475244, 
          69.26822201723154
        ], 
        [
          -13.022673600900472, 
          30.72035155379637, 
          74.7642266339965
        ], 
        [
          -18.224786102709334, 
          33.01186309467358, 
          78.43361269626291
        ], 
        [
          -23.795822194493933, 
          22.182697811119095, 
          77.29827310400536
        ], 
        [
          -18.593709692685074, 
          19.891186270241885, 
          73.62888704173895
        ], 
        [
          -12.199784641164255, 
          25.605735149285813, 
          79.1248916585039
        ], 
        [
          -17.401897142973116, 
          27.897246690163023, 
          82.79427772077031
        ]
      ], 
      "cuboid_centroid": [
        -18.409247897697202, 
        26.451524682457734, 
        76.03124986900093
      ], 
      "location": [
        -18.409247897697202, 
        26.451524682457734, 
        76.03124986900093
      ], 
      "pose_transform_permuted": [
        [
          -0.12152419924917021, 
          0.7553262875516747, 
          -0.6439827865317311, 
          0.0
        ], 
        [
          -0.7688721970440211, 
          0.3386853922081379, 
          0.5423352383318272, 
          0.0
        ], 
        [
          -0.6277477748292616, 
          -0.5610474495817914, 
          -0.5395910400615244, 
          0.0
        ], 
        [
          -18.409247897697202, 
          26.451524682457734, 
          76.03124986900093, 
          1.0
        ]
      ], 
      "projected_cuboid": [
        [
          300.084988124452, 
          472.88442201546826
        ], 
        [
          330.8562560755185, 
          465.81471137732984
        ], 
        [
          387.92760185172216, 
          492.4256346211611
        ], 
        [
          356.6425520074351, 
          497.7550083237823
        ], 
        [
          316.04955507735633, 
          426.336103970051
        ], 
        [
          345.79401092403776, 
          417.3653037573095
        ], 
        [
          398.68251380337085, 
          445.87495750870767
        ], 
        [
          368.56855574584563, 
          452.98673449257564
        ]
      ], 
      "projected_cuboid_centroid": [
        351.3896723864018, 
        458.8301945988874
      ], 
      "quaternion_xyzw": [
        0.2802066721674336, 
        0.8622503164913226, 
        0.3754470432908884, 
        -0.19247874569718362
      ], 
      "visibility": 0.2418871692461308
    }, 
    {
      "bounding_box": {
        "bottom_right": [
          527, 
          511
        ], 
        "top_left": [
          435, 
          420
        ]
      }, 
      "class": "010_potted_meat_can", 
      "cuboid": [
        [
          2.978965428249581, 
          28.794447610922642, 
          62.786096430022475
        ], 
        [
          -6.700369755284191, 
          25.695138378949967, 
          62.62554934398962
        ], 
        [
          -4.903588552684329, 
          19.791942060858293, 
          68.25743814193773
        ], 
        [
          4.775746630849445, 
          22.891251292830972, 
          68.41798522797059
        ], 
        [
          1.7306995150554776, 
          32.47252406553456, 
          67.03960159900339
        ], 
        [
          -7.948635668478296, 
          29.373214833561878, 
          66.87905451297053
        ], 
        [
          -6.151854465878432, 
          23.470018515470205, 
          72.51094331091863
        ], 
        [
          3.527480717655341, 
          26.569327747442884, 
          72.6714903969515
        ]
      ], 
      "cuboid_centroid": [
        -1.5864445188144254, 
        26.132233063196423, 
        67.64851987047055
      ], 
      "location": [
        -1.5864445188144254, 
        26.132233063196423, 
        67.64851987047055
      ], 
      "pose_transform_permuted": [
        [
          0.2167090740609506, 
          -0.6385438666387644, 
          -0.7384429526915924, 
          0.0
        ], 
        [
          0.9522500032283377, 
          0.3049090841664727, 
          0.01579457269474085, 
          0.0
        ], 
        [
          -0.21507263330212611, 
          0.7066057765933393, 
          -0.674130579998722, 
          0.0
        ], 
        [
          -1.5864445188144254, 
          26.132233063196423, 
          67.64851987047055, 
          1.0
        ]
      ], 
      "projected_cuboid": [
        [
          507.1119602853854, 
          517.8732167315022
        ], 
        [
          424.06116246435084, 
          492.1065025699244
        ], 
        [
          442.96430535911685, 
          427.928003840364
        ], 
        [
          519.1343436715375, 
          451.72430631208675
        ], 
        [
          495.48002638770447, 
          531.6149377045523
        ], 
        [
          417.6833328192863, 
          507.51997332992073
        ], 
        [
          435.97297674895316, 
          445.90904046382707
        ], 
        [
          507.7001831821334, 
          468.27280731489304
        ]
      ], 
      "projected_cuboid_centroid": [
        468.98581345849595, 
        479.30481704032024
      ], 
      "quaternion_xyzw": [
        0.9215881309610696, 
        0.1410558849445958, 
        0.06307146298456211, 
        0.3560903191289411
      ], 
      "visibility": 0.39990328820116056
    }, 
    {
      "bounding_box": {
        "bottom_right": [
          382, 
          405
        ], 
        "top_left": [
          329, 
          226
        ]
      }, 
      "class": "037_scissors", 
      "cuboid": [
        [
          -27.06820276613883, 
          11.742315074602915, 
          64.99719717972825
        ], 
        [
          -7.3623994234245345, 
          13.35260542618501, 
          60.575940708483564
        ], 
        [
          -8.246326534691214, 
          7.213137534316226, 
          54.40013614698279
        ], 
        [
          -27.952129877405508, 
          5.602847182734131, 
          58.82139261822748
        ], 
        [
          -27.395622625684624, 
          12.851173343975624, 
          63.94172609464642
        ], 
        [
          -7.689819282970331, 
          14.461463695557722, 
          59.52046962340174
        ], 
        [
          -8.573746394237011, 
          8.321995803688937, 
          53.34466506190096
        ], 
        [
          -28.279549736951303, 
          6.71170545210684, 
          57.76592153314565
        ]
      ], 
      "cuboid_centroid": [
        -17.820974580187922, 
        10.032155439145926, 
        59.17093112081461
      ], 
      "location": [
        -17.820974580187922, 
        10.032155439145926, 
        59.17093112081461
      ], 
      "pose_transform_permuted": [
        [
          0.2091471447829536, 
          -0.7083093289759114, 
          0.6742070079440461, 
          0.0
        ], 
        [
          -0.9726553758808387, 
          -0.07948204597172408, 
          0.21822804176588095, 
          0.0
        ], 
        [
          0.10098561465452642, 
          0.7014129681163798, 
          0.7055643069208057, 
          0.0
        ], 
        [
          -17.820974580187922, 
          10.032155439145926, 
          59.17093112081461, 
          1.0
        ]
      ], 
      "projected_cuboid": [
        [
          257.644251032613, 
          369.63540920637234
        ], 
        [
          416.237234022703, 
          390.84486026010933
        ], 
        [
          400.07930088556867, 
          344.0015724578891
        ], 
        [
          226.04974183171603, 
          324.08622141398024
        ], 
        [
          251.19384113147106, 
          380.47448597214566
        ], 
        [
          412.1199944107737, 
          402.8651827562259
        ], 
        [
          395.16570238099695, 
          356.4866729532311
        ], 
        [
          218.33243338801503, 
          335.2518604255902
        ]
      ], 
      "projected_cuboid_centroid": [
        319.6344514743418, 
        363.7083862736171
      ], 
      "quaternion_xyzw": [
        0.11678006826557666, 
        -0.3863403045278366, 
        0.9149146615861592, 
        0.005875840006083812
      ], 
      "visibility": 0.7420204978038067
    }, 
    {
      "bounding_box": {
        "bottom_right": [
          490, 
          439
        ], 
        "top_left": [
          433, 
          368
        ]
      }, 
      "class": "061_foam_brick", 
      "cuboid": [
        [
          -7.780333257724326, 
          25.65639538222238, 
          68.1507527128792
        ], 
        [
          -15.229472398682677, 
          25.55268381861898, 
          70.4186074546518
        ], 
        [
          -14.128446264843756, 
          21.935357515284387, 
          73.86968311556367
        ], 
        [
          -6.679307123885403, 
          22.03906907888778, 
          71.60182837379107
        ], 
        [
          -6.745950008540716, 
          29.374921873409725, 
          71.7184057886767
        ], 
        [
          -14.195089149499069, 
          29.271210309806335, 
          73.98626053044931
        ], 
        [
          -13.094063015660145, 
          25.653884006471735, 
          77.43733619136118
        ], 
        [
          -5.644923874701792, 
          25.757595570075132, 
          75.16948144958857
        ]
      ], 
      "cuboid_centroid": [
        -10.437198136692235, 
        25.655139694347056, 
        72.79404445212019
      ], 
      "location": [
        -10.437198136692235, 
        25.655139694347056, 
        72.79404445212019
      ], 
      "pose_transform_permuted": [
        [
          -0.19680046440744564, 
          -0.7074822034817757, 
          -0.6787772160035903, 
          0.0
        ], 
        [
          0.9565630842242169, 
          0.013317868182203874, 
          -0.291221050555304, 
          0.0
        ], 
        [
          -0.21507357603496333, 
          0.7066056652360301, 
          -0.6741303959530973, 
          0.0
        ], 
        [
          -10.437198136692235, 
          25.655139694347056, 
          72.79404445212019, 
          1.0
        ]
      ], 
      "projected_cuboid": [
        [
          420.2040087791731, 
          474.0628690744753
        ], 
        [
          365.29453824636505, 
          466.8113345606056
        ], 
        [
          378.74337177533187, 
          431.65402019277747
        ], 
        [
          431.43227420212264, 
          437.4425016151077
        ], 
        [
          431.0141100924353, 
          491.7272704117328
        ], 
        [
          378.42104534477886, 
          484.2839524935001
        ], 
        [
          390.6652746601514, 
          449.96770236501493
        ], 
        [
          441.21316749486493, 
          456.03397574493727
        ]
      ], 
      "projected_cuboid_centroid": [
        404.49255256144335, 
        461.24681015708245
      ], 
      "quaternion_xyzw": [
        0.9140495015949407, 
        0.062466924334689505, 
        -0.13347786802333808, 
        0.37788232393980675
      ], 
      "visibility": 0.16802252816020025
    }
  ]
}