{
  "camera_data": {
    "location_worldframe": [
      -23.383770164886318, 
      14.163154508559128, 
      75.01124568308298
    ], 
    "quaternion_xyzw_worldframe": [
      0.9254932511387715, 
      0.03731723899992912, 
      -0.1278145065641016, 
      -0.35459104806538116
    ]
  }, 
  "objects": [
    {
      "bounding_box": {
        "bottom_right": [
          471, 
          509
        ], 
        "top_left": [
          323, 
          287
        ]
      }, 
      "class": "003_cracker_box", 
      "cuboid": [
        [
          -18.466370761108536, 
          22.053560271317362, 
          64.73707424212385
        ], 
        [
          -20.19674283889455, 
          9.932920239119278, 
          53.820389151426596
        ], 
        [
          0.6235923089664432, 
          11.066485411780317, 
          49.26163696727911
        ], 
        [
          2.3539643867524607, 
          23.187125443978402, 
          60.178322057976374
        ], 
        [
          -17.079444320053877, 
          17.23062896686898, 
          69.8720685181302
        ], 
        [
          -18.809816397839892, 
          5.109988934670897, 
          58.95538342743294
        ], 
        [
          2.0105187500211024, 
          6.243554107331933, 
          54.396631243285455
        ], 
        [
          3.7408908278071196, 
          18.364194139530017, 
          65.31331633398271
        ]
      ], 
      "cuboid_centroid": [
        -8.227926005543717, 
        14.148557189324649, 
        59.566852742704654
      ], 
      "location": [
        -8.227926005543717, 
        14.148557189324649, 
        59.566852742704654
      ], 
      "pose_transform_permuted": [
        [
          -0.19316524710496819, 
          0.6717174679326361, 
          -0.715180278380944, 
          0.0
        ], 
        [
          0.10548733233618052, 
          0.7389011875640108, 
          0.6655054152545195, 
          0.0
        ], 
        [
          -0.9754791694482627, 
          -0.05311005828148102, 
          0.2135877142577844, 
          0.0
        ], 
        [
          -8.227926005543717, 
          14.148557189324649, 
          59.566852742704654, 
          1.0
        ]
      ], 
      "projected_cuboid": [
        [
          328.1988834199497, 
          454.96907011671567
        ], 
        [
          279.79470855860546, 
          371.7143079236916
        ], 
        [
          488.40450642265796, 
          393.09525223306446
        ], 
        [
          502.63250684259043, 
          478.77827742883875
        ], 
        [
          350.1466799200121, 
          404.8044972071991
        ], 
        [
          310.0225350626209, 
          319.51229397201945
        ], 
        [
          501.4730176065955, 
          334.5000653253694
        ], 
        [
          512.3980848113234, 
          423.2404051788401
        ]
      ], 
      "projected_cuboid_centroid": [
        407.31611680865603, 
        399.96273917804587
      ], 
      "quaternion_xyzw": [
        0.6647476123378789, 
        0.6447485952536547, 
        0.17763891113815297, 
        -0.33294786087190803
      ], 
      "visibility": 0.9681498458863511
    }, 
    {
      "bounding_box": {
        "bottom_right": [
          483, 
          387
        ], 
        "top_left": [
          409, 
          304
        ]
      }, 
      "class": "005_tomato_soup_can", 
      "cuboid": [
        [
          -25.632630609060215, 
          25.63982994072851, 
          74.45281801395535
        ], 
        [
          -20.46812586355238, 
          23.26798878359251, 
          70.78135318961787
        ], 
        [
          -14.121267893470629, 
          29.595051587316096, 
          75.62181632740716
        ], 
        [
          -19.285772638978464, 
          31.966892744452093, 
          79.29328115174464
        ], 
        [
          -24.478212173851787, 
          20.893855510009768, 
          79.1426891679127
        ], 
        [
          -19.313707428343953, 
          18.522014352873768, 
          75.47122434357523
        ], 
        [
          -12.966849458262203, 
          24.849077156597353, 
          80.31168748136452
        ], 
        [
          -18.131354203770037, 
          27.22091831373335, 
          83.98315230570199
        ]
      ], 
      "cuboid_centroid": [
        -19.29974003366121, 
        25.244453548662932, 
        77.38225274765993
      ], 
      "location": [
        -19.29974003366121, 
        25.244453548662932, 
        77.38225274765993
      ], 
      "pose_transform_permuted": [
        [
          -0.17048445513493696, 
          0.7008852598229216, 
          -0.6925999307964303, 
          0.0
        ], 
        [
          -0.7633137708848381, 
          0.3505581090167654, 
          0.5426424793536528, 
          0.0
        ], 
        [
          -0.6231267860933906, 
          -0.6211833207675403, 
          -0.4752307759953407, 
          0.0
        ], 
        [
          -19.29974003366121, 
          25.244453548662932, 
          77.38225274765993, 
          1.0
        ]
      ], 
      "projected_cuboid": [
        [
          296.45556886696943, 
          456.9494775629202
        ], 
        [
          326.0897058531641, 
          448.6049448795477
        ], 
        [
          381.1775059687682, 
          482.0043570316978
        ], 
        [
          350.8016923635904, 
          488.29302612412937
        ], 
        [
          315.2708819811158, 
          414.0841584387694
        ], 
        [
          343.97883121065934, 
          404.17288652131447
        ], 
        [
          394.7715362115277, 
          438.29987398460696
        ], 
        [
          365.49771325098254, 
          446.1479799498431
        ]
      ], 
      "projected_cuboid_centroid": [
        347.4745103130943, 
        447.27166979014174
      ], 
      "quaternion_xyzw": [
        0.2775350525627247, 
        0.8770828100083835, 
        0.3352351746031314, 
        -0.203266705934464
      ], 
      "visibility": 0.35472186287192753
    }, 
    {
      "bounding_box": {
        "bottom_right": [
          516, 
          503
        ], 
        "top_left": [
          422, 
          410
        ]
      }, 
      "class": "010_potted_meat_can", 
      "cuboid": [
        [
          1.549446070874238, 
          27.353738352664525, 
          63.26700816529721
        ], 
        [
          -8.00636604649661, 
          23.91190014978177, 
          63.668539285018696
        ], 
        [
          -5.808790993904686, 
          18.508316315731086, 
          69.64902977736232
        ], 
        [
          3.7470211234661615, 
          21.950154518613843, 
          69.24749865764083
        ], 
        [
          0.3004022992252213, 
          31.290002817940255, 
          67.28253205819992
        ], 
        [
          -9.255409818145626, 
          27.848164615057502, 
          67.6840631779214
        ], 
        [
          -7.057834765553703, 
          22.444580781006813, 
          73.66455367026502
        ], 
        [
          2.4979773518171453, 
          25.88641898388957, 
          73.26302255054354
        ]
      ], 
      "cuboid_centroid": [
        -2.754194347339732, 
        24.89915956683567, 
        68.46578091778112
      ], 
      "location": [
        -2.754194347339732, 
        24.89915956683567, 
        68.46578091778112
      ], 
      "pose_transform_permuted": [
        [
          0.21684411658973615, 
          -0.6833673967321431, 
          -0.6971274754061598, 
          0.0
        ], 
        [
          0.9400978421633381, 
          0.33860697844022397, 
          -0.03950250743475886, 
          0.0
        ], 
        [
          -0.26304719392440024, 
          0.6468027396861015, 
          -0.7158577999177295, 
          0.0
        ], 
        [
          -2.754194347339732, 
          24.89915956683567, 
          68.46578091778112, 
          1.0
        ]
      ], 
      "projected_cuboid": [
        [
          494.767224751686, 
          503.86934503153185
        ], 
        [
          413.9728449342973, 
          473.5845935662032
        ], 
        [
          436.7470720070571, 
          415.0092234841367
        ], 
        [
          510.69578275877956, 
          442.3388140251659
        ], 
        [
          483.99807190322156, 
          521.3088812228129
        ], 
        [
          408.0609051007559, 
          492.71738842465487
        ], 
        [
          430.0736512414742, 
          435.781711985448
        ], 
        [
          499.9326808613738, 
          461.72722335934395
        ]
      ], 
      "projected_cuboid_centroid": [
        459.9642680477586, 
        467.2404989746402
      ], 
      "quaternion_xyzw": [
        0.9060943738451861, 
        0.16600207156440802, 
        0.048930225778357386, 
        0.3860594539153771
      ], 
      "visibility": 0.49877069332896246
    }, 
    {
      "bounding_box": {
        "bottom_right": [
          359, 
          400
        ], 
        "top_left": [
          303, 
          233
        ]
      }, 
      "class": "037_scissors", 
      "cuboid": [
        [
          -27.747349147500717, 
          9.463596215392512, 
          67.75456012827826
        ], 
        [
          -8.26807756736784, 
          11.435916194103132, 
          62.54618592977277
        ], 
        [
          -9.117461164029777, 
          4.829253721230171, 
          56.867672604048536
        ], 
        [
          -28.596732744162658, 
          2.8569337425195527, 
          62.07604680255403
        ], 
        [
          -28.14999058421701, 
          10.479142364576639, 
          66.63325038973971
        ], 
        [
          -8.670719004084134, 
          12.45146234328726, 
          61.424876191234226
        ], 
        [
          -9.520102600746071, 
          5.844799870414299, 
          55.74636286551
        ], 
        [
          -28.999374180878945, 
          3.872479891703679, 
          60.95473706401548
        ]
      ], 
      "cuboid_centroid": [
        -18.633725874123392, 
        7.654198042903405, 
        61.750461496894125
      ], 
      "location": [
        -18.633725874123392, 
        7.654198042903405, 
        61.750461496894125
      ], 
      "pose_transform_permuted": [
        [
          0.25719669838396175, 
          -0.6487040150583042, 
          0.7162629980905444, 
          0.0
        ], 
        [
          -0.9614740333671349, 
          -0.09735140440033563, 
          0.2570792510039144, 
          0.0
        ], 
        [
          0.09703913760882467, 
          0.754788332809472, 
          0.6487505035346423, 
          0.0
        ], 
        [
          -18.633725874123392, 
          7.654198042903405, 
          61.750461496894125, 
          1.0
        ]
      ], 
      "projected_cuboid": [
        [
          261.36796668454866, 
          347.7777778232637
        ], 
        [
          410.50920745327613, 
          370.79844805485243
        ], 
        [
          395.3786197933199, 
          318.5765149348937
        ], 
        [
          233.86393064462376, 
          297.8315725187412
        ], 
        [
          254.41241354387975, 
          357.15955640959925
        ], 
        [
          405.6864449717147, 
          381.39597374356765
        ], 
        [
          389.76025031550887, 
          329.2031228558304
        ], 
        [
          225.75444348593282, 
          307.168553738686
        ]
      ], 
      "projected_cuboid_centroid": [
        319.3222123607772, 
        339.39347242039423
      ], 
      "quaternion_xyzw": [
        0.1387903725046917, 
        -0.35015091831096945, 
        0.9263537882832821, 
        -8.427309184152309e-05
      ], 
      "visibility": 0.7030133581857719
    }, 
    {
      "bounding_box": {
        "bottom_right": [
          479, 
          433
        ], 
        "top_left": [
          421, 
          362
        ]
      }, 
      "class": "061_foam_brick", 
      "cuboid": [
        [
          -8.906445399016908, 
          24.243787818782003, 
          69.2160886690483
        ], 
        [
          -16.269872500666327, 
          24.04564015194609, 
          71.74280075798634
        ], 
        [
          -14.923254457732554, 
          20.734464807880904, 
          75.40749297382536
        ], 
        [
          -7.559827356083132, 
          20.93261247471682, 
          72.88078088488732
        ], 
        [
          -7.899144725572444, 
          28.250084866524418, 
          72.4657756939216
        ], 
        [
          -15.262571827221866, 
          28.051937199688503, 
          74.99248778285964
        ], 
        [
          -13.91595378428809, 
          24.740761855623315, 
          78.65717999869865
        ], 
        [
          -6.552526682638669, 
          24.938909522459234, 
          76.1304679097606
        ]
      ], 
      "cuboid_centroid": [
        -11.4111995916525, 
        24.49227483720266, 
        73.93663433387347
      ], 
      "location": [
        -11.4111995916525, 
        24.49227483720266, 
        73.93663433387347
      ], 
      "pose_transform_permuted": [
        [
          -0.1916477673901451, 
          -0.762233069969148, 
          -0.6182813924903299, 
          0.0
        ], 
        [
          0.9455565811739934, 
          0.025444650681610392, 
          -0.32446158717210316, 
          0.0
        ], 
        [
          -0.26304730573211044, 
          0.6468023784720487, 
          -0.7158580852026322, 
          0.0
        ], 
        [
          -11.4111995916525, 
          24.49227483720266, 
          73.93663433387347, 
          1.0
        ]
      ], 
      "projected_cuboid": [
        [
          412.39977763277267, 
          460.0882926403103
        ], 
        [
          359.64264422771623, 
          452.0363309561914
        ], 
        [
          375.1727741212956, 
          419.9310648383908
        ], 
        [
          425.8155162245081, 
          426.46508552378225
        ], 
        [
          422.9780070143746, 
          481.1960420375415
        ], 
        [
          372.1506139888731, 
          472.78181939948195
        ], 
        [
          386.45636842135633, 
          441.0364217224478
        ], 
        [
          435.31188037180715, 
          447.99200343353493
        ]
      ], 
      "projected_cuboid_centroid": [
        398.59988380133706, 
        449.95416594114755
      ], 
      "quaternion_xyzw": [
        0.8959129913301251, 
        0.08050222488274465, 
        -0.14401771141748984, 
        0.4124538793039821
      ], 
      "visibility": 0.3035375868603917
    }
  ]
}