{
  "camera_data": {
    "location_worldframe": [
      -22.193112357130815, 
      15.402907928366766, 
      71.64103244355249
    ], 
    "quaternion_xyzw_worldframe": [
      0.9113773938660708, 
      0.020212944265571874, 
      -0.09552508318774412, 
      -0.39982489100251395
    ]
  }, 
  "objects": [
    {
      "bounding_box": {
        "bottom_right": [
          484, 
          526
        ], 
        "top_left": [
          351, 
          292
        ]
      }, 
      "class": "003_cracker_box", 
      "cuboid": [
        [
          -16.344803615064716, 
          23.842445267825624, 
          62.33679659630281
        ], 
        [
          -18.359151307233144, 
          12.899783348932692, 
          50.283636463332606
        ], 
        [
          2.670017362195992, 
          13.046622276096542, 
          46.635890508833484
        ], 
        [
          4.684365054364424, 
          23.989284194989477, 
          58.68905064180369
        ], 
        [
          -15.489924003457464, 
          18.493731356237085, 
          67.04984633894082
        ], 
        [
          -17.504271695625896, 
          7.551069437344152, 
          54.99668620597061
        ], 
        [
          3.5248969738032434, 
          7.697908364508003, 
          51.34894025147149
        ], 
        [
          5.539244665971675, 
          18.640570283400937, 
          63.402100384441695
        ]
      ], 
      "cuboid_centroid": [
        -6.409953320630736, 
        15.770176816166813, 
        56.84286842388715
      ], 
      "location": [
        -6.409953320630736, 
        15.770176816166813, 
        56.84286842388715
      ], 
      "pose_transform_permuted": [
        [
          -0.11906401560528479, 
          0.7449462450511195, 
          -0.6564136288744942, 
          0.0
        ], 
        [
          0.1227991176997405, 
          0.6670890205057223, 
          0.7347874627488424, 
          0.0
        ], 
        [
          -0.9852634860178824, 
          -0.006879731459422944, 
          0.17090503917361943, 
          0.0
        ], 
        [
          -6.409953320630736, 
          15.770176816166813, 
          56.84286842388715, 
          1.0
        ]
      ], 
      "projected_cuboid": [
        [
          340.5945193648103, 
          477.26947689254
        ], 
        [
          285.25305611252674, 
          410.1045480246751
        ], 
        [
          512.385357888533, 
          422.4853434113699
        ], 
        [
          524.5196065368796, 
          491.2821420598033
        ], 
        [
          357.36227629331995, 
          420.3870853612029
        ], 
        [
          310.4382570800224, 
          346.5115535712575
        ], 
        [
          518.5123929679856, 
          353.2384368939242
        ], 
        [
          528.5798417528009, 
          430.0854628330692
        ]
      ], 
      "projected_cuboid_centroid": [
        420.95547329477694, 
        421.24782774982725
      ], 
      "quaternion_xyzw": [
        0.6656449908011799, 
        0.62058324232817, 
        0.23125068754835215, 
        -0.3439713724587663
      ], 
      "visibility": 0.9616943340347596
    }, 
    {
      "bounding_box": {
        "bottom_right": [
          491, 
          398
        ], 
        "top_left": [
          421, 
          311
        ]
      }, 
      "class": "005_tomato_soup_can", 
      "cuboid": [
        [
          -23.686994121515188, 
          27.00766173690917, 
          72.0674364452381
        ], 
        [
          -18.527370835700648, 
          24.637238829485035, 
          68.38820058899786
        ], 
        [
          -12.01091978478683, 
          30.06314921025956, 
          74.03087508287017
        ], 
        [
          -17.170543070601372, 
          32.433572117683696, 
          77.71011093911041
        ], 
        [
          -23.039698061369403, 
          21.79114908420747, 
          76.33602523030855
        ], 
        [
          -17.880074775554863, 
          19.420726176783333, 
          72.65678937406831
        ], 
        [
          -11.363623724641046, 
          24.846636557557854, 
          78.29946386794062
        ], 
        [
          -16.523247010455588, 
          27.21705946498199, 
          81.97869972418086
        ]
      ], 
      "cuboid_centroid": [
        -17.525308923078118, 
        25.927149147233514, 
        75.18345015658936
      ], 
      "location": [
        -17.525308923078118, 
        25.927149147233514, 
        75.18345015658936
      ], 
      "pose_transform_permuted": [
        [
          -0.09559264886914393, 
          0.7703743202435861, 
          -0.6303849722275537, 
          0.0
        ], 
        [
          -0.7625922911709991, 
          0.3503484917177279, 
          0.5437910378229859, 
          0.0
        ], 
        [
          -0.639777228233535, 
          -0.5327092733350139, 
          -0.5539909099765962, 
          0.0
        ], 
        [
          -17.525308923078118, 
          25.927149147233514, 
          75.18345015658936, 
          1.0
        ]
      ], 
      "projected_cuboid": [
        [
          304.84576841285514, 
          473.1509373610446
        ], 
        [
          335.9088758980783, 
          465.41795582638395
        ], 
        [
          394.3491408054429, 
          489.8619355798012
        ], 
        [
          362.7746904163445, 
          495.8760949067591
        ], 
        [
          319.28942259342796, 
          425.52981383116526
        ], 
        [
          349.2589774654809, 
          415.83967965906186
        ], 
        [
          403.5512224383426, 
          442.5239400973818
        ], 
        [
          373.20784446768226, 
          450.3494928446597
        ]
      ], 
      "projected_cuboid_centroid": [
        356.2439425784495, 
        457.2027635233512
      ], 
      "quaternion_xyzw": [
        0.28943193614920526, 
        0.855231918360974, 
        0.3871362848449015, 
        -0.18690359683882277
      ], 
      "visibility": 0.2411173731928449
    }, 
    {
      "bounding_box": {
        "bottom_right": [
          522, 
          518
        ], 
        "top_left": [
          430, 
          427
        ]
      }, 
      "class": "010_potted_meat_can", 
      "cuboid": [
        [
          4.010512218815789, 
          27.90444483970359, 
          62.11914660281885
        ], 
        [
          -5.751800074179068, 
          25.086625274284515, 
          61.839549985882236
        ], 
        [
          -4.162129006394357, 
          19.030432154843197, 
          67.37035387760363
        ], 
        [
          5.6001832866005, 
          21.848251720262276, 
          67.64995049454026
        ], 
        [
          2.8385290583916194, 
          31.536701529145088, 
          66.43329625625579
        ], 
        [
          -6.923783234603238, 
          28.718881963726005, 
          66.15369963931916
        ], 
        [
          -5.334112166818527, 
          22.662688844284695, 
          71.68450353104056
        ], 
        [
          4.42820012617633, 
          25.480508409703774, 
          71.96410014797718
        ]
      ], 
      "cuboid_centroid": [
        -0.6617999740013689, 
        25.283566841994144, 
        66.9018250669297
      ], 
      "location": [
        -0.6617999740013689, 
        25.283566841994144, 
        66.9018250669297
      ], 
      "pose_transform_permuted": [
        [
          0.20346577025455864, 
          -0.6305891842439191, 
          -0.7489713264414897, 
          0.0
        ], 
        [
          0.9604132656067926, 
          0.2772162177865168, 
          0.027506628743827397, 
          0.0
        ], 
        [
          -0.1902817895345041, 
          0.7249193168872036, 
          -0.6620308335533458, 
          0.0
        ], 
        [
          -0.6617999740013689, 
          25.283566841994144, 
          66.9018250669297, 
          1.0
        ]
      ], 
      "projected_cuboid": [
        [
          516.3159807883194, 
          512.8581951016831
        ], 
        [
          431.5787375006763, 
          489.63980280154726
        ], 
        [
          448.3740995326507, 
          423.93591950059226
        ], 
        [
          526.1141314713867, 
          445.52761746912716
        ], 
        [
          504.57438436083623, 
          526.4598932405111
        ], 
        [
          425.31357308076446, 
          504.81315314495424
        ], 
        [
          441.5815364746595, 
          441.8927941820887
        ], 
        [
          514.6875501527683, 
          462.1203328334376
        ]
      ], 
      "projected_cuboid_centroid": [
        476.27745021061565, 
        474.83890693044765
      ], 
      "quaternion_xyzw": [
        0.9265937498353156, 
        0.12613348822073042, 
        0.062317601170803545, 
        0.34875586469987613
      ], 
      "visibility": 0.4125
    }, 
    {
      "bounding_box": {
        "bottom_right": [
          382, 
          409
        ], 
        "top_left": [
          331, 
          225
        ]
      }, 
      "class": "037_scissors", 
      "cuboid": [
        [
          -26.524189989880252, 
          11.679830725926568, 
          63.820113244921885
        ], 
        [
          -6.750916768647258, 
          12.80834825920727, 
          59.553575599687846
        ], 
        [
          -7.767209945006989, 
          6.812952611671383, 
          53.257756802711064
        ], 
        [
          -27.54048316623998, 
          5.684435078390679, 
          57.5242944479451
        ], 
        [
          -26.812727214267362, 
          12.817095102775502, 
          62.78369361720421
        ], 
        [
          -7.039453993034364, 
          13.945612636056207, 
          58.51715597197017
        ], 
        [
          -8.055747169394095, 
          7.950216988520317, 
          52.22133717499339
        ], 
        [
          -27.82902039062709, 
          6.821699455239615, 
          56.487874820227425
        ]
      ], 
      "cuboid_centroid": [
        -17.289968579637176, 
        9.815023857223443, 
        58.02072520995763
      ], 
      "location": [
        -17.289968579637176, 
        9.815023857223443, 
        58.02072520995763
      ], 
      "pose_transform_permuted": [
        [
          0.1843099460364923, 
          -0.7264543989826352, 
          0.6620374409629972, 
          0.0
        ], 
        [
          -0.975985610071748, 
          -0.05570230385593947, 
          0.2105913017024584, 
          0.0
        ], 
        [
          0.1161079796916931, 
          0.6849532125967583, 
          0.7192755181534484, 
          0.0
        ], 
        [
          -17.289968579637176, 
          9.815023857223443, 
          58.02072520995763, 
          1.0
        ]
      ], 
      "projected_cuboid": [
        [
          258.09770105860525, 
          370.89028917434524
        ], 
        [
          420.63683138912694, 
          387.98902034165627
        ], 
        [
          403.1685682065065, 
          341.51098574556613
        ], 
        [
          224.13574736453964, 
          325.988106521561
        ], 
        [
          251.93680088481986, 
          382.16206638462626
        ], 
        [
          416.90552694782787, 
          400.38547494430327
        ], 
        [
          398.64072982499073, 
          354.4795261316539
        ], 
        [
          216.6650661667726, 
          337.69232279039846
        ]
      ], 
      "projected_cuboid_centroid": [
        321.345315305459, 
        363.50506616092946
      ], 
      "quaternion_xyzw": [
        0.10831656794058113, 
        -0.39654598127965235, 
        0.9114516256543054, 
        0.01656853587605105
      ], 
      "visibility": 0.7425826504662334
    }, 
    {
      "bounding_box": {
        "bottom_right": [
          486, 
          444
        ], 
        "top_left": [
          431, 
          374
        ]
      }, 
      "class": "061_foam_brick", 
      "cuboid": [
        [
          -6.869977267414454, 
          24.97567436792438, 
          67.35616060759452
        ], 
        [
          -14.334310739795312, 
          25.042642294486704, 
          69.5749071612752
        ], 
        [
          -13.360196990523987, 
          21.33156517098039, 
          72.9640427939107
        ], 
        [
          -5.895863518143128, 
          21.264597244418066, 
          70.74529624023002
        ], 
        [
          -5.75447865830176, 
          28.595905061841243, 
          70.99966565315037
        ], 
        [
          -13.21881213068262, 
          28.66287298840357, 
          73.21841220683106
        ], 
        [
          -12.244698381411293, 
          24.951795864897257, 
          76.60754783946656
        ], 
        [
          -4.7803649090304345, 
          24.88482793833493, 
          74.38880128578586
        ]
      ], 
      "cuboid_centroid": [
        -9.557337824412873, 
        24.963735116410817, 
        71.98185422353053
      ], 
      "location": [
        -9.557337824412873, 
        24.963735116410817, 
        71.98185422353053
      ], 
      "pose_transform_permuted": [
        [
          -0.2122333714244724, 
          -0.6887805679251295, 
          -0.6932087169839527, 
          0.0
        ], 
        [
          0.9585142273366234, 
          -0.008599523403225895, 
          -0.2849149420274638, 
          0.0
        ], 
        [
          -0.19028261099500826, 
          0.7249188764585822, 
          -0.6620310797137465, 
          0.0
        ], 
        [
          -9.557337824412873, 
          24.963735116410817, 
          71.98185422353053, 
          1.0
        ]
      ], 
      "projected_cuboid": [
        [
          426.74794254840646, 
          471.04151871615704
        ], 
        [
          370.8031514308751, 
          465.24844055416946
        ], 
        [
          383.1289341520771, 
          429.206372049687
        ], 
        [
          436.7801919080162, 
          433.5915581227778
        ], 
        [
          438.0116305666373, 
          488.0869321478845
        ], 
        [
          384.50944718050414, 
          482.06560070517844
        ], 
        [
          395.64263792574206, 
          446.9937214814778
        ], 
        [
          447.0393373568567, 
          451.6946563267213
        ]
      ], 
      "projected_cuboid_centroid": [
        410.19584662335467, 
        458.2449410441744
      ], 
      "quaternion_xyzw": [
        0.9187820498871261, 
        0.04943585032329006, 
        -0.1352737337198228, 
        0.36755497340332927
      ], 
      "visibility": 0.15757015109466543
    }
  ]
}