{
  "camera_data": {
    "location_worldframe": [
      -23.164976775578374, 
      13.501115946900299, 
      75.37099452302103
    ], 
    "quaternion_xyzw_worldframe": [
      0.9281488973905125, 
      0.03765887778568005, 
      -0.12708978526753842, 
      -0.34780682717674166
    ]
  }, 
  "objects": [
    {
      "bounding_box": {
        "bottom_right": [
          463, 
          511
        ], 
        "top_left": [
          315, 
          291
        ]
      }, 
      "class": "003_cracker_box", 
      "cuboid": [
        [
          -18.231965977894514, 
          21.252045108511943, 
          64.99870344232247
        ], 
        [
          -19.91218160522926, 
          8.97368576048849, 
          54.25175583597296
        ], 
        [
          0.9188595451776651, 
          10.07681495084447, 
          49.734635323319644
        ], 
        [
          2.5990751725124106, 
          22.355174298867926, 
          60.48158292966915
        ], 
        [
          -16.851431104664105, 
          16.505351655845544, 
          70.20595053317108
        ], 
        [
          -18.531646731998848, 
          4.2269923078220915, 
          59.45900292682157
        ], 
        [
          2.2993944184080752, 
          5.330121498178072, 
          54.941882414168255
        ], 
        [
          3.9796100457428207, 
          17.608480846201527, 
          65.68883002051777
        ]
      ], 
      "cuboid_centroid": [
        -7.966285779743219, 
        13.291083303345008, 
        59.970292928245364
      ], 
      "location": [
        -7.966285779743219, 
        13.291083303345008, 
        59.970292928245364
      ], 
      "pose_transform_permuted": [
        [
          -0.19227505657891508, 
          0.6610993824723717, 
          -0.7252433447555543, 
          0.0
        ], 
        [
          0.10242968350707665, 
          0.7485161080183406, 
          0.6551578405038865, 
          0.0
        ], 
        [
          -0.975980769561683, 
          -0.05168406458207947, 
          0.21163717753282468, 
          0.0
        ], 
        [
          -7.966285779743219, 
          13.291083303345008, 
          59.970292928245364, 
          1.0
        ]
      ], 
      "projected_cuboid": [
        [
          330.7556713842858, 
          447.66127530005684
        ], 
        [
          284.21995902001294, 
          361.5019749852122
        ], 
        [
          491.53239079570716, 
          381.34328182484074
        ], 
        [
          504.7064032207926, 
          470.4118720298931
        ], 
        [
          352.5183624111313, 
          398.669460630273
        ], 
        [
          313.9916214326416, 
          311.2006916790648
        ], 
        [
          504.1032433933966, 
          325.02590421266643
        ], 
        [
          514.1762928077812, 
          416.2476420571213
        ]
      ], 
      "projected_cuboid_centroid": [
        410.1620028616197, 
        391.4849769271015
      ], 
      "quaternion_xyzw": [
        0.6663311796097626, 
        0.6470119252824009, 
        0.17366843924220196, 
        -0.3274409883221715
      ], 
      "visibility": 0.9714995269631032
    }, 
    {
      "bounding_box": {
        "bottom_right": [
          479, 
          389
        ], 
        "top_left": [
          404, 
          306
        ]
      }, 
      "class": "005_tomato_soup_can", 
      "cuboid": [
        [
          -25.431047940427533, 
          24.96485058289827, 
          74.64225036252753
        ], 
        [
          -20.25248192525541, 
          22.5494119365233, 
          71.01933663604892
        ], 
        [
          -13.92945999911323, 
          28.95564117676023, 
          75.78630987344056
        ], 
        [
          -19.108026014285347, 
          31.371079823135204, 
          79.40922359991917
        ], 
        [
          -24.281925089975122, 
          20.288346163435744, 
          79.40267783814589
        ], 
        [
          -19.103359074803002, 
          17.872907517060774, 
          75.77976411166728
        ], 
        [
          -12.78033714866082, 
          24.27913675729771, 
          80.5467373490589
        ], 
        [
          -17.95890316383294, 
          26.694575403672676, 
          84.16965107553753
        ]
      ], 
      "cuboid_centroid": [
        -19.105692544544176, 
        24.62199367009799, 
        77.59449385579322
      ], 
      "location": [
        -19.105692544544176, 
        24.62199367009799, 
        77.59449385579322
      ], 
      "pose_transform_permuted": [
        [
          -0.1697024034505429, 
          0.6906259321337412, 
          -0.7030196847503141, 
          0.0
        ], 
        [
          -0.7653920264581744, 
          0.3570018176688014, 
          0.5354666273768538, 
          0.0
        ], 
        [
          -0.62078659232771, 
          -0.6289557850929705, 
          -0.4680156270726815, 
          0.0
        ], 
        [
          -19.105692544544176, 
          24.62199367009799, 
          77.59449385579322, 
          1.0
        ]
      ], 
      "projected_cuboid": [
        [
          298.3777469139268, 
          451.6606309667847
        ], 
        [
          328.2436787876214, 
          442.6213071355126
        ], 
        [
          382.7564950257274, 
          477.0517101956705
        ], 
        [
          352.19637260630844, 
          483.9775692802253
        ], 
        [
          317.1448622944469, 
          409.55615273134646
        ], 
        [
          346.0318657744258, 
          399.07172217664055
        ], 
        [
          396.2701436409904, 
          434.0446210685652
        ], 
        [
          366.85675834269836, 
          442.4299245263164
        ]
      ], 
      "projected_cuboid_centroid": [
        349.1862049360805, 
        442.51750719664125
      ], 
      "quaternion_xyzw": [
        0.27779122389799477, 
        0.879966973286705, 
        0.32917188780360107, 
        -0.20033962984814294
      ], 
      "visibility": 0.40067690705545433
    }, 
    {
      "bounding_box": {
        "bottom_right": [
          510, 
          505
        ], 
        "top_left": [
          416, 
          412
        ]
      }, 
      "class": "010_potted_meat_can", 
      "cuboid": [
        [
          1.7791448014660725, 
          26.564152236029535, 
          63.508100920096744
        ], 
        [
          -7.772108112502488, 
          23.11241306218329, 
          63.932467656024286
        ], 
        [
          -5.582340954222939, 
          17.798569300633776, 
          69.99566031029168
        ], 
        [
          3.9689119597456224, 
          21.250308474480022, 
          69.57129357436416
        ], 
        [
          0.5125079868083425, 
          30.555326394623382, 
          67.46346189402651
        ], 
        [
          -9.03874492716022, 
          27.103587220777136, 
          67.88782862995404
        ], 
        [
          -6.848977768880668, 
          21.789743459227626, 
          73.95102128422145
        ], 
        [
          2.702275145087892, 
          25.24148263307387, 
          73.52665454829392
        ]
      ], 
      "cuboid_centroid": [
        -2.534916483707298, 
        24.17694784762858, 
        68.7295611021591
      ], 
      "location": [
        -2.534916483707298, 
        24.17694784762858, 
        68.7295611021591
      ], 
      "pose_transform_permuted": [
        [
          0.21989841136782318, 
          -0.6929001642860467, 
          -0.6866827053250227, 
          0.0
        ], 
        [
          0.9396493091419865, 
          0.339581032902971, 
          -0.04174906829804211, 
          0.0
        ], 
        [
          -0.26211259799926645, 
          0.6360609567257591, 
          -0.7257571531160998, 
          0.0
        ], 
        [
          -2.534916483707298, 
          24.17694784762858, 
          68.7295611021591, 
          1.0
        ]
      ], 
      "projected_cuboid": [
        [
          496.66223470175635, 
          496.3633170468127
        ], 
        [
          416.22245994836624, 
          466.08845776219675
        ], 
        [
          438.708951657464, 
          408.89959625357875
        ], 
        [
          512.2754988519113, 
          436.1871407387201
        ], 
        [
          485.68236723187124, 
          514.8358667430789
        ], 
        [
          409.99790492322074, 
          486.2094452350889
        ], 
        [
          431.7920259989851, 
          430.42969432025046
        ], 
        [
          501.3611444415098, 
          456.3735705575015
        ]
      ], 
      "projected_cuboid_centroid": [
        461.7629998778938, 
        460.89198084585547
      ], 
      "quaternion_xyzw": [
        0.9031047795235013, 
        0.16656251980520595, 
        0.04931580119744707, 
        0.39271670064426584
      ], 
      "visibility": 0.5238882459910729
    }, 
    {
      "bounding_box": {
        "bottom_right": [
          352, 
          403
        ], 
        "top_left": [
          295, 
          237
        ]
      }, 
      "class": "037_scissors", 
      "cuboid": [
        [
          -27.500671320275096, 
          8.691002475772413, 
          68.1702887350999
        ], 
        [
          -8.010238984284566, 
          10.621268647691101, 
          62.987977566868835
        ], 
        [
          -8.833024062528045, 
          3.9326826101004984, 
          57.40221023838641
        ], 
        [
          -28.32345639851857, 
          2.002416438181809, 
          62.584521406617476
        ], 
        [
          -27.901852046111703, 
          9.689737838221117, 
          67.03346362170879
        ], 
        [
          -8.411419710121175, 
          11.620004010139805, 
          61.851152453477724
        ], 
        [
          -9.234204788364654, 
          4.931417972549203, 
          56.26538512499529
        ], 
        [
          -28.72463712435518, 
          3.001151800630514, 
          61.447696293226365
        ]
      ], 
      "cuboid_centroid": [
        -18.367438054319873, 
        6.811210224160807, 
        62.217836930047596
      ], 
      "location": [
        -18.367438054319873, 
        6.811210224160807, 
        62.217836930047596
      ], 
      "pose_transform_permuted": [
        [
          0.25626363491535203, 
          -0.6379657292006712, 
          0.7261738091059589, 
          0.0
        ], 
        [
          -0.962024915206106, 
          -0.09527567774555055, 
          0.25579281035151963, 
          0.0
        ], 
        [
          0.0940003488929331, 
          0.7641478166766945, 
          0.6381545941900494, 
          0.0
        ], 
        [
          -18.367438054319873, 
          6.811210224160807, 
          62.217836930047596, 
          1.0
        ]
      ], 
      "projected_cuboid": [
        [
          264.65693613996484, 
          341.27923544131556
        ], 
        [
          413.20912483027786, 
          363.2168832115521
        ], 
        [
          398.8462048155168, 
          309.82479394149306
        ], 
        [
          238.2248203499025, 
          290.35030832183213
        ], 
        [
          257.7594326351108, 
          350.37828687391215
        ], 
        [
          408.464092929027, 
          373.4815294942627
        ], 
        [
          393.3399096216418, 
          320.0296958167537
        ], 
        [
          230.2113019756144, 
          299.33426839117624
        ]
      ], 
      "projected_cuboid_centroid": [
        322.8427990631374, 
        331.6709495405291
      ], 
      "quaternion_xyzw": [
        0.13779410864685276, 
        -0.3434032792929952, 
        0.9290245611646606, 
        -0.00034319029494189437
      ], 
      "visibility": 0.6977902272019919
    }, 
    {
      "bounding_box": {
        "bottom_right": [
          474, 
          434
        ], 
        "top_left": [
          416, 
          364
        ]
      }, 
      "class": "061_foam_brick", 
      "cuboid": [
        [
          -8.688127758322445, 
          23.522077208527296, 
          69.47219461788308
        ], 
        [
          -16.058216851323685, 
          23.347746132916278, 
          71.98117660204794
        ], 
        [
          -14.71638144833736, 
          20.091560060617972, 
          75.69654486958132
        ], 
        [
          -7.3462923553361215, 
          20.26589113622899, 
          73.18756288541645
        ], 
        [
          -7.69641451583504, 
          27.576104317709284, 
          72.66701941492497
        ], 
        [
          -15.066503608836278, 
          27.401773242098272, 
          75.17600139908981
        ], 
        [
          -13.724668205849955, 
          24.145587169799963, 
          78.8913696666232
        ], 
        [
          -6.3545791128487155, 
          24.319918245410978, 
          76.38238768245834
        ]
      ], 
      "cuboid_centroid": [
        -11.2063979820862, 
        23.83383218916363, 
        74.18178214225314
      ], 
      "location": [
        -11.2063979820862, 
        23.83383218916363, 
        74.18178214225314
      ], 
      "pose_transform_permuted": [
        [
          -0.1886821222545641, 
          -0.7713141318143762, 
          -0.6078433735798631, 
          0.0
        ], 
        [
          0.9464120645894568, 
          0.02238630104862621, 
          -0.3221848188926383, 
          0.0
        ], 
        [
          -0.2621130686193187, 
          0.636060817523604, 
          -0.7257571051461841, 
          0.0
        ], 
        [
          -11.2063979820862, 
          23.83383218916363, 
          74.18178214225314, 
          1.0
        ]
      ], 
      "projected_cuboid": [
        [
          414.3448034141159, 
          453.8592761995263
        ], 
        [
          361.6277712859999, 
          446.2735718616005
        ], 
        [
          377.0488307521899, 
          414.8415119270522
        ], 
        [
          427.6183391514996, 
          420.96458855796453
        ], 
        [
          424.6406282595951, 
          475.67376369423374
        ], 
        [
          373.8203403020417, 
          467.68238255482095
        ], 
        [
          388.0426949212912, 
          436.5149689142082
        ], 
        [
          436.8581692253501, 
          443.0938594718266
        ]
      ], 
      "projected_cuboid_centroid": [
        400.35882664060045, 
        444.63655251897615
      ], 
      "quaternion_xyzw": [
        0.893072821175984, 
        0.07964058554970936, 
        -0.14300819850124347, 
        0.41907871381340467
      ], 
      "visibility": 0.34868212130835186
    }
  ]
}