{
  "camera_data": {
    "location_worldframe": [
      -21.81861256559856, 
      15.31832470453011, 
      71.34204994317673
    ], 
    "quaternion_xyzw_worldframe": [
      0.9098029419913446, 
      0.02119545303117278, 
      -0.0884099603976396, 
      -0.40496228418682334
    ]
  }, 
  "objects": [
    {
      "bounding_box": {
        "bottom_right": [
          482, 
          530
        ], 
        "top_left": [
          352, 
          298
        ]
      }, 
      "class": "003_cracker_box", 
      "cuboid": [
        [
          -15.807387816253055, 
          23.83165923834652, 
          62.210374850330254
        ], 
        [
          -17.71344595761849, 
          13.033019079354007, 
          50.010603181750355
        ], 
        [
          3.362753053883212, 
          13.117349955930255, 
          46.64307134415388
        ], 
        [
          5.268811195248644, 
          23.91599011492277, 
          58.84284301273378
        ], 
        [
          -15.040533974823756, 
          18.427005406788275, 
          66.8744985281341
        ], 
        [
          -16.94659211618919, 
          7.628365247795759, 
          54.6747268595542
        ], 
        [
          4.129606895312511, 
          7.712696124372006, 
          51.30719502195773
        ], 
        [
          6.035665036677944, 
          18.51133628336452, 
          63.506966690537624
        ]
      ], 
      "cuboid_centroid": [
        -5.838890460470273, 
        15.772177681359265, 
        56.75878493614399
      ], 
      "location": [
        -5.838890460470273, 
        15.772177681359265, 
        56.75878493614399
      ], 
      "pose_transform_permuted": [
        [
          -0.10680415874142712, 
          0.7527373204420855, 
          -0.649599413553618, 
          0.0
        ], 
        [
          0.11619754571372726, 
          0.658309133540778, 
          0.743725228203868, 
          0.0
        ], 
        [
          -0.9874669625084385, 
          -0.003951089781083272, 
          0.1577763824021189, 
          0.0
        ], 
        [
          -5.838890460470273, 
          15.772177681359265, 
          56.75878493614399, 
          1.0
        ]
      ], 
      "projected_cuboid": [
        [
          344.9535525864042, 
          477.5915369763781
        ], 
        [
          291.1243840767599, 
          412.2723502021346
        ], 
        [
          520.3674060794041, 
          423.271078218698
        ], 
        [
          529.748669756613, 
          490.04808834458885
        ], 
        [
          360.6502484392565, 
          420.24065440753964
        ], 
        [
          314.91553289130866, 
          347.6967235994134
        ], 
        [
          524.8805500179399, 
          353.45720177265247
        ], 
        [
          532.7058474011881, 
          428.7412646839756
        ]
      ], 
      "projected_cuboid_centroid": [
        426.27620208745464, 
        421.4858208975015
      ], 
      "quaternion_xyzw": [
        0.6636727110342608, 
        0.6199501910679949, 
        0.23992287872958853, 
        -0.3429829521788191
      ], 
      "visibility": 0.9682988072818581
    }, 
    {
      "bounding_box": {
        "bottom_right": [
          490, 
          400
        ], 
        "top_left": [
          420, 
          314
        ]
      }, 
      "class": "005_tomato_soup_can", 
      "cuboid": [
        [
          -23.26299025963268, 
          26.92475474936436, 
          71.87779157524152
        ], 
        [
          -18.06628660070338, 
          24.56999513641022, 
          68.24092864905424
        ], 
        [
          -11.599646020572617, 
          29.901199471147226, 
          74.02929915824222
        ], 
        [
          -16.796349679501922, 
          32.25595908410136, 
          77.66616208442949
        ], 
        [
          -22.697154583860257, 
          21.65821899150227, 
          76.09623652101118
        ], 
        [
          -17.500450924930956, 
          19.303459378548133, 
          72.4593735948239
        ], 
        [
          -11.033810344800196, 
          24.63466371328514, 
          78.24774410401189
        ], 
        [
          -16.2305140037295, 
          26.989423326239276, 
          81.88460703019915
        ]
      ], 
      "cuboid_centroid": [
        -17.148400302216437, 
        25.77970923132475, 
        75.0627678396267
      ], 
      "location": [
        -17.148400302216437, 
        25.77970923132475, 
        75.0627678396267
      ], 
      "pose_transform_permuted": [
        [
          -0.08356258349473922, 
          0.7777617298407714, 
          -0.6229797326187235, 
          0.0
        ], 
        [
          -0.7680727700983665, 
          0.3480334568875689, 
          0.5375283190114091, 
          0.0
        ], 
        [
          -0.6348868968728593, 
          -0.5234111490711416, 
          -0.5682951673269611, 
          0.0
        ], 
        [
          -17.148400302216437, 
          25.77970923132475, 
          75.0627678396267, 
          1.0
        ]
      ], 
      "projected_cuboid": [
        [
          307.5516673928538, 
          473.0631124312056
        ], 
        [
          339.227979732431, 
          465.30707205206835
        ], 
        [
          397.33486048987874, 
          488.69983271197196
        ], 
        [
          365.2983845031458, 
          494.78241458748755
        ], 
        [
          321.1986893631016, 
          425.0779123365659
        ], 
        [
          351.71583585199505, 
          415.36495239190475
        ], 
        [
          405.7663055375881, 
          441.1910409619493
        ], 
        [
          375.00577266260245, 
          449.0703454688546
        ]
      ], 
      "projected_cuboid_centroid": [
        358.7426512454385, 
        456.4508973199839
      ], 
      "quaternion_xyzw": [
        0.287878354069515, 
        0.853590014554445, 
        0.3942340216662281, 
        -0.18190550847479858
      ], 
      "visibility": 0.24841075794621026
    }, 
    {
      "bounding_box": {
        "bottom_right": [
          520, 
          522
        ], 
        "top_left": [
          429, 
          432
        ]
      }, 
      "class": "010_potted_meat_can", 
      "cuboid": [
        [
          4.5680508681574405, 
          27.796138511262473, 
          62.307095158956635
        ], 
        [
          -5.202946969425361, 
          25.029361087570685, 
          61.867133088862914
        ], 
        [
          -3.7155664028328164, 
          18.90463202851949, 
          67.35071894993388
        ], 
        [
          6.055431434749985, 
          21.67140945221128, 
          67.7906810200276
        ], 
        [
          3.3561554233612916, 
          31.386119556951247, 
          66.64553565538365
        ], 
        [
          -6.41484241422151, 
          28.61934213325946, 
          66.20557358528993
        ], 
        [
          -4.927461847628965, 
          22.494613074208267, 
          71.68915944636089
        ], 
        [
          4.8435359899538355, 
          25.261390497900056, 
          72.1291215164546
        ]
      ], 
      "cuboid_centroid": [
        -0.1797054897357625, 
        25.14537579273537, 
        66.99812730265876
      ], 
      "location": [
        -0.1797054897357625, 
        25.14537579273537, 
        66.99812730265876
      ], 
      "pose_transform_permuted": [
        [
          0.21039486612947253, 
          -0.6232497900362056, 
          -0.7531884135516176, 
          0.0
        ], 
        [
          0.9612677467984326, 
          0.2721947076618048, 
          0.04328333245239905, 
          0.0
        ], 
        [
          -0.1780377347651418, 
          0.7331229896473616, 
          -0.6563788898572313, 
          0.0
        ], 
        [
          -0.1797054897357625, 
          25.14537579273537, 
          66.99812730265876, 
          1.0
        ]
      ], 
      "projected_cuboid": [
        [
          521.0232914743423, 
          511.2084787616088
        ], 
        [
          436.37180122949565, 
          489.049702618302
        ], 
        [
          451.9300076661161, 
          422.9836849554513
        ], 
        [
          529.6330688843113, 
          443.77880744794174
        ], 
        [
          508.6779471801624, 
          524.4486306087274
        ], 
        [
          429.491615690618, 
          503.82990148661355
        ], 
        [
          444.63455341794145, 
          440.6314721525379
        ], 
        [
          517.7084111006978, 
          460.06815915493263
        ]
      ], 
      "projected_cuboid_centroid": [
        480.154653477245, 
        473.44916754095203
      ], 
      "quaternion_xyzw": [
        0.9283828884136939, 
        0.12124104398246943, 
        0.06831184680044179, 
        0.3445853795517248
      ], 
      "visibility": 0.4058178350023844
    }, 
    {
      "bounding_box": {
        "bottom_right": [
          383, 
          414
        ], 
        "top_left": [
          332, 
          228
        ]
      }, 
      "class": "037_scissors", 
      "cuboid": [
        [
          -26.063108670086887, 
          11.703278762632792, 
          63.42360309323403
        ], 
        [
          -6.229815494219376, 
          12.782294576959858, 
          59.43168176946392
        ], 
        [
          -7.190853787851428, 
          6.861974515836988, 
          53.05663895492434
        ], 
        [
          -27.02414696371894, 
          5.782958701509925, 
          57.04856027869445
        ], 
        [
          -26.332468883246584, 
          12.853339148947693, 
          62.39618116392707
        ], 
        [
          -6.499175707379068, 
          13.932354963274756, 
          58.40425984015696
        ], 
        [
          -7.46021400101112, 
          8.012034902151889, 
          52.02921702561738
        ], 
        [
          -27.293507176878634, 
          6.9330190878248255, 
          56.02113834938749
        ]
      ], 
      "cuboid_centroid": [
        -16.761661335549004, 
        9.85765683239234, 
        57.7264100594257
      ], 
      "location": [
        -16.761661335549004, 
        9.85765683239234, 
        57.7264100594257
      ], 
      "pose_transform_permuted": [
        [
          0.1720601785689721, 
          -0.7346281513265974, 
          0.6562899492414233, 
          0.0
        ], 
        [
          -0.9789481247442072, 
          -0.05325895697896978, 
          0.19703656167328526, 
          0.0
        ], 
        [
          0.10979530048568675, 
          0.6763760865613283, 
          0.7283265880968912, 
          0.0
        ], 
        [
          -16.761661335549004, 
          9.85765683239234, 
          57.7264100594257, 
          1.0
        ]
      ], 
      "projected_cuboid": [
        [
          260.6099073507307, 
          371.6976569815301
        ], 
        [
          425.22695621909304, 
          387.9904772406071
        ], 
        [
          408.71302479616014, 
          342.2623619424354
        ], 
        [
          226.85595418583304, 
          327.3486406728689
        ], 
        [
          254.64961812104448, 
          383.1480286913374
        ], 
        [
          421.7551526010917, 
          400.5100960222688
        ], 
        [
          404.48972664822634, 
          355.41299228238023
        ], 
        [
          219.5983573174581, 
          339.2886750136392
        ]
      ], 
      "projected_cuboid_centroid": [
        325.4498509409322, 
        364.35891590141387
      ], 
      "quaternion_xyzw": [
        0.10141223368288668, 
        -0.4019583261681587, 
        0.9098920486171641, 
        0.015533805244435256
      ], 
      "visibility": 0.750278706800446
    }, 
    {
      "bounding_box": {
        "bottom_right": [
          485, 
          447
        ], 
        "top_left": [
          430, 
          377
        ]
      }, 
      "class": "061_foam_brick", 
      "cuboid": [
        [
          -6.394747506071763, 
          24.86283612655777, 
          67.36690168351983
        ], 
        [
          -13.887465851655872, 
          24.941767874222712, 
          69.48740556998673
        ], 
        [
          -12.976036959774756, 
          21.188691064954313, 
          72.84760544325425
        ], 
        [
          -5.483318614190646, 
          21.109759317289374, 
          70.72710155678735
        ], 
        [
          -5.310529961391374, 
          28.43702375094843, 
          71.06490000457961
        ], 
        [
          -12.803248306975485, 
          28.515955498613373, 
          73.18540389104652
        ], 
        [
          -11.891819415094368, 
          24.762878689344973, 
          76.54560376431404
        ], 
        [
          -4.399101069510258, 
          24.68394694168003, 
          74.42509987784713
        ]
      ], 
      "cuboid_centroid": [
        -9.143283460583065, 
        24.812857407951373, 
        71.95625272391693
      ], 
      "location": [
        -9.143283460583065, 
        24.812857407951373, 
        71.95625272391693
      ], 
      "pose_transform_permuted": [
        [
          -0.20628187519491176, 
          -0.6800204710532468, 
          -0.7035765394856424, 
          0.0
        ], 
        [
          0.9621592017884125, 
          -0.010135828390482826, 
          -0.2722993488731179, 
          0.0
        ], 
        [
          -0.1780378004243936, 
          0.7331230619284591, 
          -0.656378791315415, 
          0.0
        ], 
        [
          -9.143283460583065, 
          24.812857407951373, 
          71.95625272391693, 
          1.0
        ]
      ], 
      "projected_cuboid": [
        [
          430.55026383814607, 
          470.1166885167993
        ], 
        [
          374.12177379716786, 
          464.7159507954508
        ], 
        [
          385.80743088079976, 
          428.4096037012299
        ], 
        [
          439.90539245115673, 
          432.4652374068688
        ], 
        [
          441.41109926032425, 
          486.69740118544223
        ], 
        [
          387.51920815627113, 
          481.08914193902524
        ], 
        [
          398.05219816077226, 
          445.8180419641114
        ], 
        [
          449.81104168171305, 
          450.1681587728357
        ]
      ], 
      "projected_cuboid_centroid": [
        413.26487192098125, 
        457.1924845691071
      ], 
      "quaternion_xyzw": [
        0.9217997075290427, 
        0.045536457286362506, 
        -0.12979533952958847, 
        0.36244296115882546
      ], 
      "visibility": 0.14740420271940669
    }
  ]
}