{
  "camera_data": {
    "location_worldframe": [
      -21.29065774329075, 
      15.27603871674195, 
      71.16042333521271
    ], 
    "quaternion_xyzw_worldframe": [
      0.9057138983414096, 
      0.018251825391088862, 
      -0.07646598377888332, 
      -0.41653638251925773
    ]
  }, 
  "objects": [
    {
      "bounding_box": {
        "bottom_right": [
          479, 
          537
        ], 
        "top_left": [
          355, 
          307
        ]
      }, 
      "class": "003_cracker_box", 
      "cuboid": [
        [
          -14.971834384044303, 
          23.903676311986594, 
          62.349433953616476
        ], 
        [
          -16.83370806512105, 
          13.437667064564913, 
          49.85646823222935
        ], 
        [
          4.299171541100955, 
          13.242629051656488, 
          46.87034920097118
        ], 
        [
          6.161045222177703, 
          23.70863829907817, 
          59.3633149223583
        ], 
        [
          -14.380883444627223, 
          18.375390373756314, 
          66.89269589932356
        ], 
        [
          -16.24275712570397, 
          7.909381126334633, 
          54.39973017793643
        ], 
        [
          4.890122480518033, 
          7.7143431134262075, 
          51.413611146678264
        ], 
        [
          6.751996161594781, 
          18.18035236084789, 
          63.90657686806539
        ]
      ], 
      "cuboid_centroid": [
        -5.040855951763135, 
        15.809009712706402, 
        56.881522550147366
      ], 
      "location": [
        -5.040855951763135, 
        15.809009712706402, 
        56.881522550147366
      ], 
      "pose_transform_permuted": [
        [
          -0.0823051467333833, 
          0.7699562772147679, 
          -0.6327663028312834, 
          0.0
        ], 
        [
          0.11350396269398116, 
          0.6380312129914276, 
          0.7615989900869424, 
          0.0
        ], 
        [
          -0.990122574873414, 
          0.00913796619946805, 
          0.1399063411707198, 
          0.0
        ], 
        [
          -5.040855951763135, 
          15.809009712706402, 
          56.881522550147366, 
          1.0
        ]
      ], 
      "projected_cuboid": [
        [
          352.4649615281465, 
          477.7518855971087
        ], 
        [
          300.0245910462131, 
          417.0305947061274
        ], 
        [
          530.9233446934013, 
          423.9692942723398
        ], 
        [
          537.4091213375243, 
          486.28476949457365
        ], 
        [
          365.9862156758503, 
          419.7891628642499
        ], 
        [
          321.0306415867475, 
          350.8278756248589
        ], 
        [
          532.7456240210568, 
          353.30834858630016
        ], 
        [
          538.4140785998995, 
          425.0070402860592
        ]
      ], 
      "projected_cuboid_centroid": [
        433.9402760338762, 
        421.51137607180243
      ], 
      "quaternion_xyzw": [
        0.6624590990628653, 
        0.6144355893699993, 
        0.256353125919211, 
        -0.3433655827479036
      ], 
      "visibility": 0.9569403045194554
    }, 
    {
      "bounding_box": {
        "bottom_right": [
          487, 
          405
        ], 
        "top_left": [
          419, 
          319
        ]
      }, 
      "class": "005_tomato_soup_can", 
      "cuboid": [
        [
          -22.550821513414096, 
          26.889157728330083, 
          71.95445660937048
        ], 
        [
          -17.32829773182467, 
          24.534473588217498, 
          68.3547202789652
        ], 
        [
          -10.880869544292723, 
          29.612524823959124, 
          74.38700662965769
        ], 
        [
          -16.10339332588215, 
          31.967208964071713, 
          77.98674296006297
        ], 
        [
          -22.150367008966008, 
          21.513155139654156, 
          76.05202650111404
        ], 
        [
          -16.92784322737658, 
          19.158470999541567, 
          72.45229017070876
        ], 
        [
          -10.480415039844635, 
          24.236522235283196, 
          78.48457652140127
        ], 
        [
          -15.70293882143406, 
          26.59120637539578, 
          82.08431285180654
        ]
      ], 
      "cuboid_centroid": [
        -16.515618276629365, 
        25.56283998180664, 
        75.21951656538587
      ], 
      "location": [
        -16.515618276629365, 
        25.56283998180664, 
        75.21951656538587
      ], 
      "pose_transform_permuted": [
        [
          -0.059139100619817815, 
          0.7939277857850151, 
          -0.6051289108572676, 
          0.0
        ], 
        [
          -0.7718889840750407, 
          0.34802230200203316, 
          0.5320410083740987, 
          0.0
        ], 
        [
          -0.6330006475649823, 
          -0.49855688610982, 
          -0.5922425275972616, 
          0.0
        ], 
        [
          -16.515618276629365, 
          25.56283998180664, 
          75.21951656538587, 
          1.0
        ]
      ], 
      "projected_cuboid": [
        [
          313.05962258691363, 
          472.5864155324338
        ], 
        [
          345.2709313867025, 
          464.7102637167037
        ], 
        [
          402.93628695239516, 
          485.5943066538006
        ], 
        [
          370.5547923425456, 
          491.89726478912206
        ], 
        [
          324.9717836622005, 
          424.14888129596176
        ], 
        [
          355.9532148431402, 
          414.3115869287876
        ], 
        [
          409.78690779714555, 
          437.9789209812314
        ], 
        [
          378.7214381970603, 
          446.05537294442246
        ]
      ], 
      "projected_cuboid_centroid": [
        363.52258994187355, 
        454.53156302645715
      ], 
      "quaternion_xyzw": [
        0.2892589719967396, 
        0.8478759904965656, 
        0.40871847089644997, 
        -0.1743120797204339
      ], 
      "visibility": 0.23511978266238578
    }, 
    {
      "bounding_box": {
        "bottom_right": [
          515, 
          527
        ], 
        "top_left": [
          426, 
          439
        ]
      }, 
      "class": "010_potted_meat_can", 
      "cuboid": [
        [
          5.461695821693364, 
          27.515253458248996, 
          62.9084768671616
        ], 
        [
          -4.344379498652094, 
          24.92763156519508, 
          62.22574527442598
        ], 
        [
          -3.0601760510203557, 
          18.647420358109283, 
          67.5833650436785
        ], 
        [
          6.7458992693251005, 
          21.2350422511632, 
          68.26609663641412
        ], 
        [
          4.230490183977613, 
          31.019411352421518, 
          67.31117269459797
        ], 
        [
          -5.5755851363678435, 
          28.4317894593676, 
          66.62844110186235
        ], 
        [
          -4.291381688736106, 
          22.151578252281805, 
          71.98606087111486
        ], 
        [
          5.514693631609351, 
          24.73920014533572, 
          72.66879246385048
        ]
      ], 
      "cuboid_centroid": [
        0.5851570664786289, 
        24.8334158552654, 
        67.44726886913823
      ], 
      "location": [
        0.5851570664786289, 
        24.8334158552654, 
        67.44726886913823
      ], 
      "pose_transform_permuted": [
        [
          0.21374727204179708, 
          -0.6083501957258155, 
          -0.7643436595127007, 
          0.0
        ], 
        [
          0.9647186587092842, 
          0.25456944193916387, 
          0.0671669230436992, 
          0.0
        ], 
        [
          -0.15371766844965987, 
          0.7517340230669494, 
          -0.6413008942532199, 
          0.0
        ], 
        [
          0.5851570664786289, 
          24.8334158552654, 
          67.44726886913823, 
          1.0
        ]
      ], 
      "projected_cuboid": [
        [
          528.2855860734837, 
          506.552772294952
        ], 
        [
          444.0523042548776, 
          486.9343459291458
        ], 
        [
          457.2471041820603, 
          420.43864332831447
        ], 
        [
          534.7376773158261, 
          439.1824136798718
        ], 
        [
          515.395401656402, 
          519.0593996094336
        ], 
        [
          436.5960302860803, 
          500.865479534307
        ], 
        [
          449.5387701679779, 
          437.39984460119456
        ], 
        [
          522.4069367850811, 
          454.8486564941566
        ]
      ], 
      "projected_cuboid_centroid": [
        486.26258663833516, 
        469.6495222016304
      ], 
      "quaternion_xyzw": [
        0.9328446201389776, 
        0.10941991344925053, 
        0.07528429414205255, 
        0.33490333304191083
      ], 
      "visibility": 0.3798738068273742
    }, 
    {
      "bounding_box": {
        "bottom_right": [
          385, 
          421
        ], 
        "top_left": [
          336, 
          232
        ]
      }, 
      "class": "037_scissors", 
      "cuboid": [
        [
          -25.44893614734401, 
          11.926883904707546, 
          63.08096395422985
        ], 
        [
          -5.530535737568643, 
          12.762439545330317, 
          59.47286181183769
        ], 
        [
          -6.473128805341058, 
          7.015458389291557, 
          52.93843903580792
        ], 
        [
          -26.391529215116428, 
          6.179902748668786, 
          56.546541178200094
        ], 
        [
          -25.680189021567358, 
          13.105915394221427, 
          62.07737215856631
        ], 
        [
          -5.761788611791988, 
          13.941471034844197, 
          58.469270016174136
        ], 
        [
          -6.704381679564403, 
          8.194489878805436, 
          51.93484724014438
        ], 
        [
          -26.62278208933977, 
          7.358934238182664, 
          55.54294938253654
        ]
      ], 
      "cuboid_centroid": [
        -16.076658913454207, 
        10.060686891756491, 
        57.50790559718711
      ], 
      "location": [
        -16.076658913454207, 
        10.060686891756491, 
        57.50790559718711
      ], 
      "pose_transform_permuted": [
        [
          0.1477182185398236, 
          -0.7531341256547401, 
          0.6410678902672644, 
          0.0
        ], 
        [
          -0.9831489181423322, 
          -0.04124204791680183, 
          0.1780916963642817, 
          0.0
        ], 
        [
          0.10768799723959938, 
          0.65657271629432, 
          0.746535197347078, 
          0.0
        ], 
        [
          -16.076658913454207, 
          10.060686891756491, 
          57.50790559718711, 
          1.0
        ]
      ], 
      "projected_cuboid": [
        [
          264.64537251630196, 
          374.12267544446695
        ], 
        [
          431.58899772254733, 
          387.73300534829946
        ], 
        [
          415.84114925614057, 
          343.96261782203504
        ], 
        [
          230.6106340027704, 
          331.572386934985
        ], 
        [
          259.1346621617303, 
          385.88217616773915
        ], 
        [
          428.6037173368814, 
          400.4517910971132
        ], 
        [
          412.17594974985246, 
          357.4358550335621
        ], 
        [
          223.83664367526293, 
          343.9465188452785
        ]
      ], 
      "projected_cuboid_centroid": [
        331.26210905286547, 
        366.58782036702473
      ], 
      "quaternion_xyzw": [
        0.0899383914553031, 
        -0.41397710890825745, 
        0.9056474927784977, 
        0.018342111542467662
      ], 
      "visibility": 0.7566063977746871
    }, 
    {
      "bounding_box": {
        "bottom_right": [
          481, 
          452
        ], 
        "top_left": [
          428, 
          383
        ]
      }, 
      "class": "061_foam_brick", 
      "cuboid": [
        [
          -5.639440522646626, 
          24.64848541481878, 
          67.69752967332316
        ], 
        [
          -13.167428777257376, 
          24.804342774531353, 
          69.68466240201276
        ], 
        [
          -12.380500690675381, 
          20.955990938246824, 
          72.96767377577387
        ], 
        [
          -4.852512436064631, 
          20.80013357853425, 
          70.98054104708427
        ], 
        [
          -4.56376275615967, 
          28.113044396005893, 
          71.50085517210215
        ], 
        [
          -12.09175101077042, 
          28.268901755718463, 
          73.48798790079175
        ], 
        [
          -11.304822924188425, 
          24.420549919433935, 
          76.77099927455286
        ], 
        [
          -3.776834669577675, 
          24.26469255972136, 
          74.78386654586326
        ]
      ], 
      "cuboid_centroid": [
        -8.472131723417526, 
        24.53451766712636, 
        72.23426447393801
      ], 
      "location": [
        -8.472131723417526, 
        24.53451766712636, 
        72.23426447393801
      ], 
      "pose_transform_permuted": [
        [
          -0.20465710766727585, 
          -0.6591626623910852, 
          -0.7236159566999345, 
          0.0
        ], 
        [
          0.9666883013689701, 
          -0.02001404375519844, 
          -0.2551728160461854, 
          0.0
        ], 
        [
          -0.15371791137548185, 
          0.7517340105130679, 
          -0.6413008507403514, 
          0.0
        ], 
        [
          -8.472131723417526, 
          24.53451766712636, 
          72.23426447393801, 
          1.0
        ]
      ], 
      "projected_cuboid": [
        [
          436.79944933682407, 
          467.466739691385
        ], 
        [
          379.98260819497057, 
          463.1223109242797
        ], 
        [
          390.35409191321025, 
          426.453547066419
        ], 
        [
          444.8333794312019, 
          429.57047730291083
        ], 
        [
          447.27262095673154, 
          482.9796539988749
        ], 
        [
          393.1131033333749, 
          478.4405955591008
        ], 
        [
          402.4092631122581, 
          442.9333789358642
        ], 
        [
          454.43819273092214, 
          446.3296864496982
        ]
      ], 
      "projected_cuboid_centroid": [
        418.5244036855289, 
        454.429639954293
      ], 
      "quaternion_xyzw": [
        0.9276365490565219, 
        0.03603347338897723, 
        -0.123925131071308, 
        0.3504776505556267
      ], 
      "visibility": 0.12042875157629256
    }
  ]
}