{
  "camera_data": {
    "location_worldframe": [
      -17.7083880820457, 
      13.442542513311128, 
      72.01708410772379
    ], 
    "quaternion_xyzw_worldframe": [
      0.8852450889554357, 
      0.009224954657431585, 
      -0.03543256789534697, 
      -0.46368193006579134
    ]
  }, 
  "objects": [
    {
      "bounding_box": {
        "bottom_right": [
          450, 
          578
        ], 
        "top_left": [
          342, 
          360
        ]
      }, 
      "class": "003_cracker_box", 
      "cuboid": [
        [
          -10.37824771835023, 
          22.517495422187274, 
          64.53976539871262
        ], 
        [
          -11.986638772662817, 
          13.491874890282787, 
          50.937215346695616
        ], 
        [
          9.254213547799296, 
          12.329517408573047, 
          49.196909358822154
        ], 
        [
          10.86260460211188, 
          21.35513794047753, 
          62.799459410839155
        ], 
        [
          -10.38037403926392, 
          16.53482735442839, 
          68.50966159442358
        ], 
        [
          -11.988765093576506, 
          7.509206822523906, 
          54.907111542406575
        ], 
        [
          9.252087226885605, 
          6.346849340814163, 
          53.166805554533106
        ], 
        [
          10.86047828119819, 
          15.37246987271865, 
          66.7693556065501
        ]
      ], 
      "cuboid_centroid": [
        -0.5630802457323127, 
        14.432172381500719, 
        58.853285476622865
      ], 
      "location": [
        -0.5630802457323127, 
        14.432172381500719, 
        58.853285476622865
      ], 
      "pose_transform_permuted": [
        [
          0.00029614498113195165, 
          0.8332406978821905, 
          -0.5529103468836072, 
          0.0
        ], 
        [
          0.09805109770951398, 
          0.5502219116985779, 
          0.8292417199615092, 
          0.0
        ], 
        [
          -0.9951813375139777, 
          0.054459042220397824, 
          0.08153721962593166, 
          0.0
        ], 
        [
          -0.5630802457323127, 
          14.432172381500719, 
          58.853285476622865, 
          1.0
        ]
      ], 
      "projected_cuboid": [
        [
          395.1225032854236, 
          459.35819780898447
        ], 
        [
          355.0494558758586, 
          414.5483058992144
        ], 
        [
          582.7534857300947, 
          406.9447935657853
        ], 
        [
          574.6156707025787, 
          454.64340588804066
        ], 
        [
          400.1167126137472, 
          402.0033791866234
        ], 
        [
          364.178281184577, 
          346.22439502826467
        ], 
        [
          575.1787607077991, 
          336.9521844235783
        ], 
        [
          569.0679512719307, 
          396.07399265061025
        ]
      ], 
      "projected_cuboid_centroid": [
        476.45199873946154, 
        404.0687041157862
      ], 
      "quaternion_xyzw": [
        0.6529587442583029, 
        0.5916925314201829, 
        0.31760730376806384, 
        -0.3502433827374577
      ], 
      "visibility": 0.9516572653955526
    }, 
    {
      "bounding_box": {
        "bottom_right": [
          460, 
          433
        ], 
        "top_left": [
          400, 
          351
        ]
      }, 
      "class": "005_tomato_soup_can", 
      "cuboid": [
        [
          -18.39192041830304, 
          24.971538052272603, 
          73.94025369850155
        ], 
        [
          -13.081277607030225, 
          22.681508918602646, 
          70.42881052005998
        ], 
        [
          -6.7745854409576705, 
          26.73071238496798, 
          77.32620121606406
        ], 
        [
          -12.085228252230486, 
          29.020741518637937, 
          80.83764439450563
        ], 
        [
          -18.54684254991775, 
          19.196372806994823, 
          77.47229449444065
        ], 
        [
          -13.236199738644933, 
          16.906343673324866, 
          73.96085131599908
        ], 
        [
          -6.929507572572377, 
          20.9555471396902, 
          80.85824201200316
        ], 
        [
          -12.240150383845192, 
          23.245576273360154, 
          84.36968519044473
        ]
      ], 
      "cuboid_centroid": [
        -12.660713995437709, 
        22.9635425959814, 
        77.39924785525236
      ], 
      "location": [
        -12.660713995437709, 
        22.9635425959814, 
        77.39924785525236
      ], 
      "pose_transform_permuted": [
        [
          0.022878892428556646, 
          0.8528761063813457, 
          -0.5216116030764255, 
          0.0
        ], 
        [
          -0.7849129761418207, 
          0.33846629243166054, 
          0.5189912810353137, 
          0.0
        ], 
        [
          -0.6191833563709848, 
          -0.39754586507659734, 
          -0.6771774186678571, 
          0.0
        ], 
        [
          -12.660713995437709, 
          22.9635425959814, 
          77.39924785525236, 
          1.0
        ]
      ], 
      "projected_cuboid": [
        [
          347.83348938960296, 
          453.40236933204244
        ], 
        [
          381.71407587701464, 
          445.041431935187
        ], 
        [
          434.4833065210004, 
          457.6485286498361
        ], 
        [
          401.2013456788491, 
          464.7484476643143
        ], 
        [
          352.856535049625, 
          405.43444467031026
        ], 
        [
          385.35761504906964, 
          395.19541274928577
        ], 
        [
          435.51098386712863, 
          411.50378569260636
        ], 
        [
          403.5795627668222, 
          420.2270062396427
        ]
      ], 
      "projected_cuboid_centroid": [
        393.631402572998, 
        431.5168477684903
      ], 
      "quaternion_xyzw": [
        0.29118410041177045, 
        0.822202901401905, 
        0.4652299093205491, 
        -0.15084852770552612
      ], 
      "visibility": 0.29959072305593454
    }, 
    {
      "bounding_box": {
        "bottom_right": [
          479, 
          558
        ], 
        "top_left": [
          400, 
          477
        ]
      }, 
      "class": "010_potted_meat_can", 
      "cuboid": [
        [
          10.140620998987098, 
          24.82099190960009, 
          66.67428867192297
        ], 
        [
          0.27455706969632954, 
          22.908708067125957, 
          65.14950156337977
        ], 
        [
          0.8701169586278645, 
          16.0557576553942, 
          69.89046137816855
        ], 
        [
          10.736180887918632, 
          17.968041497868327, 
          71.41524848671175
        ], 
        [
          8.816883722422116, 
          27.932143171001382, 
          71.33767562454373
        ], 
        [
          -1.0491802068686522, 
          26.019859328527257, 
          69.81288851600054
        ], 
        [
          -0.4536203179371173, 
          19.166908916795496, 
          74.55384833078932
        ], 
        [
          9.41244361135365, 
          21.079192759269624, 
          76.07863543933252
        ]
      ], 
      "cuboid_centroid": [
        4.84350034052499, 
        21.99395041319779, 
        70.61406850135614
      ], 
      "location": [
        4.84350034052499, 
        21.99395041319779, 
        70.61406850135614
      ], 
      "pose_transform_permuted": [
        [
          0.22981151409503744, 
          -0.5401210607414815, 
          -0.8096017505632377, 
          0.0
        ], 
        [
          0.9706203195133252, 
          0.18812989328722468, 
          0.15000808438815572, 
          0.0
        ], 
        [
          -0.07128783038039829, 
          0.8202902439136143, 
          -0.5674874104152433, 
          0.0
        ], 
        [
          4.84350034052499, 
          21.99395041319779, 
          70.61406850135614, 
          1.0
        ]
      ], 
      "projected_cuboid": [
        [
          563.3866344814497, 
          471.8266547610643
        ], 
        [
          483.8633475832015, 
          460.8192488105931
        ], 
        [
          488.2920827420357, 
          395.80468725990755
        ], 
        [
          562.4415931158871, 
          407.46948357222226
        ], 
        [
          548.0612869863513, 
          482.1068958444825
        ], 
        [
          473.51530404504643, 
          472.05929794368086
        ], 
        [
          478.32506249718836, 
          410.3966684850963
        ], 
        [
          548.1291968882604, 
          421.05399241905565
        ]
      ], 
      "projected_cuboid_centroid": [
        518.4829228622038, 
        439.3979760502984
      ], 
      "quaternion_xyzw": [
        0.9487507989443509, 
        0.06835770888316245, 
        0.10008413139304019, 
        0.29185969392308553
      ], 
      "visibility": 0.36135827129108405
    }, 
    {
      "bounding_box": {
        "bottom_right": [
          377, 
          463
        ], 
        "top_left": [
          335, 
          272
        ]
      }, 
      "class": "037_scissors", 
      "cuboid": [
        [
          -21.508668268520655, 
          11.178757441301915, 
          63.40203893247713
        ], 
        [
          -1.3823877021777204, 
          11.175348024291713, 
          61.07996052652839
        ], 
        [
          -2.2071693900968468, 
          6.181761226269641, 
          53.93861743344942
        ], 
        [
          -22.33344995643978, 
          6.185170643279844, 
          56.26069583939815
        ], 
        [
          -21.6108171102782, 
          12.464498478507727, 
          62.51478179004458
        ], 
        [
          -1.4845365439352691, 
          12.461089061497525, 
          60.19270338409585
        ], 
        [
          -2.309318231854396, 
          7.4675022634754535, 
          53.05136029101687
        ], 
        [
          -22.43559879819733, 
          7.470911680485655, 
          55.373438696965614
        ]
      ], 
      "cuboid_centroid": [
        -11.908993250187525, 
        9.323129852388684, 
        58.226699611747
      ], 
      "location": [
        -11.908993250187525, 
        9.323129852388684, 
        58.226699611747
      ], 
      "pose_transform_permuted": [
        [
          0.06524997789112158, 
          -0.8212973618488065, 
          0.5667563912753247, 
          0.0
        ], 
        [
          -0.9934096392257561, 
          0.00016828483091603085, 
          0.11461507077294067, 
          0.0
        ], 
        [
          0.09422845464141667, 
          0.5705000171409461, 
          0.8158737440239691, 
          0.0
        ], 
        [
          -11.908993250187525, 
          9.323129852388684, 
          58.226699611747, 
          1.0
        ]
      ], 
      "projected_cuboid": [
        [
          299.1646416761195, 
          367.3190069579585
        ], 
        [
          469.4261646342954, 
          370.8640723925645
        ], 
        [
          459.5917538874012, 
          334.4088743951448
        ], 
        [
          268.12431336344207, 
          331.91845818968875
        ], 
        [
          295.6967187368285, 
          379.62236676703185
        ], 
        [
          468.3341602916934, 
          383.69431916596204
        ], 
        [
          458.1882772516138, 
          348.35653001631766
        ], 
        [
          263.7117790407952, 
          345.241316248861
        ]
      ], 
      "projected_cuboid_centroid": [
        371.6092439114907, 
        358.6804854296137
      ], 
      "quaternion_xyzw": [
        0.05082746058115257, 
        -0.46264268942972686, 
        0.8846844137377502, 
        0.026675257867805908
      ], 
      "visibility": 0.7745949074074074
    }, 
    {
      "bounding_box": {
        "bottom_right": [
          452, 
          479
        ], 
        "top_left": [
          404, 
          417
        ]
      }, 
      "class": "061_foam_brick", 
      "cuboid": [
        [
          -1.3851691649552582, 
          22.158905296704756, 
          70.4766590683857
        ], 
        [
          -9.006768879380292, 
          22.565881188374536, 
          72.02235747889118
        ], 
        [
          -8.641825477112908, 
          18.366570777093337, 
          74.9274977048317
        ], 
        [
          -1.0202257626878728, 
          17.959594885423552, 
          73.38179929432623
        ], 
        [
          -0.3735239294351427, 
          25.152487576666083, 
          74.67672757873788
        ], 
        [
          -7.995123643860177, 
          25.55946346833587, 
          76.22242598924336
        ], 
        [
          -7.630180241592792, 
          21.360153057054664, 
          79.12756621518388
        ], 
        [
          -0.008580527167757063, 
          20.953177165384883, 
          77.58186780467841
        ]
      ], 
      "cuboid_centroid": [
        -4.5076747032740245, 
        21.75952917687971, 
        74.80211264178479
      ], 
      "location": [
        -4.5076747032740245, 
        21.75952917687971, 
        74.80211264178479
      ], 
      "pose_transform_permuted": [
        [
          -0.19247435834162285, 
          -0.5695552237560582, 
          -0.799099786305294, 
          0.0
        ], 
        [
          0.978709189289606, 
          -0.05226081924017645, 
          -0.19848710177849632, 
          0.0
        ], 
        [
          -0.07128775617917854, 
          0.8202899815702565, 
          -0.5674877989476123, 
          0.0
        ], 
        [
          -4.5076747032740245, 
          21.75952917687971, 
          74.80211264178479, 
          1.0
        ]
      ], 
      "projected_cuboid": [
        [
          471.0276955699796, 
          440.9701128356334
        ], 
        [
          414.3468930539022, 
          440.385016433779
        ], 
        [
          419.5736073303716, 
          404.01627234024204
        ], 
        [
          474.1205461774664, 
          403.8121417459275
        ], 
        [
          478.90723874965255, 
          452.91832722877655
        ], 
        [
          425.1899191388925, 
          452.1231759668843
        ], 
        [
          429.741103105858, 
          417.2539120553553
        ], 
        [
          481.5375925996834, 
          417.3245719726761
        ]
      ], 
      "projected_cuboid_centroid": [
        449.1906948247681, 
        428.42631439640473
      ], 
      "quaternion_xyzw": [
        0.9484327805866313, 
        0.005015362535032113, 
        -0.10305460442813326, 
        0.2997162914382763
      ], 
      "visibility": 0.027598566308243727
    }
  ]
}