{
  "camera_data": {
    "location_worldframe": [
      -22.21516987088083, 
      10.950476035288103, 
      78.32519564960192
    ], 
    "quaternion_xyzw_worldframe": [
      0.9382990672835801, 
      0.040960071584453195, 
      -0.12289262350575794, 
      -0.3206475238241337
    ]
  }, 
  "objects": [
    {
      "bounding_box": {
        "bottom_right": [
          428, 
          518
        ], 
        "top_left": [
          284, 
          314
        ]
      }, 
      "class": "003_cracker_box", 
      "cuboid": [
        [
          -17.196840901216664, 
          18.153692564698716, 
          67.60480356421829
        ], 
        [
          -18.60627837493405, 
          5.27466973215973, 
          57.54387057697616
        ], 
        [
          2.2793729769512843, 
          6.325274031164478, 
          53.2731159175748
        ], 
        [
          3.6888104506686683, 
          19.204296863703462, 
          63.33404890481692
        ], 
        [
          -15.852089678538722, 
          13.72099852967817, 
          73.09071873636069
        ], 
        [
          -17.261527152256107, 
          0.8419756971391843, 
          63.02978574911856
        ], 
        [
          3.6241241996292266, 
          1.8925799961439338, 
          58.7590310897172
        ], 
        [
          5.033561673346611, 
          14.77160282868292, 
          68.81996407695932
        ]
      ], 
      "cuboid_centroid": [
        -6.786358350793718, 
        10.023136280421324, 
        63.18191732696774
      ], 
      "location": [
        -6.786358350793718, 
        10.023136280421324, 
        63.18191732696774
      ], 
      "pose_transform_permuted": [
        [
          -0.18729126111819183, 
          0.6173668720053749, 
          -0.7640550561700745, 
          0.0
        ], 
        [
          0.08592244471912847, 
          0.7851338906482876, 
          0.6133368627833893, 
          0.0
        ], 
        [
          -0.9785393793824779, 
          -0.049223156194832696, 
          0.20009438745745392, 
          0.0
        ], 
        [
          -6.786358350793718, 
          10.023136280421324, 
          63.18191732696774, 
          1.0
        ]
      ], 
      "projected_cuboid": [
        [
          344.8043891549231, 
          416.4970680205545
        ], 
        [
          307.7160472767817, 
          322.17245119364844
        ], 
        [
          504.6061375520752, 
          336.6091436079447
        ], 
        [
          512.9184446315378, 
          435.00093609038504
        ], 
        [
          364.9655243085807, 
          373.4042730790313
        ], 
        [
          334.3233938893171, 
          280.4108225161449
        ], 
        [
          514.7651379948069, 
          290.4643225014079
        ], 
        [
          520.9296724594927, 
          387.75891774834656
        ]
      ], 
      "projected_cuboid_centroid": [
        423.83593289102737, 
        357.8919929801911
      ], 
      "quaternion_xyzw": [
        0.6709609423607253, 
        0.6571445365453816, 
        0.15874456125798778, 
        -0.3045860078630856
      ], 
      "visibility": 0.9737453338863542
    }, 
    {
      "bounding_box": {
        "bottom_right": [
          458, 
          397
        ], 
        "top_left": [
          383, 
          317
        ]
      }, 
      "class": "005_tomato_soup_can", 
      "cuboid": [
        [
          -24.57234801861858, 
          22.332434798046865, 
          76.91881076914272
        ], 
        [
          -19.318767607216117, 
          19.767753105570122, 
          73.51297836360551
        ], 
        [
          -13.125266981097186, 
          26.493277058318682, 
          78.00210865334084
        ], 
        [
          -18.37884739249965, 
          29.057958750795425, 
          81.40794105887805
        ], 
        [
          -23.452905876171112, 
          17.94243438893348, 
          81.95136403354077
        ], 
        [
          -18.19932546476865, 
          15.377752696456737, 
          78.54553162800354
        ], 
        [
          -12.005824838649717, 
          22.1032766492053, 
          83.03466191773889
        ], 
        [
          -17.259405250052183, 
          24.66795834168204, 
          86.4404943232761
        ]
      ], 
      "cuboid_centroid": [
        -18.28908642863415, 
        22.21785572362608, 
        79.9767363434408
      ], 
      "location": [
        -18.28908642863415, 
        22.21785572362608, 
        79.9767363434408
      ], 
      "pose_transform_permuted": [
        [
          -0.1653191580189782, 
          0.6483150346214984, 
          -0.7432072072407142, 
          0.0
        ], 
        [
          -0.7764791537779898, 
          0.3790599390012243, 
          0.5033820094237816, 
          0.0
        ], 
        [
          -0.6080703488266621, 
          -0.6603037511199176, 
          -0.4407373448379279, 
          0.0
        ], 
        [
          -18.28908642863415, 
          22.21785572362608, 
          79.9767363434408, 
          1.0
        ]
      ], 
      "projected_cuboid": [
        [
          309.8039216809425, 
          428.12934819385157
        ], 
        [
          340.27592664444865, 
          416.6969953070511
        ], 
        [
          391.1085370820821, 
          454.42758303156825
        ], 
        [
          360.1902052499278, 
          463.6509944116778
        ], 
        [
          327.6993391210975, 
          390.0515454005337
        ], 
        [
          356.99491566775646, 
          377.7005827806342
        ], 
        [
          403.84278609450314, 
          415.2526761822383
        ], 
        [
          374.222774392556, 
          425.48262806009313
        ]
      ], 
      "projected_cuboid_centroid": [
        358.6211507322534, 
        421.444841198477
      ], 
      "quaternion_xyzw": [
        0.2767780192431602, 
        0.8916263387959418, 
        0.3053555991095132, 
        -0.18749478855284227
      ], 
      "visibility": 0.5578593443541608
    }, 
    {
      "bounding_box": {
        "bottom_right": [
          480, 
          511
        ], 
        "top_left": [
          391, 
          422
        ]
      }, 
      "class": "010_potted_meat_can", 
      "cuboid": [
        [
          2.7861190573557666, 
          23.56858686904667, 
          66.10637019206594
        ], 
        [
          -6.7392158271076, 
          20.0531388091801, 
          66.58662320311859
        ], 
        [
          -4.5931009159475416, 
          15.110242028834236, 
          72.97068798187387
        ], 
        [
          4.932233968515825, 
          18.625690088700804, 
          72.49043497082121
        ], 
        [
          1.4248269969718703, 
          27.763298995168668, 
          69.8117709158556
        ], 
        [
          -8.100507887491496, 
          24.2478509353021, 
          70.29202392690826
        ], 
        [
          -5.954392976331438, 
          19.304954154956235, 
          76.67608870566353
        ], 
        [
          3.570941908131929, 
          22.820402214822803, 
          76.19583569461088
        ]
      ], 
      "cuboid_centroid": [
        -1.5841369594878356, 
        21.436770512001452, 
        71.39122944886473
      ], 
      "location": [
        -1.5841369594878356, 
        21.436770512001452, 
        71.39122944886473
      ], 
      "pose_transform_permuted": [
        [
          0.23633132877709606, 
          -0.7282360042004821, 
          -0.6432875811072232, 
          0.0
        ], 
        [
          0.937099501411185, 
          0.3458486934156197, 
          -0.04724714276898655, 
          0.0
        ], 
        [
          -0.2568874744706144, 
          0.5916590318016204, 
          -0.7641651755659097, 
          0.0
        ], 
        [
          -1.5841369594878356, 
          21.436770512001452, 
          71.39122944886473, 
          1.0
        ]
      ], 
      "projected_cuboid": [
        [
          504.26167123754743, 
          463.428409156832
        ], 
        [
          427.17010456346577, 
          433.90035373781313
        ], 
        [
          447.74780070832963, 
          383.7224979991724
        ], 
        [
          518.1864199252316, 
          410.31765496092703
        ], 
        [
          492.5725920137522, 
          485.38130156229056
        ], 
        [
          419.6247225356534, 
          457.259811635617
        ], 
        [
          439.83622365130964, 
          407.561906963563
        ], 
        [
          506.7995496724761, 
          433.0139992797955
        ]
      ], 
      "projected_cuboid_centroid": [
        469.664344842134, 
        433.4273508271497
      ], 
      "quaternion_xyzw": [
        0.8905119474661791, 
        0.16921057870173195, 
        0.05308300089238576, 
        0.4189728122157147
      ], 
      "visibility": 0.6303249097472924
    }, 
    {
      "bounding_box": {
        "bottom_right": [
          324, 
          418
        ], 
        "top_left": [
          267, 
          260
        ]
      }, 
      "class": "037_scissors", 
      "cuboid": [
        [
          -26.399460398686674, 
          5.7010151380401695, 
          71.34517962368133
        ], 
        [
          -6.851647122913311, 
          7.526933439026832, 
          66.34435492406712
        ], 
        [
          -7.5309643334010286, 
          0.5271430370697785, 
          61.13317294956471
        ], 
        [
          -27.07877760917439, 
          -1.2987752639168848, 
          66.13399764917892
        ], 
        [
          -26.792480236271082, 
          6.630286763246855, 
          70.14819203340485
        ], 
        [
          -7.244666960497721, 
          8.456205064233519, 
          65.14736733379064
        ], 
        [
          -7.923984170985439, 
          1.4564146622764644, 
          59.93618535928823
        ], 
        [
          -27.4717974467588, 
          -0.3695036387101988, 
          64.93701005890244
        ]
      ], 
      "cuboid_centroid": [
        -17.161722284836056, 
        3.578714900158317, 
        65.64068249148478
      ], 
      "location": [
        -17.161722284836056, 
        3.578714900158317, 
        65.64068249148478
      ], 
      "pose_transform_permuted": [
        [
          0.2510506753862385, 
          -0.5935941314293103, 
          0.7646040078150432, 
          0.0
        ], 
        [
          -0.9648571711959896, 
          -0.09012518903628006, 
          0.24683485079616457, 
          0.0
        ], 
        [
          0.07760964130650305, 
          0.7997018387427014, 
          0.5953595133173203, 
          0.0
        ], 
        [
          -17.161722284836056, 
          3.578714900158317, 
          65.64068249148478, 
          1.0
        ]
      ], 
      "projected_cuboid": [
        [
          282.61123757961565, 
          315.90277404824815
        ], 
        [
          426.06002620813763, 
          333.79298210698556
        ], 
        [
          415.35019457654107, 
          277.88528022296043
        ], 
        [
          261.40786592803545, 
          262.8129191619665
        ], 
        [
          276.2028685980829, 
          323.69499000819724
        ], 
        [
          421.7954014123964, 
          342.5120484607755
        ], 
        [
          410.5008934085802, 
          286.2458956041048
        ], 
        [
          254.0943836742998, 
          270.2518505759266
        ]
      ], 
      "projected_cuboid_centroid": [
        340.9989464390929, 
        302.36299889557023
      ], 
      "quaternion_xyzw": [
        0.13251457432037977, 
        -0.3164456041297797, 
        0.9393033346254198, 
        -0.003331071888179769
      ], 
      "visibility": 0.6798679867986799
    }, 
    {
      "bounding_box": {
        "bottom_right": [
          449, 
          441
        ], 
        "top_left": [
          395, 
          375
        ]
      }, 
      "class": "061_foam_brick", 
      "cuboid": [
        [
          -7.741685557508076, 
          20.76468391078618, 
          72.08064813487358
        ], 
        [
          -15.14665803650314, 
          20.659802119664008, 
          74.48875476764132
        ], 
        [
          -13.831573539513208, 
          17.630921982259945, 
          78.40074521095107
        ], 
        [
          -6.426601060518143, 
          17.735803773382113, 
          75.99263857818333
        ], 
        [
          -6.834145008665223, 
          25.001418270475956, 
          75.05587729558223
        ], 
        [
          -14.239117487660291, 
          24.896536479353788, 
          77.46398392834998
        ], 
        [
          -12.924032990670359, 
          21.867656341949722, 
          81.37597437165974
        ], 
        [
          -5.51906051167529, 
          21.972538133071893, 
          78.96786773889198
        ]
      ], 
      "cuboid_centroid": [
        -10.332859274089216, 
        21.31617012636795, 
        76.72831125326665
      ], 
      "location": [
        -10.332859274089216, 
        21.31617012636795, 
        76.72831125326665
      ], 
      "pose_transform_permuted": [
        [
          -0.17266753074532623, 
          -0.8060757849820195, 
          -0.5660633822214017, 
          0.0
        ], 
        [
          0.950891529754897, 
          0.013468140102679466, 
          -0.30923115600237666, 
          0.0
        ], 
        [
          -0.2568875677542676, 
          0.5916590555951928, 
          -0.7641651257846702, 
          0.0
        ], 
        [
          -10.332859274089216, 
          21.31617012636795, 
          76.72831125326665, 
          1.0
        ]
      ], 
      "projected_cuboid": [
        [
          423.8395428103769, 
          426.9229557236783
        ], 
        [
          372.24730607347846, 
          421.2052015331047
        ], 
        [
          386.7239586593537, 
          393.2205505625867
        ], 
        [
          436.1190481846887, 
          397.7571663554434
        ], 
        [
          432.631452946971, 
          450.9374622146866
        ], 
        [
          382.7474535531656, 
          444.69278104086055
        ], 
        [
          396.19004373712727, 
          416.60217205241827
        ], 
        [
          444.01276753897565, 
          421.68088132484354
        ]
      ], 
      "projected_cuboid_centroid": [
        409.17738687847367, 
        421.4499835325162
      ], 
      "quaternion_xyzw": [
        0.8815630958092977, 
        0.07666941513946701, 
        -0.13666029381178538, 
        0.44530020546208554
      ], 
      "visibility": 0.5235673109528654
    }
  ]
}