{
  "camera_data": {
    "location_worldframe": [
      -10.460158231075194, 
      -1.22908385005399, 
      73.64824526534834
    ], 
    "quaternion_xyzw_worldframe": [
      -0.8276769715096365, 
      -0.0951899051519877, 
      -0.16105769908920767, 
      0.5291070623406587
    ]
  }, 
  "objects": [
    {
      "bounding_box": {
        "bottom_right": [
          328, 
          671
        ], 
        "top_left": [
          222, 
          467
        ]
      }, 
      "class": "003_cracker_box", 
      "cuboid": [
        [
          -0.7383016514447074, 
          8.427966894087113, 
          71.59284553875867
        ], 
        [
          3.4751471053809517, 
          1.9376251542652225, 
          57.12908291069102
        ], 
        [
          23.536258219903434, 
          -0.4117402071535743, 
          64.02733271739876
        ], 
        [
          19.322809463077775, 
          6.078601532668316, 
          78.4910953454664
        ], 
        [
          -2.3533323024825124, 
          1.881426663694507, 
          74.06000677041787
        ], 
        [
          1.860116454343147, 
          -4.608915076127384, 
          59.59624414235023
        ], 
        [
          21.921227568865632, 
          -6.95828043754618, 
          66.49449394905798
        ], 
        [
          17.70777881203997, 
          -0.4679386977242899, 
          80.95825657712562
        ]
      ], 
      "cuboid_centroid": [
        10.59146295871046, 
        0.7348432282704663, 
        69.04366974390832
      ], 
      "location": [
        10.59146295871046, 
        0.7348432282704663, 
        69.04366974390832
      ], 
      "pose_transform_permuted": [
        [
          0.22493463644155914, 
          0.9117744271461086, 
          -0.34361577864133225, 
          0.0
        ], 
        [
          -0.25686121210498336, 
          0.3956656749570144, 
          0.8817431549928634, 
          0.0
        ], 
        [
          -0.9399078290156233, 
          0.11007301060294278, 
          -0.3231983992719364, 
          0.0
        ], 
        [
          10.59146295871046, 
          0.7348432282704663, 
          69.04366974390832, 
          1.0
        ]
      ], 
      "projected_cuboid": [
        [
          476.0513744323321, 
          336.06934479837304
        ], 
        [
          514.3091130428401, 
          291.37493336544856
        ], 
        [
          679.2775322551929, 
          269.85692274784185
        ], 
        [
          613.9829353959921, 
          314.58851270095863
        ], 
        [
          464.50906858845514, 
          286.8350336919356
        ], 
        [
          498.38174593918, 
          232.0419142195707
        ], 
        [
          658.8816337944514, 
          217.4775979903575
        ], 
        [
          599.2207270764861, 
          270.203950957316
        ]
      ], 
      "projected_cuboid_centroid": [
        564.0913469595149, 
        278.9627467584452
      ], 
      "quaternion_xyzw": [
        0.5469980752112596, 
        0.6104105135364587, 
        0.5057960172012512, 
        -0.26900278746266804
      ], 
      "visibility": 0.9847588424437299
    }, 
    {
      "bounding_box": {
        "bottom_right": [
          342, 
          458
        ], 
        "top_left": [
          290, 
          394
        ]
      }, 
      "class": "005_tomato_soup_can", 
      "cuboid": [
        [
          -11.937250752316324, 
          9.835737470267214, 
          77.17975697719808
        ], 
        [
          -5.637765102405408, 
          7.79597320486151, 
          75.78934840935017
        ], 
        [
          -2.7732257897119488, 
          10.181366831297328, 
          85.26820514294113
        ], 
        [
          -9.072711439622864, 
          12.221131096703031, 
          86.65861371078904
        ], 
        [
          -13.511153054522723, 
          3.577176077989187, 
          79.23038797850056
        ], 
        [
          -7.211667404611808, 
          1.5374118125834828, 
          77.83997941065263
        ], 
        [
          -4.347128091918349, 
          3.9228054390193003, 
          87.31883614424359
        ], 
        [
          -10.646613741829265, 
          5.962569704425004, 
          88.70924471209152
        ]
      ], 
      "cuboid_centroid": [
        -8.142189422117337, 
        6.879271454643257, 
        82.24929656072084
      ], 
      "location": [
        -8.142189422117337, 
        6.879271454643257, 
        82.24929656072084
      ], 
      "pose_transform_permuted": [
        [
          0.23243381103736127, 
          0.9242640245072253, 
          -0.3028370807996866, 
          0.0
        ], 
        [
          -0.9310639418524923, 
          0.30147714638025164, 
          0.2055023781162626, 
          0.0
        ], 
        [
          -0.28123698119147506, 
          -0.23419504123383794, 
          -0.9306226104451722, 
          0.0
        ], 
        [
          -8.142189422117337, 
          6.879271454643257, 
          82.24929656072084, 
          1.0
        ]
      ], 
      "projected_cuboid": [
        [
          398.4220996868947, 
          341.2524349118114
        ], 
        [
          441.5942550365404, 
          328.1457664520843
        ], 
        [
          464.1070675252356, 
          336.9670424024847
        ], 
        [
          425.2959404898698, 
          348.49854822805327
        ], 
        [
          389.8922051331541, 
          297.3654059955698
        ], 
        [
          431.7746607759978, 
          283.82009455811146
        ], 
        [
          454.8247348457378, 
          297.24596133132144
        ], 
        [
          417.0562672928372, 
          309.13348042484665
        ]
      ], 
      "projected_cuboid_centroid": [
        428.3616411995851, 
        317.8930007492105
      ], 
      "quaternion_xyzw": [
        0.18545755164899133, 
        0.7855087625045976, 
        0.5903456216828457, 
        0.00857133433980663
      ], 
      "visibility": 0.920678768745067
    }, 
    {
      "bounding_box": {
        "bottom_right": [
          341, 
          586
        ], 
        "top_left": [
          279, 
          516
        ]
      }, 
      "class": "010_potted_meat_can", 
      "cuboid": [
        [
          17.04374141582147, 
          8.890605819948018, 
          82.29194901208407
        ], 
        [
          8.704075649183823, 
          7.960070892343886, 
          76.55565209449861
        ], 
        [
          7.318299878628674, 
          0.38673777583309243, 
          79.79888688595358
        ], 
        [
          15.65796564526632, 
          1.3172727034372242, 
          85.53518380353904
        ], 
        [
          13.892277088042732, 
          11.264452751585585, 
          86.48859573946692
        ], 
        [
          5.552611321405089, 
          10.333917823981453, 
          80.75229882188147
        ], 
        [
          4.16683555084994, 
          2.760584707470661, 
          83.99553361333642
        ], 
        [
          12.506501317487583, 
          3.6911196350747923, 
          89.73183053092188
        ]
      ], 
      "cuboid_centroid": [
        10.605288483335704, 
        5.8255952637093396, 
        83.14374131271025
      ], 
      "location": [
        10.605288483335704, 
        5.8255952637093396, 
        83.14374131271025
      ], 
      "pose_transform_permuted": [
        [
          0.5471197356190624, 
          -0.41211905658887615, 
          -0.7285718666505302, 
          0.0
        ], 
        [
          0.8204537401198516, 
          0.09154573852577487, 
          0.5643351175173609, 
          0.0
        ], 
        [
          0.16587575811029434, 
          0.9065192210856545, 
          -0.3882114561338878, 
          0.0
        ], 
        [
          10.605288483335704, 
          5.8255952637093396, 
          83.14374131271025, 
          1.0
        ]
      ], 
      "projected_cuboid": [
        [
          592.9750468226312, 
          330.9049836125792
        ], 
        [
          542.7387165877582, 
          328.73981379022007
        ], 
        [
          530.9150295497437, 
          275.87122101966634
        ], 
        [
          580.0394894375495, 
          281.4998520573536
        ], 
        [
          567.9757029645713, 
          342.74717836717446
        ], 
        [
          518.5742774041767, 
          341.53574979108424
        ], 
        [
          508.2743712374055, 
          290.8145400330007
        ], 
        [
          556.5486928311178, 
          295.2246437078592
        ]
      ], 
      "projected_cuboid_centroid": [
        550.1908376274193, 
        310.6544022212696
      ], 
      "quaternion_xyzw": [
        0.9294547901667992, 
        -0.019992908845835374, 
        0.29895344692800013, 
        0.21526881167053244
      ], 
      "visibility": 0.35694210230466555
    }, 
    {
      "bounding_box": {
        "bottom_right": [
          266, 
          565
        ], 
        "top_left": [
          224, 
          402
        ]
      }, 
      "class": "037_scissors", 
      "cuboid": [
        [
          -10.341170667940307, 
          -1.7483451284726663, 
          63.978582025967555
        ], 
        [
          8.940334198709609, 
          -2.7822793884685186, 
          70.11158938011394
        ], 
        [
          11.171562503065346, 
          -6.441997225046438, 
          62.47987654971675
        ], 
        [
          -8.10994236358457, 
          -5.408062965050585, 
          56.34686919557037
        ], 
        [
          -10.073366265321077, 
          -0.3284968978307032, 
          63.37600303421155
        ], 
        [
          9.208138601328837, 
          -1.3624311578265553, 
          69.50901038835792
        ], 
        [
          11.439366905684574, 
          -5.022148994404475, 
          61.877297557960745
        ], 
        [
          -7.842137960965341, 
          -3.9882147344086225, 
          55.74429020381436
        ]
      ], 
      "cuboid_centroid": [
        0.5490981188721336, 
        -3.3852470614385703, 
        62.92793979196415
      ], 
      "location": [
        0.5490981188721336, 
        -3.3852470614385703, 
        62.92793979196415
      ], 
      "pose_transform_permuted": [
        [
          -0.17106636795280405, 
          -0.9069614893728227, 
          0.384911519438036, 
          0.0
        ], 
        [
          -0.9517124999906938, 
          0.05103378425138702, 
          -0.3027180607449183, 
          0.0
        ], 
        [
          -0.25491011518704465, 
          0.41811010260715226, 
          0.8718967901551093, 
          0.0
        ], 
        [
          0.5490981188721336, 
          -3.3852470614385703, 
          62.92793979196415, 
          1.0
        ]
      ], 
      "projected_cuboid": [
        [
          394.67564460237236, 
          258.7124935804842
        ], 
        [
          550.1704687739331, 
          252.1225036635288
        ], 
        [
          577.7506575785907, 
          218.2985408121769
        ], 
        [
          404.19729069738935, 
          222.09956118111958
        ], 
        [
          396.121594848864, 
          270.5221820701054
        ], 
        [
          552.8368347680114, 
          262.8330555748847
        ], 
        [
          581.0144669547958, 
          230.00070433929375
        ], 
        [
          405.9441259473627, 
          235.13028893825916
        ]
      ], 
      "projected_cuboid_centroid": [
        486.2895032112734, 
        244.59628437220601
      ], 
      "quaternion_xyzw": [
        -0.14272857941644693, 
        -0.5358848873908276, 
        0.8298695864465515, 
        -0.061418183731929206
      ], 
      "visibility": 0.8075679172056921
    }, 
    {
      "bounding_box": {
        "bottom_right": [
          331, 
          513
        ], 
        "top_left": [
          286, 
          455
        ]
      }, 
      "class": "061_foam_brick", 
      "cuboid": [
        [
          4.99161079293164, 
          6.4497443887699735, 
          80.509409489322
        ], 
        [
          -2.5880256630598057, 
          7.128937736167976, 
          78.85671388776099
        ], 
        [
          -3.4372060402622098, 
          2.488195905464706, 
          80.84408383250359
        ], 
        [
          4.142430415729235, 
          1.8090025580667037, 
          82.49677943406459
        ], 
        [
          4.1583820273519585, 
          8.620776432647574, 
          85.22299476273842
        ], 
        [
          -3.4212544286394864, 
          9.299969780045576, 
          83.57029916117742
        ], 
        [
          -4.270434805841891, 
          4.6592279493423066, 
          85.55766910592001
        ], 
        [
          3.309201650149554, 
          3.9800346019443045, 
          87.21036470748102
        ]
      ], 
      "cuboid_centroid": [
        0.3605879935448742, 
        5.5544861690561405, 
        83.033539297621
      ], 
      "location": [
        0.3605879935448742, 
        5.5544861690561405, 
        83.033539297621
      ], 
      "pose_transform_permuted": [
        [
          0.15852906372289507, 
          -0.41305784371099763, 
          -0.8968008439469508, 
          0.0
        ], 
        [
          0.9733205795252075, 
          -0.08721696170223756, 
          0.21222688581832572, 
          0.0
        ], 
        [
          0.16587822469467323, 
          0.9065188466547464, 
          -0.3882112765388095, 
          0.0
        ], 
        [
          0.3605879935448742, 
          5.5544861690561405, 
          83.033539297621, 
          1.0
        ]
      ], 
      "projected_cuboid": [
        [
          514.9386212663062, 
          316.0116680103104
        ], 
        [
          463.94800652230117, 
          321.50059502821574
        ], 
        [
          458.7332348902964, 
          289.70089436031304
        ], 
        [
          508.59994169870834, 
          284.9812549975676
        ], 
        [
          507.8367974018781, 
          327.2347582531011
        ], 
        [
          459.5817413428441, 
          332.6360444015613
        ], 
        [
          454.7556859452204, 
          302.3296095588803
        ], 
        [
          502.00255166059554, 
          297.6257366768581
        ]
      ], 
      "projected_cuboid_centroid": [
        483.9324055275779, 
        308.96267889351833
      ], 
      "quaternion_xyzw": [
        0.9716789940776359, 
        -0.0651180039754695, 
        0.09539054353365953, 
        0.2061558202692264
      ], 
      "visibility": 0.17561419472247497
    }
  ]
}