{
  "camera_data": {
    "location_worldframe": [
      -20.060116131296084, 
      14.889191556868461, 
      70.8420205552197
    ], 
    "quaternion_xyzw_worldframe": [
      0.8996984095013755, 
      0.014469490470815232, 
      -0.061583006857714666, 
      -0.43190729929783916
    ]
  }, 
  "objects": [
    {
      "bounding_box": {
        "bottom_right": [
          472, 
          550
        ], 
        "top_left": [
          355, 
          323
        ]
      }, 
      "class": "003_cracker_box", 
      "cuboid": [
        [
          -13.363174222879037, 
          23.659809233850943, 
          62.46182289235992
        ], 
        [
          -15.160804276898554, 
          13.64920154591564, 
          49.5919209659934
        ], 
        [
          6.025583658983422, 
          13.092054372134882, 
          47.06603490295371
        ], 
        [
          7.823213713002937, 
          23.10266206007018, 
          59.93593682932023
        ], 
        [
          -12.991673844693299, 
          17.974942872304762, 
          66.83179765834097
        ], 
        [
          -14.789303898712813, 
          7.964335184369461, 
          53.961895731974465
        ], 
        [
          6.39708403716916, 
          7.407188010588701, 
          51.436009668934766
        ], 
        [
          8.194714091188676, 
          17.417795698524003, 
          64.30591159530128
        ]
      ], 
      "cuboid_centroid": [
        -3.483045092854939, 
        15.53349862221982, 
        56.948916280647346
      ], 
      "location": [
        -3.483045092854939, 
        15.53349862221982, 
        56.948916280647346
      ], 
      "pose_transform_permuted": [
        [
          -0.05174100098435497, 
          0.7917641361366994, 
          -0.6086315975570468, 
          0.0
        ], 
        [
          0.10958752823178214, 
          0.610268920552324, 
          0.7845778599119078, 
          0.0
        ], 
        [
          -0.9926295595403075, 
          0.026103588558032353, 
          0.11834339944081246, 
          0.0
        ], 
        [
          -3.483045092854939, 
          15.53349862221982, 
          56.948916280647346, 
          1.0
        ]
      ], 
      "projected_cuboid": [
        [
          366.5470444937741, 
          475.3017692732138
        ], 
        [
          317.1966009895634, 
          420.0722711672572
        ], 
        [
          550.4437880876769, 
          421.6365954060253
        ], 
        [
          551.7893954733678, 
          478.85773202328863
        ], 
        [
          377.05918489730897, 
          416.72707640882396
        ], 
        [
          334.212412253296, 
          352.0001536383141
        ], 
        [
          548.4786494757022, 
          350.08873254714916
        ], 
        [
          550.1261089058771, 
          417.74062177014457
        ]
      ], 
      "projected_cuboid_centroid": [
        448.70695555177696, 
        418.7558383903537
      ], 
      "quaternion_xyzw": [
        0.6603640500411234, 
        0.6068237966591356, 
        0.2774366877186592, 
        -0.34454765349538485
      ], 
      "visibility": 0.9575800298556975
    }, 
    {
      "bounding_box": {
        "bottom_right": [
          481, 
          414
        ], 
        "top_left": [
          416, 
          329
        ]
      }, 
      "class": "005_tomato_soup_can", 
      "cuboid": [
        [
          -21.093697753248843, 
          26.49493501983027, 
          71.99153941696383
        ], 
        [
          -15.841522785323969, 
          24.145747981213216, 
          68.43157143096994
        ], 
        [
          -9.427258718088408, 
          28.883238142240693, 
          74.76859097117084
        ], 
        [
          -14.67943368601328, 
          31.23242518085775, 
          78.32855895716474
        ], 
        [
          -20.899296166445545, 
          20.980887983364067, 
          75.91701263225816
        ], 
        [
          -15.647121198520672, 
          18.631700944747013, 
          72.35704464626426
        ], 
        [
          -9.232857131285108, 
          23.36919110577449, 
          78.69406418646517
        ], 
        [
          -14.485032099209983, 
          25.718378144391547, 
          82.25403217245906
        ]
      ], 
      "cuboid_centroid": [
        -15.163277442266976, 
        24.932063062802378, 
        75.3428018017145
      ], 
      "location": [
        -15.163277442266976, 
        24.932063062802378, 
        75.3428018017145
      ], 
      "pose_transform_permuted": [
        [
          -0.028709216340211778, 
          0.8143141827344702, 
          -0.5797136825309053, 
          0.0
        ], 
        [
          -0.7762714292403022, 
          0.3472098304334592, 
          0.5261632473049664, 
          0.0
        ], 
        [
          -0.6297446346226231, 
          -0.4651210145406935, 
          -0.6221608610292475, 
          0.0
        ], 
        [
          -15.163277442266976, 
          24.932063062802378, 
          75.3428018017145, 
          1.0
        ]
      ], 
      "projected_cuboid": [
        [
          324.0308919314998, 
          469.56332016110406
        ], 
        [
          357.10773233493893, 
          461.4657654844333
        ], 
        [
          413.79265472007785, 
          479.3088305854536
        ], 
        [
          380.81554901224735, 
          485.94031587090353
        ], 
        [
          333.55529181864085, 
          420.67798616776224
        ], 
        [
          365.30626695443055, 
          410.61457604876847
        ], 
        [
          418.5033860159505, 
          431.66248905757845
        ], 
        [
          386.8961911756364, 
          440.03963627388987
        ]
      ], 
      "projected_cuboid_centroid": [
        373.368216370953, 
        449.7699864632766
      ], 
      "quaternion_xyzw": [
        0.29082692703707025, 
        0.8398074372009189, 
        0.42762036275586407, 
        -0.16517847993064044
      ], 
      "visibility": 0.26401810409856674
    }, 
    {
      "bounding_box": {
        "bottom_right": [
          506, 
          537
        ], 
        "top_left": [
          420, 
          452
        ]
      }, 
      "class": "010_potted_meat_can", 
      "cuboid": [
        [
          7.12373390947974, 
          26.806099939853308, 
          63.58879935846328
        ], 
        [
          -2.716540266518244, 
          24.45590380117296, 
          62.60563867559467
        ], 
        [
          -1.6863619797004306, 
          17.978077642209726, 
          67.77969142407157
        ], 
        [
          8.153912196297554, 
          20.328273780890072, 
          68.76285210694019
        ], 
        [
          5.866916131230459, 
          30.190930993603793, 
          68.0767886887094
        ], 
        [
          -3.973358044767525, 
          27.84073485492345, 
          67.09362800584078
        ], 
        [
          -2.943179757949711, 
          21.36290869596022, 
          72.2676807543177
        ], 
        [
          6.897094418048273, 
          23.713104834640564, 
          73.25084143718631
        ]
      ], 
      "cuboid_centroid": [
        2.0902770757650146, 
        24.08450431790676, 
        67.9282400563905
      ], 
      "location": [
        2.0902770757650146, 
        24.08450431790676, 
        67.9282400563905
      ], 
      "pose_transform_permuted": [
        [
          0.21819374710858608, 
          -0.5876340896260287, 
          -0.7791513025172444, 
          0.0
        ], 
        [
          0.9680831315566472, 
          0.2312115696182079, 
          0.09672304406073999, 
          0.0
        ], 
        [
          -0.12331115029252747, 
          0.7753883044110855, 
          -0.6193281340259261, 
          0.0
        ], 
        [
          2.0902770757650146, 
          24.08450431790676, 
          67.9282400563905, 
          1.0
        ]
      ], 
      "projected_cuboid": [
        [
          541.841763268699, 
          498.10943431850666
        ], 
        [
          458.2627874178288, 
          481.61940858594227
        ], 
        [
          468.21747450432366, 
          414.74573723291826
        ], 
        [
          545.3652295270929, 
          430.95112237872775
        ], 
        [
          527.9420341399765, 
          509.80496141476647
        ], 
        [
          449.7500957084907, 
          494.58935837316545
        ], 
        [
          459.69604564598745, 
          430.9401037542933
        ], 
        [
          532.2314254256822, 
          445.9352466921587
        ]
      ], 
      "projected_cuboid_centroid": [
        498.14505854350455, 
        462.37928928850056
      ], 
      "quaternion_xyzw": [
        0.9384325679670565, 
        0.09444544339470877, 
        0.0838943579748985, 
        0.3215367477778981
      ], 
      "visibility": 0.35991414891860657
    }, 
    {
      "bounding_box": {
        "bottom_right": [
          386, 
          435
        ], 
        "top_left": [
          338, 
          243
        ]
      }, 
      "class": "037_scissors", 
      "cuboid": [
        [
          -24.103550728242794, 
          11.896171047331643, 
          62.56684507240414
        ], 
        [
          -4.095305126068929, 
          12.415518222392286, 
          59.426842585542396
        ], 
        [
          -5.010035260230292, 
          6.906274781068281, 
          52.68692711121638
        ], 
        [
          -25.018280862404158, 
          6.386927606007636, 
          55.826929598078124
        ], 
        [
          -24.287166288607988, 
          13.112014457204788, 
          61.59792827201059
        ], 
        [
          -4.278920686434123, 
          13.631361632265431, 
          58.457925785148845
        ], 
        [
          -5.193650820595486, 
          8.122118190941425, 
          51.71801031082283
        ], 
        [
          -25.201896422769355, 
          7.602771015880781, 
          54.85801279768457
        ]
      ], 
      "cuboid_centroid": [
        -14.64860077441914, 
        10.009144619136535, 
        57.142427691613484
      ], 
      "location": [
        -14.64860077441914, 
        10.009144619136535, 
        57.142427691613484
      ], 
      "pose_transform_permuted": [
        [
          0.11728876263454319, 
          -0.7766486065655752, 
          0.6189184205736964, 
          0.0
        ], 
        [
          -0.9875835716230165, 
          -0.02563436836276085, 
          0.15498684555047437, 
          0.0
        ], 
        [
          0.10450475346200053, 
          0.6294120048046271, 
          0.7700120272575524, 
          0.0
        ], 
        [
          -14.64860077441914, 
          10.009144619136535, 
          57.142427691613484, 
          1.0
        ]
      ], 
      "projected_cuboid": [
        [
          274.42628610022024, 
          374.6894611582962
        ], 
        [
          444.53792810399835, 
          384.7082241275355
        ], 
        [
          430.46072772822595, 
          343.19480155751717
        ], 
        [
          240.6034960591648, 
          334.3014208185085
        ], 
        [
          269.5645463941624, 
          386.8113639134136
        ], 
        [
          442.2345780620242, 
          397.6472984109789
        ], 
        [
          427.5934731516031, 
          357.0423642792073
        ], 
        [
          234.5470505874119, 
          347.1992895076142
        ]
      ], 
      "projected_cuboid_centroid": [
        343.73995091294, 
        366.70351468018777
      ], 
      "quaternion_xyzw": [
        0.07567984882354974, 
        -0.42989911483195004, 
        0.8994323205502096, 
        0.021922267884200642
      ], 
      "visibility": 0.7647058823529411
    }, 
    {
      "bounding_box": {
        "bottom_right": [
          474, 
          462
        ], 
        "top_left": [
          423, 
          394
        ]
      }, 
      "class": "061_foam_brick", 
      "cuboid": [
        [
          -4.140945501713588, 
          24.026943340020733, 
          68.03545725752308
        ], 
        [
          -11.707114073295577, 
          24.281618483031068, 
          69.860787057176
        ], 
        [
          -11.075839738170053, 
          20.31217063297032, 
          73.03130875383586
        ], 
        [
          -3.5096711665880638, 
          20.057495489959983, 
          71.20597895418294
        ], 
        [
          -3.0792248586658446, 
          27.341569975535606, 
          71.97392599351207
        ], 
        [
          -10.645393430247834, 
          27.59624511854594, 
          73.79925579316499
        ], 
        [
          -10.01411909512231, 
          23.6267972684852, 
          76.96977748982484
        ], 
        [
          -2.44795052354032, 
          23.372122125474863, 
          75.14444769017192
        ]
      ], 
      "cuboid_centroid": [
        -7.077532298417949, 
        23.826870304252964, 
        72.50261737367396
      ], 
      "location": [
        -7.077532298417949, 
        23.826870304252964, 
        72.50261737367396
      ], 
      "pose_transform_permuted": [
        [
          -0.20200164280278116, 
          -0.630636721661398, 
          -0.7493281401343087, 
          0.0
        ], 
        [
          0.9715911339067402, 
          -0.03270348904261028, 
          -0.23439528646765612, 
          0.0
        ], 
        [
          -0.123312630410645, 
          0.7753888102730166, 
          -0.619327205994217, 
          0.0
        ], 
        [
          -7.077532298417949, 
          23.826870304252964, 
          72.50261737367396, 
          1.0
        ]
      ], 
      "projected_cuboid": [
        [
          448.8663198732804, 
          461.6300859416374
        ], 
        [
          391.479780618191, 
          458.6532249827194
        ], 
        [
          400.04043017930604, 
          421.61851450113477
        ], 
        [
          455.0912209270515, 
          423.51346121558583
        ], 
        [
          458.5901772529479, 
          475.8848331461563
        ], 
        [
          404.02569686338137, 
          472.71426642574784
        ], 
        [
          411.63151775390844, 
          436.9953868547926
        ], 
        [
          464.07854645794475, 
          439.1645344659794
        ]
      ], 
      "projected_cuboid_centroid": [
        429.1018304119222, 
        448.553817967264
      ], 
      "quaternion_xyzw": [
        0.9349208635379341, 
        0.024229093846817946, 
        -0.11669354762792995, 
        0.33424324357397817
      ], 
      "visibility": 0.07622739018087855
    }
  ]
}