{
  "camera_data": {
    "location_worldframe": [
      -9.462698401107568, 
      0.9643160496812506, 
      81.31345160525558
    ], 
    "quaternion_xyzw_worldframe": [
      -0.8287827950693902, 
      -0.11333421345569386, 
      -0.20635660951550822, 
      0.507644512647198
    ]
  }, 
  "objects": [
    {
      "bounding_box": {
        "bottom_right": [
          334, 
          655
        ], 
        "top_left": [
          237, 
          475
        ]
      }, 
      "class": "003_cracker_box", 
      "cuboid": [
        [
          0.6669413443816358, 
          10.313920200412511, 
          79.90864902031282
        ], 
        [
          6.093981189395895, 
          3.2235414381293057, 
          66.14813001792244
        ], 
        [
          25.31845736456611, 
          0.6502369704845922, 
          75.05605722089778
        ], 
        [
          19.891417519551855, 
          7.7406157327678, 
          88.81657622328818
        ], 
        [
          -1.3545079562339677, 
          3.8974419539215654, 
          82.41762235063976
        ], 
        [
          4.07253188878029, 
          -3.192936808361642, 
          68.65710334824936
        ], 
        [
          23.297008063950507, 
          -5.766241276006355, 
          77.56503055122472
        ], 
        [
          17.86996821893625, 
          1.324137486276852, 
          91.32554955361512
        ]
      ], 
      "cuboid_centroid": [
        11.981974704166072, 
        2.2738394622030786, 
        78.73683978576878
      ], 
      "location": [
        11.981974704166072, 
        2.2738394622030786, 
        78.73683978576878
      ], 
      "pose_transform_permuted": [
        [
          0.28153890653829533, 
          0.8936599442754657, 
          -0.3494391908512738, 
          0.0
        ], 
        [
          -0.3308444253591959, 
          0.4322452670661148, 
          0.8388718586933807, 
          0.0
        ], 
        [
          -0.9007096148670586, 
          0.12056505752710989, 
          -0.41735627057649505, 
          0.0
        ], 
        [
          11.981974704166072, 
          2.2738394622030786, 
          78.73683978576878, 
          1.0
        ]
      ], 
      "projected_cuboid": [
        [
          486.08540749923986, 
          342.122836549644
        ], 
        [
          531.1392679330962, 
          299.27635471022614
        ], 
        [
          662.9995549626883, 
          277.9068727405699
        ], 
        [
          602.035044327445, 
          319.76684753208974
        ], 
        [
          472.7590849510697, 
          298.5066554637864
        ], 
        [
          513.4956055255763, 
          248.48421390012584
        ], 
        [
          643.1169263363417, 
          233.63916890378067
        ], 
        [
          586.8231088685145, 
          281.0191873407241
        ]
      ], 
      "projected_cuboid_centroid": [
        563.4326479348822, 
        288.688262478885
      ], 
      "quaternion_xyzw": [
        0.5336571518819898, 
        0.6244434639507727, 
        0.5248738639032793, 
        -0.22313187034936366
      ], 
      "visibility": 0.9803370786516854
    }, 
    {
      "bounding_box": {
        "bottom_right": [
          351, 
          460
        ], 
        "top_left": [
          303, 
          406
        ]
      }, 
      "class": "005_tomato_soup_can", 
      "cuboid": [
        [
          -10.981151794084612, 
          12.177662421588845, 
          84.31990013593914
        ], 
        [
          -4.632838499442812, 
          9.94395213503933, 
          83.62215350123454
        ], 
        [
          -2.6421539806946615, 
          12.592998478034758, 
          93.25356782221714
        ], 
        [
          -8.990467275336462, 
          14.826708764584273, 
          93.95131445692174
        ], 
        [
          -12.913448819290064, 
          6.033333809415134, 
          86.40923035716128
        ], 
        [
          -6.565135524648263, 
          3.79962352286562, 
          85.71148372245668
        ], 
        [
          -4.574451005900112, 
          6.448669865861048, 
          95.34289804343926
        ], 
        [
          -10.922764300541912, 
          8.682380152410563, 
          96.04064467814386
        ]
      ], 
      "cuboid_centroid": [
        -7.777801399992362, 
        9.313166143724946, 
        89.8313990896892
      ], 
      "location": [
        -7.777801399992362, 
        9.313166143724946, 
        89.8313990896892
      ], 
      "pose_transform_permuted": [
        [
          0.28536152529609815, 
          0.9073941334168968, 
          -0.3085521796069569, 
          0.0
        ], 
        [
          -0.9382806674553441, 
          0.33014236715987455, 
          0.1031269484884941, 
          0.0
        ], 
        [
          -0.19544298173060037, 
          -0.26008014386084155, 
          -0.9456005285857109, 
          0.0
        ], 
        [
          -7.777801399992362, 
          9.313166143724946, 
          89.8313990896892, 
          1.0
        ]
      ], 
      "projected_cuboid": [
        [
          411.56296921308166, 
          350.30970613284694
        ], 
        [
          451.80384158356753, 
          336.70638769452233
        ], 
        [
          466.36059748090133, 
          345.3062242628677
        ], 
        [
          430.1369077244108, 
          357.45113092870815
        ], 
        [
          401.2307923514697, 
          310.5244008702694
        ], 
        [
          440.4066299279955, 
          296.9288032347556
        ], 
        [
          455.79572257162096, 
          309.35846358309254
        ], 
        [
          420.4368214254606, 
          321.50032683442487
        ]
      ], 
      "projected_cuboid_centroid": [
        435.03626995413543, 
        328.5778273981344
      ], 
      "quaternion_xyzw": [
        0.1659753619151884, 
        0.7916617003056202, 
        0.5851598799358555, 
        0.057548122113666916
      ], 
      "visibility": 0.8948704926358557
    }, 
    {
      "bounding_box": {
        "bottom_right": [
          346, 
          577
        ], 
        "top_left": [
          290, 
          513
        ]
      }, 
      "class": "010_potted_meat_can", 
      "cuboid": [
        [
          17.328935751004696, 
          10.736646051555937, 
          92.28152202631756
        ], 
        [
          9.565512886812238, 
          9.800267378826511, 
          85.78741060977944
        ], 
        [
          7.669219973278583, 
          2.3797830035584395, 
          89.124296240856
        ], 
        [
          15.43264283747104, 
          3.3161616762878663, 
          95.61840765739412
        ], 
        [
          13.848275442145406, 
          13.329156757808597, 
          96.06868619900101
        ], 
        [
          6.0848525779529465, 
          12.39277808507917, 
          89.57457478246288
        ], 
        [
          4.188559664419292, 
          4.972293709811098, 
          92.91146041353943
        ], 
        [
          11.95198252861175, 
          5.908672382540525, 
          99.40557183007756
        ]
      ], 
      "cuboid_centroid": [
        10.758747707711994, 
        7.854469880683518, 
        92.5964912199285
      ], 
      "location": [
        10.758747707711994, 
        7.854469880683518, 
        92.5964912199285
      ], 
      "pose_transform_permuted": [
        [
          0.6042708245741449, 
          -0.4500808591396281, 
          -0.6574823781568848, 
          0.0
        ], 
        [
          0.7637631415085734, 
          0.0921206443647517, 
          0.6388886736646643, 
          0.0
        ], 
        [
          0.22698407008917754, 
          0.888223403415467, 
          -0.39942135339863344, 
          0.0
        ], 
        [
          10.758747707711994, 
          7.854469880683518, 
          92.5964912199285, 
          1.0
        ]
      ], 
      "projected_cuboid": [
        [
          582.5802118879916, 
          335.3364854805557
        ], 
        [
          541.5591148957682, 
          334.2124299775938
        ], 
        [
          527.8721110522741, 
          287.5271539865886
        ], 
        [
          568.3912358575302, 
          291.78270421401743
        ], 
        [
          559.1156085710255, 
          347.2825569482404
        ], 
        [
          518.1276893033416, 
          347.0721100449145
        ], 
        [
          505.8401136615327, 
          301.82792132551333
        ], 
        [
          546.254874779768, 
          304.9870818658164
        ]
      ], 
      "projected_cuboid_centroid": [
        544.0796461291659, 
        318.52521330928516
      ], 
      "quaternion_xyzw": [
        0.9095972904369445, 
        -0.03706679514723524, 
        0.3416785404125464, 
        0.23348305383863469
      ], 
      "visibility": 0.362432915921288
    }, 
    {
      "bounding_box": {
        "bottom_right": [
          280, 
          566
        ], 
        "top_left": [
          243, 
          427
        ]
      }, 
      "class": "037_scissors", 
      "cuboid": [
        [
          -8.4168053940776, 
          0.10345900213931392, 
          71.72427428973697
        ], 
        [
          10.141590599876157, 
          -1.1642266385892386, 
          79.75161135943466
        ], 
        [
          13.00687745599969, 
          -5.140503434257507, 
          72.49941795388283
        ], 
        [
          -5.551518537954068, 
          -3.872817793528954, 
          64.47208088418512
        ], 
        [
          -8.053865014349693, 
          1.4946573731791832, 
          71.10489475293903
        ], 
        [
          10.504530979604066, 
          0.22697173245063046, 
          79.13223182263674
        ], 
        [
          13.369817835727599, 
          -3.749305063217638, 
          71.88003841708489
        ], 
        [
          -5.18857815822616, 
          -2.4816194224890857, 
          63.852701347387196
        ]
      ], 
      "cuboid_centroid": [
        2.4765062208249984, 
        -1.8229230305391622, 
        71.80215635341092
      ], 
      "location": [
        2.4765062208249984, 
        -1.8229230305391622, 
        71.80215635341092
      ], 
      "pose_transform_permuted": [
        [
          -0.23183671342304676, 
          -0.8886607169562601, 
          0.39564326317279336, 
          0.0
        ], 
        [
          -0.9160206928543413, 
          0.06257147866227183, 
          -0.39621995708871954, 
          0.0
        ], 
        [
          -0.3273491113000533, 
          0.454275868596981, 
          0.828538008754663, 
          0.0
        ], 
        [
          2.4765062208249984, 
          -1.8229230305391622, 
          71.80215635341092, 
          1.0
        ]
      ], 
      "projected_cuboid": [
        [
          418.490747979382, 
          274.05582721360446
        ], 
        [
          549.9816749559919, 
          265.5010543400981
        ], 
        [
          578.0755082181925, 
          235.47201165527977
        ], 
        [
          435.2916470854477, 
          241.2501969324634
        ], 
        [
          420.6859486534623, 
          284.4971592757542
        ], 
        [
          552.9833886302423, 
          274.8162366510433
        ], 
        [
          581.6221541769708, 
          245.46827497642522
        ], 
        [
          437.89914281366055, 
          252.5592044769233
        ]
      ], 
      "projected_cuboid_centroid": [
        500.14492342503854, 
        259.7465469815126
      ], 
      "quaternion_xyzw": [
        -0.18881977386685816, 
        -0.5162608571754976, 
        0.8315557444669772, 
        -0.07960309167472061
      ], 
      "visibility": 0.7951434878587197
    }, 
    {
      "bounding_box": {
        "bottom_right": [
          339, 
          512
        ], 
        "top_left": [
          297, 
          457
        ]
      }, 
      "class": "061_foam_brick", 
      "cuboid": [
        [
          5.446841428926823, 
          8.516594629219085, 
          89.40463948240298
        ], 
        [
          -1.9150852429123997, 
          9.314029396385068, 
          86.99430161601566
        ], 
        [
          -3.077083587778269, 
          4.76694454448245, 
          89.03905356812567
        ], 
        [
          4.284843084060953, 
          3.9695097773164663, 
          91.44939143451299
        ], 
        [
          4.216831633742074, 
          10.870509920476932, 
          93.94024254555049
        ], 
        [
          -3.145095038097148, 
          11.667944687642917, 
          91.52990467916318
        ], 
        [
          -4.307093382963018, 
          7.120859835740297, 
          93.57465663127317
        ], 
        [
          3.0548332888762046, 
          6.323425068574314, 
          95.98499449766051
        ]
      ], 
      "cuboid_centroid": [
        0.5698740229819024, 
        7.8187272324796915, 
        91.48964805683808
      ], 
      "location": [
        0.5698740229819024, 
        7.8187272324796915, 
        91.48964805683808
      ], 
      "pose_transform_permuted": [
        [
          0.2340201265914904, 
          -0.447852981823666, 
          -0.8629381710306678, 
          0.0
        ], 
        [
          0.9453639071294162, 
          -0.10240064602280707, 
          0.3095176744405988, 
          0.0
        ], 
        [
          0.226983839616629, 
          0.8882239663315572, 
          -0.3994202325710726, 
          0.0
        ], 
        [
          0.5698740229819024, 
          7.8187272324796915, 
          91.48964805683808, 
          1.0
        ]
      ], 
      "projected_cuboid": [
        [
          514.3595224723947, 
          324.09001668218804
        ], 
        [
          469.7587772262677, 
          330.3863040931203
        ], 
        [
          463.0125854804947, 
          301.8392322833595
        ], 
        [
          506.79389542679803, 
          296.4361430977055
        ], 
        [
          505.7364609246368, 
          335.0008327559611
        ], 
        [
          463.1187482799363, 
          341.2724429060616
        ], 
        [
          456.84464226428634, 
          313.8711806201126
        ], 
        [
          498.71202996294306, 
          308.4212633563294
        ]
      ], 
      "projected_cuboid_centroid": [
        484.94671304001497, 
        318.8641572762915
      ], 
      "quaternion_xyzw": [
        0.9613175911856136, 
        -0.0856596427287883, 
        0.1413522976214688, 
        0.2203416493579865
      ], 
      "visibility": 0.3391115926327194
    }
  ]
}