{
  "camera_data": {
    "location_worldframe": [
      -12.40117111788496, 
      -1.1142301075154168, 
      69.83047382828721
    ], 
    "quaternion_xyzw_worldframe": [
      -0.830859244143083, 
      -0.07219601367664615, 
      -0.12042321220883441, 
      0.5384820559753198
    ]
  }, 
  "objects": [
    {
      "bounding_box": {
        "bottom_right": [
          333, 
          666
        ], 
        "top_left": [
          220, 
          450
        ]
      }, 
      "class": "003_cracker_box", 
      "cuboid": [
        [
          -2.982502877749213, 
          8.642255767760023, 
          66.98539320987113
        ], 
        [
          -0.1084097657371566, 
          2.3516679182160556, 
          52.11104586359032
        ], 
        [
          20.52949361808792, 
          0.08199619233489971, 
          57.058679775171974
        ], 
        [
          17.655400506075864, 
          6.372584041878867, 
          71.93302712145278
        ], 
        [
          -4.313108041307697, 
          2.0553004754161504, 
          69.51401089752524
        ], 
        [
          -1.4390149292956413, 
          -4.235287374127817, 
          54.63966355124443
        ], 
        [
          19.198888454529435, 
          -6.504959100008972, 
          59.58729746282607
        ], 
        [
          16.32479534251738, 
          -0.21437125046500585, 
          74.46164480910689
        ]
      ], 
      "cuboid_centroid": [
        8.10819278839011, 
        1.068648333875525, 
        63.2863453363486
      ], 
      "location": [
        8.10819278839011, 
        1.068648333875525, 
        63.2863453363486
      ], 
      "pose_transform_permuted": [
        [
          0.18532105785110758, 
          0.91740326599256, 
          -0.35217517383133456, 
          0.0
        ], 
        [
          -0.17521111162395625, 
          0.38348823330749765, 
          0.9067733130602113, 
          0.0
        ], 
        [
          -0.9669318341436712, 
          0.10633918591412372, 
          -0.23180769111200233, 
          0.0
        ], 
        [
          8.10819278839011, 
          1.068648333875525, 
          63.2863453363486, 
          1.0
        ]
      ], 
      "projected_cuboid": [
        [
          457.65330086543526, 
          342.093840929998
        ], 
        [
          480.47832604452867, 
          297.3541906856816
        ], 
        [
          675.0824952716575, 
          274.0529450432527
        ], 
        [
          613.5870533059425, 
          320.53359543113277
        ], 
        [
          448.2306401013746, 
          289.055042469779
        ], 
        [
          467.43427234611653, 
          231.94730654818432
        ], 
        [
          654.8633831265536, 
          215.06570529597192
        ], 
        [
          599.4951837232871, 
          271.7511382970075
        ]
      ], 
      "projected_cuboid_centroid": [
        550.4949381246839, 
        282.2921312251282
      ], 
      "quaternion_xyzw": [
        0.5664148762438851, 
        0.5960384005123259, 
        0.48202051919673133, 
        -0.30260309343700764
      ], 
      "visibility": 0.9883915555315588
    }, 
    {
      "bounding_box": {
        "bottom_right": [
          345, 
          451
        ], 
        "top_left": [
          291, 
          379
        ]
      }, 
      "class": "005_tomato_soup_can", 
      "cuboid": [
        [
          -13.61358785359646, 
          9.897343510130629, 
          73.61969788621221
        ], 
        [
          -7.459674880119086, 
          7.923498367815848, 
          71.61702862584201
        ], 
        [
          -3.7299161773240748, 
          10.222640190078621, 
          80.81198703265369
        ], 
        [
          -9.883829150801448, 
          12.196485332393403, 
          82.81465629302389
        ], 
        [
          -14.94450077407057, 
          3.6034439115238515, 
          75.73330742964235
        ], 
        [
          -8.790587800593197, 
          1.629598769209071, 
          73.73063816927215
        ], 
        [
          -5.0608290977981865, 
          3.928740591471844, 
          82.92559657608382
        ], 
        [
          -11.21474207127556, 
          5.9025857337866245, 
          84.92826583645402
        ]
      ], 
      "cuboid_centroid": [
        -9.337208475697324, 
        6.913042050801237, 
        78.27264723114801
      ], 
      "location": [
        -9.337208475697324, 
        6.913042050801237, 
        78.27264723114801
      ], 
      "pose_transform_permuted": [
        [
          0.19654915164111267, 
          0.929482769000261, 
          -0.31213774866184757, 
          0.0
        ], 
        [
          -0.9095483011353575, 
          0.2917343003767271, 
          0.29599450485508405, 
          0.0
        ], 
        [
          -0.36618316721944416, 
          -0.2257269441403696, 
          -0.9027498184625607, 
          0.0
        ], 
        [
          -9.337208475697324, 
          6.913042050801237, 
          78.27264723114801, 
          1.0
        ]
      ], 
      "projected_cuboid": [
        [
          382.1549644597689, 
          344.98538036846816
        ], 
        [
          425.58322977086465, 
          332.2914552177808
        ], 
        [
          456.7763119004054, 
          340.75096257080173
        ], 
        [
          417.41558344301086, 
          351.83090156135114
        ], 
        [
          375.47976017681145, 
          298.66225799286985
        ], 
        [
          417.4817714224143, 
          285.07399782052556
        ], 
        [
          448.7781096854537, 
          298.5534565342481
        ], 
        [
          410.58555491017654, 
          310.35269648792183
        ]
      ], 
      "projected_cuboid_centroid": [
        417.4467570530341, 
        320.38933615421456
      ], 
      "quaternion_xyzw": [
        0.21027507211298024, 
        0.7822104886054607, 
        0.5855944832475206, 
        -0.0317834376624329
      ], 
      "visibility": 0.9186937687437521
    }, 
    {
      "bounding_box": {
        "bottom_right": [
          347, 
          586
        ], 
        "top_left": [
          281, 
          511
        ]
      }, 
      "class": "010_potted_meat_can", 
      "cuboid": [
        [
          15.72608758159258, 
          9.122711956653136, 
          75.9655960268207
        ], 
        [
          6.888938838001941, 
          8.192111410462616, 
          71.03003046809252
        ], 
        [
          5.866735386806841, 
          0.5714030144302398, 
          74.29717364515213
        ], 
        [
          14.703884130397476, 
          1.5020035606207591, 
          79.23273920388031
        ], 
        [
          12.96857770980005, 
          11.423347117566239, 
          80.4691432489443
        ], 
        [
          4.131428966209412, 
          10.492746571375719, 
          75.53357769021612
        ], 
        [
          3.109225515014312, 
          2.872038175343343, 
          78.80072086727573
        ], 
        [
          11.946374258604948, 
          3.8026387215338624, 
          83.73628642600391
        ]
      ], 
      "cuboid_centroid": [
        9.417656548303444, 
        5.99737506599824, 
        77.38315844704822
      ], 
      "location": [
        9.417656548303444, 
        5.99737506599824, 
        77.38315844704822
      ], 
      "pose_transform_permuted": [
        [
          0.4787260508468014, 
          -0.39940890014195063, 
          -0.7818522785732857, 
          0.0
        ], 
        [
          0.8693959616078959, 
          0.09155219406201928, 
          0.4855594139593304, 
          0.0
        ], 
        [
          0.12235657168549016, 
          0.9121899872899025, 
          -0.3910732622583917, 
          0.0
        ], 
        [
          9.417656548303444, 
          5.99737506599824, 
          77.38315844704822, 
          1.0
        ]
      ], 
      "projected_cuboid": [
        [
          592.9227808174218, 
          337.3329115055093
        ], 
        [
          533.7528038583392, 
          334.79592230701445
        ], 
        [
          524.0605847257125, 
          277.38818011030185
        ], 
        [
          581.3944494282737, 
          283.39660007092834
        ], 
        [
          568.2642582146385, 
          348.99623833592057
        ], 
        [
          511.0109259440085, 
          347.372625240763
        ], 
        [
          502.8155248165234, 
          292.7243576570395
        ], 
        [
          558.318052261617, 
          297.5056881787756
        ]
      ], 
      "projected_cuboid_centroid": [
        547.043826851607, 
        314.6200481987506
      ], 
      "quaternion_xyzw": [
        0.9438535674922096, 
        -0.008159204638415782, 
        0.25541182923327005, 
        0.20937627128449318
      ], 
      "visibility": 0.36728395061728397
    }, 
    {
      "bounding_box": {
        "bottom_right": [
          268, 
          548
        ], 
        "top_left": [
          224, 
          362
        ]
      }, 
      "class": "037_scissors", 
      "cuboid": [
        [
          -13.191467967660294, 
          -1.5216554617743017, 
          60.18706049461326
        ], 
        [
          6.589204390854703, 
          -2.4733798703130296, 
          64.46239099387569
        ], 
        [
          8.11529460044595, 
          -6.027620451461859, 
          56.610424509059385
        ], 
        [
          -11.665377758069049, 
          -5.075896042923131, 
          52.33509400979697
        ], 
        [
          -12.991350320696068, 
          -0.09292037950902124, 
          59.57922940828831
        ], 
        [
          6.789322037818929, 
          -1.044644788047749, 
          63.85455990755074
        ], 
        [
          8.315412247410176, 
          -4.598885369196578, 
          56.002593422734435
        ], 
        [
          -11.465260111104822, 
          -3.647160960657851, 
          51.72726292347202
        ]
      ], 
      "cuboid_centroid": [
        -2.438027860125059, 
        -3.0602704154854403, 
        58.09482695867385
      ], 
      "location": [
        -2.438027860125059, 
        -3.0602704154854403, 
        58.09482695867385
      ], 
      "pose_transform_permuted": [
        [
          -0.12782985901133792, 
          -0.9126381750989265, 
          0.38826641851088894, 
          0.0
        ], 
        [
          -0.9763508228229896, 
          0.046976002257957096, 
          -0.21102530668014435, 
          0.0
        ], 
        [
          -0.17435052717523383, 
          0.4060596910564588, 
          0.8970600082393982, 
          0.0
        ], 
        [
          -2.438027860125059, 
          -3.0602704154854403, 
          58.09482695867385, 
          1.0
        ]
      ], 
      "projected_cuboid": [
        [
          363.7329176238391, 
          259.8030973559175
        ], 
        [
          536.5661289453731, 
          252.82341365232736
        ], 
        [
          558.6873482985659, 
          216.501095113522
        ], 
        [
          361.7306480855829, 
          221.5607349987355
        ], 
        [
          364.3367282973758, 
          272.4547672693931
        ], 
        [
          538.774710030774, 
          264.56156166447136
        ], 
        [
          561.4456837358671, 
          229.49078713758018
        ], 
        [
          362.4025864601434, 
          235.68349746924343
        ]
      ], 
      "projected_cuboid_centroid": [
        459.02907594558206, 
        245.19277769639842
      ], 
      "quaternion_xyzw": [
        -0.10178673188921544, 
        -0.5436047091445848, 
        0.8322675249567199, 
        -0.03826129252246763
      ], 
      "visibility": 0.8253061224489796
    }, 
    {
      "bounding_box": {
        "bottom_right": [
          335, 
          505
        ], 
        "top_left": [
          288, 
          448
        ]
      }, 
      "class": "061_foam_brick", 
      "cuboid": [
        [
          3.5764138332503275, 
          6.607315492418496, 
          75.29748841242923
        ], 
        [
          -4.129773682466947, 
          7.245459384089766, 
          74.37496930385251
        ], 
        [
          -4.756136797970208, 
          2.575669443133298, 
          76.37695894029167
        ], 
        [
          2.950050717747067, 
          1.9375255514620284, 
          77.2994780488684
        ], 
        [
          3.1768794695798186, 
          8.717510717416015, 
          80.09467350847724
        ], 
        [
          -4.529308046137456, 
          9.355654609087285, 
          79.17215439990052
        ], 
        [
          -5.155671161640717, 
          4.685864668130817, 
          81.17414403633968
        ], 
        [
          2.5505163540765583, 
          4.047720776459547, 
          82.0966631449164
        ]
      ], 
      "cuboid_centroid": [
        -0.7896286641951944, 
        5.646590080274656, 
        78.23581622438446
      ], 
      "location": [
        -0.7896286641951944, 
        5.646590080274656, 
        78.23581622438446
      ], 
      "pose_transform_permuted": [
        [
          0.07601490876727476, 
          -0.4014831065735573, 
          -0.9127064417331283, 
          0.0
        ], 
        [
          0.9895713260494037, 
          -0.08194569568979501, 
          0.11846304748207431, 
          0.0
        ], 
        [
          0.12235327664565254, 
          0.912193081586328, 
          -0.3910670755766985, 
          0.0
        ], 
        [
          -0.7896286641951944, 
          5.646590080274656, 
          78.23581622438446, 
          1.0
        ]
      ], 
      "projected_cuboid": [
        [
          507.13931112925155, 
          320.0850543541967
        ], 
        [
          451.73697358211683, 
          325.24145527114314
        ], 
        [
          448.1094928905442, 
          291.2717389223679
        ], 
        [
          502.12024943267016, 
          286.65429085081314
        ], 
        [
          502.92697025023426, 
          331.3330843801821
        ], 
        [
          450.83247881388985, 
          336.3081123497324
        ], 
        [
          447.4416804512792, 
          304.0729838537213
        ], 
        [
          498.30391040691376, 
          299.5815014379161
        ]
      ], 
      "projected_cuboid_centroid": [
        476.16945419452213, 
        311.7783338529507
      ], 
      "quaternion_xyzw": [
        0.9765335182891649, 
        -0.0523020891011935, 
        0.04978783436693093, 
        0.20289886811534175
      ], 
      "visibility": 0.04325913481730365
    }
  ]
}