{
  "camera_data": {
    "location_worldframe": [
      -15.298805237331473, 
      9.241554868526125, 
      75.1124415423972
    ], 
    "quaternion_xyzw_worldframe": [
      -0.8605012298666335, 
      -0.014786048482037684, 
      -0.0026396756402590487, 
      0.5092302792013488
    ]
  }, 
  "objects": [
    {
      "bounding_box": {
        "bottom_right": [
          410, 
          605
        ], 
        "top_left": [
          308, 
          404
        ]
      }, 
      "class": "003_cracker_box", 
      "cuboid": [
        [
          -7.233967714054157, 
          18.803668694459088, 
          69.15245332747695
        ], 
        [
          -8.089131747614676, 
          11.289931727809263, 
          54.59599198005941
        ], 
        [
          13.18684650034639, 
          9.638129177584041, 
          54.198694769205034
        ], 
        [
          14.042010533906907, 
          17.151866144233868, 
          68.75515611662257
        ], 
        [
          -7.665842322307021, 
          12.44542671686503, 
          72.45981493638062
        ], 
        [
          -8.521006355867538, 
          4.931689750215205, 
          57.90335358896308
        ], 
        [
          12.754971892093526, 
          3.2798871999899837, 
          57.5060563781087
        ], 
        [
          13.610135925654044, 
          10.793624166639809, 
          72.06251772552625
        ]
      ], 
      "cuboid_centroid": [
        2.760502089019684, 
        11.041777947224537, 
        63.32925485279283
      ], 
      "location": [
        2.760502089019684, 
        11.041777947224537, 
        63.32925485279283
      ], 
      "pose_transform_permuted": [
        [
          0.06014966832565982, 
          0.8855490431209785, 
          -0.460635332587322, 
          0.0
        ], 
        [
          0.05213270242176349, 
          0.4580541252733106, 
          0.887394275200323, 
          0.0
        ], 
        [
          -0.9968270656129463, 
          0.07739063604611379, 
          0.018614261034513357, 
          0.0
        ], 
        [
          2.760502089019684, 
          11.041777947224537, 
          63.32925485279283, 
          1.0
        ]
      ], 
      "projected_cuboid": [
        [
          425.34212289007087, 
          418.30474438876416
        ], 
        [
          401.9200849256578, 
          383.57195390180317
        ], 
        [
          612.4380715920026, 
          368.12651627662046
        ], 
        [
          591.4257485856257, 
          406.33003056160203
        ], 
        [
          424.70464989702367, 
          364.88751425846675
        ], 
        [
          402.4601913637864, 
          318.7099298731187
        ], 
        [
          600.8743307461866, 
          303.70469190327026
        ], 
        [
          583.1622323862019, 
          353.16788716470523
        ]
      ], 
      "projected_cuboid_centroid": [
        505.03803171302576, 
        366.27352205333824
      ], 
      "quaternion_xyzw": [
        0.6305074684441095, 
        0.5768691346656201, 
        0.3757068674635281, 
        -0.35850618327594014
      ], 
      "visibility": 0.9602735822171559
    }, 
    {
      "bounding_box": {
        "bottom_right": [
          415, 
          449
        ], 
        "top_left": [
          363, 
          373
        ]
      }, 
      "class": "005_tomato_soup_can", 
      "cuboid": [
        [
          -15.834887221825076, 
          20.52551188086309, 
          78.18950575755254
        ], 
        [
          -10.345117775790513, 
          18.44322895141442, 
          74.82737504496616
        ], 
        [
          -4.448932964708548, 
          21.554068723459334, 
          82.52816031590959
        ], 
        [
          -9.938702410743112, 
          23.636351652908004, 
          85.89029102849597
        ], 
        [
          -16.382793208314734, 
          14.42372425347369, 
          81.07391790589627
        ], 
        [
          -10.893023762280169, 
          12.341441324025022, 
          77.71178719330989
        ], 
        [
          -4.996838951198204, 
          15.452281096069937, 
          85.41257246425332
        ], 
        [
          -10.486608397232766, 
          17.534564025518605, 
          88.7747031768397
        ]
      ], 
      "cuboid_centroid": [
        -10.41586308651164, 
        17.988896488466512, 
        81.80103911090293
      ], 
      "location": [
        -10.41586308651164, 
        17.988896488466512, 
        81.80103911090293
      ], 
      "pose_transform_permuted": [
        [
          0.08091472790366043, 
          0.9011116829720134, 
          -0.42596983770983454, 
          0.0
        ], 
        [
          -0.8113878917016971, 
          0.3077614046746895, 
          0.4969228994637471, 
          0.0
        ], 
        [
          -0.5788802441871636, 
          -0.305418460337923, 
          -0.756053719635465, 
          0.0
        ], 
        [
          -10.41586308651164, 
          17.988896488466512, 
          81.80103911090293, 
          1.0
        ]
      ], 
      "projected_cuboid": [
        [
          372.6894543076678, 
          413.2881575673082
        ], 
        [
          407.24951787079215, 
          404.7375633687014
        ], 
        [
          452.6072545171309, 
          412.57483549388485
        ], 
        [
          419.370285656061, 
          420.05201124119264
        ], 
        [
          372.92985619013575, 
          368.1685272244724
        ], 
        [
          406.21756187541797, 
          357.9832433382103
        ], 
        [
          450.1365930533544, 
          369.77121085144387
        ], 
        [
          418.07310942869515, 
          378.6265283450082
        ]
      ], 
      "projected_cuboid_centroid": [
        413.12267754152373, 
        390.56904296197547
      ], 
      "quaternion_xyzw": [
        0.27801233423499416, 
        0.79730423768933, 
        0.5196151369426164, 
        -0.13044210474966283
      ], 
      "visibility": 0.5091258405379443
    }, 
    {
      "bounding_box": {
        "bottom_right": [
          428, 
          572
        ], 
        "top_left": [
          359, 
          498
        ]
      }, 
      "class": "010_potted_meat_can", 
      "cuboid": [
        [
          13.130730203575814, 
          20.21932769839423, 
          72.91542957698209
        ], 
        [
          3.3545971014364566, 
          18.7901633832215, 
          70.52676182969878
        ], 
        [
          3.4424529402137964, 
          11.4679373658037, 
          74.54815566689547
        ], 
        [
          13.218586042353152, 
          12.897101680976428, 
          76.93682341417876
        ], 
        [
          11.554510855920979, 
          22.871762050155812, 
          77.77946545228501
        ], 
        [
          1.778377753781623, 
          21.442597734983085, 
          75.39079770500172
        ], 
        [
          1.8662335925589628, 
          14.120371717565284, 
          79.41219154219839
        ], 
        [
          11.64236669469832, 
          15.549536032738013, 
          81.80085928948169
        ]
      ], 
      "cuboid_centroid": [
        7.498481898067388, 
        17.169849707979758, 
        76.16381055959025
      ], 
      "location": [
        7.498481898067388, 
        17.169849707979758, 
        76.16381055959025
      ], 
      "pose_transform_permuted": [
        [
          0.2736444468576297, 
          -0.46048408940918417, 
          -0.8444360288898105, 
          0.0
        ], 
        [
          0.9617729525380664, 
          0.14060074353579785, 
          0.23499639458001687, 
          0.0
        ], 
        [
          -0.010516242361323036, 
          0.8764619915439368, 
          -0.4813561945435363, 
          0.0
        ], 
        [
          7.498481898067388, 
          17.169849707979758, 
          76.16381055959025, 
          1.0
        ]
      ], 
      "projected_cuboid": [
        [
          578.438495850091, 
          421.17517393500424
        ], 
        [
          507.1757511413825, 
          415.37674378806986
        ], 
        [
          506.4297065889149, 
          355.32848148828435
        ], 
        [
          573.9907971716185, 
          362.688161123399
        ], 
        [
          561.4844808588463, 
          430.114031357071
        ], 
        [
          494.28227201602715, 
          424.97291926731765
        ], 
        [
          494.2348424228637, 
          368.1166970840444
        ], 
        [
          558.1347234259337, 
          374.6653272449714
        ]
      ], 
      "projected_cuboid_centroid": [
        534.5410292883034, 
        393.51446541957944
      ], 
      "quaternion_xyzw": [
        0.9595143267523176, 
        0.03937330107633952, 
        0.13252559843458792, 
        0.24539505500157072
      ], 
      "visibility": 0.34857391682995864
    }, 
    {
      "bounding_box": {
        "bottom_right": [
          347, 
          494
        ], 
        "top_left": [
          310, 
          311
        ]
      }, 
      "class": "037_scissors", 
      "cuboid": [
        [
          -18.529507354961044, 
          8.003593244004255, 
          66.06719067549206
        ], 
        [
          1.7049731011583664, 
          7.599691331479344, 
          65.13880869665388
        ], 
        [
          1.2693530145723915, 
          3.4007459510183677, 
          57.47108100539866
        ], 
        [
          -18.96512744154702, 
          3.8046478635432797, 
          58.39946298423685
        ], 
        [
          -18.53657943457975, 
          9.376846215711891, 
          65.31558180193412
        ], 
        [
          1.6979010215396606, 
          8.97294430318698, 
          64.38719982309593
        ], 
        [
          1.2622809349536857, 
          4.773998922726003, 
          56.71947213184071
        ], 
        [
          -18.972199521165724, 
          5.177900835250915, 
          57.647854110678885
        ]
      ], 
      "cuboid_centroid": [
        -8.633613210003679, 
        6.388796083365129, 
        61.39333140366639
      ], 
      "location": [
        -8.633613210003679, 
        6.388796083365129, 
        61.39333140366639
      ], 
      "pose_transform_permuted": [
        [
          0.004517457377148455, 
          -0.8771976705865827, 
          0.4801078655285176, 
          0.0
        ], 
        [
          -0.998750259074158, 
          0.019936125399889194, 
          0.04582384726384205, 
          0.0
        ], 
        [
          0.049768087932841466, 
          0.47971498412237984, 
          0.8760113634203568, 
          0.0
        ], 
        [
          -8.633613210003679, 
          6.388796083365129, 
          61.39333140366639, 
          1.0
        ]
      ], 
      "projected_cuboid": [
        [
          330.77330587552404, 
          337.8945978841118
        ], 
        [
          495.6727515419704, 
          335.5084958930194
        ], 
        [
          493.47456236834313, 
          304.84474745547845
        ], 
        [
          306.9591082304642, 
          308.0316042716096
        ], 
        [
          328.9794982494037, 
          349.8510510311424
        ], 
        [
          495.7779944766766, 
          347.6094923689784
        ], 
        [
          493.56490381874175, 
          318.1753040406391
        ], 
        [
          304.616218749302, 
          321.18903075862954
        ]
      ], 
      "projected_cuboid_centroid": [
        405.9724626221046, 
        328.78556346585873
      ], 
      "quaternion_xyzw": [
        0.014633672053009729, 
        -0.509638878590786, 
        0.8600251607838366, 
        0.020262259905629236
      ], 
      "visibility": 0.7749917518970637
    }
  ]
}