{
  "camera_data": {
    "location_worldframe": [
      -15.960581455142254, 
      7.374930267206622, 
      73.5918883070602
    ], 
    "quaternion_xyzw_worldframe": [
      -0.8552770756834965, 
      -0.0254243786756894, 
      -0.023660797381307698, 
      0.5170116355878089
    ]
  }, 
  "objects": [
    {
      "bounding_box": {
        "bottom_right": [
          398, 
          608
        ], 
        "top_left": [
          293, 
          404
        ]
      }, 
      "class": "003_cracker_box", 
      "cuboid": [
        [
          -7.602055725741902, 
          17.02252118159893, 
          68.20159482129547
        ], 
        [
          -7.7931574404339345, 
          9.792680513908333, 
          53.478449785617634
        ], 
        [
          13.473990392372462, 
          8.0776154398555, 
          54.04459640595356
        ], 
        [
          13.665092107064494, 
          15.307456107546097, 
          68.7677414416314
        ], 
        [
          -8.203837884221729, 
          10.603404323403074, 
          71.3615306639201
        ], 
        [
          -8.394939598913762, 
          3.373563655712479, 
          56.63838562824226
        ], 
        [
          12.872208233892636, 
          1.6584985816596454, 
          57.20453224857819
        ], 
        [
          13.063309948584667, 
          8.888339249350242, 
          71.92767728425603
        ]
      ], 
      "cuboid_centroid": [
        2.6350762540753663, 
        9.340509881629288, 
        62.70306353493683
      ], 
      "location": [
        2.6350762540753663, 
        9.340509881629288, 
        62.70306353493683
      ], 
      "pose_transform_permuted": [
        [
          0.08381367310130872, 
          0.8940274389506734, 
          -0.4401024955673017, 
          0.0
        ], 
        [
          0.011649985772727689, 
          0.44074717515444295, 
          0.8975556837460692, 
          0.0
        ], 
        [
          -0.9964133409548279, 
          0.08035462647961555, 
          -0.026525232714516178, 
          0.0
        ], 
        [
          2.6350762540753663, 
          9.340509881629288, 
          62.70306353493683, 
          1.0
        ]
      ], 
      "projected_cuboid": [
        [
          421.6554791557857, 
          406.39843844182815
        ], 
        [
          403.23130357802097, 
          370.9450959752077
        ], 
        [
          615.6683304710724, 
          352.9975689796421
        ], 
        [
          588.4581449829873, 
          392.0015915740607
        ], 
        [
          419.7748410639958, 
          352.53095890879604
        ], 
        [
          401.889704603524, 
          305.0527605301365
        ], 
        [
          602.6051456798962, 
          288.74877038667694
        ], 
        [
          579.2643136204881, 
          339.1905899754066
        ]
      ], 
      "projected_cuboid_centroid": [
        504.1964305104234, 
        352.7320475919971
      ], 
      "quaternion_xyzw": [
        0.6188915712424199, 
        0.5805380873196345, 
        0.39642216926516183, 
        -0.35042576379520474
      ], 
      "visibility": 0.9679240011176307
    }, 
    {
      "bounding_box": {
        "bottom_right": [
          403, 
          442
        ], 
        "top_left": [
          351, 
          365
        ]
      }, 
      "class": "005_tomato_soup_can", 
      "cuboid": [
        [
          -16.612527403464934, 
          18.59943199219652, 
          76.85817496491575
        ], 
        [
          -10.976480560007525, 
          16.5637179878981, 
          73.71679976152765
        ], 
        [
          -5.439708122985102, 
          19.50631427944994, 
          81.74361053845043
        ], 
        [
          -11.075754966442512, 
          21.54202828374836, 
          84.88498574183852
        ], 
        [
          -17.309818705181442, 
          12.445244881649803, 
          79.59525598495108
        ], 
        [
          -11.673771861724031, 
          10.409530877351383, 
          76.45388078156297
        ], 
        [
          -6.1369994247016075, 
          13.35212716890322, 
          84.48069155848576
        ], 
        [
          -11.773046268159018, 
          15.387841173201638, 
          87.62206676187385
        ]
      ], 
      "cuboid_centroid": [
        -11.374763414083272, 
        15.97577958054987, 
        80.66943326170075
      ], 
      "location": [
        -11.374763414083272, 
        15.97577958054987, 
        80.66943326170075
      ], 
      "pose_transform_permuted": [
        [
          0.10297594357284032, 
          0.9088500359495583, 
          -0.40421198425911437, 
          0.0
        ], 
        [
          -0.8330076901768895, 
          0.3008785178125154, 
          0.4642952365080087, 
          0.0
        ], 
        [
          -0.5435935750060298, 
          -0.28890052031547303, 
          -0.7880625067680944, 
          0.0
        ], 
        [
          -11.374763414083272, 
          15.97577958054987, 
          80.66943326170075, 
          1.0
        ]
      ], 
      "projected_cuboid": [
        [
          365.3619452962, 
          402.3481676887025
        ], 
        [
          401.5236488461146, 
          393.120214994643
        ], 
        [
          445.8110391453093, 
          400.55152336923146
        ], 
        [
          411.4298606286126, 
          408.6318578226925
        ], 
        [
          364.6479175558747, 
          356.67458329407555
        ], 
        [
          399.48567861337614, 
          345.9003361531428
        ], 
        [
          442.53184121837006, 
          357.5774068746873
        ], 
        [
          409.34220344109593, 
          366.94601605216434
        ]
      ], 
      "projected_cuboid_centroid": [
        405.76985391415036, 
        378.90518140356613
      ], 
      "quaternion_xyzw": [
        0.2656613045842604, 
        0.79468864889834, 
        0.5338293635721507, 
        -0.11366693529474016
      ], 
      "visibility": 0.5703001579778831
    }, 
    {
      "bounding_box": {
        "bottom_right": [
          414, 
          568
        ], 
        "top_left": [
          345, 
          493
        ]
      }, 
      "class": "010_potted_meat_can", 
      "cuboid": [
        [
          12.567550992608334, 
          18.297494381864656, 
          72.93938829935037
        ], 
        [
          2.9105068329439034, 
          16.94727763410418, 
          70.06894660689645
        ], 
        [
          2.792008613470213, 
          9.548926876810011, 
          73.94769448945173
        ], 
        [
          12.449052773134643, 
          10.899143624570492, 
          76.81813618190566
        ], 
        [
          10.771826031509226, 
          20.861312091822555, 
          77.77477153470535
        ], 
        [
          1.1147818718447964, 
          19.51109534406207, 
          74.90432984225143
        ], 
        [
          0.9962836523711056, 
          12.112744586767906, 
          78.78307772480672
        ], 
        [
          10.653327812035535, 
          13.462961334528387, 
          81.65351941726064
        ]
      ], 
      "cuboid_centroid": [
        6.781917322489719, 
        15.205119484316281, 
        75.86123301207854
      ], 
      "location": [
        6.781917322489719, 
        15.205119484316281, 
        75.86123301207854
      ], 
      "pose_transform_permuted": [
        [
          0.31175239944841104, 
          -0.44509952255633417, 
          -0.8394616984952303, 
          0.0
        ], 
        [
          0.950057019190792, 
          0.132833906258474, 
          0.2823931663773719, 
          0.0
        ], 
        [
          0.014184099915417192, 
          0.8855740349251559, 
          -0.4642816386375494, 
          0.0
        ], 
        [
          6.781917322489719, 
          15.205119484316281, 
          75.86123301207854, 
          1.0
        ]
      ], 
      "projected_cuboid": [
        [
          574.2545052898084, 
          407.074499525107
        ], 
        [
          503.9345798656929, 
          402.27827371300293
        ], 
        [
          501.90117433228784, 
          342.15453632583933
        ], 
        [
          568.7464451619801, 
          348.9552149851811
        ], 
        [
          556.0775250727668, 
          416.33737631465164
        ], 
        [
          489.60047264752177, 
          412.20573341408857
        ], 
        [
          488.39758408473136, 
          355.283384012744
        ], 
        [
          551.7590952979567, 
          361.21980746476066
        ]
      ], 
      "projected_cuboid_centroid": [
        529.6726271160433, 
        380.18155752523677
      ], 
      "quaternion_xyzw": [
        0.958526571438056, 
        0.030945883473279506, 
        0.15496324868031558, 
        0.2371820428070031
      ], 
      "visibility": 0.34169210641081554
    }, 
    {
      "bounding_box": {
        "bottom_right": [
          334, 
          494
        ], 
        "top_left": [
          297, 
          306
        ]
      }, 
      "class": "037_scissors", 
      "cuboid": [
        [
          -18.76722520077801, 
          6.321746229468106, 
          64.38318982502204
        ], 
        [
          1.4874822793540354, 
          5.867952994409833, 
          64.39440484840873
        ], 
        [
          1.4010535476897705, 
          1.8185149703405366, 
          56.634924396810284
        ], 
        [
          -18.853653932442274, 
          2.27230820539881, 
          56.623709373423594
        ], 
        [
          -18.735738182682667, 
          7.709195727479246, 
          63.658771371650545
        ], 
        [
          1.518969297449377, 
          7.2554024924209735, 
          63.669986395037235
        ], 
        [
          1.432540565785112, 
          3.2059644683516764, 
          55.91050594343878
        ], 
        [
          -18.822166914346933, 
          3.6597577034099493, 
          55.8992909200521
        ]
      ], 
      "cuboid_centroid": [
        -8.667342317496448, 
        4.763855348909892, 
        60.14684788423041
      ], 
      "location": [
        -8.667342317496448, 
        4.763855348909892, 
        60.14684788423041
      ], 
      "pose_transform_permuted": [
        [
          -0.020113074208465205, 
          -0.8862660360373925, 
          0.4627393444029617, 
          0.0
        ], 
        [
          -0.9997486412919139, 
          0.02239870265329614, 
          -0.0005535604206522842, 
          0.0
        ], 
        [
          0.009874183605953142, 
          0.4626342858519632, 
          0.8864937988852367, 
          0.0
        ], 
        [
          -8.667342317496448, 
          4.763855348909892, 
          60.14684788423041, 
          1.0
        ]
      ], 
      "projected_cuboid": [
        [
          324.84282230555414, 
          325.6528633091589
        ], 
        [
          494.0191801445645, 
          321.8853914441498
        ], 
        [
          494.90045378046807, 
          290.4111242027798
        ], 
        [
          302.54103759812506, 
          294.6886410642202
        ], 
        [
          323.32499402224784, 
          337.87253239154705
        ], 
        [
          494.4264582561609, 
          334.0600429259635
        ], 
        [
          495.37567399642427, 
          303.86761760272367
        ], 
        [
          300.5235002341021, 
          308.2032680644966
        ]
      ], 
      "projected_cuboid_centroid": [
        404.10365103897294, 
        315.5274440029522
      ], 
      "quaternion_xyzw": [
        -0.006041819598380512, 
        -0.5182602444021972, 
        0.8551494418443537, 
        0.009434867369393456
      ], 
      "visibility": 0.783271144278607
    }
  ]
}