{
  "camera_data": {
    "location_worldframe": [
      -12.70166270362168, 
      -0.8950219207661327, 
      69.7597610092566
    ], 
    "quaternion_xyzw_worldframe": [
      -0.8314411655668333, 
      -0.06828570249129923, 
      -0.11413296143150727, 
      0.5394615113135042
    ]
  }, 
  "objects": [
    {
      "bounding_box": {
        "bottom_right": [
          335, 
          663
        ], 
        "top_left": [
          221, 
          447
        ]
      }, 
      "class": "003_cracker_box", 
      "cuboid": [
        [
          -3.330574379085373, 
          8.868523930728118, 
          66.78440781892847
        ], 
        [
          -0.6765201332877322, 
          2.5944587134500776, 
          51.86226931947534
        ], 
        [
          20.033968303387024, 
          0.3285764200311193, 
          56.49853864870191
        ], 
        [
          17.379914057589378, 
          6.60264163730916, 
          71.42067714815504
        ], 
        [
          -4.620505814831017, 
          2.278402605149078, 
          69.32581989495357
        ], 
        [
          -1.966451569033377, 
          -3.9956626121289625, 
          54.403681395500435
        ], 
        [
          18.744036867641377, 
          -6.261544905547921, 
          59.03995072472701
        ], 
        [
          16.089982621843735, 
          0.012520311730119908, 
          73.96208922418013
        ]
      ], 
      "cuboid_centroid": [
        7.706731244278002, 
        1.3034895125900987, 
        62.91217927182774
      ], 
      "location": [
        7.706731244278002, 
        1.3034895125900987, 
        62.91217927182774
      ], 
      "pose_transform_permuted": [
        [
          0.17965619311778186, 
          0.9178442177071646, 
          -0.35395712211502234, 
          0.0
        ], 
        [
          -0.16179705270263173, 
          0.3824809768779242, 
          0.9096867681038623, 
          0.0
        ], 
        [
          -0.9703326058683011, 
          0.10616164254584204, 
          -0.2172195655110299, 
          0.0
        ], 
        [
          7.706731244278002, 
          1.3034895125900987, 
          62.91217927182774, 
          1.0
        ]
      ], 
      "projected_cuboid": [
        [
          454.7784879719836, 
          344.10782157959136
        ], 
        [
          474.5821777486075, 
          299.9663508351382
        ], 
        [
          672.2842540534564, 
          276.3881445638719
        ], 
        [
          612.4596258194132, 
          322.5904402467911
        ], 
        [
          445.75556337302356, 
          290.8141594291927
        ], 
        [
          462.1592871521392, 
          234.11703576886273
        ], 
        [
          652.3266929150404, 
          216.7247611160691
        ], 
        [
          598.584214722662, 
          273.37681838729077
        ]
      ], 
      "projected_cuboid_centroid": [
        547.473069693612, 
        284.3364887472294
      ], 
      "quaternion_xyzw": [
        0.5697196047088058, 
        0.5936313107206803, 
        0.4780171474783751, 
        -0.307442751840283
      ], 
      "visibility": 0.9886936019719216
    }, 
    {
      "bounding_box": {
        "bottom_right": [
          347, 
          450
        ], 
        "top_left": [
          293, 
          377
        ]
      }, 
      "class": "005_tomato_soup_can", 
      "cuboid": [
        [
          -13.861885054310537, 
          10.112136773083579, 
          73.57813143570796
        ], 
        [
          -7.7377675839132065, 
          8.143018868630925, 
          71.48166927660688
        ], 
        [
          -3.8719587040285477, 
          10.434308382735768, 
          80.62223420825677
        ], 
        [
          -9.996076174425877, 
          12.403426287188422, 
          82.71869636735785
        ], 
        [
          -15.158431538858522, 
          3.8154890305678695, 
          75.70487568017755
        ], 
        [
          -9.03431406846119, 
          1.8463711261152163, 
          73.60841352107647
        ], 
        [
          -5.168505188576531, 
          4.13766064022006, 
          82.74897845272636
        ], 
        [
          -11.292622658973862, 
          6.106778544672714, 
          84.84544061182744
        ]
      ], 
      "cuboid_centroid": [
        -9.515195121443535, 
        7.12489870665182, 
        78.16355494421717
      ], 
      "location": [
        -9.515195121443535, 
        7.12489870665182, 
        78.16355494421717
      ], 
      "pose_transform_permuted": [
        [
          0.19147391815115386, 
          0.9298886147513833, 
          -0.3140774806357807, 
          0.0
        ], 
        [
          -0.9051445259560972, 
          0.2910356146486235, 
          0.3098570947335738, 
          0.0
        ], 
        [
          -0.37954040791979304, 
          -0.2249560140882194, 
          -0.8974095333133131, 
          0.0
        ], 
        [
          -9.515195121443535, 
          7.12489870665182, 
          78.16355494421717, 
          1.0
        ]
      ], 
      "projected_cuboid": [
        [
          380.28404503150745, 
          346.5827805409913
        ], 
        [
          423.38504038666656, 
          334.0410149364698
        ], 
        [
          455.77044584562594, 
          342.30994141361055
        ], 
        [
          416.61139691770035, 
          353.2562477070317
        ], 
        [
          373.920265265881, 
          300.1655864059127
        ], 
        [
          415.5947087875338, 
          286.66416469902583
        ], 
        [
          448.0083025963667, 
          299.9538816660039
        ], 
        [
          410.0226145562398, 
          311.67239070938183
        ]
      ], 
      "projected_cuboid_centroid": [
        416.13267764526785, 
        321.90060128856106
      ], 
      "quaternion_xyzw": [
        0.21446262019781492, 
        0.7816933575066533, 
        0.5844037596446967, 
        -0.0378611304054136
      ], 
      "visibility": 0.9058281198551202
    }, 
    {
      "bounding_box": {
        "bottom_right": [
          349, 
          585
        ], 
        "top_left": [
          282, 
          509
        ]
      }, 
      "class": "010_potted_meat_can", 
      "cuboid": [
        [
          15.509897956479596, 
          9.3477948681503, 
          75.48452770124476
        ], 
        [
          6.600368906241819, 
          8.418426323220393, 
          70.68061378776926
        ], 
        [
          5.630316439933807, 
          0.7939061153515399, 
          73.9547565312687
        ], 
        [
          14.539845490171585, 
          1.723274660281446, 
          78.7586704447442
        ], 
        [
          12.819030740416581, 
          11.642578697229172, 
          80.03116615419829
        ], 
        [
          3.909501690178805, 
          10.713210152299267, 
          75.22725224072279
        ], 
        [
          2.9394492238707937, 
          3.088689944430414, 
          78.50139498422222
        ], 
        [
          11.848978274108571, 
          4.018058489360319, 
          83.30530889769771
        ]
      ], 
      "cuboid_centroid": [
        9.224673590175195, 
        6.218242406290356, 
        76.9929613427335
      ], 
      "location": [
        9.224673590175195, 
        6.218242406290356, 
        76.9929613427335
      ], 
      "pose_transform_permuted": [
        [
          0.46715634597586464, 
          -0.3983930615370379, 
          -0.7893332653042314, 
          0.0
        ], 
        [
          0.8765167138012552, 
          0.09143099015884289, 
          0.4726075657962303, 
          0.0
        ], 
        [
          0.1161141590685637, 
          0.9126462567611865, 
          -0.3919111022714144, 
          0.0
        ], 
        [
          9.224673590175195, 
          6.218242406290356, 
          76.9929613427335, 
          1.0
        ]
      ], 
      "projected_cuboid": [
        [
          592.0920976350072, 
          339.3313582177428
        ], 
        [
          531.8150951303122, 
          336.8076561078006
        ], 
        [
          522.5380678034023, 
          279.01173671611417
        ], 
        [
          580.8751001583167, 
          284.95580713390905
        ], 
        [
          567.733680722646, 
          350.87150289223075
        ], 
        [
          509.5442461514251, 
          349.23726863641195
        ], 
        [
          501.7333994926747, 
          294.27035405297914
        ], 
        [
          558.0862418702626, 
          299.0100999855629
        ]
      ], 
      "projected_cuboid_centroid": [
        546.0276020666678, 
        316.3594421839037
      ], 
      "quaternion_xyzw": [
        0.9458456845419702, 
        -0.006524100419634981, 
        0.2483925039598768, 
        0.20888824063070086
      ], 
      "visibility": 0.36452971455311184
    }, 
    {
      "bounding_box": {
        "bottom_right": [
          270, 
          545
        ], 
        "top_left": [
          226, 
          357
        ]
      }, 
      "class": "037_scissors", 
      "cuboid": [
        [
          -13.635832987054531, 
          -1.2928730225797727, 
          60.12881214228722
        ], 
        [
          6.206928426107671, 
          -2.2404474737979183, 
          64.10702170720093
        ], 
        [
          7.616965589128849, 
          -5.785940958961798, 
          56.22944427116556
        ], 
        [
          -12.225795824033353, 
          -4.838366507743652, 
          52.25123470625186
        ], 
        [
          -13.445418642943796, 
          0.13657356369401533, 
          59.51953841728987
        ], 
        [
          6.3973427702184065, 
          -0.8110008875241301, 
          63.49774798220358
        ], 
        [
          7.8073799332395835, 
          -4.35649437268801, 
          55.620170546168225
        ], 
        [
          -12.035381479922618, 
          -3.408919921469864, 
          51.641960981254506
        ]
      ], 
      "cuboid_centroid": [
        -2.9142265269074734, 
        -2.8246836976338914, 
        57.87449134422772
      ], 
      "location": [
        -2.9142265269074734, 
        -2.8246836976338914, 
        57.87449134422772
      ], 
      "pose_transform_permuted": [
        [
          -0.12163164583762492, 
          -0.9130926650375865, 
          0.3891879379315589, 
          0.0
        ], 
        [
          -0.9794154658489889, 
          0.04677116522455431, 
          -0.19635976531372967, 
          0.0
        ], 
        [
          -0.16109186807198003, 
          0.40506036559938974, 
          0.8999859708190938, 
          0.0
        ], 
        [
          -2.9142265269074734, 
          -2.8246836976338914, 
          57.87449134422772, 
          1.0
        ]
      ], 
      "projected_cuboid": [
        [
          359.6445463075604, 
          261.819248392148
        ], 
        [
          533.6641076348646, 
          254.64779169401362
        ], 
        [
          554.443779088055, 
          218.40860595697217
        ], 
        [
          355.77050978137225, 
          223.90214307391494
        ], 
        [
          360.11658482889186, 
          274.51029337333415
        ], 
        [
          535.7763252413018, 
          266.4749160101015
        ], 
        [
          557.0827779916233, 
          231.5138547962797
        ], 
        [
          356.2688480657973, 
          238.08176037351194
        ]
      ], 
      "projected_cuboid_centroid": [
        454.5183660469432, 
        247.25677776717666
      ], 
      "quaternion_xyzw": [
        -0.09546814575644878, 
        -0.5443268258383321, 
        0.8327160034159212, 
        -0.034321636181623066
      ], 
      "visibility": 0.8204920248715869
    }, 
    {
      "bounding_box": {
        "bottom_right": [
          336, 
          504
        ], 
        "top_left": [
          289, 
          447
        ]
      }, 
      "class": "061_foam_brick", 
      "cuboid": [
        [
          3.3526710752305537, 
          6.827797080096445, 
          74.99542317381007
        ], 
        [
          -4.366704528965613, 
          7.463567735184016, 
          74.18880609301281
        ], 
        [
          -4.96114468628766, 
          2.791454839307358, 
          76.19510450976864
        ], 
        [
          2.758230917908508, 
          2.1556841842197874, 
          77.0017215905659
        ], 
        [
          3.023982112882352, 
          8.932892298179302, 
          79.80022016535261
        ], 
        [
          -4.695393491313816, 
          9.568662953266873, 
          78.99360308455535
        ], 
        [
          -5.289833648635861, 
          4.896550057390216, 
          80.99990150131117
        ], 
        [
          2.4295419555603064, 
          4.260779402302645, 
          81.80651858210844
        ]
      ], 
      "cuboid_centroid": [
        -0.9685812867026534, 
        5.862173568743331, 
        77.99766233756063
      ], 
      "location": [
        -0.9685812867026534, 
        5.862173568743331, 
        77.99766233756063
      ], 
      "pose_transform_permuted": [
        [
          0.06253595124126504, 
          -0.4005127856310259, 
          -0.9141546714579681, 
          0.0
        ], 
        [
          0.9912648423539961, 
          -0.08164094228632929, 
          0.10357977049360051, 
          0.0
        ], 
        [
          0.11611747118869242, 
          0.9126468457671213, 
          -0.39190874932318986, 
          0.0
        ], 
        [
          -0.9685812867026534, 
          5.862173568743331, 
          77.99766233756063, 
          1.0
        ]
      ], 
      "projected_cuboid": [
        [
          505.63781442022577, 
          321.8414729178628
        ], 
        [
          449.94463128375435, 
          326.93973774458436
        ], 
        [
          446.5826791855915, 
          292.8250311814756
        ], 
        [
          500.85998050914316, 
          288.21696507876374
        ], 
        [
          501.9753182873714, 
          332.9867040600017
        ], 
        [
          449.6322824604379, 
          337.88867205903915
        ], 
        [
          446.47749311143446, 
          305.52640478598596
        ], 
        [
          497.5679265209983, 
          301.0637510227103
        ]
      ], 
      "projected_cuboid_centroid": [
        474.9190719913878, 
        313.3699439510722
      ], 
      "quaternion_xyzw": [
        0.9769936488507851, 
        -0.05060381244740953, 
        0.042506858138295876, 
        0.20277039054612142
      ], 
      "visibility": 0.03860679815358791
    }
  ]
}