{
  "camera_data": {
    "location_worldframe": [
      -21.524831066496894, 
      10.225461490901635, 
      79.8367393987425
    ], 
    "quaternion_xyzw_worldframe": [
      0.941901136414235, 
      0.04006569466619154, 
      -0.12261563552976523, 
      -0.3101334145538489
    ]
  }, 
  "objects": [
    {
      "bounding_box": {
        "bottom_right": [
          416, 
          523
        ], 
        "top_left": [
          275, 
          325
        ]
      }, 
      "class": "003_cracker_box", 
      "cuboid": [
        [
          -16.491287986421668, 
          17.190781674108546, 
          68.96731063311469
        ], 
        [
          -17.87831207860543, 
          4.090590952186194, 
          59.19289080868943
        ], 
        [
          3.014120911270521, 
          5.055407752978584, 
          54.93508392593308
        ], 
        [
          4.401145003454282, 
          18.155598474900934, 
          64.70950375035834
        ], 
        [
          -15.15401383702246, 
          12.881777546335925, 
          74.55270039669698
        ], 
        [
          -16.54103792920622, 
          -0.2184131755864252, 
          64.77828057227171
        ], 
        [
          4.35139506066973, 
          0.7464036252059658, 
          60.52047368951536
        ], 
        [
          5.738419152853491, 
          13.846594347128319, 
          70.29489351394064
        ]
      ], 
      "cuboid_centroid": [
        -6.069946462875969, 
        8.968592649657255, 
        64.74389216131503
      ], 
      "location": [
        -6.069946462875969, 
        8.968592649657255, 
        64.74389216131503
      ], 
      "pose_transform_permuted": [
        [
          -0.18624988598483583, 
          0.6001398650130159, 
          -0.7779094564233007, 
          0.0
        ], 
        [
          0.08455607510592933, 
          0.7986167773343266, 
          0.5958703828206395, 
          0.0
        ], 
        [
          -0.9788571142579066, 
          -0.04520382043914323, 
          0.19948775522419793, 
          0.0
        ], 
        [
          -6.069946462875969, 
          8.968592649657255, 
          64.74389216131503, 
          1.0
        ]
      ], 
      "projected_cuboid": [
        [
          353.0083042921824, 
          406.2216986054834
        ], 
        [
          319.173629327979, 
          310.1421845251136
        ], 
        [
          511.10254458580124, 
          322.3653372277208
        ], 
        [
          518.1724913128716, 
          422.92045030769424
        ], 
        [
          372.2880390653958, 
          365.4375156785445
        ], 
        [
          344.27982423014055, 
          271.4883423094634
        ], 
        [
          520.262062102167, 
          279.8640091412692
        ], 
        [
          525.4966354297882, 
          378.33911799687996
        ]
      ], 
      "projected_cuboid_centroid": [
        431.1799766392141, 
        347.16418008595116
      ], 
      "quaternion_xyzw": [
        0.6740292484547845, 
        0.65927179557382, 
        0.1519297930226547, 
        -0.2965849115859453
      ], 
      "visibility": 0.979261290599023
    }, 
    {
      "bounding_box": {
        "bottom_right": [
          450, 
          402
        ], 
        "top_left": [
          377, 
          324
        ]
      }, 
      "class": "005_tomato_soup_can", 
      "cuboid": [
        [
          -23.88433257906754, 
          21.572273127798137, 
          78.17362160134152
        ], 
        [
          -18.6239164110646, 
          18.93486609589303, 
          74.83453496202304
        ], 
        [
          -12.440830818314554, 
          25.761345046138867, 
          79.18344872266798
        ], 
        [
          -17.7012469863175, 
          28.39875207804397, 
          82.52253536198647
        ], 
        [
          -22.771618028353956, 
          17.29576898855885, 
          83.30443297353267
        ], 
        [
          -17.51120186035101, 
          14.658361956653748, 
          79.96534633421419
        ], 
        [
          -11.328116267600969, 
          21.48484090689958, 
          84.31426009485912
        ], 
        [
          -16.588532435603913, 
          24.122247938804687, 
          87.65334673417762
        ]
      ], 
      "cuboid_centroid": [
        -17.606224423334254, 
        21.52855701734886, 
        81.24394084810032
      ], 
      "location": [
        -17.606224423334254, 
        21.52855701734886, 
        81.24394084810032
      ], 
      "pose_transform_permuted": [
        [
          -0.16432562761774694, 
          0.6315539113240864, 
          -0.757717959545768, 
          0.0
        ], 
        [
          -0.777489478563169, 
          0.3898087437392247, 
          0.4935169855708509, 
          0.0
        ], 
        [
          -0.6070478135342698, 
          -0.6702153898279336, 
          -0.4269710567720644, 
          0.0
        ], 
        [
          -17.606224423334254, 
          21.52855701734886, 
          81.24394084810032, 
          1.0
        ]
      ], 
      "projected_cuboid": [
        [
          317.2944004052682, 
          420.4578660701158
        ], 
        [
          347.76484682891993, 
          408.2287127245243
        ], 
        [
          397.106796531775, 
          446.7953965063321
        ], 
        [
          366.24562409462317, 
          456.81956389255913
        ], 
        [
          334.5970072070368, 
          384.0150067837295
        ], 
        [
          363.83487959271577, 
          371.04877934059624
        ], 
        [
          409.34531345330976, 
          409.18628239091856
        ], 
        [
          379.82439088155314, 
          420.05637273616554
        ]
      ], 
      "projected_cuboid_centroid": [
        365.05922165644785, 
        414.6090899762428
      ], 
      "quaternion_xyzw": [
        0.27839409007867116, 
        0.895184733440097, 
        0.2956163483788299, 
        -0.18371699957967907
      ], 
      "visibility": 0.6135967460778617
    }, 
    {
      "bounding_box": {
        "bottom_right": [
          470, 
          515
        ], 
        "top_left": [
          383, 
          429
        ]
      }, 
      "class": "010_potted_meat_can", 
      "cuboid": [
        [
          3.4919375690751853, 
          22.580051370139685, 
          67.38256199988491
        ], 
        [
          -6.032741517837919, 
          19.071846657833166, 
          67.92478950314347
        ], 
        [
          -3.895419520066147, 
          14.273099130665933, 
          74.42080349179435
        ], 
        [
          5.629259566846957, 
          17.781303842972452, 
          73.87857598853579
        ], 
        [
          2.122619327204479, 
          26.8555042690779, 
          70.9914663322275
        ], 
        [
          -7.402059759708625, 
          23.347299556771382, 
          71.53369383548606
        ], 
        [
          -5.264737761936853, 
          18.54855202960415, 
          78.02970782413693
        ], 
        [
          4.259941324976251, 
          22.056756741910668, 
          77.48748032087838
        ]
      ], 
      "cuboid_centroid": [
        -0.8864000964308338, 
        20.56430169987192, 
        72.70613491201092
      ], 
      "location": [
        -0.8864000964308338, 
        20.56430169987192, 
        72.70613491201092
      ], 
      "pose_transform_permuted": [
        [
          0.23772473889898343, 
          -0.7422532563989303, 
          -0.6265350258866691, 
          0.0
        ], 
        [
          0.9370349842509138, 
          0.3451360951217642, 
          -0.053344174154318566, 
          0.0
        ], 
        [
          -0.25583497290054014, 
          0.5744045327981782, 
          -0.7775653666039184, 
          0.0
        ], 
        [
          -0.8864000964308338, 
          20.56430169987192, 
          72.70613491201092, 
          1.0
        ]
      ], 
      "projected_cuboid": [
        [
          509.4653828324574, 
          452.00315586139226
        ], 
        [
          433.83554727064706, 
          423.03141587154437
        ], 
        [
          453.4488047264458, 
          375.57142233862317
        ], 
        [
          522.5725914680618, 
          401.6473980397708
        ], 
        [
          497.67601995781666, 
          475.0370733994312
        ], 
        [
          425.9511044837668, 
          447.35237185862087
        ], 
        [
          445.3136251405583, 
          400.06268917697764
        ], 
        [
          511.161111626909, 
          425.0955820101081
        ]
      ], 
      "projected_cuboid_centroid": [
        475.0408950284938, 
        424.1313714202374
      ], 
      "quaternion_xyzw": [
        0.8857164533494566, 
        0.1696285153532067, 
        0.052042773973376234, 
        0.4289800130886834
      ], 
      "visibility": 0.6848953422590986
    }, 
    {
      "bounding_box": {
        "bottom_right": [
          316, 
          425
        ], 
        "top_left": [
          259, 
          271
        ]
      }, 
      "class": "037_scissors", 
      "cuboid": [
        [
          -25.695089629461393, 
          4.820198199872043, 
          72.96812974957632
        ], 
        [
          -6.139572713546506, 
          6.543292787540793, 
          67.960941678816
        ], 
        [
          -6.807144855229426, 
          -0.5709503857166142, 
          62.90556368873622
        ], 
        [
          -26.362661771144314, 
          -2.2940449733853634, 
          67.91275175949654
        ], 
        [
          -26.086461554711637, 
          5.722445886485804, 
          71.7501121940579
        ], 
        [
          -6.53094463879675, 
          7.445540474154553, 
          66.74292412329757
        ], 
        [
          -7.198516780479671, 
          0.331297300897147, 
          61.68754613321779
        ], 
        [
          -26.754033696394558, 
          -1.3917972867716024, 
          66.69473420397813
        ]
      ], 
      "cuboid_centroid": [
        -16.446803204970532, 
        2.575747750384595, 
        67.32783794139706
      ], 
      "location": [
        -16.446803204970532, 
        2.575747750384595, 
        67.32783794139706
      ], 
      "pose_transform_permuted": [
        [
          0.2499980325806939, 
          -0.5763319543416386, 
          0.7780373932893972, 
          0.0
        ], 
        [
          -0.9652374138517793, 
          -0.0850499309619283, 
          0.24714893934390597, 
          0.0
        ], 
        [
          0.07626780782578489, 
          0.8127776719322923, 
          0.5775594470765676, 
          0.0
        ], 
        [
          -16.446803204970532, 
          2.575747750384595, 
          67.32783794139706, 
          1.0
        ]
      ], 
      "projected_cuboid": [
        [
          292.2281667466043, 
          308.5170708672393
        ], 
        [
          433.01561616416615, 
          324.63465199831
        ], 
        [
          423.4044808430139, 
          268.44596420916156
        ], 
        [
          272.8455379467523, 
          255.27137768702622
        ], 
        [
          286.0801570354603, 
          315.82155794970777
        ], 
        [
          428.97565529791206, 
          332.78127235693916
        ], 
        [
          418.84366831694035, 
          276.1507682758066
        ], 
        [
          265.87754003444724, 
          262.157132373946
        ]
      ], 
      "projected_cuboid_centroid": [
        350.23240268463525, 
        293.68963956008406
      ], 
      "quaternion_xyzw": [
        0.1318167871422515, 
        -0.30595028399184676, 
        0.9428749226532475, 
        -0.002328549345503467
      ], 
      "visibility": 0.6765811965811965
    }, 
    {
      "bounding_box": {
        "bottom_right": [
          441, 
          447
        ], 
        "top_left": [
          388, 
          382
        ]
      }, 
      "class": "061_foam_brick", 
      "cuboid": [
        [
          -7.044833008885043, 
          19.904931159980816, 
          73.39993598045541
        ], 
        [
          -14.453838731435612, 
          19.850272886664374, 
          75.79727655616307
        ], 
        [
          -13.144141507394616, 
          16.909723401227527, 
          79.77786611734209
        ], 
        [
          -5.735135784844048, 
          16.964381674543965, 
          77.38052554163443
        ], 
        [
          -6.1441011983372285, 
          24.20718495391874, 
          76.28174633839276
        ], 
        [
          -13.553106920887798, 
          24.152526680602303, 
          78.67908691410042
        ], 
        [
          -12.243409696846802, 
          21.211977195165453, 
          82.65967647527944
        ], 
        [
          -4.834403974296234, 
          21.266635468481894, 
          80.26233589957178
        ]
      ], 
      "cuboid_centroid": [
        -9.644121352865923, 
        20.558454177573136, 
        78.02980622786743
      ], 
      "location": [
        -9.644121352865923, 
        20.558454177573136, 
        78.02980622786743
      ], 
      "pose_transform_permuted": [
        [
          -0.1713721087056229, 
          -0.8185414306679152, 
          -0.5482896375437991, 
          0.0
        ], 
        [
          0.9514094489160071, 
          0.007018809222459538, 
          -0.30784865897131697, 
          0.0
        ], 
        [
          -0.25583522210815235, 
          0.574404615752016, 
          -0.777565223329626, 
          0.0
        ], 
        [
          -9.644121352865923, 
          20.558454177573136, 
          78.02980622786743, 
          1.0
        ]
      ], 
      "projected_cuboid": [
        [
          429.9831589159225, 
          417.91458768597454
        ], 
        [
          379.0504507782765, 
          412.95566255618274
        ], 
        [
          392.99547204769044, 
          386.3290029505707
        ], 
        [
          441.74014592436566, 
          390.20790676376595
        ], 
        [
          438.2829513151325, 
          442.5297240524527
        ], 
        [
          388.9628823393875, 
          437.00241175475327
        ], 
        [
          401.9443838887874, 
          410.1460481846323
        ], 
        [
          449.2061789621854, 
          414.59706721515977
        ]
      ], 
      "projected_cuboid_centroid": [
        415.13193612973544, 
        413.79984619865655
      ], 
      "quaternion_xyzw": [
        0.8766561044976277, 
        0.07495927707057996, 
        -0.13666156124913995, 
        0.45516897840807213
      ], 
      "visibility": 0.5862311204776958
    }
  ]
}