{
  "camera_data": {
    "location_worldframe": [
      -8.371175514054515, 
      -3.371879878747945, 
      77.34962940311677
    ], 
    "quaternion_xyzw_worldframe": [
      -0.8272485763893913, 
      -0.10228857298954352, 
      -0.2010687530843036, 
      0.5145580413921872
    ]
  }, 
  "objects": [
    {
      "bounding_box": {
        "bottom_right": [
          307, 
          674
        ], 
        "top_left": [
          201, 
          482
        ]
      }, 
      "class": "003_cracker_box", 
      "cuboid": [
        [
          1.8190421151187894, 
          5.902224881643696, 
          75.8847159816846
        ], 
        [
          6.8876924008114, 
          -1.012158945761067, 
          61.89978851473548
        ], 
        [
          26.267142464449655, 
          -3.9156123157209093, 
          70.35912778596793
        ], 
        [
          21.198492178757043, 
          2.998771511683853, 
          84.34405525291704
        ], 
        [
          -0.21317616477899148, 
          -0.5350725149004559, 
          78.33087391326585
        ], 
        [
          4.8554741209136205, 
          -7.449456342305219, 
          64.34594644631673
        ], 
        [
          24.234924184551875, 
          -10.352909712265062, 
          72.80528571754917
        ], 
        [
          19.166273898859266, 
          -3.438525884860298, 
          86.79021318449828
        ]
      ], 
      "cuboid_centroid": [
        13.026983149835333, 
        -2.2253424153106827, 
        74.34500084961688
      ], 
      "location": [
        13.026983149835333, 
        -2.2253424153106827, 
        74.34500084961688
      ], 
      "pose_transform_permuted": [
        [
          0.28303876441289744, 
          0.8965595474162671, 
          -0.34069052786415793, 
          0.0
        ], 
        [
          -0.3089962003240627, 
          0.42151622420686985, 
          0.8525522980531314, 
          0.0
        ], 
        [
          -0.9079704874195593, 
          0.13603327044191038, 
          -0.3963389247953902, 
          0.0
        ], 
        [
          13.026983149835333, 
          -2.2253424153106827, 
          74.34500084961688, 
          1.0
        ]
      ], 
      "projected_cuboid": [
        [
          494.4878783304938, 
          314.767514393343
        ], 
        [
          541.4349656208495, 
          264.56592358179586
        ], 
        [
          682.3602751595565, 
          243.60634162606559
        ], 
        [
          616.7552173904046, 
          292.24820122896364
        ], 
        [
          480.13355331922196, 
          269.6434706140391
        ], 
        [
          522.1761485399354, 
          211.5430844968486
        ], 
        [
          660.6042671913773, 
          197.4485072953912
        ], 
        [
          600.353920613351, 
          252.15704510026754
        ]
      ], 
      "projected_cuboid_centroid": [
        575.8259038545493, 
        257.3228729631615
      ], 
      "quaternion_xyzw": [
        0.5403072269510203, 
        0.6151531227560969, 
        0.5254376611220913, 
        -0.2314519395953881
      ], 
      "visibility": 0.9860637294040793
    }, 
    {
      "bounding_box": {
        "bottom_right": [
          327, 
          468
        ], 
        "top_left": [
          276, 
          411
        ]
      }, 
      "class": "005_tomato_soup_can", 
      "cuboid": [
        [
          -9.715504135991575, 
          7.80443490929904, 
          80.5692033116724
        ], 
        [
          -3.4055488677775747, 
          5.521895847818964, 
          79.70209683415041
        ], 
        [
          -1.1884903925887342, 
          7.992782325851583, 
          89.33141586164237
        ], 
        [
          -7.498445660802735, 
          10.27532138733166, 
          90.19852233916434
        ], 
        [
          -11.664637679457377, 
          1.6452919392269387, 
          82.59841078387782
        ], 
        [
          -5.354682411243376, 
          -0.6372471222531373, 
          81.73130430635584
        ], 
        [
          -3.1376239360545357, 
          1.8336393557794823, 
          91.36062333384778
        ], 
        [
          -9.447579204268536, 
          4.116178417259558, 
          92.22772981136977
        ]
      ], 
      "cuboid_centroid": [
        -6.426564036023056, 
        4.819037132539261, 
        85.9649133227601
      ], 
      "location": [
        -6.426564036023056, 
        4.819037132539261, 
        85.9649133227601
      ], 
      "pose_transform_permuted": [
        [
          0.287847941446813, 
          0.9095819170293657, 
          -0.29967325512453835, 
          0.0
        ], 
        [
          -0.9326113513758554, 
          0.3373592598062322, 
          0.12815833225667592, 
          0.0
        ], 
        [
          -0.21766810108840992, 
          -0.24258862528764785, 
          -0.9453948152225161, 
          0.0
        ], 
        [
          -6.426564036023056, 
          4.819037132539261, 
          85.9649133227601, 
          1.0
        ]
      ], 
      "projected_cuboid": [
        [
          416.750349459472, 
          324.9471949276446
        ], 
        [
          458.619233960544, 
          310.23581922809194
        ], 
        [
          474.44250469918387, 
          321.00443540067016
        ], 
        [
          436.8913005273813, 
          334.0417474585404
        ], 
        [
          405.6534478496041, 
          283.9098224114382
        ], 
        [
          446.3650909564327, 
          269.1283225644494
        ], 
        [
          463.1284861167686, 
          283.99044674677987
        ], 
        [
          426.5098609325575, 
          297.08890807382267
        ]
      ], 
      "projected_cuboid_centroid": [
        441.39491263238205, 
        303.1834665709236
      ], 
      "quaternion_xyzw": [
        0.17640379258665995, 
        0.7865864910783877, 
        0.589565404851017, 
        0.0507539892311166
      ], 
      "visibility": 0.9142201834862386
    }, 
    {
      "bounding_box": {
        "bottom_right": [
          321, 
          590
        ], 
        "top_left": [
          262, 
          522
        ]
      }, 
      "class": "010_potted_meat_can", 
      "cuboid": [
        [
          18.73856409512613, 
          5.9616854653927245, 
          87.91021200477591
        ], 
        [
          10.832622992732276, 
          5.206677869979213, 
          81.56615324923409
        ], 
        [
          8.932836270544962, 
          -2.2492691172734105, 
          84.8209936179588
        ], 
        [
          16.838777372938818, 
          -1.4942615218599, 
          91.16505237350063
        ], 
        [
          15.363424122366244, 
          8.524658890068174, 
          91.81127824456806
        ], 
        [
          7.457483019972387, 
          7.769651294654664, 
          85.46721948902622
        ], 
        [
          5.557696297785074, 
          0.313704307402039, 
          88.72205985775095
        ], 
        [
          13.463637400178927, 
          1.0687119028155496, 
          95.06611861329277
        ]
      ], 
      "cuboid_centroid": [
        12.148130196455602, 
        3.137694886397382, 
        88.31613593126343
      ], 
      "location": [
        12.148130196455602, 
        3.137694886397382, 
        88.31613593126343
      ], 
      "pose_transform_permuted": [
        [
          0.5859516394638279, 
          -0.44495294779220096, 
          -0.6772566996663076, 
          0.0
        ], 
        [
          0.7777840417268289, 
          0.07427741384480657, 
          0.6241265392609273, 
          0.0
        ], 
        [
          0.22740227494701376, 
          0.8924682370837252, 
          -0.38960063031980674, 
          0.0
        ], 
        [
          12.148130196455602, 
          3.137694886397382, 
          88.31613593126343, 
          1.0
        ]
      ], 
      "projected_cuboid": [
        [
          596.224542833056, 
          309.4539357716714
        ], 
        [
          553.0163359552247, 
          307.330355921934
        ], 
        [
          538.2311371486046, 
          259.1440572476326
        ], 
        [
          580.9255764713785, 
          264.5450420766005
        ], 
        [
          571.5848880574235, 
          322.8051550059874
        ], 
        [
          528.5199250992305, 
          321.7695378335881
        ], 
        [
          515.2834949649832, 
          275.17225446199143
        ], 
        [
          557.7573231398444, 
          279.28199666696463
        ]
      ], 
      "projected_cuboid_centroid": [
        555.5680058470548, 
        292.23431135587384
      ], 
      "quaternion_xyzw": [
        0.9148099500001164, 
        -0.041846085381501294, 
        0.33069113937944195, 
        0.22806747404526526
      ], 
      "visibility": 0.38919622518711355
    }, 
    {
      "bounding_box": {
        "bottom_right": [
          248, 
          578
        ], 
        "top_left": [
          205, 
          431
        ]
      }, 
      "class": "037_scissors", 
      "cuboid": [
        [
          -7.533879799393728, 
          -4.084662870058585, 
          67.7279347171631
        ], 
        [
          11.174266701992805, 
          -5.6617838912304235, 
          75.34220900627876
        ], 
        [
          13.8483043960743, 
          -9.545327811817048, 
          67.96775552532982
        ], 
        [
          -4.859842105312235, 
          -7.968206790645209, 
          60.353481236214165
        ], 
        [
          -7.17015938049656, 
          -2.6869890876784215, 
          67.12377820403968
        ], 
        [
          11.537987120889973, 
          -4.264110108850259, 
          74.73805249315534
        ], 
        [
          14.212024814971466, 
          -8.147654029436884, 
          67.36359901220641
        ], 
        [
          -4.4961216864150675, 
          -6.570533008265045, 
          59.749324723090744
        ]
      ], 
      "cuboid_centroid": [
        3.3390725077888685, 
        -6.116158449747735, 
        67.54576686468475
      ], 
      "location": [
        3.3390725077888685, 
        -6.116158449747735, 
        67.54576686468475
      ], 
      "pose_transform_permuted": [
        [
          -0.2323349818093811, 
          -0.8927970384212945, 
          0.38591919835612004, 
          0.0
        ], 
        [
          -0.9234122025310694, 
          0.07784484666668617, 
          -0.3758316619696602, 
          0.0
        ], 
        [
          -0.3054995561333357, 
          0.4436814584137911, 
          0.8425057994291579, 
          0.0
        ], 
        [
          3.3390725077888685, 
          -6.116158449747735, 
          67.54576686468475, 
          1.0
        ]
      ], 
      "projected_cuboid": [
        [
          421.7775945040342, 
          241.12210378819452
        ], 
        [
          561.3547326755854, 
          233.20886751355087
        ], 
        [
          591.1654924734936, 
          198.3876361347643
        ], 
        [
          438.29470836556743, 
          202.87468041888454
        ], 
        [
          424.15313761129465, 
          251.93756242362278
        ], 
        [
          564.6165498841311, 
          242.85848493501484
        ], 
        [
          595.0517490614319, 
          208.78132278331913
        ], 
        [
          441.1304617627579, 
          214.63827808192332
        ]
      ], 
      "projected_cuboid_centroid": [
        508.18101553682084, 
        224.995324091412
      ], 
      "quaternion_xyzw": [
        -0.18326877669574224, 
        -0.5229271147022124, 
        0.8296102788811414, 
        -0.06860290767300922
      ], 
      "visibility": 0.8087574850299402
    }, 
    {
      "bounding_box": {
        "bottom_right": [
          315, 
          522
        ], 
        "top_left": [
          270, 
          465
        ]
      }, 
      "class": "061_foam_brick", 
      "cuboid": [
        [
          6.777729717140855, 
          3.903101725875583, 
          85.24771749876821
        ], 
        [
          -0.624557103695841, 
          4.81048216923104, 
          83.00575279952633
        ], 
        [
          -1.7886850608070164, 
          0.24166542901323806, 
          85.0002329431499
        ], 
        [
          5.613601760029679, 
          -0.6657150143422191, 
          87.24219764239179
        ], 
        [
          5.665860625960434, 
          6.193670488126085, 
          89.84582344693654
        ], 
        [
          -1.736426194876262, 
          7.101050931481542, 
          87.60385874769466
        ], 
        [
          -2.900554151987438, 
          2.5322341912637403, 
          89.59833889131822
        ], 
        [
          4.501732668849258, 
          1.624853747908283, 
          91.8403035905601
        ]
      ], 
      "cuboid_centroid": [
        1.9385877825767086, 
        3.2176679585696615, 
        87.42302819504322
      ], 
      "location": [
        1.9385877825767086, 
        3.2176679585696615, 
        87.42302819504322
      ], 
      "pose_transform_permuted": [
        [
          0.2115428238781832, 
          -0.43580075037358734, 
          -0.8748298918300987, 
          0.0
        ], 
        [
          0.9505466574948235, 
          -0.11651905260950288, 
          0.2878964437161437, 
          0.0
        ], 
        [
          0.2273998363918997, 
          0.8924690562438578, 
          -0.38960017717672457, 
          0.0
        ], 
        [
          1.9385877825767086, 
          3.2176679585696615, 
          87.42302819504322, 
          1.0
        ]
      ], 
      "projected_cuboid": [
        [
          524.3526908620748, 
          297.7047939370698
        ], 
        [
          477.55079127829555, 
          304.1943276082907
        ], 
        [
          470.28074171111933, 
          274.8028268362484
        ], 
        [
          516.1995105738206, 
          269.2169608323694
        ], 
        [
          515.5095634020341, 
          310.05180581803893
        ], 
        [
          470.93786367541105, 
          316.5167058871894
        ], 
        [
          464.18811182279444, 
          288.3592513831272
        ], 
        [
          507.9566275244719, 
          282.7221157144077
        ]
      ], 
      "projected_cuboid_centroid": [
        493.52187629689945, 
        292.9157520441074
      ], 
      "quaternion_xyzw": [
        0.9640857852868671, 
        -0.08918264698277559, 
        0.12951110658833048, 
        0.21403721021172176
      ], 
      "visibility": 0.38454011741682975
    }
  ]
}