{
  "camera_data": {
    "location_worldframe": [
      -22.782249384845574, 
      12.797074012609439, 
      75.7072843780054
    ], 
    "quaternion_xyzw_worldframe": [
      0.9307875604137978, 
      0.039789863202095516, 
      -0.12516191757152315, 
      -0.34115396155598365
    ]
  }, 
  "objects": [
    {
      "bounding_box": {
        "bottom_right": [
          455, 
          514
        ], 
        "top_left": [
          307, 
          298
        ]
      }, 
      "class": "003_cracker_box", 
      "cuboid": [
        [
          -17.815941804408858, 
          20.427825006452142, 
          65.26198350249032
        ], 
        [
          -19.378909266940212, 
          7.998790557602209, 
          54.67168836649311
        ], 
        [
          1.4753512298978853, 
          9.127322892191863, 
          50.26944109422418
        ], 
        [
          3.03831869242924, 
          21.5563573410418, 
          60.859736230221394
        ], 
        [
          -16.448755902776078, 
          15.75755327856179, 
          70.54135488864866
        ], 
        [
          -18.011723365307436, 
          3.328518829711856, 
          59.95105975265144
        ], 
        [
          2.8425371315306607, 
          4.457051164301511, 
          55.5488124803825
        ], 
        [
          4.405504594062015, 
          16.886085613151444, 
          66.13910761637972
        ]
      ], 
      "cuboid_centroid": [
        -7.486702336439098, 
        12.442438085376827, 
        60.405397991436416
      ], 
      "location": [
        -7.486702336439098, 
        12.442438085376827, 
        60.405397991436416
      ], 
      "pose_transform_permuted": [
        [
          -0.19041586828966928, 
          0.6504556879593972, 
          -0.7352885114733938, 
          0.0
        ], 
        [
          0.09528197447663073, 
          0.7577015974513455, 
          0.6456079573235716, 
          0.0
        ], 
        [
          -0.977068647763977, 
          -0.052874258585319855, 
          0.20625510984149353, 
          0.0
        ], 
        [
          -7.486702336439098, 
          12.442438085376827, 
          60.405397991436416, 
          1.0
        ]
      ], 
      "projected_cuboid": [
        [
          334.7922689436589, 
          440.2223026156565
        ], 
        [
          290.98140640894616, 
          351.3143394544216
        ], 
        [
          497.3798347000822, 
          370.1203187908963
        ], 
        [
          508.4440219356954, 
          462.18692145210554
        ], 
        [
          356.2018441828214, 
          392.4196586818431
        ], 
        [
          320.0310056356327, 
          302.89676142307724
        ], 
        [
          509.11546456240575, 
          316.0783198931947
        ], 
        [
          517.417356630517, 
          409.44924814125443
        ]
      ], 
      "projected_cuboid_centroid": [
        414.9460865360835, 
        383.1408906382408
      ], 
      "quaternion_xyzw": [
        0.6666513757888571, 
        0.6505537632628996, 
        0.17070094863873472, 
        -0.3212739180156696
      ], 
      "visibility": 0.9770137602018689
    }, 
    {
      "bounding_box": {
        "bottom_right": [
          474, 
          391
        ], 
        "top_left": [
          399, 
          308
        ]
      }, 
      "class": "005_tomato_soup_can", 
      "cuboid": [
        [
          -25.090295720069218, 
          24.240429553880933, 
          74.80968973780877
        ], 
        [
          -19.879375626398794, 
          21.797861314078972, 
          71.25194243527349
        ], 
        [
          -13.612411968628452, 
          28.293970102692832, 
          75.97106844774963
        ], 
        [
          -18.823332062298878, 
          30.736538342494796, 
          79.52881575028492
        ], 
        [
          -23.95199686520802, 
          19.633353368440424, 
          79.63990416367798
        ], 
        [
          -18.741076771537593, 
          17.190785128638463, 
          76.0821568611427
        ], 
        [
          -12.474113113767253, 
          23.686893917252327, 
          80.80128287361885
        ], 
        [
          -17.685033207437677, 
          26.129462157054288, 
          84.35903017615414
        ]
      ], 
      "cuboid_centroid": [
        -18.782204416918237, 
        23.963661735566628, 
        77.80548630571381
      ], 
      "location": [
        -18.782204416918237, 
        23.963661735566628, 
        77.80548630571381
      ], 
      "pose_transform_permuted": [
        [
          -0.1681039163383573, 
          0.6803727741043589, 
          -0.7133258179739228, 
          0.0
        ], 
        [
          -0.7701739590691433, 
          0.3610115714170853, 
          0.5258350303028977, 
          0.0
        ], 
        [
          -0.6152828598085378, 
          -0.6377800496943917, 
          -0.46331804480037997, 
          0.0
        ], 
        [
          -18.782204416918237, 
          23.963661735566628, 
          77.80548630571381, 
          1.0
        ]
      ], 
      "projected_cuboid": [
        [
          301.237301775194, 
          446.0969831373324
        ], 
        [
          331.5602765139671, 
          436.44316098308303
        ], 
        [
          385.24110752537786, 
          471.9112072106589
        ], 
        [
          354.3160253314447, 
          479.4055108630919
        ], 
        [
          319.8625441246137, 
          404.7639919621493
        ], 
        [
          349.1313615208557, 
          393.79025051317916
        ], 
        [
          398.5769864006677, 
          429.6291595500421
        ], 
        [
          368.86018138614236, 
          438.47755353705895
        ]
      ], 
      "projected_cuboid_centroid": [
        351.78111150956073, 
        437.5460355424468
      ], 
      "quaternion_xyzw": [
        0.2763022768521139, 
        0.8833572078634805, 
        0.32367733254560477, 
        -0.19639250703564207
      ], 
      "visibility": 0.4536623785770543
    }, 
    {
      "bounding_box": {
        "bottom_right": [
          503, 
          507
        ], 
        "top_left": [
          410, 
          416
        ]
      }, 
      "class": "010_potted_meat_can", 
      "cuboid": [
        [
          2.182356765139912, 
          25.80231974983368, 
          63.823981019750185
        ], 
        [
          -7.357256588339424, 
          22.31702051993916, 
          64.23567146369432
        ], 
        [
          -5.183909228764734, 
          17.094553502822762, 
          70.38357520417057
        ], 
        [
          4.3557041247146016, 
          20.57985273271728, 
          69.97188476022643
        ], 
        [
          0.8747704129466783, 
          29.84118015865029, 
          67.71712177603064
        ], 
        [
          -8.664842940532658, 
          26.35588092875577, 
          68.12881221997476
        ], 
        [
          -6.4914955809579675, 
          21.133413911639373, 
          74.27671596045101
        ], 
        [
          3.0481177725213677, 
          24.618713141533892, 
          73.86502551650688
        ]
      ], 
      "cuboid_centroid": [
        -2.154569407909028, 
        23.467866830736526, 
        69.0503484901006
      ], 
      "location": [
        -2.154569407909028, 
        23.467866830736526, 
        69.0503484901006
      ], 
      "pose_transform_permuted": [
        [
          0.22700758279415464, 
          -0.7011788836053707, 
          -0.6758807715286008, 
          0.0
        ], 
        [
          0.9385042127791395, 
          0.34288266084273655, 
          -0.04050197861127813, 
          0.0
        ], 
        [
          -0.2601471670716524, 
          0.625123266026764, 
          -0.7358969722295543, 
          0.0
        ], 
        [
          -2.154569407909028, 
          23.467866830736526, 
          69.0503484901006, 
          1.0
        ]
      ], 
      "projected_cuboid": [
        [
          499.98503118411566, 
          488.89330825751114
        ], 
        [
          420.0040667617357, 
          458.57461561977453
        ], 
        [
          441.9895350092241, 
          402.8176128405319
        ], 
        [
          515.0725279847856, 
          430.14437479327324
        ], 
        [
          488.54390972622167, 
          508.3066532217688
        ], 
        [
          413.20250002954316, 
          479.60317514293325
        ], 
        [
          434.59858916461127, 
          425.0280811097019
        ], 
        [
          503.78846549519443, 
          451.03834594525597
        ]
      ], 
      "projected_cuboid_centroid": [
        464.81728556264716, 
        454.543739860419
      ], 
      "quaternion_xyzw": [
        0.8999316988436545, 
        0.16752099872946957, 
        0.05181104422216774, 
        0.39921803445790965
      ], 
      "visibility": 0.5559832635983264
    }, 
    {
      "bounding_box": {
        "bottom_right": [
          344, 
          408
        ], 
        "top_left": [
          287, 
          243
        ]
      }, 
      "class": "037_scissors", 
      "cuboid": [
        [
          -27.05318748432769, 
          7.8723509627907875, 
          68.54544823721469
        ], 
        [
          -7.538703058889055, 
          9.813416879522348, 
          63.4585641321001
        ], 
        [
          -8.299305312018443, 
          3.046757456469252, 
          57.95867689870021
        ], 
        [
          -27.81378973745708, 
          1.1056915397376923, 
          63.0455610038148
        ], 
        [
          -27.451300523744205, 
          8.853991926451139, 
          67.39276585956871
        ], 
        [
          -7.93681609830557, 
          10.795057843182699, 
          62.30588175445413
        ], 
        [
          -8.697418351434958, 
          4.028398420129603, 
          56.805994521054245
        ], 
        [
          -28.211902776873593, 
          2.0873325033980428, 
          61.89287862616882
        ]
      ], 
      "cuboid_centroid": [
        -17.875302917881324, 
        5.950374691460195, 
        62.675721379134465
      ], 
      "location": [
        -17.875302917881324, 
        5.950374691460195, 
        62.675721379134465
      ], 
      "pose_transform_permuted": [
        [
          0.25430407798211535, 
          -0.6270462794662386, 
          0.736303010027288, 
          0.0
        ], 
        [
          -0.9632120981742908, 
          -0.09580874050212494, 
          0.25108264226902466, 
          0.0
        ], 
        [
          0.08689617623541306, 
          0.7730674308831095, 
          0.6283430904156355, 
          0.0
        ], 
        [
          -17.875302917881324, 
          5.950374691460195, 
          62.675721379134465, 
          1.0
        ]
      ], 
      "projected_cuboid": [
        [
          269.3549557181863, 
          334.53756255016964
        ], 
        [
          417.71218136034616, 
          355.7606290871953
        ], 
        [
          404.59276175212284, 
          301.321950514191
        ], 
        [
          244.35189145220184, 
          282.63988406480325
        ], 
        [
          262.54801426555764, 
          343.3535136187789
        ], 
        [
          413.0941606560317, 
          365.6889819741812
        ], 
        [
          399.2614163847298, 
          311.1069086022602
        ], 
        [
          236.47442293036758, 
          291.2726993195694
        ]
      ], 
      "projected_cuboid_centroid": [
        328.22516519079664, 
        323.9194031536607
      ], 
      "quaternion_xyzw": [
        0.13560245173299273, 
        -0.3368388396729643, 
        0.9317433309507357, 
        -0.0023913678720988677
      ], 
      "visibility": 0.6938902743142145
    }, 
    {
      "bounding_box": {
        "bottom_right": [
          468, 
          437
        ], 
        "top_left": [
          411, 
          367
        ]
      }, 
      "class": "061_foam_brick", 
      "cuboid": [
        [
          -8.3096006482294, 
          22.797547684673354, 
          69.76357209720824
        ], 
        [
          -15.69448336612023, 
          22.62649482071808, 
          72.22890033504868
        ], 
        [
          -14.362711791629895, 
          19.426301215852348, 
          75.99617743054975
        ], 
        [
          -6.977829073739067, 
          19.597354079807623, 
          73.53084919270931
        ], 
        [
          -7.354392212753302, 
          26.898367680811862, 
          72.90942470741854
        ], 
        [
          -14.73927493064413, 
          26.72731481685659, 
          75.37475294525898
        ], 
        [
          -13.407503356153796, 
          23.52712121199086, 
          79.14203004076005
        ], 
        [
          -6.022620638262969, 
          23.69817407594613, 
          76.67670180291961
        ]
      ], 
      "cuboid_centroid": [
        -10.8585520021916, 
        23.162334448332107, 
        74.45280106898414
      ], 
      "location": [
        -10.8585520021916, 
        23.162334448332107, 
        74.45280106898414
      ], 
      "pose_transform_permuted": [
        [
          -0.18173676328959654, 
          -0.7802168880135666, 
          -0.5985259865097314, 
          0.0
        ], 
        [
          0.9483117519470782, 
          0.021965337472457325, 
          -0.31657912923751735, 
          0.0
        ], 
        [
          -0.26014720830346205, 
          0.6251232931255617, 
          -0.7358969346340347, 
          0.0
        ], 
        [
          -10.8585520021916, 
          23.162334448332107, 
          74.45280106898414, 
          1.0
        ]
      ], 
      "projected_cuboid": [
        [
          417.54352229473403, 
          447.5662983637286
        ], 
        [
          364.74732622436045, 
          440.35474378871544
        ], 
        [
          379.9636730439547, 
          409.6148010241852
        ], 
        [
          430.56508131483713, 
          415.4262361332776
        ], 
        [
          427.35267586382827, 
          470.0433536754581
        ], 
        [
          376.43915618560175, 
          462.3976108596716
        ], 
        [
          390.4941131908278, 
          431.83029117469704
        ], 
        [
          439.3580500042039, 
          438.1175756098637
        ]
      ], 
      "projected_cuboid_centroid": [
        403.1669970522341, 
        439.2027476591551
      ], 
      "quaternion_xyzw": [
        0.8905000044332358, 
        0.07920060201332388, 
        -0.13989777935045328, 
        0.42563554606957626
      ], 
      "visibility": 0.38653048196616663
    }
  ]
}