{
  "camera_data": {
    "location_worldframe": [
      -22.34586409038505, 
      11.27436536445971, 
      77.85625805563771
    ], 
    "quaternion_xyzw_worldframe": [
      0.93715889490828, 
      0.04014213392829606, 
      -0.12364967918652107, 
      -0.3237795292390447
    ]
  }, 
  "objects": [
    {
      "bounding_box": {
        "bottom_right": [
          432, 
          517
        ], 
        "top_left": [
          287, 
          311
        ]
      }, 
      "class": "003_cracker_box", 
      "cuboid": [
        [
          -17.34161858032429, 
          18.53685348366468, 
          67.16933281929826
        ], 
        [
          -18.798293563563007, 
          5.724399268068322, 
          57.03043590426802
        ], 
        [
          2.07850626555897, 
          6.7662156813517536, 
          52.71448935661694
        ], 
        [
          3.535181248797686, 
          19.57866989694811, 
          62.853386271647175
        ], 
        [
          -15.990970786998371, 
          14.067119537873518, 
          72.62365464031035
        ], 
        [
          -17.447645770237088, 
          1.254665322277161, 
          62.48475772528012
        ], 
        [
          3.429154058884888, 
          2.296481735560592, 
          58.168811177629024
        ], 
        [
          4.885829042123604, 
          15.10893595115695, 
          68.30770809265927
        ]
      ], 
      "cuboid_centroid": [
        -6.956232260719701, 
        10.416667609612636, 
        62.66907199846364
      ], 
      "location": [
        -6.956232260719701, 
        10.416667609612636, 
        62.66907199846364
      ], 
      "pose_transform_permuted": [
        [
          -0.18811251053169498, 
          0.6225256340744802, 
          -0.7596548678851662, 
          0.0
        ], 
        [
          0.08880214841383077, 
          0.7810757196290398, 
          0.6180897173089563, 
          0.0
        ], 
        [
          -0.9781246657857836, 
          -0.04881142413558587, 
          0.20221172828326506, 
          0.0
        ], 
        [
          -6.956232260719701, 
          10.416667609612636, 
          62.66907199846364, 
          1.0
        ]
      ], 
      "projected_cuboid": [
        [
          342.75843409055625, 
          420.4677970213091
        ], 
        [
          304.3400358224081, 
          326.8182037164841
        ], 
        [
          502.80083858858677, 
          341.74125263137665
        ], 
        [
          511.84354244993074, 
          439.4142311395683
        ], 
        [
          363.18704496087685, 
          376.58993637848016
        ], 
        [
          331.4369911482784, 
          283.9953509952917
        ], 
        [
          513.2992068571386, 
          294.3417848942405
        ], 
        [
          520.0615869454837, 
          391.2511374187351
        ]
      ], 
      "projected_cuboid_centroid": [
        421.90556115659507, 
        361.9333401508877
      ], 
      "quaternion_xyzw": [
        0.6707543499977117, 
        0.6556798272798472, 
        0.1602588215710894, 
        -0.3073917308029977
      ], 
      "visibility": 0.9729152987524623
    }, 
    {
      "bounding_box": {
        "bottom_right": [
          460, 
          396
        ], 
        "top_left": [
          386, 
          315
        ]
      }, 
      "class": "005_tomato_soup_can", 
      "cuboid": [
        [
          -24.686774728551864, 
          22.669063971902297, 
          76.52798032717632
        ], 
        [
          -19.446100083276963, 
          20.117031666426275, 
          73.0928887604806
        ], 
        [
          -13.229849847495744, 
          26.803276425402768, 
          77.60916789624702
        ], 
        [
          -18.47052449277065, 
          29.355308730878786, 
          81.04425946294273
        ], 
        [
          -23.56248297681529, 
          18.245291473602624, 
          81.52978516159071
        ], 
        [
          -18.32180833154039, 
          15.6932591681266, 
          78.09469359489498
        ], 
        [
          -12.105558095759172, 
          22.37950392710309, 
          82.61097273066139
        ], 
        [
          -17.346232741034072, 
          24.931536232579113, 
          86.0460642973571
        ]
      ], 
      "cuboid_centroid": [
        -18.39616641215552, 
        22.524283949502692, 
        79.56947652891886
      ], 
      "location": [
        -18.39616641215552, 
        22.524283949502692, 
        79.56947652891886
      ], 
      "pose_transform_permuted": [
        [
          -0.1660353480693573, 
          0.6533024950154876, 
          -0.7386662806822487, 
          0.0
        ], 
        [
          -0.7745716816205563, 
          0.377190359677224, 
          0.5077065132702062, 
          0.0
        ], 
        [
          -0.6103038777980937, 
          -0.6564473677108504, 
          -0.44340278547851364, 
          0.0
        ], 
        [
          -18.39616641215552, 
          22.524283949502692, 
          79.56947652891886, 
          1.0
        ]
      ], 
      "projected_cuboid": [
        [
          308.122490151329, 
          431.2660860720524
        ], 
        [
          338.5268869122811, 
          420.0697220219048
        ], 
        [
          389.92571890216027, 
          457.4749863091752
        ], 
        [
          359.03708116177967, 
          466.4619845825743
        ], 
        [
          326.180794051146, 
          392.6364323084222
        ], 
        [
          355.4321684090858, 
          380.45799935572177
        ], 
        [
          402.79478238316193, 
          417.76404879459324
        ], 
        [
          373.1879293129355, 
          427.8139602401172
        ]
      ], 
      "projected_cuboid_centroid": [
        357.26803246912147, 
        424.25701373681363
      ], 
      "quaternion_xyzw": [
        0.2773297750547016, 
        0.8901805055736808, 
        0.3080008137751862, 
        -0.18921495615806805
      ], 
      "visibility": 0.5421387123514783
    }, 
    {
      "bounding_box": {
        "bottom_right": [
          484, 
          510
        ], 
        "top_left": [
          394, 
          421
        ]
      }, 
      "class": "010_potted_meat_can", 
      "cuboid": [
        [
          2.6469358516045296, 
          23.926830145638338, 
          65.65557480690845
        ], 
        [
          -6.883260654132836, 
          20.424772972205517, 
          66.13721034697846
        ], 
        [
          -4.7299146460519585, 
          15.437772074128969, 
          72.48443366938224
        ], 
        [
          4.8002818596854055, 
          18.93982924756179, 
          72.00279812931223
        ], 
        [
          1.3020984672441762, 
          28.100269277951, 
          69.39088451790542
        ], 
        [
          -8.228098038493188, 
          24.59821210451818, 
          69.87252005797544
        ], 
        [
          -6.074752030412312, 
          19.61121120644163, 
          76.21974338037923
        ], 
        [
          3.4554444753250526, 
          23.11326837987445, 
          75.73810784030921
        ]
      ], 
      "cuboid_centroid": [
        -1.7139080894038914, 
        21.769020676039986, 
        70.93765909364383
      ], 
      "location": [
        -1.7139080894038914, 
        21.769020676039986, 
        70.93765909364383
      ], 
      "pose_transform_permuted": [
        [
          0.23347466372893294, 
          -0.7245428401541054, 
          -0.6484800235630236, 
          0.0
        ], 
        [
          0.9375777862092706, 
          0.3445313021477302, 
          -0.04738315554634141, 
          0.0
        ], 
        [
          -0.2577530284146187, 
          0.5969382437201778, 
          -0.759755295820544, 
          0.0
        ], 
        [
          -1.7139080894038914, 
          21.769020676039986, 
          70.93765909364383, 
          1.0
        ]
      ], 
      "projected_cuboid": [
        [
          503.27728229438765, 
          467.64394201616346
        ], 
        [
          425.62903105908, 
          437.98854689221133
        ], 
        [
          446.505701551649, 
          386.8732179190806
        ], 
        [
          517.4487155286769, 
          413.57250050058104
        ], 
        [
          491.6880444340919, 
          489.25761260358837
        ], 
        [
          418.27067045169764, 
          461.03857863278216
        ], 
        [
          438.73700537273027, 
          410.5087657433979
        ], 
        [
          506.13179485777346, 
          436.0415764894995
        ]
      ], 
      "projected_cuboid_centroid": [
        468.604279213094, 
        436.94918461125553
      ], 
      "quaternion_xyzw": [
        0.8920476519632333, 
        0.1687926449996341, 
        0.05215290566962375, 
        0.4159806184983451
      ], 
      "visibility": 0.6182853077196727
    }, 
    {
      "bounding_box": {
        "bottom_right": [
          328, 
          416
        ], 
        "top_left": [
          270, 
          257
        ]
      }, 
      "class": "037_scissors", 
      "cuboid": [
        [
          -26.556527930815243, 
          6.076507094288157, 
          70.85350990609606
        ], 
        [
          -7.0180240181307365, 
          7.900540693659607, 
          65.81575291860379
        ], 
        [
          -7.722383851442649, 
          0.9351490803666935, 
          60.56197789355187
        ], 
        [
          -27.260887764127162, 
          -0.8888845190047567, 
          65.59973488104414
        ], 
        [
          -26.950899289182082, 
          7.014032340254717, 
          69.66342281587943
        ], 
        [
          -7.4123953764975745, 
          8.838065939626166, 
          64.62566582838716
        ], 
        [
          -8.116755209809487, 
          1.872674326333252, 
          59.371890803335226
        ], 
        [
          -27.655259122493998, 
          0.04864072696180166, 
          64.4096477908275
        ]
      ], 
      "cuboid_centroid": [
        -17.336641570312366, 
        3.9745907103107045, 
        65.11270035471564
      ], 
      "location": [
        -17.336641570312366, 
        3.9745907103107045, 
        65.11270035471564
      ], 
      "pose_transform_permuted": [
        [
          0.251913991109212, 
          -0.5988663260311997, 
          0.7601961509211627, 
          0.0
        ], 
        [
          -0.9643976719359532, 
          -0.09003216237169366, 
          0.24865778527508098, 
          0.0
        ], 
        [
          0.08047067433312782, 
          0.7957718961350566, 
          0.6002256219986003, 
          0.0
        ], 
        [
          -17.336641570312366, 
          3.9745907103107045, 
          65.11270035471564, 
          1.0
        ]
      ], 
      "projected_cuboid": [
        [
          280.0383152927013, 
          319.02485405014204
        ], 
        [
          424.2545541951961, 
          337.3063642801663
        ], 
        [
          413.02565992256183, 
          281.5216276381941
        ], 
        [
          258.1217065827992, 
          266.05999168483
        ], 
        [
          273.5506754557447, 
          326.98359524404367
        ], 
        [
          419.91693833734195, 
          346.22216785141933
        ], 
        [
          408.079132684518, 
          290.10820017918445
        ], 
        [
          250.69993225982108, 
          273.6892890151415
        ]
      ], 
      "projected_cuboid_centroid": [
        338.4142188195328, 
        305.8412784445267
      ], 
      "quaternion_xyzw": [
        0.13339589707448082, 
        -0.319542478478499, 
        0.938131882918411, 
        -0.0025480127614950165
      ], 
      "visibility": 0.6796494644595911
    }, 
    {
      "bounding_box": {
        "bottom_right": [
          452, 
          440
        ], 
        "top_left": [
          397, 
          373
        ]
      }, 
      "class": "061_foam_brick", 
      "cuboid": [
        [
          -7.8708882250086445, 
          21.10314600389602, 
          71.63811386377246
        ], 
        [
          -15.270045707428906, 
          20.99569910713518, 
          74.06391659158938
        ], 
        [
          -13.950530220350107, 
          17.939794134668457, 
          77.95333236110326
        ], 
        [
          -6.551372737929845, 
          18.047241031429294, 
          75.52752963328633
        ], 
        [
          -6.948641122515004, 
          25.31934456341944, 
          74.63789159382443
        ], 
        [
          -14.347798604935265, 
          25.2118976666586, 
          77.06369432164136
        ], 
        [
          -13.028283117856468, 
          22.155992694191877, 
          80.95311009115524
        ], 
        [
          -5.629125635436204, 
          22.263439590952714, 
          78.52730736333832
        ]
      ], 
      "cuboid_centroid": [
        -10.449585671432555, 
        21.629569349043948, 
        76.29561197746385
      ], 
      "location": [
        -10.449585671432555, 
        21.629569349043948, 
        76.29561197746385
      ], 
      "pose_transform_permuted": [
        [
          -0.17546558126537531, 
          -0.8021686693042391, 
          -0.5707339623483694, 
          0.0
        ], 
        [
          0.950144811113576, 
          0.013797531904155724, 
          -0.31150355700585614, 
          0.0
        ], 
        [
          -0.2577531138612117, 
          0.5969380655478589, 
          -0.7597554068217146, 
          0.0
        ], 
        [
          -10.449585671432555, 
          21.629569349043948, 
          76.29561197746385, 
          1.0
        ]
      ], 
      "projected_cuboid": [
        [
          422.5128714999821, 
          430.3917494865804
        ], 
        [
          370.7241702640045, 
          424.47240569553463
        ], 
        [
          385.3588076371391, 
          396.022067564152
        ], 
        [
          434.95060068857623, 
          400.72281335021376
        ], 
        [
          431.53229518816653, 
          454.20405856486394
        ], 
        [
          381.4756060393953, 
          447.7655695525959
        ], 
        [
          395.0513901698007, 
          419.2503530233031
        ], 
        [
          443.04817038497436, 
          424.4890778528865
        ]
      ], 
      "projected_cuboid_centroid": [
        407.9439319255474, 
        424.4809856098367
      ], 
      "quaternion_xyzw": [
        0.8828670396795042, 
        0.07689454741224255, 
        -0.13789424578813408, 
        0.4422874583394118
      ], 
      "visibility": 0.4956463496316142
    }
  ]
}