{
  "camera_data": {
    "location_worldframe": [
      -11.684982624612461, 
      -1.3516209735053604, 
      70.64273287710637
    ], 
    "quaternion_xyzw_worldframe": [
      -0.8293252140308447, 
      -0.07853894006983152, 
      -0.13235259027960802, 
      0.5371586270626885
    ]
  }, 
  "objects": [
    {
      "bounding_box": {
        "bottom_right": [
          330, 
          670
        ], 
        "top_left": [
          218, 
          456
        ]
      }, 
      "class": "003_cracker_box", 
      "cuboid": [
        [
          -2.168774740546217, 
          8.381122231470489, 
          68.05193479050331
        ], 
        [
          1.0938119733698835, 
          2.0779104877355286, 
          53.26331871816659
        ], 
        [
          21.58392162707462, 
          -0.23937844840319025, 
          58.7714150782533
        ], 
        [
          18.32133491315852, 
          6.06383329533177, 
          73.56003115059002
        ], 
        [
          -3.583559279418963, 
          1.7983565874380583, 
          70.54552231037414
        ], 
        [
          -0.3209725655028625, 
          -4.504855156296903, 
          55.756906238037416
        ], 
        [
          20.169137088201875, 
          -6.8221440924356225, 
          61.26500259812413
        ], 
        [
          16.90655037428577, 
          -0.518932348700661, 
          76.05361867046085
        ]
      ], 
      "cuboid_centroid": [
        9.000181173827828, 
        0.7794890695174339, 
        64.65846869431373
      ], 
      "location": [
        9.000181173827828, 
        0.7794890695174339, 
        64.65846869431373
      ], 
      "pose_transform_permuted": [
        [
          0.19704520511111362, 
          0.9168197495006924, 
          -0.34729632026298063, 
          0.0
        ], 
        [
          -0.1988945460833047, 
          0.38425781398843767, 
          0.9015469438288521, 
          0.0
        ], 
        [
          -0.9600073680347643, 
          0.10857015848894624, 
          -0.25806660769004924, 
          0.0
        ], 
        [
          9.000181173827828, 
          0.7794890695174339, 
          64.65846869431373, 
          1.0
        ]
      ], 
      "projected_cuboid": [
        [
          464.4588492801375, 
          338.9689705052792
        ], 
        [
          492.64055524139616, 
          294.0924205635901
        ], 
        [
          679.0919975495127, 
          271.11430486177056
        ], 
        [
          615.5360373403877, 
          317.25010073285904
        ], 
        [
          454.27982524827524, 
          286.8819973982055
        ], 
        [
          478.50135401230415, 
          230.1972126170441
        ], 
        [
          658.6351126451931, 
          213.89891226667427
        ], 
        [
          601.1408149070465, 
          269.64756867607923
        ]
      ], 
      "projected_cuboid_centroid": [
        556.4515110287165, 
        279.71596314470185
      ], 
      "quaternion_xyzw": [
        0.5605737981453963, 
        0.5995041092138859, 
        0.48994091080182073, 
        -0.2937852000887589
      ], 
      "visibility": 0.9871138371504136
    }, 
    {
      "bounding_box": {
        "bottom_right": [
          343, 
          454
        ], 
        "top_left": [
          289, 
          384
        ]
      }, 
      "class": "005_tomato_soup_can", 
      "cuboid": [
        [
          -12.973498497494282, 
          9.664296835903992, 
          74.39407633640916
        ], 
        [
          -6.772144818796731, 
          7.674912925458237, 
          72.56023940091887
        ], 
        [
          -3.2884402293585793, 
          9.968639087645318, 
          81.85254997630192
        ], 
        [
          -9.48979390805613, 
          11.958022998091074, 
          83.68638691179218
        ], 
        [
          -14.376597096645794, 
          3.3744254871305603, 
          76.47270073688284
        ], 
        [
          -8.175243417948243, 
          1.3850415766848048, 
          74.63886380139256
        ], 
        [
          -4.691538828510091, 
          3.678767738871887, 
          83.9311743767756
        ], 
        [
          -10.892892507207643, 
          5.668151649317641, 
          85.76501131226588
        ]
      ], 
      "cuboid_centroid": [
        -8.832518663002187, 
        6.671532287387939, 
        79.16262535659237
      ], 
      "location": [
        -8.832518663002187, 
        6.671532287387939, 
        79.16262535659237
      ], 
      "pose_transform_permuted": [
        [
          0.20720952895537492, 
          0.9288878772720626, 
          -0.3069711445494734, 
          0.0
        ], 
        [
          -0.916560037086718, 
          0.2940309302147142, 
          0.27104108823494505, 
          0.0
        ], 
        [
          -0.3420258740227377, 
          -0.22519524122950443, 
          -0.9123077358142737, 
          0.0
        ], 
        [
          -8.832518663002187, 
          6.671532287387939, 
          79.16262535659237, 
          1.0
        ]
      ], 
      "projected_cuboid": [
        [
          387.81701267043644, 
          342.56838156343616
        ], 
        [
          431.4068294237501, 
          329.69734086845534
        ], 
        [
          459.99230749033563, 
          338.2383378281819
        ], 
        [
          420.61618692718434, 
          349.49305228124496
        ], 
        [
          380.49933693601184, 
          296.8197358010147
        ], 
        [
          422.69542560369786, 
          283.18312212984597
        ], 
        [
          451.53743049473167, 
          296.6623443090243
        ], 
        [
          413.2964235312704, 
          308.5332688885015
        ]
      ], 
      "projected_cuboid_centroid": [
        421.59639704330795, 
        318.2327332673433
      ], 
      "quaternion_xyzw": [
        0.2032337232137003, 
        0.7824203510367199, 
        0.5883012918333226, 
        -0.02039554543634769
      ], 
      "visibility": 0.9391304347826087
    }, 
    {
      "bounding_box": {
        "bottom_right": [
          344, 
          588
        ], 
        "top_left": [
          279, 
          513
        ]
      }, 
      "class": "010_potted_meat_can", 
      "cuboid": [
        [
          16.289611066005754, 
          8.820143415785871, 
          77.53776220381724
        ], 
        [
          7.587827246129941, 
          7.9088532861440175, 
          72.36383416709462
        ], 
        [
          6.458737515791496, 
          0.29187771507057786, 
          75.60438356849485
        ], 
        [
          15.160521335667307, 
          1.2031678447124314, 
          80.77831160521748
        ], 
        [
          13.416120899657964, 
          11.129122210178712, 
          81.96386563793476
        ], 
        [
          4.714337079782151, 
          10.217832080536859, 
          76.78993760121215
        ], 
        [
          3.585247349443706, 
          2.600856509463419, 
          80.03048700261239
        ], 
        [
          12.287031169319517, 
          3.5121466391052722, 
          85.204415039335
        ]
      ], 
      "cuboid_centroid": [
        9.93742920772473, 
        5.710499962624644, 
        78.7841246032148
      ], 
      "location": [
        9.93742920772473, 
        5.710499962624644, 
        78.7841246032148
      ], 
      "pose_transform_permuted": [
        [
          0.49886116947555026, 
          -0.4008574225013181, 
          -0.7684074096449759, 
          0.0
        ], 
        [
          0.8560788022575587, 
          0.08965244125130051, 
          0.5090094408605425, 
          0.0
        ], 
        [
          0.13515073576398934, 
          0.91174317245657, 
          -0.38789001804800516, 
          0.0
        ], 
        [
          9.93742920772473, 
          5.710499962624644, 
          78.7841246032148, 
          1.0
        ]
      ], 
      "projected_cuboid": [
        [
          594.5738490313682, 
          333.953174163838
        ], 
        [
          537.985187755329, 
          331.57458181543734
        ], 
        [
          527.5372179850582, 
          275.34546755656186
        ], 
        [
          582.5249382890344, 
          281.2301674121043
        ], 
        [
          569.6200902648914, 
          345.7011169181102
        ], 
        [
          514.6118224582771, 
          344.25117366592445
        ], 
        [
          505.68810106347644, 
          290.6185293445481
        ], 
        [
          559.1461403175522, 
          295.27010046160535
        ]
      ], 
      "projected_cuboid_centroid": [
        549.4278901640943, 
        311.94307538797693
      ], 
      "quaternion_xyzw": [
        0.9402432377261621, 
        -0.012097479856042268, 
        0.2679813504358397, 
        0.20971898783786824
      ], 
      "visibility": 0.36654275092936806
    }, 
    {
      "bounding_box": {
        "bottom_right": [
          266, 
          555
        ], 
        "top_left": [
          222, 
          376
        ]
      }, 
      "class": "037_scissors", 
      "cuboid": [
        [
          -12.213539736916651, 
          -1.7608598573728687, 
          60.981501643046485
        ], 
        [
          7.441122555449847, 
          -2.7584509209113683, 
          65.7938078911593
        ], 
        [
          9.171725546718609, 
          -6.319372377962713, 
          57.9874126424868
        ], 
        [
          -10.482936745647889, 
          -5.321781314424213, 
          53.17510639437397
        ], 
        [
          -11.99351171367207, 
          -0.33284392647441874, 
          60.37888417938287
        ], 
        [
          7.6611505786944285, 
          -1.3304349900129187, 
          65.1911904274957
        ], 
        [
          9.39175356996319, 
          -4.891356447064264, 
          57.38479517882319
        ], 
        [
          -10.262908722403308, 
          -3.8937653835257637, 
          52.57248893071037
        ]
      ], 
      "cuboid_centroid": [
        -1.4108930834767301, 
        -3.3261081522185663, 
        59.18314841093484
      ], 
      "location": [
        -1.4108930834767301, 
        -3.3261081522185663, 
        59.18314841093484
      ], 
      "pose_transform_permuted": [
        [
          -0.14054808067439492, 
          -0.9121788002300717, 
          0.38493609427488246, 
          0.0
        ], 
        [
          -0.9701311135260452, 
          0.04923992663512258, 
          -0.23752980080065905, 
          0.0
        ], 
        [
          -0.19771540500188517, 
          0.4068229580168751, 
          0.89185365215654, 
          0.0
        ], 
        [
          -1.4108930834767301, 
          -3.3261081522185663, 
          59.18314841093484, 
          1.0
        ]
      ], 
      "projected_cuboid": [
        [
          373.8922402004991, 
          257.88676887351954
        ], 
        [
          542.4168953369085, 
          250.926745434207
        ], 
        [
          566.6538729209541, 
          215.16625137204485
        ], 
        [
          375.5823083418807, 
          219.9117469412993
        ], 
        [
          374.77695915024657, 
          270.3465667225925
        ], 
        [
          544.7941221098044, 
          262.40244413904503
        ], 
        [
          569.609008835813, 
          227.8275244333224
        ], 
        [
          376.61777020952474, 
          233.78638545783792
        ]
      ], 
      "projected_cuboid_centroid": [
        468.77707636379046, 
        243.31384033097356
      ], 
      "quaternion_xyzw": [
        -0.11374912727296456, 
        -0.54276414221979, 
        0.8309467741404684, 
        -0.04467057427364877
      ], 
      "visibility": 0.8118672665916761
    }, 
    {
      "bounding_box": {
        "bottom_right": [
          332, 
          509
        ], 
        "top_left": [
          286, 
          451
        ]
      }, 
      "class": "061_foam_brick", 
      "cuboid": [
        [
          4.156565343521259, 
          6.333647354382131, 
          76.54007296397992
        ], 
        [
          -3.520098880055219, 
          6.989959466259946, 
          75.4079616753573
        ], 
        [
          -4.211983716444552, 
          2.3224630075555965, 
          77.39366143380212
        ], 
        [
          3.4646805071319267, 
          1.6661508956777822, 
          78.52577272242475
        ], 
        [
          3.6317190575153804, 
          8.44665099466221, 
          81.32393003054557
        ], 
        [
          -4.0449451660610976, 
          9.102963106540027, 
          80.19181874192294
        ], 
        [
          -4.7368300024504295, 
          4.4354666478356775, 
          82.17751850036777
        ], 
        [
          2.9398342211260484, 
          3.7791545359578627, 
          83.30962978899039
        ]
      ], 
      "cuboid_centroid": [
        -0.29013232946458517, 
        5.384557001108904, 
        79.35879573217385
      ], 
      "location": [
        -0.29013232946458517, 
        5.384557001108904, 
        79.35879573217385
      ], 
      "pose_transform_permuted": [
        [
          0.09985659851897438, 
          -0.4020174321557759, 
          -0.9101706674987369, 
          0.0
        ], 
        [
          0.9857801642987292, 
          -0.08427872349700577, 
          0.14537731749102234, 
          0.0
        ], 
        [
          0.13515223789264685, 
          0.9117450745732555, 
          -0.3878850236655418, 
          0.0
        ], 
        [
          -0.29013232946458517, 
          5.384557001108904, 
          79.35879573217385, 
          1.0
        ]
      ], 
      "projected_cuboid": [
        [
          510.8007423368324, 
          317.4184291096517
        ], 
        [
          456.49385089654066, 
          322.72272729229417
        ], 
        [
          452.3304180107605, 
          289.2906264322626
        ], 
        [
          505.3240627516535, 
          284.6024521122535
        ], 
        [
          505.61223698675866, 
          328.67938958087694
        ], 
        [
          454.47178378026166, 
          333.82623599260205
        ], 
        [
          450.59958000985154, 
          302.0720412061725
        ], 
        [
          500.573711625139, 
          297.4793849183538
        ]
      ], 
      "projected_cuboid_centroid": [
        479.6310270883472, 
        309.4726931378753
      ], 
      "quaternion_xyzw": [
        0.9756659144362277, 
        -0.056225947361409866, 
        0.06283757390246156, 
        0.20240085364613505
      ], 
      "visibility": 0.054987212276214836
    }
  ]
}