{
  "camera_data": {
    "location_worldframe": [
      -15.410513480339677, 
      11.494803231438306, 
      74.67636868148261
    ], 
    "quaternion_xyzw_worldframe": [
      0.8699946902211415, 
      0.00999318412288844, 
      -0.015492227322419118, 
      -0.4927156255955693
    ]
  }, 
  "objects": [
    {
      "bounding_box": {
        "bottom_right": [
          428, 
          600
        ], 
        "top_left": [
          326, 
          396
        ]
      }, 
      "class": "003_cracker_box", 
      "cuboid": [
        [
          -7.6632105695688235, 
          20.892061475346623, 
          68.06837539171553
        ], 
        [
          -8.954596571037587, 
          12.812183075671198, 
          53.85127291164509
        ], 
        [
          12.310155665632768, 
          11.341303612701266, 
          52.7556575298473
        ], 
        [
          13.601541667101532, 
          19.421182012376693, 
          66.97276000991775
        ], 
        [
          -7.910516315429864, 
          14.663113664601168, 
          71.63088105122209
        ], 
        [
          -9.201902316898627, 
          6.583235264925741, 
          57.41377857115163
        ], 
        [
          12.062849919771729, 
          5.1123558019558075, 
          56.31816318935384
        ], 
        [
          13.354235921240493, 
          13.192234201631234, 
          70.53526566942429
        ]
      ], 
      "cuboid_centroid": [
        2.1998196751014527, 
        13.002208638651217, 
        62.193269290534694
      ], 
      "location": [
        2.1998196751014527, 
        13.002208638651217, 
        62.193269290534694
      ], 
      "pose_transform_permuted": [
        [
          0.03444369801862002, 
          0.8675414985611177, 
          -0.4961707165292329, 
          0.0
        ], 
        [
          0.07872576427927813, 
          0.49256736682495694, 
          0.866706203495609, 
          0.0
        ], 
        [
          -0.996301101929254, 
          0.06891398561582829, 
          0.05133202588146857, 
          0.0
        ], 
        [
          2.1998196751014527, 
          13.002208638651217, 
          62.193269290534694, 
          1.0
        ]
      ], 
      "projected_cuboid": [
        [
          421.0550202978498, 
          436.97702498803255
        ], 
        [
          392.1756019855833, 
          400.17282623390406
        ], 
        [
          607.0804595384928, 
          387.9384937820277
        ], 
        [
          590.8119154862608, 
          427.941903745036
        ], 
        [
          422.2094003471542, 
          382.4590841351559
        ], 
        [
          395.40779390533925, 
          334.4385536610289
        ], 
        [
          596.7813413276027, 
          321.6993290050791
        ], 
        [
          583.4103606059527, 
          373.0334770301093
        ]
      ], 
      "projected_cuboid_centroid": [
        500.6181606288935, 
        384.7830483043791
      ], 
      "quaternion_xyzw": [
        0.6410558607532457, 
        0.5806313302419459, 
        0.3514318941158149, 
        -0.35834378121233557
      ], 
      "visibility": 0.9646248168845966
    }, 
    {
      "bounding_box": {
        "bottom_right": [
          434, 
          450
        ], 
        "top_left": [
          380, 
          372
        ]
      }, 
      "class": "005_tomato_soup_can", 
      "cuboid": [
        [
          -15.95608372124963, 
          22.884194832890696, 
          77.3348708455439
        ], 
        [
          -10.56730683180485, 
          20.723527821617896, 
          73.86068095441996
        ], 
        [
          -4.434959954474119, 
          24.18444881109244, 
          81.22008044647473
        ], 
        [
          -9.823736843918901, 
          26.34511582236524, 
          84.69427033759868
        ], 
        [
          -16.337063222681774, 
          16.89404667887987, 
          80.46932875302898
        ], 
        [
          -10.948286333236993, 
          14.73337966760707, 
          76.99513886190502
        ], 
        [
          -4.815939455906261, 
          18.194300657081612, 
          84.3545383539598
        ], 
        [
          -10.204716345351045, 
          20.354967668354416, 
          87.82872824508374
        ]
      ], 
      "cuboid_centroid": [
        -10.386011588577947, 
        20.539247744986156, 
        80.84470459975185
      ], 
      "location": [
        -10.386011588577947, 
        20.539247744986156, 
        80.84470459975185
      ], 
      "pose_transform_permuted": [
        [
          0.056263033176105016, 
          0.8846247712855578, 
          -0.4628965825589118, 
          0.0
        ], 
        [
          -0.7964611924341829, 
          0.3193465715053653, 
          0.5134852453897862, 
          0.0
        ], 
        [
          -0.6020663482456529, 
          -0.33978900792491695, 
          -0.7225368796148371, 
          0.0
        ], 
        [
          -10.386011588577947, 
          20.539247744986156, 
          80.84470459975185, 
          1.0
        ]
      ], 
      "projected_cuboid": [
        [
          370.6431411174661, 
          431.1013647994693
        ], 
        [
          404.6587399976157, 
          422.92316570872805
        ], 
        [
          452.23287898591553, 
          432.09012557029166
        ], 
        [
          419.2215131905945, 
          439.1816585483095
        ], 
        [
          372.4190146306193, 
          385.2537442757333
        ], 
        [
          405.1299760678704, 
          375.33973275680233
        ], 
        [
          450.895236083951, 
          388.3174187362911
        ], 
        [
          419.1149021407622, 
          396.8873584562162
        ]
      ], 
      "projected_cuboid_centroid": [
        412.51124154748953, 
        408.7806696037373
      ], 
      "quaternion_xyzw": [
        0.28576490958414563, 
        0.8060934782824526, 
        0.498441463118143, 
        -0.1418018581380558
      ], 
      "visibility": 0.4187403993855607
    }, 
    {
      "bounding_box": {
        "bottom_right": [
          450, 
          573
        ], 
        "top_left": [
          378, 
          496
        ]
      }, 
      "class": "010_potted_meat_can", 
      "cuboid": [
        [
          12.806063384919893, 
          22.639169157558978, 
          71.04206567142606
        ], 
        [
          2.96700493306122, 
          21.029011219832157, 
          69.06182758626983
        ], 
        [
          3.2744755719118896, 
          13.86928557563533, 
          73.35578978900004
        ], 
        [
          13.113534023770566, 
          15.479443513362146, 
          75.33602787415627
        ], 
        [
          11.375386651074942, 
          25.463612121034775, 
          75.85396825230474
        ], 
        [
          1.5363281992162672, 
          23.85345418330796, 
          73.87373016714851
        ], 
        [
          1.8437988380669366, 
          16.693728539111127, 
          78.16769236987872
        ], 
        [
          11.682857289925611, 
          18.303886476837945, 
          80.14793045503495
        ]
      ], 
      "cuboid_centroid": [
        7.324931111493416, 
        19.66644884833505, 
        74.60487902065239
      ], 
      "location": [
        7.324931111493416, 
        19.66644884833505, 
        74.60487902065239
      ], 
      "pose_transform_permuted": [
        [
          0.2483770701378383, 
          -0.49034617775197503, 
          -0.8353852666739985, 
          0.0
        ], 
        [
          0.9679635289916331, 
          0.1584068401729552, 
          0.19481521067591176, 
          0.0
        ], 
        [
          -0.03680388010794834, 
          0.8570108846809297, 
          -0.5139823128741006, 
          0.0
        ], 
        [
          7.324931111493416, 
          19.66644884833505, 
          74.60487902065239, 
          1.0
        ]
      ], 
      "projected_cuboid": [
        [
          578.5345671071609, 
          443.24094660312414
        ], 
        [
          504.7002586657429, 
          435.67991635319316
        ], 
        [
          505.60192469095074, 
          374.12059107193284
        ], 
        [
          575.2041644646663, 
          382.8687736689581
        ], 
        [
          562.2424693579092, 
          452.3179494594941
        ], 
        [
          492.7807743768596, 
          445.49273649679117
        ], 
        [
          494.281704426865, 
          387.183879403807
        ], 
        [
          559.9848732685107, 
          395.08408223263467
        ]
      ], 
      "projected_cuboid_centroid": [
        534.3963556541814, 
        413.8738888348189
      ], 
      "quaternion_xyzw": [
        0.9566033243129779, 
        0.05101663231755487, 
        0.11582446703602196, 
        0.26247255918417745
      ], 
      "visibility": 0.35059843169624433
    }, 
    {
      "bounding_box": {
        "bottom_right": [
          363, 
          488
        ], 
        "top_left": [
          325, 
          305
        ]
      }, 
      "class": "037_scissors", 
      "cuboid": [
        [
          -18.946572309252023, 
          9.877570586920037, 
          65.80695395882682
        ], 
        [
          1.2454116618531588, 
          9.623388698372592, 
          64.17037091454924
        ], 
        [
          0.5825235504074668, 
          5.1265156376720755, 
          56.690152525837334
        ], 
        [
          -19.609460420697715, 
          5.38069752621952, 
          58.32673557011492
        ], 
        [
          -18.99475588065711, 
          11.220529600293833, 
          65.00387919937427
        ], 
        [
          1.19722809044807, 
          10.966347711746387, 
          63.36729615509669
        ], 
        [
          0.5343399790023782, 
          6.46947465104587, 
          55.88707776638478
        ], 
        [
          -19.657643992102802, 
          6.723656539593314, 
          57.52366081066237
        ]
      ], 
      "cuboid_centroid": [
        -9.206116165124822, 
        8.173522618982954, 
        60.8470158626058
      ], 
      "location": [
        -9.206116165124822, 
        8.173522618982954, 
        60.8470158626058
      ], 
      "pose_transform_permuted": [
        [
          0.030778390775684037, 
          -0.8578466913928169, 
          0.512982911970454, 
          0.0
        ], 
        [
          -0.9966526823407328, 
          0.012546120350816543, 
          0.08077982249226921, 
          0.0
        ], 
        [
          0.07573267357485204, 
          0.513752190955501, 
          0.8545890742639093, 
          0.0
        ], 
        [
          -9.206116165124822, 
          8.173522618982954, 
          60.8470158626058, 
          1.0
        ]
      ], 
      "projected_cuboid": [
        [
          326.76867732777725, 
          353.33737624779394
        ], 
        [
          492.03393537110384, 
          353.2664660411363
        ], 
        [
          487.12290015835435, 
          321.5148644400303
        ], 
        [
          300.8006963890756, 
          322.4857831269793
        ], 
        [
          324.45727428090106, 
          365.3445542581901
        ], 
        [
          491.7572972919235, 
          365.58285398998913
        ], 
        [
          486.7386657991506, 
          335.0234843763562
        ], 
        [
          297.82619177524015, 
          335.6236294069029
        ]
      ], 
      "projected_cuboid_centroid": [
        400.2337031737009, 
        344.9268577966072
      ], 
      "quaternion_xyzw": [
        0.032079281103563936, 
        -0.49242190860795526, 
        0.8693945860865894, 
        0.025385134477038333
      ], 
      "visibility": 0.7733766233766234
    }, 
    {
      "bounding_box": {
        "bottom_right": [
          426, 
          494
        ], 
        "top_left": [
          382, 
          437
        ]
      }, 
      "class": "061_foam_brick", 
      "cuboid": [
        [
          1.108820509335732, 
          19.96476624762759, 
          74.26854917630156
        ], 
        [
          -6.553776114012996, 
          20.42204606487505, 
          75.579694979081
        ], 
        [
          -6.365366537577474, 
          16.034751352514206, 
          78.2109263045119
        ], 
        [
          1.297230085771254, 
          15.577471535266746, 
          76.89978050173248
        ], 
        [
          2.0258565827514308, 
          22.65553330549267, 
          78.68944884961054
        ], 
        [
          -5.636740040597297, 
          23.112813122740132, 
          80.00059465238998
        ], 
        [
          -5.448330464161775, 
          18.725518410379287, 
          82.6318259778209
        ], 
        [
          2.214266159186953, 
          18.268238593131827, 
          81.32068017504145
        ]
      ], 
      "cuboid_centroid": [
        -2.1697549774130214, 
        19.34514232900344, 
        78.45018757706123
      ], 
      "location": [
        -2.1697549774130214, 
        19.34514232900344, 
        78.45018757706123
      ], 
      "pose_transform_permuted": [
        [
          -0.17447413738479306, 
          -0.5119419780028808, 
          -0.841114847415221, 
          0.0
        ], 
        [
          0.9839737076321461, 
          -0.05872047548885534, 
          -0.1683675991603215, 
          0.0
        ], 
        [
          -0.036803777964773354, 
          0.8570106865826475, 
          -0.5139826504957721, 
          0.0
        ], 
        [
          -2.1697549774130214, 
          19.34514232900344, 
          78.45018757706123, 
          1.0
        ]
      ], 
      "projected_cuboid": [
        [
          489.62582123716106, 
          416.6527533092506
        ], 
        [
          434.9656957478608, 
          417.3923999835992
        ], 
        [
          437.82997356362154, 
          382.6273591638906
        ], 
        [
          490.66866409316737, 
          381.32027451286365
        ], 
        [
          495.44178134858015, 
          426.8349457495137
        ], 
        [
          443.7069011058472, 
          427.3668409353345
        ], 
        [
          446.13959196588104, 
          394.14415615832996
        ], 
        [
          496.239748730953, 
          393.0938166562921
        ]
      ], 
      "projected_cuboid_centroid": [
        466.72373113032546, 
        404.7985657016509
      ], 
      "quaternion_xyzw": [
        0.9594398419950589, 
        -0.005710805556737255, 
        -0.08933382832846758, 
        0.2673238549186538
      ], 
      "visibility": 0.0004046944556859571
    }
  ]
}