{
  "camera_data": {
    "location_worldframe": [
      -22.709408073277295, 
      11.925151283282997, 
      77.10244153535952
    ], 
    "quaternion_xyzw_worldframe": [
      0.9347988879592486, 
      0.038836713307359785, 
      -0.12459468307658424, 
      -0.33033234168199005
    ]
  }, 
  "objects": [
    {
      "bounding_box": {
        "bottom_right": [
          441, 
          514
        ], 
        "top_left": [
          295, 
          304
        ]
      }, 
      "class": "003_cracker_box", 
      "cuboid": [
        [
          -17.720918976164178, 
          19.314129362999367, 
          66.49515024484428
        ], 
        [
          -19.257297325165293, 
          6.643654401234969, 
          56.190941323283226
        ], 
        [
          1.6066878275510454, 
          7.67561912777687, 
          51.81113316574928
        ], 
        [
          3.143066176552159, 
          20.346094089541268, 
          62.11534208731033
        ], 
        [
          -16.364793738090246, 
          14.767261050643981, 
          71.88396369714528
        ], 
        [
          -17.90117208709136, 
          2.096786088879585, 
          61.57975477558422
        ], 
        [
          2.962813065624978, 
          3.1287508154214856, 
          57.19994661805027
        ], 
        [
          4.499191414626091, 
          15.799225777185882, 
          67.50415553961132
        ]
      ], 
      "cuboid_centroid": [
        -7.379052955269601, 
        11.221440089210425, 
        61.84754843144727
      ], 
      "location": [
        -7.379052955269601, 
        11.221440089210425, 
        61.84754843144727
      ], 
      "pose_transform_permuted": [
        [
          -0.1888753858630281, 
          0.6332685823207717, 
          -0.7505311394342892, 
          0.0
        ], 
        [
          0.09366104294895738, 
          0.7724203483790726, 
          0.6281675050841661, 
          0.0
        ], 
        [
          -0.9775242695958019, 
          -0.04834985062430264, 
          0.20520378723552302, 
          0.0
        ], 
        [
          -7.379052955269601, 
          11.221440089210425, 
          61.84754843144727, 
          1.0
        ]
      ], 
      "projected_cuboid": [
        [
          338.28327023071256, 
          428.19412723057843
        ], 
        [
          297.29900720431954, 
          336.3428049269335
        ], 
        [
          498.2733865110396, 
          352.2957729408542
        ], 
        [
          508.80818698653115, 
          447.9772030307035
        ], 
        [
          359.17202770607844, 
          382.8474066793546
        ], 
        [
          325.2696160228183, 
          291.4460302852873
        ], 
        [
          509.45188983134295, 
          302.4583148690803
        ], 
        [
          517.4393551570524, 
          398.10902392411475
        ]
      ], 
      "projected_cuboid_centroid": [
        417.43625326846154, 
        370.0504987646362
      ], 
      "quaternion_xyzw": [
        0.6700452096237506, 
        0.6529203525525978, 
        0.1639039101062348, 
        -0.3128417148251536
      ], 
      "visibility": 0.9677223637908021
    }, 
    {
      "bounding_box": {
        "bottom_right": [
          466, 
          393
        ], 
        "top_left": [
          391, 
          311
        ]
      }, 
      "class": "005_tomato_soup_can", 
      "cuboid": [
        [
          -25.017714070263843, 
          23.344166128507773, 
          75.93581328143519
        ], 
        [
          -19.798226007903594, 
          20.821483672557633, 
          72.44720162481232
        ], 
        [
          -13.543320854707346, 
          27.426350838354423, 
          77.02937408442666
        ], 
        [
          -18.762808917067588, 
          29.949033294304563, 
          80.5179857410495
        ], 
        [
          -23.889464680520618, 
          18.85006100035063, 
          80.8736183680017
        ], 
        [
          -18.669976618160376, 
          16.327378544400496, 
          77.38500671137885
        ], 
        [
          -12.415071464964125, 
          22.932245710197282, 
          81.96717917099318
        ], 
        [
          -17.63455952732437, 
          25.454928166147422, 
          85.45579082761603
        ]
      ], 
      "cuboid_centroid": [
        -18.716392767613982, 
        23.13820591935253, 
        78.95149622621418
      ], 
      "location": [
        -18.716392767613982, 
        23.13820591935253, 
        78.95149622621418
      ], 
      "pose_transform_permuted": [
        [
          -0.16661981184662084, 
          0.6636892141753323, 
          -0.7292148012118561, 
          0.0
        ], 
        [
          -0.7714403047908965, 
          0.3728524520906367, 
          0.5156167822453492, 
          0.0
        ], 
        [
          -0.614098970514691, 
          -0.6484578147167364, 
          -0.4498721117668786, 
          0.0
        ], 
        [
          -18.716392767613982, 
          23.13820591935253, 
          78.95149622621418, 
          1.0
        ]
      ], 
      "projected_cuboid": [
        [
          304.4260367011368, 
          437.2394926036713
        ], 
        [
          334.6379964949709, 
          426.5637487529563
        ], 
        [
          387.04728567424934, 
          463.17526771439526
        ], 
        [
          356.2839056403381, 
          471.6571977277612
        ], 
        [
          322.74558243045084, 
          397.5929172225952
        ], 
        [
          351.85563642116404, 
          385.81105777703505
        ], 
        [
          400.1452150821911, 
          422.4952315955833
        ], 
        [
          370.6246997409197, 
          432.14776374208986
        ]
      ], 
      "projected_cuboid_centroid": [
        354.1137020366995, 
        429.5857713851963
      ], 
      "quaternion_xyzw": [
        0.278081223002183, 
        0.8872870055285788, 
        0.31375454588079843, 
        -0.19222545519122783
      ], 
      "visibility": 0.5001356116083536
    }, 
    {
      "bounding_box": {
        "bottom_right": [
          491, 
          508
        ], 
        "top_left": [
          400, 
          417
        ]
      }, 
      "class": "010_potted_meat_can", 
      "cuboid": [
        [
          2.279520918914478, 
          24.65911604265668, 
          64.97887391437395
        ], 
        [
          -7.260299078613765, 
          21.181816082983804, 
          65.44923769129426
        ], 
        [
          -5.099878554354766, 
          16.103148940459526, 
          71.72092359750843
        ], 
        [
          4.439941443173477, 
          19.580448900132403, 
          71.25055982058811
        ], 
        [
          0.9622709035274738, 
          28.786398151060688, 
          68.7748079513629
        ], 
        [
          -8.57754909400077, 
          25.309098191387807, 
          69.24517172828322
        ], 
        [
          -6.41712856974177, 
          20.23043104886353, 
          75.5168576344974
        ], 
        [
          3.1226914277864726, 
          23.707731008536406, 
          75.04649385757708
        ]
      ], 
      "cuboid_centroid": [
        -2.0688038254136463, 
        22.444773545760103, 
        70.24786577443567
      ], 
      "location": [
        -2.0688038254136463, 
        22.444773545760103, 
        70.24786577443567
      ], 
      "pose_transform_permuted": [
        [
          0.22868527300472863, 
          -0.7165296069103494, 
          -0.6590048976402741, 
          0.0
        ], 
        [
          0.9385245423567921, 
          0.3420956951111086, 
          -0.04627424297206131, 
          0.0
        ], 
        [
          -0.2585998398246924, 
          0.6079105872363294, 
          -0.7507135544058228, 
          0.0
        ], 
        [
          -2.0688038254136463, 
          22.444773545760103, 
          70.24786577443567, 
          1.0
        ]
      ], 
      "projected_cuboid": [
        [
          500.46234414924743, 
          475.6783108300778
        ], 
        [
          421.9427821994285, 
          445.8886602165031
        ], 
        [
          443.3581418294338, 
          393.03018111777504
        ], 
        [
          515.1075531752748, 
          419.8487105737281
        ], 
        [
          489.12125831183783, 
          496.51289542585573
        ], 
        [
          414.98307785290666, 
          468.214752627704
        ], 
        [
          435.89997642333515, 
          416.1590752177272
        ], 
        [
          503.9734787515685, 
          441.7660574031102
        ]
      ], 
      "projected_cuboid_centroid": [
        465.75988679802305, 
        443.68655141716994
      ], 
      "quaternion_xyzw": [
        0.8951871350775485, 
        0.16775697264789333, 
        0.050942150217804856, 
        0.4097587822207331
      ], 
      "visibility": 0.6027135153939815
    }, 
    {
      "bounding_box": {
        "bottom_right": [
          334, 
          411
        ], 
        "top_left": [
          277, 
          250
        ]
      }, 
      "class": "037_scissors", 
      "cuboid": [
        [
          -26.963068073036073, 
          6.8353948975522245, 
          70.04647584682573
        ], 
        [
          -7.437462186808317, 
          8.663533333910028, 
          64.96043083956614
        ], 
        [
          -8.184193355709537, 
          1.7715799104657932, 
          59.61643180460735
        ], 
        [
          -27.70979924193729, 
          -0.0565585258920101, 
          64.70247681186694
        ], 
        [
          -27.35875782712411, 
          7.790076697402765, 
          68.8705498640492
        ], 
        [
          -7.833151940896353, 
          9.618215133760568, 
          63.78450485678962
        ], 
        [
          -8.579883109797573, 
          2.7262617103163334, 
          58.440505821830826
        ], 
        [
          -28.105488996025326, 
          0.8981232739585301, 
          63.52655082909041
        ]
      ], 
      "cuboid_centroid": [
        -17.77147559141682, 
        4.780828303934279, 
        64.24349083432827
      ], 
      "location": [
        -17.77147559141682, 
        4.780828303934279, 
        64.24349083432827
      ], 
      "pose_transform_permuted": [
        [
          0.25275614741935504, 
          -0.609825478796482, 
          0.7511504101033275, 
          0.0
        ], 
        [
          -0.9637610404546969, 
          -0.0902347723182385, 
          0.2510412253815551, 
          0.0
        ], 
        [
          0.08531145284719273, 
          0.7873818369927851, 
          0.6105334030145988, 
          0.0
        ], 
        [
          -17.77147559141682, 
          4.780828303934279, 
          64.24349083432827, 
          1.0
        ]
      ], 
      "projected_cuboid": [
        [
          274.59496593124277, 
          325.32984085286625
        ], 
        [
          420.02728737517276, 
          344.41340593342557
        ], 
        [
          407.7723773495017, 
          289.1348239456243
        ], 
        [
          251.2916201003045, 
          272.8203460991491
        ], 
        [
          267.97084481562916, 
          333.61131345268234
        ], 
        [
          415.5561510276029, 
          353.70704916208393
        ], 
        [
          402.64579466546206, 
          298.1660070844939
        ], 
        [
          243.67889963720742, 
          280.82648346647375
        ]
      ], 
      "projected_cuboid_centroid": [
        332.83709369349776, 
        312.97475113974974
      ], 
      "quaternion_xyzw": [
        0.13460142163878103, 
        -0.32604783047607794, 
        0.9357207499503803, 
        -0.0013153816112624523
      ], 
      "visibility": 0.684430176565008
    }, 
    {
      "bounding_box": {
        "bottom_right": [
          459, 
          438
        ], 
        "top_left": [
          403, 
          370
        ]
      }, 
      "class": "061_foam_brick", 
      "cuboid": [
        [
          -8.225302833831675, 
          21.789515051044827, 
          70.96240172704589
        ], 
        [
          -15.615736607907001, 
          21.673512037610614, 
          73.41426369123641
        ], 
        [
          -14.291885974518303, 
          18.561436334170732, 
          77.25739206094599
        ], 
        [
          -6.901452200442974, 
          18.67743934760495, 
          74.80553009675545
        ], 
        [
          -7.278078531675912, 
          25.962074141960034, 
          74.01495036635166
        ], 
        [
          -14.668512305751241, 
          25.846071128525814, 
          76.46681233054218
        ], 
        [
          -13.34466167236254, 
          22.73399542508594, 
          80.30994070025174
        ], 
        [
          -5.954227898287212, 
          22.849998438520153, 
          77.85807873606122
        ]
      ], 
      "cuboid_centroid": [
        -10.784982253097107, 
        22.261755238065383, 
        75.63617121364882
      ], 
      "location": [
        -10.784982253097107, 
        22.261755238065383, 
        75.63617121364882
      ], 
      "pose_transform_permuted": [
        [
          -0.1802177120611731, 
          -0.7938658785394342, 
          -0.5807740895996036, 
          0.0
        ], 
        [
          0.9490245773251612, 
          0.014896244815700954, 
          -0.3148498904608193, 
          0.0
        ], 
        [
          -0.25859993792001446, 
          0.607910411805229, 
          -0.7507136626747657, 
          0.0
        ], 
        [
          -10.784982253097107, 
          22.261755238065383, 
          75.63617121364882, 
          1.0
        ]
      ], 
      "projected_cuboid": [
        [
          419.26445645441413, 
          437.04614591048306
        ], 
        [
          367.2108335510405, 
          430.7342576012548
        ], 
        [
          382.11581794035243, 
          401.41896938668543
        ], 
        [
          431.9837228839224, 
          406.44573295920145
        ], 
        [
          428.7173639415775, 
          460.3579673496178
        ], 
        [
          378.4386154877778, 
          453.55056966739454
        ], 
        [
          392.2397764109845, 
          424.2576986896083
        ], 
        [
          440.4713494703421, 
          429.8066042420554
        ]
      ], 
      "projected_cuboid_centroid": [
        404.9171513429448, 
        430.25680543041244
      ], 
      "quaternion_xyzw": [
        0.8856789879423009, 
        0.0771995797741373, 
        -0.1397423923514838, 
        0.4359874069053855
      ], 
      "visibility": 0.44466403162055335
    }
  ]
}