{
  "camera_data": {
    "location_worldframe": [
      -23.46248405738548, 
      14.51112304029841, 
      74.8121660055243
    ], 
    "quaternion_xyzw_worldframe": [
      0.9241200191253721, 
      0.037800858802289, 
      -0.12781815169772298, 
      -0.35810192177115174
    ]
  }, 
  "objects": [
    {
      "bounding_box": {
        "bottom_right": [
          476, 
          508
        ], 
        "top_left": [
          328, 
          285
        ]
      }, 
      "class": "003_cracker_box", 
      "cuboid": [
        [
          -18.548716494421296, 
          22.4798283760353, 
          64.59689057367703
        ], 
        [
          -20.280893323332833, 
          10.442274620833656, 
          53.58893986924665
        ], 
        [
          0.5380546603692249, 
          11.612602684564676, 
          49.03314309792912
        ], 
        [
          2.2702314892807633, 
          23.650156439766317, 
          60.041093802359505
        ], 
        [
          -17.159866561984327, 
          17.618178272663133, 
          69.69471870656794
        ], 
        [
          -18.892043390895864, 
          5.58062451746149, 
          58.686768002137555
        ], 
        [
          1.9269045928061916, 
          6.75095258119251, 
          54.13097123082002
        ], 
        [
          3.6590814217177305, 
          18.788506336394153, 
          65.13892193525041
        ]
      ], 
      "cuboid_centroid": [
        -8.310905950807552, 
        14.615390478613904, 
        59.363930902248526
      ], 
      "location": [
        -8.310905950807552, 
        14.615390478613904, 
        59.363930902248526
      ], 
      "pose_transform_permuted": [
        [
          -0.1934331428470707, 
          0.6771100584409208, 
          -0.7100039352048959, 
          0.0
        ], 
        [
          0.10559735398077708, 
          0.7338360632323042, 
          0.6710691701545921, 
          0.0
        ], 
        [
          -0.9754141777114804, 
          -0.05483248177720207, 
          0.21344924657067643, 
          0.0
        ], 
        [
          -8.310905950807552, 
          14.615390478613904, 
          59.363930902248526, 
          1.0
        ]
      ], 
      "projected_cuboid": [
        [
          327.1804676383529, 
          458.88266486608546
        ], 
        [
          278.0786806929321, 
          377.2085331119563
        ], 
        [
          487.49810701427157, 
          399.593522032917
        ], 
        [
          501.930622844886, 
          483.36085168244375
        ], 
        [
          349.19164500584577, 
          408.1047805540414
        ], 
        [
          308.4837506369504, 
          324.0008036124687
        ], 
        [
          500.7398986636787, 
          339.7995735827589
        ], 
        [
          511.8051577386051, 
          427.1158933044254
        ]
      ], 
      "projected_cuboid_centroid": [
        406.3105085982378, 
        404.58973572238295
      ], 
      "quaternion_xyzw": [
        0.6634698198502459, 
        0.644057268998907, 
        0.1799765464144738, 
        -0.33556888285159997
      ], 
      "visibility": 0.9670930186512493
    }, 
    {
      "bounding_box": {
        "bottom_right": [
          486, 
          387
        ], 
        "top_left": [
          412, 
          303
        ]
      }, 
      "class": "005_tomato_soup_can", 
      "cuboid": [
        [
          -25.712669364559265, 
          25.991500501141267, 
          74.34152640135852
        ], 
        [
          -20.54894368967176, 
          23.64814629569307, 
          70.65072406044125
        ], 
        [
          -14.201380716692928, 
          29.938909131049424, 
          75.53735484824557
        ], 
        [
          -19.365106391580433, 
          32.28226333649762, 
          79.22815718916283
        ], 
        [
          -24.556474752420467, 
          21.210156858020472, 
          78.99489224196851
        ], 
        [
          -19.39274907753296, 
          18.86680265257228, 
          75.30408990105127
        ], 
        [
          -13.04518610455413, 
          25.15756548792863, 
          80.19072068885558
        ], 
        [
          -18.208911779441635, 
          27.500919693376822, 
          83.88152302977284
        ]
      ], 
      "cuboid_centroid": [
        -19.378927734556697, 
        25.574532994534948, 
        77.26612354510705
      ], 
      "location": [
        -19.378927734556697, 
        25.574532994534948, 
        77.26612354510705
      ], 
      "pose_transform_permuted": [
        [
          -0.17074676085265808, 
          0.7061085832912678, 
          -0.6872088279989166, 
          0.0
        ], 
        [
          -0.7631986242517551, 
          0.34634773772555033, 
          0.5455005641899395, 
          0.0
        ], 
        [
          -0.6231960024192504, 
          -0.6176194340805229, 
          -0.4797634596493573, 
          0.0
        ], 
        [
          -19.378927734556697, 
          25.574532994534948, 
          77.26612354510705, 
          1.0
        ]
      ], 
      "projected_cuboid": [
        [
          295.59943015227543, 
          459.7472805067321
        ], 
        [
          325.18702989083124, 
          451.7987852784309
        ], 
        [
          380.49488505040654, 
          484.6654851321233
        ], 
        [
          350.1557004260349, 
          490.5926553676546
        ], 
        [
          314.4269122513266, 
          416.4830370647563
        ], 
        [
          343.10893818885927, 
          406.90524766458134
        ], 
        [
          394.1152304017599, 
          440.60043944494333
        ], 
        [
          364.8598282311698, 
          448.1376672639716
        ]
      ], 
      "projected_cuboid_centroid": [
        346.721789206781, 
        449.8114967944597
      ], 
      "quaternion_xyzw": [
        0.2767628731141201, 
        0.8757891992841649, 
        0.338515262551168, 
        -0.2044576838890082
      ], 
      "visibility": 0.3329904859861147
    }, 
    {
      "bounding_box": {
        "bottom_right": [
          520, 
          503
        ], 
        "top_left": [
          426, 
          409
        ]
      }, 
      "class": "010_potted_meat_can", 
      "cuboid": [
        [
          1.4661323708914167, 
          27.793115150470815, 
          63.16154889074907
        ], 
        [
          -8.089217251184534, 
          24.347332264258846, 
          63.539565528479734
        ], 
        [
          -5.8894339640027065, 
          18.898705691356714, 
          69.47823060161704
        ], 
        [
          3.665915658073245, 
          22.344488577568686, 
          69.10021396388638
        ], 
        [
          0.21780045404488774, 
          31.698634562084976, 
          67.20720161552012
        ], 
        [
          -9.337549168031064, 
          28.252851675873007, 
          67.58521825325079
        ], 
        [
          -7.137765880849235, 
          22.804225102970875, 
          73.5238833263881
        ], 
        [
          2.4175837412267156, 
          26.250007989182844, 
          73.14586668865742
        ]
      ], 
      "cuboid_centroid": [
        -2.835816754978909, 
        25.298670126720847, 
        68.34271610856858
      ], 
      "location": [
        -2.835816754978909, 
        25.298670126720847, 
        68.34271610856858
      ], 
      "pose_transform_permuted": [
        [
          0.21672053282967166, 
          -0.6780298063673593, 
          -0.7023580846759582, 
          0.0
        ], 
        [
          0.9400523420191952, 
          0.3389950551667503, 
          -0.03718915996542436, 
          0.0
        ], 
        [
          -0.26331151705262107, 
          0.6521943034679927, 
          -0.7108513455789103, 
          0.0
        ], 
        [
          -2.835816754978909, 
          25.298670126720847, 
          68.34271610856858, 
          1.0
        ]
      ], 
      "projected_cuboid": [
        [
          494.0798730994922, 
          507.9643260881757
        ], 
        [
          413.13437292872607, 
          477.64596327029403
        ], 
        [
          436.01263721061935, 
          418.35427725045935
        ], 
        [
          510.1266122229032, 
          445.742636895823
        ], 
        [
          483.3398175721468, 
          524.8295596424002
        ], 
        [
          407.29978802901087, 
          496.2317243491368
        ], 
        [
          429.3904461066343, 
          438.70135662571124
        ], 
        [
          499.3709995456321, 
          464.680036381272
        ]
      ], 
      "projected_cuboid_centroid": [
        459.2830567488067, 
        470.70737483160326
      ], 
      "quaternion_xyzw": [
        0.9075523029229702, 
        0.1659151131784669, 
        0.04945482819172718, 
        0.38258983737716135
      ], 
      "visibility": 0.48717529815389643
    }, 
    {
      "bounding_box": {
        "bottom_right": [
          362, 
          399
        ], 
        "top_left": [
          307, 
          231
        ]
      }, 
      "class": "037_scissors", 
      "cuboid": [
        [
          -27.827586470620147, 
          9.86636689653531, 
          67.52121495065688
        ], 
        [
          -8.349959849247124, 
          11.88018848495442, 
          62.322579265109255
        ], 
        [
          -9.200254330583741, 
          5.316756356556078, 
          56.59428867313587
        ], 
        [
          -28.67788095195676, 
          3.302934768136967, 
          61.79292435868351
        ], 
        [
          -28.230641340118908, 
          10.89035847067577, 
          66.40776191361952
        ], 
        [
          -8.753014718745886, 
          12.90418005909488, 
          61.20912622807189
        ], 
        [
          -9.603309200082503, 
          6.340747930696539, 
          55.48083563609851
        ], 
        [
          -29.080935821455522, 
          4.326926342277428, 
          60.67947132164614
        ]
      ], 
      "cuboid_centroid": [
        -18.715447835351323, 
        8.103557413615924, 
        61.5010252933777
      ], 
      "location": [
        -18.715447835351323, 
        8.103557413615924, 
        61.5010252933777
      ], 
      "pose_transform_permuted": [
        [
          0.2574607883085407, 
          -0.6540987291069454, 
          0.7112443450110898, 
          0.0
        ], 
        [
          -0.9613928401291303, 
          -0.09939987525375038, 
          0.2565985694089135, 
          0.0
        ], 
        [
          0.09714320303184365, 
          0.7498494155018671, 
          0.6544373840069352, 
          0.0
        ], 
        [
          -18.715447835351323, 
          8.103557413615924, 
          61.5010252933777, 
          1.0
        ]
      ], 
      "projected_cuboid": [
        [
          259.96784163712016, 
          351.21651427879755
        ], 
        [
          409.54761271114506, 
          374.95012837679695
        ], 
        [
          394.1754255119785, 
          323.38930188889987
        ], 
        [
          232.02266161527, 
          301.7933583345127
        ], 
        [
          252.98790240855323, 
          360.7468178161933
        ], 
        [
          404.69585104779554, 
          385.72160043664184
        ], 
        [
          388.5142220170741, 
          334.2381261221178
        ], 
        [
          223.87101201690498, 
          311.31644336811
        ]
      ], 
      "projected_cuboid_centroid": [
        317.94948151592365, 
        343.55830729612427
      ], 
      "quaternion_xyzw": [
        0.13893523351673234, 
        -0.35365910125203714, 
        0.9249981892741855, 
        -0.0006099126052553314
      ], 
      "visibility": 0.7069608452454941
    }, 
    {
      "bounding_box": {
        "bottom_right": [
          482, 
          432
        ], 
        "top_left": [
          424, 
          362
        ]
      }, 
      "class": "061_foam_brick", 
      "cuboid": [
        [
          -8.987793832774422, 
          24.636991124697616, 
          69.08973596242087
        ], 
        [
          -16.350500634604217, 
          24.418881471454352, 
          71.6169027335333
        ], 
        [
          -15.002527367035299, 
          21.080103286678213, 
          75.25596300403082
        ], 
        [
          -7.639820565205505, 
          21.29821293992148, 
          72.7287962329184
        ], 
        [
          -7.9800055363818565, 
          28.618591214920453, 
          72.36948593952168
        ], 
        [
          -15.342712338211651, 
          28.40048156167719, 
          74.89665271063409
        ], 
        [
          -13.994739070642733, 
          25.06170337690105, 
          78.53571298113162
        ], 
        [
          -6.6320322688129405, 
          25.279813030144314, 
          76.0085462100192
        ]
      ], 
      "cuboid_centroid": [
        -11.491266451708578, 
        24.849347250799333, 
        73.81272447177625
      ], 
      "location": [
        -11.491266451708578, 
        24.849347250799333, 
        73.81272447177625
      ], 
      "pose_transform_permuted": [
        [
          -0.19174054192290924, 
          -0.7575342576931953, 
          -0.6240011322139798, 
          0.0
        ], 
        [
          0.9454640856246431, 
          0.02800802061251484, 
          -0.3245199740776006, 
          0.0
        ], 
        [
          -0.2633120342427719, 
          0.6521942955918799, 
          -0.710851161228808, 
          0.0
        ], 
        [
          -11.491266451708578, 
          24.849347250799333, 
          73.81272447177625, 
          1.0
        ]
      ], 
      "projected_cuboid": [
        [
          411.6400479142896, 
          463.46514634030467
        ], 
        [
          358.82282756177153, 
          455.13003010112203
        ], 
        [
          374.39201753971656, 
          422.67578833829737
        ], 
        [
          425.1074691770201, 
          429.46613445147875
        ], 
        [
          422.2991511545859, 
          484.18834196055644
        ], 
        [
          371.43515488389903, 
          475.51898015548863
        ], 
        [
          385.76974640886516, 
          443.47531823404387
        ], 
        [
          434.6751307592992, 
          450.6642148367237
        ]
      ], 
      "projected_cuboid_centroid": [
        397.8772272874596, 
        452.83069669811766
      ], 
      "quaternion_xyzw": [
        0.8974490951344405, 
        0.08115225042698557, 
        -0.14381331453768212, 
        0.4090442084355869
      ], 
      "visibility": 0.2844963688032839
    }
  ]
}