{
  "camera_data": {
    "location_worldframe": [
      -14.64293726887952, 
      1.307689438891617, 
      69.72765992023658
    ], 
    "quaternion_xyzw_worldframe": [
      -0.8391434651979931, 
      -0.04793755634128177, 
      -0.07909988187380944, 
      0.5359923157642164
    ]
  }, 
  "objects": [
    {
      "bounding_box": {
        "bottom_right": [
          354, 
          641
        ], 
        "top_left": [
          239, 
          430
        ]
      }, 
      "class": "003_cracker_box", 
      "cuboid": [
        [
          -5.571469148905283, 
          11.0420713744459, 
          65.86145836066902
        ], 
        [
          -4.124125401449404, 
          4.55947164532588, 
          50.862818005094454
        ], 
        [
          16.90109666840904, 
          2.3919663871424124, 
          53.82853967363989
        ], 
        [
          15.453752920953157, 
          8.874566116262434, 
          68.82718002921443
        ], 
        [
          -6.632435999617997, 
          4.486967327962906, 
          68.59227468851195
        ], 
        [
          -5.185092252162117, 
          -1.9956324011571152, 
          53.59363433293741
        ], 
        [
          15.840129817696324, 
          -4.163137659340582, 
          56.55935600148283
        ], 
        [
          14.392786070240444, 
          2.319462069779438, 
          71.55799635705739
        ]
      ], 
      "cuboid_centroid": [
        5.1343303343955204, 
        3.4394668575526586, 
        61.21040718107592
      ], 
      "location": [
        5.1343303343955204, 
        3.4394668575526586, 
        61.21040718107592
      ], 
      "pose_transform_permuted": [
        [
          0.14776697438420539, 
          0.9129671592206399, 
          -0.38033654500446346, 
          0.0
        ], 
        [
          -0.08823329551637143, 
          0.39519370475688065, 
          0.9143504914871823, 
          0.0
        ], 
        [
          -0.9850785790197948, 
          0.10155245888271747, 
          -0.138950679203866, 
          0.0
        ], 
        [
          5.1343303343955204, 
          3.4394668575526586, 
          61.21040718107592, 
          1.0
        ]
      ], 
      "projected_cuboid": [
        [
          436.10558274722416, 
          362.700787974452
        ], 
        [
          437.99338506359913, 
          321.0946542584826
        ], 
        [
          650.4443331377158, 
          296.98553714218883
        ], 
        [
          602.3411161293724, 
          342.0526838549243
        ], 
        [
          429.5987143755924, 
          308.1736671212495
        ], 
        [
          429.5693222114036, 
          253.4276526194877
        ], 
        [
          632.2043683485531, 
          234.03073667589345
        ], 
        [
          589.7599979124169, 
          290.57341865461177
        ]
      ], 
      "projected_cuboid_centroid": [
        526.7047270518304, 
        303.25423653593964
      ], 
      "quaternion_xyzw": [
        0.5902659799553946, 
        0.58459759271616, 
        0.44984697659165873, 
        -0.3278252966888186
      ], 
      "visibility": 0.9813103519883709
    }, 
    {
      "bounding_box": {
        "bottom_right": [
          363, 
          443
        ], 
        "top_left": [
          309, 
          366
        ]
      }, 
      "class": "005_tomato_soup_can", 
      "cuboid": [
        [
          -15.518121847458499, 
          12.366487763791989, 
          73.47204562550415
        ], 
        [
          -9.57971758459013, 
          10.377024686910234, 
          70.91181415669602
        ], 
        [
          -4.988802327732222, 
          12.804660820088865, 
          79.67391967490249
        ], 
        [
          -10.927206590600596, 
          14.794123896970618, 
          82.23415114371062
        ], 
        [
          -16.620246682694848, 
          6.098893606964176, 
          75.7860099714178
        ], 
        [
          -10.681842419826475, 
          4.109430530082421, 
          73.22577850260967
        ], 
        [
          -6.090927162968569, 
          6.537066663261052, 
          81.98788402081614
        ], 
        [
          -12.02933142583694, 
          8.526529740142806, 
          84.54811548962427
        ]
      ], 
      "cuboid_centroid": [
        -10.804524505213536, 
        9.45177721352652, 
        77.72996482316015
      ], 
      "location": [
        -10.804524505213536, 
        9.45177721352652, 
        77.72996482316015
      ], 
      "pose_transform_permuted": [
        [
          0.16276173898074242, 
          0.9255979827113442, 
          -0.34172613558751314, 
          0.0
        ], 
        [
          -0.8776961149801269, 
          0.2940426310134874, 
          0.3784021959692855, 
          0.0
        ], 
        [
          -0.4507304689529915, 
          -0.2383423591015542, 
          -0.860252849001572, 
          0.0
        ], 
        [
          -10.804524505213536, 
          9.45177721352652, 
          77.72996482316015, 
          1.0
        ]
      ], 
      "projected_cuboid": [
        [
          368.01526417797373, 
          363.0525169102594
        ], 
        [
          408.9487032568377, 
          351.3309449169341
        ], 
        [
          447.9248411717965, 
          358.99810331024423
        ], 
        [
          410.13942726263593, 
          369.2320287584515
        ], 
        [
          363.66276121947834, 
          316.2055331561122
        ], 
        [
          403.1505081419555, 
          303.21643182744236
        ], 
        [
          441.6462702485219, 
          315.80923154341593
        ], 
        [
          405.08511420529805, 
          327.0708862259255
        ]
      ], 
      "projected_cuboid_centroid": [
        406.8474597140342, 
        338.1369196227061
      ], 
      "quaternion_xyzw": [
        0.2375329395833503, 
        0.7838629678823326, 
        0.5695672920158268, 
        -0.0687749217095664
      ], 
      "visibility": 0.8000617093489664
    }, 
    {
      "bounding_box": {
        "bottom_right": [
          368, 
          577
        ], 
        "top_left": [
          299, 
          500
        ]
      }, 
      "class": "010_potted_meat_can", 
      "cuboid": [
        [
          13.913387325148975, 
          11.674630137355155, 
          72.99066491591559
        ], 
        [
          4.644886006553863, 
          10.66301238608061, 
          68.94189528676571
        ], 
        [
          3.965146374763812, 
          3.084586958962459, 
          72.39149569420186
        ], 
        [
          13.233647693358924, 
          4.096204710237004, 
          76.44026532335172
        ], 
        [
          11.595415123732888, 
          14.030028489068211, 
          77.70848474044998
        ], 
        [
          2.326913805137776, 
          13.018410737793667, 
          73.65971511130012
        ], 
        [
          1.647174173347725, 
          5.4399853106755165, 
          77.10931551873627
        ], 
        [
          10.915675491942837, 
          6.4516030619500615, 
          81.15808514788614
        ]
      ], 
      "cuboid_centroid": [
        7.78028074924835, 
        8.557307724015335, 
        75.04999021732593
      ], 
      "location": [
        7.78028074924835, 
        8.557307724015335, 
        75.04999021732593
      ], 
      "pose_transform_permuted": [
        [
          0.40241875081130435, 
          -0.4089162336719625, 
          -0.8190517380588493, 
          0.0
        ], 
        [
          0.9118322945948278, 
          0.09952264165371516, 
          0.39831670453850326, 
          0.0
        ], 
        [
          0.08136404830892513, 
          0.9071287647798628, 
          -0.4129131818575705, 
          0.0
        ], 
        [
          7.78028074924835, 
          8.557307724015335, 
          75.04999021732593, 
          1.0
        ]
      ], 
      "projected_cuboid": [
        [
          584.1049593795035, 
          358.58934876832393
        ], 
        [
          517.828341124788, 
          355.7732943643124
        ], 
        [
          511.05236666142997, 
          296.01117732523556
        ], 
        [
          574.696949445458, 
          301.86553596641363
        ], 
        [
          561.8405205995618, 
          369.5757523530836
        ], 
        [
          498.58505929103666, 
          367.5439401142024
        ], 
        [
          493.0845397950358, 
          310.9117027080196
        ], 
        [
          553.9257532998398, 
          315.68239108116194
        ]
      ], 
      "projected_cuboid_centroid": [
        537.345977585751, 
        334.09640318226366
      ], 
      "quaternion_xyzw": [
        0.9536787715779277, 
        0.004760144056353844, 
        0.20990701460852887, 
        0.21543664387374356
      ], 
      "visibility": 0.36040165902641347
    }, 
    {
      "bounding_box": {
        "bottom_right": [
          289, 
          520
        ], 
        "top_left": [
          246, 
          324
        ]
      }, 
      "class": "037_scissors", 
      "cuboid": [
        [
          -16.356968778587838, 
          0.770809545382199, 
          60.21134794629711
        ], 
        [
          3.746273929219672, 
          -0.08932293176592632, 
          62.57334581576911
        ], 
        [
          4.519874729209465, 
          -3.744871058057654, 
          54.65795164909656
        ], 
        [
          -15.583367978598044, 
          -2.8847385809095285, 
          52.29595377962456
        ], 
        [
          -16.22064009951349, 
          2.1916931813789056, 
          59.56846862508382
        ], 
        [
          3.882602608294024, 
          1.3315607042307802, 
          61.930466494555816
        ], 
        [
          4.656203408283817, 
          -2.3239874220609478, 
          54.01507232788326
        ], 
        [
          -15.447039299523697, 
          -1.4638549449128224, 
          51.65307445841126
        ]
      ], 
      "cuboid_centroid": [
        -5.850382685152011, 
        -0.7765889383393744, 
        57.113210137090185
      ], 
      "location": [
        -5.850382685152011, 
        -0.7765889383393744, 
        57.113210137090185
      ], 
      "pose_transform_permuted": [
        [
          -0.08708315378299283, 
          -0.9076228789230409, 
          0.4106543037990577, 
          0.0
        ], 
        [
          -0.9922725175076736, 
          0.04245513178619751, 
          -0.11658544874347555, 
          0.0
        ], 
        [
          -0.08838121524777316, 
          0.41763372763141593, 
          0.9043064014733243, 
          0.0
        ], 
        [
          -5.850382685152011, 
          -0.7765889383393744, 
          57.113210137090185, 
          1.0
        ]
      ], 
      "projected_cuboid": [
        [
          335.50850689934384, 
          280.1139524052782
        ], 
        [
          513.7930671645706, 
          272.52522870324384
        ], 
        [
          526.0668291583131, 
          236.74632724439417
        ], 
        [
          321.35188817039915, 
          243.8676734931503
        ], 
        [
          335.1626081717245, 
          292.90888048764896
        ], 
        [
          515.3110728393823, 
          284.75338846624254
        ], 
        [
          527.9533645820403, 
          250.3405721646179
        ], 
        [
          320.776788715928, 
          258.17219063174343
        ]
      ], 
      "projected_cuboid_centroid": [
        426.51129663843284, 
        266.0347990598034
      ], 
      "quaternion_xyzw": [
        -0.06063541778396441, 
        -0.5394404810017464, 
        0.8397262275495132, 
        -0.013672933497503413
      ], 
      "visibility": 0.816793893129771
    }, 
    {
      "bounding_box": {
        "bottom_right": [
          353, 
          493
        ], 
        "top_left": [
          306, 
          437
        ]
      }, 
      "class": "061_foam_brick", 
      "cuboid": [
        [
          1.7634846199014822, 
          9.129225408148702, 
          73.52890195310093
        ], 
        [
          -5.997621513906407, 
          9.74152430883534, 
          73.34473682189841
        ], 
        [
          -6.4141507116565775, 
          5.097653672073477, 
          75.45854861247332
        ], 
        [
          1.346955422151313, 
          4.485354771386839, 
          75.64271374367584
        ], 
        [
          1.8213690735614303, 
          11.302267963086004, 
          78.3143039096305
        ], 
        [
          -5.939737060246459, 
          11.914566863772642, 
          78.13013877842798
        ], 
        [
          -6.356266257996629, 
          7.27069622701078, 
          80.24395056900289
        ], 
        [
          1.404839875811261, 
          6.658397326324142, 
          80.42811570020541
        ]
      ], 
      "cuboid_centroid": [
        -2.296390819047573, 
        8.19996081757974, 
        76.88642626105191
      ], 
      "location": [
        -2.296390819047573, 
        8.19996081757974, 
        76.88642626105191
      ], 
      "pose_transform_permuted": [
        [
          -0.011013023819981538, 
          -0.4134403610328491, 
          -0.910464596332756, 
          0.0
        ], 
        [
          0.9966235668128017, 
          -0.07862687403534735, 
          0.02364911737800829, 
          0.0
        ], 
        [
          0.08136448475637109, 
          0.9071300251609233, 
          -0.41291032691357266, 
          0.0
        ], 
        [
          -2.296390819047573, 
          8.19996081757974, 
          76.88642626105191, 
          1.0
        ]
      ], 
      "projected_cuboid": [
        [
          494.49456314882286, 
          339.50260486156856
        ], 
        [
          437.6224748497694, 
          344.1211460113938
        ], 
        [
          435.8858869944371, 
          309.31530584845575
        ], 
        [
          491.17293073417966, 
          304.910569149285
        ], 
        [
          494.1039382526168, 
          350.25486353684346
        ], 
        [
          440.71429433913596, 
          354.6158679020216
        ], 
        [
          438.9998233713331, 
          321.6092421062652
        ], 
        [
          490.9902064411597, 
          317.4384325738631
        ]
      ], 
      "projected_cuboid_centroid": [
        465.5355038447467, 
        330.1652342340489
      ], 
      "quaternion_xyzw": [
        0.9765011761777966, 
        -0.04096035998081275, 
        0.0032350430973075526, 
        0.21155906109117778
      ], 
      "visibility": 0.014249790444258172
    }
  ]
}