{
  "camera_data": {
    "location_worldframe": [
      -19.880003633199713, 
      9.554137042673673, 
      80.08548681168634
    ], 
    "quaternion_xyzw_worldframe": [
      0.9393976827051941, 
      0.03684155420350678, 
      -0.11833062458372337, 
      -0.3196453347597555
    ]
  }, 
  "objects": [
    {
      "bounding_box": {
        "bottom_right": [
          410, 
          536
        ], 
        "top_left": [
          271, 
          341
        ]
      }, 
      "class": "003_cracker_box", 
      "cuboid": [
        [
          -14.719304472327682, 
          16.669384708589305, 
          69.3739456286966
        ], 
        [
          -16.201044462751707, 
          3.7731586414332474, 
          59.345490338237404
        ], 
        [
          4.720797209257127, 
          4.590743880007096, 
          55.202829046814216
        ], 
        [
          6.202537199681153, 
          17.486969947163153, 
          65.23128433727341
        ], 
        [
          -13.455545943668994, 
          12.24071836441471, 
          74.88232345961563
        ], 
        [
          -14.937285934093019, 
          -0.6555077027413481, 
          64.85386816915644
        ], 
        [
          5.984555737915814, 
          0.16207753583249995, 
          60.71120687773325
        ], 
        [
          7.466295728339841, 
          13.058303602988557, 
          70.73966216819244
        ]
      ], 
      "cuboid_centroid": [
        -4.367374367205934, 
        8.415731122210902, 
        65.04257625321492
      ], 
      "location": [
        -4.367374367205934, 
        8.415731122210902, 
        65.04257625321492
      ], 
      "pose_transform_permuted": [
        [
          -0.17601094134720996, 
          0.6168059122641153, 
          -0.7671835602527608, 
          0.0
        ], 
        [
          0.09033016702723129, 
          0.786182638111683, 
          0.6113569501171855, 
          0.0
        ], 
        [
          -0.9802349766514666, 
          -0.03830569315110732, 
          0.19409292728307162, 
          0.0
        ], 
        [
          -4.367374367205934, 
          8.415731122210902, 
          65.04257625321492, 
          1.0
        ]
      ], 
      "projected_cuboid": [
        [
          367.4978602315151, 
          401.43420529282
        ], 
        [
          334.78997873093806, 
          307.19474873879454
        ], 
        [
          527.5851990401137, 
          317.63813471671466
        ], 
        [
          532.7305299833265, 
          416.2569488494365
        ], 
        [
          384.96667471592247, 
          360.46618885519223
        ], 
        [
          357.73807462785044, 
          267.8960330715408
        ], 
        [
          534.606701172855, 
          274.7103133978205
        ], 
        [
          538.3559659760347, 
          371.7355384574305
        ]
      ], 
      "projected_cuboid_centroid": [
        445.4881551884007, 
        342.29171078862566
      ], 
      "quaternion_xyzw": [
        0.6743901011523087, 
        0.6548204117116074, 
        0.16138508261987897, 
        -0.30060451590319537
      ], 
      "visibility": 0.9773389587229786
    }, 
    {
      "bounding_box": {
        "bottom_right": [
          444, 
          414
        ], 
        "top_left": [
          372, 
          337
        ]
      }, 
      "class": "005_tomato_soup_can", 
      "cuboid": [
        [
          -22.10860291946611, 
          20.955553939275546, 
          78.62799575681773
        ], 
        [
          -16.86106136031064, 
          18.324836809786145, 
          75.26347072838477
        ], 
        [
          -10.625432598611306, 
          24.99962219428781, 
          79.76997571784841
        ], 
        [
          -15.872974157766778, 
          27.630339323777214, 
          83.13450074628138
        ], 
        [
          -21.066851341735017, 
          16.57046948943752, 
          83.68147324062924
        ], 
        [
          -15.819309782579543, 
          13.939752359948116, 
          80.31694821219628
        ], 
        [
          -9.583681020880212, 
          20.61453774444978, 
          84.82345320165993
        ], 
        [
          -14.831222580035682, 
          23.245254873939185, 
          88.18797823009288
        ]
      ], 
      "cuboid_centroid": [
        -15.84614197017316, 
        20.785045841862665, 
        81.72572447923882
      ], 
      "location": [
        -15.84614197017316, 
        20.785045841862665, 
        81.72572447923882
      ], 
      "pose_transform_permuted": [
        [
          -0.15384581941761996, 
          0.6475890460085626, 
          -0.7462972948874743, 
          0.0
        ], 
        [
          -0.7755866114515494, 
          0.3888199762016941, 
          0.4972767793317307, 
          0.0
        ], 
        [
          -0.6122064378729377, 
          -0.6553223002805093, 
          -0.4424431716977806, 
          0.0
        ], 
        [
          -15.84614197017316, 
          20.785045841862665, 
          81.72572447923882, 
          1.0
        ]
      ], 
      "projected_cuboid": [
        [
          330.3886983431769, 
          415.424299276792
        ], 
        [
          361.1233251462367, 
          403.1369718571697
        ], 
        [
          409.9664176748674, 
          440.42696855211295
        ], 
        [
          378.9211128980482, 
          450.53907355636386
        ], 
        [
          346.2147176493827, 
          378.8936160935144
        ], 
        [
          375.678507988428, 
          365.8491052054175
        ], 
        [
          420.83841549402865, 
          402.89852926641925
        ], 
        [
          391.1573288602106, 
          413.86295087674677
        ]
      ], 
      "projected_cuboid_centroid": [
        377.32775822142656, 
        408.9240261188617
      ], 
      "quaternion_xyzw": [
        0.280797243768154, 
        0.891235968559889, 
        0.30576420167031654, 
        -0.182645960699239
      ], 
      "visibility": 0.6232613199171353
    }, 
    {
      "bounding_box": {
        "bottom_right": [
          462, 
          527
        ], 
        "top_left": [
          377, 
          443
        ]
      }, 
      "class": "010_potted_meat_can", 
      "cuboid": [
        [
          5.328434999248753, 
          21.869501113070363, 
          67.9839316358927
        ], 
        [
          -4.236131588165532, 
          18.455727807184484, 
          68.41548752840114
        ], 
        [
          -2.1820483175539005, 
          13.511412077718388, 
          74.82866184204241
        ], 
        [
          7.382518269860385, 
          16.925185383604266, 
          74.39710594953398
        ], 
        [
          3.9881454782435903, 
          26.09030436102523, 
          71.66729482196295
        ], 
        [
          -5.576421109170695, 
          22.67653105513935, 
          72.09885071447138
        ], 
        [
          -3.522337838559063, 
          17.732215325673252, 
          78.51202502811266
        ], 
        [
          6.042228748855222, 
          21.14598863155913, 
          78.08046913560422
        ]
      ], 
      "cuboid_centroid": [
        0.9030485803448451, 
        19.800858219371808, 
        73.24797833200269
      ], 
      "location": [
        0.9030485803448451, 
        19.800858219371808, 
        73.24797833200269
      ], 
      "pose_transform_permuted": [
        [
          0.23268511781067802, 
          -0.7327656343008054, 
          -0.6394616860448987, 
          0.0
        ], 
        [
          0.9409591042199831, 
          0.3358459625492416, 
          -0.0424563353001207, 
          0.0
        ], 
        [
          -0.24587139346351972, 
          0.5918288783713467, 
          -0.7676495532481086, 
          0.0
        ], 
        [
          0.9030485803448451, 
          19.800858219371808, 
          73.24797833200269, 
          1.0
        ]
      ], 
      "projected_cuboid": [
        [
          523.7458614070733, 
          444.84815463300544
        ], 
        [
          448.2999426070311, 
          417.15456285170643
        ], 
        [
          465.9155502707792, 
          369.585208570433
        ], 
        [
          534.9600680599658, 
          394.61562328216166
        ], 
        [
          511.52259010933255, 
          467.4402350226984
        ], 
        [
          440.0041922308513, 
          441.02621718920693
        ], 
        [
          457.4709999172733, 
          393.73863029217136
        ], 
        [
          523.2117423405448, 
          417.7217593315896
        ]
      ], 
      "projected_cuboid_centroid": [
        488.22697267790494, 
        417.45687131297626
      ], 
      "quaternion_xyzw": [
        0.8905405196615462, 
        0.16330457266387086, 
        0.05340261849703777, 
        0.4212091292935084
      ], 
      "visibility": 0.6710273181993074
    }, 
    {
      "bounding_box": {
        "bottom_right": [
          312, 
          439
        ], 
        "top_left": [
          256, 
          284
        ]
      }, 
      "class": "037_scissors", 
      "cuboid": [
        [
          -24.07548861582718, 
          4.32614038437618, 
          73.09607973753769
        ], 
        [
          -4.478669298478595, 
          5.930645401184926, 
          68.21248828483816
        ], 
        [
          -5.198894729617611, 
          -1.0785687003515696, 
          63.019497997697584
        ], 
        [
          -24.795714046966193, 
          -2.6830737171603154, 
          67.90308945039712
        ], 
        [
          -24.451226799008957, 
          5.255579912541324, 
          71.89368520220061
        ], 
        [
          -4.85440748166037, 
          6.86008492935007, 
          67.01009374950108
        ], 
        [
          -5.5746329127993866, 
          -0.14912917218642616, 
          61.817103462360514
        ], 
        [
          -25.171452230147974, 
          -1.753634188995172, 
          66.70069491506004
        ]
      ], 
      "cuboid_centroid": [
        -14.825060764313283, 
        2.0885056060948775, 
        67.4565915999491
      ], 
      "location": [
        -14.825060764313283, 
        2.0885056060948775, 
        67.4565915999491
      ], 
      "pose_transform_permuted": [
        [
          0.2400116117190237, 
          -0.5937013833975043, 
          0.768057821285583, 
          0.0
        ], 
        [
          -0.9672760520180395, 
          -0.07919648862241409, 
          0.24104835501822508, 
          0.0
        ], 
        [
          0.08228326400031832, 
          0.8007784638198369, 
          0.5932811759675292, 
          0.0
        ], 
        [
          -14.825060764313283, 
          2.0885056060948775, 
          67.4565915999491, 
          1.0
        ]
      ], 
      "projected_cuboid": [
        [
          304.47496439156856, 
          304.85068471570287
        ], 
        [
          446.288766229789, 
          319.6553102227911
        ], 
        [
          437.23336252692934, 
          264.15885800985
        ], 
        [
          285.2254029705983, 
          252.2133325052885
        ], 
        [
          298.70214686689087, 
          312.2733235439785
        ], 
        [
          442.63986840258525, 
          327.8845459877571
        ], 
        [
          433.1018012096578, 
          271.9999440859845
        ], 
        [
          278.6561356808477, 
          259.2649830950797
        ]
      ], 
      "projected_cuboid_centroid": [
        363.4116693971768, 
        289.79850386756766
      ], 
      "quaternion_xyzw": [
        0.1279104993904615, 
        -0.3156104070889702, 
        0.9402276768319814, 
        0.0008207521045075134
      ], 
      "visibility": 0.6948340745809101
    }, 
    {
      "bounding_box": {
        "bottom_right": [
          434, 
          459
        ], 
        "top_left": [
          382, 
          395
        ]
      }, 
      "class": "061_foam_brick", 
      "cuboid": [
        [
          -5.265414734017836, 
          19.19563274224055, 
          73.90079947806983
        ], 
        [
          -12.685997727352444, 
          19.176259131437494, 
          76.26261400546207
        ], 
        [
          -11.427306560506867, 
          16.14651012734051, 
          80.1924421019835
        ], 
        [
          -4.006723567172259, 
          16.165883738143567, 
          77.83062757459126
        ], 
        [
          -4.332033178567789, 
          23.432283429013953, 
          76.86814277996619
        ], 
        [
          -11.752616171902396, 
          23.4129098182109, 
          79.22995730735843
        ], 
        [
          -10.493925005056822, 
          20.383160814113914, 
          83.15978540387987
        ], 
        [
          -3.0733420117222123, 
          20.40253442491697, 
          80.79797087648762
        ]
      ], 
      "cuboid_centroid": [
        -7.879669869537328, 
        19.78939677817723, 
        78.53029244097485
      ], 
      "location": [
        -7.879669869537328, 
        19.78939677817723, 
        78.53029244097485
      ], 
      "pose_transform_permuted": [
        [
          -0.17758400837106636, 
          -0.8060598654775087, 
          -0.5645630285780728, 
          0.0
        ], 
        [
          0.9528961159843116, 
          0.002487815108786706, 
          -0.30328666788699815, 
          0.0
        ], 
        [
          -0.24587173915047442, 
          0.5918287793292629, 
          -0.7676495188852503, 
          0.0
        ], 
        [
          -7.879669869537328, 
          19.78939677817723, 
          78.53029244097485, 
          1.0
        ]
      ], 
      "projected_cuboid": [
        [
          443.28150820925896, 
          411.8155786021133
        ], 
        [
          392.14205635863937, 
          407.3899208792157
        ], 
        [
          404.9664773968995, 
          380.6688526368574
        ], 
        [
          453.9129577126804, 
          384.0601838518501
        ], 
        [
          451.29047546383185, 
          435.86228365649356
        ], 
        [
          401.8275689404428, 
          430.88555392729097
        ], 
        [
          413.7366814678393, 
          404.00764045059185
        ], 
        [
          461.1419421987391, 
          407.9566421572577
        ]
      ], 
      "projected_cuboid_centroid": [
        427.6382361976467, 
        407.6814639761215
      ], 
      "quaternion_xyzw": [
        0.8816586533193624, 
        0.07042395413582415, 
        -0.13635398304310611, 
        0.4462354502045349
      ], 
      "visibility": 0.59
    }
  ]
}