{
  "camera_data": {
    "location_worldframe": [
      -23.500513472979215, 
      15.542753369097156, 
      74.76898107912223
    ], 
    "quaternion_xyzw_worldframe": [
      0.9216135307488085, 
      0.03768624058987202, 
      -0.12906946884217263, 
      -0.36407359825931024
    ]
  }, 
  "objects": [
    {
      "bounding_box": {
        "bottom_right": [
          486, 
          508
        ], 
        "top_left": [
          340, 
          284
        ]
      }, 
      "class": "003_cracker_box", 
      "cuboid": [
        [
          -18.617043831940073, 
          23.63755348550742, 
          64.63870804898265
        ], 
        [
          -20.395671081795907, 
          11.741967126591062, 
          53.48480173904847
        ], 
        [
          0.40806938077591753, 
          12.95697205417336, 
          48.871593209370005
        ], 
        [
          2.1866966306317517, 
          24.85255841308972, 
          60.02549951930419
        ], 
        [
          -17.213729673061458, 
          18.71063267979195, 
          69.6694692518864
        ], 
        [
          -18.99235692291729, 
          6.815046320875591, 
          58.515562941952204
        ], 
        [
          1.8113835396545361, 
          8.03005124845789, 
          53.902354412273745
        ], 
        [
          3.59001078951037, 
          19.92563760737425, 
          65.05626072220792
        ]
      ], 
      "cuboid_centroid": [
        -8.402830146142769, 
        15.833802366982654, 
        59.2705312306282
      ], 
      "location": [
        -8.402830146142769, 
        15.833802366982654, 
        59.2705312306282
      ], 
      "pose_transform_permuted": [
        [
          -0.19544765911273443, 
          0.6862006857255745, 
          -0.7006631369332226, 
          0.0
        ], 
        [
          0.10842907500437088, 
          0.7251814148447684, 
          0.6799669486507685, 
          0.0
        ], 
        [
          -0.9747016714056917, 
          -0.05692569256049135, 
          0.21613911558405963, 
          0.0
        ], 
        [
          -8.402830146142769, 
          15.833802366982654, 
          59.2705312306282, 
          1.0
        ]
      ], 
      "projected_cuboid": [
        [
          326.711914474954, 
          468.3147270121236
        ], 
        [
          276.52838284595975, 
          390.37065926351676
        ], 
        [
          486.0873059809505, 
          414.6817019468907
        ], 
        [
          501.18752275604896, 
          494.0986295050209
        ], 
        [
          348.72790087044103, 
          416.5163763712958
        ], 
        [
          307.05536338524274, 
          335.39988835195055
        ], 
        [
          499.66857824496276, 
          352.73730838591575
        ], 
        [
          511.27259310828333, 
          436.63334926775525
        ]
      ], 
      "projected_cuboid_centroid": [
        405.3578384689498, 
        415.75998478613974
      ], 
      "quaternion_xyzw": [
        0.6618471348009868, 
        0.6420980755479149, 
        0.18301782392837807, 
        -0.3408414699796812
      ], 
      "visibility": 0.9556931489224831
    }, 
    {
      "bounding_box": {
        "bottom_right": [
          492, 
          387
        ], 
        "top_left": [
          419, 
          303
        ]
      }, 
      "class": "005_tomato_soup_can", 
      "cuboid": [
        [
          -25.74459452129793, 
          27.02956735797819, 
          74.45211065160464
        ], 
        [
          -20.595333663773104, 
          24.730057474907515, 
          70.71382754084009
        ], 
        [
          -14.226553164166877, 
          30.954209323117393, 
          75.65781195841369
        ], 
        [
          -19.375814021691703, 
          33.25371920618807, 
          79.39609506917824
        ], 
        [
          -24.575425323145094, 
          22.188742988125913, 
          79.04028125301447
        ], 
        [
          -19.426164465620268, 
          19.889233105055233, 
          75.30199814224991
        ], 
        [
          -13.057383966014042, 
          26.11338495326512, 
          80.24598255982352
        ], 
        [
          -18.206644823538866, 
          28.412894836335795, 
          83.98426567058806
        ]
      ], 
      "cuboid_centroid": [
        -19.400989243655985, 
        26.571476155621653, 
        77.34904660571408
      ], 
      "location": [
        -19.400989243655985, 
        26.571476155621653, 
        77.34904660571408
      ], 
      "pose_transform_permuted": [
        [
          -0.172662847047873, 
          0.714892693955627, 
          -0.6775807984271023, 
          0.0
        ], 
        [
          -0.761060724330979, 
          0.33986754713709505, 
          0.5525182216929505, 
          0.0
        ], 
        [
          -0.625279113344137, 
          -0.6110796484835004, 
          -0.4853943691729967, 
          0.0
        ], 
        [
          -19.400989243655985, 
          26.571476155621653, 
          77.34904660571408, 
          1.0
        ]
      ], 
      "projected_cuboid": [
        [
          295.6450998970767, 
          466.9062684429333
        ], 
        [
          324.97382065664004, 
          459.7991961556649
        ], 
        [
          380.47693106080425, 
          491.4858962006691
        ], 
        [
          350.3611992808413, 
          496.6584764940541
        ], 
        [
          314.3939765517571, 
          423.0037577827966
        ], 
        [
          342.8664575432842, 
          414.15023045801405
        ], 
        [
          394.09373199336477, 
          446.8376508746018
        ], 
        [
          365.0171550782695, 
          453.71501598034376
        ]
      ], 
      "projected_cuboid_centroid": [
        346.7130028701277, 
        456.49614701249584
      ], 
      "quaternion_xyzw": [
        0.27633331646311815, 
        0.8731725446957179, 
        0.3436568953123974, 
        -0.20762822684534069
      ], 
      "visibility": 0.2866323907455013
    }, 
    {
      "bounding_box": {
        "bottom_right": [
          528, 
          502
        ], 
        "top_left": [
          434, 
          409
        ]
      }, 
      "class": "010_potted_meat_can", 
      "cuboid": [
        [
          1.3962683579299127, 
          28.95600660139548, 
          63.20112906869746
        ], 
        [
          -8.16003125320851, 
          25.51172720888799, 
          63.56868843250607
        ], 
        [
          -5.943256673241175, 
          19.986678798056563, 
          69.42992306455932
        ], 
        [
          3.6130429378972475, 
          23.43095819056405, 
          69.06236370075071
        ], 
        [
          0.16467245237081796, 
          32.81058083350057, 
          67.3004155228455
        ], 
        [
          -9.391627158767605, 
          29.366301440993087, 
          67.66797488665411
        ], 
        [
          -7.1748525788002695, 
          23.84125303016166, 
          73.52920951870736
        ], 
        [
          2.3814470323381536, 
          27.285532422669146, 
          73.16165015489875
        ]
      ], 
      "cuboid_centroid": [
        -2.8892921104351785, 
        26.39862981577857, 
        68.36516929370241
      ], 
      "location": [
        -2.8892921104351785, 
        26.39862981577857, 
        68.36516929370241
      ], 
      "pose_transform_permuted": [
        [
          0.21381502570075142, 
          -0.6691853105251009, 
          -0.7116693345537846, 
          0.0
        ], 
        [
          0.9401458016494956, 
          0.33884714192087106, 
          -0.03616037658957995, 
          0.0
        ], 
        [
          -0.2653453551611781, 
          0.6613419091427738, 
          -0.7015830112722078, 
          0.0
        ], 
        [
          -2.8892921104351785, 
          26.39862981577857, 
          68.36516929370241, 
          1.0
        ]
      ], 
      "projected_cuboid": [
        [
          493.47759867057783, 
          517.6303590256979
        ], 
        [
          412.5666816547966, 
          487.32121537557634
        ], 
        [
          435.56404117838696, 
          426.81237720271116
        ], 
        [
          509.7305470687891, 
          454.22718619959517
        ], 
        [
          482.9128844572309, 
          533.2927379102562
        ], 
        [
          406.96088909253564, 
          504.73462949034064
        ], 
        [
          429.1229900940746, 
          446.2111105635552
        ], 
        [
          499.1015475041171, 
          472.18731109755817
        ]
      ], 
      "projected_cuboid_centroid": [
        458.86974538503057, 
        479.2233680235909
      ], 
      "quaternion_xyzw": [
        0.9101039838043307, 
        0.16596798493191423, 
        0.04880064593513706, 
        0.3765416771574146
      ], 
      "visibility": 0.44173884621670206
    }, 
    {
      "bounding_box": {
        "bottom_right": [
          372, 
          397
        ], 
        "top_left": [
          317, 
          230
        ]
      }, 
      "class": "037_scissors", 
      "cuboid": [
        [
          -27.8941243667357, 
          10.993794029620235, 
          67.43488325698517
        ], 
        [
          -8.433366375667587, 
          13.06128216564823, 
          62.194308822525414
        ], 
        [
          -9.308017573429655, 
          6.571721032941191, 
          56.386078739076126
        ], 
        [
          -28.768775564497773, 
          4.504232896913199, 
          61.626653173535885
        ], 
        [
          -28.300364611254302, 
          12.032107746876697, 
          66.33594598592936
        ], 
        [
          -8.839606620186188, 
          14.099595882904689, 
          61.095371551469604
        ], 
        [
          -9.714257817948258, 
          7.610034750197653, 
          55.287141468020316
        ], 
        [
          -29.17501580901637, 
          5.542546614169659, 
          60.527715902480075
        ]
      ], 
      "cuboid_centroid": [
        -18.80419109234198, 
        9.301914389908944, 
        61.36101236250274
      ], 
      "location": [
        -18.80419109234198, 
        9.301914389908944, 
        61.36101236250274
      ], 
      "pose_transform_permuted": [
        [
          0.2594955216059855, 
          -0.663247335254537, 
          0.7019720576990396, 
          0.0
        ], 
        [
          -0.9605602242918329, 
          -0.10204879319578614, 
          0.25866861694149346, 
          0.0
        ], 
        [
          0.09992587362519767, 
          0.7414099097892998, 
          0.663570194369881, 
          0.0
        ], 
        [
          -18.80419109234198, 
          9.301914389908944, 
          61.36101236250274, 
          1.0
        ]
      ], 
      "projected_cuboid": [
        [
          259.1534958523118, 
          360.23272022664815
        ], 
        [
          408.6778410962297, 
          385.2877434316252
        ], 
        [
          392.8248572369463, 
          335.4442123645692
        ], 
        [
          230.5561389354924, 
          312.266354138628
        ], 
        [
          252.175183979542, 
          370.0207986128537
        ], 
        [
          403.7904816127913, 
          396.3660840779422
        ], 
        [
          387.1089444591176, 
          346.69566084666684
        ], 
        [
          222.38897760346626, 
          322.1228207636588
        ]
      ], 
      "projected_cuboid_centroid": [
        316.7983318512329, 
        354.13417908312414
      ], 
      "quaternion_xyzw": [
        0.14042559383145872, 
        -0.3595755198840835, 
        0.9224887793057664, 
        -0.0005753239546680729
      ], 
      "visibility": 0.7137941820456678
    }, 
    {
      "bounding_box": {
        "bottom_right": [
          490, 
          432
        ], 
        "top_left": [
          431, 
          361
        ]
      }, 
      "class": "061_foam_brick", 
      "cuboid": [
        [
          -9.03904639586522, 
          25.731383589829232, 
          69.12518326406276
        ], 
        [
          -16.393050367171902, 
          25.485833085856278, 
          71.6750706536483
        ], 
        [
          -15.034668248851366, 
          22.10022492881555, 
          75.26668404836902
        ], 
        [
          -7.680664277544682, 
          22.345775432788503, 
          72.71679665878345
        ], 
        [
          -8.017142884692394, 
          29.670342633203195, 
          72.45172069953169
        ], 
        [
          -15.37114685599908, 
          29.424792129230237, 
          75.00160808911724
        ], 
        [
          -14.012764737678541, 
          26.039183972189512, 
          78.59322148383795
        ], 
        [
          -6.658760766371856, 
          26.284734476162463, 
          76.04333409425239
        ]
      ], 
      "cuboid_centroid": [
        -11.525905566771879, 
        25.88528378100937, 
        73.85920237395035
      ], 
      "location": [
        -11.525905566771879, 
        25.88528378100937, 
        73.85920237395035
      ], 
      "pose_transform_permuted": [
        [
          -0.19442608504839853, 
          -0.7494214254046774, 
          -0.6329028555767258, 
          0.0
        ], 
        [
          0.9443465328109368, 
          0.031531770714509744, 
          -0.3274375870354064, 
          0.0
        ], 
        [
          -0.26534529093374637, 
          0.6613420254150106, 
          -0.7015829259604711, 
          0.0
        ], 
        [
          -11.525905566771879, 
          25.88528378100937, 
          73.85920237395035, 
          1.0
        ]
      ], 
      "projected_cuboid": [
        [
          411.2771990155781, 
          471.81115842434406
        ], 
        [
          358.6032227155398, 
          462.92142433960316
        ], 
        [
          374.1776483292812, 
          429.8828182088205
        ], 
        [
          424.7960950374251, 
          437.17494048316
        ], 
        [
          422.090808558414, 
          491.69094042908154
        ], 
        [
          371.38543628153826, 
          482.5196234189153
        ], 
        [
          385.7165271972874, 
          449.9837960906561
        ], 
        [
          434.5075774894323, 
          457.63094898814217
        ]
      ], 
      "projected_cuboid_centroid": [
        397.67770513450733, 
        460.1979628633224
      ], 
      "quaternion_xyzw": [
        0.8998043417602898, 
        0.08248378227078641, 
        -0.14499365247084758, 
        0.40314440707369353
      ], 
      "visibility": 0.23445431472081218
    }
  ]
}