{
  "camera_data": {
    "location_worldframe": [
      -16.175765101124963, 
      3.5964386090169955, 
      70.97048260699346
    ], 
    "quaternion_xyzw_worldframe": [
      -0.8451368700058426, 
      -0.036590461326606594, 
      -0.05815037428813093, 
      0.5301186823523739
    ]
  }, 
  "objects": [
    {
      "bounding_box": {
        "bottom_right": [
          371, 
          619
        ], 
        "top_left": [
          259, 
          409
        ]
      }, 
      "class": "003_cracker_box", 
      "cuboid": [
        [
          -7.321439765260389, 
          13.279309231104069, 
          66.51631896679957
        ], 
        [
          -6.5759041988878675, 
          6.551763290085944, 
          51.574350621968954
        ], 
        [
          14.571737183921012, 
          4.465451807306865, 
          53.56887198994894
        ], 
        [
          13.82620161754849, 
          11.192997748324991, 
          68.51084033477957
        ], 
        [
          -8.235912720130917, 
          6.768661388784503, 
          69.40207734598737
        ], 
        [
          -7.490377153758397, 
          0.04111544776637527, 
          54.460109001156745
        ], 
        [
          13.657264229050481, 
          -2.0451960350127045, 
          56.45463036913674
        ], 
        [
          12.911728662677962, 
          4.682349906005423, 
          71.39659871396735
        ]
      ], 
      "cuboid_centroid": [
        3.1679122318950466, 
        5.617056598045683, 
        61.485474667968155
      ], 
      "location": [
        3.1679122318950466, 
        5.617056598045683, 
        61.485474667968155
      ], 
      "pose_transform_permuted": [
        [
          0.12736392433621124, 
          0.906775487183551, 
          -0.4019162184096494, 
          0.0
        ], 
        [
          -0.04544950711352502, 
          0.41012617089563397, 
          0.9108956396040231, 
          0.0
        ], 
        [
          -0.9908141970525135, 
          0.09774834929306092, 
          -0.0934477775533703, 
          0.0
        ], 
        [
          3.1679122318950466, 
          5.617056598045683, 
          61.485474667968155, 
          1.0
        ]
      ], 
      "projected_cuboid": [
        [
          422.4054763433428, 
          379.75838991100574
        ], 
        [
          413.03033738481696, 
          341.0369531542099
        ], 
        [
          627.8789608879932, 
          317.74356699990284
        ], 
        [
          590.1234526304423, 
          360.41793009985685
        ], 
        [
          417.7808595033661, 
          325.3002500854273
        ], 
        [
          407.63366016164514, 
          273.6891753221757
        ], 
        [
          611.6906546432521, 
          253.9658358571937
        ], 
        [
          578.8490840255826, 
          308.26283860517543
        ]
      ], 
      "projected_cuboid_centroid": [
        509.30425067161985, 
        322.00839138983235
      ], 
      "quaternion_xyzw": [
        0.6029541982168266, 
        0.580865168569719, 
        0.430488570695244, 
        -0.33722615749069806
      ], 
      "visibility": 0.9850109350829466
    }, 
    {
      "bounding_box": {
        "bottom_right": [
          378, 
          436
        ], 
        "top_left": [
          325, 
          359
        ]
      }, 
      "class": "005_tomato_soup_can", 
      "cuboid": [
        [
          -16.89691274552778, 
          14.714312312792172, 
          74.56996449385555
        ], 
        [
          -11.08275983116267, 
          12.691787901032981, 
          71.76240067630441
        ], 
        [
          -6.08491739617097, 
          15.270946457229662, 
          80.25439251214263
        ], 
        [
          -11.899070310536077, 
          17.29347086898885, 
          83.06195632969379
        ], 
        [
          -17.87302423834784, 
          8.484177258815393, 
          77.03663638612271
        ], 
        [
          -12.058871323982732, 
          6.4616528470562, 
          74.22907256857155
        ], 
        [
          -7.06102888899103, 
          9.040811403252881, 
          82.72106440440979
        ], 
        [
          -12.875181803356137, 
          11.063335815012074, 
          85.52862822196093
        ]
      ], 
      "cuboid_centroid": [
        -11.978970817259405, 
        11.877561858022528, 
        78.64551444913268
      ], 
      "location": [
        -11.978970817259405, 
        11.877561858022528, 
        78.64551444913268
      ], 
      "pose_transform_permuted": [
        [
          0.14415209505410675, 
          0.9200660243289843, 
          -0.36427797817860064, 
          0.0
        ], 
        [
          -0.8593317664051644, 
          0.29892909611311475, 
          0.41495791565277634, 
          0.0
        ], 
        [
          -0.49068208373306804, 
          -0.25321864606455124, 
          -0.833733416619851, 
          0.0
        ], 
        [
          -11.978970817259405, 
          11.877561858022528, 
          78.64551444913268, 
          1.0
        ]
      ], 
      "projected_cuboid": [
        [
          359.74436676542155, 
          378.5223519257343
        ], 
        [
          398.5464827372362, 
          367.60861986951386
        ], 
        [
          440.8236045702318, 
          374.7675229376961
        ], 
        [
          404.5594920815114, 
          384.3234925990617
        ], 
        [
          356.8321549542117, 
          332.021940920661
        ], 
        [
          394.2347073083832, 
          319.7120944883576
        ], 
        [
          435.69380018032973, 
          331.5744940640546
        ], 
        [
          400.6439468505499, 
          342.27272153195827
        ]
      ], 
      "projected_cuboid_centroid": [
        399.687000601561, 
        353.8319623909507
      ], 
      "quaternion_xyzw": [
        0.2508622623272859, 
        0.7868971328338152, 
        0.5571882803260958, 
        -0.08603596623342287
      ], 
      "visibility": 0.7121771217712177
    }, 
    {
      "bounding_box": {
        "bottom_right": [
          385, 
          567
        ], 
        "top_left": [
          316, 
          491
        ]
      }, 
      "class": "010_potted_meat_can", 
      "cuboid": [
        [
          12.479646317072412, 
          14.059199802862976, 
          72.69645072498787
        ], 
        [
          3.031005438948818, 
          12.966716522424825, 
          69.11166502488885
        ], 
        [
          2.533963561008999, 
          5.445348593977175, 
          72.71392747353052
        ], 
        [
          11.982604439132594, 
          6.537831874415323, 
          76.29871317362952
        ], 
        [
          10.383824096572715, 
          16.488773435796116, 
          77.48011266964659
        ], 
        [
          0.9351832184491204, 
          15.396290155357967, 
          73.89532696954757
        ], 
        [
          0.43814134050930154, 
          7.874922226910313, 
          77.49758941818922
        ], 
        [
          9.886782218632897, 
          8.967405507348463, 
          81.08237511828824
        ]
      ], 
      "cuboid_centroid": [
        6.458893828790857, 
        10.967061014886644, 
        75.09702007158855
      ], 
      "location": [
        6.458893828790857, 
        10.967061014886644, 
        75.09702007158855
      ], 
      "pose_transform_permuted": [
        [
          0.3638517146067657, 
          -0.4217936633458071, 
          -0.8304824634640129, 
          0.0
        ], 
        [
          0.9295543687755384, 
          0.10747816741524689, 
          0.3526701090276664, 
          0.0
        ], 
        [
          0.05949533832793391, 
          0.900299048133818, 
          -0.431186651749083, 
          0.0
        ], 
        [
          6.458893828790857, 
          10.967061014886644, 
          75.09702007158855, 
          1.0
        ]
      ], 
      "projected_cuboid": [
        [
          573.9138834511215, 
          376.42839021501936
        ], 
        [
          505.18159224940456, 
          373.3478496044094
        ], 
        [
          500.3372812400239, 
          313.22539348361744
        ], 
        [
          566.0521436386118, 
          318.98526113252643
        ], 
        [
          553.6677821541084, 
          386.7838661703663
        ], 
        [
          488.4027482457268, 
          384.4051077851977
        ], 
        [
          484.6373784851962, 
          327.4798396194764
        ], 
        [
          547.1693432541864, 
          332.26967655290287
        ]
      ], 
      "projected_cuboid_centroid": [
        527.8487138881699, 
        351.17176436586664
      ], 
      "quaternion_xyzw": [
        0.9566002143494128, 
        0.012539937888249973, 
        0.18725738633712863, 
        0.2229197480566647
      ], 
      "visibility": 0.3554112554112554
    }, 
    {
      "bounding_box": {
        "bottom_right": [
          307, 
          500
        ], 
        "top_left": [
          266, 
          306
        ]
      }, 
      "class": "037_scissors", 
      "cuboid": [
        [
          -18.340320754889095, 
          2.8996531437679387, 
          61.55691279571363
        ], 
        [
          1.854602574163515, 
          2.1091979005062766, 
          62.97094300215832
        ], 
        [
          2.258358860395478, 
          -1.6755726191056382, 
          55.08884632104748
        ], 
        [
          -17.936564468657128, 
          -0.8851173758439763, 
          53.674816114602784
        ], 
        [
          -18.23807211970249, 
          4.309916094696176, 
          60.88498031155566
        ], 
        [
          1.9568512093501176, 
          3.5194608514345136, 
          62.29901051800035
        ], 
        [
          2.36060749558208, 
          -0.26530966817740165, 
          54.41691383688951
        ], 
        [
          -17.834315833470527, 
          0.5251455750842605, 
          53.00288363044482
        ]
      ], 
      "cuboid_centroid": [
        -7.989856629653507, 
        1.3171717377952685, 
        57.98691331630157
      ], 
      "location": [
        -7.989856629653507, 
        1.3171717377952685, 
        57.98691331630157
      ], 
      "pose_transform_permuted": [
        [
          -0.06531372329368608, 
          -0.9008386662586326, 
          0.4292126957219629, 
          0.0
        ], 
        [
          -0.996797765606788, 
          0.039015945119330056, 
          -0.06979487504450453, 
          0.0
        ], 
        [
          -0.04612775897023299, 
          0.4323969390435739, 
          0.9005022789353452, 
          0.0
        ], 
        [
          -7.989856629653507, 
          1.3171717377952685, 
          57.98691331630157, 
          1.0
        ]
      ], 
      "projected_cuboid": [
        [
          321.375184517437, 
          298.4086848816109
        ], 
        [
          497.4351443277859, 
          291.1499602440637
        ], 
        [
          503.64262307643935, 
          257.06518374238334
        ], 
        [
          301.8919546198423, 
          264.49190272949966
        ], 
        [
          320.510067180066, 
          311.03907798988985
        ], 
        [
          498.48857605258263, 
          303.4153855934193
        ], 
        [
          504.9252897290954, 
          270.68633830697803
        ], 
        [
          300.6511906724303, 
          278.57059801788273
        ]
      ], 
      "projected_cuboid_centroid": [
        407.50005036063123, 
        285.4008831326248
      ], 
      "quaternion_xyzw": [
        -0.039956821088404974, 
        -0.5327259608316798, 
        0.8453412625047243, 
        -0.002103237522628084
      ], 
      "visibility": 0.8055400111919419
    }, 
    {
      "bounding_box": {
        "bottom_right": [
          369, 
          485
        ], 
        "top_left": [
          323, 
          429
        ]
      }, 
      "class": "061_foam_brick", 
      "cuboid": [
        [
          0.37514729553003234, 
          11.50462205234149, 
          73.85551475097309
        ], 
        [
          -7.387302488331321, 
          12.102030799961721, 
          74.03178528413439
        ], 
        [
          -7.691885074705934, 
          7.493125713153725, 
          76.23914902815206
        ], 
        [
          0.07056470915541915, 
          6.895716965533497, 
          76.06287849499076
        ], 
        [
          0.6561164916233369, 
          13.756589375874755, 
          78.59632015993961
        ], 
        [
          -7.106333292238018, 
          14.353998123494986, 
          78.7725906931009
        ], 
        [
          -7.410915878612631, 
          9.74509303668699, 
          80.97995443711858
        ], 
        [
          0.35153390524872363, 
          9.147684289066762, 
          80.80368390395726
        ]
      ], 
      "cuboid_centroid": [
        -3.517884291541299, 
        10.62485754451424, 
        77.41773459404583
      ], 
      "location": [
        -3.517884291541299, 
        10.62485754451424, 
        77.41773459404583
      ], 
      "pose_transform_permuted": [
        [
          -0.05345684814500867, 
          -0.42845648888023485, 
          -0.9019797129219826, 
          0.0
        ], 
        [
          0.9967961083662535, 
          -0.07671479124668529, 
          -0.022635351772597734, 
          0.0
        ], 
        [
          0.05949692204049867, 
          0.9002998822283597, 
          -0.4311846916662371, 
          0.0
        ], 
        [
          -3.517884291541299, 
          10.62485754451424, 
          77.41773459404583, 
          1.0
        ]
      ], 
      "projected_cuboid": [
        [
          484.32862839321, 
          356.362801929829
        ], 
        [
          427.93599026450437, 
          360.46868544672327
        ], 
        [
          427.34122974991493, 
          325.7035800514155
        ], 
        [
          482.09596110920967, 
          321.63628453969517
        ], 
        [
          486.086284890079, 
          366.6326195393045
        ], 
        [
          433.0836165271136, 
          370.4684159507251
        ], 
        [
          432.383360278739, 
          337.4659882221196
        ], 
        [
          483.9365946881478, 
          333.6629829195774
        ]
      ], 
      "projected_cuboid_centroid": [
        457.1609163231562, 
        346.4796458217277
      ], 
      "quaternion_xyzw": [
        0.974560888748953, 
        -0.03494181709416828, 
        -0.019519611549178376, 
        0.22052013128958936
      ], 
      "visibility": 0.007591733445803458
    }
  ]
}