{
  "camera_data": {
    "location_worldframe": [
      -22.073870122235682, 
      10.783510698797638, 
      78.88155083772457
    ], 
    "quaternion_xyzw_worldframe": [
      0.9394848887177926, 
      0.04052912902773167, 
      -0.12323085932485908, 
      -0.3170808020231094
    ]
  }, 
  "objects": [
    {
      "bounding_box": {
        "bottom_right": [
          424, 
          519
        ], 
        "top_left": [
          281, 
          317
        ]
      }, 
      "class": "003_cracker_box", 
      "cuboid": [
        [
          -17.06039553133, 
          17.906111370109286, 
          68.10516433342426
        ], 
        [
          -18.470686435171785, 
          4.950858033773125, 
          58.14270448431831
        ], 
        [
          2.413370300094328, 
          5.972919373219778, 
          53.85725094437762
        ], 
        [
          3.8236612039361155, 
          18.92817270955594, 
          63.81971079348357
        ], 
        [
          -15.713015740593834, 
          13.515420810772532, 
          73.62411365794334
        ], 
        [
          -17.123306644435623, 
          0.560167474436371, 
          63.66165380883738
        ], 
        [
          3.760750090830492, 
          1.5822288138830243, 
          59.376200268896696
        ], 
        [
          5.171040994672279, 
          14.537482150219185, 
          69.33866011800265
        ]
      ], 
      "cuboid_centroid": [
        -6.649822720249753, 
        9.744170091996155, 
        63.740682301160476
      ], 
      "location": [
        -6.649822720249753, 
        9.744170091996155, 
        63.740682301160476
      ], 
      "pose_transform_permuted": [
        [
          -0.18765735695678065, 
          0.6115168056142856, 
          -0.7686559131570483, 
          0.0
        ], 
        [
          0.08597447171858963, 
          0.7897810717901006, 
          0.6073337211573135, 
          0.0
        ], 
        [
          -0.9784646680349296, 
          -0.047885854836060504, 
          0.20078306281635128, 
          0.0
        ], 
        [
          -6.649822720249753, 
          9.744170091996155, 
          63.740682301160476, 
          1.0
        ]
      ], 
      "projected_cuboid": [
        [
          346.88677310156856, 
          413.5061519503579
        ], 
        [
          310.76100914434727, 
          318.698762375358
        ], 
        [
          505.6945431991474, 
          332.43316753611316
        ], 
        [
          513.8163848412863, 
          431.4628295086379
        ], 
        [
          366.8263227146248, 
          371.1897687988856
        ], 
        [
          336.95272468783867, 
          277.97928889346025
        ], 
        [
          515.6577882167194, 
          287.4981852017021
        ], 
        [
          521.7016770882985, 
          385.1018500673388
        ]
      ], 
      "projected_cuboid_centroid": [
        425.4941964243632, 
        354.8162070122532
      ], 
      "quaternion_xyzw": [
        0.6720759871546478, 
        0.6577551399028592, 
        0.15611194724323763, 
        -0.30216072436602426
      ], 
      "visibility": 0.9701486270887564
    }, 
    {
      "bounding_box": {
        "bottom_right": [
          456, 
          398
        ], 
        "top_left": [
          382, 
          319
        ]
      }, 
      "class": "005_tomato_soup_can", 
      "cuboid": [
        [
          -24.43365615558395, 
          22.154031429531823, 
          77.38962272155749
        ], 
        [
          -19.18070333960103, 
          19.56456246526894, 
          74.00162465579933
        ], 
        [
          -12.987008745866133, 
          26.32510858139487, 
          78.43756612230037
        ], 
        [
          -18.239961561849054, 
          28.914577545657753, 
          81.82556418805851
        ], 
        [
          -23.311741113979902, 
          17.802549917247486, 
          82.45497186539511
        ], 
        [
          -18.058788297996983, 
          15.213080952984598, 
          79.06697379963697
        ], 
        [
          -11.865093704262087, 
          21.97362706911053, 
          83.50291526613799
        ], 
        [
          -17.118046520245006, 
          24.563096033373412, 
          86.89091333189613
        ]
      ], 
      "cuboid_centroid": [
        -18.149374929923017, 
        22.063829249321177, 
        80.44626899384774
      ], 
      "location": [
        -18.149374929923017, 
        22.063829249321177, 
        80.44626899384774
      ], 
      "pose_transform_permuted": [
        [
          -0.1656843556392299, 
          0.6426265659189755, 
          -0.7480505010295218, 
          0.0
        ], 
        [
          -0.7763863951786877, 
          0.38272349762482377, 
          0.5007460941097642, 
          0.0
        ], 
        [
          -0.6080893923309777, 
          -0.6637421844691828, 
          -0.43551533094785533, 
          0.0
        ], 
        [
          -18.149374929923017, 
          22.063829249321177, 
          80.44626899384774, 
          1.0
        ]
      ], 
      "projected_cuboid": [
        [
          311.81279257595554, 
          425.95789613068683
        ], 
        [
          342.2123982856504, 
          414.2856626281583
        ], 
        [
          392.55878875139433, 
          452.27852650991485
        ], 
        [
          361.72261285318444, 
          461.7448834537469
        ], 
        [
          329.55995987386996, 
          388.4336090003823
        ], 
        [
          358.77250550315216, 
          375.9012404633442
        ], 
        [
          405.18512059003825, 
          413.6285319334534
        ], 
        [
          375.65423663766234, 
          424.0500601448367
        ]
      ], 
      "projected_cuboid_centroid": [
        360.2728497785976, 
        419.55898001733874
      ], 
      "quaternion_xyzw": [
        0.277453557899338, 
        0.8927736388185686, 
        0.3019079669213702, 
        -0.18661797928725235
      ], 
      "visibility": 0.5639353558264815
    }, 
    {
      "bounding_box": {
        "bottom_right": [
          477, 
          512
        ], 
        "top_left": [
          389, 
          424
        ]
      }, 
      "class": "010_potted_meat_can", 
      "cuboid": [
        [
          2.9210472513428662, 
          23.313205098361074, 
          66.55913975480748
        ], 
        [
          -6.603465689814568, 
          19.799725735085442, 
          67.06917767004546
        ], 
        [
          -4.454330901374965, 
          14.905809995223507, 
          73.48985748488212
        ], 
        [
          5.070182039782471, 
          18.419289358499142, 
          72.97981956964415
        ], 
        [
          1.5601732736002973, 
          27.535656881058777, 
          70.2330536593589
        ], 
        [
          -7.964339667557138, 
          24.022177517783145, 
          70.74309157459689
        ], 
        [
          -5.815204879117533, 
          19.128261777921214, 
          77.16377138943355
        ], 
        [
          3.7093080620399013, 
          22.641741141196846, 
          76.65373347419556
        ]
      ], 
      "cuboid_centroid": [
        -1.4470788138873334, 
        21.220733438141142, 
        71.86145557212052
      ], 
      "location": [
        -1.4470788138873334, 
        21.220733438141142, 
        71.86145557212052
      ], 
      "pose_transform_permuted": [
        [
          0.2362587462438991, 
          -0.7330518332860549, 
          -0.637821214229686, 
          0.0
        ], 
        [
          0.9370186388828309, 
          0.34565501365357737, 
          -0.050177372435473176, 
          0.0
        ], 
        [
          -0.2572489502907205, 
          0.5857960578660547, 
          -0.7685479530666339, 
          0.0
        ], 
        [
          -1.4470788138873334, 
          21.220733438141142, 
          71.86145557212052, 
          1.0
        ]
      ], 
      "projected_cuboid": [
        [
          505.19764616081795, 
          460.08866419946975
        ], 
        [
          428.65015124908575, 
          430.72967121750736
        ], 
        [
          449.0023823826257, 
          381.4587490258807
        ], 
        [
          518.9575542555326, 
          407.89042959025323
        ], 
        [
          493.5430831937494, 
          482.380465768997
        ], 
        [
          421.0549694671144, 
          454.3854610775223
        ], 
        [
          441.0701756714115, 
          405.49205897268155
        ], 
        [
          507.6197077537756, 
          430.81681603054096
        ]
      ], 
      "projected_cuboid_centroid": [
        470.7680800378422, 
        430.77614936924226
      ], 
      "quaternion_xyzw": [
        0.8889088692012487, 
        0.16956292844902432, 
        0.05233421002302349, 
        0.42231544716782626
      ], 
      "visibility": 0.6423330887747616
    }, 
    {
      "bounding_box": {
        "bottom_right": [
          322, 
          419
        ], 
        "top_left": [
          264, 
          263
        ]
      }, 
      "class": "037_scissors", 
      "cuboid": [
        [
          -26.259446087647152, 
          5.480458233562903, 
          71.94293672641206
        ], 
        [
          -6.7136127930116976, 
          7.272023544760079, 
          66.92198823666568
        ], 
        [
          -7.393311078395465, 
          0.2327699123419416, 
          61.76428781355965
        ], 
        [
          -26.93914437303092, 
          -1.5587953988552332, 
          66.78523630330601
        ], 
        [
          -26.653032414776106, 
          6.400548092265641, 
          70.73906210983665
        ], 
        [
          -7.107199120140651, 
          8.192113403462816, 
          65.71811362009029
        ], 
        [
          -7.786897405524417, 
          1.15285977104468, 
          60.56041319698424
        ], 
        [
          -27.332730700159875, 
          -0.6387055401524948, 
          65.58136168673062
        ]
      ], 
      "cuboid_centroid": [
        -17.023171746585785, 
        3.3166590023037914, 
        66.25167496169814
      ], 
      "location": [
        -17.023171746585785, 
        3.3166590023037914, 
        66.25167496169814
      ], 
      "pose_transform_permuted": [
        [
          0.25141253392149915, 
          -0.5877290618790751, 
          0.769003258026872, 
          0.0
        ], 
        [
          -0.9647594416457431, 
          -0.08842956569044579, 
          0.24782813751047494, 
          0.0
        ], 
        [
          0.07765317779510789, 
          0.804210376306002, 
          0.5892494310813534, 
          0.0
        ], 
        [
          -17.023171746585785, 
          3.3166590023037914, 
          66.25167496169814, 
          1.0
        ]
      ], 
      "projected_cuboid": [
        [
          285.31115311600905, 
          313.91367712402734
        ], 
        [
          427.6485914123979, 
          331.23927769960943
        ], 
        [
          417.22562063250206, 
          275.29644948563197
        ], 
        [
          264.67932924120583, 
          260.83863544514645
        ], 
        [
          278.97858122229104, 
          321.54188006292594
        ], 
        [
          423.43964881933516, 
          339.7676687528139
        ], 
        [
          412.45102115013003, 
          283.4390891297975
        ], 
        [
          257.4699893708366, 
          268.09246814692386
        ]
      ], 
      "projected_cuboid_centroid": [
        343.42019674704017, 
        299.98532254276296
      ], 
      "quaternion_xyzw": [
        0.13270971030390402, 
        -0.3128680890254494, 
        0.9404750230573135, 
        -0.002864612996394582
      ], 
      "visibility": 0.6774732620320856
    }, 
    {
      "bounding_box": {
        "bottom_right": [
          447, 
          443
        ], 
        "top_left": [
          393, 
          376
        ]
      }, 
      "class": "061_foam_brick", 
      "cuboid": [
        [
          -7.604279543873285, 
          20.552752080522257, 
          72.55797228609467
        ], 
        [
          -15.008444796113954, 
          20.46476288012228, 
          74.96923543591639
        ], 
        [
          -13.691509295558134, 
          17.465897838026194, 
          78.90366305581242
        ], 
        [
          -6.287344043317463, 
          17.553887038426172, 
          76.49239990599071
        ], 
        [
          -6.696568149100507, 
          24.81210847923824, 
          75.50067164784026
        ], 
        [
          -14.100733401341179, 
          24.72411927883826, 
          77.91193479766198
        ], 
        [
          -12.783797900785357, 
          21.725254236742174, 
          81.84636241755803
        ], 
        [
          -5.379632648544687, 
          21.813243437142155, 
          79.43509926773629
        ]
      ], 
      "cuboid_centroid": [
        -10.19403872232932, 
        21.139003158632217, 
        77.20216735182635
      ], 
      "location": [
        -10.19403872232932, 
        21.139003158632217, 
        77.20216735182635
      ], 
      "pose_transform_permuted": [
        [
          -0.17270003567846187, 
          -0.8103798258582746, 
          -0.5598743033204602, 
          0.0
        ], 
        [
          0.950787871694651, 
          0.011298919152985143, 
          -0.30963649246225844, 
          0.0
        ], 
        [
          -0.25724914132998367, 
          0.5857959305661716, 
          -0.7685479861512221, 
          0.0
        ], 
        [
          -10.19403872232932, 
          21.139003158632217, 
          77.20216735182635, 
          1.0
        ]
      ], 
      "projected_cuboid": [
        [
          425.2378877336164, 
          424.3545023587235
        ], 
        [
          373.93955428641283, 
          418.8697061364931
        ], 
        [
          388.28326384323, 
          391.34069407425244
        ], 
        [
          437.39519547942024, 
          395.67558225083354
        ], 
        [
          433.89983258117803, 
          448.5536324712246
        ], 
        [
          384.27093970190253, 
          442.52706605081886
        ], 
        [
          397.60229744929313, 
          414.8506001045053
        ], 
        [
          445.1777419572645, 
          419.73854729153703
        ]
      ], 
      "projected_cuboid_centroid": [
        410.5888654611843, 
        419.3166915370731
      ], 
      "quaternion_xyzw": [
        0.8798377841371219, 
        0.07630612861958991, 
        -0.13705268653975783, 
        0.4486417384194262
      ], 
      "visibility": 0.5429848693259972
    }
  ]
}