{
  "camera_data": {
    "location_worldframe": [
      -8.835830433999496, 
      -1.2092154834718234, 
      79.31118512204016
    ], 
    "quaternion_xyzw_worldframe": [
      -0.8279474245834006, 
      -0.10777754058257025, 
      -0.20346036590029004, 
      0.5113752915402944
    ]
  }, 
  "objects": [
    {
      "bounding_box": {
        "bottom_right": [
          321, 
          665
        ], 
        "top_left": [
          220, 
          479
        ]
      }, 
      "class": "003_cracker_box", 
      "cuboid": [
        [
          1.3205933321711076, 
          8.106593817236716, 
          77.87627200807675
        ], 
        [
          6.564450727652926, 
          1.111863731108717, 
          63.99629267361006
        ], 
        [
          25.873095370674616, 
          -1.6250361206774602, 
          72.6703441143843
        ], 
        [
          20.629237975192797, 
          5.369693965450539, 
          86.550323448851
        ], 
        [
          -0.7027053279443335, 
          1.6776749880066624, 
          80.35168364133878
        ], 
        [
          4.541152067537485, 
          -5.317055098121337, 
          66.47170430687208
        ], 
        [
          23.849796710559175, 
          -8.053954949907514, 
          75.14575574764633
        ], 
        [
          18.605939315077357, 
          -1.059224863779515, 
          89.02573508211303
        ]
      ], 
      "cuboid_centroid": [
        12.585195021365141, 
        0.026319433664600926, 
        76.51101387786154
      ], 
      "location": [
        12.585195021365141, 
        0.026319433664600926, 
        76.51101387786154
      ], 
      "pose_transform_permuted": [
        [
          0.2817964775054334, 
          0.8953926160075742, 
          -0.3447648596719834, 
          0.0
        ], 
        [
          -0.31967721561277646, 
          0.42641431092747334, 
          0.8461544263633621, 
          0.0
        ], 
        [
          -0.904653095436915, 
          0.12822986639375678, 
          -0.4063986691428099, 
          0.0
        ], 
        [
          12.585195021365141, 
          0.026319433664600926, 
          76.51101387786154, 
          1.0
        ]
      ], 
      "projected_cuboid": [
        [
          490.7162469795649, 
          328.8028733691651
        ], 
        [
          536.7584737916391, 
          282.5523669356575
        ], 
        [
          673.0592107903817, 
          261.36057840219325
        ], 
        [
          609.7729263072648, 
          306.37437443652493
        ], 
        [
          476.89412296884143, 
          284.42179843589145
        ], 
        [
          518.3355310913975, 
          230.62643714308626
        ], 
        [
          652.2728760988086, 
          216.1265313512752
        ], 
        [
          593.9870951260887, 
          266.9411215429823
        ]
      ], 
      "projected_cuboid_centroid": [
        570.0531579410897, 
        273.46999744275826
      ], 
      "quaternion_xyzw": [
        0.5369631063799829, 
        0.6197201402429573, 
        0.52515288781805, 
        -0.2276664546664062
      ], 
      "visibility": 0.9818138875767596
    }, 
    {
      "bounding_box": {
        "bottom_right": [
          339, 
          464
        ], 
        "top_left": [
          289, 
          409
        ]
      }, 
      "class": "005_tomato_soup_can", 
      "cuboid": [
        [
          -10.269926102823714, 
          9.984239189869044, 
          82.4308899406939
        ], 
        [
          -3.939922291330522, 
          7.728195922812386, 
          81.64430604748574
        ], 
        [
          -1.8320235292166462, 
          10.284433336881497, 
          91.27585972768406
        ], 
        [
          -8.162027340709837, 
          12.540476603938153, 
          92.06244362089221
        ], 
        [
          -12.207438751197065, 
          3.830715370168705, 
          84.48808122958278
        ], 
        [
          -5.877434939703874, 
          1.5746721031120487, 
          83.70149733637463
        ], 
        [
          -3.769536177589998, 
          4.130909517181158, 
          93.33305101657294
        ], 
        [
          -10.099539989083189, 
          6.386952784237815, 
          94.1196349097811
        ]
      ], 
      "cuboid_centroid": [
        -7.019731140206856, 
        7.0575743535251005, 
        87.88197047863342
      ], 
      "location": [
        -7.019731140206856, 
        7.0575743535251005, 
        87.88197047863342
      ], 
      "pose_transform_permuted": [
        [
          0.2861317682572721, 
          0.9087520811914805, 
          -0.3038059037330249, 
          0.0
        ], 
        [
          -0.9355745259541145, 
          0.33344318154693314, 
          0.11625709477065294, 
          0.0
        ], 
        [
          -0.20695093339694462, 
          -0.2509682762445756, 
          -0.9456142107037939, 
          0.0
        ], 
        [
          -7.019731140206856, 
          7.0575743535251005, 
          87.88197047863342, 
          1.0
        ]
      ], 
      "projected_cuboid": [
        [
          414.5979535107325, 
          337.8835632816955
        ], 
        [
          455.6461051790735, 
          323.76890996487833
        ], 
        [
          470.8034558062827, 
          333.3778887147059
        ], 
        [
          433.9202484226975, 
          345.9337705784857
        ], 
        [
          403.89709989569724, 
          297.4674105345018
        ], 
        [
          443.8358207642392, 
          283.31985275342794
        ], 
        [
          459.8778506958065, 
          296.89119804370597
        ], 
        [
          423.8921151098989, 
          309.4775729327354
        ]
      ], 
      "projected_cuboid_centroid": [
        438.64219677805426, 
        316.1160579833393
      ], 
      "quaternion_xyzw": [
        0.1712184392272278, 
        0.7890419358202254, 
        0.587537305595685, 
        0.053823081440541855
      ], 
      "visibility": 0.910541586073501
    }, 
    {
      "bounding_box": {
        "bottom_right": [
          334, 
          584
        ], 
        "top_left": [
          276, 
          518
        ]
      }, 
      "class": "010_potted_meat_can", 
      "cuboid": [
        [
          18.118526059616574, 
          8.346955097124546, 
          90.06889366708705
        ], 
        [
          10.280402779334615, 
          7.50194660509859, 
          83.65244552431169
        ], 
        [
          8.386680512221616, 
          0.06131537727377956, 
          86.9456421171314
        ], 
        [
          16.224803792503575, 
          0.9063238692997355, 
          93.36209025990676
        ], 
        [
          14.691373031160515, 
          10.922037414446676, 
          93.9162685639641
        ], 
        [
          6.853249750878557, 
          10.07702892242072, 
          87.49982042118873
        ], 
        [
          4.959527483765556, 
          2.6363976945959084, 
          90.79301701400844
        ], 
        [
          12.797650764047516, 
          3.4814061866218644, 
          97.2094651567838
        ]
      ], 
      "cuboid_centroid": [
        11.539026771691066, 
        5.491676395860227, 
        90.43095534054774
      ], 
      "location": [
        11.539026771691066, 
        5.491676395860227, 
        90.43095534054774
      ], 
      "pose_transform_permuted": [
        [
          0.5949815272624585, 
          -0.4470551496432878, 
          -0.6679354476115676, 
          0.0
        ], 
        [
          0.7711121453516677, 
          0.08313167423198183, 
          0.63124818479957, 
          0.0
        ], 
        [
          0.2266763666836772, 
          0.8906349583815685, 
          -0.3941918260133621, 
          0.0
        ], 
        [
          11.539026771691066, 
          5.491676395860227, 
          90.43095534054774, 
          1.0
        ]
      ], 
      "projected_cuboid": [
        [
          589.7752755325577, 
          322.7108667580352
        ], 
        [
          547.6851633563715, 
          321.1146081750387
        ], 
        [
          533.4691917244622, 
          273.6626429897298
        ], 
        [
          575.0516570698762, 
          278.46380283109096
        ], 
        [
          565.7197872481762, 
          335.30919422959244
        ], 
        [
          523.7163683683993, 
          334.70697105934784
        ], 
        [
          510.97218532524346, 
          288.7727787276627
        ], 
        [
          552.3938385690096, 
          292.38655147604766
        ]
      ], 
      "projected_cuboid_centroid": [
        550.2159770434205, 
        305.67388317005526
      ], 
      "quaternion_xyzw": [
        0.9123708883103412, 
        -0.039332878298411075, 
        0.33600088729621136, 
        0.2305112390243488
      ], 
      "visibility": 0.3749572357167294
    }, 
    {
      "bounding_box": {
        "bottom_right": [
          264, 
          572
        ], 
        "top_left": [
          224, 
          429
        ]
      }, 
      "class": "037_scissors", 
      "cuboid": [
        [
          -7.89870086242597, 
          -1.9913282339428244, 
          69.70403957395476
        ], 
        [
          10.740253570001684, 
          -3.412094114623833, 
          77.51621156136194
        ], 
        [
          13.507897681321602, 
          -7.337989601643255, 
          70.19894118141488
        ], 
        [
          -5.131056751106054, 
          -5.917223720962247, 
          62.3867691940077
        ], 
        [
          -7.536171125525606, 
          -0.5964408314188242, 
          69.09276961594287
        ], 
        [
          11.102783306902047, 
          -2.0172067120998327, 
          76.90494160335007
        ], 
        [
          13.870427418221965, 
          -5.943102199119256, 
          69.587671223403
        ], 
        [
          -4.768527014205691, 
          -4.5223363184382475, 
          61.775499235995824
        ]
      ], 
      "cuboid_centroid": [
        2.9858632778979968, 
        -3.96721521653104, 
        69.64585539867888
      ], 
      "location": [
        2.9858632778979968, 
        -3.96721521653104, 
        69.64585539867888
      ], 
      "pose_transform_permuted": [
        [
          -0.2315744056478691, 
          -0.8910171726794736, 
          0.3904630787733252, 
          0.0
        ], 
        [
          -0.9199969630368594, 
          0.07012734003678082, 
          -0.38559966060285794, 
          0.0
        ], 
        [
          -0.3161937654860551, 
          0.4485199783701135, 
          0.8359728279556944, 
          0.0
        ], 
        [
          2.9858632778979968, 
          -3.96721521653104, 
          69.64585539867888, 
          1.0
        ]
      ], 
      "projected_cuboid": [
        [
          420.6588919606813, 
          258.05048638134775
        ], 
        [
          556.1069270637654, 
          249.81097623379497
        ], 
        [
          585.0752869803293, 
          217.53792568329607
        ], 
        [
          437.3681768313462, 
          222.7025547240187
        ], 
        [
          422.9414140218948, 
          268.68267599462126
        ], 
        [
          559.2341784553523, 
          259.2976340119633
        ], 
        [
          588.7858375600421, 
          227.73863083273565
        ], 
        [
          440.0864009955662, 
          234.24435216120543
        ]
      ], 
      "projected_cuboid_centroid": [
        504.6521356877532, 
        242.90722031035546
      ], 
      "quaternion_xyzw": [
        -0.18578189792675953, 
        -0.5198589791169133, 
        0.8305088831825187, 
        -0.07407097938144416
      ], 
      "visibility": 0.8076298701298701
    }, 
    {
      "bounding_box": {
        "bottom_right": [
          327, 
          518
        ], 
        "top_left": [
          284, 
          461
        ]
      }, 
      "class": "061_foam_brick", 
      "cuboid": [
        [
          6.195679978344983, 
          6.205384844210003, 
          87.30339119752387
        ], 
        [
          -1.188395631676974, 
          7.056803263952458, 
          84.9808690298007
        ], 
        [
          -2.3488357844664063, 
          2.4973760204766693, 
          86.99884653531849
        ], 
        [
          5.035239825555551, 
          1.6459576007342152, 
          89.32136870304164
        ], 
        [
          5.026083527482933, 
          8.52527498286273, 
          91.87238346363833
        ], 
        [
          -2.357992082539024, 
          9.376693402605182, 
          89.54986129591516
        ], 
        [
          -3.518432235328456, 
          4.817266159129396, 
          91.56783880143296
        ], 
        [
          3.8656433746935006, 
          3.9658477393869416, 
          93.89036096915612
        ]
      ], 
      "cuboid_centroid": [
        1.3386238715082632, 
        5.511325501669699, 
        89.4356149994784
      ], 
      "location": [
        1.3386238715082632, 
        5.511325501669699, 
        89.4356149994784
      ], 
      "pose_transform_permuted": [
        [
          0.22252595919415705, 
          -0.44137939880740285, 
          -0.8692907590634655, 
          0.0
        ], 
        [
          0.9482081091532277, 
          -0.10933282546382558, 
          0.2982410350910105, 
          0.0
        ], 
        [
          0.2266794636061702, 
          0.890634919360628, 
          -0.39419013330461083, 
          0.0
        ], 
        [
          1.3386238715082632, 
          5.511325501669699, 
          89.4356149994784, 
          1.0
        ]
      ], 
      "projected_cuboid": [
        [
          519.7606926849735, 
          311.1940374855838
        ], 
        [
          474.0768305318442, 
          317.57334533253595
        ], 
        [
          467.07826318295406, 
          288.5959310516242
        ], 
        [
          511.9119964197593, 
          283.11421342222883
        ], 
        [
          511.0166484210193, 
          322.7757961117553
        ], 
        [
          467.4368763636041, 
          329.129999318311
        ], 
        [
          460.93385066813806, 
          301.3437949139987
        ], 
        [
          503.73782872901734, 
          295.8134964621348
        ]
      ], 
      "projected_cuboid_centroid": [
        489.64602982372764, 
        306.15149697219226
      ], 
      "quaternion_xyzw": [
        0.9628257614409423, 
        -0.08724639039755432, 
        0.1352183892301033, 
        0.21695761724881563
      ], 
      "visibility": 0.3609254498714653
    }
  ]
}