{
  "camera_data": {
    "location_worldframe": [
      -20.376540300604542, 
      9.936457696596978, 
      79.92856727143209
    ], 
    "quaternion_xyzw_worldframe": [
      0.94077926858718, 
      0.039412215981182025, 
      -0.1216107444922369, 
      -0.3139945172773129
    ]
  }, 
  "objects": [
    {
      "bounding_box": {
        "bottom_right": [
          414, 
          532
        ], 
        "top_left": [
          273, 
          336
        ]
      }, 
      "class": "003_cracker_box", 
      "cuboid": [
        [
          -15.31424087983974, 
          16.973615834873222, 
          69.11892587600677
        ], 
        [
          -16.727792566301243, 
          3.9547561723182336, 
          59.24019719243837
        ], 
        [
          4.171059781512536, 
          4.896413636762946, 
          55.00879093560961
        ], 
        [
          5.584611467974035, 
          17.91527329931793, 
          64.887519619178
        ], 
        [
          -13.993744923920005, 
          12.617068623090422, 
          74.67132935169634
        ], 
        [
          -15.407296610381504, 
          -0.4017910394645663, 
          64.79260066812796
        ], 
        [
          5.4915557374322725, 
          0.5398664249801455, 
          60.56119441129919
        ], 
        [
          6.905107423893772, 
          13.558726087535133, 
          70.43992309486758
        ]
      ], 
      "cuboid_centroid": [
        -4.911342571203734, 
        8.756741129926683, 
        64.84006014365298
      ], 
      "location": [
        -4.911342571203734, 
        8.756741129926683, 
        64.84006014365298
      ], 
      "pose_transform_permuted": [
        [
          -0.18391309017973712, 
          0.6067614646156418, 
          -0.7733152657991574, 
          0.0
        ], 
        [
          0.08617325628307565, 
          0.79365865497505, 
          0.6022292829851156, 
          0.0
        ], 
        [
          -0.9791578755043088, 
          -0.0441187538431943, 
          0.19825082697737298, 
          0.0
        ], 
        [
          -4.911342571203734, 
          8.756741129926683, 
          64.84006014365298, 
          1.0
        ]
      ], 
      "projected_cuboid": [
        [
          362.4481153103309, 
          404.2544546154534
        ], 
        [
          329.74738989617043, 
          308.8898785056544
        ], 
        [
          522.3732037724234, 
          320.75810089669073
        ], 
        [
          527.8802853399602, 
          420.5346705108449
        ], 
        [
          380.81765939001076, 
          363.40050591704767
        ], 
        [
          353.71997135523657, 
          269.97932346188367
        ], 
        [
          530.3603259500724, 
          278.04075955083005
        ], 
        [
          534.3131731149884, 
          375.943296075807
        ]
      ], 
      "projected_cuboid_centroid": [
        440.8638663911834, 
        345.3120962397625
      ], 
      "quaternion_xyzw": [
        0.673678292703394, 
        0.6578869134127986, 
        0.15523588830757906, 
        -0.29873765427508153
      ], 
      "visibility": 0.9795258620689655
    }, 
    {
      "bounding_box": {
        "bottom_right": [
          448, 
          410
        ], 
        "top_left": [
          375, 
          332
        ]
      }, 
      "class": "005_tomato_soup_can", 
      "cuboid": [
        [
          -22.703786175991816, 
          21.302397149917663, 
          78.3529487661688
        ], 
        [
          -17.4474816536655, 
          18.67714107989378, 
          74.99785010401604
        ], 
        [
          -11.249912625174199, 
          25.452296052779666, 
          79.4060046423024
        ], 
        [
          -16.506217147500518, 
          28.07755212280355, 
          82.76110330445515
        ], 
        [
          -21.607340299597556, 
          16.9825508090408, 
          83.45084840157328
        ], 
        [
          -16.35103577727124, 
          14.357294739016915, 
          80.09574973942054
        ], 
        [
          -10.153466748779941, 
          21.1324497119028, 
          84.5039042777069
        ], 
        [
          -15.40977127110626, 
          23.757705781926685, 
          87.85900293985965
        ]
      ], 
      "cuboid_centroid": [
        -16.42862646238588, 
        21.21742343091023, 
        81.42842652193785
      ], 
      "location": [
        -16.42862646238588, 
        21.21742343091023, 
        81.42842652193785
      ], 
      "pose_transform_permuted": [
        [
          -0.16192307063103575, 
          0.6379546854326502, 
          -0.7528575559499059, 
          0.0
        ], 
        [
          -0.7768817773564467, 
          0.3880128316449434, 
          0.49588356245118836, 
          0.0
        ], 
        [
          -0.608469779616949, 
          -0.6651764642347363, 
          -0.4327872441755607, 
          0.0
        ], 
        [
          -16.42862646238588, 
          21.21742343091023, 
          81.42842652193785, 
          1.0
        ]
      ], 
      "projected_cuboid": [
        [
          325.7729493200379, 
          418.2840874986236
        ], 
        [
          356.4917784590442, 
          406.10214645211363
        ], 
        [
          405.40889869343073, 
          444.2334075886434
        ], 
        [
          374.34318656919896, 
          454.2206700399865
        ], 
        [
          342.35762029487523, 
          381.81901059425627
        ], 
        [
          371.81597929912004, 
          368.8849495149905
        ], 
        [
          416.98266909368704, 
          406.65729011496046
        ], 
        [
          387.27753171906363, 
          417.49998590085784
        ]
      ], 
      "projected_cuboid_centroid": [
        373.10026336848256, 
        412.2511220151222
      ], 
      "quaternion_xyzw": [
        0.27874688354681354, 
        0.8937163696527396, 
        0.29951950248607845, 
        -0.18400877935631302
      ], 
      "visibility": 0.6180860403863038
    }, 
    {
      "bounding_box": {
        "bottom_right": [
          467, 
          524
        ], 
        "top_left": [
          380, 
          438
        ]
      }, 
      "class": "010_potted_meat_can", 
      "cuboid": [
        [
          4.684958881412652, 
          22.320961177696365, 
          67.59460204600501
        ], 
        [
          -4.849676256916529, 
          18.834459778082195, 
          68.10062916666789
        ], 
        [
          -2.7312935573229153, 
          13.978833906396066, 
          74.56048001824918
        ], 
        [
          6.803341581006267, 
          17.46533530601024, 
          74.05445289758629
        ], 
        [
          3.3239250127770292, 
          26.57151460675713, 
          71.23590713809584
        ], 
        [
          -6.210710125552152, 
          23.085013207142957, 
          71.74193425875873
        ], 
        [
          -4.092327425958539, 
          18.229387335456828, 
          78.20178511034001
        ], 
        [
          5.442307712370643, 
          21.715888735071, 
          77.69575798967713
        ]
      ], 
      "cuboid_centroid": [
        0.29631572772705683, 
        20.275174256576598, 
        72.89819357817251
      ], 
      "location": [
        0.29631572772705683, 
        20.275174256576598, 
        72.89819357817251
      ], 
      "pose_transform_permuted": [
        [
          0.2362865045981234, 
          -0.7379305067309975, 
          -0.6321600602400861, 
          0.0
        ], 
        [
          0.9380144575115598, 
          0.3430009299281352, 
          -0.04978279170501324, 
          0.0
        ], 
        [
          -0.253567960797911, 
          0.5812128048993351, 
          -0.7732366808926202, 
          0.0
        ], 
        [
          0.29631572772705683, 
          20.275174256576598, 
          72.89819357817251, 
          1.0
        ]
      ], 
      "projected_cuboid": [
        [
          518.8693103139053, 
          449.3983183742884
        ], 
        [
          443.30107359413455, 
          420.7857073873026
        ], 
        [
          461.8977404984604, 
          373.2749751582495
        ], 
        [
          531.0011516501958, 
          399.06702761961157
        ], 
        [
          506.68957290090964, 
          472.2186448868756
        ], 
        [
          435.0427565544293, 
          444.897322501519
        ], 
        [
          453.45568543394154, 
          397.6070920646145
        ], 
        [
          519.2654996333383, 
          422.3488423857218
        ]
      ], 
      "projected_cuboid_centroid": [
        483.7829660229062, 
        421.61871128342887
      ], 
      "quaternion_xyzw": [
        0.8876073628934954, 
        0.16802724821403633, 
        0.052529902491212456, 
        0.4256294085645569
      ], 
      "visibility": 0.6735662742119256
    }, 
    {
      "bounding_box": {
        "bottom_right": [
          315, 
          435
        ], 
        "top_left": [
          257, 
          280
        ]
      }, 
      "class": "037_scissors", 
      "cuboid": [
        [
          -24.5551489659644, 
          4.596880006128765, 
          73.01379080703546
        ], 
        [
          -4.990471854938919, 
          6.306331212963608, 
          68.03780695503015
        ], 
        [
          -5.672683153172878, 
          -0.7659721901302711, 
          62.92585356769156
        ], 
        [
          -25.23736026419836, 
          -2.4754233969651143, 
          67.90183741969688
        ], 
        [
          -24.942963695843236, 
          5.509767176885447, 
          71.80258216019466
        ], 
        [
          -5.378286584817757, 
          7.21921838372029, 
          66.82659830818935
        ], 
        [
          -6.060497883051716, 
          0.1469149806264107, 
          61.71464492085076
        ], 
        [
          -25.62517499407719, 
          -1.562536226208432, 
          66.69062877285607
        ]
      ], 
      "cuboid_centroid": [
        -15.307823424508058, 
        2.371897493377588, 
        67.36421786394311
      ], 
      "location": [
        -15.307823424508058, 
        2.371897493377588, 
        67.36421786394311
      ], 
      "pose_transform_permuted": [
        [
          0.24772579027872535, 
          -0.5831281753574998, 
          0.7736880425475402, 
          0.0
        ], 
        [
          -0.9656895503550967, 
          -0.08437650966148709, 
          0.24560873564886374, 
          0.0
        ], 
        [
          0.07794028081986712, 
          0.8079861982751894, 
          0.5840229904996419, 
          0.0
        ], 
        [
          -15.307823424508058, 
          2.371897493377588, 
          67.36421786394311, 
          1.0
        ]
      ], 
      "projected_cuboid": [
        [
          300.7425288797676, 
          306.8638403192305
        ], 
        [
          442.15287894883795, 
          322.71920026668374
        ], 
        [
          433.1183483380485, 
          266.7946440141724
        ], 
        [
          281.7240646175165, 
          253.8438862887938
        ], 
        [
          294.7872362230922, 
          314.2107867443942
        ], 
        [
          438.3171614650545, 
          330.90058144166255
        ], 
        [
          428.78759907340947, 
          274.55613349364734
        ], 
        [
          274.96688258272326, 
          260.7910617176027
        ]
      ], 
      "projected_cuboid_centroid": [
        359.3957448706841, 
        292.06474728311116
      ], 
      "quaternion_xyzw": [
        0.13096602627462578, 
        -0.309844825814082, 
        0.9417223305170461, 
        -0.00170863232001895
      ], 
      "visibility": 0.6886920980926431
    }, 
    {
      "bounding_box": {
        "bottom_right": [
          438, 
          455
        ], 
        "top_left": [
          385, 
          390
        ]
      }, 
      "class": "061_foam_brick", 
      "cuboid": [
        [
          -5.864507145190285, 
          19.627064554587324, 
          73.58127264622617
        ], 
        [
          -13.27582193036941, 
          19.57361466136602, 
          75.9714925991726
        ], 
        [
          -11.97773177318594, 
          16.598212099866906, 
          79.92992320869186
        ], 
        [
          -4.566416988006814, 
          16.65166199308821, 
          77.53970325574542
        ], 
        [
          -4.9547623251241655, 
          23.903990947816805, 
          76.49774336103903
        ], 
        [
          -12.366077110303292, 
          23.850541054595496, 
          78.88796331398547
        ], 
        [
          -11.06798695311982, 
          20.875138493096383, 
          82.8463939235047
        ], 
        [
          -3.656672167940695, 
          20.928588386317692, 
          80.45617397055828
        ]
      ], 
      "cuboid_centroid": [
        -8.466247049155053, 
        20.251101523841854, 
        78.21383328486544
      ], 
      "location": [
        -8.466247049155053, 
        20.251101523841854, 
        78.21383328486544
      ], 
      "pose_transform_permuted": [
        [
          -0.17308691263377146, 
          -0.81372267105866, 
          -0.554884073730783, 
          0.0
        ], 
        [
          0.9517059615771137, 
          0.00686363803168949, 
          -0.30693428151894553, 
          0.0
        ], 
        [
          -0.25356790682870445, 
          0.58121278812336, 
          -0.7732367112006386, 
          0.0
        ], 
        [
          -8.466247049155053, 
          20.251101523841854, 
          78.21383328486544, 
          1.0
        ]
      ], 
      "projected_cuboid": [
        [
          438.736694293235, 
          415.5441737993519
        ], 
        [
          387.62419721688053, 
          410.69323693137835
        ], 
        [
          401.0115649018572, 
          384.0354440622641
        ], 
        [
          449.9274257719037, 
          387.8169921923569
        ], 
        [
          446.7660691564711, 
          439.9380747234902
        ], 
        [
          397.2999085225904, 
          434.5273671180157
        ], 
        [
          409.7536870199136, 
          407.66921455342623
        ], 
        [
          457.1561018113008, 
          412.0158049067535
        ]
      ], 
      "projected_cuboid_centroid": [
        423.3868671794806, 
        411.373479508974
      ], 
      "quaternion_xyzw": [
        0.8786072534743918, 
        0.07410351548730544, 
        -0.13658582724377313, 
        0.4515553951961407
      ], 
      "visibility": 0.5913104909925821
    }
  ]
}