{
  "camera_data": {
    "location_worldframe": [
      -16.3636195966946, 
      12.325721935839788, 
      73.344960773909
    ], 
    "quaternion_xyzw_worldframe": [
      0.8762514733363211, 
      0.013538830116420819, 
      -0.021616772660153376, 
      -0.4811809367435302
    ]
  }, 
  "objects": [
    {
      "bounding_box": {
        "bottom_right": [
          438, 
          593
        ], 
        "top_left": [
          334, 
          383
        ]
      }, 
      "class": "003_cracker_box", 
      "cuboid": [
        [
          -8.778134519495014, 
          21.640992924600315, 
          66.43956779546004
        ], 
        [
          -10.061652288237504, 
          13.174835943413788, 
          52.448324684342815
        ], 
        [
          11.212191204240666, 
          11.938291551906612, 
          51.24495933177033
        ], 
        [
          12.495708972983156, 
          20.40444853309314, 
          65.23620244288756
        ], 
        [
          -8.924003530622178, 
          15.505272137148088, 
          70.1656985211542
        ], 
        [
          -10.207521299364668, 
          7.039115155961559, 
          56.17445541003697
        ], 
        [
          11.066322193113502, 
          5.8025707644543845, 
          54.97109005746449
        ], 
        [
          12.349839961855992, 
          14.268727745640913, 
          68.96233316858171
        ]
      ], 
      "cuboid_centroid": [
        1.1440938368092444, 
        13.721781844527351, 
        60.705328926462265
      ], 
      "location": [
        1.1440938368092444, 
        13.721781844527351, 
        60.705328926462265
      ], 
      "pose_transform_permuted": [
        [
          0.020316018748557263, 
          0.854557233168064, 
          -0.5189597235068937, 
          0.0
        ], 
        [
          0.07824609930366394, 
          0.5161157687122238, 
          0.8529373137753746, 
          0.0
        ], 
        [
          -0.9967270475541283, 
          0.05793486451812707, 
          0.056380352493548835, 
          0.0
        ], 
        [
          1.1440938368092444, 
          13.721781844527351, 
          60.705328926462265, 
          1.0
        ]
      ], 
      "projected_cuboid": [
        [
          410.54656343884903, 
          447.0017758873959
        ], 
        [
          378.43277180769184, 
          407.25455423319596
        ], 
        [
          599.2576755293952, 
          397.5314345968793
        ], 
        [
          584.6034123915492, 
          440.0971673406975
        ], 
        [
          413.2017121893123, 
          391.1399257111376
        ], 
        [
          383.879385401645, 
          340.1158099960661
        ], 
        [
          589.8552440741272, 
          329.58203108853746
        ], 
        [
          577.9003589287795, 
          383.6336156402678
        ]
      ], 
      "projected_cuboid_centroid": [
        491.73213483429777, 
        393.8376510897057
      ], 
      "quaternion_xyzw": [
        0.643261355773974, 
        0.5879580681658139, 
        0.33938512110417035, 
        -0.3540308995266668
      ], 
      "visibility": 0.9502315403796244
    }, 
    {
      "bounding_box": {
        "bottom_right": [
          445, 
          442
        ], 
        "top_left": [
          389, 
          363
        ]
      }, 
      "class": "005_tomato_soup_can", 
      "cuboid": [
        [
          -17.03428925929467, 
          23.773449230130396, 
          75.70783538071491
        ], 
        [
          -11.641831811589757, 
          21.58889539460544, 
          72.25435584381455
        ], 
        [
          -5.505059851967833, 
          25.317544655635004, 
          79.4780403473606
        ], 
        [
          -10.89751729967275, 
          27.50209849115996, 
          82.93151988426095
        ], 
        [
          -17.319604077841248, 
          17.863526438228615, 
          79.00074514403731
        ], 
        [
          -11.92714663013633, 
          15.678972602703656, 
          75.54726560713696
        ], 
        [
          -5.7903746705144075, 
          19.407621863733223, 
          82.770950110683
        ], 
        [
          -11.182832118219324, 
          21.592175699258178, 
          86.22442964758336
        ]
      ], 
      "cuboid_centroid": [
        -11.41233196490454, 
        21.590535546931807, 
        79.23939274569895
      ], 
      "location": [
        -11.41233196490454, 
        21.590535546931807, 
        79.23939274569895
      ], 
      "pose_transform_permuted": [
        [
          0.042135277728005203, 
          0.8727770939356253, 
          -0.4862967444791187, 
          0.0
        ], 
        [
          -0.7970051789232936, 
          0.32287704398875966, 
          0.5104242551578536, 
          0.0
        ], 
        [
          -0.6025007974359936, 
          -0.36607424357802676, 
          -0.7092125473211591, 
          0.0
        ], 
        [
          -11.41233196490454, 
          21.590535546931807, 
          79.23939274569895, 
          1.0
        ]
      ], 
      "projected_cuboid": [
        [
          360.5999782903799, 
          440.75726238129323
        ], 
        [
          394.95096761156924, 
          432.63721737666344
        ], 
        [
          444.3487538324239, 
          443.17424914854274
        ], 
        [
          410.9328307618866, 
          450.14821523161726
        ], 
        [
          363.70122066566216, 
          393.879938165609
        ], 
        [
          396.6967058503279, 
          383.9709296112995
        ], 
        [
          443.97692407708126, 
          398.3360244119831
        ], 
        [
          411.85204724756494, 
          406.83952511921973
        ]
      ], 
      "projected_cuboid_centroid": [
        404.14643151876345, 
        418.60132421768475
      ], 
      "quaternion_xyzw": [
        0.28426100533109855, 
        0.813845219771616, 
        0.4859614588940905, 
        -0.14385074890568916
      ], 
      "visibility": 0.3505545826036194
    }, 
    {
      "bounding_box": {
        "bottom_right": [
          463, 
          567
        ], 
        "top_left": [
          388, 
          488
        ]
      }, 
      "class": "010_potted_meat_can", 
      "cuboid": [
        [
          11.68674211374407, 
          23.718239773754718, 
          69.22523642866834
        ], 
        [
          1.8558152078255978, 
          21.935219712849673, 
          67.35581450991434
        ], 
        [
          2.281154946941957, 
          14.89518737649902, 
          71.83368807912845
        ], 
        [
          12.112081852860431, 
          16.67820743740407, 
          73.70310999788245
        ], 
        [
          10.252469652049667, 
          26.650318194294904, 
          73.97123464400596
        ], 
        [
          0.4215427461311941, 
          24.867298133389852, 
          72.10181272525196
        ], 
        [
          0.8468824852475534, 
          17.827265797039203, 
          76.57968629446607
        ], 
        [
          10.677809391166026, 
          19.610285857944252, 
          78.44910821322007
        ]
      ], 
      "cuboid_centroid": [
        6.266812299495812, 
        20.77275278539696, 
        72.9024613615672
      ], 
      "location": [
        6.266812299495812, 
        20.77275278539696, 
        72.9024613615672
      ], 
      "pose_transform_permuted": [
        [
          0.24900131761955946, 
          -0.5090325649952699, 
          -0.8239437349602677, 
          0.0
        ], 
        [
          0.9671635500157029, 
          0.175412962415168, 
          0.1839131504813448, 
          0.0
        ], 
        [
          -0.05091267518127901, 
          0.8426837340685616, 
          -0.5359962908846965, 
          0.0
        ], 
        [
          6.266812299495812, 
          20.77275278539696, 
          72.9024613615672, 
          1.0
        ]
      ], 
      "projected_cuboid": [
        [
          572.3834603007305, 
          456.01472212749377
        ], 
        [
          496.413765334596, 
          446.9683844432954
        ], 
        [
          498.67433581335587, 
          383.8738589907639
        ], 
        [
          569.9711119683047, 
          393.9709248249997
        ], 
        [
          556.1315729549552, 
          465.4306418234476
        ], 
        [
          484.74110269655216, 
          457.2238978593138
        ], 
        [
          487.54411525181365, 
          397.43995808554996
        ], 
        [
          554.7928237952191, 
          406.6028970559082
        ]
      ], 
      "projected_cuboid_centroid": [
        527.8241250743681, 
        425.250074601689
      ], 
      "quaternion_xyzw": [
        0.9531252565959696, 
        0.059364085682913174, 
        0.11355130532555412, 
        0.2741058556176092
      ], 
      "visibility": 0.34379290056873896
    }, 
    {
      "bounding_box": {
        "bottom_right": [
          369, 
          479
        ], 
        "top_left": [
          330, 
          292
        ]
      }, 
      "class": "037_scissors", 
      "cuboid": [
        [
          -19.93736355953991, 
          10.432349261833652, 
          64.54553573059947
        ], 
        [
          0.24502498036287484, 
          10.38455516776611, 
          62.77688151577282
        ], 
        [
          -0.41065496089589953, 
          5.684756619561428, 
          55.42181982085157
        ], 
        [
          -20.593043500798686, 
          5.732550713628973, 
          57.19047403567822
        ], 
        [
          -20.007640203735438, 
          11.753035854844226, 
          63.707897530809255
        ], 
        [
          0.1747483361673477, 
          11.705241760776683, 
          61.93924331598261
        ], 
        [
          -0.4809316050914267, 
          7.005443212572003, 
          54.584181621061354
        ], 
        [
          -20.663320144994213, 
          7.053237306639547, 
          56.352835835888
        ]
      ], 
      "cuboid_centroid": [
        -10.20914758231567, 
        8.718896237202827, 
        59.564858675830415
      ], 
      "location": [
        -10.20914758231567, 
        8.718896237202827, 
        59.564858675830415
      ], 
      "pose_transform_permuted": [
        [
          0.04489086122879625, 
          -0.8436196584546344, 
          0.5350611233242922, 
          0.0
        ], 
        [
          -0.9961790630936214, 
          0.002359060512361121, 
          0.08729870080437396, 
          0.0
        ], 
        [
          0.07490916506653494, 
          0.536935725913843, 
          0.8402903549583486, 
          0.0
        ], 
        [
          -10.20914758231567, 
          8.718896237202827, 
          59.564858675830415, 
          1.0
        ]
      ], 
      "projected_cuboid": [
        [
          315.4880328803111, 
          359.48577851511135
        ], 
        [
          483.69602042353654, 
          361.50829254723476
        ], 
        [
          477.6124388248008, 
          327.99048022970567
        ], 
        [
          287.95996433855703, 
          326.74441901233513
        ], 
        [
          312.71080224678553, 
          371.67503338060885
        ], 
        [
          483.1142553451323, 
          374.072959038085
        ], 
        [
          476.85892511696125, 
          341.7338416342656
        ], 
        [
          284.4110730817, 
          340.0379183616326
        ]
      ], 
      "projected_cuboid_centroid": [
        389.42674679664384, 
        351.35199822610616
      ], 
      "quaternion_xyzw": [
        0.03773349562244669, 
        -0.48067192403413017, 
        0.875810469270001, 
        0.022056206305486426
      ], 
      "visibility": 0.7717791411042945
    }
  ]
}