{
  "camera_data": {
    "location_worldframe": [
      -19.226270272178905, 
      8.359156444547967, 
      79.87154716087296
    ], 
    "quaternion_xyzw_worldframe": [
      0.9363348377181663, 
      0.03247861334562384, 
      -0.10664725352109686, 
      -0.33293980187906047
    ]
  }, 
  "objects": [
    {
      "bounding_box": {
        "bottom_right": [
          398, 
          542
        ], 
        "top_left": [
          264, 
          348
        ]
      }, 
      "class": "003_cracker_box", 
      "cuboid": [
        [
          -13.747075809428411, 
          15.658403746555516, 
          69.44582511066729
        ], 
        [
          -15.287443596457528, 
          3.0636351618962303, 
          59.04980726407244
        ], 
        [
          5.71593478725264, 
          3.5972889166320807, 
          55.2912360877944
        ], 
        [
          7.256302574281761, 
          16.19205750129137, 
          65.68725393438925
        ], 
        [
          -12.662504882528314, 
          11.061800854620163, 
          74.85390659057467
        ], 
        [
          -14.202872669557436, 
          -1.5329677300391253, 
          64.45788874397984
        ], 
        [
          6.800505714152734, 
          -0.9993139753032745, 
          60.69931756770178
        ], 
        [
          8.340873501181854, 
          11.595454609356013, 
          71.09533541429663
        ]
      ], 
      "cuboid_centroid": [
        -3.473285047637838, 
        7.329544885626121, 
        65.07257133918453
      ], 
      "location": [
        -3.473285047637838, 
        7.329544885626121, 
        65.07257133918453
      ], 
      "pose_transform_permuted": [
        [
          -0.1510544502549176, 
          0.6401954041548997, 
          -0.7532147088029608, 
          0.0
        ], 
        [
          0.09390424796855845, 
          0.7678051191667099, 
          0.6337643814501202, 
          0.0
        ], 
        [
          -0.9840551535720159, 
          -0.02500286944209712, 
          0.1760974481587323, 
          0.0
        ], 
        [
          -3.473285047637838, 
          7.329544885626121, 
          65.07257133918453, 
          1.0
        ]
      ], 
      "projected_cuboid": [
        [
          375.1445543734916, 
          393.53758757197045
        ], 
        [
          342.3749874131066, 
          300.9563425622382
        ], 
        [
          537.1904013352327, 
          307.9847064672708
        ], 
        [
          541.0024817794408, 
          404.75102827505316
        ], 
        [
          390.6273413851304, 
          352.09972609166124
        ], 
        [
          363.104297772947, 
          260.60288161709866
        ], 
        [
          541.8459717799267, 
          264.50631220424424
        ], 
        [
          544.6873073127115, 
          360.2695022350664
        ]
      ], 
      "projected_cuboid_centroid": [
        452.8936125857193, 
        333.3577744915324
      ], 
      "quaternion_xyzw": [
        0.6749289013165427, 
        0.6489054881638193, 
        0.17880028927995587, 
        -0.3023625343059614
      ], 
      "visibility": 0.9815593517301796
    }, 
    {
      "bounding_box": {
        "bottom_right": [
          435, 
          420
        ], 
        "top_left": [
          363, 
          343
        ]
      }, 
      "class": "005_tomato_soup_can", 
      "cuboid": [
        [
          -21.21913108584488, 
          19.835222108455962, 
          78.68340409574215
        ], 
        [
          -15.962007962608668, 
          17.196644466765495, 
          75.34005873617923
        ], 
        [
          -9.685701617992171, 
          23.630689083128996, 
          80.13124457541781
        ], 
        [
          -14.94282474122838, 
          26.269266724819463, 
          83.47458993498073
        ], 
        [
          -20.347644471521175, 
          15.298454665610054, 
          83.63417160309841
        ], 
        [
          -15.090521348284966, 
          12.659877023919586, 
          80.29082624353549
        ], 
        [
          -8.814215003668467, 
          19.093921640283085, 
          85.08201208277406
        ], 
        [
          -14.071338126904678, 
          21.732499281973553, 
          88.42535744233699
        ]
      ], 
      "cuboid_centroid": [
        -15.016673044756674, 
        19.464571874369526, 
        81.8827080892581
      ], 
      "location": [
        -15.016673044756674, 
        19.464571874369526, 
        81.8827080892581
      ], 
      "pose_transform_permuted": [
        [
          -0.1287010983790665, 
          0.6699895826142658, 
          -0.7311290908473719, 
          0.0
        ], 
        [
          -0.7770027665660941, 
          0.38998175985858796, 
          0.4941464243978258, 
          0.0
        ], 
        [
          -0.6162001134252669, 
          -0.6316866648466102, 
          -0.47039279083512275, 
          0.0
        ], 
        [
          -15.016673044756674, 
          19.464571874369526, 
          81.8827080892581, 
          1.0
        ]
      ], 
      "projected_cuboid": [
        [
          336.57429945262106, 
          407.73054823443425
        ], 
        [
          367.66307862822185, 
          395.0186870241275
        ], 
        [
          416.5959344665121, 
          430.562383609914
        ], 
        [
          385.3316849116838, 
          441.1210178010405
        ], 
        [
          350.7626166957286, 
          370.84194277632827
        ], 
        [
          380.52525591047976, 
          357.377842720479
        ], 
        [
          425.886495763863, 
          392.97296853259985
        ], 
        [
          396.0213977580388, 
          404.3616932714496
        ]
      ], 
      "projected_cuboid_centroid": [
        382.9751913076442, 
        400.0634558543478
      ], 
      "quaternion_xyzw": [
        0.28391884517991534, 
        0.8859766535101357, 
        0.3217868013032079, 
        -0.1757516748069047
      ], 
      "visibility": 0.6423880597014925
    }, 
    {
      "bounding_box": {
        "bottom_right": [
          450, 
          533
        ], 
        "top_left": [
          366, 
          451
        ]
      }, 
      "class": "010_potted_meat_can", 
      "cuboid": [
        [
          6.414179814902924, 
          20.51549761852447, 
          68.54144204397373
        ], 
        [
          -3.217559745235983, 
          17.272037057465447, 
          68.71631145790705
        ], 
        [
          -1.3684037739645951, 
          12.121122012320306, 
          75.0284440043615
        ], 
        [
          8.263335786174311, 
          15.364582573379328, 
          74.85357459042818
        ], 
        [
          5.086571842814857, 
          24.661313708988665, 
          72.31349538864644
        ], 
        [
          -4.545167717324048, 
          21.41785314792964, 
          72.48836480257977
        ], 
        [
          -2.696011746052661, 
          16.2669381027845, 
          78.80049734903422
        ], 
        [
          6.9357278140862455, 
          19.510398663843525, 
          78.6256279351009
        ]
      ], 
      "cuboid_centroid": [
        1.8590840344251311, 
        18.391217860654486, 
        73.67096969650397
      ], 
      "location": [
        1.8590840344251311, 
        18.391217860654486, 
        73.67096969650397
      ], 
      "pose_transform_permuted": [
        [
          0.23048349819226635, 
          -0.7197472563298137, 
          -0.6548590160095351, 
          0.0
        ], 
        [
          0.9475675605117637, 
          0.3190906473611596, 
          -0.017203598886193574, 
          0.0
        ], 
        [
          -0.2213418325794089, 
          0.6165585776787609, 
          -0.7555549704959477, 
          0.0
        ], 
        [
          1.8590840344251311, 
          18.391217860654486, 
          73.67096969650397, 
          1.0
        ]
      ], 
      "projected_cuboid": [
        [
          531.9215881983824, 
          432.91721268245095
        ], 
        [
          456.4169070849871, 
          407.33790669680445
        ], 
        [
          471.7890780035414, 
          359.44628479427695
        ], 
        [
          540.9626328462255, 
          382.75669780304963
        ], 
        [
          519.4236918805439, 
          455.1663029830267
        ], 
        [
          447.87817284120473, 
          430.86438574201986
        ], 
        [
          463.19847826981925, 
          383.38072444349797
        ], 
        [
          529.0343354820991, 
          405.6260557210279
        ]
      ], 
      "projected_cuboid_centroid": [
        495.16752303504506, 
        406.42441690254606
      ], 
      "quaternion_xyzw": [
        0.8970765232409189, 
        0.15060935882819607, 
        0.05943748771162366, 
        0.4111416887535564
      ], 
      "visibility": 0.6720734805550127
    }, 
    {
      "bounding_box": {
        "bottom_right": [
          306, 
          445
        ], 
        "top_left": [
          249, 
          288
        ]
      }, 
      "class": "037_scissors", 
      "cuboid": [
        [
          -23.392593893938272, 
          3.3987793381679063, 
          72.67277767845978
        ], 
        [
          -3.686251292456666, 
          4.763570198475772, 
          68.17204036516293
        ], 
        [
          -4.442930591295527, 
          -2.0902515342110326, 
          62.78061020142785
        ], 
        [
          -24.149273192777134, 
          -3.4550423945188995, 
          67.28134751472469
        ], 
        [
          -23.72986953223881, 
          4.366775976018533, 
          71.48955441535855
        ], 
        [
          -4.0235269307572015, 
          5.731566836326399, 
          66.98881710206172
        ], 
        [
          -4.780206229596063, 
          -1.122254896360406, 
          61.59738693832663
        ], 
        [
          -24.48654883107767, 
          -2.487045756668272, 
          66.09812425162347
        ]
      ], 
      "cuboid_centroid": [
        -14.086400061767169, 
        1.13826222090375, 
        67.13508230839321
      ], 
      "location": [
        -14.086400061767169, 
        1.13826222090375, 
        67.13508230839321
      ], 
      "pose_transform_permuted": [
        [
          0.21544275552881995, 
          -0.618330645083062, 
          0.7558117197340511, 
          0.0
        ], 
        [
          -0.9726819930620769, 
          -0.06736447858251254, 
          0.22215112305097579, 
          0.0
        ], 
        [
          0.08644799227856775, 
          0.7830254232343733, 
          0.615952245396714, 
          0.0
        ], 
        [
          -14.086400061767169, 
          1.13826222090375, 
          67.13508230839321, 
          1.0
        ]
      ], 
      "projected_cuboid": [
        [
          308.49655359062257, 
          298.2289667398681
        ], 
        [
          452.51867721767275, 
          310.55262623476307
        ], 
        [
          443.5399652025857, 
          255.5299078153443
        ], 
        [
          288.57759699712057, 
          245.89942643049335
        ], 
        [
          303.09448803920645, 
          305.86314532467037
        ], 
        [
          449.29752865211776, 
          318.91739053716844
        ], 
        [
          439.8644074508883, 
          263.5698836996885
        ], 
        [
          282.3783313348826, 
          253.2195508877537
        ]
      ], 
      "projected_cuboid_centroid": [
        368.7624849580492, 
        282.3288674508959
      ], 
      "quaternion_xyzw": [
        0.1167599022458804, 
        -0.3293344735623441, 
        0.9369523915373852, 
        0.00509191125088605
      ], 
      "visibility": 0.7134699361773598
    }, 
    {
      "bounding_box": {
        "bottom_right": [
          423, 
          464
        ], 
        "top_left": [
          373, 
          401
        ]
      }, 
      "class": "061_foam_brick", 
      "cuboid": [
        [
          -4.330029411026505, 
          17.885021999144925, 
          74.20103333239705
        ], 
        [
          -11.790366654134322, 
          17.9424776044726, 
          76.43344508475775
        ], 
        [
          -10.65725114948421, 
          14.786129675082954, 
          80.30135774552069
        ], 
        [
          -3.1969139063763934, 
          14.728674069755279, 
          78.06894599315997
        ], 
        [
          -3.371738869193834, 
          22.022936890627037, 
          77.29697842709523
        ], 
        [
          -10.832076112301651, 
          22.08039249595471, 
          79.52939017945594
        ], 
        [
          -9.69896060765154, 
          18.924044566565065, 
          83.39730284021887
        ], 
        [
          -2.2386233645437223, 
          18.86658896123739, 
          81.16489108785817
        ]
      ], 
      "cuboid_centroid": [
        -7.014495009339022, 
        18.404533282854995, 
        78.79916808630796
      ], 
      "location": [
        -7.014495009339022, 
        18.404533282854995, 
        78.79916808630796
      ], 
      "pose_transform_permuted": [
        [
          -0.18232316099354778, 
          -0.7872745164472519, 
          -0.5890306449736439, 
          0.0
        ], 
        [
          0.9580010612745653, 
          -0.007378021808723989, 
          -0.28666972527805745, 
          0.0
        ], 
        [
          -0.22134188840372682, 
          0.6165585134818398, 
          -0.7555550065289335, 
          0.0
        ], 
        [
          -7.014495009339022, 
          18.404533282854995, 
          78.79916808630796, 
          1.0
        ]
      ], 
      "projected_cuboid": [
        [
          450.2156461175023, 
          401.83505070714875
        ], 
        [
          398.6433969729743, 
          398.4814008646103
        ], 
        [
          410.2273394031138, 
          371.4882712574784
        ], 
        [
          459.575697549989, 
          373.90388609106344
        ], 
        [
          458.1394918756008, 
          425.23637821731865
        ], 
        [
          408.35243893397234, 
          421.3563986408195
        ], 
        [
          419.0560534210207, 
          394.30440326526855
        ], 
        [
          466.76490364001154, 
          397.25542681757963
        ]
      ], 
      "projected_cuboid_centroid": [
        433.7267284576096, 
        397.8500106328327
      ], 
      "quaternion_xyzw": [
        0.8893242124964957, 
        0.06014788071336974, 
        -0.131839682222037, 
        0.4337083993938444
      ], 
      "visibility": 0.5959302325581395
    }
  ]
}