{
  "camera_data": {
    "location_worldframe": [
      -9.37425621269826, 
      0.7952638881500815, 
      80.70608106235709
    ], 
    "quaternion_xyzw_worldframe": [
      -0.8287790795621739, 
      -0.11038134670434813, 
      -0.20012324410542345, 
      0.5107779775205247
    ]
  }, 
  "objects": [
    {
      "bounding_box": {
        "bottom_right": [
          334, 
          658
        ], 
        "top_left": [
          236, 
          475
        ]
      }, 
      "class": "003_cracker_box", 
      "cuboid": [
        [
          0.709372591128285, 
          10.179619624249083, 
          79.20607459430698
        ], 
        [
          5.9616860345256555, 
          3.1728401898053358, 
          65.33537305701913
        ], 
        [
          25.31628262948285, 
          0.6085081386230696, 
          73.95960281533067
        ], 
        [
          20.06396918608548, 
          7.615287573066816, 
          87.83030435261853
        ], 
        [
          -1.2593019032326416, 
          3.745165513791085, 
          81.71097350855594
        ], 
        [
          3.99301154016473, 
          -3.2616139206526604, 
          67.84027197126808
        ], 
        [
          23.347608135121924, 
          -5.825945971834927, 
          76.46450172957962
        ], 
        [
          18.09529469172455, 
          1.1808334626088193, 
          90.33520326686748
        ]
      ], 
      "cuboid_centroid": [
        12.028490363125103, 
        2.1768368262070776, 
        77.83528816194331
      ], 
      "location": [
        12.028490363125103, 
        2.1768368262070776, 
        77.83528816194331
      ], 
      "pose_transform_permuted": [
        [
          0.27418865479505955, 
          0.8961635465591454, 
          -0.3488717234173758, 
          0.0
        ], 
        [
          -0.32019271511035263, 
          0.42714886601336205, 
          0.8455888312021151, 
          0.0
        ], 
        [
          -0.9068060469427496, 
          0.12014467979079707, 
          -0.4040644121251346, 
          0.0
        ], 
        [
          12.028490363125103, 
          2.1768368262070776, 
          77.83528816194331, 
          1.0
        ]
      ], 
      "projected_cuboid": [
        [
          486.4133039343738, 
          341.8291405867605
        ], 
        [
          530.6666631919178, 
          299.1857978818706
        ], 
        [
          665.673042285376, 
          277.67446455882674
        ], 
        [
          604.4439698817727, 
          319.52777583358795
        ], 
        [
          473.30923184546157, 
          297.7308693234534
        ], 
        [
          513.2493291433775, 
          247.64568298361937
        ], 
        [
          645.7974924956181, 
          232.65211276455503
        ], 
        [
          589.3180685179997, 
          280.2579244099646
        ]
      ], 
      "projected_cuboid_centroid": [
        564.7019108741481, 
        288.2020054538354
      ], 
      "quaternion_xyzw": [
        0.5359159654502327, 
        0.6222780244265683, 
        0.5223661722115468, 
        -0.2295598406088673
      ], 
      "visibility": 0.9794662897996509
    }, 
    {
      "bounding_box": {
        "bottom_right": [
          350, 
          461
        ], 
        "top_left": [
          302, 
          406
        ]
      }, 
      "class": "005_tomato_soup_can", 
      "cuboid": [
        [
          -10.88058892008101, 
          11.98926633916127, 
          83.78959828901513
        ], 
        [
          -4.536703252001379, 
          9.776629160213052, 
          82.99163523092633
        ], 
        [
          -2.418065942765783, 
          12.383214252271653, 
          92.60732570601562
        ], 
        [
          -8.761951610845415, 
          14.595851431219872, 
          93.4052887641044
        ], 
        [
          -12.766768233466747, 
          5.8292943409181275, 
          85.87500454198421
        ], 
        [
          -6.422882565387113, 
          3.6166571619699086, 
          85.07704148389543
        ], 
        [
          -4.304245256151518, 
          6.223242254028509, 
          94.6927319589847
        ], 
        [
          -10.64813092423115, 
          8.435879432976728, 
          95.49069501707348
        ]
      ], 
      "cuboid_centroid": [
        -7.592417088116264, 
        9.10625429659489, 
        89.2411651239999
      ], 
      "location": [
        -7.592417088116264, 
        9.10625429659489, 
        89.2411651239999
      ], 
      "pose_transform_permuted": [
        [
          0.27855086398659207, 
          0.9097043478670249, 
          -0.30797268817717344, 
          0.0
        ], 
        [
          -0.9376262642756051, 
          0.32702776198085953, 
          0.11793893527280654, 
          0.0
        ], 
        [
          -0.20800523087560455, 
          -0.25591134995455067, 
          -0.9440567805449128, 
          0.0
        ], 
        [
          -7.592417088116264, 
          9.10625429659489, 
          89.2411651239999, 
          1.0
        ]
      ], 
      "projected_cuboid": [
        [
          411.76514087870305, 
          349.5980451028103
        ], 
        [
          452.20042254673047, 
          336.1129634884808
        ], 
        [
          467.55553571193605, 
          344.60066581086573
        ], 
        [
          431.15172104879315, 
          356.62500311894286
        ], 
        [
          401.64937517019285, 
          309.4888863208807
        ], 
        [
          440.99862945692917, 
          295.95815486482024
        ], 
        [
          457.1530787965367, 
          308.33650323461995
        ], 
        [
          421.6312089034809, 
          320.40128253400945
        ]
      ], 
      "projected_cuboid_centroid": [
        435.84543965927446, 
        327.7069810467214
      ], 
      "quaternion_xyzw": [
        0.16914120491644674, 
        0.7908081787651365, 
        0.5860337494569872, 
        0.050774616723294516
      ], 
      "visibility": 0.9292828685258964
    }, 
    {
      "bounding_box": {
        "bottom_right": [
          345, 
          579
        ], 
        "top_left": [
          289, 
          514
        ]
      }, 
      "class": "010_potted_meat_can", 
      "cuboid": [
        [
          17.54231189568417, 
          10.586940464980445, 
          91.34572379925983
        ], 
        [
          9.690966279048611, 
          9.661364885827243, 
          84.95661552557779
        ], 
        [
          7.861778515955484, 
          2.2191612567449037, 
          88.28257375788087
        ], 
        [
          15.71312413259104, 
          3.144736835898105, 
          94.67168203156291
        ], 
        [
          14.108222039770299, 
          13.15094433211489, 
          95.19431204034112
        ], 
        [
          6.2568764231347425, 
          12.225368752961687, 
          88.80520376665908
        ], 
        [
          4.427688660041615, 
          4.783165123879347, 
          92.13116199896217
        ], 
        [
          12.279034276677171, 
          5.708740703032548, 
          98.52027027264421
        ]
      ], 
      "cuboid_centroid": [
        10.985000277862891, 
        7.685052794429896, 
        91.73844289911099
      ], 
      "location": [
        10.985000277862891, 
        7.685052794429896, 
        91.73844289911099
      ], 
      "pose_transform_permuted": [
        [
          0.5961858167006404, 
          -0.44513184095014213, 
          -0.6681460939940779, 
          0.0
        ], 
        [
          0.7724129547147753, 
          0.09105783935823254, 
          0.6285584969296147, 
          0.0
        ], 
        [
          0.21895166113894127, 
          0.8908231729947753, 
          -0.3981133563949075, 
          0.0
        ], 
        [
          10.985000277862891, 
          7.685052794429896, 
          91.73844289911099, 
          1.0
        ]
      ], 
      "projected_cuboid": [
        [
          584.8709141797664, 
          335.09810880273795
        ], 
        [
          542.9395900054935, 
          333.93625974703974
        ], 
        [
          529.486266516021, 
          286.6926056350881
        ], 
        [
          570.852404868457, 
          291.0019699090625
        ], 
        [
          561.2960974052673, 
          346.9637987251047
        ], 
        [
          519.485873614637, 
          346.7059806593084
        ], 
        [
          507.4412199050461, 
          300.97484207701183
        ], 
        [
          548.621071274149, 
          304.1896526780141
        ]
      ], 
      "projected_cuboid_centroid": [
        545.9903343414994, 
        317.9634370376031
      ], 
      "quaternion_xyzw": [
        0.912603723105438, 
        -0.03503542078085859, 
        0.33550825035609505, 
        0.23099982390922838
      ], 
      "visibility": 0.36408450704225354
    }, 
    {
      "bounding_box": {
        "bottom_right": [
          280, 
          567
        ], 
        "top_left": [
          242, 
          426
        ]
      }, 
      "class": "037_scissors", 
      "cuboid": [
        [
          -8.460835149951434, 
          -0.01498014798634352, 
          71.0990502482988
        ], 
        [
          10.211858257639324, 
          -1.271176886085648, 
          78.85867136301545
        ], 
        [
          12.985691258044604, 
          -5.203417748150824, 
          71.54715391424044
        ], 
        [
          -5.6870021495461565, 
          -3.9472210100515195, 
          63.787532799523795
        ], 
        [
          -8.110386457082717, 
          1.3802783541237775, 
          70.4816127507486
        ], 
        [
          10.562306950508043, 
          0.12408161602447329, 
          78.24123386546523
        ], 
        [
          13.336139950913322, 
          -3.8081592460407028, 
          70.92971641669023
        ], 
        [
          -5.3365534566774375, 
          -2.551962507941398, 
          63.17009530197358
        ]
      ], 
      "cuboid_centroid": [
        2.4376524004809434, 
        -1.911569697013523, 
        71.01438333249452
      ], 
      "location": [
        2.4376524004809434, 
        -1.911569697013523, 
        71.01438333249452
      ], 
      "pose_transform_permuted": [
        [
          -0.22385735430980844, 
          -0.8912542212780986, 
          0.394402739875642, 
          0.0
        ], 
        [
          -0.921662279339797, 
          0.06200439988294151, 
          -0.38300581106824433, 
          0.0
        ], 
        [
          -0.31690082465456304, 
          0.4492449155182575, 
          0.835315575470654, 
          0.0
        ], 
        [
          2.4376524004809434, 
          -1.911569697013523, 
          71.01438333249452, 
          1.0
        ]
      ], 
      "projected_cuboid": [
        [
          417.6027866445841, 
          273.1741707099736
        ], 
        [
          551.2351930023192, 
          264.6895946737911
        ], 
        [
          579.2003576192553, 
          234.49974587737097
        ], 
        [
          433.65251017749165, 
          240.28431683610233
        ], 
        [
          419.71605025606794, 
          283.73081483254396
        ], 
        [
          554.1934271027164, 
          274.13232162348726
        ], 
        [
          582.7069644393994, 
          244.65303986033084
        ], 
        [
          436.167243262506, 
          251.74134995381527
        ]
      ], 
      "projected_cuboid_centroid": [
        500.0564527939208, 
        258.93060744774925
      ], 
      "quaternion_xyzw": [
        -0.18246890901787283, 
        -0.5191373033156396, 
        0.8314610536179216, 
        -0.07664111976817656
      ], 
      "visibility": 0.7852263023057217
    }, 
    {
      "bounding_box": {
        "bottom_right": [
          339, 
          514
        ], 
        "top_left": [
          297, 
          459
        ]
      }, 
      "class": "061_foam_brick", 
      "cuboid": [
        [
          5.6270271285493445, 
          8.348369449327388, 
          88.6248510106379
        ], 
        [
          -1.770159036754119, 
          9.137397657822257, 
          86.3220990740182
        ], 
        [
          -2.8910485798254935, 
          4.5770099296333, 
          88.36016230913819
        ], 
        [
          4.506137585477969, 
          3.787981721138431, 
          90.66291424575789
        ], 
        [
          4.45451372765301, 
          10.676304200260436, 
          93.1890013763925
        ], 
        [
          -2.9426724376504523, 
          11.465332408755305, 
          90.8862494397728
        ], 
        [
          -4.063561980721827, 
          6.904944680566348, 
          92.92431267489279
        ], 
        [
          3.333624184581635, 
          6.115916472071479, 
          95.22706461151249
        ]
      ], 
      "cuboid_centroid": [
        0.7817325739137583, 
        7.626657064946868, 
        90.77458184276534
      ], 
      "location": [
        0.7817325739137583, 
        7.626657064946868, 
        90.77458184276534
      ], 
      "pose_transform_permuted": [
        [
          0.22308093446261132, 
          -0.4429099566871779, 
          -0.8683695451515158, 
          0.0
        ], 
        [
          0.9498916692208621, 
          -0.10132113823835207, 
          0.29570228895104816, 
          0.0
        ], 
        [
          0.21895367871787974, 
          0.8908225396864671, 
          -0.3981136638730961, 
          0.0
        ], 
        [
          0.7817325739137583, 
          7.626657064946868, 
          90.77458184276534, 
          1.0
        ]
      ], 
      "projected_cuboid": [
        [
          515.741134602974, 
          323.5246919992014
        ], 
        [
          470.56944297431033, 
          329.7396729539781
        ], 
        [
          464.00201428601144, 
          300.9122118603727
        ], 
        [
          508.3250722094159, 
          295.5691311385595
        ], 
        [
          507.3026477124201, 
          334.3869041383117
        ], 
        [
          464.18559748430306, 
          340.56499142018123
        ], 
        [
          458.0807540076057, 
          312.9160182848656
        ], 
        [
          500.42263243935196, 
          307.5387543749707
        ]
      ], 
      "projected_cuboid_centroid": [
        486.2281854567127, 
        318.09473741673685
      ], 
      "quaternion_xyzw": [
        0.9629490840717961, 
        -0.08314946819461135, 
        0.1346860472674222, 
        0.2183458176739821
      ], 
      "visibility": 0.3067878140032068
    }
  ]
}