{
  "camera_data": {
    "location_worldframe": [
      -14.24535362384837, 
      0.7739193402237693, 
      69.42000819215363
    ], 
    "quaternion_xyzw_worldframe": [
      -0.8375699202739196, 
      -0.052177736650726045, 
      -0.0861490663115577, 
      0.5369659579795297
    ]
  }, 
  "objects": [
    {
      "bounding_box": {
        "bottom_right": [
          350, 
          647
        ], 
        "top_left": [
          234, 
          434
        ]
      }, 
      "class": "003_cracker_box", 
      "cuboid": [
        [
          -5.110252684432173, 
          10.519632584930056, 
          65.73665523638448
        ], 
        [
          -3.4158586839695957, 
          4.086652958380751, 
          50.74252579240694
        ], 
        [
          17.55722354536135, 
          1.9058531705462327, 
          54.04819988909265
        ], 
        [
          15.862829544898771, 
          8.338832797095538, 
          69.0423293330702
        ], 
        [
          -6.216937407762363, 
          3.955667985943197, 
          68.4277544915844
        ], 
        [
          -4.522543407299786, 
          -2.4773116406061084, 
          53.433625047606846
        ], 
        [
          16.45053882203116, 
          -4.658111428440627, 
          56.739299144292566
        ], 
        [
          14.756144821568585, 
          1.7748681981086791, 
          71.73342858827012
        ]
      ], 
      "cuboid_centroid": [
        5.670143068799494, 
        2.930760578244715, 
        61.23797719033852
      ], 
      "location": [
        5.670143068799494, 
        2.930760578244715, 
        61.23797719033852
      ], 
      "pose_transform_permuted": [
        [
          0.15413436626589216, 
          0.9142012194874511, 
          -0.37480491915591124, 
          0.0
        ], 
        [
          -0.10329402868307813, 
          0.3921687528880724, 
          0.9140754962784167, 
          0.0
        ], 
        [
          -0.982635711123014, 
          0.10217533726820516, 
          -0.15487820918353024, 
          0.0
        ], 
        [
          5.670143068799494, 
          2.930760578244715, 
          61.23797719033852, 
          1.0
        ]
      ], 
      "projected_cuboid": [
        [
          439.7922342590235, 
          358.632012969996
        ], 
        [
          445.3961535738592, 
          316.238519939237
        ], 
        [
          656.2863852286857, 
          292.0925078488285
        ], 
        [
          605.1511124477935, 
          337.7001067940781
        ], 
        [
          432.7390397333899, 
          304.1166480310954
        ], 
        [
          436.0815138496713, 
          248.5605567219578
        ], 
        [
          637.5120695801606, 
          229.50273940008472
        ], 
        [
          592.2194648802378, 
          286.48222632685236
        ]
      ], 
      "projected_cuboid_centroid": [
        531.3896824256834, 
        298.81043804602615
      ], 
      "quaternion_xyzw": [
        0.5860218058530413, 
        0.5864988513566723, 
        0.45570397375801225, 
        -0.32393120986283713
      ], 
      "visibility": 0.9850353475411527
    }, 
    {
      "bounding_box": {
        "bottom_right": [
          359, 
          444
        ], 
        "top_left": [
          305, 
          368
        ]
      }, 
      "class": "005_tomato_soup_can", 
      "cuboid": [
        [
          -15.181145289199376, 
          11.820367520879865, 
          73.18611890869991
        ], 
        [
          -9.201443487801042, 
          9.838455410204133, 
          70.7178027925359
        ], 
        [
          -4.755741340761426, 
          12.236218898993881, 
          79.56262477347956
        ], 
        [
          -10.735443142159761, 
          14.218131009669612, 
          82.03094088964355
        ], 
        [
          -16.32204753847009, 
          5.545299253956841, 
          75.4606973233454
        ], 
        [
          -10.342345737071756, 
          3.56338714328111, 
          72.9923812071814
        ], 
        [
          -5.89664359003214, 
          5.96115063207086, 
          81.83720318812505
        ], 
        [
          -11.876345391430476, 
          7.94306274274659, 
          84.30551930428904
        ]
      ], 
      "cuboid_centroid": [
        -10.53889443961576, 
        8.890759076475362, 
        77.51166104841248
      ], 
      "location": [
        -10.53889443961576, 
        8.890759076475362, 
        77.51166104841248
      ], 
      "pose_transform_permuted": [
        [
          0.1684883854908508, 
          0.9267017589057794, 
          -0.335909623283617, 
          0.0
        ], 
        [
          -0.883799890930955, 
          0.2929265982528326, 
          0.3648171073913288, 
          0.0
        ], 
        [
          -0.436473622676261, 
          -0.2354094992553278, 
          -0.8683738505783193, 
          0.0
        ], 
        [
          -10.53889443961576, 
          8.890759076475362, 
          77.51166104841248, 
          1.0
        ]
      ], 
      "projected_cuboid": [
        [
          370.04758666666567, 
          359.423548293865
        ], 
        [
          411.62592995363786, 
          347.48342661796653
        ], 
        [
          449.45299922106784, 
          355.3076525610732
        ], 
        [
          411.2195386936987, 
          365.724923075066
        ], 
        [
          365.27943390137705, 
          312.47802164884877
        ], 
        [
          405.4008784173622, 
          299.3224627519663
        ], 
        [
          442.8493770423765, 
          312.1343754742219
        ], 
        [
          405.8408046591483, 
          323.53462311301394
        ]
      ], 
      "projected_cuboid_centroid": [
        408.47983563959843, 
        334.45947455131966
      ], 
      "quaternion_xyzw": [
        0.2327553220100012, 
        0.7834409699316693, 
        0.57281776112649, 
        -0.06264949416597446
      ], 
      "visibility": 0.8164596273291925
    }, 
    {
      "bounding_box": {
        "bottom_right": [
          363, 
          579
        ], 
        "top_left": [
          295, 
          502
        ]
      }, 
      "class": "010_potted_meat_can", 
      "cuboid": [
        [
          14.25415287220254, 
          11.125310817661022, 
          73.1890512237819
        ], 
        [
          5.053738748743994, 
          10.128664441519868, 
          68.98428028647643
        ], 
        [
          4.316253129420468, 
          2.5389230161946914, 
          72.39694214350165
        ], 
        [
          13.516667252879017, 
          3.535569392335843, 
          76.60171308080712
        ], 
        [
          11.858761203879252, 
          13.465387964223293, 
          77.87571934964964
        ], 
        [
          2.6583470804207048, 
          12.46874158808214, 
          73.67094841234417
        ], 
        [
          1.9208614610971786, 
          4.879000162756963, 
          77.08361026936937
        ], 
        [
          11.121275584555725, 
          5.875646538898116, 
          81.28838120667484
        ]
      ], 
      "cuboid_centroid": [
        8.08750716664986, 
        8.002155490208992, 
        75.13633074657564
      ], 
      "location": [
        8.08750716664986, 
        8.002155490208992, 
        75.13633074657564
      ], 
      "pose_transform_permuted": [
        [
          0.41585939739983563, 
          -0.4062563483489479, 
          -0.8136435508271669, 
          0.0
        ], 
        [
          0.9051338973847695, 
          0.09804976239612334, 
          0.41366406501089426, 
          0.0
        ], 
        [
          0.08827617627613984, 
          0.9084832766866582, 
          -0.4084916800655036, 
          0.0
        ], 
        [
          8.08750716664986, 
          8.002155490208992, 
          75.13633074657564, 
          1.0
        ]
      ], 
      "projected_cuboid": [
        [
          586.3309110092493, 
          354.35530480808376
        ], 
        [
          520.9932742079367, 
          351.5915529152613
        ], 
        [
          513.6581694302854, 
          291.9897777124261
        ], 
        [
          576.4876008949086, 
          297.90202396415873
        ], 
        [
          563.4867148814876, 
          365.5021239983576
        ], 
        [
          501.0017793468372, 
          363.5503965272071
        ], 
        [
          494.9977151545993, 
          307.042952918418
        ], 
        [
          555.1699678835905, 
          311.83568014012815
        ]
      ], 
      "projected_cuboid_centroid": [
        539.4807893439943, 
        330.08604080655095
      ], 
      "quaternion_xyzw": [
        0.9522684396873861, 
        0.002565869484027005, 
        0.217775636532449, 
        0.2138966268487066
      ], 
      "visibility": 0.36215621562156214
    }, 
    {
      "bounding_box": {
        "bottom_right": [
          284, 
          525
        ], 
        "top_left": [
          241, 
          330
        ]
      }, 
      "class": "037_scissors", 
      "cuboid": [
        [
          -15.801903428836358, 
          0.26892216808660285, 
          59.87496192685485
        ], 
        [
          4.259456013319767, 
          -0.6022847197442348, 
          62.566074164176165
        ], 
        [
          5.16340925254266, 
          -4.231651122631056, 
          54.65244521343122
        ], 
        [
          -14.897950189613466, 
          -3.360444234800218, 
          51.96133297610991
        ], 
        [
          -15.654815604050304, 
          1.6919109314290373, 
          59.23914922752751
        ], 
        [
          4.406543838105822, 
          0.8207040435981997, 
          61.930261464848826
        ], 
        [
          5.310497077328715, 
          -2.8086623592886215, 
          54.01663251410388
        ], 
        [
          -14.75086236482741, 
          -1.9374554714577836, 
          51.32552027678257
        ]
      ], 
      "cuboid_centroid": [
        -5.245703175753822, 
        -1.2698700956010092, 
        56.94579722047936
      ], 
      "location": [
        -5.245703175753822, 
        -1.2698700956010092, 
        56.94579722047936
      ], 
      "pose_transform_permuted": [
        [
          -0.09395581144349012, 
          -0.9089675785829038, 
          0.40614033267721444, 
          0.0
        ], 
        [
          -0.9902052085638683, 
          0.04300175172845095, 
          -0.13283014852053948, 
          0.0
        ], 
        [
          -0.10327353049626413, 
          0.4146425563039855, 
          0.9041047316600836, 
          0.0
        ], 
        [
          -5.245703175753822, 
          -1.2698700956010092, 
          56.94579722047936, 
          1.0
        ]
      ], 
      "projected_cuboid": [
        [
          339.673052724508, 
          275.6818874559725
        ], 
        [
          518.2076797354471, 
          268.15260173922394
        ], 
        [
          532.4035004529653, 
          231.99245856680238
        ], 
        [
          327.41354276749354, 
          238.7956845732381
        ], 
        [
          339.4850258458518, 
          288.518512857488
        ], 
        [
          519.8607654544188, 
          280.3541254271479
        ], 
        [
          534.4658636308292, 
          245.55591929962128
        ], 
        [
          327.04465601603744, 
          253.15458532166008
        ]
      ], 
      "projected_cuboid_centroid": [
        432.05960446929635, 
        261.3937096582966
      ], 
      "quaternion_xyzw": [
        -0.0676326906477086, 
        -0.5406990745813341, 
        0.8383000801540381, 
        -0.01797440445095096
      ], 
      "visibility": 0.8353158868622786
    }, 
    {
      "bounding_box": {
        "bottom_right": [
          349, 
          496
        ], 
        "top_left": [
          302, 
          440
        ]
      }, 
      "class": "061_foam_brick", 
      "cuboid": [
        [
          2.0967866174574117, 
          8.58009645560032, 
          73.51789276410652
        ], 
        [
          -5.660147793380685, 
          9.194276481820733, 
          73.20749527553568
        ], 
        [
          -6.112069548511334, 
          4.54347874726328, 
          75.29868596722447
        ], 
        [
          1.6448648623267625, 
          3.9292987210428656, 
          75.60908345579533
        ], 
        [
          2.0757936997632576, 
          10.737222650456028, 
          78.31079400635794
        ], 
        [
          -5.681140711074839, 
          11.351402676676441, 
          78.00039651778708
        ], 
        [
          -6.133062466205488, 
          6.7006049421189875, 
          80.09158720947589
        ], 
        [
          1.6238719446326082, 
          6.086424915898573, 
          80.40198469804672
        ]
      ], 
      "cuboid_centroid": [
        -2.0181379243740385, 
        7.6403506988596535, 
        76.8047399867912
      ], 
      "location": [
        -2.0181379243740385, 
        7.6403506988596535, 
        76.8047399867912
      ], 
      "pose_transform_permuted": [
        [
          0.003994086287396559, 
          -0.4104121342530687, 
          -0.9118914010629613, 
          0.0
        ], 
        [
          0.9960878651545293, 
          -0.07886843419530037, 
          0.039858938514146125, 
          0.0
        ], 
        [
          0.08827803898264724, 
          0.908483158977327, 
          -0.4084915393101255, 
          0.0
        ], 
        [
          -2.0181379243740385, 
          7.6403506988596535, 
          76.8047399867912, 
          1.0
        ]
      ], 
      "projected_cuboid": [
        [
          496.9345108346001, 
          335.5289839115923
        ], 
        [
          440.0190338618197, 
          340.2672164268503
        ], 
        [
          437.94622666075327, 
          305.46673024524364
        ], 
        [
          493.2960488722481, 
          301.0024136445316
        ], 
        [
          495.85164505171343, 
          346.4101881884817
        ], 
        [
          442.4291521358099, 
          350.9005709120548
        ], 
        [
          440.41745925996844, 
          317.9050049045457
        ], 
        [
          492.4582425587111, 
          313.6587951009583
        ]
      ], 
      "projected_cuboid_centroid": [
        467.4666657133841, 
        326.3398866510352
      ], 
      "quaternion_xyzw": [
        0.9767884142938554, 
        -0.04277960066172109, 
        0.011223777882655665, 
        0.20959085447261375
      ], 
      "visibility": 0.01802179379715004
    }
  ]
}