{
  "camera_data": {
    "location_worldframe": [
      -14.836233867617851, 
      10.437650560814374, 
      76.0115686086718
    ], 
    "quaternion_xyzw_worldframe": [
      -0.8637042930111113, 
      -0.014047869719463509, 
      0.006875126239419905, 
      0.5037743578648399
    ]
  }, 
  "objects": [
    {
      "bounding_box": {
        "bottom_right": [
          418, 
          605
        ], 
        "top_left": [
          319, 
          407
        ]
      }, 
      "class": "003_cracker_box", 
      "cuboid": [
        [
          -6.953949322345944, 
          19.987032250358194, 
          69.7925926738891
        ], 
        [
          -7.992208081746623, 
          12.27820847593956, 
          55.35049551140464
        ], 
        [
          13.287149088214278, 
          10.796006255142808, 
          54.61186017763443
        ], 
        [
          14.325407847614958, 
          18.504830029561443, 
          69.0539573401189
        ], 
        [
          -7.276167273528509, 
          13.668929264723717, 
          73.18819980513899
        ], 
        [
          -8.314426032929187, 
          5.960105490305081, 
          58.74610264265452
        ], 
        [
          12.964931137031716, 
          4.477903269508329, 
          58.00746730888431
        ], 
        [
          14.003189896432394, 
          12.186727043926963, 
          72.44956447136877
        ]
      ], 
      "cuboid_centroid": [
        3.0054909073428853, 
        12.232467759933261, 
        63.90002999138671
      ], 
      "location": [
        3.0054909073428853, 
        12.232467759933261, 
        63.90002999138671
      ], 
      "pose_transform_permuted": [
        [
          0.04487715304822271, 
          0.8799586541350128, 
          -0.472925795603478, 
          0.0
        ], 
        [
          0.06329456433669628, 
          0.4699470511877437, 
          0.8804223800002877, 
          0.0
        ], 
        [
          -0.9969853756498706, 
          0.06944448209066073, 
          0.034606713907068404, 
          0.0
        ], 
        [
          3.0054909073428853, 
          12.232467759933261, 
          63.90002999138671, 
          1.0
        ]
      ], 
      "projected_cuboid": [
        [
          428.0156848363205, 
          426.01729779711417
        ], 
        [
          403.94786489183775, 
          391.5909716811713
        ], 
        [
          612.4358769482632, 
          378.7164123196809
        ], 
        [
          593.157494873194, 
          416.2035932547457
        ], 
        [
          428.13406608512037, 
          372.89149721348963
        ], 
        [
          405.48650264755906, 
          327.3946546522696
        ], 
        [
          601.7897577908275, 
          314.4562979445483
        ], 
        [
          585.537123358655, 
          362.99612056776186
        ]
      ], 
      "projected_cuboid_centroid": [
        506.8904041236118, 
        375.38061536702406
      ], 
      "quaternion_xyzw": [
        0.6335741554922429, 
        0.5788321754135908, 
        0.36511098386329277, 
        -0.3608754240186486
      ], 
      "visibility": 0.9578071349589711
    }, 
    {
      "bounding_box": {
        "bottom_right": [
          423, 
          453
        ], 
        "top_left": [
          370, 
          378
        ]
      }, 
      "class": "005_tomato_soup_can", 
      "cuboid": [
        [
          -15.415080381355676, 
          21.755815386840062, 
          78.95213809164186
        ], 
        [
          -9.965698490869094, 
          19.675090400324418, 
          75.52398782662563
        ], 
        [
          -3.9663548712871144, 
          22.933913001814272, 
          83.08258323775523
        ], 
        [
          -9.415736761773697, 
          25.014637988329913, 
          86.51073350277146
        ], 
        [
          -15.862709644958214, 
          15.68772606944035, 
          81.92363043383838
        ], 
        [
          -10.413327754471633, 
          13.607001082924706, 
          78.49548016882216
        ], 
        [
          -4.413984134889653, 
          16.865823684414558, 
          86.05407557995176
        ], 
        [
          -9.863366025376234, 
          18.946548670930202, 
          89.48222584496797
        ]
      ], 
      "cuboid_centroid": [
        -9.914532258122664, 
        19.31081953562731, 
        82.5031068357968
      ], 
      "location": [
        -9.914532258122664, 
        19.31081953562731, 
        82.5031068357968
      ], 
      "pose_transform_permuted": [
        [
          0.06610586662534873, 
          0.8961351182859838, 
          -0.4388298362591109, 
          0.0
        ], 
        [
          -0.8054186112302316, 
          0.3075311407183896, 
          0.5066805889229731, 
          0.0
        ], 
        [
          -0.5890082503755564, 
          -0.31994723431454336, 
          -0.7420936923623592, 
          0.0
        ], 
        [
          -9.914532258122664, 
          19.31081953562731, 
          82.5031068357968, 
          1.0
        ]
      ], 
      "projected_cuboid": [
        [
          376.6008554323685, 
          420.2464895940216
        ], 
        [
          410.6369117432567, 
          412.22399762993547
        ], 
        [
          455.9242644296311, 
          420.5027708663645
        ], 
        [
          423.06740201527225, 
          427.4962616186278
        ], 
        [
          377.47089174817444, 
          375.4130121617255
        ], 
        [
          410.2564905136261, 
          365.7361940654184
        ], 
        [
          454.0134616270443, 
          377.812372424372
        ], 
        [
          422.32090232655145, 
          386.2091362326112
        ]
      ], 
      "projected_cuboid_centroid": [
        416.9730942474241, 
        398.1162398001971
      ], 
      "quaternion_xyzw": [
        0.2799392520660652, 
        0.8006553068899073, 
        0.5115274939636429, 
        -0.13756691503395133
      ], 
      "visibility": 0.4705499511877644
    }, 
    {
      "bounding_box": {
        "bottom_right": [
          437, 
          575
        ], 
        "top_left": [
          368, 
          500
        ]
      }, 
      "class": "010_potted_meat_can", 
      "cuboid": [
        [
          13.458872303792768, 
          21.61856413660853, 
          73.18951811158436
        ], 
        [
          3.6560680855796472, 
          20.078466777883936, 
          70.98630403609098
        ], 
        [
          3.873585022822486, 
          12.810027683008684, 
          75.09930785307223
        ], 
        [
          13.676389241035606, 
          14.350125041733278, 
          77.30252192856561
        ], 
        [
          11.942970881867089, 
          24.320915799739417, 
          78.04524244337438
        ], 
        [
          2.14016666365397, 
          22.780818441014823, 
          75.842028367881
        ], 
        [
          2.357683600896808, 
          15.512379346139573, 
          79.95503218486223
        ], 
        [
          12.160487819109928, 
          17.052476704864166, 
          82.15824626035561
        ]
      ], 
      "cuboid_centroid": [
        7.908277952344787, 
        18.56547174137405, 
        76.5722751482233
      ], 
      "location": [
        7.908277952344787, 
        18.56547174137405, 
        76.5722751482233
      ], 
      "pose_transform_permuted": [
        [
          0.2631727663479898, 
          -0.4691501390161736, 
          -0.8429930776086284, 
          0.0
        ], 
        [
          0.9643968486926854, 
          0.15151430206821598, 
          0.21675151967775244, 
          0.0
        ], 
        [
          -0.0260365259904429, 
          0.870023759080404, 
          -0.4923218032445367, 
          0.0
        ], 
        [
          7.908277952344787, 
          18.56547174137405, 
          76.5722751482233, 
          1.0
        ]
      ], 
      "projected_cuboid": [
        [
          580.4868750902211, 
          430.81734173009164
        ], 
        [
          509.29398740910995, 
          424.1359120698854
        ], 
        [
          509.3346702266638, 
          364.25726487121096
        ], 
        [
          576.7384674043465, 
          372.28981128710103
        ], 
        [
          563.8890808386989, 
          439.4827117721504
        ], 
        [
          496.77209341630737, 
          433.4807845847453
        ], 
        [
          497.45445008276323, 
          376.75789507810794
        ], 
        [
          561.1931302031091, 
          383.98047537944194
        ]
      ], 
      "projected_cuboid_centroid": [
        537.1365880509017, 
        402.5935179728091
      ], 
      "quaternion_xyzw": [
        0.9588291929981216, 
        0.04629365411358691, 
        0.12513289372351283, 
        0.2506890563204289
      ], 
      "visibility": 0.3391132572431958
    }, 
    {
      "bounding_box": {
        "bottom_right": [
          354, 
          496
        ], 
        "top_left": [
          318, 
          316
        ]
      }, 
      "class": "037_scissors", 
      "cuboid": [
        [
          -18.20901045364075, 
          9.055885609576467, 
          67.03923064935019
        ], 
        [
          2.009532588280412, 
          8.805782796464346, 
          65.77147869115572
        ], 
        [
          1.4794938550291417, 
          4.504166567198497, 
          58.166867466869256
        ], 
        [
          -18.73904918689202, 
          4.7542693803106175, 
          59.434619425063715
        ], 
        [
          -18.24036152282067, 
          10.41915599346967, 
          66.27026991674676
        ], 
        [
          1.9781815191004901, 
          10.16905318035755, 
          65.0025179585523
        ], 
        [
          1.44814278584922, 
          5.867436951091701, 
          57.397906734265824
        ], 
        [
          -18.77040025607194, 
          6.117539764203822, 
          58.66565869246029
        ]
      ], 
      "cuboid_centroid": [
        -8.380433833895765, 
        7.461661280334083, 
        62.21856869180801
      ], 
      "location": [
        -8.380433833895765, 
        7.461661280334083, 
        62.21856869180801
      ], 
      "pose_transform_permuted": [
        [
          0.020026233637658618, 
          -0.8708210575679666, 
          0.4911917740643957, 
          0.0
        ], 
        [
          -0.9979636069733545, 
          0.012344781964261559, 
          0.06257475201472609, 
          0.0
        ], 
        [
          0.060555091687800294, 
          0.4914447734245816, 
          0.8688005254107309, 
          0.0
        ], 
        [
          -8.380433833895765, 
          7.461661280334083, 
          62.21856869180801, 
          1.0
        ]
      ], 
      "projected_cuboid": [
        [
          335.53109359392613, 
          345.32914783486007
        ], 
        [
          498.0275088718148, 
          344.6897739122935
        ], 
        [
          495.2752779343485, 
          314.584279131411
        ], 
        [
          312.046284080403, 
          315.94761646932665
        ], 
        [
          333.5818261980074, 
          357.1362029731901
        ], 
        [
          497.96250963697554, 
          356.7195398668638
        ], 
        [
          495.16479530860994, 
          327.80453710510534
        ], 
        [
          309.5365130136896, 
          328.9000575394693
        ]
      ], 
      "projected_cuboid_centroid": [
        409.1637768532521, 
        337.2457412781835
      ], 
      "quaternion_xyzw": [
        0.02392232433496536, 
        -0.5038171324402445, 
        0.863220735742361, 
        0.021112755588919188
      ], 
      "visibility": 0.7725729803122878
    }
  ]
}