{
  "camera_data": {
    "location_worldframe": [
      -19.513297698696825, 
      14.50410811988873, 
      70.94524676590997
    ], 
    "quaternion_xyzw_worldframe": [
      0.895903954966033, 
      0.016146956648591046, 
      -0.05083184127571617, 
      -0.44103633350189597
    ]
  }, 
  "objects": [
    {
      "bounding_box": {
        "bottom_right": [
          466, 
          558
        ], 
        "top_left": [
          352, 
          334
        ]
      }, 
      "class": "003_cracker_box", 
      "cuboid": [
        [
          -12.58710711557272, 
          23.391414002652322, 
          62.880337911855776
        ], 
        [
          -14.196044999554552, 
          13.655891641717066, 
          49.77655834516687
        ], 
        [
          7.0324323597144485, 
          12.991219884159493, 
          47.66385684989973
        ], 
        [
          8.64137024369628, 
          22.72674224509475, 
          60.767636416588644
        ], 
        [
          -12.343916524566364, 
          17.617028754392784, 
          67.14058800733976
        ], 
        [
          -13.952854408548193, 
          7.881506393457527, 
          54.036808440650844
        ], 
        [
          7.275622950720807, 
          7.2168346358999536, 
          51.924106945383706
        ], 
        [
          8.884560834702638, 
          16.95235699683521, 
          65.02788651207261
        ]
      ], 
      "cuboid_centroid": [
        -2.6557420824259577, 
        15.304124319276138, 
        57.402222428619744
      ], 
      "location": [
        -2.6557420824259577, 
        15.304124319276138, 
        57.402222428619744
      ], 
      "pose_transform_permuted": [
        [
          -0.03387055666025407, 
          0.8042319479547497, 
          -0.5933496096572684, 
          0.0
        ], 
        [
          0.09808443366297248, 
          0.5934991068905198, 
          0.7988355612972977, 
          0.0
        ], 
        [
          -0.9946015429630792, 
          0.031141355286232797, 
          0.09898478027655677, 
          0.0
        ], 
        [
          -2.6557420824259577, 
          15.304124319276138, 
          57.402222428619744, 
          1.0
        ]
      ], 
      "projected_cuboid": [
        [
          373.94985345601526, 
          471.6808147928216
        ], 
        [
          328.22924999282475, 
          419.5994748399559
        ], 
        [
          560.939978621922, 
          418.64766549831614
        ], 
        [
          558.0689916007411, 
          472.74495722782285
        ], 
        [
          382.7281979356243, 
          413.2243417876773
        ], 
        [
          342.74092153654357, 
          351.07354698171844
        ], 
        [
          556.948740241671, 
          347.4116306649105
        ], 
        [
          555.0701187135936, 
          412.3195659984554
        ]
      ], 
      "projected_cuboid_centroid": [
        456.7171520580898, 
        415.4759664988634
      ], 
      "quaternion_xyzw": [
        0.6562345995538627, 
        0.6050049216138789, 
        0.2914220787646296, 
        -0.3440906380299642
      ], 
      "visibility": 0.9582762165867033
    }, 
    {
      "bounding_box": {
        "bottom_right": [
          475, 
          418
        ], 
        "top_left": [
          412, 
          333
        ]
      }, 
      "class": "005_tomato_soup_can", 
      "cuboid": [
        [
          -20.487616512387035, 
          26.091757821045736, 
          72.30918568113083
        ], 
        [
          -15.181594480024769, 
          23.775531678350127, 
          68.80795441979087
        ], 
        [
          -8.862838442972592, 
          28.33623985530837, 
          75.3667406086975
        ], 
        [
          -14.16886047533486, 
          30.652465998003976, 
          78.86797187003745
        ], 
        [
          -20.411322450788354, 
          20.498437713927647, 
          76.12504679715428
        ], 
        [
          -15.105300418426088, 
          18.182211571232042, 
          72.62381553581433
        ], 
        [
          -8.786544381373911, 
          22.742919748190285, 
          79.18260172472095
        ], 
        [
          -14.09256641373618, 
          25.059145890885894, 
          82.6838329860609
        ]
      ], 
      "cuboid_centroid": [
        -14.637080446880473, 
        24.41733878461801, 
        75.7458937029259
      ], 
      "location": [
        -14.637080446880473, 
        24.41733878461801, 
        75.7458937029259
      ], 
      "pose_transform_permuted": [
        [
          -0.01126710309276539, 
          0.8260212257309897, 
          -0.5635261733483999, 
          0.0
        ], 
        [
          -0.7842300250461318, 
          0.34233821021093364, 
          0.5174819597480074, 
          0.0
        ], 
        [
          -0.6203677725319912, 
          -0.4477647746356029, 
          -0.6439336405245677, 
          0.0
        ], 
        [
          -14.637080446880473, 
          24.41733878461801, 
          75.7458937029259, 
          1.0
        ]
      ], 
      "projected_cuboid": [
        [
          329.23049399074637, 
          465.7274467573417
        ], 
        [
          362.9463213322565, 
          457.566927527836
        ], 
        [
          418.35809164907556, 
          473.80299266976044
        ], 
        [
          384.9861996160621, 
          480.5640931360358
        ], 
        [
          337.40701297721756, 
          416.8952281196756
        ], 
        [
          369.74550934369336, 
          406.8092594847831
        ], 
        [
          421.9237658005198, 
          426.4672142411909
        ], 
        [
          389.94099968513865, 
          434.9207143192112
        ]
      ], 
      "projected_cuboid_centroid": [
        377.6799482480343, 
        445.2066818486941
      ], 
      "quaternion_xyzw": [
        0.28789379040688723, 
        0.8359905760578487, 
        0.4395847597909525, 
        -0.15812052132636256
      ], 
      "visibility": 0.26646169613118115
    }, 
    {
      "bounding_box": {
        "bottom_right": [
          499, 
          542
        ], 
        "top_left": [
          415, 
          459
        ]
      }, 
      "class": "010_potted_meat_can", 
      "cuboid": [
        [
          7.894774213468275, 
          26.36096062090521, 
          64.48016483453544
        ], 
        [
          -1.9401010459156216, 
          24.10477214428862, 
          63.253027976739816
        ], 
        [
          -1.0601962060035461, 
          17.516490640723354, 
          68.31411829354704
        ], 
        [
          8.774679053380352, 
          19.77267911733994, 
          69.54125515134267
        ], 
        [
          6.571841039778093, 
          29.663998964454553, 
          69.00990058152479
        ], 
        [
          -3.2630342196058058, 
          27.40781048783797, 
          67.78276372372915
        ], 
        [
          -2.3831293796937305, 
          20.819528984272704, 
          72.84385404053637
        ], 
        [
          7.451745879690167, 
          23.07571746088929, 
          74.070990898332
        ]
      ], 
      "cuboid_centroid": [
        2.755822416887273, 
        23.590244802588956, 
        68.66200943753591
      ], 
      "location": [
        2.755822416887273, 
        23.590244802588956, 
        68.66200943753591
      ], 
      "pose_transform_permuted": [
        [
          0.22967191532236797, 
          -0.5734342125763783, 
          -0.7863988186291228, 
          0.0
        ], 
        [
          0.9675519878090952, 
          0.22196312488452488, 
          0.1207253447308443, 
          0.0
        ], 
        [
          -0.10532359237805289, 
          0.788609681500004, 
          -0.605806661512602, 
          0.0
        ], 
        [
          2.755822416887273, 
          23.590244802588956, 
          68.66200943753591, 
          1.0
        ]
      ], 
      "projected_cuboid": [
        [
          547.4394178689146, 
          491.3197357316101
        ], 
        [
          465.1027356866331, 
          476.526563694589
        ], 
        [
          473.25127784914037, 
          410.0355398054738
        ], 
        [
          549.4518504601027, 
          424.925402740018
        ], 
        [
          532.8085563379882, 
          502.53468106813307
        ], 
        [
          455.70933163930283, 
          488.9331310384011
        ], 
        [
          464.00380407535823, 
          425.7148061718169
        ], 
        [
          535.6976117876869, 
          439.43433576786566
        ]
      ], 
      "projected_cuboid_centroid": [
        503.1807971065152, 
        456.51944403944236
      ], 
      "quaternion_xyzw": [
        0.9410845456092432, 
        0.08694402612113282, 
        0.09308336368077606, 
        0.3132664540053515
      ], 
      "visibility": 0.3530508474576271
    }, 
    {
      "bounding_box": {
        "bottom_right": [
          384, 
          443
        ], 
        "top_left": [
          338, 
          250
        ]
      }, 
      "class": "037_scissors", 
      "cuboid": [
        [
          -23.41040757600038, 
          11.708775238561042, 
          62.53188930056688
        ], 
        [
          -3.339824601887155, 
          12.141506300925982, 
          59.80357991753278
        ], 
        [
          -4.157652500457916, 
          6.776175004127964, 
          52.93631461618518
        ], 
        [
          -24.228235474571143, 
          6.343443941763023, 
          55.66462399921927
        ], 
        [
          -23.56586690512776, 
          12.945233439654164, 
          61.584369827752795
        ], 
        [
          -3.4952839310145327, 
          13.377964502019108, 
          58.85606044471869
        ], 
        [
          -4.313111829585294, 
          8.012633205221087, 
          51.98879514337109
        ], 
        [
          -24.383694803698518, 
          7.579902142856146, 
          54.717104526405194
        ]
      ], 
      "cuboid_centroid": [
        -13.861759702792837, 
        9.860704221891064, 
        57.26034222196898
      ], 
      "location": [
        -13.861759702792837, 
        9.860704221891064, 
        57.26034222196898
      ], 
      "pose_transform_permuted": [
        [
          0.09930330695874293, 
          -0.7898167898576214, 
          0.6052503737562579, 
          0.0
        ], 
        [
          -0.9906604712997565, 
          -0.021359098474688788, 
          0.1346661560720073, 
          0.0
        ], 
        [
          0.0934340082639134, 
          0.6129705401341049, 
          0.7845613044479445, 
          0.0
        ], 
        [
          -13.861759702792837, 
          9.860704221891064, 
          57.26034222196898, 
          1.0
        ]
      ], 
      "projected_cuboid": [
        [
          280.2713938678263, 
          373.14789191652886
        ], 
        [
          451.56479513403957, 
          381.56271623713354
        ], 
        [
          439.36073419163125, 
          341.5547363798052
        ], 
        [
          247.5332720665677, 
          334.06271207250666
        ], 
        [
          275.81636036044705, 
          385.3920368507001
        ], 
        [
          449.66088588489043, 
          394.5099157947803
        ], 
        [
          436.98291060678736, 
          355.48298414502096
        ], 
        [
          241.9521938705137, 
          347.1667311366723
        ]
      ], 
      "projected_cuboid_centroid": [
        351.41350221190623, 
        365.1285784115607
      ], 
      "quaternion_xyzw": [
        0.06530588973745508, 
        -0.43944265589168346, 
        0.8956675422820287, 
        0.02011765146853161
      ], 
      "visibility": 0.7772249861802101
    }, 
    {
      "bounding_box": {
        "bottom_right": [
          468, 
          465
        ], 
        "top_left": [
          418, 
          400
        ]
      }, 
      "class": "061_foam_brick", 
      "cuboid": [
        [
          -3.4765345807895267, 
          23.577145979088478, 
          68.64345866676047
        ], 
        [
          -11.07593142160037, 
          23.851626118205875, 
          70.32197690278524
        ], 
        [
          -10.536746011479698, 
          19.814495773034153, 
          73.42328130885983
        ], 
        [
          -2.9373491706688557, 
          19.54001563391676, 
          71.74476307283506
        ], 
        [
          -2.4708942128151294, 
          26.803714318124104, 
          72.66881338963078
        ], 
        [
          -10.070291053625972, 
          27.078194457241494, 
          74.34733162565554
        ], 
        [
          -9.5311056435053, 
          23.04106411206978, 
          77.44863603173013
        ], 
        [
          -1.9317088026944582, 
          22.766583972952382, 
          75.77011779570537
        ]
      ], 
      "cuboid_centroid": [
        -6.503820112147414, 
        23.30910504557913, 
        73.0460473492453
      ], 
      "location": [
        -6.503820112147414, 
        23.30910504557913, 
        73.0460473492453
      ], 
      "pose_transform_permuted": [
        [
          -0.19133187974615534, 
          -0.6138828602123427, 
          -0.7658589594241989, 
          0.0
        ], 
        [
          0.9758580612785512, 
          -0.03524669944595077, 
          -0.21554283661452278, 
          0.0
        ], 
        [
          -0.10532405247839133, 
          0.7886098554517821, 
          -0.6058063550787903, 
          0.0
        ], 
        [
          -6.503820112147414, 
          23.30910504557913, 
          73.0460473492453, 
          1.0
        ]
      ], 
      "projected_cuboid": [
        [
          454.3613318573499, 
          456.46719219316054
        ], 
        [
          396.89755346702157, 
          454.17649386109906
        ], 
        [
          404.4242327943153, 
          417.21171318530946
        ], 
        [
          459.5801214723876, 
          418.5385751574268
        ], 
        [
          463.3119487456299, 
          470.0001635491836
        ], 
        [
          408.7573308233042, 
          467.5279594984366
        ], 
        [
          415.41790924314904, 
          431.9497674156409
        ], 
        [
          467.88713282809135, 
          433.5326274414418
        ]
      ], 
      "projected_cuboid_centroid": [
        433.71603294434686, 
        443.4696298544979
      ], 
      "quaternion_xyzw": [
        0.9394582050515249, 
        0.01864834237851942, 
        -0.10827376730888282, 
        0.32457250592224024
      ], 
      "visibility": 0.066203243958954
    }
  ]
}