{
  "camera_data": {
    "location_worldframe": [
      -23.387995337826734, 
      15.952027015248532, 
      74.24474699298975
    ], 
    "quaternion_xyzw_worldframe": [
      0.9187848505657186, 
      0.03663256045769409, 
      -0.12433202040280653, 
      -0.3728720751426034
    ]
  }, 
  "objects": [
    {
      "bounding_box": {
        "bottom_right": [
          492, 
          510
        ], 
        "top_left": [
          347, 
          284
        ]
      }, 
      "class": "003_cracker_box", 
      "cuboid": [
        [
          -18.377706618398214, 
          24.194347288967823, 
          64.29705430448813
        ], 
        [
          -20.17009123142122, 
          12.518996126206726, 
          52.91497855740368
        ], 
        [
          0.6722276579274613, 
          13.66213177754599, 
          48.460258437830326
        ], 
        [
          2.46461227095047, 
          25.337482940307087, 
          59.84233418491477
        ], 
        [
          -17.044265927649526, 
          19.165600473850848, 
          69.24539129065319
        ], 
        [
          -18.836650540672533, 
          7.490249311089754, 
          57.86331554356875
        ], 
        [
          2.0056683486761497, 
          8.63338496242902, 
          53.4085954239954
        ], 
        [
          3.7980529616991583, 
          20.308736125190112, 
          64.79067117107984
        ]
      ], 
      "cuboid_centroid": [
        -8.186019134861032, 
        16.41386612569842, 
        58.85282486424176
      ], 
      "location": [
        -8.186019134861032, 
        16.41386612569842, 
        58.85282486424176
      ], 
      "pose_transform_permuted": [
        [
          -0.1857159780820261, 
          0.7003825815244582, 
          -0.6891834407341575, 
          0.0
        ], 
        [
          0.10926775447632703, 
          0.7117553872133706, 
          0.6938766652687249, 
          0.0
        ], 
        [
          -0.9765091568012751, 
          -0.05355845656738567, 
          0.20871357984899291, 
          0.0
        ], 
        [
          -8.186019134861032, 
          16.41386612569842, 
          58.85282486424176, 
          1.0
        ]
      ], 
      "projected_cuboid": [
        [
          327.89065974326786, 
          473.96943630123513
        ], 
        [
          276.612590296148, 
          399.4630191550364
        ], 
        [
          489.05678678163133, 
          423.6423689181946
        ], 
        [
          503.7449317448352, 
          499.09617633168807
        ], 
        [
          349.2302392641841, 
          420.89766220824765
        ], 
        [
          306.53498041955015, 
          342.32331202232996
        ], 
        [
          501.79187597773034, 
          359.4965053652627
        ], 
        [
          513.1209935235335, 
          440.4563864989753
        ]
      ], 
      "projected_cuboid_centroid": [
        406.797829645747, 
        422.02767760518816
      ], 
      "quaternion_xyzw": [
        0.6604719408580313, 
        0.6390371943058589, 
        0.19234756836397093, 
        -0.34410854766685006
      ], 
      "visibility": 0.9628344296033251
    }, 
    {
      "bounding_box": {
        "bottom_right": [
          495, 
          388
        ], 
        "top_left": [
          422, 
          303
        ]
      }, 
      "class": "005_tomato_soup_can", 
      "cuboid": [
        [
          -25.544973341112343, 
          27.45925406316611, 
          74.12454137303423
        ], 
        [
          -20.388137783298863, 
          25.19008080224929, 
          70.37817067073911
        ], 
        [
          -14.006507937542267, 
          31.27452564026828, 
          75.4770670932802
        ], 
        [
          -19.163343495355743, 
          33.543698901185095, 
          79.22343779557531
        ], 
        [
          -24.44208882180934, 
          22.526464424614403, 
          78.63043515564664
        ], 
        [
          -19.285253263995862, 
          20.257291163697584, 
          74.88406445335153
        ], 
        [
          -12.903623418239263, 
          26.34173600171657, 
          79.9829608758926
        ], 
        [
          -18.060458976052743, 
          28.61090926263339, 
          83.72933157818773
        ]
      ], 
      "cuboid_centroid": [
        -19.2242983796758, 
        26.90049503244134, 
        77.05375112446342
      ], 
      "location": [
        -19.2242983796758, 
        26.90049503244134, 
        77.05375112446342
      ], 
      "pose_transform_permuted": [
        [
          -0.16287392908463247, 
          0.7284741201069945, 
          -0.6654301620589456, 
          0.0
        ], 
        [
          -0.7621802649889061, 
          0.33538379456192063, 
          0.5537135676734033, 
          0.0
        ], 
        [
          -0.6265406465008303, 
          -0.5973633843626811, 
          -0.5006034411638469, 
          0.0
        ], 
        [
          -19.2242983796758, 
          26.90049503244134, 
          77.05375112446342, 
          1.0
        ]
      ], 
      "projected_cuboid": [
        [
          296.2715717057494, 
          470.8534660175778
        ], 
        [
          325.8100290895147, 
          464.17475325425164
        ], 
        [
          381.802571593988, 
          494.2717672793572
        ], 
        [
          351.5174250011915, 
          499.0973840363584
        ], 
        [
          314.43436851608277, 
          426.0747629667607
        ], 
        [
          343.1041152855621, 
          417.5576877709842
        ], 
        [
          394.8397860807219, 
          448.93099413302235
        ], 
        [
          365.60109971511037, 
          455.5256400319065
        ]
      ], 
      "projected_cuboid_centroid": [
        347.42922152104205, 
        459.47553706890807
      ], 
      "quaternion_xyzw": [
        0.27653503074157826, 
        0.8696225921930921, 
        0.353336485362933, 
        -0.20600531287684268
      ], 
      "visibility": 0.25771880581781065
    }, 
    {
      "bounding_box": {
        "bottom_right": [
          532, 
          504
        ], 
        "top_left": [
          437, 
          411
        ]
      }, 
      "class": "010_potted_meat_can", 
      "cuboid": [
        [
          1.6834783862526694, 
          29.387828197956665, 
          63.08763654428189
        ], 
        [
          -7.900239633757791, 
          26.009248942440856, 
          63.32965680075742
        ], 
        [
          -5.763315252482036, 
          20.361162094751734, 
          69.10261012137859
        ], 
        [
          3.8204027675284244, 
          23.739741350267547, 
          68.86058986490306
        ], 
        [
          0.45320636197457714, 
          33.175726699809445, 
          67.24900363990088
        ], 
        [
          -9.130511658035884, 
          29.797147444293632, 
          67.4910238963764
        ], 
        [
          -6.993587276760128, 
          24.14906059660451, 
          73.26397721699757
        ], 
        [
          2.590130743250332, 
          27.527639852120323, 
          73.02195696052205
        ]
      ], 
      "cuboid_centroid": [
        -2.6550544452537297, 
        26.76844439728059, 
        68.17580688063973
      ], 
      "location": [
        -2.6550544452537297, 
        26.76844439728059, 
        68.17580688063973
      ], 
      "pose_transform_permuted": [
        [
          0.21358518918631966, 
          -0.6576098636490864, 
          -0.7224470367950094, 
          0.0
        ], 
        [
          0.9428432162386018, 
          0.33238358275320734, 
          -0.023809878017469824, 
          0.0
        ], 
        [
          -0.2557873786655164, 
          0.6760694678316511, 
          -0.691015840325858, 
          0.0
        ], 
        [
          -2.6550544452537297, 
          26.76844439728059, 
          68.17580688063973, 
          1.0
        ]
      ], 
      "projected_cuboid": [
        [
          495.9471724036169, 
          521.7203856155649
        ], 
        [
          414.51215467881576, 
          492.31886036110126
        ], 
        [
          436.74632380716156, 
          430.42975532415636
        ], 
        [
          511.43235146978, 
          457.1488747164926
        ], 
        [
          485.2211833859513, 
          536.3873094022961
        ], 
        [
          408.8457556642362, 
          508.7460307738248
        ], 
        [
          430.2635251774643, 
          449.07779885182947
        ], 
        [
          500.67186761215027, 
          474.33605819020255
        ]
      ], 
      "projected_cuboid_centroid": [
        460.65426239573617, 
        482.68832229902915
      ], 
      "quaternion_xyzw": [
        0.913969326737126, 
        0.16088367087725366, 
        0.0519096499240156, 
        0.36889249576611693
      ], 
      "visibility": 0.4236461213205399
    }, 
    {
      "bounding_box": {
        "bottom_right": [
          378, 
          398
        ], 
        "top_left": [
          324, 
          228
        ]
      }, 
      "class": "037_scissors", 
      "cuboid": [
        [
          -27.76632352256944, 
          11.571447506740174, 
          66.79985378769857
        ], 
        [
          -8.256453460896433, 
          13.588472810380086, 
          61.72483573021713
        ], 
        [
          -9.140453383904008, 
          7.213262784498754, 
          55.79270319821833
        ], 
        [
          -28.650323445577015, 
          5.196237480858841, 
          60.86772125569977
        ], 
        [
          -28.157574674578427, 
          12.632760006075511, 
          65.71757473300367
        ], 
        [
          -8.64770461290542, 
          14.649785309715424, 
          60.64255667552223
        ], 
        [
          -9.531704535912995, 
          8.27457528383409, 
          54.710424143523426
        ], 
        [
          -29.041574597586, 
          6.257549980194176, 
          59.78544220100487
        ]
      ], 
      "cuboid_centroid": [
        -18.64901402924122, 
        9.923011395287132, 
        60.755138965610996
      ], 
      "location": [
        -18.64901402924122, 
        9.923011395287132, 
        60.755138965610996
      ], 
      "pose_transform_permuted": [
        [
          0.24992088582908825, 
          -0.6779383488416619, 
          0.6913312297605797, 
          0.0
        ], 
        [
          -0.9629843385826187, 
          -0.0995580068852353, 
          0.2504969480539701, 
          0.0
        ], 
        [
          0.10099393314404312, 
          0.7283456914142452, 
          0.677725620495507, 
          0.0
        ], 
        [
          -18.64901402924122, 
          9.923011395287132, 
          60.755138965610996, 
          1.0
        ]
      ], 
      "projected_cuboid": [
        [
          258.06769214593015, 
          365.6711647591352
        ], 
        [
          409.66453929756557, 
          390.6946860863416
        ], 
        [
          393.4958183201722, 
          342.23774631176866
        ], 
        [
          228.4725438117958, 
          318.8156813464074
        ], 
        [
          251.18487645882823, 
          375.8055114541097
        ], 
        [
          404.91124593952077, 
          402.12374114767056
        ], 
        [
          387.90728679803357, 
          353.9474560857425
        ], 
        [
          220.37103706330018, 
          329.10738372996224
        ]
      ], 
      "projected_cuboid_centroid": [
        316.52842003645924, 
        360.39252426076126
      ], 
      "quaternion_xyzw": [
        0.13604216294269536, 
        -0.3685469344308116, 
        0.919600627957246, 
        0.0003903668111877833
      ], 
      "visibility": 0.7246511627906976
    }, 
    {
      "bounding_box": {
        "bottom_right": [
          493, 
          433
        ], 
        "top_left": [
          434, 
          362
        ]
      }, 
      "class": "061_foam_brick", 
      "cuboid": [
        [
          -8.814478985619852, 
          26.13355733386107, 
          68.88340281293928
        ], 
        [
          -16.186865292886925, 
          25.896521280382046, 
          71.38046693012477
        ], 
        [
          -14.87741229098241, 
          22.435520806916486, 
          74.91798582166518
        ], 
        [
          -7.505025983715333, 
          22.672556860395503, 
          72.4209217044797
        ], 
        [
          -7.785611140959989, 
          30.0030732333845, 
          72.28837184402626
        ], 
        [
          -15.157997448227064, 
          29.766037179905485, 
          74.78543596121175
        ], 
        [
          -13.848544446322547, 
          26.30503670643992, 
          78.32295485275216
        ], 
        [
          -6.476158139055471, 
          26.542072759918945, 
          75.82589073556667
        ]
      ], 
      "cuboid_centroid": [
        -11.3315117159712, 
        26.219297020150496, 
        73.60317883284571
      ], 
      "location": [
        -11.3315117159712, 
        26.219297020150496, 
        73.60317883284571
      ], 
      "pose_transform_permuted": [
        [
          -0.1957511104348969, 
          -0.7362092596329656, 
          -0.6478251529496097, 
          0.0
        ], 
        [
          0.9467070557718836, 
          0.030438408264052974, 
          -0.32065441499234365, 
          0.0
        ], 
        [
          -0.25578751594875787, 
          0.6760691010044988, 
          -0.6910161484015639, 
          0.0
        ], 
        [
          -11.3315117159712, 
          26.219297020150496, 
          73.60317883284571, 
          1.0
        ]
      ], 
      "projected_cuboid": [
        [
          412.7835459534526, 
          475.62174987453784
        ], 
        [
          359.64894953774234, 
          466.7725507355396
        ], 
        [
          374.8064644096683, 
          432.9985547120301
        ], 
        [
          425.86824334957896, 
          440.25097711894864
        ], 
        [
          423.67874252739085, 
          494.6392410857073
        ], 
        [
          372.5995683858793, 
          485.55795603772157
        ], 
        [
          386.5132087418, 
          452.40377427512254
        ], 
        [
          435.6675747471741, 
          459.9695699049691
        ]
      ], 
      "projected_cuboid_centroid": [
        398.80608962600496, 
        463.26834012048937
      ], 
      "quaternion_xyzw": [
        0.9042401934394966, 
        0.07913437333616008, 
        -0.14277332758870384, 
        0.3945924485522293
      ], 
      "visibility": 0.2144212523719165
    }
  ]
}