{
  "camera_data": {
    "location_worldframe": [
      -23.402654770961362, 
      15.703692800570906, 
      73.57002115892696
    ], 
    "quaternion_xyzw_worldframe": [
      0.9175997508760345, 
      0.031713040800559075, 
      -0.11903916688480318, 
      -0.3779393370098788
    ]
  }, 
  "objects": [
    {
      "bounding_box": {
        "bottom_right": [
          489, 
          511
        ], 
        "top_left": [
          346, 
          282
        ]
      }, 
      "class": "003_cracker_box", 
      "cuboid": [
        [
          -18.22201930442835, 
          23.966503124682625, 
          63.726871111265126
        ], 
        [
          -20.117108036483497, 
          12.424329135198372, 
          52.22622008702884
        ], 
        [
          0.7633016669019901, 
          13.313105349517029, 
          47.89354024586561
        ], 
        [
          2.658390398957139, 
          24.855279339001285, 
          59.39419127010189
        ], 
        [
          -16.986843573746533, 
          18.8734506521469, 
          68.63477850253435
        ], 
        [
          -18.881932305801683, 
          7.331276662662646, 
          57.134127478298055
        ], 
        [
          1.9984773975838046, 
          8.220052876981303, 
          52.80144763713482
        ], 
        [
          3.8935661296389537, 
          19.762226866465557, 
          64.3020986613711
        ]
      ], 
      "cuboid_centroid": [
        -8.111770953422273, 
        16.093278000831965, 
        58.26415937419998
      ], 
      "location": [
        -8.111770953422273, 
        16.093278000831965, 
        58.26415937419998
      ], 
      "pose_transform_permuted": [
        [
          -0.17203005016890383, 
          0.7093388014347912, 
          -0.6835525778006684, 
          0.0
        ], 
        [
          0.11552882611272325, 
          0.7036366103806896, 
          0.7011052780210618, 
          0.0
        ], 
        [
          -0.9782937964517107, 
          -0.04164114925200929, 
          0.2029957204304346, 
          0.0
        ], 
        [
          -8.111770953422273, 
          16.093278000831965, 
          58.26415937419998, 
          1.0
        ]
      ], 
      "projected_cuboid": [
        [
          327.8291821317933, 
          473.8582157311408
        ], 
        [
          274.4548170530845, 
          400.1603194751645
        ], 
        [
          490.16766483379143, 
          421.53491885427917
        ], 
        [
          505.6665390597254, 
          496.4701007712077
        ], 
        [
          348.50254399996123, 
          419.94077151163435
        ], 
        [
          303.87450241078966, 
          341.72047731705806
        ], 
        [
          501.950852633103, 
          356.3129580925625
        ], 
        [
          514.159299725127, 
          437.19382583623394
        ]
      ], 
      "projected_cuboid_centroid": [
        406.72739645612546, 
        420.5959715585659
      ], 
      "quaternion_xyzw": [
        0.6628424123917733, 
        0.6343628498225513, 
        0.19954789327038713, 
        -0.3440993307041094
      ], 
      "visibility": 0.9540490090948807
    }, 
    {
      "bounding_box": {
        "bottom_right": [
          493, 
          388
        ], 
        "top_left": [
          421, 
          303
        ]
      }, 
      "class": "005_tomato_soup_can", 
      "cuboid": [
        [
          -25.39606710635205, 
          27.24096862780344, 
          73.54648327731059
        ], 
        [
          -20.251448249606987, 
          24.933884120295566, 
          69.80647638006495
        ], 
        [
          -13.812380990588766, 
          30.87941004559096, 
          74.99623046946355
        ], 
        [
          -18.956999847333826, 
          33.18649455309883, 
          78.73623736670918
        ], 
        [
          -24.38762871836628, 
          22.251253735621212, 
          78.01164217411123
        ], 
        [
          -19.24300986162122, 
          19.94416922811334, 
          74.27163527686561
        ], 
        [
          -12.803942602603, 
          25.88969515340873, 
          79.4613893662642
        ], 
        [
          -17.94856145934806, 
          28.19677966091661, 
          83.20139626350984
        ]
      ], 
      "cuboid_centroid": [
        -19.100004854477522, 
        26.565331890606085, 
        76.50393632178739
      ], 
      "location": [
        -19.100004854477522, 
        26.565331890606085, 
        76.50393632178739
      ], 
      "pose_transform_permuted": [
        [
          -0.14892612926946852, 
          0.7368808386352421, 
          -0.6594144362174339, 
          0.0
        ], 
        [
          -0.7603746366431448, 
          0.3409870765841771, 
          0.5527729973246726, 
          0.0
        ], 
        [
          -0.6321797817857141, 
          -0.5837244946914311, 
          -0.5095237362465074, 
          0.0
        ], 
        [
          -19.100004854477522, 
          26.565331890606085, 
          76.50393632178739, 
          1.0
        ]
      ], 
      "projected_cuboid": [
        [
          295.9037432546085, 
          470.8234069977186
        ], 
        [
          325.5871866068245, 
          463.78073530309206
        ], 
        [
          382.55473790091736, 
          492.87882936721377
        ], 
        [
          352.1218395936763, 
          498.07512369373075
        ], 
        [
          313.48383831577735, 
          425.4052350963007
        ], 
        [
          342.2679933442633, 
          416.4988959668439
        ], 
        [
          394.9449268151721, 
          447.0499410349692
        ], 
        [
          365.5883125446906, 
          454.0274323758234
        ]
      ], 
      "projected_cuboid_centroid": [
        347.338678687861, 
        458.47716230577277
      ], 
      "quaternion_xyzw": [
        0.2807647076406112, 
        0.8665323951751617, 
        0.35959549285800224, 
        -0.20244457405781668
      ], 
      "visibility": 0.2433383609854198
    }, 
    {
      "bounding_box": {
        "bottom_right": [
          529, 
          505
        ], 
        "top_left": [
          435, 
          412
        ]
      }, 
      "class": "010_potted_meat_can", 
      "cuboid": [
        [
          1.9168342411512767, 
          28.885887214676682, 
          62.67327408015165
        ], 
        [
          -7.714858292808277, 
          25.64148147125383, 
          62.8325002737634
        ], 
        [
          -5.689514712349046, 
          19.910085303055723, 
          68.56341662602831
        ], 
        [
          3.9421778216105077, 
          23.154491046478576, 
          68.40419043241658
        ], 
        [
          0.7175336096155067, 
          32.65190196490456, 
          66.86344487796218
        ], 
        [
          -8.914158924344049, 
          29.40749622148171, 
          67.02267107157392
        ], 
        [
          -6.888815343884816, 
          23.67610005328361, 
          72.75358742383885
        ], 
        [
          2.7428771900747377, 
          26.920505796706458, 
          72.5943612302271
        ]
      ], 
      "cuboid_centroid": [
        -2.48599055136677, 
        26.28099363398014, 
        67.71343075199525
      ], 
      "location": [
        -2.48599055136677, 
        26.28099363398014, 
        67.71343075199525
      ], 
      "pose_transform_permuted": [
        [
          0.20820830452366607, 
          -0.653810667098509, 
          -0.7274475928187538, 
          0.0
        ], 
        [
          0.9475629340907761, 
          0.3191836341099332, 
          -0.015664623706673087, 
          0.0
        ], 
        [
          -0.24243128576848144, 
          0.6860414972109389, 
          -0.6859840637982889, 
          0.0
        ], 
        [
          -2.48599055136677, 
          26.28099363398014, 
          67.71343075199525, 
          1.0
        ]
      ], 
      "projected_cuboid": [
        [
          498.04434266015363, 
          519.0916208491085
        ], 
        [
          415.5679731068956, 
          490.93033936697344
        ], 
        [
          436.97245088214606, 
          428.15685975441136
        ], 
        [
          512.588757938364, 
          453.81266416442895
        ], 
        [
          487.3679915857729, 
          533.7262861495336
        ], 
        [
          410.07330196860465, 
          507.2908439303737
        ], 
        [
          430.67783407656543, 
          446.843997601607
        ], 
        [
          501.91573619673875, 
          471.0599281862624
        ]
      ], 
      "projected_cuboid_centroid": [
        461.8539213711654, 
        480.27898267874974
      ], 
      "quaternion_xyzw": [
        0.9166586093143496, 
        0.15316905175267387, 
        0.05251237452540088, 
        0.3654017747945851
      ], 
      "visibility": 0.42445695897023333
    }, 
    {
      "bounding_box": {
        "bottom_right": [
          378, 
          397
        ], 
        "top_left": [
          324, 
          224
        ]
      }, 
      "class": "037_scissors", 
      "cuboid": [
        [
          -27.801738540401153, 
          11.455232425413405, 
          66.06103303128761
        ], 
        [
          -8.237894031196081, 
          13.242504801196484, 
          61.10917735315439
        ], 
        [
          -9.179526970554761, 
          6.93604448304736, 
          55.1127750335715
        ], 
        [
          -28.743371479759833, 
          5.148772107264281, 
          60.06463071170472
        ], 
        [
          -28.172034878005647, 
          12.532029737109852, 
          64.98670635410555
        ], 
        [
          -8.608190368800578, 
          14.31930211289293, 
          60.03485067597233
        ], 
        [
          -9.549823308159258, 
          8.012841794743807, 
          54.038448356389445
        ], 
        [
          -29.11366781736433, 
          6.225569418960728, 
          58.990304034522666
        ]
      ], 
      "cuboid_centroid": [
        -18.675780924280204, 
        9.734037110078605, 
        60.04974069383853
      ], 
      "location": [
        -18.675780924280204, 
        9.734037110078605, 
        60.04974069383853
      ], 
      "pose_transform_permuted": [
        [
          0.23653550472167723, 
          -0.6878296373460278, 
          0.6862514613758747, 
          0.0
        ], 
        [
          -0.9656484541042866, 
          -0.08821767142578626, 
          0.24441779724261262, 
          0.0
        ], 
        [
          0.10757830588974404, 
          0.7204912751347091, 
          0.6850682213957028, 
          0.0
        ], 
        [
          -18.675780924280204, 
          9.734037110078605, 
          60.04974069383853, 
          1.0
        ]
      ], 
      "projected_cuboid": [
        [
          255.27946651278077, 
          365.7661663178041
        ], 
        [
          409.10316255247494, 
          388.8581664440698
        ], 
        [
          392.0276489047773, 
          340.40579209814496
        ], 
        [
          224.2550901384108, 
          319.00297645034453
        ], 
        [
          248.4739041277278, 
          376.13183128289495
        ], 
        [
          404.4889396313763, 
          400.49205524619634
        ], 
        [
          386.5619319407337, 
          352.36736979595224
        ], 
        [
          216.19272451311113, 
          329.57067046497167
        ]
      ], 
      "projected_cuboid_centroid": [
        314.34966936592843, 
        359.73741277517513
      ], 
      "quaternion_xyzw": [
        0.13094952938415483, 
        -0.37379996719118475, 
        0.918203570921894, 
        0.0052713349950597906
      ], 
      "visibility": 0.7252946509519492
    }, 
    {
      "bounding_box": {
        "bottom_right": [
          491, 
          434
        ], 
        "top_left": [
          433, 
          363
        ]
      }, 
      "class": "061_foam_brick", 
      "cuboid": [
        [
          -8.657605861725756, 
          25.72700633061018, 
          68.38224460016652
        ], 
        [
          -16.046120041928106, 
          25.57129659727815, 
          70.83768913170411
        ], 
        [
          -14.805033762737265, 
          22.059245451512467, 
          74.34944552226726
        ], 
        [
          -7.416519582534916, 
          22.2149551848445, 
          71.89400099072968
        ], 
        [
          -7.592743749000269, 
          29.549630996336205, 
          71.82885826969287
        ], 
        [
          -14.981257929202618, 
          29.393921263004174, 
          74.28430280123045
        ], 
        [
          -13.740171650011778, 
          25.881870117238492, 
          77.7960591917936
        ], 
        [
          -6.35165746980943, 
          26.037579850570523, 
          75.34061466025602
        ]
      ], 
      "cuboid_centroid": [
        -11.198888755868767, 
        25.804438223924336, 
        73.08915189598007
      ], 
      "location": [
        -11.198888755868767, 
        25.804438223924336, 
        73.08915189598007
      ], 
      "pose_transform_permuted": [
        [
          -0.20259933489803678, 
          -0.7272877920867231, 
          -0.6557484098192632, 
          0.0
        ], 
        [
          0.9487780773469963, 
          0.019995086672613016, 
          -0.3153099371328024, 
          0.0
        ], 
        [
          -0.24243281429008381, 
          0.6860412990415182, 
          -0.685983721792883, 
          0.0
        ], 
        [
          -11.198888755868767, 
          25.804438223924336, 
          73.08915189598007, 
          1.0
        ]
      ], 
      "projected_cuboid": [
        [
          413.51289111329703, 
          473.93388982997374
        ], 
        [
          359.78301658457195, 
          465.8065567676272
        ], 
        [
          374.51335940988145, 
          431.52077236785266
        ], 
        [
          426.1218234119898, 
          438.08012960355995
        ], 
        [
          424.7521674460479, 
          492.68856197931103
        ], 
        [
          373.1437195776042, 
          484.31838784206525
        ], 
        [
          386.61835181716435, 
          450.71593898214053
        ], 
        [
          436.26039570509874, 
          457.6008191339232
        ]
      ], 
      "projected_cuboid_centroid": [
        399.1996235712432, 
        461.5773018027871
      ], 
      "quaternion_xyzw": [
        0.9069961116520536, 
        0.07233435115964719, 
        -0.14275399458093876, 
        0.38954729125172166
      ], 
      "visibility": 0.20957147325617767
    }
  ]
}