{
  "camera_data": {
    "location_worldframe": [
      -9.583262326559247, 
      1.1482439901720778, 
      81.46076404350819
    ], 
    "quaternion_xyzw_worldframe": [
      -0.8290371606592484, 
      -0.11325926114651966, 
      -0.20606366973494497, 
      0.5073491897897978
    ]
  }, 
  "objects": [
    {
      "bounding_box": {
        "bottom_right": [
          336, 
          654
        ], 
        "top_left": [
          239, 
          474
        ]
      }, 
      "class": "003_cracker_box", 
      "cuboid": [
        [
          0.545482382228242, 
          10.496628248133682, 
          80.04236308306058
        ], 
        [
          5.964201817262507, 
          3.395230870117854, 
          66.28424727270892
        ], 
        [
          25.194014167653634, 
          0.8289048156381533, 
          75.18266481164466
        ], 
        [
          19.775294732619365, 
          7.930302193653982, 
          88.94078062199631
        ], 
        [
          -1.4744991289252134, 
          4.082168613021078, 
          82.55767217322264
        ], 
        [
          3.9442203061090515, 
          -3.0192287649947516, 
          68.79955636287099
        ], 
        [
          23.174032656500177, 
          -5.585554819474452, 
          77.69797390180672
        ], 
        [
          17.75531322146591, 
          1.5158425585413768, 
          91.45608971215837
        ]
      ], 
      "cuboid_centroid": [
        11.859757519364209, 
        2.4555367143296154, 
        78.87016849243365
      ], 
      "location": [
        11.859757519364209, 
        2.4555367143296154, 
        78.87016849243365
      ], 
      "pose_transform_permuted": [
        [
          0.28133447903171577, 
          0.8933788006227354, 
          -0.3503216086767067, 
          0.0
        ], 
        [
          -0.3303371946519968, 
          0.43291698640012005, 
          0.8387253547590456, 
          0.0
        ], 
        [
          -0.9009596265856765, 
          0.12023810329558915, 
          -0.41691072159213804, 
          0.0
        ], 
        [
          11.859757519364209, 
          2.4555367143296154, 
          78.87016849243365, 
          1.0
        ]
      ], 
      "projected_cuboid": [
        [
          485.2618884161729, 
          343.2252202788079
        ], 
        [
          529.9846312306883, 
          300.6043878013365
        ], 
        [
          661.8039601340078, 
          279.1664994309558
        ], 
        [
          601.164739589651, 
          320.83936392655374
        ], 
        [
          471.9924793122031, 
          299.65719991776916
        ], 
        [
          512.4266248693542, 
          249.88211633149695
        ], 
        [
          641.9894228016511, 
          234.9472400755934
        ], 
        [
          585.9987399691155, 
          282.1260644035549
        ]
      ], 
      "projected_cuboid_centroid": [
        562.4609873222798, 
        289.89086179587406
      ], 
      "quaternion_xyzw": [
        0.5339060117006315, 
        0.6245840015628631, 
        0.5244648914062026, 
        -0.22310484832008204
      ], 
      "visibility": 0.9812692439274717
    }, 
    {
      "bounding_box": {
        "bottom_right": [
          352, 
          459
        ], 
        "top_left": [
          304, 
          405
        ]
      }, 
      "class": "005_tomato_soup_can", 
      "cuboid": [
        [
          -11.099861836732261, 
          12.363993545999621, 
          84.45905547375541
        ], 
        [
          -4.751981490784999, 
          10.129691920270629, 
          83.75926617960624
        ], 
        [
          -2.7554900194985765, 
          12.786380151272775, 
          93.3873730886141
        ], 
        [
          -9.103370365445837, 
          15.020681777001766, 
          94.08716238276325
        ], 
        [
          -13.030935234532452, 
          6.221338771841246, 
          86.5544300271764
        ], 
        [
          -6.683054888585191, 
          3.987037146112253, 
          85.85464073302724
        ], 
        [
          -4.686563417298768, 
          6.643725377114398, 
          95.48274764203508
        ], 
        [
          -11.03444376324603, 
          8.878027002843393, 
          96.18253693618425
        ]
      ], 
      "cuboid_centroid": [
        -7.893212627015514, 
        9.50385946155701, 
        89.97090155789525
      ], 
      "location": [
        -7.893212627015514, 
        9.50385946155701, 
        89.97090155789525
      ], 
      "pose_transform_permuted": [
        [
          0.2851808200638257, 
          0.9071469411048847, 
          -0.30944480627519877, 
          0.0
        ], 
        [
          -0.9382166776408484, 
          0.33022976708710916, 
          0.10342885354233682, 
          0.0
        ], 
        [
          -0.19601310125891303, 
          -0.26083041511880223, 
          -0.945275810905905, 
          0.0
        ], 
        [
          -7.893212627015514, 
          9.50385946155701, 
          89.97090155789525, 
          1.0
        ]
      ], 
      "projected_cuboid": [
        [
          410.92251248099683, 
          351.35939644872224
        ], 
        [
          451.0876726480508, 
          337.78522951708555
        ], 
        [
          465.72979139330135, 
          346.30740479684425
        ], 
        [
          429.5659003540451, 
          358.4291179188294
        ], 
        [
          400.6356661421949, 
          311.6203563604955
        ], 
        [
          439.73670585278256, 
          298.0535741101471
        ], 
        [
          455.2020895410695, 
          310.3951145183169
        ], 
        [
          419.90263889539216, 
          322.5140361465138
        ]
      ], 
      "projected_cuboid_centroid": [
        434.4186407230949, 
        329.622467474074
      ], 
      "quaternion_xyzw": [
        0.1661306928207691, 
        0.7919109639086407, 
        0.5847951463090539, 
        0.05737765190938082
      ], 
      "visibility": 0.9051987767584098
    }, 
    {
      "bounding_box": {
        "bottom_right": [
          347, 
          576
        ], 
        "top_left": [
          291, 
          512
        ]
      }, 
      "class": "010_potted_meat_can", 
      "cuboid": [
        [
          17.214918605362765, 
          10.92907449524574, 
          92.40473578614883
        ], 
        [
          9.447575982469509, 
          9.987537750275004, 
          85.91605951021434
        ], 
        [
          7.55325721154376, 
          2.569739697517195, 
          89.26003159966449
        ], 
        [
          15.320599834437019, 
          3.511276442487928, 
          95.74870787559897
        ], 
        [
          13.736556259994984, 
          13.52463802086023, 
          96.19192020169916
        ], 
        [
          5.969213637101726, 
          12.583101275889497, 
          89.70324392576468
        ], 
        [
          4.074894866175975, 
          5.165303223131688, 
          93.04721601521481
        ], 
        [
          11.842237489069234, 
          6.106839968102421, 
          99.53589229114931
        ]
      ], 
      "cuboid_centroid": [
        10.644906735769371, 
        8.047188859188713, 
        92.72597590068182
      ], 
      "location": [
        10.644906735769371, 
        8.047188859188713, 
        92.72597590068182
      ], 
      "pose_transform_permuted": [
        [
          0.6038718794974537, 
          -0.45061085331008943, 
          -0.6574858924825548, 
          0.0
        ], 
        [
          0.7641487661578615, 
          0.09262809391736065, 
          0.6383539662122186, 
          0.0
        ], 
        [
          0.22674776750064785, 
          0.8879018537157346, 
          -0.40026959427570113, 
          0.0
        ], 
        [
          10.644906735769371, 
          8.047188859188713, 
          92.72597590068182, 
          1.0
        ]
      ], 
      "projected_cuboid": [
        [
          581.7820186956395, 
          336.3643597474118
        ], 
        [
          540.731140763854, 
          335.2836721638925
        ], 
        [
          527.1031021368233, 
          288.64047052859075
        ], 
        [
          567.6438420186203, 
          292.84432137355515
        ], 
        [
          558.3917278540239, 
          348.2715709935779
        ], 
        [
          517.3820437488492, 
          348.09781607759123
        ], 
        [
          505.14782032434584, 
          302.89255393641787
        ], 
        [
          545.5772984111036, 
          306.00737135433184
        ]
      ], 
      "projected_cuboid_centroid": [
        543.3321736509018, 
        319.5704769359181
      ], 
      "quaternion_xyzw": [
        0.9096065787410718, 
        -0.03686200075886479, 
        0.3414184425284603, 
        0.23385946943222408
      ], 
      "visibility": 0.3554519368723099
    }, 
    {
      "bounding_box": {
        "bottom_right": [
          282, 
          564
        ], 
        "top_left": [
          244, 
          426
        ]
      }, 
      "class": "037_scissors", 
      "cuboid": [
        [
          -8.54315723731292, 
          0.27973802354918365, 
          71.87174723335649
        ], 
        [
          10.02007112301603, 
          -0.9815832970669545, 
          79.88890698922323
        ], 
        [
          12.880969910877235, 
          -4.963689616286726, 
          72.63817995648934
        ], 
        [
          -5.682258449451715, 
          -3.7023682956705883, 
          64.6210202006226
        ], 
        [
          -8.180585305653937, 
          1.670437471910799, 
          71.25103290604898
        ], 
        [
          10.382643054675015, 
          0.40911615129466117, 
          79.26819266191572
        ], 
        [
          13.243541842536219, 
          -3.572990167925111, 
          72.01746562918181
        ], 
        [
          -5.319686517792731, 
          -2.311668847308973, 
          64.00030587331507
        ]
      ], 
      "cuboid_centroid": [
        2.35019230261165, 
        -1.6466260721879635, 
        71.94460643126915
      ], 
      "location": [
        2.35019230261165, 
        -1.6466260721879635, 
        71.94460643126915
      ], 
      "pose_transform_permuted": [
        [
          -0.23160135854346503, 
          -0.8883420183477855, 
          0.3964958920400495, 
          0.0
        ], 
        [
          -0.9162592127995226, 
          0.06225734327466503, 
          -0.39571761679649503, 
          0.0
        ], 
        [
          -0.3268477896809186, 
          0.4549418714964146, 
          0.8283704807329003, 
          0.0
        ], 
        [
          2.35019230261165, 
          -1.6466260721879635, 
          71.94460643126915, 
          1.0
        ]
      ], 
      "projected_cuboid": [
        [
          417.67483627276073, 
          275.3623156250756
        ], 
        [
          549.0461544630023, 
          266.73371839022315
        ], 
        [
          576.959069331502, 
          236.8424409688906
        ], 
        [
          434.31037934934653, 
          242.73076046410546
        ], 
        [
          419.8544635236143, 
          285.78989379113466
        ], 
        [
          552.0340458784354, 
          276.03908787503065
        ], 
        [
          580.4883617930827, 
          246.82704499060884
        ], 
        [
          436.8982828076754, 
          254.02321963859933
        ]
      ], 
      "projected_cuboid_centroid": [
        499.16404067425646, 
        261.0802312960693
      ], 
      "quaternion_xyzw": [
        -0.18853811430704925, 
        -0.5159508162631489, 
        0.8318198387174934, 
        -0.07952156046620663
      ], 
      "visibility": 0.8031496062992126
    }, 
    {
      "bounding_box": {
        "bottom_right": [
          340, 
          512
        ], 
        "top_left": [
          298, 
          457
        ]
      }, 
      "class": "061_foam_brick", 
      "cuboid": [
        [
          5.3311186316760235, 
          8.70681708732376, 
          89.53682613071759
        ], 
        [
          -2.0322574948246945, 
          9.50234377741843, 
          87.1302882721769
        ], 
        [
          -3.193037141491084, 
          4.95690588738724, 
          89.17938962381491
        ], 
        [
          4.170338985009634, 
          4.161379197292569, 
          91.58592748235561
        ], 
        [
          4.103851266534315, 
          11.06437668929784, 
          94.07127912735335
        ], 
        [
          -3.259524859966403, 
          11.859903379392508, 
          91.66474126881266
        ], 
        [
          -4.420304506632792, 
          7.314465489361319, 
          93.71384262045068
        ], 
        [
          2.943071619867926, 
          6.518938799266648, 
          96.12038047899138
        ]
      ], 
      "cuboid_centroid": [
        0.45540706252161567, 
        8.010641288342539, 
        91.62533437558413
      ], 
      "location": [
        0.45540706252161567, 
        8.010641288342539, 
        91.62533437558413
      ], 
      "pose_transform_permuted": [
        [
          0.23349835527848695, 
          -0.4485463438265459, 
          -0.8627193608132828, 
          0.0
        ], 
        [
          0.9455500353242597, 
          -0.1021556249467157, 
          0.3090297056757442, 
          0.0
        ], 
        [
          0.22674578007216056, 
          0.8879022500994036, 
          -0.4002698408422539, 
          0.0
        ], 
        [
          0.45540706252161567, 
          8.010641288342539, 
          91.62533437558413, 
          1.0
        ]
      ], 
      "projected_cuboid": [
        [
          513.6161153383296, 
          325.1480597756041
        ], 
        [
          469.0540719801504, 
          331.44984861677955
        ], 
        [
          462.34261480620336, 
          302.93032667332375
        ], 
        [
          506.0839996902256, 
          297.5189182163214
        ], 
        [
          505.05697702486304, 
          336.0139593445095
        ], 
        [
          462.4746108919946, 
          342.2892825394421
        ], 
        [
          456.23175865916437, 
          314.9127009561527
        ], 
        [
          498.0626512398551, 
          309.45657503099704
        ]
      ], 
      "projected_cuboid_centroid": [
        484.2699273688365, 
        319.91372796057334
      ], 
      "quaternion_xyzw": [
        0.9612715077225771, 
        -0.08553811341972002, 
        0.14109646873846715, 
        0.22075349624160714
      ], 
      "visibility": 0.34398699891657636
    }
  ]
}