{
  "camera_data": {
    "location_worldframe": [
      -12.152938857087648, 
      -1.2943026141081226, 
      70.15816666285286
    ], 
    "quaternion_xyzw_worldframe": [
      -0.8299854791162689, 
      -0.07602596056041379, 
      -0.12660815056117522, 
      0.5378857074289481
    ]
  }, 
  "objects": [
    {
      "bounding_box": {
        "bottom_right": [
          331, 
          667
        ], 
        "top_left": [
          219, 
          452
        ]
      }, 
      "class": "003_cracker_box", 
      "cuboid": [
        [
          -2.690226281308436, 
          8.45901514793241, 
          67.45118349130323
        ], 
        [
          0.4001535950273971, 
          2.166281631903218, 
          52.62117429362107
        ], 
        [
          20.96238897732699, 
          -0.10953916249387355, 
          57.87176120758522
        ], 
        [
          17.87200910099116, 
          6.183194353535319, 
          72.70177040526738
        ], 
        [
          -4.059951316448898, 
          1.8726926389725382, 
          69.9604875125451
        ], 
        [
          -0.9695714401130651, 
          -4.420040877056654, 
          55.13047831486294
        ], 
        [
          19.59266394218653, 
          -6.695861671453746, 
          60.381065228827104
        ], 
        [
          16.5022840658507, 
          -0.40312815542455344, 
          75.21107442650926
        ]
      ], 
      "cuboid_centroid": [
        8.451218830439048, 
        0.8815767382393322, 
        63.91612436006516
      ], 
      "location": [
        8.451218830439048, 
        0.8815767382393322, 
        63.91612436006516
      ], 
      "pose_transform_permuted": [
        [
          0.19076950806242582, 
          0.9173151345999235, 
          -0.34948524808286807, 
          0.0
        ], 
        [
          -0.1883964340647411, 
          0.3836190379110365, 
          0.9040703608590981, 
          0.0
        ], 
        [
          -0.963386619392915, 
          0.1066272834978661, 
          -0.246001715417913, 
          0.0
        ], 
        [
          8.451218830439048, 
          0.8815767382393322, 
          63.91612436006516, 
          1.0
        ]
      ], 
      "projected_cuboid": [
        [
          460.148862880249, 
          340.16984823966646
        ], 
        [
          485.686453429356, 
          295.2419662375847
        ], 
        [
          676.3866916303675, 
          272.2770753477926
        ], 
        [
          613.7936217889065, 
          318.64469937023574
        ], 
        [
          450.3895145340061, 
          287.56236270957794
        ], 
        [
          472.13949411403536, 
          230.52807786635663
        ], 
        [
          656.0926604354661, 
          214.14491565234667
        ], 
        [
          599.589461196519, 
          270.42796773157596
        ]
      ], 
      "projected_cuboid_centroid": [
        552.7021531479381, 
        280.64246175307335
      ], 
      "quaternion_xyzw": [
        0.5629644965528449, 
        0.5981752248818365, 
        0.48619401206713214, 
        -0.29811534443673154
      ], 
      "visibility": 0.9904285164200451
    }, 
    {
      "bounding_box": {
        "bottom_right": [
          344, 
          452
        ], 
        "top_left": [
          290, 
          381
        ]
      }, 
      "class": "005_tomato_soup_can", 
      "cuboid": [
        [
          -13.417376783296522, 
          9.717959831927283, 
          73.92839702874949
        ], 
        [
          -7.235320544005528, 
          7.742002510403823, 
          72.01654791985894
        ], 
        [
          -3.6403847411017076, 
          10.040709956302932, 
          81.26515829407829
        ], 
        [
          -9.8224409803927, 
          12.016667277826393, 
          83.17700740296885
        ], 
        [
          -14.781213628720266, 
          3.4246539758739014, 
          76.02269813473576
        ], 
        [
          -8.599157389429273, 
          1.4486966543504398, 
          74.1108490258452
        ], 
        [
          -5.004221586525452, 
          3.747404100249548, 
          83.35945940006455
        ], 
        [
          -11.186277825816445, 
          5.72336142177301, 
          85.27130850895512
        ]
      ], 
      "cuboid_centroid": [
        -9.210799184910986, 
        6.732681966088416, 
        78.64392821440703
      ], 
      "location": [
        -9.210799184910986, 
        6.732681966088416, 
        78.64392821440703
      ], 
      "pose_transform_permuted": [
        [
          0.20141135518425696, 
          0.9293950851305144, 
          -0.3092862796132502, 
          0.0
        ], 
        [
          -0.913707875656398, 
          0.2920464804512959, 
          0.28257128700277245, 
          0.0
        ], 
        [
          -0.3529464190998221, 
          -0.22568429759798264, 
          -0.9080173032835429, 
          0.0
        ], 
        [
          -9.210799184910986, 
          6.732681966088416, 
          78.64392821440703, 
          1.0
        ]
      ], 
      "projected_cuboid": [
        [
          383.9974627611468, 
          343.3919169039878
        ], 
        [
          427.56927746254166, 
          330.62004911214507
        ], 
        [
          457.5071889449836, 
          339.18079526276335
        ], 
        [
          418.09207546278645, 
          350.3357632879948
        ], 
        [
          377.0387592272242, 
          297.31140260385985
        ], 
        [
          419.19976171632266, 
          283.7117092754542
        ], 
        [
          449.31410655299845, 
          297.2617893458579
        ], 
        [
          411.05074100039013, 
          309.0826431564513
        ]
      ], 
      "projected_cuboid_centroid": [
        418.61399476773283, 
        318.9438598027577
      ], 
      "quaternion_xyzw": [
        0.20609101502216332, 
        0.7824126872801257, 
        0.5870982214007135, 
        -0.02593258427999455
      ], 
      "visibility": 0.9253478113335596
    }, 
    {
      "bounding_box": {
        "bottom_right": [
          345, 
          586
        ], 
        "top_left": [
          279, 
          511
        ]
      }, 
      "class": "010_potted_meat_can", 
      "cuboid": [
        [
          15.884468181344666, 
          8.934249391541076, 
          76.70539265163778
        ], 
        [
          7.120531236835263, 
          8.006020647641385, 
          71.64053102380616
        ], 
        [
          6.048014343894638, 
          0.38589808989563795, 
          74.89287796281685
        ], 
        [
          14.81195128840404, 
          1.3141268337953296, 
          79.95773959064847
        ], 
        [
          13.061781471734617, 
          11.236114373574422, 
          81.16774379900838
        ], 
        [
          4.297844527225216, 
          10.307885629674733, 
          76.10288217117676
        ], 
        [
          3.2253276342845916, 
          2.687763071928985, 
          79.35522911018744
        ], 
        [
          11.989264578793994, 
          3.6159918158286763, 
          84.42009073801906
        ]
      ], 
      "cuboid_centroid": [
        9.55489790781463, 
        5.81100623173503, 
        78.03031088091261
      ], 
      "location": [
        9.55489790781463, 
        5.81100623173503, 
        78.03031088091261
      ], 
      "pose_transform_permuted": [
        [
          0.49004127785441304, 
          -0.3996224070505441, 
          -0.7747003062889284, 
          0.0
        ], 
        [
          0.862193407445906, 
          0.09131885688583181, 
          0.4982795212690353, 
          0.0
        ], 
        [
          0.12837903251213145, 
          0.9121198631240817, 
          -0.38930216966484554, 
          0.0
        ], 
        [
          9.55489790781463, 
          5.81100623173503, 
          78.03031088091261, 
          1.0
        ]
      ], 
      "projected_cuboid": [
        [
          592.9594536222753, 
          335.4048584375135
        ], 
        [
          535.0467774306759, 
          332.88642555402794
        ], 
        [
          525.0244894745167, 
          276.03455640518797
        ], 
        [
          581.2163739809854, 
          282.0517879600091
        ], 
        [
          568.1358313790968, 
          347.1143857656093
        ], 
        [
          511.9668274572169, 
          345.52292523190465
        ], 
        [
          503.4540427077439, 
          291.35008208882596
        ], 
        [
          557.9698262891941, 
          296.1303803785333
        ]
      ], 
      "projected_cuboid_centroid": [
        547.4468681312085, 
        313.00345550139286
      ], 
      "quaternion_xyzw": [
        0.9419412902165024, 
        -0.009836116117646109, 
        0.2623095540530679, 
        0.20938793768507
      ], 
      "visibility": 0.3672234325829097
    }, 
    {
      "bounding_box": {
        "bottom_right": [
          267, 
          551
        ], 
        "top_left": [
          222, 
          368
        ]
      }, 
      "class": "037_scissors", 
      "cuboid": [
        [
          -12.801533499919593, 
          -1.7022433607451488, 
          60.50417478699408
        ], 
        [
          6.913854573664917, 
          -2.6599449236116106, 
          65.0698631257986
        ], 
        [
          8.554053802236051, 
          -6.21529549823225, 
          57.24144158009011
        ], 
        [
          -11.161334271348457, 
          -5.257593935365788, 
          52.67575324128557
        ], 
        [
          -12.59204537571667, 
          -0.2736204749046033, 
          59.89924420147569
        ], 
        [
          7.1233426978678365, 
          -1.231322037771065, 
          64.46493254028023
        ], 
        [
          8.763541926438972, 
          -4.786672612391705, 
          56.63651099457172
        ], 
        [
          -10.951846147145536, 
          -3.8289710495252427, 
          52.07082265576719
        ]
      ], 
      "cuboid_centroid": [
        -2.01899578674031, 
        -3.2444579865684267, 
        58.570342890782904
      ], 
      "location": [
        -2.01899578674031, 
        -3.2444579865684267, 
        58.570342890782904
      ], 
      "pose_transform_permuted": [
        [
          -0.13381547198681443, 
          -0.9125665069908262, 
          0.38641365532488425, 
          0.0
        ], 
        [
          -0.9731284669720848, 
          0.047271027595835007, 
          -0.2253570296070458, 
          0.0
        ], 
        [
          -0.1873870878513691, 
          0.40618650397076417, 
          0.8943700803963701, 
          0.0
        ], 
        [
          -2.01899578674031, 
          -3.2444579865684267, 
          58.570342890782904, 
          1.0
        ]
      ], 
      "projected_cuboid": [
        [
          367.81642316600073, 
          258.28195816847995
        ], 
        [
          538.7359969603601, 
          251.4853438529616
        ], 
        [
          561.9595165716757, 
          215.37851342959277
        ], 
        [
          367.6515895864959, 
          220.05563697754127
        ], 
        [
          368.5480815228993, 
          270.8503276490916
        ], 
        [
          541.0197232382384, 
          263.09978791350983
        ], 
        [
          564.8069532327304, 
          228.21267665791282
        ], 
        [
          368.4913318353792, 
          234.06946515723607
        ]
      ], 
      "projected_cuboid_centroid": [
        463.05964500230806, 
        243.74371996789648
      ], 
      "quaternion_xyzw": [
        -0.10798621060684963, 
        -0.5432605057818586, 
        0.8315239963867147, 
        -0.04212628284462961
      ], 
      "visibility": 0.8155579989004947
    }, 
    {
      "bounding_box": {
        "bottom_right": [
          333, 
          507
        ], 
        "top_left": [
          286, 
          448
        ]
      }, 
      "class": "061_foam_brick", 
      "cuboid": [
        [
          3.7451217406544406, 
          6.422624976744146, 
          75.85893948675849
        ], 
        [
          -3.94646296377307, 
          7.063168212678521, 
          74.82316718693637
        ], 
        [
          -4.6036978465460106, 
          2.3937400104145765, 
          76.81608312151553
        ], 
        [
          3.0878868578815, 
          1.7531967744802015, 
          77.85185542133765
        ], 
        [
          3.275776934383798, 
          8.533332791135017, 
          80.64957247376523
        ], 
        [
          -4.415807770043713, 
          9.173876027069394, 
          79.61380017394312
        ], 
        [
          -5.073042652816653, 
          4.50444782480545, 
          81.60671610852226
        ], 
        [
          2.6185420516108575, 
          3.863904588871074, 
          82.64248840834438
        ]
      ], 
      "cuboid_centroid": [
        -0.6639604560811067, 
        5.463536400774798, 
        78.73282779764038
      ], 
      "location": [
        -0.6639604560811067, 
        5.463536400774798, 
        78.73282779764038
      ], 
      "pose_transform_permuted": [
        [
          0.08929695634010532, 
          -0.4015806311909967, 
          -0.9114598456545595, 
          0.0
        ], 
        [
          0.9876961415560874, 
          -0.08225380164740997, 
          0.13300618056979735, 
          0.0
        ], 
        [
          0.12838374329957175, 
          0.912122419835621, 
          -0.389294625816489, 
          0.0
        ], 
        [
          -0.6639604560811067, 
          5.463536400774798, 
          78.73282779764038, 
          1.0
        ]
      ], 
      "projected_cuboid": [
        [
          508.14623692367053, 
          318.44023639373216
        ], 
        [
          453.233316819294, 
          323.6309175188878
        ], 
        [
          449.36810155105815, 
          289.90582358800407
        ], 
        [
          502.92673985942616, 
          285.29670996670706
        ], 
        [
          503.43965192587956, 
          329.7157706188333
        ], 
        [
          451.76979640997024, 
          334.74080505738016
        ], 
        [
          448.1672249770985, 
          302.72419153370873
        ], 
        [
          498.6362183625454, 
          298.2216049722512
        ]
      ], 
      "projected_cuboid_centroid": [
        477.0620606193852, 
        310.29538216255236
      ], 
      "quaternion_xyzw": [
        0.9761247880069264, 
        -0.053947391648834726, 
        0.05693512234327289, 
        0.20255485433945197
      ], 
      "visibility": 0.049789029535864976
    }
  ]
}