{
  "camera_data": {
    "location_worldframe": [
      -13.250108110361092, 
      -0.35857135978792365, 
      69.2925058185327
    ], 
    "quaternion_xyzw_worldframe": [
      -0.833223987638852, 
      -0.06388907117724758, 
      -0.10442485691183906, 
      0.5392162574336787
    ]
  }, 
  "objects": [
    {
      "bounding_box": {
        "bottom_right": [
          340, 
          659
        ], 
        "top_left": [
          226, 
          442
        ]
      }, 
      "class": "003_cracker_box", 
      "cuboid": [
        [
          -3.972674680141497, 
          9.423454704333032, 
          66.09294362305664
        ], 
        [
          -1.6182672145795343, 
          3.1169410667706434, 
          51.134241576672345
        ], 
        [
          19.19257018780127, 
          0.9223166611669451, 
          55.33498168722338
        ], 
        [
          16.838162722239307, 
          7.228830298729336, 
          70.29368373360768
        ], 
        [
          -5.1892029791157865, 
          2.8365390749995694, 
          68.67848010989644
        ], 
        [
          -2.834795513553824, 
          -3.4699745625628204, 
          53.719778063512145
        ], 
        [
          17.97604188882698, 
          -5.664598968166519, 
          57.92051817406318
        ], 
        [
          15.621634423265018, 
          0.6419146693958708, 
          72.87922022044748
        ]
      ], 
      "cuboid_centroid": [
        7.001683604342741, 
        1.8794278680832572, 
        62.006730898559915
      ], 
      "location": [
        7.001683604342741, 
        1.8794278680832572, 
        62.006730898559915
      ], 
      "pose_transform_permuted": [
        [
          0.16943291477150102, 
          0.9173977418962707, 
          -0.3601025833782047, 
          0.0
        ], 
        [
          -0.14352991819672217, 
          0.384459104783628, 
          0.9119157632870558, 
          0.0
        ], 
        [
          -0.9750341788750154, 
          0.10282305146510201, 
          -0.19681404958216148, 
          0.0
        ], 
        [
          7.001683604342741, 
          1.8794278680832572, 
          62.006730898559915, 
          1.0
        ]
      ], 
      "projected_cuboid": [
        [
          449.27347478213886, 
          349.32662122556894
        ], 
        [
          464.5782212219, 
          305.79558982698967
        ], 
        [
          668.1169403088203, 
          282.17584312416983
        ], 
        [
          610.4131669128477, 
          328.1318179121846
        ], 
        [
          440.9647394628276, 
          295.31355189768306
        ], 
        [
          453.21923360683365, 
          238.83730058636388
        ], 
        [
          648.4959301000351, 
          221.12813788813142
        ], 
        [
          596.8665913065023, 
          277.9839766049292
        ]
      ], 
      "projected_cuboid_centroid": [
        542.3203720842969, 
        289.4514877003
      ], 
      "quaternion_xyzw": [
        0.5743247593144893, 
        0.5917789811470632, 
        0.47070436217535194, 
        -0.3136656049680818
      ], 
      "visibility": 0.9856574539363484
    }, 
    {
      "bounding_box": {
        "bottom_right": [
          351, 
          448
        ], 
        "top_left": [
          297, 
          373
        ]
      }, 
      "class": "005_tomato_soup_can", 
      "cuboid": [
        [
          -14.360772393690146, 
          10.655444060290932, 
          73.10578845769086
        ], 
        [
          -8.276928706455463, 
          8.698092473702705, 
          70.88474940959205
        ], 
        [
          -4.2243456215942405, 
          11.024865481435453, 
          79.93500415262179
        ], 
        [
          -10.308189308828924, 
          12.98221706802368, 
          82.15604320072062
        ], 
        [
          -15.593591154810166, 
          4.360873008622701, 
          75.27612940764257
        ], 
        [
          -9.50974746757548, 
          2.403521422034474, 
          73.05509035954375
        ], 
        [
          -5.457164382714258, 
          4.730294429767222, 
          82.1053451025735
        ], 
        [
          -11.54100806994894, 
          6.6876460163554485, 
          84.32638415067233
        ]
      ], 
      "cuboid_centroid": [
        -9.908968388202203, 
        7.692869245029077, 
        77.60556678013218
      ], 
      "location": [
        -9.908968388202203, 
        7.692869245029077, 
        77.60556678013218
      ], 
      "pose_transform_permuted": [
        [
          0.18206261123309922, 
          0.9295819291538407, 
          -0.3205158398590149, 
          0.0
        ], 
        [
          -0.8991920610425123, 
          0.2892965529377524, 
          0.328269558191698, 
          0.0
        ], 
        [
          -0.39787767190471485, 
          -0.2284397402796589, 
          -0.8885429889772612, 
          0.0
        ], 
        [
          -9.908968388202203, 
          7.692869245029077, 
          77.60556678013218, 
          1.0
        ]
      ], 
      "projected_cuboid": [
        [
          375.9596520900632, 
          351.01987626594945
        ], 
        [
          418.8045153699852, 
          338.7288664243919
        ], 
        [
          453.1777164329201, 
          346.8435074894459
        ], 
        [
          414.12335587455453, 
          357.56117348743277
        ], 
        [
          370.1982458957, 
          304.18264001965764
        ], 
        [
          411.5951023511761, 
          290.83281759910034
        ], 
        [
          445.8543700097974, 
          304.01241399363136
        ], 
        [
          407.9980534252135, 
          315.5823463664604
        ]
      ], 
      "projected_cuboid_centroid": [
        412.93335239113475, 
        326.153335936442
      ], 
      "quaternion_xyzw": [
        0.2195927830481326, 
        0.7823278790221505, 
        0.5809983789672745, 
        -0.046721761706020944
      ], 
      "visibility": 0.8800383877159309
    }, 
    {
      "bounding_box": {
        "bottom_right": [
          354, 
          583
        ], 
        "top_left": [
          287, 
          507
        ]
      }, 
      "class": "010_potted_meat_can", 
      "cuboid": [
        [
          15.047019353045393, 
          9.979555909661679, 
          74.38915901579891
        ], 
        [
          6.040118975762105, 
          9.012040677067592, 
          69.77822824795908
        ], 
        [
          5.161928719751176, 
          1.3936169896828068, 
          73.09224745220979
        ], 
        [
          14.168829097034463, 
          2.3611322222768925, 
          77.70317822004962
        ], 
        [
          12.446776194428143, 
          12.278897739964608, 
          78.98594953550324
        ], 
        [
          3.439875817144855, 
          11.31138250737052, 
          74.3750187676634
        ], 
        [
          2.561685561133925, 
          3.6929588199857353, 
          77.68903797191412
        ], 
        [
          11.568585938417213, 
          4.660474052579821, 
          82.29996873975396
        ]
      ], 
      "cuboid_centroid": [
        8.80435245708966, 
        6.836257364823707, 
        76.03909849385651
      ], 
      "location": [
        8.80435245708966, 
        6.836257364823707, 
        76.03909849385651
      ], 
      "pose_transform_permuted": [
        [
          0.45142327550655686, 
          -0.399184367471449, 
          -0.798040070347076, 
          0.0
        ], 
        [
          0.8860960748560486, 
          0.09518384949913736, 
          0.45362194358457286, 
          0.0
        ], 
        [
          0.10511835866673458, 
          0.9119165103053624, 
          -0.39668426853569794, 
          0.0
        ], 
        [
          8.80435245708966, 
          6.836257364823707, 
          76.03909849385651, 
          1.0
        ]
      ], 
      "projected_cuboid": [
        [
          590.3729403665485, 
          344.83315402589875
        ], 
        [
          528.1468129236093, 
          342.1661569986417
        ], 
        [
          519.5750985859006, 
          283.4551024728175
        ], 
        [
          579.655946983662, 
          289.4922850492142
        ], 
        [
          566.3390822779047, 
          356.19465851413247
        ], 
        [
          506.46888051915477, 
          354.3968610963124
        ], 
        [
          499.3290729524144, 
          298.6379557613158
        ], 
        [
          557.1884617966634, 
          303.48730375525275
        ]
      ], 
      "projected_cuboid_centroid": [
        543.863245928114, 
        321.23437008984746
      ], 
      "quaternion_xyzw": [
        0.9481630470953408, 
        -0.002619409498722606, 
        0.23863122009017834, 
        0.20984487806323454
      ], 
      "visibility": 0.36239782016348776
    }, 
    {
      "bounding_box": {
        "bottom_right": [
          275, 
          539
        ], 
        "top_left": [
          231, 
          347
        ]
      }, 
      "class": "037_scissors", 
      "cuboid": [
        [
          -14.38761547241969, 
          -0.7849153431477603, 
          59.684671362604306
        ], 
        [
          5.537884632039012, 
          -1.6654752460818854, 
          63.24252029520559
        ], 
        [
          6.790414151668438, 
          -5.228087874721705, 
          55.34607070213613
        ], 
        [
          -13.135085952790265, 
          -4.3475279717875805, 
          51.78822176953485
        ], 
        [
          -14.214334220376507, 
          0.6434251462246656, 
          59.06773806674912
        ], 
        [
          5.711165884082196, 
          -0.23713475670945927, 
          62.6255869993504
        ], 
        [
          6.963695403711621, 
          -3.7997473853492796, 
          54.72913740628095
        ], 
        [
          -12.96180470074708, 
          -2.919187482415154, 
          51.17128847367967
        ]
      ], 
      "cuboid_centroid": [
        -3.711960034354035, 
        -2.2923313642485197, 
        57.20690438444262
      ], 
      "location": [
        -3.711960034354035, 
        -2.2923313642485197, 
        57.20690438444262
      ], 
      "pose_transform_permuted": [
        [
          -0.11068747986002493, 
          -0.912386119597447, 
          0.3940806691708946, 
          0.0
        ], 
        [
          -0.9834993507575756, 
          0.04346340560079972, 
          -0.1756112567796426, 
          0.0
        ], 
        [
          -0.14309716468754774, 
          0.4070161685205146, 
          0.902142049474961, 
          0.0
        ], 
        [
          -3.711960034354035, 
          -2.2923313642485197, 
          57.20690438444262, 
          1.0
        ]
      ], 
      "projected_cuboid": [
        [
          351.9634173346476, 
          266.27283221619786
        ], 
        [
          528.6868289144013, 
          259.2417061202739
        ], 
        [
          547.5753824889524, 
          222.90822546970205
        ], 
        [
          345.20357353436196, 
          228.5153192271623
        ], 
        [
          352.1870437457113, 
          279.09599068806506
        ], 
        [
          530.6386774940476, 
          271.2670980741496
        ], 
        [
          550.0217693130486, 
          236.25910090223223
        ], 
        [
          345.38021035215473, 
          242.86205781379488
        ]
      ], 
      "projected_cuboid_centroid": [
        446.70340437400284, 
        251.91594957386476
      ], 
      "quaternion_xyzw": [
        -0.08578440113152765, 
        -0.5436915794569978, 
        0.8343554680783521, 
        -0.02985351055354732
      ], 
      "visibility": 0.8164175190138998
    }, 
    {
      "bounding_box": {
        "bottom_right": [
          341, 
          501
        ], 
        "top_left": [
          294, 
          444
        ]
      }, 
      "class": "061_foam_brick", 
      "cuboid": [
        [
          2.8894572435207246, 
          7.423785894785773, 
          74.16530500771337
        ], 
        [
          -4.847128816532392, 
          8.035478949479657, 
          73.5213617634795
        ], 
        [
          -5.385259083523923, 
          3.3670976713466194, 
          75.55209153557021
        ], 
        [
          2.3513269765291924, 
          2.7554046166527355, 
          76.19603477980408
        ], 
        [
          2.6568901516212904, 
          9.540823895676166, 
          78.97046880217997
        ], 
        [
          -5.079695908431826, 
          10.15251695037005, 
          78.3265255579461
        ], 
        [
          -5.617826175423358, 
          5.484135672237011, 
          80.3572553300368
        ], 
        [
          2.118759884629758, 
          4.872442617543127, 
          81.00119857427067
        ]
      ], 
      "cuboid_centroid": [
        -1.3641844659513165, 
        6.453960783511392, 
        77.26128016887509
      ], 
      "location": [
        -1.3641844659513165, 
        6.453960783511392, 
        77.26128016887509
      ], 
      "pose_transform_permuted": [
        [
          0.04424792428514415, 
          -0.40278500456409067, 
          -0.9142244589239352, 
          0.0
        ], 
        [
          0.9934748811818264, 
          -0.07854907579578888, 
          0.08269040544334, 
          0.0
        ], 
        [
          0.10511794165228272, 
          0.9119179145021405, 
          -0.39668115099265144, 
          0.0
        ], 
        [
          -1.3641844659513165, 
          6.453960783511392, 
          77.26128016887509, 
          1.0
        ]
      ], 
      "projected_cuboid": [
        [
          502.54818818822537, 
          326.67066953118353
        ], 
        [
          446.1432716707826, 
          331.57542411093215
        ], 
        [
          443.2659189980394, 
          297.0547631897827
        ], 
        [
          498.19188333936137, 
          292.5724659941956
        ], 
        [
          499.6896541560504, 
          337.71958871964813
        ], 
        [
          446.72155712068644, 
          342.41428327001773
        ], 
        [
          444.00164896686226, 
          309.6839602024776
        ], 
        [
          495.6634390956304, 
          305.36716285553234
        ]
      ], 
      "projected_cuboid_centroid": [
        472.10189484039415, 
        317.8369734303659
      ], 
      "quaternion_xyzw": [
        0.9771920556635606, 
        -0.046988464648168055, 
        0.03247527673623146, 
        0.20453148153508724
      ], 
      "visibility": 0.024126455906821963
    }
  ]
}