{
  "camera_data": {
    "location_worldframe": [
      -8.58355208851123, 
      -2.2544985695711777, 
      78.42564680792127
    ], 
    "quaternion_xyzw_worldframe": [
      -0.8274746984826562, 
      -0.10578259580300804, 
      -0.2027723132584324, 
      0.5128147513508275
    ]
  }, 
  "objects": [
    {
      "bounding_box": {
        "bottom_right": [
          314, 
          669
        ], 
        "top_left": [
          211, 
          481
        ]
      }, 
      "class": "003_cracker_box", 
      "cuboid": [
        [
          1.5859642689275866, 
          7.046893770140948, 
          76.98990664390796
        ], 
        [
          6.770585680846561, 
          0.09105760723112974, 
          63.068191240374404
        ], 
        [
          26.102443600965884, 
          -2.713172170212742, 
          71.66872098324562
        ], 
        [
          20.917822189046912, 
          4.242663992697078, 
          85.59043638677917
        ], 
        [
          -0.44149339504038765, 
          0.6131753873600451, 
          79.44939454321288
        ], 
        [
          4.743128016878587, 
          -6.342660775549774, 
          65.52767913967931
        ], 
        [
          24.074985936997912, 
          -9.146890552993646, 
          74.12820888255052
        ], 
        [
          18.890364525078937, 
          -2.1910543900838264, 
          88.04992428608408
        ]
      ], 
      "cuboid_centroid": [
        12.83047510296275, 
        -1.0499983914263484, 
        75.55905776322925
      ], 
      "location": [
        12.83047510296275, 
        -1.0499983914263484, 
        75.55905776322925
      ], 
      "pose_transform_permuted": [
        [
          0.28237572596671034, 
          0.8960610775208888, 
          -0.34254706937423496, 
          0.0
        ], 
        [
          -0.3160660582411496, 
          0.42404325082020233, 
          0.8486987500059944, 
          0.0
        ], 
        [
          -0.9057406892773867, 
          0.13138442368081027, 
          -0.40295401350698307, 
          0.0
        ], 
        [
          12.83047510296275, 
          -1.0499983914263484, 
          75.55905776322925, 
          1.0
        ]
      ], 
      "projected_cuboid": [
        [
          492.6748136431383, 
          322.10133217940034
        ], 
        [
          539.3278726630236, 
          274.0565427045449
        ], 
        [
          677.4559424653697, 
          253.09658857201748
        ], 
        [
          613.0235763222614, 
          299.7228536218348
        ], 
        [
          478.6087611017069, 
          277.4025975672613
        ], 
        [
          520.5223540129892, 
          221.66460896726005
        ], 
        [
          656.2493554982055, 
          207.47871757714427
        ], 
        [
          596.9697784911283, 
          260.0152918844129
        ]
      ], 
      "projected_cuboid_centroid": [
        572.9132930885555, 
        265.8753192470695
      ], 
      "quaternion_xyzw": [
        0.5380207790629224, 
        0.6179054749584629, 
        0.5255719295557282, 
        -0.2291301206213433
      ], 
      "visibility": 0.9830598602248557
    }, 
    {
      "bounding_box": {
        "bottom_right": [
          333, 
          466
        ], 
        "top_left": [
          283, 
          410
        ]
      }, 
      "class": "005_tomato_soup_can", 
      "cuboid": [
        [
          -9.985907018951561, 
          8.930652524946256, 
          81.5893058303282
        ], 
        [
          -3.6628689761617954, 
          6.665333002613698, 
          80.77388503799035
        ], 
        [
          -1.5183260613995802, 
          9.183608777076385, 
          90.40734942072656
        ], 
        [
          -7.8413641041893465, 
          11.448928299408944, 
          91.22277021306442
        ], 
        [
          -11.928422390620257, 
          2.7736252031135993, 
          83.6312400237692
        ], 
        [
          -5.605384347830491, 
          0.5083056807810411, 
          82.81581923143133
        ], 
        [
          -3.460841433068276, 
          3.0265814552437287, 
          92.44928361416754
        ], 
        [
          -9.783879475858043, 
          5.2919009775762875, 
          93.26470440650539
        ]
      ], 
      "cuboid_centroid": [
        -6.723374226009919, 
        5.978616990094992, 
        87.01929472224788
      ], 
      "location": [
        -6.723374226009919, 
        5.978616990094992, 
        87.01929472224788
      ], 
      "pose_transform_permuted": [
        [
          0.2868705701762172, 
          0.9092694782061814, 
          -0.30155273666201565, 
          0.0
        ], 
        [
          -0.9345449853808876, 
          0.3348142120219265, 
          0.12051918829171429, 
          0.0
        ], 
        [
          -0.2105486116775224, 
          -0.2472412486989316, 
          -0.9458018011520496, 
          0.0
        ], 
        [
          -6.723374226009919, 
          5.978616990094992, 
          87.01929472224788, 
          1.0
        ]
      ], 
      "projected_cuboid": [
        [
          415.7788662738953, 
          331.6629616264103
        ], 
        [
          457.2109802577274, 
          317.29522491012403
        ], 
        [
          472.5657112788777, 
          327.4613195271753
        ], 
        [
          435.3717302362654, 
          340.22089717855
        ], 
        [
          404.89515306067517, 
          290.9740508866261
        ], 
        [
          445.19853998282343, 
          276.55993884027487
        ], 
        [
          461.465858553997, 
          290.7462207073784
        ], 
        [
          425.1832481410967, 
          303.54744366385444
        ]
      ], 
      "projected_cuboid_centroid": [
        440.0477926095022, 
        309.9279923999597
      ], 
      "quaternion_xyzw": [
        0.17303642427039473, 
        0.787930671243009, 
        0.5885896269375268, 
        0.052781097359134846
      ], 
      "visibility": 0.9095193213949104
    }, 
    {
      "bounding_box": {
        "bottom_right": [
          328, 
          587
        ], 
        "top_left": [
          270, 
          520
        ]
      }, 
      "class": "010_potted_meat_can", 
      "cuboid": [
        [
          18.42439248087635, 
          7.212299844324615, 
          89.12762223153182
        ], 
        [
          10.563551480006234, 
          6.404783507989756, 
          82.7341788085389
        ], 
        [
          8.666442449711292, 
          -1.043758057252265, 
          86.00748398380688
        ], 
        [
          16.527283450581407, 
          -0.23624172091740656, 
          92.40092740679977
        ], 
        [
          15.014884015170942, 
          9.78036435578811, 
          92.99531108998528
        ], 
        [
          7.154043014300829, 
          8.972848019453252, 
          86.60186766699238
        ], 
        [
          5.256933984005885, 
          1.5243064542112308, 
          89.87517284226034
        ], 
        [
          13.117774984875998, 
          2.331822790546089, 
          96.26861626525324
        ]
      ], 
      "cuboid_centroid": [
        11.840663232441118, 
        4.3683031492679225, 
        89.50139753689608
      ], 
      "location": [
        11.840663232441118, 
        4.3683031492679225, 
        89.50139753689608
      ], 
      "pose_transform_permuted": [
        [
          0.591918288239837, 
          -0.44583680169876017, 
          -0.6714621158937096, 
          0.0
        ], 
        [
          0.7733471076805075, 
          0.07944320754486675, 
          0.6289849875787122, 
          0.0
        ], 
        [
          0.2270817583222681, 
          0.8915818166279517, 
          -0.39181084632213675, 
          0.0
        ], 
        [
          11.840663232441118, 
          4.3683031492679225, 
          89.50139753689608, 
          1.0
        ]
      ], 
      "projected_cuboid": [
        [
          592.7632270184145, 
          316.4433130683814
        ], 
        [
          550.2591138475057, 
          314.57293883744984
        ], 
        [
          535.7842246500545, 
          266.8143499084752
        ], 
        [
          577.7841811010915, 
          271.92299824581534
        ], 
        [
          568.4236441376695, 
          329.37603088547655
        ], 
        [
          526.0209022084994, 
          328.5439555696331
        ], 
        [
          513.0516950252684, 
          282.33177769643214
        ], 
        [
          554.8739858749167, 
          286.20462911984384
        ]
      ], 
      "projected_cuboid_centroid": [
        552.7410155638277, 
        299.3163171675354
      ], 
      "quaternion_xyzw": [
        0.9132895269576579, 
        -0.040413950455890385, 
        0.3342048824006589, 
        0.2292941130101595
      ], 
      "visibility": 0.3717733825008381
    }, 
    {
      "bounding_box": {
        "bottom_right": [
          257, 
          575
        ], 
        "top_left": [
          215, 
          430
        ]
      }, 
      "class": "037_scissors", 
      "cuboid": [
        [
          -7.679583697238629, 
          -3.004594717680976, 
          68.81284769240142
        ], 
        [
          10.982298056100648, 
          -4.488309396536206, 
          76.55829728288894
        ], 
        [
          13.718245779778387, 
          -8.393729296318758, 
          69.21818552795914
        ], 
        [
          -4.94363597356089, 
          -6.910014617463528, 
          61.47273593747161
        ], 
        [
          -7.316400991313224, 
          -1.6082607501620148, 
          68.20527925124067
        ], 
        [
          11.345480762026053, 
          -3.0919754290172445, 
          75.95072884172819
        ], 
        [
          14.081428485703793, 
          -6.997395328799796, 
          68.61061708679837
        ], 
        [
          -4.580453267635485, 
          -5.513680649944567, 
          60.86516749631086
        ]
      ], 
      "cuboid_centroid": [
        3.200922394232581, 
        -5.000995023240386, 
        68.7117323895999
      ], 
      "location": [
        3.200922394232581, 
        -5.000995023240386, 
        68.7117323895999
      ], 
      "pose_transform_permuted": [
        [
          -0.23199150498756363, 
          -0.8919412001311336, 
          0.38809864772795627, 
          0.0
        ], 
        [
          -0.9211286287472797, 
          0.0732344189964433, 
          -0.38230632122831437, 
          0.0
        ], 
        [
          -0.31257256284663554, 
          0.44618071336039494, 
          0.8385823760313077, 
          0.0
        ], 
        [
          3.200922394232581, 
          -5.000995023240386, 
          68.7117323895999, 
          1.0
        ]
      ], 
      "projected_cuboid": [
        [
          421.58205849875475, 
          250.00005506192684
        ], 
        [
          558.7393898968861, 
          242.0201255681746
        ], 
        [
          588.175693096474, 
          208.61364637904055
        ], 
        [
          438.35009948369776, 
          213.33726031725746
        ], 
        [
          423.9109598162631, 
          260.71101652146973
        ], 
        [
          561.9279811643278, 
          251.5749484795724
        ], 
        [
          591.9660743906704, 
          218.89484004176924
        ], 
        [
          441.12723958180106, 
          224.9739482535671
        ]
      ], 
      "projected_cuboid_centroid": [
        506.64869898008686, 
        234.470334569291
      ], 
      "quaternion_xyzw": [
        -0.18503591248970488, 
        -0.5212602020304659, 
        0.829971082302816, 
        -0.07209231410392362
      ], 
      "visibility": 0.7891472868217054
    }, 
    {
      "bounding_box": {
        "bottom_right": [
          321, 
          520
        ], 
        "top_left": [
          278, 
          463
        ]
      }, 
      "class": "061_foam_brick", 
      "cuboid": [
        [
          6.488395068046658, 
          5.103212377823537, 
          86.3940470259908
        ], 
        [
          -0.9016637313676183, 
          5.976851971313202, 
          84.09896969364443
        ], 
        [
          -2.0641704634545133, 
          1.4125799760380717, 
          86.10476893597423
        ], 
        [
          5.325888335959764, 
          0.5389403825484071, 
          88.3998462683206
        ], 
        [
          5.338339653892113, 
          7.409255294250147, 
          90.9749939862899
        ], 
        [
          -2.051719145522164, 
          8.282894887739813, 
          88.67991665394352
        ], 
        [
          -3.2142258776090586, 
          3.7186228924646825, 
          90.68571589627332
        ], 
        [
          4.175832921805219, 
          2.844983298975018, 
          92.98079322861969
        ]
      ], 
      "cuboid_centroid": [
        1.6370845952188, 
        4.41091763514411, 
        88.53988146113207
      ], 
      "location": [
        1.6370845952188, 
        4.41091763514411, 
        88.53988146113207
      ], 
      "pose_transform_permuted": [
        [
          0.21880810596898637, 
          -0.4387448436103776, 
          -0.8715652442402522, 
          0.0
        ], 
        [
          0.9489764258661144, 
          -0.11218630344195057, 
          0.2947167733102508, 
          0.0
        ], 
        [
          0.22708314757515585, 
          0.8915812893535485, 
          -0.39181124098476827, 
          0.0
        ], 
        [
          1.6370845952188, 
          4.41091763514411, 
          88.53988146113207, 
          1.0
        ]
      ], 
      "projected_cuboid": [
        [
          521.9844050586784, 
          304.7892073419283
        ], 
        [
          475.8314537559361, 
          311.18916881779484
        ], 
        [
          468.7053719871812, 
          282.03583924925135
        ], 
        [
          513.9961199124757, 
          276.5379854930337
        ], 
        [
          513.1526302059423, 
          316.72156085962956
        ], 
        [
          469.1552359100493, 
          323.09973374951414
        ], 
        [
          462.53679037550563, 
          295.15563160196035
        ], 
        [
          505.7484299656729, 
          289.60480387757093
        ]
      ], 
      "projected_cuboid_centroid": [
        491.5402176094557, 
        299.8556807875503
      ], 
      "quaternion_xyzw": [
        0.963343521213995, 
        -0.08804477415012943, 
        0.13326629285680427, 
        0.21553995701047748
      ], 
      "visibility": 0.37236180904522614
    }
  ]
}