{
  "camera_data": {
    "location_worldframe": [
      -22.568583755888703, 
      11.543787410796952, 
      77.4416015342585
    ], 
    "quaternion_xyzw_worldframe": [
      0.9359334734261889, 
      0.03898306562984627, 
      -0.12471206387636202, 
      -0.32704108318795205
    ]
  }, 
  "objects": [
    {
      "bounding_box": {
        "bottom_right": [
          436, 
          515
        ], 
        "top_left": [
          291, 
          307
        ]
      }, 
      "class": "003_cracker_box", 
      "cuboid": [
        [
          -17.583642112228148, 
          18.865063658369348, 
          66.78583079304704
        ], 
        [
          -19.101996982798475, 
          6.1223813591846445, 
          56.56835742649422
        ], 
        [
          1.762692335384343, 
          7.146836498663712, 
          52.19014106942621
        ], 
        [
          3.281047205954672, 
          19.889518797848414, 
          62.40761443597902
        ], 
        [
          -16.22485634845452, 
          14.356827846556147, 
          72.2063389471036
        ], 
        [
          -17.743211219024847, 
          1.6141455473714457, 
          61.98886558055079
        ], 
        [
          3.121478099157972, 
          2.6386006868505105, 
          57.61064922348277
        ], 
        [
          4.639832969728301, 
          15.381282986035213, 
          67.82812259003559
        ]
      ], 
      "cuboid_centroid": [
        -7.231082006535088, 
        10.751832172609928, 
        62.198240008264904
      ], 
      "location": [
        -7.231082006535088, 
        10.751832172609928, 
        62.198240008264904
      ], 
      "pose_transform_permuted": [
        [
          -0.18924593262671963, 
          0.6278880110859777, 
          -0.754945443405507, 
          0.0
        ], 
        [
          0.09256229159744761, 
          0.7768222683460847, 
          0.6228799126443809, 
          0.0
        ], 
        [
          -0.9775572613194949, 
          -0.04799800971017082, 
          0.205129207831041, 
          0.0
        ], 
        [
          -7.231082006535088, 
          10.751832172609928, 
          62.198240008264904, 
          1.0
        ]
      ], 
      "projected_cuboid": [
        [
          340.01239585751495, 
          423.9338798997468
        ], 
        [
          300.00497215367454, 
          331.0076036626861
        ], 
        [
          499.7597429999591, 
          346.3184896941031
        ], 
        [
          509.8697269288256, 
          443.2573014949944
        ], 
        [
          360.7608092160502, 
          379.3267770301753
        ], 
        [
          327.6716751644258, 
          287.1737969664068
        ], 
        [
          510.7343662393857, 
          297.7128799413626
        ], 
        [
          518.3832151020559, 
          394.22663063785245
        ]
      ], 
      "projected_cuboid_centroid": [
        419.0773625599879, 
        365.47825678023855
      ], 
      "quaternion_xyzw": [
        0.6707290297304835, 
        0.6539077078453481, 
        0.16162785595842882, 
        -0.31048947562764156
      ], 
      "visibility": 0.9682978377499594
    }, 
    {
      "bounding_box": {
        "bottom_right": [
          463, 
          394
        ], 
        "top_left": [
          388, 
          313
        ]
      }, 
      "class": "005_tomato_soup_can", 
      "cuboid": [
        [
          -24.888754573382926, 
          22.952002110626655, 
          76.19552316751405
        ], 
        [
          -19.66507760282325, 
          20.411056963714408, 
          72.72649010842798
        ], 
        [
          -13.419242957344727, 
          27.05404851032018, 
          77.26572199234998
        ], 
        [
          -18.642919927904405, 
          29.594993657232425, 
          80.73475505143605
        ], 
        [
          -23.75771782827074, 
          18.4931758995158, 
          81.1645745218093
        ], 
        [
          -18.53404085771106, 
          15.952230752603553, 
          77.69554146272323
        ], 
        [
          -12.288206212232538, 
          22.595222299209325, 
          82.23477334664521
        ], 
        [
          -17.511883182792214, 
          25.136167446121572, 
          85.70380640573129
        ]
      ], 
      "cuboid_centroid": [
        -18.588480392807732, 
        22.77361220491799, 
        79.21514825707963
      ], 
      "location": [
        -18.588480392807732, 
        22.77361220491799, 
        79.21514825707963
      ], 
      "pose_transform_permuted": [
        [
          -0.16703144834414468, 
          0.6584792255204813, 
          -0.7338292484229046, 
          0.0
        ], 
        [
          -0.7720594253980336, 
          0.37555167770697817, 
          0.5127230656450438, 
          0.0
        ], 
        [
          -0.6132084391133228, 
          -0.6522008199954564, 
          -0.4456562583398288, 
          0.0
        ], 
        [
          -18.588480392807732, 
          22.77361220491799, 
          79.21514825707963, 
          1.0
        ]
      ], 
      "projected_cuboid": [
        [
          305.94007376040804, 
          433.9357689299734
        ], 
        [
          336.18690113292047, 
          422.96537406635144
        ], 
        [
          388.20007723336727, 
          460.02463480585175
        ], 
        [
          357.4189314724948, 
          468.7858575888605
        ], 
        [
          324.18793009118593, 
          394.8022721591616
        ], 
        [
          353.31505844349994, 
          382.7862196293229
        ], 
        [
          401.2398810745096, 
          419.82399467846017
        ], 
        [
          371.71559411534486, 
          429.704448773192
        ]
      ], 
      "projected_cuboid_centroid": [
        355.4063578417087, 
        426.61091640728375
      ], 
      "quaternion_xyzw": [
        0.2781946207244588, 
        0.8885507151840568, 
        0.3106562925987845, 
        -0.1912537186603869
      ], 
      "visibility": 0.5134099616858238
    }, 
    {
      "bounding_box": {
        "bottom_right": [
          487, 
          508
        ], 
        "top_left": [
          397, 
          419
        ]
      }, 
      "class": "010_potted_meat_can", 
      "cuboid": [
        [
          2.411628323107562, 
          24.22118237679835, 
          65.24105955003427
        ], 
        [
          -7.1246207951665195, 
          20.736853252509864, 
          65.73139207523663
        ], 
        [
          -4.96133745915111, 
          15.703771967088512, 
          72.03873849626505
        ], 
        [
          4.5749116591229715, 
          19.188101091376996, 
          71.54840597106268
        ], 
        [
          1.0883227147818086, 
          28.373033851028328, 
          69.00798296596244
        ], 
        [
          -8.447926403492273, 
          24.888704726739846, 
          69.49831549116482
        ], 
        [
          -6.284643067476864, 
          19.855623441318492, 
          75.80566191219323
        ], 
        [
          3.2516060507972178, 
          23.33995256560698, 
          75.31532938699087
        ]
      ], 
      "cuboid_centroid": [
        -1.9365073721846509, 
        22.038402909058423, 
        70.52336073111375
      ], 
      "location": [
        -1.9365073721846509, 
        22.038402909058423, 
        70.52336073111375
      ], 
      "pose_transform_permuted": [
        [
          0.22973657299199532, 
          -0.7207950478409503, 
          -0.653968418824694, 
          0.0
        ], 
        [
          0.9381732403596169, 
          0.34278722215309937, 
          -0.04823876225520383, 
          0.0
        ], 
        [
          -0.2589425150832093, 
          0.6024540128274507, 
          -0.7549820768140676, 
          0.0
        ], 
        [
          -1.9365073721846509, 
          22.038402909058423, 
          70.52336073111375, 
          1.0
        ]
      ], 
      "projected_cuboid": [
        [
          501.47545467802485, 
          471.2850220373184
        ], 
        [
          423.3088664185454, 
          441.53749971751307
        ], 
        [
          444.5610406947574, 
          389.5452245509756
        ], 
        [
          515.9825014860063, 
          416.31404414331683
        ], 
        [
          490.0781284116807, 
          492.5639887394857
        ], 
        [
          416.2287099901483, 
          464.27870141339724
        ], 
        [
          437.0139229244426, 
          412.9778558884412
        ], 
        [
          504.81407882877716, 
          438.56037897553546
        ]
      ], 
      "projected_cuboid_centroid": [
        466.8305580664947, 
        439.94779364719557
      ], 
      "quaternion_xyzw": [
        0.8936715940450051, 
        0.16833077756022016, 
        0.05077307255433792, 
        0.41284100739267143
      ], 
      "visibility": 0.6131412508784259
    }, 
    {
      "bounding_box": {
        "bottom_right": [
          331, 
          412
        ], 
        "top_left": [
          273, 
          253
        ]
      }, 
      "class": "037_scissors", 
      "cuboid": [
        [
          -26.81377220989589, 
          6.401032549536671, 
          70.41905612911637
        ], 
        [
          -7.28802352217664, 
          8.215332945338197, 
          65.32860610574167
        ], 
        [
          -8.02505840553985, 
          1.2859946865977645, 
          60.03181405848932
        ], 
        [
          -27.550807093259106, 
          -0.5283057092037607, 
          65.12226408186402
        ], 
        [
          -27.210001059343412, 
          7.347177185113453, 
          69.236430801779
        ], 
        [
          -7.6842523716241615, 
          9.161477580914978, 
          64.1459807784043
        ], 
        [
          -8.421287254987373, 
          2.2321393221745462, 
          58.84918873115195
        ], 
        [
          -27.947035942706627, 
          0.4178389263730209, 
          63.93963875452664
        ]
      ], 
      "cuboid_centroid": [
        -17.617529732441632, 
        4.316585935855609, 
        64.63412243013416
      ], 
      "location": [
        -17.617529732441632, 
        4.316585935855609, 
        64.63412243013416
      ], 
      "pose_transform_permuted": [
        [
          0.25310050727388145, 
          -0.6043721640987216, 
          0.7554297741857692, 
          0.0
        ], 
        [
          -0.9637680889690852, 
          -0.0895517428418636, 
          0.25125865181836066, 
          0.0
        ], 
        [
          0.08420368576725953, 
          0.7916529250983808, 
          0.6051401679743337, 
          0.0
        ], 
        [
          -17.617529732441632, 
          4.316585935855609, 
          64.63412243013416, 
          1.0
        ]
      ], 
      "projected_cuboid": [
        [
          276.8303103664103, 
          321.76483631199636
        ], 
        [
          421.60440976664887, 
          340.35360405243273
        ], 
        [
          409.70872591505093, 
          284.7112493777693
        ], 
        [
          254.0891203861706, 
          268.95997187394715
        ], 
        [
          270.255159569601, 
          329.8809266359783
        ], 
        [
          417.17659600474605, 
          349.4564763843462
        ], 
        [
          404.6433273955897, 
          293.5152554633449
        ], 
        [
          246.54866051197646, 
          276.7717262994591
        ]
      ], 
      "projected_cuboid_centroid": [
        335.01700865088566, 
        308.9042539103767
      ], 
      "quaternion_xyzw": [
        0.13458719137292197, 
        -0.32275584723713485, 
        0.9368632221745653, 
        -0.0014271178940589158
      ], 
      "visibility": 0.6806858621805241
    }, 
    {
      "bounding_box": {
        "bottom_right": [
          455, 
          439
        ], 
        "top_left": [
          400, 
          371
        ]
      }, 
      "class": "061_foam_brick", 
      "cuboid": [
        [
          -8.092591249772497, 
          21.381400267158085, 
          71.23984770449438
        ], 
        [
          -15.483922383915774, 
          21.274240111304778, 
          73.68940601692645
        ], 
        [
          -14.15831668527789, 
          18.190098160191678, 
          77.55438587543206
        ], 
        [
          -6.766985551134612, 
          18.29725831604499, 
          75.10482756299999
        ], 
        [
          -7.151161630002056, 
          25.57587270391307, 
          74.26402489662824
        ], 
        [
          -14.542492764145337, 
          25.468712548059756, 
          76.71358320906032
        ], 
        [
          -13.216887065507452, 
          22.384570596946663, 
          80.57856306756592
        ], 
        [
          -5.825555931364174, 
          22.49173075279997, 
          78.12900475513386
        ]
      ], 
      "cuboid_centroid": [
        -10.654739157639973, 
        21.882985432052372, 
        75.90920538603015
      ], 
      "location": [
        -10.654739157639973, 
        21.882985432052372, 
        75.90920538603015
      ], 
      "pose_transform_permuted": [
        [
          -0.17911522303167143, 
          -0.7980350843356351, 
          -0.5753761735141023, 
          0.0
        ], 
        [
          0.9491398096356359, 
          0.013760710767956208, 
          -0.31455407262343527, 
          0.0
        ], 
        [
          -0.25894277098066165, 
          0.6024538546715229, 
          -0.7549821152506067, 
          0.0
        ], 
        [
          -10.654739157639973, 
          21.882985432052372, 
          75.90920538603015, 
          1.0
        ]
      ], 
      "projected_cuboid": [
        [
          420.5090049783248, 
          433.3531277556966
        ], 
        [
          368.59987231678394, 
          427.25668758255637
        ], 
        [
          383.42295322037444, 
          398.37469978079
        ], 
        [
          433.1442404863809, 
          403.2154186529522
        ], 
        [
          429.8137538937344, 
          456.95708086778615
        ], 
        [
          379.65385369395915, 
          450.34726949518256
        ], 
        [
          393.39040444322734, 
          421.44169744014175
        ], 
        [
          441.49961268286665, 
          426.81825782703714
        ]
      ], 
      "projected_cuboid_centroid": [
        406.1156395596715, 
        427.0310622431818
      ], 
      "quaternion_xyzw": [
        0.8841620097331232, 
        0.07710789390027376, 
        -0.13958677544970427, 
        0.4391212194400343
      ], 
      "visibility": 0.4713291349022207
    }
  ]
}