{
  "camera_data": {
    "location_worldframe": [
      -20.562632747281558, 
      15.050497441199335, 
      70.98672539470931
    ], 
    "quaternion_xyzw_worldframe": [
      0.9015715888610137, 
      0.016163863705185428, 
      -0.0656727837763106, 
      -0.4273131412580244
    ]
  }, 
  "objects": [
    {
      "bounding_box": {
        "bottom_right": [
          474, 
          545
        ], 
        "top_left": [
          355, 
          317
        ]
      }, 
      "class": "003_cracker_box", 
      "cuboid": [
        [
          -13.974555545427265, 
          23.785557214884705, 
          62.48413900486962
        ], 
        [
          -15.771579197019678, 
          13.636703014297973, 
          49.722885927761304
        ], 
        [
          5.404031936342261, 
          13.204546118647139, 
          47.084651538520156
        ], 
        [
          7.201055587934674, 
          23.35340031923387, 
          59.84590461562848
        ], 
        [
          -13.538559325209187, 
          18.146608289273082, 
          66.90732336065243
        ], 
        [
          -15.335582976801598, 
          7.997754088686356, 
          54.14607028354411
        ], 
        [
          5.840028156560341, 
          7.5655971930355195, 
          51.507835894302964
        ], 
        [
          7.637051808152753, 
          17.714451393622248, 
          64.26908897141128
        ]
      ], 
      "cuboid_centroid": [
        -4.067263694433462, 
        15.675577203960112, 
        56.995987449586295
      ], 
      "location": [
        -4.067263694433462, 
        15.675577203960112, 
        56.995987449586295
      ], 
      "pose_transform_permuted": [
        [
          -0.06072370900306323, 
          0.7853689499204922, 
          -0.6160424041132999, 
          0.0
        ], 
        [
          0.10955056059044166, 
          0.6186967355937215, 
          0.7779543842925445, 
          0.0
        ], 
        [
          -0.9921246422900858, 
          0.020247515068657573, 
          0.12360716926745505, 
          0.0
        ], 
        [
          -4.067263694433462, 
          15.675577203960112, 
          56.995987449586295, 
          1.0
        ]
      ], 
      "projected_cuboid": [
        [
          361.3263370893905, 
          476.30291399882935
        ], 
        [
          311.02394893410786, 
          419.5515954437091
        ], 
        [
          543.3176899859925, 
          422.8521140630543
        ], 
        [
          546.3043972156388, 
          481.4014591924378
        ], 
        [
          372.7816257033657, 
          417.9335075909933
        ], 
        [
          329.28823719460524, 
          352.0615784330753
        ], 
        [
          542.5694813908141, 
          351.62182563961403
        ], 
        [
          545.4991988993588, 
          420.28510268109403
        ]
      ], 
      "projected_cuboid_centroid": [
        443.2219454592123, 
        419.965149485056
      ], 
      "quaternion_xyzw": [
        0.6606512846752814, 
        0.6095581039683994, 
        0.2714104596201645, 
        -0.34396970848044317
      ], 
      "visibility": 0.9570247933884297
    }, 
    {
      "bounding_box": {
        "bottom_right": [
          483, 
          410
        ], 
        "top_left": [
          417, 
          325
        ]
      }, 
      "class": "005_tomato_soup_can", 
      "cuboid": [
        [
          -21.672483272268902, 
          26.659377698216986, 
          72.02849958444588
        ], 
        [
          -16.42336332339048, 
          24.31254462485409, 
          68.46247827415326
        ], 
        [
          -10.008256894198492, 
          29.15721021429774, 
          74.71707962288441
        ], 
        [
          -15.257376843076914, 
          31.50404328766064, 
          78.28310093317705
        ], 
        [
          -21.41723934913774, 
          21.1856315388305, 
          76.00653932577738
        ], 
        [
          -16.168119400259318, 
          18.838798465467605, 
          72.44051801548474
        ], 
        [
          -9.75301297106733, 
          23.68346405491126, 
          78.69511936421591
        ], 
        [
          -15.002132919945751, 
          26.030297128274153, 
          82.26114067450855
        ]
      ], 
      "cuboid_centroid": [
        -15.712748121668115, 
        25.17142087656412, 
        75.3618094743309
      ], 
      "location": [
        -15.712748121668115, 
        25.17142087656412, 
        75.3618094743309
      ], 
      "pose_transform_permuted": [
        [
          -0.0376944094397308, 
          0.8083625512801832, 
          -0.587476704392356, 
          0.0
        ], 
        [
          -0.7758198974432794, 
          0.34686191438279684, 
          0.5270579286005673, 
          0.0
        ], 
        [
          -0.6298273366936492, 
          -0.4756433675808851, 
          -0.6140691433622923, 
          0.0
        ], 
        [
          -15.712748121668115, 
          25.17142087656412, 
          75.3618094743309, 
          1.0
        ]
      ], 
      "projected_cuboid": [
        [
          319.790537687742, 
          470.6801847135336
        ], 
        [
          352.5936489876751, 
          462.68015171002645
        ], 
        [
          409.5642692967063, 
          481.4064387646027
        ], 
        [
          376.7868587939128, 
          487.914254999479
        ], 
        [
          330.06509849484456, 
          421.94101273759117
        ], 
        [
          361.5726257739902, 
          411.98102030002866
        ], 
        [
          414.9497409929949, 
          433.79020428068924
        ], 
        [
          383.52394236734574, 
          442.0474754112051
        ]
      ], 
      "projected_cuboid_centroid": [
        369.474621144239, 
        451.4193586150368
      ], 
      "quaternion_xyzw": [
        0.28983331745403157, 
        0.8424577095345084, 
        0.42210774456216504, 
        -0.16759070860433647
      ], 
      "visibility": 0.250688016012009
    }, 
    {
      "bounding_box": {
        "bottom_right": [
          509, 
          533
        ], 
        "top_left": [
          422, 
          447
        ]
      }, 
      "class": "010_potted_meat_can", 
      "cuboid": [
        [
          6.4953608918094625, 
          27.087485862620003, 
          63.46620503664272
        ], 
        [
          -3.3331857612023987, 
          24.658281897218764, 
          62.560853468759994
        ], 
        [
          -2.2284851766184146, 
          18.238987038879067, 
          67.79216411070375
        ], 
        [
          7.600061476393447, 
          20.668191004280303, 
          68.69751567858648
        ], 
        [
          5.239163326414756, 
          30.507234153003694, 
          67.92782018428538
        ], 
        [
          -4.589383326597106, 
          28.078030187602455, 
          67.02246861640265
        ], 
        [
          -3.484682742013121, 
          21.658735329262758, 
          72.25377925834641
        ], 
        [
          6.34386391099874, 
          24.087939294663997, 
          73.15913082622913
        ]
      ], 
      "cuboid_centroid": [
        1.505339074898171, 
        24.37311059594138, 
        67.85999214749457
      ], 
      "location": [
        1.505339074898171, 
        24.37311059594138, 
        67.85999214749457
      ], 
      "pose_transform_permuted": [
        [
          0.21808607313302156, 
          -0.5936960047512966, 
          -0.7745725307742216, 
          0.0
        ], 
        [
          0.966929381470547, 
          0.23898433518768822, 
          0.08906820738119811, 
          0.0
        ], 
        [
          -0.13223138320519603, 
          0.7683821753746249, 
          -0.6261818376974851, 
          0.0
        ], 
        [
          1.505339074898171, 
          24.37311059594138, 
          67.85999214749457, 
          1.0
        ]
      ], 
      "projected_cuboid": [
        [
          536.6337830361126, 
          500.90825667512604
        ], 
        [
          452.94548800455675, 
          483.4937825118856
        ], 
        [
          463.9195224787993, 
          416.7722799199061
        ], 
        [
          541.090335425315, 
          433.73995325304827
        ], 
        [
          523.0739413687088, 
          512.8070372120056
        ], 
        [
          444.773519215219, 
          496.71255712174184
        ], 
        [
          455.66158156161583, 
          433.1539915095807
        ], 
        [
          528.2283194673649, 
          448.88416467544016
        ]
      ], 
      "projected_cuboid_centroid": [
        493.52629520525346, 
        464.83765333315716
      ], 
      "quaternion_xyzw": [
        0.9367342322691363, 
        0.09907178194333058, 
        0.08197476667692925, 
        0.32556668701371166
      ], 
      "visibility": 0.3633371729471779
    }, 
    {
      "bounding_box": {
        "bottom_right": [
          386, 
          430
        ], 
        "top_left": [
          338, 
          239
        ]
      }, 
      "class": "037_scissors", 
      "cuboid": [
        [
          -24.63011376057922, 
          11.947906810844291, 
          62.76384833140093
        ], 
        [
          -4.643638297855116, 
          12.577790849586737, 
          59.5075814722022
        ], 
        [
          -5.556155594019072, 
          6.996349584791556, 
          52.82702904691453
        ], 
        [
          -25.542631056743176, 
          6.366465546049111, 
          56.083295906113264
        ], 
        [
          -24.827706141843073, 
          13.15285613145699, 
          61.78413203417682
        ], 
        [
          -4.8412306791189685, 
          13.782740170199434, 
          58.52786517497809
        ], 
        [
          -5.753747975282924, 
          8.201298905404252, 
          51.847312749690424
        ], 
        [
          -25.740223438007025, 
          7.571414866661808, 
          55.103579608889156
        ]
      ], 
      "cuboid_centroid": [
        -15.191930867931072, 
        10.074602858124273, 
        57.30558054054568
      ], 
      "location": [
        -15.191930867931072, 
        10.074602858124273, 
        57.30558054054568
      ], 
      "pose_transform_permuted": [
        [
          0.1262167860847783, 
          -0.7696897505359078, 
          0.6258168534614832, 
          0.0
        ], 
        [
          -0.986509023034399, 
          -0.031090338506341, 
          0.16072551881389072, 
          0.0
        ], 
        [
          0.10425194437576417, 
          0.6376603563791224, 
          0.7632300042621106, 
          0.0
        ], 
        [
          -15.191930867931072, 
          10.074602858124273, 
          57.30558054054568, 
          1.0
        ]
      ], 
      "projected_cuboid": [
        [
          270.56493376217134, 
          374.8107887966806
        ], 
        [
          439.6329776997898, 
          386.01137080376975
        ], 
        [
          425.0369973067776, 
          343.9187562151536
        ], 
        [
          236.6772996556175, 
          333.82792907543234
        ], 
        [
          265.49875115543904, 
          386.82176974059325
        ], 
        [
          437.11501507365404, 
          398.8780869052033
        ], 
        [
          421.91878561191834, 
          357.6479654445834
        ], 
        [
          230.39440542352835, 
          346.56642014815554
        ]
      ], 
      "projected_cuboid_centroid": [
        339.03374970211206, 
        367.0467432917731
      ], 
      "quaternion_xyzw": [
        0.07958364497617458, 
        -0.42515634488226334, 
        0.9013859097072413, 
        0.0202914215436275
      ], 
      "visibility": 0.7607615894039735
    }, 
    {
      "bounding_box": {
        "bottom_right": [
          477, 
          458
        ], 
        "top_left": [
          424, 
          390
        ]
      }, 
      "class": "061_foam_brick", 
      "cuboid": [
        [
          -4.724604457241711, 
          24.272544605281677, 
          68.00243055567256
        ], 
        [
          -12.282247632972858, 
          24.49165736474398, 
          69.86726684514373
        ], 
        [
          -11.605311125844905, 
          20.558078930989637, 
          73.07287895835253
        ], 
        [
          -4.047667950113759, 
          20.338966171527336, 
          71.20804266888138
        ], 
        [
          -3.6648791291838845, 
          27.633086750541924, 
          71.90233762637354
        ], 
        [
          -11.222522304915032, 
          27.852199510004226, 
          73.7671739158447
        ], 
        [
          -10.545585797787078, 
          23.918621076249885, 
          76.97278602905352
        ], 
        [
          -2.987942622055932, 
          23.699508316787583, 
          75.10794973958235
        ]
      ], 
      "cuboid_centroid": [
        -7.635095127514395, 
        24.09558284076578, 
        72.48760829236303
      ], 
      "location": [
        -7.635095127514395, 
        24.09558284076578, 
        72.48760829236303
      ], 
      "pose_transform_permuted": [
        [
          -0.2016220166661779, 
          -0.63937254916878, 
          -0.7419914458838993, 
          0.0
        ], 
        [
          0.9704963659348983, 
          -0.02813683205777423, 
          -0.2394684162659212, 
          0.0
        ], 
        [
          -0.13223224305221226, 
          0.7683821068004958, 
          -0.6261817402689189, 
          0.0
        ], 
        [
          -7.635095127514395, 
          24.09558284076578, 
          72.48760829236303, 
          1.0
        ]
      ], 
      "projected_cuboid": [
        [
          444.23484168783096, 
          463.64772456864057
        ], 
        [
          387.06137115592026, 
          460.2393284188596
        ], 
        [
          396.19029674233434, 
          423.3288825909008
        ], 
        [
          451.0290307509153, 
          425.61720954855724
        ], 
        [
          454.18711012247854, 
          478.2488075547896
        ], 
        [
          399.7846806891143, 
          474.6514899588684
        ], 
        [
          407.92120414819414, 
          439.01094111787984
        ], 
        [
          460.2037540865781, 
          441.56981479426497
        ]
      ], 
      "projected_cuboid_centroid": [
        424.9545680098708, 
        450.56713117017324
      ], 
      "quaternion_xyzw": [
        0.9328544793561444, 
        0.027897012154104842, 
        -0.11820987160734314, 
        0.33916176569982914
      ], 
      "visibility": 0.09897172236503857
    }
  ]
}