{
  "camera_data": {
    "location_worldframe": [
      -14.872339423469445, 
      10.414841421184097, 
      76.02110162282234
    ], 
    "quaternion_xyzw_worldframe": [
      -0.8636376644789967, 
      -0.014266765043699179, 
      0.006755484558984541, 
      0.5038669790072869
    ]
  }, 
  "objects": [
    {
      "bounding_box": {
        "bottom_right": [
          418, 
          605
        ], 
        "top_left": [
          319, 
          407
        ]
      }, 
      "class": "003_cracker_box", 
      "cuboid": [
        [
          -6.990079112766858, 
          19.967796086128928, 
          69.80767537732808
        ], 
        [
          -8.020220572779898, 
          12.261819751227598, 
          55.363477476944034
        ], 
        [
          13.259815155571019, 
          10.78497753119628, 
          54.63370792178526
        ], 
        [
          14.289956615584062, 
          18.49095386609761, 
          69.0779058221693
        ], 
        [
          -7.312217402177386, 
          13.648885615464662, 
          73.20178717884079
        ], 
        [
          -8.342358862190427, 
          5.942909280563334, 
          58.757589278456734
        ], 
        [
          12.93767686616049, 
          4.466067060532014, 
          58.02781972329796
        ], 
        [
          13.967818326173534, 
          12.172043395433343, 
          72.472017623682
        ]
      ], 
      "cuboid_centroid": [
        2.9737988766968178, 
        12.216931573330472, 
        63.91774755031302
      ], 
      "location": [
        2.9737988766968178, 
        12.216931573330472, 
        63.91774755031302
      ], 
      "pose_transform_permuted": [
        [
          0.044866058093634975, 
          0.8800711172337723, 
          -0.47271753240390624, 
          0.0
        ], 
        [
          0.06279971570317489, 
          0.46977346493856353, 
          0.8805504456572697, 
          0.0
        ], 
        [
          -0.9970171676248804, 
          0.0691933540921067, 
          0.03419133239207478, 
          0.0
        ], 
        [
          2.9737988766968178, 
          12.216931573330472, 
          63.91774755031302, 
          1.0
        ]
      ], 
      "projected_cuboid": [
        [
          427.74893552786153, 
          425.83733741629686
        ], 
        [
          403.6939778335218, 
          391.4053574029169
        ], 
        [
          612.1145050533571, 
          378.56659200380216
        ], 
        [
          592.8428342075306, 
          416.04691397909835
        ], 
        [
          427.8791537265003, 
          372.7269788193925
        ], 
        [
          405.2457334752776, 
          327.22799370239085
        ], 
        [
          601.4950271306304, 
          314.3330745305418
        ], 
        [
          585.2424532182362, 
          362.86027033840935
        ]
      ], 
      "projected_cuboid_centroid": [
        506.61675602808276, 
        375.2226841072088
      ], 
      "quaternion_xyzw": [
        0.63338586229075, 
        0.5789482840912097, 
        0.3652656930184608, 
        -0.36086314206606146
      ], 
      "visibility": 0.9620828236938669
    }, 
    {
      "bounding_box": {
        "bottom_right": [
          422, 
          453
        ], 
        "top_left": [
          370, 
          377
        ]
      }, 
      "class": "005_tomato_soup_can", 
      "cuboid": [
        [
          -15.455300852776691, 
          21.732230326132186, 
          78.96384189291334
        ], 
        [
          -10.003931515391747, 
          19.653645560211885, 
          75.53755360736179
        ], 
        [
          -4.0086367506210525, 
          22.912294386386037, 
          83.09943576157025
        ], 
        [
          -9.460006088005997, 
          24.990879152306338, 
          86.5257240471218
        ], 
        [
          -15.902666584642915, 
          15.663365123634506, 
          81.93378898287487
        ], 
        [
          -10.451297247257973, 
          13.584780357714207, 
          78.50750069732332
        ], 
        [
          -4.4560024824872775, 
          16.843429183888357, 
          86.0693828515318
        ], 
        [
          -9.907371819872223, 
          18.922013949808658, 
          89.49567113708335
        ]
      ], 
      "cuboid_centroid": [
        -9.955651667631985, 
        19.28782975501027, 
        82.51661237222257
      ], 
      "location": [
        -9.955651667631985, 
        19.28782975501027, 
        82.51661237222257
      ], 
      "pose_transform_permuted": [
        [
          0.06606694827208454, 
          0.8962497009573439, 
          -0.4386016334885288, 
          0.0
        ], 
        [
          -0.8057123558700721, 
          0.3072148161270378, 
          0.5064053883690897, 
          0.0
        ], 
        [
          -0.5886107387410109, 
          -0.3199301732656772, 
          -0.7424163807951403, 
          0.0
        ], 
        [
          -9.955651667631985, 
          19.28782975501027, 
          82.51661237222257, 
          1.0
        ]
      ], 
      "projected_cuboid": [
        [
          376.34250595236506, 
          420.06541475683576
        ], 
        [
          410.37746840666233, 
          412.0476383534243
        ], 
        [
          455.655850792929, 
          420.3341704912696
        ], 
        [
          422.8024049935845, 
          427.3231022444513
        ], 
        [
          377.22154854312083, 
          375.2417808976417
        ], 
        [
          410.0073286454669, 
          365.5710882918582
        ], 
        [
          453.75583545473955, 
          377.6550176186071
        ], 
        [
          422.0653844094446, 
          386.04596493755145
        ]
      ], 
      "projected_cuboid_centroid": [
        416.71569447285367, 
        397.9472218061247
      ], 
      "quaternion_xyzw": [
        0.2797137165853693, 
        0.8006628757823542, 
        0.5116591924382935, 
        -0.13749183751861102
      ], 
      "visibility": 0.4673807205452775
    }, 
    {
      "bounding_box": {
        "bottom_right": [
          437, 
          574
        ], 
        "top_left": [
          368, 
          500
        ]
      }, 
      "class": "010_potted_meat_can", 
      "cuboid": [
        [
          13.420951908424577, 
          21.603490483175573, 
          73.2136575252156
        ], 
        [
          3.6194746757832066, 
          20.06142656212037, 
          71.00591985990927
        ], 
        [
          3.8370493192364816, 
          12.792145893789906, 
          75.11743305239253
        ], 
        [
          13.638526551877852, 
          14.334209814845112, 
          77.32517071769885
        ], 
        [
          11.902301500252547, 
          24.304405523704688, 
          78.06932218622367
        ], 
        [
          2.1008242676111752, 
          22.76234160264948, 
          75.86158452091735
        ], 
        [
          2.3183989110644503, 
          15.49306093431902, 
          79.9730977134006
        ], 
        [
          12.11987614370582, 
          17.035124855374224, 
          82.18083537870693
        ]
      ], 
      "cuboid_centroid": [
        7.869675409744515, 
        18.548275708747298, 
        76.5933776193081
      ], 
      "location": [
        7.869675409744515, 
        18.548275708747298, 
        76.5933776193081
      ], 
      "pose_transform_permuted": [
        [
          0.2636500126284152, 
          -0.46890072969519875, 
          -0.8429827182775235, 
          0.0
        ], 
        [
          0.9642663002623416, 
          0.15170777186238737, 
          0.2171965490451944, 
          0.0
        ], 
        [
          -0.026043433357137546, 
          0.8701244944503358, 
          -0.4921433772149332, 
          0.0
        ], 
        [
          7.869675409744515, 
          18.548275708747298, 
          76.5933776193081, 
          1.0
        ]
      ], 
      "projected_cuboid": [
        [
          580.175739615336, 
          430.65559901435586
        ], 
        [
          509.00919542291246, 
          423.9662513495235
        ], 
        [
          509.06641909659265, 
          364.108357081432
        ], 
        [
          576.4472811178249, 
          372.151043970701
        ], 
        [
          563.583556211693, 
          439.31866251052423
        ], 
        [
          496.48929296861013, 
          433.3095932891843
        ], 
        [
          497.1867054883306, 
          376.6056919942932
        ], 
        [
          560.9055022850868, 
          383.83744252347606
        ]
      ], 
      "projected_cuboid_centroid": [
        536.8502567755071, 
        402.438156267543
      ], 
      "quaternion_xyzw": [
        0.9588239558164733, 
        0.04634615252915833, 
        0.12537404774793914, 
        0.25057887349397945
      ], 
      "visibility": 0.34372940918075995
    }, 
    {
      "bounding_box": {
        "bottom_right": [
          354, 
          495
        ], 
        "top_left": [
          318, 
          315
        ]
      }, 
      "class": "037_scissors", 
      "cuboid": [
        [
          -18.241006885258788, 
          9.034209893467422, 
          67.0471437344416
        ], 
        [
          1.9781374806476433, 
          8.789507587308035, 
          65.78795706255941
        ], 
        [
          1.452430581886413, 
          4.489433380687004, 
          58.18217313259393
        ], 
        [
          -18.766713784020016, 
          4.73413568684639, 
          59.44135980447612
        ], 
        [
          -18.27237557091521, 
          10.397641736189533, 
          66.27847003693621
        ], 
        [
          1.9467687949912216, 
          10.152939430030147, 
          65.01928336505401
        ], 
        [
          1.4210618962299915, 
          5.852865223409114, 
          57.41349943508853
        ], 
        [
          -18.798082469676437, 
          6.0975675295685, 
          58.67268610697073
        ]
      ], 
      "cuboid_centroid": [
        -8.409972494514397, 
        7.443537558438268, 
        62.23032158476507
      ], 
      "location": [
        -8.409972494514397, 
        7.443537558438268, 
        62.23032158476507
      ], 
      "pose_transform_permuted": [
        [
          0.02003748657682506, 
          -0.8709241931966739, 
          0.49100842363694386, 
          0.0
        ], 
        [
          -0.9979932876210675, 
          0.012078219265512169, 
          0.06215197951300675, 
          0.0
        ], 
        [
          0.060060194582617424, 
          0.49126860267179767, 
          0.8689345029777652, 
          0.0
        ], 
        [
          -8.409972494514397, 
          7.443537558438268, 
          62.23032158476507, 
          1.0
        ]
      ], 
      "projected_cuboid": [
        [
          335.2916993969984, 
          345.1482279252777
        ], 
        [
          497.766763488068, 
          344.5399517070685
        ], 
        [
          495.0215402721307, 
          314.4383652568816
        ], 
        [
          311.81522967101193, 
          315.76213543562466
        ], 
        [
          333.34038640103654, 
          356.9527112292063
        ], 
        [
          497.69848018135565, 
          356.56585366358627
        ], 
        [
          494.9074571277037, 
          327.6543725851165
        ], 
        [
          309.30340015539207, 
          328.7118540697169
        ]
      ], 
      "projected_cuboid_centroid": [
        408.9221980263562, 
        337.0783399019467
      ], 
      "quaternion_xyzw": [
        0.02380446006104551, 
        -0.5039136864531967, 
        0.8631729713576837, 
        0.020893382972436914
      ], 
      "visibility": 0.7774753317454917
    }
  ]
}