{
  "camera_data": {
    "location_worldframe": [
      -21.596084285786628, 
      10.322667121740938, 
      80.01339279293217
    ], 
    "quaternion_xyzw_worldframe": [
      0.9424028348011043, 
      0.040378970747495344, 
      -0.12254091437758521, 
      -0.30859406593968547
    ]
  }, 
  "objects": [
    {
      "bounding_box": {
        "bottom_right": [
          416, 
          522
        ], 
        "top_left": [
          275, 
          325
        ]
      }, 
      "class": "003_cracker_box", 
      "cuboid": [
        [
          -16.562361254135077, 
          17.258391649606253, 
          69.12517165474306
        ], 
        [
          -17.93215937432045, 
          4.12647544173805, 
          59.39097700358567
        ], 
        [
          2.9618923998463735, 
          5.0964003781994975, 
          55.14228388422978
        ], 
        [
          4.331690520031746, 
          18.228316586067702, 
          64.87647853538718
        ], 
        [
          -15.224547477575051, 
          12.968059168727494, 
          74.72478762708486
        ], 
        [
          -16.594345597760423, 
          -0.1638570391407107, 
          64.99059297592747
        ], 
        [
          4.299706176406397, 
          0.8060678973207378, 
          60.74189985657159
        ], 
        [
          5.66950429659177, 
          13.937984105188942, 
          70.47609450772899
        ]
      ], 
      "cuboid_centroid": [
        -6.13132753886434, 
        9.032229773463495, 
        64.93353575565732
      ], 
      "location": [
        -6.13132753886434, 
        9.032229773463495, 
        64.93353575565732
      ], 
      "pose_transform_permuted": [
        [
          -0.18632504297281838, 
          0.5975393570269065, 
          -0.779890822593168, 
          0.0
        ], 
        [
          0.08350594152117297, 
          0.8005508335540611, 
          0.5934181667480025, 
          0.0
        ], 
        [
          -0.9789329579148103, 
          -0.04544314799580812, 
          0.19906075506837428, 
          0.0
        ], 
        [
          -6.13132753886434, 
          9.032229773463495, 
          64.93353575565732, 
          1.0
        ]
      ], 
      "projected_cuboid": [
        [
          352.74904284234725, 
          406.4397442656011
        ], 
        [
          319.2277908053033, 
          310.341496050585
        ], 
        [
          510.48232821047395, 
          322.5773894645011
        ], 
        [
          517.5026446087376, 
          423.1331144766538
        ], 
        [
          372.0321699447515, 
          365.84109892471275
        ], 
        [
          344.2873208273792, 
          271.94191003125565
        ], 
        [
          519.663498946206, 
          280.36388979331196
        ], 
        [
          524.8579142385616, 
          378.7605987271
        ]
      ], 
      "projected_cuboid_centroid": [
        430.81888040229705, 
        347.4710862557817
      ], 
      "quaternion_xyzw": [
        0.6741575513406589, 
        0.6598916632803833, 
        0.15096364453888453, 
        -0.2954057662452669
      ], 
      "visibility": 0.978380706287683
    }, 
    {
      "bounding_box": {
        "bottom_right": [
          451, 
          402
        ], 
        "top_left": [
          377, 
          324
        ]
      }, 
      "class": "005_tomato_soup_can", 
      "cuboid": [
        [
          -23.964602749431176, 
          21.662134268471398, 
          78.31341724993413
        ], 
        [
          -18.6999211346527, 
          19.01893759247547, 
          74.98565035238526
        ], 
        [
          -12.525384426476654, 
          25.864439764218627, 
          79.31677141499661
        ], 
        [
          -17.790066041255127, 
          28.507636440214558, 
          82.64453831254549
        ], 
        [
          -22.851113743645673, 
          17.402684131462426, 
          83.45822758906574
        ], 
        [
          -17.5864321288672, 
          14.759487455466497, 
          80.13046069151687
        ], 
        [
          -11.41189542069115, 
          21.604989627209655, 
          84.46158175412822
        ], 
        [
          -16.676577035469624, 
          24.248186303205582, 
          87.7893486516771
        ]
      ], 
      "cuboid_centroid": [
        -17.688249085061162, 
        21.633561947840526, 
        81.38749950203118
      ], 
      "location": [
        -17.688249085061162, 
        21.633561947840526, 
        81.38749950203118
      ], 
      "pose_transform_permuted": [
        [
          -0.16443999910293416, 
          0.629035377151874, 
          -0.7597853262635093, 
          0.0
        ], 
        [
          -0.7781199115714008, 
          0.39066445310165543, 
          0.4918439278041563, 
          0.0
        ], 
        [
          -0.6062084944579036, 
          -0.6720830665474458, 
          -0.42522419134765055, 
          0.0
        ], 
        [
          -17.688249085061162, 
          21.633561947840526, 
          81.38749950203118, 
          1.0
        ]
      ], 
      "projected_cuboid": [
        [
          317.03649298786075, 
          420.80711394848976
        ], 
        [
          347.4894808499315, 
          408.55471024520216
        ], 
        [
          396.6755457783322, 
          447.196947948024
        ], 
        [
          365.8379689017962, 
          457.2512753243003
        ], 
        [
          334.35566350929247, 
          384.49417460594725
        ], 
        [
          363.5726584218494, 
          371.52038850018647
        ], 
        [
          408.9379191713784, 
          409.7079004885042
        ], 
        [
          379.44272797027315, 
          420.5940736961888
        ]
      ], 
      "projected_cuboid_centroid": [
        364.72280764559537, 
        415.04789336306254
      ], 
      "quaternion_xyzw": [
        0.2782006176678459, 
        0.8958220113926588, 
        0.29421569103346656, 
        -0.18315131760572093
      ], 
      "visibility": 0.614735002912056
    }, 
    {
      "bounding_box": {
        "bottom_right": [
          470, 
          515
        ], 
        "top_left": [
          383, 
          428
        ]
      }, 
      "class": "010_potted_meat_can", 
      "cuboid": [
        [
          3.4170377389387196, 
          22.660307641170064, 
          67.53514897469634
        ], 
        [
          -6.104864280632392, 
          19.14541696020192, 
          68.08282415940933
        ], 
        [
          -3.967105872638278, 
          14.368899348888997, 
          74.59505798431678
        ], 
        [
          5.5547961469328335, 
          17.88379002985714, 
          74.0473827996038
        ], 
        [
          2.0418537932845444, 
          26.945818882305556, 
          71.12986494905044
        ], 
        [
          -7.480048226286567, 
          23.430928201337416, 
          71.67754013376343
        ], 
        [
          -5.342289818292454, 
          18.65441059002449, 
          78.18977395867088
        ], 
        [
          4.179612201278657, 
          22.16930127099263, 
          77.6420987739579
        ]
      ], 
      "cuboid_centroid": [
        -0.9626260396768671, 
        20.657359115597277, 
        72.86246146668361
      ], 
      "location": [
        -0.9626260396768671, 
        20.657359115597277, 
        72.86246146668361
      ], 
      "pose_transform_permuted": [
        [
          0.23874307259070365, 
          -0.7439994660815945, 
          -0.6240718120076153, 
          0.0
        ], 
        [
          0.9367617772242705, 
          0.34579385865189227, 
          -0.05388011537178867, 
          0.0
        ], 
        [
          -0.2558872106997686, 
          0.57174363756288, 
          -0.7795068622575807, 
          0.0
        ], 
        [
          -0.9626260396768671, 
          20.657359115597277, 
          72.86246146668361, 
          1.0
        ]
      ], 
      "projected_cuboid": [
        [
          508.806010994968, 
          452.233145921054
        ], 
        [
          433.37673770453483, 
          423.260131452609
        ], 
        [
          452.99776439793203, 
          376.0174107557251
        ], 
        [
          521.938393561781, 
          402.0929195662645
        ], 
        [
          497.03412217529313, 
          475.3216874198599
        ], 
        [
          425.4776657323235, 
          447.62528953917774
        ], 
        [
          444.8545247623731, 
          400.5252033014542
        ], 
        [
          510.5458621735176, 
          425.56632819502767
        ]
      ], 
      "projected_cuboid_centroid": [
        474.492372996792, 
        424.48887085876345
      ], 
      "quaternion_xyzw": [
        0.8849544093899365, 
        0.16997516001034546, 
        0.05222386465828067, 
        0.43039119082683563
      ], 
      "visibility": 0.6825667234525837
    }, 
    {
      "bounding_box": {
        "bottom_right": [
          317, 
          425
        ], 
        "top_left": [
          259, 
          272
        ]
      }, 
      "class": "037_scissors", 
      "cuboid": [
        [
          -25.75758604818339, 
          4.892266604984205, 
          73.15931176643002
        ], 
        [
          -6.200678410415861, 
          6.616941843633407, 
          68.15810309735097
        ], 
        [
          -6.859040841873706, 
          -0.5136641816946106, 
          63.12461804864223
        ], 
        [
          -26.415948479641237, 
          -2.238339420343813, 
          68.12582671772128
        ], 
        [
          -26.14904208379403, 
          5.790354734479604, 
          71.93825094842443
        ], 
        [
          -6.5921344460264955, 
          7.515029973128806, 
          66.93704227934538
        ], 
        [
          -7.250496877484341, 
          0.38442394780078826, 
          61.90355723063663
        ], 
        [
          -26.80740451525187, 
          -1.340251290848414, 
          66.90476589971568
        ]
      ], 
      "cuboid_centroid": [
        -16.504041462833865, 
        2.6383452763924966, 
        67.53143449853333
      ], 
      "location": [
        -16.504041462833865, 
        2.6383452763924966, 
        67.53143449853333
      ], 
      "pose_transform_permuted": [
        [
          0.25005176005387436, 
          -0.5736749392904629, 
          0.7799813488603903, 
          0.0
        ], 
        [
          -0.9653060582537761, 
          -0.0851279500432512, 
          0.24685380307928878, 
          0.0
        ], 
        [
          0.07521563029212319, 
          0.8146470711766303, 
          0.5750582542601355, 
          0.0
        ], 
        [
          -16.504041462833865, 
          2.6383452763924966, 
          67.53143449853333, 
          1.0
        ]
      ], 
      "projected_cuboid": [
        [
          292.2636455310172, 
          308.95037247542683
        ], 
        [
          432.67402718462085, 
          325.0624018266166
        ], 
        [
          423.1643137801036, 
          268.94675461735665
        ], 
        [
          273.07781475108607, 
          255.76381122467095
        ], 
        [
          286.1236770195496, 
          316.2137642163312
        ], 
        [
          428.6366665407619, 
          333.16239320762935
        ], 
        [
          418.6110872588307, 
          276.5984772103599
        ], 
        [
          266.12575901088934, 
          262.60296035930804
        ]
      ], 
      "projected_cuboid_centroid": [
        350.17264856065145, 
        294.12248221267714
      ], 
      "quaternion_xyzw": [
        0.13168092266871725, 
        -0.3044164888658892, 
        0.9433894315566075, 
        -0.002626783653589516
      ], 
      "visibility": 0.6766117969821673
    }, 
    {
      "bounding_box": {
        "bottom_right": [
          441, 
          446
        ], 
        "top_left": [
          388, 
          381
        ]
      }, 
      "class": "061_foam_brick", 
      "cuboid": [
        [
          -7.120870660983843, 
          19.994725776375933, 
          73.5547441734892
        ], 
        [
          -14.531221350397267, 
          19.941033535593508, 
          75.94794599589221
        ], 
        [
          -13.221256976717918, 
          17.014106804499658, 
          79.93847535927623
        ], 
        [
          -5.810906287304494, 
          17.06779904528208, 
          77.54527353687321
        ], 
        [
          -6.225605069977364, 
          24.30676617037012, 
          76.42360171669753
        ], 
        [
          -13.63595575939079, 
          24.2530739295877, 
          78.81680353910055
        ], 
        [
          -12.32599138571144, 
          21.326147198493846, 
          82.80733290248456
        ], 
        [
          -4.915640696298016, 
          21.379839439276267, 
          80.41413108008155
        ]
      ], 
      "cuboid_centroid": [
        -9.723431023347642, 
        20.66043648743489, 
        78.18103853798688
      ], 
      "location": [
        -9.723431023347642, 
        20.66043648743489, 
        78.18103853798688
      ], 
      "pose_transform_permuted": [
        [
          -0.17033211260636566, 
          -0.8204034169651241, 
          -0.545825251199504, 
          0.0
        ], 
        [
          0.951582159564334, 
          0.0068947585042875015, 
          -0.3073171910324027, 
          0.0
        ], 
        [
          -0.2558874069076694, 
          0.5717435576699721, 
          -0.7795068564476857, 
          0.0
        ], 
        [
          -9.723431023347642, 
          20.66043648743489, 
          78.18103853798688, 
          1.0
        ]
      ], 
      "projected_cuboid": [
        [
          429.5358722385265, 
          418.26126308586385
        ], 
        [
          378.7059655362934, 
          413.3159167059075
        ], 
        [
          392.6547138688407, 
          386.7982894655989
        ], 
        [
          441.29936726581514, 
          390.6707582866273
        ], 
        [
          437.7898378256949, 
          442.91050375937874
        ], 
        [
          388.5594676450802, 
          437.3967111671555
        ], 
        [
          401.5501165124165, 
          410.6373200425004
        ], 
        [
          448.7240571698691, 
          415.08110698157407
        ]
      ], 
      "projected_cuboid_centroid": [
        414.7149781043714, 
        414.2237214937639
      ], 
      "quaternion_xyzw": [
        0.8759496230425884, 
        0.07499922327130809, 
        -0.1363232802075038, 
        0.4566216570353564
      ], 
      "visibility": 0.5895811334037311
    }
  ]
}