{
  "camera_data": {
    "location_worldframe": [
      -23.50125189923148, 
      15.001233301701436, 
      74.80142671047363
    ], 
    "quaternion_xyzw_worldframe": [
      0.9229981168942915, 
      0.03585864567319956, 
      -0.1292600722872549, 
      -0.36066794218022086
    ]
  }, 
  "objects": [
    {
      "bounding_box": {
        "bottom_right": [
          480, 
          508
        ], 
        "top_left": [
          333, 
          284
        ]
      }, 
      "class": "003_cracker_box", 
      "cuboid": [
        [
          -18.608855399433665, 
          23.00502626147401, 
          64.60336001449541
        ], 
        [
          -20.4286423729666, 
          11.027545734276734, 
          53.54413530031557
        ], 
        [
          0.37303045810414687, 
          12.155517398375938, 
          48.89960792926068
        ], 
        [
          2.192817431637077, 
          24.132997925573218, 
          59.958832643440516
        ], 
        [
          -17.212198906811054, 
          18.113906157846948, 
          69.67077477040921
        ], 
        [
          -19.03198588034398, 
          6.1364256306496685, 
          58.61155005622937
        ], 
        [
          1.7696869507267607, 
          7.264397294748873, 
          53.967022685174484
        ], 
        [
          3.589473924259691, 
          19.24187782194615, 
          65.02624739935432
        ]
      ], 
      "cuboid_centroid": [
        -8.419584224353454, 
        15.134711778111443, 
        59.285191349834946
      ], 
      "location": [
        -8.419584224353454, 
        15.134711778111443, 
        59.285191349834946
      ], 
      "pose_transform_permuted": [
        [
          -0.19452040752287658, 
          0.681214515399065, 
          -0.7057680887279837, 
          0.0
        ], 
        [
          0.11093826334954254, 
          0.7301738655764617, 
          0.6741949478853388, 
          0.0
        ], 
        [
          -0.974604798255232, 
          -0.05284798992151235, 
          0.21760647320135995, 
          0.0
        ], 
        [
          -8.419584224353454, 
          15.134711778111443, 
          59.285191349834946, 
          1.0
        ]
      ], 
      "projected_cuboid": [
        [
          326.69532955703625, 
          463.1997408528912
        ], 
        [
          276.42448129778677, 
          383.12501163347963
        ], 
        [
          485.6993997099478, 
          405.8596964719817
        ], 
        [
          501.26420171525695, 
          487.9438257721251
        ], 
        [
          348.74220606760207, 
          411.94583829120035
        ], 
        [
          306.9776095515508, 
          329.1232451894711
        ], 
        [
          499.2314301996724, 
          345.0756629777522
        ], 
        [
          511.2818502051086, 
          431.10081559777393
        ]
      ], 
      "projected_cuboid_centroid": [
        405.2247181394905, 
        409.43585272831746
      ], 
      "quaternion_xyzw": [
        0.6640516474936294, 
        0.6418095152184863, 
        0.1805863076211493, 
        -0.3383851963898063
      ], 
      "visibility": 0.9618858165904117
    }, 
    {
      "bounding_box": {
        "bottom_right": [
          489, 
          387
        ], 
        "top_left": [
          415, 
          303
        ]
      }, 
      "class": "005_tomato_soup_can", 
      "cuboid": [
        [
          -25.71750221382424, 
          26.49074460405516, 
          74.39767452621871
        ], 
        [
          -20.57792731968622, 
          24.149597414853243, 
          70.67192715912002
        ], 
        [
          -14.188581912543713, 
          30.396296359299395, 
          75.56063156505743
        ], 
        [
          -19.32815680668173, 
          32.73744354850131, 
          79.28637893215611
        ], 
        [
          -24.555255837998864, 
          21.682858553376168, 
          79.02209467872146
        ], 
        [
          -19.415680943860846, 
          19.34171136417425, 
          75.29634731162278
        ], 
        [
          -13.026335536718337, 
          25.588410308620404, 
          80.18505171756019
        ], 
        [
          -18.165910430856353, 
          27.929557497822316, 
          83.91079908465888
        ]
      ], 
      "cuboid_centroid": [
        -19.371918875271287, 
        26.03957745633778, 
        77.29136312188945
      ], 
      "location": [
        -19.371918875271287, 
        26.03957745633778, 
        77.29136312188945
      ], 
      "pose_transform_permuted": [
        [
          -0.17164048500262388, 
          0.7100283646742739, 
          -0.6829341302680377, 
          0.0
        ], 
        [
          -0.7596291389996133, 
          0.34602154073738417, 
          0.5506654388531698, 
          0.0
        ], 
        [
          -0.6272981509214386, 
          -0.6132932949333934, 
          -0.479967044952345, 
          0.0
        ], 
        [
          -19.371918875271287, 
          26.03957745633778, 
          77.29136312188945, 
          1.0
        ]
      ], 
      "projected_cuboid": [
        [
          295.70487009065334, 
          463.1853884508684
        ], 
        [
          325.0134110816971, 
          455.52938524442294
        ], 
        [
          380.61711885204494, 
          487.82868471204574
        ], 
        [
          350.5028332272797, 
          493.4948509668902
        ], 
        [
          314.4927536334978, 
          419.624003884618
        ], 
        [
          342.9309190711951, 
          410.2827378085912
        ], 
        [
          394.2354675888557, 
          443.47786451289994
        ], 
        [
          365.1761425095344, 
          450.8009953025359
        ]
      ], 
      "projected_cuboid_centroid": [
        346.8145978599514, 
        452.9627143876682
      ], 
      "quaternion_xyzw": [
        0.2783934618122514, 
        0.8740504224873191, 
        0.34036806659282964, 
        -0.2065973270169871
      ], 
      "visibility": 0.31317550180133813
    }, 
    {
      "bounding_box": {
        "bottom_right": [
          524, 
          502
        ], 
        "top_left": [
          429, 
          409
        ]
      }, 
      "class": "010_potted_meat_can", 
      "cuboid": [
        [
          1.4158850600761745, 
          28.26295016949799, 
          63.10331552891084
        ], 
        [
          -8.148425532430789, 
          24.845141000543183, 
          63.50774852965022
        ], 
        [
          -5.938885204427333, 
          19.360368342699267, 
          69.40940264719174
        ], 
        [
          3.625425388079632, 
          22.77817751165407, 
          69.00496964645237
        ], 
        [
          0.19815656302330092, 
          32.15227762997859, 
          67.17381790959766
        ], 
        [
          -9.366154029483663, 
          28.734468461023788, 
          67.57825091033703
        ], 
        [
          -7.1566137014802065, 
          23.249695803179872, 
          73.47990502787856
        ], 
        [
          2.4076968910267573, 
          26.667504972134676, 
          73.07547202713917
        ]
      ], 
      "cuboid_centroid": [
        -2.870364320702016, 
        25.75632298633893, 
        68.2916102783947
      ], 
      "location": [
        -2.870364320702016, 
        25.75632298633893, 
        68.2916102783947
      ], 
      "pose_transform_permuted": [
        [
          0.21140753125165748, 
          -0.6752187524882911, 
          -0.7066721862366245, 
          0.0
        ], 
        [
          0.9409339195201353, 
          0.3362430095103751, 
          -0.03978799359225355, 
          0.0
        ], 
        [
          -0.2644794235621657, 
          0.6565209480593005, 
          -0.7064211769699018, 
          0.0
        ], 
        [
          -2.870364320702016, 
          25.75632298633893, 
          68.2916102783947, 
          1.0
        ]
      ], 
      "projected_cuboid": [
        [
          493.6631869097355, 
          512.15171768309
        ], 
        [
          412.59871607542965, 
          481.92879894982286
        ], 
        [
          435.58430070568096, 
          422.04539745543997
        ], 
        [
          509.8504446727571, 
          449.3325271059048
        ], 
        [
          483.1834233297653, 
          528.5562224692233
        ], 
        [
          407.0645004972164, 
          500.05557292746255
        ], 
        [
          429.221261916805, 
          442.03359977885304
        ], 
        [
          499.31536388078064, 
          467.9113859833934
        ]
      ], 
      "projected_cuboid_centroid": [
        458.99431243898465, 
        474.4291290420155
      ], 
      "quaternion_xyzw": [
        0.9088628958506421, 
        0.16524011372207575, 
        0.04720721311292452, 
        0.38004630174858756
      ], 
      "visibility": 0.474661886915431
    }, 
    {
      "bounding_box": {
        "bottom_right": [
          367, 
          397
        ], 
        "top_left": [
          312, 
          230
        ]
      }, 
      "class": "037_scissors", 
      "cuboid": [
        [
          -27.913899641127994, 
          10.406232402796277, 
          67.5075548680035
        ], 
        [
          -8.45379433047174, 
          12.38505539836029, 
          62.230454335225424
        ], 
        [
          -9.350616995894395, 
          5.852728124231027, 
          56.47377433668244
        ], 
        [
          -28.810722306550645, 
          3.8739051286670136, 
          61.7508748694605
        ], 
        [
          -28.318777936199606, 
          11.436971602462606, 
          66.40101074060678
        ], 
        [
          -8.858672625543356, 
          13.41579459802662, 
          61.123910207828715
        ], 
        [
          -9.755495290966012, 
          6.8834673238973565, 
          55.36723020928572
        ], 
        [
          -29.21560060162226, 
          4.904644328333343, 
          60.64433074206379
        ]
      ], 
      "cuboid_centroid": [
        -18.834697466047, 
        8.644849863346817, 
        61.43739253864461
      ], 
      "location": [
        -18.834697466047, 
        8.644849863346817, 
        61.43739253864461
      ], 
      "pose_transform_permuted": [
        [
          0.25862554432796975, 
          -0.6584089337926288, 
          0.7068311162994633, 
          0.0
        ], 
        [
          -0.9605280087510457, 
          -0.09767238569665188, 
          0.26047150237942157, 
          0.0
        ], 
        [
          0.10245888710669267, 
          0.7462957935040069, 
          0.6576807754987984, 
          0.0
        ], 
        [
          -18.834697466047, 
          8.644849863346817, 
          61.43739253864461, 
          1.0
        ]
      ], 
      "projected_cuboid": [
        [
          259.23542596856043, 
          355.497299996041
        ], 
        [
          408.54366698069555, 
          379.4273761476479
        ], 
        [
          392.5570602889049, 
          328.55776007153463
        ], 
        [
          230.69585001762502, 
          306.74403105878486
        ], 
        [
          252.25086437978, 
          365.1459970428839
        ], 
        [
          403.65906796214506, 
          390.3423015705399
        ], 
        [
          386.8450953528317, 
          339.59088280917155
        ], 
        [
          222.52753084944354, 
          316.4190589736266
        ]
      ], 
      "projected_cuboid_centroid": [
        316.73618934556737, 
        348.32988756364995
      ], 
      "quaternion_xyzw": [
        0.14047814183441223, 
        -0.3561604482655959, 
        0.9238039454552189, 
        0.0012953239249487531
      ], 
      "visibility": 0.7095163806552263
    }, 
    {
      "bounding_box": {
        "bottom_right": [
          486, 
          432
        ], 
        "top_left": [
          427, 
          361
        ]
      }, 
      "class": "061_foam_brick", 
      "cuboid": [
        [
          -9.02092270724429, 
          25.11012493268479, 
          69.06330428489306
        ], 
        [
          -16.37275712838223, 
          24.90247432613453, 
          71.62279779520601
        ], 
        [
          -15.018808710816456, 
          21.541546257832938, 
          75.23917962678915
        ], 
        [
          -7.666974289678516, 
          21.749196864383197, 
          72.6796861164762
        ], 
        [
          -7.985791185780567, 
          29.072288355588228, 
          72.35804254226336
        ], 
        [
          -15.337625606918506, 
          28.864637749037964, 
          74.91753605257631
        ], 
        [
          -13.983677189352733, 
          25.50370968073637, 
          78.53391788415945
        ], 
        [
          -6.631842768214794, 
          25.711360287286634, 
          75.9744243738465
        ]
      ], 
      "cuboid_centroid": [
        -11.50229994829851, 
        25.30691730671058, 
        73.79861108452626
      ], 
      "location": [
        -11.50229994829851, 
        25.30691730671058, 
        73.79861108452626
      ], 
      "pose_transform_permuted": [
        [
          -0.1969428297564066, 
          -0.7538362616573834, 
          -0.6268527836884514, 
          0.0
        ], 
        [
          0.9440679353030205, 
          0.026664947571001074, 
          -0.32867113366361844, 
          0.0
        ], 
        [
          -0.26447921532746477, 
          0.6565210363586662, 
          -0.7064211728694944, 
          0.0
        ], 
        [
          -11.50229994829851, 
          25.30691730671058, 
          73.79861108452626, 
          1.0
        ]
      ], 
      "projected_cuboid": [
        [
          411.35531496861785, 
          467.1915574579525
        ], 
        [
          358.6658247618564, 
          458.7160050837823
        ], 
        [
          374.2517344621651, 
          425.9799688252622
        ], 
        [
          424.86838577240997, 
          432.8809614828118
        ], 
        [
          422.2467743411021, 
          487.5656998116837
        ], 
        [
          371.5023755941236, 
          478.7668218217852
        ], 
        [
          385.8433026829733, 
          446.4808492128085
        ], 
        [
          434.65539838090183, 
          453.7732223385884
        ]
      ], 
      "projected_cuboid_centroid": [
        397.7808164214455, 
        456.1717493833534
      ], 
      "quaternion_xyzw": [
        0.8982541059397026, 
        0.08103056834732952, 
        -0.14628765956771145, 
        0.40641546330568645
      ], 
      "visibility": 0.26557066076509644
    }
  ]
}