{
  "camera_data": {
    "location_worldframe": [
      -14.956286880623967, 
      10.769312434464325, 
      75.5875113923225
    ], 
    "quaternion_xyzw_worldframe": [
      -0.8653829368188368, 
      -0.015775968194270247, 
      0.0073456517352726396, 
      0.5008236505499845
    ]
  }, 
  "objects": [
    {
      "bounding_box": {
        "bottom_right": [
          421, 
          605
        ], 
        "top_left": [
          322, 
          405
        ]
      }, 
      "class": "003_cracker_box", 
      "cuboid": [
        [
          -7.100503122631887, 
          20.30352275675604, 
          69.31200803648154
        ], 
        [
          -8.097067163902032, 
          12.493412545452792, 
          54.92148496446987
        ], 
        [
          13.188031767044606, 
          11.079694576792473, 
          54.214723228595005
        ], 
        [
          14.184595808314748, 
          18.88980478809572, 
          68.60524630060668
        ], 
        [
          -7.404513477387141, 
          14.007514649827948, 
          72.75006812272785
        ], 
        [
          -8.401077518657287, 
          6.1974044385247025, 
          58.35954505071618
        ], 
        [
          12.884021412289348, 
          4.783686469864383, 
          57.652783314841315
        ], 
        [
          13.880585453559496, 
          12.59379668116763, 
          72.04330638685299
        ]
      ], 
      "cuboid_centroid": [
        2.8917591448287316, 
        12.543604613310212, 
        63.48239567566143
      ], 
      "location": [
        2.8917591448287316, 
        12.543604613310212, 
        63.48239567566143
      ], 
      "pose_transform_permuted": [
        [
          0.042341276047857423, 
          0.8768813729045619, 
          -0.4788384635716408, 
          0.0
        ], 
        [
          0.06075276153915782, 
          0.4761216977657591, 
          0.8772783086808982, 
          0.0
        ], 
        [
          -0.9972543899667754, 
          0.06623584203179994, 
          0.03311336470872572, 
          0.0
        ], 
        [
          2.8917591448287316, 
          12.543604613310212, 
          63.48239567566143, 
          1.0
        ]
      ], 
      "projected_cuboid": [
        [
          426.50711866476894, 
          429.5115067897211
        ], 
        [
          402.3145920668797, 
          394.6048449324672
        ], 
        [
          612.4111455869244, 
          382.2794045214586
        ], 
        [
          592.7833944247988, 
          420.13103397856463
        ], 
        [
          426.863362041667, 
          375.97347789889903
        ], 
        [
          404.18390221870584, 
          329.92161197018356
        ], 
        [
          601.7744954611696, 
          317.5382380285476
        ], 
        [
          585.2080744622182, 
          366.5154406150345
        ]
      ], 
      "projected_cuboid_centroid": [
        506.0933723738233, 
        378.66614618042206
      ], 
      "quaternion_xyzw": [
        0.633606160627917, 
        0.5813453921724768, 
        0.3628514217007429, 
        -0.3590537758942653
      ], 
      "visibility": 0.955991759185075
    }, 
    {
      "bounding_box": {
        "bottom_right": [
          426, 
          452
        ], 
        "top_left": [
          373, 
          376
        ]
      }, 
      "class": "005_tomato_soup_can", 
      "cuboid": [
        [
          -15.577197699825449, 
          22.105099330469884, 
          78.45063463185214
        ], 
        [
          -10.117092518698106, 
          20.020016991115792, 
          75.0422513279169
        ], 
        [
          -4.136929131374237, 
          23.350698404802312, 
          82.58470586105024
        ], 
        [
          -9.597034312501581, 
          25.4357807441564, 
          85.99308916498549
        ], 
        [
          -16.007020055611704, 
          16.055781358683923, 
          81.4627520731217
        ], 
        [
          -10.54691487448436, 
          13.970699019329835, 
          78.05436876918645
        ], 
        [
          -4.5667514871604915, 
          17.30138043301635, 
          85.5968233023198
        ], 
        [
          -10.026856668287834, 
          19.386462772370443, 
          89.00520660625504
        ]
      ], 
      "cuboid_centroid": [
        -10.07197459349297, 
        19.703239881743116, 
        82.02372896708597
      ], 
      "location": [
        -10.07197459349297, 
        19.703239881743116, 
        82.02372896708597
      ], 
      "pose_transform_permuted": [
        [
          0.06347614339492484, 
          0.8933629669312342, 
          -0.44482934880069475, 
          0.0
        ], 
        [
          -0.8070035135236051, 
          0.30817515744217755, 
          0.5037590321919455, 
          0.0
        ], 
        [
          -0.5871251585307632, 
          -0.32700224498402297, 
          -0.7405090006175719, 
          0.0
        ], 
        [
          -10.07197459349297, 
          19.703239881743116, 
          82.02372896708597, 
          1.0
        ]
      ], 
      "projected_cuboid": [
        [
          374.81837367649746, 
          423.56043208319704
        ], 
        [
          409.0964681078892, 
          415.567278868657
        ], 
        [
          454.65876851239346, 
          424.0818288305334
        ], 
        [
          421.58131922291, 
          431.0364236504997
        ], 
        [
          375.92915095272093, 
          378.4003771752579
        ], 
        [
          408.9329580772519, 
          368.74368528899106
        ], 
        [
          452.90634749775126, 
          381.0845221219474
        ], 
        [
          421.0154140141635, 
          389.450306811976
        ]
      ], 
      "projected_cuboid_centroid": [
        415.56318363201774, 
        401.39731535256607
      ], 
      "quaternion_xyzw": [
        0.2787577530209019, 
        0.802937592112289, 
        0.5087169861018017, 
        -0.13708502787830865
      ], 
      "visibility": 0.46675191815856776
    }, 
    {
      "bounding_box": {
        "bottom_right": [
          441, 
          574
        ], 
        "top_left": [
          371, 
          499
        ]
      }, 
      "class": "010_potted_meat_can", 
      "cuboid": [
        [
          13.303036855626466, 
          22.02848379872352, 
          72.71866758816584
        ], 
        [
          3.507908467786585, 
          20.439645957235157, 
          70.51592455807645
        ], 
        [
          3.7461661182600934, 
          13.200053889318486, 
          74.6783590469963
        ], 
        [
          13.541294506099973, 
          14.78889173080685, 
          76.8811020770857
        ], 
        [
          11.772752589358761, 
          24.758444200867775, 
          77.55439573247855
        ], 
        [
          1.9776242015188814, 
          23.16960635937941, 
          75.35165270238917
        ], 
        [
          2.21588185199239, 
          15.93001429146274, 
          79.51408719130903
        ], 
        [
          12.01101023983227, 
          17.518852132951103, 
          81.71683022139842
        ]
      ], 
      "cuboid_centroid": [
        7.759459353809428, 
        18.97924904509313, 
        76.11637738973744
      ], 
      "location": [
        7.759459353809428, 
        18.97924904509313, 
        76.11637738973744
      ], 
      "pose_transform_permuted": [
        [
          0.2656697446334478, 
          -0.4739432397524318, 
          -0.8395215774842136, 
          0.0
        ], 
        [
          0.9636417028733598, 
          0.15630937569559789, 
          0.21670517837652056, 
          0.0
        ], 
        [
          -0.028519165392853138, 
          0.8665708032937218, 
          -0.49823859754556166, 
          0.0
        ], 
        [
          7.759459353809428, 
          18.97924904509313, 
          76.11637738973744, 
          1.0
        ]
      ], 
      "projected_cuboid": [
        [
          579.9747592737712, 
          434.8437032469254
        ], 
        [
          508.3488555145304, 
          427.8737965389056
        ], 
        [
          508.57346989072073, 
          367.5554443677914
        ], 
        [
          576.3150263683667, 
          375.87619083954473
        ], 
        [
          563.2296145490317, 
          443.54333666400385
        ], 
        [
          495.710829037913, 
          437.27504205086154
        ], 
        [
          496.5833636133711, 
          380.13287027212266
        ], 
        [
          560.6394047895784, 
          387.6221882002296
        ]
      ], 
      "projected_cuboid_centroid": [
        536.4178341222071, 
        406.26718599366114
      ], 
      "quaternion_xyzw": [
        0.9578275006037485, 
        0.04824160430034319, 
        0.12590339145250903, 
        0.2537465871164685
      ], 
      "visibility": 0.33600346395323666
    }, 
    {
      "bounding_box": {
        "bottom_right": [
          357, 
          495
        ], 
        "top_left": [
          321, 
          314
        ]
      }, 
      "class": "037_scissors", 
      "cuboid": [
        [
          -18.31491093680228, 
          9.315115733392517, 
          66.62134326251962
        ], 
        [
          1.9056886199921532, 
          9.126223199099131, 
          65.37599096019545
        ], 
        [
          1.3984263826042023, 
          4.771353525503012, 
          57.80019065503383
        ], 
        [
          -18.822173174190233, 
          4.960246059796399, 
          59.045542957358
        ], 
        [
          -18.35015414792261, 
          10.67302601589935, 
          65.84312271655774
        ], 
        [
          1.8704454088718223, 
          10.484133481605964, 
          64.59777041423358
        ], 
        [
          1.3631831714838714, 
          6.129263808009845, 
          57.021970109071965
        ], 
        [
          -18.85741638531056, 
          6.31815634230323, 
          58.26732241139613
        ]
      ], 
      "cuboid_centroid": [
        -8.475863882659205, 
        7.72218977070118, 
        61.82165668579579
      ], 
      "location": [
        -8.475863882659205, 
        7.72218977070118, 
        61.82165668579579
      ], 
      "pose_transform_permuted": [
        [
          0.022512430947302823, 
          -0.8673971665973269, 
          0.49710669788064865, 
          0.0
        ], 
        [
          -0.9980651141391512, 
          0.009323514284036835, 
          0.061469131232806215, 
          0.0
        ], 
        [
          0.05795295582714368, 
          0.4975287952173473, 
          0.8655089775675875, 
          0.0
        ], 
        [
          -8.475863882659205, 
          7.72218977070118, 
          61.82165668579579, 
          1.0
        ]
      ], 
      "projected_cuboid": [
        [
          333.760060583293, 
          347.8562388736533
        ], 
        [
          497.27271324192805, 
          347.73578886061205
        ], 
        [
          494.60781149093776, 
          317.3115878047238
        ], 
        [
          310.17197986737693, 
          318.0891806287796
        ], 
        [
          331.7248848082926, 
          359.7364746054589
        ], 
        [
          497.1681674900215, 
          359.84360740451126
        ], 
        [
          494.4530061806662, 
          330.6128003498015
        ], 
        [
          307.55715133140404, 
          331.1164908166843
        ]
      ], 
      "projected_cuboid_centroid": [
        407.8686240852595, 
        339.90388941558217
      ], 
      "quaternion_xyzw": [
        0.024272936366074024, 
        -0.5008566103531733, 
        0.864971185537002, 
        0.019444714239068298
      ], 
      "visibility": 0.766767778901247
    }
  ]
}