{
  "camera_data": {
    "location_worldframe": [
      -21.80324817413653, 
      10.497916357900115, 
      79.36609833412011
    ], 
    "quaternion_xyzw_worldframe": [
      0.940832618765692, 
      0.04075234999428251, 
      -0.12282228162215733, 
      -0.3131904614744133
    ]
  }, 
  "objects": [
    {
      "bounding_box": {
        "bottom_right": [
          420, 
          521
        ], 
        "top_left": [
          278, 
          321
        ]
      }, 
      "class": "003_cracker_box", 
      "cuboid": [
        [
          -16.7801219936988, 
          17.538355215308616, 
          68.54034652584929
        ], 
        [
          -18.16186143323681, 
          4.501650452173597, 
          58.68066900945789
        ], 
        [
          2.7278203888209744, 
          5.51029761783105, 
          54.41952228412732
        ], 
        [
          4.109559828358984, 
          18.54700238096607, 
          64.27919980051874
        ], 
        [
          -15.436949010275413, 
          13.193745146179255, 
          74.09666250127438
        ], 
        [
          -16.818688449813422, 
          0.15704038304423518, 
          64.23698498488297
        ], 
        [
          4.070993372244362, 
          1.1656875487016882, 
          59.975838259552404
        ], 
        [
          5.452732811782372, 
          14.202392311836709, 
          69.83551577594382
        ]
      ], 
      "cuboid_centroid": [
        -6.354564310727219, 
        9.352021382005153, 
        64.25809239270085
      ], 
      "location": [
        -6.354564310727219, 
        9.352021382005153, 
        64.25809239270085
      ], 
      "pose_transform_permuted": [
        [
          -0.18707145063180097, 
          0.6050989098887846, 
          -0.7738601822098865, 
          0.0
        ], 
        [
          0.08423391092108135, 
          0.7947465320158463, 
          0.6010678814407948, 
          0.0
        ], 
        [
          -0.978728215905444, 
          -0.04725737085567333, 
          0.1996442343028123, 
          0.0
        ], 
        [
          -6.354564310727219, 
          9.352021382005153, 
          64.25809239270085, 
          1.0
        ]
      ], 
      "projected_cuboid": [
        [
          349.9410988566072, 
          409.7543086748367
        ], 
        [
          315.1573242867003, 
          314.1998128854495
        ], 
        [
          508.5529039042373, 
          327.2882914945815
        ], 
        [
          515.9779172188877, 
          427.1695920578371
        ], 
        [
          369.56185128914115, 
          368.25009537115733
        ], 
        [
          340.7983457905972, 
          274.5903462415194
        ], 
        [
          518.0989974871175, 
          283.65211211298754
        ], 
        [
          523.585496811254, 
          381.7473098912918
        ]
      ], 
      "projected_cuboid_centroid": [
        428.4169028743694, 
        350.90502865771896
      ], 
      "quaternion_xyzw": [
        0.6728366670811153, 
        0.6589544070238242, 
        0.15382501098111365, 
        -0.29901132903573585
      ], 
      "visibility": 0.9753573397802944
    }, 
    {
      "bounding_box": {
        "bottom_right": [
          453, 
          400
        ], 
        "top_left": [
          379, 
          321
        ]
      }, 
      "class": "005_tomato_soup_can", 
      "cuboid": [
        [
          -24.172112252130777, 
          21.85361925021889, 
          77.77871560308797
        ], 
        [
          -18.91128263544821, 
          19.242213544039945, 
          74.41990246756285
        ], 
        [
          -12.731305919078384, 
          26.044652619598207, 
          78.81070235043094
        ], 
        [
          -17.99213553576095, 
          28.65605832577715, 
          82.16951548595608
        ], 
        [
          -23.05373673629373, 
          17.544327960392625, 
          82.88078297292054
        ], 
        [
          -17.792907119611158, 
          14.932922254213683, 
          79.52196983739542
        ], 
        [
          -11.612930403241332, 
          21.73536132977194, 
          83.91276972026351
        ], 
        [
          -16.873760019923903, 
          24.346767035950887, 
          87.27158285578864
        ]
      ], 
      "cuboid_centroid": [
        -17.892521327686055, 
        21.794490289995416, 
        80.84574266167574
      ], 
      "location": [
        -17.892521327686055, 
        21.794490289995416, 
        80.84574266167574
      ], 
      "pose_transform_permuted": [
        [
          -0.16516163865601313, 
          0.6363959160363895, 
          -0.7534730467558783, 
          0.0
        ], 
        [
          -0.7775505862755757, 
          0.3859657479504607, 
          0.4964325615936884, 
          0.0
        ], 
        [
          -0.6067425878373504, 
          -0.6678551842076458, 
          -0.4310833852416579, 
          0.0
        ], 
        [
          -17.892521327686055, 
          21.794490289995416, 
          80.84574266167574, 
          1.0
        ]
      ], 
      "projected_cuboid": [
        [
          314.47047022154186, 
          423.1342568456039
        ], 
        [
          344.942666247933, 
          411.1831082043071
        ], 
        [
          394.72513396225736, 
          449.5332007399919
        ], 
        [
          363.8463066987618, 
          459.27810664589384
        ], 
        [
          332.015107537027, 
          386.18042410593733
        ], 
        [
          361.27327379331166, 
          373.43521247263556
        ], 
        [
          407.1743545042255, 
          411.4287287720814
        ], 
        [
          377.6216318870454, 
          422.0704516252915
        ]
      ], 
      "projected_cuboid_centroid": [
        362.5808557401745, 
        417.0594577940442
      ], 
      "quaternion_xyzw": [
        0.2775190364594374, 
        0.8942704872183668, 
        0.29842181882755847, 
        -0.18495360455973278
      ], 
      "visibility": 0.5907657011757959
    }, 
    {
      "bounding_box": {
        "bottom_right": [
          473, 
          513
        ], 
        "top_left": [
          386, 
          426
        ]
      }, 
      "class": "010_potted_meat_can", 
      "cuboid": [
        [
          3.198277861196825, 
          22.95309862441051, 
          66.98170913279836
        ], 
        [
          -6.3234885853980325, 
          19.43417572723585, 
          67.50531973015073
        ], 
        [
          -4.179467621507514, 
          14.594456220296054, 
          73.9686478274196
        ], 
        [
          5.342298825087344, 
          18.113379117470718, 
          73.44503723006721
        ], 
        [
          1.8274340546278505, 
          27.203696325920994, 
          70.61928069312063
        ], 
        [
          -7.6943323919670075, 
          23.684773428746333, 
          71.14289129047302
        ], 
        [
          -5.550311428076489, 
          18.84505392180654, 
          77.60621938774189
        ], 
        [
          3.9714550185183697, 
          22.3639768189812, 
          77.0826087903895
        ]
      ], 
      "cuboid_centroid": [
        -1.1760167834398316, 
        20.899076273108523, 
        72.29396426027012
      ], 
      "location": [
        -1.1760167834398316, 
        20.899076273108523, 
        72.29396426027012
      ], 
      "pose_transform_permuted": [
        [
          0.23798958928838151, 
          -0.7379381927868959, 
          -0.6315118888817317, 
          0.0
        ], 
        [
          0.9367484395967756, 
          0.3461905468358297, 
          -0.05151264870622716, 
          0.0
        ], 
        [
          -0.25663683140255245, 
          0.5793088314231502, 
          -0.7736529031825586, 
          0.0
        ], 
        [
          -1.1760167834398316, 
          20.899076273108523, 
          72.29396426027012, 
          1.0
        ]
      ], 
      "projected_cuboid": [
        [
          507.2745081469176, 
          456.0429523719228
        ], 
        [
          431.2226002220514, 
          426.8244597268074
        ], 
        [
          451.21166439283274, 
          378.5136786232104
        ], 
        [
          520.7133414831264, 
          404.8164570212975
        ], 
        [
          495.5129327372355, 
          478.7299217550669
        ], 
        [
          423.43616186080806, 
          450.8384094811186
        ], 
        [
          443.13677820248733, 
          402.7920902645698
        ], 
        [
          509.3037806626187, 
          428.0185453993687
        ]
      ], 
      "projected_cuboid_centroid": [
        472.84918099803264, 
        427.461049791428
      ], 
      "quaternion_xyzw": [
        0.8870694955725928, 
        0.16989293996894353, 
        0.052554208411198296, 
        0.42600695422226764
      ], 
      "visibility": 0.6663565314477112
    }, 
    {
      "bounding_box": {
        "bottom_right": [
          319, 
          422
        ], 
        "top_left": [
          261, 
          267
        ]
      }, 
      "class": "037_scissors", 
      "cuboid": [
        [
          -25.972670593903263, 
          5.134752911504056, 
          72.4640563968267
        ], 
        [
          -6.420832379752482, 
          6.905571842998662, 
          67.4591536063437
        ], 
        [
          -7.085415661509033, 
          -0.1757908536263394, 
          62.3574297275326
        ], 
        [
          -26.637253875659816, 
          -1.9466097851209458, 
          67.3623325180156
        ], 
        [
          -26.36530062226814, 
          6.044690347234287, 
          71.25217968638626
        ], 
        [
          -6.813462408117356, 
          7.815509278728894, 
          66.24727689590327
        ], 
        [
          -7.478045689873906, 
          0.7341465821038905, 
          61.145553017092155
        ], 
        [
          -27.029883904024686, 
          -1.0366723493907153, 
          66.15045580757516
        ]
      ], 
      "cuboid_centroid": [
        -16.725358141888584, 
        2.9344497468039736, 
        66.80480470695943
      ], 
      "location": [
        -16.725358141888584, 
        2.9344497468039736, 
        66.80480470695943
      ], 
      "pose_transform_permuted": [
        [
          0.2508016755687289, 
          -0.5812439626542616, 
          0.7741147839021807, 
          0.0
        ], 
        [
          -0.9650558374407653, 
          -0.08740554868404299, 
          0.24703614058566853, 
          0.0
        ], 
        [
          0.07592634091869103, 
          0.8090211912219101, 
          0.5828543045377623, 
          0.0
        ], 
        [
          -16.725358141888584, 
          2.9344497468039736, 
          66.80480470695943, 
          1.0
        ]
      ], 
      "projected_cuboid": [
        [
          288.8509217453308, 
          311.0771947375769
        ], 
        [
          430.4121307600212, 
          327.8807108991357
        ], 
        [
          420.49317802716007, 
          271.78306509631244
        ], 
        [
          268.94771251493256, 
          257.8748816389248
        ], 
        [
          282.60933207665704, 
          318.5307922705652
        ], 
        [
          426.28860826831817, 
          336.2048094350906
        ], 
        [
          415.8290173477476, 
          279.68986136040155
        ], 
        [
          261.86012561010153, 
          264.92865656531364
        ]
      ], 
      "projected_cuboid_centroid": [
        346.96160637890284, 
        296.7129894570001
      ], 
      "quaternion_xyzw": [
        0.13214609759194965, 
        -0.3089983087489443, 
        0.9418322319506877, 
        -0.0030470415472978254
      ], 
      "visibility": 0.6782932610904165
    }, 
    {
      "bounding_box": {
        "bottom_right": [
          444, 
          445
        ], 
        "top_left": [
          390, 
          379
        ]
      }, 
      "class": "061_foam_brick", 
      "cuboid": [
        [
          -7.333618201393286, 
          20.23047992654172, 
          72.98629331232003
        ], 
        [
          -14.74144623096122, 
          20.154440950336312, 
          75.3866885127003
        ], 
        [
          -13.42764445883149, 
          17.188785733095322, 
          79.3472497589798
        ], 
        [
          -6.019816429263556, 
          17.264824709300726, 
          76.94685455859953
        ], 
        [
          -6.4347768559740395, 
          24.51438123698336, 
          75.89589985604076
        ], 
        [
          -13.842604885541974, 
          24.438342260777954, 
          78.29629505642102
        ], 
        [
          -12.528803113412243, 
          21.47268704353696, 
          82.25685630270053
        ], 
        [
          -5.12097508384431, 
          21.548726019742368, 
          79.85646110232024
        ]
      ], 
      "cuboid_centroid": [
        -9.931210657402763, 
        20.851583485039342, 
        77.62157480751027
      ], 
      "location": [
        -9.931210657402763, 
        20.851583485039342, 
        77.62157480751027
      ], 
      "pose_transform_permuted": [
        [
          -0.17101243117261775, 
          -0.815049710091475, 
          -0.5535781051163722, 
          0.0
        ], 
        [
          0.9512582183361479, 
          0.009764360179602999, 
          -0.3082409111688785, 
          0.0
        ], 
        [
          -0.25663700129242484, 
          0.5793087495887539, 
          -0.7736529081038513, 
          0.0
        ], 
        [
          -9.931210657402763, 
          20.851583485039342, 
          77.62157480751027, 
          1.0
        ]
      ], 
      "projected_cuboid": [
        [
          427.5628688459923, 
          421.1130768029954
        ], 
        [
          376.4403164989269, 
          415.8681828147932
        ], 
        [
          390.59323398791537, 
          388.8181546441171
        ], 
        [
          439.5259449777046, 
          392.9492476569162
        ], 
        [
          436.00315082712297, 
          445.548802580778
        ], 
        [
          386.52162760398704, 
          439.74967009413433
        ], 
        [
          399.6885230753747, 
          412.50659839173824
        ], 
        [
          447.111742583043, 
          417.19922106406057
        ]
      ], 
      "projected_cuboid_centroid": [
        412.7934180826484, 
        416.55286361676036
      ], 
      "quaternion_xyzw": [
        0.8780867088507367, 
        0.07584711133502438, 
        -0.1364481825971252, 
        0.452319401427526
      ], 
      "visibility": 0.567811307665626
    }
  ]
}