{
  "camera_data": {
    "location_worldframe": [
      -12.892134731768456, 
      -0.6733020752405366, 
      69.43898090796839
    ], 
    "quaternion_xyzw_worldframe": [
      -0.8324401794293075, 
      -0.06574140776245004, 
      -0.10944974140164858, 
      0.5392091839347086
    ]
  }, 
  "objects": [
    {
      "bounding_box": {
        "bottom_right": [
          338, 
          662
        ], 
        "top_left": [
          223, 
          445
        ]
      }, 
      "class": "003_cracker_box", 
      "cuboid": [
        [
          -3.559729068770838, 
          9.091378802321207, 
          66.34810600924015
        ], 
        [
          -1.0618556060026083, 
          2.7957422842090294, 
          51.40810250579454
        ], 
        [
          19.698613327284768, 
          0.5499960228158116, 
          55.82546603462527
        ], 
        [
          17.20073986451654, 
          6.84563254092799, 
          70.76546953807087
        ], 
        [
          -4.818109647426759, 
          2.5044196185613274, 
          68.91342169462578
        ], 
        [
          -2.3202361846585293, 
          -3.791216899550852, 
          53.97341819118019
        ], 
        [
          18.440232748628848, 
          -6.036963160944069, 
          58.39078172001091
        ], 
        [
          15.942359285860618, 
          0.25867335716810924, 
          73.33078522345652
        ]
      ], 
      "cuboid_centroid": [
        7.4402518399290045, 
        1.5272078206885693, 
        62.36944386462553
      ], 
      "location": [
        7.4402518399290045, 
        1.5272078206885693, 
        62.36944386462553
      ], 
      "pose_transform_permuted": [
        [
          0.17526192322306722, 
          0.9174038079725183, 
          -0.35728631569887287, 
          0.0
        ], 
        [
          -0.1522759246311317, 
          0.3837960113778601, 
          0.9107758585009704, 
          0.0
        ], 
        [
          -0.9726743036833481, 
          0.10521822450492396, 
          -0.20696334019856255, 
          0.0
        ], 
        [
          7.4402518399290045, 
          1.5272078206885693, 
          62.36944386462553, 
          1.0
        ]
      ], 
      "projected_cuboid": [
        [
          452.7447879881474, 
          346.36489160662654
        ], 
        [
          470.4893310448793, 
          302.2902171096475
        ], 
        [
          671.3528598169588, 
          278.5408362519053
        ], 
        [
          612.3096756954282, 
          324.8782241117223
        ], 
        [
          443.9990811022854, 
          292.66819099201166
        ], 
        [
          458.4794016574098, 
          235.82494513923385
        ], 
        [
          651.4268497861904, 
          218.14717211281805
        ], 
        [
          598.5087748482413, 
          275.16781562767886
        ]
      ], 
      "projected_cuboid_centroid": [
        545.7486708455282, 
        286.3456545596304
      ], 
      "quaternion_xyzw": [
        0.5723260905228473, 
        0.5925251082918513, 
        0.47439641478334954, 
        -0.31033028178259997
      ], 
      "visibility": 0.9869260372186198
    }, 
    {
      "bounding_box": {
        "bottom_right": [
          349, 
          450
        ], 
        "top_left": [
          295, 
          376
        ]
      }, 
      "class": "005_tomato_soup_can", 
      "cuboid": [
        [
          -14.018369511264783, 
          10.339059667533608, 
          73.25248410940435
        ], 
        [
          -7.915834488938507, 
          8.37048318215952, 
          71.09351059870119
        ], 
        [
          -3.9536744808809643, 
          10.67841553041513, 
          80.18851744583297
        ], 
        [
          -10.05620950320724, 
          12.646992015789218, 
          82.34749095653615
        ], 
        [
          -15.288013138669431, 
          4.044929221913166, 
          75.40278028765772
        ], 
        [
          -9.185478116343155, 
          2.0763527365390786, 
          73.24380677695454
        ], 
        [
          -5.223318108285612, 
          4.384285084794688, 
          82.33881362408636
        ], 
        [
          -11.32585313061189, 
          6.352861570168776, 
          84.49778713478952
        ]
      ], 
      "cuboid_centroid": [
        -9.620843809775199, 
        7.361672376164148, 
        77.79564886674535
      ], 
      "location": [
        -9.620843809775199, 
        7.361672376164148, 
        77.79564886674535
      ], 
      "pose_transform_permuted": [
        [
          0.18750090559195431, 
          0.9295168604753655, 
          -0.3175556290055922, 
          0.0
        ], 
        [
          -0.9019546402586597, 
          0.29095559291200906, 
          0.3190962721311755, 
          0.0
        ], 
        [
          -0.3890000443442817, 
          -0.22658998727695903, 
          -0.8929366960574384, 
          0.0
        ], 
        [
          -9.620843809775199, 
          7.361672376164148, 
          77.79564886674535, 
          1.0
        ]
      ], 
      "projected_cuboid": [
        [
          378.68486341823996, 
          348.5607496250335
        ], 
        [
          421.7202825571043, 
          336.0790849249808
        ], 
        [
          455.0827508281213, 
          344.30678253772396
        ], 
        [
          415.92575886145727, 
          355.19417635489253
        ], 
        [
          372.56470532914426, 
          301.8960926736861
        ], 
        [
          414.15628694572433, 
          288.4053531372268
        ], 
        [
          447.48299327151165, 
          301.68414284129176
        ], 
        [
          409.51664556716213, 
          313.3835109251379
        ]
      ], 
      "projected_cuboid_centroid": [
        415.09278901686355, 
        323.7536797855146
      ], 
      "quaternion_xyzw": [
        0.21737693275230585, 
        0.7820006803931201, 
        0.5826253103822867, 
        -0.04207009336394272
      ], 
      "visibility": 0.8943616331821128
    }, 
    {
      "bounding_box": {
        "bottom_right": [
          351, 
          585
        ], 
        "top_left": [
          284, 
          509
        ]
      }, 
      "class": "010_potted_meat_can", 
      "cuboid": [
        [
          15.37268261962721, 
          9.595943458659214, 
          74.84486318272097
        ], 
        [
          6.412732986526826, 
          8.653567123331648, 
          70.1382452789244
        ], 
        [
          5.482702035659136, 
          1.0335640443049077, 
          73.434442542204
        ], 
        [
          14.44265166875952, 
          1.9759403796324737, 
          78.14106044600055
        ], 
        [
          12.729277993486765, 
          11.896149890673561, 
          79.41653495256395
        ], 
        [
          3.7693283603863827, 
          10.953773555345995, 
          74.7099170487674
        ], 
        [
          2.839297409518693, 
          3.3337704763192546, 
          78.00611431204698
        ], 
        [
          11.799247042619076, 
          4.276146811646821, 
          82.71273221584354
        ]
      ], 
      "cuboid_centroid": [
        9.105990014572951, 
        6.464856967489234, 
        76.42548874738398
      ], 
      "location": [
        9.105990014572951, 
        6.464856967489234, 
        76.42548874738398
      ], 
      "pose_transform_permuted": [
        [
          0.4589164558964057, 
          -0.39933446933222444, 
          -0.7936792518976721, 
          0.0
        ], 
        [
          0.881477075156999, 
          0.09271069255712722, 
          0.46303561444067787, 
          0.0
        ], 
        [
          0.11132362992565159, 
          0.9121055616595054, 
          -0.39455100279935207, 
          0.0
        ], 
        [
          9.105990014572951, 
          6.464856967489234, 
          76.42548874738398, 
          1.0
        ]
      ], 
      "projected_cuboid": [
        [
          592.0505487363433, 
          341.6640370893167
        ], 
        [
          530.7647812837586, 
          339.08682700784954
        ], 
        [
          521.7471645326968, 
          280.7928242172514
        ], 
        [
          580.990887743825, 
          286.7725041766965
        ], 
        [
          567.7925658314055, 
          353.1748094204381
        ], 
        [
          508.72879731635675, 
          351.4804669463801
        ], 
        [
          501.1708165820776, 
          296.0791754111947
        ], 
        [
          558.310899342404, 
          300.85850633589456
        ]
      ], 
      "projected_cuboid_centroid": [
        545.6708991504156, 
        318.4002151024135
      ], 
      "quaternion_xyzw": [
        0.9470034171947554, 
        -0.004913640497639445, 
        0.24338667992036397, 
        0.20957830186168966
      ], 
      "visibility": 0.36999539806718823
    }, 
    {
      "bounding_box": {
        "bottom_right": [
          272, 
          542
        ], 
        "top_left": [
          228, 
          352
        ]
      }, 
      "class": "037_scissors", 
      "cuboid": [
        [
          -13.929283976729206, 
          -1.0867315693876884, 
          59.819228600916276
        ], 
        [
          5.955602180557049, 
          -2.015775659955441, 
          63.585846284222846
        ], 
        [
          7.283335082311638, 
          -5.572662769645685, 
          55.69910839421461
        ], 
        [
          -12.601551074974617, 
          -4.643618679077932, 
          51.93249071090804
        ], 
        [
          -13.746327028805172, 
          0.3418819607425495, 
          59.205730618718945
        ], 
        [
          6.138559128481083, 
          -0.5871621298252031, 
          62.972348302025516
        ], 
        [
          7.466292030235672, 
          -4.144049239515447, 
          55.08561041201728
        ], 
        [
          -12.418594127050584, 
          -3.2150051489476943, 
          51.31899272871071
        ]
      ], 
      "cuboid_centroid": [
        -3.2314959732467665, 
        -2.615390404451568, 
        57.45241950646678
      ], 
      "location": [
        -3.2314959732467665, 
        -2.615390404451568, 
        57.45241950646678
      ], 
      "pose_transform_permuted": [
        [
          -0.11686805842992382, 
          -0.9125605308105755, 
          0.39188628168331074, 
          0.0
        ], 
        [
          -0.9814946938874142, 
          0.04585652832342645, 
          -0.1859158378290878, 
          0.0
        ], 
        [
          -0.15168889094100071, 
          0.40636204778706353, 
          0.9010325209963357, 
          0.0
        ], 
        [
          -3.2314959732467665, 
          -2.615390404451568, 
          57.45241950646678, 
          1.0
        ]
      ], 
      "projected_cuboid": [
        [
          356.3753320145623, 
          263.5977599553695
        ], 
        [
          531.9653309874706, 
          256.37943211500414
        ], 
        [
          551.916247462086, 
          219.9282299017768
        ], 
        [
          351.10726119844117, 
          225.59899701372646
        ], 
        [
          356.7395599389333, 
          276.36617812591993
        ], 
        [
          534.0184303862409, 
          268.31379882248945
        ], 
        [
          554.4854907976801, 
          233.1653049311262
        ], 
        [
          351.46448624483435, 
          239.87541444294442
        ]
      ], 
      "projected_cuboid_centroid": [
        451.349739699528, 
        249.0083799453769
      ], 
      "quaternion_xyzw": [
        -0.09080305350309424, 
        -0.5438855531972885, 
        0.8336280680492032, 
        -0.031738483465784555
      ], 
      "visibility": 0.8061790335357804
    }, 
    {
      "bounding_box": {
        "bottom_right": [
          338, 
          503
        ], 
        "top_left": [
          291, 
          446
        ]
      }, 
      "class": "061_foam_brick", 
      "cuboid": [
        [
          3.21248771235113, 
          7.067652147064845, 
          74.49012903598845
        ], 
        [
          -4.5155016236895875, 
          7.697356604452729, 
          73.76538889086737
        ], 
        [
          -5.085396615799252, 
          3.0280032199227085, 
          75.78518839029233
        ], 
        [
          2.6425927202414665, 
          2.398298762534823, 
          76.50992853541341
        ], 
        [
          2.9340131516505545, 
          9.180019499385308, 
          79.29490712961507
        ], 
        [
          -4.793976184390163, 
          9.809723956773194, 
          78.570166984494
        ], 
        [
          -5.363871176499827, 
          5.140370572243174, 
          80.58996648391896
        ], 
        [
          2.3641181595408907, 
          4.5106661148552885, 
          81.31470662904003
        ]
      ], 
      "cuboid_centroid": [
        -1.0756917320743484, 
        6.104011359654009, 
        77.5400477599537
      ], 
      "location": [
        -1.0756917320743484, 
        6.104011359654009, 
        77.5400477599537
      ], 
      "pose_transform_permuted": [
        [
          0.05298222193252536, 
          -0.4018963728036952, 
          -0.9141510759641025, 
          0.0
        ], 
        [
          0.9923709537776102, 
          -0.08086196626355382, 
          0.09306574294824255, 
          0.0
        ], 
        [
          0.11132283798758064, 
          0.912107804998524, 
          -0.3945460401564892, 
          0.0
        ], 
        [
          -1.0756917320743484, 
          6.104011359654009, 
          77.5400477599537, 
          1.0
        ]
      ], 
      "projected_cuboid": [
        [
          504.788870786992, 
          323.8881055428259
        ], 
        [
          448.67818489780655, 
          328.93799020762475
        ], 
        [
          445.51161000429477, 
          294.59536427574216
        ], 
        [
          500.1710150800089, 
          290.0041028888828
        ], 
        [
          501.49502672139647, 
          335.02926964152
        ], 
        [
          448.78527815496545, 
          339.87310757193603
        ], 
        [
          445.80481058259227, 
          307.3039276211367
        ], 
        [
          497.2318507240369, 
          302.8706891384132
        ]
      ], 
      "projected_cuboid_centroid": [
        474.1368169626646, 
        315.26985999434595
      ], 
      "quaternion_xyzw": [
        0.9770657391829166, 
        -0.049173969709512946, 
        0.03736902211997074, 
        0.20378424424804295
      ], 
      "visibility": 0.03161397670549085
    }
  ]
}