{
  "camera_data": {
    "location_worldframe": [
      -18.372676014936275, 
      6.646897462974409, 
      80.34129675432004
    ], 
    "quaternion_xyzw_worldframe": [
      0.9301977975759385, 
      0.02646644343616769, 
      -0.08486021909010251, 
      -0.3561334701475395
    ]
  }, 
  "objects": [
    {
      "bounding_box": {
        "bottom_right": [
          380, 
          551
        ], 
        "top_left": [
          254, 
          361
        ]
      }, 
      "class": "003_cracker_box", 
      "cuboid": [
        [
          -12.32229237548384, 
          14.255233085404829, 
          70.466945820573
        ], 
        [
          -13.871876478191671, 
          2.218252004591274, 
          59.43118616135933
        ], 
        [
          7.255827870336419, 
          2.2747599333850106, 
          56.40290893468966
        ], 
        [
          8.805411973044249, 
          14.311741014198564, 
          67.43866859390334
        ], 
        [
          -11.56197346285965, 
          9.377434475119202, 
          75.68052361356163
        ], 
        [
          -13.11155756556748, 
          -2.6595466056943518, 
          64.64476395434797
        ], 
        [
          8.016146782960611, 
          -2.6030386769006153, 
          61.6164867276783
        ], 
        [
          9.565730885668442, 
          9.433942403912939, 
          72.65224638689197
        ]
      ], 
      "cuboid_centroid": [
        -2.153072796261615, 
        5.826097204252107, 
        66.04171627412565
      ], 
      "location": [
        -2.153072796261615, 
        5.826097204252107, 
        66.04171627412565
      ], 
      "pose_transform_permuted": [
        [
          -0.10589400150447104, 
          0.679359154165091, 
          -0.72612505816661, 
          0.0
        ], 
        [
          0.0944660950807466, 
          0.7338011517272747, 
          0.6727644659194776, 
          0.0
        ], 
        [
          -0.9898801025000786, 
          -0.002647522580952244, 
          0.14188154671632605, 
          0.0
        ], 
        [
          -2.153072796261615, 
          5.826097204252107, 
          66.04171627412565, 
          1.0
        ]
      ], 
      "projected_cuboid": [
        [
          387.5602781037765, 
          381.1753485235267
        ], 
        [
          356.07717775542227, 
          293.1925387004039
        ], 
        [
          550.7765355965856, 
          294.79560626179796
        ], 
        [
          551.8124784618506, 
          386.4668826010469
        ], 
        [
          399.441013538518, 
          339.3691865505991
        ], 
        [
          372.5252209750855, 
          251.34526694245665
        ], 
        [
          551.5587876472297, 
          250.75601772833235
        ], 
        [
          552.4015676711663, 
          342.5384397563981
        ]
      ], 
      "projected_cuboid_centroid": [
        464.06504324872947, 
        320.33515978873464
      ], 
      "quaternion_xyzw": [
        0.6741556998695488, 
        0.6391999854636293, 
        0.21021496388916455, 
        -0.3045441509432946
      ], 
      "visibility": 0.979179983563145
    }, 
    {
      "bounding_box": {
        "bottom_right": [
          419, 
          428
        ], 
        "top_left": [
          350, 
          352
        ]
      }, 
      "class": "005_tomato_soup_can", 
      "cuboid": [
        [
          -19.98384403287948, 
          18.22263289088906, 
          79.64144251462096
        ], 
        [
          -14.694017315988026, 
          15.58223780599747, 
          76.35154269876847
        ], 
        [
          -8.400667256903644, 
          21.585053246431585, 
          81.65289771657835
        ], 
        [
          -13.690493973795098, 
          24.225448331323175, 
          84.94279753243084
        ], 
        [
          -19.418759899452926, 
          13.432748663557486, 
          84.3942875228467
        ], 
        [
          -14.12893318256147, 
          10.7923535786659, 
          81.1043877069942
        ], 
        [
          -7.835583123477089, 
          16.795169019100012, 
          86.40574272480409
        ], 
        [
          -13.125409840368544, 
          19.435564103991602, 
          89.69564254065658
        ]
      ], 
      "cuboid_centroid": [
        -13.909713578178284, 
        17.508900954994537, 
        83.02359261971253
      ], 
      "location": [
        -13.909713578178284, 
        17.508900954994537, 
        83.02359261971253
      ], 
      "pose_transform_permuted": [
        [
          -0.08345159575975657, 
          0.707369856328237, 
          -0.7018999063557712, 
          0.0
        ], 
        [
          -0.7818363575151941, 
          0.3902503779529802, 
          0.4862471733530701, 
          0.0
        ], 
        [
          -0.6178734445553363, 
          -0.5893491095187229, 
          -0.5204805794867015, 
          0.0
        ], 
        [
          -13.909713578178284, 
          17.508900954994537, 
          83.02359261971253, 
          1.0
        ]
      ], 
      "projected_cuboid": [
        [
          346.65988163678435, 
          395.31455092037197
        ], 
        [
          378.1032363606698, 
          382.1292971167038
        ], 
        [
          426.2704768758629, 
          414.2702865321813
        ], 
        [
          394.9239754565562, 
          425.3877917841796
        ], 
        [
          357.85989860079985, 
          358.1731828998115
        ], 
        [
          387.91493808087125, 
          344.2540118103925
        ], 
        [
          432.83069629951046, 
          376.9508577140177
        ], 
        [
          402.90458269965154, 
          388.84808203234644
        ]
      ], 
      "projected_cuboid_centroid": [
        391.50046855428207, 
        385.75866144005613
      ], 
      "quaternion_xyzw": [
        0.2875388748739396, 
        0.8765108917448897, 
        0.3502096914536421, 
        -0.16249049911368316
      ], 
      "visibility": 0.6712116516888751
    }, 
    {
      "bounding_box": {
        "bottom_right": [
          430, 
          541
        ], 
        "top_left": [
          350, 
          462
        ]
      }, 
      "class": "010_potted_meat_can", 
      "cuboid": [
        [
          7.992660012725439, 
          18.520018751658412, 
          70.46812675528672
        ], 
        [
          -1.730803448865871, 
          15.573116304779699, 
          70.16638687211169
        ], 
        [
          -0.25439334491103166, 
          10.075512722200747, 
          76.2811958590021
        ], 
        [
          9.469070116680278, 
          13.02241516907946, 
          76.58293574217714
        ], 
        [
          6.657850038777396, 
          22.5228108679922, 
          74.38917993337868
        ], 
        [
          -3.065613422813914, 
          19.575908421113486, 
          74.08744005020364
        ], 
        [
          -1.589203318859074, 
          14.078304838534534, 
          80.20224903709406
        ], 
        [
          8.134260142732236, 
          17.025207285413245, 
          80.5039889202691
        ]
      ], 
      "cuboid_centroid": [
        3.2017283469331823, 
        16.299161795096474, 
        75.33518789619039
      ], 
      "location": [
        3.2017283469331823, 
        16.299161795096474, 
        75.33518789619039
      ], 
      "pose_transform_permuted": [
        [
          0.23173382405469994, 
          -0.6949171358605233, 
          -0.6807265940585896, 
          0.0
        ], 
        [
          0.9565913295824696, 
          0.2899153517617268, 
          0.029685076431318288, 
          0.0
        ], 
        [
          -0.1767245830666379, 
          0.6580567949206059, 
          -0.731935568474946, 
          0.0
        ], 
        [
          3.2017283469331823, 
          16.299161795096474, 
          75.33518789619039, 
          1.0
        ]
      ], 
      "projected_cuboid": [
        [
          542.5915237617235, 
          413.4504551415469
        ], 
        [
          468.33197369521304, 
          391.6544384332391
        ], 
        [
          479.80365743456167, 
          343.7294326519904
        ], 
        [
          548.0887116922298, 
          363.973960219156
        ], 
        [
          529.7270819736383, 
          434.7597000020099
        ], 
        [
          459.3453002499813, 
          414.2040175470699
        ], 
        [
          470.9413035649107, 
          366.9028113202408
        ], 
        [
          535.9336613121678, 
          386.0744454458917
        ]
      ], 
      "projected_cuboid_centroid": [
        504.45191752814026, 
        388.6730182883289
      ], 
      "quaternion_xyzw": [
        0.9076583496230375, 
        0.12852851929973605, 
        0.07200366211432664, 
        0.39300379513064027
      ], 
      "visibility": 0.6562628336755647
    }, 
    {
      "bounding_box": {
        "bottom_right": [
          296, 
          455
        ], 
        "top_left": [
          241, 
          296
        ]
      }, 
      "class": "037_scissors", 
      "cuboid": [
        [
          -22.431264627111105, 
          2.16318657720879, 
          72.77755545908961
        ], 
        [
          -2.5490024062270633, 
          3.124815794628989, 
          69.00526869760631
        ], 
        [
          -3.320008540662131, 
          -3.4405323262089276, 
          63.26796020772647
        ], 
        [
          -23.202270761546174, 
          -4.402161543629127, 
          67.04024696920978
        ], 
        [
          -22.698606018168334, 
          3.1958758765125683, 
          71.63174961639369
        ], 
        [
          -2.816343797284293, 
          4.157505093932768, 
          67.85946285491039
        ], 
        [
          -3.587349931719361, 
          -2.407843026905149, 
          62.122154365030546
        ], 
        [
          -23.469612152603403, 
          -3.3694722443253484, 
          65.89444112651385
        ]
      ], 
      "cuboid_centroid": [
        -13.009307279415234, 
        -0.12232822484817951, 
        67.44985491206008
      ], 
      "location": [
        -13.009307279415234, 
        -0.12232822484817951, 
        67.44985491206008
      ], 
      "pose_transform_permuted": [
        [
          0.17077060841540623, 
          -0.6596546058535128, 
          0.7319104614115781, 
          0.0
        ], 
        [
          -0.9813651794594461, 
          -0.04746489202500113, 
          0.18619565688893452, 
          0.0
        ], 
        [
          0.08808478368398574, 
          0.7500683110100121, 
          0.6554676476467406, 
          0.0
        ], 
        [
          -13.009307279415234, 
          -0.12232822484817951, 
          67.44985491206008, 
          1.0
        ]
      ], 
      "projected_cuboid": [
        [
          315.8491690154416, 
          289.13853735680476
        ], 
        [
          461.73247324140357, 
          297.4372367401223
        ], 
        [
          453.37771248364226, 
          244.2844449777081
        ], 
        [
          295.47981996364547, 
          238.26639611682359
        ], 
        [
          311.1908785964185, 
          297.08078005224917
        ], 
        [
          459.27846692310925, 
          305.96110966893707
        ], 
        [
          450.54296719683504, 
          252.61517117878188
        ], 
        [
          290.0617481811425, 
          246.01556485943578
        ]
      ], 
      "projected_cuboid_centroid": [
        377.8764997898825, 
        272.31930035029205
      ], 
      "quaternion_xyzw": [
        0.0959067927133708, 
        -0.3533363502897262, 
        0.930503083267465, 
        0.010913422101823594
      ], 
      "visibility": 0.7348712805081913
    }, 
    {
      "bounding_box": {
        "bottom_right": [
          406, 
          472
        ], 
        "top_left": [
          358, 
          411
        ]
      }, 
      "class": "061_foam_brick", 
      "cuboid": [
        [
          -3.0142859060698695, 
          15.961332442666155, 
          75.63424983860675
        ], 
        [
          -10.542624865772893, 
          16.14559701324246, 
          77.61761925336823
        ], 
        [
          -9.637918986161743, 
          12.776807174882403, 
          81.3646172045139
        ], 
        [
          -2.10958002645872, 
          12.592542604306095, 
          79.38124778975244
        ], 
        [
          -2.0423507885326875, 
          19.916979466295626, 
          78.95595650730138
        ], 
        [
          -9.570689748235711, 
          20.101244036871936, 
          80.93932592206285
        ], 
        [
          -8.665983868624561, 
          16.732454198511874, 
          84.68632387320855
        ], 
        [
          -1.1376449089215381, 
          16.548189627935567, 
          82.70295445844707
        ]
      ], 
      "cuboid_centroid": [
        -5.840134887347215, 
        16.346893320589015, 
        80.16028685590764
      ], 
      "location": [
        -5.840134887347215, 
        16.346893320589015, 
        80.16028685590764
      ], 
      "pose_transform_permuted": [
        [
          -0.184919160916603, 
          -0.7525964596745184, 
          -0.6319837599268521, 
          0.0
        ], 
        [
          0.9667333363103735, 
          -0.023661886643326913, 
          -0.25468955924162445, 
          0.0
        ], 
        [
          -0.1767245325134972, 
          0.6580567483172404, 
          -0.7319356225803104, 
          0.0
        ], 
        [
          -5.840134887347215, 
          16.346893320589015, 
          80.16028685590764, 
          1.0
        ]
      ], 
      "projected_cuboid": [
        [
          460.16531691762856, 
          385.8346386546527
        ], 
        [
          408.5538044356854, 
          384.2247908160594
        ], 
        [
          417.8970700711949, 
          357.03450744141264
        ], 
        [
          467.3058320409134, 
          357.8890072016329
        ], 
        [
          467.6867472738315, 
          407.81869561555584
        ], 
        [
          418.0090355554337, 
          405.73620900153685
        ], 
        [
          426.56747175966854, 
          378.66064197420235
        ], 
        [
          474.1996973823335, 
          379.99945594668037
        ]
      ], 
      "projected_cuboid_centroid": [
        442.4178879344747, 
        382.0451100103876
      ], 
      "quaternion_xyzw": [
        0.9023266931320476, 
        0.042407768448830235, 
        -0.12179865771018883, 
        0.4113067067488329
      ], 
      "visibility": 0.5957365816520747
    }
  ]
}