{
  "camera_data": {
    "location_worldframe": [
      -23.485494211571712, 
      15.73684166137336, 
      74.40916024522168
    ], 
    "quaternion_xyzw_worldframe": [
      0.9195842519017708, 
      0.037468292516633646, 
      -0.12917628161245404, 
      -0.3691572388244651
    ]
  }, 
  "objects": [
    {
      "bounding_box": {
        "bottom_right": [
          490, 
          508
        ], 
        "top_left": [
          343, 
          282
        ]
      }, 
      "class": "003_cracker_box", 
      "cuboid": [
        [
          -18.60264498129367, 
          23.933228481508294, 
          64.36050499534812
        ], 
        [
          -20.413001552619814, 
          12.161257918048122, 
          53.081257067190876
        ], 
        [
          0.38672701199411463, 
          13.395187163036134, 
          48.45499968101552
        ], 
        [
          2.1970835833202598, 
          25.16715772649631, 
          59.73424760917276
        ], 
        [
          -17.200374905689674, 
          18.950274253605954, 
          69.33606560020849
        ], 
        [
          -19.010731477015817, 
          7.178303690145784, 
          58.05681767205124
        ], 
        [
          1.7889970875981072, 
          8.412232935133797, 
          53.430560285875885
        ], 
        [
          3.5993536589242523, 
          20.184203498593966, 
          64.70980821403313
        ]
      ], 
      "cuboid_centroid": [
        -8.40682394684778, 
        16.172730708321044, 
        58.895532640612004
      ], 
      "location": [
        -8.40682394684778, 
        16.172730708321044, 
        58.895532640612004
      ], 
      "pose_transform_permuted": [
        [
          -0.19530224361139892, 
          0.6940047837097709, 
          -0.6929750311723412, 
          0.0
        ], 
        [
          0.1103633650462113, 
          0.7176455208802908, 
          0.6876080526114656, 
          0.0
        ], 
        [
          -0.9745137050324278, 
          -0.057812339067101426, 
          0.21675048363397062, 
          0.0
        ], 
        [
          -8.40682394684778, 
          16.172730708321044, 
          58.895532640612004, 
          1.0
        ]
      ], 
      "projected_cuboid": [
        [
          326.1627214689538, 
          471.6078444817548
        ], 
        [
          274.7937954526792, 
          395.47348987446156
        ], 
        [
          485.8890487437487, 
          420.72056298028104
        ], 
        [
          501.3765514440743, 
          497.9840708961443
        ], 
        [
          348.1925755356983, 
          419.0483760439864
        ], 
        [
          305.50599572186053, 
          339.22762957777013
        ], 
        [
          499.60283690668155, 
          357.253626076712
        ], 
        [
          511.5091170470383, 
          439.63892402014494
        ]
      ], 
      "projected_cuboid_centroid": [
        404.8359427507207, 
        419.7362534926817
      ], 
      "quaternion_xyzw": [
        0.6605917909631203, 
        0.6403951915015506, 
        0.18631241552453356, 
        -0.34467400284216804
      ], 
      "visibility": 0.9663922907046778
    }, 
    {
      "bounding_box": {
        "bottom_right": [
          494, 
          387
        ], 
        "top_left": [
          420, 
          302
        ]
      }, 
      "class": "005_tomato_soup_can", 
      "cuboid": [
        [
          -25.71284038038669, 
          27.229701530823412, 
          74.21901994268839
        ], 
        [
          -20.571702140496384, 
          24.96303546303855, 
          70.4496279183833
        ], 
        [
          -14.187463501896714, 
          31.124112772992646, 
          75.45233084671408
        ], 
        [
          -19.32860174178702, 
          33.3907788407775, 
          79.22172287101917
        ], 
        [
          -24.545129536671883, 
          22.33796786145543, 
          78.75324972896401
        ], 
        [
          -19.403991296781577, 
          20.07130179367057, 
          74.9838577046589
        ], 
        [
          -13.019752658181908, 
          26.23237910362466, 
          79.9865606329897
        ], 
        [
          -18.160890898072214, 
          28.49904517140952, 
          83.75595265729478
        ]
      ], 
      "cuboid_centroid": [
        -19.366296519284298, 
        26.731040317224036, 
        77.10279028783904
      ], 
      "location": [
        -19.366296519284298, 
        26.731040317224036, 
        77.10279028783904
      ], 
      "pose_transform_permuted": [
        [
          -0.1724474773394742, 
          0.7224109766896248, 
          -0.6696148216224864, 
          0.0
        ], 
        [
          -0.7598602014925686, 
          0.33501323143182404, 
          0.5571161189305159, 
          0.0
        ], 
        [
          -0.6267967746050908, 
          -0.6048870671317631, 
          -0.4911592810498334, 
          0.0
        ], 
        [
          -19.366296519284298, 
          26.731040317224036, 
          77.10279028783904, 
          1.0
        ]
      ], 
      "projected_cuboid": [
        [
          295.2911819667583, 
          468.95246137287006
        ], 
        [
          324.56684022180616, 
          462.26235036269895
        ], 
        [
          380.48014813116583, 
          493.2810519267528
        ], 
        [
          350.3928216458095, 
          498.0728163878828
        ], 
        [
          313.9914461833691, 
          424.55998701068035
        ], 
        [
          342.4368732821649, 
          416.0428409241893
        ], 
        [
          394.0629328065652, 
          448.19393965514115
        ], 
        [
          364.99313413878025, 
          454.7554176177531
        ]
      ], 
      "projected_cuboid_centroid": [
        346.5241698254406, 
        458.18499919784523
      ], 
      "quaternion_xyzw": [
        0.27607405437613736, 
        0.8709710228025411, 
        0.3483382988548025, 
        -0.20941098416869788
      ], 
      "visibility": 0.2649616368286445
    }, 
    {
      "bounding_box": {
        "bottom_right": [
          531, 
          503
        ], 
        "top_left": [
          436, 
          409
        ]
      }, 
      "class": "010_potted_meat_can", 
      "cuboid": [
        [
          1.416740287379268, 
          29.237309637550744, 
          62.954967352294865
        ], 
        [
          -8.144211826291297, 
          25.8033787823985, 
          63.29751112986381
        ], 
        [
          -5.928318996851765, 
          20.21217544954805, 
          69.09600965547895
        ], 
        [
          3.6326331168188015, 
          23.64610630470029, 
          68.75346587791003
        ], 
        [
          0.19603358094976361, 
          33.04926569225743, 
          67.09713907645398
        ], 
        [
          -9.364918532720804, 
          29.615334837105188, 
          67.4396828540229
        ], 
        [
          -7.14902570328127, 
          24.024131504254733, 
          73.23818137963806
        ], 
        [
          2.411926410389297, 
          27.458062359406977, 
          72.89563760206913
        ]
      ], 
      "cuboid_centroid": [
        -2.8661427079510005, 
        26.63072057090274, 
        68.09657436596646
      ], 
      "location": [
        -2.8661427079510005, 
        26.63072057090274, 
        68.09657436596646
      ], 
      "pose_transform_permuted": [
        [
          0.21192457252431202, 
          -0.6617864497018149, 
          -0.7191145648182008, 
          0.0
        ], 
        [
          0.9406035134104015, 
          0.3378290560148575, 
          -0.033699350948272526, 
          0.0
        ], 
        [
          -0.26523981064209284, 
          0.6692605768491933, 
          -0.694073571839493, 
          0.0
        ], 
        [
          -2.8661427079510005, 
          26.63072057090274, 
          68.09657436596646, 
          1.0
        ]
      ], 
      "projected_cuboid": [
        [
          493.69892510704904, 
          520.9688169934641
        ], 
        [
          412.405342677812, 
          490.6955161702045
        ], 
        [
          435.4578396704995, 
          429.2948087843825
        ], 
        [
          510.0101731672292, 
          456.7090228993213
        ], 
        [
          483.16822113793984, 
          535.9776280296022
        ], 
        [
          406.9212105668284, 
          507.48749152071576
        ], 
        [
          429.1041110177281, 
          448.22998357960927
        ], 
        [
          499.3902770423762, 
          474.1754094410159
        ]
      ], 
      "projected_cuboid_centroid": [
        458.9629141218763, 
        481.85334074147767
      ], 
      "quaternion_xyzw": [
        0.9122744454216883, 
        0.16526519779313473, 
        0.048840900474214466, 
        0.3715603424895283
      ], 
      "visibility": 0.44024647316361276
    }, 
    {
      "bounding_box": {
        "bottom_right": [
          375, 
          397
        ], 
        "top_left": [
          321, 
          228
        ]
      }, 
      "class": "037_scissors", 
      "cuboid": [
        [
          -27.8950792868115, 
          11.273712667061064, 
          67.03200142509182
        ], 
        [
          -8.437845094479432, 
          13.368851415626015, 
          61.789324590529496
        ], 
        [
          -9.329448481585198, 
          6.9436058134592225, 
          55.91257230145761
        ], 
        [
          -28.78668267391727, 
          4.8484670648942725, 
          61.15524913601993
        ], 
        [
          -28.30114846937215, 
          12.324416445065994, 
          65.94484043090294
        ], 
        [
          -8.843914277040083, 
          14.419555193630945, 
          60.70216359634062
        ], 
        [
          -9.73551766414585, 
          7.994309591464152, 
          54.82541130726874
        ], 
        [
          -29.192751856477916, 
          5.899170842899203, 
          60.068088141831055
        ]
      ], 
      "cuboid_centroid": [
        -18.815298475478677, 
        9.634011129262609, 
        60.92870636618027
      ], 
      "location": [
        -18.815298475478677, 
        9.634011129262609, 
        60.92870636618027
      ], 
      "pose_transform_permuted": [
        [
          0.25938625175248264, 
          -0.6711617782966433, 
          0.6944496835635505, 
          0.0
        ], 
        [
          -0.9603862937128798, 
          -0.10341359504947013, 
          0.2587723889484731, 
          0.0
        ], 
        [
          0.10186260261426548, 
          0.7340620829146027, 
          0.6713986193204013, 
          0.0
        ], 
        [
          -18.815298475478677, 
          9.634011129262609, 
          60.92870636618027, 
          1.0
        ]
      ], 
      "projected_cuboid": [
        [
          257.8088844125893, 
          362.98237896131735
        ], 
        [
          408.16092929002923, 
          388.67653959914907
        ], 
        [
          391.86695129781845, 
          339.5178130902407
        ], 
        [
          228.46357110225622, 
          315.56880271912297
        ], 
        [
          250.8081368562039, 
          372.95851532433664
        ], 
        [
          403.2483152372814, 
          399.9744632507773
        ], 
        [
          386.10465108527086, 
          351.05197115193835
        ], 
        [
          220.2467911819312, 
          325.6628234986602
        ]
      ], 
      "projected_cuboid_centroid": [
        315.5310042171502, 
        357.6147160465527
      ], 
      "quaternion_xyzw": [
        0.1407354468776676, 
        -0.36464862819481564, 
        0.9204479969274517, 
        -0.0004212602016577852
      ], 
      "visibility": 0.7181959564541213
    }, 
    {
      "bounding_box": {
        "bottom_right": [
          492, 
          432
        ], 
        "top_left": [
          433, 
          361
        ]
      }, 
      "class": "061_foam_brick", 
      "cuboid": [
        [
          -9.015947034806953, 
          25.964402888517803, 
          68.85716740296778
        ], 
        [
          -16.367100657733033, 
          25.702221641877603, 
          71.41360957239277
        ], 
        [
          -15.009253494465376, 
          22.27607664489853, 
          74.96677898721276
        ], 
        [
          -7.658099871539297, 
          22.53825789153872, 
          72.41033681778777
        ], 
        [
          -7.9840011397388775, 
          29.86574639728276, 
          72.22468027411924
        ], 
        [
          -15.33515476266496, 
          29.60356515064257, 
          74.78112244354422
        ], 
        [
          -13.977307599397303, 
          26.17742015366349, 
          78.33429185836421
        ], 
        [
          -6.626153976471222, 
          26.439601400303687, 
          75.77784968893923
        ]
      ], 
      "cuboid_centroid": [
        -11.496627317102128, 
        26.070911521090643, 
        73.595729630666
      ], 
      "location": [
        -11.496627317102128, 
        26.070911521090643, 
        73.595729630666
      ], 
      "pose_transform_permuted": [
        [
          -0.19633673645918132, 
          -0.7422647407949572, 
          -0.6406987907661084, 
          0.0
        ], 
        [
          0.9439805122565521, 
          0.033667367083121624, 
          -0.3282793031452763, 
          0.0
        ], 
        [
          -0.2652407932359122, 
          0.6692604597361821, 
          -0.6940733092673272, 
          0.0
        ], 
        [
          -11.496627317102128, 
          26.070911521090643, 
          73.595729630666, 
          1.0
        ]
      ], 
      "projected_cuboid": [
        [
          411.18389231178406, 
          474.3886896972371
        ], 
        [
          358.3483233460056, 
          465.231717824545
        ], 
        [
          373.9302255671205, 
          431.76030558151064
        ], 
        [
          424.72327543623913, 
          439.28623957606226
        ], 
        [
          422.1505126816873, 
          493.8203964802392
        ], 
        [
          371.31931223672547, 
          484.4114918551853
        ], 
        [
          385.6430122713533, 
          451.5090057365587
        ], 
        [
          434.57399838534667, 
          459.3667349770407
        ]
      ], 
      "projected_cuboid_centroid": [
        397.59120995475706, 
        462.2122777641179
      ], 
      "quaternion_xyzw": [
        0.9019340001849973, 
        0.08285200476357589, 
        -0.14541419868217983, 
        0.39812726035598905
      ], 
      "visibility": 0.22664141414141414
    }
  ]
}