{
  "camera_data": {
    "location_worldframe": [
      -9.534622686640809, 
      0.35521645445906747, 
      79.38078607569207
    ], 
    "quaternion_xyzw_worldframe": [
      -0.8285862748624516, 
      -0.10850537419408542, 
      -0.19427544610821873, 
      0.5137419201464288
    ]
  }, 
  "objects": [
    {
      "bounding_box": {
        "bottom_right": [
          333, 
          660
        ], 
        "top_left": [
          233, 
          474
        ]
      }, 
      "class": "003_cracker_box", 
      "cuboid": [
        [
          0.4917572341515436, 
          9.787784175073783, 
          77.80127650827235
        ], 
        [
          5.6028982866833745, 
          2.865801648241537, 
          63.835586023140266
        ], 
        [
          25.071497995057477, 
          0.34196960646019886, 
          72.21159010422623
        ], 
        [
          19.960356942525646, 
          7.2639521332924435, 
          86.17728058935832
        ], 
        [
          -1.4200793472919484, 
          3.3339629562077024, 
          80.30037036319479
        ], 
        [
          3.691061705239884, 
          -3.588019570624543, 
          66.3346798780627
        ], 
        [
          23.159661413613986, 
          -6.11185161240588, 
          74.71068395914867
        ], 
        [
          18.048520361082154, 
          0.8101309144263642, 
          88.67637444428075
        ]
      ], 
      "cuboid_centroid": [
        11.825709323882764, 
        1.8379662813339508, 
        76.2559802337105
      ], 
      "location": [
        11.825709323882764, 
        1.8379662813339508, 
        76.2559802337105
      ], 
      "pose_transform_permuted": [
        [
          0.26627251074543135, 
          0.8988609154826994, 
          -0.3480632193135715, 
          0.0
        ], 
        [
          -0.31158653202227354, 
          0.42197945783281643, 
          0.851379568834873, 
          0.0
        ], 
        [
          -0.9121473472436656, 
          0.11824716396060053, 
          -0.3924344851457599, 
          0.0
        ], 
        [
          11.825709323882764, 
          1.8379662813339508, 
          76.2559802337105, 
          1.0
        ]
      ], 
      "projected_cuboid": [
        [
          484.9961051916365, 
          340.380771015831
        ], 
        [
          528.7970289125274, 
          297.2291103882637
        ], 
        [
          668.3060098204779, 
          275.81215869843265
        ], 
        [
          606.15381624517, 
          318.24047360586786
        ], 
        [
          472.08693146045766, 
          295.42924698851226
        ], 
        [
          511.51988137651733, 
          244.4394687661632
        ], 
        [
          648.2992315567675, 
          229.65730074791583
        ], 
        [
          591.049500904578, 
          278.1588468044286
        ]
      ], 
      "projected_cuboid_centroid": [
        564.9930328162894, 
        286.1409188187078
      ], 
      "quaternion_xyzw": [
        0.5372903896525363, 
        0.6207661772711293, 
        0.5200409783539421, 
        -0.23563906971444376
      ], 
      "visibility": 0.9811605723370429
    }, 
    {
      "bounding_box": {
        "bottom_right": [
          348, 
          461
        ], 
        "top_left": [
          299, 
          404
        ]
      }, 
      "class": "005_tomato_soup_can", 
      "cuboid": [
        [
          -11.04869472694872, 
          11.52880593153163, 
          82.533874049
        ], 
        [
          -4.706076219728867, 
          9.345965047112696, 
          81.64855498640965
        ], 
        [
          -2.4809243627400965, 
          11.917519421210958, 
          91.2496080805939
        ], 
        [
          -8.823542869959947, 
          14.100360305629895, 
          92.13492714318427
        ], 
        [
          -12.884256077354857, 
          5.351702440121879, 
          84.61376674974568
        ], 
        [
          -6.541637570135007, 
          3.1688615557029434, 
          83.72844768715531
        ], 
        [
          -4.316485713146237, 
          5.740415929801205, 
          93.32950078133958
        ], 
        [
          -10.659104220366089, 
          7.923256814220142, 
          94.21481984392993
        ]
      ], 
      "cuboid_centroid": [
        -7.682590220047477, 
        8.634610930666419, 
        87.93168741516979
      ], 
      "location": [
        -7.682590220047477, 
        8.634610930666419, 
        87.93168741516979
      ], 
      "pose_transform_permuted": [
        [
          0.27107560581726264, 
          0.9122343258967242, 
          -0.3071584470684047, 
          0.0
        ], 
        [
          -0.9374389779080133, 
          0.3226238698254065, 
          0.1308501522222212, 
          0.0
        ], 
        [
          -0.21846269945714447, 
          -0.2524720767267478, 
          -0.9426197003135359, 
          0.0
        ], 
        [
          -7.682590220047477, 
          8.634610930666419, 
          87.93168741516979, 
          1.0
        ]
      ], 
      "projected_cuboid": [
        [
          409.6073492908915, 
          347.78368287754324
        ], 
        [
          450.6013159499692, 
          334.33337688860126
        ], 
        [
          466.9761640852979, 
          342.9399493642065
        ], 
        [
          430.09668795644717, 
          354.9059467543416
        ], 
        [
          399.7109933408821, 
          307.01825593063506
        ], 
        [
          439.581990600684, 
          293.4710268940826
        ], 
        [
          456.7255045922264, 
          306.0894160133587
        ], 
        [
          420.75650579171065, 
          318.13752881830914
        ]
      ], 
      "projected_cuboid_centroid": [
        434.6126348783745, 
        325.6568181131638
      ], 
      "quaternion_xyzw": [
        0.17120697079634237, 
        0.7901059267122299, 
        0.5869004279997732, 
        0.044369194323900435
      ], 
      "visibility": 0.9134385461501674
    }, 
    {
      "bounding_box": {
        "bottom_right": [
          344, 
          580
        ], 
        "top_left": [
          287, 
          515
        ]
      }, 
      "class": "010_potted_meat_can", 
      "cuboid": [
        [
          17.46970964831942, 
          10.209194840228445, 
          89.73680038536476
        ], 
        [
          9.544853471953635, 
          9.280349501166341, 
          83.43958484217114
        ], 
        [
          7.786607352559844, 
          1.8156366241599906, 
          86.75333696625843
        ], 
        [
          15.711463528925629, 
          2.7444819632220954, 
          93.05055250945203
        ], 
        [
          14.072424746295068, 
          12.74151759610416, 
          93.63866111751699
        ], 
        [
          6.147568569929283, 
          11.812672257042056, 
          87.34144557432339
        ], 
        [
          4.3893224505354915, 
          4.347959380035707, 
          90.65519769841066
        ], 
        [
          12.314178626901276, 
          5.276804719097811, 
          96.95241324160428
        ]
      ], 
      "cuboid_centroid": [
        10.929516049427455, 
        7.278577110132075, 
        90.1959990418877
      ], 
      "location": [
        10.929516049427455, 
        7.278577110132075, 
        90.1959990418877
      ], 
      "pose_transform_permuted": [
        [
          0.5897961785682941, 
          -0.43963174340399275, 
          -0.6773946299757758, 
          0.0
        ], 
        [
          0.779644900857059, 
          0.0913795173273048, 
          0.6195181185105334, 
          0.0
        ], 
        [
          0.2104600283796934, 
          0.8935175039559753, 
          -0.3966522993488154, 
          0.0
        ], 
        [
          10.929516049427455, 
          7.278577110132075, 
          90.1959990418877, 
          1.0
        ]
      ], 
      "projected_cuboid": [
        [
          586.2874660356587, 
          333.96135046997625
        ], 
        [
          543.1131799894365, 
          332.6036131683088
        ], 
        [
          529.864460334122, 
          284.4482362105638
        ], 
        [
          572.3978169377738, 
          289.01654642493867
        ], 
        [
          562.4145816862072, 
          345.8559315655014
        ], 
        [
          519.4478414718295, 
          345.41643465119074
        ], 
        [
          507.63440327921944, 
          298.8653458499042
        ], 
        [
          549.899878225697, 
          302.31338939411506
        ]
      ], 
      "projected_cuboid_centroid": [
        546.7607185661888, 
        316.3240091740537
      ], 
      "quaternion_xyzw": [
        0.9152263428776526, 
        -0.03252761242589891, 
        0.33033202838013387, 
        0.22843639971161825
      ], 
      "visibility": 0.35262267343485615
    }, 
    {
      "bounding_box": {
        "bottom_right": [
          277, 
          567
        ], 
        "top_left": [
          238, 
          423
        ]
      }, 
      "class": "037_scissors", 
      "cuboid": [
        [
          -8.735167260365547, 
          -0.4076052335007702, 
          69.75970800970669
        ], 
        [
          10.035740681976892, 
          -1.6221398681539254, 
          77.28547373978259
        ], 
        [
          12.736135607097276, 
          -5.509639864922629, 
          69.9227184037225
        ], 
        [
          -6.03477233524516, 
          -4.295105230269473, 
          62.39695267364661
        ], 
        [
          -8.397948768814894, 
          0.99187768167716, 
          69.14446749047342
        ], 
        [
          10.372959173527544, 
          -0.22265695297599558, 
          76.6702332205493
        ], 
        [
          13.073354098647933, 
          -4.110156949744699, 
          69.30747788448922
        ], 
        [
          -5.697553843694507, 
          -2.8956223150915434, 
          61.78171215441333
        ]
      ], 
      "cuboid_centroid": [
        2.169093419141192, 
        -2.2588810916227344, 
        69.53359294709796
      ], 
      "location": [
        2.169093419141192, 
        -2.2588810916227344, 
        69.53359294709796
      ], 
      "pose_transform_permuted": [
        [
          -0.21540625169674152, 
          -0.8939526645940955, 
          0.3929993682451754, 
          0.0
        ], 
        [
          -0.9265100337578465, 
          0.05994800724658735, 
          -0.3714629831462553, 
          0.0
        ], 
        [
          -0.30851077860080783, 
          0.4441334264321664, 
          0.8411693268435109, 
          0.0
        ], 
        [
          2.169093419141192, 
          -2.2588810916227344, 
          69.53359294709796, 
          1.0
        ]
      ], 
      "projected_cuboid": [
        [
          414.25936405709433, 
          270.1703573173941
        ], 
        [
          551.4272709591835, 
          262.0927273406159
        ], 
        [
          579.548573461296, 
          231.26301682458006
        ], 
        [
          429.58678208860795, 
          236.5753905145978
        ], 
        [
          416.2828822266223, 
          280.9370096814554
        ], 
        [
          554.352869736334, 
          271.73773203206866
        ], 
        [
          583.0345999721651, 
          241.65896678545042
        ], 
        [
          432.004085360234, 
          248.29059610391042
        ]
      ], 
      "projected_cuboid_centroid": [
        498.37256341048266, 
        255.9610198950339
      ], 
      "quaternion_xyzw": [
        -0.17651043711955844, 
        -0.5218660699539741, 
        0.8312103867907312, 
        -0.0747592833608321
      ], 
      "visibility": 0.7916328188464663
    }, 
    {
      "bounding_box": {
        "bottom_right": [
          337, 
          514
        ], 
        "top_left": [
          294, 
          458
        ]
      }, 
      "class": "061_foam_brick", 
      "cuboid": [
        [
          5.531304025502726, 
          7.9339728691932025, 
          87.15095042646236
        ], 
        [
          -1.8965686816811342, 
          8.702981241055891, 
          84.94212079757705
        ], 
        [
          -2.9739693750435143, 
          4.1287950341628585, 
          86.97270190655615
        ], 
        [
          4.453903332140345, 
          3.3597866623001695, 
          89.18153153544145
        ], 
        [
          4.405104999514438, 
          10.23628142400344, 
          91.73969617158832
        ], 
        [
          -3.0227677076694217, 
          11.005289795866128, 
          89.53086654270302
        ], 
        [
          -4.1001684010318025, 
          6.431103588973095, 
          91.56144765168212
        ], 
        [
          3.3277043061520573, 
          5.662095217110406, 
          93.77027728056743
        ]
      ], 
      "cuboid_centroid": [
        0.7155678122354616, 
        7.182538229083149, 
        89.35619903907224
      ], 
      "location": [
        0.7155678122354616, 
        7.182538229083149, 
        89.35619903907224
      ], 
      "pose_transform_permuted": [
        [
          0.2142692193678069, 
          -0.43803434863576574, 
          -0.8730490312959243, 
          0.0
        ], 
        [
          0.9538322068574717, 
          -0.09875033961153529, 
          0.2836414842508273, 
          0.0
        ], 
        [
          0.21045860113788756, 
          0.89351792362652, 
          -0.3966521112577581, 
          0.0
        ], 
        [
          0.7155678122354616, 
          7.182538229083149, 
          89.35619903907224, 
          1.0
        ]
      ], 
      "projected_cuboid": [
        [
          515.727922097387, 
          321.83842505534255
        ], 
        [
          469.5899943535557, 
          327.9292792297633
        ], 
        [
          463.2086129044649, 
          298.6044503648476
        ], 
        [
          508.45407537330306, 
          293.3785905783321
        ], 
        [
          507.4191184785779, 
          332.79414014376687
        ], 
        [
          463.44092061871225, 
          338.8431085057417
        ], 
        [
          457.51572166790544, 
          310.7459007740525
        ], 
        [
          500.68115086597464, 
          305.4897728298242
        ]
      ], 
      "projected_cuboid_centroid": [
        485.9035036483515, 
        316.155285036919
      ], 
      "quaternion_xyzw": [
        0.9644168136469723, 
        -0.08015438355438338, 
        0.12907041244329026, 
        0.2163707766399081
      ], 
      "visibility": 0.3001555209953344
    }
  ]
}