{
  "camera_data": {
    "location_worldframe": [
      -15.815892620458042, 
      4.306385286952824, 
      71.57770383629085
    ], 
    "quaternion_xyzw_worldframe": [
      -0.8473053167275969, 
      -0.03348088480160752, 
      -0.051046962903186124, 
      0.527587975992502
    ]
  }, 
  "objects": [
    {
      "bounding_box": {
        "bottom_right": [
          376, 
          620
        ], 
        "top_left": [
          265, 
          411
        ]
      }, 
      "class": "003_cracker_box", 
      "cuboid": [
        [
          -7.049202201330285, 
          13.974614550392412, 
          66.92293404430278
        ], 
        [
          -6.520717864992943, 
          7.147713480529243, 
          52.01681980296867
        ], 
        [
          14.65894988681598, 
          5.112399708317636, 
          53.69988810759166
        ], 
        [
          14.130465550478638, 
          11.939300778180803, 
          68.60600234892577
        ], 
        [
          -7.907011052758969, 
          7.48197963618599, 
          69.86610467819084
        ], 
        [
          -7.378526716421628, 
          0.6550785663228219, 
          54.95999043685673
        ], 
        [
          13.801141035387296, 
          -1.3802352058887843, 
          56.64305874147972
        ], 
        [
          13.272656699049957, 
          5.446665863974383, 
          71.54917298281383
        ]
      ], 
      "cuboid_centroid": [
        3.3759694170285055, 
        6.297189672251813, 
        61.782996392891256
      ], 
      "location": [
        3.3759694170285055, 
        6.297189672251813, 
        61.782996392891256
      ], 
      "pose_transform_permuted": [
        [
          0.11947198773501544, 
          0.9042667227624083, 
          -0.40991235435295, 
          0.0
        ], 
        [
          -0.032217581141861684, 
          0.4161830806379542, 
          0.9087098936712805, 
          0.0
        ], 
        [
          -0.9923147039180726, 
          0.09535899273396481, 
          -0.07885550641998196, 
          0.0
        ], 
        [
          3.3759694170285055, 
          6.297189672251813, 
          61.782996392891256, 
          1.0
        ]
      ], 
      "projected_cuboid": [
        [
          424.9527011879178, 
          384.65248021670664
        ], 
        [
          414.18411592228705, 
          346.57082541965104
        ], 
        [
          628.3954343659032, 
          324.0602542316706
        ], 
        [
          592.357872368767, 
          366.0985762341497
        ], 
        [
          420.7362832896238, 
          330.3998732567494
        ], 
        [
          409.400801583306, 
          279.6432754036702
        ], 
        [
          612.6238395391857, 
          260.29100982603757
        ], 
        [
          581.3544373155233, 
          313.88537996868035
        ]
      ], 
      "projected_cuboid_centroid": [
        510.9817701417049, 
        327.64477191683886
      ], 
      "quaternion_xyzw": [
        0.6068471318925905, 
        0.5802523034768684, 
        0.42357532373914214, 
        -0.3400408327580761
      ], 
      "visibility": 0.9849644319896529
    }, 
    {
      "bounding_box": {
        "bottom_right": [
          383, 
          440
        ], 
        "top_left": [
          330, 
          363
        ]
      }, 
      "class": "005_tomato_soup_can", 
      "cuboid": [
        [
          -16.502503952276438, 
          15.4469976809921, 
          75.11303423972579
        ], 
        [
          -10.72839174577781, 
          13.41587411177296, 
          72.23005679084929
        ], 
        [
          -5.605509652247727, 
          16.061137027546003, 
          80.62666779560436
        ], 
        [
          -11.379621858746354, 
          18.092260596765144, 
          83.5096452444809
        ], 
        [
          -17.428917491643798, 
          9.231932843876457, 
          77.63624126369986
        ], 
        [
          -11.65480528514517, 
          7.200809274657318, 
          74.75326381482333
        ], 
        [
          -6.5319231916150855, 
          9.846072190430357, 
          83.14987481957843
        ], 
        [
          -12.306035398113712, 
          11.877195759649496, 
          86.03285226845495
        ]
      ], 
      "cuboid_centroid": [
        -11.517213571945762, 
        12.646534935711228, 
        79.13145452965212
      ], 
      "location": [
        -11.517213571945762, 
        12.646534935711228, 
        79.13145452965212
      ], 
      "pose_transform_permuted": [
        [
          0.1368127038443885, 
          0.917840455478057, 
          -0.3726270835212344, 
          0.0
        ], 
        [
          -0.8534137500189765, 
          0.30020005153490886, 
          0.42610404991727746, 
          0.0
        ], 
        [
          -0.5029583251310196, 
          -0.2597086915837276, 
          -0.8243690427819734, 
          0.0
        ], 
        [
          -11.517213571945762, 
          12.646534935711228, 
          79.13145452965212, 
          1.0
        ]
      ], 
      "projected_cuboid": [
        [
          363.4490949294117, 
          382.9637258071847
        ], 
        [
          401.72252232686196, 
          372.3443084866602
        ], 
        [
          444.20942213027985, 
          379.52581512110726
        ], 
        [
          408.3174957808458, 
          388.8295612075843
        ], 
        [
          360.87194712389606, 
          336.7049943108287
        ], 
        [
          397.75410898270496, 
          324.65998182688827
        ], 
        [
          439.35246841231935, 
          336.43880523219605
        ], 
        [
          404.6759527571825, 
          346.913541210537
        ]
      ], 
      "projected_cuboid_centroid": [
        403.3280282878431, 
        358.5199610312477
      ], 
      "quaternion_xyzw": [
        0.25470795854418615, 
        0.788312997026552, 
        0.5525119796424431, 
        -0.09174380834899043
      ], 
      "visibility": 0.7041511771995044
    }, 
    {
      "bounding_box": {
        "bottom_right": [
          390, 
          570
        ], 
        "top_left": [
          322, 
          494
        ]
      }, 
      "class": "010_potted_meat_can", 
      "cuboid": [
        [
          12.843007718969806, 
          14.831293302402482, 
          72.79246373342951
        ], 
        [
          3.3424698808922897, 
          13.697917306922875, 
          69.36080781863451
        ], 
        [
          2.9149251606566513, 
          6.200163398227872, 
          73.02075491241172
        ], 
        [
          12.415462998734167, 
          7.333539393707481, 
          76.4524108272067
        ], 
        [
          10.81637918251433, 
          17.28938150528643, 
          77.59134897696549
        ], 
        [
          1.3158413444368127, 
          16.156005509806818, 
          74.15969306217049
        ], 
        [
          0.8882966242011743, 
          8.658251601111814, 
          77.8196401559477
        ], 
        [
          10.38883446227869, 
          9.791627596591423, 
          81.25129607074268
        ]
      ], 
      "cuboid_centroid": [
        6.86565217158549, 
        11.744772451757148, 
        75.3060519446886
      ], 
      "location": [
        6.86565217158549, 
        11.744772451757148, 
        75.3060519446886
      ], 
      "pose_transform_permuted": [
        [
          0.3518391305558887, 
          -0.42674402367045383, 
          -0.8331253514648579, 
          0.0
        ], 
        [
          0.9346599756531402, 
          0.11150118008005158, 
          0.33760524808575343, 
          0.0
        ], 
        [
          0.05117660887282621, 
          0.8974724772615816, 
          -0.4380914371021619, 
          0.0
        ], 
        [
          6.86565217158549, 
          11.744772451757148, 
          75.3060519446886, 
          1.0
        ]
      ], 
      "projected_cuboid": [
        [
          576.476498628222, 
          381.94914886506376
        ], 
        [
          507.5117043230106, 
          378.6106796428629
        ], 
        [
          503.06414197188747, 
          318.57049270228447
        ], 
        [
          568.9270720941938, 
          324.4441160133555
        ], 
        [
          556.5623790896486, 
          392.1240870028297
        ], 
        [
          491.13880396656265, 
          389.47248439544694
        ], 
        [
          487.73554470203754, 
          332.6239382269559
        ], 
        [
          550.3558659711388, 
          337.55710350982446
        ]
      ], 
      "projected_cuboid_centroid": [
        530.6250104456824, 
        356.4633476356141
      ], 
      "quaternion_xyzw": [
        0.9572431515006492, 
        0.015754766987012614, 
        0.1800598880129921, 
        0.22586619173426106
      ], 
      "visibility": 0.3557483731019523
    }, 
    {
      "bounding_box": {
        "bottom_right": [
          312, 
          502
        ], 
        "top_left": [
          272, 
          309
        ]
      }, 
      "class": "037_scissors", 
      "cuboid": [
        [
          -18.123506186429562, 
          3.5422521702934584, 
          62.20342814195665
        ], 
        [
          2.092206035312004, 
          2.797143816477675, 
          63.31204082971284
        ], 
        [
          2.3819080517883076, 
          -1.040022166497619, 
          55.45028624972749
        ], 
        [
          -17.833804169953254, 
          -0.2949138126818358, 
          54.34167356197129
        ], 
        [
          -18.034238511994992, 
          4.948126504909485, 
          61.5205384912853
        ], 
        [
          2.181473709746569, 
          4.203018151093702, 
          62.6291511790415
        ], 
        [
          2.4711757262228726, 
          0.36585216811840826, 
          54.76739659905614
        ], 
        [
          -17.74453649551869, 
          1.1109605219341911, 
          53.65878391129995
        ]
      ], 
      "cuboid_centroid": [
        -7.826165230103344, 
        1.9540521692059332, 
        58.485412370506396
      ], 
      "location": [
        -7.826165230103344, 
        1.9540521692059332, 
        58.485412370506396
      ], 
      "pose_transform_permuted": [
        [
          -0.05702182896084242, 
          -0.8980353342539098, 
          0.4362118438321677, 
          0.0
        ], 
        [
          -0.9978238810044127, 
          0.03677767576121655, 
          -0.05471982399105997, 
          0.0
        ], 
        [
          -0.03309745320356952, 
          0.4383829394789234, 
          0.8981782642520776, 
          0.0
        ], 
        [
          -7.826165230103344, 
          1.9540521692059332, 
          58.485412370506396, 
          1.0
        ]
      ], 
      "projected_cuboid": [
        [
          324.9148765767579, 
          303.6570900133376
        ], 
        [
          499.3679877059094, 
          296.8487475504802
        ], 
        [
          504.69712017766324, 
          263.2836286037044
        ], 
        [
          305.11413151571816, 
          270.3921973890072
        ], 
        [
          323.95598210177445, 
          316.18168860581153
        ], 
        [
          500.32825171281394, 
          309.07740926426646
        ], 
        [
          505.8616767027644, 
          276.8491708235911
        ], 
        [
          303.76275112560467, 
          284.32847667793953
        ]
      ], 
      "projected_cuboid_centroid": [
        409.6367308320648, 
        291.10524261454344
      ], 
      "quaternion_xyzw": [
        -0.03296561830108058, 
        -0.5299124391962082, 
        0.8474105652391147, 
        0.0010857259481443266
      ], 
      "visibility": 0.798454050959061
    }, 
    {
      "bounding_box": {
        "bottom_right": [
          374, 
          488
        ], 
        "top_left": [
          328, 
          432
        ]
      }, 
      "class": "061_foam_brick", 
      "cuboid": [
        [
          0.7625340664745798, 
          12.263163438206544, 
          74.15466477803186
        ], 
        [
          -6.99739785750426, 
          12.847991376068071, 
          74.44626035048454
        ], 
        [
          -7.259383236952839, 
          8.253556399199494, 
          76.68897349616608
        ], 
        [
          0.500548687026001, 
          7.668728461337968, 
          76.39737792371338
        ], 
        [
          1.1120879826944696, 
          14.547569885537975, 
          78.87534647500603
        ], 
        [
          -6.64784394128437, 
          15.132397823399504, 
          79.16694204745872
        ], 
        [
          -6.909829320732949, 
          10.537962846530927, 
          81.40965519314025
        ], 
        [
          0.8501026032458909, 
          9.9531349086694, 
          81.11805962068756
        ]
      ], 
      "cuboid_centroid": [
        -3.0736476271291844, 
        11.400563142368735, 
        77.78215998558605
      ], 
      "location": [
        -3.0736476271291844, 
        11.400563142368735, 
        77.78215998558605
      ], 
      "pose_transform_permuted": [
        [
          -0.0665056912917048, 
          -0.4346283160376147, 
          -0.8981510006252399, 
          0.0
        ], 
        [
          0.9964727835136382, 
          -0.07509925716186039, 
          -0.03744453618778676, 
          0.0
        ], 
        [
          0.05117601725802978, 
          0.8974733023728583, 
          -0.4380898158888903, 
          0.0
        ], 
        [
          -3.0736476271291844, 
          11.400563142368735, 
          77.78215998558605, 
          1.0
        ]
      ], 
      "projected_cuboid": [
        [
          487.1269084608669, 
          361.4830827679401
        ], 
        [
          431.0512288134323, 
          365.32723113394894
        ], 
        [
          430.69229207816346, 
          330.6844018180228
        ], 
        [
          485.12045015245184, 
          326.8208761695524
        ], 
        [
          489.1791708503932, 
          371.6506562292927
        ], 
        [
          436.43969438448863, 
          375.22812989889684
        ], 
        [
          435.9531271308241, 
          342.3213710052514
        ], 
        [
          487.23273881967344, 
          338.7245154868043
        ]
      ], 
      "projected_cuboid_centroid": [
        460.346732301064, 
        351.45540837705215
      ], 
      "quaternion_xyzw": [
        0.9736653797008159, 
        -0.03242265696524291, 
        -0.026690439458634387, 
        0.22408061078300592
      ], 
      "visibility": 0.004231908590774439
    }
  ]
}