{
  "camera_data": {
    "location_worldframe": [
      -15.898948499608789, 
      5.94717179309052, 
      72.92596476809456
    ], 
    "quaternion_xyzw_worldframe": [
      -0.8511907823302346, 
      -0.031188373606050618, 
      -0.0388827511241069, 
      0.5224851643942251
    ]
  }, 
  "objects": [
    {
      "bounding_box": {
        "bottom_right": [
          387, 
          613
        ], 
        "top_left": [
          281, 
          409
        ]
      }, 
      "class": "003_cracker_box", 
      "cuboid": [
        [
          -7.322547362959534, 
          15.621991611355968, 
          67.94203651752547
        ], 
        [
          -7.080698242791088, 
          8.600094593682812, 
          53.11933140127145
        ], 
        [
          14.148323489458999, 
          6.757410352360912, 
          54.33863375295991
        ], 
        [
          13.906474369290557, 
          13.779307370034068, 
          69.16133886921394
        ], 
        [
          -8.058266489919038, 
          9.162776060221386, 
          70.989929128027
        ], 
        [
          -7.816417369750593, 
          2.14087904254823, 
          56.16722401177297
        ], 
        [
          13.412604362499495, 
          0.29819480122632996, 
          57.386526363461435
        ], 
        [
          13.170755242331051, 
          7.320091818899487, 
          72.20923147971546
        ]
      ], 
      "cuboid_centroid": [
        3.0450284997699804, 
        7.960093206291149, 
        62.664281440493454
      ], 
      "location": [
        3.0450284997699804, 
        7.960093206291149, 
        62.664281440493454
      ], 
      "pose_transform_permuted": [
        [
          0.1024678474302615, 
          0.8996122152595061, 
          -0.42449758821328176, 
          0.0
        ], 
        [
          -0.014743660535174508, 
          0.4280704675271134, 
          0.9036250878019836, 
          0.0
        ], 
        [
          -0.9946270480521995, 
          0.08633386929243342, 
          -0.05712703647105161, 
          0.0
        ], 
        [
          3.0450284997699804, 
          7.960093206291149, 
          62.664281440493454, 
          1.0
        ]
      ], 
      "projected_cuboid": [
        [
          423.6388050860344, 
          395.91333107619914
        ], 
        [
          409.9142252980257, 
          359.6317298907136
        ], 
        [
          621.6164026866616, 
          339.60876626604306
        ], 
        [
          589.7268660927158, 
          379.5420643076448
        ], 
        [
          420.5539631686319, 
          342.12289222423084
        ], 
        [
          406.76004299889127, 
          293.61463392494034
        ], 
        [
          607.2853877607782, 
          276.0578004566474
        ], 
        [
          579.6836726109229, 
          327.3509316556244
        ]
      ], 
      "projected_cuboid_centroid": [
        507.72849075674264, 
        341.03284406194155
      ], 
      "quaternion_xyzw": [
        0.6115733392183108, 
        0.581572733941341, 
        0.4112723980570318, 
        -0.34439253837703504
      ], 
      "visibility": 0.9701100620146377
    }, 
    {
      "bounding_box": {
        "bottom_right": [
          393, 
          441
        ], 
        "top_left": [
          341, 
          364
        ]
      }, 
      "class": "005_tomato_soup_can", 
      "cuboid": [
        [
          -16.596666299491687, 
          17.128370923277878, 
          76.32848447942442
        ], 
        [
          -10.87377812629988, 
          15.105084667276753, 
          73.33979624194919
        ], 
        [
          -5.581066423788239, 
          17.903784819105827, 
          81.579874730483
        ], 
        [
          -11.303954596980043, 
          19.92707107510695, 
          84.56856296795823
        ], 
        [
          -17.412958897709746, 
          10.940505508772766, 
          78.95447660952921
        ], 
        [
          -11.690070724517941, 
          8.917219252771641, 
          75.96578837205399
        ], 
        [
          -6.397359022006298, 
          11.715919404600713, 
          84.2058668605878
        ], 
        [
          -12.120247195198104, 
          13.739205660601838, 
          87.19455509806303
        ]
      ], 
      "cuboid_centroid": [
        -11.497012660748993, 
        14.422145163939296, 
        80.26717567000611
      ], 
      "location": [
        -11.497012660748993, 
        14.422145163939296, 
        80.26717567000611
      ], 
      "pose_transform_permuted": [
        [
          0.12055004891944769, 
          0.9138236461459154, 
          -0.3878063827079488, 
          0.0
        ], 
        [
          -0.8458428381987539, 
          0.299041696687573, 
          0.4417281038478466, 
          0.0
        ], 
        [
          -0.5196319893168299, 
          -0.2747729725588725, 
          -0.809000870969738, 
          0.0
        ], 
        [
          -11.497012660748993, 
          14.422145163939296, 
          80.26717567000611, 
          1.0
        ]
      ], 
      "projected_cuboid": [
        [
          364.6670656778553, 
          392.9652621629141
        ], 
        [
          401.8650966468003, 
          383.1291864657664
        ], 
        [
          444.80739869357706, 
          390.33058945193284
        ], 
        [
          409.71622085696225, 
          398.95377018478274
        ], 
        [
          362.9962862079791, 
          347.18717146262907
        ], 
        [
          398.84271959952497, 
          335.8900830357166
        ], 
        [
          440.74160832597585, 
          347.4895535940314
        ], 
        [
          406.8466122528376, 
          357.32145768225934
        ]
      ], 
      "projected_cuboid_centroid": [
        404.57081684535456, 
        369.111666784865
      ], 
      "quaternion_xyzw": [
        0.25845236969160207, 
        0.7918999610849807, 
        0.5438895699512395, 
        -0.10139476913483916
      ], 
      "visibility": 0.6371960846226713
    }, 
    {
      "bounding_box": {
        "bottom_right": [
          402, 
          568
        ], 
        "top_left": [
          334, 
          494
        ]
      }, 
      "class": "010_potted_meat_can", 
      "cuboid": [
        [
          12.691752273480414, 
          16.716818456325925, 
          73.3378305384679
        ], 
        [
          3.124461668318578, 
          15.461382952714875, 
          70.1422312441141
        ], 
        [
          2.8437352705537857, 
          8.010237793900355, 
          73.9099824838158
        ], 
        [
          12.41102587571562, 
          9.265673297511404, 
          77.10558177816958
        ], 
        [
          10.755797249651886, 
          19.222768440654463, 
          78.1493805216144
        ], 
        [
          1.1885066444900498, 
          17.967332937043416, 
          74.9537812272606
        ], 
        [
          0.9077802467252573, 
          10.516187778228895, 
          78.7215324669623
        ], 
        [
          10.475070851887091, 
          11.771623281839943, 
          81.91713176131609
        ]
      ], 
      "cuboid_centroid": [
        6.799766260102835, 
        13.616503117277409, 
        76.02968150271509
      ], 
      "location": [
        6.799766260102835, 
        13.616503117277409, 
        76.02968150271509
      ], 
      "pose_transform_permuted": [
        [
          0.33609747426651715, 
          -0.4350532166317724, 
          -0.835324052851486, 
          0.0
        ], 
        [
          0.9412270922439242, 
          0.12350935675833645, 
          0.3143820707378288, 
          0.0
        ], 
        [
          0.03360262535991118, 
          0.8918934637694487, 
          -0.45099546877353097, 
          0.0
        ], 
        [
          6.799766260102835, 
          13.616503117277409, 
          76.02968150271509, 
          1.0
        ]
      ], 
      "projected_cuboid": [
        [
          574.6618304487663, 
          394.8528099261589
        ], 
        [
          505.5515831107567, 
          390.84564845360586
        ], 
        [
          502.2878939946841, 
          331.08680443773085
        ], 
        [
          568.1563425979836, 
          337.3748297350145
        ], 
        [
          555.6102053059072, 
          404.4696488869637
        ], 
        [
          490.1241386977263, 
          401.12972822193103
        ], 
        [
          487.79831465884905, 
          344.53119883440183
        ], 
        [
          550.3631021420967, 
          349.92541787057854
        ]
      ], 
      "projected_cuboid_centroid": [
        529.6923596888088, 
        368.8011794112518
      ], 
      "quaternion_xyzw": [
        0.9576592046319059, 
        0.023470439944495332, 
        0.1698097668403787, 
        0.231305844793157
      ], 
      "visibility": 0.349185380889476
    }, 
    {
      "bounding_box": {
        "bottom_right": [
          324, 
          498
        ], 
        "top_left": [
          286, 
          309
        ]
      }, 
      "class": "037_scissors", 
      "cuboid": [
        [
          -18.415398904299156, 
          5.0388169679719725, 
          63.61853996286334
        ], 
        [
          1.8259852645218428, 
          4.470725585823946, 
          64.26882320452265
        ], 
        [
          1.9664726445902252, 
          0.5308236305252158, 
          56.453940544248816
        ], 
        [
          -18.27491152423077, 
          1.0989150126732432, 
          55.80365730258951
        ], 
        [
          -18.353587739302043, 
          6.436068703209349, 
          62.91522168094335
        ], 
        [
          1.8877964295189535, 
          5.867977321061321, 
          63.565504922602656
        ], 
        [
          2.0282838095873363, 
          1.9280753657625918, 
          55.75062226232882
        ], 
        [
          -18.21310035923366, 
          2.4961667479106193, 
          55.10033902066952
        ]
      ], 
      "cuboid_centroid": [
        -8.193557547355908, 
        3.4834461668672825, 
        59.68458111259608
      ], 
      "location": [
        -8.193557547355908, 
        3.4834461668672825, 
        59.68458111259608
      ], 
      "pose_transform_permuted": [
        [
          -0.03948333706082317, 
          -0.8925274458712263, 
          0.4492611130591619, 
          0.0
        ], 
        [
          -0.9990910182482933, 
          0.028040325341120824, 
          -0.0320972192731737, 
          0.0
        ], 
        [
          -0.016050197178678244, 
          0.45012016891783635, 
          0.8928233095711169, 
          0.0
        ], 
        [
          -8.193557547355908, 
          3.4834461668672825, 
          59.68458111259608, 
          1.0
        ]
      ], 
      "projected_cuboid": [
        [
          325.9327154343319, 
          315.5273653660812
        ], 
        [
          496.8758485154561, 
          310.3857936861269
        ], 
        [
          500.3291225354621, 
          278.3012213611935
        ], 
        [
          305.48693005841176, 
          283.78894812494053
        ], 
        [
          324.72089795504024, 
          327.84378798149595
        ], 
        [
          497.5678223363472, 
          322.51932898556
        ], 
        [
          501.16165882268984, 
          291.7308227026459
        ], 
        [
          303.8422639528988, 
          297.4470900430474
        ]
      ], 
      "projected_cuboid_centroid": [
        407.7722998811232, 
        304.41333862376575
      ], 
      "quaternion_xyzw": [
        -0.021022312935069152, 
        -0.5243351575062472, 
        0.8512450147027723, 
        0.003521350479400209
      ], 
      "visibility": 0.7653648198607327
    }
  ]
}