{
  "camera_data": {
    "location_worldframe": [
      -10.290649182357, 
      -16.1916171908615, 
      62.74033630824296
    ], 
    "quaternion_xyzw_worldframe": [
      -0.8434611129851681, 
      -0.04769222031221122, 
      -0.1671426837020161, 
      0.5082954995932357
    ]
  }, 
  "objects": [
    {
      "bounding_box": {
        "bottom_right": [
          196, 
          711
        ], 
        "top_left": [
          31, 
          468
        ]
      }, 
      "class": "003_cracker_box", 
      "cuboid": [
        [
          0.19805750040046005, 
          -7.57792177486138, 
          59.9494065520318
        ], 
        [
          3.158965450171859, 
          -14.90974827912119, 
          45.57736912125775
        ], 
        [
          23.188148178865838, 
          -18.93445717793728, 
          51.75694067976996
        ], 
        [
          20.22724022909444, 
          -11.60263067367747, 
          66.12897811054401
        ], 
        [
          -1.9173214866116535, 
          -13.856483338403214, 
          62.716577303732066
        ], 
        [
          1.0435864631597445, 
          -21.188309842663024, 
          48.344539872958016
        ], 
        [
          21.072769191853723, 
          -25.213018741479114, 
          54.524111431470224
        ], 
        [
          18.111861242082327, 
          -17.881192237219302, 
          68.89614886224427
        ]
      ], 
      "cuboid_centroid": [
        10.635413346127093, 
        -16.395470258170246, 
        57.23675899175101
      ], 
      "location": [
        10.635413346127093, 
        -16.395470258170246, 
        57.23675899175101
      ], 
      "pose_transform_permuted": [
        [
          0.29462103587565003, 
          0.8744514921520029, 
          -0.3853998353563412, 
          0.0
        ], 
        [
          -0.18050353731667135, 
          0.44696445869355605, 
          0.8761513828562655, 
          0.0
        ], 
        [
          -0.9384119128803343, 
          0.18856659443791407, 
          -0.2895267193651728, 
          0.0
        ], 
        [
          10.635413346127093, 
          -16.395470258170246, 
          57.23675899175101, 
          1.0
        ]
      ], 
      "projected_cuboid": [
        [
          483.3737038310081, 
          205.8721244831979
        ], 
        [
          518.8694695467398, 
          98.82142753918131
        ], 
        [
          722.5261419536989, 
          78.18001357945457
        ], 
        [
          646.0859556230138, 
          179.71318585386368
        ], 
        [
          465.15697383572564, 
          155.45590633732982
        ], 
        [
          493.20547930237046, 
          39.544721365016215
        ], 
        [
          689.434972935585, 
          26.66910043561582
        ], 
        [
          622.9679212281291, 
          134.86965767620035
        ]
      ], 
      "projected_cuboid_centroid": [
        581.52136100345, 
        120.51713737224892
      ], 
      "quaternion_xyzw": [
        0.5902251461259475, 
        0.5867999612804817, 
        0.4959007704163819, 
        -0.24775493581817581
      ], 
      "visibility": 0.9926128044722481
    }, 
    {
      "bounding_box": {
        "bottom_right": [
          246, 
          465
        ], 
        "top_left": [
          174, 
          388
        ]
      }, 
      "class": "005_tomato_soup_can", 
      "cuboid": [
        [
          -10.569217133450138, 
          -4.926878472065225, 
          65.92021290207268
        ], 
        [
          -4.554606437431411, 
          -7.602348941799397, 
          64.35697599158148
        ], 
        [
          -1.0747380923173817, 
          -5.192388749803261, 
          73.62126341029949
        ], 
        [
          -7.089348788336109, 
          -2.5169182800690875, 
          75.18450032079069
        ], 
        [
          -12.63451331184822, 
          -10.936466243674753, 
          68.25928390828902
        ], 
        [
          -6.619902615829493, 
          -13.611936713408928, 
          66.69604699779784
        ], 
        [
          -3.140034270715464, 
          -11.20197652141279, 
          75.96033441651583
        ], 
        [
          -9.15464496673419, 
          -8.526506051678616, 
          77.52357132700705
        ]
      ], 
      "cuboid_centroid": [
        -6.8546257020828, 
        -8.064427496739007, 
        70.94027365929426
      ], 
      "location": [
        -6.8546257020828, 
        -8.064427496739007, 
        70.94027365929426
      ], 
      "pose_transform_permuted": [
        [
          0.3050028333988746, 
          0.8874956130126722, 
          -0.3454338858896739, 
          0.0
        ], 
        [
          -0.8889594253496792, 
          0.39543451962556114, 
          0.2310464061382269, 
          0.0
        ], 
        [
          -0.3416492362268979, 
          -0.23660695672259074, 
          -0.9095564564204093, 
          0.0
        ], 
        [
          -6.8546257020828, 
          -8.064427496739007, 
          70.94027365929426, 
          1.0
        ]
      ], 
      "projected_cuboid": [
        [
          395.37549273754615, 
          233.4262180980616
        ], 
        [
          443.5389810817198, 
          210.2866610249354
        ], 
        [
          473.74668122087087, 
          235.67236952748547
        ], 
        [
          430.8898532331217, 
          255.43283406274222
        ], 
        [
          382.0591564166649, 
          187.83835738993574
        ], 
        [
          428.2214106007718, 
          164.44182017699106
        ], 
        [
          459.3670794900514, 
          194.6371547871209
        ], 
        [
          418.0933040609964, 
          214.62886038030916
        ]
      ], 
      "projected_cuboid_centroid": [
        429.63545593496, 
        212.65923998522462
      ], 
      "quaternion_xyzw": [
        0.23445011399354215, 
        0.7859707799851634, 
        0.5716026966889928, 
        0.023523911175821238
      ], 
      "visibility": 0.9524187153053132
    }, 
    {
      "bounding_box": {
        "bottom_right": [
          230, 
          615
        ], 
        "top_left": [
          153, 
          528
        ]
      }, 
      "class": "010_potted_meat_can", 
      "cuboid": [
        [
          18.387451898844333, 
          -8.463406122383416, 
          69.91164164349937
        ], 
        [
          9.75889557845618, 
          -8.78154322138029, 
          64.54807685042087
        ], 
        [
          7.80840152479583, 
          -16.078154862836012, 
          68.11870038039561
        ], 
        [
          16.43695784518398, 
          -15.76001776383914, 
          73.48226517347408
        ], 
        [
          15.65579320427288, 
          -5.663975853615969, 
          74.14011079500573
        ], 
        [
          7.02723688388473, 
          -5.982112952612841, 
          68.77654600192726
        ], 
        [
          5.07674283022438, 
          -13.278724594068564, 
          72.34716953190197
        ], 
        [
          13.705299150612532, 
          -12.96058749507169, 
          77.71073432498045
        ]
      ], 
      "cuboid_centroid": [
        11.732097364534354, 
        -10.871065358225989, 
        71.12940558770066
      ], 
      "location": [
        11.732097364534354, 
        -10.871065358225989, 
        71.12940558770066
      ], 
      "pose_transform_permuted": [
        [
          0.47423807707474613, 
          -0.48600377133622535, 
          -0.7340964972547058, 
          0.0
        ], 
        [
          0.8488747034944377, 
          0.03129822945507554, 
          0.527665846329307, 
          0.0
        ], 
        [
          0.233471883918796, 
          0.8733959803453647, 
          -0.4273995097516692, 
          0.0
        ], 
        [
          11.732097364534354, 
          -10.871065358225989, 
          71.12940558770066, 
          1.0
        ]
      ], 
      "projected_cuboid": [
        [
          623.0343144488822, 
          208.7236108452887
        ], 
        [
          562.9005432356138, 
          200.73024817470974
        ], 
        [
          543.2406024352972, 
          147.40634940290178
        ], 
        [
          601.8873795844652, 
          158.90348127056723
        ], 
        [
          595.1539840634039, 
          232.5432856588965
        ], 
        [
          536.543055216502, 
          226.89895134280434
        ], 
        [
          519.3330253284362, 
          175.4001395034643
        ], 
        [
          576.438750907411, 
          184.3395581263903
        ]
      ], 
      "projected_cuboid_centroid": [
        570.295966063394, 
        191.77661957888537
      ], 
      "quaternion_xyzw": [
        0.9295653797735947, 
        -0.054373166982875906, 
        0.2694549370072489, 
        0.24565331846544336
      ], 
      "visibility": 0.6050486980719539
    }, 
    {
      "bounding_box": {
        "bottom_right": [
          109, 
          578
        ], 
        "top_left": [
          28, 
          375
        ]
      }, 
      "class": "037_scissors", 
      "cuboid": [
        [
          -10.635847156017375, 
          -17.03566832086434, 
          53.09903767208518
        ], 
        [
          8.708606370279917, 
          -19.70228671601881, 
          58.49723119271773
        ], 
        [
          10.256827340660376, 
          -23.805583993096786, 
          50.92221182653967
        ], 
        [
          -9.087626185636916, 
          -21.13896559794231, 
          45.524018305907134
        ], 
        [
          -10.261980650871354, 
          -15.668283434908947, 
          52.434754564204425
        ], 
        [
          9.082472875425937, 
          -18.334901830063423, 
          57.832948084836964
        ], 
        [
          10.630693845806396, 
          -22.438199107141394, 
          50.25792871865892
        ], 
        [
          -8.713759680490895, 
          -19.77158071198692, 
          44.85973519802638
        ]
      ], 
      "cuboid_centroid": [
        -0.0025766551054892672, 
        -19.736933714002866, 
        51.67848319537205
      ], 
      "location": [
        -0.0025766551054892672, 
        -19.736933714002866, 
        51.67848319537205
      ], 
      "pose_transform_permuted": [
        [
          -0.238816033302754, 
          -0.8734492926411327, 
          0.42432647651103866, 
          0.0
        ], 
        [
          -0.9548195721128335, 
          0.13162116115548697, 
          -0.266448510450076, 
          0.0
        ], 
        [
          -0.1768788900374933, 
          0.46878751919053646, 
          0.8654197579902512, 
          0.0
        ], 
        [
          -0.0025766551054892672, 
          -19.736933714002866, 
          51.67848319537205, 
          1.0
        ]
      ], 
      "projected_cuboid": [
        [
          373.8818232105945, 
          102.18257967558476
        ], 
        [
          561.655134356585, 
          93.66068006196464
        ], 
        [
          589.9142942123402, 
          23.965393495579363
        ], 
        [
          374.2471788283871, 
          25.640905172679215
        ], 
        [
          376.351531264183, 
          113.92272556421237
        ], 
        [
          566.0511263085658, 
          104.20710272336919
        ], 
        [
          595.3463775439797, 
          35.180207298352435
        ], 
        [
          377.1393322177841, 
          38.23006389829292
        ]
      ], 
      "projected_cuboid_centroid": [
        481.5702565506193, 
        69.60228467945045
      ], 
      "quaternion_xyzw": [
        -0.1497007238700273, 
        -0.5151953740139069, 
        0.8437910831204619, 
        -0.013409044545314665
      ], 
      "visibility": 0.8402105620648667
    }, 
    {
      "bounding_box": {
        "bottom_right": [
          226, 
          527
        ], 
        "top_left": [
          167, 
          460
        ]
      }, 
      "class": "061_foam_brick", 
      "cuboid": [
        [
          6.094012153603563, 
          -9.800933075747054, 
          68.69842004694428
        ], 
        [
          -1.4522275568187264, 
          -8.456549059076632, 
          67.3234680448256
        ], 
        [
          -2.647439233971929, 
          -12.927725299553686, 
          69.51145420175646
        ], 
        [
          4.8988004764503605, 
          -14.272109316224107, 
          70.88640620387513
        ], 
        [
          5.6713071494281415, 
          -7.407425215953942, 
          73.35867508778213
        ], 
        [
          -1.8749325609941476, 
          -6.06304119928352, 
          71.98372308566347
        ], 
        [
          -3.0701442381473494, 
          -10.534217439760575, 
          74.17170924259432
        ], 
        [
          4.47609547227494, 
          -11.878601456430996, 
          75.546661244713
        ]
      ], 
      "cuboid_centroid": [
        1.5119339577281068, 
        -10.167575257753814, 
        71.4350646447693
      ], 
      "location": [
        1.5119339577281068, 
        -10.167575257753814, 
        71.4350646447693
      ], 
      "pose_transform_permuted": [
        [
          0.08042332587532805, 
          -0.4553858144376642, 
          -0.886654300538883, 
          0.0
        ], 
        [
          0.969032017673942, 
          -0.17263580355173144, 
          0.17656111705247246, 
          0.0
        ], 
        [
          0.23347170573309234, 
          0.8733960380840945, 
          -0.4273994890978311, 
          0.0
        ], 
        [
          1.5119339577281068, 
          -10.167575257753814, 
          71.4350646447693, 
          1.0
        ]
      ], 
      "projected_cuboid": [
        [
          529.3003562936267, 
          197.19993309192142
        ], 
        [
          469.9970171746811, 
          206.2958830102714
        ], 
        [
          461.11558766462286, 
          174.09987662779005
        ], 
        [
          518.7607337383823, 
          165.90917468825205
        ], 
        [
          523.1712239798952, 
          219.43435316734582
        ], 
        [
          467.5901349868942, 
          228.36612449707957
        ], 
        [
          459.3377317191697, 
          197.54196486350818
        ], 
        [
          513.4592724926747, 
          189.42987677334935
        ]
      ], 
      "projected_cuboid_centroid": [
        492.9789259597256, 
        197.37750051794686
      ], 
      "quaternion_xyzw": [
        0.9655416040100137, 
        -0.10515018399989425, 
        0.06653893572801846, 
        0.22857257001386036
      ], 
      "visibility": 0.6119541653762774
    }
  ]
}