{
  "camera_data": {
    "location_worldframe": [
      -17.3091764140322, 
      -19.166099646412587, 
      60.71133081208687
    ], 
    "quaternion_xyzw_worldframe": [
      0.8743539473512133, 
      0.017752297567363958, 
      0.12294315765326815, 
      -0.4691243894910266
    ]
  }, 
  "objects": [
    {
      "bounding_box": {
        "bottom_right": [
          157, 
          640
        ], 
        "top_left": [
          0, 
          394
        ]
      }, 
      "class": "003_cracker_box", 
      "cuboid": [
        [
          -7.060106332977255, 
          -11.122193902351517, 
          55.99448843797451
        ], 
        [
          -5.852526834491393, 
          -19.797431513627345, 
          42.12509335996558
        ], 
        [
          14.674940079874782, 
          -23.780857933518362, 
          46.403990786092066
        ], 
        [
          13.46736058138892, 
          -15.105620322242535, 
          60.273385864100995
        ], 
        [
          -8.95435876052974, 
          -17.066754850724493, 
          59.54785309794585
        ], 
        [
          -7.746779262043877, 
          -25.74199246200032, 
          45.67845801993691
        ], 
        [
          12.780687652322298, 
          -29.725418881891336, 
          49.9573554460634
        ], 
        [
          11.573108153836435, 
          -21.05018127061551, 
          63.82675052407233
        ]
      ], 
      "cuboid_centroid": [
        2.860290659672521, 
        -20.423806392121428, 
        52.97592194201896
      ], 
      "location": [
        2.860290659672521, 
        -20.423806392121428, 
        52.97592194201896
      ], 
      "pose_transform_permuted": [
        [
          0.2638234641839531, 
          0.8279332995121372, 
          -0.4948975967863698, 
          0.0
        ], 
        [
          -0.07361673336876906, 
          0.528861789174775, 
          0.8455091865373007, 
          0.0
        ], 
        [
          -0.9617576390723861, 
          0.1866324181641602, 
          -0.20047589425192294, 
          0.0
        ], 
        [
          2.860290659672521, 
          -20.423806392121428, 
          52.97592194201896, 
          1.0
        ]
      ], 
      "projected_cuboid": [
        [
          413.7926966799783, 
          167.35318665666463
        ], 
        [
          406.8843956399857, 
          22.64358195320317
        ], 
        [
          651.6612081074962, 
          -0.026102283062044578
        ], 
        [
          601.7539481748946, 
          139.62683032930192
        ], 
        [
          400.73215637466114, 
          120.43409898415958
        ], 
        [
          390.3956730483399, 
          -27.26451573050715
        ], 
        [
          619.1742863476047, 
          -44.047073178063854
        ], 
        [
          579.1047925760735, 
          97.39674555517615
        ]
      ], 
      "projected_cuboid_centroid": [
        510.63217300219185, 
        67.67584707669013
      ], 
      "quaternion_xyzw": [
        0.6340176025911585, 
        0.5877673672446818, 
        0.4374218658076432, 
        -0.24741324321906305
      ], 
      "visibility": 0.778977032943791
    }, 
    {
      "bounding_box": {
        "bottom_right": [
          229, 
          422
        ], 
        "top_left": [
          147, 
          332
        ]
      }, 
      "class": "005_tomato_soup_can", 
      "cuboid": [
        [
          -17.043701770166194, 
          -7.656958479986075, 
          62.84503831890515
        ], 
        [
          -11.287448648706395, 
          -10.622052837381212, 
          60.8826012751169
        ], 
        [
          -6.750240494393814, 
          -7.479558044938351, 
          69.4431434219005
        ], 
        [
          -12.506493615853614, 
          -4.514463687543215, 
          71.40558046568874
        ], 
        [
          -18.931825757600954, 
          -13.373705388760293, 
          65.94433489238764
        ], 
        [
          -13.175572636141153, 
          -16.338799746155427, 
          63.9818978485994
        ], 
        [
          -8.638364481828573, 
          -13.196304953712568, 
          72.542439995383
        ], 
        [
          -14.394617603288374, 
          -10.231210596317432, 
          74.50487703917125
        ]
      ], 
      "cuboid_centroid": [
        -12.841033125997384, 
        -10.426631716849322, 
        67.69373915714408
      ], 
      "location": [
        -12.841033125997384, 
        -10.426631716849322, 
        67.69373915714408
      ], 
      "pose_transform_permuted": [
        [
          0.27883805335012923, 
          0.8442488894512026, 
          -0.45770395856190965, 
          0.0
        ], 
        [
          -0.8507741773557125, 
          0.43824092851135193, 
          0.2900481834818811, 
          0.0
        ], 
        [
          -0.4454575710313406, 
          -0.30852631169008404, 
          -0.8404636026656782, 
          0.0
        ], 
        [
          -12.841033125997384, 
          -10.426631716849322, 
          67.69373915714408, 
          1.0
        ]
      ], 
      "projected_cuboid": [
        [
          335.75437749650695, 
          208.30756726010623
        ], 
        [
          381.89725981329553, 
          180.23944943712033
        ], 
        [
          429.32356490425707, 
          215.8439369949586
        ], 
        [
          387.40916093492103, 
          239.5685585689057
        ], 
        [
          327.2114846427309, 
          165.12775535019702
        ], 
        [
          370.8571705363925, 
          137.0948624741547
        ], 
        [
          417.56005034271374, 
          176.26956615416796
        ], 
        [
          377.6990733626203, 
          200.04965487517316
        ]
      ], 
      "projected_cuboid_centroid": [
        379.5869622201239, 
        191.1411734271083
      ], 
      "quaternion_xyzw": [
        0.2731315639991986, 
        0.8088579058783604, 
        0.520707184745696, 
        -0.0034648020530807858
      ], 
      "visibility": 0.947807486631016
    }, 
    {
      "bounding_box": {
        "bottom_right": [
          205, 
          576
        ], 
        "top_left": [
          121, 
          482
        ]
      }, 
      "class": "010_potted_meat_can", 
      "cuboid": [
        [
          12.11584928576395, 
          -11.589888374986245, 
          63.92867306890294
        ], 
        [
          2.9355736932167127, 
          -12.160474934812395, 
          59.602243397679025
        ], 
        [
          1.278624147291036, 
          -19.050469003761833, 
          64.02681352645978
        ], 
        [
          10.458899739838273, 
          -18.479882443935683, 
          68.35324319768371
        ], 
        [
          9.92263788672918, 
          -8.348438788688718, 
          68.15496562351812
        ], 
        [
          0.7423622941819426, 
          -8.919025348514866, 
          63.828535952294196
        ], 
        [
          -0.9145872517437342, 
          -15.809019417464304, 
          68.25310608107496
        ], 
        [
          8.265688340803502, 
          -15.238432857638154, 
          72.57953575229888
        ]
      ], 
      "cuboid_centroid": [
        5.600631017010108, 
        -13.699453896225275, 
        66.09088957498895
      ], 
      "location": [
        5.600631017010108, 
        -13.699453896225275, 
        66.09088957498895
      ], 
      "pose_transform_permuted": [
        [
          0.38075926489778317, 
          -0.5627419054200821, 
          -0.7337186224029559, 
          0.0
        ], 
        [
          0.9031526749390447, 
          0.056134129372936145, 
          0.42563281364599537, 
          0.0
        ], 
        [
          0.19833494561015755, 
          0.8247243268689674, 
          -0.5296159306708449, 
          0.0
        ], 
        [
          5.600631017010108, 
          -13.699453896225275, 
          66.09088957498895, 
          1.0
        ]
      ], 
      "projected_cuboid": [
        [
          583.5148390060752, 
          176.59886810776686
        ], 
        [
          508.08341952190017, 
          164.47487161302047
        ], 
        [
          492.3362894600541, 
          114.60320472290364
        ], 
        [
          563.8816789292844, 
          129.09903873508614
        ], 
        [
          559.8897887796343, 
          207.95914981271605
        ], 
        [
          487.8515714899772, 
          198.76358660561175
        ], 
        [
          474.3910656999061, 
          149.75721997425967
        ], 
        [
          542.8400865306655, 
          161.3134511384315
        ]
      ], 
      "projected_cuboid_centroid": [
        527.1679164322586, 
        162.73897100826971
      ], 
      "quaternion_xyzw": [
        0.9302681903906755, 
        -0.03821500555057751, 
        0.2167095701200764, 
        0.2935599237334398
      ], 
      "visibility": 0.7422903817302884
    }, 
    {
      "bounding_box": {
        "bottom_right": [
          61, 
          497
        ], 
        "top_left": [
          0, 
          270
        ]
      }, 
      "class": "037_scissors", 
      "cuboid": [
        [
          -18.74859221522871, 
          -20.86725915584469, 
          51.28685844906734
        ], 
        [
          1.0331695401461753, 
          -23.55087501003701, 
          54.74219301801523
        ], 
        [
          1.6534164275348928, 
          -28.36082988614528, 
          47.455590036950554
        ], 
        [
          -18.12834532783999, 
          -25.67721403195296, 
          44.00025546800266
        ], 
        [
          -18.42924401495219, 
          -19.575858444659968, 
          50.461576335147015
        ], 
        [
          1.3525177404226958, 
          -22.25947429885229, 
          53.916910904094905
        ], 
        [
          1.972764627811413, 
          -27.069429174960565, 
          46.63030792303022
        ], 
        [
          -17.808997127563472, 
          -24.38581332076824, 
          43.17497335408233
        ]
      ], 
      "cuboid_centroid": [
        -8.387913793708648, 
        -23.968344165402623, 
        48.958583186048784
      ], 
      "location": [
        -8.387913793708648, 
        -23.968344165402623, 
        48.958583186048784
      ], 
      "pose_transform_permuted": [
        [
          -0.20399118236768687, 
          -0.8249126118667284, 
          0.5271683825358611, 
          0.0
        ], 
        [
          -0.9764045941762204, 
          0.13246013582817343, 
          -0.17055126784245767, 
          0.0
        ], 
        [
          -0.07086106123699287, 
          0.5495207053082283, 
          0.8324691837224562, 
          0.0
        ], 
        [
          -8.387913793708648, 
          -23.968344165402623, 
          48.958583186048784, 
          1.0
        ]
      ], 
      "projected_cuboid": [
        [
          285.01029067183885, 
          56.29297878397717
        ], 
        [
          491.74648718045944, 
          43.84481942377302
        ], 
        [
          500.3334890041135, 
          -45.440633285208094
        ], 
        [
          260.0353595971103, 
          -37.9425887329751
        ], 
        [
          285.1984421305444, 
          66.39271055552325
        ], 
        [
          495.0869994882749, 
          53.10675847238512
        ], 
        [
          504.347976830374, 
          -36.311603812963774
        ], 
        [
          259.77787374702865, 
          -27.939630448655194
        ]
      ], 
      "projected_cuboid_centroid": [
        389.4637202761086, 
        12.192640083718914
      ], 
      "quaternion_xyzw": [
        -0.10717684941996743, 
        -0.4742665592046849, 
        0.873655206878021, 
        0.017626826380198343
      ], 
      "visibility": 0.4405599786603488
    }, 
    {
      "bounding_box": {
        "bottom_right": [
          204, 
          479
        ], 
        "top_left": [
          140, 
          411
        ]
      }, 
      "class": "061_foam_brick", 
      "cuboid": [
        [
          -0.2563487148623103, 
          -12.703086099252566, 
          64.20795652426186
        ], 
        [
          -7.886120839980941, 
          -11.28745907276851, 
          63.55513755991266
        ], 
        [
          -8.901453544601166, 
          -15.50946895557992, 
          66.26640357377083
        ], 
        [
          -1.2716814194825357, 
          -16.925095982063976, 
          66.91922253812002
        ], 
        [
          -0.11370494203721132, 
          -9.888378274714606, 
          68.64446518058838
        ], 
        [
          -7.743477067155842, 
          -8.472751248230548, 
          67.99164621623918
        ], 
        [
          -8.758809771776068, 
          -12.694761131041957, 
          70.70291223009734
        ], 
        [
          -1.1290376466574368, 
          -14.110388157526014, 
          71.35573119444655
        ]
      ], 
      "cuboid_centroid": [
        -4.507579243319189, 
        -12.698923615147262, 
        67.4554343771796
      ], 
      "location": [
        -4.507579243319189, 
        -12.698923615147262, 
        67.4554343771796
      ], 
      "pose_transform_permuted": [
        [
          -0.027139225967711622, 
          -0.5355227933916534, 
          -0.8440845930188952, 
          0.0
        ], 
        [
          0.9797586295310469, 
          -0.1817843013723775, 
          0.08383015945351241, 
          0.0
        ], 
        [
          0.19833428920214008, 
          0.8247240784241461, 
          -0.5296165633683718, 
          0.0
        ], 
        [
          -4.507579243319189, 
          -12.698923615147262, 
          67.4554343771796, 
          1.0
        ]
      ], 
      "projected_cuboid": [
        [
          479.45005926364445, 
          167.7730634811124
        ], 
        [
          414.8696228171084, 
          178.5684207863392
        ], 
        [
          409.3601411238631, 
          148.46456074243397
        ], 
        [
          471.37781545422484, 
          138.4002558052771
        ], 
        [
          480.7062991649658, 
          196.4607405069331
        ], 
        [
          420.35184897624055, 
          206.8271357535794
        ], 
        [
          414.9778509491735, 
          177.52860522711103
        ], 
        [
          473.08821059219355, 
          167.8241426757515
        ]
      ], 
      "projected_cuboid_centroid": [
        445.6620262621054, 
        172.88566277124266
      ], 
      "quaternion_xyzw": [
        0.9550611630903656, 
        -0.09950111188286054, 
        0.014839608099642939, 
        0.27881443564134445
      ], 
      "visibility": 0.7885264341957255
    }
  ]
}