{
  "camera_data": {
    "location_worldframe": [
      -8.139677143891799, 
      -11.89387758669457, 
      67.94827008843507
    ], 
    "quaternion_xyzw_worldframe": [
      -0.8317491574569602, 
      -0.07106308142486756, 
      -0.18419016062157242, 
      0.5188638575690343
    ]
  }, 
  "objects": [
    {
      "bounding_box": {
        "bottom_right": [
          240, 
          709
        ], 
        "top_left": [
          105, 
          485
        ]
      }, 
      "class": "003_cracker_box", 
      "cuboid": [
        [
          2.24694999672862, 
          -2.944381537010236, 
          65.94301953420943
        ], 
        [
          6.194657613760966, 
          -9.845419626986349, 
          51.59487005289024
        ], 
        [
          25.95575256418541, 
          -13.495234403886666, 
          58.787333163746304
        ], 
        [
          22.00804494715306, 
          -6.5941963139105555, 
          73.13548264506548
        ], 
        [
          0.15509866998803246, 
          -9.34130452707998, 
          68.44420561702563
        ], 
        [
          4.102806287020379, 
          -16.242342617056092, 
          54.09605613570645
        ], 
        [
          23.863901237444818, 
          -19.89215739395641, 
          61.288519246562515
        ], 
        [
          19.91619362041247, 
          -12.991119303980298, 
          75.6366687278817
        ]
      ], 
      "cuboid_centroid": [
        13.05542561708672, 
        -11.418269465483323, 
        63.61576939038597
      ], 
      "location": [
        13.05542561708672, 
        -11.418269465483323, 
        63.61576939038597
      ], 
      "pose_transform_permuted": [
        [
          0.2913442028904087, 
          0.8909363708926332, 
          -0.34835461596312545, 
          0.0
        ], 
        [
          -0.24066104088825901, 
          0.42070263835589555, 
          0.8746951203013358, 
          0.0
        ], 
        [
          -0.925851402137909, 
          0.1710019681204072, 
          -0.33698294920991934, 
          0.0
        ], 
        [
          13.05542561708672, 
          -11.418269465483323, 
          63.61576939038597, 
          1.0
        ]
      ], 
      "projected_cuboid": [
        [
          499.920901817246, 
          249.47361062222498
        ], 
        [
          546.1628673022956, 
          171.5176007551803
        ], 
        [
          719.0303567605465, 
          150.85756562049417
        ], 
        [
          643.4218667021122, 
          225.20024795787774
        ], 
        [
          482.815674588549, 
          200.49877469679913
        ], 
        [
          522.3826965842486, 
          113.15731576012008
        ], 
        [
          690.9861613710337, 
          100.18923982286273
        ], 
        [
          623.1978625050087, 
          181.68522279062773
        ]
      ], 
      "projected_cuboid_centroid": [
        591.9586697301928, 
        177.562053781647
      ], 
      "quaternion_xyzw": [
        0.565397104519309, 
        0.5954018997137516, 
        0.5155842300355832, 
        -0.24493997990742966
      ], 
      "visibility": 0.9882347513149395
    }, 
    {
      "bounding_box": {
        "bottom_right": [
          275, 
          475
        ], 
        "top_left": [
          212, 
          408
        ]
      }, 
      "class": "005_tomato_soup_can", 
      "cuboid": [
        [
          -8.901335720173972, 
          -0.7207646324247009, 
          71.36359174651835
        ], 
        [
          -2.7387476393880803, 
          -3.1997340601157322, 
          70.07727435934932
        ], 
        [
          0.15826400499201754, 
          -0.9254609019850264, 
          79.57355880841054
        ], 
        [
          -6.004324075793875, 
          1.5535085257060044, 
          80.85987619557957
        ], 
        [
          -10.926991733824979, 
          -6.837181595541511, 
          73.44638024009204
        ], 
        [
          -4.764403653039086, 
          -9.31615102323254, 
          72.160062852923
        ], 
        [
          -1.8673920086589884, 
          -7.041877865101837, 
          81.65634730198423
        ], 
        [
          -8.02998008944488, 
          -4.562908437410805, 
          82.94266468915326
        ]
      ], 
      "cuboid_centroid": [
        -5.38436386441648, 
        -3.8813212487632684, 
        76.50996952425129
      ], 
      "location": [
        -5.38436386441648, 
        -3.8813212487632684, 
        76.50996952425129
      ], 
      "pose_transform_permuted": [
        [
          0.2991487759078883, 
          0.9032721425197883, 
          -0.3075860976043035, 
          0.0
        ], 
        [
          -0.9108304819443217, 
          0.3663916667721067, 
          0.1901177022266792, 
          0.0
        ], 
        [
          -0.2844250751706118, 
          -0.223285368981748, 
          -0.9323336423260057, 
          0.0
        ], 
        [
          -5.38436386441648, 
          -3.8813212487632684, 
          76.50996952425129, 
          1.0
        ]
      ], 
      "projected_cuboid": [
        [
          414.52059574352796, 
          267.90006731871114
        ], 
        [
          460.5802708983251, 
          248.93512233634652
        ], 
        [
          482.6666290050769, 
          267.0838944164264
        ], 
        [
          441.66491002943735, 
          283.5328623435747
        ], 
        [
          401.5911796625139, 
          223.63939639760585
        ], 
        [
          446.0909352483588, 
          204.4328593116064
        ], 
        [
          469.2989898711399, 
          227.2941382250606
        ], 
        [
          429.53418479894293, 
          243.94713304420438
        ]
      ], 
      "projected_cuboid_centroid": [
        443.75210376361315, 
        246.2314411958116
      ], 
      "quaternion_xyzw": [
        0.20824874645538496, 
        0.7812973103323686, 
        0.5873582823627399, 
        0.034887830867748236
      ], 
      "visibility": 0.9219739913304434
    }, 
    {
      "bounding_box": {
        "bottom_right": [
          265, 
          614
        ], 
        "top_left": [
          195, 
          535
        ]
      }, 
      "class": "010_potted_meat_can", 
      "cuboid": [
        [
          19.87745390121353, 
          -3.596780303942779, 
          76.88032023992555
        ], 
        [
          11.569364455861407, 
          -4.009525159552768, 
          71.03854703912293
        ], 
        [
          9.625710486397399, 
          -11.439056003943177, 
          74.32771130556496
        ], 
        [
          17.933799931749522, 
          -11.026311148333185, 
          80.16948450636757
        ], 
        [
          16.841410796528873, 
          -0.9730224355919769, 
          81.0127598744906
        ], 
        [
          8.533321351176749, 
          -1.385767291201967, 
          75.17098667368799
        ], 
        [
          6.589667381712738, 
          -8.815298135592373, 
          78.46015094013
        ], 
        [
          14.897756827064862, 
          -8.402553279982385, 
          84.30192414093263
        ]
      ], 
      "cuboid_centroid": [
        13.233560641463136, 
        -6.206039219767576, 
        77.67023559002779
      ], 
      "location": [
        13.233560641463136, 
        -6.206039219767576, 
        77.67023559002779
      ], 
      "pose_transform_permuted": [
        [
          0.5270816763247125, 
          -0.4555056195963113, 
          -0.7174249952302524, 
          0.0
        ], 
        [
          0.8173472713928231, 
          0.04060571130501977, 
          0.5747118416548732, 
          0.0
        ], 
        [
          0.23265313374599453, 
          0.8893062553138572, 
          -0.39370916120635735, 
          0.0
        ], 
        [
          13.233560641463136, 
          -6.206039219767576, 
          77.67023559002779, 
          1.0
        ]
      ], 
      "projected_cuboid": [
        [
          620.6362854038141, 
          248.33563550768665
        ], 
        [
          569.1775190641441, 
          243.18515815409665
        ], 
        [
          551.2394764291643, 
          191.20850177211105
        ], 
        [
          601.8941168710978, 
          199.93509133371072
        ], 
        [
          593.3906279303983, 
          266.8809801338808
        ], 
        [
          542.6434033206992, 
          263.45486133570716
        ], 
        [
          526.7624934054799, 
          213.36604240666975
        ], 
        [
          576.6302210806095, 
          220.1294332235181
        ]
      ], 
      "projected_cuboid_centroid": [
        573.2220357008215, 
        230.673016538027
      ], 
      "quaternion_xyzw": [
        0.9252132891848416, 
        -0.0518927431884863, 
        0.29771338427010713, 
        0.22946459771207697
      ], 
      "visibility": 0.5076848011710173
    }, 
    {
      "bounding_box": {
        "bottom_right": [
          166, 
          592
        ], 
        "top_left": [
          103, 
          417
        ]
      }, 
      "class": "037_scissors", 
      "cuboid": [
        [
          -7.930082403883729, 
          -12.512322335834403, 
          58.28599702889481
        ], 
        [
          11.15342243579085, 
          -14.803828601053882, 
          64.69131288786912
        ], 
        [
          13.228313430433932, 
          -18.680248895924333, 
          57.12274973671293
        ], 
        [
          -5.855191409240645, 
          -16.388742630704854, 
          50.717433877738614
        ], 
        [
          -7.557778230141457, 
          -11.119929210877904, 
          57.674915507972266
        ], 
        [
          11.525726609533121, 
          -13.411435476097383, 
          64.08023136694658
        ], 
        [
          13.600617604176204, 
          -17.287855770967838, 
          56.51166821579039
        ], 
        [
          -5.4828872354983735, 
          -14.996349505748357, 
          50.106352356816075
        ]
      ], 
      "cuboid_centroid": [
        2.835267600146238, 
        -14.90008905340112, 
        57.398832622342596
      ], 
      "location": [
        2.835267600146238, 
        -14.90008905340112, 
        57.398832622342596
      ], 
      "pose_transform_permuted": [
        [
          -0.23781805733161904, 
          -0.889423894152438, 
          0.3903427101455306, 
          0.0
        ], 
        [
          -0.9419394505334986, 
          0.11310606570903413, 
          -0.316158889647582, 
          0.0
        ], 
        [
          -0.237049118376863, 
          0.4428676088187884, 
          0.8646821577582707, 
          0.0
        ], 
        [
          2.835267600146238, 
          -14.90008905340112, 
          57.398832622342596, 
          1.0
        ]
      ], 
      "projected_cuboid": [
        [
          408.4317602402214, 
          158.79820677313336
        ], 
        [
          574.3129067413156, 
          151.24276817054883
        ], 
        [
          606.130832147301, 
          98.88067340687581
        ], 
        [
          419.5136587957096, 
          100.95058325674
        ], 
        [
          411.12793792408905, 
          170.46062208012307
        ], 
        [
          578.3214553674416, 
          161.66738453486457
        ], 
        [
          611.0203014972836, 
          110.13523976654348
        ], 
        [
          422.7522454399731, 
          113.66911441524834
        ]
      ], 
      "projected_cuboid_centroid": [
        508.1604124165347, 
        134.8427940910825
      ], 
      "quaternion_xyzw": [
        -0.16627175614507278, 
        -0.5264809218258751, 
        0.8329390388104367, 
        -0.037200517352637935
      ], 
      "visibility": 0.8606672932330827
    }, 
    {
      "bounding_box": {
        "bottom_right": [
          259, 
          535
        ], 
        "top_left": [
          207, 
          471
        ]
      }, 
      "class": "061_foam_brick", 
      "cuboid": [
        [
          7.710758397514214, 
          -5.224598051041402, 
          74.95395891275183
        ], 
        [
          0.2177190204507226, 
          -4.044488529906484, 
          73.19177345955286
        ], 
        [
          -0.9732944391709895, 
          -8.597115924376729, 
          75.20728880200252
        ], 
        [
          6.5197449378925025, 
          -9.777225445511647, 
          76.96947425520149
        ], 
        [
          6.966638734683199, 
          -2.956775312199846, 
          79.63677883174108
        ], 
        [
          -0.5264006423802925, 
          -1.7766657910649284, 
          77.87459337854213
        ], 
        [
          -1.7174141020020044, 
          -6.329293185535173, 
          79.89010872099178
        ], 
        [
          5.775625275061487, 
          -7.50940270667009, 
          81.65229417419074
        ]
      ], 
      "cuboid_centroid": [
        2.996672147756105, 
        -5.776945618288288, 
        77.4220338168718
      ], 
      "location": [
        2.996672147756105, 
        -5.776945618288288, 
        77.4220338168718
      ], 
      "pose_transform_permuted": [
        [
          0.14157527718612636, 
          -0.4314731203836041, 
          -0.8909474660585256, 
          0.0
        ], 
        [
          0.9622004262649914, 
          -0.15154089377285426, 
          0.2262867588039421, 
          0.0
        ], 
        [
          0.23265162923379779, 
          0.8893066422224454, 
          -0.39370917631406477, 
          0.0
        ], 
        [
          2.996672147756105, 
          -5.776945618288288, 
          77.4220338168718, 
          1.0
        ]
      ], 
      "projected_cuboid": [
        [
          536.918608848273, 
          236.11197782162319
        ], 
        [
          483.1967223178687, 
          243.81594538673332
        ], 
        [
          474.63760099867176, 
          212.32156564566182
        ], 
        [
          527.1486889839605, 
          205.54038472226574
        ], 
        [
          528.6407553545456, 
          253.48530794468445
        ], 
        [
          477.96200262476276, 
          261.1191465638094
        ], 
        [
          470.0366453906078, 
          231.034298530037
        ], 
        [
          519.6354792359862, 
          224.23817305929617
        ]
      ], 
      "projected_cuboid_centroid": [
        502.41158889097835, 
        233.4922045435493
      ], 
      "quaternion_xyzw": [
        0.9672712306465496, 
        -0.09929803317675634, 
        0.09507727107322829, 
        0.21327582961040184
      ], 
      "visibility": 0.5090841675936225
    }
  ]
}