{
  "camera_data": {
    "location_worldframe": [
      -24.698796297441227, 
      -16.087919853255666, 
      71.12479903672836
    ], 
    "quaternion_xyzw_worldframe": [
      0.9190864748558851, 
      0.011328050863798773, 
      0.04529897176809018, 
      -0.3912808070827927
    ]
  }, 
  "objects": [
    {
      "bounding_box": {
        "bottom_right": [
          192, 
          526
        ], 
        "top_left": [
          22, 
          318
        ]
      }, 
      "class": "003_cracker_box", 
      "cuboid": [
        [
          -15.693748009743752, 
          -8.755902352915268, 
          63.56521586719385
        ], 
        [
          -16.047340531766118, 
          -19.763050623147393, 
          51.408087301095186
        ], 
        [
          5.0689916720503065, 
          -22.34705118858635, 
          53.13348652512199
        ], 
        [
          5.422584194072671, 
          -11.339902918354223, 
          65.29061509122064
        ], 
        [
          -16.727450657108978, 
          -14.007986578054071, 
          68.35055469154275
        ], 
        [
          -17.081043179131342, 
          -25.0151348482862, 
          56.19342612544409
        ], 
        [
          4.03528902468508, 
          -27.59913541372515, 
          57.91882534947089
        ], 
        [
          4.388881546707446, 
          -16.591987143493025, 
          70.07595391556956
        ]
      ], 
      "cuboid_centroid": [
        -5.829229492529335, 
        -18.17751888332021, 
        60.74202060833237
      ], 
      "location": [
        -5.829229492529335, 
        -18.17751888332021, 
        60.74202060833237
      ], 
      "pose_transform_permuted": [
        [
          0.14396973148736303, 
          0.731488071129116, 
          -0.6664817463451361, 
          0.0
        ], 
        [
          0.02155578696686189, 
          0.6710202519802665, 
          0.7411256097859387, 
          0.0
        ], 
        [
          -0.9893472921394671, 
          0.12106619358080772, 
          -0.08083880447012201, 
          0.0
        ], 
        [
          -5.829229492529335, 
          -18.17751888332021, 
          60.74202060833237, 
          1.0
        ]
      ], 
      "projected_cuboid": [
        [
          348.8273951660548, 
          199.8234948777925
        ], 
        [
          313.7308291223944, 
          68.26000472812234
        ], 
        [
          532.9003338925786, 
          48.981287104173205
        ], 
        [
          526.2600066435389, 
          180.65772311779423
        ], 
        [
          349.9899283286341, 
          163.9862755828454
        ], 
        [
          318.13363499593834, 
          35.873334869813355
        ], 
        [
          519.0638724509838, 
          19.15225079727107
        ], 
        [
          515.2774179680215, 
          147.01167231196268
        ]
      ], 
      "projected_cuboid_centroid": [
        429.9894696017415, 
        113.68653296270028
      ], 
      "quaternion_xyzw": [
        0.6725146330922483, 
        0.6172235749299979, 
        0.32902456605427266, 
        -0.2418717878551145
      ], 
      "visibility": 0.9954435094954601
    }, 
    {
      "bounding_box": {
        "bottom_right": [
          266, 
          382
        ], 
        "top_left": [
          190, 
          297
        ]
      }, 
      "class": "005_tomato_soup_can", 
      "cuboid": [
        [
          -24.748514478582464, 
          -4.3797916806288795, 
          71.1462661885475
        ], 
        [
          -19.186785663536938, 
          -7.493834157607096, 
          68.87749873971714
        ], 
        [
          -13.63030781740558, 
          -2.731229961671961, 
          75.96181722643568
        ], 
        [
          -19.192036632451106, 
          0.3828125153062557, 
          78.23058467526604
        ], 
        [
          -25.854476541211696, 
          -9.489966849555959, 
          75.44914944518048
        ], 
        [
          -20.29274772616617, 
          -12.604009326534177, 
          73.18038199635014
        ], 
        [
          -14.736269880034811, 
          -7.841405130599041, 
          80.26470048306868
        ], 
        [
          -20.297998695080338, 
          -4.727362653620824, 
          82.53346793189903
        ]
      ], 
      "cuboid_centroid": [
        -19.742392179308638, 
        -6.110598405613961, 
        75.70548333580808
      ], 
      "location": [
        -19.742392179308638, 
        -6.110598405613961, 
        75.70548333580808
      ], 
      "pose_transform_permuted": [
        [
          0.16332842052475874, 
          0.7546704061091382, 
          -0.6354495780239977, 
          0.0
        ], 
        [
          -0.8220234860165304, 
          0.46025545970605375, 
          0.33532381553793833, 
          0.0
        ], 
        [
          -0.5455282280744594, 
          -0.4675866799032421, 
          -0.6955297615134843, 
          0.0
        ], 
        [
          -19.742392179308638, 
          -6.110598405613961, 
          75.70548333580808, 
          1.0
        ]
      ], 
      "projected_cuboid": [
        [
          294.53369537536264, 
          240.45517804331607
        ], 
        [
          331.7954192698339, 
          215.26165928496013
        ], 
        [
          385.10268069133514, 
          254.11087212866377
        ], 
        [
          349.6692972154729, 
          275.8962770233113
        ], 
        [
          297.31921725237544, 
          206.2057928473831
        ], 
        [
          332.4763723772562, 
          181.43179744936634
        ], 
        [
          382.8658005556814, 
          221.18424531033364
        ], 
        [
          349.3412266484761, 
          242.73898990059837
        ]
      ], 
      "projected_cuboid_centroid": [
        341.3595635485317, 
        230.23943424454038
      ], 
      "quaternion_xyzw": [
        0.2940405467704612, 
        0.8551403019305912, 
        0.4239655657523701, 
        -0.050282799975886264
      ], 
      "visibility": 0.8547643442622951
    }, 
    {
      "bounding_box": {
        "bottom_right": [
          245, 
          511
        ], 
        "top_left": [
          169, 
          431
        ]
      }, 
      "class": "010_potted_meat_can", 
      "cuboid": [
        [
          4.428515095746899, 
          -7.258451872623119, 
          68.43725032386423
        ], 
        [
          -5.238609392794945, 
          -8.852025156831994, 
          65.73017607510234
        ], 
        [
          -5.860188313088808, 
          -14.869355831861618, 
          71.49209347173296
        ], 
        [
          3.8069361754530373, 
          -13.275782547652742, 
          74.19916772049486
        ], 
        [
          2.7007757775210175, 
          -3.3660741368297615, 
          72.31578520558398
        ], 
        [
          -6.966348711020828, 
          -4.959647421038637, 
          69.60871095682208
        ], 
        [
          -7.587927631314689, 
          -10.976978096068262, 
          75.37062835345269
        ], 
        [
          2.079196857227155, 
          -9.383404811859386, 
          78.0777026022146
        ]
      ], 
      "cuboid_centroid": [
        -1.5797062677838953, 
        -9.11771498434569, 
        71.90393933865846
      ], 
      "location": [
        -1.5797062677838953, 
        -9.11771498434569, 
        71.90393933865846
      ], 
      "pose_transform_permuted": [
        [
          0.2999495411305103, 
          -0.6757483049912237, 
          -0.6733450733905314, 
          0.0
        ], 
        [
          0.951048718829667, 
          0.15677524708659654, 
          0.2663211277679664, 
          0.0
        ], 
        [
          0.0744022783626952, 
          0.7202675272068098, 
          -0.6896948529790748, 
          0.0
        ], 
        [
          -1.5797062677838953, 
          -9.11771498434569, 
          71.90393933865846, 
          1.0
        ]
      ], 
      "projected_cuboid": [
        [
          516.3953121682496, 
          216.7226855639847
        ], 
        [
          438.73797754448896, 
          201.46323476271226
        ], 
        [
          437.5166923917738, 
          162.3635216144948
        ], 
        [
          509.1881237850509, 
          177.86451328628144
        ], 
        [
          501.68092810856297, 
          248.46217563131034
        ], 
        [
          427.7783498564207, 
          235.28731261286183
        ], 
        [
          427.4577506603551, 
          195.6138754261982
        ], 
        [
          495.91763975418473, 
          209.19200937468528
        ]
      ], 
      "projected_cuboid_centroid": [
        469.7825677433422, 
        205.6594232551885
      ], 
      "quaternion_xyzw": [
        0.9144207619344348, 
        0.022520532164439094, 
        0.15481676829508578, 
        0.3733082227599845
      ], 
      "visibility": 0.843530591775326
    }, 
    {
      "bounding_box": {
        "bottom_right": [
          109, 
          415
        ], 
        "top_left": [
          31, 
          221
        ]
      }, 
      "class": "037_scissors", 
      "cuboid": [
        [
          -27.398335578915844, 
          -19.50588274528291, 
          62.475185517523954
        ], 
        [
          -7.208619696214079, 
          -20.981417294956877, 
          63.285987312754955
        ], 
        [
          -7.394764670942709, 
          -27.01263793549694, 
          56.94527104811413
        ], 
        [
          -27.584480553644475, 
          -25.537103385822974, 
          56.134469252883136
        ], 
        [
          -27.272570561149013, 
          -18.377081573989415, 
          61.39779017995395
        ], 
        [
          -7.082854678447246, 
          -19.852616123663385, 
          62.208591975184945
        ], 
        [
          -7.268999653175877, 
          -25.883836764203444, 
          55.867875710544126
        ], 
        [
          -27.458715535877644, 
          -24.408302214529478, 
          55.057073915313126
        ]
      ], 
      "cuboid_centroid": [
        -17.33366761604586, 
        -22.694859754743177, 
        59.17153061403404
      ], 
      "location": [
        -17.33366761604586, 
        -22.694859754743177, 
        59.17153061403404
      ], 
      "pose_transform_permuted": [
        [
          -0.08033536638858417, 
          -0.7210483271576488, 
          0.6882116404540095, 
          0.0
        ], 
        [
          -0.9965407321532582, 
          0.07283065739965987, 
          -0.04002022709705152, 
          0.0
        ], 
        [
          0.021266419423298794, 
          0.689046094116521, 
          0.7244048985182928, 
          0.0
        ], 
        [
          -17.33366761604586, 
          -22.694859754743177, 
          59.17153061403404, 
          1.0
        ]
      ], 
      "projected_cuboid": [
        [
          245.7620107375418, 
          106.77451934674774
        ], 
        [
          420.3428095874636, 
          96.47329383013466
        ], 
        [
          411.7644335405116, 
          20.30031912684282
        ], 
        [
          217.3398081026416, 
          30.664891880701283
        ], 
        [
          242.7251638002146, 
          113.65770677731007
        ], 
        [
          420.369121831344, 
          103.0883608525849
        ], 
        [
          411.6283006624189, 
          26.19718907766804
        ], 
        [
          213.39703337395076, 
          36.8514237036379
        ]
      ], 
      "projected_cuboid_centroid": [
        324.064846357399, 
        68.73524415946096
      ], 
      "quaternion_xyzw": [
        -0.03276247592688832, 
        -0.39347258517987427, 
        0.9183951310198388, 
        0.025614540420763075
      ], 
      "visibility": 0.7470078415187784
    }, 
    {
      "bounding_box": {
        "bottom_right": [
          242, 
          429
        ], 
        "top_left": [
          187, 
          367
        ]
      }, 
      "class": "061_foam_brick", 
      "cuboid": [
        [
          -7.6933526064883155, 
          -8.638116875190988, 
          70.79221222466983
        ], 
        [
          -15.402241413308623, 
          -7.57176886607773, 
          71.07422365547372
        ], 
        [
          -15.783126066309485, 
          -11.259036204820633, 
          74.60497680505516
        ], 
        [
          -8.074237259489175, 
          -12.32538421393389, 
          74.32296537425125
        ], 
        [
          -7.0598719767373, 
          -5.063790834865722, 
          74.5933215483126
        ], 
        [
          -14.76876078355761, 
          -3.9974428257524655, 
          74.87533297911651
        ], 
        [
          -15.14964543655847, 
          -7.6847101644953675, 
          78.40608612869792
        ], 
        [
          -7.440756629738162, 
          -8.751058173608625, 
          78.12407469789403
        ]
      ], 
      "cuboid_centroid": [
        -11.421499021523394, 
        -8.161413519843178, 
        74.59914917668388
      ], 
      "location": [
        -11.421499021523394, 
        -8.161413519843178, 
        74.59914917668388
      ], 
      "pose_transform_permuted": [
        [
          -0.1205252330086709, 
          -0.680046805895998, 
          -0.7231943099878873, 
          0.0
        ], 
        [
          0.989918205776042, 
          -0.13693248590903628, 
          -0.036213811949492136, 
          0.0
        ], 
        [
          0.07440170751634106, 
          0.7202678918939969, 
          -0.6896945337069378, 
          0.0
        ], 
        [
          -11.421499021523394, 
          -8.161413519843178, 
          74.59914917668388, 
          1.0
        ]
      ], 
      "projected_cuboid": [
        [
          423.1554965359031, 
          208.21049717853072
        ], 
        [
          365.0601475604337, 
          216.47026327825276
        ], 
        [
          367.8298963133635, 
          192.80042629274564
        ], 
        [
          423.1759034866936, 
          184.84323195483347
        ], 
        [
          430.7004869372405, 
          237.08197219376868
        ], 
        [
          375.5259797184741, 
          244.81368241262732
        ], 
        [
          377.69015829173753, 
          221.01500366466692
        ], 
        [
          430.37891137140826, 
          213.54681350465754
        ]
      ], 
      "projected_cuboid_centroid": [
        399.2627359241199, 
        214.93946962303986
      ], 
      "quaternion_xyzw": [
        0.9264691586418198, 
        -0.057026775110136395, 
        -0.042294728188237395, 
        0.3696133127655706
      ], 
      "visibility": 0.9908100748808714
    }
  ]
}