{
  "camera_data": {
    "location_worldframe": [
      -22.621204675333757, 
      -18.26956517508008, 
      65.45481061434974
    ], 
    "quaternion_xyzw_worldframe": [
      0.9029017729041144, 
      0.009461245941230262, 
      0.07677998620171013, 
      -0.42282852559109496
    ]
  }, 
  "objects": [
    {
      "bounding_box": {
        "bottom_right": [
          168, 
          560
        ], 
        "top_left": [
          0, 
          331
        ]
      }, 
      "class": "003_cracker_box", 
      "cuboid": [
        [
          -13.02843481739161, 
          -10.665575429066491, 
          58.962184540668886
        ], 
        [
          -12.927068617940696, 
          -20.771589164375136, 
          46.04180037600418
        ], 
        [
          7.989368748047509, 
          -24.03742118650778, 
          48.760354452034484
        ], 
        [
          7.888002548596597, 
          -13.931407451199135, 
          61.68073861669918
        ], 
        [
          -14.457192336501294, 
          -16.213381735241832, 
          63.2903359561916
        ], 
        [
          -14.355826137050382, 
          -26.31939547055048, 
          50.3699517915269
        ], 
        [
          6.560611228937827, 
          -29.58522749268312, 
          53.0885058675572
        ], 
        [
          6.4592450294869135, 
          -19.479213757374474, 
          66.0088900322219
        ]
      ], 
      "cuboid_centroid": [
        -3.233911794226892, 
        -20.125401460874805, 
        56.025345204113044
      ], 
      "location": [
        -3.233911794226892, 
        -20.125401460874805, 
        56.025345204113044
      ], 
      "pose_transform_permuted": [
        [
          0.1989913026836776, 
          0.7726749914782443, 
          -0.6028066182453111, 
          0.0
        ], 
        [
          -0.006179509081546908, 
          0.6160850855005184, 
          0.7876553694931118, 
          0.0
        ], 
        [
          -0.9799817728528242, 
          0.1530115190693644, 
          -0.12737032585465724, 
          0.0
        ], 
        [
          -3.233911794226892, 
          -20.125401460874805, 
          56.025345204113044, 
          1.0
        ]
      ], 
      "projected_cuboid": [
        [
          362.7713588977211, 
          176.81521002060023
        ], 
        [
          330.6100898378964, 
          32.68136649643099
        ], 
        [
          569.7095343767448, 
          10.375663116728655
        ], 
        [
          550.3686830447635, 
          152.82928371552467
        ], 
        [
          358.7574962073466, 
          136.6635629537934
        ], 
        [
          328.3301615897051, 
          -5.3845451231491435
        ], 
        [
          548.0532745801466, 
          -23.92245173442625
        ], 
        [
          534.2195197776526, 
          115.90400728726023
        ]
      ], 
      "projected_cuboid_centroid": [
        450.55609303923035, 
        81.70769667020437
      ], 
      "quaternion_xyzw": [
        0.661369531395484, 
        0.6033188643365741, 
        0.3729558988357739, 
        -0.24392742445437413
      ], 
      "visibility": 0.9070956590953084
    }, 
    {
      "bounding_box": {
        "bottom_right": [
          245, 
          390
        ], 
        "top_left": [
          165, 
          300
        ]
      }, 
      "class": "005_tomato_soup_can", 
      "cuboid": [
        [
          -22.405477724501964, 
          -6.595194088625964, 
          66.31833446060055
        ], 
        [
          -16.793906379714578, 
          -9.689176626370752, 
          64.14694486039153
        ], 
        [
          -11.550543570084265, 
          -5.590661522593511, 
          71.85756958175133
        ], 
        [
          -17.16211491487165, 
          -2.49667898484872, 
          74.02895918196036
        ], 
        [
          -23.875137849278893, 
          -11.965429271838158, 
          70.17223117119582
        ], 
        [
          -18.263566504491507, 
          -15.059411809582945, 
          68.0008415709868
        ], 
        [
          -13.020203694861197, 
          -10.960896705805704, 
          75.71146629234661
        ], 
        [
          -18.63177503964858, 
          -7.866914168060914, 
          77.88285589255563
        ]
      ], 
      "cuboid_centroid": [
        -17.71284070968158, 
        -8.778045397215834, 
        71.01490037647358
      ], 
      "location": [
        -17.71284070968158, 
        -8.778045397215834, 
        71.01490037647358
      ], 
      "pose_transform_permuted": [
        [
          0.21703933163619515, 
          0.7930760556427726, 
          -0.5691432679984331, 
          0.0
        ], 
        [
          -0.8293902116180104, 
          0.457290600805826, 
          0.32093137008681166, 
          0.0
        ], 
        [
          -0.5147869751124212, 
          -0.4023872215843892, 
          -0.7570197448945426, 
          0.0
        ], 
        [
          -17.71284070968158, 
          -8.778045397215834, 
          71.01490037647358, 
          1.0
        ]
      ], 
      "projected_cuboid": [
        [
          299.9148869351316, 
          220.24922649152685
        ], 
        [
          340.8084689696905, 
          192.7304389981717
        ], 
        [
          395.15569967924534, 
          231.79321598021735
        ], 
        [
          356.92737263676014, 
          255.29995799671832
        ], 
        [
          298.6302481568889, 
          182.34746357531938
        ], 
        [
          337.16519625596754, 
          155.17801103467315
        ], 
        [
          389.1170605317493, 
          196.0768212953223
        ], 
        [
          352.9487537626118, 
          219.41615358334016
        ]
      ], 
      "projected_cuboid_centroid": [
        347.46566376971947, 
        207.3637036539585
      ], 
      "quaternion_xyzw": [
        0.2904159886695318, 
        0.8367975712800606, 
        0.4631035789713493, 
        -0.031038581496983627
      ], 
      "visibility": 0.8855721393034826
    }, 
    {
      "bounding_box": {
        "bottom_right": [
          220, 
          531
        ], 
        "top_left": [
          140, 
          445
        ]
      }, 
      "class": "010_potted_meat_can", 
      "cuboid": [
        [
          6.806372787024573, 
          -10.057583901801232, 
          65.0528535109876
        ], 
        [
          -2.7213004687191753, 
          -11.195418892029409, 
          61.69878187427243
        ], 
        [
          -3.8127773225647745, 
          -17.586440927565203, 
          66.96735250692186
        ], 
        [
          5.714895933178974, 
          -16.448605937337028, 
          70.32142414363702
        ], 
        [
          4.945732285383043, 
          -6.40435787518866, 
          69.09892283079564
        ], 
        [
          -4.581940970360706, 
          -7.542192865416836, 
          65.74485119408047
        ], 
        [
          -5.673417824206306, 
          -13.933214900952631, 
          71.01342182672988
        ], 
        [
          3.8542554315374433, 
          -12.795379910724455, 
          74.36749346344507
        ]
      ], 
      "cuboid_centroid": [
        0.566477481409134, 
        -11.99539940137693, 
        68.03313766885874
      ], 
      "location": [
        0.566477481409134, 
        -11.99539940137693, 
        68.03313766885874
      ], 
      "pose_transform_permuted": [
        [
          0.323022263132438, 
          -0.6342296310381342, 
          -0.7024304089489904, 
          0.0
        ], 
        [
          0.9373295496548992, 
          0.1119398546050274, 
          0.3299725307915269, 
          0.0
        ], 
        [
          0.13064851791927962, 
          0.7649979511616147, 
          -0.6306418155213206, 
          0.0
        ], 
        [
          0.566477481409134, 
          -11.99539940137693, 
          68.03313766885874, 
          1.0
        ]
      ], 
      "projected_cuboid": [
        [
          537.8624314946037, 
          190.8319466034956
        ], 
        [
          457.87832735561466, 
          176.5141876116915
        ], 
        [
          450.97954616193925, 
          133.23033157871703
        ], 
        [
          525.3001857072313, 
          148.53986555442694
        ], 
        [
          520.0873487851463, 
          223.85639735770587
        ], 
        [
          444.11880364854505, 
          212.1045734302301
        ], 
        [
          438.63392375509284, 
          168.64637036155833
        ], 
        [
          509.4678469211677, 
          181.5256574851964
        ]
      ], 
      "projected_cuboid_centroid": [
        486.07475773155545, 
        179.2532238066275
      ], 
      "quaternion_xyzw": [
        0.9225993049213599, 
        -0.005069552733905134, 
        0.17694431115456583, 
        0.3427466939906457
      ], 
      "visibility": 0.7977908426866204
    }, 
    {
      "bounding_box": {
        "bottom_right": [
          78, 
          434
        ], 
        "top_left": [
          0, 
          218
        ]
      }, 
      "class": "037_scissors", 
      "cuboid": [
        [
          -24.891824398661218, 
          -20.993284768311398, 
          56.4430732033893
        ], 
        [
          -4.821928586277602, 
          -23.06421545975099, 
          58.27876308296356
        ], 
        [
          -4.777387672587851, 
          -28.624548926638017, 
          51.51890635673057
        ], 
        [
          -24.847283484971467, 
          -26.553618235198424, 
          49.683216477156286
        ], 
        [
          -24.67813121249071, 
          -19.794874586593785, 
          55.458726772520095
        ], 
        [
          -4.608235400107096, 
          -21.865805278033378, 
          57.29441665209437
        ], 
        [
          -4.563694486417347, 
          -27.426138744920408, 
          50.534559925861366
        ], 
        [
          -24.63359029880096, 
          -25.355208053480816, 
          48.6988700462871
        ]
      ], 
      "cuboid_centroid": [
        -14.727759442539282, 
        -24.2097117566159, 
        53.48881656462533
      ], 
      "location": [
        -14.727759442539282, 
        -24.2097117566159, 
        53.48881656462533
      ], 
      "pose_transform_permuted": [
        [
          -0.13650155433189956, 
          -0.7655127215947065, 
          0.6287744603493939, 
          0.0
        ], 
        [
          -0.9906265538015059, 
          0.1022187136993873, 
          -0.09060750271204275, 
          0.0
        ], 
        [
          -0.005088645306724411, 
          0.6352488634872437, 
          0.7722902463042802, 
          0.0
        ], 
        [
          -14.727759442539282, 
          -24.2097117566159, 
          53.48881656462533, 
          1.0
        ]
      ], 
      "projected_cuboid": [
        [
          244.43904881515968, 
          74.92508729138541
        ], 
        [
          437.10299351243356, 
          62.22169850203202
        ], 
        [
          431.72979957107276, 
          -23.032494808402642
        ], 
        [
          212.65363213039114, 
          -11.750655924741174
        ], 
        [
          242.3017991640282, 
          82.92886340390965
        ], 
        [
          438.34428238539704, 
          69.75078636721747
        ], 
        [
          433.032469223113, 
          -16.156902406566207
        ], 
        [
          209.57723619406437, 
          -4.387851125484587
        ]
      ], 
      "projected_cuboid_centroid": [
        333.52762954412503, 
        31.899380590651788
      ], 
      "quaternion_xyzw": [
        -0.06294370757243108, 
        -0.42620502051013326, 
        0.9020324103986153, 
        0.026919783389418445
      ], 
      "visibility": 0.6059479120892658
    }, 
    {
      "bounding_box": {
        "bottom_right": [
          220, 
          442
        ], 
        "top_left": [
          159, 
          377
        ]
      }, 
      "class": "061_foam_brick", 
      "cuboid": [
        [
          -5.459890812479717, 
          -11.274334627185976, 
          66.61705189590239
        ], 
        [
          -13.145878327772733, 
          -10.02393796469383, 
          66.54155844749965
        ], 
        [
          -13.814705496021576, 
          -13.940191877504295, 
          69.77000340737428
        ], 
        [
          -6.12871798072856, 
          -15.19058853999644, 
          69.84549685577703
        ], 
        [
          -4.966647123811363, 
          -7.9961893079110755, 
          70.69577845825073
        ], 
        [
          -12.65263463910438, 
          -6.745792645418931, 
          70.62028500984799
        ], 
        [
          -13.321461807353222, 
          -10.662046558229395, 
          73.84872996972263
        ], 
        [
          -5.635474292060206, 
          -11.91244322072154, 
          73.92422341812537
        ]
      ], 
      "cuboid_centroid": [
        -9.39067630991647, 
        -10.968190592707685, 
        70.23289093281251
      ], 
      "location": [
        -9.39067630991647, 
        -10.968190592707685, 
        70.23289093281251
      ], 
      "pose_transform_permuted": [
        [
          -0.09384392784065948, 
          -0.6236958320212294, 
          -0.7760134189089668, 
          0.0
        ], 
        [
          0.9869773921274401, 
          -0.16056664607063204, 
          0.009694307553712478, 
          0.0
        ], 
        [
          0.13064817119559957, 
          0.764997948552135, 
          -0.630641890516536, 
          0.0
        ], 
        [
          -9.39067630991647, 
          -10.968190592707685, 
          70.23289093281251, 
          1.0
        ]
      ], 
      "projected_cuboid": [
        [
          437.52227539301657, 
          183.0270132384516
        ], 
        [
          375.3569912900194, 
          192.94633342668595
        ], 
        [
          375.1179065737195, 
          166.72817538501636
        ], 
        [
          434.4100040312529, 
          157.29569085490084
        ], 
        [
          443.8171030244098, 
          212.96434560086607
        ], 
        [
          385.24894988366214, 
          222.3427713099739
        ], 
        [
          384.59062325630157, 
          196.28753977906175
        ], 
        [
          440.60163949755236, 
          187.34530032932045
        ]
      ], 
      "projected_cuboid_centroid": [
        409.693894462243, 
        189.99862604512552
      ], 
      "quaternion_xyzw": [
        0.939147054457999, 
        -0.07752109104848806, 
        -0.022400544165980345, 
        0.3339034383868854
      ], 
      "visibility": 0.9733128834355829
    }
  ]
}