{
  "camera_data": {
    "location_worldframe": [
      -7.617381478892485, 
      -9.592219199512028, 
      70.67221264037765
    ], 
    "quaternion_xyzw_worldframe": [
      -0.8286907779660936, 
      -0.0804418301667509, 
      -0.19001890377611383, 
      0.5202872349571048
    ]
  }, 
  "objects": [
    {
      "bounding_box": {
        "bottom_right": [
          260, 
          703
        ], 
        "top_left": [
          135, 
          489
        ]
      }, 
      "class": "003_cracker_box", 
      "cuboid": [
        [
          2.712955967112128, 
          -0.5282605756152094, 
          68.90413305258433
        ], 
        [
          7.0241452764379275, 
          -7.344117088706326, 
          54.620020814882444
        ], 
        [
          26.6722190234996, 
          -10.808489425161458, 
          62.203217336852966
        ], 
        [
          22.361029714173796, 
          -3.992632912070343, 
          76.48732957455486
        ], 
        [
          0.6381687788808155, 
          -6.95428391200652, 
          71.34419037540447
        ], 
        [
          4.949358088206616, 
          -13.770140425097635, 
          57.060078137702575
        ], 
        [
          24.597431835268285, 
          -17.234512761552768, 
          64.64327465967311
        ], 
        [
          20.286242525942487, 
          -10.418656248461652, 
          78.927386897375
        ]
      ], 
      "cuboid_centroid": [
        13.655193901190207, 
        -8.881386668583989, 
        66.77370385612872
      ], 
      "location": [
        13.655193901190207, 
        -8.881386668583989, 
        66.77370385612872
      ], 
      "pose_transform_permuted": [
        [
          0.2889675818712932, 
          0.8949893440148207, 
          -0.3398408608854719, 
          0.0
        ], 
        [
          -0.2628196936805161, 
          0.4155097798804604, 
          0.8707912674328857, 
          0.0
        ], 
        [
          -0.9205561065145009, 
          0.162313575906677, 
          -0.3552896815772312, 
          0.0
        ], 
        [
          13.655193901190207, 
          -8.881386668583989, 
          66.77370385612872, 
          1.0
        ]
      ], 
      "projected_cuboid": [
        [
          502.7704013398454, 
          269.19778891063794
        ], 
        [
          550.7536261650442, 
          201.57727449024065
        ], 
        [
          712.1857794884125, 
          180.61642666354902
        ], 
        [
          638.8120908564659, 
          245.4472954262981
        ], 
        [
          486.40733053137564, 
          221.3011446692459
        ], 
        [
          528.2424081661294, 
          144.58209537625217
        ], 
        [
          686.2218168846539, 
          131.0984571557109
        ], 
        [
          619.8153950511294, 
          202.88672334095065
        ]
      ], 
      "projected_cuboid_centroid": [
        591.5695809339577, 
        202.35116728106885
      ], 
      "quaternion_xyzw": [
        0.5566270616650866, 
        0.6000722828666791, 
        0.5208868420064289, 
        -0.24239733369373898
      ], 
      "visibility": 0.9887388589421999
    }, 
    {
      "bounding_box": {
        "bottom_right": [
          290, 
          476
        ], 
        "top_left": [
          231, 
          413
        ]
      }, 
      "class": "005_tomato_soup_can", 
      "cuboid": [
        [
          -8.56602996274697, 
          1.5619327956443698, 
          74.1027836633496
        ], 
        [
          -2.352775178774108, 
          -0.8484231758423779, 
          72.93528943314497
        ], 
        [
          0.326378900951494, 
          1.4273392129994122, 
          82.49496788848919
        ], 
        [
          -5.886875883021368, 
          3.83769518448616, 
          83.66246211869381
        ], 
        [
          -10.56905966373316, 
          -4.58164765814045, 
          76.1266754307489
        ], 
        [
          -4.355804879760298, 
          -6.992003629627199, 
          74.9591812005443
        ], 
        [
          -1.6766508000346965, 
          -4.716241240785408, 
          84.5188596558885
        ], 
        [
          -7.8899055840075585, 
          -2.3058852692986602, 
          85.68635388609313
        ]
      ], 
      "cuboid_centroid": [
        -5.121340381390834, 
        -1.577154222570519, 
        79.31082165961905
      ], 
      "location": [
        -5.121340381390834, 
        -1.577154222570519, 
        79.31082165961905
      ], 
      "pose_transform_permuted": [
        [
          0.2958073232173159, 
          0.9072836454245065, 
          -0.2988882321121817, 
          0.0
        ], 
        [
          -0.9183190203761218, 
          0.3562505983503401, 
          0.1725556403290994, 
          0.0
        ], 
        [
          -0.2630360847868329, 
          -0.22343157983932888, 
          -0.9385575886595965, 
          0.0
        ], 
        [
          -5.121340381390834, 
          -1.577154222570519, 
          79.31082165961905, 
          1.0
        ]
      ], 
      "projected_cuboid": [
        [
          419.43337616796754, 
          284.52780728784586
        ], 
        [
          464.2496664594015, 
          267.0826729113205
        ], 
        [
          483.7246513567046, 
          282.514106324145
        ], 
        [
          443.7575178074065, 
          297.75053227823645
        ], 
        [
          406.9365121171156, 
          241.18895319331054
        ], 
        [
          450.34812674434335, 
          223.53983048595862
        ], 
        [
          470.9291250034792, 
          243.52674445238242
        ], 
        [
          432.08034754474573, 
          258.9345004061448
        ]
      ], 
      "projected_cuboid_centroid": [
        446.8720149163005, 
        262.68108446353057
      ], 
      "quaternion_xyzw": [
        0.19820289203377764, 
        0.7811272035218771, 
        0.5907620505859152, 
        0.03944673874258579
      ], 
      "visibility": 0.933308632826973
    }, 
    {
      "bounding_box": {
        "bottom_right": [
          281, 
          610
        ], 
        "top_left": [
          215, 
          535
        ]
      }, 
      "class": "010_potted_meat_can", 
      "cuboid": [
        [
          20.12327827203877, 
          -1.029039597417272, 
          80.1964735487259
        ], 
        [
          11.940534820867821, 
          -1.5111165584501536, 
          74.18553900463213
        ], 
        [
          10.008772526182838, 
          -8.970527739712816, 
          77.41351052837389
        ], 
        [
          18.191515977353788, 
          -8.488450778679935, 
          83.42444507246766
        ], 
        [
          16.976336046051507, 
          1.5502419710487407, 
          84.27357811390816
        ], 
        [
          8.793592594880556, 
          1.068165010015859, 
          78.2626435698144
        ], 
        [
          6.861830300195574, 
          -6.391246171246803, 
          81.49061509355616
        ], 
        [
          15.044573751366524, 
          -5.909169210213921, 
          87.50154963764992
        ]
      ], 
      "cuboid_centroid": [
        13.492554286117173, 
        -3.7101428843320376, 
        80.84354432114102
      ], 
      "location": [
        13.492554286117173, 
        -3.7101428843320376, 
        80.84354432114102
      ], 
      "pose_transform_permuted": [
        [
          0.54633466211695, 
          -0.44778417365773987, 
          -0.7078183789457778, 
          0.0
        ], 
        [
          0.8050157712329015, 
          0.047426582404213685, 
          0.5913538823157999, 
          0.0
        ], 
        [
          0.23122971401887496, 
          0.8928828971029474, 
          -0.3863844606293017, 
          0.0
        ], 
        [
          13.492554286117173, 
          -3.7101428843320376, 
          80.84354432114102, 
          1.0
        ]
      ], 
      "projected_cuboid": [
        [
          616.5353587511606, 
          266.4432574121502
        ], 
        [
          568.1528866820402, 
          262.42312627224317
        ], 
        [
          551.1244383083285, 
          211.48649710594333
        ], 
        [
          598.8617714918533, 
          219.02118413794398
        ], 
        [
          589.9259532613906, 
          283.0971384130038
        ], 
        [
          542.0202476467316, 
          280.56553204443907
        ], 
        [
          526.8789144834288, 
          231.45869387840244
        ], 
        [
          574.0574936499575, 
          237.27031114740163
        ]
      ], 
      "projected_cuboid_centroid": [
        571.3483320576266, 
        248.81096762893756
      ], 
      "quaternion_xyzw": [
        0.9227292462149482, 
        -0.04979877151629933, 
        0.3082400793893681, 
        0.22600579685449879
      ], 
      "visibility": 0.47645799892990903
    }, 
    {
      "bounding_box": {
        "bottom_right": [
          191, 
          593
        ], 
        "top_left": [
          136, 
          427
        ]
      }, 
      "class": "037_scissors", 
      "cuboid": [
        [
          -7.204842421695313, 
          -10.179213968232064, 
          61.01447916456605
        ], 
        [
          11.767537223329663, 
          -12.290008624468605, 
          67.80068471014867
        ], 
        [
          14.036659869612489, 
          -16.12153214338516, 
          60.26507159273815
        ], 
        [
          -4.935719775412487, 
          -14.010737487148617, 
          53.47886604715553
        ], 
        [
          -6.83488180441989, 
          -8.78115149091442, 
          60.415029342974044
        ], 
        [
          12.137497840605086, 
          -10.891946147150962, 
          67.20123488855667
        ], 
        [
          14.406620486887912, 
          -14.723469666067516, 
          59.66562177114615
        ], 
        [
          -4.565759158137064, 
          -12.612675009830973, 
          52.879416225563524
        ]
      ], 
      "cuboid_centroid": [
        3.6008890325962994, 
        -12.451341817149789, 
        60.3400504678561
      ], 
      "location": [
        3.6008890325962994, 
        -12.451341817149789, 
        60.3400504678561
      ], 
      "pose_transform_permuted": [
        [
          -0.2363210554565377, 
          -0.8930453264649038, 
          0.3829126883156678, 
          0.0
        ], 
        [
          -0.9364544410623316, 
          0.10418635231778514, 
          -0.3349591585254357, 
          0.0
        ], 
        [
          -0.2592394126626613, 
          0.4377383074794347, 
          0.8609177303883203, 
          0.0
        ], 
        [
          3.6008890325962994, 
          -12.451341817149789, 
          60.3400504678561, 
          1.0
        ]
      ], 
      "projected_cuboid": [
        [
          418.0956664638569, 
          184.31135987813414
        ], 
        [
          574.9317916794032, 
          176.6134394014991
        ], 
        [
          606.8505602152711, 
          130.61801414902644
        ], 
        [
          431.96526698706134, 
          133.56404143527166
        ], 
        [
          420.7586727597302, 
          195.7700639545666
        ], 
        [
          578.7248914819302, 
          186.84633805424207
        ], 
        [
          611.4434008285929, 
          141.68119352934
        ], 
        [
          435.16499469099733, 
          146.08039504250596
        ]
      ], 
      "projected_cuboid_centroid": [
        513.688997091413, 
        163.2345181976389
      ], 
      "quaternion_xyzw": [
        -0.17202536965434825, 
        -0.528157873895432, 
        0.8302266914610481, 
        -0.04668997694834737
      ], 
      "visibility": 0.8522850924918389
    }, 
    {
      "bounding_box": {
        "bottom_right": [
          275, 
          535
        ], 
        "top_left": [
          225, 
          472
        ]
      }, 
      "class": "061_foam_brick", 
      "cuboid": [
        [
          8.016129395684784, 
          -2.778430603710189, 
          78.01809488094057
        ], 
        [
          0.5484624179879993, 
          -1.671553021941478, 
          76.10697816845068
        ], 
        [
          -0.6352657201076362, 
          -6.242490877903685, 
          78.08499388161962
        ], 
        [
          6.832401257589149, 
          -7.349368459672396, 
          79.99611059410951
        ], 
        [
          7.153071568752559, 
          -0.5327199573146933, 
          82.69115076773863
        ], 
        [
          -0.31459540894422655, 
          0.5741576244540179, 
          80.78003405524873
        ], 
        [
          -1.498323547039862, 
          -3.9967802315081893, 
          82.75804976841769
        ], 
        [
          5.969343430656923, 
          -5.1036578132769, 
          84.66916648090758
        ]
      ], 
      "cuboid_centroid": [
        3.258902924322461, 
        -3.387605417609189, 
        80.38807232467913
      ], 
      "location": [
        3.258902924322461, 
        -3.387605417609189, 
        80.38807232467913
      ], 
      "pose_transform_permuted": [
        [
          0.16420430366094735, 
          -0.42726610130644915, 
          -0.889089773495124, 
          0.0
        ], 
        [
          0.9589422913136738, 
          -0.1421369924013936, 
          0.2454114042198685, 
          0.0
        ], 
        [
          0.23122852027659763, 
          0.8928833933193481, 
          -0.3863840283257345, 
          0.0
        ], 
        [
          3.258902924322461, 
          -3.387605417609189, 
          80.38807232467913, 
          1.0
        ]
      ], 
      "projected_cuboid": [
        [
          536.8507376086069, 
          254.29361776591406
        ], 
        [
          485.4724476973483, 
          261.5731316373131
        ], 
        [
          477.22205377015024, 
          230.6503992375359
        ], 
        [
          527.527046512288, 
          224.28962932707555
        ], 
        [
          528.1155232744591, 
          269.8507412493276
        ], 
        [
          479.5027633439067, 
          277.07719626141227
        ], 
        [
          471.8609226813709, 
          247.5299961941484
        ], 
        [
          519.5104942756218, 
          241.1392903970533
        ]
      ], 
      "projected_cuboid_centroid": [
        503.39782486512473, 
        250.81210543165764
      ], 
      "quaternion_xyzw": [
        0.9670723160819135, 
        -0.0965195431792213, 
        0.10589066119180489, 
        0.2103384917812251
      ], 
      "visibility": 0.45028294260307195
    }
  ]
}