{
  "camera_data": {
    "location_worldframe": [
      -7.593238739170493, 
      -6.562131140264052, 
      74.11588110398137
    ], 
    "quaternion_xyzw_worldframe": [
      -0.8268771475461557, 
      -0.09345541234342007, 
      -0.19709423657328382, 
      0.518363782290709
    ]
  }, 
  "objects": [
    {
      "bounding_box": {
        "bottom_right": [
          284, 
          690
        ], 
        "top_left": [
          171, 
          488
        ]
      }, 
      "class": "003_cracker_box", 
      "cuboid": [
        [
          2.6549045833208105, 
          2.6350102320136735, 
          72.57145854724747
        ], 
        [
          7.433258479975311, 
          -4.190824956636139, 
          58.441581559004675
        ], 
        [
          26.920728533861226, 
          -7.345596571670428, 
          66.55573426290849
        ], 
        [
          22.142374637206725, 
          -0.5197613830206144, 
          80.68561125115127
        ], 
        [
          0.6049123286212349, 
          -3.8070082668502576, 
          74.99020345957479
        ], 
        [
          5.383266225275736, 
          -10.63284345550007, 
          60.860326471332
        ], 
        [
          24.870736279161648, 
          -13.78761507053436, 
          68.9744791752358
        ], 
        [
          20.092382382507147, 
          -6.961779881884546, 
          83.1043561634786
        ]
      ], 
      "cuboid_centroid": [
        13.762820431241229, 
        -5.576302419260343, 
        70.77296886124164
      ], 
      "location": [
        13.762820431241229, 
        -5.576302419260343, 
        70.77296886124164
      ], 
      "pose_transform_permuted": [
        [
          0.2855142484277638, 
          0.8972170825740182, 
          -0.3368725585174559, 
          0.0
        ], 
        [
          -0.2912990864723197, 
          0.41611810214735817, 
          0.8613887434170899, 
          0.0
        ], 
        [
          -0.9130314650465894, 
          0.14780809112713844, 
          -0.38016616371296175, 
          0.0
        ], 
        [
          13.762820431241229, 
          -5.576302419260343, 
          70.77296886124164, 
          1.0
        ]
      ], 
      "projected_cuboid": [
        [
          501.2702599803899, 
          292.6509353178112
        ], 
        [
          549.9959529062367, 
          235.04238100632276
        ], 
        [
          699.114001350167, 
          214.42533623627003
        ], 
        [
          629.1744644477549, 
          269.85099452030727
        ], 
        [
          485.93497018619297, 
          246.21164061700566
        ], 
        [
          529.163801697853, 
          180.11083603572695
        ], 
        [
          675.5033838561966, 
          166.67891715895527
        ], 
        [
          611.6138429235559, 
          228.6095352809728
        ]
      ], 
      "projected_cuboid_centroid": [
        586.173007228213, 
        231.26553293207894
      ], 
      "quaternion_xyzw": [
        0.5462100244348036, 
        0.6083509583009296, 
        0.5249368102643409, 
        -0.23665389489879854
      ], 
      "visibility": 0.9873001832311872
    }, 
    {
      "bounding_box": {
        "bottom_right": [
          308, 
          474
        ], 
        "top_left": [
          254, 
          414
        ]
      }, 
      "class": "005_tomato_soup_can", 
      "cuboid": [
        [
          -8.78449575167313, 
          4.594564649239645, 
          77.46133810042689
        ], 
        [
          -2.510247452374827, 
          2.264670535919614, 
          76.46997772353382
        ], 
        [
          -0.11486587019121156, 
          4.624344369949612, 
          86.08447197313839
        ], 
        [
          -6.389114169489515, 
          6.954238483269642, 
          87.07583235003146
        ], 
        [
          -10.75570714216435, 
          -1.56609273041689, 
          79.464453914799
        ], 
        [
          -4.481458842866045, 
          -3.8959868437369205, 
          78.47309353790592
        ], 
        [
          -2.0860772606824307, 
          -1.5363130097069226, 
          88.0875877875105
        ], 
        [
          -8.360325559980735, 
          0.7935811036131079, 
          89.07894816440357
        ]
      ], 
      "cuboid_centroid": [
        -5.43528650617778, 
        1.529125819766361, 
        82.7744629439687
      ], 
      "location": [
        -5.43528650617778, 
        1.529125819766361, 
        82.7744629439687
      ], 
      "pose_transform_permuted": [
        [
          0.29110839675996925, 
          0.9098055649589024, 
          -0.29582004043771826, 
          0.0
        ], 
        [
          -0.9273338615809983, 
          0.34435833618850165, 
          0.14652305784988748, 
          0.0
        ], 
        [
          -0.23517564656550066, 
          -0.2316699033378309, 
          -0.9439393365836277, 
          0.0
        ], 
        [
          -5.43528650617778, 
          1.529125819766361, 
          82.7744629439687, 
          1.0
        ]
      ], 
      "projected_cuboid": [
        [
          420.6119913142923, 
          304.92001299846265
        ], 
        [
          463.94411829227283, 
          289.0808821435746
        ], 
        [
          480.87950959609964, 
          301.93576304249996
        ], 
        [
          442.13909766644485, 
          315.8796601954288
        ], 
        [
          408.8094011320556, 
          262.77582682637194
        ], 
        [
          450.8863222218706, 
          246.80859521321284
        ], 
        [
          468.86182096182256, 
          263.9850480151784
        ], 
        [
          431.1263085507413, 
          278.03774297557516
        ]
      ], 
      "projected_cuboid_centroid": [
        446.28543547596735, 
        283.1387643301108
      ], 
      "quaternion_xyzw": [
        0.18494336212507298, 
        0.7833938673101397, 
        0.591574997870339, 
        0.046140691465498006
      ], 
      "visibility": 0.9345014601585315
    }, 
    {
      "bounding_box": {
        "bottom_right": [
          301, 
          601
        ], 
        "top_left": [
          240, 
          530
        ]
      }, 
      "class": "010_potted_meat_can", 
      "cuboid": [
        [
          19.76746184021663, 
          2.4308045209583797, 
          84.31904657466845
        ], 
        [
          11.753002050132274, 
          1.8059707108681817, 
          78.0981913553028
        ], 
        [
          9.839390705658356, 
          -5.663460277771319, 
          81.31378044917867
        ], 
        [
          17.853850495742712, 
          -5.038626467681121, 
          87.5346356685443
        ], 
        [
          16.479344236288497, 
          4.986355502988898, 
          88.29851415457671
        ], 
        [
          8.46488444620414, 
          4.3615216928987, 
          82.07765893521108
        ], 
        [
          6.5512731017302235, 
          -3.1079092957408005, 
          85.29324802908693
        ], 
        [
          14.565732891814578, 
          -2.4830754856506028, 
          91.51410324845257
        ]
      ], 
      "cuboid_centroid": [
        13.159367470973427, 
        -0.3385523873912104, 
        84.80614730187769
      ], 
      "location": [
        13.159367470973427, 
        -0.3385523873912104, 
        84.80614730187769
      ], 
      "pose_transform_permuted": [
        [
          0.5708438513132534, 
          -0.4436643516238271, 
          -0.6908678073975348, 
          0.0
        ], 
        [
          0.788460076675945, 
          0.06147095708471383, 
          0.6120058134572484, 
          0.0
        ], 
        [
          0.22905706625676528, 
          0.8940822564654556, 
          -0.3849022980854797, 
          0.0
        ], 
        [
          13.159367470973427, 
          -0.3385523873912104, 
          84.80614730187769, 
          1.0
        ]
      ], 
      "projected_cuboid": [
        [
          607.6685812268986, 
          288.66142309401823
        ], 
        [
          562.5252121901011, 
          285.61921214488274
        ], 
        [
          546.6693145505619, 
          236.141121079621
        ], 
        [
          591.2811764737289, 
          242.5878534324523
        ], 
        [
          581.9611403847849, 
          303.4039308261409
        ], 
        [
          537.0580840743305, 
          301.62658765420633
        ], 
        [
          522.9020847664724, 
          253.85347700135674
        ], 
        [
          567.1896364281948, 
          258.81584181568275
        ]
      ], 
      "projected_cuboid_centroid": [
        565.0418965042702, 
        271.15748691769153
      ], 
      "quaternion_xyzw": [
        0.9183422755894088, 
        -0.045621908526559875, 
        0.32200675505527804, 
        0.22556041242289468
      ], 
      "visibility": 0.42771804062126645
    }, 
    {
      "bounding_box": {
        "bottom_right": [
          221, 
          588
        ], 
        "top_left": [
          172, 
          433
        ]
      }, 
      "class": "037_scissors", 
      "cuboid": [
        [
          -6.918836802669909, 
          -7.190898306375015, 
          64.47552871703422
        ], 
        [
          11.895624409096014, 
          -9.005596294270473, 
          71.76813796930702
        ], 
        [
          14.414434693341068, 
          -12.84244114268116, 
          64.3150063136619
        ], 
        [
          -4.400026518424855, 
          -11.027743154785702, 
          57.0223970613891
        ], 
        [
          -6.552423674529062, 
          -5.790822063822914, 
          63.87860529481637
        ], 
        [
          12.26203753723686, 
          -7.605520051718373, 
          71.17121454708916
        ], 
        [
          14.780847821481915, 
          -11.442364900129059, 
          63.71808289144404
        ], 
        [
          -4.033613390284008, 
          -9.6276669122336, 
          56.425473639171244
        ]
      ], 
      "cuboid_centroid": [
        3.9310055094060035, 
        -9.316631603252038, 
        64.09680580423912
      ], 
      "location": [
        3.9310055094060035, 
        -9.316631603252038, 
        64.09680580423912
      ], 
      "pose_transform_permuted": [
        [
          -0.2340550132418898, 
          -0.894331666424961, 
          0.38129889122828786, 
          0.0
        ], 
        [
          -0.9286597721321311, 
          0.08957136752200712, 
          -0.35995465244729535, 
          0.0
        ], 
        [
          -0.2877653615444864, 
          0.43834625096583174, 
          0.85149450871335, 
          0.0
        ], 
        [
          3.9310055094060035, 
          -9.316631603252038, 
          64.09680580423912, 
          1.0
        ]
      ], 
      "projected_cuboid": [
        [
          423.8898807876271, 
          213.80587975817346
        ], 
        [
          570.7318712394118, 
          206.36462809543588
        ], 
        [
          602.1220408086276, 
          166.79311211264582
        ], 
        [
          440.1015154129074, 
          170.14616357211216
        ], 
        [
          426.43528738960447, 
          224.93922678009133
        ], 
        [
          574.2480462646773, 
          216.29477790547742
        ], 
        [
          606.3435735720948, 
          177.5140821555806
        ], 
        [
          443.15464225353355, 
          182.28821801379337
        ]
      ], 
      "projected_cuboid_centroid": [
        514.5777034866007, 
        195.76719796345145
      ], 
      "quaternion_xyzw": [
        -0.17915587687996878, 
        -0.5265487034188518, 
        0.8289006144174118, 
        -0.05977616332260137
      ], 
      "visibility": 0.7871175523349436
    }, 
    {
      "bounding_box": {
        "bottom_right": [
          295, 
          530
        ], 
        "top_left": [
          248, 
          471
        ]
      }, 
      "class": "061_foam_brick", 
      "cuboid": [
        [
          7.746891548425413, 
          0.503374435663406, 
          81.83314833574714
        ], 
        [
          0.31761456268424754, 
          1.4974237576912015, 
          79.72096828327149
        ], 
        [
          -0.8550074786172673, 
          -3.079650224680162, 
          81.69139530746801
        ], 
        [
          6.5742695071238995, 
          -4.0736995467079575, 
          83.80357535994366
        ], 
        [
          6.73053782181527, 
          2.7599266475054463, 
          86.47001512903951
        ], 
        [
          -0.6987391639258961, 
          3.7539759695332418, 
          84.35783507656386
        ], 
        [
          -1.8713612052274107, 
          -0.8230980128381218, 
          86.32826210076038
        ], 
        [
          5.557915780513756, 
          -1.8171473348659175, 
          88.44044215323603
        ]
      ], 
      "cuboid_centroid": [
        2.9377651715990014, 
        -0.15986178858735794, 
        84.08070521825375
      ], 
      "location": [
        2.9377651715990014, 
        -0.15986178858735794, 
        84.08070521825375
      ], 
      "pose_transform_permuted": [
        [
          0.19337018997260422, 
          -0.42932880400051115, 
          -0.8822044817872154, 
          0.0
        ], 
        [
          0.9540125338727776, 
          -0.12764842585925548, 
          0.2712304639772167, 
          0.0
        ], 
        [
          0.22905906409396043, 
          0.8940820194093742, 
          -0.38490165981098867, 
          0.0
        ], 
        [
          2.9377651715990014, 
          -0.15986178858735794, 
          84.08070521825375, 
          1.0
        ]
      ], 
      "projected_cuboid": [
        [
          532.5055286972117, 
          276.5671088706986
        ], 
        [
          483.73956294869197, 
          283.3040456896303
        ], 
        [
          475.96866411998496, 
          253.18114294004098
        ], 
        [
          523.7838799877998, 
          247.36182373286852
        ], 
        [
          523.4548281951987, 
          290.3088887585687
        ], 
        [
          477.1427492489301, 
          297.0195901334834
        ], 
        [
          469.93981230810675, 
          268.20159501567207
        ], 
        [
          515.392096003182, 
          262.328652249565
        ]
      ], 
      "projected_cuboid_centroid": [
        500.38645007542647, 
        272.27254288906425
      ], 
      "quaternion_xyzw": [
        0.9656991036380544, 
        -0.0923443670521699, 
        0.1202757287957352, 
        0.21078782737398988
      ], 
      "visibility": 0.41416405199462125
    }
  ]
}