{
  "camera_data": {
    "location_worldframe": [
      -16.62166901778475, 
      -19.228221556310277, 
      60.34649046858237
    ], 
    "quaternion_xyzw_worldframe": [
      0.8713336060464976, 
      0.01843304259590194, 
      0.12653896077267043, 
      -0.47373757743106204
    ]
  }, 
  "objects": [
    {
      "bounding_box": {
        "bottom_right": [
          157, 
          649
        ], 
        "top_left": [
          0, 
          402
        ]
      }, 
      "class": "003_cracker_box", 
      "cuboid": [
        [
          -6.330220811187612, 
          -11.143634650387556, 
          55.79434473613596
        ], 
        [
          -5.026337989609159, 
          -19.66895432396608, 
          41.84096056819864
        ], 
        [
          15.46481720392086, 
          -23.71877891490413, 
          46.2301548864872
        ], 
        [
          14.160934382342408, 
          -15.193459241325606, 
          60.183539054424514
        ], 
        [
          -8.256462609555149, 
          -17.124561745502128, 
          59.268607413609956
        ], 
        [
          -6.9525797879766955, 
          -25.64988141908065, 
          45.31522324567264
        ], 
        [
          13.538575405553324, 
          -29.6997060100187, 
          49.70441756396121
        ], 
        [
          12.234692583974871, 
          -21.174386336440175, 
          63.65780173189852
        ]
      ], 
      "cuboid_centroid": [
        3.604177297182856, 
        -20.421670330203128, 
        52.74938115004858
      ], 
      "location": [
        3.604177297182856, 
        -20.421670330203128, 
        52.74938115004858
      ], 
      "pose_transform_permuted": [
        [
          0.26827880841513196, 
          0.8329982225777428, 
          -0.48388060731721655, 
          0.0
        ], 
        [
          -0.07948759824145285, 
          0.519722458090986, 
          0.8506293483543045, 
          0.0
        ], 
        [
          -0.9600563539090621, 
          0.1897433206681719, 
          -0.20564354981533706, 
          0.0
        ], 
        [
          3.604177297182856, 
          -20.421670330203128, 
          52.74938115004858, 
          1.0
        ]
      ], 
      "projected_cuboid": [
        [
          420.58434473073044, 
          166.76824092350643
        ], 
        [
          416.9956910426063, 
          22.579135975881933
        ], 
        [
          661.4887924957518, 
          -0.33766499355071855
        ], 
        [
          608.1306875981915, 
          138.6489032257928
        ], 
        [
          406.68340570694374, 
          119.19376390349173
        ], 
        [
          399.0895369073555, 
          -28.58958856108851
        ], 
        [
          628.0741643643267, 
          -45.38603894165294
        ], 
        [
          584.9524672251943, 
          95.88935197090493
        ]
      ], 
      "projected_cuboid_centroid": [
        518.3405686947888, 
        66.81441507289117
      ], 
      "quaternion_xyzw": [
        0.6312955587012978, 
        0.5860087211148178, 
        0.443099963775785, 
        -0.24843936572791694
      ], 
      "visibility": 0.7750646028419831
    }, 
    {
      "bounding_box": {
        "bottom_right": [
          227, 
          426
        ], 
        "top_left": [
          146, 
          337
        ]
      }, 
      "class": "005_tomato_soup_can", 
      "cuboid": [
        [
          -16.361862414931043, 
          -7.743199475473942, 
          62.60704342609993
        ], 
        [
          -10.593706167471023, 
          -10.692462445234092, 
          60.65573229317059
        ], 
        [
          -6.118090522629168, 
          -7.647568583850939, 
          69.28370419712968
        ], 
        [
          -11.886246770089185, 
          -4.698305614090786, 
          71.23501533005903
        ], 
        [
          -18.27835913258734, 
          -13.491406412996737, 
          65.62979118202233
        ], 
        [
          -12.510202885127326, 
          -16.44066938275689, 
          63.678480049092975
        ], 
        [
          -8.034587240285468, 
          -13.395775521373734, 
          72.30645195305208
        ], 
        [
          -13.802743487745486, 
          -10.446512551613583, 
          74.25776308598142
        ]
      ], 
      "cuboid_centroid": [
        -12.198224827608255, 
        -10.569487498423838, 
        67.456747689576
      ], 
      "location": [
        -12.198224827608255, 
        -10.569487498423838, 
        67.456747689576
      ], 
      "pose_transform_permuted": [
        [
          0.2830281366899166, 
          0.84889490487867, 
          -0.4463992331218641, 
          0.0
        ], 
        [
          -0.8525334593082454, 
          0.4359010495124006, 
          0.28840377392264466, 
          0.0
        ], 
        [
          -0.43941049346085825, 
          -0.2989439711402176, 
          -0.847083774107025, 
          0.0
        ], 
        [
          -12.198224827608255, 
          -10.569487498423838, 
          67.456747689576, 
          1.0
        ]
      ], 
      "projected_cuboid": [
        [
          341.05663802946617, 
          207.32590974085582
        ], 
        [
          387.67496517730103, 
          179.27234676199419
        ], 
        [
          434.1098716636454, 
          214.4184659481115
        ], 
        [
          391.8659756212709, 
          238.11144354076322
        ], 
        [
          331.82600219305954, 
          163.65292320097427
        ], 
        [
          375.948552335538, 
          135.59275296164975
        ], 
        [
          421.84151757339527, 
          174.48167030583767
        ], 
        [
          381.6395900953978, 
          198.2596385962791
        ]
      ], 
      "projected_cuboid_centroid": [
        384.3530332111364, 
        189.72314573293687
      ], 
      "quaternion_xyzw": [
        0.271533486270675, 
        0.8058964982506015, 
        0.5261155379962681, 
        -0.0016675954183934302
      ], 
      "visibility": 0.9499572284003421
    }, 
    {
      "bounding_box": {
        "bottom_right": [
          203, 
          582
        ], 
        "top_left": [
          120, 
          487
        ]
      }, 
      "class": "010_potted_meat_can", 
      "cuboid": [
        [
          12.785170491168941, 
          -11.716318501971902, 
          63.866554851188425
        ], 
        [
          3.6371373510476714, 
          -12.230875934206612, 
          59.465447832085786
        ], 
        [
          1.9407951918454236, 
          -19.16687186666573, 
          63.80234817636674
        ], 
        [
          11.088828331966692, 
          -18.652314434431023, 
          68.20345519546939
        ], 
        [
          10.563200990829985, 
          -8.518793097798998, 
          68.11124603521968
        ], 
        [
          1.4151678507087164, 
          -9.033350530033706, 
          63.710139016117026
        ], 
        [
          -0.2811743084935314, 
          -15.969346462492828, 
          68.04703936039799
        ], 
        [
          8.866858831627738, 
          -15.454789030258118, 
          72.44814637950063
        ]
      ], 
      "cuboid_centroid": [
        6.251998091337704, 
        -13.842832482232364, 
        65.95679710579321
      ], 
      "location": [
        6.251998091337704, 
        -13.842832482232364, 
        65.95679710579321
      ], 
      "pose_transform_permuted": [
        [
          0.38575190423809325, 
          -0.5551163115970839, 
          -0.7369127735069801, 
          0.0
        ], 
        [
          0.8999806724363368, 
          0.05062200112051303, 
          0.4329795480456436, 
          0.0
        ], 
        [
          0.20305019589092932, 
          0.8302306967639311, 
          -0.5191219587915084, 
          0.0
        ], 
        [
          6.251998091337704, 
          -13.842832482232364, 
          65.95679710579321, 
          1.0
        ]
      ], 
      "projected_cuboid": [
        [
          589.2497312626643, 
          175.4490686779575
        ], 
        [
          514.4888014804174, 
          163.59316320911145
        ], 
        [
          497.95524165424325, 
          113.07193135961653
        ], 
        [
          569.0291920131023, 
          127.4340363620058
        ], 
        [
          564.9975313958747, 
          206.58332157441018
        ], 
        [
          493.54220627477906, 
          197.6680757756367
        ], 
        [
          479.37499703648047, 
          148.12657100939887
        ], 
        [
          547.4134891194757, 
          159.51769701703162
        ]
      ], 
      "projected_cuboid_centroid": [
        532.5713395526332, 
        161.35488008891295
      ], 
      "quaternion_xyzw": [
        0.9310107602368579, 
        -0.040930835947491404, 
        0.2198501583578486, 
        0.28846021879363026
      ], 
      "visibility": 0.7283150548354935
    }, 
    {
      "bounding_box": {
        "bottom_right": [
          60, 
          505
        ], 
        "top_left": [
          0, 
          279
        ]
      }, 
      "class": "037_scissors", 
      "cuboid": [
        [
          -17.99179443894399, 
          -20.825525997621106, 
          50.89357242472674
        ], 
        [
          1.7610353605676101, 
          -23.56591739715639, 
          54.46781347305166
        ], 
        [
          2.431658862125542, 
          -28.29708220231517, 
          47.134240072535455
        ], 
        [
          -17.32117093738606, 
          -25.55669080277989, 
          43.55999902421054
        ], 
        [
          -17.66509484594253, 
          -19.525555155537862, 
          50.08478764303813
        ], 
        [
          2.087734953569069, 
          -22.265946555073146, 
          53.65902869136304
        ], 
        [
          2.758358455127001, 
          -26.99711136023193, 
          46.32545529084684
        ], 
        [
          -16.9944713443846, 
          -24.256719960696646, 
          42.75121424252192
        ]
      ], 
      "cuboid_centroid": [
        -7.616717991908494, 
        -23.91131867892652, 
        48.60951385778679
      ], 
      "location": [
        -7.616717991908494, 
        -23.91131867892652, 
        48.60951385778679
      ], 
      "pose_transform_permuted": [
        [
          -0.20868705756820877, 
          -0.8303869847722988, 
          0.5166303231231435, 
          0.0
        ], 
        [
          -0.9749765467165072, 
          0.1352625102574715, 
          -0.17642035241524637, 
          0.0
        ], 
        [
          -0.07661641513580256, 
          0.5405192122641854, 
          0.8378353916579685, 
          0.0
        ], 
        [
          -7.616717991908494, 
          -23.91131867892652, 
          48.60951385778679, 
          1.0
        ]
      ], 
      "projected_cuboid": [
        [
          291.48780373763054, 
          55.053462266456755
        ], 
        [
          498.98387777175566, 
          42.541728489215245
        ], 
        [
          509.34035377377626, 
          -46.89233966407321
        ], 
        [
          267.76091929741125, 
          -39.61254354969498
        ], 
        [
          291.92565734755226, 
          65.37189110393915
        ], 
        [
          502.52008550115755, 
          51.98425903105276
        ], 
        [
          513.6171737413093, 
          -37.51641229866061
        ], 
        [
          267.8250078167218, 
          -29.315013992045973
        ]
      ], 
      "projected_cuboid_centroid": [
        397.3337933621595, 
        10.943356598750176
      ], 
      "quaternion_xyzw": [
        -0.11058042413228315, 
        -0.47901632934185695, 
        0.870650056294697, 
        0.016839743677056186
      ], 
      "visibility": 0.4377966480175017
    }, 
    {
      "bounding_box": {
        "bottom_right": [
          203, 
          484
        ], 
        "top_left": [
          139, 
          416
        ]
      }, 
      "class": "061_foam_brick", 
      "cuboid": [
        [
          0.4102315327774525, 
          -12.820331373921507, 
          64.04092732191174
        ], 
        [
          -7.213142344865699, 
          -11.390197334987798, 
          63.34631771075271
        ], 
        [
          -8.252617585593612, 
          -15.640395446603073, 
          66.00386142355717
        ], 
        [
          -0.6292437079504609, 
          -17.07052948553678, 
          66.6984710347162
        ], 
        [
          0.5220879212897489, 
          -10.05410056734331, 
          68.50869988933141
        ], 
        [
          -7.1012859563534025, 
          -8.623966528409602, 
          67.81409027817237
        ], 
        [
          -8.140761197081316, 
          -12.874164640024876, 
          70.47163399097684
        ], 
        [
          -0.5173873194381645, 
          -14.304298678958585, 
          71.16624360213586
        ]
      ], 
      "cuboid_centroid": [
        -3.8652648321519316, 
        -12.847248006973192, 
        67.25628065644429
      ], 
      "location": [
        -3.8652648321519316, 
        -12.847248006973192, 
        67.25628065644429
      ], 
      "pose_transform_permuted": [
        [
          -0.021281656700776697, 
          -0.5262996165323033, 
          -0.8500328256755856, 
          0.0
        ], 
        [
          0.9789370141439584, 
          -0.18364718409065256, 
          0.08919660371608873, 
          0.0
        ], 
        [
          0.203050273151703, 
          0.8302303447920488, 
          -0.5191224914791247, 
          0.0
        ], 
        [
          -3.8652648321519316, 
          -12.847248006973192, 
          67.25628065644429, 
          1.0
        ]
      ], 
      "projected_cuboid": [
        [
          485.04186240929516, 
          166.5214727273542
        ], 
        [
          420.36275354303183, 
          177.39121976151537
        ], 
        [
          414.3591727975809, 
          146.91015635299382
        ], 
        [
          476.5237200610323, 
          136.79094027877417
        ], 
        [
          485.695236184863, 
          195.01839492225986
        ], 
        [
          425.28405138563073, 
          205.46390384527078
        ], 
        [
          419.47550044780627, 
          175.85663986989317
        ], 
        [
          477.6874587441907, 
          166.09017320395256
        ]
      ], 
      "projected_cuboid_centroid": [
        450.6914001389197, 
        171.41220170978244
      ], 
      "quaternion_xyzw": [
        0.9564518002246104, 
        -0.10107604407026693, 
        0.017751795490207417, 
        0.2732553035516071
      ], 
      "visibility": 0.7931995540691192
    }
  ]
}