{
  "camera_data": {
    "location_worldframe": [
      -11.897810664647524, 
      -17.400782997387275, 
      61.362584265733574
    ], 
    "quaternion_xyzw_worldframe": [
      -0.849755879087966, 
      -0.03718405992874928, 
      -0.15702667088231395, 
      0.5018722547810058
    ]
  }, 
  "objects": [
    {
      "bounding_box": {
        "bottom_right": [
          181, 
          701
        ], 
        "top_left": [
          4, 
          453
        ]
      }, 
      "class": "003_cracker_box", 
      "cuboid": [
        [
          -1.409998631582897, 
          -8.938159541808568, 
          58.13950871725445
        ], 
        [
          1.0551236514966171, 
          -16.508552349601402, 
          43.79759669157462
        ], 
        [
          21.21567908417549, 
          -20.651167363937258, 
          49.44952491433869
        ], 
        [
          18.75055680109598, 
          -13.080774556144426, 
          63.79143694001852
        ], 
        [
          -3.5058855932651385, 
          -15.153481722139652, 
          61.06002674895319
        ], 
        [
          -1.0407633101856244, 
          -22.723874529932488, 
          46.71811472327336
        ], 
        [
          19.11979212249325, 
          -26.866489544268347, 
          52.37004294603743
        ], 
        [
          16.654669839413735, 
          -19.29609673647551, 
          66.71195497171726
        ]
      ], 
      "cuboid_centroid": [
        8.854896745455177, 
        -17.902324543038457, 
        55.254775831645944
      ], 
      "location": [
        8.854896745455177, 
        -17.902324543038457, 
        55.254775831645944
      ], 
      "pose_transform_permuted": [
        [
          0.29190626905170924, 
          0.8656437784023242, 
          -0.4067573957553312, 
          0.0
        ], 
        [
          -0.15027933983842867, 
          0.46150799142161614, 
          0.8743148711257929, 
          0.0
        ], 
        [
          -0.9445670172656027, 
          0.19409075909824663, 
          -0.2648054514669766, 
          0.0
        ], 
        [
          8.854896745455177, 
          -17.902324543038457, 
          55.254775831645944, 
          1.0
        ]
      ], 
      "projected_cuboid": [
        [
          468.55522293669634, 
          191.29589811660554
        ], 
        [
          494.55228987603715, 
          72.2633101580204
        ], 
        [
          712.3177655275819, 
          50.56100139414684
        ], 
        [
          639.6649109081529, 
          163.92651148762482
        ], 
        [
          450.72025455323836, 
          140.93074015529635
        ], 
        [
          469.61702533831874, 
          13.877797621891657
        ], 
        [
          677.9294693502086, 
          -0.3131040846454916
        ], 
        [
          615.8501002590989, 
          119.02653656654488
        ]
      ], 
      "projected_cuboid_centroid": [
        567.7768568265757, 
        100.4931437565035
      ], 
      "quaternion_xyzw": [
        0.6021978111499471, 
        0.583726386352269, 
        0.48415201723770196, 
        -0.24943561559448243
      ], 
      "visibility": 0.9921926136710943
    }, 
    {
      "bounding_box": {
        "bottom_right": [
          237, 
          456
        ], 
        "top_left": [
          162, 
          375
        ]
      }, 
      "class": "005_tomato_soup_can", 
      "cuboid": [
        [
          -11.970684813600178, 
          -6.088701401562415, 
          64.3817595135131
        ], 
        [
          -6.031461603952283, 
          -8.849043775482482, 
          62.68366312575249
        ], 
        [
          -2.257689460234428, 
          -6.34099804481683, 
          71.80576615209124
        ], 
        [
          -8.196912669882321, 
          -3.5806556708967623, 
          73.50386253985185
        ], 
        [
          -14.026374784273422, 
          -12.041839025988086, 
          66.86895428482221
        ], 
        [
          -8.087151574625526, 
          -14.802181399908154, 
          65.1708578970616
        ], 
        [
          -4.313379430907672, 
          -12.294135669242502, 
          74.29296092340034
        ], 
        [
          -10.252602640555565, 
          -9.533793295322434, 
          75.99105731116096
        ]
      ], 
      "cuboid_centroid": [
        -8.142032122253925, 
        -9.191418535402459, 
        69.33736021845672
      ], 
      "location": [
        -8.142032122253925, 
        -9.191418535402459, 
        69.33736021845672
      ], 
      "pose_transform_permuted": [
        [
          0.30358418913615853, 
          0.879159058180031, 
          -0.36730879589993853, 
          0.0
        ], 
        [
          -0.8778171553093035, 
          0.40797858656298835, 
          0.2509786360821761, 
          0.0
        ], 
        [
          -0.370504353248255, 
          -0.2462368754574174, 
          -0.8955969659333718, 
          0.0
        ], 
        [
          -8.142032122253925, 
          -9.191418535402459, 
          69.33736021845672, 
          1.0
        ]
      ], 
      "projected_cuboid": [
        [
          381.60906613471974, 
          222.84952417392552
        ], 
        [
          429.85307611540526, 
          197.99788855557455
        ], 
        [
          464.68889835640067, 
          226.1903420159492
        ], 
        [
          421.6273676682679, 
          247.3064911662532
        ], 
        [
          368.7961476577419, 
          177.24572743429502
        ], 
        [
          414.86510847493065, 
          152.15427934688034
        ], 
        [
          450.37499605694023, 
          185.03183351043975
        ], 
        [
          409.0427320011098, 
          206.37657717537027
        ]
      ], 
      "projected_cuboid_centroid": [
        418.44941114119797, 
        202.58924742107826
      ], 
      "quaternion_xyzw": [
        0.24660428229923928, 
        0.7892025764445176, 
        0.5621991352679558, 
        0.016664147654895774
      ], 
      "visibility": 0.9447688564476886
    }, 
    {
      "bounding_box": {
        "bottom_right": [
          219, 
          610
        ], 
        "top_left": [
          139, 
          519
        ]
      }, 
      "class": "010_potted_meat_can", 
      "cuboid": [
        [
          17.05382513450344, 
          -9.867908924793438, 
          67.57914107865481
        ], 
        [
          8.269027859276761, 
          -10.174204370572806, 
          62.47477602406828
        ], 
        [
          6.3513480950151, 
          -17.39744981134882, 
          66.20861460071438
        ], 
        [
          15.136145370241783, 
          -17.09115436556945, 
          71.31297965530091
        ], 
        [
          14.475331770390218, 
          -6.979035574648557, 
          71.84347023534605
        ], 
        [
          5.690534495163536, 
          -7.285331020427924, 
          66.73910518075951
        ], 
        [
          3.7728547309018743, 
          -14.508576461203937, 
          70.4729437574056
        ], 
        [
          12.557652006128556, 
          -14.20228101542457, 
          75.57730881199214
        ]
      ], 
      "cuboid_centroid": [
        10.413339932702659, 
        -12.188242692998688, 
        69.02604241803022
      ], 
      "location": [
        10.413339932702659, 
        -12.188242692998688, 
        69.02604241803022
      ], 
      "pose_transform_permuted": [
        [
          0.4476473349972766, 
          -0.5015318147936195, 
          -0.7403220846374028, 
          0.0
        ], 
        [
          0.8642456403334151, 
          0.030133251272092505, 
          0.5021658561816743, 
          0.0
        ], 
        [
          0.22954405140323875, 
          0.8646141309177741, 
          -0.44693616220069865, 
          0.0
        ], 
        [
          10.413339932702659, 
          -12.188242692998688, 
          69.02604241803022, 
          1.0
        ]
      ], 
      "projected_cuboid": [
        [
          617.3036403639231, 
          195.41119078789242
        ], 
        [
          552.7743654258775, 
          186.4338467141383
        ], 
        [
          533.1844114966333, 
          133.1476642474823
        ], 
        [
          595.73722127349, 
          145.46903033811742
        ], 
        [
          589.9480792586041, 
          221.4786794326293
        ], 
        [
          527.4497170524081, 
          215.06865069398972
        ], 
        [
          510.38691966381657, 
          163.48967782284632
        ], 
        [
          570.9499913528189, 
          173.06658161770926
        ]
      ], 
      "projected_cuboid_centroid": [
        562.7247033375645, 
        179.1158701449015
      ], 
      "quaternion_xyzw": [
        0.9312869933442366, 
        -0.05353097422070325, 
        0.25497327836830064, 
        0.25461216138872106
      ], 
      "visibility": 0.6417993335801555
    }, 
    {
      "bounding_box": {
        "bottom_right": [
          90, 
          561
        ], 
        "top_left": [
          3, 
          347
        ]
      }, 
      "class": "037_scissors", 
      "cuboid": [
        [
          -12.533839848289457, 
          -18.38127265931187, 
          51.749049274992984
        ], 
        [
          6.932965383195914, 
          -21.17025534237209, 
          56.619808851861364
        ], 
        [
          8.217484776753519, 
          -25.39912728136703, 
          49.06457178302433
        ], 
        [
          -11.249320454731855, 
          -22.610144598306807, 
          44.19381220615594
        ], 
        [
          -12.165983727893835, 
          -17.027653180113138, 
          51.0539335884729
        ], 
        [
          7.300821503591538, 
          -19.816635863173364, 
          55.924693165341274
        ], 
        [
          8.585340897149143, 
          -24.045507802168302, 
          48.36945609650424
        ], 
        [
          -10.881464334336231, 
          -21.256525119108076, 
          43.49869651963586
        ]
      ], 
      "cuboid_centroid": [
        -1.9742494755701583, 
        -21.213390230740085, 
        50.05925268574861
      ], 
      "location": [
        -1.9742494755701583, 
        -21.213390230740085, 
        50.05925268574861
      ], 
      "pose_transform_permuted": [
        [
          -0.23497675852163136, 
          -0.8646563149521028, 
          0.4440215121074059, 
          0.0
        ], 
        [
          -0.9608587089970132, 
          0.13766091910787534, 
          -0.24041498865438052, 
          0.0
        ], 
        [
          -0.1467518971198729, 
          0.4831339899086329, 
          0.8631596989528076, 
          0.0
        ], 
        [
          -1.9742494755701583, 
          -21.213390230740085, 
          50.05925268574861, 
          1.0
        ]
      ], 
      "projected_cuboid": [
        [
          351.348336614416, 
          83.8513153027342
        ], 
        [
          547.4450363797195, 
          73.8773208934582
        ], 
        [
          571.6634340978476, 
          -2.7956019893899104
        ], 
        [
          344.7118477669649, 
          0.4331159603173153
        ], 
        [
          353.4496800496322, 
          95.41227329497956
        ], 
        [
          551.8007462903596, 
          84.30740586253513
        ], 
        [
          577.0475411241175, 
          8.161782958239417
        ], 
        [
          347.07211896820604, 
          12.669047729233212
        ]
      ], 
      "projected_cuboid_centroid": [
        460.38859568580125, 
        47.28403437782096
      ], 
      "quaternion_xyzw": [
        -0.1398691641130843, 
        -0.5083558623843851, 
        0.8497079220257175, 
        -0.0026747361582567476
      ], 
      "visibility": 0.8194828747114824
    }, 
    {
      "bounding_box": {
        "bottom_right": [
          216, 
          518
        ], 
        "top_left": [
          155, 
          450
        ]
      }, 
      "class": "061_foam_brick", 
      "cuboid": [
        [
          4.717371739300053, 
          -11.094959106189666, 
          66.74489324400434
        ], 
        [
          -2.8521415724882515, 
          -9.692279873027804, 
          65.57077470182922
        ], 
        [
          -4.027243524912837, 
          -14.11849991803422, 
          67.85877445360418
        ], 
        [
          3.5422697868754676, 
          -15.52117915119608, 
          69.03289299577932
        ], 
        [
          4.455326457484761, 
          -8.629686346653763, 
          71.37946970064736
        ], 
        [
          -3.1141868543035445, 
          -7.2270071134919, 
          70.20535115847223
        ], 
        [
          -4.2892888067281305, 
          -11.653227158498316, 
          72.4933509102472
        ], 
        [
          3.2802245050601737, 
          -13.055906391660177, 
          73.66746945242232
        ]
      ], 
      "cuboid_centroid": [
        0.21404146628596146, 
        -11.37409313234399, 
        69.61912207712577
      ], 
      "location": [
        0.21404146628596146, 
        -11.37409313234399, 
        69.61912207712577
      ], 
      "pose_transform_permuted": [
        [
          0.04985640786210721, 
          -0.469039714584135, 
          -0.8817687251983484, 
          0.0
        ], 
        [
          0.9720206405849132, 
          -0.1801216419858619, 
          0.15077157678160702, 
          0.0
        ], 
        [
          0.22954348797555163, 
          0.8646143303410777, 
          -0.44693606578219613, 
          0.0
        ], 
        [
          0.21404146628596146, 
          -11.37409313234399, 
          69.61912207712577, 
          1.0
        ]
      ], 
      "projected_cuboid": [
        [
          519.6049624023622, 
          184.63317922659888
        ], 
        [
          458.20586901402197, 
          194.4544258801722
        ], 
        [
          449.6821594132408, 
          162.32561138179594
        ], 
        [
          509.1912369080081, 
          153.37632654430686
        ], 
        [
          515.1629426961797, 
          208.80888432840786
        ], 
        [
          457.74279578934835, 
          218.38610150840623
        ], 
        [
          449.77863123308254, 
          187.55599617680076
        ], 
        [
          505.54232910619123, 
          178.76760572438678
        ]
      ], 
      "projected_cuboid_centroid": [
        483.2504050824496, 
        186.1549220215071
      ], 
      "quaternion_xyzw": [
        0.9641581426462595, 
        -0.10622353114112416, 
        0.05202154495450928, 
        0.23750662361578842
      ], 
      "visibility": 0.6576629477392836
    }
  ]
}