{
  "camera_data": {
    "location_worldframe": [
      -7.907449598371021, 
      -11.138579601796023, 
      68.86755602302543
    ], 
    "quaternion_xyzw_worldframe": [
      -0.8309254335437655, 
      -0.07284807302975087, 
      -0.1853806256559199, 
      0.5195150544780789
    ]
  }, 
  "objects": [
    {
      "bounding_box": {
        "bottom_right": [
          247, 
          708
        ], 
        "top_left": [
          115, 
          487
        ]
      }, 
      "class": "003_cracker_box", 
      "cuboid": [
        [
          2.4685700138405777, 
          -2.1645243179168965, 
          66.91732051448587
        ], 
        [
          6.488637911831789, 
          -9.036413862948274, 
          52.57527380337852
        ], 
        [
          26.228112926385016, 
          -12.655447807066208, 
          59.842272262683885
        ], 
        [
          22.2080450283938, 
          -5.783558262034831, 
          74.18431897379124
        ], 
        [
          0.3800242155025363, 
          -8.569433272592944, 
          69.40076877557321
        ], 
        [
          4.400092113493749, 
          -15.44132281762432, 
          55.05872206446587
        ], 
        [
          24.139567128046973, 
          -19.060356761742256, 
          62.32572052377123
        ], 
        [
          20.11949923005576, 
          -12.188467216710878, 
          76.66776723487858
        ]
      ], 
      "cuboid_centroid": [
        13.304068570943775, 
        -10.612440539829576, 
        64.62152051912855
      ], 
      "location": [
        13.304068570943775, 
        -10.612440539829576, 
        64.62152051912855
      ], 
      "pose_transform_permuted": [
        [
          0.2908838228790471, 
          0.8920486222571506, 
          -0.3458841671953059, 
          0.0
        ], 
        [
          -0.2450722846337161, 
          0.4189256781938735, 
          0.8743230818491605, 
          0.0
        ], 
        [
          -0.9248384598899864, 
          0.1695598174064899, 
          -0.34047509663615005, 
          0.0
        ], 
        [
          13.304068570943775, 
          -10.612440539829576, 
          64.62152051912855, 
          1.0
        ]
      ], 
      "projected_cuboid": [
        [
          501.43510384880295, 
          256.0356498986503
        ], 
        [
          547.9658341477614, 
          181.62184227727636
        ], 
        [
          717.2922533777855, 
          160.5000762695279
        ], 
        [
          642.5837532004357, 
          231.7078738618095
        ], 
        [
          484.5417533349551, 
          207.433570333031
        ], 
        [
          524.5732066800133, 
          123.71605141866506
        ], 
        [
          689.8801101865059, 
          110.1875567287656
        ], 
        [
          622.7195138261793, 
          188.50060394481451
        ]
      ], 
      "projected_cuboid_centroid": [
        592.3101769262568, 
        185.7023660265969
      ], 
      "quaternion_xyzw": [
        0.5635538350433078, 
        0.596111699772478, 
        0.5169013287961494, 
        -0.24468537490238762
      ], 
      "visibility": 0.9900788849634613
    }, 
    {
      "bounding_box": {
        "bottom_right": [
          280, 
          476
        ], 
        "top_left": [
          219, 
          410
        ]
      }, 
      "class": "005_tomato_soup_can", 
      "cuboid": [
        [
          -8.70628104401699, 
          0.027956249601596844, 
          72.29599968410368
        ], 
        [
          -2.5333705569864637, 
          -2.436270645335093, 
          71.03102710464442
        ], 
        [
          0.3204797679440603, 
          -0.16977763216656575, 
          80.54222897123846
        ], 
        [
          -5.852430719086464, 
          2.2944492627701236, 
          81.80720155069771
        ], 
        [
          -10.727529787557591, 
          -6.095699850919017, 
          74.36172864517255
        ], 
        [
          -4.554619300527067, 
          -8.559926745855705, 
          73.0967560657133
        ], 
        [
          -1.700768975596543, 
          -6.293433732687179, 
          82.60795793230733
        ], 
        [
          -7.873679462627067, 
          -3.8292068377504895, 
          83.87293051176657
        ]
      ], 
      "cuboid_centroid": [
        -5.203525009806766, 
        -3.1327387415427914, 
        77.4519788082055
      ], 
      "location": [
        -5.203525009806766, 
        -3.1327387415427914, 
        77.4519788082055
      ], 
      "pose_transform_permuted": [
        [
          0.2984979104846687, 
          0.9043412179592425, 
          -0.30506674672143635, 
          0.0
        ], 
        [
          -0.912356133526315, 
          0.36421272051808345, 
          0.1869629397732342, 
          0.0
        ], 
        [
          -0.2801875493903056, 
          -0.22252152382427384, 
          -0.9337982162124634, 
          0.0
        ], 
        [
          -5.203525009806766, 
          -3.1327387415427914, 
          77.4519788082055, 
          1.0
        ]
      ], 
      "projected_cuboid": [
        [
          416.836574819475, 
          273.49276813870125
        ], 
        [
          462.41734462958914, 
          254.9943789345439
        ], 
        [
          483.73684708554543, 
          272.16233596746827
        ], 
        [
          443.1258025462842, 
          288.2445698078823
        ], 
        [
          404.0184594504453, 
          229.56840282160144
        ], 
        [
          448.0892842689169, 
          210.83265069851333
        ], 
        [
          470.525346958257, 
          232.65593120887297
        ], 
        [
          431.113778765234, 
          248.93790747425766
        ]
      ], 
      "projected_cuboid_centroid": [
        445.4679919796513, 
        251.7150953206741
      ], 
      "quaternion_xyzw": [
        0.2062698499324336, 
        0.7810160696285361, 
        0.5883807983124966, 
        0.03570188087310495
      ], 
      "visibility": 0.9300482425913164
    }, 
    {
      "bounding_box": {
        "bottom_right": [
          270, 
          613
        ], 
        "top_left": [
          202, 
          535
        ]
      }, 
      "class": "010_potted_meat_can", 
      "cuboid": [
        [
          20.05603051601926, 
          -2.7960219516421407, 
          77.92489792787681
        ], 
        [
          11.772504264037494, 
          -3.217607142601871, 
          72.04897404844203
        ], 
        [
          9.831129152014643, 
          -10.655958970501619, 
          75.31949474875863
        ], 
        [
          18.11465540399641, 
          -10.23437377954189, 
          81.19541862819341
        ], 
        [
          16.997822254494015, 
          -0.1846255345638724, 
          82.04881492517073
        ], 
        [
          8.714296002512253, 
          -0.6062107255236024, 
          76.17289104573595
        ], 
        [
          6.772920890489403, 
          -8.04456255342335, 
          79.44341174605255
        ], 
        [
          15.056447142471166, 
          -7.6229773624636215, 
          85.31933562548733
        ]
      ], 
      "cuboid_centroid": [
        13.41447570325433, 
        -5.420292252532747, 
        78.68415483696468
      ], 
      "location": [
        13.41447570325433, 
        -5.420292252532747, 
        78.68415483696468
      ], 
      "pose_transform_permuted": [
        [
          0.5309297271002454, 
          -0.4533595715219347, 
          -0.7159453963626845, 
          0.0
        ], 
        [
          0.8149307520221523, 
          0.04147542076395555, 
          0.5780715748618661, 
          0.0
        ], 
        [
          0.23238035714410143, 
          0.8903621168449796, 
          -0.3914775478886445, 
          0.0
        ], 
        [
          13.41447570325433, 
          -5.420292252532747, 
          78.68415483696468, 
          1.0
        ]
      ], 
      "projected_cuboid": [
        [
          620.0048417121714, 
          254.15050698955247
        ], 
        [
          569.4654846817316, 
          249.46922589941772
        ], 
        [
          551.7890895217487, 
          197.83420501779162
        ], 
        [
          601.5719400649548, 
          206.0636324242031
        ], 
        [
          593.0041284153849, 
          272.0864668624782
        ], 
        [
          543.1181006308824, 
          269.0421926899325
        ], 
        [
          527.4439564806762, 
          219.2817734139175
        ], 
        [
          576.4971928691489, 
          225.63634146188224
        ]
      ], 
      "projected_cuboid_centroid": [
        573.2778194021453, 
        236.54790857407565
      ], 
      "quaternion_xyzw": [
        0.9248294795839146, 
        -0.05160544202863079, 
        0.2997853459594132, 
        0.22837645697417533
      ], 
      "visibility": 0.49284458950539795
    }, 
    {
      "bounding_box": {
        "bottom_right": [
          175, 
          593
        ], 
        "top_left": [
          114, 
          421
        ]
      }, 
      "class": "037_scissors", 
      "cuboid": [
        [
          -7.657489999748887, 
          -11.742535783199166, 
          59.20529446812729
        ], 
        [
          11.40473967453604, 
          -14.003550861744904, 
          65.6843715507102
        ], 
        [
          13.518289194833761, 
          -17.86460742493755, 
          58.11865243378218
        ], 
        [
          -5.543940479451169, 
          -15.603592346391814, 
          51.63957535119928
        ], 
        [
          -7.285634449451075, 
          -10.348480507659396, 
          58.5977395521917
        ], 
        [
          11.776595224833851, 
          -12.609495586205133, 
          65.0768166347746
        ], 
        [
          13.890144745131572, 
          -16.470552149397783, 
          57.511097517846586
        ], 
        [
          -5.172084929153357, 
          -14.209537070852043, 
          51.03202043526368
        ]
      ], 
      "cuboid_centroid": [
        3.116327372691342, 
        -14.106543966298474, 
        58.358195992986936
      ], 
      "location": [
        3.116327372691342, 
        -14.106543966298474, 
        58.358195992986936
      ], 
      "pose_transform_permuted": [
        [
          -0.2375314885430868, 
          -0.8904856319748565, 
          0.388090008171914, 
          0.0
        ], 
        [
          -0.9408893332848329, 
          0.11160105644250429, 
          -0.319799657264446, 
          0.0
        ], 
        [
          -0.24146572119977758, 
          0.44111235562302775, 
          0.8643572366861939, 
          0.0
        ], 
        [
          3.116327372691342, 
          -14.106543966298474, 
          58.358195992986936, 
          1.0
        ]
      ], 
      "projected_cuboid": [
        [
          412.04378631811113, 
          167.51011468132967
        ], 
        [
          574.9687264028828, 
          159.5857027266452
        ], 
        [
          606.6799677573285, 
          109.35388320697885
        ], 
        [
          423.8636023516085, 
          112.13685172715263
        ], 
        [
          414.7352398983012, 
          179.10121013471968
        ], 
        [
          578.9132792783938, 
          169.94880147574727
        ], 
        [
          611.4784375600564, 
          120.54961613448917
        ], 
        [
          427.09479488208206, 
          124.78713852506752
        ]
      ], 
      "projected_cuboid_centroid": [
        510.31366496027795, 
        144.37069299891002
      ], 
      "quaternion_xyzw": [
        -0.1674311442722379, 
        -0.5271827202339084, 
        0.8321796225995586, 
        -0.039013411657330264
      ], 
      "visibility": 0.8566863323500492
    }, 
    {
      "bounding_box": {
        "bottom_right": [
          264, 
          536
        ], 
        "top_left": [
          213, 
          472
        ]
      }, 
      "class": "061_foam_brick", 
      "cuboid": [
        [
          7.900604558546146, 
          -4.446418731637135, 
          75.94698718735589
        ], 
        [
          0.41229814640670776, 
          -3.2794009968719964, 
          74.15619634411976
        ], 
        [
          -0.7773184208949298, 
          -7.837433648767042, 
          76.16028768849283
        ], 
        [
          6.710987991244507, 
          -9.00445138353218, 
          77.95107853172895
        ], 
        [
          7.132802451201769, 
          -2.186970291397852, 
          80.63003204203739
        ], 
        [
          -0.35550396093766634, 
          -1.0199525566327132, 
          78.83924119880126
        ], 
        [
          -1.5451205282393041, 
          -5.577985208527759, 
          80.84333254317433
        ], 
        [
          5.943185883900133, 
          -6.7450029432928975, 
          82.63412338641045
        ]
      ], 
      "cuboid_centroid": [
        3.17774201515342, 
        -5.012201970082447, 
        78.3951598652651
      ], 
      "location": [
        3.17774201515342, 
        -5.012201970082447, 
        78.3951598652651
      ], 
      "pose_transform_permuted": [
        [
          0.14608106948526792, 
          -0.42987983679619624, 
          -0.8909902620422492, 
          0.0
        ], 
        [
          0.9615926540862727, 
          -0.14985974386936776, 
          0.22996005038859524, 
          0.0
        ], 
        [
          0.2323787613904466, 
          0.8903625009418821, 
          -0.39147762154580235, 
          0.0
        ], 
        [
          3.17774201515342, 
          -5.012201970082447, 
          78.3951598652651, 
          1.0
        ]
      ], 
      "projected_cuboid": [
        [
          537.5395232903322, 
          242.06262413859773
        ], 
        [
          484.5869623178372, 
          249.70160699890798
        ], 
        [
          476.1084622539436, 
          218.40417115283037
        ], 
        [
          527.8944126991506, 
          211.6805878264861
        ], 
        [
          529.169473678847, 
          258.82103356978024
        ], 
        [
          479.17216958680916, 
          266.38691966844254
        ], 
        [
          471.3190387865646, 
          236.48883738246354
        ], 
        [
          520.2739666045511, 
          229.7543746234018
        ]
      ], 
      "projected_cuboid_centroid": [
        503.3952938563401, 
        239.18869992551282
      ], 
      "quaternion_xyzw": [
        0.9673346650811192, 
        -0.0987865211125667, 
        0.09718485583330382, 
        0.2122733444771983
      ], 
      "visibility": 0.48509174311926606
    }
  ]
}