{
  "camera_data": {
    "location_worldframe": [
      -8.244721618263185, 
      -12.688189577654164, 
      66.94394695967804
    ], 
    "quaternion_xyzw_worldframe": [
      -0.8331947770697651, 
      -0.06878188081340796, 
      -0.18251227380765353, 
      0.5174450154131093
    ]
  }, 
  "objects": [
    {
      "bounding_box": {
        "bottom_right": [
          233, 
          712
        ], 
        "top_left": [
          93, 
          485
        ]
      }, 
      "class": "003_cracker_box", 
      "cuboid": [
        [
          2.1555517131966377, 
          -3.7742847916146878, 
          64.85256155978719
        ], 
        [
          6.005213582264089, 
          -10.732894295760502, 
          50.50557675635843
        ], 
        [
          25.795335022087862, 
          -14.414447594639078, 
          57.60140692984337
        ], 
        [
          21.945673153020408, 
          -7.4558380904932635, 
          71.94839173327213
        ], 
        [
          0.059747527345530016, 
          -10.157185333761111, 
          67.38605381724103
        ], 
        [
          3.9094093964129812, 
          -17.115794837906925, 
          53.03906901381227
        ], 
        [
          23.69953083623675, 
          -20.7973481367855, 
          60.13489918729721
        ], 
        [
          19.8498689671693, 
          -13.838738632639686, 
          74.48188399072598
        ]
      ], 
      "cuboid_centroid": [
        12.927541274716695, 
        -12.285816464200094, 
        62.4937303735422
      ], 
      "location": [
        12.927541274716695, 
        -12.285816464200094, 
        62.4937303735422
      ], 
      "pose_transform_permuted": [
        [
          0.29189474038414503, 
          0.8889833836699909, 
          -0.3528540832904253, 
          0.0
        ], 
        [
          -0.23468395391806507, 
          0.4242123198732683, 
          0.8746241189454605, 
          0.0
        ], 
        [
          -0.927211357948907, 
          0.1724889887105655, 
          -0.3324554804242971, 
          0.0
        ], 
        [
          12.927541274716695, 
          -12.285816464200094, 
          62.4937303735422, 
          1.0
        ]
      ], 
      "projected_cuboid": [
        [
          499.471122533625, 
          242.24844259367703
        ], 
        [
          545.5382809812272, 
          159.95127721116168
        ], 
        [
          722.4211000264567, 
          139.82613149903182
        ], 
        [
          645.6256607841088, 
          218.01991746607257
        ], 
        [
          482.07387504454493, 
          192.8986009895295
        ], 
        [
          521.2346371053285, 
          101.18343100159326
        ], 
        [
          693.5331510845623, 
          88.84068059620147
        ], 
        [
          624.9144063962308, 
          174.19572658234677
        ]
      ], 
      "projected_cuboid_centroid": [
        592.839692894514, 
        168.4397561292449
      ], 
      "quaternion_xyzw": [
        0.5680358963311485, 
        0.5947791708899036, 
        0.5134001507932688, 
        -0.24493518228346856
      ], 
      "visibility": 0.9884087131484559
    }, 
    {
      "bounding_box": {
        "bottom_right": [
          270, 
          475
        ], 
        "top_left": [
          206, 
          406
        ]
      }, 
      "class": "005_tomato_soup_can", 
      "cuboid": [
        [
          -8.9566197613328, 
          -1.501951832550618, 
          70.32692632356213
        ], 
        [
          -2.808089194030603, 
          -4.002276079698737, 
          69.01492623991952
        ], 
        [
          0.14734791622670954, 
          -1.7052485582510317, 
          78.48770140118958
        ], 
        [
          -6.001182651075487, 
          0.7950756888970866, 
          79.79970148483221
        ], 
        [
          -10.987753436245468, 
          -7.605891484268562, 
          72.44075303929066
        ], 
        [
          -4.839222868943271, 
          -10.106215731416683, 
          71.12875295564804
        ], 
        [
          -1.883785758685958, 
          -7.809188209968976, 
          80.6015281169181
        ], 
        [
          -8.032316325988155, 
          -5.308863962820857, 
          81.91352820056072
        ]
      ], 
      "cuboid_centroid": [
        -5.420202760009379, 
        -4.6555700212597975, 
        75.46422722024012
      ], 
      "location": [
        -5.420202760009379, 
        -4.6555700212597975, 
        75.46422722024012
      ], 
      "pose_transform_permuted": [
        [
          0.29995771664127124, 
          0.901429493814165, 
          -0.3121698206557025, 
          0.0
        ], 
        [
          -0.9087527815344542, 
          0.3695479089617441, 
          0.19391360461379514, 
          0.0
        ], 
        [
          -0.2901612162580117, 
          -0.22551936466121025, 
          -0.9300255290810436, 
          0.0
        ], 
        [
          -5.420202760009379, 
          -4.6555700212597975, 
          75.46422722024012, 
          1.0
        ]
      ], 
      "projected_cuboid": [
        [
          413.10910751392936, 
          261.8965858371645
        ], 
        [
          459.71644980434843, 
          242.35855867532769
        ], 
        [
          482.60663374295166, 
          261.69946849087876
        ], 
        [
          441.1555632616152, 
          278.60020992634475
        ], 
        [
          400.0294681792481, 
          217.29083520574818
        ], 
        [
          445.010459263203, 
          197.5106732663935
        ], 
        [
          469.0286697008917, 
          221.6151478930941
        ], 
        [
          428.86474521917245, 
          238.7217819764003
        ]
      ], 
      "projected_cuboid_centroid": [
        442.9722779850458, 
        240.38476777028526
      ], 
      "quaternion_xyzw": [
        0.21088953860226375, 
        0.7820552996514005, 
        0.5854621225991231, 
        0.03389917313863388
      ], 
      "visibility": 0.9332477535301669
    }, 
    {
      "bounding_box": {
        "bottom_right": [
          259, 
          615
        ], 
        "top_left": [
          189, 
          535
        ]
      }, 
      "class": "010_potted_meat_can", 
      "cuboid": [
        [
          19.84399423214875, 
          -4.440323976393114, 
          75.69507846894665
        ], 
        [
          11.502824411487977, 
          -4.848862889741248, 
          69.90033907389204
        ], 
        [
          9.556678531855441, 
          -12.262215004757817, 
          73.22434983295547
        ], 
        [
          17.897848352516213, 
          -11.853676091409682, 
          79.01908922801007
        ], 
        [
          16.837985722165456, 
          -1.794691441279249, 
          79.83552068513748
        ], 
        [
          8.496815901504688, 
          -2.2032303546273826, 
          74.04078129008288
        ], 
        [
          6.550670021872153, 
          -9.616582469643951, 
          77.3647920491463
        ], 
        [
          14.891839842532923, 
          -9.208043556295817, 
          83.15953144420091
        ]
      ], 
      "cuboid_centroid": [
        13.19733212701045, 
        -7.028453223018532, 
        76.52993525904648
      ], 
      "location": [
        13.19733212701045, 
        -7.028453223018532, 
        76.52993525904648
      ], 
      "pose_transform_permuted": [
        [
          0.5218674273904649, 
          -0.4593032389412836, 
          -0.7188143082250936, 
          0.0
        ], 
        [
          0.8206017084897056, 
          0.04019193200546164, 
          0.5700846703847249, 
          0.0
        ], 
        [
          0.23295141251311502, 
          0.8873696801065482, 
          -0.3978802460989323, 
          0.0
        ], 
        [
          13.19733212701045, 
          -7.028453223018532, 
          76.52993525904648, 
          1.0
        ]
      ], 
      "projected_cuboid": [
        [
          622.5756675123023, 
          242.0016542065104
        ], 
        [
          570.0917052465378, 
          236.29110177221796
        ], 
        [
          551.7818895465449, 
          183.97636438465804
        ], 
        [
          603.4007868569352, 
          193.28311534168816
        ], 
        [
          595.0160432304529, 
          261.29758765995194
        ], 
        [
          543.3101112811638, 
          257.4165556029906
        ], 
        [
          527.1308905975187, 
          206.99395684215662
        ], 
        [
          577.8974629175096, 
          214.23341603641154
        ]
      ], 
      "projected_cuboid_centroid": [
        574.3326806784899, 
        224.3068579313984
      ], 
      "quaternion_xyzw": [
        0.9255789670283876, 
        -0.05206456914381825, 
        0.29493758411585097, 
        0.23152629747849657
      ], 
      "visibility": 0.5245514636449481
    }, 
    {
      "bounding_box": {
        "bottom_right": [
          156, 
          593
        ], 
        "top_left": [
          91, 
          414
        ]
      }, 
      "class": "037_scissors", 
      "cuboid": [
        [
          -8.089920330437902, 
          -13.338614452592958, 
          57.28272398329951
        ], 
        [
          11.022062610181798, 
          -15.662551339393268, 
          63.59070738580475
        ], 
        [
          13.04457894780359, 
          -19.569316500489336, 
          56.02356996434392
        ], 
        [
          -6.067403992816112, 
          -17.24537961368903, 
          49.71558656183869
        ], 
        [
          -7.717119551439261, 
          -11.949258532005276, 
          56.66506765286081
        ], 
        [
          11.39486338918044, 
          -14.273195418805585, 
          62.973051055366035
        ], 
        [
          13.417379726802231, 
          -18.179960579901653, 
          55.40591363390522
        ], 
        [
          -5.69460321381747, 
          -15.856023693101342, 
          49.097930231399985
        ]
      ], 
      "cuboid_centroid": [
        2.663729698182164, 
        -15.759287516247305, 
        56.34431880860237
      ], 
      "location": [
        2.663729698182164, 
        -15.759287516247305, 
        56.34431880860237
      ], 
      "pose_transform_permuted": [
        [
          -0.2381352756322991, 
          -0.8874838083471933, 
          0.3945425245358497, 
          0.0
        ], 
        [
          -0.9433450962459526, 
          0.1147068032113403, 
          -0.31135467358057517, 
          0.0
        ], 
        [
          -0.2310654949941206, 
          0.44633440481174275, 
          0.8645192730726641, 
          0.0
        ], 
        [
          2.663729698182164, 
          -15.759287516247305, 
          56.34431880860237, 
          1.0
        ]
      ], 
      "projected_cuboid": [
        [
          405.649771941323, 
          149.09998040761138
        ], 
        [
          574.8067363386366, 
          141.92858184103014
        ], 
        [
          606.8105317761292, 
          86.99530867156447
        ], 
        [
          415.9671173232844, 
          88.28824462406453
        ], 
        [
          408.3598986959094, 
          160.82265426150533
        ], 
        [
          578.90452708356, 
          152.40666153103032
        ], 
        [
          611.8247570532354, 
          98.29205882519284
        ], 
        [
          419.2247310115019, 
          101.05263918159412
        ]
      ], 
      "projected_cuboid_centroid": [
        507.0203596077254, 
        124.11911832037711
      ], 
      "quaternion_xyzw": [
        -0.16465610016093202, 
        -0.5249923047177923, 
        0.834299410522617, 
        -0.034867186262870414
      ], 
      "visibility": 0.8573657232003565
    }, 
    {
      "bounding_box": {
        "bottom_right": [
          253, 
          535
        ], 
        "top_left": [
          200, 
          470
        ]
      }, 
      "class": "061_foam_brick", 
      "cuboid": [
        [
          7.662413750616678, 
          -6.040430809018991, 
          73.84080078553342
        ], 
        [
          0.16310760131869606, 
          -4.845152886317246, 
          72.11589118611477
        ], 
        [
          -1.029431980945136, 
          -9.387866530311015, 
          74.15275972456732
        ], 
        [
          6.469874168352846, 
          -10.58314445301276, 
          75.87766932398597
        ], 
        [
          6.950318209994179, 
          -3.7553366537128237, 
          78.5202025724622
        ], 
        [
          -0.5489879393038032, 
          -2.560058731011077, 
          76.79529297304354
        ], 
        [
          -1.7415275215676356, 
          -7.102772375004847, 
          78.8321615114961
        ], 
        [
          5.757778627730347, 
          -8.298050297706592, 
          80.55707111091475
        ]
      ], 
      "cuboid_centroid": [
        2.9604431145245216, 
        -6.571601592011919, 
        76.33648114851475
      ], 
      "location": [
        2.9604431145245216, 
        -6.571601592011919, 
        76.33648114851475
      ], 
      "pose_transform_permuted": [
        [
          0.135482407712601, 
          -0.4347591584975168, 
          -0.8902971365240528, 
          0.0
        ], 
        [
          0.963005158578796, 
          -0.153488707165913, 
          0.2215000707069072, 
          0.0
        ], 
        [
          0.23294974082626685, 
          0.8873700980284764, 
          -0.39788029276895276, 
          0.0
        ], 
        [
          2.9604431145245216, 
          -6.571601592011919, 
          76.33648114851475, 
          1.0
        ]
      ], 
      "projected_cuboid": [
        [
          537.4005051662174, 
          229.65916656929738
        ], 
        [
          482.81335303284214, 
          237.45511615150286
        ], 
        [
          474.13151448694794, 
          205.76736427288014
        ], 
        [
          527.4506853157712, 
          198.90104039556553
        ], 
        [
          529.1979530036344, 
          247.7797955990889
        ], 
        [
          477.7527454729837, 
          255.507721045406
        ], 
        [
          469.71700874838973, 
          225.23447991570916
        ], 
        [
          520.033498414739, 
          218.35017218664586
        ]
      ], 
      "projected_cuboid_centroid": [
        502.45236345863503, 
        227.37449476057978
      ], 
      "quaternion_xyzw": [
        0.9670408979370166, 
        -0.0999023021716473, 
        0.09228732703576889, 
        0.2152544564151152
      ], 
      "visibility": 0.5256548259777538
    }
  ]
}