{
  "camera_data": {
    "location_worldframe": [
      -25.067274331201535, 
      -15.685106335422116, 
      72.13928081389388
    ], 
    "quaternion_xyzw_worldframe": [
      0.9220593854824327, 
      0.009614186660052815, 
      0.03705021175300368, 
      -0.3851508155654882
    ]
  }, 
  "objects": [
    {
      "bounding_box": {
        "bottom_right": [
          195, 
          519
        ], 
        "top_left": [
          28, 
          314
        ]
      }, 
      "class": "003_cracker_box", 
      "cuboid": [
        [
          -16.20968905611035, 
          -8.433782713498246, 
          64.33176173726952
        ], 
        [
          -16.7344486234142, 
          -19.606705472809647, 
          52.33307263811619
        ], 
        [
          4.414773318326192, 
          -22.11268331268607, 
          53.74162986856541
        ], 
        [
          4.939532885630044, 
          -10.939760553374668, 
          65.74031896771874
        ], 
        [
          -17.149064754546895, 
          -13.622701537362989, 
          69.20465536133639
        ], 
        [
          -17.673824321850745, 
          -24.79562429667439, 
          57.205966262183075
        ], 
        [
          3.4753976198896472, 
          -27.301602136550812, 
          58.61452349263229
        ], 
        [
          4.000157187193498, 
          -16.12867937723941, 
          70.61321259178561
        ]
      ], 
      "cuboid_centroid": [
        -6.367145718110351, 
        -17.86769242502453, 
        61.4731426149509
      ], 
      "location": [
        -6.367145718110351, 
        -17.86769242502453, 
        61.4731426149509
      ], 
      "pose_transform_permuted": [
        [
          0.13083227310520795, 
          0.7226906612705872, 
          -0.6786760084358411, 
          0.0
        ], 
        [
          0.03199051093311567, 
          0.6811262337207605, 
          0.7314667873168342, 
          0.0
        ], 
        [
          -0.9908882497660182, 
          0.11741065475353529, 
          -0.06599404992863928, 
          0.0
        ], 
        [
          -6.367145718110351, 
          -17.86769242502453, 
          61.4731426149509, 
          1.0
        ]
      ], 
      "projected_cuboid": [
        [
          346.0965437158339, 
          203.36926290838053
        ], 
        [
          309.6372762944373, 
          73.47713518894045
        ], 
        [
          525.7733667655684, 
          53.84535102898464
        ], 
        [
          522.0030648915753, 
          184.53752322258018
        ], 
        [
          348.33797090852914, 
          168.30438804314755
        ], 
        [
          315.45448995041676, 
          42.12197808634903
        ], 
        [
          513.4824053089902, 
          24.875765296403728
        ], 
        [
          512.0607815240186, 
          151.47165027342297
        ]
      ], 
      "projected_cuboid_centroid": [
        425.8975925912851, 
        118.27265922088024
      ], 
      "quaternion_xyzw": [
        0.6760320210837819, 
        0.6183192627496719, 
        0.318882476542918, 
        -0.24284966941697658
      ], 
      "visibility": 0.9950208034922584
    }, 
    {
      "bounding_box": {
        "bottom_right": [
          269, 
          381
        ], 
        "top_left": [
          194, 
          296
        ]
      }, 
      "class": "005_tomato_soup_can", 
      "cuboid": [
        [
          -25.149360254843305, 
          -3.9779464370839803, 
          72.00229880754748
        ], 
        [
          -19.617409524471864, 
          -7.108361374153615, 
          69.68380422357305
        ], 
        [
          -13.957330171060722, 
          -2.235253419879009, 
          76.60917307887772
        ], 
        [
          -19.489280901432167, 
          0.895161517190627, 
          78.92766766285214
        ], 
        [
          -26.169383035673782, 
          -9.031745572626948, 
          76.39211822131365
        ], 
        [
          -20.63743230530234, 
          -12.162160509696584, 
          74.07362363733924
        ], 
        [
          -14.977352951891199, 
          -7.289052555421977, 
          80.99899249264391
        ], 
        [
          -20.50930368226264, 
          -4.1586376183523415, 
          83.31748707661832
        ]
      ], 
      "cuboid_centroid": [
        -20.063356603367254, 
        -5.633499496252979, 
        76.50064565009569
      ], 
      "location": [
        -20.063356603367254, 
        -5.633499496252979, 
        76.50064565009569
      ], 
      "pose_transform_permuted": [
        [
          0.150636911808941, 
          0.7463447963986314, 
          -0.648288305237933, 
          0.0
        ], 
        [
          -0.8176222852775682, 
          0.46267530921087074, 
          0.34267348581854495, 
          0.0
        ], 
        [
          -0.5556996978899169, 
          -0.47843580432195487, 
          -0.6799242802752813, 
          0.0
        ], 
        [
          -20.063356603367254, 
          -5.633499496252979, 
          76.50064565009569, 
          1.0
        ]
      ], 
      "projected_cuboid": [
        [
          293.76388543371246, 
          243.8219685046565
        ], 
        [
          330.20555018738884, 
          218.88324632229504
        ], 
        [
          383.6225100642304, 
          257.7256805245307
        ], 
        [
          348.80923547789985, 
          279.3352048349682
        ], 
        [
          297.3771143080958, 
          210.23282385157452
        ], 
        [
          331.7722330932378, 
          185.72070746059248
        ], 
        [
          382.16025820257204, 
          225.29341669757167
        ], 
        [
          349.221910683039, 
          246.66688154436633
        ]
      ], 
      "projected_cuboid_centroid": [
        340.5609880819099, 
        234.012939992753
      ], 
      "quaternion_xyzw": [
        0.2967449149166539, 
        0.8579548931670965, 
        0.4156014168206773, 
        -0.05595765451628546
      ], 
      "visibility": 0.8412241695003924
    }, 
    {
      "bounding_box": {
        "bottom_right": [
          248, 
          507
        ], 
        "top_left": [
          173, 
          428
        ]
      }, 
      "class": "010_potted_meat_can", 
      "cuboid": [
        [
          3.986506028267166, 
          -6.818324680780337, 
          68.84725110625016
        ], 
        [
          -5.719770438243598, 
          -8.473518599762563, 
          66.32345378403053
        ], 
        [
          -6.228707517481531, 
          -14.413228478719784, 
          72.17624375938378
        ], 
        [
          3.477568949029233, 
          -12.758034559737558, 
          74.70004108160342
        ], 
        [
          2.3125748160050588, 
          -2.877826682605747, 
          72.70071062226393
        ], 
        [
          -7.393701650505706, 
          -4.533020601587974, 
          70.17691330004428
        ], 
        [
          -7.9026387297436385, 
          -10.472730480545193, 
          76.02970327539754
        ], 
        [
          1.8036377367671261, 
          -8.817536561562967, 
          78.55350059761716
        ]
      ], 
      "cuboid_centroid": [
        -1.9580663507382363, 
        -8.645527580662765, 
        72.43847719082385
      ], 
      "location": [
        -1.9580663507382363, 
        -8.645527580662765, 
        72.43847719082385
      ], 
      "pose_transform_permuted": [
        [
          0.2906080180646875, 
          -0.6841023723369573, 
          -0.6689917867819284, 
          0.0
        ], 
        [
          0.9549004783193812, 
          0.16283746608709954, 
          0.2482904003902801, 
          0.0
        ], 
        [
          0.06091918017531198, 
          0.7109764076280075, 
          -0.7005721956252198, 
          0.0
        ], 
        [
          -1.9580663507382363, 
          -8.645527580662765, 
          72.43847719082385, 
          1.0
        ]
      ], 
      "projected_cuboid": [
        [
          512.735559964849, 
          220.46894514730133
        ], 
        [
          435.2200100673569, 
          205.1493534745206
        ], 
        [
          435.1887967179813, 
          166.7853319884048
        ], 
        [
          506.63201451714235, 
          182.20078253922088
        ], 
        [
          498.7030851859954, 
          252.17530930609854
        ], 
        [
          424.9393091802225, 
          238.83719354519906
        ], 
        [
          425.70108935670095, 
          199.82429869954845
        ], 
        [
          493.94446889100897, 
          213.42205214906565
        ]
      ], 
      "projected_cuboid_centroid": [
        467.06090450765896, 
        209.63488012745464
      ], 
      "quaternion_xyzw": [
        0.9130811399773459, 
        0.0279050462903867, 
        0.14754943313918908, 
        0.3791214458762482
      ], 
      "visibility": 0.8139677353481723
    }, 
    {
      "bounding_box": {
        "bottom_right": [
          114, 
          411
        ], 
        "top_left": [
          37, 
          221
        ]
      }, 
      "class": "037_scissors", 
      "cuboid": [
        [
          -27.90061674906841, 
          -19.22772195940949, 
          63.58312616744746
        ], 
        [
          -7.6961695077259975, 
          -20.640170649386867, 
          64.07762546233396
        ], 
        [
          -7.970773127585759, 
          -26.757819241592085, 
          57.82351292181925
        ], 
        [
          -28.175220368928166, 
          -25.34537055161471, 
          57.32901362693277
        ], 
        [
          -27.795926623120316, 
          -18.11340959267518, 
          62.48853146423673
        ], 
        [
          -7.591479381777908, 
          -19.525858282652553, 
          62.98303075912322
        ], 
        [
          -7.866083001637669, 
          -25.64350687485777, 
          56.72891821860853
        ], 
        [
          -28.07053024298008, 
          -24.231058184880396, 
          56.23441892372203
        ]
      ], 
      "cuboid_centroid": [
        -17.883349875353037, 
        -22.435614417133632, 
        60.156022193027994
      ], 
      "location": [
        -17.883349875353037, 
        -22.435614417133632, 
        60.156022193027994
      ], 
      "pose_transform_permuted": [
        [
          -0.06687328300545066, 
          -0.7117932620889783, 
          0.6991981402369676, 
          0.0
        ], 
        [
          -0.9972678547641285, 
          0.06971681324376344, 
          -0.024407906096274825, 
          0.0
        ], 
        [
          0.031372513620672844, 
          0.6989201886102742, 
          0.7145107226289313, 
          0.0
        ], 
        [
          -17.883349875353037, 
          -22.435614417133632, 
          60.156022193027994, 
          1.0
        ]
      ], 
      "projected_cuboid": [
        [
          245.62333412889032, 
          112.00914759774366
        ], 
        [
          417.0078617747569, 
          101.49791242159921
        ], 
        [
          407.46814186435086, 
          26.493005672368618
        ], 
        [
          217.30471954963292, 
          37.50396293369202
        ], 
        [
          242.3907886855137, 
          118.69439399254243
        ], 
        [
          416.7792220713159, 
          107.94799401410341
        ], 
        [
          407.030225028657, 
          32.20694706021441
        ], 
        [
          213.16144879787527, 
          43.482476726971846
        ]
      ], 
      "projected_cuboid_centroid": [
        321.72908364463837, 
        74.38122321943278
      ], 
      "quaternion_xyzw": [
        -0.024768899140593284, 
        -0.3870236561218987, 
        0.9213286850537339, 
        0.027430310296520433
      ], 
      "visibility": 0.745102260495156
    }, 
    {
      "bounding_box": {
        "bottom_right": [
          246, 
          427
        ], 
        "top_left": [
          191, 
          366
        ]
      }, 
      "class": "061_foam_brick", 
      "cuboid": [
        [
          -8.090623116722357, 
          -8.196873339097163, 
          71.42227086731639
        ], 
        [
          -15.79671155094175, 
          -7.146572063420546, 
          71.81807818643207
        ], 
        [
          -16.10857449935052, 
          -10.78627301244605, 
          75.40451790467684
        ], 
        [
          -8.402486065131127, 
          -11.836574288122668, 
          75.00871058556115
        ], 
        [
          -7.404063161496771, 
          -4.5693868867569325, 
          75.16332872667513
        ], 
        [
          -15.110151595716165, 
          -3.5190856110803166, 
          75.55913604579082
        ], 
        [
          -15.422014544124934, 
          -7.1587865601058205, 
          79.14557576403558
        ], 
        [
          -7.715926109905542, 
          -8.209087835782437, 
          78.7497684449199
        ]
      ], 
      "cuboid_centroid": [
        -11.756318830423645, 
        -7.677829949601492, 
        75.28392331567598
      ], 
      "location": [
        -11.756318830423645, 
        -7.677829949601492, 
        75.28392331567598
      ], 
      "pose_transform_permuted": [
        [
          -0.1306240391446693, 
          -0.6901610394558448, 
          -0.7117689934344991, 
          0.0
        ], 
        [
          0.9895586027398493, 
          -0.13487188366528463, 
          -0.05082663416099287, 
          0.0
        ], 
        [
          0.060919062214461805, 
          0.7109763108668291, 
          -0.7005723040808173, 
          0.0
        ], 
        [
          -11.756318830423645, 
          -7.677829949601492, 
          75.28392331567598, 
          1.0
        ]
      ], 
      "projected_cuboid": [
        [
          420.67985181444624, 
          212.07939601537885
        ], 
        [
          363.3134379270776, 
          220.2162396636219
        ], 
        [
          366.71520280623, 
          196.99759950907475
        ], 
        [
          421.3566699477312, 
          189.1272874592561
        ], 
        [
          428.6239128967234, 
          240.8645637145074
        ], 
        [
          374.05619109456524, 
          248.44775117863833
        ], 
        [
          376.81035899327713, 
          225.04731516461516
        ], 
        [
          428.90678813215436, 
          217.69186907955824
        ]
      ], 
      "projected_cuboid_centroid": [
        397.6199731916972, 
        218.89594716152547
      ], 
      "quaternion_xyzw": [
        0.9236211218677789, 
        -0.05299547109853096, 
        -0.049113935630533845, 
        0.3764350204346434
      ], 
      "visibility": 0.9854821984099551
    }
  ]
}