{
  "camera_data": {
    "location_worldframe": [
      -16.112037201727926, 
      -19.124863344148217, 
      60.44673259684831
    ], 
    "quaternion_xyzw_worldframe": [
      0.868470217618284, 
      0.021610208506292153, 
      0.13148421382085412, 
      -0.4775004170732521
    ]
  }, 
  "objects": [
    {
      "bounding_box": {
        "bottom_right": [
          159, 
          656
        ], 
        "top_left": [
          0, 
          410
        ]
      }, 
      "class": "003_cracker_box", 
      "cuboid": [
        [
          -5.78156646893573, 
          -10.982098665272654, 
          56.09070360470234
        ], 
        [
          -4.290774157028469, 
          -19.38381521411169, 
          42.08117780962709
        ], 
        [
          16.15318959744926, 
          -23.43347919049675, 
          46.685318862023884
        ], 
        [
          14.662397285542001, 
          -15.031762641657718, 
          60.69484465709913
        ], 
        [
          -7.738334227261929, 
          -16.99645525484845, 
          59.48937574074959
        ], 
        [
          -6.247541915354669, 
          -25.39817180368748, 
          45.47984994567433
        ], 
        [
          14.196421839123058, 
          -29.447835780072545, 
          50.08399099807113
        ], 
        [
          12.7056295272158, 
          -21.04611923123351, 
          64.09351679314638
        ]
      ], 
      "cuboid_centroid": [
        4.2074276850936645, 
        -20.214967222672602, 
        53.087347301386735
      ], 
      "location": [
        4.2074276850936645, 
        -20.214967222672602, 
        53.087347301386735
      ], 
      "pose_transform_permuted": [
        [
          0.2725303349734166, 
          0.8376541411376961, 
          -0.4733526765046818, 
          0.0
        ], 
        [
          -0.09088201668833867, 
          0.5121873365615935, 
          0.8540518668726164, 
          0.0
        ], 
        [
          -0.9578453296654621, 
          0.18973579551789765, 
          -0.21571428403620518, 
          0.0
        ], 
        [
          4.2074276850936645, 
          -20.214967222672602, 
          53.087347301386735, 
          1.0
        ]
      ], 
      "projected_cuboid": [
        [
          426.16687811581613, 
          168.86694781575613
        ], 
        [
          426.7643845113656, 
          27.624016437384554
        ], 
        [
          667.6642172152766, 
          5.5892477249145776
        ], 
        [
          611.5077677888792, 
          141.2039297851754
        ], 
        [
          411.6451213258902, 
          120.9140795544816
        ], 
        [
          407.7247224310446, 
          -24.545192242645115
        ], 
        [
          634.0275103585196, 
          -40.288861872890756
        ], 
        [
          588.2011489881854, 
          98.1626237796808
        ]
      ], 
      "projected_cuboid_centroid": [
        524.2174547908443, 
        70.20541901332872
      ], 
      "quaternion_xyzw": [
        0.626938285506285, 
        0.5861951248678042, 
        0.44923967314273194, 
        -0.2480068100320442
      ], 
      "visibility": 0.8029223586126564
    }, 
    {
      "bounding_box": {
        "bottom_right": [
          227, 
          429
        ], 
        "top_left": [
          147, 
          341
        ]
      }, 
      "class": "005_tomato_soup_can", 
      "cuboid": [
        [
          -15.902368615560627, 
          -7.659363225552289, 
          62.80943073728149
        ], 
        [
          -10.10505465474115, 
          -10.580910361507984, 
          60.90335968155425
        ], 
        [
          -5.741055976492366, 
          -7.602558912657352, 
          69.61136469914133
        ], 
        [
          -11.538369937311845, 
          -4.681011776701657, 
          71.51743575486857
        ], 
        [
          -17.844341317028928, 
          -13.437079374432159, 
          65.75876706788726
        ], 
        [
          -12.047027356209448, 
          -16.358626510387854, 
          63.85269601216002
        ], 
        [
          -7.683028677960666, 
          -13.380275061537224, 
          72.5607010297471
        ], 
        [
          -13.480342638780144, 
          -10.45872792558153, 
          74.46677208547435
        ]
      ], 
      "cuboid_centroid": [
        -11.792698646760646, 
        -10.519819143544757, 
        67.6850658835143
      ], 
      "location": [
        -11.792698646760646, 
        -10.519819143544757, 
        67.6850658835143
      ], 
      "pose_transform_permuted": [
        [
          0.2867904286689345, 
          0.8532528236940988, 
          -0.43555783760696654, 
          0.0
        ], 
        [
          -0.8568429691705703, 
          0.43180464943978975, 
          0.28171729077935875, 
          0.0
        ], 
        [
          -0.42845207561150794, 
          -0.29241091811528, 
          -0.8549413277361024, 
          0.0
        ], 
        [
          -11.792698646760646, 
          -10.519819143544757, 
          67.6850658835143, 
          1.0
        ]
      ], 
      "projected_cuboid": [
        [
          345.4436039428889, 
          208.25031085984003
        ], 
        [
          392.37153508114136, 
          180.63144090507842
        ], 
        [
          437.24607352231135, 
          215.0403942970477
        ], 
        [
          394.8361259714816, 
          238.37931258640566
        ], 
        [
          335.66907942237316, 
          164.30855845801244
        ], 
        [
          380.13764391981283, 
          136.65368742629136
        ], 
        [
          424.656379280805, 
          174.941805677804
        ], 
        [
          384.24837228292176, 
          198.38273509644918
        ]
      ], 
      "projected_cuboid_centroid": [
        387.9030034721948, 
        190.3963835960257
      ], 
      "quaternion_xyzw": [
        0.267536858555425, 
        0.8038674836210284, 
        0.5312424579408367, 
        0.0015777282925799401
      ], 
      "visibility": 0.9452887537993921
    }, 
    {
      "bounding_box": {
        "bottom_right": [
          205, 
          584
        ], 
        "top_left": [
          121, 
          491
        ]
      }, 
      "class": "010_potted_meat_can", 
      "cuboid": [
        [
          13.234924135090825, 
          -11.58918063218245, 
          64.39068781092256
        ], 
        [
          4.142319377706395, 
          -12.082586753594263, 
          59.8738181202227
        ], 
        [
          2.406779856490799, 
          -19.059017677515122, 
          64.1295947857046
        ], 
        [
          11.499384613875227, 
          -18.56561155610331, 
          68.64646447640445
        ], 
        [
          10.955040156167648, 
          -8.432664938501965, 
          68.63536190168128
        ], 
        [
          1.862435398783218, 
          -8.92607105991378, 
          64.11849221098144
        ], 
        [
          0.12689587756762183, 
          -15.902501983834638, 
          68.37426887646333
        ], 
        [
          9.219500634952052, 
          -15.409095862422825, 
          72.89113856716318
        ]
      ], 
      "cuboid_centroid": [
        6.680910006329223, 
        -13.745841308008544, 
        66.38247834369294
      ], 
      "location": [
        6.680910006329223, 
        -13.745841308008544, 
        66.38247834369294
      ], 
      "pose_transform_permuted": [
        [
          0.39580632685434053, 
          -0.5479966936580031, 
          -0.7369098059764083, 
          0.0
        ], 
        [
          0.8945276452770038, 
          0.048541141700162424, 
          0.4443682438922019, 
          0.0
        ], 
        [
          0.20774207482115695, 
          0.8350707185087276, 
          -0.5094115481988198, 
          0.0
        ], 
        [
          6.680910006329223, 
          -13.745841308008544, 
          66.38247834369294, 
          1.0
        ]
      ], 
      "projected_cuboid": [
        [
          592.1296044938055, 
          177.29848141338266
        ], 
        [
          518.8018170569148, 
          165.6621984392801
        ], 
        [
          501.7793205344587, 
          114.78643522248768
        ], 
        [
          571.6811735128623, 
          129.04889527192944
        ], 
        [
          567.4307595995597, 
          207.76192755589264
        ], 
        [
          497.2173793903194, 
          199.04198960114874
        ], 
        [
          482.59510591674814, 
          149.2469560047646
        ], 
        [
          549.6151547305305, 
          160.54344267610716
        ]
      ], 
      "projected_cuboid_centroid": [
        535.7190768679724, 
        162.85187902266293
      ], 
      "quaternion_xyzw": [
        0.9309280543847278, 
        -0.042753285920203075, 
        0.22562822303755614, 
        0.28396615529964037
      ], 
      "visibility": 0.7280539174389217
    }, 
    {
      "bounding_box": {
        "bottom_right": [
          63, 
          512
        ], 
        "top_left": [
          0, 
          286
        ]
      }, 
      "class": "037_scissors", 
      "cuboid": [
        [
          -17.363516861964136, 
          -20.64279434142137, 
          50.96432214825274
        ], 
        [
          2.349559479013272, 
          -23.377387640953273, 
          54.755871942677594
        ], 
        [
          3.118901789560863, 
          -28.04361682957572, 
          47.39045459648308
        ], 
        [
          -16.594174551416547, 
          -25.309023530043817, 
          43.59890480205823
        ], 
        [
          -17.02952115813914, 
          -19.335264660231054, 
          50.17084710765106
        ], 
        [
          2.683555182838271, 
          -22.069857959762956, 
          53.9623969020759
        ], 
        [
          3.452897493385862, 
          -26.7360871483854, 
          46.5969795558814
        ], 
        [
          -16.260178847591547, 
          -24.0014938488535, 
          42.80542976145655
        ]
      ], 
      "cuboid_centroid": [
        -6.955309684289138, 
        -23.689440744903386, 
        48.78065085206707
      ], 
      "location": [
        -6.955309684289138, 
        -23.689440744903386, 
        48.78065085206707
      ], 
      "pose_transform_permuted": [
        [
          -0.21334762015253153, 
          -0.8352153712339828, 
          0.5068508655174239, 
          0.0
        ], 
        [
          -0.9730143625578273, 
          0.13497632283135624, 
          -0.18714645763633436, 
          0.0
        ], 
        [
          -0.08789469756058013, 
          0.5331005427095254, 
          0.8414734522925615, 
          0.0
        ], 
        [
          -6.955309684289138, 
          -23.689440744903386, 
          48.78065085206707, 
          1.0
        ]
      ], 
      "projected_cuboid": [
        [
          298.38116044834084, 
          57.26862565388051
        ], 
        [
          504.6723759362832, 
          45.59189647603689
        ], 
        [
          516.9888620759443, 
          -42.30887391129123
        ], 
        [
          276.91876307893625, 
          -36.30375885727023
        ], 
        [
          299.06350135034626, 
          67.75133410153836
        ], 
        [
          508.34012538807343, 
          55.1663631288175
        ], 
        [
          521.4460903764511, 
          -32.71782087415017
        ], 
        [
          277.3206687376712, 
          -25.751849585025294
        ]
      ], 
      "projected_cuboid_centroid": [
        404.9208621326801, 
        14.28952906608482
      ], 
      "quaternion_xyzw": [
        -0.11536365414025601, 
        -0.48297580480109287, 
        0.8678948338918685, 
        0.013562019104218458
      ], 
      "visibility": 0.45123057148958123
    }, 
    {
      "bounding_box": {
        "bottom_right": [
          204, 
          488
        ], 
        "top_left": [
          140, 
          420
        ]
      }, 
      "class": "061_foam_brick", 
      "cuboid": [
        [
          0.8609357468537693, 
          -12.717611176640917, 
          64.40427726870526
        ], 
        [
          -6.756183192492392, 
          -11.29567786169404, 
          63.628906472723386
        ], 
        [
          -7.819678220555757, 
          -15.570655414514695, 
          66.23673633636385
        ], 
        [
          -0.20255928120959665, 
          -16.992588729461573, 
          67.0121071323457
        ], 
        [
          0.9128111029342301, 
          -9.989973765950888, 
          68.89680879829265
        ], 
        [
          -6.704307836411931, 
          -8.568040451004011, 
          68.12143800231078
        ], 
        [
          -7.767802864475297, 
          -12.843018003824666, 
          70.72926786595124
        ], 
        [
          -0.15068392512913587, 
          -14.264951318771542, 
          71.5046386619331
        ]
      ], 
      "cuboid_centroid": [
        -3.453433558810764, 
        -12.780314590232791, 
        67.56677256732824
      ], 
      "location": [
        -3.453433558810764, 
        -12.780314590232791, 
        67.56677256732824
      ], 
      "pose_transform_permuted": [
        [
          -0.009869740423574885, 
          -0.5189568852575596, 
          -0.8547434348784106, 
          0.0
        ], 
        [
          0.9781338014564543, 
          -0.18259410806652757, 
          0.09956735482945722, 
          0.0
        ], 
        [
          0.2077422794529729, 
          0.8350707412807382, 
          -0.5094114274184685, 
          0.0
        ], 
        [
          -3.453433558810764, 
          -12.780314590232791, 
          67.56677256732824, 
          1.0
        ]
      ], 
      "projected_cuboid": [
        [
          488.7857262299581, 
          167.97441618926132
        ], 
        [
          424.4967287090706, 
          178.60934576194194
        ], 
        [
          418.110523564745, 
          147.91599718062662
        ], 
        [
          479.97155548904124, 
          138.05007510917883
        ], 
        [
          488.7218833767115, 
          195.95569004120915
        ], 
        [
          428.6719456136997, 
          206.20774610731243
        ], 
        [
          422.53743221129866, 
          176.4463865827161
        ], 
        [
          480.4638224491456, 
          166.89095255301658
        ]
      ], 
      "projected_cuboid_centroid": [
        454.111187582734, 
        172.40866871119414
      ], 
      "quaternion_xyzw": [
        0.9575943788493647, 
        -0.10190546126339123, 
        0.02341743445530195, 
        0.2684770126553229
      ], 
      "visibility": 0.7739130434782608
    }
  ]
}