{
  "camera_data": {
    "location_worldframe": [
      -22.53563837917126, 
      -4.384601258693286, 
      92.08408134691174
    ], 
    "quaternion_xyzw_worldframe": [
      0.951053483795765, 
      0.0371539200898229, 
      -0.06358587454328268, 
      -0.3001224180038112
    ]
  }, 
  "objects": [
    {
      "bounding_box": {
        "bottom_right": [
          283, 
          516
        ], 
        "top_left": [
          168, 
          360
        ]
      }, 
      "class": "003_cracker_box", 
      "cuboid": [
        [
          -16.033887352789968, 
          2.1292305645256193, 
          81.7258409545359
        ], 
        [
          -16.861134228639024, 
          -11.12560228095027, 
          72.0975916571793
        ], 
        [
          4.398302552270166, 
          -11.076582270142346, 
          70.20352409147273
        ], 
        [
          5.225549428119224, 
          2.178250575333543, 
          79.83177338882935
        ], 
        [
          -15.509352849068476, 
          -2.1006331078467193, 
          87.50386089241195
        ], 
        [
          -16.336599724917534, 
          -15.355465953322609, 
          77.87561159505533
        ], 
        [
          4.922837055991656, 
          -15.306445942514685, 
          75.98154402934878
        ], 
        [
          5.750083931840715, 
          -2.051613097038796, 
          85.60979332670539
        ]
      ], 
      "cuboid_centroid": [
        -5.555525148399154, 
        -6.588607688994533, 
        78.85369249194234
      ], 
      "location": [
        -5.555525148399154, 
        -6.588607688994533, 
        78.85369249194234
      ], 
      "pose_transform_permuted": [
        [
          -0.07305494655462441, 
          0.589117517200705, 
          -0.8047381721474248, 
          0.0
        ], 
        [
          0.05043081036560043, 
          0.8080441053003075, 
          0.5869595022276195, 
          0.0
        ], 
        [
          -0.9960520609635674, 
          -0.0022966969114409097, 
          0.08874129271949517, 
          0.0
        ], 
        [
          -5.555525148399154, 
          -6.588607688994533, 
          78.85369249194234, 
          1.0
        ]
      ], 
      "projected_cuboid": [
        [
          376.0925238657928, 
          287.18129077791957
        ], 
        [
          355.8326561815421, 
          190.9883441774333
        ], 
        [
          515.2883813745638, 
          189.14035991242366
        ], 
        [
          516.7974954147471, 
          287.83843429496187
        ], 
        [
          386.2827387784489, 
          260.48357406593715
        ], 
        [
          368.7859421582165, 
          168.12690540983436
        ], 
        [
          516.4387489979389, 
          165.84956135536868
        ], 
        [
          517.7166311135383, 
          260.50569365016094
        ]
      ], 
      "projected_cuboid_centroid": [
        443.7096673833315, 
        228.72510534171678
      ], 
      "quaternion_xyzw": [
        0.6806012572721242, 
        0.6626847023082066, 
        0.18876858886976797, 
        -0.2489926380084443
      ], 
      "visibility": 0.9913281064385839
    }, 
    {
      "bounding_box": {
        "bottom_right": [
          343, 
          408
        ], 
        "top_left": [
          279, 
          342
        ]
      }, 
      "class": "005_tomato_soup_can", 
      "cuboid": [
        [
          -24.221930426594522, 
          7.005090495348081, 
          89.95938911592079
        ], 
        [
          -18.735017572816755, 
          4.088476084135107, 
          87.28272301631897
        ], 
        [
          -12.799350959712259, 
          10.764837191729463, 
          92.17541935085963
        ], 
        [
          -18.286263813490027, 
          13.681451602942435, 
          94.85208545046146
        ], 
        [
          -23.868171913217378, 
          2.8061476326847994, 
          95.25991554370215
        ], 
        [
          -18.381259059439607, 
          -0.11046677852817322, 
          92.58324944410033
        ], 
        [
          -12.445592446335114, 
          6.5658943290661815, 
          97.475945778641
        ], 
        [
          -17.932505300112883, 
          9.482508740279155, 
          100.15261187824282
        ]
      ], 
      "cuboid_centroid": [
        -18.33376143646482, 
        6.785492412207131, 
        93.71766744728089
      ], 
      "location": [
        -18.33376143646482, 
        6.785492412207131, 
        93.71766744728089
      ], 
      "pose_transform_permuted": [
        [
          -0.05224303906023394, 
          0.6200996659886481, 
          -0.7827814702261663, 
          0.0
        ], 
        [
          -0.8109656873830136, 
          0.43107559275194773, 
          0.39561123371293855, 
          0.0
        ], 
        [
          -0.5827565194275182, 
          -0.6554770028547832, 
          -0.4803589676411122, 
          0.0
        ], 
        [
          -18.33376143646482, 
          6.785492412207131, 
          93.71766744728089, 
          1.0
        ]
      ], 
      "projected_cuboid": [
        [
          336.8019259423093, 
          314.8158544849197
        ], 
        [
          366.1673714986392, 
          298.2681641915669
        ], 
        [
          406.9239030267484, 
          335.57102254825116
        ], 
        [
          377.92307340261146, 
          350.21248042545517
        ], 
        [
          346.85577783805735, 
          288.9969601168987
        ], 
        [
          374.8306747101691, 
          272.6502015314549
        ], 
        [
          412.9361113217502, 
          309.2104779724916
        ], 
        [
          385.3094544440082, 
          323.78155267891066
        ]
      ], 
      "projected_cuboid_centroid": [
        376.39559023256743, 
        311.90077245248614
      ], 
      "quaternion_xyzw": [
        0.2812200041858013, 
        0.9012802228585685, 
        0.30524874664936696, 
        -0.12422725513512436
      ], 
      "visibility": 0.8349358974358975
    }, 
    {
      "bounding_box": {
        "bottom_right": [
          338, 
          508
        ], 
        "top_left": [
          272, 
          440
        ]
      }, 
      "class": "010_potted_meat_can", 
      "cuboid": [
        [
          4.20736790715825, 
          6.694567150016177, 
          82.30436502737493
        ], 
        [
          -5.455409485916272, 
          3.575190013498523, 
          81.8340013282246
        ], 
        [
          -4.2586679243801475, 
          -1.154514639021182, 
          88.61574331883632
        ], 
        [
          5.404109468694374, 
          1.9648624974964723, 
          89.08610701798663
        ], 
        [
          2.621523769359293, 
          11.101353318083957, 
          85.65758056743424
        ], 
        [
          -7.04125362371523, 
          7.981976181566303, 
          85.18721686828393
        ], 
        [
          -5.8445120621791045, 
          3.252271529046598, 
          91.96895885889565
        ], 
        [
          3.818265330895417, 
          6.371648665564251, 
          92.43932255804597
        ]
      ], 
      "cuboid_centroid": [
        -0.8185720775104273, 
        4.973419339531388, 
        87.13666194313528
      ], 
      "location": [
        -0.8185720775104273, 
        4.973419339531388, 
        87.13666194313528
      ], 
      "pose_transform_permuted": [
        [
          0.2753153883918952, 
          -0.7650537757799633, 
          -0.5821453803489787, 
          0.0
        ], 
        [
          0.9506210529213891, 
          0.3068833584121098, 
          0.04627423532107316, 
          0.0
        ], 
        [
          -0.1432485817690245, 
          0.5661401804999091, 
          -0.8117666782054392, 
          0.0
        ], 
        [
          -0.8185720775104273, 
          4.973419339531388, 
          87.13666194313528, 
          1.0
        ]
      ], 
      "projected_cuboid": [
        [
          509.08736163074684, 
          316.66629992687217
        ], 
        [
          445.74738711290627, 
          296.58637444072184
        ], 
        [
          455.75337262973807, 
          266.3382775145293
        ], 
        [
          514.2187170647355, 
          285.049310912369
        ], 
        [
          498.0551706086566, 
          342.4055708214436
        ], 
        [
          437.1475263429204, 
          323.2581694835774
        ], 
        [
          447.42283980557113, 
          292.1461632044596
        ], 
        [
          503.80975575404824, 
          310.0471385180511
        ]
      ], 
      "projected_cuboid_centroid": [
        476.54525051284537, 
        303.726330715579
      ], 
      "quaternion_xyzw": [
        0.880185578978984, 
        0.12785143012206804, 
        0.09134142599962061, 
        0.44786590795276254
      ], 
      "visibility": 0.8183697578263438
    }, 
    {
      "bounding_box": {
        "bottom_right": [
          215, 
          437
        ], 
        "top_left": [
          161, 
          303
        ]
      }, 
      "class": "037_scissors", 
      "cuboid": [
        [
          -26.132188616842768, 
          -9.777325059639045, 
          84.88900471747816
        ], 
        [
          -6.084894646853936, 
          -8.935496438625512, 
          82.08604944913314
        ], 
        [
          -6.4773377226941875, 
          -16.13132525748249, 
          77.11805275457846
        ], 
        [
          -26.52463169268302, 
          -16.97315387849602, 
          79.92100802292347
        ], 
        [
          -26.3471646387423, 
          -8.888392641824296, 
          83.61842449411903
        ], 
        [
          -6.299870668753465, 
          -8.046564020810763, 
          80.81546922577402
        ], 
        [
          -6.692313744593717, 
          -15.242392839667742, 
          75.84747253121932
        ], 
        [
          -26.739607714582547, 
          -16.084221460681274, 
          78.65042779956435
        ]
      ], 
      "cuboid_centroid": [
        -16.412251180718243, 
        -12.509858949653394, 
        80.36823862434875
      ], 
      "location": [
        -16.412251180718243, 
        -12.509858949653394, 
        80.36823862434875
      ], 
      "pose_transform_permuted": [
        [
          0.13732099585973898, 
          -0.5678265128721007, 
          0.8116130350244691, 
          0.0
        ], 
        [
          -0.9895109533295147, 
          -0.04155167488271416, 
          0.1383505895544866, 
          0.0
        ], 
        [
          0.04483526381926301, 
          0.8220985497092536, 
          0.5675764363447601, 
          0.0
        ], 
        [
          -16.412251180718243, 
          -12.509858949653394, 
          80.36823862434875, 
          1.0
        ]
      ], 
      "projected_cuboid": [
        [
          316.0520636925194, 
          211.85998524130326
        ], 
        [
          441.7335671452966, 
          215.23190789440613
        ], 
        [
          436.4289270950872, 
          161.7283313745139
        ], 
        [
          303.1209354382344, 
          160.02325995843017
        ], 
        [
          312.1540641641891, 
          216.59623452884392
        ], 
        [
          439.6763354283813, 
          220.18543975542758
        ], 
        [
          434.14808488011045, 
          166.11003856101667
        ], 
        [
          298.76781715722603, 
          164.22126618274282
        ]
      ], 
      "projected_cuboid_centroid": [
        371.7785849924298, 
        190.27174414299398
      ], 
      "quaternion_xyzw": [
        0.07241266042641001, 
        -0.2982445509762802, 
        0.9517382174294616, 
        0.0008625241890089943
      ], 
      "visibility": 0.7046450482033304
    }, 
    {
      "bounding_box": {
        "bottom_right": [
          325, 
          448
        ], 
        "top_left": [
          284, 
          395
        ]
      }, 
      "class": "061_foam_brick", 
      "cuboid": [
        [
          -7.037951035277201, 
          4.571599627307974, 
          87.14419506337676
        ], 
        [
          -14.664416794152332, 
          4.861612741486679, 
          88.69226081839908
        ], 
        [
          -13.931084524175741, 
          1.9633714132711027, 
          92.8479379394908
        ], 
        [
          -6.3046187653006065, 
          1.6733582990923972, 
          91.29987218446847
        ], 
        [
          -6.287526169935834, 
          8.899743768262638, 
          90.030294032175
        ], 
        [
          -13.913991928810967, 
          9.189756882441344, 
          91.57835978719733
        ], 
        [
          -13.180659658834374, 
          6.291515554225767, 
          95.73403690828904
        ], 
        [
          -5.554193899959241, 
          6.001502440047062, 
          94.1859711532667
        ]
      ], 
      "cuboid_centroid": [
        -10.109305347055788, 
        5.431557590766871, 
        91.4391159858329
      ], 
      "location": [
        -10.109305347055788, 
        5.431557590766871, 
        91.4391159858329
      ], 
      "pose_transform_permuted": [
        [
          -0.14277489713666158, 
          -0.8234672957383184, 
          -0.5491055832870728, 
          0.0
        ], 
        [
          0.9793340505519719, 
          -0.037241328657550365, 
          -0.19879109856653074, 
          0.0
        ], 
        [
          -0.1432485468585408, 
          0.5661401737107525, 
          -0.8117666891008004, 
          0.0
        ], 
        [
          -10.109305347055788, 
          5.431557590766871, 
          91.4391159858329, 
          1.0
        ]
      ], 
      "projected_cuboid": [
        [
          438.1661002036384, 
          301.26457605830427
        ], 
        [
          392.6829336273895, 
          302.5201290175016
        ], 
        [
          400.9099138214727, 
          284.56416510998054
        ], 
        [
          444.4623279857812, 
          283.0613024933154
        ], 
        [
          444.0407624042002, 
          326.00665500252995
        ], 
        [
          399.8916943754933, 
          326.8043922144279
        ], 
        [
          407.55773341530096, 
          308.33560267416146
        ], 
        [
          449.88485559252877, 
          307.2695053016751
        ]
      ], 
      "projected_cuboid_centroid": [
        422.14307502330337, 
        304.96615341786037
      ], 
      "quaternion_xyzw": [
        0.8795708907685892, 
        0.030130379288802668, 
        -0.09708313431243848, 
        0.46478174812328493
      ], 
      "visibility": 0.9292523833416959
    }
  ]
}