{
  "camera_data": {
    "location_worldframe": [
      -21.759733136267233, 
      -3.0646216057411566, 
      93.8763175994107
    ], 
    "quaternion_xyzw_worldframe": [
      0.9523170446327741, 
      0.04061635577901402, 
      -0.07284013684316154, 
      -0.2934920187772657
    ]
  }, 
  "objects": [
    {
      "bounding_box": {
        "bottom_right": [
          293, 
          519
        ], 
        "top_left": [
          180, 
          367
        ]
      }, 
      "class": "003_cracker_box", 
      "cuboid": [
        [
          -15.49692629125023, 
          3.389155670735843, 
          83.33484494840634
        ], 
        [
          -16.29415283987615, 
          -10.005954877992163, 
          73.90014522320692
        ], 
        [
          4.932532396011026, 
          -9.711055042002295, 
          71.6878127143607
        ], 
        [
          5.729758944636948, 
          3.6840555067257106, 
          81.1225124395601
        ], 
        [
          -14.832135903230077, 
          -0.754024552808389, 
          89.16103657846543
        ], 
        [
          -15.629362451855997, 
          -14.149135101536395, 
          79.72633685326602
        ], 
        [
          5.597322784031182, 
          -13.854235265546528, 
          77.51400434441979
        ], 
        [
          6.394549332657104, 
          -0.4591247168185215, 
          86.9487040696192
        ]
      ], 
      "cuboid_centroid": [
        -4.949801753609524, 
        -5.232539797405343, 
        80.42442464641306
      ], 
      "location": [
        -4.949801753609524, 
        -5.232539797405343, 
        80.42442464641306
      ], 
      "pose_transform_permuted": [
        [
          -0.09258919274570254, 
          0.5770446131755578, 
          -0.8114473216369438, 
          0.0
        ], 
        [
          0.048600704415971585, 
          0.8165957462405874, 
          0.575160289616772, 
          0.0
        ], 
        [
          -0.9945175779828983, 
          -0.013816715486992537, 
          0.10365271562376485, 
          0.0
        ], 
        [
          -4.949801753609524, 
          -5.232539797405343, 
          80.42442464641306, 
          1.0
        ]
      ], 
      "projected_cuboid": [
        [
          381.5946109319743, 
          294.97618162015584
        ], 
        [
          363.02613704773137, 
          201.07596696507036
        ], 
        [
          518.5983157519353, 
          201.04140131101184
        ], 
        [
          519.5798447752383, 
          297.5064356170043
        ], 
        [
          392.1388337336665, 
          268.77631607693013
        ], 
        [
          376.1750833484992, 
          178.637628569332
        ], 
        [
          520.429262273204, 
          177.9652468229278
        ], 
        [
          521.1463479437587, 
          270.4703924710759
        ]
      ], 
      "projected_cuboid_centroid": [
        448.49984410295264, 
        238.5879255145433
      ], 
      "quaternion_xyzw": [
        0.6793804734031446, 
        0.6664576754580827, 
        0.17757762982713507, 
        -0.2504845794984296
      ], 
      "visibility": 0.9900049664762851
    }, 
    {
      "bounding_box": {
        "bottom_right": [
          350, 
          413
        ], 
        "top_left": [
          286, 
          348
        ]
      }, 
      "class": "005_tomato_soup_can", 
      "cuboid": [
        [
          -23.625052214706706, 
          8.272388518096434, 
          91.62329014685791
        ], 
        [
          -18.140881468687127, 
          5.3897471311576215, 
          88.90453242315117
        ], 
        [
          -12.220766458210349, 
          12.207927825944124, 
          93.61718172889394
        ], 
        [
          -17.704937204229932, 
          15.090569212882937, 
          96.33593945260067
        ], 
        [
          -23.138465510893923, 
          4.15139067089618, 
          96.97422060653965
        ], 
        [
          -17.65429476487434, 
          1.2687492839573655, 
          94.25546288283292
        ], 
        [
          -11.734179754397564, 
          8.086929978743868, 
          98.96811218857569
        ], 
        [
          -17.218350500417145, 
          10.96957136568268, 
          101.68686991228242
        ]
      ], 
      "cuboid_centroid": [
        -17.679615984552136, 
        8.179659248420151, 
        95.2957011677168
      ], 
      "location": [
        -17.679615984552136, 
        8.179659248420151, 
        95.2957011677168
      ], 
      "pose_transform_permuted": [
        [
          -0.0718590993918513, 
          0.6085887501141117, 
          -0.7902251350647206, 
          0.0
        ], 
        [
          -0.8105604038725484, 
          0.4260543799648694, 
          0.40183237550705414, 
          0.0
        ], 
        [
          -0.5812296820207741, 
          -0.6694006772128207, 
          -0.46268216962083897, 
          0.0
        ], 
        [
          -17.679615984552136, 
          8.179659248420151, 
          95.2957011677168, 
          1.0
        ]
      ], 
      "projected_cuboid": [
        [
          342.93469428629265, 
          321.43834293440614
        ], 
        [
          371.86685581187504, 
          305.61849693832573
        ], 
        [
          411.3974716598508, 
          342.83282061115983
        ], 
        [
          382.76502137320654, 
          356.8285278988106
        ], 
        [
          353.2842649211921, 
          296.11753294416894
        ], 
        [
          380.87246180646014, 
          280.4654199111751
        ], 
        [
          417.83693959589465, 
          316.8654042447424
        ], 
        [
          390.5390067086305, 
          330.81891392494316
        ]
      ], 
      "projected_cuboid_centroid": [
        381.8290710847299, 
        319.0637599063973
      ], 
      "quaternion_xyzw": [
        0.2785067496197516, 
        0.9041828100763265, 
        0.2961986524728664, 
        -0.13097226291520594
      ], 
      "visibility": 0.825979381443299
    }, 
    {
      "bounding_box": {
        "bottom_right": [
          347, 
          511
        ], 
        "top_left": [
          281, 
          444
        ]
      }, 
      "class": "010_potted_meat_can", 
      "cuboid": [
        [
          4.689648973281201, 
          8.220482072164119, 
          83.54877906942343
        ], 
        [
          -4.937687536933681, 
          4.97163493066542, 
          83.26521840981285
        ], 
        [
          -3.5794882873063245, 
          0.3510595629351104, 
          90.0916302756349
        ], 
        [
          6.047848222908557, 
          3.5999067044338093, 
          90.37519093524548
        ], 
        [
          3.096432345874241, 
          12.652194134796243, 
          86.86545050184405
        ], 
        [
          -6.530904164340641, 
          9.403346993297546, 
          86.58188984223347
        ], 
        [
          -5.172704914713284, 
          4.782771625567235, 
          93.40830170805553
        ], 
        [
          4.454631595501597, 
          8.031618767065934, 
          93.69186236766612
        ]
      ], 
      "cuboid_centroid": [
        -0.24152797071604198, 
        6.501626848865677, 
        88.47854038873948
      ], 
      "location": [
        -0.24152797071604198, 
        6.501626848865677, 
        88.47854038873948
      ], 
      "pose_transform_permuted": [
        [
          0.2765953123084156, 
          -0.7693811129875925, 
          -0.5758010272387495, 
          0.0
        ], 
        [
          0.9471343898213325, 
          0.3196205774796865, 
          0.027896610036705686, 
          0.0
        ], 
        [
          -0.1625748804270964, 
          0.5530775312379557, 
          -0.817113610640432, 
          0.0
        ], 
        [
          -0.24152797071604198, 
          6.501626848865677, 
          88.47854038873948, 
          1.0
        ]
      ], 
      "projected_cuboid": [
        [
          511.78212390407805, 
          325.7606030847627
        ], 
        [
          449.7072747941677, 
          305.130209559304
        ], 
        [
          460.2308223527844, 
          275.3647214841644
        ], 
        [
          517.5838828146804, 
          294.5302080992586
        ], 
        [
          500.7663693289826, 
          350.96601656799595
        ], 
        [
          441.0333291637684, 
          331.20845569444924
        ], 
        [
          451.8171188569166, 
          300.59402268148443
        ], 
        [
          507.1653577992477, 
          319.0046981801528
        ]
      ], 
      "projected_cuboid_centroid": [
        480.1290854454826, 
        312.4762093496201
      ], 
      "quaternion_xyzw": [
        0.8769282964270849, 
        0.1374671851368627, 
        0.08680639100874288, 
        0.4522874703929509
      ], 
      "visibility": 0.8343949044585988
    }, 
    {
      "bounding_box": {
        "bottom_right": [
          224, 
          442
        ], 
        "top_left": [
          172, 
          312
        ]
      }, 
      "class": "037_scissors", 
      "cuboid": [
        [
          -25.391881878823312, 
          -8.601061279693727, 
          86.8094072116131
        ], 
        [
          -5.40083912441723, 
          -7.5414772767292995, 
          83.69577259675847
        ], 
        [
          -5.773177330265384, 
          -14.809182541363079, 
          78.83194904300427
        ], 
        [
          -25.764220084671468, 
          -15.868766544327507, 
          81.94558365785892
        ], 
        [
          -25.63714510834082, 
          -7.732456688135472, 
          85.53028186623229
        ], 
        [
          -5.646102353934736, 
          -6.672872685171044, 
          82.41664725137764
        ], 
        [
          -6.018440559782891, 
          -13.940577949804823, 
          77.55282369762345
        ], 
        [
          -26.009483314188977, 
          -15.00016195276925, 
          80.6664583124781
        ]
      ], 
      "cuboid_centroid": [
        -15.705161219303102, 
        -11.270819614749275, 
        82.18111545461828
      ], 
      "location": [
        -15.705161219303102, 
        -11.270819614749275, 
        82.18111545461828
      ], 
      "pose_transform_permuted": [
        [
          0.15666766287479267, 
          -0.5548416352074194, 
          0.8170714329210987, 
          0.0
        ], 
        [
          -0.9867344592031475, 
          -0.0522998255263585, 
          0.15368535826714907, 
          0.0
        ], 
        [
          0.04253835197232169, 
          0.8303101849939224, 
          0.555675015379003, 
          0.0
        ], 
        [
          -15.705161219303102, 
          -11.270819614749275, 
          82.18111545461828, 
          1.0
        ]
      ], 
      "projected_cuboid": [
        [
          324.30028689982447, 
          220.44532452476645
        ], 
        [
          446.89547239609794, 
          225.23133288645653
        ], 
        [
          442.21447011838694, 
          173.09838893850554
        ], 
        [
          312.5205930989888, 
          170.00917291687747
        ], 
        [
          320.4058060991012, 
          225.07121017209872
        ], 
        [
          444.756566756308, 
          230.10626072318937
        ], 
        [
          439.86421371786673, 
          177.41919406185346
        ], 
        [
          308.20450246115166, 
          174.11421422375415
        ]
      ], 
      "projected_cuboid_centroid": [
        378.82807465706065, 
        200.1438362100704
      ], 
      "quaternion_xyzw": [
        0.08140040847888153, 
        -0.2912699500965733, 
        0.9531678861981987, 
        -0.0025602713056593262
      ], 
      "visibility": 0.7004566210045662
    }, 
    {
      "bounding_box": {
        "bottom_right": [
          333, 
          452
        ], 
        "top_left": [
          293, 
          400
        ]
      }, 
      "class": "061_foam_brick", 
      "cuboid": [
        [
          -6.454391926350318, 
          6.020457434869429, 
          88.58453516956297
        ], 
        [
          -14.060265533231481, 
          6.234111043598619, 
          90.24243564039615
        ], 
        [
          -13.227994539279111, 
          3.402741968016023, 
          94.42548542494224
        ], 
        [
          -5.622120932397947, 
          3.1890883592868327, 
          92.76758495410905
        ], 
        [
          -5.717680851518781, 
          10.397013080762473, 
          91.40030396542022
        ], 
        [
          -13.323554458399943, 
          10.610666689491666, 
          93.05820443625339
        ], 
        [
          -12.491283464447573, 
          7.77929761390907, 
          97.24125422079948
        ], 
        [
          -4.885409857566411, 
          7.565644005179878, 
          95.5833537499663
        ]
      ], 
      "cuboid_centroid": [
        -9.472837695398946, 
        6.8998775243892485, 
        92.91289469518122
      ], 
      "location": [
        -9.472837695398946, 
        6.8998775243892485, 
        92.91289469518122
      ], 
      "pose_transform_permuted": [
        [
          -0.14016572849123837, 
          -0.8326780081720865, 
          -0.5357246524690527, 
          0.0
        ], 
        [
          0.9766897594400153, 
          -0.027435808494689462, 
          -0.21289525644609325, 
          0.0
        ], 
        [
          -0.16257515911579343, 
          0.5530774006581805, 
          -0.8171136435769906, 
          0.0
        ], 
        [
          -9.472837695398946, 
          6.8998775243892485, 
          92.91289469518122, 
          1.0
        ]
      ], 
      "projected_cuboid": [
        [
          442.4148379400425, 
          309.53245656664006
        ], 
        [
          397.81049097138157, 
          310.1292215772485
        ], 
        [
          406.2621162681791, 
          292.50538467154615
        ], 
        [
          449.00622023812906, 
          291.6205635498725
        ], 
        [
          447.95644764485536, 
          333.9529738890775
        ], 
        [
          404.60301768797603, 
          334.0966123890506
        ], 
        [
          412.517717575679, 
          315.9520896966953
        ], 
        [
          454.1111363530992, 
          315.50001918882833
        ]
      ], 
      "projected_cuboid_centroid": [
        426.76989709863045, 
        312.8918028621782
      ], 
      "quaternion_xyzw": [
        0.8754272974621091, 
        0.03859239682520671, 
        -0.10082533008762304, 
        0.4711389673739539
      ], 
      "visibility": 0.9165362545644236
    }
  ]
}