{
  "camera_data": {
    "location_worldframe": [
      -25.908650000877326, 
      -9.491629547081198, 
      83.89454610470239
    ], 
    "quaternion_xyzw_worldframe": [
      0.9421710613274138, 
      0.021468034778556046, 
      -0.01786153995888191, 
      -0.33396873258780785
    ]
  }, 
  "objects": [
    {
      "bounding_box": {
        "bottom_right": [
          247, 
          501
        ], 
        "top_left": [
          114, 
          325
        ]
      }, 
      "class": "003_cracker_box", 
      "cuboid": [
        [
          -18.27094647418627, 
          -2.706937519623756, 
          74.5334691171805
        ], 
        [
          -19.13445326371258, 
          -15.189360219261793, 
          63.92584943795183
        ], 
        [
          2.1741572966125293, 
          -16.35917509857562, 
          63.567804352895806
        ], 
        [
          3.0376640861388347, 
          -3.876752398937583, 
          74.17542403212447
        ], 
        [
          -18.43377054010685, 
          -7.348692734792167, 
          80.00886813286479
        ], 
        [
          -19.29727732963315, 
          -19.831115434430206, 
          69.40124845363613
        ], 
        [
          2.011333230691957, 
          -21.000930313744032, 
          69.04320336858011
        ], 
        [
          2.8748400202182625, 
          -8.518507614105992, 
          79.65082304780877
        ]
      ], 
      "cuboid_centroid": [
        -8.129806621747159, 
        -11.853933916683895, 
        71.7883362428803
      ], 
      "location": [
        -8.129806621747159, 
        -11.853933916683895, 
        71.7883362428803
      ], 
      "pose_transform_permuted": [
        [
          0.02267744704922192, 
          0.6464840287109678, 
          -0.7625904103888054, 
          0.0
        ], 
        [
          0.05264129538998141, 
          0.760956264020479, 
          0.6466641000300388, 
          0.0
        ], 
        [
          -0.9983559622774808, 
          0.05480843794190826, 
          0.016775211336180984, 
          0.0
        ], 
        [
          -8.129806621747159, 
          -11.853933916683895, 
          71.7883362428803, 
          1.0
        ]
      ], 
      "projected_cuboid": [
        [
          349.77095525429246, 
          253.91721562550995
        ], 
        [
          320.63212993515054, 
          146.5649796134716
        ], 
        [
          499.98976923819686, 
          136.03673781276427
        ], 
        [
          503.6198140442444, 
          245.41277789933994
        ], 
        [
          357.6980721471566, 
          224.30194617763857
        ], 
        [
          332.06976777758643, 
          120.89270569505005
        ], 
        [
          497.2629505669265, 
          111.06626350574122
        ], 
        [
          501.006605142401, 
          216.24899893091802
        ]
      ], 
      "projected_cuboid_centroid": [
        420.6969605119906, 
        185.22299693494475
      ], 
      "quaternion_xyzw": [
        0.6837470555184672, 
        0.6432613537779407, 
        0.2447328809963638, 
        -0.24250899316276286
      ], 
      "visibility": 0.9871017422273558
    }, 
    {
      "bounding_box": {
        "bottom_right": [
          313, 
          385
        ], 
        "top_left": [
          246, 
          311
        ]
      }, 
      "class": "005_tomato_soup_can", 
      "cuboid": [
        [
          -26.76306998313501, 
          2.1011645753859054, 
          82.49444376974246
        ], 
        [
          -21.26776062005328, 
          -0.9668055198612389, 
          80.01119424621484
        ], 
        [
          -15.342414587803995, 
          4.967387828740368, 
          85.79220081103293
        ], 
        [
          -20.837723950885728, 
          8.035357923987513, 
          88.27545033456053
        ], 
        [
          -27.05783321894178, 
          -2.4661434704780043, 
          87.48490051339928
        ], 
        [
          -21.56252385586005, 
          -5.534113565725149, 
          85.00165098987168
        ], 
        [
          -15.637177823610765, 
          0.4000797828764585, 
          90.78265755468976
        ], 
        [
          -21.132487186692497, 
          3.4680498781236024, 
          93.26590707821737
        ]
      ], 
      "cuboid_centroid": [
        -21.200123903372887, 
        1.250622179131182, 
        86.6385506622161
      ], 
      "location": [
        -21.200123903372887, 
        1.250622179131182, 
        86.6385506622161
      ], 
      "pose_transform_permuted": [
        [
          0.04353061950301845, 
          0.674499817297131, 
          -0.7369903952228558, 
          0.0
        ], 
        [
          -0.8122066914085502, 
          0.45344596195830167, 
          0.36702426491147383, 
          0.0
        ], 
        [
          -0.5817432573678912, 
          -0.5826118761128138, 
          -0.5675721842367747, 
          0.0
        ], 
        [
          -21.200123903372887, 
          1.250622179131182, 
          86.6385506622161, 
          1.0
        ]
      ], 
      "projected_cuboid": [
        [
          307.134215777285, 
          286.87038877563634
        ], 
        [
          338.65411582095544, 
          266.84223575950773
        ], 
        [
          385.42750551006736, 
          304.1658624564934
        ], 
        [
          354.6560213755225, 
          321.8324669164951
        ], 
        [
          315.27432060395427, 
          258.25259955323617
        ], 
        [
          345.1814897805928, 
          238.564257817183
        ], 
        [
          388.9680163725758, 
          275.636880974097
        ], 
        [
          359.7487799256858, 
          293.11778150181914
        ]
      ], 
      "projected_cuboid_centroid": [
        350.00825879310923, 
        280.9849735413656
      ], 
      "quaternion_xyzw": [
        0.29247726540702024, 
        0.8848458852738453, 
        0.35092890813113314, 
        -0.09139830189421613
      ], 
      "visibility": 0.8146143437077131
    }, 
    {
      "bounding_box": {
        "bottom_right": [
          301, 
          492
        ], 
        "top_left": [
          232, 
          421
        ]
      }, 
      "class": "010_potted_meat_can", 
      "cuboid": [
        [
          2.099157256025767, 
          0.5144322893147337, 
          76.89287736122984
        ], 
        [
          -7.665083998242533, 
          -1.9458755051229744, 
          75.50453267690482
        ], 
        [
          -7.264106309804452, 
          -7.196917494500962, 
          81.98990821048532
        ], 
        [
          2.5001349444638485, 
          -4.736609700063253, 
          83.37825289481036
        ], 
        [
          0.5223492399606635, 
          4.7720262647300125, 
          80.43763270392141
        ], 
        [
          -9.241892014307638, 
          2.3117184702923037, 
          79.04928801959639
        ], 
        [
          -8.840914325869557, 
          -2.9393235190856832, 
          85.5346635531769
        ], 
        [
          0.9233269283987446, 
          -0.47901572464797515, 
          86.92300823750193
        ]
      ], 
      "cuboid_centroid": [
        -3.370878534921894, 
        -1.2124456148854748, 
        81.21377045720337
      ], 
      "location": [
        -3.370878534921894, 
        -1.2124456148854748, 
        81.21377045720337
      ], 
      "pose_transform_permuted": [
        [
          0.2737466444621386, 
          -0.7391528026098186, 
          -0.6153982416468093, 
          0.0
        ], 
        [
          0.9606030362205832, 
          0.2420443202733147, 
          0.13658492087138277, 
          0.0
        ], 
        [
          -0.04799656587178963, 
          0.6285436571806468, 
          -0.7762919558275041, 
          0.0
        ], 
        [
          -3.370878534921894, 
          -1.2124456148854748, 
          81.21377045720337, 
          1.0
        ]
      ], 
      "projected_cuboid": [
        [
          496.27789884151474, 
          276.854577356763
        ], 
        [
          427.0042357804035, 
          259.5420185929647
        ], 
        [
          433.9524860080495, 
          226.4727639199891
        ], 
        [
          497.72216847621274, 
          242.98934868833405
        ], 
        [
          485.08922342340617, 
          304.9261446286793
        ], 
        [
          418.72544677576013, 
          288.88294323532824
        ], 
        [
          426.013456433494, 
          254.95947934947677
        ], 
        [
          487.30938865437275, 
          270.3475179016923
        ]
      ], 
      "projected_cuboid_centroid": [
        459.27650482121925, 
        265.3245755419602
      ], 
      "quaternion_xyzw": [
        0.8950621396093176, 
        0.08101138270458606, 
        0.11460979835227567, 
        0.4232792035809919
      ], 
      "visibility": 0.8384437000772996
    }, 
    {
      "bounding_box": {
        "bottom_right": [
          177, 
          410
        ], 
        "top_left": [
          116, 
          256
        ]
      }, 
      "class": "037_scissors", 
      "cuboid": [
        [
          -29.256040131351313, 
          -14.13797812815413, 
          76.08477881775197
        ], 
        [
          -9.038851683913245, 
          -14.379116451162785, 
          74.79389819871528
        ], 
        [
          -9.470918953193591, 
          -21.17701809721386, 
          69.2969166451164
        ], 
        [
          -29.688107400631658, 
          -20.93587977420521, 
          70.58779726415307
        ], 
        [
          -29.321805297591325, 
          -13.151970074214065, 
          74.87059073598712
        ], 
        [
          -9.104616850153258, 
          -13.393108397222719, 
          73.57971011695044
        ], 
        [
          -9.536684119433602, 
          -20.191010043273796, 
          68.08272856335155
        ], 
        [
          -29.75387256687167, 
          -19.94987172026514, 
          69.37360918238824
        ]
      ], 
      "cuboid_centroid": [
        -19.396362125392457, 
        -17.16449408571396, 
        72.08375369055176
      ], 
      "location": [
        -19.396362125392457, 
        -17.16449408571396, 
        72.08375369055176
      ], 
      "pose_transform_permuted": [
        [
          0.04200904845648464, 
          -0.6298358612108489, 
          0.7755912267596891, 
          0.0
        ], 
        [
          -0.9978967457760104, 
          0.011902305230909335, 
          0.06371635562833464, 
          0.0
        ], 
        [
          0.049362190846089685, 
          0.7766367467830415, 
          0.6280111265501165, 
          0.0
        ], 
        [
          -19.396362125392457, 
          -17.16449408571396, 
          72.08375369055176, 
          1.0
        ]
      ], 
      "projected_cuboid": [
        [
          274.81660747340175, 
          174.18576225005216
        ], 
        [
          416.6082222205679, 
          170.7559228271203
        ], 
        [
          408.10001216165756, 
          110.30499405137314
        ], 
        [
          255.42205675738367, 
          115.10743185751373
        ], 
        [
          270.9908528042153, 
          179.6021803597211
        ], 
        [
          415.0551470155811, 
          176.21076836478784
        ], 
        [
          406.2698065683626, 
          115.12217989371223
        ], 
        [
          250.95371284279, 
          119.91903417754362
        ]
      ], 
      "projected_cuboid_centroid": [
        336.8950371788424, 
        146.29313985133183
      ], 
      "quaternion_xyzw": [
        0.02805611627703371, 
        -0.33379206873521367, 
        0.942088732460847, 
        0.016257623609659606
      ], 
      "visibility": 0.7101063829787234
    }, 
    {
      "bounding_box": {
        "bottom_right": [
          293, 
          427
        ], 
        "top_left": [
          247, 
          370
        ]
      }, 
      "class": "061_foam_brick", 
      "cuboid": [
        [
          -9.585706767671487, 
          -1.2184111073359032, 
          80.74644310272005
        ], 
        [
          -17.2778822685179, 
          -0.552217564930269, 
          81.76143935286022
        ], 
        [
          -17.032171078819992, 
          -3.7699213563263645, 
          85.7355102721599
        ], 
        [
          -9.339995577973582, 
          -4.436114898731999, 
          84.72051402201973
        ], 
        [
          -8.806067309678669, 
          2.844767243328273, 
          83.98809090088317
        ], 
        [
          -16.49824281052508, 
          3.5109607857339076, 
          85.00308715102332
        ], 
        [
          -16.252531620827178, 
          0.29325699433781155, 
          88.977158070323
        ], 
        [
          -8.560356119980764, 
          -0.3729365480678228, 
          87.96216182018284
        ]
      ], 
      "cuboid_centroid": [
        -12.919119194249332, 
        -0.46257705649904585, 
        84.86180058652153
      ], 
      "location": [
        -12.919119194249332, 
        -0.46257705649904585, 
        84.86180058652153
      ], 
      "pose_transform_permuted": [
        [
          -0.14833322902749377, 
          -0.7730552355832359, 
          -0.6167518592623977, 
          0.0
        ], 
        [
          0.9877720072412248, 
          -0.08554762336360458, 
          -0.13033827468353387, 
          0.0
        ], 
        [
          -0.047997029876009345, 
          0.6285437191430572, 
          -0.7762918769695423, 
          0.0
        ], 
        [
          -12.919119194249332, 
          -0.46257705649904585, 
          84.86180058652153, 
          1.0
        ]
      ], 
      "projected_cuboid": [
        [
          417.75712784142405, 
          265.23909367396476
        ], 
        [
          367.95641573820683, 
          269.6844922753002
        ], 
        [
          374.76515403771884, 
          249.83566120982005
        ], 
        [
          422.3113859823529, 
          245.36098800098847
        ], 
        [
          425.21304981485036, 
          291.3506475969428
        ], 
        [
          377.222491213689, 
          295.3147278453054
        ], 
        [
          383.36931162464043, 
          275.044289087159
        ], 
        [
          429.2626174997087, 
          271.02540250853264
        ]
      ], 
      "projected_cuboid_centroid": [
        399.72940430700294, 
        270.3794419588252
      ], 
      "quaternion_xyzw": [
        0.8990366490926106, 
        -0.010441897314613008, 
        -0.07749169736080509, 
        0.43083535974771436
      ], 
      "visibility": 0.9305555555555556
    }
  ]
}