{
  "camera_data": {
    "location_worldframe": [
      -9.463454425978624, 
      -15.136069690413118, 
      63.96320016246375
    ], 
    "quaternion_xyzw_worldframe": [
      -0.8397170053140149, 
      -0.05328931382478552, 
      -0.17168407320749665, 
      0.5124089568985151
    ]
  }, 
  "objects": [
    {
      "bounding_box": {
        "bottom_right": [
          208, 
          714
        ], 
        "top_left": [
          51, 
          475
        ]
      }, 
      "class": "003_cracker_box", 
      "cuboid": [
        [
          1.0065208646943629, 
          -6.428770831167545, 
          61.401783021848644
        ], 
        [
          4.21943229041148, 
          -13.606470046390942, 
          47.006090963686454
        ], 
        [
          24.18520424815451, 
          -17.558661984437762, 
          53.43272897765886
        ], 
        [
          20.972292822437392, 
          -10.380962769214365, 
          67.82842103582105
        ], 
        [
          -1.1062372313832087, 
          -12.746543338396698, 
          64.08029031310264
        ], 
        [
          2.106674194333909, 
          -19.924242553620097, 
          49.68459825494045
        ], 
        [
          22.07244615207694, 
          -23.876434491666913, 
          56.111236268912855
        ], 
        [
          18.859534726359822, 
          -16.698735276443518, 
          70.50692832707504
        ]
      ], 
      "cuboid_centroid": [
        11.53948350838565, 
        -15.15260266141723, 
        58.75650964538075
      ], 
      "location": [
        11.53948350838565, 
        -15.15260266141723, 
        58.75650964538075
      ], 
      "pose_transform_permuted": [
        [
          0.294256009274368, 
          0.8799126265008587, 
          -0.3730511636897593, 
          0.0
        ], 
        [
          -0.1958662299757966, 
          0.43756851618536396, 
          0.8775934215788125, 
          0.0
        ], 
        [
          -0.9354409767382394, 
          0.1851690129792224, 
          -0.30110233421763627, 
          0.0
        ], 
        [
          11.53948350838565, 
          -15.15260266141723, 
          58.75650964538075, 
          1.0
        ]
      ], 
      "projected_cuboid": [
        [
          490.4122969033036, 
          217.44794158821503
        ], 
        [
          529.8686614723397, 
          118.91086485477994
        ], 
        [
          725.0046744839497, 
          98.03106311136484
        ], 
        [
          647.8716820159606, 
          191.66336804108312
        ], 
        [
          472.3134879131094, 
          167.20116997059992
        ], 
        [
          504.3987746453542, 
          59.41767103048126
        ], 
        [
          693.137005062699, 
          46.348567310420094
        ], 
        [
          625.440793548134, 
          146.9760781666898
        ]
      ], 
      "projected_cuboid_centroid": [
        587.211222381789, 
        135.7497818991186
      ], 
      "quaternion_xyzw": [
        0.5835995944766379, 
        0.5881641736552672, 
        0.5019920515469493, 
        -0.24794837837502667
      ], 
      "visibility": 0.9911350725476716
    }, 
    {
      "bounding_box": {
        "bottom_right": [
          253, 
          470
        ], 
        "top_left": [
          184, 
          396
        ]
      }, 
      "class": "005_tomato_soup_can", 
      "cuboid": [
        [
          -9.861689017072054, 
          -3.9036045237729327, 
          67.2429456301083
        ], 
        [
          -3.807927588768166, 
          -6.525235519782721, 
          65.7408080906848
        ], 
        [
          -0.47580814479726147, 
          -4.179493157931029, 
          75.07562924515128
        ], 
        [
          -6.529569573101152, 
          -1.5578621619212412, 
          76.57776678457479
        ], 
        [
          -11.920091386029744, 
          -9.948087959614679, 
          69.49661959557238
        ], 
        [
          -5.8663299577258545, 
          -12.569718955624465, 
          67.99448205614887
        ], 
        [
          -2.5342105137549504, 
          -10.223976593772774, 
          77.32930321061536
        ], 
        [
          -8.58797194205884, 
          -7.6023455977629855, 
          78.83144075003887
        ]
      ], 
      "cuboid_centroid": [
        -6.197949765413503, 
        -7.063790558772853, 
        72.28612442036183
      ], 
      "location": [
        -6.197949765413503, 
        -7.063790558772853, 
        72.28612442036183
      ], 
      "pose_transform_permuted": [
        [
          0.3039847559752951, 
          0.8926490029116536, 
          -0.3328224553037123, 
          0.0
        ], 
        [
          -0.8947459033502047, 
          0.3874770457270693, 
          0.22201591945527152, 
          0.0
        ], 
        [
          -0.32714342904606397, 
          -0.2303021283655629, 
          -0.9164813726979262, 
          0.0
        ], 
        [
          -6.197949765413503, 
          -7.063790558772853, 
          72.28612442036183, 
          1.0
        ]
      ], 
      "projected_cuboid": [
        [
          402.72988893335497, 
          242.3261343587925
        ], 
        [
          450.4479777116269, 
          220.35083505086578
        ], 
        [
          478.1888725721721, 
          243.59640322977236
        ], 
        [
          435.74345237624163, 
          262.4369345819105
        ], 
        [
          389.3595433971393, 
          196.944549625075
        ], 
        [
          435.20063997770745, 
          174.69504833002094
        ], 
        [
          463.9736434308339, 
          202.7744977980197
        ], 
        [
          423.01254683295207, 
          221.85427000883774
        ]
      ], 
      "projected_cuboid_centroid": [
        435.48815961993495, 
        221.17061854846824
      ], 
      "quaternion_xyzw": [
        0.22791135443411212, 
        0.7838798516066541, 
        0.576979486046731, 
        0.026142028128423898
      ], 
      "visibility": 0.9497896213183731
    }, 
    {
      "bounding_box": {
        "bottom_right": [
          239, 
          617
        ], 
        "top_left": [
          164, 
          532
        ]
      }, 
      "class": "010_potted_meat_can", 
      "cuboid": [
        [
          19.058294542473863, 
          -7.289254395694794, 
          71.61339353662792
        ], 
        [
          10.508950940898538, 
          -7.613227226017151, 
          66.12478822518172
        ], 
        [
          8.556408447165484, 
          -14.955426255378484, 
          69.5995561477649
        ], 
        [
          17.10575204874081, 
          -14.63145342505613, 
          75.0881614592111
        ], 
        [
          16.24847022160366, 
          -4.547290686044742, 
          75.82827701299695
        ], 
        [
          7.699126620028338, 
          -4.871263516367098, 
          70.33967170155074
        ], 
        [
          5.746584126295284, 
          -12.213462545728431, 
          73.81443962413393
        ], 
        [
          14.29592772787061, 
          -11.889489715406075, 
          79.30304493558012
        ]
      ], 
      "cuboid_centroid": [
        12.402439334384574, 
        -9.751358470711613, 
        72.71391658038092
      ], 
      "location": [
        12.402439334384574, 
        -9.751358470711613, 
        72.71391658038092
      ], 
      "pose_transform_permuted": [
        [
          0.48780826297788604, 
          -0.4760271111677734, 
          -0.7317379140006195, 
          0.0
        ], 
        [
          0.8410817807042901, 
          0.031872346898904225, 
          0.5399672938731312, 
          0.0
        ], 
        [
          0.23371707982799214, 
          0.8788527379895555, 
          -0.41592570433304316, 
          0.0
        ], 
        [
          12.402439334384574, 
          -9.751358470711613, 
          72.71391658038092, 
          1.0
        ]
      ], 
      "projected_cuboid": [
        [
          624.7108714369074, 
          219.0019701938181
        ], 
        [
          567.0617765679552, 
          211.88319318825774
        ], 
        [
          547.7085336021032, 
          158.68779428066253
        ], 
        [
          604.1045026566537, 
          169.36548717667185
        ], 
        [
          596.8290508259346, 
          241.30428454286985
        ], 
        [
          540.458777801279, 
          236.35232766710945
        ], 
        [
          523.462945006607, 
          185.042573966641
        ], 
        [
          578.5395703733778, 
          193.32872924548
        ]
      ], 
      "projected_cuboid_centroid": [
        573.320715989177, 
        201.76528483585088
      ], 
      "quaternion_xyzw": [
        0.9289338556504527, 
        -0.05432161065648569, 
        0.2766008447747214, 
        0.24004745065413144
      ], 
      "visibility": 0.5808746599707052
    }, 
    {
      "bounding_box": {
        "bottom_right": [
          124, 
          585
        ], 
        "top_left": [
          49, 
          390
        ]
      }, 
      "class": "037_scissors", 
      "cuboid": [
        [
          -9.666301683159826, 
          -15.892124047861023, 
          54.310571749707194
        ], 
        [
          9.616901267154141, 
          -18.48350862400782, 
          59.958760763733046
        ], 
        [
          11.299513338575494, 
          -22.505642872558916, 
          52.36888541436707
        ], 
        [
          -7.983689611738474, 
          -19.914258296412118, 
          46.720696400341225
        ], 
        [
          -9.292117538372914, 
          -14.516188280972866, 
          53.66437005626076
        ], 
        [
          9.991085411941054, 
          -17.107572857119663, 
          59.31255907028661
        ], 
        [
          11.673697483362407, 
          -21.129707105670757, 
          51.722683720920635
        ], 
        [
          -7.609505466951562, 
          -18.538322529523963, 
          46.07449470689479
        ]
      ], 
      "cuboid_centroid": [
        1.00369790010129, 
        -18.51091557676589, 
        53.01662773531392
      ], 
      "location": [
        1.00369790010129, 
        -18.51091557676589, 
        53.01662773531392
      ], 
      "pose_transform_permuted": [
        [
          -0.23901893310258487, 
          -0.8789113691778104, 
          0.4127765472922595, 
          0.0
        ], 
        [
          -0.951796315411756, 
          0.12790770795425432, 
          -0.27878799523869724, 
          0.0
        ], 
        [
          -0.19223260842640547, 
          0.4595149239521529, 
          0.8671170026775197, 
          0.0
        ], 
        [
          1.00369790010129, 
          -18.51091557676589, 
          53.01662773531392, 
          1.0
        ]
      ], 
      "projected_cuboid": [
        [
          385.8847784191015, 
          117.22887370256373
        ], 
        [
          567.8500769913167, 
          108.87991934333557
        ], 
        [
          597.6291680298218, 
          44.091282424231714
        ], 
        [
          389.7032975340029, 
          45.964071663757274
        ], 
        [
          388.4819080349463, 
          129.0238274506682
        ], 
        [
          572.1823737747031, 
          119.46070803508015
        ], 
        [
          602.9692410512316, 
          55.4152719247843
        ], 
        [
          392.78180895793935, 
          58.702514715772516
        ]
      ], 
      "projected_cuboid_centroid": [
        491.7778866860451, 
        87.0763959708141
      ], 
      "quaternion_xyzw": [
        -0.1540631471002517, 
        -0.5194959958455133, 
        0.8402511211917791, 
        -0.019138594061295394
      ], 
      "visibility": 0.8436176091361208
    }, 
    {
      "bounding_box": {
        "bottom_right": [
          234, 
          532
        ], 
        "top_left": [
          178, 
          465
        ]
      }, 
      "class": "061_foam_brick", 
      "cuboid": [
        [
          6.792396613809936, 
          -8.695143965884812, 
          70.21290687748896
        ], 
        [
          -0.7423332047218085, 
          -7.386996616001299, 
          68.74314763452274
        ], 
        [
          -1.9387909225090476, 
          -11.886110124166102, 
          70.87239583981194
        ], 
        [
          5.595938896022699, 
          -13.194257474049618, 
          72.34215508277816
        ], 
        [
          6.287806907627303, 
          -6.348125017915726, 
          74.88863438530949
        ], 
        [
          -1.2469229109044446, 
          -5.039977668032212, 
          73.41887514234328
        ], 
        [
          -2.4433806286916835, 
          -9.539091176197017, 
          75.54812334763248
        ], 
        [
          5.091349189840062, 
          -10.84723852608053, 
          77.0178825905987
        ]
      ], 
      "cuboid_centroid": [
        2.174507992559127, 
        -9.117117571040914, 
        72.88051511256072
      ], 
      "location": [
        2.174507992559127, 
        -9.117117571040914, 
        72.88051511256072
      ], 
      "pose_transform_permuted": [
        [
          0.09600260695475768, 
          -0.4465408921673297, 
          -0.8895980727723591, 
          0.0
        ], 
        [
          0.9675540029023602, 
          -0.16798256012483656, 
          0.1887355582859928, 
          0.0
        ], 
        [
          0.23371510632714781, 
          0.878853281905638, 
          -0.41592566398117237, 
          0.0
        ], 
        [
          2.174507992559127, 
          -9.117117571040914, 
          72.88051511256072, 
          1.0
        ]
      ], 
      "projected_cuboid": [
        [
          533.6203602160051, 
          207.24041111205264
        ], 
        [
          475.7899435929318, 
          215.97711745449402
        ], 
        [
          466.8859536763545, 
          183.84275353150053
        ], 
        [
          523.1951467583167, 
          176.01606147626293
        ], 
        [
          526.7488646244708, 
          228.07835096798289
        ], 
        [
          472.4638554341577, 
          236.67580560647684
        ], 
        [
          464.2046823001342, 
          205.94688870237258
        ], 
        [
          517.146532488148, 
          198.1735313042897
        ]
      ], 
      "projected_cuboid_centroid": [
        497.6421279728035, 
        206.56997683748347
      ], 
      "quaternion_xyzw": [
        0.9664374472230934, 
        -0.10391196750658817, 
        0.07365664639209217, 
        0.22310459891291068
      ], 
      "visibility": 0.5787770947913297
    }
  ]
}