{
  "camera_data": {
    "location_worldframe": [
      -9.27479516528871, 
      -14.611398432151077, 
      64.54307884474832
    ], 
    "quaternion_xyzw_worldframe": [
      -0.8378888168784071, 
      -0.05623558884508567, 
      -0.17427448209629756, 
      0.5142096526981229
    ]
  }, 
  "objects": [
    {
      "bounding_box": {
        "bottom_right": [
          214, 
          713
        ], 
        "top_left": [
          60, 
          476
        ]
      }, 
      "class": "003_cracker_box", 
      "cuboid": [
        [
          1.1876345648284339, 
          -5.861178695815143, 
          62.09970366881515
        ], 
        [
          4.535080037495643, 
          -12.968759637044016, 
          47.69987666782114
        ], 
        [
          24.462378002211693, 
          -16.88604821442336, 
          54.265788118134225
        ], 
        [
          21.114932529544483, 
          -9.778467273194485, 
          68.66561511912825
        ], 
        [
          -0.926210685745106, 
          -12.196574444029809, 
          64.7353850807225
        ], 
        [
          2.4212347869221023, 
          -19.30415538525868, 
          50.33555807972848
        ], 
        [
          22.34853275163815, 
          -23.221443962638023, 
          56.901469530041574
        ], 
        [
          19.001087278970942, 
          -16.11386302140915, 
          71.30129653103559
        ]
      ], 
      "cuboid_centroid": [
        11.768083658233293, 
        -14.541311329226584, 
        59.50058659942836
      ], 
      "location": [
        11.768083658233293, 
        -14.541311329226584, 
        59.50058659942836
      ], 
      "pose_transform_permuted": [
        [
          0.2944074235531926, 
          0.8823671169474956, 
          -0.3670865563958123, 
          0.0
        ], 
        [
          -0.2040677248469538, 
          0.4332939501734321, 
          0.8778454968950355, 
          0.0
        ], 
        [
          -0.9336383842969178, 
          0.1835337126330432, 
          -0.30762760554698715, 
          0.0
        ], 
        [
          11.768083658233293, 
          -14.541311329226584, 
          59.50058659942836, 
          1.0
        ]
      ], 
      "projected_cuboid": [
        [
          491.8816131189497, 
          222.95004369453156
        ], 
        [
          532.7251439104352, 
          128.28629967807237
        ], 
        [
          724.0147531954897, 
          107.33188206601396
        ], 
        [
          646.9615085612913, 
          197.3380726375341
        ], 
        [
          473.9029343007511, 
          172.80560331958466
        ], 
        [
          507.46452736122535, 
          68.75351011214919
        ], 
        [
          692.8084291129692, 
          55.63924491376247
        ], 
        [
          624.9058381762217, 
          152.75803249887113
        ]
      ], 
      "projected_cuboid_centroid": [
        587.956557514219, 
        142.94889695825458
      ], 
      "quaternion_xyzw": [
        0.5802052533763166, 
        0.5889865381758999, 
        0.5051026828982859, 
        -0.2476449101658416
      ], 
      "visibility": 0.9918680822227242
    }, 
    {
      "bounding_box": {
        "bottom_right": [
          256, 
          471
        ], 
        "top_left": [
          188, 
          397
        ]
      }, 
      "class": "005_tomato_soup_can", 
      "cuboid": [
        [
          -9.733663656001013, 
          -3.394004540312244, 
          67.86622999189501
        ], 
        [
          -3.6602165710516688, 
          -5.990624230688519, 
          66.40055595334651
        ], 
        [
          -0.40833086749547043, 
          -3.6735845167326815, 
          75.77077364227497
        ], 
        [
          -6.481777952444815, 
          -1.076964826356406, 
          77.23644768082346
        ], 
        [
          -11.790694136367193, 
          -9.45417435197573, 
          70.07865267256737
        ], 
        [
          -5.717247051417852, 
          -12.050794042352006, 
          68.61297863401889
        ], 
        [
          -2.4653613478616534, 
          -9.733754328396166, 
          77.98319632294734
        ], 
        [
          -8.538808432810995, 
          -7.137134638019892, 
          79.44887036149582
        ]
      ], 
      "cuboid_centroid": [
        -6.099512501931333, 
        -6.563879434354206, 
        72.92471315742117
      ], 
      "location": [
        -6.099512501931333, 
        -6.563879434354206, 
        72.92471315742117
      ], 
      "pose_transform_permuted": [
        [
          0.3037821555386636, 
          0.8949655660861914, 
          -0.32673046768739944, 
          0.0
        ], 
        [
          -0.8976554432861406, 
          0.3837803749021512, 
          0.21662661424129437, 
          0.0
        ], 
        [
          -0.31926617812339625, 
          -0.2274841373501624, 
          -0.9199565613443559, 
          0.0
        ], 
        [
          -6.099512501931333, 
          -6.563879434354206, 
          72.92471315742117, 
          1.0
        ]
      ], 
      "projected_cuboid": [
        [
          404.4686640595537, 
          246.6151126357741
        ], 
        [
          451.95375150232167, 
          225.1707176878442
        ], 
        [
          478.69904342862384, 
          247.42967432504062
        ], 
        [
          436.46724945636197, 
          265.8500691959219
        ], 
        [
          391.1185737306492, 
          201.33743319225633
        ], 
        [
          436.7873289321923, 
          179.61731411885302
        ], 
        [
          464.59619345485163, 
          206.71832782994898
        ], 
        [
          423.80060316159285, 
          225.37681122426503
        ]
      ], 
      "projected_cuboid_centroid": [
        436.6178267112147, 
        225.28298346132823
      ], 
      "quaternion_xyzw": [
        0.22449432318056972, 
        0.7829224176640529, 
        0.5795344744520137, 
        0.02783019726188475
      ], 
      "visibility": 0.9355118565644881
    }, 
    {
      "bounding_box": {
        "bottom_right": [
          243, 
          616
        ], 
        "top_left": [
          169, 
          532
        ]
      }, 
      "class": "010_potted_meat_can", 
      "cuboid": [
        [
          19.161815143104526, 
          -6.708508902134963, 
          72.4483414766824
        ], 
        [
          10.656586797350396, 
          -7.035981848761486, 
          66.8918250380108
        ], 
        [
          8.699939109142534, 
          -14.398618658687662, 
          70.32073593241323
        ], 
        [
          17.205167454896664, 
          -14.071145712061139, 
          75.87725237108482
        ], 
        [
          16.310659961931663, 
          -3.9928569956787063, 
          76.65249053141295
        ], 
        [
          7.805431616177534, 
          -4.320329942305229, 
          71.09597409274136
        ], 
        [
          5.848783927969671, 
          -11.682966752231405, 
          74.52488498714378
        ], 
        [
          14.354012273723802, 
          -11.355493805604883, 
          80.08140142581539
        ]
      ], 
      "cuboid_centroid": [
        12.505299535537098, 
        -9.195737827183184, 
        73.48661323191308
      ], 
      "location": [
        12.505299535537098, 
        -9.195737827183184, 
        73.48661323191308
      ], 
      "pose_transform_permuted": [
        [
          0.4949836351254866, 
          -0.4714591689955717, 
          -0.7298743314504083, 
          0.0
        ], 
        [
          0.836741735473744, 
          0.03221668725893345, 
          0.5466483695765159, 
          0.0
        ], 
        [
          0.23420846686200442, 
          0.881299116701984, 
          -0.410436671059559, 
          0.0
        ], 
        [
          12.505299535537098, 
          -9.195737827183184, 
          73.48661323191308, 
          1.0
        ]
      ], 
      "projected_cuboid": [
        [
          623.8299275944431, 
          223.902672202561
        ], 
        [
          567.2686579696623, 
          217.18959482509402
        ], 
        [
          548.1281448782544, 
          164.08595582780012
        ], 
        [
          603.5350635580081, 
          174.3844648120507
        ], 
        [
          596.0263064919985, 
          245.50572076552658
        ], 
        [
          540.6367027959859, 
          240.87800017890893
        ], 
        [
          523.8013012291941, 
          189.68016999338323
        ], 
        [
          577.9873816566778, 
          197.6621468583868
        ]
      ], 
      "projected_cuboid_centroid": [
        573.1089762031573, 
        206.54966102852262
      ], 
      "quaternion_xyzw": [
        0.9284281317940198, 
        -0.05439079576702353, 
        0.28048266985653386, 
        0.23747014169826638
      ], 
      "visibility": 0.5657302165987562
    }, 
    {
      "bounding_box": {
        "bottom_right": [
          131, 
          586
        ], 
        "top_left": [
          58, 
          394
        ]
      }, 
      "class": "037_scissors", 
      "cuboid": [
        [
          -9.39999539991254, 
          -15.327784123594615, 
          54.88609256484196
        ], 
        [
          9.846580230765605, 
          -17.883121417429525, 
          60.67390795495019
        ], 
        [
          11.600872067337948, 
          -21.868317814510803, 
          53.08077783990542
        ], 
        [
          -7.645703563340198, 
          -19.312980520675897, 
          47.292962449797194
        ], 
        [
          -9.025082692186873, 
          -13.948013017833564, 
          54.248549001845845
        ], 
        [
          10.221492938491272, 
          -16.50335031166847, 
          60.03636439195408
        ], 
        [
          11.975784775063614, 
          -20.48854670874975, 
          52.44323427690931
        ], 
        [
          -7.270790855614531, 
          -17.93320941491484, 
          46.65541888680108
        ]
      ], 
      "cuboid_centroid": [
        1.2878946875755366, 
        -17.908165416172185, 
        53.664663420875634
      ], 
      "location": [
        1.2878946875755366, 
        -17.908165416172185, 
        53.664663420875634
      ], 
      "pose_transform_permuted": [
        [
          -0.23948431983461285, 
          -0.8813612821905832, 
          0.4072459626009252, 
          0.0
        ], 
        [
          -0.9499884338081338, 
          0.1261284563136704, 
          -0.28567978964815977, 
          0.0
        ], 
        [
          -0.20042177362996122, 
          0.4552949022024504, 
          0.8674888483969693, 
          0.0
        ], 
        [
          1.2878946875755366, 
          -17.908165416172185, 
          53.664663420875634, 
          1.0
        ]
      ], 
      "projected_cuboid": [
        [
          389.4976126207846, 
          124.34885526927347
        ], 
        [
          568.869122707199, 
          116.09509965799755
        ], 
        [
          599.1260848363772, 
          53.56854182349114
        ], 
        [
          394.6584622954105, 
          55.49534479887579
        ], 
        [
          392.13173189289756, 
          136.1630825967836
        ], 
        [
          573.1540973664056, 
          126.68272547066344
        ], 
        [
          604.3992994903684, 
          64.92899975645071
        ], 
        [
          397.79180496787194, 
          68.29144848736259
        ]
      ], 
      "projected_cuboid_centroid": [
        494.50283200151847, 
        95.3151373185999
      ], 
      "quaternion_xyzw": [
        -0.1565728708896348, 
        -0.5214036541291637, 
        0.8385298591301786, 
        -0.022149872335302568
      ], 
      "visibility": 0.8495388162951576
    }, 
    {
      "bounding_box": {
        "bottom_right": [
          238, 
          532
        ], 
        "top_left": [
          182, 
          465
        ]
      }, 
      "class": "061_foam_brick", 
      "cuboid": [
        [
          6.911652241564267, 
          -8.146430424995648, 
          70.94626517160452
        ], 
        [
          -0.6154321070836448, 
          -6.855442334083536, 
          69.42312823848718
        ], 
        [
          -1.8144096464912753, 
          -11.367078375970161, 
          71.52427659952136
        ], 
        [
          5.7126747021566375, 
          -12.658066466882273, 
          73.04741353263869
        ], 
        [
          6.3632860358353085, 
          -5.820517572179573, 
          75.62760689664665
        ], 
        [
          -1.1637983128126035, 
          -4.529529481267461, 
          74.10446996352933
        ], 
        [
          -2.3627758522202345, 
          -9.041165523154087, 
          76.20561832456349
        ], 
        [
          5.164308496427679, 
          -10.332153614066197, 
          77.72875525768083
        ]
      ], 
      "cuboid_centroid": [
        2.2744381946720167, 
        -8.593797974074867, 
        73.575941748084
      ], 
      "location": [
        2.2744381946720167, 
        -8.593797974074867, 
        73.575941748084
      ], 
      "pose_transform_permuted": [
        [
          0.1043314690546111, 
          -0.4425252728780395, 
          -0.8906662267253224, 
          0.0
        ], 
        [
          0.9665722284833254, 
          -0.1657790956205375, 
          0.19558992453604257, 
          0.0
        ], 
        [
          0.23420732629378793, 
          0.8812994237598555, 
          -0.41043666258128286, 
          0.0
        ], 
        [
          2.2744381946720167, 
          -8.593797974074867, 
          73.575941748084, 
          1.0
        ]
      ], 
      "projected_cuboid": [
        [
          533.9865482521193, 
          212.04792495391945
        ], 
        [
          476.8298214936234, 
          220.62193267140924
        ], 
        [
          467.9552083613072, 
          188.52810644510413
        ], 
        [
          523.6529168388325, 
          180.8699224519348
        ], 
        [
          526.8443856097673, 
          232.24073297960103
        ], 
        [
          473.1515751071304, 
          240.6881430924379
        ], 
        [
          464.92354997186345, 
          210.01258608390657
        ], 
        [
          517.3261796207823, 
          202.39462879742047
        ]
      ], 
      "projected_cuboid_centroid": [
        498.2208593444934, 
        210.99388301164703
      ], 
      "quaternion_xyzw": [
        0.9667649506173286, 
        -0.10343424781248889, 
        0.07755799209496025, 
        0.22057117785317484
      ], 
      "visibility": 0.5713813615333774
    }
  ]
}