{
  "camera_data": {
    "location_worldframe": [
      -23.43796556992796, 
      -5.52497811676391, 
      90.43485781498562
    ], 
    "quaternion_xyzw_worldframe": [
      0.9494254418207314, 
      0.03621748649215528, 
      -0.05272839898896529, 
      -0.3074092775647725
    ]
  }, 
  "objects": [
    {
      "bounding_box": {
        "bottom_right": [
          275, 
          512
        ], 
        "top_left": [
          158, 
          353
        ]
      }, 
      "class": "003_cracker_box", 
      "cuboid": [
        [
          -16.678287930175912, 
          1.0875123503499702, 
          80.3067041729391
        ], 
        [
          -17.437134017971488, 
          -12.008914120473463, 
          70.45856313025959
        ], 
        [
          3.854650223157874, 
          -12.127414408119593, 
          68.97551604489152
        ], 
        [
          4.613496310953449, 
          0.969012062703839, 
          78.82365708757104
        ], 
        [
          -16.30390859611541, 
          -3.2356996050127265, 
          86.02702549592264
        ], 
        [
          -17.062754683910985, 
          -16.332126075836157, 
          76.17888445324313
        ], 
        [
          4.229029557218375, 
          -16.45062636348229, 
          74.69583736787506
        ], 
        [
          4.9878756450139505, 
          -3.3541998926588574, 
          84.54397841055457
        ]
      ], 
      "cuboid_centroid": [
        -6.224629186478768, 
        -7.68155700656616, 
        77.50127077040709
      ], 
      "location": [
        -6.224629186478768, 
        -7.68155700656616, 
        77.50127077040709
      ], 
      "pose_transform_permuted": [
        [
          -0.052141969778727426, 
          0.6021186711313671, 
          -0.79670215316804, 
          0.0
        ], 
        [
          0.04626094611843434, 
          0.7983873002110153, 
          0.6003645923320209, 
          0.0
        ], 
        [
          -0.9975676116694154, 
          0.0055520029505531365, 
          0.06948406588143387, 
          0.0
        ], 
        [
          -6.224629186478768, 
          -7.68155700656616, 
          77.50127077040709, 
          1.0
        ]
      ], 
      "projected_cuboid": [
        [
          369.91295480622944, 
          280.5087448862675
        ], 
        [
          348.51085740315386, 
          182.38787657631178
        ], 
        [
          511.6496487829345, 
          179.51721274909295
        ], 
        [
          513.0720400031782, 
          279.84285785371526
        ], 
        [
          379.67961534728727, 
          253.227004890939
        ], 
        [
          361.1472150554876, 
          158.94720716057404
        ], 
        [
          512.0434769212627, 
          155.83098082812762
        ], 
        [
          513.3237526401367, 
          252.12760363440677
        ]
      ], 
      "projected_cuboid_centroid": [
        438.4057566621282, 
        220.42643981628962
      ], 
      "quaternion_xyzw": [
        0.6798005410113006, 
        0.6604712719148073, 
        0.20161157188023635, 
        -0.24698521716888305
      ], 
      "visibility": 0.9925236845109006
    }, 
    {
      "bounding_box": {
        "bottom_right": [
          337, 
          403
        ], 
        "top_left": [
          272, 
          334
        ]
      }, 
      "class": "005_tomato_soup_can", 
      "cuboid": [
        [
          -24.98066487770448, 
          5.911252543926335, 
          88.45613820875417
        ], 
        [
          -19.469160624315926, 
          2.9856507995569785, 
          85.84049889959331
        ], 
        [
          -13.570050408978235, 
          9.530488152794838, 
          90.95029497085785
        ], 
        [
          -19.08155466236679, 
          12.456089897164194, 
          93.56593428001871
        ], 
        [
          -24.767472670643347, 
          1.6279044387823003, 
          93.6963027819631
        ], 
        [
          -19.255968417254792, 
          -1.297697305587056, 
          91.08066347280224
        ], 
        [
          -13.356858201917102, 
          5.247140047650802, 
          96.19045954406678
        ], 
        [
          -18.868362455305657, 
          8.17274179202016, 
          98.80609885322762
        ]
      ], 
      "cuboid_centroid": [
        -19.16876153981079, 
        5.579196295788568, 
        92.32329887641048
      ], 
      "location": [
        -19.16876153981079, 
        5.579196295788568, 
        92.32329887641048
      ], 
      "pose_transform_permuted": [
        [
          -0.03148421417340739, 
          0.6325646278568858, 
          -0.7738672346475738, 
          0.0
        ], 
        [
          -0.8146002961002528, 
          0.4324039205393827, 
          0.38659147444618136, 
          0.0
        ], 
        [
          -0.5791674568143389, 
          -0.642564160825951, 
          -0.5016735554015703, 
          0.0
        ], 
        [
          -19.16876153981079, 
          5.579196295788568, 
          92.32329887641048, 
          1.0
        ]
      ], 
      "projected_cuboid": [
        [
          329.72855003079485, 
          308.9266507716426
        ], 
        [
          359.62883528404984, 
          291.83612774764606
        ], 
        [
          401.36110250085864, 
          329.1719638692205
        ], 
        [
          371.92709594037575, 
          344.2854193907408
        ], 
        [
          339.4457224727784, 
          282.5525740037336
        ], 
        [
          367.90480393705354, 
          265.6879175969376
        ], 
        [
          406.92399065112625, 
          302.3788466814654
        ], 
        [
          378.90374833322346, 
          317.400042071504
        ]
      ], 
      "projected_cuboid_centroid": [
        369.9430191753418, 
        305.5156142721681
      ], 
      "quaternion_xyzw": [
        0.2813817509657912, 
        0.8987535384594846, 
        0.315503120355611, 
        -0.11629319683575169
      ], 
      "visibility": 0.8226676946800309
    }, 
    {
      "bounding_box": {
        "bottom_right": [
          331, 
          503
        ], 
        "top_left": [
          264, 
          435
        ]
      }, 
      "class": "010_potted_meat_can", 
      "cuboid": [
        [
          3.58795491588007, 
          5.455858493391809, 
          81.34640952415575
        ], 
        [
          -6.091413199845111, 
          2.4336614406788324, 
          80.64129922620567
        ], 
        [
          -5.068926571317568, 
          -2.4110339242565724, 
          87.37017497240997
        ], 
        [
          4.610441544407614, 
          0.6111631284564045, 
          88.07528527036006
        ], 
        [
          1.9768411288548096, 
          9.824845408148514, 
          84.73683517921766
        ], 
        [
          -7.702526986870373, 
          6.802648355435537, 
          84.03172488126759
        ], 
        [
          -6.680040358342828, 
          1.9579529905001318, 
          90.76060062747189
        ], 
        [
          2.999327757382354, 
          4.980150043213109, 
          91.46571092542196
        ]
      ], 
      "cuboid_centroid": [
        -1.546042721231379, 
        3.7069057419459703, 
        86.05350507581382
      ], 
      "location": [
        -1.546042721231379, 
        3.7069057419459703, 
        86.05350507581382
      ], 
      "pose_transform_permuted": [
        [
          0.2797024041934119, 
          -0.7584915192137498, 
          -0.5886053577325462, 
          0.0
        ], 
        [
          0.9522532430871483, 
          0.2973228118082314, 
          0.06936853314487244, 
          0.0
        ], 
        [
          -0.12239046768489863, 
          0.5799044358743235, 
          -0.8054386498505982, 
          0.0
        ], 
        [
          -1.546042721231379, 
          3.7069057419459703, 
          86.05350507581382, 
          1.0
        ]
      ], 
      "projected_cuboid": [
        [
          505.31628502529804, 
          309.0559861298804
        ], 
        [
          440.9759126037202, 
          289.38150814655813
        ], 
        [
          450.3977917817634, 
          258.56925479066615
        ], 
        [
          509.74718592635435, 
          276.9872953950208
        ], 
        [
          494.1426642559953, 
          335.1224850841635
        ], 
        [
          432.304473177733, 
          316.4605367361545
        ], 
        [
          442.0172809896936, 
          284.79169182069006
        ], 
        [
          499.231333681378, 
          302.32486850227707
        ]
      ], 
      "projected_cuboid_centroid": [
        471.93556671329674, 
        296.26021492123715
      ], 
      "quaternion_xyzw": [
        0.883284076146233, 
        0.1187934014740587, 
        0.09879917083450668, 
        0.44264642918951186
      ], 
      "visibility": 0.8381336405529954
    }, 
    {
      "bounding_box": {
        "bottom_right": [
          207, 
          431
        ], 
        "top_left": [
          152, 
          293
        ]
      }, 
      "class": "037_scissors", 
      "cuboid": [
        [
          -26.942298292538663, 
          -10.772497923835276, 
          83.08847969424258
        ], 
        [
          -6.837639432311297, 
          -10.07303548416575, 
          80.68584081334016
        ], 
        [
          -7.197978637101595, 
          -17.18738324153101, 
          75.5994701268942
        ], 
        [
          -27.302637497328963, 
          -17.886845681200537, 
          78.00210900779662
        ], 
        [
          -27.124603252525137, 
          -9.862108038535307, 
          81.82802549208651
        ], 
        [
          -7.019944392297768, 
          -9.162645598865781, 
          79.4253866111841
        ], 
        [
          -7.380283597088065, 
          -16.27699335623104, 
          74.33901592473813
        ], 
        [
          -27.48494245731543, 
          -16.97645579590057, 
          76.74165480564055
        ]
      ], 
      "cuboid_centroid": [
        -17.161290944813366, 
        -13.524745640033158, 
        78.71374780949036
      ], 
      "location": [
        -17.161290944813366, 
        -13.524745640033158, 
        78.71374780949036
      ], 
      "pose_transform_permuted": [
        [
          0.11645158578295617, 
          -0.5815329754704064, 
          0.8051448005515535, 
          0.0
        ], 
        [
          -0.9923424171326869, 
          -0.0345246468940749, 
          0.11859144147371597, 
          0.0
        ], 
        [
          0.041167507610130334, 
          0.8127896203048222, 
          0.5811002554220152, 
          0.0
        ], 
        [
          -17.161290944813366, 
          -13.524745640033158, 
          78.71374780949036, 
          1.0
        ]
      ], 
      "projected_cuboid": [
        [
          307.22152832193063, 
          204.1411627911133
        ], 
        [
          436.024804922519, 
          206.70549933164992
        ], 
        [
          430.3954680168301, 
          152.03743331456084
        ], 
        [
          293.36656835479357, 
          150.98977954390426
        ], 
        [
          303.33741369268387, 
          209.0095947621576
        ], 
        [
          434.06725952944925, 
          211.76189781249556
        ], 
        [
          428.20853671313586, 
          156.51287338499728
        ], 
        [
          288.9974552016221, 
          155.30789454817437
        ]
      ], 
      "projected_cuboid_centroid": [
        364.3529405197616, 
        181.65055433222847
      ], 
      "quaternion_xyzw": [
        0.06185105670273901, 
        -0.3059443827273737, 
        0.9500364253528734, 
        0.001748054216339145
      ], 
      "visibility": 0.7012345679012346
    }, 
    {
      "bounding_box": {
        "bottom_right": [
          318, 
          442
        ], 
        "top_left": [
          277, 
          389
        ]
      }, 
      "class": "061_foam_brick", 
      "cuboid": [
        [
          -7.767755981868222, 
          3.362605887411135, 
          85.93492696855284
        ], 
        [
          -15.419929729347984, 
          3.699250493734416, 
          87.3400968895867
        ], 
        [
          -14.793374254699309, 
          0.7305445747620959, 
          91.46337771356382
        ], 
        [
          -7.141200507219548, 
          0.3938999684388156, 
          90.05820779252997
        ], 
        [
          -7.034767492120822, 
          7.638554264779526, 
          88.90216976095788
        ], 
        [
          -14.686941239600584, 
          7.975198871102807, 
          90.30733968199172
        ], 
        [
          -14.06038576495191, 
          5.006492952130487, 
          94.43062050596885
        ], 
        [
          -6.408212017472148, 
          4.669848345807206, 
          93.02545058493499
        ]
      ], 
      "cuboid_centroid": [
        -10.914070873410067, 
        4.184549419770811, 
        90.18277373726085
      ], 
      "location": [
        -10.914070873410067, 
        4.184549419770811, 
        90.18277373726085
      ], 
      "pose_transform_permuted": [
        [
          -0.13945747410493348, 
          -0.813536594983074, 
          -0.5645439057678486, 
          0.0
        ], 
        [
          0.9826352793790232, 
          -0.04322939829938732, 
          -0.1804414776108367, 
          0.0
        ], 
        [
          -0.12239085192930452, 
          0.5799046712572841, 
          -0.8054384219901608, 
          0.0
        ], 
        [
          -10.914070873410067, 
          4.184549419770811, 
          90.18277373726085, 
          1.0
        ]
      ], 
      "projected_cuboid": [
        [
          432.9879666897149, 
          294.1551607115064
        ], 
        [
          386.65461242004847, 
          295.8750488902125
        ], 
        [
          394.61860214702114, 
          277.5463164615196
        ], 
        [
          438.9548627950909, 
          275.6191911857148
        ], 
        [
          439.04417257912246, 
          319.1098355170982
        ], 
        [
          394.1389670469495, 
          320.38492170773276
        ], 
        [
          401.5259068007553, 
          301.5619079840155
        ], 
        [
          444.5523053374443, 
          300.059013229856
        ]
      ], 
      "projected_cuboid_centroid": [
        416.51596369740236, 
        298.03297302470736
      ], 
      "quaternion_xyzw": [
        0.8841781291691391, 
        0.022382778712335117, 
        -0.09045093436556124, 
        0.457762684792538
      ], 
      "visibility": 0.9302896416298478
    }
  ]
}