{
  "camera_data": {
    "location_worldframe": [
      -18.096274280168437, 
      -19.194922238546667, 
      61.05077939521502
    ], 
    "quaternion_xyzw_worldframe": [
      0.8778870732722726, 
      0.01387305217135046, 
      0.11699064592345824, 
      -0.46415113170523165
    ]
  }, 
  "objects": [
    {
      "bounding_box": {
        "bottom_right": [
          157, 
          628
        ], 
        "top_left": [
          0, 
          383
        ]
      }, 
      "class": "003_cracker_box", 
      "cuboid": [
        [
          -7.898174261601483, 
          -11.231596996858205, 
          56.09299466624748
        ], 
        [
          -6.9167137712316, 
          -20.06545495571691, 
          42.306123935160315
        ], 
        [
          13.66177934097471, 
          -24.054427443138575, 
          46.326977932990346
        ], 
        [
          12.680318850604829, 
          -15.220569484279874, 
          60.113848664077494
        ], 
        [
          -9.75442470177238, 
          -17.13080893162341, 
          59.7407378571851
        ], 
        [
          -8.772964211402497, 
          -25.964666890482107, 
          45.95386712609794
        ], 
        [
          11.805528900803814, 
          -29.95363937790378, 
          49.97472112392797
        ], 
        [
          10.824068410433933, 
          -21.11978141904508, 
          63.76159185501513
        ]
      ], 
      "cuboid_centroid": [
        1.9536773196011659, 
        -20.592618187380992, 
        53.03385789508772
      ], 
      "location": [
        1.9536773196011659, 
        -20.592618187380992, 
        53.03385789508772
      ], 
      "pose_transform_permuted": [
        [
          0.2585307081546847, 
          0.8216172807528073, 
          -0.5080422392964977, 
          0.0
        ], 
        [
          -0.059832015467416455, 
          0.5385316385300444, 
          0.8404783187133693, 
          0.0
        ], 
        [
          -0.9641483303237858, 
          0.18689226380593715, 
          -0.18838598372317358, 
          0.0
        ], 
        [
          1.9536773196011659, 
          -20.592618187380992, 
          53.03385789508772, 
          1.0
        ]
      ], 
      "projected_cuboid": [
        [
          405.877205161248, 
          166.49903868047446
        ], 
        [
          393.6769421410518, 
          20.337341086832676
        ], 
        [
          640.1831387653766, 
          -3.6298029884264964
        ], 
        [
          595.032148784348, 
          138.25229955919363
        ], 
        [
          393.79134712526604, 
          120.35578743331327
        ], 
        [
          378.93357683322955, 
          -28.047521352721358
        ], 
        [
          608.6330687470255, 
          -46.37232370321055
        ], 
        [
          572.8870502499385, 
          96.63484696527249
        ]
      ], 
      "projected_cuboid_centroid": [
        501.407382873239, 
        66.20285627338019
      ], 
      "quaternion_xyzw": [
        0.6393556302315282, 
        0.5875759506136157, 
        0.4297330683042835, 
        -0.24760527126363274
      ], 
      "visibility": 0.7746900908958109
    }, 
    {
      "bounding_box": {
        "bottom_right": [
          229, 
          417
        ], 
        "top_left": [
          148, 
          326
        ]
      }, 
      "class": "005_tomato_soup_can", 
      "cuboid": [
        [
          -17.77100205331096, 
          -7.663270834853613, 
          63.05024298902945
        ], 
        [
          -12.051654409181515, 
          -10.665385746818272, 
          61.03684728069116
        ], 
        [
          -7.380906316963075, 
          -7.438736504182339, 
          69.49363509445263
        ], 
        [
          -13.10025396109252, 
          -4.436621592217679, 
          71.50703080279092
        ], 
        [
          -19.627276505567114, 
          -13.339804513120576, 
          66.24133327586065
        ], 
        [
          -13.907928861437671, 
          -16.341919425085237, 
          64.22793756752237
        ], 
        [
          -9.237180769219233, 
          -13.1152701824493, 
          72.68472538128384
        ], 
        [
          -14.956528413348677, 
          -10.113155270484643, 
          74.69812108962213
        ]
      ], 
      "cuboid_centroid": [
        -13.504091411265096, 
        -10.389270508651457, 
        67.86748418515664
      ], 
      "location": [
        -13.504091411265096, 
        -10.389270508651457, 
        67.86748418515664
      ], 
      "pose_transform_permuted": [
        [
          0.2741345156331105, 
          0.8383102016382288, 
          -0.47126004942790656, 
          0.0
        ], 
        [
          -0.845319548024247, 
          0.44371256625808675, 
          0.29757987380141726, 
          0.0
        ], 
        [
          -0.4585683595056756, 
          -0.31678849312402435, 
          -0.8302771286049524, 
          0.0
        ], 
        [
          -13.504091411265096, 
          -10.389270508651457, 
          67.86748418515664, 
          1.0
        ]
      ], 
      "projected_cuboid": [
        [
          330.0257981302286, 
          208.46565524379315
        ], 
        [
          375.41619009063163, 
          180.09595992462937
        ], 
        [
          424.4812507908635, 
          216.19895224299415
        ], 
        [
          383.0774532638887, 
          240.1969641075711
        ], 
        [
          322.25783858522783, 
          165.88563539249822
        ], 
        [
          365.14955440268244, 
          137.59067125925714
        ], 
        [
          413.2550148748988, 
          177.05407111595667
        ], 
        [
          373.9225694660665, 
          201.0819942161535
        ]
      ], 
      "projected_cuboid_centroid": [
        374.59421580047433, 
        191.64506440021626
      ], 
      "quaternion_xyzw": [
        0.2780071697454222, 
        0.8113827842911411, 
        0.5141184169013799, 
        -0.007223889458287452
      ], 
      "visibility": 0.9314456035767511
    }, 
    {
      "bounding_box": {
        "bottom_right": [
          204, 
          570
        ], 
        "top_left": [
          121, 
          477
        ]
      }, 
      "class": "010_potted_meat_can", 
      "cuboid": [
        [
          11.391557385508671, 
          -11.660429811572918, 
          63.748676204154734
        ], 
        [
          2.147065943773859, 
          -12.255504938103433, 
          59.56462478777659
        ], 
        [
          0.5386110417241373, 
          -19.090906604515013, 
          64.09060288972215
        ], 
        [
          9.78310248345895, 
          -18.4958314779845, 
          68.27465430610029
        ], 
        [
          9.268937661464404, 
          -8.365884155875452, 
          67.9699526518875
        ], 
        [
          0.02444621972959235, 
          -8.960959282405966, 
          63.78590123550936
        ], 
        [
          -1.5840086823201296, 
          -15.796360948817545, 
          68.31187933745491
        ], 
        [
          7.660482759414683, 
          -15.201285822287034, 
          72.49593075383306
        ]
      ], 
      "cuboid_centroid": [
        4.90377435159427, 
        -13.728395380195233, 
        66.03027777080483
      ], 
      "location": [
        4.90377435159427, 
        -13.728395380195233, 
        66.03027777080483
      ], 
      "pose_transform_permuted": [
        [
          0.368503978294259, 
          -0.5719598131705975, 
          -0.7328477856153862, 
          0.0
        ], 
        [
          0.9094702103313725, 
          0.058543306995275074, 
          0.41162568494699364, 
          0.0
        ], 
        [
          0.1925301927864087, 
          0.8181896793809385, 
          -0.5417543478553221, 
          0.0
        ], 
        [
          4.90377435159427, 
          -13.728395380195233, 
          66.03027777080483, 
          1.0
        ]
      ], 
      "projected_cuboid": [
        [
          577.6927064468598, 
          175.7357190940124
        ], 
        [
          500.98130619086334, 
          163.55528711854856
        ], 
        [
          486.1163843418837, 
          114.42464725779591
        ], 
        [
          558.6534900033752, 
          128.808484822533
        ], 
        [
          554.9309609780045, 
          207.64444648667708
        ], 
        [
          481.80316947217784, 
          198.36316186323643
        ], 
        [
          469.1274535530281, 
          149.96232675269766
        ], 
        [
          538.421389379456, 
          161.45759345851928
        ]
      ], 
      "projected_cuboid_centroid": [
        521.5344052379346, 
        162.40373771231936
      ], 
      "quaternion_xyzw": [
        0.9301219913709837, 
        -0.036013256065916495, 
        0.2096847699760746, 
        0.2993462608556121
      ], 
      "visibility": 0.7496673320026613
    }, 
    {
      "bounding_box": {
        "bottom_right": [
          61, 
          487
        ], 
        "top_left": [
          0, 
          260
        ]
      }, 
      "class": "037_scissors", 
      "cuboid": [
        [
          -19.678770726204892, 
          -20.998175048710145, 
          51.668349145212936
        ], 
        [
          0.14514133254884404, 
          -23.6947562426906, 
          54.862122733575156
        ], 
        [
          0.6459733934228509, 
          -28.588006168820062, 
          47.62194127711921
        ], 
        [
          -19.177938665330885, 
          -25.891424974839598, 
          44.42816768875698
        ], 
        [
          -19.368451575311806, 
          -19.71698601171217, 
          50.82392844823171
        ], 
        [
          0.4554604834419315, 
          -22.413567205692626, 
          54.01770203659394
        ], 
        [
          0.9562925443159385, 
          -27.306817131822086, 
          46.777520580137995
        ], 
        [
          -18.8676195144378, 
          -24.61023593784163, 
          43.58374699177577
        ]
      ], 
      "cuboid_centroid": [
        -9.361239090944478, 
        -24.152496090266116, 
        49.22293486267546
      ], 
      "location": [
        -9.361239090944478, 
        -24.152496090266116, 
        49.22293486267546
      ], 
      "pose_transform_permuted": [
        [
          -0.19822366447409173, 
          -0.8183896645336795, 
          0.539393603107179, 
          0.0
        ], 
        [
          -0.9784850837895305, 
          0.13310008981663726, 
          -0.15764092415015812, 
          0.0
        ], 
        [
          -0.05721833040461624, 
          0.5590368766269417, 
          0.8271656851239176, 
          0.0
        ], 
        [
          -9.361239090944478, 
          -24.152496090266116, 
          49.22293486267546, 
          1.0
        ]
      ], 
      "projected_cuboid": [
        [
          276.7804843502338, 
          56.543828961276965
        ], 
        [
          483.01975897801236, 
          42.94770140266078
        ], 
        [
          488.8916320395804, 
          -46.871421244277876
        ], 
        [
          249.46493566206692, 
          -37.516375882212394
        ], 
        [
          276.66099555743244, 
          66.38685347813141
        ], 
        [
          486.1313282568486, 
          51.99622260629115
        ], 
        [
          492.5908052998899, 
          -38.04377944153821
        ], 
        [
          248.79636752535112, 
          -27.86060236402275
        ]
      ], 
      "projected_cuboid_centroid": [
        379.3248750676143, 
        11.599599091272118
      ], 
      "quaternion_xyzw": [
        -0.10143713850055404, 
        -0.4690560152636967, 
        0.8770569484822024, 
        0.021629655731973497
      ], 
      "visibility": 0.4426655073559127
    }, 
    {
      "bounding_box": {
        "bottom_right": [
          205, 
          474
        ], 
        "top_left": [
          140, 
          406
        ]
      }, 
      "class": "061_foam_brick", 
      "cuboid": [
        [
          -0.9778685163786903, 
          -12.737867034487307, 
          64.22268415766771
        ], 
        [
          -8.612932292519146, 
          -11.309610325113832, 
          63.66637573065906
        ], 
        [
          -9.598543827443482, 
          -15.498170879843526, 
          66.43977828548545
        ], 
        [
          -1.9634800513030257, 
          -16.926427589217003, 
          66.99608671249409
        ], 
        [
          -0.7628350349337627, 
          -9.873818946843043, 
          68.62456166557499
        ], 
        [
          -8.397898811074217, 
          -8.445562237469568, 
          68.06825323856634
        ], 
        [
          -9.383510345998552, 
          -12.634122792199262, 
          70.84165579339272
        ], 
        [
          -1.7484465698580982, 
          -14.062379501572739, 
          71.39796422040138
        ]
      ], 
      "cuboid_centroid": [
        -5.180689431188622, 
        -12.685994913343285, 
        67.53216997553022
      ], 
      "location": [
        -5.180689431188622, 
        -12.685994913343285, 
        67.53216997553022
      ], 
      "pose_transform_permuted": [
        [
          -0.04091200147035609, 
          -0.5449102101938587, 
          -0.837495713996301, 
          0.0
        ], 
        [
          0.9804381440261168, 
          -0.18340611138140908, 
          0.0714369935437737, 
          0.0
        ], 
        [
          0.19252857937021328, 
          0.8181901130754603, 
          -0.5417542662418565, 
          0.0
        ], 
        [
          -5.180689431188622, 
          -12.685994913343285, 
          67.53216997553022, 
          1.0
        ]
      ], 
      "projected_cuboid": [
        [
          473.40895755421775, 
          167.5084312824931
        ], 
        [
          408.8471281568931, 
          178.54835640291012
        ], 
        [
          403.9063900113183, 
          148.88097482561997
        ], 
        [
          465.83661244500956, 
          138.54440975539518
        ], 
        [
          475.619249749357, 
          196.55160697087717
        ], 
        [
          415.2506066802812, 
          207.1149599280523
        ], 
        [
          410.3661786304297, 
          178.17265299658973
        ], 
        [
          468.4279029766483, 
          168.24513440553
        ]
      ], 
      "projected_cuboid_centroid": [
        440.342828875129, 
        173.10184790340278
      ], 
      "quaternion_xyzw": [
        0.9534311683464463, 
        -0.09857415596230533, 
        0.008003984211665137, 
        0.2849352193720334
      ], 
      "visibility": 0.819034090909091
    }
  ]
}