{
  "camera_data": {
    "location_worldframe": [
      -23.789377267688096, 
      -6.577881269892346, 
      88.76201412053531
    ], 
    "quaternion_xyzw_worldframe": [
      0.9477767069371507, 
      0.030783423238746593, 
      -0.04417361839608729, 
      -0.31435887603381785
    ]
  }, 
  "objects": [
    {
      "bounding_box": {
        "bottom_right": [
          267, 
          511
        ], 
        "top_left": [
          147, 
          348
        ]
      }, 
      "class": "003_cracker_box", 
      "cuboid": [
        [
          -16.799603395579467, 
          0.06643005010357472, 
          78.81246044474315
        ], 
        [
          -17.647650026755645, 
          -12.87516825476902, 
          68.76885721115084
        ], 
        [
          3.6561453597737534, 
          -13.31920909929293, 
          67.54220444704902
        ], 
        [
          4.504191990949932, 
          -0.3776107944203355, 
          77.58580768064132
        ], 
        [
          -16.565507184614624, 
          -4.342857120025526, 
          84.47424312781122
        ], 
        [
          -17.413553815790806, 
          -17.28445542489812, 
          74.43063989421891
        ], 
        [
          3.890241570738594, 
          -17.72849626942203, 
          73.20398713011708
        ], 
        [
          4.738288201914773, 
          -4.786897964549436, 
          83.24759036370939
        ]
      ], 
      "cuboid_centroid": [
        -6.454680912420437, 
        -8.831033109659229, 
        76.00822378743011
      ], 
      "location": [
        -6.454680912420437, 
        -8.831033109659229, 
        76.00822378743011
      ], 
      "pose_transform_permuted": [
        [
          -0.03260392988324157, 
          0.614106862889628, 
          -0.7885491390573122, 
          0.0
        ], 
        [
          0.05169880973456309, 
          0.7889486306865079, 
          0.6122804024382241, 
          0.0
        ], 
        [
          -0.9981303606384279, 
          0.020804304596498735, 
          0.05747141969760261, 
          0.0
        ], 
        [
          -6.454680912420437, 
          -8.831033109659229, 
          76.00822378743011, 
          1.0
        ]
      ], 
      "projected_cuboid": [
        [
          366.96770505599125, 
          273.7360664751703
        ], 
        [
          343.5946132180768, 
          173.43640748110818
        ], 
        [
          510.70691879022036, 
          168.1168133158291
        ], 
        [
          512.8165982306057, 
          270.6908669753393
        ], 
        [
          376.140856997373, 
          245.86834915529215
        ], 
        [
          355.7835240651642, 
          149.43783030341785
        ], 
        [
          510.17518376621877, 
          144.12753160308648
        ], 
        [
          512.2055334519882, 
          242.61962719179604
        ]
      ], 
      "projected_cuboid_centroid": [
        435.9297061794388, 
        211.32267851557415
      ], 
      "quaternion_xyzw": [
        0.6821019449811689, 
        0.6549896992942428, 
        0.2124596172244407, 
        -0.24614292904771415
      ], 
      "visibility": 0.9927135265435819
    }, 
    {
      "bounding_box": {
        "bottom_right": [
          331, 
          400
        ], 
        "top_left": [
          265, 
          331
        ]
      }, 
      "class": "005_tomato_soup_can", 
      "cuboid": [
        [
          -25.12316289264432, 
          4.908834967255008, 
          86.92913890810833
        ], 
        [
          -19.627628514634246, 
          1.9312318252185257, 
          84.33869973182017
        ], 
        [
          -13.687392583743318, 
          8.306183545870693, 
          89.61297701384242
        ], 
        [
          -19.18292696175339, 
          11.283786687907178, 
          92.20341619013057
        ], 
        [
          -25.043650069367324, 
          0.5488270194190674, 
          92.1094723980536
        ], 
        [
          -19.54811569135725, 
          -2.4287761226174163, 
          89.51903322176544
        ], 
        [
          -13.607879760466323, 
          3.946175598034752, 
          94.79331050378768
        ], 
        [
          -19.103414138476396, 
          6.923778740071235, 
          97.38374968007584
        ]
      ], 
      "cuboid_centroid": [
        -19.36552132655532, 
        4.42750528264488, 
        90.861224705948
      ], 
      "location": [
        -19.36552132655532, 
        4.42750528264488, 
        90.861224705948
      ], 
      "pose_transform_permuted": [
        [
          -0.011742449651864573, 
          0.6438857494826852, 
          -0.7650313833485622, 
          0.0
        ], 
        [
          -0.8122399486136302, 
          0.4400897268074671, 
          0.38286689495642795, 
          0.0
        ], 
        [
          -0.583205129483127, 
          -0.6258849963109144, 
          -0.517822120363215, 
          0.0
        ], 
        [
          -19.36552132655532, 
          4.42750528264488, 
          90.861224705948, 
          1.0
        ]
      ], 
      "projected_cuboid": [
        [
          326.17929794628736, 
          303.4027665726308
        ], 
        [
          356.4465462245066, 
          285.4987697956258
        ], 
        [
          399.4595542654537, 
          322.71967248987266
        ], 
        [
          369.71522889894567, 
          338.55379880154925
        ], 
        [
          335.38437749059676, 
          276.46428061321075
        ], 
        [
          364.1664752209726, 
          258.81683447021135
        ], 
        [
          404.3993422289492, 
          295.4882388596839
        ], 
        [
          376.10586780043565, 
          311.20443294599437
        ]
      ], 
      "projected_cuboid_centroid": [
        366.9818348331856, 
        299.27424923527263
      ], 
      "quaternion_xyzw": [
        0.2858786536358774, 
        0.8948681925670824, 
        0.32454720133513254, 
        -0.11024230939427185
      ], 
      "visibility": 0.8531390134529148
    }, 
    {
      "bounding_box": {
        "bottom_right": [
          323, 
          502
        ], 
        "top_left": [
          256, 
          434
        ]
      }, 
      "class": "010_potted_meat_can", 
      "cuboid": [
        [
          3.520007387943903, 
          4.089180277227531, 
          80.16008825140732
        ], 
        [
          -6.197333180512532, 
          1.2352214832370474, 
          79.29450512064824
        ], 
        [
          -5.336109550023065, 
          -3.7202461923956176, 
          85.96503395024241
        ], 
        [
          4.381231018433369, 
          -0.8662873984051335, 
          86.8306170810015
        ], 
        [
          1.9377385074902782, 
          8.43537885357308, 
          83.59311949849497
        ], 
        [
          -7.779602060966156, 
          5.581420059582596, 
          82.7275363677359
        ], 
        [
          -6.91837843047669, 
          0.625952383949931, 
          89.39806519733008
        ], 
        [
          2.7989621379797445, 
          3.4799111779404153, 
          90.26364832808915
        ]
      ], 
      "cuboid_centroid": [
        -1.6991855212663936, 
        2.3575663305887313, 
        84.7790767243687
      ], 
      "location": [
        -1.6991855212663936, 
        2.3575663305887313, 
        84.7790767243687
      ], 
      "pose_transform_permuted": [
        [
          0.2746946947555096, 
          -0.7545352790695063, 
          -0.5960020336331886, 
          0.0
        ], 
        [
          0.9559889612486019, 
          0.28077158392182033, 
          0.08515580083040396, 
          0.0
        ], 
        [
          -0.10308747320117413, 
          0.5931637534385036, 
          -0.7984545913674393, 
          0.0
        ], 
        [
          -1.6991855212663936, 
          2.3575663305887313, 
          84.7790767243687, 
          1.0
        ]
      ], 
      "projected_cuboid": [
        [
          505.21148068443324, 
          300.4925948675362
        ], 
        [
          439.56763988232285, 
          281.5943999898014
        ], 
        [
          448.21643073356466, 
          250.20645463300227
        ], 
        [
          508.7311431822211, 
          267.96574158777554
        ], 
        [
          494.0627606835342, 
          327.1037990319609
        ], 
        [
          431.02636139559274, 
          309.26827695705134
        ], 
        [
          439.98034090036157, 
          277.02076493317395
        ], 
        [
          498.2724545283663, 
          293.84747046386684
        ]
      ], 
      "projected_cuboid_centroid": [
        470.8189282255764, 
        288.11727619312546
      ], 
      "quaternion_xyzw": [
        0.8867292073006695, 
        0.10822330367675503, 
        0.10145444985435577, 
        0.4378422007673767
      ], 
      "visibility": 0.8241881298992161
    }, 
    {
      "bounding_box": {
        "bottom_right": [
          200, 
          428
        ], 
        "top_left": [
          143, 
          286
        ]
      }, 
      "class": "037_scissors", 
      "cuboid": [
        [
          -27.286842833744068, 
          -11.663136519148374, 
          81.2991780544871
        ], 
        [
          -7.145410145746979, 
          -11.25710123228616, 
          79.15044498512825
        ], 
        [
          -7.557484032836166, 
          -18.2919207126419, 
          73.9584833996039
        ], 
        [
          -27.698916720833257, 
          -18.697955999504114, 
          76.10721646896276
        ], 
        [
          -27.438895503783073, 
          -10.73214683669996, 
          80.04980707910242
        ], 
        [
          -7.297462815785984, 
          -10.326111549837746, 
          77.90107400974357
        ], 
        [
          -7.7095367028751705, 
          -17.360931030193484, 
          72.70911242421923
        ], 
        [
          -27.850969390872258, 
          -17.766966317055697, 
          74.85784549357808
        ]
      ], 
      "cuboid_centroid": [
        -17.49818976830962, 
        -14.512033774670929, 
        77.00414523935316
      ], 
      "location": [
        -17.49818976830962, 
        -14.512033774670929, 
        77.00414523935316
      ], 
      "pose_transform_permuted": [
        [
          0.09712722325212113, 
          -0.5946915809462084, 
          0.7980651284832976, 
          0.0
        ], 
        [
          -0.9941575302062251, 
          -0.02004142625882172, 
          0.10605894796050218, 
          0.0
        ], 
        [
          0.047078016094730495, 
          0.8037037897721291, 
          0.5931636503665073, 
          0.0
        ], 
        [
          -17.49818976830962, 
          -14.512033774670929, 
          77.00414523935316, 
          1.0
        ]
      ], 
      "projected_cuboid": [
        [
          301.1046879088636, 
          196.77679636151908
        ], 
        [
          433.0497176719784, 
          197.4356373573608
        ], 
        [
          426.6453882273227, 
          141.38227113544883
        ], 
        [
          285.8800078770869, 
          142.26103787167088
        ], 
        [
          297.2661977447035, 
          201.7852528899619
        ], 
        [
          431.2214745008261, 
          202.59280779166406
        ], 
        [
          424.57654864321313, 
          145.94452826929827
        ], 
        [
          281.5211905974037, 
          146.70700569659544
        ]
      ], 
      "projected_cuboid_centroid": [
        359.3971952502305, 
        172.7782889824222
      ], 
      "quaternion_xyzw": [
        0.05357457703065641, 
        -0.31320459070335394, 
        0.9481464085864656, 
        0.007128801414808922
      ], 
      "visibility": 0.7010592389172224
    }, 
    {
      "bounding_box": {
        "bottom_right": [
          312, 
          440
        ], 
        "top_left": [
          269, 
          386
        ]
      }, 
      "class": "061_foam_brick", 
      "cuboid": [
        [
          -7.923712202708469, 
          2.116285059018775, 
          84.58022942426979
        ], 
        [
          -15.586232375728223, 
          2.5575072673247474, 
          85.89731056092246
        ], 
        [
          -15.058494835643957, 
          -0.4790750981469763, 
          89.98483939580825
        ], 
        [
          -7.3959746626242024, 
          -0.9202973064529483, 
          88.6677582591556
        ], 
        [
          -7.158644376202661, 
          6.337303911023351, 
          87.61720283754966
        ], 
        [
          -14.821164549222415, 
          6.778526119329323, 
          88.93428397420232
        ], 
        [
          -14.29342700913815, 
          3.7419437538575995, 
          93.02181280908812
        ], 
        [
          -6.6309068361183945, 
          3.3007215455516272, 
          91.70473167243546
        ]
      ], 
      "cuboid_centroid": [
        -11.108569605923309, 
        2.9291144064381873, 
        88.80102111667895
      ], 
      "location": [
        -11.108569605923309, 
        2.9291144064381873, 
        88.80102111667895
      ], 
      "pose_transform_permuted": [
        [
          -0.14556084862972485, 
          -0.8030857721281879, 
          -0.5778107665589719, 
          0.0
        ], 
        [
          0.9839638904491013, 
          -0.056658476693601134, 
          -0.16912977062312193, 
          0.0
        ], 
        [
          -0.1030878345803398, 
          0.5931636027471957, 
          -0.7984546566571602, 
          0.0
        ], 
        [
          -11.108569605923309, 
          2.9291144064381873, 
          88.80102111667895, 
          1.0
        ]
      ], 
      "projected_cuboid": [
        [
          431.2178334490542, 
          286.63074706232663
        ], 
        [
          384.0187527366616, 
          289.16559986195153
        ], 
        [
          391.6050577892256, 
          270.4471693348172
        ], 
        [
          436.7409779153801, 
          267.75112594996745
        ], 
        [
          437.6597915270919, 
          311.8612490061905
        ], 
        [
          391.9770863423441, 
          313.935886724425
        ], 
        [
          398.9660118861408, 
          294.7401285188821
        ], 
        [
          442.7128911929704, 
          292.48226983445954
        ]
      ], 
      "projected_cuboid_centroid": [
        414.32544375324505, 
        290.87816085533933
      ], 
      "quaternion_xyzw": [
        0.8881072935962282, 
        0.01306974906678546, 
        -0.088584628659721, 
        0.45082965772643374
      ], 
      "visibility": 0.9339667458432304
    }
  ]
}