{
  "camera_data": {
    "location_worldframe": [
      -24.003142269737324, 
      -17.029077152676454, 
      68.80227730336148
    ], 
    "quaternion_xyzw_worldframe": [
      0.9125833980816729, 
      0.007823726971731419, 
      0.05711420839684886, 
      -0.4048067633432626
    ]
  }, 
  "objects": [
    {
      "bounding_box": {
        "bottom_right": [
          182, 
          537
        ], 
        "top_left": [
          4, 
          321
        ]
      }, 
      "class": "003_cracker_box", 
      "cuboid": [
        [
          -14.750768228851685, 
          -9.602955661726815, 
          61.64391280524858
        ], 
        [
          -15.02180884805636, 
          -20.229189708467825, 
          49.15040238368254
        ], 
        [
          6.018616599107015, 
          -23.172606329503378, 
          51.19743505165999
        ], 
        [
          6.28965721831169, 
          -12.54637228276237, 
          63.69094547322604
        ], 
        [
          -15.950994950755218, 
          -14.98239368841455, 
          66.24537994823649
        ], 
        [
          -16.222035569959893, 
          -25.608627735155558, 
          53.75186952667045
        ], 
        [
          4.818389877203483, 
          -28.552044356191114, 
          55.7989021946479
        ], 
        [
          5.0894304964081565, 
          -17.925810309450103, 
          68.29241261621395
        ]
      ], 
      "cuboid_centroid": [
        -4.966189175824101, 
        -19.077500008958964, 
        58.72140749994824
      ], 
      "location": [
        -4.966189175824101, 
        -19.077500008958964, 
        58.72140749994824
      ], 
      "pose_transform_permuted": [
        [
          0.16716250008340905, 
          0.7492253698190519, 
          -0.6408728764625392, 
          0.0
        ], 
        [
          0.01652323927419691, 
          0.6477988732948239, 
          0.7616321962219321, 
          0.0
        ], 
        [
          -0.9857908911781198, 
          0.13790563794660893, 
          -0.09590804915535914, 
          0.0
        ], 
        [
          -4.966189175824101, 
          -19.077500008958964, 
          58.72140749994824, 
          1.0
        ]
      ], 
      "projected_cuboid": [
        [
          352.9155492622954, 
          190.20543430614953
        ], 
        [
          317.2405656074823, 
          53.784306056843846
        ], 
        [
          544.8149908863512, 
          31.89935254588134
        ], 
        [
          534.7027548789861, 
          168.22880981557464
        ], 
        [
          352.11073904223304, 
          152.66825542263848
        ], 
        [
          319.3026763261616, 
          19.200814274251343
        ], 
        [
          528.0344827154416, 
          0.38933398969688754
        ], 
        [
          521.6734478390443, 
          133.29755068402108
        ]
      ], 
      "projected_cuboid_centroid": [
        436.11726952242174, 
        100.02086221004852
      ], 
      "quaternion_xyzw": [
        0.6699443547197306, 
        0.6095990484002031, 
        0.3465939707387712, 
        -0.24379536750369596
      ], 
      "visibility": 0.9942924135377781
    }, 
    {
      "bounding_box": {
        "bottom_right": [
          257, 
          385
        ], 
        "top_left": [
          180, 
          297
        ]
      }, 
      "class": "005_tomato_soup_can", 
      "cuboid": [
        [
          -23.88914166662826, 
          -5.32753653682257, 
          69.18186131582578
        ], 
        [
          -18.328483455032174, 
          -8.452084795605993, 
          66.92494480657095
        ], 
        [
          -12.844803940828506, 
          -3.988658469717931, 
          74.25648609212762
        ], 
        [
          -18.40546215242459, 
          -0.8641102109345072, 
          76.51340260138245
        ], 
        [
          -25.15020949915019, 
          -10.549430518223247, 
          73.30416380716437
        ], 
        [
          -19.5895512875541, 
          -13.67397877700667, 
          71.04724729790954
        ], 
        [
          -14.105871773350435, 
          -9.210552451118609, 
          78.3787885834662
        ], 
        [
          -19.666529984946518, 
          -6.086004192335185, 
          80.63570509272104
        ]
      ], 
      "cuboid_centroid": [
        -18.997506719989346, 
        -7.269044493970589, 
        73.78032494964599
      ], 
      "location": [
        -18.997506719989346, 
        -7.269044493970589, 
        73.78032494964599
      ], 
      "pose_transform_permuted": [
        [
          0.1862344326447638, 
          0.771169034589066, 
          -0.6087814198933565, 
          0.0
        ], 
        [
          -0.8218652508330256, 
          0.46180821419481677, 
          0.33357224673866626, 
          0.0
        ], 
        [
          -0.5383809765019658, 
          -0.43821376097052217, 
          -0.7198017948274782, 
          0.0
        ], 
        [
          -18.997506719989346, 
          -7.269044493970589, 
          73.78032494964599, 
          1.0
        ]
      ], 
      "projected_cuboid": [
        [
          295.90214039138164, 
          232.2168195450321
        ], 
        [
          334.32165584840106, 
          205.93254384445126
        ], 
        [
          388.5752505558661, 
          244.63948256000262
        ], 
        [
          352.2367878915458, 
          267.2634507595739
        ], 
        [
          297.09352923411524, 
          196.5348557513203
        ], 
        [
          333.32171420251535, 
          170.6421578119188
        ], 
        [
          384.8153961953773, 
          210.61437778626285
        ], 
        [
          350.4398829759601, 
          233.03408138913795
        ]
      ], 
      "projected_cuboid_centroid": [
        343.1295908240357, 
        220.7423972200235
      ], 
      "quaternion_xyzw": [
        0.2952551290536525, 
        0.8468855341332889, 
        0.44013351548814045, 
        -0.04349401665146206
      ], 
      "visibility": 0.8724129534940346
    }, 
    {
      "bounding_box": {
        "bottom_right": [
          234, 
          518
        ], 
        "top_left": [
          156, 
          437
        ]
      }, 
      "class": "010_potted_meat_can", 
      "cuboid": [
        [
          5.291836036291579, 
          -8.548364180826248, 
          66.94177893563844
        ], 
        [
          -4.342127686565109, 
          -9.917551172041502, 
          64.00356644380132
        ], 
        [
          -5.160086562006407, 
          -16.09750565014756, 
          69.56534914533006
        ], 
        [
          4.4738771608502805, 
          -14.728318658932308, 
          72.50356163716718
        ], 
        [
          3.543629427243706, 
          -4.750846354602136, 
          70.90427214448457
        ], 
        [
          -6.0903342956129825, 
          -6.12003334581739, 
          67.96605965264743
        ], 
        [
          -6.9082931710542805, 
          -12.29998782392345, 
          73.52784235417617
        ], 
        [
          2.7256705518024082, 
          -10.930800832708195, 
          76.4660548460133
        ]
      ], 
      "cuboid_centroid": [
        -0.8082285673813506, 
        -10.42417600237485, 
        70.23481064490731
      ], 
      "location": [
        -0.8082285673813506, 
        -10.42417600237485, 
        70.23481064490731
      ], 
      "pose_transform_permuted": [
        [
          0.30350282861171723, 
          -0.6592798562809209, 
          -0.6879209190809, 
          0.0
        ], 
        [
          0.9477863729523941, 
          0.13470019294537167, 
          0.2890604366710204, 
          0.0
        ], 
        [
          0.09790873202561136, 
          0.7397334084808606, 
          -0.6657389612831931, 
          0.0
        ], 
        [
          -0.8082285673813506, 
          -10.42417600237485, 
          70.23481064490731, 
          1.0
        ]
      ], 
      "projected_cuboid": [
        [
          524.1080249575679, 
          205.18243178347055
        ], 
        [
          445.1141016678978, 
          190.64701410746636
        ], 
        [
          441.7078294794369, 
          149.87574354271908
        ], 
        [
          514.7801307840767, 
          164.94840133509774
        ], 
        [
          508.4732550003457, 
          237.55216936139644
        ], 
        [
          433.4088607954136, 
          225.2635445981827
        ], 
        [
          431.07156240109003, 
          184.07102220896093
        ], 
        [
          500.7659349581512, 
          197.04865496829487
        ]
      ], 
      "projected_cuboid_centroid": [
        475.40873831302605, 
        194.13181186426138
      ], 
      "quaternion_xyzw": [
        0.9186186233299097, 
        0.010012713651067342, 
        0.16126476489632582, 
        0.3606009022441326
      ], 
      "visibility": 0.8269230769230769
    }, 
    {
      "bounding_box": {
        "bottom_right": [
          97, 
          420
        ], 
        "top_left": [
          14, 
          217
        ]
      }, 
      "class": "037_scissors", 
      "cuboid": [
        [
          -26.58140054741415, 
          -20.14278002935954, 
          60.00209050142299
        ], 
        [
          -6.433969884194404, 
          -21.936998800853925, 
          61.15145808989103
        ], 
        [
          -6.581123729869057, 
          -27.769348912976394, 
          54.62635326080959
        ], 
        [
          -26.728554393088803, 
          -25.975130141482005, 
          53.47698567234155
        ], 
        [
          -26.41886780575825, 
          -18.98371100777631, 
          58.96241182581164
        ], 
        [
          -6.2714371425385, 
          -20.777929779270696, 
          60.11177941427969
        ], 
        [
          -6.418590988213152, 
          -26.61027989139317, 
          53.586674585198246
        ], 
        [
          -26.5660216514329, 
          -24.81606111989878, 
          52.43730699673021
        ]
      ], 
      "cuboid_centroid": [
        -16.49999576781365, 
        -23.376529960376352, 
        56.79438254331062
      ], 
      "location": [
        -16.49999576781365, 
        -23.376529960376352, 
        56.79438254331062
      ], 
      "pose_transform_permuted": [
        [
          -0.10382161576342405, 
          -0.740382629223495, 
          0.6641192345433213, 
          0.0
        ], 
        [
          -0.9944535832390936, 
          0.08856053738329596, 
          -0.05673143816285839, 
          0.0
        ], 
        [
          0.01681181781259884, 
          0.6663258242063226, 
          0.745470654142213, 
          0.0
        ], 
        [
          -16.49999576781365, 
          -23.376529960376352, 
          56.79438254331062, 
          1.0
        ]
      ], 
      "projected_cuboid": [
        [
          243.36335693371112, 
          94.2504584149854
        ], 
        [
          425.01693833748476, 
          81.96761571960683
        ], 
        [
          416.80981300210067, 
          2.1731155551993786
        ], 
        [
          212.8150010657577, 
          14.239671264782187
        ], 
        [
          240.64497677908483, 
          101.57740112288087
        ], 
        [
          425.49237102366067, 
          88.94202253014943
        ], 
        [
          417.18390472758364, 
          8.448619047287167
        ], 
        [
          209.15267103116867, 
          20.891971394723353
        ]
      ], 
      "projected_cuboid_centroid": [
        325.3649978860366, 
        53.77255339064563
      ], 
      "quaternion_xyzw": [
        -0.044025000530472515, 
        -0.4074334930957752, 
        0.9117152299359622, 
        0.028893987874727075
      ], 
      "visibility": 0.7572815533980582
    }, 
    {
      "bounding_box": {
        "bottom_right": [
          233, 
          434
        ], 
        "top_left": [
          175, 
          370
        ]
      }, 
      "class": "061_foam_brick", 
      "cuboid": [
        [
          -6.891711822362409, 
          -9.821780676211523, 
          69.02212113791862
        ], 
        [
          -14.588923605414909, 
          -8.652005004165044, 
          69.1899031497355
        ], 
        [
          -15.09014695536354, 
          -12.438921810826637, 
          72.59802104711247
        ], 
        [
          -7.392935172311041, 
          -13.608697482873113, 
          72.4302390352956
        ], 
        [
          -6.282325659521016, 
          -6.374267838041703, 
          72.94243237253927
        ], 
        [
          -13.979537442573514, 
          -5.204492165995226, 
          73.11021438435614
        ], 
        [
          -14.480760792522146, 
          -8.991408972656817, 
          76.51833228173311
        ], 
        [
          -6.783549009469647, 
          -10.161184644703294, 
          76.35055026991624
        ]
      ], 
      "cuboid_centroid": [
        -10.686236307442277, 
        -9.406594824434169, 
        72.77022670982586
      ], 
      "location": [
        -10.686236307442277, 
        -9.406594824434169, 
        72.77022670982586
      ], 
      "pose_transform_permuted": [
        [
          -0.1159410498432866, 
          -0.6559194845217547, 
          -0.7458735166138776, 
          0.0
        ], 
        [
          0.9884187291709562, 
          -0.15021389767721224, 
          -0.02154531895080819, 
          0.0
        ], 
        [
          0.09790857360470862, 
          0.739733340312126, 
          -0.6657390603272096, 
          0.0
        ], 
        [
          -10.686236307442277, 
          -9.406594824434169, 
          72.77022670982586, 
          1.0
        ]
      ], 
      "projected_cuboid": [
        [
          427.9024770232337, 
          197.39568024078756
        ], 
        [
          368.20771868421684, 
          206.5964070178165
        ], 
        [
          369.81801591219585, 
          181.90773041113738
        ], 
        [
          426.7076392955314, 
          173.08274236050207
        ], 
        [
          435.28097327628143, 
          226.68099226775192
        ], 
        [
          378.77023039637805, 
          235.32115084696687
        ], 
        [
          379.82757318507834, 
          210.61796768689703
        ], 
        [
          433.81812635550926, 
          202.30920068549878
        ]
      ], 
      "projected_cuboid_centroid": [
        402.62695135413725, 
        204.3473377391239
      ], 
      "quaternion_xyzw": [
        0.9319369058709072, 
        -0.06656096290393372, 
        -0.036881887584871424, 
        0.3545461437686753
      ], 
      "visibility": 0.9921824104234528
    }
  ]
}