{
  "camera_data": {
    "location_worldframe": [
      -8.858765773638524, 
      -14.016529820073709, 
      65.40961500246506
    ], 
    "quaternion_xyzw_worldframe": [
      -0.8363192011662403, 
      -0.060420389427511115, 
      -0.17738612346125046, 
      0.5152239081025177
    ]
  }, 
  "objects": [
    {
      "bounding_box": {
        "bottom_right": [
          220, 
          713
        ], 
        "top_left": [
          72, 
          480
        ]
      }, 
      "class": "003_cracker_box", 
      "cuboid": [
        [
          1.589243110060587, 
          -5.215641254040547, 
          63.089620585585735
        ], 
        [
          5.110669694278775, 
          -12.276593050642646, 
          48.708360897186424
        ], 
        [
          24.988533849608572, 
          -16.122135411275988, 
          55.46379335715703
        ], 
        [
          21.467107265390386, 
          -9.06118361467389, 
          69.84505304555636
        ], 
        [
          -0.5231153655059038, 
          -11.565983212505557, 
          65.6902928479448
        ], 
        [
          2.998311218712285, 
          -18.626935009107655, 
          51.30903315954549
        ], 
        [
          22.876175374042084, 
          -22.472477369740997, 
          58.064465619516106
        ], 
        [
          19.354748789823898, 
          -15.4115255731389, 
          72.44572530791542
        ]
      ], 
      "cuboid_centroid": [
        12.232709242051335, 
        -13.844059311890772, 
        60.57704310255092
      ], 
      "location": [
        12.232709242051335, 
        -13.844059311890772, 
        60.57704310255092
      ], 
      "pose_transform_permuted": [
        [
          0.29420035182024057, 
          0.8844487618789278, 
          -0.3622106301583075, 
          0.0
        ], 
        [
          -0.21467400055493818, 
          0.4304513337564532, 
          0.8767135922027378, 
          0.0
        ], 
        [
          -0.9313222999985478, 
          0.18017224225202316, 
          -0.31650708783105147, 
          0.0
        ], 
        [
          12.232709242051335, 
          -13.844059311890772, 
          60.57704310255092, 
          1.0
        ]
      ], 
      "projected_cuboid": [
        [
          495.1434774142445, 
          229.19681935962677
        ], 
        [
          538.0213506519417, 
          138.8671617607768
        ], 
        [
          723.8800712236695, 
          118.26197119779768
        ], 
        [
          646.8806124864701, 
          204.09757673513067
        ], 
        [
          477.31466133626844, 
          179.38582482529188
        ], 
        [
          513.0220207892236, 
          79.67327725357904
        ], 
        [
          693.4647553267903, 
          66.87781388865791
        ], 
        [
          625.2672087833328, 
          159.83238509990093
        ]
      ], 
      "projected_cuboid_centroid": [
        590.1911921357856, 
        151.4036007585836
      ], 
      "quaternion_xyzw": [
        0.576131250639859, 
        0.5909129353088369, 
        0.5080934000379884, 
        -0.2464463060357828
      ], 
      "visibility": 0.9900333545108005
    }, 
    {
      "bounding_box": {
        "bottom_right": [
          261, 
          472
        ], 
        "top_left": [
          194, 
          401
        ]
      }, 
      "class": "005_tomato_soup_can", 
      "cuboid": [
        [
          -9.3994984341129, 
          -2.8086498408385387, 
          68.75249697125696
        ], 
        [
          -3.300526199716372, 
          -5.375668388186032, 
          67.34170033139752
        ], 
        [
          -0.1521223265585854, 
          -3.0654275779286477, 
          76.74886534818422
        ], 
        [
          -6.251094560955113, 
          -0.49840903058115393, 
          78.15966198804367
        ], 
        [
          -11.45203066617935, 
          -8.882582741638972, 
          70.93109680009401
        ], 
        [
          -5.353058431782822, 
          -11.449601288986466, 
          69.52030016023456
        ], 
        [
          -2.204654558625035, 
          -9.139360478729081, 
          78.92746517702128
        ], 
        [
          -8.303626793021563, 
          -6.5723419313815885, 
          80.33826181688072
        ]
      ], 
      "cuboid_centroid": [
        -5.802076496368967, 
        -5.97400515978381, 
        73.83998107413912
      ], 
      "location": [
        -5.802076496368967, 
        -5.97400515978381, 
        73.83998107413912
      ], 
      "pose_transform_permuted": [
        [
          0.30311785446112305, 
          0.8969980983820417, 
          -0.32173551066801265, 
          0.0
        ], 
        [
          -0.9014280602236846, 
          0.37940532613731964, 
          0.20851573503915533, 
          0.0
        ], 
        [
          -0.3091064580384055, 
          -0.22681662926497342, 
          -0.9235840049978272, 
          0.0
        ], 
        [
          -5.802076496368967, 
          -5.97400515978381, 
          73.83998107413912, 
          1.0
        ]
      ], 
      "projected_cuboid": [
        [
          408.07665506851407, 
          251.49957709453201
        ], 
        [
          455.24038043945643, 
          230.71337440010257
        ], 
        [
          480.5311782572843, 
          251.9852125392225
        ], 
        [
          438.58749560930715, 
          269.885662265277
        ], 
        [
          394.7735135550252, 
          206.49981764345478
        ], 
        [
          440.18927594123977, 
          185.45181096150142
        ], 
        [
          466.5758861699764, 
          211.53110329169067
        ], 
        [
          426.0146902289667, 
          229.65653429412424
        ]
      ], 
      "projected_cuboid_centroid": [
        439.34153324479155, 
        230.13845078895332
      ], 
      "quaternion_xyzw": [
        0.2199379105415467, 
        0.7826206297045636, 
        0.5815659702412688, 
        0.03021966066038908
      ], 
      "visibility": 0.9360047846889952
    }, 
    {
      "bounding_box": {
        "bottom_right": [
          248, 
          616
        ], 
        "top_left": [
          175, 
          534
        ]
      }, 
      "class": "010_potted_meat_can", 
      "cuboid": [
        [
          19.46311922799086, 
          -6.008145907950519, 
          73.61482936556608
        ], 
        [
          11.015087905755037, 
          -6.360089975861187, 
          67.9732050578862
        ], 
        [
          9.056502572789476, 
          -13.73874651862351, 
          71.36638822562762
        ], 
        [
          17.5045338950253, 
          -13.386802450712842, 
          77.0080125333075
        ], 
        [
          16.558491125986418, 
          -3.3142333492871745, 
          77.79629933842038
        ], 
        [
          8.110459803750594, 
          -3.6661774171978427, 
          72.1546750307405
        ], 
        [
          6.1518744707850335, 
          -11.044833959960165, 
          75.54785819848192
        ], 
        [
          14.599905793020856, 
          -10.692889892049497, 
          81.1894825061618
        ]
      ], 
      "cuboid_centroid": [
        12.807496849387947, 
        -8.526489933955341, 
        74.581343782024
      ], 
      "location": [
        12.807496849387947, 
        -8.526489933955341, 
        74.581343782024
      ], 
      "pose_transform_permuted": [
        [
          0.5042669673372064, 
          -0.46768504211996376, 
          -0.7259370591256519, 
          0.0
        ], 
        [
          0.8311147099810622, 
          0.034624148606224196, 
          0.5550212554205514, 
          0.0
        ], 
        [
          0.23444040070004712, 
          0.8832166602074932, 
          -0.4061601034709377, 
          0.0
        ], 
        [
          12.807496849387947, 
          -8.526489933955341, 
          74.581343782024, 
          1.0
        ]
      ], 
      "projected_cuboid": [
        [
          623.7771880639261, 
          229.75914141100446
        ], 
        [
          568.7419657519099, 
          223.38510208520734
        ], 
        [
          549.8401360819634, 
          170.61716169968673
        ], 
        [
          603.8351086118962, 
          180.57613463320337
        ], 
        [
          596.0570214881434, 
          250.56636281365803
        ], 
        [
          542.0437892820872, 
          246.18858194271132
        ], 
        [
          525.3872811903915, 
          195.31707088886816
        ], 
        [
          578.3005306564548, 
          203.0468049015997
        ]
      ], 
      "projected_cuboid_centroid": [
        573.9447074748917, 
        212.31493534069483
      ], 
      "quaternion_xyzw": [
        0.9273980306904644, 
        -0.05386474994589327, 
        0.2855538257853261, 
        0.2355636729518144
      ], 
      "visibility": 0.549477429397376
    }, 
    {
      "bounding_box": {
        "bottom_right": [
          140, 
          589
        ], 
        "top_left": [
          69, 
          402
        ]
      }, 
      "class": "037_scissors", 
      "cuboid": [
        [
          -8.884788004872563, 
          -14.711953971033399, 
          55.75032752379175
        ], 
        [
          10.314207811424215, 
          -17.196769535859854, 
          61.723892660062226
        ], 
        [
          12.161274080533813, 
          -21.15742197386128, 
          54.13992710251618
        ], 
        [
          -7.037721735762964, 
          -18.672606409034824, 
          48.16636196624571
        ], 
        [
          -8.509562955092159, 
          -13.329156425162514, 
          55.11956073124811
        ], 
        [
          10.689432861204617, 
          -15.81397198998897, 
          61.09312586751858
        ], 
        [
          12.536499130314215, 
          -19.774624427990396, 
          53.509160309972536
        ], 
        [
          -6.6624966859825605, 
          -17.289808863163938, 
          47.53559517370206
        ]
      ], 
      "cuboid_centroid": [
        1.825855562720826, 
        -17.243289199511896, 
        54.62974391688215
      ], 
      "location": [
        1.825855562720826, 
        -17.243289199511896, 
        54.62974391688215
      ], 
      "pose_transform_permuted": [
        [
          -0.23968383567654786, 
          -0.8832944920719439, 
          0.40291714090712827, 
          0.0
        ], 
        [
          -0.9476399498901432, 
          0.12264758635655479, 
          -0.2948481795905066, 
          0.0
        ], 
        [
          -0.2110209316086932, 
          0.4524908397835674, 
          0.8664418294060942, 
          0.0
        ], 
        [
          1.825855562720826, 
          -17.243289199511896, 
          54.62974391688215, 
          1.0
        ]
      ], 
      "projected_cuboid": [
        [
          395.8949843425839, 
          132.5488327882917
        ], 
        [
          571.4587028241349, 
          124.69944203683262
        ], 
        [
          602.3932349297156, 
          64.8697913775909
        ], 
        [
          403.0228658144789, 
          66.53505706693207
        ], 
        [
          398.57505833601783, 
          144.3178006696259
        ], 
        [
          575.689363167157, 
          135.23662106819484
        ], 
        [
          607.588172372646, 
          76.19515407242113
        ], 
        [
          406.22510892561996, 
          79.30571955859884
        ]
      ], 
      "projected_cuboid_centroid": [
        499.57041756504515, 
        104.94996619784857
      ], 
      "quaternion_xyzw": [
        -0.15963512780417916, 
        -0.5225493952185666, 
        0.8371152744068225, 
        -0.026392226959052776
      ], 
      "visibility": 0.8527210196237103
    }, 
    {
      "bounding_box": {
        "bottom_right": [
          243, 
          534
        ], 
        "top_left": [
          188, 
          468
        ]
      }, 
      "class": "061_foam_brick", 
      "cuboid": [
        [
          7.234886055876408, 
          -7.4957746058083305, 
          71.98773042340166
        ], 
        [
          -0.28222440765138457, 
          -6.234015941078801, 
          70.3925468882985
        ], 
        [
          -1.4823896505917513, 
          -10.755468786942997, 
          72.47180129836846
        ], 
        [
          6.034720812936042, 
          -12.017227451672527, 
          74.06698483347162
        ], 
        [
          6.629861219321636, 
          -5.182684530532843, 
          76.66844572043854
        ], 
        [
          -0.8872492442061557, 
          -3.920925865803313, 
          75.07326218533537
        ], 
        [
          -2.0874144871465226, 
          -8.442378711667509, 
          77.15251659540533
        ], 
        [
          5.429695976381271, 
          -9.704137376397037, 
          78.7477001305085
        ]
      ], 
      "cuboid_centroid": [
        2.573735784364943, 
        -7.96907665873792, 
        74.5701235094035
      ], 
      "location": [
        2.573735784364943, 
        -7.96907665873792, 
        74.5701235094035
      ], 
      "pose_transform_permuted": [
        [
          0.11511126935397828, 
          -0.44008562724672, 
          -0.8905470433158356, 
          0.0
        ], 
        [
          0.9652914562851338, 
          -0.16202566995211617, 
          0.2048416136909036, 
          0.0
        ], 
        [
          0.23443933136451595, 
          0.8832170305012402, 
          -0.40615991547902586, 
          0.0
        ], 
        [
          2.573735784364943, 
          -7.96907665873792, 
          74.5701235094035, 
          1.0
        ]
      ], 
      "projected_cuboid": [
        [
          535.643242968042, 
          217.7542498428582
        ], 
        [
          479.4410151227589, 
          226.05536181083565
        ], 
        [
          470.5972622853059, 
          194.13710292535046
        ], 
        [
          525.4122145256854, 
          186.75644971324738
        ], 
        [
          528.0999135801239, 
          237.2348464731715
        ], 
        [
          475.24153446947787, 
          245.4323261419016
        ], 
        [
          467.0474931394366, 
          214.92828741274806
        ], 
        [
          518.6761853144791, 
          207.56517098229247
        ]
      ], 
      "projected_cuboid_centroid": [
        500.15761898112197, 
        216.2923365253915
      ], 
      "quaternion_xyzw": [
        0.9668318791421558, 
        -0.1025165310199548, 
        0.0827322955384879, 
        0.21881920760530693
      ], 
      "visibility": 0.5549506634909833
    }
  ]
}