{
  "camera_data": {
    "location_worldframe": [
      -26.28470394577255, 
      -14.443036361981584, 
      74.78919489536685
    ], 
    "quaternion_xyzw_worldframe": [
      0.9279840363056094, 
      0.010483201414248324, 
      0.02634480982939946, 
      -0.3715390889586412
    ]
  }, 
  "objects": [
    {
      "bounding_box": {
        "bottom_right": [
          207, 
          506
        ], 
        "top_left": [
          47, 
          307
        ]
      }, 
      "class": "003_cracker_box", 
      "cuboid": [
        [
          -17.643688206848417, 
          -7.354873824626254, 
          66.59855847049255
        ], 
        [
          -18.296989447816117, 
          -18.88692132225235, 
          54.95110408388078
        ], 
        [
          2.8970220619142726, 
          -21.170963899558117, 
          56.02375163870277
        ], 
        [
          3.550323302881972, 
          -9.638916401932024, 
          67.67120602531455
        ], 
        [
          -18.442934311515298, 
          -12.40294080269003, 
          71.64143691282085
        ], 
        [
          -19.096235552482995, 
          -23.934988300316125, 
          59.99398252620908
        ], 
        [
          2.097775957247394, 
          -26.219030877621897, 
          61.06663008103107
        ], 
        [
          2.7510771982150932, 
          -14.6869833799958, 
          72.71408446764285
        ]
      ], 
      "cuboid_centroid": [
        -7.772956124800512, 
        -16.786952351124075, 
        63.832594275761814
      ], 
      "location": [
        -7.772956124800512, 
        -16.786952351124075, 
        63.832594275761814
      ], 
      "pose_transform_permuted": [
        [
          0.11131561612471719, 
          0.7030734120827752, 
          -0.702350774776435, 
          0.0
        ], 
        [
          0.03982669739433986, 
          0.7030192769032515, 
          0.7100547376625894, 
          0.0
        ], 
        [
          -0.9929867409897446, 
          0.10701249237688676, 
          -0.050255931927011804, 
          0.0
        ], 
        [
          -7.772956124800512, 
          -16.786952351124075, 
          63.832594275761814, 
          1.0
        ]
      ], 
      "projected_cuboid": [
        [
          339.1294109844496, 
          214.38889315982917
        ], 
        [
          302.53856384284893, 
          89.98239560070822
        ], 
        [
          509.4051715353634, 
          71.74898806762991
        ], 
        [
          509.81048861546407, 
          197.32183778417723
        ], 
        [
          343.1583821752998, 
          180.95545831539818
        ], 
        [
          310.4254294868003, 
          60.51523249335089
        ], 
        [
          500.0704714547467, 
          44.3051352046637
        ], 
        [
          501.9429256021319, 
          165.56523595849023
        ]
      ], 
      "projected_cuboid_centroid": [
        416.1130297461296, 
        133.03200920670744
      ], 
      "quaternion_xyzw": [
        0.6799246216581036, 
        0.6236007506821187, 
        0.30200787249925776, 
        -0.24003303431039338
      ], 
      "visibility": 0.9914207529028918
    }, 
    {
      "bounding_box": {
        "bottom_right": [
          279, 
          376
        ], 
        "top_left": [
          206, 
          293
        ]
      }, 
      "class": "005_tomato_soup_can", 
      "cuboid": [
        [
          -26.474908639730298, 
          -2.7463722978616363, 
          74.3044563058367
        ], 
        [
          -20.960299771323523, 
          -5.89818353647735, 
          71.97366917655405
        ], 
        [
          -15.213021104471725, 
          -0.7718354453888854, 
          78.63953419000082
        ], 
        [
          -20.7276299728785, 
          2.3799757932268286, 
          80.97032131928346
        ], 
        [
          -27.365241716730658, 
          -7.67456343437694, 
          78.86209668165372
        ], 
        [
          -21.850632848323883, 
          -10.826374672992653, 
          76.53130955237108
        ], 
        [
          -16.10335418147209, 
          -5.700026581904188, 
          83.19717456581785
        ], 
        [
          -21.61796304987886, 
          -2.548215343288475, 
          85.52796169510049
        ]
      ], 
      "cuboid_centroid": [
        -21.289131410601193, 
        -4.2231994398829125, 
        78.75081543582726
      ], 
      "location": [
        -21.289131410601193, 
        -4.2231994398829125, 
        78.75081543582726
      ], 
      "pose_transform_permuted": [
        [
          0.13148434301780176, 
          0.7277950135627788, 
          -0.6730720962818562, 
          0.0
        ], 
        [
          -0.8150591581816099, 
          0.46583768245301604, 
          0.34449032394250095, 
          0.0
        ], 
        [
          -0.5642608202893717, 
          -0.5032986125502974, 
          -0.6544465091138554, 
          0.0
        ], 
        [
          -21.289131410601193, 
          -4.2231994398829125, 
          78.75081543582726, 
          1.0
        ]
      ], 
      "projected_cuboid": [
        [
          289.99007876011177, 
          253.57447491082112
        ], 
        [
          324.988476699031, 
          229.58143275156718
        ], 
        [
          377.56523020021547, 
          268.05208482436336
        ], 
        [
          343.9346096664395, 
          288.96250020216144
        ], 
        [
          294.99231277864675, 
          221.38587664897284
        ], 
        [
          328.05880899352593, 
          197.84136839494158
        ], 
        [
          377.5093462912726, 
          236.74760722338803
        ], 
        [
          345.67236756146116, 
          257.39684392374585
        ]
      ], 
      "projected_cuboid_centroid": [
        336.220430397524, 
        244.68600918104033
      ], 
      "quaternion_xyzw": [
        0.2977894773718728, 
        0.8647875269414106, 
        0.39958992226835194, 
        -0.06157754774691911
      ], 
      "visibility": 0.8285793409027971
    }, 
    {
      "bounding_box": {
        "bottom_right": [
          259, 
          497
        ], 
        "top_left": [
          186, 
          419
        ]
      }, 
      "class": "010_potted_meat_can", 
      "cuboid": [
        [
          2.6197449790861445, 
          -5.434272588604956, 
          70.67161038618819
        ], 
        [
          -7.117690238344457, 
          -7.246303233465873, 
          68.38689530420386
        ], 
        [
          -7.461095561169481, 
          -13.011750484938405, 
          74.42312025587225
        ], 
        [
          2.27633965626112, 
          -11.199719840077488, 
          76.70783533785658
        ], 
        [
          0.9843345662964603, 
          -1.394153123305792, 
          74.43745529887512
        ], 
        [
          -8.75310065113414, 
          -3.206183768166708, 
          72.15274021689079
        ], 
        [
          -9.096505973959164, 
          -8.971631019639242, 
          78.18896516855918
        ], 
        [
          0.6409292434714359, 
          -7.159600374778324, 
          80.4736802505435
        ]
      ], 
      "cuboid_centroid": [
        -3.2383804974365105, 
        -7.202951804122098, 
        74.43028777737368
      ], 
      "location": [
        -3.2383804974365105, 
        -7.202951804122098, 
        74.43028777737368
      ], 
      "pose_transform_permuted": [
        [
          0.28392049524000684, 
          -0.7013974660096808, 
          -0.6537811819256374, 
          0.0
        ], 
        [
          0.9579658666029154, 
          0.17826701469683987, 
          0.22476956350230726, 
          0.0
        ], 
        [
          0.0411052202477836, 
          0.6901173725239845, 
          -0.7225291502832069, 
          0.0
        ], 
        [
          -3.2383804974365105, 
          -7.202951804122098, 
          74.43028777737368, 
          1.0
        ]
      ], 
      "projected_cuboid": [
        [
          501.53158847364136, 
          232.2770862941763
        ], 
        [
          425.626730299271, 
          216.7757780936973
        ], 
        [
          427.68494190075177, 
          180.04372148709797
        ], 
        [
          497.55545920350113, 
          195.41926548657528
        ], 
        [
          488.70827017349984, 
          263.2978950380026
        ], 
        [
          416.3590398867409, 
          249.58791495383096
        ], 
        [
          419.03359112540574, 
          212.09188595548258
        ], 
        [
          485.8800680241654, 
          225.83804207990778
        ]
      ], 
      "projected_cuboid_centroid": [
        458.1995442631528, 
        221.67481688657173
      ], 
      "quaternion_xyzw": [
        0.9085516525014604, 
        0.037741881287491195, 
        0.13997279553170383, 
        0.39181223554337186
      ], 
      "visibility": 0.8146709816612729
    }, 
    {
      "bounding_box": {
        "bottom_right": [
          129, 
          402
        ], 
        "top_left": [
          56, 
          221
        ]
      }, 
      "class": "037_scissors", 
      "cuboid": [
        [
          -29.2490325088413, 
          -18.264637185565977, 
          66.39910392534
        ], 
        [
          -9.026915168504672, 
          -19.491103943988378, 
          66.54394434370684
        ], 
        [
          -9.365873838155935, 
          -25.79581217652715, 
          60.481707443189016
        ], 
        [
          -29.58799117849256, 
          -24.56934541810475, 
          60.33686702482217
        ], 
        [
          -29.175332796899667, 
          -17.182837582057008, 
          65.26991500946605
        ], 
        [
          -8.95321545656304, 
          -18.40930434047941, 
          65.41475542783289
        ], 
        [
          -9.292174126214302, 
          -24.71401257301818, 
          59.352518527315056
        ], 
        [
          -29.51429146655093, 
          -23.48754581459578, 
          59.207678108948215
        ]
      ], 
      "cuboid_centroid": [
        -19.2706033175278, 
        -21.48932487929208, 
        62.87581122632753
      ], 
      "location": [
        -19.2706033175278, 
        -21.48932487929208, 
        62.87581122632753
      ], 
      "pose_transform_permuted": [
        [
          -0.04707742635190538, 
          -0.6910249690263081, 
          0.721296008138338, 
          0.0
        ], 
        [
          -0.9981400301573446, 
          0.06053696290233951, 
          -0.007149153430551547, 
          0.0
        ], 
        [
          0.03872485543311513, 
          0.7202911054147927, 
          0.6925895945230759, 
          0.0
        ], 
        [
          -19.2706033175278, 
          -21.48932487929208, 
          62.87581122632753, 
          1.0
        ]
      ], 
      "projected_cuboid": [
        [
          244.7101789208922, 
          126.58442733953532
        ], 
        [
          408.6475285065455, 
          117.07416533844794
        ], 
        [
          398.32180855913407, 
          45.822526478964704
        ], 
        [
          217.88836494826583, 
          56.11727309764716
        ], 
        [
          241.21918314625108, 
          132.8858070224461
        ], 
        [
          407.99414748906986, 
          123.19742653980146
        ], 
        [
          397.40524344408584, 
          51.21564341842504
        ], 
        [
          213.5283917016247, 
          61.71992122433853
        ]
      ], 
      "projected_cuboid_centroid": [
        316.77952060715586, 
        91.01170822218882
      ], 
      "quaternion_xyzw": [
        -0.014619085993063283, 
        -0.3730122822964201, 
        0.9273250702572527, 
        0.026760254176002713
      ], 
      "visibility": 0.7323304680038204
    }, 
    {
      "bounding_box": {
        "bottom_right": [
          257, 
          420
        ], 
        "top_left": [
          203, 
          360
        ]
      }, 
      "class": "061_foam_brick", 
      "cuboid": [
        [
          -9.393044267482882, 
          -6.836745108523014, 
          73.5201705616778
        ], 
        [
          -17.099311952226625, 
          -5.840092639690055, 
          74.0337047737872
        ], 
        [
          -17.309739313475163, 
          -9.373011130063801, 
          77.7325476490043
        ], 
        [
          -9.60347162873142, 
          -10.36966359889676, 
          77.21901343689488
        ], 
        [
          -8.667818755492842, 
          -3.092944386956933, 
          77.13728827541911
        ], 
        [
          -16.374086440236585, 
          -2.096291918123974, 
          77.65082248752852
        ], 
        [
          -16.584513801485123, 
          -5.6292104084977215, 
          81.34966536274561
        ], 
        [
          -8.87824611674138, 
          -6.625862877330681, 
          80.83613115063619
        ]
      ], 
      "cuboid_centroid": [
        -12.988779034484002, 
        -6.232977758510367, 
        77.4349179622117
      ], 
      "location": [
        -12.988779034484002, 
        -6.232977758510367, 
        77.4349179622117
      ], 
      "pose_transform_permuted": [
        [
          -0.13798049965756234, 
          -0.7122908469705418, 
          -0.6881882962069595, 
          0.0
        ], 
        [
          0.9895816207599422, 
          -0.12798270262459918, 
          -0.06594424677733046, 
          0.0
        ], 
        [
          0.04110471467332588, 
          0.6901175096683838, 
          -0.7225290480532481, 
          0.0
        ], 
        [
          -12.988779034484002, 
          -6.232977758510367, 
          77.4349179622117, 
          1.0
        ]
      ], 
      "projected_cuboid": [
        [
          412.8915535141661, 
          223.69239227055178
        ], 
        [
          357.3915504747138, 
          231.21602723504944
        ], 
        [
          361.8460093196701, 
          208.97872175603771
        ], 
        [
          414.71714849815646, 
          201.66758790629427
        ], 
        [
          421.16921191965594, 
          251.90222634561843
        ], 
        [
          368.19975752121627, 
          258.8888343105118
        ], 
        [
          371.96472168452954, 
          236.38204507103754
        ], 
        [
          422.5343550086642, 
          229.5721447071927
        ]
      ], 
      "projected_cuboid_centroid": [
        391.39360296863157, 
        230.35798342797187
      ], 
      "quaternion_xyzw": [
        0.9175902444222156, 
        -0.046068334511445055, 
        -0.05555986118926626, 
        0.3909206488804981
      ], 
      "visibility": 0.970856102003643
    }
  ]
}