{
  "camera_data": {
    "location_worldframe": [
      -18.454365010940347, 
      -19.263474357239705, 
      61.346176695067726
    ], 
    "quaternion_xyzw_worldframe": [
      0.8804465831804315, 
      0.014481652355850104, 
      0.11375989218639511, 
      -0.4600689054154808
    ]
  }, 
  "objects": [
    {
      "bounding_box": {
        "bottom_right": [
          156, 
          623
        ], 
        "top_left": [
          0, 
          379
        ]
      }, 
      "class": "003_cracker_box", 
      "cuboid": [
        [
          -8.308499463104038, 
          -11.318318271788087, 
          56.25378956630181
        ], 
        [
          -7.376890448471146, 
          -20.283636343460543, 
          42.54856092155625
        ], 
        [
          13.235850343781546, 
          -24.17108740104333, 
          46.49269434382988
        ], 
        [
          12.304241329148654, 
          -15.205769329370872, 
          60.19792298857545
        ], 
        [
          -10.126271742129845, 
          -17.187125223119182, 
          59.969325388300554
        ], 
        [
          -9.194662727496953, 
          -26.152443294791638, 
          46.26409674355499
        ], 
        [
          11.41807806475574, 
          -30.039894352374425, 
          50.20823016582862
        ], 
        [
          10.48646905012285, 
          -21.07457628070197, 
          63.91345881057418
        ]
      ], 
      "cuboid_centroid": [
        1.5547893008258513, 
        -20.679106312081256, 
        53.231009866065214
      ], 
      "location": [
        1.5547893008258513, 
        -20.679106312081256, 
        53.231009866065214
      ], 
      "pose_transform_permuted": [
        [
          0.2531716326581612, 
          0.8173826032930523, 
          -0.5174841101435615, 
          0.0
        ], 
        [
          -0.05679295857553379, 
          0.5465457395360427, 
          0.8355012354576372, 
          0.0
        ], 
        [
          -0.9657529105694888, 
          0.18213575823784067, 
          -0.18479145352988646, 
          0.0
        ], 
        [
          1.5547893008258513, 
          -20.679106312081256, 
          53.231009866065214, 
          1.0
        ]
      ], 
      "projected_cuboid": [
        [
          402.17109464607637, 
          165.98210872527113
        ], 
        [
          388.36180660298106, 
          19.043850435945426
        ], 
        [
          634.6913167334205, 
          -3.9809862920534425
        ], 
        [
          591.5141214813121, 
          138.5720136601276
        ], 
        [
          390.79156908745, 
          120.4378874329594
        ], 
        [
          374.72026573193284, 
          -28.191522515408092
        ], 
        [
          603.8923883428552, 
          -45.80186409128415
        ], 
        [
          569.8295921875784, 
          97.43180492992101
        ]
      ], 
      "projected_cuboid_centroid": [
        497.3042620306504, 
        66.1033117668658
      ], 
      "quaternion_xyzw": [
        0.6408640475572547, 
        0.5899451903527259, 
        0.424689476756198, 
        -0.24677275631796555
      ], 
      "visibility": 0.7711906742194207
    }, 
    {
      "bounding_box": {
        "bottom_right": [
          230, 
          415
        ], 
        "top_left": [
          148, 
          324
        ]
      }, 
      "class": "005_tomato_soup_can", 
      "cuboid": [
        [
          -18.153328111682026, 
          -7.711857444019617, 
          63.23110188635265
        ], 
        [
          -12.436115184011564, 
          -10.716271307170373, 
          61.21507426352855
        ], 
        [
          -7.728187986069732, 
          -7.392989210428835, 
          69.61362359107947
        ], 
        [
          -13.445400913740194, 
          -4.388575347278078, 
          71.62965121390357
        ], 
        [
          -19.974343693346324, 
          -13.362473694243937, 
          66.48783105921045
        ], 
        [
          -14.25713076567586, 
          -16.366887557394694, 
          64.47180343638635
        ], 
        [
          -9.549203567734027, 
          -13.043605460653158, 
          72.87035276393729
        ], 
        [
          -15.266416495404489, 
          -10.039191597502398, 
          74.88638038676139
        ]
      ], 
      "cuboid_centroid": [
        -13.851265839708027, 
        -10.377731452336386, 
        68.05072732514496
      ], 
      "location": [
        -13.851265839708027, 
        -10.377731452336386, 
        68.05072732514496
      ], 
      "pose_transform_permuted": [
        [
          0.2689274874376176, 
          0.8344827171979347, 
          -0.48095359674022836, 
          0.0
        ], 
        [
          -0.8450040369442171, 
          0.4440523512298144, 
          0.29796887074687745, 
          0.0
        ], 
        [
          -0.4622185588276791, 
          -0.32627578905749255, 
          -0.8245593449535171, 
          0.0
        ], 
        [
          -13.851265839708027, 
          -10.377731452336386, 
          68.05072732514496, 
          1.0
        ]
      ], 
      "projected_cuboid": [
        [
          327.2077516463338, 
          208.2412600276831
        ], 
        [
          372.34791196574304, 
          179.92395669818308
        ], 
        [
          421.89695284384123, 
          216.64782675365305
        ], 
        [
          380.6548937055702, 
          240.61133804312811
        ], 
        [
          320.04144084910274, 
          166.1019782324021
        ], 
        [
          362.67730085589596, 
          137.8974037449262
        ], 
        [
          411.12646092593974, 
          177.82370620594455
        ], 
        [
          371.9679292002155, 
          201.79025987981998
        ]
      ], 
      "projected_cuboid_centroid": [
        372.13883606723175, 
        191.95533653846329
      ], 
      "quaternion_xyzw": [
        0.27824167079891715, 
        0.8142839527373018, 
        0.5093561209742639, 
        -0.008916233462428608
      ], 
      "visibility": 0.94136460554371
    }, 
    {
      "bounding_box": {
        "bottom_right": [
          205, 
          567
        ], 
        "top_left": [
          122, 
          474
        ]
      }, 
      "class": "010_potted_meat_can", 
      "cuboid": [
        [
          11.024831817994402, 
          -11.614124819302582, 
          63.80498770916615
        ], 
        [
          1.7590168836672149, 
          -12.277969840272874, 
          59.67885076665544
        ], 
        [
          0.19681526265747235, 
          -19.073579081700277, 
          64.2803224905218
        ], 
        [
          9.462630196984659, 
          -18.40973406072999, 
          68.40645943303252
        ], 
        [
          8.915689388279729, 
          -8.284848599215364, 
          68.00572079758052
        ], 
        [
          -0.350125546047457, 
          -8.948693620185654, 
          63.8795838550698
        ], 
        [
          -1.912327167057199, 
          -15.744302861613061, 
          68.48105557893616
        ], 
        [
          7.3534877672699865, 
          -15.080457840642769, 
          72.60719252144689
        ]
      ], 
      "cuboid_centroid": [
        4.556252325468601, 
        -13.679213840457821, 
        66.14302164405116
      ], 
      "location": [
        4.556252325468601, 
        -13.679213840457821, 
        66.14302164405116
      ], 
      "pose_transform_permuted": [
        [
          0.36616421082633227, 
          -0.5779893204822719, 
          -0.7292812920270113, 
          0.0
        ], 
        [
          0.9115680089409787, 
          0.06530886795174391, 
          0.405928076910747, 
          0.0
        ], 
        [
          0.18699372850364712, 
          0.8134265721008533, 
          -0.5507908471466824, 
          0.0
        ], 
        [
          4.556252325468601, 
          -13.679213840457821, 
          66.14302164405116, 
          1.0
        ]
      ], 
      "projected_cuboid": [
        [
          574.5170439810606, 
          176.20885753799442
        ], 
        [
          497.44750816304315, 
          163.5645565209469
        ], 
        [
          483.24360979809643, 
          115.03728142342437
        ], 
        [
          555.9856879093363, 
          129.75810840130353
        ], 
        [
          552.0990341083715, 
          208.31447460574967
        ], 
        [
          478.64957150546553, 
          198.57544464883637
        ], 
        [
          466.5800584622302, 
          150.67240815399632
        ], 
        [
          536.0605594285942, 
          162.51647223036034
        ]
      ], 
      "projected_cuboid_centroid": [
        518.6408644491065, 
        162.9892996308486
      ], 
      "quaternion_xyzw": [
        0.9292841160093134, 
        -0.032736183276881624, 
        0.20771157992367467, 
        0.30366928374831964
      ], 
      "visibility": 0.7491231000501085
    }, 
    {
      "bounding_box": {
        "bottom_right": [
          61, 
          482
        ], 
        "top_left": [
          0, 
          257
        ]
      }, 
      "class": "037_scissors", 
      "cuboid": [
        [
          -20.083621829473223, 
          -21.16320863362267, 
          51.99083592544655
        ], 
        [
          -0.23401239835027787, 
          -23.768656911929956, 
          55.09951311737107
        ], 
        [
          0.2414169359003765, 
          -28.730970513902353, 
          47.904767411024835
        ], 
        [
          -19.60819249522257, 
          -26.125522235595067, 
          44.79609021910031
        ], 
        [
          -19.78195321756967, 
          -19.88941228183347, 
          51.13221578814149
        ], 
        [
          0.06765621355327989, 
          -22.494860560140758, 
          54.240892980066
        ], 
        [
          0.5430855478039343, 
          -27.45717416211316, 
          47.046147273719775
        ], 
        [
          -19.306523883319013, 
          -24.851725883805866, 
          43.937470081795254
        ]
      ], 
      "cuboid_centroid": [
        -9.770268140834645, 
        -24.31019139786791, 
        49.51849159958316
      ], 
      "location": [
        -9.770268140834645, 
        -24.31019139786791, 
        49.51849159958316
      ], 
      "pose_transform_permuted": [
        [
          -0.19269792900708646, 
          -0.8136674127868261, 
          0.5484638299570933, 
          0.0
        ], 
        [
          -0.9797534759959393, 
          0.12860187582314506, 
          -0.15344066567686818, 
          0.0
        ], 
        [
          -0.054316156764660596, 
          0.5669271626770048, 
          0.8219748078517591, 
          0.0
        ], 
        [
          -9.770268140834645, 
          -24.31019139786791, 
          49.51849159958316, 
          1.0
        ]
      ], 
      "projected_cuboid": [
        [
          273.86336035582457, 
          56.19532553713992
        ], 
        [
          479.31313880932987, 
          43.22479188567858
        ], 
        [
          484.30714053808606, 
          -46.57284234091786
        ], 
        [
          246.20642837644473, 
          -37.75071015043701
        ], 
        [
          273.54775070566984, 
          65.83585538992251
        ], 
        [
          482.26783751437165, 
          52.10747918835306
        ], 
        [
          487.80484345818206, 
          -37.970589918932234
        ], 
        [
          245.29866970495425, 
          -28.367427637455304
        ]
      ], 
      "projected_cuboid_centroid": [
        375.49329895916713, 
        11.463111533792661
      ], 
      "quaternion_xyzw": [
        -0.09837382724592128, 
        -0.46485537215562633, 
        0.8796511337783346, 
        0.02111226718352753
      ], 
      "visibility": 0.440453252824677
    }, 
    {
      "bounding_box": {
        "bottom_right": [
          205, 
          471
        ], 
        "top_left": [
          141, 
          403
        ]
      }, 
      "class": "061_foam_brick", 
      "cuboid": [
        [
          -1.3384027042465088, 
          -12.724146690808297, 
          64.35885294833199
        ], 
        [
          -8.980796587576133, 
          -11.3244225864413, 
          63.83142207773063
        ], 
        [
          -9.938071685468131, 
          -15.488597024197345, 
          66.65108641740404
        ], 
        [
          -2.2956778021385063, 
          -16.888321128564346, 
          67.1785172880054
        ], 
        [
          -1.1076222361070607, 
          -9.81652858738307, 
          68.73127033248691
        ], 
        [
          -8.750016119436685, 
          -8.416804483016069, 
          68.20383946188556
        ], 
        [
          -9.707291217328684, 
          -12.580978920772118, 
          71.02350380155899
        ], 
        [
          -2.0648973339990584, 
          -13.980703025139116, 
          71.55093467216034
        ]
      ], 
      "cuboid_centroid": [
        -5.522846960787596, 
        -12.652562805790208, 
        67.69117837494548
      ], 
      "location": [
        -5.522846960787596, 
        -12.652562805790208, 
        67.69117837494548
      ], 
      "pose_transform_permuted": [
        [
          -0.043908003481163416, 
          -0.5531997869505407, 
          -0.8318906676650333, 
          0.0
        ], 
        [
          0.981379421911774, 
          -0.1797421663094375, 
          0.0677287523766914, 
          0.0
        ], 
        [
          0.1869933621239292, 
          0.8134265482317793, 
          -0.550791006783265, 
          0.0
        ], 
        [
          -5.522846960787596, 
          -12.652562805790208, 
          67.69117837494548, 
          1.0
        ]
      ], 
      "projected_cuboid": [
        [
          470.41376203159143, 
          167.84592960393215
        ], 
        [
          405.9360686303852, 
          178.66955880619247
        ], 
        [
          401.4132694671859, 
          149.35199238198348
        ], 
        [
          463.22016874951674, 
          139.21283781129864
        ], 
        [
          472.9308625774362, 
          197.11528566666175
        ], 
        [
          412.60617560936817, 
          207.4713772231665
        ], 
        [
          408.0970071859092, 
          178.81524221633015
        ], 
        [
          466.0776703506963, 
          169.07849731823097
        ]
      ], 
      "projected_cuboid_centroid": [
        437.7215089128209, 
        173.6005865232708
      ], 
      "quaternion_xyzw": [
        0.9521943916302734, 
        -0.09628693774531442, 
        0.006254171707193094, 
        0.28985436257496705
      ], 
      "visibility": 0.8355300859598854
    }
  ]
}