{
  "camera_data": {
    "location_worldframe": [
      -26.778155189512365, 
      -13.652685075357631, 
      76.085749328383
    ], 
    "quaternion_xyzw_worldframe": [
      0.9305945981928643, 
      0.018562273163484834, 
      0.026191480046343845, 
      -0.3646470095617216
    ]
  }, 
  "objects": [
    {
      "bounding_box": {
        "bottom_right": [
          214, 
          502
        ], 
        "top_left": [
          62, 
          308
        ]
      }, 
      "class": "003_cracker_box", 
      "cuboid": [
        [
          -18.1941527197642, 
          -6.562696380427589, 
          67.83695347891086
        ], 
        [
          -18.610469439261795, 
          -18.277878062656676, 
          56.36266420991528
        ], 
        [
          2.608111995994528, 
          -20.232848381365503, 
          57.588812681658695
        ], 
        [
          3.024428715492121, 
          -8.517666699136413, 
          69.06310195065427
        ], 
        [
          -18.948760737795865, 
          -11.545183124091409, 
          72.95142218282129
        ], 
        [
          -19.365077457293463, 
          -23.2603648063205, 
          61.47713291382571
        ], 
        [
          1.8535039779628615, 
          -25.21533512502932, 
          62.703281385569134
        ], 
        [
          2.269820697460455, 
          -13.500153442800233, 
          74.1775706545647
        ]
      ], 
      "cuboid_centroid": [
        -8.17032437090067, 
        -15.889015752728456, 
        65.27011743224
      ], 
      "location": [
        -8.17032437090067, 
        -15.889015752728456, 
        65.27011743224
      ], 
      "pose_transform_permuted": [
        [
          0.1050986122664399, 
          0.6939396744827938, 
          -0.7123215635360076, 
          0.0
        ], 
        [
          0.025379593620662777, 
          0.7141835443121715, 
          0.6994982067606422, 
          0.0
        ], 
        [
          -0.9941378968369119, 
          0.09159472262318558, 
          -0.05744779247510816, 
          0.0
        ], 
        [
          -8.17032437090067, 
          -15.889015752728456, 
          65.27011743224, 
          1.0
        ]
      ], 
      "projected_cuboid": [
        [
          337.36652563459984, 
          221.69202616161263
        ], 
        [
          304.0319919432876, 
          100.33604945725685
        ], 
        [
          505.95160466412904, 
          85.9137868750127
        ], 
        [
          505.1469661145391, 
          207.5113508660361
        ], 
        [
          341.915601596984, 
          188.88417724411588
        ], 
        [
          312.2033227550454, 
          71.50080928936434
        ], 
        [
          497.49333042632753, 
          58.818782526832806
        ], 
        [
          498.052554067264, 
          176.22355595969046
        ]
      ], 
      "projected_cuboid_centroid": [
        414.28132595383704, 
        143.4580101403129
      ], 
      "quaternion_xyzw": [
        0.6762573252431089, 
        0.6315352815346421, 
        0.2974447702795072, 
        -0.23529944085222002
      ], 
      "visibility": 0.9956017437334579
    }, 
    {
      "bounding_box": {
        "bottom_right": [
          286, 
          372
        ], 
        "top_left": [
          213, 
          291
        ]
      }, 
      "class": "005_tomato_soup_can", 
      "cuboid": [
        [
          -27.13680010204813, 
          -1.968794909559184, 
          75.42222883891498
        ], 
        [
          -21.56310670988918, 
          -5.073893785901425, 
          73.17063015448066
        ], 
        [
          -15.93053714903106, 
          0.23678765075999253, 
          79.78993797504195
        ], 
        [
          -21.504230541190008, 
          3.341886527102232, 
          82.04153665947626
        ], 
        [
          -27.98143898755079, 
          -6.840090098641169, 
          80.04920571320665
        ], 
        [
          -22.40774559539184, 
          -9.945188974983408, 
          77.79760702877235
        ], 
        [
          -16.77517603453372, 
          -4.6345075383219925, 
          84.41691484933364
        ], 
        [
          -22.34886942669267, 
          -1.529408661979752, 
          86.66851353376795
        ]
      ], 
      "cuboid_centroid": [
        -21.955988068290925, 
        -3.3016512239405884, 
        79.9195718441243
      ], 
      "location": [
        -21.955988068290925, 
        -3.3016512239405884, 
        79.9195718441243
      ], 
      "pose_transform_permuted": [
        [
          0.12473622716766786, 
          0.7193926229722265, 
          -0.6833117068103227, 
          0.0
        ], 
        [
          -0.8237918504432323, 
          0.45893359558487673, 
          0.33278627226160046, 
          0.0
        ], 
        [
          -0.5529988199593777, 
          -0.5213962359315303, 
          -0.6498755806152187, 
          0.0
        ], 
        [
          -21.955988068290925, 
          -3.3016512239405884, 
          79.9195718441243, 
          1.0
        ]
      ], 
      "projected_cuboid": [
        [
          288.1104156504282, 
          259.3649541635116
        ], 
        [
          323.1200561721184, 
          236.3043920953252
        ], 
        [
          374.22927460852594, 
          274.8692374346282
        ], 
        [
          340.64162278983395, 
          295.01082060960033
        ], 
        [
          293.62005021095666, 
          227.71514264079994
        ], 
        [
          326.7069669258901, 
          205.11009604107042
        ], 
        [
          374.7335799551121, 
          244.00717337834797
        ], 
        [
          342.9259724533428, 
          263.8752355735824
        ]
      ], 
      "projected_cuboid_centroid": [
        333.8592861483246, 
        251.2539467913468
      ], 
      "quaternion_xyzw": [
        0.2907419762902089, 
        0.8701292710260191, 
        0.39340941891681874, 
        -0.05977561381443039
      ], 
      "visibility": 0.8285876993166287
    }, 
    {
      "bounding_box": {
        "bottom_right": [
          268, 
          492
        ], 
        "top_left": [
          195, 
          416
        ]
      }, 
      "class": "010_potted_meat_can", 
      "cuboid": [
        [
          2.0148835666249005, 
          -4.282296082553742, 
          71.99402090120681
        ], 
        [
          -7.681467626392818, 
          -6.271924267980558, 
          69.68248982790529
        ], 
        [
          -7.97561658090107, 
          -11.949895067470804, 
          75.80363717828808
        ], 
        [
          1.7207346121166491, 
          -9.960266882043987, 
          78.11516825158962
        ], 
        [
          0.2985252208029643, 
          -0.21024225130970367, 
          75.68877556731637
        ], 
        [
          -9.397825972214754, 
          -2.1998704367365187, 
          73.37724449401483
        ], 
        [
          -9.691974926723006, 
          -7.877841236226764, 
          79.49839184439764
        ], 
        [
          0.004376266294713049, 
          -5.888213050799948, 
          81.80992291769917
        ]
      ], 
      "cuboid_centroid": [
        -3.8385456800490525, 
        -6.080068659390253, 
        75.74620637280222
      ], 
      "location": [
        -3.8385456800490525, 
        -6.080068659390253, 
        75.74620637280222
      ], 
      "pose_transform_permuted": [
        [
          0.29797371213005214, 
          -0.7069415306208252, 
          -0.6414393392559711, 
          0.0
        ], 
        [
          0.9539240329812888, 
          0.19573900583781406, 
          0.2274077124385914, 
          0.0
        ], 
        [
          0.03520928988883992, 
          0.6796465423235489, 
          -0.7326942632593539, 
          0.0
        ], 
        [
          -3.8385456800490525, 
          -6.080068659390253, 
          75.74620637280222, 
          1.0
        ]
      ], 
      "projected_cuboid": [
        [
          496.6473728537191, 
          241.56400973291645
        ], 
        [
          422.3165109100476, 
          225.2839473084933
        ], 
        [
          425.01667564819365, 
          189.21256351853367
        ], 
        [
          493.4430291121814, 
          205.28431126028931
        ], 
        [
          483.71807213812076, 
          271.8051253281981
        ], 
        [
          412.7226832055968, 
          257.29746681310405
        ], 
        [
          416.0360526342606, 
          220.43758208536713
        ], 
        [
          481.6258357738261, 
          234.90122703285186
        ]
      ], 
      "projected_cuboid_centroid": [
        454.34512018142044, 
        230.47753356583908
      ], 
      "quaternion_xyzw": [
        0.9048494231860914, 
        0.04435260492948327, 
        0.14515714192498125, 
        0.3977556256849444
      ], 
      "visibility": 0.8499217177365243
    }, 
    {
      "bounding_box": {
        "bottom_right": [
          137, 
          401
        ], 
        "top_left": [
          66, 
          224
        ]
      }, 
      "class": "037_scissors", 
      "cuboid": [
        [
          -29.63717144044149, 
          -17.643955287292336, 
          67.73815362694062
        ], 
        [
          -9.400450923644255, 
          -18.570030748572584, 
          68.01520262568145
        ], 
        [
          -9.611628421695219, 
          -24.96997100598371, 
          62.04769695906839
        ], 
        [
          -29.848348938492453, 
          -24.04389554470346, 
          61.77064796032754
        ], 
        [
          -29.572730963355426, 
          -16.578380900223937, 
          66.59308232437392
        ], 
        [
          -9.33601044655819, 
          -17.50445636150419, 
          66.87013132311476
        ], 
        [
          -9.547187944609153, 
          -23.904396618915314, 
          60.9026256565017
        ], 
        [
          -29.783908461406387, 
          -22.97832115763506, 
          60.625576657760845
        ]
      ], 
      "cuboid_centroid": [
        -19.59217969252532, 
        -20.774175953103825, 
        64.32038964172115
      ], 
      "location": [
        -19.59217969252532, 
        -20.774175953103825, 
        64.32038964172115
      ], 
      "pose_transform_permuted": [
        [
          -0.04116287206798752, 
          -0.6806607299824765, 
          0.7314412566083943, 
          0.0
        ], 
        [
          -0.9988608258459203, 
          0.045710000258304226, 
          -0.013674814130697346, 
          0.0
        ], 
        [
          0.024126298616772984, 
          0.731171034816153, 
          0.6817668787573566, 
          0.0
        ], 
        [
          -19.59217969252532, 
          -20.774175953103825, 
          64.32038964172115, 
          1.0
        ]
      ], 
      "projected_cuboid": [
        [
          246.3115831882191, 
          134.37122400443008
        ], 
        [
          407.27215257433375, 
          127.67554696801479
        ], 
        [
          398.2936078783614, 
          58.6617383294555
        ], 
        [
          221.74277615033995, 
          65.69473227547157
        ], 
        [
          242.78621869426226, 
          140.51636302102844
        ], 
        [
          406.51765190082887, 
          133.68057062889395
        ], 
        [
          397.2963662596934, 
          63.95758535693295
        ], 
        [
          217.40635679830712, 
          71.14761679735341
        ]
      ], 
      "projected_cuboid_centroid": [
        317.79256903462294, 
        101.03517380675638
      ], 
      "quaternion_xyzw": [
        -0.01473732444908038, 
        -0.3661448740859746, 
        0.9302517290054435, 
        0.018768118536511894
      ], 
      "visibility": 0.7323308270676692
    }, 
    {
      "bounding_box": {
        "bottom_right": [
          263, 
          417
        ], 
        "top_left": [
          212, 
          357
        ]
      }, 
      "class": "061_foam_brick", 
      "cuboid": [
        [
          -9.992552610761765, 
          -5.818374949478788, 
          74.79608030370375
        ], 
        [
          -17.715455940151582, 
          -4.92772032973529, 
          75.25115576205391
        ], 
        [
          -17.895690403685492, 
          -8.407035024153751, 
          79.00203781097113
        ], 
        [
          -10.172787074295675, 
          -9.29768964389725, 
          78.54696235262097
        ], 
        [
          -9.343352772768402, 
          -2.0100420697431773, 
          78.35988118037673
        ], 
        [
          -17.066256102158217, 
          -1.1193874499996785, 
          78.8149566387269
        ], 
        [
          -17.246490565692127, 
          -4.59870214441814, 
          82.56583868764412
        ], 
        [
          -9.523587236302312, 
          -5.489356764161639, 
          82.11076322929395
        ]
      ], 
      "cuboid_centroid": [
        -13.619521588226945, 
        -5.208538546948464, 
        78.68095949567393
      ], 
      "location": [
        -13.619521588226945, 
        -5.208538546948464, 
        78.68095949567393
      ], 
      "pose_transform_permuted": [
        [
          -0.12351594992588097, 
          -0.7245686547434361, 
          -0.678044301411932, 
          0.0
        ], 
        [
          0.9917178466042428, 
          -0.11437124665264078, 
          -0.05843740810272802, 
          0.0
        ], 
        [
          0.03520685786251493, 
          0.679646586471534, 
          -0.7326943391736017, 
          0.0
        ], 
        [
          -13.619521588226945, 
          -5.208538546948464, 
          78.68095949567393, 
          1.0
        ]
      ], 
      "projected_cuboid": [
        [
          409.7532610022555, 
          231.79969414964958
        ], 
        [
          354.99788710454186, 
          238.3628251743076
        ], 
        [
          359.7817509186763, 
          216.53311061396744
        ], 
        [
          411.9500874067886, 
          210.15691696468448
        ], 
        [
          417.4760054790226, 
          259.6061344044534
        ], 
        [
          365.1519317581918, 
          265.7119446085386
        ], 
        [
          369.26802106962225, 
          243.58202640894692
        ], 
        [
          419.22470359871807, 
          237.63248550155353
        ]
      ], 
      "projected_cuboid_centroid": [
        388.5111599212935, 
        237.98173711735677
      ], 
      "quaternion_xyzw": [
        0.9150694966077315, 
        -0.04086523074740745, 
        -0.04971025662617187, 
        0.3981290490283198
      ], 
      "visibility": 0.9695945945945946
    }
  ]
}