{
  "camera_data": {
    "location_worldframe": [
      -21.832115316832006, 
      -18.65585228547335, 
      64.6148475206593
    ], 
    "quaternion_xyzw_worldframe": [
      0.8995590896475593, 
      0.011821599777846931, 
      0.08390068521744415, 
      -0.42850313803646156
    ]
  }, 
  "objects": [
    {
      "bounding_box": {
        "bottom_right": [
          164, 
          572
        ], 
        "top_left": [
          0, 
          340
        ]
      }, 
      "class": "003_cracker_box", 
      "cuboid": [
        [
          -12.135834132238552, 
          -10.977968863937061, 
          58.36757184889546
        ], 
        [
          -11.844597145903442, 
          -20.917354299688682, 
          45.321426293041995
        ], 
        [
          9.025526160406447, 
          -24.237119901770576, 
          48.31653174578486
        ], 
        [
          8.734289174071339, 
          -14.297734466018957, 
          61.36267730163832
        ], 
        [
          -13.63452480307887, 
          -16.579566204213936, 
          62.601769653141496
        ], 
        [
          -13.343287816743763, 
          -26.518951639965554, 
          49.555624097288025
        ], 
        [
          7.526835489566127, 
          -29.83871724204745, 
          52.550729550030894
        ], 
        [
          7.235598503231019, 
          -19.89933180629583, 
          65.59687510588435
        ]
      ], 
      "cuboid_centroid": [
        -2.3044993213362117, 
        -20.408343052992254, 
        55.45915069946318
      ], 
      "location": [
        -2.3044993213362117, 
        -20.408343052992254, 
        55.45915069946318
      ], 
      "pose_transform_permuted": [
        [
          0.20873129619379127, 
          0.780166779136682, 
          -0.5897211567518631, 
          0.0
        ], 
        [
          -0.01775445475601256, 
          0.6059270535733768, 
          0.7953220637478899, 
          0.0
        ], 
        [
          -0.9778118557910701, 
          0.1555384276614038, 
          -0.14032737507358198, 
          0.0
        ], 
        [
          -2.3044993213362117, 
          -20.408343052992254, 
          55.45915069946318, 
          1.0
        ]
      ], 
      "projected_cuboid": [
        [
          369.7847268076168, 
          172.97800032737976
        ], 
        [
          341.05431324382505, 
          27.141710057831236
        ], 
        [
          582.051365721824, 
          5.756352841252358
        ], 
        [
          558.141748153893, 
          149.02107042001
        ], 
        [
          364.47327404445633, 
          132.0412123910898
        ], 
        [
          336.7993756415446, 
          -12.11146663245826
        ], 
        [
          558.6209530643575, 
          -29.536512776402404
        ], 
        [
          540.9145978242842, 
          111.49981678187633
        ]
      ], 
      "projected_cuboid_centroid": [
        459.25131014065806, 
        77.03093592186535
      ], 
      "quaternion_xyzw": [
        0.6571729471108146, 
        0.6024817806055366, 
        0.3819593321498878, 
        -0.2434060192511273
      ], 
      "visibility": 0.8683519546200564
    }, 
    {
      "bounding_box": {
        "bottom_right": [
          241, 
          394
        ], 
        "top_left": [
          160, 
          304
        ]
      }, 
      "class": "005_tomato_soup_can", 
      "cuboid": [
        [
          -21.621111583785517, 
          -6.993735830567394, 
          65.63153856022724
        ], 
        [
          -15.979296990501545, 
          -10.064759612839115, 
          63.5064186292271
        ], 
        [
          -10.851270631213893, 
          -6.070416341486478, 
          71.34816465240334
        ], 
        [
          -16.493085224497865, 
          -2.9993925592147557, 
          73.4732845834035
        ], 
        [
          -23.15332950001647, 
          -12.411650400932983, 
          69.39323453766981
        ], 
        [
          -17.511514906732497, 
          -15.482674183204706, 
          67.26811460666966
        ], 
        [
          -12.383488547444845, 
          -11.488330911852069, 
          75.10986062984591
        ], 
        [
          -18.025303140728816, 
          -8.417307129580347, 
          77.23498056084605
        ]
      ], 
      "cuboid_centroid": [
        -17.00230006561518, 
        -9.241033371209731, 
        70.37069959503658
      ], 
      "location": [
        -17.00230006561518, 
        -9.241033371209731, 
        70.37069959503658
      ], 
      "pose_transform_permuted": [
        [
          0.22627786306051179, 
          0.800117345085233, 
          -0.5555270684687175, 
          0.0
        ], 
        [
          -0.8338601635671912, 
          0.45389729688249936, 
          0.3140927132510052, 
          0.0
        ], 
        [
          -0.5034633828782443, 
          -0.3921597579407735, 
          -0.769893074623112, 
          0.0
        ], 
        [
          -17.00230006561518, 
          -9.241033371209731, 
          70.37069959503658, 
          1.0
        ]
      ], 
      "projected_cuboid": [
        [
          304.44053597407793, 
          216.45568562309023
        ], 
        [
          346.2864794478904, 
          188.7638469322698
        ], 
        [
          399.80908028281857, 
          227.91085202385932
        ], 
        [
          360.8812493752843, 
          251.51488589704786
        ], 
        [
          302.1699595147049, 
          177.89717816281703
        ], 
        [
          341.60410706596116, 
          150.53576088528823
        ], 
        [
          392.9350146148473, 
          191.71333571661177
        ], 
        [
          356.092286567753, 
          215.1637198338376
        ]
      ], 
      "projected_cuboid_centroid": [
        351.6676347202149, 
        203.25136575825292
      ], 
      "quaternion_xyzw": [
        0.2870135432496797, 
        0.8338985234992148, 
        0.4706838948221927, 
        -0.026326599614903887
      ], 
      "visibility": 0.9072463768115943
    }, 
    {
      "bounding_box": {
        "bottom_right": [
          216, 
          538
        ], 
        "top_left": [
          135, 
          450
        ]
      }, 
      "class": "010_potted_meat_can", 
      "cuboid": [
        [
          7.604130245823412, 
          -10.4665297477843, 
          64.76742034485598
        ], 
        [
          -1.8720569539822998, 
          -11.55241509835665, 
          61.254052752777085
        ], 
        [
          -3.048475830276846, 
          -18.009545304920582, 
          66.42278847975889
        ], 
        [
          6.4277113695288675, 
          -16.92365995434823, 
          69.93615607183779
        ], 
        [
          5.684598118892151, 
          -6.863838290102418, 
          68.83125241483438
        ], 
        [
          -3.7915890809135626, 
          -7.949723640674769, 
          65.31788482275549
        ], 
        [
          -4.968007957208108, 
          -14.406853847238704, 
          70.4866205497373
        ], 
        [
          4.508179242597604, 
          -13.320968496666353, 
          73.99998814181619
        ]
      ], 
      "cuboid_centroid": [
        1.3180611443076522, 
        -12.4366917975115, 
        67.62702044729664
      ], 
      "location": [
        1.3180611443076522, 
        -12.4366917975115, 
        67.62702044729664
      ], 
      "pose_transform_permuted": [
        [
          0.33324632633210144, 
          -0.6254564205184164, 
          -0.7055141662650461, 
          0.0
        ], 
        [
          0.9322643673873594, 
          0.10682906511463686, 
          0.345644017637793, 
          0.0
        ], 
        [
          0.1408159798337683, 
          0.7729110228284578, 
          -0.618691692698166, 
          0.0
        ], 
        [
          1.3180611443076522, 
          -12.4366917975115, 
          67.62702044729664, 
          1.0
        ]
      ], 
      "projected_cuboid": [
        [
          544.7341774198511, 
          187.10114951582764
        ], 
        [
          465.1618321913905, 
          172.70332874070007
        ], 
        [
          456.9163736991386, 
          128.68491232025133
        ], 
        [
          531.0220316160911, 
          144.22998441117528
        ], 
        [
          526.0096319653987, 
          220.1040191777728
        ], 
        [
          450.3808075344302, 
          208.37715964079712
        ], 
        [
          443.6946147300653, 
          164.2806411361568
        ], 
        [
          514.3583795314483, 
          177.2820176501204
        ]
      ], 
      "projected_cuboid_centroid": [
        492.0781734385977, 
        175.20841415449723
      ], 
      "quaternion_xyzw": [
        0.9234026148545477, 
        -0.009201542797364995, 
        0.1838012837111231, 
        0.3368379332054843
      ], 
      "visibility": 0.7776996130847696
    }, 
    {
      "bounding_box": {
        "bottom_right": [
          72, 
          443
        ], 
        "top_left": [
          0, 
          224
        ]
      }, 
      "class": "037_scissors", 
      "cuboid": [
        [
          -23.966890522861323, 
          -21.261550130540822, 
          55.53525328103795
        ], 
        [
          -3.9288645651570544, 
          -23.37439076112216, 
          57.65011719410319
        ], 
        [
          -3.785178088438855, 
          -28.84751115610738, 
          50.820822761031856
        ], 
        [
          -23.823204046143125, 
          -26.734670525526038, 
          48.705958847966635
        ], 
        [
          -23.737325757748884, 
          -20.05079779546309, 
          54.56976457621137
        ], 
        [
          -3.699299800044616, 
          -22.16363842604443, 
          56.68462848927659
        ], 
        [
          -3.555613323326416, 
          -27.63675882102965, 
          49.855334056205265
        ], 
        [
          -23.593639281030686, 
          -25.52391819044831, 
          47.74047014314004
        ]
      ], 
      "cuboid_centroid": [
        -13.76125192309387, 
        -24.449154475785235, 
        52.69529366862161
      ], 
      "location": [
        -13.76125192309387, 
        -24.449154475785235, 
        52.69529366862161
      ], 
      "pose_transform_permuted": [
        [
          -0.14663989909665376, 
          -0.7733965626644683, 
          0.616728643811635, 
          0.0
        ], 
        [
          -0.9890534950967529, 
          0.10428733921544026, 
          -0.10438720606941475, 
          0.0
        ], 
        [
          -0.016415682904145013, 
          0.6252850717224535, 
          0.7802232641016641, 
          0.0
        ], 
        [
          -13.76125192309387, 
          -24.449154475785235, 
          52.69529366862161, 
          1.0
        ]
      ], 
      "projected_cuboid": [
        [
          249.5186939965787, 
          69.10630320677711
        ], 
        [
          444.94836660977546, 
          57.05071844911636
        ], 
        [
          441.5439478394007, 
          -29.442575587677076
        ], 
        [
          218.56432673170465, 
          -19.452249594793468
        ], 
        [
          247.6748638070226, 
          77.32668355342285
        ], 
        [
          446.502011124709, 
          64.75906374439208
        ], 
        [
          443.24448472013916, 
          -22.35333634006621
        ], 
        [
          215.83072417331778, 
          -11.84692152179715
        ]
      ], 
      "projected_cuboid_centroid": [
        341.1612614767255, 
        25.841045867646024
      ], 
      "quaternion_xyzw": [
        -0.06982607429412242, 
        -0.43215721018184805, 
        0.898758478490028, 
        0.02444251109011101
      ], 
      "visibility": 0.5408487887650294
    }, 
    {
      "bounding_box": {
        "bottom_right": [
          216, 
          448
        ], 
        "top_left": [
          155, 
          382
        ]
      }, 
      "class": "061_foam_brick", 
      "cuboid": [
        [
          -4.685460946725, 
          -11.691951474457156, 
          66.12855184458884
        ], 
        [
          -12.368489495973812, 
          -10.433595200461946, 
          65.95189693045427
        ], 
        [
          -13.08936808308492, 
          -14.390357827176913, 
          69.11916624770649
        ], 
        [
          -5.406339533836109, 
          -15.648714101172123, 
          69.29582116184105
        ], 
        [
          -4.25215422697792, 
          -8.466900383454485, 
          70.2561210067163
        ], 
        [
          -11.935182776226732, 
          -7.208544109459275, 
          70.07946609258173
        ], 
        [
          -12.65606136333784, 
          -11.165306736174243, 
          73.24673540983395
        ], 
        [
          -4.973032814089028, 
          -12.423663010169452, 
          73.42339032396852
        ]
      ], 
      "cuboid_centroid": [
        -8.67076115503142, 
        -11.428629105315698, 
        69.68764362721139
      ], 
      "location": [
        -8.67076115503142, 
        -11.428629105315698, 
        69.68764362721139
      ], 
      "pose_transform_permuted": [
        [
          -0.08244039503191467, 
          -0.6135941904975711, 
          -0.7853061509084287, 
          0.0
        ], 
        [
          0.9865974236999749, 
          -0.1615887602216131, 
          0.02268471112034942, 
          0.0
        ], 
        [
          0.14081585427626186, 
          0.7729108887560532, 
          -0.6186918887675624, 
          0.0
        ], 
        [
          -8.67076115503142, 
          -11.428629105315698, 
          69.68764362721139, 
          1.0
        ]
      ], 
      "projected_cuboid": [
        [
          443.4944306292013, 
          178.9922201280951
        ], 
        [
          380.74585912709443, 
          188.91533863360635
        ], 
        [
          379.7585841626284, 
          162.25134970139325
        ], 
        [
          439.6416550484398, 
          152.84975634477757
        ], 
        [
          449.0496482041247, 
          209.01365017392484
        ], 
        [
          390.01087130633016, 
          218.4279901915772
        ], 
        [
          388.67860153820493, 
          191.99039964576056
        ], 
        [
          445.173824484446, 
          183.04577480219254
        ]
      ], 
      "projected_cuboid_centroid": [
        414.6867373229299, 
        185.82323181384683
      ], 
      "quaternion_xyzw": [
        0.9413838833553049, 
        -0.08030852764868796, 
        -0.015869106367792936, 
        0.32725387088447583
      ], 
      "visibility": 0.9582825822168087
    }
  ]
}