{
  "camera_data": {
    "location_worldframe": [
      -14.348014165914687, 
      -18.495536491290192, 
      60.55746876137831
    ], 
    "quaternion_xyzw_worldframe": [
      0.8601341793296026, 
      0.023446721312893597, 
      0.14019388150280587, 
      -0.4898674360919543
    ]
  }, 
  "objects": [
    {
      "bounding_box": {
        "bottom_right": [
          167, 
          676
        ], 
        "top_left": [
          0, 
          430
        ]
      }, 
      "class": "003_cracker_box", 
      "cuboid": [
        [
          -3.9283834467407965, 
          -10.247064649971833, 
          56.634240470282535
        ], 
        [
          -2.1882584006881283, 
          -18.23712188507144, 
          42.4142170564098
        ], 
        [
          18.161690734367138, 
          -22.45649743933508, 
          47.27528558906199
        ], 
        [
          16.42156568831447, 
          -14.466440204235473, 
          61.495309002934725
        ], 
        [
          -5.955354470325844, 
          -16.35496813093597, 
          59.818153325829215
        ], 
        [
          -4.215229424273176, 
          -24.345025366035575, 
          45.598129911956484
        ], 
        [
          16.13471971078209, 
          -28.564400920299214, 
          50.45919844460867
        ], 
        [
          14.394594664729421, 
          -20.574343685199608, 
          64.67922185848141
        ]
      ], 
      "cuboid_centroid": [
        6.103168132020646, 
        -19.405732785135523, 
        53.546719457445604
      ], 
      "location": [
        6.103168132020646, 
        -19.405732785135523, 
        53.546719457445604
      ], 
      "pose_transform_permuted": [
        [
          0.28230794875298315, 
          0.8506829564057861, 
          -0.44344191248865317, 
          0.0
        ], 
        [
          -0.10608189498430459, 
          0.4870916687597434, 
          0.8668842701199435, 
          0.0
        ], 
        [
          -0.9534405349194158, 
          0.19768716171152767, 
          -0.22775190990860705, 
          0.0
        ], 
        [
          6.103168132020646, 
          -19.405732785135523, 
          53.546719457445604, 
          1.0
        ]
      ], 
      "projected_cuboid": [
        [
          444.2955488912246, 
          176.79084557926808
        ], 
        [
          453.8524421589994, 
          43.971583775112045
        ], 
        [
          688.1892379059102, 
          19.95142419840922
        ], 
        [
          625.2003339304198, 
          147.8259787162568
        ], 
        [
          428.05854995438335, 
          127.47085659693781
        ], 
        [
          431.88453230778873, 
          -11.454937284648791
        ], 
        [
          653.5512809491721, 
          -28.61985098093494
        ], 
        [
          601.2783955054817, 
          103.63854156275724
        ]
      ], 
      "projected_cuboid_centroid": [
        542.8905386176741, 
        80.00752061186563
      ], 
      "quaternion_xyzw": [
        0.6194851045860337, 
        0.5813425508599533, 
        0.46376910855704345, 
        -0.2513906476062278
      ], 
      "visibility": 0.8772767697301416
    }, 
    {
      "bounding_box": {
        "bottom_right": [
          230, 
          442
        ], 
        "top_left": [
          152, 
          355
        ]
      }, 
      "class": "005_tomato_soup_can", 
      "cuboid": [
        [
          -14.167965658115374, 
          -7.104631940021033, 
          63.259066025467725
        ], 
        [
          -8.339910663272937, 
          -9.979403065942675, 
          61.37575520458237
        ], 
        [
          -4.134578679763599, 
          -7.2653960163557105, 
          70.24670565231993
        ], 
        [
          -9.962633674606035, 
          -4.390624890434069, 
          72.13001647320529
        ], 
        [
          -16.17152052867689, 
          -12.962841885796298, 
          66.00114384587609
        ], 
        [
          -10.343465533834454, 
          -15.837613011717938, 
          64.11783302499073
        ], 
        [
          -6.138133550325113, 
          -13.123605962130974, 
          72.98878347272829
        ], 
        [
          -11.966188545167553, 
          -10.248834836209333, 
          74.87209429361364
        ]
      ], 
      "cuboid_centroid": [
        -10.153049604220245, 
        -10.114118951076003, 
        68.12392474909801
      ], 
      "location": [
        -10.153049604220245, 
        -10.114118951076003, 
        68.12392474909801
      ], 
      "pose_transform_permuted": [
        [
          0.29588488023318804, 
          0.8651401434794725, 
          -0.40494991148119824, 
          0.0
        ], 
        [
          -0.8613864938176092, 
          0.42489115543301254, 
          0.27835332820414677, 
          0.0
        ], 
        [
          -0.41287437275143, 
          -0.2664579069227457, 
          -0.870939111628053, 
          0.0
        ], 
        [
          -10.153049604220245, 
          -10.114118951076003, 
          68.12392474909801, 
          1.0
        ]
      ], 
      "projected_cuboid": [
        [
          361.1554847524626, 
          213.3893630324568
        ], 
        [
          408.5241781638816, 
          186.5713347927333
        ], 
        [
          449.9453692572935, 
          218.12696944317517
        ], 
        [
          407.32083606319134, 
          240.82285155905652
        ], 
        [
          349.8347791325433, 
          168.54081649227197
        ], 
        [
          394.8451730842739, 
          141.55237337635296
        ], 
        [
          436.3727592492835, 
          177.3940497330019
        ], 
        [
          395.6506869348512, 
          200.2833132899724
        ]
      ], 
      "projected_cuboid_centroid": [
        401.4498261448375, 
        194.1064595728927
      ], 
      "quaternion_xyzw": [
        0.2632040269303915, 
        0.7957377570879669, 
        0.5454307149697076, 
        0.005507955313443547
      ], 
      "visibility": 0.9437570303712036
    }, 
    {
      "bounding_box": {
        "bottom_right": [
          208, 
          597
        ], 
        "top_left": [
          126, 
          503
        ]
      }, 
      "class": "010_potted_meat_can", 
      "cuboid": [
        [
          14.93005660263535, 
          -11.13112597937876, 
          65.26353710541835
        ], 
        [
          5.922238243201357, 
          -11.475652928310693, 
          60.56656656449274
        ], 
        [
          4.099346066288832, 
          -18.570737768549723, 
          64.5829276181783
        ], 
        [
          13.107164425722825, 
          -18.22621081961779, 
          69.27989815910391
        ], 
        [
          12.575715458239593, 
          -8.096337612583737, 
          69.55607222619851
        ], 
        [
          3.5678970988055982, 
          -8.440864561515667, 
          64.85910168527289
        ], 
        [
          1.745004921893073, 
          -15.535949401754698, 
          68.87546273895845
        ], 
        [
          10.752823281327066, 
          -15.191422452822767, 
          73.57243327988407
        ]
      ], 
      "cuboid_centroid": [
        8.337530762264212, 
        -13.333537690566729, 
        67.0694999221884
      ], 
      "location": [
        8.337530762264212, 
        -13.333537690566729, 
        67.0694999221884
      ], 
      "pose_transform_permuted": [
        [
          0.40873269391781186, 
          -0.5268638436631151, 
          -0.745218868484577, 
          0.0
        ], 
        [
          0.8861863856562635, 
          0.033894454733915474, 
          0.4620865098636779, 
          0.0
        ], 
        [
          0.21819808674931418, 
          0.849273455156481, 
          -0.4807537761739495, 
          0.0
        ], 
        [
          8.337530762264212, 
          -13.333537690566729, 
          67.0694999221884, 
          1.0
        ]
      ], 
      "projected_cuboid": [
        [
          604.6190133913334, 
          182.32537144277825
        ], 
        [
          534.1799842889413, 
          172.23754703646466
        ], 
        [
          515.7311799729732, 
          119.93117780857379
        ], 
        [
          583.3374236935485, 
          132.9803970170719
        ], 
        [
          578.8246303528183, 
          211.20805564974233
        ], 
        [
          511.1794504455897, 
          203.87949636997567
        ], 
        [
          495.2216724252323, 
          152.98787529927276
        ], 
        [
          560.1928310446198, 
          163.1653590407436
        ]
      ], 
      "projected_cuboid_centroid": [
        548.447486168129, 
        167.26164184265733
      ], 
      "quaternion_xyzw": [
        0.9328288574676119, 
        -0.04939374209427203, 
        0.23338128875685127, 
        0.2700435379359094
      ], 
      "visibility": 0.6892031735081062
    }, 
    {
      "bounding_box": {
        "bottom_right": [
          73, 
          532
        ], 
        "top_left": [
          0, 
          306
        ]
      }, 
      "class": "037_scissors", 
      "cuboid": [
        [
          -15.425190202411532, 
          -19.732592863447195, 
          51.01303023828052
        ], 
        [
          4.210695483861791, 
          -22.612417509467186, 
          55.08707399190339
        ], 
        [
          5.110809465130501, 
          -27.0620790696334, 
          47.60340764873458
        ], 
        [
          -14.525076221142822, 
          -24.182254423613408, 
          43.529363895111715
        ], 
        [
          -15.074897162502252, 
          -18.40296247053994, 
          50.26458689247975
        ], 
        [
          4.560988523771071, 
          -21.28278711655993, 
          54.338630646102615
        ], 
        [
          5.461102505039781, 
          -25.732448676726143, 
          46.8549643029338
        ], 
        [
          -14.174783181233542, 
          -22.852624030706153, 
          42.78092054931094
        ]
      ], 
      "cuboid_centroid": [
        -4.982043848685875, 
        -22.73252077008667, 
        48.933997270607165
      ], 
      "location": [
        -4.982043848685875, 
        -22.73252077008667, 
        48.933997270607165
      ], 
      "pose_transform_permuted": [
        [
          -0.22375792731692928, 
          -0.8493327212312654, 
          0.47808581013742296, 
          0.0
        ], 
        [
          -0.9692043222382353, 
          0.14214477201616363, 
          -0.20109002863870104, 
          0.0
        ], 
        [
          -0.10283490855631174, 
          0.5083584403402641, 
          0.8549829911329508, 
          0.0
        ], 
        [
          -4.982043848685875, 
          -22.73252077008667, 
          48.933997270607165, 
          1.0
        ]
      ], 
      "projected_cuboid": [
        [
          318.9893545589941, 
          66.99065334836648
        ], 
        [
          522.7021842897611, 
          54.36684944590971
        ], 
        [
          539.3326298228927, 
          -29.900511896602435
        ], 
        [
          302.1535245845437, 
          -22.99323032430787
        ], 
        [
          320.31578206506316, 
          78.02659692398693
        ], 
        [
          526.7350397352515, 
          64.40149581598529
        ], 
        [
          544.2752606037275, 
          -19.609188360739555
        ], 
        [
          303.41744469251904, 
          -11.601018572543593
        ]
      ], 
      "projected_cuboid_centroid": [
        426.84650576724556, 
        25.530393424361147
      ], 
      "quaternion_xyzw": [
        -0.12355978385044539, 
        -0.4956711644262523, 
        0.8595999902157867, 
        0.01143260350956492
      ], 
      "visibility": 0.5640147306667036
    }, 
    {
      "bounding_box": {
        "bottom_right": [
          207, 
          501
        ], 
        "top_left": [
          144, 
          434
        ]
      }, 
      "class": "061_foam_brick", 
      "cuboid": [
        [
          2.5565406477780295, 
          -12.23735676202951, 
          65.01489016985056
        ], 
        [
          -5.043106697907835, 
          -10.779703948897245, 
          64.14070274307029
        ], 
        [
          -6.160119316582956, 
          -15.127390494229742, 
          66.60182766122992
        ], 
        [
          1.439528029102908, 
          -16.585043307362007, 
          67.4760150880102
        ], 
        [
          2.5284284350220267, 
          -9.64269387328348, 
          69.58571839221456
        ], 
        [
          -5.071218910663838, 
          -8.185041060151216, 
          68.71153096543428
        ], 
        [
          -6.188231529338959, 
          -12.532727605483712, 
          71.17265588359392
        ], 
        [
          1.4114158163469053, 
          -13.990380418615981, 
          72.04684331037419
        ]
      ], 
      "cuboid_centroid": [
        -1.815845440780465, 
        -12.385042183756612, 
        68.09377302672223
      ], 
      "location": [
        -1.815845440780465, 
        -12.385042183756612, 
        68.09377302672223
      ], 
      "pose_transform_permuted": [
        [
          0.005348594469476248, 
          -0.4936573188796314, 
          -0.8696400658052587, 
          0.0
        ], 
        [
          0.9758902292527734, 
          -0.18718094054536896, 
          0.11225665212146801, 
          0.0
        ], 
        [
          0.21819636336605208, 
          0.8492736584947898, 
          -0.48075419915036044, 
          0.0
        ], 
        [
          -1.815845440780465, 
          -12.385042183756612, 
          68.09377302672223, 
          1.0
        ]
      ], 
      "projected_cuboid": [
        [
          502.74323373415496, 
          172.90304136409148
        ], 
        [
          439.31500476810606, 
          183.65504080618263
        ], 
        [
          431.85833624855206, 
          152.15272114556313
        ], 
        [
          493.06968461247146, 
          142.20102008265553
        ], 
        [
          501.13696702995924, 
          199.38290378798746
        ], 
        [
          441.90767464474203, 
          209.7565507274107
        ], 
        [
          434.8402323825494, 
          179.37478241219006
        ], 
        [
          492.1320017369829, 
          169.72414009650743
        ]
      ], 
      "projected_cuboid_centroid": [
        467.25660453265317, 
        176.2852228625619
      ], 
      "quaternion_xyzw": [
        0.9610936418415249, 
        -0.10544688006016999, 
        0.03059151613093707, 
        0.25346425041449366
      ], 
      "visibility": 0.7241086587436333
    }
  ]
}