{
  "camera_data": {
    "location_worldframe": [
      -23.096982521898614, 
      -17.843226815435344, 
      66.49295793181248
    ], 
    "quaternion_xyzw_worldframe": [
      0.9059777597949957, 
      0.009206202759755134, 
      0.07046373502222146, 
      -0.4173193194322218
    ]
  }, 
  "objects": [
    {
      "bounding_box": {
        "bottom_right": [
          173, 
          552
        ], 
        "top_left": [
          0, 
          327
        ]
      }, 
      "class": "003_cracker_box", 
      "cuboid": [
        [
          -13.613436128049273, 
          -10.284653098710168, 
          59.790215630975815
        ], 
        [
          -13.625711061872225, 
          -20.552871441749414, 
          46.99796574783062
        ], 
        [
          7.334819177628697, 
          -23.7024198962061, 
          49.50596569966326
        ], 
        [
          7.347094111451652, 
          -13.434201553166853, 
          62.29821558280846
        ], 
        [
          -14.967811495336319, 
          -15.782781292234334, 
          64.20481088614966
        ], 
        [
          -14.980086429159273, 
          -26.05099963527358, 
          51.41256100300446
        ], 
        [
          5.98044381034165, 
          -29.200548089730265, 
          53.92056095483711
        ], 
        [
          5.992718744164605, 
          -18.93232974669102, 
          66.71281083798229
        ]
      ], 
      "cuboid_centroid": [
        -3.8164961588538104, 
        -19.742600594220217, 
        56.85538829290646
      ], 
      "location": [
        -3.8164961588538104, 
        -19.742600594220217, 
        56.85538829290646
      ], 
      "pose_transform_permuted": [
        [
          0.18863167126292735, 
          0.7657560341190672, 
          -0.6148461505179919, 
          0.0
        ], 
        [
          0.0007483072803876056, 
          0.6259734393301932, 
          0.779844018563548, 
          0.0
        ], 
        [
          -0.9820476223853756, 
          0.1475633743967904, 
          -0.11750539521172518, 
          0.0
        ], 
        [
          -3.8164961588538104, 
          -19.742600594220217, 
          56.85538829290646, 
          1.0
        ]
      ], 
      "projected_cuboid": [
        [
          359.15536135360156, 
          181.5490045776874
        ], 
        [
          325.6878289946363, 
          40.05838319071678
        ], 
        [
          561.2723521881483, 
          17.944287395298844
        ], 
        [
          545.0178719684408, 
          158.27966811293072
        ], 
        [
          356.2302883800629, 
          142.18629449685332
        ], 
        [
          324.90867800977037, 
          3.0508602476642634
        ], 
        [
          541.2416172199589, 
          -15.531379707287861
        ], 
        [
          529.9036607411854, 
          121.93656363414986
        ]
      ], 
      "projected_cuboid_centroid": [
        445.4989195744936, 
        88.09537429822836
      ], 
      "quaternion_xyzw": [
        0.6639197677798067, 
        0.6055027805140152, 
        0.3646809964196143, 
        -0.244099765652082
      ], 
      "visibility": 0.9538371679367492
    }, 
    {
      "bounding_box": {
        "bottom_right": [
          249, 
          388
        ], 
        "top_left": [
          170, 
          299
        ]
      }, 
      "class": "005_tomato_soup_can", 
      "cuboid": [
        [
          -22.918243601981608, 
          -6.158111181763689, 
          67.20660424747213
        ], 
        [
          -17.320561678569593, 
          -9.257409446113131, 
          65.00712679809662
        ], 
        [
          -12.001973512567101, 
          -5.041233365300941, 
          72.60192056613239
        ], 
        [
          -17.599655435979113, 
          -1.9419351009514987, 
          74.8013980155079
        ], 
        [
          -24.31991681660185, 
          -11.484842404919867, 
          71.14527068891849
        ], 
        [
          -18.722234893189835, 
          -14.584140669269308, 
          68.94579323954298
        ], 
        [
          -13.40364672718734, 
          -10.367964588457118, 
          76.54058700757875
        ], 
        [
          -19.001328650599355, 
          -7.268666324107677, 
          78.74006445695426
        ]
      ], 
      "cuboid_centroid": [
        -18.160945164584476, 
        -8.263037885110403, 
        71.87359562752545
      ], 
      "location": [
        -18.160945164584476, 
        -8.263037885110403, 
        71.87359562752545
      ], 
      "pose_transform_permuted": [
        [
          0.20699902824111063, 
          0.7866513930592937, 
          -0.5816620574904549, 
          0.0
        ], 
        [
          -0.8273373552207606, 
          0.4580762651665991, 
          0.3250827540277343, 
          0.0
        ], 
        [
          -0.522172508989166, 
          -0.413939033018331, 
          -0.7456476029598753, 
          0.0
        ], 
        [
          -18.160945164584476, 
          -8.263037885110403, 
          71.87359562752545, 
          1.0
        ]
      ], 
      "projected_cuboid": [
        [
          298.213205284463, 
          224.41870236685267
        ], 
        [
          338.31470456808916, 
          197.3385921142103
        ], 
        [
          392.69818808961173, 
          236.25461849382674
        ], 
        [
          355.069201033441, 
          259.4409141553919
        ], 
        [
          297.770708559784, 
          187.19379696200738
        ], 
        [
          335.5672130992738, 
          160.47316014965955
        ], 
        [
          387.42482403491016, 
          201.0446233472865
        ], 
        [
          351.8253841345179, 
          224.0546492229181
        ]
      ], 
      "projected_cuboid_centroid": [
        345.71541807511204, 
        211.97278454891924
      ], 
      "quaternion_xyzw": [
        0.2917128820359888, 
        0.8400801220314563, 
        0.4559978732486283, 
        -0.03514061417769211
      ], 
      "visibility": 0.8839037927844589
    }, 
    {
      "bounding_box": {
        "bottom_right": [
          225, 
          527
        ], 
        "top_left": [
          145, 
          442
        ]
      }, 
      "class": "010_potted_meat_can", 
      "cuboid": [
        [
          6.2901916585536854, 
          -9.522263459713312, 
          65.63399228853542
        ], 
        [
          -3.2722390388132445, 
          -10.73960500908765, 
          62.40924092019073
        ], 
        [
          -4.274697210640663, 
          -17.067658780121132, 
          67.77068978939074
        ], 
        [
          5.2877334867262675, 
          -15.850317230746791, 
          70.99544115773544
        ], 
        [
          4.463303321310749, 
          -5.825418952555872, 
          69.65575062435147
        ], 
        [
          -5.099127376056181, 
          -7.042760501930211, 
          66.43099925600677
        ], 
        [
          -6.101585547883599, 
          -13.37081427296369, 
          71.79244812520679
        ], 
        [
          3.460845149483331, 
          -12.153472723589353, 
          75.01719949355147
        ]
      ], 
      "cuboid_centroid": [
        0.09430305533504324, 
        -11.446538866338502, 
        68.7132202068711
      ], 
      "location": [
        0.09430305533504324, 
        -11.446538866338502, 
        68.7132202068711
      ], 
      "pose_transform_permuted": [
        [
          0.31716261398472073, 
          -0.6418021525905624, 
          -0.6982098251977811, 
          0.0
        ], 
        [
          0.940748976017382, 
          0.11976168531633515, 
          0.31725004276540925, 
          0.0
        ], 
        [
          0.1199930845659963, 
          0.7574607226769322, 
          -0.6417592330914125, 
          0.0
        ], 
        [
          0.09430305533504324, 
          -11.446538866338502, 
          68.7132202068711, 
          1.0
        ]
      ], 
      "projected_cuboid": [
        [
          533.1349783764697, 
          195.91185144926777
        ], 
        [
          453.40104578183013, 
          181.51099989735724
        ], 
        [
          447.67712002533636, 
          138.97306567343318
        ], 
        [
          521.6496803591562, 
          154.2185465613798
        ], 
        [
          516.0551562807984, 
          228.6841902969032
        ], 
        [
          440.31924315538686, 
          216.74603524431893
        ], 
        [
          435.89291435311515, 
          173.95969677552742
        ], 
        [
          506.4062862670826, 
          186.88388564590355
        ]
      ], 
      "projected_cuboid_centroid": [
        482.33510452419887, 
        184.4439059730825
      ], 
      "quaternion_xyzw": [
        0.9214688714075066, 
        -6.277999638438871e-05, 
        0.17211993710137227, 
        0.34823785846433064
      ], 
      "visibility": 0.8120232473665092
    }, 
    {
      "bounding_box": {
        "bottom_right": [
          85, 
          429
        ], 
        "top_left": [
          0, 
          217
        ]
      }, 
      "class": "037_scissors", 
      "cuboid": [
        [
          -25.464195595589683, 
          -20.689595268447402, 
          57.54419256535523
        ], 
        [
          -5.365547492533705, 
          -22.658836204873428, 
          59.16458256362092
        ], 
        [
          -5.379356609326831, 
          -28.304043982861426, 
          52.47530804639479
        ], 
        [
          -25.478004712382806, 
          -26.3348030464354, 
          50.85491804812909
        ], 
        [
          -25.267152071858284, 
          -19.50291203400169, 
          56.54232112237164
        ], 
        [
          -5.168503968802305, 
          -21.472152970427715, 
          58.16271112063733
        ], 
        [
          -5.182313085595432, 
          -27.11736074841571, 
          51.473436603411194
        ], 
        [
          -25.280961188651407, 
          -25.148119811989684, 
          49.85304660514551
        ]
      ], 
      "cuboid_centroid": [
        -15.323254340592557, 
        -23.903478008431556, 
        54.50881458438322
      ], 
      "location": [
        -15.323254340592557, 
        -23.903478008431556, 
        54.50881458438322
      ], 
      "pose_transform_permuted": [
        [
          -0.12586619041240676, 
          -0.7580218578995738, 
          0.6399689744851516, 
          0.0
        ], 
        [
          -0.9920457331977978, 
          0.09719942647897971, 
          -0.07998055270450968, 
          0.0
        ], 
        [
          0.0015776438231334502, 
          0.6449454599211153, 
          0.7642264730933668, 
          0.0
        ], 
        [
          -15.323254340592557, 
          -23.903478008431556, 
          54.50881458438322, 
          1.0
        ]
      ], 
      "projected_cuboid": [
        [
          243.62817034957942, 
          81.53536670527009
        ], 
        [
          432.828054734693, 
          69.03594486803442
        ], 
        [
          426.4697238617043, 
          -14.374487765215715
        ], 
        [
          212.1805661082962, 
          -2.888642761694962
        ], 
        [
          241.28565372939468, 
          89.33079102710843
        ], 
        [
          433.80982867727676, 
          76.3988851995082
        ], 
        [
          427.4553274551161, 
          -7.678178683474777
        ], 
        [
          208.89174436564176, 
          4.256143873403886
        ]
      ], 
      "projected_cuboid_centroid": [
        330.423449144434, 
        39.41256686319879
      ], 
      "quaternion_xyzw": [
        -0.056856277635489345, 
        -0.4204553952448825, 
        0.9051187998826541, 
        0.02728290206625895
      ], 
      "visibility": 0.6875291185079483
    }, 
    {
      "bounding_box": {
        "bottom_right": [
          224, 
          439
        ], 
        "top_left": [
          165, 
          375
        ]
      }, 
      "class": "061_foam_brick", 
      "cuboid": [
        [
          -5.951463470545158, 
          -10.76695887828416, 
          67.36066325889173
        ], 
        [
          -13.642808276489959, 
          -9.547611088797396, 
          67.3617604840383
        ], 
        [
          -14.257086034743185, 
          -13.425279842427825, 
          70.64711879362412
        ], 
        [
          -6.565741228798386, 
          -14.644627631914592, 
          70.64602156847755
        ], 
        [
          -5.4227459948182535, 
          -7.435566730442868, 
          71.39152180630609
        ], 
        [
          -13.114090800763053, 
          -6.216218940956102, 
          71.39261903145267
        ], 
        [
          -13.72836855901628, 
          -10.093887694586535, 
          74.67797734103848
        ], 
        [
          -6.037023753071481, 
          -11.3132354840733, 
          74.6768801158919
        ]
      ], 
      "cuboid_centroid": [
        -9.83991601478072, 
        -10.430423286435348, 
        71.0193202999651
      ], 
      "location": [
        -9.83991601478072, 
        -10.430423286435348, 
        71.0193202999651
      ], 
      "pose_transform_permuted": [
        [
          -0.10059312623779482, 
          -0.6338265070861634, 
          -0.7669061102042811, 
          0.0
        ], 
        [
          0.9876653355759358, 
          -0.15657958056390708, 
          -0.00014089749841406096, 
          0.0
        ], 
        [
          0.11999253249840697, 
          0.7574607540099914, 
          -0.641759299332105, 
          0.0
        ], 
        [
          -9.83991601478072, 
          -10.430423286435348, 
          71.0193202999651, 
          1.0
        ]
      ], 
      "projected_cuboid": [
        [
          434.0844296380285, 
          188.04049462052194
        ], 
        [
          372.6834756881591, 
          197.6957587386008
        ], 
        [
          373.07250363848146, 
          171.93824845762006
        ], 
        [
          431.61804262023526, 
          162.7315975764927
        ], 
        [
          440.7496743469478, 
          217.74025953005278
        ], 
        [
          382.8153427192696, 
          226.8499267537294
        ], 
        [
          382.73763427123134, 
          201.20011880501602
        ], 
        [
          438.1231834271248, 
          192.49084829381832
        ]
      ], 
      "projected_cuboid_centroid": [
        407.0884318958585, 
        194.95927469695354
      ], 
      "quaternion_xyzw": [
        0.9370208375204643, 
        -0.07379027818478846, 
        -0.02687614290488201, 
        0.34033016005111255
      ], 
      "visibility": 0.9793297839022862
    }
  ]
}