{
  "camera_data": {
    "location_worldframe": [
      -25.2926598687924, 
      -14.926877185768522, 
      73.616913803578
    ], 
    "quaternion_xyzw_worldframe": [
      0.9250839127866574, 
      0.008926749665607319, 
      0.02998601319571444, 
      -0.3784732248685021
    ]
  }, 
  "objects": [
    {
      "bounding_box": {
        "bottom_right": [
          202, 
          515
        ], 
        "top_left": [
          39, 
          314
        ]
      }, 
      "class": "003_cracker_box", 
      "cuboid": [
        [
          -16.569234300856174, 
          -7.760448792770198, 
          65.58320900255042
        ], 
        [
          -17.21586522852083, 
          -19.11093266914151, 
          53.758383426552335
        ], 
        [
          3.9597665912962334, 
          -21.52139064237742, 
          54.91417602784809
        ], 
        [
          4.606397518960889, 
          -10.17090676600611, 
          66.73900160384618
        ], 
        [
          -17.42280401877124, 
          -12.880195302168069, 
          70.54425848336689
        ], 
        [
          -18.0694349464359, 
          -24.230679178539376, 
          58.719432907368805
        ], 
        [
          3.106196873381163, 
          -26.64113715177529, 
          59.87522550866456
        ], 
        [
          3.752827801045819, 
          -15.29065327540398, 
          71.70005108466265
        ]
      ], 
      "cuboid_centroid": [
        -6.731518713737506, 
        -17.200792972272744, 
        62.729217255607495
      ], 
      "location": [
        -6.731518713737506, 
        -17.200792972272744, 
        62.729217255607495
      ], 
      "pose_transform_permuted": [
        [
          0.11888157915354403, 
          0.7130566339557315, 
          -0.6909539832070452, 
          0.0
        ], 
        [
          0.03942006025241085, 
          0.6919507545309018, 
          0.7208676800591158, 
          0.0
        ], 
        [
          -0.9921256114966773, 
          0.11293533581584442, 
          -0.05415146292120368, 
          0.0
        ], 
        [
          -6.731518713737506, 
          -17.200792972272744, 
          62.729217255607495, 
          1.0
        ]
      ], 
      "projected_cuboid": [
        [
          345.7339702183365, 
          210.17893195959107
        ], 
        [
          309.38071389307663, 
          83.69313885990925
        ], 
        [
          520.374305625618, 
          64.27349404838071
        ], 
        [
          518.7141187824654, 
          192.00956909422987
        ], 
        [
          348.7817657415862, 
          175.9113505828057
        ], 
        [
          316.1136600241926, 
          53.211256603323214
        ], 
        [
          509.49510033542555, 
          35.98905742440549
        ], 
        [
          509.74399126791707, 
          159.5515446601077
        ]
      ], 
      "projected_cuboid_centroid": [
        423.8892144911952, 
        127.04655381575338
      ], 
      "quaternion_xyzw": [
        0.6788426510015595, 
        0.6202012953748948, 
        0.3092576968954808, 
        -0.24265754739422457
      ], 
      "visibility": 0.9940072768780767
    }, 
    {
      "bounding_box": {
        "bottom_right": [
          275, 
          381
        ], 
        "top_left": [
          201, 
          298
        ]
      }, 
      "class": "005_tomato_soup_can", 
      "cuboid": [
        [
          -25.420167239923785, 
          -3.2233733857224403, 
          73.30896869086175
        ], 
        [
          -19.90871002095975, 
          -6.368162406856051, 
          70.96130282164371
        ], 
        [
          -14.17296988388322, 
          -1.373525285270563, 
          77.73620490998117
        ], 
        [
          -19.684427102847255, 
          1.7712637358630476, 
          80.0838707791992
        ], 
        [
          -26.36147456338814, 
          -8.21541913537423, 
          77.78616272479442
        ], 
        [
          -20.850017344424103, 
          -11.360208156507841, 
          75.43849685557639
        ], 
        [
          -15.114277207347568, 
          -6.365571034922353, 
          82.21339894391384
        ], 
        [
          -20.625734426311606, 
          -3.2207820137887415, 
          84.56106481313186
        ]
      ], 
      "cuboid_centroid": [
        -20.267222223635677, 
        -4.794472210322397, 
        77.76118381738779
      ], 
      "location": [
        -20.267222223635677, 
        -4.794472210322397, 
        77.76118381738779
      ], 
      "pose_transform_permuted": [
        [
          0.13901221711378178, 
          0.7372250595464611, 
          -0.6611917846500729, 
          0.0
        ], 
        [
          -0.8145933444125869, 
          0.46479979875063404, 
          0.3469850016052676, 
          0.0
        ], 
        [
          -0.5631279814880317, 
          -0.4903673899663805, 
          -0.6651516363377417, 
          0.0
        ], 
        [
          -20.267222223635677, 
          -4.794472210322397, 
          77.76118381738779, 
          1.0
        ]
      ], 
      "projected_cuboid": [
        [
          295.12532474489257, 
          249.83663572284922
        ], 
        [
          330.7234596158901, 
          225.42572391314087
        ], 
        [
          383.5512069732292, 
          263.8632848979616
        ], 
        [
          349.41593819149637, 
          285.0822919591764
        ], 
        [
          299.3506131709639, 
          216.95976011535805
        ], 
        [
          332.967528931456, 
          192.9744727720083
        ], 
        [
          382.7334466062819, 
          231.99298079245324
        ], 
        [
          350.4282168641581, 
          252.97333444178233
        ]
      ], 
      "projected_cuboid_centroid": [
        341.43738636571175, 
        240.40398919283228
      ], 
      "quaternion_xyzw": [
        0.29842545745338955, 
        0.8611260823812388, 
        0.4071345429481895, 
        -0.06037814576362228
      ], 
      "visibility": 0.8464864864864865
    }, 
    {
      "bounding_box": {
        "bottom_right": [
          255, 
          505
        ], 
        "top_left": [
          181, 
          426
        ]
      }, 
      "class": "010_potted_meat_can", 
      "cuboid": [
        [
          3.6804271604821235, 
          -6.007446803107191, 
          69.79776245344603
        ], 
        [
          -6.053108340740075, 
          -7.73385175496801, 
          67.4315766479656
        ], 
        [
          -6.46014707295056, 
          -13.588324479068758, 
          73.37748191845566
        ], 
        [
          3.2733884282716383, 
          -11.86191952720794, 
          75.74366772393608
        ], 
        [
          2.0445024781271552, 
          -2.0164450386559896, 
          73.61540253186743
        ], 
        [
          -7.689033023095043, 
          -3.7428499905168082, 
          71.249216726387
        ], 
        [
          -8.096071755305529, 
          -9.597322714617556, 
          77.19512199687706
        ], 
        [
          1.63746374591667, 
          -7.870917762756738, 
          79.56130780235749
        ]
      ], 
      "cuboid_centroid": [
        -2.2078222974117026, 
        -7.802384758862374, 
        73.49644222516154
      ], 
      "location": [
        -2.2078222974117026, 
        -7.802384758862374, 
        73.49644222516154
      ], 
      "pose_transform_permuted": [
        [
          0.28400977660236115, 
          -0.6928702352664109, 
          -0.6627732422619071, 
          0.0
        ], 
        [
          0.9575822137278338, 
          0.1698431854885612, 
          0.23278462809518868, 
          0.0
        ], 
        [
          0.04872206580623015, 
          0.7007736187054405, 
          -0.7117179888340993, 
          0.0
        ], 
        [
          -2.2078222974117026, 
          -7.802384758862374, 
          73.49644222516154, 
          1.0
        ]
      ], 
      "projected_cuboid": [
        [
          509.9532975572102, 
          227.38407761112043
        ], 
        [
          433.32378197040885, 
          212.1191324527169
        ], 
        [
          434.25237213991835, 
          174.52436520444203
        ], 
        [
          504.8374344907144, 
          189.76544416647292
        ], 
        [
          496.5322569828477, 
          258.6780512990729
        ], 
        [
          423.5629533418679, 
          245.2702974032384
        ], 
        [
          425.19744225121553, 
          206.9813101727939
        ], 
        [
          492.6648746478612, 
          220.5257840879026
        ]
      ], 
      "projected_cuboid_centroid": [
        465.4427172337996, 
        216.66931323755782
      ], 
      "quaternion_xyzw": [
        0.9111982598061716, 
        0.03323127496646441, 
        0.14178978041712936, 
        0.3853684445137361
      ], 
      "visibility": 0.8323517038283551
    }, 
    {
      "bounding_box": {
        "bottom_right": [
          123, 
          409
        ], 
        "top_left": [
          49, 
          224
        ]
      }, 
      "class": "037_scissors", 
      "cuboid": [
        [
          -28.229088645041973, 
          -18.605293482370627, 
          65.15330828945368
        ], 
        [
          -8.014663467988198, 
          -19.93916867838317, 
          65.39209879472513
        ], 
        [
          -8.351693192626097, 
          -26.149347326001415, 
          59.2329554091113
        ], 
        [
          -28.56611836967987, 
          -24.815472129988876, 
          58.99416490383984
        ], 
        [
          -28.14346982464018, 
          -17.50688940797121, 
          64.04111786315033
        ], 
        [
          -7.929044647586409, 
          -18.84076460398375, 
          64.27990836842179
        ], 
        [
          -8.266074372224308, 
          -25.050943251602, 
          58.12076498280796
        ], 
        [
          -28.480499549278083, 
          -23.717068055589458, 
          57.8819744775365
        ]
      ], 
      "cuboid_centroid": [
        -18.24758150863314, 
        -21.828118366986313, 
        61.637036636130816
      ], 
      "location": [
        -18.24758150863314, 
        -21.828118366986313, 
        61.637036636130816
      ], 
      "pose_transform_permuted": [
        [
          -0.054691037530709544, 
          -0.7016314657800095, 
          0.710437822675032, 
          0.0
        ], 
        [
          -0.9977603539858585, 
          0.06583851759767945, 
          -0.011786419696888891, 
          0.0
        ], 
        [
          0.038504480138222295, 
          0.7094914273479477, 
          0.7036608252124561, 
          0.0
        ], 
        [
          -18.24758150863314, 
          -21.828118366986313, 
          61.637036636130816, 
          1.0
        ]
      ], 
      "projected_cuboid": [
        [
          248.5991058662071, 
          120.99085837124296
        ], 
        [
          415.68700187392074, 
          110.66828096974488
        ], 
        [
          405.7737363705571, 
          37.84397193389711
        ], 
        [
          221.20130600471174, 
          48.94948237376424
        ], 
        [
          245.2716282968683, 
          127.4932215431697
        ], 
        [
          415.2628907386369, 
          116.96788445083162
        ], 
        [
          405.11498275794304, 
          43.41759842187681
        ], 
        [
          216.99331282356562, 
          54.75949284137133
        ]
      ], 
      "projected_cuboid_centroid": [
        322.3925829164183, 
        84.41692931391636
      ], 
      "quaternion_xyzw": [
        -0.01797952007218458, 
        -0.3800759235823447, 
        0.9243497179110347, 
        0.028220649531789103
      ], 
      "visibility": 0.7375256322624744
    }, 
    {
      "bounding_box": {
        "bottom_right": [
          252, 
          426
        ], 
        "top_left": [
          198, 
          366
        ]
      }, 
      "class": "061_foam_brick", 
      "cuboid": [
        [
          -8.35531119787523, 
          -7.390340102701204, 
          72.55773579881243
        ], 
        [
          -16.05914711852834, 
          -6.361449767808685, 
          73.04342288530216
        ], 
        [
          -16.30857010376102, 
          -9.948920118190973, 
          76.68692065655118
        ], 
        [
          -8.604734183107906, 
          -10.977810453083492, 
          76.20123357006146
        ], 
        [
          -7.631349747443372, 
          -3.7056629603889135, 
          76.23531253034517
        ], 
        [
          -15.335185668096486, 
          -2.6767726254963957, 
          76.72099961683489
        ], 
        [
          -15.584608653329163, 
          -6.264242975878684, 
          80.36449738808392
        ], 
        [
          -7.88077273267605, 
          -7.293133310771202, 
          79.87881030159419
        ]
      ], 
      "cuboid_centroid": [
        -11.969959925602195, 
        -6.827291539289944, 
        76.46111659344818
      ], 
      "location": [
        -11.969959925602195, 
        -6.827291539289944, 
        76.46111659344818
      ], 
      "pose_transform_permuted": [
        [
          -0.13774000088509405, 
          -0.7010420686635074, 
          -0.6996911533813788, 
          0.0
        ], 
        [
          0.9892693516890306, 
          -0.13212244978238577, 
          -0.06236832587352109, 
          0.0
        ], 
        [
          0.04872208908635772, 
          0.7007736269491676, 
          -0.7117179791234514, 
          0.0
        ], 
        [
          -11.969959925602195, 
          -6.827291539289944, 
          76.46111659344818, 
          1.0
        ]
      ], 
      "projected_cuboid": [
        [
          419.67140852126596, 
          218.96547821195287
        ], 
        [
          363.36559615064095, 
          226.83901944360147
        ], 
        [
          367.23386206869037, 
          204.09672197356883
        ], 
        [
          420.8721148007914, 
          196.45469391965412
        ], 
        [
          427.765515652712, 
          247.3628215328314
        ], 
        [
          374.10744957226007, 
          254.67917796262216
        ], 
        [
          377.31169387048084, 
          231.71540195298104
        ], 
        [
          428.5417470228009, 
          224.5931385351185
        ]
      ], 
      "projected_cuboid_centroid": [
        397.41030817981016, 
        225.6658852870434
      ], 
      "quaternion_xyzw": [
        0.9205615313518668, 
        -0.049112561384997505, 
        -0.0543440932364269, 
        0.38366801122796385
      ], 
      "visibility": 0.9875089221984297
    }
  ]
}