{
  "camera_data": {
    "location_worldframe": [
      -13.070736320525848, 
      -18.082885611030814, 
      60.739133937279554
    ], 
    "quaternion_xyzw_worldframe": [
      0.8542977114654854, 
      0.03285980994620058, 
      0.1507834203514235, 
      -0.49634976920747914
    ]
  }, 
  "objects": [
    {
      "bounding_box": {
        "bottom_right": [
          173, 
          690
        ], 
        "top_left": [
          0, 
          442
        ]
      }, 
      "class": "003_cracker_box", 
      "cuboid": [
        [
          -2.610034524059331, 
          -9.697180803552955, 
          57.23888203145423
        ], 
        [
          -0.39758893630480463, 
          -17.46170148234471, 
          42.95968671669657
        ], 
        [
          19.83801133399862, 
          -21.596022259407334, 
          48.343126189676624
        ], 
        [
          17.62556574624409, 
          -13.831501580615582, 
          62.622321504434275
        ], 
        [
          -4.677913476080218, 
          -15.867079579872199, 
          60.273453379224115
        ], 
        [
          -2.4654678883256924, 
          -23.63160025866395, 
          45.99425806446646
        ], 
        [
          17.770132381977728, 
          -27.765921035726578, 
          51.37769753744651
        ], 
        [
          15.557686794223201, 
          -20.001400356934823, 
          65.65689285220418
        ]
      ], 
      "cuboid_centroid": [
        7.580048928959199, 
        -18.731550919639766, 
        54.308289784450366
      ], 
      "location": [
        7.580048928959199, 
        -18.731550919639766, 
        54.308289784450366
      ], 
      "pose_transform_permuted": [
        [
          0.2880054319582587, 
          0.8593173988622353, 
          -0.42264225909766595, 
          0.0
        ], 
        [
          -0.13487560622787564, 
          0.47334245841670297, 
          0.8704915208689253, 
          0.0
        ], 
        [
          -0.9480830353967946, 
          0.1937021555705397, 
          -0.2522261543141918, 
          0.0
        ], 
        [
          7.580048928959199, 
          -18.731550919639766, 
          54.308289784450366, 
          1.0
        ]
      ], 
      "projected_cuboid": [
        [
          457.0755794761766, 
          182.93368271001134
        ], 
        [
          476.6201002310548, 
          56.50964625415888
        ], 
        [
          702.2730890946867, 
          35.040017796702216
        ], 
        [
          632.95516036084, 
          155.49130969238823
        ], 
        [
          439.8603939235406, 
          132.88933501317624
        ], 
        [
          452.7708639856811, 
          -0.7301704075313422
        ], 
        [
          667.5948511344164, 
          -14.93403520294632
        ], 
        [
          609.0225958977452, 
          110.8186227663222
        ]
      ], 
      "projected_cuboid_centroid": [
        556.6551787232646, 
        89.33850779559644
      ], 
      "quaternion_xyzw": [
        0.6085780164531762, 
        0.5839126025688693, 
        0.4759032209128105, 
        -0.2493892435049668
      ], 
      "visibility": 0.9478142909572715
    }, 
    {
      "bounding_box": {
        "bottom_right": [
          233, 
          449
        ], 
        "top_left": [
          155, 
          365
        ]
      }, 
      "class": "005_tomato_soup_can", 
      "cuboid": [
        [
          -13.060833224117307, 
          -6.73228379971799, 
          63.61095484267042
        ], 
        [
          -7.157961007568997, 
          -9.533848889063737, 
          61.85461593953535
        ], 
        [
          -3.2312199151984426, 
          -6.919515748099318, 
          70.88181815420259
        ], 
        [
          -9.134092131746755, 
          -4.117950658753572, 
          72.63815705733766
        ], 
        [
          -15.094652350946646, 
          -12.645791222468217, 
          66.20823349189688
        ], 
        [
          -9.191780134398334, 
          -15.447356311813964, 
          64.45189458876179
        ], 
        [
          -5.26503904202778, 
          -12.833023170849547, 
          73.47909680342904
        ], 
        [
          -11.16791125857609, 
          -10.0314580815038, 
          75.23543570656412
        ]
      ], 
      "cuboid_centroid": [
        -9.162936133072543, 
        -9.782653485283769, 
        68.54502582304973
      ], 
      "location": [
        -9.162936133072543, 
        -9.782653485283769, 
        68.54502582304973
      ], 
      "pose_transform_permuted": [
        [
          0.3003543040422008, 
          0.873306472034951, 
          -0.38356597732869013, 
          0.0
        ], 
        [
          -0.8724444787438718, 
          0.4140713036594452, 
          0.25958687951054393, 
          0.0
        ], 
        [
          -0.385522658336436, 
          -0.2566720439602989, 
          -0.8862797198167461, 
          0.0
        ], 
        [
          -9.162936133072543, 
          -9.782653485283769, 
          68.54502582304973, 
          1.0
        ]
      ], 
      "projected_cuboid": [
        [
          371.18139985213975, 
          216.84250568014744
        ], 
        [
          419.3657576293266, 
          191.08429263078133
        ], 
        [
          457.0825483287387, 
          221.22363453708135
        ], 
        [
          413.97439965940004, 
          243.05196406304393
        ], 
        [
          358.9935730160424, 
          171.42234756376627
        ], 
        [
          404.90407741725966, 
          145.4644206972481
        ], 
        [
          443.064361543441, 
          180.14300647325086
        ], 
        [
          401.7716414639186, 
          202.1767877369817
        ]
      ], 
      "projected_cuboid_centroid": [
        409.7100533701034, 
        197.17188755373252
      ], 
      "quaternion_xyzw": [
        0.2522148785839406, 
        0.7925721576034672, 
        0.5550239732027145, 
        0.012859215448258684
      ], 
      "visibility": 0.9413271245634459
    }, 
    {
      "bounding_box": {
        "bottom_right": [
          213, 
          603
        ], 
        "top_left": [
          132, 
          511
        ]
      }, 
      "class": "010_potted_meat_can", 
      "cuboid": [
        [
          15.999413312440858, 
          -10.564069685697056, 
          66.39429829831353
        ], 
        [
          7.133250841280605, 
          -10.908178239163831, 
          61.435087169934334
        ], 
        [
          5.253473457776037, 
          -18.07589800973462, 
          65.29313734734703
        ], 
        [
          14.119635928936292, 
          -17.73178945626784, 
          70.25234847572622
        ], 
        [
          13.498241068800942, 
          -7.6115197099219465, 
          70.66106598202397
        ], 
        [
          4.632078597640689, 
          -7.955628263388722, 
          65.70185485364478
        ], 
        [
          2.7523012141361214, 
          -15.123348033959507, 
          69.55990503105748
        ], 
        [
          11.618463685296375, 
          -14.77923948049273, 
          74.51911615943668
        ]
      ], 
      "cuboid_centroid": [
        9.37585726328849, 
        -12.843708859828281, 
        67.9771016646855
      ], 
      "location": [
        9.37585726328849, 
        -12.843708859828281, 
        67.9771016646855
      ], 
      "pose_transform_permuted": [
        [
          0.43422376214632075, 
          -0.5125865928131059, 
          -0.740745432681135, 
          0.0
        ], 
        [
          0.8722503231573167, 
          0.03385329311739021, 
          0.48788565779215176, 
          0.0
        ], 
        [
          0.22500718023269617, 
          0.857967772368595, 
          -0.46180414725357494, 
          0.0
        ], 
        [
          9.37585726328849, 
          -12.843708859828281, 
          67.9771016646855, 
          1.0
        ]
      ], 
      "projected_cuboid": [
        [
          611.1851362586136, 
          188.4294736586395
        ], 
        [
          544.0370494121607, 
          178.59236011568868
        ], 
        [
          524.8654600789265, 
          125.64115312710352
        ], 
        [
          589.6793227640696, 
          138.67594108498028
        ], 
        [
          584.325045969783, 
          215.83803416142183
        ], 
        [
          519.5102331024481, 
          208.7085689309971
        ], 
        [
          502.8749670397631, 
          157.33500432102733
        ], 
        [
          565.4412158830472, 
          167.51424429965124
        ]
      ], 
      "projected_cuboid_centroid": [
        555.7690851159464, 
        172.52023156720236
      ], 
      "quaternion_xyzw": [
        0.9315261037951441, 
        -0.051301269587755806, 
        0.2474727804679045, 
        0.2615038741525603
      ], 
      "visibility": 0.6656545811752098
    }, 
    {
      "bounding_box": {
        "bottom_right": [
          79, 
          549
        ], 
        "top_left": [
          0, 
          328
        ]
      }, 
      "class": "037_scissors", 
      "cuboid": [
        [
          -13.863350713511574, 
          -19.186414704036324, 
          51.15057325547131
        ], 
        [
          5.670224153843877, 
          -21.975144251692644, 
          55.746405018503864
        ], 
        [
          6.820913502347678, 
          -26.30621113419343, 
          48.22758005726699
        ], 
        [
          -12.712661365007774, 
          -23.517481586537112, 
          43.63174829423444
        ], 
        [
          -13.502525363433278, 
          -17.843168173569975, 
          50.43204457646397
        ], 
        [
          6.031049503922172, 
          -20.63189772122629, 
          55.02787633949653
        ], 
        [
          7.181738852425973, 
          -24.962964603727077, 
          47.509051378259656
        ], 
        [
          -12.351836014929479, 
          -22.17423505607076, 
          42.913219615227106
        ]
      ], 
      "cuboid_centroid": [
        -3.3408059305428015, 
        -22.074689653881702, 
        49.329812316865485
      ], 
      "location": [
        -3.3408059305428015, 
        -22.074689653881702, 
        49.329812316865485
      ], 
      "pose_transform_permuted": [
        [
          -0.23048568843341577, 
          -0.8580303497056272, 
          0.4589771123459686, 
          0.0
        ], 
        [
          -0.9641543800308282, 
          0.13764842464078095, 
          -0.22684487372651324, 
          0.0
        ], 
        [
          -0.1314622774366003, 
          0.4948094086767413, 
          0.8589997416214827, 
          0.0
        ], 
        [
          -3.3408059305428015, 
          -22.074689653881702, 
          49.329812316865485, 
          1.0
        ]
      ], 
      "projected_cuboid": [
        [
          335.84677334413817, 
          73.2400860795328
        ], 
        [
          536.2955294336746, 
          63.05280598475552
        ], 
        [
          557.6540026340621, 
          -17.617910059311342
        ], 
        [
          324.91272524354326, 
          -14.172341557077567
        ], 
        [
          337.6177331231675, 
          84.59478271553768
        ], 
        [
          540.5359493437797, 
          73.3261574494255
        ], 
        [
          562.8885415431866, 
          -6.9387557458136575
        ], 
        [
          326.8108977906412, 
          -2.291801357298217
        ]
      ], 
      "projected_cuboid_centroid": [
        445.177607212846, 
        34.63036371467197
      ], 
      "quaternion_xyzw": [
        -0.1338634407308947, 
        -0.5025851646082453, 
        0.8540990722763867, 
        0.0018107229608893686
      ], 
      "visibility": 0.6638681601163766
    }, 
    {
      "bounding_box": {
        "bottom_right": [
          211, 
          510
        ], 
        "top_left": [
          149, 
          442
        ]
      }, 
      "class": "061_foam_brick", 
      "cuboid": [
        [
          3.6475178261975256, 
          -11.761674659993373, 
          65.7729537117084
        ], 
        [
          -3.9354821515598757, 
          -10.349735656480675, 
          64.70144321374107
        ], 
        [
          -5.087359268572168, 
          -14.741930511303272, 
          67.06555717336829
        ], 
        [
          2.495640709185233, 
          -16.153869514815973, 
          68.13706767133561
        ], 
        [
          3.4671192645224598, 
          -9.23541582590987, 
          70.37849484204929
        ], 
        [
          -4.115880713234941, 
          -7.823476822397171, 
          69.30698434408197
        ], 
        [
          -5.267757830247234, 
          -12.215671677219769, 
          71.67109830370919
        ], 
        [
          2.315242147510167, 
          -13.627610680732468, 
          72.74260880167651
        ]
      ], 
      "cuboid_centroid": [
        -0.8101200020248542, 
        -11.98867316860657, 
        68.72202600770879
      ], 
      "location": [
        -0.8101200020248542, 
        -11.98867316860657, 
        68.72202600770879
      ], 
      "pose_transform_permuted": [
        [
          0.03432240491530461, 
          -0.4806428489183652, 
          -0.8762445002991275, 
          0.0
        ], 
        [
          0.9737524979916794, 
          -0.18131071287289915, 
          0.13759541435849398, 
          0.0
        ], 
        [
          0.22500676695556177, 
          0.8579678765438475, 
          -0.46180415507338946, 
          0.0
        ], 
        [
          -0.8101200020248542, 
          -11.98867316860657, 
          68.72202600770879, 
          1.0
        ]
      ], 
      "projected_cuboid": [
        [
          511.41941599747054, 
          177.91707267573378
        ], 
        [
          448.88743252568986, 
          187.97597252756373
        ], 
        [
          440.8041662277479, 
          156.05556925777117
        ], 
        [
          501.29362813074, 
          146.8476516208029
        ], 
        [
          508.0894229213148, 
          203.30169204603126
        ], 
        [
          449.6612899054963, 
          213.08461984349438
        ], 
        [
          442.07192322966284, 
          182.38717852912941
        ], 
        [
          498.7129512602038, 
          173.37437140404714
        ]
      ], 
      "projected_cuboid_centroid": [
        475.2577131198532, 
        180.24803855857002
      ], 
      "quaternion_xyzw": [
        0.9628038318934254, 
        -0.10550370344637268, 
        0.04463988758117772, 
        0.24471418080523274
      ], 
      "visibility": 0.691538021726701
    }
  ]
}