{
  "camera_data": {
    "location_worldframe": [
      -26.69425740022378, 
      -12.903979406762206, 
      77.58702723675422
    ], 
    "quaternion_xyzw_worldframe": [
      0.9332388477648821, 
      0.017860282803285624, 
      0.01747985103644973, 
      -0.3583888288530497
    ]
  }, 
  "objects": [
    {
      "bounding_box": {
        "bottom_right": [
          220, 
          501
        ], 
        "top_left": [
          72, 
          311
        ]
      }, 
      "class": "003_cracker_box", 
      "cuboid": [
        [
          -18.282029436646045, 
          -5.890665578259875, 
          69.09910416602207
        ], 
        [
          -18.83329577996538, 
          -17.76596964928142, 
          57.796388814096304
        ], 
        [
          2.4117255823326675, 
          -19.608186777003215, 
          58.6957499852748
        ], 
        [
          2.9629919256519974, 
          -7.732882705981672, 
          69.99846533720057
        ], 
        [
          -18.928065866576716, 
          -10.804922739210605, 
          74.29382369860413
        ], 
        [
          -19.479332209896043, 
          -22.68022681023215, 
          62.99110834667836
        ], 
        [
          1.7656891524020015, 
          -24.52244393795395, 
          63.890469517856864
        ], 
        [
          2.3169554957213316, 
          -12.647139866932402, 
          75.19318486978264
        ]
      ], 
      "cuboid_centroid": [
        -8.258170142122022, 
        -15.206554758106911, 
        66.49478684193947
      ], 
      "location": [
        -8.258170142122022, 
        -15.206554758106911, 
        66.49478684193947
      ], 
      "pose_transform_permuted": [
        [
          0.08997722080449588, 
          0.6844369468582339, 
          -0.7234985594399467, 
          0.0
        ], 
        [
          0.03360642298266919, 
          0.7239449614419626, 
          0.6890386789847903, 
          0.0
        ], 
        [
          -0.9953766664286484, 
          0.08631198397774331, 
          -0.04213707810488117, 
          0.0
        ], 
        [
          -8.258170142122022, 
          -15.206554758106911, 
          66.49478684193947, 
          1.0
        ]
      ], 
      "projected_cuboid": [
        [
          339.3171116057313, 
          227.82129861668267
        ], 
        [
          306.363477257203, 
          109.35000626381557
        ], 
        [
          503.69303414049597, 
          95.12321267633563
        ], 
        [
          504.3602887767149, 
          214.36956370780425
        ], 
        [
          344.58927702413496, 
          195.72320088830764
        ], 
        [
          315.29924979555534, 
          81.26246623325383
        ], 
        [
          496.4588176625032, 
          68.58778278333652
        ], 
        [
          498.1673912571967, 
          183.58469367439739
        ]
      ], 
      "projected_cuboid_centroid": [
        414.81067927945975, 
        151.32278969030344
      ], 
      "quaternion_xyzw": [
        0.6788624614751428, 
        0.6331627264139003, 
        0.2868828164752672, 
        -0.23653534596597778
      ], 
      "visibility": 0.9956236323851203
    }, 
    {
      "bounding_box": {
        "bottom_right": [
          291, 
          375
        ], 
        "top_left": [
          219, 
          295
        ]
      }, 
      "class": "005_tomato_soup_can", 
      "cuboid": [
        [
          -27.119199212483778, 
          -1.2321181144531748, 
          76.7681345702779
        ], 
        [
          -21.569011039350055, 
          -4.3430743387863, 
          74.46710082204775
        ], 
        [
          -15.852545693589207, 
          1.084402930278263, 
          80.91759907004784
        ], 
        [
          -21.40273386672293, 
          4.1953591546113875, 
          83.218632818278
        ], 
        [
          -27.86384302104289, 
          -6.042392783321651, 
          81.47542783389802
        ], 
        [
          -22.313654847909163, 
          -9.153349007654775, 
          79.17439408566787
        ], 
        [
          -16.597189502148314, 
          -3.7258717385902127, 
          85.62489233366797
        ], 
        [
          -22.147377675282037, 
          -0.6149155142570879, 
          87.92592608189811
        ]
      ], 
      "cuboid_centroid": [
        -21.858194357316048, 
        -2.4789949265216937, 
        81.19651345197293
      ], 
      "location": [
        -21.858194357316048, 
        -2.4789949265216937, 
        81.19651345197293
      ], 
      "pose_transform_permuted": [
        [
          0.10996895934781531, 
          0.71038111568564, 
          -0.6951728270553336, 
          0.0
        ], 
        [
          -0.820317779210124, 
          0.45979931158333637, 
          0.34009277439866487, 
          0.0
        ], 
        [
          -0.5612356059501232, 
          -0.532863108519123, 
          -0.6333020623629264, 
          0.0
        ], 
        [
          -21.858194357316048, 
          -2.4789949265216937, 
          81.19651345197293, 
          1.0
        ]
      ], 
      "projected_cuboid": [
        [
          291.6259357608767, 
          264.72683123727535
        ], 
        [
          325.83649954900613, 
          242.18224399827238
        ], 
        [
          376.24386086696563, 
          280.43372629908333
        ], 
        [
          343.29126225660076, 
          300.1731512291737
        ], 
        [
          297.6867470148496, 
          233.7344118222806
        ], 
        [
          330.03947498464225, 
          211.62947910833006
        ], 
        [
          377.3590249098288, 
          250.07973084373154
        ], 
        [
          346.1414266816927, 
          269.5567338114616
        ]
      ], 
      "projected_cuboid_centroid": [
        336.8303799895926, 
        257.0038617347767
      ], 
      "quaternion_xyzw": [
        0.2924003710169402, 
        0.8729767629760515, 
        0.38479923952037315, 
        -0.06590204482257296
      ], 
      "visibility": 0.8298938679245284
    }, 
    {
      "bounding_box": {
        "bottom_right": [
          274, 
          491
        ], 
        "top_left": [
          202, 
          416
        ]
      }, 
      "class": "010_potted_meat_can", 
      "cuboid": [
        [
          1.9821726497448129, 
          -3.4617541579651827, 
          72.88696464199818
        ], 
        [
          -7.7416788040546995, 
          -5.526986911160892, 
          70.76504351787779
        ], 
        [
          -7.907292217967496, 
          -11.12059115254221, 
          76.96814634471646
        ], 
        [
          1.8165592358320166, 
          -9.055358399346499, 
          79.09006746883684
        ], 
        [
          0.3081117545598401, 
          0.6534901185479878, 
          76.55316227475043
        ], 
        [
          -9.415739699239673, 
          -1.4117426346477204, 
          74.43124115063006
        ], 
        [
          -9.581353113152469, 
          -7.005346876029038, 
          80.63434397746872
        ], 
        [
          0.14249834064704384, 
          -4.94011412283333, 
          82.7562651015891
        ]
      ], 
      "cuboid_centroid": [
        -3.7995902317038275, 
        -5.23355051699711, 
        76.76065430973344
      ], 
      "location": [
        -3.7995902317038275, 
        -5.23355051699711, 
        76.76065430973344
      ], 
      "pose_transform_permuted": [
        [
          0.29063053207058853, 
          -0.7144397417821023, 
          -0.6364816069399851, 
          0.0
        ], 
        [
          0.9566295001359743, 
          0.20317695984363063, 
          0.20875394425138782, 
          0.0
        ], 
        [
          0.01982373423588865, 
          0.6695479628254616, 
          -0.7425042390702021, 
          0.0
        ], 
        [
          -3.7995902317038275, 
          -5.23355051699711, 
          76.76065430973344, 
          1.0
        ]
      ], 
      "projected_cuboid": [
        [
          496.2216475026036, 
          247.9566138498004
        ], 
        [
          422.76581441674284, 
          231.63249229561558
        ], 
        [
          426.3500944146416, 
          196.23090757131484
        ], 
        [
          493.948559310906, 
          212.22450931509627
        ], 
        [
          483.76146585286443, 
          277.8391791431372
        ], 
        [
          413.56856476926305, 
          263.1710275880031
        ], 
        [
          417.69741181239345, 
          226.95282344241642
        ], 
        [
          482.523047102287, 
          241.45016158657106
        ]
      ], 
      "projected_cuboid_centroid": [
        454.97818567863794, 
        236.92474553282526
      ], 
      "quaternion_xyzw": [
        0.9031416098682172, 
        0.05075428471136883, 
        0.13823537495820962, 
        0.40329887498619843
      ], 
      "visibility": 0.8557625948930296
    }, 
    {
      "bounding_box": {
        "bottom_right": [
          145, 
          402
        ], 
        "top_left": [
          76, 
          230
        ]
      }, 
      "class": "037_scissors", 
      "cuboid": [
        [
          -29.67250233670277, 
          -17.023746903627387, 
          69.34423187240643
        ], 
        [
          -9.429813392845785, 
          -17.854721053561786, 
          69.29674011478255
        ], 
        [
          -9.709732381370092, 
          -24.33787939311912, 
          63.422622443228335
        ], 
        [
          -29.95242132522708, 
          -23.506905243184722, 
          63.470114200852215
        ], 
        [
          -29.632127934042014, 
          -15.973912857782945, 
          68.18362512538971
        ], 
        [
          -9.389438990185024, 
          -16.804887007717344, 
          68.13613336776584
        ], 
        [
          -9.66935797870933, 
          -23.28804534727468, 
          62.26201569621163
        ], 
        [
          -29.912046922566315, 
          -22.45707119734028, 
          62.3095074538355
        ]
      ], 
      "cuboid_centroid": [
        -19.670930157706053, 
        -20.155896125451033, 
        65.80312378430902
      ], 
      "location": [
        -19.670930157706053, 
        -20.155896125451033, 
        65.80312378430902
      ], 
      "pose_transform_permuted": [
        [
          -0.025790100363886497, 
          -0.6706062164002322, 
          0.7413648875517481, 
          0.0
        ], 
        [
          -0.9991554204160709, 
          0.04101591090172593, 
          0.002344137539562268, 
          0.0
        ], 
        [
          0.03197977610291, 
          0.7406784128214086, 
          0.6710976233830555, 
          0.0
        ], 
        [
          -19.670930157706053, 
          -20.155896125451033, 
          65.80312378430902, 
          1.0
        ]
      ], 
      "projected_cuboid": [
        [
          251.48702757623258, 
          142.35859549071458
        ], 
        [
          408.41881672291225, 
          135.87354605497487
        ], 
        [
          399.26769677384334, 
          68.62978943990983
        ], 
        [
          227.81882025957623, 
          75.76534137122736
        ], 
        [
          247.88857757718895, 
          148.3415745645125
        ], 
        [
          407.49097903478014, 
          141.75023130815453
        ], 
        [
          398.0817389600434, 
          73.80744147934506
        ], 
        [
          223.44027743333294, 
          81.07195725980567
        ]
      ], 
      "projected_cuboid_centroid": [
        320.83998300034017, 
        109.92751333540922
      ], 
      "quaternion_xyzw": [
        -0.006283095614449014, 
        -0.3595524557808281, 
        0.9328985369252687, 
        0.019561528964666865
      ], 
      "visibility": 0.7291777188328913
    }, 
    {
      "bounding_box": {
        "bottom_right": [
          269, 
          419
        ], 
        "top_left": [
          218, 
          360
        ]
      }, 
      "class": "061_foam_brick", 
      "cuboid": [
        [
          -9.969663604503578, 
          -5.012816136382957, 
          75.90969098100766
        ], 
        [
          -17.688083449845678, 
          -4.150732192321987, 
          76.48100658904303
        ], 
        [
          -17.78956340737276, 
          -7.578349279590002, 
          80.28210830707421
        ], 
        [
          -10.07114356203066, 
          -8.440433223650972, 
          79.71079269903883
        ], 
        [
          -9.279457252664681, 
          -1.1524265850111342, 
          79.40919725256106
        ], 
        [
          -16.997877098006782, 
          -0.2903426409501635, 
          79.98051286059643
        ], 
        [
          -17.09935705553386, 
          -3.7179597282181795, 
          83.78161457862761
        ], 
        [
          -9.380937210191762, 
          -4.5800436722791495, 
          83.21029897059223
        ]
      ], 
      "cuboid_centroid": [
        -13.53451033001872, 
        -4.365387932300568, 
        79.84565277981763
      ], 
      "location": [
        -13.53451033001872, 
        -4.365387932300568, 
        79.84565277981763
      ], 
      "pose_transform_permuted": [
        [
          -0.1313177980077212, 
          -0.7344728920380735, 
          -0.6658116901854696, 
          0.0
        ], 
        [
          0.9911421109054462, 
          -0.11070241282740317, 
          -0.07336410419331257, 
          0.0
        ], 
        [
          0.01982301481357812, 
          0.669548016691424, 
          -0.7425042097040804, 
          0.0
        ], 
        [
          -13.53451033001872, 
          -4.365387932300568, 
          79.84565277981763, 
          1.0
        ]
      ], 
      "projected_cuboid": [
        [
          410.96937602767616, 
          238.06793838210044
        ], 
        [
          357.2261272474421, 
          244.34253133990458
        ], 
        [
          362.43493827537975, 
          222.94304097887652
        ], 
        [
          413.65271122711937, 
          216.81428151276137
        ], 
        [
          418.7560080198366, 
          265.5467334346306
        ], 
        [
          367.3086461400653, 
          271.35049867998396
        ], 
        [
          371.8424529080724, 
          249.6195229391369
        ], 
        [
          420.9707939040564, 
          243.93167431162902
        ]
      ], 
      "projected_cuboid_centroid": [
        390.4415408962259, 
        244.1284461958376
      ], 
      "quaternion_xyzw": [
        0.9119350056037901, 
        -0.03578254668340116, 
        -0.056111976441104564, 
        0.40490196468668577
      ], 
      "visibility": 0.9660100424874469
    }
  ]
}