{
  "camera_data": {
    "location_worldframe": [
      -20.77449032606334, 
      -19.031136297123805, 
      63.20503348732427
    ], 
    "quaternion_xyzw_worldframe": [
      0.8930764548082533, 
      0.012025141833320768, 
      0.09478841597619539, 
      -0.43964229375161024
    ]
  }, 
  "objects": [
    {
      "bounding_box": {
        "bottom_right": [
          159, 
          589
        ], 
        "top_left": [
          0, 
          352
        ]
      }, 
      "class": "003_cracker_box", 
      "cuboid": [
        [
          -10.90009884135546, 
          -11.26504444744133, 
          57.358643557786316
        ], 
        [
          -10.405564745178426, 
          -20.867109941728273, 
          44.068275242412255
        ], 
        [
          10.375549703282564, 
          -24.41321286104527, 
          47.40353887696545
        ], 
        [
          9.88101560710553, 
          -14.811147366758327, 
          60.693907192339516
        ], 
        [
          -12.52336888855976, 
          -16.96284544460214, 
          61.41480623765324
        ], 
        [
          -12.028834792382726, 
          -26.564910938889085, 
          48.12443792227919
        ], 
        [
          8.752279656078263, 
          -30.111013858206082, 
          51.459701556832385
        ], 
        [
          8.25774555990123, 
          -20.50894836391914, 
          64.75006987220644
        ]
      ], 
      "cuboid_centroid": [
        -1.0739095926385986, 
        -20.688029152823706, 
        54.40917255730935
      ], 
      "location": [
        -1.0739095926385986, 
        -20.688029152823706, 
        54.40917255730935
      ], 
      "pose_transform_permuted": [
        [
          0.2260821846815988, 
          0.7935656174631447, 
          -0.5649251778332539, 
          0.0
        ], 
        [
          -0.030147898954626162, 
          0.5853632793275321, 
          0.8102104266198624, 
          0.0
        ], 
        [
          -0.9736415921468317, 
          0.1661428361237875, 
          -0.15626454507189783, 
          0.0
        ], 
        [
          -1.0739095926385986, 
          -20.688029152823706, 
          54.40917255730935, 
          1.0
        ]
      ], 
      "projected_cuboid": [
        [
          379.40356200594425, 
          168.54436772663894
        ], 
        [
          354.6182328701778, 
          20.750256157581536
        ], 
        [
          599.3013044485971, 
          -1.377438915189666
        ], 
        [
          569.1454722222547, 
          143.14044415864487
        ], 
        [
          371.93919370315933, 
          125.98300946577719
        ], 
        [
          347.18148303153475, 
          -21.10832335258229
        ], 
        [
          573.0601155487053, 
          -38.77888163596411
        ], 
        [
          550.1795191282766, 
          104.36280068954886
        ]
      ], 
      "projected_cuboid_centroid": [
        470.9828673090944, 
        70.50214399354668
      ], 
      "quaternion_xyzw": [
        0.6520966406527516, 
        0.5976893508889239, 
        0.3972925739443037, 
        -0.24432769342029803
      ], 
      "visibility": 0.8159418264221848
    }, 
    {
      "bounding_box": {
        "bottom_right": [
          236, 
          400
        ], 
        "top_left": [
          154, 
          309
        ]
      }, 
      "class": "005_tomato_soup_can", 
      "cuboid": [
        [
          -20.506706823468726, 
          -7.4008804439889335, 
          64.5273929835233
        ], 
        [
          -14.842789751863458, 
          -10.456757338089679, 
          62.439558336937495
        ], 
        [
          -9.851429432895795, 
          -6.702681400667343, 
          70.48552933025155
        ], 
        [
          -15.515346504501066, 
          -3.646804506566596, 
          72.57336397683736
        ], 
        [
          -22.152499583846136, 
          -12.902658651701179, 
          68.11537980127198
        ], 
        [
          -16.488582512240868, 
          -15.958535545801928, 
          66.02754515468618
        ], 
        [
          -11.497222193273208, 
          -12.204459608379588, 
          74.07351614800024
        ], 
        [
          -17.161139264878475, 
          -9.148582714278843, 
          76.16135079458604
        ]
      ], 
      "cuboid_centroid": [
        -16.001964508370968, 
        -9.802670026184261, 
        69.30045456576177
      ], 
      "location": [
        -16.001964508370968, 
        -9.802670026184261, 
        69.30045456576177
      ], 
      "pose_transform_permuted": [
        [
          0.24305059020242434, 
          0.8125023227351242, 
          -0.5298737086997258, 
          0.0
        ], 
        [
          -0.8371269097325432, 
          0.45165858690028565, 
          0.3085819484347711, 
          0.0
        ], 
        [
          -0.4900456774759586, 
          -0.36857060370083894, 
          -0.7899436334794576, 
          0.0
        ], 
        [
          -16.001964508370968, 
          -9.802670026184261, 
          69.30045456576177, 
          1.0
        ]
      ], 
      "projected_cuboid": [
        [
          310.69648651399, 
          212.1181831015859
        ], 
        [
          353.7627527618579, 
          183.97146892251908
        ], 
        [
          406.4363329454482, 
          222.57157159472916
        ], 
        [
          366.62933690901997, 
          246.48728061244393
        ], 
        [
          306.7053307623197, 
          172.26323672405405
        ], 
        [
          347.30514049626237, 
          144.38579655041858
        ], 
        [
          398.1287430158587, 
          185.41603243981604
        ], 
        [
          360.42480646362344, 
          209.22362065023728
        ]
      ], 
      "projected_cuboid_centroid": [
        357.4235585399142, 
        197.84755384940672
      ], 
      "quaternion_xyzw": [
        0.28468234084343363, 
        0.8269781167197092, 
        0.48442816194787686, 
        -0.01981048739605209
      ], 
      "visibility": 0.9202867072111207
    }, 
    {
      "bounding_box": {
        "bottom_right": [
          211, 
          548
        ], 
        "top_left": [
          129, 
          457
        ]
      }, 
      "class": "010_potted_meat_can", 
      "cuboid": [
        [
          8.706309964234698, 
          -11.060817408884096, 
          64.17280775789797
        ], 
        [
          -0.7022545824133044, 
          -11.987569950495972, 
          60.43903412046443
        ], 
        [
          -2.028357967764094, 
          -18.566979922667016, 
          65.41368336657798
        ], 
        [
          7.380206578883909, 
          -17.64022738105514, 
          69.14745700401151
        ], 
        [
          6.727265340905012, 
          -7.550200575859151, 
          68.28834809291011
        ], 
        [
          -2.6812992057429916, 
          -8.476953117471027, 
          64.55457445547658
        ], 
        [
          -4.007402591093781, 
          -15.056363089642069, 
          69.52922370159013
        ], 
        [
          5.401161955554222, 
          -14.129610548030195, 
          73.26299733902366
        ]
      ], 
      "cuboid_centroid": [
        2.3494536865704587, 
        -13.058590249263084, 
        66.85101572974405
      ], 
      "location": [
        2.3494536865704587, 
        -13.058590249263084, 
        66.85101572974405
      ], 
      "pose_transform_permuted": [
        [
          0.3435781777855768, 
          -0.6094715198309848, 
          -0.7144911399357355, 
          0.0
        ], 
        [
          0.9256116716735792, 
          0.09117362856108809, 
          0.3673274962466909, 
          0.0
        ], 
        [
          0.1587330425683295, 
          0.7875477694454828, 
          -0.5954597652557599, 
          0.0
        ], 
        [
          2.3494536865704587, 
          -13.058590249263084, 
          66.85101572974405, 
          1.0
        ]
      ], 
      "projected_cuboid": [
        [
          554.5553888502446, 
          181.36363891968733
        ], 
        [
          475.34866935832315, 
          167.50712071790326
        ], 
        [
          464.921996338612, 
          121.90943332257854
        ], 
        [
          538.9933887202412, 
          137.23122775704397
        ], 
        [
          534.5736213317517, 
          214.3208441781933
        ], 
        [
          459.2608327378875, 
          203.2539315967541
        ], 
        [
          450.60237646421257, 
          157.79764195256047
        ], 
        [
          521.2426017770313, 
          170.4297305677939
        ]
      ], 
      "projected_cuboid_centroid": [
        500.49658231047556, 
        169.10858597103535
      ], 
      "quaternion_xyzw": [
        0.9256957627988255, 
        -0.01824557719778707, 
        0.1919922566899454, 
        0.3254123367281209
      ], 
      "visibility": 0.7699691463832705
    }, 
    {
      "bounding_box": {
        "bottom_right": [
          66, 
          455
        ], 
        "top_left": [
          0, 
          231
        ]
      }, 
      "class": "037_scissors", 
      "cuboid": [
        [
          -22.738446312150085, 
          -21.386770816960066, 
          54.01918690110003
        ], 
        [
          -2.7629758432730203, 
          -23.69771535135182, 
          56.4888719192018
        ], 
        [
          -2.5146711917912747, 
          -28.99409858736667, 
          49.52456114695109
        ], 
        [
          -22.49014166066834, 
          -26.68315405297491, 
          47.05487612884932
        ], 
        [
          -22.480893166538984, 
          -20.153249710405788, 
          53.09027264547899
        ], 
        [
          -2.50542269766192, 
          -22.464194244797543, 
          55.55995766358076
        ], 
        [
          -2.2571180461801745, 
          -27.760577480812394, 
          48.595646891330055
        ], 
        [
          -22.232588515057238, 
          -25.449632946420635, 
          46.12596187322829
        ]
      ], 
      "cuboid_centroid": [
        -12.497782179165128, 
        -24.57367414888623, 
        51.30741689621504
      ], 
      "location": [
        -12.497782179165128, 
        -24.57367414888623, 
        51.30741689621504
      ], 
      "pose_transform_permuted": [
        [
          -0.16451813616056996, 
          -0.7879406515634781, 
          0.5933658531917758, 
          0.0
        ], 
        [
          -0.9859658294258615, 
          0.11406551591156687, 
          -0.12190076028933805, 
          0.0
        ], 
        [
          -0.028367947460655348, 
          0.6050934627046678, 
          0.795648413784985, 
          0.0
        ], 
        [
          -12.497782179165128, 
          -24.57367414888623, 
          51.30741689621504, 
          1.0
        ]
      ], 
      "projected_cuboid": [
        [
          255.23456811744444, 
          62.139640891696146
        ], 
        [
          455.2940302950795, 
          49.55299110925368
        ], 
        [
          454.29143222292896, 
          -38.94481177560223
        ], 
        [
          224.56974407002198, 
          -29.14011294112927
        ], 
        [
          253.88274722559814, 
          70.83659377281589
        ], 
        [
          457.3471194526237, 
          57.652919549715826
        ], 
        [
          456.6195876497685, 
          -31.3757220717084
        ], 
        [
          222.396271087599, 
          -20.968304273060827
        ]
      ], 
      "projected_cuboid_centroid": [
        350.6051391812002, 
        17.853260555333755
      ], 
      "quaternion_xyzw": [
        -0.08025205260134607, 
        -0.4437077111407958, 
        0.8922478839036697, 
        0.02401170403340619
      ], 
      "visibility": 0.47321949245734557
    }, 
    {
      "bounding_box": {
        "bottom_right": [
          211, 
          455
        ], 
        "top_left": [
          148, 
          388
        ]
      }, 
      "class": "061_foam_brick", 
      "cuboid": [
        [
          -3.616695550022359, 
          -12.232271090614308, 
          65.249603650017
        ], 
        [
          -11.285858461055053, 
          -10.914444611801429, 
          64.9481591686552
        ], 
        [
          -12.098460287544405, 
          -14.94613706712392, 
          67.99649733342838
        ], 
        [
          -4.42929737651171, 
          -16.263963545936804, 
          68.29794181479019
        ], 
        [
          -3.247295378437053, 
          -9.117757410504938, 
          69.46729075206066
        ], 
        [
          -10.91645828946975, 
          -7.799930931692059, 
          69.16584627069885
        ], 
        [
          -11.7290601159591, 
          -11.831623387014552, 
          72.21418443547205
        ], 
        [
          -4.059897204926404, 
          -13.149449865827433, 
          72.51562891683385
        ]
      ], 
      "cuboid_centroid": [
        -7.6728778329907295, 
        -12.03194723881443, 
        68.73189404274453
      ], 
      "location": [
        -7.6728778329907295, 
        -12.03194723881443, 
        68.73189404274453
      ], 
      "pose_transform_permuted": [
        [
          -0.07028161503732341, 
          -0.5925634808303682, 
          -0.8024518775440327, 
          0.0
        ], 
        [
          0.9848169014938829, 
          -0.1692254819237287, 
          0.03870925986982193, 
          0.0
        ], 
        [
          0.15873299946681885, 
          0.7875476223403126, 
          -0.5954599713048622, 
          0.0
        ], 
        [
          -7.6728778329907295, 
          -12.03194723881443, 
          68.73189404274453, 
          1.0
        ]
      ], 
      "projected_cuboid": [
        [
          451.7895511861527, 
          173.30570508205918
        ], 
        [
          388.1513322546166, 
          183.66295010121524
        ], 
        [
          385.9139549910715, 
          156.05891739429953
        ], 
        [
          446.721687946872, 
          146.28578175730928
        ], 
        [
          456.45892724568563, 
          203.28699533363357
        ], 
        [
          396.7216748659521, 
          213.14332948264772
        ], 
        [
          394.2531969485546, 
          185.90707780572714
        ], 
        [
          451.48953690497785, 
          176.5782941707692
        ]
      ], 
      "projected_cuboid_centroid": [
        421.56383898568146, 
        179.92561470830313
      ], 
      "quaternion_xyzw": [
        0.9453592440678605, 
        -0.08672853294884733, 
        -0.008349300904819607, 
        0.3141724851134873
      ], 
      "visibility": 0.9236912156166814
    }
  ]
}