{
  "camera_data": {
    "location_worldframe": [
      -19.5766489360918, 
      -18.998897306747722, 
      61.82712389630628
    ], 
    "quaternion_xyzw_worldframe": [
      0.8835707170751615, 
      0.009625311776519591, 
      0.10712685118502036, 
      -0.455782042175924
    ]
  }, 
  "objects": [
    {
      "bounding_box": {
        "bottom_right": [
          158, 
          607
        ], 
        "top_left": [
          0, 
          364
        ]
      }, 
      "class": "003_cracker_box", 
      "cuboid": [
        [
          -9.490199285281198, 
          -11.138924949848894, 
          56.49027686896044
        ], 
        [
          -8.819105980116232, 
          -20.237062943876413, 
          42.85753560006841
        ], 
        [
          11.843351295820964, 
          -24.16096297465804, 
          46.493386946713024
        ], 
        [
          11.172257990655998, 
          -15.062824980630518, 
          60.12612821560506
        ], 
        [
          -11.265606382616463, 
          -16.96567512948893, 
          60.29150160813847
        ], 
        [
          -10.594513077451499, 
          -26.06381312351645, 
          46.658760339246435
        ], 
        [
          10.067944198485698, 
          -29.987713154298074, 
          50.29461168589104
        ], 
        [
          9.396850893320732, 
          -20.889575160270553, 
          63.92735295478308
        ]
      ], 
      "cuboid_centroid": [
        0.2888724566022502, 
        -20.563319052073485, 
        53.392444277425746
      ], 
      "location": [
        0.2888724566022502, 
        -20.563319052073485, 
        53.392444277425746
      ], 
      "pose_transform_permuted": [
        [
          0.24727118938470471, 
          0.8115251140595476, 
          -0.5294185000081804, 
          0.0
        ], 
        [
          -0.04091134121922474, 
          0.554642737557567, 
          0.831082243724586, 
          0.0
        ], 
        [
          -0.9680822387896173, 
          0.18384347398068251, 
          -0.17034775024870857, 
          0.0
        ], 
        [
          0.2888724566022502, 
          -20.563319052073485, 
          53.392444277425746, 
          1.0
        ]
      ], 
      "projected_cuboid": [
        [
          391.25430605895747, 
          168.12495725474835
        ], 
        [
          370.9374663279223, 
          21.45633303098624
        ], 
        [
          618.5827480618973, 
          -3.8607199162617216
        ], 
        [
          581.5209877762195, 
          139.67907349871766
        ], 
        [
          381.11461983845606, 
          123.21353354568687
        ], 
        [
          359.49035478062734, 
          -24.62840553223354
        ], 
        [
          589.2463369380858, 
          -44.70050165590573
        ], 
        [
          560.6444261172638, 
          99.01341384663978
        ]
      ], 
      "projected_cuboid_centroid": [
        484.5065671675289, 
        67.88630029080284
      ], 
      "quaternion_xyzw": [
        0.6465969828203728, 
        0.588745778593512, 
        0.41693414203916157, 
        -0.24790456066393396
      ], 
      "visibility": 0.7870597925470668
    }, 
    {
      "bounding_box": {
        "bottom_right": [
          232, 
          408
        ], 
        "top_left": [
          151, 
          316
        ]
      }, 
      "class": "005_tomato_soup_can", 
      "cuboid": [
        [
          -19.20439962282546, 
          -7.431090882774805, 
          63.59650554454288
        ], 
        [
          -13.53211218880383, 
          -10.475010650357438, 
          61.51393467857829
        ], 
        [
          -8.672771473462229, 
          -7.089182324376492, 
          69.80051343957236
        ], 
        [
          -14.34505890748386, 
          -4.045262556793858, 
          71.88308430553695
        ], 
        [
          -20.98999926594994, 
          -13.043992726524356, 
          66.93698656802034
        ], 
        [
          -15.31771183192831, 
          -16.08791249410699, 
          64.85441570205576
        ], 
        [
          -10.45837111658671, 
          -12.702084168126044, 
          73.14099446304982
        ], 
        [
          -16.13065855060834, 
          -9.65816440054341, 
          75.22356532901442
        ]
      ], 
      "cuboid_centroid": [
        -14.831385369706085, 
        -10.066587525450425, 
        68.36875000379635
      ], 
      "location": [
        -14.831385369706085, 
        -10.066587525450425, 
        68.36875000379635
      ], 
      "pose_transform_permuted": [
        [
          0.2636972634556497, 
          0.8289130555895527, 
          -0.4933220657320259, 
          0.0
        ], 
        [
          -0.8383640492482465, 
          0.4498913236715266, 
          0.30780396169004276, 
          0.0
        ], 
        [
          -0.47708415356970196, 
          -0.3324165016733934, 
          -0.8135662110903471, 
          0.0
        ], 
        [
          -14.831385369706085, 
          -10.066587525450425, 
          68.36875000379635, 
          1.0
        ]
      ], 
      "projected_cuboid": [
        [
          319.20709165506236, 
          210.96949307190678
        ], 
        [
          363.2973203020612, 
          182.4692566133586
        ], 
        [
          414.7794455188791, 
          219.12075071206468
        ], 
        [
          374.28035351651664, 
          243.27366692213155
        ], 
        [
          312.96583967033513, 
          169.3586929965373
        ], 
        [
          354.58468036430776, 
          140.99024492919477
        ], 
        [
          404.7026310028718, 
          180.66720345253327
        ], 
        [
          366.28097481402364, 
          204.8121418295494
        ]
      ], 
      "projected_cuboid_centroid": [
        364.9387217470734, 
        194.76077492841827
      ], 
      "quaternion_xyzw": [
        0.2839636664417223, 
        0.8161039481361527, 
        0.5031464651136206, 
        -0.013511360389545198
      ], 
      "visibility": 0.9065840102607952
    }, 
    {
      "bounding_box": {
        "bottom_right": [
          207, 
          559
        ], 
        "top_left": [
          124, 
          466
        ]
      }, 
      "class": "010_potted_meat_can", 
      "cuboid": [
        [
          9.965777519499907, 
          -11.432556026330012, 
          63.71969491961151
        ], 
        [
          0.6299202717845953, 
          -12.10219089871053, 
          59.75555803178929
        ], 
        [
          -0.8783101353556533, 
          -18.848212358618813, 
          64.44712028692724
        ], 
        [
          8.457547112359658, 
          -18.178577486238297, 
          68.41125717474948
        ], 
        [
          7.938743459513469, 
          -8.056046397841351, 
          67.92315017296421
        ], 
        [
          -1.3971137882018425, 
          -8.72568127022187, 
          63.959013285142
        ], 
        [
          -2.9053441953420918, 
          -15.471702730130152, 
          68.65057554027996
        ], 
        [
          6.43051305237322, 
          -14.802067857749634, 
          72.61471242810218
        ]
      ], 
      "cuboid_centroid": [
        3.5302166620789075, 
        -13.452129378230083, 
        66.18513522994573
      ], 
      "location": [
        3.5302166620789075, 
        -13.452129378230083, 
        66.18513522994573
      ], 
      "pose_transform_permuted": [
        [
          0.35190953272579134, 
          -0.5861894227931866, 
          -0.7297538819111018, 
          0.0
        ], 
        [
          0.9184587500802489, 
          0.06587847174369216, 
          0.3899905616088139, 
          0.0
        ], 
        [
          0.18053343658127596, 
          0.8074909719646229, 
          -0.5615745796167981, 
          0.0
        ], 
        [
          3.5302166620789075, 
          -13.452129378230083, 
          66.18513522994573, 
          1.0
        ]
      ], 
      "projected_cuboid": [
        [
          565.7035069494159, 
          177.59860315633463
        ], 
        [
          487.26597201111457, 
          165.27423555888424
        ], 
        [
          474.2682143031108, 
          117.31183012999962
        ], 
        [
          548.0797607625724, 
          131.57022157403296
        ], 
        [
          544.4500223168494, 
          210.0320025842492
        ], 
        [
          469.8502099021184, 
          200.527806117133
        ], 
        [
          458.83848980562084, 
          153.092905429302
        ], 
        [
          529.2196296113301, 
          164.57258186982313
        ]
      ], 
      "projected_cuboid_centroid": [
        510.28060189260145, 
        164.88932752267434
      ], 
      "quaternion_xyzw": [
        0.9294761433135297, 
        -0.03083859808086234, 
        0.19954791192643562, 
        0.3087126040476604
      ], 
      "visibility": 0.7641068447412354
    }, 
    {
      "bounding_box": {
        "bottom_right": [
          64, 
          468
        ], 
        "top_left": [
          0, 
          241
        ]
      }, 
      "class": "037_scissors", 
      "cuboid": [
        [
          -21.368890680562323, 
          -20.98138036814019, 
          52.51883984270383
        ], 
        [
          -1.4790595375130917, 
          -23.628566282335374, 
          55.31995623074033
        ], 
        [
          -1.1412654070051014, 
          -28.660543896220886, 
          48.16593277998737
        ], 
        [
          -21.031096550054336, 
          -26.013357982025703, 
          45.36481639195086
        ], 
        [
          -21.077273457240057, 
          -19.716873958242918, 
          51.64318433291953
        ], 
        [
          -1.187442314190823, 
          -22.3640598724381, 
          54.44430072095605
        ], 
        [
          -0.8496481836828329, 
          -27.396037486323614, 
          47.29027727020309
        ], 
        [
          -20.739479326732067, 
          -24.74885157212843, 
          44.48916088216658
        ]
      ], 
      "cuboid_centroid": [
        -11.109269432122579, 
        -24.188708927231904, 
        49.90455855645345
      ], 
      "location": [
        -11.109269432122579, 
        -24.188708927231904, 
        49.90455855645345
      ], 
      "pose_transform_permuted": [
        [
          -0.18627736787864194, 
          -0.8077332436603992, 
          0.5593455752467217, 
          0.0
        ], 
        [
          -0.9817387725936899, 
          0.13066199665236908, 
          -0.13825982457593888, 
          0.0
        ], 
        [
          -0.03859181086453766, 
          0.574886035046317, 
          0.8173224310225062, 
          0.0
        ], 
        [
          -11.109269432122579, 
          -24.188708927231904, 
          49.90455855645345, 
          1.0
        ]
      ], 
      "projected_cuboid": [
        [
          262.79138825678564, 
          60.22430991612299
        ], 
        [
          467.21916547945574, 
          45.49212201939952
        ], 
        [
          468.85504512581383, 
          -44.058698412320204
        ], 
        [
          232.29005367188117, 
          -32.53269241045293
        ], 
        [
          262.1179760578278, 
          69.6702208105136
        ], 
        [
          469.8683162123194, 
          54.2151029323605
        ], 
        [
          471.93524753927335, 
          -35.67429151983836
        ], 
        [
          230.90801339985381, 
          -23.393528414307667
        ]
      ], 
      "projected_cuboid_centroid": [
        361.8852524339509, 
        14.786863088483933
      ], 
      "quaternion_xyzw": [
        -0.09192588477544901, 
        -0.4603006502112907, 
        0.882605571997867, 
        0.02607908580823403
      ], 
      "visibility": 0.45654471277574604
    }, 
    {
      "bounding_box": {
        "bottom_right": [
          207, 
          464
        ], 
        "top_left": [
          144, 
          396
        ]
      }, 
      "class": "061_foam_brick", 
      "cuboid": [
        [
          -2.3902237525177963, 
          -12.492835446728186, 
          64.49073137077991
        ], 
        [
          -10.035529461397024, 
          -11.070727639581602, 
          64.07780866349107
        ], 
        [
          -10.959729560573063, 
          -15.204516435944235, 
          66.95267834980396
        ], 
        [
          -3.3144238516938347, 
          -16.62662424309082, 
          67.36560105709279
        ], 
        [
          -2.076251082020937, 
          -9.544742131897127, 
          68.8307432843961
        ], 
        [
          -9.721556790900166, 
          -8.12263432475054, 
          68.41782057710728
        ], 
        [
          -10.645756890076203, 
          -12.256423121113176, 
          71.29269026342016
        ], 
        [
          -3.000451181196975, 
          -13.678530928259761, 
          71.705612970709
        ]
      ], 
      "cuboid_centroid": [
        -6.517990321297, 
        -12.374629283920681, 
        67.89171081710003
      ], 
      "location": [
        -6.517990321297, 
        -12.374629283920681, 
        67.89171081710003
      ], 
      "pose_transform_permuted": [
        [
          -0.05973604794334758, 
          -0.5609005500941278, 
          -0.8257252433347395, 
          0.0
        ], 
        [
          0.9817533369072848, 
          -0.18261651505793525, 
          0.053024465103441165, 
          0.0
        ], 
        [
          0.1805325179781227, 
          0.8074910410228708, 
          -0.5615747756267895, 
          0.0
        ], 
        [
          -6.517990321297, 
          -12.374629283920681, 
          67.89171081710003, 
          1.0
        ]
      ], 
      "projected_cuboid": [
        [
          461.6658898320928, 
          169.97442395424702
        ], 
        [
          397.3752962843262, 
          181.14487500495264
        ], 
        [
          393.56850403509424, 
          152.17314016379075
        ], 
        [
          455.13878981942844, 
          141.65697969465697
        ], 
        [
          465.3756385303693, 
          199.33124340867667
        ], 
        [
          405.18564010592206, 
          209.9702862244029
        ], 
        [
          401.2956388074013, 
          181.59985248858683
        ], 
        [
          459.09486020729196, 
          171.5507308273558
        ]
      ], 
      "projected_cuboid_centroid": [
        429.9686652694131, 
        176.07832136457313
      ], 
      "quaternion_xyzw": [
        0.9506536726464709, 
        -0.09549982382782676, 
        -0.0017649915613386364, 
        0.2951851336660073
      ], 
      "visibility": 0.8421811886901327
    }
  ]
}