{
  "camera_data": {
    "location_worldframe": [
      -14.6797470276537, 
      -18.876782322433996, 
      60.24105933357713
    ], 
    "quaternion_xyzw_worldframe": [
      0.8629578213947633, 
      0.02637115320814104, 
      0.13987948257183644, 
      -0.48481538570776134
    ]
  }, 
  "objects": [
    {
      "bounding_box": {
        "bottom_right": [
          162, 
          674
        ], 
        "top_left": [
          0, 
          426
        ]
      }, 
      "class": "003_cracker_box", 
      "cuboid": [
        [
          -4.284436374161678, 
          -10.637558846919847, 
          56.23490254258283
        ], 
        [
          -2.4886402882895577, 
          -18.795090314315505, 
          42.11725711341965
        ], 
        [
          17.868355041061147, 
          -22.877054003769256, 
          47.06537400221384
        ], 
        [
          16.072558955189027, 
          -14.7195225363736, 
          61.183019431377026
        ], 
        [
          -6.294023083194762, 
          -16.71353257406531, 
          59.490129425744485
        ], 
        [
          -4.498226997322642, 
          -24.87106404146097, 
          45.372483996581295
        ], 
        [
          15.858768332028061, 
          -28.95302773091472, 
          50.32060088537549
        ], 
        [
          14.062972246155942, 
          -20.795496263519063, 
          64.43824631453867
        ]
      ], 
      "cuboid_centroid": [
        5.787165978933192, 
        -19.795293288917286, 
        53.27775171397916
      ], 
      "location": [
        5.787165978933192, 
        -19.795293288917286, 
        53.27775171397916
      ], 
      "pose_transform_permuted": [
        [
          0.2798867349691961, 
          0.8462359153776445, 
          -0.45337422854992904, 
          0.0
        ], 
        [
          -0.1094757254525176, 
          0.4973012706290502, 
          0.8606430803575762, 
          0.0
        ], 
        [
          -0.9537706648481742, 
          0.19124910916313448, 
          -0.2318303196723404, 
          0.0
        ], 
        [
          5.787165978933192, 
          -19.795293288917286, 
          53.27775171397916, 
          1.0
        ]
      ], 
      "projected_cuboid": [
        [
          440.62579300526795, 
          172.40224382084915
        ], 
        [
          449.82146708512863, 
          35.28932688335236
        ], 
        [
          685.7590162524344, 
          14.056027991222514
        ], 
        [
          622.8657407320914, 
          144.9795388085381
        ], 
        [
          424.70193080155394, 
          123.45236697254748
        ], 
        [
          428.2831570158836, 
          -19.054201146143587
        ], 
        [
          651.0758675813275, 
          -33.570224642829665
        ], 
        [
          598.95843274976, 
          101.17376282984335
        ]
      ], 
      "projected_cuboid_centroid": [
        540.0103753905338, 
        75.13220102156876
      ], 
      "quaternion_xyzw": [
        0.6195053696822462, 
        0.585576819221721, 
        0.4602582443763836, 
        -0.24794199767002917
      ], 
      "visibility": 0.838891032424314
    }, 
    {
      "bounding_box": {
        "bottom_right": [
          228, 
          439
        ], 
        "top_left": [
          148, 
          351
        ]
      }, 
      "class": "005_tomato_soup_can", 
      "cuboid": [
        [
          -14.547601968435877, 
          -7.45294790655451, 
          62.80270424831308
        ], 
        [
          -8.705356253273171, 
          -10.328470800654433, 
          60.96506261116652
        ], 
        [
          -4.526222178287707, 
          -7.489687413410251, 
          69.80930144028864
        ], 
        [
          -10.368467893450413, 
          -4.614164519310329, 
          71.64694307743518
        ], 
        [
          -16.53391356890857, 
          -13.284591961570321, 
          65.61310288600362
        ], 
        [
          -10.691667853745864, 
          -16.160114855670244, 
          63.775461248857056
        ], 
        [
          -6.512533778760399, 
          -13.321331468426061, 
          72.61970007797916
        ], 
        [
          -12.354779493923106, 
          -10.44580857432614, 
          74.45734171512572
        ]
      ], 
      "cuboid_centroid": [
        -10.530067873598139, 
        -10.387139687490286, 
        67.71120216314613
      ], 
      "location": [
        -10.530067873598139, 
        -10.387139687490286, 
        67.71120216314613
      ], 
      "pose_transform_permuted": [
        [
          0.2933383949933654, 
          0.8612168940985131, 
          -0.41503952626339985, 
          0.0
        ], 
        [
          -0.8634838821971355, 
          0.42500226676532266, 
          0.2716034231172728, 
          0.0
        ], 
        [
          -0.4103022939972177, 
          -0.2787082957972653, 
          -0.8683165974426629, 
          0.0
        ], 
        [
          -10.530067873598139, 
          -10.387139687490286, 
          67.71120216314613, 
          1.0
        ]
      ], 
      "projected_cuboid": [
        [
          357.02955281780476, 
          209.99622081286088
        ], 
        [
          404.80837809457785, 
          182.93354716548825
        ], 
        [
          446.7300904400826, 
          216.06784524292203
        ], 
        [
          403.7739448586965, 
          238.94000214302497
        ], 
        [
          346.08535878792617, 
          165.3060777393277
        ], 
        [
          391.4433618694638, 
          138.14826457571627
        ], 
        [
          433.37039883327634, 
          175.45458689382696
        ], 
        [
          392.3653599558374, 
          198.46578630781661
        ]
      ], 
      "projected_cuboid_centroid": [
        397.96701341690294, 
        191.47341354265652
      ], 
      "quaternion_xyzw": [
        0.26117392567399506, 
        0.799567336791874, 
        0.5407716811196386, 
        0.006795854106328431
      ], 
      "visibility": 0.9537712895377128
    }, 
    {
      "bounding_box": {
        "bottom_right": [
          206, 
          594
        ], 
        "top_left": [
          124, 
          501
        ]
      }, 
      "class": "010_potted_meat_can", 
      "cuboid": [
        [
          14.561724446509405, 
          -11.343859657384558, 
          64.90734499783989
        ], 
        [
          5.563706667972487, 
          -11.780308314901825, 
          60.199244393147545
        ], 
        [
          3.76043944283371, 
          -18.83237918747708, 
          64.29934739372163
        ], 
        [
          12.758457221370628, 
          -18.395930529959813, 
          69.00744799841398
        ], 
        [
          12.188241890808793, 
          -8.265521252837074, 
          69.15812535483707
        ], 
        [
          3.1902241122718737, 
          -8.70196991035434, 
          64.45002475014473
        ], 
        [
          1.3869568871330964, 
          -15.754040782929597, 
          68.55012775071881
        ], 
        [
          10.384974665670017, 
          -15.31759212541233, 
          73.25822835541116
        ]
      ], 
      "cuboid_centroid": [
        7.974340666821251, 
        -13.548950220157078, 
        66.72873637427935
      ], 
      "location": [
        7.974340666821251, 
        -13.548950220157078, 
        66.72873637427935
      ], 
      "pose_transform_permuted": [
        [
          0.4120557979746074, 
          -0.5344244829923631, 
          -0.7379699032589814, 
          0.0
        ], 
        [
          0.8852222075372173, 
          0.04293768400921194, 
          0.4631814820964637, 
          0.0
        ], 
        [
          0.2158490027037443, 
          0.8441247329409801, 
          -0.4907775904308567, 
          0.0
        ], 
        [
          7.974340666821251, 
          -13.548950220157078, 
          66.72873637427935, 
          1.0
        ]
      ], 
      "projected_cuboid": [
        [
          602.2424513154183, 
          180.0782500098715
        ], 
        [
          531.2980459591266, 
          168.92195361721411
        ], 
        [
          513.047295366356, 
          117.0846941759892
        ], 
        [
          581.0216879875286, 
          131.114782803516
        ], 
        [
          576.3711523593714, 
          209.54617014124497
        ], 
        [
          508.21595316964243, 
          201.2783272266737
        ], 
        [
          492.47750847150377, 
          150.7201950831884
        ], 
        [
          557.8296756972862, 
          161.77453406184955
        ]
      ], 
      "projected_cuboid_centroid": [
        545.8619377365566, 
        164.9985517787473
      ], 
      "quaternion_xyzw": [
        0.931036632434135, 
        -0.04642978392871259, 
        0.2350168751638751, 
        0.27528510632897857
      ], 
      "visibility": 0.7047553882996921
    }, 
    {
      "bounding_box": {
        "bottom_right": [
          66, 
          530
        ], 
        "top_left": [
          0, 
          304
        ]
      }, 
      "class": "037_scissors", 
      "cuboid": [
        [
          -15.735151886787488, 
          -20.23512277660384, 
          50.71068394824664
        ], 
        [
          3.9041443085501526, 
          -22.989975248358157, 
          54.8541199611853
        ], 
        [
          4.834495524256554, 
          -27.527807360194352, 
          47.42731166586787
        ], 
        [
          -14.804800671081086, 
          -24.772954888440033, 
          43.28387565292922
        ], 
        [
          -15.388547039312162, 
          -18.91346741153826, 
          49.94656235247473
        ], 
        [
          4.250749156025479, 
          -21.66831988329258, 
          54.089998365413386
        ], 
        [
          5.181100371731881, 
          -26.206151995128767, 
          46.663190070095965
        ], 
        [
          -14.45819582360576, 
          -23.451299523374452, 
          42.5197540571573
        ]
      ], 
      "cuboid_centroid": [
        -5.277025757527804, 
        -23.220637385866304, 
        48.6869370091713
      ], 
      "location": [
        -5.277025757527804, 
        -23.220637385866304, 
        48.6869370091713
      ], 
      "pose_transform_permuted": [
        [
          -0.22140200755677336, 
          -0.844238484415684, 
          0.4881006614699162, 
          0.0
        ], 
        [
          -0.9693726609716635, 
          0.1359762918470987, 
          -0.20451514929448908, 
          0.0
        ], 
        [
          -0.10628940798983101, 
          0.5184316208563158, 
          0.8484871558574609, 
          0.0
        ], 
        [
          -5.277025757527804, 
          -23.220637385866304, 
          48.6869370091713, 
          1.0
        ]
      ], 
      "projected_cuboid": [
        [
          314.7328534986713, 
          60.47561916896206
        ], 
        [
          519.8714654748702, 
          49.766335210063055
        ], 
        [
          536.4139593383022, 
          -36.26334438138957
        ], 
        [
          297.66046518371627, 
          -31.951885697621503
        ], 
        [
          315.9118548533459, 
          71.33224761288427
        ], 
        [
          523.8581157749094, 
          59.64002887808244
        ], 
        [
          541.3060034672753, 
          -26.22693372007204
        ], 
        [
          298.73859192947356, 
          -20.85997259844989
        ]
      ], 
      "projected_cuboid_centroid": [
        423.31049887173856, 
        18.926304778313266
      ], 
      "quaternion_xyzw": [
        -0.1234484415572102, 
        -0.49062203509360974, 
        0.862540570538264, 
        0.008604489131085667
      ], 
      "visibility": 0.4996267837771381
    }, 
    {
      "bounding_box": {
        "bottom_right": [
          205, 
          498
        ], 
        "top_left": [
          142, 
          431
        ]
      }, 
      "class": "061_foam_brick", 
      "cuboid": [
        [
          2.1929854469292347, 
          -12.500099724945093, 
          64.65070793598642
        ], 
        [
          -5.410533927095159, 
          -11.082176490450276, 
          63.74540025929368
        ], 
        [
          -6.515527622668094, 
          -15.403502998001983, 
          66.25784080533771
        ], 
        [
          1.0879917513562993, 
          -16.8214262324968, 
          67.16314848203044
        ], 
        [
          2.1468827970459037, 
          -9.84959009738099, 
          69.18923299386202
        ], 
        [
          -5.45663657697849, 
          -8.431666862886173, 
          68.28392531716929
        ], 
        [
          -6.561630272551425, 
          -12.75299337043788, 
          70.79636586321331
        ], 
        [
          1.0418891014729683, 
          -14.170916604932696, 
          71.70167353990605
        ]
      ], 
      "cuboid_centroid": [
        -2.1843224128110954, 
        -12.626546547691486, 
        67.72353689959986
      ], 
      "location": [
        -2.1843224128110954, 
        -12.626546547691486, 
        67.72353689959986
      ], 
      "pose_transform_permuted": [
        [
          0.008771432556177128, 
          -0.5042826496201601, 
          -0.8634941060962624, 
          0.0
        ], 
        [
          0.9763874463539203, 
          -0.18207916333900592, 
          0.11625288332010508, 
          0.0
        ], 
        [
          0.21584859641281612, 
          0.8441245095184942, 
          -0.4907781534021036, 
          0.0
        ], 
        [
          -2.1843224128110954, 
          -12.626546547691486, 
          67.72353689959986, 
          1.0
        ]
      ], 
      "projected_cuboid": [
        [
          499.838302697132, 
          170.1701423882685
        ], 
        [
          435.9531410537416, 
          180.56860504078654
        ], 
        [
          428.7155343331836, 
          149.30136583546786
        ], 
        [
          490.30843581667966, 
          139.71334748308323
        ], 
        [
          498.2834272157704, 
          197.3646198181298
        ], 
        [
          438.62381008955833, 
          207.43248761942803
        ], 
        [
          431.75540540318605, 
          177.2163368407803
        ], 
        [
          489.41125867777487, 
          167.88275918832923
        ]
      ], 
      "projected_cuboid_centroid": [
        464.25228691508966, 
        173.85309356920658
      ], 
      "quaternion_xyzw": [
        0.9596882386963848, 
        -0.10366068471682965, 
        0.032568992417295835, 
        0.25921459774632855
      ], 
      "visibility": 0.7463019815796819
    }
  ]
}