{
  "camera_data": {
    "location_worldframe": [
      -13.6318970376943, 
      -18.367356872446607, 
      60.35709900548037
    ], 
    "quaternion_xyzw_worldframe": [
      0.8571476720825214, 
      0.030231467634232866, 
      0.14717929594386303, 
      -0.4926709912927212
    ]
  }, 
  "objects": [
    {
      "bounding_box": {
        "bottom_right": [
          169, 
          686
        ], 
        "top_left": [
          0, 
          436
        ]
      }, 
      "class": "003_cracker_box", 
      "cuboid": [
        [
          -3.1863797560212626, 
          -10.035409444304898, 
          56.68718946168979
        ], 
        [
          -1.1250119710335473, 
          -17.92667657928881, 
          42.454945030592704
        ], 
        [
          19.151241624873872, 
          -22.060356130665813, 
          47.683690638037625
        ], 
        [
          17.089873839886156, 
          -14.1690889956819, 
          61.91593506913471
        ], 
        [
          -5.23904953328376, 
          -16.174471090227925, 
          59.7937738284844
        ], 
        [
          -3.177681748296045, 
          -24.065738225211835, 
          45.56152939738731
        ], 
        [
          17.098571847611375, 
          -28.199417776588838, 
          50.79027500483223
        ], 
        [
          15.03720406262366, 
          -20.308150641604925, 
          65.02251943592931
        ]
      ], 
      "cuboid_centroid": [
        6.956096045795055, 
        -19.117413610446867, 
        53.73873223326101
      ], 
      "location": [
        6.956096045795055, 
        -19.117413610446867, 
        53.73873223326101
      ], 
      "pose_transform_permuted": [
        [
          0.2858871624426575, 
          0.8550225338018624, 
          -0.4326719277253016, 
          0.0
        ], 
        [
          -0.12566556718848398, 
          0.48106920442608275, 
          0.867629290524503, 
          0.0
        ], 
        [
          -0.9499877344332831, 
          0.19367211271605156, 
          -0.24497840146106536, 
          0.0
        ], 
        [
          6.956096045795055, 
          -19.117413610446867, 
          53.73873223326101, 
          1.0
        ]
      ], 
      "projected_cuboid": [
        [
          451.3694216244362, 
          178.87225439086336
        ], 
        [
          467.3468808872688, 
          48.09138877040914
        ], 
        [
          697.5796934671474, 
          26.551862481537956
        ], 
        [
          630.029281438736, 
          151.23956205101854
        ], 
        [
          434.4789137177768, 
          129.02131390312528
        ], 
        [
          444.09080171695905, 
          -8.414485858907186
        ], 
        [
          662.6355985414756, 
          -22.81939436188211
        ], 
        [
          605.9611716412696, 
          106.71756266158863
        ]
      ], 
      "projected_cuboid_centroid": [
        551.2067901192831, 
        83.55948945751452
      ], 
      "quaternion_xyzw": [
        0.6125109128115329, 
        0.5840944662890015, 
        0.4708146536003403, 
        -0.24899316876681718
      ], 
      "visibility": 0.9034844611340987
    }, 
    {
      "bounding_box": {
        "bottom_right": [
          231, 
          445
        ], 
        "top_left": [
          153, 
          360
        ]
      }, 
      "class": "005_tomato_soup_can", 
      "cuboid": [
        [
          -13.570384680715367, 
          -6.992651420536328, 
          63.131320380712616
        ], 
        [
          -7.690364455806632, 
          -9.822400920315317, 
          61.343787550085636
        ], 
        [
          -3.673330196517064, 
          -7.139840345384556, 
          70.31104564408909
        ], 
        [
          -9.553350421425796, 
          -4.310090845605566, 
          72.09857847471608
        ], 
        [
          -15.592539474414217, 
          -12.879150532904191, 
          65.79812836999861
        ], 
        [
          -9.712519249505483, 
          -15.708900032683182, 
          64.01059553937162
        ], 
        [
          -5.695484990215913, 
          -13.02633945775242, 
          72.97785363337509
        ], 
        [
          -11.575505215124647, 
          -10.19658995797343, 
          74.76538646400208
        ]
      ], 
      "cuboid_centroid": [
        -9.63293483546564, 
        -10.009495439144374, 
        68.05458700704385
      ], 
      "location": [
        -9.63293483546564, 
        -10.009495439144374, 
        68.05458700704385
      ], 
      "pose_transform_permuted": [
        [
          0.2986317159254366, 
          0.8693178861468357, 
          -0.39383406669249316, 
          0.0
        ], 
        [
          -0.8690669545145044, 
          0.41823695935502336, 
          0.2641973418096194, 
          0.0
        ], 
        [
          -0.39438753150260125, 
          -0.2633705303375352, 
          -0.880394479051868, 
          0.0
        ], 
        [
          -9.63293483546564, 
          -10.009495439144374, 
          68.05458700704385, 
          1.0
        ]
      ], 
      "projected_cuboid": [
        [
          366.0020752831841, 
          214.21414858149964
        ], 
        [
          414.18027836951507, 
          187.89111370501035
        ], 
        [
          453.5021263129689, 
          219.12980283367503
        ], 
        [
          410.3411828602305, 
          241.4044135091167
        ], 
        [
          354.16021210530573, 
          168.89598214096313
        ], 
        [
          400.0005251150746, 
          142.4040809926587
        ], 
        [
          439.62780392259225, 
          178.09050817278134
        ], 
        [
          398.33808406966426, 
          200.55179583211498
        ]
      ], 
      "projected_cuboid_centroid": [
        405.47808920522294, 
        194.84568380645615
      ], 
      "quaternion_xyzw": [
        0.2556347533678719, 
        0.7947124561035476, 
        0.550423096983245, 
        0.010832337486141819
      ], 
      "visibility": 0.9483621474067334
    }, 
    {
      "bounding_box": {
        "bottom_right": [
          210, 
          601
        ], 
        "top_left": [
          128, 
          508
        ]
      }, 
      "class": "010_potted_meat_can", 
      "cuboid": [
        [
          15.50633314720795, 
          -10.865875387403905, 
          65.67484160732455
        ], 
        [
          6.593249696676329, 
          -11.232418516258868, 
          60.80209985180661
        ], 
        [
          4.734253232557291, 
          -18.362649320605406, 
          64.73888302027568
        ], 
        [
          13.647336683088913, 
          -17.996106191750442, 
          69.61162477579363
        ], 
        [
          13.051763860390942, 
          -7.871340057235887, 
          69.93941288602895
        ], 
        [
          4.13868040985932, 
          -8.23788318609085, 
          65.066671130511
        ], 
        [
          2.279683945740281, 
          -15.368113990437388, 
          69.00345429898007
        ], 
        [
          11.192767396271902, 
          -15.001570861582426, 
          73.87619605449801
        ]
      ], 
      "cuboid_centroid": [
        8.893008546474116, 
        -13.116994688920647, 
        67.3391479531523
      ], 
      "location": [
        8.893008546474116, 
        -13.116994688920647, 
        67.3391479531523
      ], 
      "pose_transform_permuted": [
        [
          0.4261331113363887, 
          -0.5198755904364779, 
          -0.740364118980187, 
          0.0
        ], 
        [
          0.8768663946034084, 
          0.03606039970898424, 
          0.47937882761993555, 
          0.0
        ], 
        [
          0.22251972820001809, 
          0.8534803864398262, 
          -0.47122839528652694, 
          0.0
        ], 
        [
          8.893008546474116, 
          -13.116994688920647, 
          67.3391479531523, 
          1.0
        ]
      ], 
      "projected_cuboid": [
        [
          608.5672727877873, 
          185.04903347326217
        ], 
        [
          539.9110493216571, 
          174.76249398138197
        ], 
        [
          520.9229104142453, 
          122.01484429904588
        ], 
        [
          587.0255321190184, 
          135.4119245989668
        ], 
        [
          581.952057577702, 
          213.26401813037202
        ], 
        [
          515.8024982051527, 
          205.76465080503112
        ], 
        [
          499.36331009823476, 
          154.50819230624126
        ], 
        [
          563.0721299192905, 
          164.98871072311897
        ]
      ], 
      "projected_cuboid_centroid": [
        552.6157878212827, 
        169.40120006744698
      ], 
      "quaternion_xyzw": [
        0.9314922034058338, 
        -0.05004318012788481, 
        0.243027245865688, 
        0.26599900195063664
      ], 
      "visibility": 0.6796370615948351
    }, 
    {
      "bounding_box": {
        "bottom_right": [
          74, 
          542
        ], 
        "top_left": [
          0, 
          318
        ]
      }, 
      "class": "037_scissors", 
      "cuboid": [
        [
          -14.516951474836654, 
          -19.55102896477121, 
          50.786216475301
        ], 
        [
          5.05283919579103, 
          -22.344326626696045, 
          55.222432257062536
        ], 
        [
          6.123438510608949, 
          -26.742086325325822, 
          47.73053784674194
        ], 
        [
          -13.446352160018732, 
          -23.948788663400983, 
          43.29432206498042
        ], 
        [
          -14.159977962108977, 
          -18.214789111394904, 
          50.05285258003156
        ], 
        [
          5.409812708518706, 
          -21.00808677331974, 
          54.48906836179308
        ], 
        [
          6.480412023336625, 
          -25.405846471949516, 
          46.99717395147249
        ], 
        [
          -13.089378647291056, 
          -22.612548810024677, 
          42.560958169710965
        ]
      ], 
      "cuboid_centroid": [
        -4.018269725750014, 
        -22.47843771836036, 
        48.89169521338675
      ], 
      "location": [
        -4.018269725750014, 
        -22.47843771836036, 
        48.89169521338675
      ], 
      "pose_transform_permuted": [
        [
          -0.22802523662952223, 
          -0.8535546697336407, 
          0.46845345604657057, 
          0.0
        ], 
        [
          -0.9659419496686628, 
          0.13787390141143774, 
          -0.21896641581440981, 
          0.0
        ], 
        [
          -0.12231226814694247, 
          0.5024288322061041, 
          0.8559230193413302, 
          0.0
        ], 
        [
          -4.018269725750014, 
          -22.47843771836036, 
          48.89169521338675, 
          1.0
        ]
      ], 
      "projected_cuboid": [
        [
          327.8802795189521, 
          67.97597653943993
        ], 
        [
          530.8023466834279, 
          57.49258476842013
        ], 
        [
          550.5878042889541, 
          -25.517518615280125
        ], 
        [
          314.57830040953934, 
          -21.725772599357104
        ], 
        [
          329.46334947008876, 
          79.2056168010322
        ], 
        [
          534.9876427686129, 
          67.66687117453823
        ], 
        [
          555.7490257915434, 
          -15.016657962236977
        ], 
        [
          316.21082887369164, 
          -10.065050526315407
        ]
      ], 
      "projected_cuboid_centroid": [
        437.39977009845546, 
        28.087614483849645
      ], 
      "quaternion_xyzw": [
        -0.13041586889740858, 
        -0.49876326987876146, 
        0.8568582493506931, 
        0.0045403172801007355
      ], 
      "visibility": 0.5910559889678672
    }, 
    {
      "bounding_box": {
        "bottom_right": [
          208, 
          506
        ], 
        "top_left": [
          146, 
          438
        ]
      }, 
      "class": "061_foam_brick", 
      "cuboid": [
        [
          3.146580311727483, 
          -12.040960294461556, 
          65.1796107537164
        ], 
        [
          -4.443070615506324, 
          -10.62118340742923, 
          64.1671743096118
        ], 
        [
          -5.582211637923944, 
          -14.990406449647791, 
          66.5795339610574
        ], 
        [
          2.0074392893098634, 
          -16.410183336680117, 
          67.59197040516199
        ], 
        [
          3.014930168380013, 
          -9.475023609068591, 
          69.7648232468744
        ], 
        [
          -4.574720758853794, 
          -8.055246722036266, 
          68.7523868027698
        ], 
        [
          -5.713861781271413, 
          -12.424469764254829, 
          71.16474645421539
        ], 
        [
          1.8757891459623934, 
          -13.844246651287154, 
          72.17718289832
        ]
      ], 
      "cuboid_centroid": [
        -1.2836407347719652, 
        -12.232715029358191, 
        68.17217860396589
      ], 
      "location": [
        -1.2836407347719652, 
        -12.232715029358191, 
        68.17217860396589
      ], 
      "pose_transform_permuted": [
        [
          0.02504759176111712, 
          -0.48819190732641105, 
          -0.8723767991917077, 
          0.0
        ], 
        [
          0.9746065634915689, 
          -0.18231719562096613, 
          0.13000956341769931, 
          0.0
        ], 
        [
          0.22251890828898752, 
          0.8534805807995325, 
          -0.47122843043684226, 
          0.0
        ], 
        [
          -1.2836407347719652, 
          -12.232715029358191, 
          68.17217860396589, 
          1.0
        ]
      ], 
      "projected_cuboid": [
        [
          507.5579125603222, 
          174.76370467567804
        ], 
        [
          444.3611532153704, 
          185.00954637973499
        ], 
        [
          436.5094516349499, 
          153.20943855372946
        ], 
        [
          497.56832444321054, 
          143.80559395184784
        ], 
        [
          504.8368751531667, 
          200.85439515433205
        ], 
        [
          445.8147445940076, 
          210.8011316716715
        ], 
        [
          438.4196614462613, 
          180.17564577783665
        ], 
        [
          495.572841885722, 
          170.99094321176406
        ]
      ], 
      "projected_cuboid_centroid": [
        471.47129913842264, 
        177.58845976086945
      ], 
      "quaternion_xyzw": [
        0.9618294993764239, 
        -0.10522553741916267, 
        0.04030266156302742, 
        0.24937380751611055
      ], 
      "visibility": 0.7130777903043969
    }
  ]
}