{
  "camera_data": {
    "location_worldframe": [
      -10.923036567618162, 
      -16.561619776173504, 
      62.31845440981354
    ], 
    "quaternion_xyzw_worldframe": [
      -0.8457140909719186, 
      -0.04223932567397708, 
      -0.1625794483109023, 
      0.5065121946324717
    ]
  }, 
  "objects": [
    {
      "bounding_box": {
        "bottom_right": [
          192, 
          707
        ], 
        "top_left": [
          22, 
          462
        ]
      }, 
      "class": "003_cracker_box", 
      "cuboid": [
        [
          -0.4280835829867033, 
          -8.015528942493376, 
          59.348916114852116
        ], 
        [
          2.2945402562405155, 
          -15.418835576027625, 
          44.96640986569318
        ], 
        [
          22.385492028717955, 
          -19.52761179410649, 
          50.88461584488405
        ], 
        [
          19.66286818949074, 
          -12.124305160572241, 
          65.26712209404299
        ], 
        [
          -2.5384993073768416, 
          -14.27181884101002, 
          62.169798904141324
        ], 
        [
          0.18412453185037703, 
          -21.67512547454427, 
          47.787292654982394
        ], 
        [
          20.275076304327822, 
          -25.783901692623136, 
          53.70549863417327
        ], 
        [
          17.5524524651006, 
          -18.380595059088886, 
          68.0880048833322
        ]
      ], 
      "cuboid_centroid": [
        9.923496360670558, 
        -16.899715317558258, 
        56.52720737451269
      ], 
      "location": [
        9.923496360670558, 
        -16.899715317558258, 
        56.52720737451269
      ], 
      "pose_transform_permuted": [
        [
          0.2939297736555051, 
          0.871349588870991, 
          -0.3928806207147135, 
          0.0
        ], 
        [
          -0.1659772077011552, 
          0.4513220464337915, 
          0.8767895853205274, 
          0.0
        ], 
        [
          -0.9413059304405509, 
          0.19250533597064196, 
          -0.2772811586463804, 
          0.0
        ], 
        [
          9.923496360670558, 
          -16.899715317558258, 
          56.52720737451269, 
          1.0
        ]
      ], 
      "projected_cuboid": [
        [
          477.7181785989336, 
          201.25761421416476
        ], 
        [
          509.038023168943, 
          90.41298888217118
        ], 
        [
          718.1737226833197, 
          68.61843526630234
        ], 
        [
          643.6079355433405, 
          174.21476697306838
        ], 
        [
          459.6392437525546, 
          150.8566667328967
        ], 
        [
          483.66907492021204, 
          31.386061075866646
        ], 
        [
          684.6155080585238, 
          17.240880591604522
        ], 
        [
          620.2276161051071, 
          129.31505119535998
        ]
      ], 
      "projected_cuboid_centroid": [
        576.0029228910792, 
        113.84209436763321
      ], 
      "quaternion_xyzw": [
        0.595694709768393, 
        0.5844554072906732, 
        0.4913252290889111, 
        -0.24931748615645136
      ], 
      "visibility": 0.9912059096287295
    }, 
    {
      "bounding_box": {
        "bottom_right": [
          243, 
          462
        ], 
        "top_left": [
          170, 
          383
        ]
      }, 
      "class": "005_tomato_soup_can", 
      "cuboid": [
        [
          -11.097393587996256, 
          -5.283303660243782, 
          65.45736958130468
        ], 
        [
          -5.11936420799201, 
          -7.997232653997216, 
          63.82178166068557
        ], 
        [
          -1.498849282544136, 
          -5.570226294616225, 
          73.02753665465988
        ], 
        [
          -7.476878662548381, 
          -2.8562973008627908, 
          74.66312457527897
        ], 
        [
          -13.162217576479668, 
          -11.272552243556692, 
          67.84844673714348
        ], 
        [
          -7.1841881964754215, 
          -13.986481237310128, 
          66.21285881652439
        ], 
        [
          -3.5636732710275467, 
          -11.559474877929135, 
          75.4186138104987
        ], 
        [
          -9.541702651031791, 
          -8.845545884175701, 
          77.05420173111779
        ]
      ], 
      "cuboid_centroid": [
        -7.330533429511902, 
        -8.42138926908646, 
        70.43799169590169
      ], 
      "location": [
        -7.330533429511902, 
        -8.42138926908646, 
        70.43799169590169
      ], 
      "pose_transform_permuted": [
        [
          0.3049331004165627, 
          0.8844919227311584, 
          -0.35311415139102204, 
          0.0
        ], 
        [
          -0.8835527070587855, 
          0.4011186892484744, 
          0.24173988500782842, 
          0.0
        ], 
        [
          -0.3554577462001133, 
          -0.2382805286770609, 
          -0.9038098142417552, 
          0.0
        ], 
        [
          -7.330533429511902, 
          -8.42138926908646, 
          70.43799169590169, 
          1.0
        ]
      ], 
      "projected_cuboid": [
        [
          390.4266019536144, 
          230.24036420648787
        ], 
        [
          438.4611710874776, 
          206.45855739906665
        ], 
        [
          470.55976387892895, 
          232.60721478774906
        ], 
        [
          427.74456382807244, 
          252.88397253062664
        ], 
        [
          377.27387015482816, 
          184.67916149867457
        ], 
        [
          423.2489177299313, 
          160.63071135140146
        ], 
        [
          456.1866941414455, 
          191.5441933254493
        ], 
        [
          415.00518651982713, 
          212.063363412297
        ]
      ], 
      "projected_cuboid_centroid": [
        425.6315735708374, 
        209.5241889056529
      ], 
      "quaternion_xyzw": [
        0.24045833151397827, 
        0.7865982753488068, 
        0.5683656426083298, 
        0.020084335736914777
      ], 
      "visibility": 0.9425051334702259
    }, 
    {
      "bounding_box": {
        "bottom_right": [
          226, 
          613
        ], 
        "top_left": [
          148, 
          524
        ]
      }, 
      "class": "010_potted_meat_can", 
      "cuboid": [
        [
          17.892396581236365, 
          -8.960563498836088, 
          69.06240651106855
        ], 
        [
          9.188894424408529, 
          -9.252896672650419, 
          63.81982945402871
        ], 
        [
          7.249023592411861, 
          -16.524994044159087, 
          67.44582198944104
        ], 
        [
          15.952525749239694, 
          -16.232660870344752, 
          72.68839904648088
        ], 
        [
          15.234487913479477, 
          -6.130078450825478, 
          73.3171211108286
        ], 
        [
          6.530985756651646, 
          -6.4224116246398095, 
          68.07454405378877
        ], 
        [
          4.591114924654978, 
          -13.694508996148475, 
          71.7005365892011
        ], 
        [
          13.294617081482812, 
          -13.402175822334145, 
          76.94311364624093
        ]
      ], 
      "cuboid_centroid": [
        11.24175575294567, 
        -11.327536247492281, 
        70.38147155013482
      ], 
      "location": [
        11.24175575294567, 
        -11.327536247492281, 
        70.38147155013482
      ], 
      "pose_transform_permuted": [
        [
          0.46143447501045604, 
          -0.4913951325708936, 
          -0.7386529196717992, 
          0.0
        ], 
        [
          0.856247851715717, 
          0.028759647272264082, 
          0.5157631102581981, 
          0.0
        ], 
        [
          0.23220029656355523, 
          0.8704616505653316, 
          -0.4340271157092315, 
          0.0
        ], 
        [
          11.24175575294567, 
          -11.327536247492281, 
          70.38147155013482, 
          1.0
        ]
      ], 
      "projected_cuboid": [
        [
          620.9186995107295, 
          204.09051323225512
        ], 
        [
          559.025304621741, 
          195.96337621808019
        ], 
        [
          539.3955203345829, 
          142.61716995273352
        ], 
        [
          599.6171996167576, 
          154.18643338847343
        ], 
        [
          593.3384919337509, 
          228.6954406406287
        ], 
        [
          533.1894696151846, 
          222.97113832337783
        ], 
        [
          516.0310709425007, 
          171.4246806371292
        ], 
        [
          574.514633252369, 
          180.3913783701912
        ]
      ], 
      "projected_cuboid_centroid": [
        567.4920015156915, 
        187.45149110314867
      ], 
      "quaternion_xyzw": [
        0.930774196831977, 
        -0.05464285805937962, 
        0.26246902540774275, 
        0.24856250082725004
      ], 
      "visibility": 0.6146700212889491
    }, 
    {
      "bounding_box": {
        "bottom_right": [
          103, 
          571
        ], 
        "top_left": [
          21, 
          364
        ]
      }, 
      "class": "037_scissors", 
      "cuboid": [
        [
          -11.406078131891597, 
          -17.44112546671481, 
          52.686257089665375
        ], 
        [
          7.996667115618908, 
          -20.191205435494954, 
          57.827245925305235
        ], 
        [
          9.418009007889266, 
          -24.332104854210037, 
          50.24782019873886
        ], 
        [
          -9.984736239621238, 
          -21.58202488542989, 
          45.106831363099
        ], 
        [
          -11.034133774414729, 
          -16.07836147634199, 
          52.01148206129717
        ], 
        [
          8.368611473095777, 
          -18.82844144512213, 
          57.15247089693703
        ], 
        [
          9.789953365366136, 
          -22.969340863837214, 
          49.57304517037066
        ], 
        [
          -9.61279188214437, 
          -20.21926089505707, 
          44.4320563347308
        ]
      ], 
      "cuboid_centroid": [
        -0.8080623832627303, 
        -20.205233165276013, 
        51.12965113001802
      ], 
      "location": [
        -0.8080623832627303, 
        -20.205233165276013, 
        51.12965113001802
      ], 
      "pose_transform_permuted": [
        [
          -0.2375882162197835, 
          -0.870497586783173, 
          0.431028437767398, 
          0.0
        ], 
        [
          -0.9576967832075207, 
          0.13574072668928683, 
          -0.25375318840666566, 
          0.0
        ], 
        [
          -0.16238339428175505, 
          0.47308343379384404, 
          0.8659231694215025, 
          0.0
        ], 
        [
          -0.8080623832627303, 
          -20.205233165276013, 
          51.12965113001802, 
          1.0
        ]
      ], 
      "projected_cuboid": [
        [
          365.1762272633058, 
          96.73777028071075
        ], 
        [
          555.962011944614, 
          87.07041970925444
        ], 
        [
          582.390821838263, 
          15.030797390133216
        ], 
        [
          362.5589607981975, 
          18.111963131938154
        ], 
        [
          367.5114888328759, 
          108.42092175977275
        ], 
        [
          560.3397386566558, 
          97.58850803303976
        ], 
        [
          587.7976189904103, 
          26.176455211306816
        ], 
        [
          365.2528345248414, 
          30.59401636272363
        ]
      ], 
      "projected_cuboid_centroid": [
        473.0981479499437, 
        62.53120733818864
      ], 
      "quaternion_xyzw": [
        -0.14522221983507613, 
        -0.5132213047981551, 
        0.8458440540029768, 
        -0.007874580268780391
      ], 
      "visibility": 0.8359554244509997
    }, 
    {
      "bounding_box": {
        "bottom_right": [
          223, 
          524
        ], 
        "top_left": [
          163, 
          456
        ]
      }, 
      "class": "061_foam_brick", 
      "cuboid": [
        [
          5.576379251186891, 
          -10.236410446475631, 
          68.02438559216839
        ], 
        [
          -1.9808701089164735, 
          -8.856662571731391, 
          66.74850430030797
        ], 
        [
          -3.1695660349998067, 
          -13.312818782655029, 
          68.97041905310354
        ], 
        [
          4.387683325103557, 
          -14.69256665739927, 
          70.24630034496396
        ], 
        [
          5.230974918237288, 
          -7.822629043580676, 
          72.68055264532694
        ], 
        [
          -2.326274441866077, 
          -6.4428811688364345, 
          71.40467135346653
        ], 
        [
          -3.5149703679494095, 
          -10.899037379760072, 
          73.6265861062621
        ], 
        [
          4.042278992153955, 
          -12.278785254504312, 
          74.90246739812251
        ]
      ], 
      "cuboid_centroid": [
        1.0307044416187403, 
        -10.567723913117852, 
        70.82548584921524
      ], 
      "location": [
        1.0307044416187403, 
        -10.567723913117852, 
        70.82548584921524
      ], 
      "pose_transform_permuted": [
        [
          0.06571619676408705, 
          -0.4592430334140701, 
          -0.8858765251114331, 
          0.0
        ], 
        [
          0.9704457950589356, 
          -0.17717696737067004, 
          0.163839192764623, 
          0.0
        ], 
        [
          0.2321989240614491, 
          0.8704620373652008, 
          -0.4340270742369995, 
          0.0
        ], 
        [
          1.0307044416187403, 
          -10.567723913117852, 
          70.82548584921524, 
          1.0
        ]
      ], 
      "projected_cuboid": [
        [
          525.6809088254203, 
          193.03181601726277
        ], 
        [
          465.63804980648916, 
          202.52193223398524
        ], 
        [
          456.88388642640956, 
          170.34404377196907
        ], 
        [
          515.1865706550476, 
          161.73854916268743
        ], 
        [
          520.3010963487905, 
          215.88519595829948
        ], 
        [
          464.077393341359, 
          225.16483061616145
        ], 
        [
          455.92394357671685, 
          194.33856035890648
        ], 
        [
          510.61870574777413, 
          185.8592894373588
        ]
      ], 
      "projected_cuboid_centroid": [
        489.4230057075407, 
        193.71102861732686
      ], 
      "quaternion_xyzw": [
        0.9652440569016172, 
        -0.1060291147365865, 
        0.059455271412281685, 
        0.23135861372677596
      ], 
      "visibility": 0.6263702801461632
    }
  ]
}