{
  "camera_data": {
    "location_worldframe": [
      -20.52488447477439, 
      -19.084526095966204, 
      62.69245892472411
    ], 
    "quaternion_xyzw_worldframe": [
      0.8897658076063137, 
      0.011014524849509908, 
      0.09869251301005574, 
      -0.4454834869746466
    ]
  }, 
  "objects": [
    {
      "bounding_box": {
        "bottom_right": [
          158, 
          593
        ], 
        "top_left": [
          0, 
          354
        ]
      }, 
      "class": "003_cracker_box", 
      "cuboid": [
        [
          -10.581091609169375, 
          -11.280051884898633, 
          57.01731119172393
        ], 
        [
          -10.037333506238427, 
          -20.702211874963574, 
          43.60070417153166
        ], 
        [
          10.706948767129774, 
          -24.378470714933943, 
          47.023191724578
        ], 
        [
          10.163190664198826, 
          -14.956310724869004, 
          60.43979874477028
        ], 
        [
          -12.253902184581626, 
          -17.02585759772731, 
          60.984655268579004
        ], 
        [
          -11.710144081650679, 
          -26.44801758779225, 
          47.56804824838672
        ], 
        [
          9.034138191717524, 
          -30.12427642776262, 
          50.99053580143307
        ], 
        [
          8.490380088786576, 
          -20.702116437697683, 
          64.40714282162534
        ]
      ], 
      "cuboid_centroid": [
        -0.7734767087259259, 
        -20.70216415633063, 
        54.0039234965785
      ], 
      "location": [
        -0.7734767087259259, 
        -20.70216415633063, 
        54.0039234965785
      ], 
      "pose_transform_permuted": [
        [
          0.23298197986159597, 
          0.800251511170049, 
          -0.5525548985664901, 
          0.0
        ], 
        [
          -0.03314870394103836, 
          0.5743958394591909, 
          0.8179062189756239, 
          0.0
        ], 
        [
          -0.9719159225400109, 
          0.17224093149430197, 
          -0.16035118032361045, 
          0.0
        ], 
        [
          -0.7734767087259259, 
          -20.70216415633063, 
          54.0039234965785, 
          1.0
        ]
      ], 
      "projected_cuboid": [
        [
          381.8005298122378, 
          167.77695775632932
        ], 
        [
          357.7982246328212, 
          20.059090909943556
        ], 
        [
          604.0432829201494, 
          -3.205026355379582
        ], 
        [
          572.0242108159533, 
          141.31234933052667
        ], 
        [
          373.5418928674837, 
          124.39296406252875
        ], 
        [
          349.21210981795474, 
          -23.241199334397447
        ], 
        [
          576.8742489914672, 
          -41.788922499118975
        ], 
        [
          552.4870466747527, 
          101.86387233251966
        ]
      ], 
      "projected_cuboid_centroid": [
        473.894889052242, 
        68.84084508109665
      ], 
      "quaternion_xyzw": [
        0.6503166778808139, 
        0.5944456810788574, 
        0.4039909457119213, 
        -0.24599566357873554
      ], 
      "visibility": 0.8020110996766711
    }, 
    {
      "bounding_box": {
        "bottom_right": [
          234, 
          402
        ], 
        "top_left": [
          153, 
          310
        ]
      }, 
      "class": "005_tomato_soup_can", 
      "cuboid": [
        [
          -20.219244348934534, 
          -7.474556091947587, 
          64.17508495681227
        ], 
        [
          -14.553959734595335, 
          -10.52489202220241, 
          62.08286253829828
        ], 
        [
          -9.60080588447281, 
          -6.9011931759193175, 
          70.21179154594822
        ], 
        [
          -15.26609049881201, 
          -3.8508572456644954, 
          72.30401396446221
        ], 
        [
          -21.91070507042239, 
          -13.017892621807858, 
          67.67683129338306
        ], 
        [
          -16.24542045608319, 
          -16.06822855206268, 
          65.58460887486906
        ], 
        [
          -11.292266605960666, 
          -12.444529705779589, 
          73.713537882519
        ], 
        [
          -16.957551220299866, 
          -9.394193775524766, 
          75.805760301033
        ]
      ], 
      "cuboid_centroid": [
        -15.7557554774476, 
        -9.959542898863589, 
        68.94431141966564
      ], 
      "location": [
        -15.7557554774476, 
        -9.959542898863589, 
        68.94431141966564
      ], 
      "pose_transform_permuted": [
        [
          0.2497948323503178, 
          0.8186396536124233, 
          -0.5171377188750873, 
          0.0
        ], 
        [
          -0.8373290325405417, 
          0.45083963247658265, 
          0.30923046109984154, 
          0.0
        ], 
        [
          -0.4862946128938185, 
          -0.35577033967023297, 
          -0.798088350297997, 
          0.0
        ], 
        [
          -15.7557554774476, 
          -9.959542898863589, 
          68.94431141966564, 
          1.0
        ]
      ], 
      "projected_cuboid": [
        [
          312.1671090824267, 
          211.1701084974775
        ], 
        [
          355.530139485226, 
          182.8730036064761
        ], 
        [
          408.0628687518886, 
          220.86597746125244
        ], 
        [
          368.0549057723545, 
          244.88233925854286
        ], 
        [
          307.49333866871075, 
          170.7005135747622
        ], 
        [
          348.39199666970853, 
          142.62324516475053
        ], 
        [
          399.216344549678, 
          183.25000485471324
        ], 
        [
          361.3006583764076, 
          207.1951553649145
        ]
      ], 
      "projected_cuboid_centroid": [
        358.70254459646713, 
        196.2443693380339
      ], 
      "quaternion_xyzw": [
        0.28462180630632183, 
        0.8231398865147195, 
        0.491024681951647, 
        -0.018051496994387507
      ], 
      "visibility": 0.9077784960137901
    }, 
    {
      "bounding_box": {
        "bottom_right": [
          209, 
          550
        ], 
        "top_left": [
          126, 
          459
        ]
      }, 
      "class": "010_potted_meat_can", 
      "cuboid": [
        [
          8.980587207444543, 
          -11.2489307537898, 
          63.96177640183892
        ], 
        [
          -0.4067697883048119, 
          -12.086216194123336, 
          60.154217550923995
        ], 
        [
          -1.7920198794370636, 
          -18.72726482042241, 
          65.0298586595937
        ], 
        [
          7.595337116312292, 
          -17.88997938008887, 
          68.83741751050863
        ], 
        [
          6.9885061974039875, 
          -7.786600699713928, 
          68.1117889638246
        ], 
        [
          -2.3988507983453684, 
          -8.623886140047464, 
          64.30423011290966
        ], 
        [
          -3.78410088947762, 
          -15.264934766346535, 
          69.17987122157938
        ], 
        [
          5.603256106271735, 
          -14.427649326013, 
          72.98743007249429
        ]
      ], 
      "cuboid_centroid": [
        2.598243158983462, 
        -13.25693276006817, 
        66.57082381170915
      ], 
      "location": [
        2.598243158983462, 
        -13.25693276006817, 
        66.57082381170915
      ], 
      "pose_transform_permuted": [
        [
          0.3458414001193374, 
          -0.6010885438602132, 
          -0.7204757977793008, 
          0.0
        ], 
        [
          0.9235252793719614, 
          0.08237188279387245, 
          0.3745864627401118, 
          0.0
        ], 
        [
          0.1658128348909333, 
          0.7949258451050747, 
          -0.5836086056334453, 
          0.0
        ], 
        [
          2.598243158983462, 
          -13.25693276006817, 
          66.57082381170915, 
          1.0
        ]
      ], 
      "projected_cuboid": [
        [
          557.1021118249307, 
          179.4918468671377
        ], 
        [
          477.9606465181683, 
          166.13169422821966
        ], 
        [
          466.77797169389316, 
          119.70144224495733
        ], 
        [
          540.9325170730808, 
          134.68348326235247
        ], 
        [
          536.7735257656175, 
          212.31696571403856
        ], 
        [
          461.53593718639706, 
          201.76266850271216
        ], 
        [
          452.1816732391549, 
          155.60651772457197
        ], 
        [
          522.8812945412848, 
          167.86361903434886
        ]
      ], 
      "projected_cuboid_centroid": [
        502.5858687151457, 
        167.08112472524726
      ], 
      "quaternion_xyzw": [
        0.9272171970817216, 
        -0.022497682409169835, 
        0.1942446346786084, 
        0.3194227720382874
      ], 
      "visibility": 0.7843601895734598
    }, 
    {
      "bounding_box": {
        "bottom_right": [
          64, 
          458
        ], 
        "top_left": [
          0, 
          233
        ]
      }, 
      "class": "037_scissors", 
      "cuboid": [
        [
          -22.437600638770682, 
          -21.3067951152413, 
          53.4626747040863
        ], 
        [
          -2.4882815541210204, 
          -23.732940577182855, 
          56.03127654925115
        ], 
        [
          -2.2152392571310644, 
          -28.934980103708053, 
          48.997132124824134
        ], 
        [
          -22.164558341780726, 
          -26.508834641766494, 
          46.42853027965928
        ], 
        [
          -22.168983464055103, 
          -20.061805500969164, 
          52.55238062455629
        ], 
        [
          -2.2196643794054434, 
          -22.487950962910723, 
          55.120982469721135
        ], 
        [
          -1.9466220824154876, 
          -27.689990489435917, 
          48.086838045294115
        ], 
        [
          -21.895941167065146, 
          -25.263845027494362, 
          45.518236200129266
        ]
      ], 
      "cuboid_centroid": [
        -12.192111360593085, 
        -24.498392802338607, 
        50.77475637469021
      ], 
      "location": [
        -12.192111360593085, 
        -24.498392802338607, 
        50.77475637469021
      ], 
      "pose_transform_permuted": [
        [
          -0.17158554526705191, 
          -0.7952664309081952, 
          0.5814717772789835, 
          0.0
        ], 
        [
          -0.9846750277258175, 
          0.11975169878566921, 
          -0.1267831790334362, 
          0.0
        ], 
        [
          -0.031194137883949917, 
          0.594315020262793, 
          0.8036266669675236, 
          0.0
        ], 
        [
          -12.192111360593085, 
          -24.498392802338607, 
          50.77475637469021, 
          1.0
        ]
      ], 
      "projected_cuboid": [
        [
          255.90439029747955, 
          60.73953855671423
        ], 
        [
          457.7156163126421, 
          47.390524976572266
        ], 
        [
          457.2838917513853, 
          -41.66233471302636
        ], 
        [
          224.8734150123979, 
          -31.21762263580376
        ], 
        [
          254.74375670766818, 
          69.69245489173518
        ], 
        [
          459.9418739109041, 
          55.70578929828556
        ], 
        [
          459.82763375454135, 
          -33.81650281174336
        ], 
        [
          222.91285197851633, 
          -22.720171068627497
        ]
      ], 
      "projected_cuboid_centroid": [
        352.46835910737076, 
        15.964325713392194
      ], 
      "quaternion_xyzw": [
        -0.08391662856364976, 
        -0.44969096047846224, 
        0.8888843886113078, 
        0.02490694010277073
      ], 
      "visibility": 0.4643076685829463
    }, 
    {
      "bounding_box": {
        "bottom_right": [
          209, 
          457
        ], 
        "top_left": [
          146, 
          389
        ]
      }, 
      "class": "061_foam_brick", 
      "cuboid": [
        [
          -3.353853241959235, 
          -12.38446093927954, 
          64.94182583024556
        ], 
        [
          -11.015518871092048, 
          -11.031251596934846, 
          64.60821014908042
        ], 
        [
          -11.864364147492124, 
          -15.10071483982784, 
          67.59587846417283
        ], 
        [
          -4.202698518359309, 
          -16.453924182172532, 
          67.92949414533797
        ], 
        [
          -2.999818595191576, 
          -9.329203788308643, 
          69.20393794179664
        ], 
        [
          -10.661484224324388, 
          -7.975994445963949, 
          68.87032226063148
        ], 
        [
          -11.510329500724465, 
          -12.045457688856942, 
          71.85799057572389
        ], 
        [
          -3.84866387159165, 
          -13.398667031201636, 
          72.19160625688905
        ]
      ], 
      "cuboid_centroid": [
        -7.4320913713418495, 
        -12.214959314068242, 
        68.39990820298473
      ], 
      "location": [
        -7.4320913713418495, 
        -12.214959314068242, 
        68.39990820298473
      ], 
      "pose_transform_permuted": [
        [
          -0.06735818948652908, 
          -0.5812894076444108, 
          -0.8109041243386957, 
          0.0
        ], 
        [
          0.9838541562743692, 
          -0.17376908628232876, 
          0.042840446242467745, 
          0.0
        ], 
        [
          0.16581276636841347, 
          0.794925738174966, 
          -0.5836087707499258, 
          0.0
        ], 
        [
          -7.4320913713418495, 
          -12.214959314068242, 
          68.39990820298473, 
          1.0
        ]
      ], 
      "projected_cuboid": [
        [
          453.82480413871735, 
          171.5820438207586
        ], 
        [
          389.90981027456485, 
          182.22717431916772
        ], 
        [
          387.2092413582606, 
          154.14455585257178
        ], 
        [
          448.3263953109003, 
          144.1055379346666
        ], 
        [
          458.2863363894339, 
          201.39110509604097
        ], 
        [
          398.348401112904, 
          211.5218490171665
        ], 
        [
          395.4571563528183, 
          183.88689818831918
        ], 
        [
          452.9279058338984, 
          174.30312582820426
        ]
      ], 
      "projected_cuboid_centroid": [
        423.1655386900008, 
        178.04551820551836
      ], 
      "quaternion_xyzw": [
        0.9473230730310581, 
        -0.08961616747183591, 
        -0.006470269737444027, 
        0.3074184012712591
      ], 
      "visibility": 0.9057928613224108
    }
  ]
}