{
  "camera_data": {
    "location_worldframe": [
      -11.477434599259038, 
      -16.96218844607921, 
      61.774684197072716
    ], 
    "quaternion_xyzw_worldframe": [
      -0.84754112785997, 
      -0.038960989936012595, 
      -0.15928288686755535, 
      0.5047645919856413
    ]
  }, 
  "objects": [
    {
      "bounding_box": {
        "bottom_right": [
          187, 
          703
        ], 
        "top_left": [
          13, 
          457
        ]
      }, 
      "class": "003_cracker_box", 
      "cuboid": [
        [
          -0.9858328536797994, 
          -8.459048760701975, 
          58.67283825334142
        ], 
        [
          1.5806150028643136, 
          -15.927918929812742, 
          44.29551445912423
        ], 
        [
          21.713995774220336, 
          -20.072139592444117, 
          50.042336273084196
        ], 
        [
          19.14754791767622, 
          -12.60326942333335, 
          64.4196600673014
        ], 
        [
          -3.0879691369120637, 
          -14.697738287956946, 
          61.53852727418444
        ], 
        [
          -0.5215212803679509, 
          -22.166608457067714, 
          47.16120347996725
        ], 
        [
          19.61185949098807, 
          -26.310829119699086, 
          52.90802529392722
        ], 
        [
          17.04541163444396, 
          -18.84195895058832, 
          67.28534908814441
        ]
      ], 
      "cuboid_centroid": [
        9.313013318654136, 
        -17.38493894020053, 
        55.79043177363432
      ], 
      "location": [
        9.313013318654136, 
        -17.38493894020053, 
        55.79043177363432
      ], 
      "pose_transform_permuted": [
        [
          0.2927766481184829, 
          0.8688982836227361, 
          -0.39912104308589014, 
          0.0
        ], 
        [
          -0.1564563722694478, 
          0.45531894545642493, 
          0.8764736513351288, 
          0.0
        ], 
        [
          -0.9432938237329819, 
          0.1941659873044505, 
          -0.2692514280023375, 
          0.0
        ], 
        [
          9.313013318654136, 
          -17.38493894020053, 
          55.79043177363432, 
          1.0
        ]
      ], 
      "projected_cuboid": [
        [
          472.5614496972741, 
          196.3961659901835
        ], 
        [
          500.78632303328976, 
          81.51382265897574
        ], 
        [
          714.9396042673033, 
          59.37036383684288
        ], 
        [
          641.4374391066401, 
          168.9461799537225
        ], 
        [
          454.61236922167035, 
          145.9095596152324
        ], 
        [
          475.6503298745969, 
          22.61680289583818
        ], 
        [
          680.9345476649639, 
          8.070054450802703
        ], 
        [
          617.8289408428064, 
          123.9407170882184
        ]
      ], 
      "projected_cuboid_centroid": [
        571.3652121648246, 
        107.09803406981604
      ], 
      "quaternion_xyzw": [
        0.5993393567339151, 
        0.5833976834139144, 
        0.4877246447761298, 
        -0.2501282657658923
      ], 
      "visibility": 0.9914293613491844
    }, 
    {
      "bounding_box": {
        "bottom_right": [
          240, 
          459
        ], 
        "top_left": [
          166, 
          379
        ]
      }, 
      "class": "005_tomato_soup_can", 
      "cuboid": [
        [
          -11.589620223716599, 
          -5.670919284203343, 
          64.86958019326924
        ], 
        [
          -5.6350671376669, 
          -8.408984897320122, 
          63.18919692118874
        ], 
        [
          -1.9215845592360732, 
          -5.955792376733379, 
          72.35087290321177
        ], 
        [
          -7.8761376452857705, 
          -3.2177267636165996, 
          74.03125617529227
        ], 
        [
          -13.649411720426114, 
          -11.644428384209608, 
          67.30397841121388
        ], 
        [
          -7.694858634376415, 
          -14.382493997326387, 
          65.62359513913336
        ], 
        [
          -3.981376055945588, 
          -11.929301476739642, 
          74.7852711211564
        ], 
        [
          -9.935929141995285, 
          -9.191235863622865, 
          76.46565439323689
        ]
      ], 
      "cuboid_centroid": [
        -7.785498139831093, 
        -8.800110380471493, 
        69.82742565721281
      ], 
      "location": [
        -7.785498139831093, 
        -8.800110380471493, 
        69.82742565721281
      ], 
      "pose_transform_permuted": [
        [
          0.30418990229023607, 
          0.8821675166459814, 
          -0.359511803614623, 
          0.0
        ], 
        [
          -0.8800829109509528, 
          0.4046860814478276, 
          0.24836063768926744, 
          0.0
        ], 
        [
          -0.36458519715096016, 
          -0.24085145409388625, 
          -0.8994821905292265, 
          0.0
        ], 
        [
          -7.785498139831093, 
          -8.800110380471493, 
          69.82742565721281, 
          1.0
        ]
      ], 
      "projected_cuboid": [
        [
          385.5199753735296, 
          226.66357079345983
        ], 
        [
          433.6405117796342, 
          202.3143380035715
        ], 
        [
          467.31446280897416, 
          229.3846390774301
        ], 
        [
          424.3847017384847, 
          250.10610332465612
        ], 
        [
          372.53720873690565, 
          181.01559295364177
        ], 
        [
          418.5402053821903, 
          156.40074884792483
        ], 
        [
          452.96789183590755, 
          188.2145713265214
        ], 
        [
          411.7201391486879, 
          209.18107627432175
        ]
      ], 
      "projected_cuboid_centroid": [
        421.63838208637264, 
        206.07410453139397
      ], 
      "quaternion_xyzw": [
        0.24422190760622478, 
        0.7874716135613178, 
        0.5656234702600097, 
        0.017724214955661184
      ], 
      "visibility": 0.9383270911360799
    }, 
    {
      "bounding_box": {
        "bottom_right": [
          222, 
          611
        ], 
        "top_left": [
          143, 
          521
        ]
      }, 
      "class": "010_potted_meat_can", 
      "cuboid": [
        [
          17.42182922712346, 
          -9.419140535054456, 
          68.21852488638926
        ], 
        [
          8.668873710564114, 
          -9.706832976533375, 
          63.0586774601887
        ], 
        [
          6.741843461368742, 
          -16.958591432579496, 
          66.73194230311118
        ], 
        [
          15.494798977928086, 
          -16.670898991100575, 
          71.89178972931175
        ], 
        [
          14.812066083374631, 
          -6.563805782321371, 
          72.48641900432672
        ], 
        [
          6.0591105668152885, 
          -6.851498223800288, 
          67.32657157812615
        ], 
        [
          4.132080317619917, 
          -14.103256679846407, 
          70.99983642104863
        ], 
        [
          12.88503583417926, 
          -13.81556423836749, 
          76.1596838472492
        ]
      ], 
      "cuboid_centroid": [
        10.776954772371687, 
        -11.761198607450432, 
        69.60918065371895
      ], 
      "location": [
        10.776954772371687, 
        -11.761198607450432, 
        69.60918065371895
      ], 
      "pose_transform_permuted": [
        [
          0.453076022041675, 
          -0.49570924260480165, 
          -0.7409409907875801, 
          0.0
        ], 
        [
          0.8611130579588168, 
          0.028303093459674068, 
          0.5076241947500574, 
          0.0
        ], 
        [
          0.23066329364288085, 
          0.8680271058913835, 
          -0.43968555628272205, 
          0.0
        ], 
        [
          10.776954772371687, 
          -11.761198607450432, 
          69.60918065371895, 
          1.0
        ]
      ], 
      "projected_cuboid": [
        [
          618.9326813810851, 
          199.64947074271032
        ], 
        [
          555.5251713888005, 
          191.19087208002085
        ], 
        [
          535.9266855183837, 
          137.75400885300647
        ], 
        [
          597.5010601714005, 
          149.6157136147272
        ], 
        [
          591.4851871753224, 
          224.99326853967915
        ], 
        [
          529.9935872549798, 
          219.01319402280456
        ], 
        [
          512.8941005639066, 
          167.34906892521767
        ], 
        [
          572.5783900704317, 
          176.5409819513146
        ]
      ], 
      "projected_cuboid_centroid": [
        564.8541688800362, 
        183.17662029511925
      ], 
      "quaternion_xyzw": [
        0.9314076919692283, 
        -0.05431568848099342, 
        0.2578624336783638, 
        0.2510701830553561
      ], 
      "visibility": 0.629811320754717
    }, 
    {
      "bounding_box": {
        "bottom_right": [
          97, 
          566
        ], 
        "top_left": [
          12, 
          354
        ]
      }, 
      "class": "037_scissors", 
      "cuboid": [
        [
          -12.05306454828649, 
          -17.87886019919556, 
          52.15104140152811
        ], 
        [
          7.388826526681644, 
          -20.66547861859071, 
          57.12164080164206
        ], 
        [
          8.727173300099999, 
          -24.840890173701773, 
          49.54604040466364
        ], 
        [
          -10.714717774868134, 
          -22.054271754306626, 
          44.5754410045497
        ], 
        [
          -11.683483779323367, 
          -16.519913303006668, 
          51.467328723587855
        ], 
        [
          7.758407295644767, 
          -19.306531722401814, 
          56.437928123701795
        ], 
        [
          9.096754069063124, 
          -23.48194327751288, 
          48.86232772672338
        ], 
        [
          -10.345137005905011, 
          -20.69532485811773, 
          43.89172832660944
        ]
      ], 
      "cuboid_centroid": [
        -1.478155239611683, 
        -20.68040173835422, 
        50.50668456412575
      ], 
      "location": [
        -1.478155239611683, 
        -20.68040173835422, 
        50.50668456412575
      ], 
      "pose_transform_permuted": [
        [
          -0.23607841840306712, 
          -0.8680593279950716, 
          0.4367375718793626, 
          0.0
        ], 
        [
          -0.9596289754078474, 
          0.13754422182211437, 
          -0.24534296540914147, 
          0.0
        ], 
        [
          -0.152901489061556, 
          0.477026325987743, 
          0.8654861387492075, 
          0.0
        ], 
        [
          -1.478155239611683, 
          -20.68040173835422, 
          50.50668456412575, 
          1.0
        ]
      ], 
      "projected_cuboid": [
        [
          357.30991693213184, 
          90.44941694302861
        ], 
        [
          551.1581843797169, 
          80.34207265749485
        ], 
        [
          576.3202748398396, 
          5.896185799188875
        ], 
        [
          352.33329625879236, 
          9.419826759229943
        ], 
        [
          359.520455936402, 
          102.10234219578729
        ], 
        [
          555.522395891874, 
          90.84625725207125
        ], 
        [
          581.7131963020461, 
          16.987241909167818
        ], 
        [
          354.8478465658604, 
          21.821798548254943
        ]
      ], 
      "projected_cuboid_centroid": [
        465.85858404571644, 
        54.91419122983636
      ], 
      "quaternion_xyzw": [
        -0.14200311659005035, 
        -0.5113376083939511, 
        0.8475542568583667, 
        -0.004529877325012352
      ], 
      "visibility": 0.8332807570977918
    }, 
    {
      "bounding_box": {
        "bottom_right": [
          219, 
          520
        ], 
        "top_left": [
          159, 
          453
        ]
      }, 
      "class": "061_foam_brick", 
      "cuboid": [
        [
          5.092966989407949, 
          -10.662830659337029, 
          67.30072502444764
        ], 
        [
          -2.4718345538358983, 
          -9.265942189639487, 
          66.08990902929193
        ], 
        [
          -3.6526647869765743, 
          -13.709634660311249, 
          68.34079075344516
        ], 
        [
          3.912136756267273, 
          -15.106523130008789, 
          69.55160674860088
        ], 
        [
          4.7981345710561865, 
          -8.229399203792234, 
          71.95013591587842
        ], 
        [
          -2.7666669721876604, 
          -6.832510734094691, 
          70.7393199207227
        ], 
        [
          -3.947497205328336, 
          -11.276203204766452, 
          72.99020164487594
        ], 
        [
          3.6173043379155105, 
          -12.673091674463993, 
          74.20101764003165
        ]
      ], 
      "cuboid_centroid": [
        0.5727348920398062, 
        -10.96951693205174, 
        70.1454633346618
      ], 
      "location": [
        0.5727348920398062, 
        -10.96951693205174, 
        70.1454633346618
      ], 
      "pose_transform_permuted": [
        [
          0.05609444748819367, 
          -0.46298162787620134, 
          -0.8845911062237157, 
          0.0
        ], 
        [
          0.9714155902877244, 
          -0.1793780351804812, 
          0.15548399094679238, 
          0.0
        ], 
        [
          0.23066244580977302, 
          0.8680273801810015, 
          -0.4396854595607649, 
          0.0
        ], 
        [
          0.5727348920398062, 
          -10.96951693205174, 
          70.1454633346618, 
          1.0
        ]
      ], 
      "projected_cuboid": [
        [
          522.2922382930552, 
          188.78973054590793
        ], 
        [
          461.4841093457184, 
          198.51402733875568
        ], 
        [
          452.85476645225424, 
          166.29894591736064
        ], 
        [
          511.84520396679073, 
          157.45018285620137
        ], 
        [
          517.4589072049758, 
          212.2873515692404
        ], 
        [
          460.56472177214033, 
          221.77470862255154
        ], 
        [
          452.51341254032866, 
          190.89438317990988
        ], 
        [
          507.8130992457275, 
          182.19873104456045
        ]
      ], 
      "projected_cuboid_centroid": [
        485.98789072652187, 
        189.88473379234247
      ], 
      "quaternion_xyzw": [
        0.9648878272489039, 
        -0.10624045340051733, 
        0.05481943922907606, 
        0.23387876340264813
      ], 
      "visibility": 0.6389137570874366
    }
  ]
}