{
  "camera_data": {
    "location_worldframe": [
      -24.963386496634072, 
      -8.725643306204299, 
      85.33850695420314
    ], 
    "quaternion_xyzw_worldframe": [
      0.9442113231542792, 
      0.025461042171224753, 
      -0.02612110016008687, 
      -0.3273160118227271
    ]
  }, 
  "objects": [
    {
      "bounding_box": {
        "bottom_right": [
          253, 
          507
        ], 
        "top_left": [
          124, 
          335
        ]
      }, 
      "class": "003_cracker_box", 
      "cuboid": [
        [
          -17.53352758100915, 
          -1.97498353846947, 
          75.78741520111431
        ], 
        [
          -18.363145672153635, 
          -14.616953474456768, 
          65.36770092251744
        ], 
        [
          2.9530138673600868, 
          -15.51247586311198, 
          64.75702155999495
        ], 
        [
          3.7826319585045747, 
          -2.8705059271246807, 
          75.17673583859182
        ], 
        [
          -17.56656327057749, 
          -6.540288585577681, 
          81.32901208333209
        ], 
        [
          -18.39618136172198, 
          -19.18225852156498, 
          70.90929780473522
        ], 
        [
          2.919978177791745, 
          -20.077780910220188, 
          70.29861844221273
        ], 
        [
          3.7495962689362323, 
          -7.435810974232891, 
          80.7183327208096
        ]
      ], 
      "cuboid_centroid": [
        -7.306774701608703, 
        -11.02638222434483, 
        73.04301682166351
      ], 
      "location": [
        -7.306774701608703, 
        -11.02638222434483, 
        73.04301682166351
      ], 
      "pose_transform_permuted": [
        [
          0.004601071080524877, 
          0.6358363727377099, 
          -0.7718101691793547, 
          0.0
        ], 
        [
          0.050575364926507216, 
          0.7706826185774871, 
          0.635208968674954, 
          0.0
        ], 
        [
          -0.9987096488006225, 
          0.041957222576095576, 
          0.028611691076156007, 
          0.0
        ], 
        [
          -7.306774701608703, 
          -11.02638222434483, 
          73.04301682166351, 
          1.0
        ]
      ], 
      "projected_cuboid": [
        [
          357.18458962317965, 
          259.3884865079642
        ], 
        [
          330.5279805895147, 
          154.03027802103708
        ], 
        [
          506.1198863092853, 
          145.53039722683613
        ], 
        [
          508.6554846872606, 
          252.92256490562434
        ], 
        [
          365.44336943708487, 
          230.39822675117819
        ], 
        [
          342.08356794064787, 
          129.01386238431468
        ], 
        [
          503.9340542702739, 
          120.96670605127649
        ], 
        [
          506.5777381468897, 
          224.15688582380415
        ]
      ], 
      "projected_cuboid_centroid": [
        427.80246023367584, 
        192.77801262669925
      ], 
      "quaternion_xyzw": [
        0.6827046866475206, 
        0.6479347153990038, 
        0.23429238595728719, 
        -0.24331459736884717
      ], 
      "visibility": 0.9947898401883674
    }, 
    {
      "bounding_box": {
        "bottom_right": [
          318, 
          392
        ], 
        "top_left": [
          251, 
          319
        ]
      }, 
      "class": "005_tomato_soup_can", 
      "cuboid": [
        [
          -25.9890265974764, 
          2.8339251655656392, 
          83.7868330737366
        ], 
        [
          -20.484791263423567, 
          -0.19671873375569637, 
          81.27765300043073
        ], 
        [
          -14.56728366389658, 
          5.896046662036177, 
          86.89955008632008
        ], 
        [
          -20.071518997949415, 
          8.926690561357514, 
          89.40873015962593
        ], 
        [
          -26.160991173759836, 
          -1.6655652462323818, 
          88.84419017799054
        ], 
        [
          -20.656755839707, 
          -4.696209145553718, 
          86.33501010468467
        ], 
        [
          -14.739248240180014, 
          1.396556250238156, 
          91.95690719057401
        ], 
        [
          -20.243483574232847, 
          4.427200149559492, 
          94.46608726387987
        ]
      ], 
      "cuboid_centroid": [
        -20.364137418828207, 
        2.1152407079018976, 
        87.87187013215531
      ], 
      "location": [
        -20.364137418828207, 
        2.1152407079018976, 
        87.87187013215531
      ], 
      "pose_transform_permuted": [
        [
          0.02539571978066905, 
          0.6644845125864296, 
          -0.7468702370348663, 
          0.0
        ], 
        [
          -0.813525949865363, 
          0.4479291504209132, 
          0.3708568000155565, 
          0.0
        ], 
        [
          -0.5809736895891133, 
          -0.5981802865917784, 
          -0.5519510093642287, 
          0.0
        ], 
        [
          -20.364137418828207, 
          2.1152407079018976, 
          87.87187013215531, 
          1.0
        ]
      ], 
      "projected_cuboid": [
        [
          314.7932545917715, 
          291.3250260420544
        ], 
        [
          346.0618605010212, 
          271.9957286480508
        ], 
        [
          391.449755522163, 
          309.4717327842996
        ], 
        [
          360.8735035091622, 
          326.53389851078543
        ], 
        [
          323.24749446266924, 
          263.28837646873063
        ], 
        [
          352.9301470506623, 
          244.27651874411401
        ], 
        [
          395.401941458339, 
          281.386101353097
        ], 
        [
          366.3576495734009, 
          298.280825421147
        ]
      ], 
      "projected_cuboid_centroid": [
        356.9712890742224, 
        286.1245405293299
      ], 
      "quaternion_xyzw": [
        0.28946674140892475, 
        0.8886192201235589, 
        0.3422263142647078, 
        -0.0971904141874324
      ], 
      "visibility": 0.8539482879105521
    }, 
    {
      "bounding_box": {
        "bottom_right": [
          307, 
          497
        ], 
        "top_left": [
          239, 
          427
        ]
      }, 
      "class": "010_potted_meat_can", 
      "cuboid": [
        [
          2.819782421788983, 
          1.5461295653899567, 
          77.84397687044098
        ], 
        [
          -6.9274491186815075, 
          -1.0613521253005493, 
          76.61371705780361
        ], 
        [
          -6.37610496986343, 
          -6.2141173274664405, 
          83.16652952981234
        ], 
        [
          3.3711265706070597, 
          -3.6066356367759345, 
          84.39678934244972
        ], 
        [
          1.2308122305321578, 
          5.832579189223964, 
          81.34829474588989
        ], 
        [
          -8.516419309938332, 
          3.225097498533458, 
          80.11803493325252
        ], 
        [
          -7.9650751611202555, 
          -1.9276677036324332, 
          86.67084740526124
        ], 
        [
          1.7821563793502346, 
          0.6798139870580729, 
          87.90110721789863
        ]
      ], 
      "cuboid_centroid": [
        -2.572646369665636, 
        -0.19076906912123825, 
        82.25741213785112
      ], 
      "location": [
        -2.572646369665636, 
        -0.19076906912123825, 
        82.25741213785112
      ], 
      "pose_transform_permuted": [
        [
          0.2758580965946581, 
          -0.7441623769193902, 
          -0.6083779697713191, 
          0.0
        ], 
        [
          0.9589296258352881, 
          0.25652324269148524, 
          0.12103258006279043, 
          0.0
        ], 
        [
          -0.06599525739163137, 
          0.6167800393358059, 
          -0.7843640794163987, 
          0.0
        ], 
        [
          -2.572646369665636, 
          -0.19076906912123825, 
          82.25741213785112, 
          1.0
        ]
      ], 
      "projected_cuboid": [
        [
          501.0767717867522, 
          283.87928013687196
        ], 
        [
          432.97218815417176, 
          265.8983065419395
        ], 
        [
          440.36846613453895, 
          233.43744867113773
        ], 
        [
          503.07739535729183, 
          250.49551204974068
        ], 
        [
          489.7335215382105, 
          311.52493881978575
        ], 
        [
          424.43361184808737, 
          294.7549583569117
        ], 
        [
          432.1764051917219, 
          261.42484553268554
        ], 
        [
          492.4999986103971, 
          277.4111516943545
        ]
      ], 
      "projected_cuboid_centroid": [
        464.7781999977636, 
        272.04967825315714
      ], 
      "quaternion_xyzw": [
        0.8922005989325513, 
        0.09037163292341009, 
        0.11121116628152274, 
        0.4283023509972287
      ], 
      "visibility": 0.8142177589852009
    }, 
    {
      "bounding_box": {
        "bottom_right": [
          183, 
          418
        ], 
        "top_left": [
          123, 
          268
        ]
      }, 
      "class": "037_scissors", 
      "cuboid": [
        [
          -28.345710027054384, 
          -13.525824857530722, 
          77.63758370257
        ], 
        [
          -8.14473198931259, 
          -13.520358759387177, 
          76.09496073402072
        ], 
        [
          -8.55486752661373, 
          -20.40066920568964, 
          70.69977101365704
        ], 
        [
          -28.755845564355525, 
          -20.40613530383318, 
          72.24239398220634
        ], 
        [
          -28.439667067642553, 
          -12.558094814584708, 
          76.41061170780864
        ], 
        [
          -8.238689029900758, 
          -12.552628716441165, 
          74.86798873925935
        ], 
        [
          -8.648824567201899, 
          -19.432939162743622, 
          69.47279901889569
        ], 
        [
          -28.849802604943697, 
          -19.43840526088717, 
          71.01542198744497
        ]
      ], 
      "cuboid_centroid": [
        -18.497267297128143, 
        -16.479382010137172, 
        73.55519136073283
      ], 
      "location": [
        -18.497267297128143, 
        -16.479382010137172, 
        73.55519136073283
      ], 
      "pose_transform_permuted": [
        [
          0.06001727200827569, 
          -0.6181603513104391, 
          0.7837572521989634, 
          0.0
        ], 
        [
          -0.9970966189371248, 
          -0.0002698002031150805, 
          0.0761420631892927, 
          0.0
        ], 
        [
          0.04685656633686439, 
          0.7860516671313968, 
          0.6163817617359303, 
          0.0
        ], 
        [
          -18.497267297128143, 
          -16.479382010137172, 
          73.55519136073283, 
          1.0
        ]
      ], 
      "projected_cuboid": [
        [
          285.2578454243104, 
          180.3729395533919
        ], 
        [
          424.03814856332974, 
          178.52767315877503
        ], 
        [
          416.52613794098943, 
          119.39528428714664
        ], 
        [
          267.5418835743827, 
          122.64103781909523
        ], 
        [
          281.44385364916104, 
          185.63538924375808
        ], 
        [
          422.4199683336781, 
          183.8683122819376
        ], 
        [
          414.64962040159753, 
          124.10632413621815
        ], 
        [
          263.13204659991254, 
          127.30582138327257
        ]
      ], 
      "projected_cuboid_centroid": [
        346.3630414777741, 
        153.80106072311253
      ], 
      "quaternion_xyzw": [
        0.03604720717270831, 
        -0.32683616769899076, 
        0.9443126519150695, 
        0.012333512115736028
      ], 
      "visibility": 0.7064606741573034
    }, 
    {
      "bounding_box": {
        "bottom_right": [
          299, 
          433
        ], 
        "top_left": [
          253, 
          377
        ]
      }, 
      "class": "061_foam_brick", 
      "cuboid": [
        [
          -8.79218073966291, 
          -0.28478889260150214, 
          81.86874945992312
        ], 
        [
          -16.47929777583242, 
          0.2949043713972841, 
          82.97137475959217
        ], 
        [
          -16.14144625792318, 
          -2.8625780784049337, 
          86.9867691711747
        ], 
        [
          -8.454329221753671, 
          -3.4422713424037203, 
          85.88414387150567
        ], 
        [
          -8.026284516721816, 
          3.833853027670649, 
          85.04297820866866
        ], 
        [
          -15.713401552891327, 
          4.413546291669436, 
          86.14560350833769
        ], 
        [
          -15.375550034982085, 
          1.2560638418672172, 
          90.16099791992022
        ], 
        [
          -7.688432998812575, 
          0.676370577868431, 
          89.05837262025119
        ]
      ], 
      "cuboid_centroid": [
        -12.083865387322499, 
        0.48563747463285756, 
        86.01487368992167
      ], 
      "location": [
        -12.083865387322499, 
        0.48563747463285756, 
        86.01487368992167
      ], 
      "pose_transform_permuted": [
        [
          -0.14571845830032448, 
          -0.7836076650286654, 
          -0.6039247951681559, 
          0.0
        ], 
        [
          0.9871224368034583, 
          -0.07443990050685811, 
          -0.14159094593840116, 
          0.0
        ], 
        [
          -0.06599564887004844, 
          0.616780129803848, 
          -0.7843639753388533, 
          0.0
        ], 
        [
          -12.083865387322499, 
          0.48563747463285756, 
          86.01487368992167, 
          1.0
        ]
      ], 
      "projected_cuboid": [
        [
          423.84464866357587, 
          271.431330780935
        ], 
        [
          374.78946939293814, 
          275.18211072425964
        ], 
        [
          381.80845670036695, 
          255.73594997688988
        ], 
        [
          428.66024229216225, 
          251.91087264046874
        ], 
        [
          430.843354916977, 
          297.3293095508854
        ], 
        [
          383.50614387348674, 
          300.610400984518
        ], 
        [
          389.88981481778075, 
          280.71639634631225
        ], 
        [
          435.17175839780083, 
          277.33693396381136
        ]
      ], 
      "projected_cuboid_centroid": [
        406.04887932501856, 
        276.29764483345673
      ], 
      "quaternion_xyzw": [
        0.8955204299422015, 
        -0.0023573587364597256, 
        -0.08020738406193287, 
        0.43772637338623255
      ], 
      "visibility": 0.9482373940205265
    }
  ]
}