{
  "camera_data": {
    "location_worldframe": [
      -15.43192612935831, 
      -19.034175468536105, 
      60.21217348880189
    ], 
    "quaternion_xyzw_worldframe": [
      0.8661006110279061, 
      0.023228099617569116, 
      0.13531931057562896, 
      -0.48064582462760325
    ]
  }, 
  "objects": [
    {
      "bounding_box": {
        "bottom_right": [
          160, 
          665
        ], 
        "top_left": [
          0, 
          419
        ]
      }, 
      "class": "003_cracker_box", 
      "cuboid": [
        [
          -5.064912889911881, 
          -10.858651070860383, 
          56.007040597481506
        ], 
        [
          -3.4514639904559092, 
          -19.155456507227484, 
          41.94866523305657
        ], 
        [
          16.95214805544449, 
          -23.238463431096857, 
          46.70000368515807
        ], 
        [
          15.338699155988516, 
          -14.941657994729757, 
          60.758379049583
        ], 
        [
          -7.050490070751179, 
          -16.89830634918636, 
          59.34357246648292
        ], 
        [
          -5.437041171295208, 
          -25.195111785553458, 
          45.28519710205799
        ], 
        [
          14.966570874605189, 
          -29.278118709422834, 
          50.03653555415949
        ], 
        [
          13.353121975149218, 
          -20.981313273055733, 
          64.09491091858442
        ]
      ], 
      "cuboid_centroid": [
        4.950828992346655, 
        -20.06838489014161, 
        53.021788075820496
      ], 
      "location": [
        4.950828992346655, 
        -20.06838489014161, 
        53.021788075820496
      ], 
      "pose_transform_permuted": [
        [
          0.27654278945835864, 
          0.8411776354768368, 
          -0.46469804300447376, 
          0.0
        ], 
        [
          -0.09835943520431911, 
          0.5057917216940415, 
          0.8570298453216576, 
          0.0
        ], 
        [
          -0.9559547620598356, 
          0.19129798702384432, 
          -0.22261081073422226, 
          0.0
        ], 
        [
          4.950828992346655, 
          -20.06838489014161, 
          53.021788075820496, 
          1.0
        ]
      ], 
      "projected_cuboid": [
        [
          432.9651850345925, 
          169.88647968282595
        ], 
        [
          437.3507711011632, 
          29.751254483615746
        ], 
        [
          676.8059455582777, 
          7.900528289335133
        ], 
        [
          617.3577759585171, 
          142.13295985302452
        ], 
        [
          417.70641152603315, 
          121.42177278657873
        ], 
        [
          417.031928785947, 
          -23.433966185501994
        ], 
        [
          642.4491984161237, 
          -38.77731482554954
        ], 
        [
          593.6313698260248, 
          98.70566894203682
        ]
      ], 
      "projected_cuboid_centroid": [
        531.8099681321003, 
        71.4287158871772
      ], 
      "quaternion_xyzw": [
        0.6240265608978512, 
        0.5856106836425006, 
        0.4541363724762886, 
        -0.24781269881069587
      ], 
      "visibility": 0.8119689043019334
    }, 
    {
      "bounding_box": {
        "bottom_right": [
          227, 
          434
        ], 
        "top_left": [
          147, 
          346
        ]
      }, 
      "class": "005_tomato_soup_can", 
      "cuboid": [
        [
          -15.244070654474834, 
          -7.586644437573528, 
          62.6621295157854
        ], 
        [
          -9.430084054925679, 
          -10.493616524289308, 
          60.784773181808625
        ], 
        [
          -5.142281268269281, 
          -7.580173701073015, 
          69.55238467990436
        ], 
        [
          -10.956267867818434, 
          -4.673201614357234, 
          71.42974101388114
        ], 
        [
          -17.210974893558763, 
          -13.386309477461197, 
          65.55125045487482
        ], 
        [
          -11.396988294009606, 
          -16.29328156417698, 
          63.67389412089805
        ], 
        [
          -7.1091855073532075, 
          -13.379838740960684, 
          72.44150561899379
        ], 
        [
          -12.923172106902364, 
          -10.472866654244903, 
          74.31886195297056
        ]
      ], 
      "cuboid_centroid": [
        -11.176628080914021, 
        -10.483241589267106, 
        67.55181756738959
      ], 
      "location": [
        -11.176628080914021, 
        -10.483241589267106, 
        67.55181756738959
      ], 
      "pose_transform_permuted": [
        [
          0.2904723168616756, 
          0.8564942347892057, 
          -0.42666523168496406, 
          0.0
        ], 
        [
          -0.8593071850763488, 
          0.4296504572482095, 
          0.27747325507422615, 
          0.0
        ], 
        [
          -0.42097125576879263, 
          -0.2860382682983276, 
          -0.86079341940174, 
          0.0
        ], 
        [
          -11.176628080914021, 
          -10.483241589267106, 
          67.55181756738959, 
          1.0
        ]
      ], 
      "projected_cuboid": [
        [
          350.773033174666, 
          208.71634095206153
        ], 
        [
          398.1689402448638, 
          181.2165852985043
        ], 
        [
          441.8380608679469, 
          215.16264909931658
        ], 
        [
          399.11200692693217, 
          238.3947701874098
        ], 
        [
          340.403072875441, 
          164.37662488017213
        ], 
        [
          385.34270457008967, 
          136.81732634820128
        ], 
        [
          428.82257016199713, 
          174.78320126509655
        ], 
        [
          388.08625943174167, 
          198.13219987836607
        ]
      ], 
      "projected_cuboid_centroid": [
        392.6225804987418, 
        190.52165857470646
      ], 
      "quaternion_xyzw": [
        0.26519790226485385, 
        0.8018744735087344, 
        0.5353979054466808, 
        0.004052710934471411
      ], 
      "visibility": 0.9518833006749401
    }, 
    {
      "bounding_box": {
        "bottom_right": [
          205, 
          590
        ], 
        "top_left": [
          122, 
          496
        ]
      }, 
      "class": "010_potted_meat_can", 
      "cuboid": [
        [
          13.878778456941799, 
          -11.526847962956257, 
          64.4672589653263
        ], 
        [
          4.825836414965533, 
          -11.98691858342962, 
          59.867954878161015
        ], 
        [
          3.0541308349495893, 
          -18.995009774938026, 
          64.05627650879582
        ], 
        [
          12.107072876925855, 
          -18.534939154464663, 
          68.65558059596111
        ], 
        [
          11.561736180087138, 
          -8.40221638685182, 
          68.7154012674908
        ], 
        [
          2.5087941381108716, 
          -8.86228700732518, 
          64.11609718032551
        ], 
        [
          0.7370885580949282, 
          -15.870378198833587, 
          68.30441881096033
        ], 
        [
          9.790030600071194, 
          -15.410307578360225, 
          72.90372289812561
        ]
      ], 
      "cuboid_centroid": [
        7.307933507518364, 
        -13.698613080894923, 
        66.38583888814331
      ], 
      "location": [
        7.307933507518364, 
        -13.698613080894923, 
        66.38583888814331
      ], 
      "pose_transform_permuted": [
        [
          0.4022573083746223, 
          -0.5424613525707227, 
          -0.7375119155705638, 
          0.0
        ], 
        [
          0.8906256395958989, 
          0.045261605422685564, 
          0.45247811433391244, 
          0.0
        ], 
        [
          0.2120711102602497, 
          0.8388604159472645, 
          -0.5013372584895004, 
          0.0
        ], 
        [
          7.307933507518364, 
          -13.698613080894923, 
          66.38583888814331, 
          1.0
        ]
      ], 
      "projected_cuboid": [
        [
          597.3691336535256, 
          177.92815219699514
        ], 
        [
          524.9451538289478, 
          166.50389549044948
        ], 
        [
          507.2370494267493, 
          115.13793416568387
        ], 
        [
          576.4291002166171, 
          129.30631178343342
        ], 
        [
          572.0787600680753, 
          208.07457008931786
        ], 
        [
          502.6391985440725, 
          199.5697738528155
        ], 
        [
          487.40020324710616, 
          149.37093144951643
        ], 
        [
          553.8118474656018, 
          160.55403972870866
        ]
      ], 
      "projected_cuboid_centroid": [
        540.7955932383048, 
        163.23688370749494
      ], 
      "quaternion_xyzw": [
        0.9309938199464226, 
        -0.04479339745970704, 
        0.22952231378875418, 
        0.2802914983689936
      ], 
      "visibility": 0.723404255319149
    }, 
    {
      "bounding_box": {
        "bottom_right": [
          63, 
          520
        ], 
        "top_left": [
          0, 
          294
        ]
      }, 
      "class": "037_scissors", 
      "cuboid": [
        [
          -16.600765100967436, 
          -20.48130913670561, 
          50.708176076667
        ], 
        [
          3.0789047727701484, 
          -23.243233934835214, 
          54.650458949931334
        ], 
        [
          3.912770135474429, 
          -27.854302384653124, 
          47.25737627602935
        ], 
        [
          -15.766899738263158, 
          -25.09237758652352, 
          43.31509340276501
        ], 
        [
          -16.260028238680146, 
          -19.167875964883272, 
          49.927419180277106
        ], 
        [
          3.419641635057437, 
          -21.929800763012878, 
          53.869702053541445
        ], 
        [
          4.2535069977617175, 
          -26.540869212830785, 
          46.47661937963946
        ], 
        [
          -15.42616287597587, 
          -23.778944414701183, 
          42.53433650637511
        ]
      ], 
      "cuboid_centroid": [
        -6.17362905160286, 
        -23.5110891747682, 
        48.59239772815322
      ], 
      "location": [
        -6.17362905160286, 
        -23.5110891747682, 
        48.59239772815322
      ], 
      "pose_transform_permuted": [
        [
          -0.21765369384907876, 
          -0.83898636488004, 
          0.4987268514379976, 
          0.0
        ], 
        [
          -0.9713654584565886, 
          0.1363253735947073, 
          -0.19458646588702605, 
          0.0
        ], 
        [
          -0.09526623306206748, 
          0.5267986191210619, 
          0.8446341202792632, 
          0.0
        ], 
        [
          -6.17362905160286, 
          -23.5110891747682, 
          48.59239772815322, 
          1.0
        ]
      ], 
      "projected_cuboid": [
        [
          305.54470771953237, 
          57.87584691117653
        ], 
        [
          511.89368935808557, 
          46.461876819256624
        ], 
        [
          526.122329604657, 
          -41.061106935139456
        ], 
        [
          285.8484123204241, 
          -35.66480677922157
        ], 
        [
          306.46167738397685, 
          68.53724815821914
        ], 
        [
          515.7342585723726, 
          56.17762970620552
        ], 
        [
          530.8128477877395, 
          -31.270150833752776
        ], 
        [
          286.56322093961046, 
          -24.867324641941888
        ]
      ], 
      "projected_cuboid_centroid": [
        413.2745388639162, 
        15.24361635539963
      ], 
      "quaternion_xyzw": [
        -0.11906519661520522, 
        -0.4862714108669188, 
        0.8655765317139277, 
        0.011858899539287026
      ], 
      "visibility": 0.4613460511265171
    }, 
    {
      "bounding_box": {
        "bottom_right": [
          204, 
          493
        ], 
        "top_left": [
          140, 
          425
        ]
      }, 
      "class": "061_foam_brick", 
      "cuboid": [
        [
          1.5052792931534622, 
          -12.655905424269593, 
          64.36484388789371
        ], 
        [
          -6.10496656684859, 
          -11.22855467803976, 
          63.53392695033491
        ], 
        [
          -7.190624986350327, 
          -15.522932210681494, 
          66.10042237266433
        ], 
        [
          0.4196208736517257, 
          -16.950282956911327, 
          66.93133931022312
        ], 
        [
          1.5178066309798344, 
          -9.96188762341702, 
          68.87789691169007
        ], 
        [
          -6.092439229022219, 
          -8.53453687718719, 
          68.04697997413128
        ], 
        [
          -7.178097648523956, 
          -12.828914409828924, 
          70.61347539646069
        ], 
        [
          0.4321482114780978, 
          -14.256265156058753, 
          71.4443923340195
        ]
      ], 
      "cuboid_centroid": [
        -2.8364091776852467, 
        -12.742409917049258, 
        67.4891596421772
      ], 
      "location": [
        -2.8364091776852467, 
        -12.742409917049258, 
        67.4891596421772
      ], 
      "pose_transform_permuted": [
        [
          -0.0023834356404792423, 
          -0.512560460301499, 
          -0.8586478287226162, 
          0.0
        ], 
        [
          0.9772512116898908, 
          -0.18328977432789498, 
          0.1067001774950247, 
          0.0
        ], 
        [
          0.212071658844807, 
          0.8388603180281834, 
          -0.5013371902746366, 
          0.0
        ], 
        [
          -2.8364091776852467, 
          -12.742409917049258, 
          67.4891596421772, 
          1.0
        ]
      ], 
      "projected_cuboid": [
        [
          494.17357814477793, 
          168.42118295500254
        ], 
        [
          429.9233963587478, 
          179.03125756743265
        ], 
        [
          423.09730095847283, 
          148.04250112005775
        ], 
        [
          484.96853917646536, 
          138.22398082396703
        ], 
        [
          493.4473408052493, 
          196.15192741499618
        ], 
        [
          433.44953046013853, 
          206.39693242317853
        ], 
        [
          426.9315451385, 
          176.39410707962486
        ], 
        [
          484.84986125957965, 
          166.8660738663503
        ]
      ], 
      "projected_cuboid_centroid": [
        458.99612395456876, 
        172.59219267342868
      ], 
      "quaternion_xyzw": [
        0.9584830930226014, 
        -0.10312165025413216, 
        0.027208811144904994, 
        0.264453712839833
      ], 
      "visibility": 0.7687813021702838
    }
  ]
}