{
  "camera_data": {
    "location_worldframe": [
      -7.746349690215412, 
      -5.664497634199371, 
      75.02852233776251
    ], 
    "quaternion_xyzw_worldframe": [
      -0.8263016477260038, 
      -0.09674113222424945, 
      -0.19850713789311084, 
      0.5181406683125421
    ]
  }, 
  "objects": [
    {
      "bounding_box": {
        "bottom_right": [
          291, 
          686
        ], 
        "top_left": [
          180, 
          487
        ]
      }, 
      "class": "003_cracker_box", 
      "cuboid": [
        [
          2.4742077829994518, 
          3.57226236120224, 
          73.53825518695463
        ], 
        [
          7.36457215148551, 
          -3.2456298146246434, 
          59.44290849702192
        ], 
        [
          26.815318292084033, 
          -6.316252724519901, 
          67.67657697866566
        ], 
        [
          21.924953923597975, 
          0.501639451306981, 
          81.77192366859836
        ], 
        [
          0.43538491833473025, 
          -2.8759658760921885, 
          75.94988357068662
        ], 
        [
          5.3257492868207885, 
          -9.693858051919072, 
          61.85453688075392
        ], 
        [
          24.776495427419313, 
          -12.764480961814328, 
          70.08820536239766
        ], 
        [
          19.886131058933255, 
          -5.946588785987447, 
          84.18355205233037
        ]
      ], 
      "cuboid_centroid": [
        13.625351605209381, 
        -4.596109300306045, 
        71.81323027467614
      ], 
      "location": [
        13.625351605209381, 
        -4.596109300306045, 
        71.81323027467614
      ], 
      "pose_transform_permuted": [
        [
          0.2839586230375278, 
          0.8980819486713665, 
          -0.335881398522265, 
          0.0
        ], 
        [
          -0.2981274940841357, 
          0.41563387841064886, 
          0.8592836995942819, 
          0.0
        ], 
        [
          -0.9113108677469752, 
          0.14386553648446737, 
          -0.385765744640827, 
          0.0
        ], 
        [
          13.625351605209381, 
          -4.596109300306045, 
          71.81323027467614, 
          1.0
        ]
      ], 
      "projected_cuboid": [
        [
          499.69023592509956, 
          299.19356376836635
        ], 
        [
          548.2223741308837, 
          244.16686696213824
        ], 
        [
          694.6739407322859, 
          223.5118386595935
        ], 
        [
          625.7841052490675, 
          276.55824948179685
        ], 
        [
          484.679816995739, 
          253.09152450489185
        ], 
        [
          527.8991914599682, 
          189.70456329885783
        ], 
        [
          671.6990650226803, 
          176.15824612759528
        ], 
        [
          608.6295532124565, 
          235.61371264541717
        ]
      ], 
      "projected_cuboid_centroid": [
        583.6287392609403, 
        239.15362003758645
      ], 
      "quaternion_xyzw": [
        0.5435116008243516, 
        0.6103571405582828, 
        0.5258592093056703, 
        -0.23565099772180703
      ], 
      "visibility": 0.9852213498713466
    }, 
    {
      "bounding_box": {
        "bottom_right": [
          313, 
          472
        ], 
        "top_left": [
          260, 
          414
        ]
      }, 
      "class": "005_tomato_soup_can", 
      "cuboid": [
        [
          -9.002143863121914, 
          5.490014476995708, 
          78.35772209834462
        ], 
        [
          -2.7128143437513637, 
          3.184387159310346, 
          77.40598129007708
        ], 
        [
          -0.38470441541763944, 
          5.561198726533227, 
          87.03277120876022
        ], 
        [
          -6.67403393478819, 
          7.866826044218589, 
          87.98451201702775
        ], 
        [
          -10.960799264323178, 
          -0.6768725615833721, 
          80.35397356899078
        ], 
        [
          -4.671469744952627, 
          -2.9824998792687345, 
          79.40223276072324
        ], 
        [
          -2.3433598166189027, 
          -0.6056883120458535, 
          89.02902267940637
        ], 
        [
          -8.632689335989454, 
          1.6999390056395094, 
          89.98076348767391
        ]
      ], 
      "cuboid_centroid": [
        -5.672751839870409, 
        2.4421630824749276, 
        83.6933723888755
      ], 
      "location": [
        -5.672751839870409, 
        2.4421630824749276, 
        83.6933723888755
      ], 
      "pose_transform_permuted": [
        [
          0.28925412890743646, 
          0.9107255606681661, 
          -0.2948063145093323, 
          0.0
        ], 
        [
          -0.9295628658186078, 
          0.3407717039370158, 
          0.1406672858410253, 
          0.0
        ], 
        [
          -0.22857099751611765, 
          -0.23335246511182156, 
          -0.9451465103996965, 
          0.0
        ], 
        [
          -5.672751839870409, 
          2.4421630824749276, 
          83.6933723888755, 
          1.0
        ]
      ], 
      "projected_cuboid": [
        [
          419.81593352480866, 
          310.6527624462064
        ], 
        [
          462.75028341123755, 
          295.22665170591114
        ], 
        [
          479.2200312512459, 
          307.3644622572519
        ], 
        [
          440.805170379585, 
          320.9714349093241
        ], 
        [
          408.24259528077454, 
          268.7940483587076
        ], 
        [
          449.95881094057256, 
          253.25403338911602
        ], 
        [
          467.4424198470329, 
          269.65822186170044
        ], 
        [
          430.0043783809894, 
          283.3621444417897
        ]
      ], 
      "projected_cuboid_centroid": [
        445.14732721761044, 
        288.84874272961684
      ], 
      "quaternion_xyzw": [
        0.18158393150073135, 
        0.7838561164907373, 
        0.5919045702470426, 
        0.047389705821147016
      ], 
      "visibility": 0.9282646048109966
    }, 
    {
      "bounding_box": {
        "bottom_right": [
          307, 
          598
        ], 
        "top_left": [
          246, 
          528
        ]
      }, 
      "class": "010_potted_meat_can", 
      "cuboid": [
        [
          19.51648581135173, 
          3.4455915439298974, 
          85.38865819401668
        ], 
        [
          11.542135123820996, 
          2.7838756702081944, 
          79.12025441855978
        ], 
        [
          9.63899618659336, 
          -4.690585871023424, 
          82.33036465757935
        ], 
        [
          17.61334687412409, 
          -4.02886999730172, 
          88.59876843303624
        ], 
        [
          16.194339898924422, 
          5.9911496918264024, 
          89.34620802576619
        ], 
        [
          8.219989211393692, 
          5.3294338181046985, 
          83.07780425030928
        ], 
        [
          6.316850274166056, 
          -2.145027723126919, 
          86.28791448932884
        ], 
        [
          14.291200961696788, 
          -1.4833118494052155, 
          92.55631826478574
        ]
      ], 
      "cuboid_centroid": [
        12.916668042758891, 
        0.6502819104014894, 
        85.83828634167277
      ], 
      "location": [
        12.916668042758891, 
        0.6502819104014894, 
        85.83828634167277
      ], 
      "pose_transform_permuted": [
        [
          0.5767514413137252, 
          -0.44192951467159025, 
          -0.6870627087732882, 
          0.0
        ], 
        [
          0.7845141555654592, 
          0.0650994031036012, 
          0.6166836257070436, 
          0.0
        ], 
        [
          0.22780353121298208, 
          0.8946844077966171, 
          -0.3842464854914251, 
          0.0
        ], 
        [
          12.916668042758891, 
          0.6502819104014894, 
          85.83828634167277, 
          1.0
        ]
      ], 
      "projected_cuboid": [
        [
          604.5087537087908, 
          294.8069774033945
        ], 
        [
          560.0465761848658, 
          292.05158648824914
        ], 
        [
          544.556893701084, 
          242.9018638461146
        ], 
        [
          588.5040199668059, 
          249.034787019054
        ], 
        [
          579.0688419242435, 
          309.04851968119965
        ], 
        [
          534.8051968994658, 
          307.49894222175584
        ], 
        [
          520.9649783208082, 
          260.02876836260793
        ], 
        [
          564.6307700303703, 
          264.73953360541327
        ]
      ], 
      "projected_cuboid_centroid": [
        562.5180613614402, 
        277.3267872941792
      ], 
      "quaternion_xyzw": [
        0.9173686925298036, 
        -0.044339895571511176, 
        0.3252332123220994, 
        0.22514829830433053
      ], 
      "visibility": 0.41562021439509955
    }, 
    {
      "bounding_box": {
        "bottom_right": [
          229, 
          586
        ], 
        "top_left": [
          182, 
          433
        ]
      }, 
      "class": "037_scissors", 
      "cuboid": [
        [
          -7.01149144782142, 
          -6.298205915100598, 
          65.3928917085923
        ], 
        [
          11.765873547556453, 
          -8.032064813954712, 
          72.79988342803368
        ], 
        [
          14.344711178950886, 
          -11.86471433854923, 
          65.36514407767963
        ], 
        [
          -4.432653816426986, 
          -10.130855439695116, 
          57.958152358238245
        ], 
        [
          -6.647078751031373, 
          -4.8971507536427215, 
          64.79704151064361
        ], 
        [
          12.130286244346502, 
          -6.631009652496836, 
          72.204033230085
        ], 
        [
          14.709123875740937, 
          -10.463659177091355, 
          64.76929387973094
        ], 
        [
          -4.068241119636938, 
          -8.72980027823724, 
          57.36230216028956
        ]
      ], 
      "cuboid_centroid": [
        3.8488162139597577, 
        -8.380932546095977, 
        65.08109279416162
      ], 
      "location": [
        3.8488162139597577, 
        -8.380932546095977, 
        65.08109279416162
      ], 
      "pose_transform_permuted": [
        [
          -0.23277719061398164, 
          -0.8949569739258589, 
          0.3806133439559912, 
          0.0
        ], 
        [
          -0.9268287463339357, 
          0.08558124475614463, 
          -0.3656004370754657, 
          0.0
        ], 
        [
          -0.2946232783010773, 
          0.4378669497329017, 
          0.8493932514591511, 
          0.0
        ], 
        [
          3.8488162139597577, 
          -8.380932546095977, 
          65.08109279416162, 
          1.0
        ]
      ], 
      "projected_cuboid": [
        [
          423.937471658489, 
          221.920763115019
        ], 
        [
          568.5101675179691, 
          214.44499515373892
        ], 
        [
          599.6121003221498, 
          176.4813584814866
        ], 
        [
          440.4687441190776, 
          180.0643875086323
        ], 
        [
          426.4315909833687, 
          232.97996938246635
        ], 
        [
          571.9414886199784, 
          224.3080094191287
        ], 
        [
          603.7234206676363, 
          187.12727922629767
        ], 
        [
          443.45784513032345, 
          192.12219711263552
        ]
      ], 
      "projected_cuboid_centroid": [
        513.3997752775242, 
        204.60736773138743
      ], 
      "quaternion_xyzw": [
        -0.18057171877015726, 
        -0.5263905329334179, 
        0.8284487069250016, 
        -0.06308237063971209
      ], 
      "visibility": 0.7930341594105828
    }, 
    {
      "bounding_box": {
        "bottom_right": [
          301, 
          528
        ], 
        "top_left": [
          255, 
          469
        ]
      }, 
      "class": "061_foam_brick", 
      "cuboid": [
        [
          7.518832720429028, 
          1.4682591987939435, 
          82.8321155625917
        ], 
        [
          0.09848278349152556, 
          2.4309900316078292, 
          80.67453559501125
        ], 
        [
          -1.0677116754254878, 
          -2.1491691345884236, 
          82.64160545798782
        ], 
        [
          6.3526382615120145, 
          -3.1118999674023096, 
          84.79918542556825
        ], 
        [
          6.465642708239004, 
          3.7243984181331693, 
          87.46095592085462
        ], 
        [
          -0.9547072286984978, 
          4.687129250947056, 
          85.30337595327417
        ], 
        [
          -2.1209016876155116, 
          0.10697008475080272, 
          87.27044581625074
        ], 
        [
          5.299448249321991, 
          -0.8557607480630832, 
          89.42802578383119
        ]
      ], 
      "cuboid_centroid": [
        2.6989655164067585, 
        0.7876146417723731, 
        85.05128068942122
      ], 
      "location": [
        2.6989655164067585, 
        0.7876146417723731, 
        85.05128068942122
      ], 
      "pose_transform_permuted": [
        [
          0.20037861563580703, 
          -0.429250228563008, 
          -0.8806773822884764, 
          0.0
        ], 
        [
          0.9528661886139409, 
          -0.12362673824290002, 
          0.27706038364905805, 
          0.0
        ], 
        [
          0.22780350522373283, 
          0.8946846767828468, 
          -0.3842458745878139, 
          0.0
        ], 
        [
          2.6989655164067585, 
          0.7876146417723731, 
          85.05128068942122, 
          1.0
        ]
      ], 
      "projected_cuboid": [
        [
          530.4109580929463, 
          282.7400135877208
        ], 
        [
          482.25354016314344, 
          289.357217295398
        ], 
        [
          474.64927426384196, 
          259.4170834776058
        ], 
        [
          521.8830725465582, 
          253.71515666266032
        ], 
        [
          521.3518369852254, 
          295.99718173108164
        ], 
        [
          475.5784656322979, 
          302.59062812381865
        ], 
        [
          468.52798710488804, 
          273.9402442903408
        ], 
        [
          513.4646246998385, 
          268.1830599447576
        ]
      ], 
      "projected_cuboid_centroid": [
        498.6621447724099, 
        278.2253267809058
      ], 
      "quaternion_xyzw": [
        0.9654310239065844, 
        -0.09100345720313144, 
        0.1236336381010743, 
        0.21065619474787464
      ], 
      "visibility": 0.4053308823529412
    }
  ]
}