{
  "camera_data": {
    "location_worldframe": [
      -26.440714896688522, 
      -12.158677574452213, 
      78.95339371198992
    ], 
    "quaternion_xyzw_worldframe": [
      0.9355568867485251, 
      0.018237877230116214, 
      0.009098264437043717, 
      -0.3525886413602462
    ]
  }, 
  "objects": [
    {
      "bounding_box": {
        "bottom_right": [
          227, 
          502
        ], 
        "top_left": [
          81, 
          315
        ]
      }, 
      "class": "003_cracker_box", 
      "cuboid": [
        [
          -18.204448047911587, 
          -5.201867166478209, 
          70.24914463923767
        ], 
        [
          -18.850038551350394, 
          -17.224664190493147, 
          59.108512686410066
        ], 
        [
          2.4177665007496922, 
          -18.920702803456823, 
          59.706399327503156
        ], 
        [
          3.063357004188499, 
          -6.897905779441885, 
          70.84703128033075
        ], 
        [
          -18.73935297081244, 
          -10.052964039339303, 
          75.51537036441471
        ], 
        [
          -19.384943474251244, 
          -22.07576106335424, 
          64.3747384115871
        ], 
        [
          1.882861577848842, 
          -23.77179967631792, 
          64.97262505268019
        ], 
        [
          2.528452081287649, 
          -11.749002652302979, 
          76.11325700550779
        ]
      ], 
      "cuboid_centroid": [
        -8.160793235031374, 
        -14.486833421398062, 
        67.61088484595894
      ], 
      "location": [
        -8.160793235031374, 
        -14.486833421398062, 
        67.61088484595894
      ], 
      "pose_transform_permuted": [
        [
          0.07449929466427585, 
          0.6756402491423995, 
          -0.7334576394266553, 
          0.0
        ], 
        [
          0.03935663367642084, 
          0.7329364600620547, 
          0.6791577143030649, 
          0.0
        ], 
        [
          -0.9964441331455492, 
          0.07946319431346721, 
          -0.02801232352581086, 
          0.0
        ], 
        [
          -8.160793235031374, 
          -14.486833421398062, 
          67.61088484595894, 
          1.0
        ]
      ], 
      "projected_cuboid": [
        [
          342.2402530906314, 
          233.794845332579
        ], 
        [
          310.101086428043, 
          117.87320902367907
        ], 
        [
          503.37342545232514, 
          104.27984110972339
        ], 
        [
          504.8494643186442, 
          221.36074562904466
        ], 
        [
          348.14940545046494, 
          202.28850718025902
        ], 
        [
          319.66204077820595, 
          90.39747343535362
        ], 
        [
          497.18109709631784, 
          78.15872400866657
        ], 
        [
          499.4613755879591, 
          190.962203907156
        ]
      ], 
      "projected_cuboid_centroid": [
        416.6876840469278, 
        159.01334100475626
      ], 
      "quaternion_xyzw": [
        0.6804920035196123, 
        0.6353419967696072, 
        0.27687945084927806, 
        -0.23792635411840066
      ], 
      "visibility": 0.9948646714652524
    }, 
    {
      "bounding_box": {
        "bottom_right": [
          296, 
          378
        ], 
        "top_left": [
          225, 
          299
        ]
      }, 
      "class": "005_tomato_soup_can", 
      "cuboid": [
        [
          -26.95419998576804, 
          -0.5012159609615577, 
          77.99234645071694
        ], 
        [
          -21.419464119144966, 
          -3.6062879411338415, 
          75.64657992736691
        ], 
        [
          -15.641106908336115, 
          1.939681372220281, 
          81.93921256582415
        ], 
        [
          -21.175842774959193, 
          5.044753352392564, 
          84.28497908917416
        ], 
        [
          -27.595782209319424, 
          -5.2552353959114475, 
          82.7714172938671
        ], 
        [
          -22.061046342696343, 
          -8.360307376083732, 
          80.42565077051708
        ], 
        [
          -16.282689131887494, 
          -2.8143380627296093, 
          86.71828340897432
        ], 
        [
          -21.81742499851057, 
          0.29073391744267424, 
          89.06404993232432
        ]
      ], 
      "cuboid_centroid": [
        -21.61844455882777, 
        -1.6577770118455835, 
        82.35531492984562
      ], 
      "location": [
        -21.61844455882777, 
        -1.6577770118455835, 
        82.35531492984562
      ], 
      "pose_transform_permuted": [
        [
          0.09474882977476909, 
          0.7020733456339889, 
          -0.7057729363085055, 
          0.0
        ], 
        [
          -0.8180339283991109, 
          0.458929620331116, 
          0.34670427829719125, 
          0.0
        ], 
        [
          -0.5673120738866179, 
          -0.544496513124022, 
          -0.6178030090718611, 
          0.0
        ], 
        [
          -21.61844455882777, 
          -1.6577770118455835, 
          82.35531492984562, 
          1.0
        ]
      ], 
      "projected_cuboid": [
        [
          295.74551390038795, 
          269.85917235463427
        ], 
        [
          329.32822766348636, 
          247.86167431400557
        ], 
        [
          378.94506366256223, 
          285.9113854570726
        ], 
        [
          346.48869730867443, 
          305.20759656356654
        ], 
        [
          302.30789898567804, 
          239.42557434874652
        ], 
        [
          334.08645768702013, 
          217.84756294947783
        ], 
        [
          380.62361824394725, 
          255.9782894378264
        ], 
        [
          349.8646121278512, 
          275.02746590669875
        ]
      ], 
      "projected_cuboid_centroid": [
        340.43287569331716, 
        262.5510445199467
      ], 
      "quaternion_xyzw": [
        0.2929344914214619, 
        0.8758286615873618, 
        0.3767507312199886, 
        -0.07191916055412459
      ], 
      "visibility": 0.8409711684370258
    }, 
    {
      "bounding_box": {
        "bottom_right": [
          280, 
          492
        ], 
        "top_left": [
          209, 
          418
        ]
      }, 
      "class": "010_potted_meat_can", 
      "cuboid": [
        [
          2.0987212599902043, 
          -2.5963215665884416, 
          73.69549169417104
        ], 
        [
          -7.642589207400246, 
          -4.750147644786461, 
          71.74897524671859
        ], 
        [
          -7.6773679313741905, 
          -10.264526655577939, 
          78.0247011376496
        ], 
        [
          2.063942536016259, 
          -8.11070057737992, 
          79.97121758510204
        ], 
        [
          0.45378590012161646, 
          1.5550101045989806, 
          77.33408392691852
        ], 
        [
          -9.287524567268834, 
          -0.5988159735990386, 
          75.38756747946609
        ], 
        [
          -9.322303291242779, 
          -6.113194984390516, 
          81.6632933703971
        ], 
        [
          0.41900717614767113, 
          -3.9593689061924966, 
          83.60980981784955
        ]
      ], 
      "cuboid_centroid": [
        -3.6117910156262876, 
        -4.354758275489479, 
        77.67939253228407
      ], 
      "location": [
        -3.6117910156262876, 
        -4.354758275489479, 
        77.67939253228407
      ], 
      "pose_transform_permuted": [
        [
          0.28557410320937543, 
          -0.7207048058221174, 
          -0.6316890858826683, 
          0.0
        ], 
        [
          0.9583471124960274, 
          0.21189274377091685, 
          0.1914976863828259, 
          0.0
        ], 
        [
          0.004162973063799397, 
          0.6600647942892647, 
          -0.7511971359071739, 
          0.0
        ], 
        [
          -3.6117910156262876, 
          -4.354758275489479, 
          77.67939253228407, 
          1.0
        ]
      ], 
      "projected_cuboid": [
        [
          496.9116663964945, 
          254.49747634632953
        ], 
        [
          424.31528264792183, 
          237.97806488885584
        ], 
        [
          428.6829000699739, 
          203.12576840995902
        ], 
        [
          495.47598785480557, 
          219.19713454636687
        ], 
        [
          484.75259532181195, 
          284.0103650276748
        ], 
        [
          415.34613816512723, 
          269.05029192504077
        ], 
        [
          420.2084198574466, 
          233.3630121675604
        ], 
        [
          484.2920517089213, 
          248.03102096409393
        ]
      ], 
      "projected_cuboid_centroid": [
        456.59312424275106, 
        243.38828836098534
      ], 
      "quaternion_xyzw": [
        0.9014018239203814, 
        0.05761297714144235, 
        0.13231385186168093, 
        0.4082258052595479
      ], 
      "visibility": 0.8428739693757361
    }, 
    {
      "bounding_box": {
        "bottom_right": [
          152, 
          405
        ], 
        "top_left": [
          85, 
          236
        ]
      }, 
      "class": "037_scissors", 
      "cuboid": [
        [
          -29.51700797287531, 
          -16.402770642467996, 
          70.81030055433219
        ], 
        [
          -9.272391098712735, 
          -17.106152292203845, 
          70.4639321726372
        ], 
        [
          -9.59929745907034, 
          -23.665888754717802, 
          64.67791930632794
        ], 
        [
          -29.843914333232913, 
          -22.962507104981952, 
          65.02428768802292
        ], 
        [
          -29.501136975577758, 
          -15.36770038366772, 
          69.63592101252428
        ], 
        [
          -9.256520101415186, 
          -16.07108203340357, 
          69.28955263082929
        ], 
        [
          -9.583426461772792, 
          -22.630818495917527, 
          63.50353976452002
        ], 
        [
          -29.828043335935366, 
          -21.927436846181678, 
          63.84990814621501
        ]
      ], 
      "cuboid_centroid": [
        -19.55021721732405, 
        -19.51679456919276, 
        67.15692015942611
      ], 
      "location": [
        -19.55021721732405, 
        -19.51679456919276, 
        67.15692015942611
      ], 
      "pose_transform_permuted": [
        [
          -0.01013797322570822, 
          -0.6611754997944809, 
          0.7501625845217978, 
          0.0
        ], 
        [
          -0.9992505807981897, 
          0.034718094513231414, 
          0.01709633769461803, 
          0.0
        ], 
        [
          0.03734792078939525, 
          0.7494271984591547, 
          0.6610319541686241, 
          0.0
        ], 
        [
          -19.55021721732405, 
          -19.51679456919276, 
          67.15692015942611, 
          1.0
        ]
      ], 
      "projected_cuboid": [
        [
          257.4321569689748, 
          149.7463364371597
        ], 
        [
          410.8323794512831, 
          143.81539254792833
        ], 
        [
          401.7837908613924, 
          78.14293934056296
        ], 
        [
          234.7818581960483, 
          84.95145345810054
        ], 
        [
          253.77427707262365, 
          155.59016168962674
        ], 
        [
          409.75617460203387, 
          149.5879074414175
        ], 
        [
          400.4421927365991, 
          83.22691718203087
        ], 
        [
          230.37590224093304, 
          90.13307984274171
        ]
      ], 
      "projected_cuboid_centroid": [
        325.0472550968784, 
        118.2959767739051
      ], 
      "quaternion_xyzw": [
        0.0018600092886162903, 
        -0.3534333616523511, 
        0.9352593709473247, 
        0.01926364427378871
      ], 
      "visibility": 0.7213389121338912
    }, 
    {
      "bounding_box": {
        "bottom_right": [
          275, 
          421
        ], 
        "top_left": [
          225, 
          363
        ]
      }, 
      "class": "061_foam_brick", 
      "cuboid": [
        [
          -9.795393227890573, 
          -4.184035015546148, 
          76.92010847001788
        ], 
        [
          -17.509694501390214, 
          -3.3635479888849353, 
          77.59830612581283
        ], 
        [
          -17.53100595942156, 
          -6.74261721911662, 
          81.44390988966954
        ], 
        [
          -9.816704685921918, 
          -7.563104245777833, 
          80.7657122338746
        ], 
        [
          -9.077259548088593, 
          -0.27470973098661855, 
          80.3591484928351
        ], 
        [
          -16.791560821588234, 
          0.5457772956745945, 
          81.03734614863004
        ], 
        [
          -16.81287227961958, 
          -2.8332919345570895, 
          84.88294991248677
        ], 
        [
          -9.098571006119938, 
          -3.6537789612183027, 
          84.20475225669182
        ]
      ], 
      "cuboid_centroid": [
        -13.304132753755077, 
        -3.508663475051619, 
        80.90152919125232
      ], 
      "location": [
        -13.304132753755077, 
        -3.508663475051619, 
        80.90152919125232
      ], 
      "pose_transform_permuted": [
        [
          -0.1366312165275312, 
          -0.743783343483474, 
          -0.6543074572605385, 
          0.0
        ], 
        [
          0.9906132345199108, 
          -0.10536084585581182, 
          -0.08708910238685447, 
          0.0
        ], 
        [
          0.004162963392466579, 
          0.6600647166127671, 
          -0.7511972042138472, 
          0.0
        ], 
        [
          -13.304132753755077, 
          -3.508663475051619, 
          80.90152919125232, 
          1.0
        ]
      ], 
      "projected_cuboid": [
        [
          413.11549617105993, 
          244.27685696500356
        ], 
        [
          360.25313602017974, 
          250.169461063547
        ], 
        [
          365.84201493243984, 
          229.13382220866293
        ], 
        [
          416.23430057932666, 
          223.34515206066078
        ], 
        [
          420.85198087538487, 
          271.46337183332827
        ], 
        [
          370.1682323752994, 
          276.87838462581567
        ], 
        [
          375.081476072439, 
          255.48496446050996
        ], 
        [
          423.49008619248934, 
          250.1449477460506
        ]
      ], 
      "projected_cuboid_centroid": [
        393.1625987705072, 
        250.1567039633574
      ], 
      "quaternion_xyzw": [
        0.9089809415484487, 
        -0.0301226913134462, 
        -0.06153053069882803, 
        0.4111693874325414
      ], 
      "visibility": 0.9591917591125199
    }
  ]
}