{
  "camera_data": {
    "location_worldframe": [
      -24.430012795705217, 
      -16.63981814049938, 
      69.60476604023559
    ], 
    "quaternion_xyzw_worldframe": [
      0.9156793084293452, 
      0.011162548183466136, 
      0.05261624895207796, 
      -0.398295541804365
    ]
  }, 
  "objects": [
    {
      "bounding_box": {
        "bottom_right": [
          186, 
          531
        ], 
        "top_left": [
          12, 
          318
        ]
      }, 
      "class": "003_cracker_box", 
      "cuboid": [
        [
          -15.285579549595823, 
          -9.238908966011214, 
          62.28340381120524
        ], 
        [
          -15.532236230917723, 
          -20.05170296410255, 
          49.95049003855787
        ], 
        [
          5.545101638467638, 
          -22.776970191945846, 
          51.91830456818516
        ], 
        [
          5.791758319789539, 
          -11.964176193854513, 
          64.25121834083252
        ], 
        [
          -16.411203695850052, 
          -14.559811447889684, 
          66.97097936735913
        ], 
        [
          -16.657860377171954, 
          -25.372605445981016, 
          54.63806559471177
        ], 
        [
          4.419477492213407, 
          -28.09787267382432, 
          56.60588012433906
        ], 
        [
          4.666134173535308, 
          -17.285078675732983, 
          68.93879389698643
        ]
      ], 
      "cuboid_centroid": [
        -5.4330510286912075, 
        -18.668390819917764, 
        59.44464196777215
      ], 
      "location": [
        -5.4330510286912075, 
        -18.668390819917764, 
        59.44464196777215
      ], 
      "pose_transform_permuted": [
        [
          0.1567721689646181, 
          0.7410727867816218, 
          -0.6528656919534442, 
          0.0
        ], 
        [
          0.01503674016101425, 
          0.659171983067777, 
          0.7518418671395093, 
          0.0
        ], 
        [
          -0.9875203205420428, 
          0.12768485199981366, 
          -0.09219650257100964, 
          0.0
        ], 
        [
          -5.4330510286912075, 
          -18.668390819917764, 
          59.44464196777215, 
          1.0
        ]
      ], 
      "projected_cuboid": [
        [
          349.6191396652436, 
          194.17571909226598
        ], 
        [
          314.3779336159314, 
          59.19522759725524
        ], 
        [
          539.0326144595841, 
          39.31502543489652
        ], 
        [
          530.0724024173899, 
          173.9774567614519
        ], 
        [
          349.81827595775496, 
          157.34030805033208
        ], 
        [
          317.6454755144221, 
          25.625732037269348
        ], 
        [
          523.5827421142725, 
          8.558815181544217
        ], 
        [
          517.9957195527003, 
          139.56689431901063
        ]
      ], 
      "projected_cuboid_centroid": [
        432.44714989673463, 
        105.79930816596551
      ], 
      "quaternion_xyzw": [
        0.6699976276290596, 
        0.6144396023598689, 
        0.3390362885759262, 
        -0.24211887380363187
      ], 
      "visibility": 0.9956252971944841
    }, 
    {
      "bounding_box": {
        "bottom_right": [
          261, 
          382
        ], 
        "top_left": [
          184, 
          295
        ]
      }, 
      "class": "005_tomato_soup_can", 
      "cuboid": [
        [
          -24.418999077072698, 
          -4.93337668041015, 
          69.81028079642527
        ], 
        [
          -18.843425561901725, 
          -8.041520311490405, 
          67.5675554804528
        ], 
        [
          -13.358433406268064, 
          -3.4209589558415185, 
          74.80009908656199
        ], 
        [
          -18.934006921439035, 
          -0.3128153247612647, 
          77.04282440253446
        ], 
        [
          -25.60961161236033, 
          -10.104422555427451, 
          74.01677256636717
        ], 
        [
          -20.034038097189356, 
          -13.212566186507704, 
          71.7740472503947
        ], 
        [
          -14.549045941555692, 
          -8.592004830858817, 
          79.00659085650389
        ], 
        [
          -20.124619456726663, 
          -5.4838611997785645, 
          81.24931617247637
        ]
      ], 
      "cuboid_centroid": [
        -19.484022509314194, 
        -6.762690755634485, 
        74.40843582646458
      ], 
      "location": [
        -19.484022509314194, 
        -6.762690755634485, 
        74.40843582646458
      ], 
      "pose_transform_permuted": [
        [
          0.17582959797301748, 
          0.763659788853703, 
          -0.6212144882272833, 
          0.0
        ], 
        [
          -0.8240697326133053, 
          0.45938361031717306, 
          0.3314747884553462, 
          0.0
        ], 
        [
          -0.5385098500389852, 
          -0.45364108682831045, 
          -0.7100823232219065, 
          0.0
        ], 
        [
          -19.484022509314194, 
          -6.762690755634485, 
          74.40843582646458, 
          1.0
        ]
      ], 
      "projected_cuboid": [
        [
          293.49212373833, 
          235.59772818427837
        ], 
        [
          331.62396192573914, 
          209.8137627701569
        ], 
        [
          385.5586292084993, 
          248.89533493952962
        ], 
        [
          349.4364465594046, 
          271.1211119355317
        ], 
        [
          295.532111685327, 
          200.4802504522981
        ], 
        [
          331.4928847473231, 
          175.1101001023424
        ], 
        [
          382.5679461392131, 
          215.28777629178478
        ], 
        [
          348.3984561665774, 
          237.2905357132333
        ]
      ], 
      "projected_cuboid_centroid": [
        340.7823064808232, 
        224.81521379822266
      ], 
      "quaternion_xyzw": [
        0.2930459124519253, 
        0.851311533410199, 
        0.4327857823598566, 
        -0.04570747146430708
      ], 
      "visibility": 0.8511006678209251
    }, 
    {
      "bounding_box": {
        "bottom_right": [
          239, 
          514
        ], 
        "top_left": [
          162, 
          433
        ]
      }, 
      "class": "010_potted_meat_can", 
      "cuboid": [
        [
          4.776558914459442, 
          -7.927316108618178, 
          67.4482288339654
        ], 
        [
          -4.861279437579524, 
          -9.425726106004307, 
          64.58678478294507
        ], 
        [
          -5.592005809689652, 
          -15.529343426812506, 
          70.2441883802354
        ], 
        [
          4.045832542349315, 
          -14.030933429426378, 
          73.10563243125573
        ], 
        [
          3.0168801484929233, 
          -4.0870159026371615, 
          71.36413810093123
        ], 
        [
          -6.620958203546043, 
          -5.58542590002329, 
          68.5026940499109
        ], 
        [
          -7.35168457565617, 
          -11.68904322083149, 
          74.16009764720124
        ], 
        [
          2.286153776382796, 
          -10.190633223445362, 
          77.02154169822157
        ]
      ], 
      "cuboid_centroid": [
        -1.2875628305983642, 
        -9.808179664724834, 
        70.80416324058332
      ], 
      "location": [
        -1.2875628305983642, 
        -9.808179664724834, 
        70.80416324058332
      ], 
      "pose_transform_permuted": [
        [
          0.305494487982564, 
          -0.6667072239637559, 
          -0.6798335694190375, 
          0.0
        ], 
        [
          0.9481675577736005, 
          0.14741311234635743, 
          0.2815079811945337, 
          0.0
        ], 
        [
          0.08746710219676816, 
          0.7305959389797921, 
          -0.6771846719909838, 
          0.0
        ], 
        [
          -1.2875628305983642, 
          -9.808179664724834, 
          70.80416324058332, 
          1.0
        ]
      ], 
      "projected_cuboid": [
        [
          519.6805230086993, 
          210.60449286618785
        ], 
        [
          441.1209690682772, 
          195.45444996477005
        ], 
        [
          438.7867017129806, 
          155.38207991470162
        ], 
        [
          511.3581571571834, 
          170.92819267718926
        ], 
        [
          504.33075066499845, 
          242.74338737930043
        ], 
        [
          429.6208200741992, 
          229.8018684491191
        ], 
        [
          428.2871145548598, 
          189.22521853900307
        ], 
        [
          497.5589833110277, 
          202.72362605905042
        ]
      ], 
      "projected_cuboid_centroid": [
        471.81791306429955, 
        199.4081945189915
      ], 
      "quaternion_xyzw": [
        0.9163237782264017, 
        0.016355029623267632, 
        0.16015148878742277, 
        0.36665312193358157
      ], 
      "visibility": 0.8358904641677996
    }, 
    {
      "bounding_box": {
        "bottom_right": [
          102, 
          417
        ], 
        "top_left": [
          20, 
          217
        ]
      }, 
      "class": "037_scissors", 
      "cuboid": [
        [
          -27.030222392309312, 
          -19.906833913479822, 
          60.86683317668206
        ], 
        [
          -6.861268055771147, 
          -21.504387544228482, 
          61.92529080463489
        ], 
        [
          -6.993147552858037, 
          -27.434184182163886, 
          55.488282590708806
        ], 
        [
          -27.162101889396194, 
          -25.83663055141523, 
          54.42982496275598
        ], 
        [
          -26.884030902484835, 
          -18.761949916639455, 
          59.80916672665787
        ], 
        [
          -6.715076565946673, 
          -20.359503547388115, 
          60.8676243546107
        ], 
        [
          -6.846956063033563, 
          -26.289300185323516, 
          54.43061614068462
        ], 
        [
          -27.015910399571723, 
          -24.691746554574863, 
          53.37215851273178
        ]
      ], 
      "cuboid_centroid": [
        -16.938589227671436, 
        -23.09806704940167, 
        57.648724658683335
      ], 
      "location": [
        -16.938589227671436, 
        -23.09806704940167, 
        57.648724658683335
      ], 
      "pose_transform_permuted": [
        [
          -0.0933832563814845, 
          -0.7313216106653654, 
          0.6756093489935113, 
          0.0
        ], 
        [
          -0.9955159665480998, 
          0.07885337634713262, 
          -0.052244228974863784, 
          0.0
        ], 
        [
          0.015066776325668513, 
          0.6774587526794243, 
          0.7354059206171849, 
          0.0
        ], 
        [
          -16.938589227671436, 
          -23.09806704940167, 
          57.648724658683335, 
          1.0
        ]
      ], 
      "projected_cuboid": [
        [
          242.78259103607652, 
          98.861423170936
        ], 
        [
          422.0132863084911, 
          88.08416182109104
        ], 
        [
          413.8230644036558, 
          9.605865422252982
        ], 
        [
          213.23682625927032, 
          20.131561906164976
        ], 
        [
          239.8738473130571, 
          105.98584050222809
        ], 
        [
          422.26952688095184, 
          94.89741797560445
        ], 
        [
          413.9504602053867, 
          15.699914665260266
        ], 
        [
          209.39176718430386, 
          26.555051993060093
        ]
      ], 
      "projected_cuboid_centroid": [
        323.58899774788847, 
        59.60181965019353
      ], 
      "quaternion_xyzw": [
        -0.03979080738140611, 
        -0.40076413141006767, 
        0.9149568389029392, 
        0.02566245441299019
      ], 
      "visibility": 0.7567776917118513
    }, 
    {
      "bounding_box": {
        "bottom_right": [
          237, 
          430
        ], 
        "top_left": [
          180, 
          368
        ]
      }, 
      "class": "061_foam_brick", 
      "cuboid": [
        [
          -7.383038679219643, 
          -9.278042034763017, 
          69.61813843276387
        ], 
        [
          -15.089371838886711, 
          -8.174457667864202, 
          69.81339707384186
        ], 
        [
          -15.537140514197972, 
          -11.914597589359287, 
          73.2801084737971
        ], 
        [
          -7.8308073545309025, 
          -13.0181819562581, 
          73.08484983271913
        ], 
        [
          -6.78235495295991, 
          -5.767338417331431, 
          73.48332608831963
        ], 
        [
          -14.48868811262698, 
          -4.663754050432617, 
          73.6785847293976
        ], 
        [
          -14.93645678793824, 
          -8.403893971927703, 
          77.14529612935286
        ], 
        [
          -7.230123628271169, 
          -9.507478338826516, 
          76.95003748827489
        ]
      ], 
      "cuboid_centroid": [
        -11.159747733578941, 
        -8.84096800334536, 
        73.38171728105837
      ], 
      "location": [
        -11.159747733578941, 
        -8.84096800334536, 
        73.38171728105837
      ], 
      "pose_transform_permuted": [
        [
          -0.11428533513396691, 
          -0.6679420832198668, 
          -0.7353857733443182, 
          0.0
        ], 
        [
          0.9895900285629664, 
          -0.1417141022239716, 
          -0.02507366346588924, 
          0.0
        ], 
        [
          0.0874667796484111, 
          0.7305959804808386, 
          -0.677184668877831, 
          0.0
        ], 
        [
          -11.159747733578941, 
          -8.84096800334536, 
          73.38171728105837, 
          1.0
        ]
      ], 
      "projected_cuboid": [
        [
          424.56692389978, 
          202.2107864313844
        ], 
        [
          365.36549226312343, 
          210.84009447913235
        ], 
        [
          367.57819983088893, 
          186.57421792146786
        ], 
        [
          423.9773786320474, 
          178.28940259087355
        ], 
        [
          431.96259222730646, 
          231.4289536222123
        ], 
        [
          375.8472754426228, 
          239.52813483994487
        ], 
        [
          377.47809598073394, 
          215.18887739811362
        ], 
        [
          431.0694740780967, 
          207.39281589657912
        ]
      ], 
      "projected_cuboid_centroid": [
        399.81497130997167, 
        209.03264007503336
      ], 
      "quaternion_xyzw": [
        0.9294584152058827, 
        -0.06164366208401516, 
        -0.03748392513316129, 
        0.3618039091613748
      ], 
      "visibility": 0.9871159563924677
    }
  ]
}