{
  "camera_data": {
    "location_worldframe": [
      -24.807404955217304, 
      -7.616414547319319, 
      87.04303773167321
    ], 
    "quaternion_xyzw_worldframe": [
      0.9461604062488601, 
      0.027745146506310353, 
      -0.03485054699694862, 
      -0.3206167788066422
    ]
  }, 
  "objects": [
    {
      "bounding_box": {
        "bottom_right": [
          260, 
          506
        ], 
        "top_left": [
          136, 
          338
        ]
      }, 
      "class": "003_cracker_box", 
      "cuboid": [
        [
          -17.5871144519331, 
          -0.9279769022271289, 
          77.2897087973902
        ], 
        [
          -18.436165818215002, 
          -13.725690454621544, 
          67.06348000592307
        ], 
        [
          2.877070289581998, 
          -14.412937884596813, 
          66.15397204571276
        ], 
        [
          3.726121655863901, 
          -1.6152243322023974, 
          76.38020083717988
        ], 
        [
          -17.492539958489832, 
          -5.413534433843856, 
          82.89535120755953
        ], 
        [
          -18.341591324771738, 
          -18.21124798623827, 
          72.6691224160924
        ], 
        [
          2.971644783025265, 
          -18.89849541621354, 
          71.75961445588209
        ], 
        [
          3.820696149307168, 
          -6.100781863819125, 
          81.98584324734922
        ]
      ], 
      "cuboid_centroid": [
        -7.3077348344539175, 
        -9.913236159220334, 
        74.52466162663615
      ], 
      "location": [
        -7.3077348344539175, 
        -9.913236159220334, 
        74.52466162663615
      ], 
      "pose_transform_permuted": [
        [
          -0.01317193533487182, 
          0.6247294761641573, 
          -0.7807301593580148, 
          0.0
        ], 
        [
          0.05176006062237387, 
          0.7801770959988963, 
          0.6234136628299839, 
          0.0
        ], 
        [
          -0.9985726795000461, 
          0.03219907592441429, 
          0.042612477817086394, 
          0.0
        ], 
        [
          -7.3077348344539175, 
          -9.913236159220334, 
          74.52466162663615, 
          1.0
        ]
      ], 
      "projected_cuboid": [
        [
          359.22997163687313, 
          266.8832501131165
        ], 
        [
          333.76241150948886, 
          164.13354575155986
        ], 
        [
          504.9847029999339, 
          157.09242616645275
        ], 
        [
          507.83127811576094, 
          262.0083433951918
        ], 
        [
          368.1183464377764, 
          238.4577582527482
        ], 
        [
          345.8661353013166, 
          139.63396502981593
        ], 
        [
          503.86647022464985, 
          132.8323594806109
        ], 
        [
          506.6578946240636, 
          233.60082747634397
        ]
      ], 
      "projected_cuboid_centroid": [
        428.8650370525742, 
        202.34461270575056
      ], 
      "quaternion_xyzw": [
        0.6827681333924429, 
        0.6513008181346056, 
        0.22344398400047913, 
        -0.2443516039132671
      ], 
      "visibility": 0.9902022424814
    }, 
    {
      "bounding_box": {
        "bottom_right": [
          325, 
          394
        ], 
        "top_left": [
          259, 
          322
        ]
      }, 
      "class": "005_tomato_soup_can", 
      "cuboid": [
        [
          -25.975350373155592, 
          3.908693253444716, 
          85.34278291021792
        ], 
        [
          -20.476838967550954, 
          0.8985797127569379, 
          82.79661274858137
        ], 
        [
          -14.54216045461568, 
          7.131146513635664, 
          88.24446693382147
        ], 
        [
          -20.040671860220314, 
          10.141260054323443, 
          90.79063709545802
        ], 
        [
          -26.02737672722286, 
          -0.5194076735694254, 
          90.46538596920712
        ], 
        [
          -20.528865321618227, 
          -3.529521214257203, 
          87.91921580757057
        ], 
        [
          -14.594186808682954, 
          2.7030455866215233, 
          93.36706999281067
        ], 
        [
          -20.09269821428759, 
          5.713159127309302, 
          95.91324015444722
        ]
      ], 
      "cuboid_centroid": [
        -20.28476859091927, 
        3.30586942003312, 
        89.35492645151429
      ], 
      "location": [
        -20.28476859091927, 
        3.30586942003312, 
        89.35492645151429
      ], 
      "pose_transform_permuted": [
        [
          0.007683249292718706, 
          0.6539417171454106, 
          -0.7565057562742917, 
          0.0
        ], 
        [
          -0.8126799532745245, 
          0.4448947635361243, 
          0.37632393485237237, 
          0.0
        ], 
        [
          -0.5826595089562444, 
          -0.6119058182885257, 
          -0.5348636893335696, 
          0.0
        ], 
        [
          -20.28476859091927, 
          3.30586942003312, 
          89.35492645151429, 
          1.0
        ]
      ], 
      "projected_cuboid": [
        [
          317.92056003181966, 
          297.71253612194613
        ], 
        [
          348.59999555193264, 
          279.07457860223695
        ], 
        [
          392.9767747614159, 
          316.38476519421584
        ], 
        [
          362.89372518856095, 
          332.85801757481437
        ], 
        [
          326.8794770386772, 
          270.224479703607
        ], 
        [
          356.03083201523754, 
          251.87639725746308
        ], 
        [
          397.53929010814664, 
          288.72653353512027
        ], 
        [
          368.9418183460124, 
          305.0542025860362
        ]
      ], 
      "projected_cuboid_centroid": [
        359.51741338387757, 
        293.0177936729386
      ], 
      "quaternion_xyzw": [
        0.2880624772594488, 
        0.8917807364814153, 
        0.33326729257729226, 
        -0.10334398089101808
      ], 
      "visibility": 0.8231268011527377
    }, 
    {
      "bounding_box": {
        "bottom_right": [
          315, 
          497
        ], 
        "top_left": [
          248, 
          428
        ]
      }, 
      "class": "010_potted_meat_can", 
      "cuboid": [
        [
          2.7562001665633535, 
          2.829110292135396, 
          78.99829645485283
        ], 
        [
          -6.9802205938023985, 
          0.10523632145466988, 
          77.94775181211446
        ], 
        [
          -6.28063451566096, 
          -4.947248395684023, 
          84.5641933326564
        ], 
        [
          3.4557862447047922, 
          -2.223374425003297, 
          85.61473797539477
        ], 
        [
          1.1736986306949373, 
          7.148934474009519, 
          82.46435016840515
        ], 
        [
          -8.562722129670815, 
          4.425060503328793, 
          81.41380552566679
        ], 
        [
          -7.863136051529376, 
          -0.6274242138099, 
          88.03024704620871
        ], 
        [
          1.8732847088363758, 
          2.096449756870826, 
          89.08079168894709
        ]
      ], 
      "cuboid_centroid": [
        -2.553467942483011, 
        1.100843039162748, 
        83.51427175053078
      ], 
      "location": [
        -2.553467942483011, 
        1.100843039162748, 
        83.51427175053078
      ], 
      "pose_transform_permuted": [
        [
          0.27473508562013393, 
          -0.7499564705444898, 
          -0.6017350013086864, 
          0.0
        ], 
        [
          0.9578660646304699, 
          0.2679738792171208, 
          0.10335225720263884, 
          0.0
        ], 
        [
          -0.0837396449994437, 
          0.6047765811782927, 
          -0.7919804029858711, 
          0.0
        ], 
        [
          -2.553467942483011, 
          1.100843039162748, 
          83.51427175053078, 
          1.0
        ]
      ], 
      "projected_cuboid": [
        [
          500.3593126278093, 
          292.3859361894603
        ], 
        [
          433.44030531960806, 
          274.00656633103995
        ], 
        [
          441.6570056069145, 
          242.08580930125743
        ], 
        [
          503.30358296193435, 
          259.43647957306956
        ], 
        [
          489.250957003431, 
          319.5206591017803
        ], 
        [
          425.03757251773203, 
          302.27389961997704
        ], 
        [
          433.56231085516634, 
          269.48537154820997
        ], 
        [
          492.90573725841307, 
          285.8378151903055
        ]
      ], 
      "projected_cuboid_centroid": [
        465.1548113806651, 
        280.3164879346228
      ], 
      "quaternion_xyzw": [
        0.8894348833834673, 
        0.0988587053384458, 
        0.1062717883810966, 
        0.4334035302462879
      ], 
      "visibility": 0.8307022318998367
    }, 
    {
      "bounding_box": {
        "bottom_right": [
          192, 
          420
        ], 
        "top_left": [
          134, 
          274
        ]
      }, 
      "class": "037_scissors", 
      "cuboid": [
        [
          -28.25083745531243, 
          -12.560562140329631, 
          79.46124051492178
        ], 
        [
          -8.075445619862199, 
          -12.371649625213369, 
          77.62355024441051
        ], 
        [
          -8.492161676911577, 
          -19.33236106291646, 
          72.33301160226826
        ], 
        [
          -28.667553512361803, 
          -19.521273578032723, 
          74.17070187277953
        ], 
        [
          -28.372583779971045, 
          -11.611514810001095, 
          78.22217770995448
        ], 
        [
          -8.197191944520817, 
          -11.422602294884832, 
          76.3844874394432
        ], 
        [
          -8.613908001570193, 
          -18.383313732587922, 
          71.09394879730095
        ], 
        [
          -28.789299837020423, 
          -18.572226247704187, 
          72.93163906781223
        ]
      ], 
      "cuboid_centroid": [
        -18.432372728441308, 
        -15.471937936458776, 
        75.27759465611138
      ], 
      "location": [
        -18.432372728441308, 
        -15.471937936458776, 
        75.27759465611138
      ], 
      "pose_transform_permuted": [
        [
          0.07776833154070459, 
          -0.6062263287188767, 
          0.7914805419108153, 
          0.0
        ], 
        [
          -0.995833713955559, 
          -0.009324500514054831, 
          0.09070623966607104, 
          0.0
        ], 
        [
          0.04760836795382098, 
          0.7952372022642551, 
          0.604425738073183, 
          0.0
        ], 
        [
          -18.432372728441308, 
          -15.471937936458776, 
          75.27759465611138, 
          1.0
        ]
      ], 
      "projected_cuboid": [
        [
          290.40594549825016, 
          188.9838802118537
        ], 
        [
          425.65162383212004, 
          188.28600656431738
        ], 
        [
          418.4615949681688, 
          130.74682457255295
        ], 
        [
          273.74709102543886, 
          132.92009645222095
        ], 
        [
          286.5404355947095, 
          194.11911488286702
        ], 
        [
          423.8869891847364, 
          193.53346639779292
        ], 
        [
          416.4403313751174, 
          135.38195702868353
        ], 
        [
          269.31814943446983, 
          137.475357983463
        ]
      ], 
      "projected_cuboid_centroid": [
        349.92087963743387, 
        163.67241536212114
      ], 
      "quaternion_xyzw": [
        0.04450493237606929, 
        -0.3198108057351876, 
        0.946381458257006, 
        0.01011322313686156
      ], 
      "visibility": 0.7098330241187384
    }, 
    {
      "bounding_box": {
        "bottom_right": [
          306, 
          434
        ], 
        "top_left": [
          261, 
          379
        ]
      }, 
      "class": "061_foam_brick", 
      "cuboid": [
        [
          -8.776633893267629, 
          0.9379618161680788, 
          83.2179340155703
        ], 
        [
          -16.45259110112206, 
          1.45515692790334, 
          84.42449330509906
        ], 
        [
          -16.023901483210217, 
          -1.640875630910044, 
          88.47887845648674
        ], 
        [
          -8.347944275355786, 
          -2.1580707426453056, 
          87.27231916695798
        ], 
        [
          -8.007673949334276, 
          5.109234351189501, 
          86.3219189517939
        ], 
        [
          -15.683631157188707, 
          5.6264294629247615, 
          87.52847824132266
        ], 
        [
          -15.254941539276864, 
          2.5303969041113783, 
          91.58286339271035
        ], 
        [
          -7.578984331422434, 
          2.0132017923761167, 
          90.3763041031816
        ]
      ], 
      "cuboid_centroid": [
        -12.015787716272246, 
        1.7341793601397284, 
        87.40039870414033
      ], 
      "location": [
        -12.015787716272246, 
        1.7341793601397284, 
        87.40039870414033
      ], 
      "pose_transform_permuted": [
        [
          -0.14630135802783556, 
          -0.7936211000227845, 
          -0.5905602951755535, 
          0.0
        ], 
        [
          0.9856893745944587, 
          -0.06641435229836795, 
          -0.15493737644730343, 
          0.0
        ], 
        [
          -0.08373989163353568, 
          0.6047765565954206, 
          -0.7919803956802153, 
          0.0
        ], 
        [
          -12.015787716272246, 
          1.7341793601397284, 
          87.40039870414033, 
          1.0
        ]
      ], 
      "projected_cuboid": [
        [
          424.8814348962638, 
          279.29766299609395
        ], 
        [
          376.79796226043953, 
          282.47893767323353
        ], 
        [
          384.2057165794724, 
          263.39591636892237
        ], 
        [
          430.15780294678444, 
          260.0986062304799
        ], 
        [
          431.7112583110282, 
          304.8527353921041
        ], 
        [
          385.23880177749726, 
          307.5689232827742
        ], 
        [
          392.0218107009272, 
          288.02193903972596
        ], 
        [
          436.50001512292266, 
          285.16664252215236
        ]
      ], 
      "projected_cuboid_centroid": [
        407.6653894408855, 
        283.86854707071313
      ], 
      "quaternion_xyzw": [
        0.8917715831934534, 
        0.004857056353243674, 
        -0.08444952164667453, 
        0.4445088645976268
      ], 
      "visibility": 0.9200184928340268
    }
  ]
}