{
  "camera_data": {
    "location_worldframe": [
      -19.792098593253467, 
      -19.29803511761983, 
      62.1326955210765
    ], 
    "quaternion_xyzw_worldframe": [
      0.8867919586733739, 
      0.010896064500639424, 
      0.10313708265524012, 
      -0.4503828286157956
    ]
  }, 
  "objects": [
    {
      "bounding_box": {
        "bottom_right": [
          156, 
          603
        ], 
        "top_left": [
          0, 
          362
        ]
      }, 
      "class": "003_cracker_box", 
      "cuboid": [
        [
          -9.777427613523127, 
          -11.460689219398503, 
          56.63007075098263
        ], 
        [
          -9.151446203003829, 
          -20.729935132860618, 
          43.11092347178611
        ], 
        [
          11.552251399436878, 
          -24.511300784135134, 
          46.662222747325664
        ], 
        [
          10.92626998891758, 
          -15.24205487067302, 
          60.18137002652219
        ], 
        [
          -11.5008625105943, 
          -17.246289909735037, 
          60.51709973755802
        ], 
        [
          -10.874881100075005, 
          -26.515535823197155, 
          46.9979524583615
        ], 
        [
          9.828816502365703, 
          -30.29690147447167, 
          50.54925173390106
        ], 
        [
          9.202835091846406, 
          -21.027655561009556, 
          64.06839901309758
        ]
      ], 
      "cuboid_centroid": [
        0.025694444421288376, 
        -20.878795346935085, 
        53.58966124244184
      ], 
      "location": [
        0.025694444421288376, 
        -20.878795346935085, 
        53.58966124244184
      ], 
      "pose_transform_permuted": [
        [
          0.2400327212082901, 
          0.8057939872785851, 
          -0.5413689525776508, 
          0.0
        ], 
        [
          -0.03816121973732289, 
          0.5650738570806256, 
          0.8241573013400929, 
          0.0
        ], 
        [
          -0.9700144401283433, 
          0.17716542018606324, 
          -0.16638629701027874, 
          0.0
        ], 
        [
          0.025694444421288376, 
          -20.878795346935085, 
          53.58966124244184, 
          1.0
        ]
      ], 
      "projected_cuboid": [
        [
          388.74977635599686, 
          165.35430487120934
        ], 
        [
          367.44227763361874, 
          16.839227789681352
        ], 
        [
          614.7322856090724, 
          -6.862069339820561
        ], 
        [
          579.2311848967169, 
          138.2134024460259
        ], 
        [
          379.39868122836583, 
          121.30000548407072
        ], 
        [
          357.16356832693293, 
          -27.6043258347217
        ], 
        [
          586.1601174586314, 
          -46.360742868542154
        ], 
        [
          558.8419144760735, 
          98.24766278538986
        ]
      ], 
      "projected_cuboid_centroid": [
        481.8549089125099, 
        65.50260777207002
      ], 
      "quaternion_xyzw": [
        0.6481460392971616, 
        0.5921074125800383, 
        0.41047462995468287, 
        -0.24662948297951068
      ], 
      "visibility": 0.7771729578461398
    }, 
    {
      "bounding_box": {
        "bottom_right": [
          231, 
          407
        ], 
        "top_left": [
          150, 
          315
        ]
      }, 
      "class": "005_tomato_soup_can", 
      "cuboid": [
        [
          -19.462891069913574, 
          -7.706865195883821, 
          63.75124348727752
        ], 
        [
          -13.789890187526876, 
          -10.75102401293385, 
          61.67096663492809
        ], 
        [
          -8.893206383420909, 
          -7.236655234677933, 
          69.88169821110179
        ], 
        [
          -14.566207265807604, 
          -4.192496417627903, 
          71.96197506345122
        ], 
        [
          -21.200487209717846, 
          -13.284606919910633, 
          67.17489702937172
        ], 
        [
          -15.52748632733115, 
          -16.328765736960662, 
          65.09462017702229
        ], 
        [
          -10.630802523225178, 
          -12.814396958704744, 
          73.30535175319599
        ], 
        [
          -16.303803405611877, 
          -9.770238141654715, 
          75.38562860554542
        ]
      ], 
      "cuboid_centroid": [
        -15.046846796569376, 
        -10.260631077294283, 
        68.52829762023676
      ], 
      "location": [
        -15.046846796569376, 
        -10.260631077294283, 
        68.52829762023676
      ], 
      "pose_transform_permuted": [
        [
          0.2566081085543453, 
          0.823720610917333, 
          -0.5056049790034288, 
          0.0
        ], 
        [
          -0.8384694969123899, 
          0.44992665518139596, 
          0.3074649064912701, 
          0.0
        ], 
        [
          -0.48075045254696447, 
          -0.3450364467370235, 
          -0.8061196268538424, 
          0.0
        ], 
        [
          -15.046846796569376, 
          -10.260631077294283, 
          68.52829762023676, 
          1.0
        ]
      ], 
      "projected_cuboid": [
        [
          317.42078127263125, 
          208.81372288026446
        ], 
        [
          361.35074968923743, 
          180.31358882721392
        ], 
        [
          413.160747172325, 
          218.05820134810222
        ], 
        [
          372.74538546448673, 
          242.21540020451448
        ], 
        [
          311.8780269309467, 
          167.81646897602377
        ], 
        [
          353.32036341900795, 
          139.50512082510434
        ], 
        [
          403.610088062314, 
          180.05775343627357
        ], 
        [
          365.2937499252051, 
          204.16647584791062
        ]
      ], 
      "projected_cuboid_centroid": [
        363.5195293153379, 
        193.4334600669547
      ], 
      "quaternion_xyzw": [
        0.2837688221086733, 
        0.81992544213679, 
        0.49694769609895373, 
        -0.015506531241544358
      ], 
      "visibility": 0.9236036807190242
    }, 
    {
      "bounding_box": {
        "bottom_right": [
          206, 
          557
        ], 
        "top_left": [
          123, 
          465
        ]
      }, 
      "class": "010_potted_meat_can", 
      "cuboid": [
        [
          9.725922516642836, 
          -11.57157297304511, 
          63.735863548937985
        ], 
        [
          0.3679516525536091, 
          -12.335199420742354, 
          59.84147288637549
        ], 
        [
          -1.0782385503767484, 
          -19.027317671493847, 
          64.62879030924476
        ], 
        [
          8.27973231371248, 
          -18.263691223796606, 
          68.52318097180726
        ], 
        [
          7.710171472717159, 
          -8.15076867687927, 
          67.908820068578
        ], 
        [
          -1.6477993913720672, 
          -8.914395124576515, 
          64.01442940601551
        ], 
        [
          -3.093989594302425, 
          -15.606513375328014, 
          68.80174682888477
        ], 
        [
          6.263981269786802, 
          -14.842886927630767, 
          72.69613749144727
        ]
      ], 
      "cuboid_centroid": [
        3.3159664611702055, 
        -13.58904317418656, 
        66.26880518891139
      ], 
      "location": [
        3.3159664611702055, 
        -13.58904317418656, 
        66.26880518891139
      ], 
      "pose_transform_permuted": [
        [
          0.3499507097400016, 
          -0.593879335909212, 
          -0.7244590546847479, 
          0.0
        ], 
        [
          0.9206342808232356, 
          0.07512533386817476, 
          0.38312894952808624, 
          0.0
        ], 
        [
          0.17310729584098095, 
          0.8010388201277655, 
          -0.5730363625241779, 
          0.0
        ], 
        [
          3.3159664611702055, 
          -13.58904317418656, 
          66.26880518891139, 
          1.0
        ]
      ], 
      "projected_cuboid": [
        [
          563.658421677205, 
          176.45963188828426
        ], 
        [
          484.90365816122886, 
          163.35268949654855
        ], 
        [
          472.62524877613765, 
          116.27228657938635
        ], 
        [
          546.5756946293216, 
          131.13925216513283
        ], 
        [
          542.6532439236421, 
          209.27475646486826
        ], 
        [
          467.7544522260223, 
          199.01857158423303
        ], 
        [
          457.41401632273715, 
          152.3120047506814
        ], 
        [
          527.9343829155192, 
          164.3948892300584
        ]
      ], 
      "projected_cuboid_centroid": [
        508.5057698499571, 
        163.92433021728286
      ], 
      "quaternion_xyzw": [
        0.9281880407056198, 
        -0.02639065514632119, 
        0.19744912321612973, 
        0.3142993788053675
      ], 
      "visibility": 0.7592685790974669
    }, 
    {
      "bounding_box": {
        "bottom_right": [
          61, 
          466
        ], 
        "top_left": [
          0, 
          241
        ]
      }, 
      "class": "037_scissors", 
      "cuboid": [
        [
          -21.634981376301315, 
          -21.408135851066355, 
          52.862469800535806
        ], 
        [
          -1.7152643697346537, 
          -23.92715823239585, 
          55.5677664207442
        ], 
        [
          -1.3999319053549146, 
          -29.048973729913964, 
          48.47674910575581
        ], 
        [
          -21.319648911921576, 
          -26.529951348584476, 
          45.77145248554741
        ], 
        [
          -21.354970501662894, 
          -20.153643829741537, 
          51.96880693572512
        ], 
        [
          -1.435253495096231, 
          -22.672666211071032, 
          54.67410355593352
        ], 
        [
          -1.119921030716492, 
          -27.794481708589146, 
          47.58308624094512
        ], 
        [
          -21.039638037283154, 
          -25.275459327259654, 
          44.87778962073673
        ]
      ], 
      "cuboid_centroid": [
        -11.377451203508905, 
        -24.60130877982775, 
        50.22277802074046
      ], 
      "location": [
        -11.377451203508905, 
        -24.60130877982775, 
        50.22277802074046
      ], 
      "pose_transform_permuted": [
        [
          -0.17886353937126623, 
          -0.8013363171588088, 
          0.5708481972748717, 
          0.0
        ], 
        [
          -0.9832139038181074, 
          0.12433599476015066, 
          -0.13353027304876774, 
          0.0
        ], 
        [
          -0.03602564321200836, 
          0.585149702471224, 
          0.8101241979712847, 
          0.0
        ], 
        [
          -11.377451203508905, 
          -24.60130877982775, 
          50.22277802074046, 
          1.0
        ]
      ], 
      "projected_cuboid": [
        [
          261.5068131125539, 
          57.30385439433146
        ], 
        [
          464.9973833828707, 
          43.64221579742183
        ], 
        [
          466.0672941142167, 
          -46.29732122887208
        ], 
        [
          231.1147392850102, 
          -35.835017626734185
        ], 
        [
          260.61961330130896, 
          66.46376177356532
        ], 
        [
          467.4801904424663, 
          52.125584136136354
        ], 
        [
          468.94019288086633, 
          -38.238891962773174
        ], 
        [
          229.48215033427442, 
          -27.082476330372042
        ]
      ], 
      "projected_cuboid_centroid": [
        359.7721897778012, 
        12.043328007983394
      ], 
      "quaternion_xyzw": [
        -0.08815807901386626, 
        -0.45475696948040384, 
        0.8858910491087778, 
        0.024921335314592043
      ], 
      "visibility": 0.44413866439972094
    }, 
    {
      "bounding_box": {
        "bottom_right": [
          206, 
          462
        ], 
        "top_left": [
          143, 
          394
        ]
      }, 
      "class": "061_foam_brick", 
      "cuboid": [
        [
          -2.619693449197933, 
          -12.678963783057858, 
          64.60081769245659
        ], 
        [
          -10.274108287361061, 
          -11.297621569577135, 
          64.21947488850238
        ], 
        [
          -11.16029445566854, 
          -15.398379514977128, 
          67.1530204732633
        ], 
        [
          -3.505879617505413, 
          -16.77972172845785, 
          67.53436327721751
        ], 
        [
          -2.2916141997709407, 
          -9.673963072814212, 
          68.9005701479628
        ], 
        [
          -9.946029037934068, 
          -8.29262085933349, 
          68.51922734400858
        ], 
        [
          -10.83221520624155, 
          -12.393378804733482, 
          71.4527729287695
        ], 
        [
          -3.1778003680784215, 
          -13.774721018214207, 
          71.83411573272372
        ]
      ], 
      "cuboid_centroid": [
        -6.725954327719741, 
        -12.53617129389567, 
        68.02679531061304
      ], 
      "location": [
        -6.725954327719741, 
        -12.53617129389567, 
        68.02679531061304
      ], 
      "pose_transform_permuted": [
        [
          -0.062419948022782834, 
          -0.5717276800329146, 
          -0.8180655291436099, 
          0.0
        ], 
        [
          0.9829230635881162, 
          -0.17738170050160107, 
          0.04896920862861165, 
          0.0
        ], 
        [
          0.17310690672351953, 
          0.8010388206643555, 
          -0.5730364793215814, 
          0.0
        ], 
        [
          -6.725954327719741, 
          -12.53617129389567, 
          68.02679531061304, 
          1.0
        ]
      ], 
      "projected_cuboid": [
        [
          459.7896535834204, 
          168.61387405303347
        ], 
        [
          395.5632645352852, 
          179.46386445797185
        ], 
        [
          392.224994040481, 
          150.99483335575314
        ], 
        [
          453.6803787360872, 
          140.7768975008557
        ], 
        [
          463.7111843229219, 
          198.40596816137736
        ], 
        [
          403.5369866422116, 
          208.7409020843487
        ], 
        [
          400.0722334350749, 
          180.78303745512773
        ], 
        [
          457.8074438541944, 
          171.0185780184198
        ]
      ], 
      "projected_cuboid_centroid": [
        428.4271938183494, 
        175.00488854469566
      ], 
      "quaternion_xyzw": [
        0.9489503956208777, 
        -0.09233586097927791, 
        -0.0035435833780781177, 
        0.30158693347862026
      ], 
      "visibility": 0.896471949103528
    }
  ]
}