{
  "camera_data": {
    "location_worldframe": [
      -10.020950073089388, 
      -15.699551340419854, 
      63.31879834981656
    ], 
    "quaternion_xyzw_worldframe": [
      -0.8413029690837585, 
      -0.048964758095764754, 
      -0.16882638560998303, 
      0.5111869398912855
    ]
  }, 
  "objects": [
    {
      "bounding_box": {
        "bottom_right": [
          202, 
          711
        ], 
        "top_left": [
          40, 
          470
        ]
      }, 
      "class": "003_cracker_box", 
      "cuboid": [
        [
          0.46648019072974833, 
          -7.050392459831432, 
          60.63464161429448
        ], 
        [
          3.5049969725613987, 
          -14.27945387489801, 
          46.226789501266694
        ], 
        [
          23.512221688932257, 
          -18.314222239391157, 
          52.47059847815893
        ], 
        [
          20.47370490710061, 
          -11.085160824324578, 
          66.8784505911867
        ], 
        [
          -1.6513271252485848, 
          -13.351015044070943, 
          63.34931374151397
        ], 
        [
          1.3871896565830641, 
          -20.58007645913752, 
          48.941461628486174
        ], 
        [
          21.394414372953925, 
          -24.614844823630666, 
          55.18527060537841
        ], 
        [
          18.35589759112227, 
          -17.38578340856409, 
          69.59312271840619
        ]
      ], 
      "cuboid_centroid": [
        10.930447281841836, 
        -15.83261864173105, 
        57.90995610983644
      ], 
      "location": [
        10.930447281841836, 
        -15.83261864173105, 
        57.90995610983644
      ], 
      "pose_transform_permuted": [
        [
          0.29495924326064676, 
          0.8775240577822421, 
          -0.3780880490421446, 
          0.0
        ], 
        [
          -0.18523474441649773, 
          0.44069967018046724, 
          0.8783347255823275, 
          0.0
        ], 
        [
          -0.9373831309961054, 
          0.1890379028560572, 
          -0.29253638578426894, 
          0.0
        ], 
        [
          10.930447281841836, 
          -15.83261864173105, 
          57.90995610983644, 
          1.0
        ]
      ], 
      "projected_cuboid": [
        [
          485.73424638918465, 
          211.2739282295893
        ], 
        [
          522.3712884503337, 
          108.54413491527556
        ], 
        [
          722.5706270792118, 
          87.13784415852238
        ], 
        [
          646.2244148966389, 
          184.8883574321842
        ], 
        [
          467.5791696694359, 
          160.88819682072432
        ], 
        [
          496.8393740683472, 
          49.02356271244327
        ], 
        [
          690.0792620315856, 
          35.40460613345232
        ], 
        [
          623.4378265626575, 
          140.05241371204283
        ]
      ], 
      "projected_cuboid_centroid": [
        583.0994987794444, 
        127.47662649574079
      ], 
      "quaternion_xyzw": [
        0.5877693441056839, 
        0.5861494883138997, 
        0.4990452379871013, 
        -0.24881685216505153
      ], 
      "visibility": 0.9932217457462996
    }, 
    {
      "bounding_box": {
        "bottom_right": [
          249, 
          467
        ], 
        "top_left": [
          178, 
          391
        ]
      }, 
      "class": "005_tomato_soup_can", 
      "cuboid": [
        [
          -10.332342307579033, 
          -4.457175688048682, 
          66.573911884777
        ], 
        [
          -4.306309159163322, 
          -7.112358159806672, 
          65.0201022975789
        ], 
        [
          -0.8727653937260937, 
          -4.760002543313011, 
          74.31642487520752
        ], 
        [
          -6.8987985421418045, 
          -2.1048200715550207, 
          75.8702344624056
        ], 
        [
          -12.398555372596782, 
          -10.48583352516256, 
          68.8625566615525
        ], 
        [
          -6.372522224181071, 
          -13.141015996920553, 
          67.30874707435443
        ], 
        [
          -2.938978458743842, 
          -10.78866038042689, 
          76.60506965198303
        ], 
        [
          -8.965011607159552, 
          -8.1334779086689, 
          78.15887923918112
        ]
      ], 
      "cuboid_centroid": [
        -6.635660383161437, 
        -7.622918034237785, 
        71.58949076838002
      ], 
      "location": [
        -6.635660383161437, 
        -7.622918034237785, 
        71.58949076838002
      ], 
      "pose_transform_permuted": [
        [
          0.30513823916770744, 
          0.8903118793055, 
          -0.33798694291948667, 
          0.0
        ], 
        [
          -0.8906476637464932, 
          0.3924359536445008, 
          0.22965304781118245, 
          0.0
        ], 
        [
          -0.3371011454098035, 
          -0.23095140965247582, 
          -0.9127016293087972, 
          0.0
        ], 
        [
          -6.635660383161437, 
          -7.622918034237785, 
          71.58949076838002, 
          1.0
        ]
      ], 
      "projected_cuboid": [
        [
          398.1355185441742, 
          237.58037301722445
        ], 
        [
          445.98072841370583, 
          214.94827404281904
        ], 
        [
          475.28161696660175, 
          239.12716370372863
        ], 
        [
          432.6987673101841, 
          258.49098909238825
        ], 
        [
          384.7738131062095, 
          192.0769425792939
        ], 
        [
          430.6837286591115, 
          169.16394651229024
        ], 
        [
          460.9655773362987, 
          198.17657615770932
        ], 
        [
          419.9142416580734, 
          217.78749436402762
        ]
      ], 
      "projected_cuboid_centroid": [
        431.75149330771285, 
        216.49815431041822
      ], 
      "quaternion_xyzw": [
        0.2325875042759561, 
        0.7841533677027818, 
        0.5748280830242175, 
        0.024065825151546184
      ], 
      "visibility": 0.9413998914812806
    }, 
    {
      "bounding_box": {
        "bottom_right": [
          234, 
          616
        ], 
        "top_left": [
          158, 
          529
        ]
      }, 
      "class": "010_potted_meat_can", 
      "cuboid": [
        [
          18.611523813128166, 
          -7.974689110961098, 
          70.6738993042364
        ], 
        [
          10.008116382494544, 
          -8.270045267611955, 
          65.26879356977882
        ], 
        [
          8.053168331583988, 
          -15.593899281482923, 
          68.78072486098426
        ], 
        [
          16.65657576221761, 
          -15.298543124832065, 
          74.18583059544184
        ], 
        [
          15.856010551632327, 
          -5.208472130243078, 
          74.90874413018553
        ], 
        [
          7.252603120998705, 
          -5.5038282868939365, 
          69.50363839572795
        ], 
        [
          5.297655070088149, 
          -12.827682300764904, 
          73.01556968693339
        ], 
        [
          13.90106250072177, 
          -12.532326144114045, 
          78.42067542139097
        ]
      ], 
      "cuboid_centroid": [
        11.954589441608157, 
        -10.401185705863, 
        71.84473449558489
      ], 
      "location": [
        11.954589441608157, 
        -10.401185705863, 
        71.84473449558489
      ], 
      "pose_transform_permuted": [
        [
          0.4783794231258305, 
          -0.48023767548787044, 
          -0.7352033659838761, 
          0.0
        ], 
        [
          0.8464005634945461, 
          0.02905704738924111, 
          0.5317526313008242, 
          0.0
        ], 
        [
          0.23400502224189085, 
          0.8766568608378064, 
          -0.420374116605169, 
          0.0
        ], 
        [
          11.954589441608157, 
          -10.401185705863, 
          71.84473449558489, 
          1.0
        ]
      ], 
      "projected_cuboid": [
        [
          623.2138176214079, 
          213.1079159661321
        ], 
        [
          564.0561522739057, 
          205.71095011318454
        ], 
        [
          544.5609905746679, 
          152.37283895278742
        ], 
        [
          602.3385507871052, 
          163.30579668658032
        ], 
        [
          595.426129259842, 
          236.20434927684028
        ], 
        [
          537.7119586935836, 
          231.054225032589
        ], 
        [
          520.6146141062309, 
          179.5907110909673
        ], 
        [
          576.9225834928648, 
          188.05729302238703
        ]
      ], 
      "projected_cuboid_centroid": [
        571.0781994255703, 
        196.07620288753333
      ], 
      "quaternion_xyzw": [
        0.9298199812754387, 
        -0.05510420806711467, 
        0.2715934467876921, 
        0.24214681611209996
      ], 
      "visibility": 0.591010778930242
    }, 
    {
      "bounding_box": {
        "bottom_right": [
          116, 
          580
        ], 
        "top_left": [
          38, 
          380
        ]
      }, 
      "class": "037_scissors", 
      "cuboid": [
        [
          -10.320658873791864, 
          -16.47847543761361, 
          53.670506085194845
        ], 
        [
          9.003206008393908, 
          -19.15100984696311, 
          59.13905571270318
        ], 
        [
          10.592706079520337, 
          -23.20016389812977, 
          51.54347830812204
        ], 
        [
          -8.731158802665433, 
          -20.52762948878027, 
          46.07492868061371
        ], 
        [
          -9.945976991082034, 
          -15.106005946777055, 
          53.01725986751203
        ], 
        [
          9.377887891103736, 
          -17.778540356126552, 
          58.485809495020355
        ], 
        [
          10.967387962230166, 
          -21.82769440729321, 
          50.89023209043923
        ], 
        [
          -8.356476919955606, 
          -19.155159997943713, 
          45.42168246293089
        ]
      ], 
      "cuboid_centroid": [
        0.32336454421915195, 
        -19.153084922453413, 
        52.280369087817036
      ], 
      "location": [
        0.32336454421915195, 
        -19.153084922453413, 
        52.280369087817036
      ], 
      "pose_transform_permuted": [
        [
          -0.2393368749206902, 
          -0.8766972037321736, 
          0.4172764030201274, 
          0.0
        ], 
        [
          -0.9538033407504836, 
          0.13191316868801453, 
          -0.26992120549268056, 
          0.0
        ], 
        [
          -0.1815948844991228, 
          0.4626018429301968, 
          0.8677684427604833, 
          0.0
        ], 
        [
          0.32336454421915195, 
          -19.153084922453413, 
          52.280369087817036, 
          1.0
        ]
      ], 
      "projected_cuboid": [
        [
          378.18684648174434, 
          109.54122807633051
        ], 
        [
          563.4651371451304, 
          100.58157227304712
        ], 
        [
          592.1130134782123, 
          33.23479631030506
        ], 
        [
          379.69125671547977, 
          35.67820920165912
        ], 
        [
          380.7131576904939, 
          121.32982020597098
        ], 
        [
          567.8246637150205, 
          111.16783236741645
        ], 
        [
          597.4909523492305, 
          44.53661084027421
        ], 
        [
          382.6616629364652, 
          48.37584793781632
        ]
      ], 
      "projected_cuboid_centroid": [
        484.92324716816717, 
        77.90315707747864
      ], 
      "quaternion_xyzw": [
        -0.15126289531974108, 
        -0.5181516693070721, 
        0.8416771332733246, 
        -0.01475676178165064
      ], 
      "visibility": 0.8422907488986784
    }, 
    {
      "bounding_box": {
        "bottom_right": [
          230, 
          529
        ], 
        "top_left": [
          172, 
          461
        ]
      }, 
      "class": "061_foam_brick", 
      "cuboid": [
        [
          6.325913994765872, 
          -9.32348875185495, 
          69.39526488752996
        ], 
        [
          -1.2161344140103498, 
          -7.981813174549322, 
          67.99490507501712
        ], 
        [
          -2.4140677810454294, 
          -12.469685003884702, 
          70.14692585584913
        ], 
        [
          5.127980627730793, 
          -13.811360581190327, 
          71.54728566836198
        ], 
        [
          5.8780058259872945, 
          -6.96244609210339, 
          74.06970520400378
        ], 
        [
          -1.6640425827889278, 
          -5.620770514797766, 
          72.66934539149094
        ], 
        [
          -2.8619759498240076, 
          -10.108642344133143, 
          74.82136617232295
        ], 
        [
          4.680072458952216, 
          -11.45031792143877, 
          76.2217259848358
        ]
      ], 
      "cuboid_centroid": [
        1.7319690224709325, 
        -9.716065547994045, 
        72.10831552992646
      ], 
      "location": [
        1.7319690224709325, 
        -9.716065547994045, 
        72.10831552992646
      ], 
      "pose_transform_permuted": [
        [
          0.08521844847843787, 
          -0.449209026046803, 
          -0.8893531733552258, 
          0.0
        ], 
        [
          0.9684938018675769, 
          -0.17228800589844576, 
          0.17982379922475084, 
          0.0
        ], 
        [
          0.2340033584866128, 
          0.8766573412352283, 
          -0.42037404091519026, 
          0.0
        ], 
        [
          1.7319690224709325, 
          -9.716065547994045, 
          72.10831552992646, 
          1.0
        ]
      ], 
      "projected_cuboid": [
        [
          530.6184098588948, 
          201.63324660919267
        ], 
        [
          471.9787995058232, 
          210.68100495651066
        ], 
        [
          463.09021690717316, 
          178.48085508930703
        ], 
        [
          520.1400192733199, 
          170.33547562626373
        ], 
        [
          524.2728165189416, 
          223.1552618076585
        ], 
        [
          469.28290527142923, 
          232.03576061577579
        ], 
        [
          461.027173577449, 
          201.233096602367
        ], 
        [
          514.6161924222512, 
          193.16923937481846
        ]
      ], 
      "projected_cuboid_centroid": [
        494.5136185187217, 
        201.42564385239177
      ], 
      "quaternion_xyzw": [
        0.9662432815365433, 
        -0.10512139441191357, 
        0.06857544387830365, 
        0.22499071496237502
      ], 
      "visibility": 0.595260663507109
    }
  ]
}