{
  "camera_data": {
    "location_worldframe": [
      -26.283264643316727, 
      -10.488532450985797, 
      82.20124595441483
    ], 
    "quaternion_xyzw_worldframe": [
      0.9401841450730055, 
      0.023019767153516467, 
      -0.007537983728694675, 
      -0.33980667445523594
    ]
  }, 
  "objects": [
    {
      "bounding_box": {
        "bottom_right": [
          240, 
          500
        ], 
        "top_left": [
          104, 
          321
        ]
      }, 
      "class": "003_cracker_box", 
      "cuboid": [
        [
          -18.43122552602331, 
          -3.6170522831931256, 
          73.08396601074006
        ], 
        [
          -19.129859645425856, 
          -15.959080273020026, 
          62.30137025866382
        ], 
        [
          2.1768297757175397, 
          -17.21422191593468, 
          62.35751750751246
        ], 
        [
          2.8754638951200824, 
          -4.872193926107779, 
          73.14011325958869
        ], 
        [
          -18.722980557854775, 
          -8.32770045754132, 
          78.49479499656596
        ], 
        [
          -19.42161467725732, 
          -20.66972844736822, 
          67.71219924448972
        ], 
        [
          1.8850747438860753, 
          -21.924870090282873, 
          67.76834649333836
        ], 
        [
          2.583708863288618, 
          -9.582842100455974, 
          78.55094224541459
        ]
      ], 
      "cuboid_centroid": [
        -8.273075391068618, 
        -12.770961186738, 
        70.4261562520392
      ], 
      "location": [
        -8.273075391068618, 
        -12.770961186738, 
        70.4261562520392
      ], 
      "pose_transform_permuted": [
        [
          0.04063440651905603, 
          0.6560791486032933, 
          -0.7535973698035457, 
          0.0
        ], 
        [
          0.042590290539769315, 
          0.7523974900999948, 
          0.6573310307926798, 
          0.0
        ], 
        [
          -0.9982659526191316, 
          0.058806187252759046, 
          -0.0026306239205422244, 
          0.0
        ], 
        [
          -8.273075391068618, 
          -12.770961186738, 
          70.4261562520392, 
          1.0
        ]
      ], 
      "projected_cuboid": [
        [
          345.97703596430136, 
          246.89162646695465
        ], 
        [
          316.4746947361611, 
          136.67172511833814
        ], 
        [
          500.36979729358643, 
          126.05999619814764
        ], 
        [
          502.73896988806047, 
          237.75970710849936
        ], 
        [
          353.3268411110362, 
          216.70538840349968
        ], 
        [
          327.3524033254969, 
          110.48616991174433
        ], 
        [
          496.55575440602763, 
          100.74340859018494
        ], 
        [
          499.2852803467745, 
          208.22408031360993
        ]
      ], 
      "projected_cuboid_centroid": [
        418.425053213477, 
        176.57525826270484
      ], 
      "quaternion_xyzw": [
        0.6809907942836074, 
        0.6426898342145724, 
        0.2562315978316511, 
        -0.23988889797334542
      ], 
      "visibility": 0.9919380844888745
    }, 
    {
      "bounding_box": {
        "bottom_right": [
          307, 
          381
        ], 
        "top_left": [
          239, 
          306
        ]
      }, 
      "class": "005_tomato_soup_can", 
      "cuboid": [
        [
          -27.063270030717423, 
          1.1247177120901422, 
          80.93350826045696
        ], 
        [
          -21.531146546234066, 
          -1.9344402330900008, 
          78.52216918926158
        ], 
        [
          -15.700257928433642, 
          3.9002799321362995, 
          84.49721661361367
        ], 
        [
          -21.232381412916997, 
          6.959437877316443, 
          86.90855568480906
        ], 
        [
          -27.47685272525013, 
          -3.5047307858120935, 
          85.85783589185603
        ], 
        [
          -21.944729240766772, 
          -6.563888730992237, 
          83.44649682066063
        ], 
        [
          -16.11384062296635, 
          -0.7291685657659367, 
          89.42154424501273
        ], 
        [
          -21.645964107449707, 
          2.329989379414206, 
          91.83288331620811
        ]
      ], 
      "cuboid_centroid": [
        -21.588555326841885, 
        0.19777457316210273, 
        85.17752625273485
      ], 
      "location": [
        -21.588555326841885, 
        0.19777457316210273, 
        85.17752625273485
      ], 
      "pose_transform_permuted": [
        [
          0.06107787105627575, 
          0.6836767160580037, 
          -0.7272244513259281, 
          0.0
        ], 
        [
          -0.8176478183342886, 
          0.45214352623044285, 
          0.3563959004814715, 
          0.0
        ], 
        [
          -0.5724695434506013, 
          -0.5728457201106912, 
          -0.5866228795165794, 
          0.0
        ], 
        [
          -21.588555326841885, 
          0.19777457316210273, 
          85.17752625273485, 
          1.0
        ]
      ], 
      "projected_cuboid": [
        [
          301.7747292569482, 
          280.69797972280594
        ], 
        [
          334.139656825096, 
          260.147893577784
        ], 
        [
          381.67621818420787, 
          297.9038656405168
        ], 
        [
          350.2174753842839, 
          315.99354741899566
        ], 
        [
          309.49789416633377, 
          251.51634610086307
        ], 
        [
          340.1760842059394, 
          231.3357007938899
        ], 
        [
          384.69152191126653, 
          268.9376992442036
        ], 
        [
          354.84050644602496, 
          286.81795417734884
        ]
      ], 
      "projected_cuboid_centroid": [
        345.2988134208424, 
        274.5248581999363
      ], 
      "quaternion_xyzw": [
        0.2901425884383299, 
        0.8828530440807953, 
        0.35971433866923663, 
        -0.08362604382609154
      ], 
      "visibility": 0.8123569794050344
    }, 
    {
      "bounding_box": {
        "bottom_right": [
          294, 
          491
        ], 
        "top_left": [
          225, 
          419
        ]
      }, 
      "class": "010_potted_meat_can", 
      "cuboid": [
        [
          1.8996788554173083, 
          -0.512180881491163, 
          75.8943996115676
        ], 
        [
          -7.844215709545215, 
          -2.9132741810779144, 
          74.2781408603174
        ], 
        [
          -7.595101709179909, 
          -8.248444772274697, 
          80.70217525235263
        ], 
        [
          2.1487928557826135, 
          -5.847351472687945, 
          82.31843400360285
        ], 
        [
          0.2685083133561514, 
          3.706370162206671, 
          79.46116707987669
        ], 
        [
          -9.475386251606372, 
          1.3052768626199196, 
          77.84490832862649
        ], 
        [
          -9.226272251241067, 
          -4.029893728576862, 
          84.26894272066173
        ], 
        [
          0.5176223137214566, 
          -1.6288004289901112, 
          85.88520147191194
        ]
      ], 
      "cuboid_centroid": [
        -3.663296697911879, 
        -2.271037305034013, 
        80.08167116611466
      ], 
      "location": [
        -3.663296697911879, 
        -2.271037305034013, 
        80.08167116611466
      ], 
      "pose_transform_permuted": [
        [
          0.28318441933662336, 
          -0.73237463339789, 
          -0.619219724962393, 
          0.0
        ], 
        [
          0.9586013352163579, 
          0.23621881657457802, 
          0.1590070363214706, 
          0.0
        ], 
        [
          -0.029818657927558848, 
          0.6386137535858258, 
          -0.7689494920802156, 
          0.0
        ], 
        [
          -3.663296697911879, 
          -2.271037305034013, 
          80.08167116611466, 
          1.0
        ]
      ], 
      "projected_cuboid": [
        [
          495.0576003105778, 
          269.6873778902675
        ], 
        [
          424.8059740718668, 
          252.36913006141842
        ], 
        [
          430.98663143167687, 
          218.77676654090016
        ], 
        [
          495.63455043052505, 
          235.40307861032252
        ], 
        [
          483.4142348367003, 
          298.16258577468017
        ], 
        [
          416.13971434194536, 
          282.2290587864781
        ], 
        [
          422.71942005653375, 
          247.7822279217618
        ], 
        [
          484.8381240343693, 
          263.1722091917185
        ]
      ], 
      "projected_cuboid_centroid": [
        456.997318353548, 
        258.16211998103574
      ], 
      "quaternion_xyzw": [
        0.8967210845302703, 
        0.07416951577577084, 
        0.12328009881961437, 
        0.4185593913698775
      ], 
      "visibility": 0.8373373373373373
    }, 
    {
      "bounding_box": {
        "bottom_right": [
          168, 
          408
        ], 
        "top_left": [
          105, 
          249
        ]
      }, 
      "class": "037_scissors", 
      "cuboid": [
        [
          -29.49065954702579, 
          -15.020481136104943, 
          74.26649899132478
        ], 
        [
          -9.252642260003965, 
          -15.330481209124278, 
          73.38005360237804
        ], 
        [
          -9.60057367238001, 
          -22.055668247902204, 
          67.78847438529553
        ], 
        [
          -29.838590959401834, 
          -21.74566817488287, 
          68.67491977424227
        ], 
        [
          -29.527984275482268, 
          -14.01876246610893, 
          73.06401979888439
        ], 
        [
          -9.289966988460442, 
          -14.328762539128265, 
          72.17757440993763
        ], 
        [
          -9.637898400836487, 
          -21.05394957790619, 
          66.58599519285514
        ], 
        [
          -29.875915687858313, 
          -20.743949504886857, 
          67.47244058180186
        ]
      ], 
      "cuboid_centroid": [
        -19.56427897393114, 
        -18.037215357005568, 
        70.42624709208995
      ], 
      "location": [
        -19.56427897393114, 
        -18.037215357005568, 
        70.42624709208995
      ], 
      "pose_transform_permuted": [
        [
          0.023842049157618176, 
          -0.6398713871421131, 
          0.7681118980036855, 
          0.0
        ], 
        [
          -0.9989248329055813, 
          0.015301240568666712, 
          0.04375390629799463, 
          0.0
        ], 
        [
          0.039749960249620776, 
          0.7683293544469032, 
          0.6388185823572893, 
          0.0
        ], 
        [
          -19.56427897393114, 
          -18.037215357005568, 
          70.42624709208995, 
          1.0
        ]
      ], 
      "projected_cuboid": [
        [
          268.05508473633375, 
          165.42206547582703
        ], 
        [
          413.78929529125463, 
          161.8659891144845
        ], 
        [
          405.43599425840654, 
          99.7655979809948
        ], 
        [
          247.94378470722583, 
          104.41279593803547
        ], 
        [
          264.26591888392295, 
          170.95873593084696
        ], 
        [
          412.381526550431, 
          167.4114136481624
        ], 
        [
          403.7591551062758, 
          104.65522774158948
        ], 
        [
          243.48218370266807, 
          109.3210076423207
        ]
      ], 
      "projected_cuboid_centroid": [
        332.20723645817907, 
        136.69541502712374
      ], 
      "quaternion_xyzw": [
        0.017975191245193034, 
        -0.3400306510964966, 
        0.940128460019716, 
        0.014639276215809112
      ], 
      "visibility": 0.7205281358063502
    }, 
    {
      "bounding_box": {
        "bottom_right": [
          287, 
          424
        ], 
        "top_left": [
          239, 
          366
        ]
      }, 
      "class": "061_foam_brick", 
      "cuboid": [
        [
          -9.86739950815494, 
          -2.244771451938965, 
          79.48923950159907
        ], 
        [
          -17.575800277764948, 
          -1.5591219375732082, 
          80.35759281568792
        ], 
        [
          -17.423149520082315, 
          -4.828378363476058, 
          84.29407494030158
        ], 
        [
          -9.714748750472301, 
          -5.514027877841815, 
          83.42572162621272
        ], 
        [
          -9.137271954112592, 
          1.773302548525841, 
          82.79794491651863
        ], 
        [
          -16.845672723722604, 
          2.4589520628915977, 
          83.66629823060748
        ], 
        [
          -16.693021966039968, 
          -0.810304363011252, 
          87.60278035522113
        ], 
        [
          -8.984621196429957, 
          -1.4959538773770091, 
          86.73442704113228
        ]
      ], 
      "cuboid_centroid": [
        -13.280210737097454, 
        -1.5275379074751085, 
        83.5460099284101
      ], 
      "location": [
        -13.280210737097454, 
        -1.5275379074751085, 
        83.5460099284101
      ], 
      "pose_transform_permuted": [
        [
          -0.13891315605276233, 
          -0.7644737382774375, 
          -0.6295101576301854, 
          0.0
        ], 
        [
          0.9898555356647359, 
          -0.0880460146800488, 
          -0.1115074787305278, 
          0.0
        ], 
        [
          -0.029818678531071285, 
          0.6386139700813634, 
          -0.7689493114813095, 
          0.0
        ], 
        [
          -13.280210737097454, 
          -1.5275379074751085, 
          83.5460099284101, 
          1.0
        ]
      ], 
      "projected_cuboid": [
        [
          414.8417140642478, 
          258.2256242958981
        ], 
        [
          363.9774062612252, 
          262.93891266410253
        ], 
        [
          370.4440266669064, 
          242.73790525694864
        ], 
        [
          418.9755871661757, 
          238.03674940207372
        ], 
        [
          422.25144062617323, 
          284.7087656341829
        ], 
        [
          373.32173198028465, 
          288.9607977126902
        ], 
        [
          379.12421920576037, 
          268.3534618465159
        ], 
        [
          425.89132274968705, 
          264.0880971138014
        ]
      ], 
      "projected_cuboid_centroid": [
        396.1157937024736, 
        263.5354334009673
      ], 
      "quaternion_xyzw": [
        0.9024937206673913, 
        -0.016129568221792887, 
        -0.06936907954276537, 
        0.4247738833641927
      ], 
      "visibility": 0.943858168003377
    }
  ]
}