{
  "camera_data": {
    "location_worldframe": [
      -7.558235721349781, 
      -10.422010912991622, 
      69.83340635962773
    ], 
    "quaternion_xyzw_worldframe": [
      -0.8296050820585704, 
      -0.07847407536117772, 
      -0.18910666207939758, 
      0.5194612885650792
    ]
  }, 
  "objects": [
    {
      "bounding_box": {
        "bottom_right": [
          254, 
          707
        ], 
        "top_left": [
          125, 
          489
        ]
      }, 
      "class": "003_cracker_box", 
      "cuboid": [
        [
          2.7903785424612844, 
          -1.3898381116567882, 
          68.01071833271143
        ], 
        [
          7.028706668075628, 
          -8.242111575424946, 
          53.7222251033845
        ], 
        [
          26.695627739375222, 
          -11.74793897610229, 
          61.2372059389108
        ], 
        [
          22.457299613760878, 
          -4.895665512334133, 
          75.52569916823772
        ], 
        [
          0.707055418289465, 
          -7.805889340452479, 
          70.46967114330032
        ], 
        [
          4.94538354390381, 
          -14.658162804220638, 
          56.18117791397339
        ], 
        [
          24.6123046152034, 
          -18.16399020489798, 
          63.69615874949969
        ], 
        [
          20.373976489589058, 
          -11.311716741129823, 
          77.98465197882662
        ]
      ], 
      "cuboid_centroid": [
        13.701341578832343, 
        -9.776914158277386, 
        65.85343854110556
      ], 
      "location": [
        13.701341578832343, 
        -9.776914158277386, 
        65.85343854110556
      ], 
      "pose_transform_permuted": [
        [
          0.2901564309165001, 
          0.8936004710574342, 
          -0.3424725444816418, 
          0.0
        ], 
        [
          -0.2583779137886376, 
          0.41772983822979226, 
          0.8710583424310584, 
          0.0
        ], 
        [
          -0.9214391457193631, 
          0.16425583818678546, 
          -0.35209362442044717, 
          0.0
        ], 
        [
          13.701341578832343, 
          -9.776914158277386, 
          65.85343854110556, 
          1.0
        ]
      ], 
      "projected_cuboid": [
        [
          503.6607263262512, 
          262.3878458259128
        ], 
        [
          551.9550174424124, 
          191.46417300313183
        ], 
        [
          716.0288628550683, 
          170.97282490796186
        ], 
        [
          641.4992984623058, 
          238.71612924457153
        ], 
        [
          486.99270891387425, 
          214.2110012038525
        ], 
        [
          528.9340852270554, 
          134.13877413831787
        ], 
        [
          689.3900047956503, 
          121.20183028503841
        ], 
        [
          622.0912712208243, 
          195.92823856929766
        ]
      ], 
      "projected_cuboid_centroid": [
        593.4832311786931, 
        194.10738045972352
      ], 
      "quaternion_xyzw": [
        0.5586480262382992, 
        0.5992901259163823, 
        0.5196540213194211, 
        -0.24232916845838795
      ], 
      "visibility": 0.9872194673073974
    }, 
    {
      "bounding_box": {
        "bottom_right": [
          284, 
          477
        ], 
        "top_left": [
          225, 
          413
        ]
      }, 
      "class": "005_tomato_soup_can", 
      "cuboid": [
        [
          -8.463048676717513, 
          0.7405746626716802, 
          73.24824278598878
        ], 
        [
          -2.260943588271152, 
          -1.6890099461707249, 
          72.06148046869507
        ], 
        [
          0.46058688409088766, 
          0.5957030869814861, 
          81.6070433880361
        ], 
        [
          -5.741518204355473, 
          3.02528769582389, 
          82.79380570532983
        ], 
        [
          -10.475418134297353, 
          -5.393944318981364, 
          75.2902742968242
        ], 
        [
          -4.273313045850992, 
          -7.8235289278237685, 
          74.10351197953048
        ], 
        [
          -1.551782573488953, 
          -5.538815894671558, 
          83.64907489887152
        ], 
        [
          -7.753887661935313, 
          -3.109231285829153, 
          84.83583721616525
        ]
      ], 
      "cuboid_centroid": [
        -5.007415625103233, 
        -2.399120615999939, 
        78.44865884243015
      ], 
      "location": [
        -5.007415625103233, 
        -2.399120615999939, 
        78.44865884243015
      ], 
      "pose_transform_permuted": [
        [
          0.29718661799068274, 
          0.9059454476861557, 
          -0.30156710848982093, 
          0.0
        ], 
        [
          -0.9166710954431542, 
          0.3590925908379431, 
          0.17540346348707284, 
          0.0
        ], 
        [
          -0.26719654740853466, 
          -0.22431034319734136, 
          -0.9371717425251623, 
          0.0
        ], 
        [
          -5.007415625103233, 
          -2.399120615999939, 
          78.44865884243015, 
          1.0
        ]
      ], 
      "projected_cuboid": [
        [
          419.4642057598607, 
          278.67865327841446
        ], 
        [
          464.72461380860784, 
          260.78634960610754
        ], 
        [
          484.6321876865303, 
          277.17958579756663
        ], 
        [
          444.30464280064916, 
          292.77404866130405
        ], 
        [
          406.77594517093166, 
          235.0784671155167
        ], 
        [
          450.58593439206044, 
          216.98095845820143
        ], 
        [
          471.6209536233004, 
          237.97283023536434
        ], 
        [
          432.4461215874163, 
          253.74038876249273
        ]
      ], 
      "projected_cuboid_centroid": [
        447.27133320402487, 
        256.9765331224312
      ], 
      "quaternion_xyzw": [
        0.2003656556876576, 
        0.7814327461673072, 
        0.589659570593648, 
        0.0389614957592063
      ], 
      "visibility": 0.9467817331895002
    }, 
    {
      "bounding_box": {
        "bottom_right": [
          276, 
          612
        ], 
        "top_left": [
          209, 
          536
        ]
      }, 
      "class": "010_potted_meat_can", 
      "cuboid": [
        [
          20.241781903667896, 
          -1.9195333279636733, 
          79.2381061683573
        ], 
        [
          12.035083703860206, 
          -2.389218603159478, 
          73.25893205507403
        ], 
        [
          10.094891550665151, 
          -9.837692438900037, 
          76.50704116952343
        ], 
        [
          18.30158975047284, 
          -9.368007163704233, 
          82.48621528280671
        ], 
        [
          17.117417222197993, 
          0.6754604013406322, 
          83.32259797280679
        ], 
        [
          8.910719022390305, 
          0.20577512614482762, 
          77.34342385952351
        ], 
        [
          6.970526869195251, 
          -7.242698709595732, 
          80.59153297397292
        ], 
        [
          15.177225069002942, 
          -6.773013434399927, 
          86.5707070872562
        ]
      ], 
      "cuboid_centroid": [
        13.606154386431573, 
        -4.581116018779703, 
        79.91481957116511
      ], 
      "location": [
        13.606154386431573, 
        -4.581116018779703, 
        79.91481957116511
      ], 
      "pose_transform_permuted": [
        [
          0.5424150175001967, 
          -0.4505119320550275, 
          -0.7091008635226181, 
          0.0
        ], 
        [
          0.8073724319987643, 
          0.04620749218214601, 
          0.5882293009506188, 
          0.0
        ], 
        [
          0.23223875833963162, 
          0.8915737094849058, 
          -0.38879490696277186, 
          0.0
        ], 
        [
          13.606154386431573, 
          -4.581116018779703, 
          79.91481957116511, 
          1.0
        ]
      ], 
      "projected_cuboid": [
        [
          618.9716542857796, 
          260.36693699832244
        ], 
        [
          569.9417226043234, 
          255.89320403843107
        ], 
        [
          552.5535373915947, 
          204.70939853547682
        ], 
        [
          600.9132045823732, 
          212.7171245520325
        ], 
        [
          592.0728738089439, 
          277.6099300558059
        ], 
        [
          543.5527445160045, 
          274.70545505319404
        ], 
        [
          528.1093812276325, 
          225.35751970499626
        ], 
        [
          575.8756745130986, 
          231.56133065459724
        ]
      ], 
      "projected_cuboid_centroid": [
        573.1558098995276, 
        242.7139996374233
      ], 
      "quaternion_xyzw": [
        0.923044826241701, 
        -0.050385219890927854, 
        0.3062268175681086, 
        0.22732017318030698
      ], 
      "visibility": 0.4815007816571131
    }, 
    {
      "bounding_box": {
        "bottom_right": [
          183, 
          595
        ], 
        "top_left": [
          125, 
          427
        ]
      }, 
      "class": "037_scissors", 
      "cuboid": [
        [
          -7.183800264093648, 
          -11.02669822450192, 
          60.17522403985943
        ], 
        [
          11.80815537454601, 
          -13.178466729556954, 
          66.89346357884938
        ], 
        [
          14.0381928851397, 
          -17.029198751049545, 
          59.355973896258064
        ], 
        [
          -4.953762753499957, 
          -14.877430245994514, 
          52.637734357268116
        ], 
        [
          -6.812237941237373, 
          -9.630698403737131, 
          59.57196988273876
        ], 
        [
          12.179717697402284, 
          -11.782466908792163, 
          66.2902094217287
        ], 
        [
          14.409755207995975, 
          -15.633198930284756, 
          58.75271973913739
        ], 
        [
          -4.582200430643681, 
          -13.481430425229723, 
          52.03448020014745
        ]
      ], 
      "cuboid_centroid": [
        3.6129774719511643, 
        -13.329948577393338, 
        59.46397188949841
      ], 
      "location": [
        3.6129774719511643, 
        -13.329948577393338, 
        59.46397188949841
      ], 
      "pose_transform_permuted": [
        [
          -0.2373441826104094, 
          -0.8917277560240169, 
          0.38534279721229847, 
          0.0
        ], 
        [
          -0.9374206891820546, 
          0.10620877351172078, 
          -0.3316044360338017, 
          0.0
        ], 
        [
          -0.25477407111909584, 
          0.43993281244993476, 
          0.8611321214685415, 
          0.0
        ], 
        [
          3.6129774719511643, 
          -13.329948577393338, 
          59.46397188949841, 
          1.0
        ]
      ], 
      "projected_cuboid": [
        [
          417.3980676920943, 
          175.5593721141338
        ], 
        [
          576.5241477497256, 
          168.21895727891112
        ], 
        [
          608.7828351540944, 
          120.27742055844784
        ], 
        [
          430.9878361266639, 
          122.55009397724898
        ], 
        [
          420.10210003230543, 
          187.0674643392802
        ], 
        [
          580.4022166934908, 
          178.49395254022645
        ], 
        [
          613.489650275877, 
          131.3783646381485
        ], 
        [
          434.2411138914141, 
          135.11064331930444
        ]
      ], 
      "projected_cuboid_centroid": [
        514.2711273672717, 
        153.73309422226194
      ], 
      "quaternion_xyzw": [
        -0.17114983261504138, 
        -0.5272913314129649, 
        0.8310680325407013, 
        -0.04469107575741675
      ], 
      "visibility": 0.8515159367711842
    }, 
    {
      "bounding_box": {
        "bottom_right": [
          270, 
          536
        ], 
        "top_left": [
          219, 
          473
        ]
      }, 
      "class": "061_foam_brick", 
      "cuboid": [
        [
          8.121704169251649, 
          -3.639053846685588, 
          77.10845787180338
        ], 
        [
          0.6499670216133208, 
          -2.514746472479077, 
          75.2236045394537
        ], 
        [
          -0.5389308321690128, 
          -7.078980730978006, 
          77.21396100912125
        ], 
        [
          6.932806315469314, 
          -8.203288105184518, 
          79.09881434147093
        ], 
        [
          7.282514249788788, 
          -1.3829391608937456, 
          81.78084946976767
        ], 
        [
          -0.18922289784953916, 
          -0.25863178668723424, 
          79.895996137418
        ], 
        [
          -1.3781207516318728, 
          -4.822866045186163, 
          81.88635260708554
        ], 
        [
          6.093616396006454, 
          -5.947173419392674, 
          83.77120593943522
        ]
      ], 
      "cuboid_centroid": [
        3.3717917088098877, 
        -4.230959945935876, 
        79.49740523944446
      ], 
      "location": [
        3.3717917088098877, 
        -4.230959945935876, 
        79.49740523944446
      ], 
      "pose_transform_permuted": [
        [
          0.1596632254115534, 
          -0.4292455608409403, 
          -0.888963386731718, 
          0.0
        ], 
        [
          0.959464952286831, 
          -0.14437519680276087, 
          0.2420388561396562, 
          0.0
        ], 
        [
          0.23223836845880708, 
          0.8915739178814679, 
          -0.3887946619606303, 
          0.0
        ], 
        [
          3.3717917088098877, 
          -4.230959945935876, 
          79.49740523944446, 
          1.0
        ]
      ], 
      "projected_cuboid": [
        [
          538.2388485775995, 
          248.11707234540415
        ], 
        [
          486.24360099527274, 
          255.45751278788416
        ], 
        [
          477.8436337744804, 
          224.39176554156816
        ], 
        [
          528.7306931754862, 
          217.97630066228936
        ], 
        [
          529.4844920020626, 
          264.267940820598
        ], 
        [
          480.3234475177771, 
          271.5601261042543
        ], 
        [
          472.5466751324639, 
          241.8755784378985
        ], 
        [
          520.714658496683, 
          235.42455409916772
        ]
      ], 
      "projected_cuboid_centroid": [
        504.4057161498687, 
        244.90254496953835
      ], 
      "quaternion_xyzw": [
        0.966954272044446, 
        -0.09737108986169746, 
        0.1038575693713739, 
        0.2114992007512351
      ], 
      "visibility": 0.4643841007477371
    }
  ]
}