{
  "camera_data": {
    "location_worldframe": [
      -23.40110557202555, 
      -17.691020966029598, 
      67.37656753039029
    ], 
    "quaternion_xyzw_worldframe": [
      0.9091672556158067, 
      0.008899425367193183, 
      0.06432969215104985, 
      -0.4113369678289455
    ]
  }, 
  "objects": [
    {
      "bounding_box": {
        "bottom_right": [
          175, 
          546
        ], 
        "top_left": [
          0, 
          325
        ]
      }, 
      "class": "003_cracker_box", 
      "cuboid": [
        [
          -14.02488060880787, 
          -10.190323855545614, 
          60.46120435446923
        ], 
        [
          -14.148212173270098, 
          -20.63144782669431, 
          47.810282046927085
        ], 
        [
          6.8518278755101605, 
          -23.671512403680843, 
          50.1145980981172
        ], 
        [
          6.975159439972389, 
          -13.23038843253215, 
          62.76552040565936
        ], 
        [
          -15.307002836289774, 
          -15.632755887160785, 
          64.96547940268607
        ], 
        [
          -15.430334400752002, 
          -26.07387985830948, 
          52.31455709514391
        ], 
        [
          5.569705648028256, 
          -29.113944435296013, 
          54.61887314633403
        ], 
        [
          5.693037212490484, 
          -18.672820464147318, 
          67.26979545387618
        ]
      ], 
      "cuboid_centroid": [
        -4.227587480389807, 
        -19.652134145420813, 
        57.540038750401635
      ], 
      "location": [
        -4.227587480389807, 
        -19.652134145420813, 
        57.540038750401635
      ], 
      "pose_transform_permuted": [
        [
          0.17856855962886198, 
          0.7579989083195412, 
          -0.6273363726888929, 
          0.0
        ], 
        [
          0.007518566610606792, 
          0.6365141511743846, 
          0.7712283750685491, 
          0.0
        ], 
        [
          -0.9838987451299018, 
          0.14243381038621644, 
          -0.10796234987562994, 
          0.0
        ], 
        [
          -4.227587480389807, 
          -19.652134145420813, 
          57.540038750401635, 
          1.0
        ]
      ], 
      "projected_cuboid": [
        [
          356.85466236172994, 
          183.39915765145952
        ], 
        [
          322.4597643720482, 
          43.14451237384862
        ], 
        [
          555.1218827930152, 
          21.374288711377666
        ], 
        [
          541.3590170928104, 
          160.86772589437473
        ], 
        [
          354.8904639685293, 
          144.95292249499062
        ], 
        [
          322.9819706576702, 
          7.476952469739919
        ], 
        [
          536.435023739924, 
          -10.993159058453353
        ], 
        [
          527.107993359341, 
          125.24712802965661
        ]
      ], 
      "projected_cuboid_centroid": [
        442.0864174204623, 
        91.13740811512808
      ], 
      "quaternion_xyzw": [
        0.6665749675928649, 
        0.6077384296907818, 
        0.3562228484694366, 
        -0.2437972433885879
      ], 
      "visibility": 0.9740889112792799
    }, 
    {
      "bounding_box": {
        "bottom_right": [
          251, 
          387
        ], 
        "top_left": [
          173, 
          298
        ]
      }, 
      "class": "005_tomato_soup_can", 
      "cuboid": [
        [
          -23.25776243112604, 
          -5.996719287126851, 
          67.92967327214672
        ], 
        [
          -17.67460633983145, 
          -9.105554157198975, 
          65.70685805079601
        ], 
        [
          -12.283450561849417, 
          -4.767510767077532, 
          73.18089525473769
        ], 
        [
          -17.866606653144004, 
          -1.6586758970054072, 
          75.40371047608838
        ], 
        [
          -24.59337950799728, 
          -11.274410134187566, 
          71.95632858495013
        ], 
        [
          -19.010223416702697, 
          -14.38324500425969, 
          69.73351336359943
        ], 
        [
          -13.619067638720662, 
          -10.045201614138247, 
          77.20755056754109
        ], 
        [
          -19.20222373001525, 
          -6.936366744066122, 
          79.4303657888918
        ]
      ], 
      "cuboid_centroid": [
        -18.43841503492335, 
        -8.020960450632549, 
        72.5686119198439
      ], 
      "location": [
        -18.43841503492335, 
        -8.020960450632549, 
        72.5686119198439
      ], 
      "pose_transform_permuted": [
        [
          0.19724386121588652, 
          0.7794091128398706, 
          -0.5946562494868229, 
          0.0
        ], 
        [
          -0.8251904373195934, 
          0.4594857754360891, 
          0.32853207658783523, 
          0.0
        ], 
        [
          -0.5292971087581289, 
          -0.42590381703235647, 
          -0.7337918705583726, 
          0.0
        ], 
        [
          -18.43841503492335, 
          -8.020960450632549, 
          72.5686119198439, 
          1.0
        ]
      ], 
      "projected_cuboid": [
        [
          297.4774175832732, 
          226.20596661180667
        ], 
        [
          336.94295535069915, 
          199.3799399227443
        ], 
        [
          391.3331046665256, 
          238.54240365223507
        ], 
        [
          354.176042763981, 
          261.5549622748596
        ], 
        [
          297.7989955166899, 
          189.72385723450438
        ], 
        [
          334.9959066027994, 
          163.28396016317225
        ], 
        [
          386.7378943408512, 
          203.8982113431519
        ], 
        [
          351.5930727520433, 
          226.71366646149983
        ]
      ], 
      "projected_cuboid_centroid": [
        344.96063788074616, 
        214.3390788666242
      ], 
      "quaternion_xyzw": [
        0.2930707891946734, 
        0.8434676199829446, 
        0.44850594959082146, 
        -0.038913235156141326
      ], 
      "visibility": 0.884071630537229
    }, 
    {
      "bounding_box": {
        "bottom_right": [
          227, 
          524
        ], 
        "top_left": [
          148, 
          440
        ]
      }, 
      "class": "010_potted_meat_can", 
      "cuboid": [
        [
          5.94267657712046, 
          -9.27728210054712, 
          66.06015618413291
        ], 
        [
          -3.6521599642037392, 
          -10.572591714406748, 
          62.964625950565136
        ], 
        [
          -4.5682210322988865, 
          -16.83073648328024, 
          68.42271875517578
        ], 
        [
          5.026615509025312, 
          -15.535426869420613, 
          71.51824898874357
        ], 
        [
          4.149087491888999, 
          -5.532682067829069, 
          70.05261522673645
        ], 
        [
          -5.445749049435201, 
          -6.827991681688697, 
          66.95708499316866
        ], 
        [
          -6.361810117530347, 
          -13.086136450562192, 
          72.41517779777932
        ], 
        [
          3.233026423793851, 
          -11.79082683670256, 
          75.5107080313471
        ]
      ], 
      "cuboid_centroid": [
        -0.20956677020494419, 
        -11.181709275554654, 
        69.23766699095611
      ], 
      "location": [
        -0.20956677020494419, 
        -11.181709275554654, 
        69.23766699095611
      ], 
      "pose_transform_permuted": [
        [
          0.31138159409620675, 
          -0.6500928986696992, 
          -0.6931232305582821, 
          0.0
        ], 
        [
          0.9439370529284309, 
          0.12743215939849412, 
          0.3045373074715826, 
          0.0
        ], 
        [
          0.1096514511036195, 
          0.7490926959164582, 
          -0.653327400462803, 
          0.0
        ], 
        [
          -0.20956677020494419, 
          -11.181709275554654, 
          69.23766699095611, 
          1.0
        ]
      ], 
      "projected_cuboid": [
        [
          529.9735462106527, 
          198.3888006973487
        ], 
        [
          450.40494835119745, 
          183.73514112896976
        ], 
        [
          445.69342567909894, 
          142.09968178760118
        ], 
        [
          519.3934775869035, 
          157.4371219297467
        ], 
        [
          513.4478423157859, 
          231.16551673643684
        ], 
        [
          437.85968285237067, 
          218.90093147025297
        ], 
        [
          434.35348463437305, 
          176.9104321790882
        ], 
        [
          504.6216880655184, 
          190.00988732173178
        ]
      ], 
      "projected_cuboid_centroid": [
        479.969378963182, 
        187.15676514032143
      ], 
      "quaternion_xyzw": [
        0.9200751300034106, 
        0.004831319670277554, 
        0.1673555999621211, 
        0.3541613767800872
      ], 
      "visibility": 0.7907493061979648
    }, 
    {
      "bounding_box": {
        "bottom_right": [
          88, 
          426
        ], 
        "top_left": [
          2, 
          217
        ]
      }, 
      "class": "037_scissors", 
      "cuboid": [
        [
          -25.862054610064146, 
          -20.667224751566383, 
          58.49558648361728
        ], 
        [
          -5.738617339050005, 
          -22.542239439431576, 
          59.906551225380746
        ], 
        [
          -5.809466050038174, 
          -28.277862185211056, 
          53.295003199886104
        ], 
        [
          -25.932903321052315, 
          -26.40284749734586, 
          51.884038458122625
        ], 
        [
          -25.68117264226467, 
          -19.49357064819746, 
          57.475484823587585
        ], 
        [
          -5.557735371250532, 
          -21.36858533606265, 
          58.886449565351064
        ], 
        [
          -5.628584082238701, 
          -27.10420808184213, 
          52.27490153985641
        ], 
        [
          -25.75202135325284, 
          -25.229193393976935, 
          50.86393679809294
        ]
      ], 
      "cuboid_centroid": [
        -15.745319346151424, 
        -23.885716416704255, 
        55.385244011736845
      ], 
      "location": [
        -15.745319346151424, 
        -23.885716416704255, 
        55.385244011736845
      ], 
      "pose_transform_permuted": [
        [
          -0.11554261601743317, 
          -0.7496991936375663, 
          0.6516139548759382, 
          0.0
        ], 
        [
          -0.9932692974980595, 
          0.09254852919669945, 
          -0.0696435672977504, 
          0.0
        ], 
        [
          0.008094220140355804, 
          0.6552750572148419, 
          0.7553464902956941, 
          0.0
        ], 
        [
          -15.745319346151424, 
          -23.885716416704255, 
          55.385244011736845, 
          1.0
        ]
      ], 
      "projected_cuboid": [
        [
          243.8409710342522, 
          84.85803674918034
        ], 
        [
          430.08313859602686, 
          72.60368284007116
        ], 
        [
          422.977656086986, 
          -9.688164487858751
        ], 
        [
          212.8095441039356, 
          1.889861078938882
        ], 
        [
          241.31357040397546, 
          92.40414952444644
        ], 
        [
          430.84260648819566, 
          79.75670032772186
        ], 
        [
          423.6945212004925, 
          -3.2363158276879656
        ], 
        [
          209.33126857454457, 
          8.752886997415033
        ]
      ], 
      "projected_cuboid_centroid": [
        328.7176091559645, 
        43.28447605314639
      ], 
      "quaternion_xyzw": [
        -0.05096959685056916, 
        -0.4142402547451702, 
        0.9083168926080863, 
        0.027700340639948834
      ], 
      "visibility": 0.7241165750324013
    }, 
    {
      "bounding_box": {
        "bottom_right": [
          227, 
          437
        ], 
        "top_left": [
          168, 
          373
        ]
      }, 
      "class": "061_foam_brick", 
      "cuboid": [
        [
          -6.273218684289458, 
          -10.542239558377664, 
          67.94706281353643
        ], 
        [
          -13.968533469295114, 
          -9.35054899927946, 
          68.02189015207568
        ], 
        [
          -14.529870469331312, 
          -13.185379140103107, 
          71.36646933531411
        ], 
        [
          -6.834555684325655, 
          -14.37706969920131, 
          71.29164199677486
        ], 
        [
          -5.709905390822818, 
          -7.15449348901026, 
          71.925930886744
        ], 
        [
          -13.405220175828475, 
          -5.962802929912057, 
          72.00075822528326
        ], 
        [
          -13.966557175864672, 
          -9.797633070735703, 
          75.34533740852167
        ], 
        [
          -6.271242390859016, 
          -10.989323629833907, 
          75.27051006998244
        ]
      ], 
      "cuboid_centroid": [
        -10.119887930077065, 
        -10.169936314556685, 
        71.64620011102906
      ], 
      "location": [
        -10.119887930077065, 
        -10.169936314556685, 
        71.64620011102906
      ], 
      "pose_transform_permuted": [
        [
          -0.10717528328945708, 
          -0.6445483337749389, 
          -0.7570144675498442, 
          0.0
        ], 
        [
          0.9881751307808446, 
          -0.15302804459431857, 
          -0.009608770675772427, 
          0.0
        ], 
        [
          0.1096511265700672, 
          0.7490926931932984, 
          -0.6533274580532535, 
          0.0
        ], 
        [
          -10.119887930077065, 
          -10.169936314556685, 
          71.64620011102906, 
          1.0
        ]
      ], 
      "projected_cuboid": [
        [
          431.9479578043636, 
          190.54002070527957
        ], 
        [
          371.1653438941572, 
          199.97438973668505
        ], 
        [
          372.1108973094596, 
          174.75257697078936
        ], 
        [
          430.0429454836352, 
          165.7343396529494
        ], 
        [
          438.9061838248113, 
          220.23708226611348
        ], 
        [
          381.475275400876, 
          229.1192312544391
        ], 
        [
          381.9132378237021, 
          203.93560313835098
        ], 
        [
          436.7926895211169, 
          195.42308930616045
        ]
      ], 
      "projected_cuboid_centroid": [
        405.6389361588213, 
        197.58362299430078
      ], 
      "quaternion_xyzw": [
        0.934649973455837, 
        -0.07026137554820076, 
        -0.031237376900954794, 
        0.34715557392821084
      ], 
      "visibility": 0.9927146024707
    }
  ]
}