{
  "camera_data": {
    "location_worldframe": [
      -26.318339542309566, 
      -11.401759846094162, 
      80.67270432113905
    ], 
    "quaternion_xyzw_worldframe": [
      0.937812606693694, 
      0.020184845498268662, 
      0.0012129252194823124, 
      -0.3465530296350487
    ]
  }, 
  "objects": [
    {
      "bounding_box": {
        "bottom_right": [
          233, 
          501
        ], 
        "top_left": [
          92, 
          318
        ]
      }, 
      "class": "003_cracker_box", 
      "cuboid": [
        [
          -18.26089201658936, 
          -4.487879535559792, 
          71.76929222065021
        ], 
        [
          -18.94341281469242, 
          -16.662669577072364, 
          60.79720178662629
        ], 
        [
          2.3449656458963934, 
          -18.160742180556934, 
          61.13523749453701
        ], 
        [
          3.0274864439994524, 
          -5.985952139044362, 
          72.10732792856092
        ], 
        [
          -18.68237517394717, 
          -9.27328018005302, 
          77.10546033594512
        ], 
        [
          -19.36489597205023, 
          -21.448070221565594, 
          66.13336990192121
        ], 
        [
          1.9234824885385804, 
          -22.946142825050163, 
          66.47140560983192
        ], 
        [
          2.6060032866416396, 
          -10.77135278353759, 
          77.44349604385586
        ]
      ], 
      "cuboid_centroid": [
        -8.168704764025389, 
        -13.717011180304977, 
        69.12034891524107
      ], 
      "location": [
        -8.168704764025389, 
        -13.717011180304977, 
        69.12034891524107
      ], 
      "pose_transform_permuted": [
        [
          0.058702391007624866, 
          0.6664903563932982, 
          -0.7431989196202604, 
          0.0
        ], 
        [
          0.041607986617520965, 
          0.7422022926279999, 
          0.6688830482732964, 
          0.0
        ], 
        [
          -0.9974080432499148, 
          0.07018804493982694, 
          -0.01583772735908534, 
          0.0
        ], 
        [
          -8.168704764025389, 
          -13.717011180304977, 
          69.12034891524107, 
          1.0
        ]
      ], 
      "projected_cuboid": [
        [
          344.7690420173448, 
          239.93698179703722
        ], 
        [
          314.0386044491424, 
          127.11981102332805
        ], 
        [
          502.22409534142196, 
          114.85942054889496
        ], 
        [
          504.17554096424266, 
          229.01329153912636
        ], 
        [
          351.29878552837187, 
          209.14553034452788
        ], 
        [
          324.1312651044783, 
          100.32278477552902
        ], 
        [
          497.15834183798154, 
          89.18290402681914
        ], 
        [
          499.6930341626223, 
          199.10892888366809
        ]
      ], 
      "projected_cuboid_centroid": [
        418.0436356641245, 
        167.44866534562306
      ], 
      "quaternion_xyzw": [
        0.6809909968526765, 
        0.6386319143416872, 
        0.2671053812178096, 
        -0.23886241963598717
      ], 
      "visibility": 0.994475138121547
    }, 
    {
      "bounding_box": {
        "bottom_right": [
          301, 
          380
        ], 
        "top_left": [
          232, 
          303
        ]
      }, 
      "class": "005_tomato_soup_can", 
      "cuboid": [
        [
          -26.950484696762267, 
          0.23682353181669735, 
          79.56535005518889
        ], 
        [
          -21.419028997504405, 
          -2.8495809025231944, 
          77.18743096231813
        ], 
        [
          -15.609181480871767, 
          2.830730500220031, 
          83.32942961131607
        ], 
        [
          -21.14063718012963, 
          5.917134934559923, 
          85.70734870418683
        ], 
        [
          -27.485932197104248, 
          -4.458909330791158, 
          84.4146010817608
        ], 
        [
          -21.95447649784638, 
          -7.545313765131051, 
          82.03668198889004
        ], 
        [
          -16.144628981213742, 
          -1.865002362387825, 
          88.17868063788798
        ], 
        [
          -21.676084680471604, 
          1.2214020719520668, 
          90.55659973075873
        ]
      ], 
      "cuboid_centroid": [
        -21.547556838988005, 
        -0.8140894152855637, 
        83.87201534653843
      ], 
      "location": [
        -21.547556838988005, 
        -0.8140894152855637, 
        83.87201534653843
      ], 
      "pose_transform_permuted": [
        [
          0.0790748593101637, 
          0.6934655876284432, 
          -0.7161371421865622, 
          0.0
        ], 
        [
          -0.817549119681905, 
          0.4561705571673378, 
          0.35145642788246717, 
          0.0
        ], 
        [
          -0.5704037537624826, 
          -0.5576860558540958, 
          -0.6030139474336993, 
          0.0
        ], 
        [
          -21.547556838988005, 
          -0.8140894152855637, 
          83.87201534653843, 
          1.0
        ]
      ], 
      "projected_cuboid": [
        [
          299.44490207351333, 
          274.87394540421406
        ], 
        [
          332.3709198708497, 
          253.59761609092644
        ], 
        [
          380.8636765057992, 
          291.40359479424444
        ], 
        [
          348.9518040095844, 
          310.1062971336952
        ], 
        [
          306.49767702278075, 
          245.11577563438343
        ], 
        [
          337.68184478509966, 
          224.23453472440252
        ], 
        [
          383.13788957990255, 
          262.00668807523806
        ], 
        [
          352.8751601192693, 
          280.47980325237717
        ]
      ], 
      "projected_cuboid_centroid": [
        343.4401321062278, 
        268.1099623878925
      ], 
      "quaternion_xyzw": [
        0.29193404158309827, 
        0.8791149409665614, 
        0.3686888581476902, 
        -0.0774590317714393
      ], 
      "visibility": 0.8401768793430195
    }, 
    {
      "bounding_box": {
        "bottom_right": [
          286, 
          492
        ], 
        "top_left": [
          216, 
          419
        ]
      }, 
      "class": "010_potted_meat_can", 
      "cuboid": [
        [
          2.061255125199108, 
          -1.655753578975536, 
          74.91151347506906
        ], 
        [
          -7.684798283120598, 
          -3.922050142972746, 
          73.12283644340187
        ], 
        [
          -7.586926496422361, 
          -9.352782633384793, 
          79.47042548360857
        ], 
        [
          2.1591269118973457, 
          -7.0864860693875835, 
          81.25910251527576
        ], 
        [
          0.426582924595164, 
          2.5286379704214457, 
          78.51670897274572
        ], 
        [
          -9.319470483724542, 
          0.2623414064242352, 
          76.72803194107853
        ], 
        [
          -9.221598697026304, 
          -5.168391083987813, 
          83.07562098128523
        ], 
        [
          0.5244547112934018, 
          -2.902094519990602, 
          84.86429801295242
        ]
      ], 
      "cuboid_centroid": [
        -3.580171785913598, 
        -3.412072331481674, 
        78.99356722817714
      ], 
      "location": [
        -3.580171785913598, 
        -3.412072331481674, 
        78.99356722817714
      ], 
      "pose_transform_permuted": [
        [
          0.28379233562470274, 
          -0.7264442684795803, 
          -0.6258911421453891, 
          0.0
        ], 
        [
          0.9588137215584844, 
          0.22295755539636483, 
          0.175969493450035, 
          0.0
        ], 
        [
          -0.011715139751415679, 
          0.6500524024752068, 
          -0.7597990718188705, 
          0.0
        ], 
        [
          -3.580171785913598, 
          -3.412072331481674, 
          78.99356722817714, 
          1.0
        ]
      ], 
      "projected_cuboid": [
        [
          496.3941114674045, 
          261.4986863200582
        ], 
        [
          425.0810995154225, 
          244.68116311956754
        ], 
        [
          430.2575166786794, 
          210.52077190967915
        ], 
        [
          495.8859392458605, 
          226.776526429641
        ], 
        [
          484.51875228397165, 
          290.46214513588194
        ], 
        [
          416.2796647040101, 
          275.1100150859979
        ], 
        [
          421.9039376263509, 
          240.10707876079596
        ], 
        [
          484.9204085982702, 
          255.0486702801267
        ]
      ], 
      "projected_cuboid_centroid": [
        457.2243558405056, 
        250.25016859810017
      ], 
      "quaternion_xyzw": [
        0.8992715477233615, 
        0.06523966418761079, 
        0.12781507160954123, 
        0.4131797964866938
      ], 
      "visibility": 0.8389146907846492
    }, 
    {
      "bounding_box": {
        "bottom_right": [
          160, 
          407
        ], 
        "top_left": [
          95, 
          244
        ]
      }, 
      "class": "037_scissors", 
      "cuboid": [
        [
          -29.46263500583196, 
          -15.780785744421856, 
          72.6276094344461
        ], 
        [
          -9.218754152721806, 
          -16.307952654911322, 
          72.02212430975989
        ], 
        [
          -9.561945842181624, 
          -22.94652749985357, 
          66.32769733177874
        ], 
        [
          -29.80582669529178, 
          -22.4193605893641, 
          66.93318245646496
        ], 
        [
          -29.471617721349748, 
          -14.761285776973999, 
          71.43961584666005
        ], 
        [
          -9.227736868239592, 
          -15.288452687463467, 
          70.83413072197382
        ], 
        [
          -9.57092855769941, 
          -21.927027532405713, 
          65.13970374399267
        ], 
        [
          -29.814809410809563, 
          -21.399860621916243, 
          65.7451888686789
        ]
      ], 
      "cuboid_centroid": [
        -19.516781781765687, 
        -18.853906638413783, 
        68.88365658921938
      ], 
      "location": [
        -19.516781781765687, 
        -18.853906638413783, 
        68.88365658921938
      ], 
      "pose_transform_permuted": [
        [
          0.005737921045928133, 
          -0.6512296095717123, 
          0.7588588769495791, 
          0.0
        ], 
        [
          -0.9992142516609835, 
          0.02602034134597476, 
          0.029886036681659994, 
          0.0
        ], 
        [
          0.03920846330277223, 
          0.7584342109225245, 
          0.6505685832542034, 
          0.0
        ], 
        [
          -19.516781781765687, 
          -18.853906638413783, 
          68.88365658921938, 
          1.0
        ]
      ], 
      "projected_cuboid": [
        [
          263.4438750203278, 
          157.4049587739481
        ], 
        [
          412.7638554237953, 
          152.52711029660819
        ], 
        [
          404.07183272429666, 
          88.78092458388157
        ], 
        [
          242.12689107888067, 
          94.65041751517491
        ], 
        [
          259.74851392700464, 
          163.08881807006793
        ], 
        [
          411.54122451421347, 
          158.1777460543762
        ], 
        [
          402.58379916972467, 
          93.76295233965544
        ], 
        [
          237.7262707120737, 
          99.69262269742087
        ]
      ], 
      "projected_cuboid_centroid": [
        329.2325822902015, 
        127.31348533834718
      ], 
      "quaternion_xyzw": [
        0.00949853018116706, 
        -0.3471026301709814, 
        0.9376176378904525, 
        0.01739216553015827
      ], 
      "visibility": 0.7222884386174017
    }, 
    {
      "bounding_box": {
        "bottom_right": [
          280, 
          423
        ], 
        "top_left": [
          232, 
          365
        ]
      }, 
      "class": "061_foam_brick", 
      "cuboid": [
        [
          -9.774482791202843, 
          -3.3066108167242154, 
          78.3141728471492
        ], 
        [
          -17.486346437106995, 
          -2.5460483910984437, 
          79.08378252956719
        ], 
        [
          -17.42637485831116, 
          -5.873862836039688, 
          82.97342078772284
        ], 
        [
          -9.714511212407013, 
          -6.634425261665459, 
          82.20381110530485
        ], 
        [
          -9.046792431488553, 
          0.6542410423004839, 
          81.69169497621668
        ], 
        [
          -16.758656077392704, 
          1.4148034679262553, 
          82.46130465863467
        ], 
        [
          -16.698684498596872, 
          -1.9130109770149888, 
          86.35094291679032
        ], 
        [
          -8.98682085269272, 
          -2.6735734026407605, 
          85.58133323437232
        ]
      ], 
      "cuboid_centroid": [
        -13.236583644899858, 
        -2.609810896869602, 
        82.33255788196976
      ], 
      "location": [
        -13.236583644899858, 
        -2.609810896869602, 
        82.33255788196976
      ], 
      "pose_transform_permuted": [
        [
          -0.1384494585054643, 
          -0.7535867251527667, 
          -0.6426031396694794, 
          0.0
        ], 
        [
          0.990300212501284, 
          -0.0976657739686202, 
          -0.09882755544392552, 
          0.0
        ], 
        [
          -0.01171480087135629, 
          0.6500526473053079, 
          -0.7597988675774041, 
          0.0
        ], 
        [
          -13.236583644899858, 
          -2.609810896869602, 
          82.33255788196976, 
          1.0
        ]
      ], 
      "projected_cuboid": [
        [
          414.4781180042837, 
          250.76851552940153
        ], 
        [
          362.69117441483627, 
          256.1166780779017
        ], 
        [
          368.65394501775796, 
          235.53172385444333
        ], 
        [
          418.0463101999311, 
          230.2438995981742
        ], 
        [
          422.0434088751752, 
          277.55771340599625
        ], 
        [
          372.3069934403036, 
          282.43679820236076
        ], 
        [
          377.603396713776, 
          261.4714241864812
        ], 
        [
          425.12694055737313, 
          256.6255559800337
        ]
      ], 
      "projected_cuboid_centroid": [
        395.14088960313325, 
        256.38115698174187
      ], 
      "quaternion_xyzw": [
        0.9059464663372875, 
        -0.023718557412327285, 
        -0.06547765866031059, 
        0.4176255576250384
      ], 
      "visibility": 0.9627354627354627
    }
  ]
}