{
  "camera_data": {
    "location_worldframe": [
      -8.044806934637792, 
      -4.506787314789064, 
      76.20115797405687
    ], 
    "quaternion_xyzw_worldframe": [
      -0.8267590371001361, 
      -0.09878829606691222, 
      -0.19952302258519883, 
      0.5166316662868734
    ]
  }, 
  "objects": [
    {
      "bounding_box": {
        "bottom_right": [
          299, 
          680
        ], 
        "top_left": [
          191, 
          485
        ]
      }, 
      "class": "003_cracker_box", 
      "cuboid": [
        [
          2.166311669458601, 
          4.741449693337975, 
          74.71772984677534
        ], 
        [
          7.122956663129784, 
          -2.118796369757181, 
          60.66615306523021
        ], 
        [
          26.546300017938307, 
          -5.127891806623951, 
          68.98676750885386
        ], 
        [
          21.589655024267127, 
          1.7323542564712051, 
          83.03834429039898
        ], 
        [
          0.1285913019902135, 
          -1.701452367985988, 
          77.14447793158648
        ], 
        [
          5.085236295661397, 
          -8.561698431081144, 
          63.09290115004136
        ], 
        [
          24.508579650469922, 
          -11.570793867947913, 
          71.413515593665
        ], 
        [
          19.55193465679874, 
          -4.710547804852758, 
          85.46509237521013
        ]
      ], 
      "cuboid_centroid": [
        13.337445659964262, 
        -3.4146720873049694, 
        73.06562272022018
      ], 
      "location": [
        13.337445659964262, 
        -3.4146720873049694, 
        73.06562272022018
      ], 
      "pose_transform_permuted": [
        [
          0.2838050718923061, 
          0.8973401414154049, 
          -0.33798720652235326, 
          0.0
        ], 
        [
          -0.3021681084849984, 
          0.4182158656256263, 
          0.8566153885808998, 
          0.0
        ], 
        [
          -0.9100269860739301, 
          0.14098283705326986, 
          -0.38983935700953765, 
          0.0
        ], 
        [
          13.337445659964262, 
          -3.4146720873049694, 
          73.06562272022018, 
          1.0
        ]
      ], 
      "projected_cuboid": [
        [
          497.1886090253513, 
          307.130017691855
        ], 
        [
          544.7372156432849, 
          254.66007924540125
        ], 
        [
          688.5301589218506, 
          233.64407871554164
        ], 
        [
          621.4136770770064, 
          284.4127045477502
        ], 
        [
          482.4934621776212, 
          261.523960905153
        ], 
        [
          524.940409679785, 
          200.91514032383606
        ], 
        [
          666.1536219572704, 
          186.87529059620448
        ], 
        [
          604.621881294752, 
          243.89176027777813
        ]
      ], 
      "projected_cuboid_centroid": [
        579.7608580295206, 
        248.36221069224
      ], 
      "quaternion_xyzw": [
        0.5424025108465632, 
        0.6122034951619604, 
        0.5256338409520249, 
        -0.23391336427157075
      ], 
      "visibility": 0.9854610911104957
    }, 
    {
      "bounding_box": {
        "bottom_right": [
          320, 
          470
        ], 
        "top_left": [
          268, 
          412
        ]
      }, 
      "class": "005_tomato_soup_can", 
      "cuboid": [
        [
          -9.331840909268683, 
          6.657487588784927, 
          79.48538943680695
        ], 
        [
          -3.035074360334307, 
          4.3588375925622165, 
          78.56651353632262
        ], 
        [
          -0.7485545464196081, 
          6.773929583508728, 
          88.19374423984225
        ], 
        [
          -7.045321095353985, 
          9.07257957973144, 
          89.11262014032658
        ], 
        [
          -11.288215014889872, 
          0.49456617170925077, 
          81.49607256129755
        ], 
        [
          -4.991448465955496, 
          -1.8040838245134603, 
          80.57719666081321
        ], 
        [
          -2.704928652040796, 
          0.6110081664330518, 
          90.20442736433284
        ], 
        [
          -9.001695200975172, 
          2.909658162655763, 
          91.12330326481718
        ]
      ], 
      "cuboid_centroid": [
        -6.01838478065474, 
        3.6342478776089897, 
        84.84490840056989
      ], 
      "location": [
        -6.01838478065474, 
        3.6342478776089897, 
        84.84490840056989
      ], 
      "pose_transform_permuted": [
        [
          0.28891722729350766, 
          0.9101399178885123, 
          -0.2969375804067991, 
          0.0
        ], 
        [
          -0.9306620587442187, 
          0.3397404558660435, 
          0.1358098526647651, 
          0.0
        ], 
        [
          -0.22448773073224637, 
          -0.2371107904938676, 
          -0.9451897861181421, 
          0.0
        ], 
        [
          -6.01838478065474, 
          3.6342478776089897, 
          84.84490840056989, 
          1.0
        ]
      ], 
      "projected_cuboid": [
        [
          418.461840146898, 
          317.9559864294503
        ], 
        [
          460.822903259655, 
          302.87488730918386
        ], 
        [
          477.032735166267, 
          314.2494127640609
        ], 
        [
          439.0809790958148, 
          327.5839467225322
        ], 
        [
          407.1100948302585, 
          276.5230353518839
        ], 
        [
          448.28464955232715, 
          261.34577467410065
        ], 
        [
          465.47132736516454, 
          276.8990283010079
        ], 
        [
          428.4735803282425, 
          290.31596539330604
        ]
      ], 
      "projected_cuboid_centroid": [
        443.4513413152803, 
        296.1307557402233
      ], 
      "quaternion_xyzw": [
        0.17969741549701454, 
        0.7849698130573055, 
        0.5908920550653102, 
        0.04876218552673348
      ], 
      "visibility": 0.9095744680851063
    }, 
    {
      "bounding_box": {
        "bottom_right": [
          314, 
          594
        ], 
        "top_left": [
          254, 
          526
        ]
      }, 
      "class": "010_potted_meat_can", 
      "cuboid": [
        [
          19.162280944477985, 
          4.685254711971351, 
          86.63504755480923
        ], 
        [
          11.213618586820163, 
          3.98797191931164, 
          80.33793820936874
        ], 
        [
          9.310139364406483, 
          -3.478076758957075, 
          83.56736615808693
        ], 
        [
          17.258801722064305, 
          -2.7807939662973644, 
          89.8644755035274
        ], 
        [
          15.820516696733538, 
          7.23948574912821, 
          90.57043012069552
        ], 
        [
          7.871854339075718, 
          6.542202956468501, 
          84.27332077525504
        ], 
        [
          5.968375116662039, 
          -0.9238457218002143, 
          87.50274872397323
        ], 
        [
          13.91703747431986, 
          -0.22656292914050372, 
          93.79985806941372
        ]
      ], 
      "cuboid_centroid": [
        12.565328030570011, 
        1.880704495085568, 
        87.06889813939122
      ], 
      "location": [
        12.565328030570011, 
        1.880704495085568, 
        87.06889813939122
      ], 
      "pose_transform_permuted": [
        [
          0.5801573432423581, 
          -0.44343519850159707, 
          -0.683214291854345, 
          0.0
        ], 
        [
          0.7819869456134757, 
          0.0685984655940866, 
          0.6195076708084089, 
          0.0
        ], 
        [
          0.2278442629564631, 
          0.8936773978232139, 
          -0.3865587930157013, 
          0.0
        ], 
        [
          12.565328030570011, 
          1.880704495085568, 
          87.06889813939122, 
          1.0
        ]
      ], 
      "projected_cuboid": [
        [
          600.5418320292467, 
          302.1286539675596
        ], 
        [
          556.658499865048, 
          299.76049996142405
        ], 
        [
          541.5087090424222, 
          251.08975791521647
        ], 
        [
          584.876618735797, 
          256.78333278627076
        ], 
        [
          575.5317518976157, 
          315.9158985459521
        ], 
        [
          531.828862260957, 
          314.68854898168655
        ], 
        [
          518.2768012280135, 
          267.65580040518876
        ], 
        [
          561.3848443030649, 
          271.9983649562498
        ]
      ], 
      "projected_cuboid_centroid": [
        559.2043597929146, 
        284.806340790716
      ], 
      "quaternion_xyzw": [
        0.9163621875780115, 
        -0.043445102690037506, 
        0.3272900798159127, 
        0.22643721084536772
      ], 
      "visibility": 0.39835858585858586
    }, 
    {
      "bounding_box": {
        "bottom_right": [
          238, 
          582
        ], 
        "top_left": [
          194, 
          432
        ]
      }, 
      "class": "037_scissors", 
      "cuboid": [
        [
          -7.271232925712193, 
          -5.173775440968484, 
          66.570817846187
        ], 
        [
          11.479798823401358, 
          -6.850159744794848, 
          74.05732391993538
        ], 
        [
          14.09398430339448, 
          -10.705135125230889, 
          66.64651059023944
        ], 
        [
          -4.65704744571907, 
          -9.028750821404524, 
          59.16000451649107
        ], 
        [
          -6.906780721519904, 
          -3.774262805568782, 
          65.97137759758752
        ], 
        [
          11.844251027593646, 
          -5.450647109395147, 
          73.45788367133589
        ], 
        [
          14.45843650758677, 
          -9.305622489831187, 
          66.04707034163995
        ], 
        [
          -4.292595241526781, 
          -7.629238186004822, 
          58.56056426789158
        ]
      ], 
      "cuboid_centroid": [
        3.593601790937288, 
        -7.239698965399835, 
        66.30894409391348
      ], 
      "location": [
        3.593601790937288, 
        -7.239698965399835, 
        66.30894409391348
      ], 
      "pose_transform_permuted": [
        [
          -0.23280242689741237, 
          -0.8939716490855509, 
          0.38290657334128664, 
          0.0
        ], 
        [
          -0.9255289681367247, 
          0.08274436605305015, 
          -0.3695251724862137, 
          0.0
        ], 
        [
          -0.2986616477231197, 
          0.44041760152998644, 
          0.846659786367289, 
          0.0
        ], 
        [
          3.593601790937288, 
          -7.239698965399835, 
          66.30894409391348, 
          1.0
        ]
      ], 
      "projected_cuboid": [
        [
          422.859508728882, 
          231.83780938125838
        ], 
        [
          564.9571260582669, 
          223.95550431217367
        ], 
        [
          595.3200166343008, 
          187.62176495406757
        ], 
        [
          439.2645411428459, 
          191.89354851191393
        ], 
        [
          425.2966205446296, 
          242.77499889364296
        ], 
        [
          568.30542092614, 
          233.71370115153425
        ], 
        [
          599.3195792524493, 
          198.14511714696846
        ], 
        [
          442.1779942949065, 
          203.80595526948923
        ]
      ], 
      "projected_cuboid_centroid": [
        510.74109732614767, 
        215.05799449802277
      ], 
      "quaternion_xyzw": [
        -0.1816464851420426, 
        -0.5249295939639982, 
        0.8289832843622358, 
        -0.06511508909259307
      ], 
      "visibility": 0.7916666666666666
    }, 
    {
      "bounding_box": {
        "bottom_right": [
          308, 
          526
        ], 
        "top_left": [
          263, 
          467
        ]
      }, 
      "class": "061_foam_brick", 
      "cuboid": [
        [
          7.178004291301521, 
          2.679014999444325, 
          84.03873676566495
        ], 
        [
          -0.23540541373746962, 
          3.6217821465535107, 
          81.84872721976596
        ], 
        [
          -1.4018029211431076, 
          -0.953225169520535, 
          83.82763001225423
        ], 
        [
          6.011606783895883, 
          -1.8959923166297217, 
          86.01763955815322
        ], 
        [
          6.103012392977233, 
          4.949964548459023, 
          88.65530659676986
        ], 
        [
          -1.3103973120617576, 
          5.89273169556821, 
          86.46529705087089
        ], 
        [
          -2.4767948194673948, 
          1.317724379494163, 
          88.44419984335914
        ], 
        [
          4.936614885571595, 
          0.37495723238497697, 
          90.63420938925813
        ]
      ], 
      "cuboid_centroid": [
        2.3506047359170625, 
        1.998369689469244, 
        86.24146830451205
      ], 
      "location": [
        2.3506047359170625, 
        1.998369689469244, 
        86.24146830451205
      ], 
      "pose_transform_permuted": [
        [
          0.2045266152477187, 
          -0.4320680233798331, 
          -0.8783428071248467, 
          0.0
        ], 
        [
          0.9519749756154388, 
          -0.1210631501008596, 
          0.2812247490702795, 
          0.0
        ], 
        [
          0.22784316855525105, 
          0.8936783184459054, 
          -0.38655730969987223, 
          0.0
        ], 
        [
          2.3506047359170625, 
          1.998369689469244, 
          86.24146830451205, 
          1.0
        ]
      ], 
      "projected_cuboid": [
        [
          527.5291306379224, 
          290.2878782894994
        ], 
        [
          480.05040411701674, 
          296.88577294021854
        ], 
        [
          472.6043399705139, 
          267.2220261969244
        ], 
        [
          519.1803582407091, 
          261.53116039615475
        ], 
        [
          518.6166293758787, 
          303.0638082998744
        ], 
        [
          473.44715755534725, 
          309.6330182320132
        ], 
        [
          466.5375045951474, 
          281.2324317545819
        ], 
        [
          510.8877075272586, 
          275.4929017399993
        ]
      ], 
      "projected_cuboid_centroid": [
        496.25441054937085, 
        285.64451043670977
      ], 
      "quaternion_xyzw": [
        0.964882907557465, 
        -0.09040120721470314, 
        0.12585759383686368, 
        0.21210483849071363
      ], 
      "visibility": 0.39459971577451447
    }
  ]
}