{
  "camera_data": {
    "location_worldframe": [
      -12.46208127036217, 
      -17.72689670022626, 
      61.034237599855636
    ], 
    "quaternion_xyzw_worldframe": [
      0.8521306667621947, 
      0.035128424169609415, 
      0.1542155186278083, 
      -0.4988593108494888
    ]
  }, 
  "objects": [
    {
      "bounding_box": {
        "bottom_right": [
          177, 
          696
        ], 
        "top_left": [
          0, 
          448
        ]
      }, 
      "class": "003_cracker_box", 
      "cuboid": [
        [
          -1.9833573928233386, 
          -9.306360084574765, 
          57.67432102353604
        ], 
        [
          0.36264587361230227, 
          -16.98228786325643, 
          43.36856983397969
        ], 
        [
          20.556936848304286, 
          -21.12159075489505, 
          48.90123020193482
        ], 
        [
          18.210933581868645, 
          -13.445662976213384, 
          63.20698139149117
        ], 
        [
          -4.068658351764783, 
          -15.49708407365972, 
          60.65406160562511
        ], 
        [
          -1.7226550853291416, 
          -23.173011852341386, 
          46.34831041606877
        ], 
        [
          18.47163588936284, 
          -27.312314743980004, 
          51.88097078402391
        ], 
        [
          16.125632622927203, 
          -19.63638696529834, 
          66.18672197358025
        ]
      ], 
      "cuboid_centroid": [
        8.244139248269752, 
        -18.309337414277387, 
        54.77764590377997
      ], 
      "location": [
        8.244139248269752, 
        -18.309337414277387, 
        54.77764590377997
      ], 
      "pose_transform_permuted": [
        [
          0.29043189537568026, 
          0.8622178463919858, 
          -0.4150056620236109, 
          0.0
        ], 
        [
          -0.14301757951671296, 
          0.46794163808649036, 
          0.8721104260895592, 
          0.0
        ], 
        [
          -0.9461476027014339, 
          0.19393557875773493, 
          -0.25921748628175484, 
          0.0
        ], 
        [
          8.244139248269752, 
          -18.309337414277387, 
          54.77764590377997, 
          1.0
        ]
      ], 
      "projected_cuboid": [
        [
          463.1039473624269, 
          187.22979742404647
        ], 
        [
          486.09382569662154, 
          64.4489692260995
        ], 
        [
          707.6605220868302, 
          42.93327425379915
        ], 
        [
          636.5354097207795, 
          159.83648521718246
        ], 
        [
          445.52400154310317, 
          137.0236365409504
        ], 
        [
          461.6096755731022, 
          6.639902732655483
        ], 
        [
          673.061896811596, 
          -7.475215211972781
        ], 
        [
          612.617079334498, 
          115.06039534967738
        ]
      ], 
      "projected_cuboid_centroid": [
        562.5315702688564, 
        95.02535065194395
      ], 
      "quaternion_xyzw": [
        0.6053766722596422, 
        0.5839708175034496, 
        0.48009048528658554, 
        -0.2490186638095331
      ], 
      "visibility": 0.978685161840564
    }, 
    {
      "bounding_box": {
        "bottom_right": [
          235, 
          453
        ], 
        "top_left": [
          159, 
          370
        ]
      }, 
      "class": "005_tomato_soup_can", 
      "cuboid": [
        [
          -12.49269461336111, 
          -6.393674283701599, 
          63.97379831161673
        ], 
        [
          -6.57103594413068, 
          -9.176749892221808, 
          62.25163616483948
        ], 
        [
          -2.725727238737379, 
          -6.611228435553842, 
          71.3277649551637
        ], 
        [
          -8.64738590796781, 
          -3.8281528270336334, 
          73.04992710194097
        ], 
        [
          -14.54053220852323, 
          -12.325347021463903, 
          66.51809907552703
        ], 
        [
          -8.6188735392928, 
          -15.108422629984114, 
          64.79593692874978
        ], 
        [
          -4.7735648338995, 
          -12.542901173316146, 
          73.87206571907402
        ], 
        [
          -10.695223503129931, 
          -9.759825564795937, 
          75.59422786585127
        ]
      ], 
      "cuboid_centroid": [
        -8.633129723630304, 
        -9.468287728508873, 
        68.92293201534537
      ], 
      "location": [
        -8.633129723630304, 
        -9.468287728508873, 
        68.92293201534537
      ], 
      "pose_transform_permuted": [
        [
          0.3024245507245569, 
          0.8759891248216152, 
          -0.37574220595007857, 
          0.0
        ], 
        [
          -0.8752211163393374, 
          0.4113385585026284, 
          0.2545355551227041, 
          0.0
        ], 
        [
          -0.377527725754008, 
          -0.25187977224052355, 
          -0.8910832714303796, 
          0.0
        ], 
        [
          -8.633129723630304, 
          -9.468287728508873, 
          68.92293201534537, 
          1.0
        ]
      ], 
      "projected_cuboid": [
        [
          376.583425612639, 
          219.98547107735212
        ], 
        [
          424.83283111629714, 
          194.66787461930093
        ], 
        [
          461.04689440050237, 
          223.8542082888512
        ], 
        [
          417.9385115417354, 
          245.33813404696005
        ], 
        [
          364.0444761943307, 
          174.4660811842074
        ], 
        [
          410.06603979659803, 
          148.93278925399804
        ], 
        [
          446.84710808535294, 
          182.73302820212754
        ], 
        [
          405.5131335340669, 
          204.43067095310897
        ]
      ], 
      "projected_cuboid_centroid": [
        414.23797118633007, 
        200.02176068512782
      ], 
      "quaternion_xyzw": [
        0.24931969514723357, 
        0.7910188200242045, 
        0.5584798842706181, 
        0.015135226365533064
      ], 
      "visibility": 0.9426327064984528
    }, 
    {
      "bounding_box": {
        "bottom_right": [
          216, 
          607
        ], 
        "top_left": [
          135, 
          515
        ]
      }, 
      "class": "010_potted_meat_can", 
      "cuboid": [
        [
          16.547851760778, 
          -10.203036938002505, 
          66.9842757249275
        ], 
        [
          7.725157210238318, 
          -10.529357273594595, 
          61.94695514907808
        ], 
        [
          5.82226327279536, 
          -17.72256113772012, 
          65.74578835473123
        ], 
        [
          14.644957823335043, 
          -17.39624080212803, 
          70.78310893058067
        ], 
        [
          14.00596173601081, 
          -7.279442527963982, 
          71.24691707110486
        ], 
        [
          5.183267185471131, 
          -7.605762863556073, 
          66.20959649525544
        ], 
        [
          3.2803732480281718, 
          -14.798966727681599, 
          70.00842970090861
        ], 
        [
          12.103067798567855, 
          -14.472646392089509, 
          75.04575027675803
        ]
      ], 
      "cuboid_centroid": [
        9.914112504403086, 
        -12.501001832842052, 
        68.49635271291805
      ], 
      "location": [
        9.914112504403086, 
        -12.501001832842052, 
        68.49635271291805
      ], 
      "pose_transform_permuted": [
        [
          0.44129269878284927, 
          -0.507559672047778, 
          -0.7400290670601506, 
          0.0
        ], 
        [
          0.8679739625637002, 
          0.032103293741667344, 
          0.4955700410886645, 
          0.0
        ], 
        [
          0.22777420502191725, 
          0.8610181889135841, 
          -0.4547159441746078, 
          0.0
        ], 
        [
          9.914112504403086, 
          -12.501001832842052, 
          68.49635271291805, 
          1.0
        ]
      ], 
      "projected_cuboid": [
        [
          614.4467439535741, 
          192.0513622933252
        ], 
        [
          548.6594706423635, 
          182.6361998219639
        ], 
        [
          529.2199476079697, 
          129.52388557095804
        ], 
        [
          592.8599322327336, 
          142.21351740480608
        ], 
        [
          587.312552202652, 
          218.79619068882852
        ], 
        [
          523.6963226141286, 
          212.02197068595308
        ], 
        [
          506.79498749571593, 
          160.54898908497202
        ], 
        [
          568.3254227301185, 
          170.43533437899734
        ]
      ], 
      "projected_cuboid_centroid": [
        559.4326437448638, 
        175.95246364530385
      ], 
      "quaternion_xyzw": [
        0.9312654318905854, 
        -0.0525282332457604, 
        0.25150260811505826, 
        0.25832474374917086
      ], 
      "visibility": 0.6552851434798401
    }, 
    {
      "bounding_box": {
        "bottom_right": [
          85, 
          555
        ], 
        "top_left": [
          0, 
          338
        ]
      }, 
      "class": "037_scissors", 
      "cuboid": [
        [
          -13.170660174118757, 
          -18.77407996513124, 
          51.432787091372624
        ], 
        [
          6.3265326190890345, 
          -21.564062841073746, 
          56.17985965444608
        ], 
        [
          7.54787630540471, 
          -25.84849312382157, 
          48.645476344091875
        ], 
        [
          -11.94931648780308, 
          -23.058510247879063, 
          43.898403781018416
        ], 
        [
          -12.805540212069733, 
          -17.426073159243078, 
          50.725429542450186
        ], 
        [
          6.691652581138058, 
          -20.216056035185584, 
          55.472502105523645
        ], 
        [
          7.912996267453734, 
          -24.500486317933408, 
          47.93811879516944
        ], 
        [
          -11.584196525754056, 
          -21.7105034419909, 
          43.19104623209598
        ]
      ], 
      "cuboid_centroid": [
        -2.628831953332511, 
        -21.637283141532322, 
        49.68545294327103
      ], 
      "location": [
        -2.628831953332511, 
        -21.637283141532322, 
        49.68545294327103
      ], 
      "pose_transform_permuted": [
        [
          -0.233228972951572, 
          -0.8610710877177716, 
          0.4518412899664202, 
          0.0
        ], 
        [
          -0.962358603457299, 
          0.13771028745723668, 
          -0.2343099425011232, 
          0.0
        ], 
        [
          -0.139534291113968, 
          0.48948133848699327, 
          0.8607772291864615, 
          0.0
        ], 
        [
          -2.628831953332511, 
          -21.637283141532322, 
          49.68545294327103, 
          1.0
        ]
      ], 
      "projected_cuboid": [
        [
          343.88905184070387, 
          78.61335249689719
        ], 
        [
          542.1558106454645, 
          68.577286719223
        ], 
        [
          565.0370226944077, 
          -10.100708160168473
        ], 
        [
          335.2156089295464, 
          -6.8501871553423745
        ], 
        [
          345.83954438692894, 
          90.07140984102438
        ], 
        [
          546.467587682537, 
          78.92684319896192
        ], 
        [
          570.3641040496443, 
          0.7145330931820741
        ], 
        [
          337.3643030456732, 
          5.206978530661403
        ]
      ], 
      "projected_cuboid_centroid": [
        453.1442494267081, 
        41.0337126087145
      ], 
      "quaternion_xyzw": [
        -0.1371871079034693, 
        -0.5052315070197572, 
        0.8520095703556846, 
        -0.0005352063287181939
      ], 
      "visibility": 0.7452716137420464
    }, 
    {
      "bounding_box": {
        "bottom_right": [
          213, 
          514
        ], 
        "top_left": [
          152, 
          446
        ]
      }, 
      "class": "061_foam_brick", 
      "cuboid": [
        [
          4.203433698431466, 
          -11.413478583341668, 
          66.24947333952973
        ], 
        [
          -3.3720324791424767, 
          -10.00534042294398, 
          65.12117627171983
        ], 
        [
          -4.538071479211523, 
          -14.413151690171588, 
          67.44900449397986
        ], 
        [
          3.037394698362419, 
          -15.821289850569276, 
          68.57730156178975
        ], 
        [
          3.9799073129729323, 
          -8.915078156968875, 
          70.86830086451971
        ], 
        [
          -3.5955588646010095, 
          -7.506939996571188, 
          69.74000379670983
        ], 
        [
          -4.7615978646700565, 
          -11.914751263798797, 
          72.06783201896985
        ], 
        [
          2.8138683129038853, 
          -13.322889424196486, 
          73.19612908677975
        ]
      ], 
      "cuboid_centroid": [
        -0.2790820831192956, 
        -11.664114923570231, 
        69.15865267924978
      ], 
      "location": [
        -0.2790820831192956, 
        -11.664114923570231, 
        69.15865267924978
      ], 
      "pose_transform_permuted": [
        [
          0.04252785077511287, 
          -0.47534254307964696, 
          -0.8787723531421683, 
          0.0
        ], 
        [
          0.9727850633656037, 
          -0.18082263684908625, 
          0.1448875236026968, 
          0.0
        ], 
        [
          0.2277731380150616, 
          0.861018374218296, 
          -0.4547161277734213, 
          0.0
        ], 
        [
          -0.2790820831192956, 
          -11.664114923570231, 
          69.15865267924978, 
          1.0
        ]
      ], 
      "projected_cuboid": [
        [
          515.717421778453, 
          181.40608469232876
        ], 
        [
          453.75116954056796, 
          191.346310710584
        ], 
        [
          445.41548911096766, 
          159.32168246943317
        ], 
        [
          505.41546877864045, 
          150.245772069513
        ], 
        [
          511.797467894724, 
          206.1960940366559
        ], 
        [
          453.8717740686977, 
          215.8790545873632
        ], 
        [
          446.0664318290041, 
          185.11446453923105
        ], 
        [
          502.2702542706776, 
          176.21367466206812
        ]
      ], 
      "projected_cuboid_centroid": [
        479.42698197685525, 
        183.33827166760562
      ], 
      "quaternion_xyzw": [
        0.9634022771830659, 
        -0.10602937748363511, 
        0.04863372726443041, 
        0.24134743421317922
      ], 
      "visibility": 0.6687898089171974
    }
  ]
}