{
  "camera_data": {
    "location_worldframe": [
      -10.50854764426609, 
      6.11617040534636, 
      82.41628280490772
    ], 
    "quaternion_xyzw_worldframe": [
      0.9349766901184988, 
      -0.01988190351211765, 
      0.1369842357267573, 
      -0.32658915817623724
    ]
  }, 
  "objects": [
    {
      "bounding_box": {
        "bottom_right": [
          507, 
          398
        ], 
        "top_left": [
          313, 
          245
        ]
      }, 
      "class": "003_cracker_box", 
      "cuboid": [
        [
          -9.3171675650411, 
          18.798016209586, 
          59.71152084575198
        ], 
        [
          -24.946562243483484, 
          21.633046285029256, 
          55.61728805511032
        ], 
        [
          -31.366600080014663, 
          7.785989941955974, 
          70.5369292021238
        ], 
        [
          -15.737205401572277, 
          4.950959866512715, 
          74.63116199276544
        ], 
        [
          -9.61238397565632, 
          24.119133477665343, 
          64.52306486250939
        ], 
        [
          -25.241778654098702, 
          26.9541635531086, 
          60.42883207186773
        ], 
        [
          -31.661816490629878, 
          13.107107210035318, 
          75.34847321888121
        ], 
        [
          -16.032421812187497, 
          10.27207713459206, 
          79.44270600952285
        ]
      ], 
      "cuboid_centroid": [
        -20.48949202783549, 
        15.95256170981066, 
        67.52999703231659
      ], 
      "location": [
        -20.48949202783549, 
        15.95256170981066, 
        67.52999703231659
      ], 
      "pose_transform_permuted": [
        [
          0.04111649271216343, 
          -0.7411027012949937, 
          -0.6701314946787043, 
          0.0
        ], 
        [
          0.9528026785820954, 
          -0.1728297419905157, 
          0.24959354152356616, 
          0.0
        ], 
        [
          0.3007931011739382, 
          0.6487654941631493, 
          -0.6990184860712984, 
          0.0
        ], 
        [
          -20.48949202783549, 
          15.95256170981066, 
          67.52999703231659, 
          1.0
        ]
      ], 
      "projected_cuboid": [
        [
          397.6863364105077, 
          441.18295105787524
        ], 
        [
          240.38855260808666, 
          480.72792232260866
        ], 
        [
          242.46234810409752, 
          332.1552888242727
        ], 
        [
          368.2006998116277, 
          308.6664487559933
        ], 
        [
          401.48317125206626, 
          472.6448021954428
        ], 
        [
          256.9672054946158, 
          511.1727055276558
        ], 
        [
          255.6258593283503, 
          366.0591802820876
        ], 
        [
          373.0703080934173, 
          342.2456680375766
        ]
      ], 
      "projected_cuboid_centroid": [
        318.43237133359537, 
        399.272232272474
      ], 
      "quaternion_xyzw": [
        0.904392015033297, 
        -0.13092299447906353, 
        0.0803606260900663, 
        0.39809097256162507
      ], 
      "visibility": 0.5664008916323731
    }, 
    {
      "bounding_box": {
        "bottom_right": [
          492, 
          425
        ], 
        "top_left": [
          368, 
          350
        ]
      }, 
      "class": "006_mustard_bottle", 
      "cuboid": [
        [
          -5.214452265108363, 
          26.209339426984446, 
          69.72530487091424
        ], 
        [
          -14.059702332048445, 
          25.66181784804086, 
          66.02830078867505
        ], 
        [
          -19.23911070928788, 
          13.862968484858165, 
          80.1676649239923
        ], 
        [
          -10.393860642347793, 
          14.410490063801745, 
          83.8646690062315
        ], 
        [
          -6.843123368384074, 
          30.782330978807227, 
          72.94472020440078
        ], 
        [
          -15.688373435324158, 
          30.234809399863643, 
          69.24771612216159
        ], 
        [
          -20.86778181256359, 
          18.435960036680942, 
          83.38708025747886
        ], 
        [
          -12.022531745623505, 
          18.983481615624527, 
          87.08408433971803
        ]
      ], 
      "cuboid_centroid": [
        -13.041117038835976, 
        22.322649731832694, 
        76.55619256419655
      ], 
      "location": [
        -13.041117038835976, 
        22.322649731832694, 
        76.55619256419655
      ], 
      "pose_transform_permuted": [
        [
          0.2796049822746042, 
          -0.7850763848008595, 
          -0.5526988017676568, 
          0.0
        ], 
        [
          0.9211499445111945, 
          0.05701924402879363, 
          0.3850083467894972, 
          0.0
        ], 
        [
          0.27074653606027654, 
          0.6167688202800777, 
          -0.7391160501177619, 
          0.0
        ], 
        [
          -13.041117038835976, 
          22.322649731832694, 
          76.55619256419655, 
          1.0
        ]
      ], 
      "projected_cuboid": [
        [
          441.3800373427424, 
          473.7582892956597
        ], 
        [
          367.08856403621286, 
          480.560537685489
        ], 
        [
          352.54127729269436, 
          365.51066077295
        ], 
        [
          414.9486899266674, 
          364.92699450726525
        ], 
        [
          431.14810574542315, 
          498.3449093159416
        ], 
        [
          359.76427512664173, 
          506.14354539447567
        ], 
        [
          347.0205596973247, 
          391.1975919692109
        ], 
        [
          407.3552024671064, 
          389.5450090803202
        ]
      ], 
      "projected_cuboid_centroid": [
        389.99058684940593, 
        428.7946144871132
      ], 
      "quaternion_xyzw": [
        0.8790076175095027, 
        -0.06078653010910123, 
        0.18902376834547638, 
        0.4334980734402292
      ], 
      "visibility": 0.2690469076785181
    }, 
    {
      "bounding_box": {
        "bottom_right": [
          382, 
          366
        ], 
        "top_left": [
          302, 
          269
        ]
      }, 
      "class": "008_pudding_box", 
      "cuboid": [
        [
          -13.92053354377991, 
          9.404193208758672, 
          65.73638368573654
        ], 
        [
          -24.69396312043017, 
          10.96382294208415, 
          62.469406361884595
        ], 
        [
          -27.440065003411103, 
          5.170132928312335, 
          68.759318219329
        ], 
        [
          -16.666635426760852, 
          3.6105031949868582, 
          72.02629554318095
        ], 
        [
          -14.264156316839227, 
          12.296109536650196, 
          68.25012784366152
        ], 
        [
          -25.037585893489478, 
          13.855739269975672, 
          64.98315051980957
        ], 
        [
          -27.783687776470416, 
          8.062049256203858, 
          71.27306237725398
        ], 
        [
          -17.01025819982016, 
          6.502419522878382, 
          74.54003970110593
        ]
      ], 
      "cuboid_centroid": [
        -20.852110660125163, 
        8.733121232481265, 
        68.50472303149526
      ], 
      "location": [
        -20.852110660125163, 
        8.733121232481265, 
        68.50472303149526
      ], 
      "pose_transform_permuted": [
        [
          0.08931994783644721, 
          -0.7517133199726997, 
          -0.6534127382217426, 
          0.0
        ], 
        [
          0.9479146601695707, 
          -0.13722611524372638, 
          0.28744938440333656, 
          0.0
        ], 
        [
          0.3057441130568256, 
          0.6450549506429759, 
          -0.7003030491980112, 
          0.0
        ], 
        [
          -20.852110660125163, 
          8.733121232481265, 
          68.50472303149526, 
          1.0
        ]
      ], 
      "projected_cuboid": [
        [
          367.7185496446972, 
          349.5828007349998
        ], 
        [
          269.0206161277938, 
          366.88789938323356
        ], 
        [
          266.98936227869336, 
          313.38776658104973
        ], 
        [
          357.1603371697567, 
          300.02055289178253
        ], 
        [
          369.2053380678048, 
          369.3706951823518
        ], 
        [
          274.40008528148456, 
          387.0012014423712
        ], 
        [
          271.965729147147, 
          333.6129587274038
        ], 
        [
          358.8777248367595, 
          319.8100934215857
        ]
      ], 
      "projected_cuboid_centroid": [
        317.90740928739456, 
        341.2752016732608
      ], 
      "quaternion_xyzw": [
        0.9008860012557484, 
        -0.12292627138258728, 
        0.104555218894123, 
        0.4029412065307763
      ], 
      "visibility": 0.9149944699004582
    }, 
    {
      "bounding_box": {
        "bottom_right": [
          539, 
          372
        ], 
        "top_left": [
          363, 
          210
        ]
      }, 
      "class": "019_pitcher_base", 
      "cuboid": [
        [
          -31.98258458320392, 
          37.97795086034926, 
          64.71981857195586
        ], 
        [
          -14.251524843695085, 
          36.91025915385646, 
          71.06309287138708
        ], 
        [
          -21.40645699784549, 
          21.666352076419944, 
          88.49710740015557
        ], 
        [
          -39.137516737354325, 
          22.734043782912742, 
          82.15383310072436
        ], 
        [
          -29.7092841033625, 
          27.656689953428003, 
          56.62810617519054
        ], 
        [
          -11.978224363853663, 
          26.58899824693521, 
          62.97138047462176
        ], 
        [
          -19.133156518004068, 
          11.345091169498694, 
          80.40539500339025
        ], 
        [
          -36.86421625751291, 
          12.41278287599149, 
          74.06212070395904
        ]
      ], 
      "cuboid_centroid": [
        -25.557870550603994, 
        24.661521014923977, 
        72.56260678767306
      ], 
      "location": [
        -25.557870550603994, 
        24.661521014923977, 
        72.56260678767306
      ], 
      "pose_transform_permuted": [
        [
          -0.17078872717161386, 
          0.7754166370572284, 
          0.607914911881214, 
          0.0
        ], 
        [
          -0.9400513447201374, 
          0.0566060370434968, 
          -0.3363027152755048, 
          0.0
        ], 
        [
          0.29518628879901476, 
          0.628907760414653, 
          -0.7192635704630743, 
          0.0
        ], 
        [
          -25.557870550603994, 
          24.661521014923977, 
          72.56260678767306, 
          1.0
        ]
      ], 
      "projected_cuboid": [
        [
          215.8502922149057, 
          586.241446840099
        ], 
        [
          373.74984559664597, 
          550.2933952863984
        ], 
        [
          351.517988998737, 
          403.85679273549346
        ], 
        [
          225.41001787895848, 
          420.86955750083354
        ], 
        [
          199.4653669216357, 
          533.7553290835808
        ], 
        [
          379.3052341195936, 
          498.4750816518203
        ], 
        [
          353.63148766035425, 
          348.5372011154273
        ], 
        [
          213.92651281009947, 
          362.6706945042964
        ]
      ], 
      "projected_cuboid_centroid": [
        292.1867961958555, 
        454.5434234531964
      ], 
      "quaternion_xyzw": [
        -0.14225131492495413, 
        0.4192936561619045, 
        0.8911893762012657, 
        0.09868618703188597
      ], 
      "visibility": 0.19881557050753176
    }, 
    {
      "bounding_box": {
        "bottom_right": [
          421, 
          463
        ], 
        "top_left": [
          265, 
          284
        ]
      }, 
      "class": "035_power_drill", 
      "cuboid": [
        [
          -1.2645102138229531, 
          10.675348511673342, 
          54.572446103908476
        ], 
        [
          -19.09729559270822, 
          13.109366251031599, 
          50.577840708378865
        ], 
        [
          -23.724677138183456, 
          0.46485935984730276, 
          63.53086066668309
        ], 
        [
          -5.891891759298187, 
          -1.9691583795109546, 
          67.5254660622127
        ], 
        [
          -1.5796812761387309, 
          14.817533368951082, 
          58.50338118012933
        ], 
        [
          -19.412466655023998, 
          17.25155110830934, 
          54.50877578459972
        ], 
        [
          -24.039848200499232, 
          4.607044217125044, 
          67.46179574290394
        ], 
        [
          -6.207062821613965, 
          2.173026477766787, 
          71.45640113843356
        ]
      ], 
      "cuboid_centroid": [
        -12.652179207161094, 
        7.6411963643991925, 
        61.01712092340621
      ], 
      "location": [
        -12.652179207161094, 
        7.6411963643991925, 
        61.01712092340621
      ], 
      "pose_transform_permuted": [
        [
          0.05510754212408772, 
          -0.7242594698604882, 
          -0.6873225248162346, 
          0.0
        ], 
        [
          0.9672753658844055, 
          -0.1320245463277181, 
          0.21667301621314453, 
          0.0
        ], 
        [
          0.2476707741674, 
          0.6767703894585626, 
          -0.6932828964613764, 
          0.0
        ], 
        [
          -12.652179207161094, 
          7.6411963643991925, 
          61.01712092340621, 
          1.0
        ]
      ], 
      "projected_cuboid": [
        [
          469.1364201608605, 
          377.6134066655306
        ], 
        [
          278.5469138603596, 
          411.5186500431078
        ], 
        [
          280.7769075984134, 
          277.18887138956717
        ], 
        [
          434.67481044238895, 
          257.73402442764234
        ], 
        [
          467.07661349116495, 
          408.3638713003786
        ], 
        [
          290.0806405249623, 
          442.0775246382787
        ], 
        [
          289.9661583927376, 
          309.70755041478145
        ], 
        [
          434.8841786086057, 
          289.5050650395956
        ]
      ], 
      "projected_cuboid_centroid": [
        370.0892394705708, 
        340.0743443924552
      ], 
      "quaternion_xyzw": [
        0.9126018135198947, 
        -0.10401450963335192, 
        0.07445211983772466, 
        0.38832444372820707
      ], 
      "visibility": 0.7992972895453894
    }, 
    {
      "bounding_box": {
        "bottom_right": [
          325, 
          296
        ], 
        "top_left": [
          262, 
          222
        ]
      }, 
      "class": "061_foam_brick", 
      "cuboid": [
        [
          -30.973572387388575, 
          -0.8522404458304756, 
          64.68818275140545
        ], 
        [
          -23.496281204630225, 
          -1.543126183840553, 
          66.75128445147305
        ], 
        [
          -22.150372661957274, 
          1.5682177081922544, 
          62.91523169769071
        ], 
        [
          -29.627663844715624, 
          2.2591034462023316, 
          60.85212999762311
        ], 
        [
          -31.47044955617696, 
          3.2954988023570033, 
          67.8779960138525
        ], 
        [
          -23.99315837341861, 
          2.6046130643469256, 
          69.9410977139201
        ], 
        [
          -22.647249830745658, 
          5.715956956379734, 
          66.10504496013776
        ], 
        [
          -30.124541013504007, 
          6.406842694389811, 
          64.04194326007016
        ]
      ], 
      "cuboid_centroid": [
        -26.810411109067118, 
        2.4318582552746286, 
        65.3966138557716
      ], 
      "location": [
        -26.810411109067118, 
        2.4318582552746286, 
        65.3966138557716
      ], 
      "pose_transform_permuted": [
        [
          0.0945352292278403, 
          -0.7891436862773387, 
          -0.6068898852703453, 
          0.0
        ], 
        [
          -0.9601781601976738, 
          0.08871841160325278, 
          -0.26492818672615065, 
          0.0
        ], 
        [
          -0.26290871251111103, 
          -0.60776746034253, 
          0.7493315174437419, 
          0.0
        ], 
        [
          -26.810411109067118, 
          2.4318582552746286, 
          65.3966138557716, 
          1.0
        ]
      ], 
      "projected_cuboid": [
        [
          224.1084208624508, 
          266.26026981312714
        ], 
        [
          292.3055118164401, 
          260.9574956280314
        ], 
        [
          292.2681406744744, 
          286.57999954688637
        ], 
        [
          219.77071152310828, 
          293.08574810466655
        ], 
        [
          232.27215690336763, 
          299.17937735246454
        ], 
        [
          297.11816229320215, 
          293.1474094747798
        ], 
        [
          297.36187087956654, 
          319.401502175755
        ], 
        [
          228.63950119921574, 
          326.64055101222795
        ]
      ], 
      "projected_cuboid_centroid": [
        261.13191735071183, 
        293.1187212485191
      ], 
      "quaternion_xyzw": [
        0.09867150643694124, 
        0.890903404670022, 
        -0.43171773608018416, 
        0.10087047991671191
      ], 
      "visibility": 0.916645617580197
    }
  ]
}