{
  "camera_data": {
    "location_worldframe": [
      -18.603178171580257, 
      4.60030119997213, 
      81.58413445281698
    ], 
    "quaternion_xyzw_worldframe": [
      0.9281575078170331, 
      0.021204679724275664, 
      -0.05890456529465308, 
      -0.3668860449257103
    ]
  }, 
  "objects": [
    {
      "bounding_box": {
        "bottom_right": [
          455, 
          308
        ], 
        "top_left": [
          293, 
          112
        ]
      }, 
      "class": "003_cracker_box", 
      "cuboid": [
        [
          -27.67685708551807, 
          18.092240481823406, 
          61.252169248695054
        ], 
        [
          -44.00355305832298, 
          17.511884735933965, 
          62.728753654330426
        ], 
        [
          -42.136163239397455, 
          2.0146166565176356, 
          77.28557626385867
        ], 
        [
          -25.809467266592556, 
          2.594972402407078, 
          75.8089918582233
        ], 
        [
          -27.380831690516523, 
          23.02273013539708, 
          66.46321888158666
        ], 
        [
          -43.70752766332142, 
          22.442374389507638, 
          67.93980328722205
        ], 
        [
          -41.84013784439591, 
          6.945106310091311, 
          82.49662589675029
        ], 
        [
          -25.513441871591002, 
          7.525462055980753, 
          81.02004149111491
        ]
      ], 
      "cuboid_centroid": [
        -34.75849746495699, 
        12.518673395957357, 
        71.87439757272267
      ], 
      "location": [
        -34.75849746495699, 
        12.518673395957357, 
        71.87439757272267
      ], 
      "pose_transform_permuted": [
        [
          -0.04122916463495879, 
          -0.6866977397567067, 
          -0.7257729467240661, 
          0.0
        ], 
        [
          0.9953117171415837, 
          0.03537977769392914, 
          -0.0900158711061575, 
          0.0
        ], 
        [
          -0.08749138074219465, 
          0.7260815970284323, 
          -0.6820196278352009, 
          0.0
        ], 
        [
          -34.75849746495699, 
          12.518673395957357, 
          71.87439757272267, 
          1.0
        ]
      ], 
      "projected_cuboid": [
        [
          238.6078321513267, 
          430.8147736463908
        ], 
        [
          104.36133407887526, 
          422.1725037280973
        ], 
        [
          188.40765996208665, 
          287.1886729908895
        ], 
        [
          298.51320958790023, 
          291.5422826638155
        ], 
        [
          260.05459328987536, 
          458.0274073809074
        ], 
        [
          135.63881563657603, 
          449.45657639298435
        ], 
        [
          208.85717956815765, 
          318.1848736662538
        ], 
        [
          312.2536479321026, 
          322.82337125133756
        ]
      ], 
      "projected_cuboid_centroid": [
        221.53409978470341, 
        366.17710684682896
      ], 
      "quaternion_xyzw": [
        0.9283272942359935, 
        0.03308939616421756, 
        -0.0353444944891796, 
        0.3685977392053177
      ], 
      "visibility": 0.36707256348739303
    }, 
    {
      "bounding_box": {
        "bottom_right": [
          472, 
          352
        ], 
        "top_left": [
          346, 
          264
        ]
      }, 
      "class": "006_mustard_bottle", 
      "cuboid": [
        [
          -21.993434840328113, 
          25.84240825925921, 
          70.17790797732137
        ], 
        [
          -31.272062228558056, 
          23.471424680446436, 
          69.4767814055849
        ], 
        [
          -28.93198379492736, 
          10.276635193708666, 
          83.12897166610801
        ], 
        [
          -19.653356406697416, 
          12.64761877252144, 
          83.83009823784448
        ], 
        [
          -23.31320115851591, 
          29.807157657853327, 
          74.23603999302772
        ], 
        [
          -32.59182854674585, 
          27.436174079040555, 
          73.53491342129124
        ], 
        [
          -30.251750113115154, 
          14.241384592302783, 
          87.18710368181435
        ], 
        [
          -20.97312272488521, 
          16.61236817111556, 
          87.88823025355083
        ]
      ], 
      "cuboid_centroid": [
        -26.122592476721636, 
        20.041896425780998, 
        78.68250582956786
      ], 
      "location": [
        -26.122592476721636, 
        20.041896425780998, 
        78.68250582956786
      ], 
      "pose_transform_permuted": [
        [
          0.22657320883346574, 
          -0.6806553410860704, 
          -0.6966869664706565, 
          0.0
        ], 
        [
          0.9662821332494906, 
          0.2469157316674806, 
          0.07301576527093057, 
          0.0
        ], 
        [
          -0.12232442083521396, 
          0.6897396936834858, 
          -0.7136496976982064, 
          0.0
        ], 
        [
          -26.122592476721636, 
          20.041896425780998, 
          78.68250582956786, 
          1.0
        ]
      ], 
      "projected_cuboid": [
        [
          313.06428967881266, 
          469.67686647940843
        ], 
        [
          239.54512757931693, 
          453.45853463645557
        ], 
        [
          294.4351261900374, 
          339.21699144505175
        ], 
        [
          355.5222090336052, 
          353.7495567975531
        ], 
        [
          312.7168227343185, 
          487.4243192948778
        ], 
        [
          243.2516104296418, 
          472.2702348794624
        ], 
        [
          295.0063693290876, 
          360.4004455871436
        ], 
        [
          353.2682734239086, 
          374.09299685477237
        ]
      ], 
      "projected_cuboid_centroid": [
        303.0594114837808, 
        409.13294672328925
      ], 
      "quaternion_xyzw": [
        0.9155201791063419, 
        0.10082796669296724, 
        0.08180840273690945, 
        0.38074120882438844
      ], 
      "visibility": 0.7917703909796456
    }, 
    {
      "bounding_box": {
        "bottom_right": [
          348, 
          285
        ], 
        "top_left": [
          277, 
          173
        ]
      }, 
      "class": "008_pudding_box", 
      "cuboid": [
        [
          -28.01971784706822, 
          7.68125248299743, 
          67.35361258893084
        ], 
        [
          -39.34557692587512, 
          6.914094252616351, 
          67.90926982072416
        ], 
        [
          -38.60338738727771, 
          0.41470338933139517, 
          74.0637790454191
        ], 
        [
          -27.277528308470806, 
          1.1818616197124745, 
          73.50812181362578
        ], 
        [
          -28.06154954694204, 
          10.323762802750547, 
          70.14924412189016
        ], 
        [
          -39.38740862574894, 
          9.556604572369467, 
          70.70490135368348
        ], 
        [
          -38.645219087151524, 
          3.0572137090845106, 
          76.85941057837842
        ], 
        [
          -27.319360008344624, 
          3.82437193946559, 
          76.3037533465851
        ]
      ], 
      "cuboid_centroid": [
        -33.33246846710987, 
        5.36923309604097, 
        72.10651158365464
      ], 
      "location": [
        -33.33246846710987, 
        5.36923309604097, 
        72.10651158365464
      ], 
      "pose_transform_permuted": [
        [
          0.010873567014706218, 
          -0.6868837062696117, 
          -0.7266854302777913, 
          0.0
        ], 
        [
          0.9965209113246722, 
          0.06749944649232818, 
          -0.048890247279074456, 
          0.0
        ], 
        [
          -0.08263352631046461, 
          0.7236259176034694, 
          -0.6852276588375459, 
          0.0
        ], 
        [
          -33.33246846710987, 
          5.36923309604097, 
          72.10651158365464, 
          1.0
        ]
      ], 
      "projected_cuboid": [
        [
          257.8823273267994, 
          334.1082551099054
        ], 
        [
          170.02494371101278, 
          327.58577981610534
        ], 
        [
          201.30469176152653, 
          276.2727404354344
        ], 
        [
          282.04261365259566, 
          281.8612359990113
        ], 
        [
          266.4772653203119, 
          351.7744097132218
        ], 
        [
          182.02616653026803, 
          345.3709942141434
        ], 
        [
          211.20716980342922, 
          294.5002309921482
        ], 
        [
          289.0591118160592, 
          300.01670994798235
        ]
      ], 
      "projected_cuboid_centroid": [
        233.00645261652974, 
        312.99886206755014
      ], 
      "quaternion_xyzw": [
        0.9282823195566546, 
        0.04043300449654581, 
        -0.01023844779315761, 
        0.36952965067849036
      ], 
      "visibility": 0.5642550379914106
    }, 
    {
      "bounding_box": {
        "bottom_right": [
          501, 
          284
        ], 
        "top_left": [
          324, 
          116
        ]
      }, 
      "class": "019_pitcher_base", 
      "cuboid": [
        [
          -50.64949186358143, 
          31.503483236803397, 
          75.36143299957331
        ], 
        [
          -31.980516604058106, 
          34.18882134559949, 
          75.5223550450568
        ], 
        [
          -29.66468304368132, 
          17.06980604374609, 
          92.52502688570782
        ], 
        [
          -48.33365830320464, 
          14.38446793495, 
          92.36410484022433
        ], 
        [
          -49.239992338865015, 
          22.272825326346428, 
          65.87563324824522
        ], 
        [
          -30.57101707934169, 
          24.958163435142517, 
          66.03655529372871
        ], 
        [
          -28.255183518964895, 
          7.839148133289117, 
          83.03922713437973
        ], 
        [
          -46.92415877848822, 
          5.1538100244930245, 
          82.87830508889624
        ]
      ], 
      "cuboid_centroid": [
        -39.452337691273165, 
        19.67131568504626, 
        79.20033006697652
      ], 
      "location": [
        -39.452337691273165, 
        19.67131568504626, 
        79.20033006697652
      ], 
      "pose_transform_permuted": [
        [
          -0.10589300970547663, 
          0.6934817150056238, 
          0.7126500346523251, 
          0.0
        ], 
        [
          -0.9897770102345853, 
          -0.14236913852233865, 
          -0.008531638123963865, 
          0.0
        ], 
        [
          -0.09554280871374765, 
          0.7062678563508604, 
          -0.7014679513624613, 
          0.0
        ], 
        [
          -39.452337691273165, 
          19.67131568504626, 
          79.20033006697652, 
          1.0
        ]
      ], 
      "projected_cuboid": [
        [
          120.17248942025928, 
          496.23113815094473
        ], 
        [
          253.87679884436375, 
          514.719262613363
        ], 
        [
          309.18318630660474, 
          371.6778830097196
        ], 
        [
          200.18794018978338, 
          356.34389512766415
        ], 
        [
          79.63514763090653, 
          453.6041050904728
        ], 
        [
          232.64415354282028, 
          474.8518264908375
        ], 
        [
          298.6158259236464, 
          323.63348073533405
        ], 
        [
          177.1250588300354, 
          306.45116183634735
        ]
      ], 
      "projected_cuboid_centroid": [
        213.71879622220388, 
        405.74934303167913
      ], 
      "quaternion_xyzw": [
        -0.030988140992635815, 
        0.3777760977117257, 
        0.923132561070967, 
        -0.06443060218785752
      ], 
      "visibility": 0.19388160508541916
    }, 
    {
      "bounding_box": {
        "bottom_right": [
          406, 
          320
        ], 
        "top_left": [
          256, 
          128
        ]
      }, 
      "class": "035_power_drill", 
      "cuboid": [
        [
          -20.388686183367128, 
          12.182758352218698, 
          52.93390207157661
        ], 
        [
          -38.63012376507778, 
          10.714740758430233, 
          55.16648539315072
        ], 
        [
          -36.014423275801924, 
          -3.1342980528943936, 
          67.43185026671506
        ], 
        [
          -17.772985694091275, 
          -1.6662804591059275, 
          65.19926694514095
        ], 
        [
          -20.17427568023346, 
          15.994606263804013, 
          57.192202483587764
        ], 
        [
          -38.41571326194411, 
          14.526588670015544, 
          59.424785805161875
        ], 
        [
          -35.80001277266826, 
          0.67754985869092, 
          71.69015067872621
        ], 
        [
          -17.558575190957608, 
          2.1455674524793853, 
          69.4575673571521
        ]
      ], 
      "cuboid_centroid": [
        -28.094349478017694, 
        6.430154105454809, 
        62.312026375151405
      ], 
      "location": [
        -28.094349478017694, 
        6.430154105454809, 
        62.312026375151405
      ], 
      "pose_transform_permuted": [
        [
          -0.03748959611478239, 
          -0.6665001787119597, 
          -0.7445622310870954, 
          0.0
        ], 
        [
          0.9894412362523302, 
          0.07962733947540203, 
          -0.12109846013175152, 
          0.0
        ], 
        [
          -0.13999981605200978, 
          0.7412404034910584, 
          -0.6564776178121123, 
          0.0
        ], 
        [
          -28.094349478017694, 
          6.430154105454809, 
          62.312026375151405, 
          1.0
        ]
      ], 
      "projected_cuboid": [
        [
          274.4651296234644, 
          396.03024951614293
        ], 
        [
          105.02983960544725, 
          376.8708253317831
        ], 
        [
          194.38470752139207, 
          248.497324508987
        ], 
        [
          335.0053565972139, 
          259.6566301383867
        ], 
        [
          291.9033857769551, 
          422.4368832238035
        ], 
        [
          133.9544477280525, 
          403.65830305254144
        ], 
        [
          213.0530846785284, 
          278.32698781720245
        ], 
        [
          345.65263135163843, 
          289.7609580188951
        ]
      ], 
      "projected_cuboid_centroid": [
        239.1377697885831, 
        328.32129301573667
      ], 
      "quaternion_xyzw": [
        0.93210029916722, 
        0.05890652425592946, 
        -0.04253513714892688, 
        0.3548378317510678
      ], 
      "visibility": 0.7348400915872664
    }, 
    {
      "bounding_box": {
        "bottom_right": [
          287, 
          226
        ], 
        "top_left": [
          229, 
          141
        ]
      }, 
      "class": "061_foam_brick", 
      "cuboid": [
        [
          -42.034378339489976, 
          -6.084405479471279, 
          70.69945954082006
        ], 
        [
          -34.320202611560504, 
          -5.16273550754908, 
          70.16503231374045
        ], 
        [
          -34.99185331559882, 
          -1.6835959849335513, 
          66.47021095629022
        ], 
        [
          -42.70602904352829, 
          -2.605265956855751, 
          67.00463818336982
        ], 
        [
          -42.23821316438992, 
          -2.2792670579550967, 
          74.31952989902588
        ], 
        [
          -34.52403743646044, 
          -1.3575970860328972, 
          73.78510267194628
        ], 
        [
          -35.19568814049876, 
          2.121542436582631, 
          70.09028131449604
        ], 
        [
          -42.90986386842823, 
          1.1998724646604315, 
          70.62470854157566
        ]
      ], 
      "cuboid_centroid": [
        -38.61503323999437, 
        -1.9814315214443239, 
        70.39487042765805
      ], 
      "location": [
        -38.61503323999437, 
        -1.9814315214443239, 
        70.39487042765805
      ], 
      "pose_transform_permuted": [
        [
          0.03878135907013125, 
          -0.7239608811144549, 
          -0.6887500626531047, 
          0.0
        ], 
        [
          -0.9905971128908826, 
          -0.11835400766394089, 
          0.06862717247659028, 
          0.0
        ], 
        [
          0.13119971844833123, 
          -0.6796123685497977, 
          0.7217434879465229, 
          0.0
        ], 
        [
          -38.61503323999437, 
          -1.9814315214443239, 
          70.39487042765805, 
          1.0
        ]
      ], 
      "projected_cuboid": [
        [
          161.86936071535632, 
          227.38897928394184
        ], 
        [
          218.55763990633284, 
          234.04494059148087
        ], 
        [
          198.50244130095453, 
          259.77831082229756
        ], 
        [
          138.8481730996524, 
          252.55007268842317
        ], 
        [
          175.96823576023496, 
          256.9304367125511
        ], 
        [
          229.97737337244763, 
          263.473810400686
        ], 
        [
          211.55999249234227, 
          289.42943406828743
        ], 
        [
          154.86466517017047, 
          282.34732557158196
        ]
      ], 
      "projected_cuboid_centroid": [
        186.6071742718366, 
        258.27498633457463
      ], 
      "quaternion_xyzw": [
        -0.06808190143574212, 
        0.9163732241960402, 
        -0.39440926766747647, 
        -0.008142373821715381
      ], 
      "visibility": 0.899468085106383
    }
  ]
}