{
  "camera_data": {
    "location_worldframe": [
      -17.201795970735727, 
      2.7713594521703633, 
      82.98147041452609
    ], 
    "quaternion_xyzw_worldframe": [
      0.917969436166385, 
      0.019662929631242693, 
      -0.03761333400008555, 
      -0.3943751988393052
    ]
  }, 
  "objects": [
    {
      "bounding_box": {
        "bottom_right": [
          443, 
          321
        ], 
        "top_left": [
          285, 
          140
        ]
      }, 
      "class": "003_cracker_box", 
      "cuboid": [
        [
          -25.25006047567753, 
          17.63493054319131, 
          63.18114848724413
        ], 
        [
          -41.62828108632322, 
          17.333683872594932, 
          64.0421106000177
        ], 
        [
          -40.60897066914684, 
          0.9693897701389496, 
          77.70682545061577
        ], 
        [
          -24.23075005850115, 
          1.2706364407353274, 
          76.8458633378422
        ], 
        [
          -25.045546317626894, 
          22.242612141712964, 
          68.68386070766276
        ], 
        [
          -41.423766928272585, 
          21.941365471116587, 
          69.54482282043632
        ], 
        [
          -40.40445651109621, 
          5.577071368660604, 
          83.2095376710344
        ], 
        [
          -24.026235900450516, 
          5.878318039256982, 
          82.34857555826083
        ]
      ], 
      "cuboid_centroid": [
        -32.82725849338687, 
        11.606000955925957, 
        73.19534307913926
      ], 
      "location": [
        -32.82725849338687, 
        11.606000955925957, 
        73.19534307913926
      ], 
      "pose_transform_permuted": [
        [
          -0.02848386670476466, 
          -0.6417383995380713, 
          -0.7663944779914975, 
          0.0
        ], 
        [
          0.9984527737184831, 
          0.018364667382420485, 
          -0.05248616623264546, 
          0.0
        ], 
        [
          -0.047756967988064725, 
          0.7667037012759543, 
          -0.6402223882826492, 
          0.0
        ], 
        [
          -32.82725849338687, 
          11.606000955925957, 
          73.19534307913926, 
          1.0
        ]
      ], 
      "projected_cuboid": [
        [
          266.68210954529314, 
          422.145082527293
        ], 
        [
          132.04282295092625, 
          417.6352012459807
        ], 
        [
          200.56585851545017, 
          279.93968003353774
        ], 
        [
          312.03133139784677, 
          282.1049085156541
        ], 
        [
          285.50160391224824, 
          445.99699009980856
        ], 
        [
          161.28262391541017, 
          441.54866609808056
        ], 
        [
          220.47240142579943, 
          309.03197607542904
        ], 
        [
          324.69763200284166, 
          311.35668194192135
        ]
      ], 
      "projected_cuboid_centroid": [
        240.4161731702209, 
        357.8507647711915
      ], 
      "quaternion_xyzw": [
        0.9396210609849504, 
        0.017592633380624136, 
        -0.02154326789262629, 
        0.3410845182836034
      ], 
      "visibility": 0.36054293524366104
    }, 
    {
      "bounding_box": {
        "bottom_right": [
          458, 
          364
        ], 
        "top_left": [
          334, 
          283
        ]
      }, 
      "class": "006_mustard_bottle", 
      "cuboid": [
        [
          -19.741934155686597, 
          24.71787396432191, 
          72.74812898084133
        ], 
        [
          -29.034671938063063, 
          22.60013762998046, 
          71.57924697806746
        ], 
        [
          -27.463432069858463, 
          8.576403756782733, 
          84.49539304083255
        ], 
        [
          -18.170694287482004, 
          10.694140091124185, 
          85.66427504360642
        ], 
        [
          -21.12907541127828, 
          28.465630078386216, 
          76.98600812396295
        ], 
        [
          -30.42181319365474, 
          26.34789374404477, 
          75.81712612118908
        ], 
        [
          -28.850573325450146, 
          12.324159870847042, 
          88.73327218395417
        ], 
        [
          -19.557835543073683, 
          14.441896205188495, 
          89.90215418672804
        ]
      ], 
      "cuboid_centroid": [
        -24.29625374056837, 
        18.521016917584475, 
        80.74070058239775
      ], 
      "location": [
        -24.29625374056837, 
        18.521016917584475, 
        80.74070058239775
      ], 
      "pose_transform_permuted": [
        [
          0.2381399199642007, 
          -0.6434026365021701, 
          -0.7275453713835813, 
          0.0
        ], 
        [
          0.9677515986333668, 
          0.22054240322261578, 
          0.12172811213326902, 
          0.0
        ], 
        [
          -0.08213442938881324, 
          0.7330716352633202, 
          -0.6751739872664939, 
          0.0
        ], 
        [
          -24.29625374056837, 
          18.521016917584475, 
          80.74070058239775, 
          1.0
        ]
      ], 
      "projected_cuboid": [
        [
          335.6620192269735, 
          454.4943081909036
        ], 
        [
          263.4639858828115, 
          441.67467405843075
        ], 
        [
          306.80830202616033, 
          327.41924169540505
        ], 
        [
          367.529150339811, 
          339.86498428088663
        ], 
        [
          334.00587996359974, 
          470.48182499598005
        ], 
        [
          265.81789980740234, 
          458.6252395110943
        ], 
        [
          306.74946294213754, 
          347.35926902677204
        ], 
        [
          364.60876869318884, 
          358.9590798023421
        ]
      ], 
      "projected_cuboid_centroid": [
        319.7747052214548, 
        395.6241069044537
      ], 
      "quaternion_xyzw": [
        0.9257927150934313, 
        0.08173450376007842, 
        0.09717834949186, 
        0.35606691494531606
      ], 
      "visibility": 0.663293897882939
    }, 
    {
      "bounding_box": {
        "bottom_right": [
          340, 
          299
        ], 
        "top_left": [
          271, 
          192
        ]
      }, 
      "class": "008_pudding_box", 
      "cuboid": [
        [
          -26.02652032700749, 
          6.893421623357583, 
          68.63561557012136
        ], 
        [
          -37.37832264476844, 
          6.348178860684135, 
          68.74362043532528
        ], 
        [
          -36.993598611264474, 
          -0.5168316442921116, 
          74.52242038742786
        ], 
        [
          -25.64179629350352, 
          0.028411118381337086, 
          74.41441552222395
        ], 
        [
          -26.117320212292856, 
          9.36723950603743, 
          71.58046646844511
        ], 
        [
          -37.4691225300538, 
          8.821996743363982, 
          71.68847133364902
        ], 
        [
          -37.08439849654984, 
          1.956986238387735, 
          77.4672712857516
        ], 
        [
          -25.732596178788885, 
          2.502229001061184, 
          77.35926642054768
        ]
      ], 
      "cuboid_centroid": [
        -31.555459411778664, 
        4.42520393087266, 
        73.05144342793648
      ], 
      "location": [
        -31.555459411778664, 
        4.42520393087266, 
        73.05144342793648
      ], 
      "pose_transform_permuted": [
        [
          0.02360216392248364, 
          -0.6430344597670036, 
          -0.765472923353044, 
          0.0
        ], 
        [
          0.9988035620221, 
          0.047973916236450746, 
          -0.009502953016773799, 
          0.0
        ], 
        [
          -0.04283421133218474, 
          0.7643330937493568, 
          -0.6433971284308289, 
          0.0
        ], 
        [
          -31.555459411778664, 
          4.42520393087266, 
          73.05144342793648, 
          1.0
        ]
      ], 
      "projected_cuboid": [
        [
          277.6777769833064, 
          326.8505180849727
        ], 
        [
          189.1958711704188, 
          322.5363168327129
        ], 
        [
          214.6461821078418, 
          269.58783313971725
        ], 
        [
          296.29378744141724, 
          273.4901572090571
        ], 
        [
          285.38494943819234, 
          343.0783752702638
        ], 
        [
          200.52613117152325, 
          338.91694602864493
        ], 
        [
          224.16377109772128, 
          286.7593125816758
        ], 
        [
          302.71656841314507, 
          290.5370599885861
        ]
      ], 
      "projected_cuboid_centroid": [
        249.30336152349793, 
        305.5931948401523
      ], 
      "quaternion_xyzw": [
        0.9392296815907839, 
        0.024170905516644435, 
        0.003752865561549825, 
        0.34241666692724965
      ], 
      "visibility": 0.6722250294761665
    }, 
    {
      "bounding_box": {
        "bottom_right": [
          487, 
          295
        ], 
        "top_left": [
          314, 
          139
        ]
      }, 
      "class": "019_pitcher_base", 
      "cuboid": [
        [
          -48.4483950853936, 
          30.703225629939546, 
          77.24283204369902
        ], 
        [
          -29.74739048073679, 
          32.95665076712484, 
          78.22368668719899
        ], 
        [
          -28.40241117411721, 
          14.819981315160241, 
          94.24763350314494
        ], 
        [
          -47.10341577877403, 
          12.566556177974944, 
          93.266778859645
        ], 
        [
          -46.879190912608045, 
          22.017152650578893, 
          67.27980711380516
        ], 
        [
          -28.178186307951226, 
          24.27057778776419, 
          68.2606617573051
        ], 
        [
          -26.83320700133165, 
          6.133908335799589, 
          84.28460857325108
        ], 
        [
          -45.53421160598846, 
          3.8804831986142903, 
          83.30375392975111
        ]
      ], 
      "cuboid_centroid": [
        -37.64080104336263, 
        18.418566982869567, 
        80.76372030847506
      ], 
      "location": [
        -37.64080104336263, 
        18.418566982869567, 
        80.76372030847506
      ], 
      "pose_transform_permuted": [
        [
          -0.11789131516882737, 
          0.6525680883013926, 
          0.7485030516838364, 
          0.0
        ], 
        [
          -0.991475116800441, 
          -0.11947031714732008, 
          -0.052002178106849296, 
          0.0
        ], 
        [
          -0.05548891889942015, 
          0.7482525384387244, 
          -0.6610893423731613, 
          0.0
        ], 
        [
          -37.64080104336263, 
          18.418566982869567, 
          80.76372030847506, 
          1.0
        ]
      ], 
      "projected_cuboid": [
        [
          144.29970558467497, 
          485.27554798698844
        ], 
        [
          277.0928210619571, 
          497.980975104102
        ], 
        [
          319.53682226946717, 
          357.1484447882696
        ], 
        [
          210.0049498857165, 
          345.1448200479795
        ], 
        [
          106.89412122341888, 
          447.81406976166284
        ], 
        [
          259.60662403342775, 
          462.91221836400223
        ], 
        [
          310.39222574492715, 
          312.09947776053576
        ], 
        [
          187.6528057629121, 
          298.1298083547346
        ]
      ], 
      "projected_cuboid_centroid": [
        230.96636107790053, 
        394.91271404656914
      ], 
      "quaternion_xyzw": [
        -0.04548248135078303, 
        0.3516815061011346, 
        0.9338402843799095, 
        -0.04683864012220167
      ], 
      "visibility": 0.1921738086664266
    }, 
    {
      "bounding_box": {
        "bottom_right": [
          399, 
          337
        ], 
        "top_left": [
          250, 
          157
        ]
      }, 
      "class": "035_power_drill", 
      "cuboid": [
        [
          -17.7829406266221, 
          12.06342009884124, 
          54.78863736297542
        ], 
        [
          -36.11986184704195, 
          10.874625358235177, 
          56.283172813111236
        ], 
        [
          -34.2356699269778, 
          -3.7266784102828634, 
          67.78659359115224
        ], 
        [
          -15.898748706557948, 
          -2.5378836696767992, 
          66.29205814101641
        ], 
        [
          -17.647670255181087, 
          15.612524627378557, 
          59.271363959141176
        ], 
        [
          -35.98459147560094, 
          14.423729886772493, 
          60.765899409277004
        ], 
        [
          -34.10039955553679, 
          -0.17757388174554634, 
          72.26932018731799
        ], 
        [
          -15.763478335116933, 
          1.0112208588605176, 
          70.77478473718217
        ]
      ], 
      "cuboid_centroid": [
        -25.941670091079445, 
        5.942923108547847, 
        63.528978775146705
      ], 
      "location": [
        -25.941670091079445, 
        5.942923108547847, 
        63.528978775146705
      ], 
      "pose_transform_permuted": [
        [
          -0.023651973748966954, 
          -0.6205595966586626, 
          -0.7838030652746474, 
          0.0
        ], 
        [
          0.994620403141075, 
          0.06448189911166123, 
          -0.08106570530866271, 
          0.0
        ], 
        [
          -0.1008473727390298, 
          0.7815037884088811, 
          -0.615696177562157, 
          0.0
        ], 
        [
          -25.941670091079445, 
          5.942923108547847, 
          63.528978775146705, 
          1.0
        ]
      ], 
      "projected_cuboid": [
        [
          307.0531114417867, 
          390.7134076462046
        ], 
        [
          136.4857141478835, 
          376.33066952771713
        ], 
        [
          209.99894862020813, 
          243.96642509344414
        ], 
        [
          352.62573795811846, 
          252.86926479963552
        ], 
        [
          321.48126565587665, 
          413.7669415075399
        ], 
        [
          163.14183877890977, 
          399.87822321554376
        ], 
        [
          227.85221821353755, 
          271.9761115328517
        ], 
        [
          361.8223290485341, 
          280.9065383663765
        ]
      ], 
      "projected_cuboid_centroid": [
        262.0044201028891, 
        323.1767980828434
      ], 
      "quaternion_xyzw": [
        0.94338847470496, 
        0.0438126170405031, 
        -0.02775041297021876, 
        0.3276104720824188
      ], 
      "visibility": 0.789023085155175
    }, 
    {
      "bounding_box": {
        "bottom_right": [
          281, 
          240
        ], 
        "top_left": [
          225, 
          157
        ]
      }, 
      "class": "061_foam_brick", 
      "cuboid": [
        [
          -40.42969340087468, 
          -6.7285719447613985, 
          70.65769122233104
        ], 
        [
          -32.68406651116515, 
          -5.949675450120571, 
          70.45231474946195
        ], 
        [
          -33.1494594163232, 
          -2.2451539348685094, 
          66.9498640165616
        ], 
        [
          -40.89508630603273, 
          -3.024050429509337, 
          67.1552404894307
        ], 
        [
          -40.6890554099594, 
          -3.1392835066845293, 
          74.48852354672638
        ], 
        [
          -32.94342852024987, 
          -2.3603870120437023, 
          74.2831470738573
        ], 
        [
          -33.408821425407915, 
          1.3441345032083594, 
          70.78069634095696
        ], 
        [
          -41.15444831511745, 
          0.5652380085675319, 
          70.98607281382606
        ]
      ], 
      "cuboid_centroid": [
        -36.919257413141295, 
        -2.6922187207765194, 
        70.719193781644
      ], 
      "location": [
        -36.919257413141295, 
        -2.6922187207765194, 
        70.719193781644
      ], 
      "pose_transform_permuted": [
        [
          0.04934589174544979, 
          -0.6828935329949611, 
          -0.7288493709687248, 
          0.0
        ], 
        [
          -0.9946358373321201, 
          -0.10002009884718122, 
          0.0263729202257158, 
          0.0
        ], 
        [
          0.09090948279733091, 
          -0.7236383091159972, 
          0.6841659619692155, 
          0.0
        ], 
        [
          -36.919257413141295, 
          -2.6922187207765194, 
          70.719193781644, 
          1.0
        ]
      ], 
      "projected_cuboid": [
        [
          173.89335012859775, 
          222.49972167256772
        ], 
        [
          232.11889384682257, 
          228.24786973688154
        ], 
        [
          215.32936644654873, 
          255.4017434670965
        ], 
        [
          154.11844254221077, 
          249.2707604665253
        ], 
        [
          187.84564435383464, 
          250.810037018293
        ], 
        [
          243.10703226177947, 
          256.34002094528836
        ], 
        [
          227.76992456116153, 
          283.4143452796836
        ], 
        [
          169.82631463489113, 
          277.5331808392863
        ]
      ], 
      "projected_cuboid_centroid": [
        200.8550648405666, 
        252.98352137178088
      ], 
      "quaternion_xyzw": [
        -0.051417955328385105, 
        0.9283215387753375, 
        -0.36815355398508576, 
        0.0061866957083750425
      ], 
      "visibility": 0.9268950633935797
    }
  ]
}