{
  "camera_data": {
    "location_worldframe": [
      -17.47580422156556, 
      -0.43335483655396745, 
      89.92339538340588
    ], 
    "quaternion_xyzw_worldframe": [
      0.8873213214190323, 
      0.029776331271939373, 
      0.010090224622318933, 
      -0.4600790101918125
    ]
  }, 
  "objects": [
    {
      "bounding_box": {
        "bottom_right": [
          417, 
          332
        ], 
        "top_left": [
          271, 
          187
        ]
      }, 
      "class": "003_cracker_box", 
      "cuboid": [
        [
          -23.428987554134988, 
          17.38908238973426, 
          71.90470692926105
        ], 
        [
          -39.819670749720025, 
          17.44703694185075, 
          71.25643126335068
        ], 
        [
          -40.32424662089085, 
          -0.7579912583439485, 
          82.38638627524286
        ], 
        [
          -23.933563425305813, 
          -0.8159458104604389, 
          83.03466194115323
        ], 
        [
          -23.65778803710784, 
          21.13694803841581, 
          78.02463756231293
        ], 
        [
          -40.048471232692876, 
          21.1949025905323, 
          77.37636189640256
        ], 
        [
          -40.553047103863705, 
          2.9898743903376017, 
          88.50631690829474
        ], 
        [
          -24.162363908278664, 
          2.9319198382211114, 
          89.15459257420511
        ]
      ], 
      "cuboid_centroid": [
        -31.991017328999344, 
        10.18947839003593, 
        80.20551191877789
      ], 
      "location": [
        -31.991017328999344, 
        10.18947839003593, 
        80.20551191877789
      ], 
      "pose_transform_permuted": [
        [
          0.031866363292907596, 
          -0.5219868716276512, 
          -0.8523580472658557, 
          0.0
        ], 
        [
          0.9992125206284925, 
          -0.003533038459178517, 
          0.039520327155789514, 
          0.0
        ], 
        [
          0.02364050569973264, 
          0.8529462019890963, 
          -0.5214632326469789, 
          0.0
        ], 
        [
          -31.991017328999344, 
          10.18947839003593, 
          80.20551191877789, 
          1.0
        ]
      ], 
      "projected_cuboid": [
        [
          306.37534831648867, 
          402.26193566917436
        ], 
        [
          181.08263480238162, 
          403.8690875762979
        ], 
        [
          218.38697020810238, 
          268.37976150750654
        ], 
        [
          326.5942193577995, 
          268.04583645568687
        ], 
        [
          318.5420707686454, 
          417.763316977753
        ], 
        [
          203.26107254647707, 
          419.37322825604286
        ], 
        [
          235.1969215444618, 
          291.30286290930593
        ], 
        [
          335.85415760172344, 
          290.82517756088083
        ]
      ], 
      "projected_cuboid_centroid": [
        267.1028578965133, 
        341.04058926420095
      ], 
      "quaternion_xyzw": [
        0.9623560632483494, 
        -0.007059119071580744, 
        0.018544770790900802, 
        0.27106653766812533
      ], 
      "visibility": 0.3619231424192541
    }, 
    {
      "bounding_box": {
        "bottom_right": [
          423, 
          371
        ], 
        "top_left": [
          310, 
          305
        ]
      }, 
      "class": "006_mustard_bottle", 
      "cuboid": [
        [
          -18.711644376052266, 
          22.83603078884812, 
          82.8642645590001
        ], 
        [
          -27.890167017249155, 
          21.1854754044508, 
          80.57593397574108
        ], 
        [
          -27.73884373858647, 
          5.3879055226049966, 
          91.36364099243022
        ], 
        [
          -18.56032109738958, 
          7.0384609070023165, 
          93.65197157568926
        ], 
        [
          -20.42256298644976, 
          25.96478823645942, 
          87.4700316751045
        ], 
        [
          -29.60108562764665, 
          24.314232852062098, 
          85.18170109184545
        ], 
        [
          -29.44976234898396, 
          8.516662970216297, 
          95.96940810853461
        ], 
        [
          -20.271239707787068, 
          10.167218354613617, 
          98.25773869179363
        ]
      ], 
      "cuboid_centroid": [
        -24.080703362518115, 
        15.676346879532208, 
        89.41683633376736
      ], 
      "location": [
        -24.080703362518115, 
        15.676346879532208, 
        89.41683633376736
      ], 
      "pose_transform_permuted": [
        [
          0.2937249680253566, 
          -0.5371349494206621, 
          -0.790703187567585, 
          0.0
        ], 
        [
          0.9558571614875897, 
          0.17188988318520365, 
          0.23830819635849332, 
          0.0
        ], 
        [
          -0.007910218800905519, 
          0.8257965026421746, 
          -0.5639127278777054, 
          0.0
        ], 
        [
          -24.080703362518115, 
          15.676346879532208, 
          89.41683633376736, 
          1.0
        ]
      ], 
      "projected_cuboid": [
        [
          360.1641557326848, 
          420.26065868844313
        ], 
        [
          295.45801326916126, 
          413.50990685216925
        ], 
        [
          318.32695533853314, 
          304.7375123107014
        ], 
        [
          375.0208521013421, 
          313.36843880992035
        ], 
        [
          356.03955739896156, 
          431.59824513652524
        ], 
        [
          294.72126672706383, 
          425.51708002950073
        ], 
        [
          316.5754977813238, 
          320.61519442316387
        ], 
        [
          370.65269508693274, 
          328.47177557275614
        ]
      ], 
      "projected_cuboid_centroid": [
        336.7727124913758, 
        366.7868576777288
      ], 
      "quaternion_xyzw": [
        0.9450339744815195, 
        0.04756445451729768, 
        0.14074445436624192, 
        0.2912719825502683
      ], 
      "visibility": 0.3954242135367016
    }, 
    {
      "bounding_box": {
        "bottom_right": [
          325, 
          315
        ], 
        "top_left": [
          262, 
          223
        ]
      }, 
      "class": "008_pudding_box", 
      "cuboid": [
        [
          -24.876021863958968, 
          5.994451650518738, 
          75.61988520035362
        ], 
        [
          -36.196888811961074, 
          5.773189647396071, 
          74.63938264845189
        ], 
        [
          -36.455524075432805, 
          -1.8695211514958305, 
          79.3503263062343
        ], 
        [
          -25.1346571274307, 
          -1.6482591483731632, 
          80.33082885813604
        ], 
        [
          -25.197716093035755, 
          8.013924753915726, 
          78.8784750114264
        ], 
        [
          -36.518583041037864, 
          7.792662750793059, 
          77.89797245952465
        ], 
        [
          -36.777218304509596, 
          0.14995195190115712, 
          82.60891611730709
        ], 
        [
          -25.456351356507483, 
          0.37121395502382437, 
          83.58941866920883
        ]
      ], 
      "cuboid_centroid": [
        -30.82662008423428, 
        3.0722018012099475, 
        79.11440065883035
      ], 
      "location": [
        -30.82662008423428, 
        3.0722018012099475, 
        79.11440065883035
      ], 
      "pose_transform_permuted": [
        [
          0.08361992863454731, 
          -0.5249338704958079, 
          -0.8470249784497287, 
          0.0
        ], 
        [
          0.9960816719959442, 
          0.019468034297363906, 
          0.08627083294773091, 
          0.0
        ], 
        [
          0.02879580314388923, 
          0.850920298711018, 
          -0.5245046803383168, 
          0.0
        ], 
        [
          -30.82662008423428, 
          3.0722018012099475, 
          79.11440065883035, 
          1.0
        ]
      ], 
      "projected_cuboid": [
        [
          304.6934751641148, 
          315.56322812879466
        ], 
        [
          220.80466072530473, 
          314.53761733211775
        ], 
        [
          234.53483241521903, 
          260.7213440161641
        ], 
        [
          313.33645987328606, 
          262.34367962352144
        ], 
        [
          309.80844052783414, 
          327.47094011020516
        ], 
        [
          229.49320398580363, 
          326.63811465059297
        ], 
        [
          242.18629348933757, 
          274.2546212857854
        ], 
        [
          317.82622343057386, 
          275.6549678008132
        ]
      ], 
      "projected_cuboid_centroid": [
        272.05940042740247, 
        293.9966156713944
      ], 
      "quaternion_xyzw": [
        0.9609925792060897, 
        -0.002426597522280381, 
        0.044196689250876164, 
        0.2730090152467939
      ], 
      "visibility": 0.8042801556420234
    }, 
    {
      "bounding_box": {
        "bottom_right": [
          450, 
          305
        ], 
        "top_left": [
          294, 
          177
        ]
      }, 
      "class": "019_pitcher_base", 
      "cuboid": [
        [
          -47.61022161199917, 
          28.943033672792584, 
          85.63234592553648
        ], 
        [
          -29.045071294992237, 
          30.47863899776175, 
          88.5894870951178
        ], 
        [
          -29.470862185422025, 
          10.167308568067973, 
          101.81004600912549
        ], 
        [
          -48.03601250242896, 
          8.631703243098807, 
          98.85290483954417
        ], 
        [
          -45.27045625140598, 
          21.760532260062337, 
          74.67290694327787
        ], 
        [
          -26.70530593439905, 
          23.296137585031502, 
          77.63004811285919
        ], 
        [
          -27.131096824828838, 
          2.9848071553377293, 
          90.85060702686685
        ], 
        [
          -45.69624714183577, 
          1.4492018303685628, 
          87.89346585728555
        ]
      ], 
      "cuboid_centroid": [
        -37.370659218414005, 
        15.963920414065155, 
        88.24147647620167
      ], 
      "location": [
        -37.370659218414005, 
        15.963920414065155, 
        88.24147647620167
      ], 
      "pose_transform_permuted": [
        [
          -0.17578210683517656, 
          0.5396076255938184, 
          0.8233617380952148, 
          0.0
        ], 
        [
          -0.984272501295926, 
          -0.08141351232831931, 
          -0.15677937888833704, 
          0.0
        ], 
        [
          0.0175665722668647, 
          0.8379710835739907, 
          -0.5454318276674217, 
          0.0
        ], 
        [
          -37.370659218414005, 
          15.963920414065155, 
          88.24147647620167, 
          1.0
        ]
      ], 
      "projected_cuboid": [
        [
          182.6088329693787, 
          453.5442021531581
        ], 
        [
          305.2850173018634, 
          456.7716847963999
        ], 
        [
          325.93100392669305, 
          326.5467512909195
        ], 
        [
          220.27911262919648, 
          319.8552896345982
        ], 
        [
          155.57758707469287, 
          428.70191511861026
        ], 
        [
          296.6023026975051, 
          433.33134908710565
        ], 
        [
          321.0023508720053, 
          290.80822726921537
        ], 
        [
          202.01089937560283, 
          282.0799984345477
        ]
      ], 
      "projected_cuboid_centroid": [
        253.85160684470085, 
        369.7703199963783
      ], 
      "quaternion_xyzw": [
        -0.08708776222232363, 
        0.2841389095369133, 
        0.9546734157507912, 
        -0.01671957629909569
      ], 
      "visibility": 0.19227645278003397
    }, 
    {
      "bounding_box": {
        "bottom_right": [
          386, 
          359
        ], 
        "top_left": [
          248, 
          208
        ]
      }, 
      "class": "035_power_drill", 
      "cuboid": [
        [
          -15.311683223890643, 
          12.884091770498756, 
          63.47574923878001
        ], 
        [
          -33.725020079034536, 
          12.029535776672265, 
          63.14664605844879
        ], 
        [
          -33.141393741083824, 
          -4.142336436135256, 
          72.48510792104231
        ], 
        [
          -14.728056885939933, 
          -3.287780442308763, 
          72.81421110137353
        ], 
        [
          -15.532553436240438, 
          15.73595291686497, 
          68.42826204694002
        ], 
        [
          -33.94589029138433, 
          14.881396923038478, 
          68.09915886660882
        ], 
        [
          -33.36226395343362, 
          -1.2904752897690428, 
          77.43762072920232
        ], 
        [
          -14.948927098289728, 
          -0.43591929594254886, 
          77.76672390953355
        ]
      ], 
      "cuboid_centroid": [
        -24.33697358866213, 
        5.796808240364857, 
        70.45668498399117
      ], 
      "location": [
        -24.33697358866213, 
        5.796808240364857, 
        70.45668498399117
      ], 
      "pose_transform_permuted": [
        [
          0.038619073850211336, 
          -0.498646852603378, 
          -0.8659450083723641, 
          0.0
        ], 
        [
          0.9987652946690413, 
          0.04635231928355677, 
          0.017851019479296838, 
          0.0
        ], 
        [
          -0.031237360810689622, 
          0.865565130370281, 
          -0.49982134741036277, 
          0.0
        ], 
        [
          -24.33697358866213, 
          5.796808240364857, 
          70.45668498399117, 
          1.0
        ]
      ], 
      "projected_cuboid": [
        [
          351.8770990538864, 
          381.53793375043847
        ], 
        [
          194.39096345190154, 
          374.8847606363477
        ], 
        [
          235.72243959561328, 
          242.80870322562913
        ], 
        [
          372.8240847389073, 
          249.20555614384898
        ], 
        [
          359.52983996379237, 
          395.93018841736614
        ], 
        [
          213.53387043832024, 
          389.8304209909915
        ], 
        [
          249.91349025944828, 
          264.39892318708314
        ], 
        [
          378.22386917564756, 
          270.2970292877324
        ]
      ], 
      "projected_cuboid_centroid": [
        295.84395423733343, 
        317.16528923373863
      ], 
      "quaternion_xyzw": [
        0.9656960486368997, 
        0.020086465147021636, 
        0.014619013251948396, 
        0.2584840751453575
      ], 
      "visibility": 0.7866816101615766
    }, 
    {
      "bounding_box": {
        "bottom_right": [
          274, 
          258
        ], 
        "top_left": [
          222, 
          185
        ]
      }, 
      "class": "061_foam_brick", 
      "cuboid": [
        [
          -39.62055784037473, 
          -7.347487731631265, 
          74.32013915941211
        ], 
        [
          -31.877405382018193, 
          -6.774963657801908, 
          74.919640077757
        ], 
        [
          -31.95916664482225, 
          -2.5871842270670493, 
          71.97633413291375
        ], 
        [
          -39.70231910317879, 
          -3.159708300896407, 
          71.37683321456885
        ], 
        [
          -40.17372428531371, 
          -4.349219492008781, 
          78.60148601391545
        ], 
        [
          -32.43057182695718, 
          -3.7766954181794232, 
          79.20098693226035
        ], 
        [
          -32.512333089761235, 
          0.4110840125554349, 
          76.25768098741709
        ], 
        [
          -40.25548554811777, 
          -0.16144006127392294, 
          75.65818006907219
        ]
      ], 
      "cuboid_centroid": [
        -36.06644546506798, 
        -3.468201859537915, 
        75.2889100734146
      ], 
      "location": [
        -36.06644546506798, 
        -3.468201859537915, 
        75.2889100734146
      ], 
      "pose_transform_permuted": [
        [
          0.10524475656825316, 
          -0.5704467685855376, 
          -0.814563702496746, 
          0.0
        ], 
        [
          -0.9943180892484905, 
          -0.07351928638889227, 
          -0.076983452261501, 
          0.0
        ], 
        [
          0.01597118054872254, 
          -0.8180375289307857, 
          0.5749430603570181, 
          0.0
        ], 
        [
          -36.06644546506798, 
          -3.468201859537915, 
          75.2889100734146, 
          1.0
        ]
      ], 
      "projected_cuboid": [
        [
          194.91151369078048, 
          220.56113758917257
        ], 
        [
          252.7849501634032, 
          225.05858613558408
        ], 
        [
          242.8173358943417, 
          254.11640337832551
        ], 
        [
          182.47370264237512, 
          249.6775567744556
        ], 
        [
          206.742426032441, 
          243.77661337024793
        ], 
        [
          261.3978609638325, 
          247.855218193583
        ], 
        [
          252.32229120331402, 
          276.1615159690371
        ], 
        [
          195.46870031832094, 
          272.1485361671288
        ]
      ], 
      "projected_cuboid_centroid": [
        223.98626555344754, 
        248.71904233993192
      ], 
      "quaternion_xyzw": [
        -0.023495128843388106, 
        0.9522236240342946, 
        -0.30071450655936055, 
        0.04784280819921959
      ], 
      "visibility": 0.9370695053224797
    }
  ]
}