{
  "camera_data": {
    "location_worldframe": [
      -17.452995974735494, 
      -0.8205497773372511, 
      90.29593418366852
    ], 
    "quaternion_xyzw_worldframe": [
      0.8852459475508294, 
      0.031523724802149086, 
      0.002871044680742739, 
      -0.4640449439216611
    ]
  }, 
  "objects": [
    {
      "bounding_box": {
        "bottom_right": [
          412, 
          333
        ], 
        "top_left": [
          269, 
          187
        ]
      }, 
      "class": "003_cracker_box", 
      "cuboid": [
        [
          -23.78804481521452, 
          17.092668098118978, 
          72.49885462765985
        ], 
        [
          -40.184842277170304, 
          16.99226712946116, 
          72.03726138220551
        ], 
        [
          -40.38185105177216, 
          -1.3100270532290028, 
          83.01636709894726
        ], 
        [
          -23.985053589816374, 
          -1.2096260845711817, 
          83.47796034440161
        ], 
        [
          -23.98390353925159, 
          20.786361601308794, 
          78.65276925167396
        ], 
        [
          -40.38070100120738, 
          20.685960632650975, 
          78.1911760062196
        ], 
        [
          -40.577709775809225, 
          2.3836664499608125, 
          89.17028172296135
        ], 
        [
          -24.18091231385344, 
          2.4840674186186336, 
          89.6318749684157
        ]
      ], 
      "cuboid_centroid": [
        -32.18287729551187, 
        9.738167274039897, 
        80.83456817531061
      ], 
      "location": [
        -32.18287729551187, 
        9.738167274039897, 
        80.83456817531061
      ], 
      "pose_transform_permuted": [
        [
          0.027278374473497957, 
          -0.5144420043871364, 
          -0.8570911937525839, 
          0.0
        ], 
        [
          0.999585259912097, 
          0.006120666464540403, 
          0.028139751393630508, 
          0.0
        ], 
        [
          0.009230300783240719, 
          0.8575033303516526, 
          -0.514395606496863, 
          0.0
        ], 
        [
          -32.18287729551187, 
          9.738167274039897, 
          80.83456817531061, 
          1.0
        ]
      ], 
      "projected_cuboid": [
        [
          305.1480117786239, 
          399.0244502862409
        ], 
        [
          181.6139516919617, 
          399.08683422722686
        ], 
        [
          220.01122491146796, 
          264.8705700658762
        ], 
        [
          327.0856419785469, 
          265.55854275305506
        ], 
        [
          317.61453608876565, 
          414.23228992797294
        ], 
        [
          203.87662643071542, 
          414.3795418930607
        ], 
        [
          236.8828905450187, 
          287.5430365922813
        ], 
        [
          336.5189418724785, 
          288.0670142431842
        ]
      ], 
      "projected_cuboid_centroid": [
        267.4956791834217, 
        337.53572528677574
      ], 
      "quaternion_xyzw": [
        0.9636103704319933, 
        -0.0008067665142775096, 
        0.014377731801050493, 
        0.2669226179100699
      ], 
      "visibility": 0.347926267281106
    }, 
    {
      "bounding_box": {
        "bottom_right": [
          420, 
          372
        ], 
        "top_left": [
          307, 
          305
        ]
      }, 
      "class": "006_mustard_bottle", 
      "cuboid": [
        [
          -18.999788139081986, 
          22.4939690669866, 
          83.4502464307751
        ], 
        [
          -28.187099990310788, 
          20.771093323221905, 
          81.2522773841269
        ], 
        [
          -27.75601253527074, 
          4.885492952091624, 
          91.90228208080396
        ], 
        [
          -18.56870068404194, 
          6.608368695856318, 
          94.10025112745217
        ], 
        [
          -20.688792922365508, 
          25.566551666164145, 
          88.10169302279922
        ], 
        [
          -29.87610477359431, 
          23.843675922399452, 
          85.90372397615101
        ], 
        [
          -29.44501731855426, 
          7.95807555126917, 
          96.55372867282807
        ], 
        [
          -20.257705467325458, 
          9.680951295033863, 
          98.75169771947628
        ]
      ], 
      "cuboid_centroid": [
        -24.222402728818125, 
        15.226022309127885, 
        90.00198755180159
      ], 
      "location": [
        -24.222402728818125, 
        15.226022309127885, 
        90.00198755180159
      ], 
      "pose_transform_permuted": [
        [
          0.289962873131276, 
          -0.527491033304629, 
          -0.7985452921086214, 
          0.0
        ], 
        [
          0.9567724753873575, 
          0.17942137121709945, 
          0.22889788870126695, 
          0.0
        ], 
        [
          -0.022534511027172827, 
          0.8303981768693317, 
          -0.5567145261845213, 
          0.0
        ], 
        [
          -24.222402728818125, 
          15.226022309127885, 
          90.00198755180159, 
          1.0
        ]
      ], 
      "projected_cuboid": [
        [
          359.16001415810916, 
          417.0425449408805
        ], 
        [
          295.04219790677683, 
          409.6227883585077
        ], 
        [
          319.1834218909631, 
          301.63761921469774
        ], 
        [
          375.48067763936893, 
          310.73991771303474
        ], 
        [
          355.31472396206925, 
          428.0524932076721
        ], 
        [
          294.5703210582708, 
          421.31620090655247
        ], 
        [
          317.6005975435866, 
          317.2433855748493
        ], 
        [
          371.28134455911567, 
          325.5695977019299
        ]
      ], 
      "projected_cuboid_centroid": [
        336.8676362631761, 
        363.5104996087815
      ], 
      "quaternion_xyzw": [
        0.9467993378173264, 
        0.05332594621101152, 
        0.1370038880225355, 
        0.2862817695850393
      ], 
      "visibility": 0.4218448475492088
    }, 
    {
      "bounding_box": {
        "bottom_right": [
          322, 
          315
        ], 
        "top_left": [
          259, 
          224
        ]
      }, 
      "class": "008_pudding_box", 
      "cuboid": [
        [
          -25.079638350787253, 
          5.653262617987642, 
          76.13279653624926
        ], 
        [
          -36.40823614363378, 
          5.3271200925736295, 
          75.27905554291017
        ], 
        [
          -36.53729367999507, 
          -2.3572189805115036, 
          79.9271936501501
        ], 
        [
          -25.208695887148536, 
          -2.0310764550974905, 
          80.78093464348918
        ], 
        [
          -25.384009476078624, 
          7.641889429470907, 
          79.41195618041593
        ], 
        [
          -36.712607268925154, 
          7.315746904056894, 
          78.55821518707685
        ], 
        [
          -36.84166480528644, 
          -0.3685921690282392, 
          83.20635329431677
        ], 
        [
          -25.51306701243991, 
          -0.04244964361422611, 
          84.06009428765586
        ]
      ], 
      "cuboid_centroid": [
        -30.960651578036845, 
        2.6423352244797016, 
        79.66957491528302
      ], 
      "location": [
        -30.960651578036845, 
        2.6423352244797016, 
        79.66957491528302
      ], 
      "pose_transform_permuted": [
        [
          0.07911702938633045, 
          -0.5169158070823971, 
          -0.8523718197041459, 
          0.0
        ], 
        [
          0.9967618807550388, 
          0.028696087809838764, 
          0.07511754709269372, 
          0.0
        ], 
        [
          0.014368943203683206, 
          0.8555550866080643, 
          -0.5175120674769105, 
          0.0
        ], 
        [
          -30.960651578036845, 
          2.6423352244797016, 
          79.66957491528302, 
          1.0
        ]
      ], 
      "projected_cuboid": [
        [
          304.4470404839821, 
          312.88833641986054
        ], 
        [
          221.51092416203755, 
          311.02688218188234
        ], 
        [
          235.76782184817577, 
          257.5578355621787
        ], 
        [
          313.78111544604513, 
          259.8772743575138
        ], 
        [
          309.7009519306547, 
          324.6083978271507
        ], 
        [
          230.28383415782304, 
          322.9520131983296
        ], 
        [
          243.48878884513059, 
          270.9240089897974
        ], 
        [
          318.3803901307095, 
          273.0172160584711
        ]
      ], 
      "projected_cuboid_centroid": [
        272.6148521770933, 
        290.9747096833232
      ], 
      "quaternion_xyzw": [
        0.9623784062242939, 
        0.0037218064415964363, 
        0.040065990540076056, 
        0.2687165120988338
      ], 
      "visibility": 0.7875320576050503
    }, 
    {
      "bounding_box": {
        "bottom_right": [
          445, 
          306
        ], 
        "top_left": [
          290, 
          179
        ]
      }, 
      "class": "019_pitcher_base", 
      "cuboid": [
        [
          -47.92386953853594, 
          28.28826522030652, 
          86.59833899383324
        ], 
        [
          -29.342216498569705, 
          29.984399205070687, 
          89.35748264939213
        ], 
        [
          -29.41565470280359, 
          9.559159105536017, 
          102.40810690311444
        ], 
        [
          -47.99730774276982, 
          7.863025120771838, 
          99.64896324755554
        ], 
        [
          -45.63864248505986, 
          21.222103914064423, 
          75.55210737392856
        ], 
        [
          -27.056989445093627, 
          22.918237898828604, 
          78.31125102948747
        ], 
        [
          -27.13042764932751, 
          2.492997799293925, 
          91.36187528320977
        ], 
        [
          -45.71208068929374, 
          0.7968638145297496, 
          88.60273162765088
        ]
      ], 
      "cuboid_centroid": [
        -37.52714859393173, 
        15.39063150980022, 
        88.9801071385215
      ], 
      "location": [
        -37.52714859393173, 
        15.39063150980022, 
        88.9801071385215
      ], 
      "pose_transform_permuted": [
        [
          -0.17168474789067173, 
          0.5308672153918604, 
          0.8298823033451155, 
          0.0
        ], 
        [
          -0.9851474296497496, 
          -0.08992429424002701, 
          -0.14628210280656487, 
          0.0
        ], 
        [
          0.003029791268012061, 
          0.8426705792469374, 
          -0.5384209461346234, 
          0.0
        ], 
        [
          -37.52714859393173, 
          15.39063150980022, 
          88.9801071385215, 
          1.0
        ]
      ], 
      "projected_cuboid": [
        [
          183.99629600671875, 
          447.5010320608542
        ], 
        [
          305.01210085564804, 
          452.2448838474409
        ], 
        [
          327.12999478287423, 
          323.06860020092626
        ], 
        [
          222.57555783070558, 
          315.36931680028215
        ], 
        [
          156.75080597962727, 
          423.0925990810523
        ], 
        [
          295.7964955822766, 
          429.36558055244507
        ], 
        [
          321.9049904010435, 
          287.8392662725802
        ], 
        [
          204.15288963341933, 
          278.0830388296839
        ]
      ], 
      "projected_cuboid_centroid": [
        254.7963733662005, 
        365.53328217527167
      ], 
      "quaternion_xyzw": [
        -0.08312808771458426, 
        0.2795507767197337, 
        0.956255759752824, 
        -0.02271738028393045
      ], 
      "visibility": 0.18645088445615354
    }, 
    {
      "bounding_box": {
        "bottom_right": [
          383, 
          357
        ], 
        "top_left": [
          245, 
          208
        ]
      }, 
      "class": "035_power_drill", 
      "cuboid": [
        [
          -15.723511867935008, 
          12.74024130325809, 
          63.94013292215666
        ], 
        [
          -34.13004728301968, 
          11.704479096035842, 
          63.81285505992893
        ], 
        [
          -33.27957428477944, 
          -4.53886714607269, 
          73.00564239930986
        ], 
        [
          -14.873038869694778, 
          -3.5031049388504405, 
          73.13292026153758
        ], 
        [
          -15.915931673146916, 
          15.547919037404748, 
          68.91900820916526
        ], 
        [
          -34.322467088231576, 
          14.512156830182498, 
          68.79173034693754
        ], 
        [
          -33.47199408999135, 
          -1.7311894119260318, 
          77.98451768631847
        ], 
        [
          -15.06545867490668, 
          -0.6954272047037823, 
          78.1117955485462
        ]
      ], 
      "cuboid_centroid": [
        -24.59775297896318, 
        5.504525945666029, 
        70.96232530423757
      ], 
      "location": [
        -24.59775297896318, 
        5.504525945666029, 
        70.96232530423757
      ], 
      "pose_transform_permuted": [
        [
          0.033644530824976634, 
          -0.49092139953613034, 
          -0.8705544779187407, 
          0.0
        ], 
        [
          0.9983963749920504, 
          0.05618119921671863, 
          0.006903730300094904, 
          0.0
        ], 
        [
          -0.04551976183779245, 
          0.8693906260627973, 
          -0.4920244277948173, 
          0.0
        ], 
        [
          -24.59775297896318, 
          5.504525945666029, 
          70.96232530423757, 
          1.0
        ]
      ], 
      "projected_cuboid": [
        [
          349.35557178428115, 
          379.55188137109417
        ], 
        [
          193.97616045241512, 
          371.10739095644976
        ], 
        [
          236.45769369191026, 
          240.12928253023782
        ], 
        [
          372.2320237703619, 
          247.74025240838307
        ], 
        [
          357.4075953088095, 
          393.6018169686435
        ], 
        [
          213.28883335477198, 
          385.7945006762822
        ], 
        [
          250.7815872507615, 
          261.447300618034
        ], 
        [
          377.8782705483575, 
          268.5384081460637
        ]
      ], 
      "projected_cuboid_centroid": [
        295.191304989841, 
        314.6559755007277
      ], 
      "quaternion_xyzw": [
        0.9667395563146245, 
        0.026299989586185037, 
        0.010485828592668845, 
        0.25419096097559724
      ], 
      "visibility": 0.7833270034181542
    }, 
    {
      "bounding_box": {
        "bottom_right": [
          271, 
          259
        ], 
        "top_left": [
          219, 
          186
        ]
      }, 
      "class": "061_foam_brick", 
      "cuboid": [
        [
          -39.705301555529324, 
          -7.823965633689052, 
          74.88668498229832
        ], 
        [
          -31.961843626229857, 
          -7.179153754908915, 
          75.40308802035746
        ], 
        [
          -32.11871552511745, 
          -2.9677494931808983, 
          72.49676788981962
        ], 
        [
          -39.86217345441691, 
          -3.6125613719610343, 
          71.9803648517605
        ], 
        [
          -40.239103188494944, 
          -4.8675560564139335, 
          79.19948391908407
        ], 
        [
          -32.49564525919549, 
          -4.222744177633797, 
          79.7158869571432
        ], 
        [
          -32.65251715808308, 
          -0.011339915905779485, 
          76.80956682660536
        ], 
        [
          -40.39597508738254, 
          -0.6561517946859163, 
          76.29316378854624
        ]
      ], 
      "cuboid_centroid": [
        -36.1789093568062, 
        -3.917652774797416, 
        75.84812590445185
      ], 
      "location": [
        -36.1789093568062, 
        -3.917652774797416, 
        75.84812590445185
      ], 
      "pose_transform_permuted": [
        [
          0.1015604316407882, 
          -0.5624827917945969, 
          -0.8205477363687581, 
          0.0
        ], 
        [
          -0.9943573155566288, 
          -0.0828019490358165, 
          -0.06631264008381016, 
          0.0
        ], 
        [
          0.030643232922648644, 
          -0.8226523847718585, 
          0.5677182805804496, 
          0.0
        ], 
        [
          -36.1789093568062, 
          -3.917652774797416, 
          75.84812590445185, 
          1.0
        ]
      ], 
      "projected_cuboid": [
        [
          196.47184959272406, 
          217.56669817959676
        ], 
        [
          253.64978077434083, 
          222.50899837913303
        ], 
        [
          243.34797178113962, 
          251.45440713299408
        ], 
        [
          183.7874844923064, 
          246.5202145675117
        ], 
        [
          208.37380129822967, 
          240.50901420715053
        ], 
        [
          262.3811834904948, 
          245.0353041230603
        ], 
        [
          252.98819204748523, 
          273.2078004038921
        ], 
        [
          196.85986869423814, 
          268.69977575711886
        ]
      ], 
      "projected_cuboid_centroid": [
        225.0882177020876, 
        245.73989895839247
      ], 
      "quaternion_xyzw": [
        -0.029740696193392223, 
        0.9536190849465584, 
        -0.2962925895192166, 
        0.04400946729532109
      ], 
      "visibility": 0.9459287531806616
    }
  ]
}