{
  "camera_data": {
    "location_worldframe": [
      -18.057464881432058, 
      3.562726141280112, 
      82.45726156231011
    ], 
    "quaternion_xyzw_worldframe": [
      0.9221066529355859, 
      0.020867787210446666, 
      -0.04513139351370321, 
      -0.38372844774784065
    ]
  }, 
  "objects": [
    {
      "bounding_box": {
        "bottom_right": [
          448, 
          314
        ], 
        "top_left": [
          289, 
          127
        ]
      }, 
      "class": "003_cracker_box", 
      "cuboid": [
        [
          -26.47537364028055, 
          17.895519299697725, 
          62.420727584564816
        ], 
        [
          -42.83872377468125, 
          17.472735270271574, 
          63.48850177915247
        ], 
        [
          -41.509334608116646, 
          1.4374093002410784, 
          77.51186060024386
        ], 
        [
          -25.14598447371595, 
          1.8601933296672284, 
          76.44408640565621
        ], 
        [
          -26.245826476403135, 
          22.630498251035846, 
          67.81328541595461
        ], 
        [
          -42.60917661080383, 
          22.207714221609695, 
          68.88105961054227
        ], 
        [
          -41.279787444239226, 
          6.172388251579198, 
          82.90441843163366
        ], 
        [
          -24.91643730983853, 
          6.595172281005349, 
          81.836644237046
        ]
      ], 
      "cuboid_centroid": [
        -33.87758054225989, 
        12.033953775638462, 
        72.66257300809924
      ], 
      "location": [
        -33.87758054225989, 
        12.033953775638462, 
        72.66257300809924
      ], 
      "pose_transform_permuted": [
        [
          -0.03197035785034752, 
          -0.6594678362873643, 
          -0.7510526407126088, 
          0.0
        ], 
        [
          0.997546236396371, 
          0.025773855225154074, 
          -0.06509389094430029, 
          0.0
        ], 
        [
          -0.06228484944475976, 
          0.7512908100657795, 
          -0.6570256587381872, 
          0.0
        ], 
        [
          -33.87758054225989, 
          12.033953775638462, 
          72.66257300809924, 
          1.0
        ]
      ], 
      "projected_cuboid": [
        [
          253.50771716160025, 
          426.18496231678364
        ], 
        [
          118.74200762451798, 
          420.06196392574236
        ], 
        [
          193.61241251249578, 
          283.1766183241653
        ], 
        [
          304.7016900266315, 
          286.26435716722995
        ], 
        [
          273.46585984614484, 
          451.2647589180394
        ], 
        [
          148.94129782661003, 
          445.23233786921884
        ], 
        [
          213.83348338064036, 
          312.9931735477566
        ], 
        [
          317.8664620794228, 
          316.26648375804166
        ]
      ], 
      "projected_cuboid_centroid": [
        230.87454342328155, 
        361.6118331895882
      ], 
      "quaternion_xyzw": [
        0.9353996054059942, 
        0.023535049662463094, 
        -0.025941920499452934, 
        0.3518532313401367
      ], 
      "visibility": 0.3557652282503122
    }, 
    {
      "bounding_box": {
        "bottom_right": [
          464, 
          357
        ], 
        "top_left": [
          339, 
          273
        ]
      }, 
      "class": "006_mustard_bottle", 
      "cuboid": [
        [
          -20.91605826686721, 
          25.24458587840619, 
          71.75454046715323
        ], 
        [
          -30.2029174371626, 
          23.020242413503684, 
          70.74825486581955
        ], 
        [
          -28.351522662274952, 
          9.312262664286305, 
          83.96280609417975
        ], 
        [
          -19.064663491979562, 
          11.53660612918881, 
          84.96909169551344
        ], 
        [
          -22.285529679948322, 
          29.07697123903601, 
          75.92189296982924
        ], 
        [
          -31.572388850243716, 
          26.85262777413351, 
          74.91560736849556
        ], 
        [
          -29.720994075356067, 
          13.144648024916131, 
          88.13015859685575
        ], 
        [
          -20.434134905060674, 
          15.368991489818635, 
          89.13644419818945
        ]
      ], 
      "cuboid_centroid": [
        -25.31852617111164, 
        19.19461695166116, 
        79.9423495320045
      ], 
      "location": [
        -25.31852617111164, 
        19.19461695166116, 
        79.9423495320045
      ], 
      "pose_transform_permuted": [
        [
          0.2351064186071583, 
          -0.6579315115698688, 
          -0.7154375860781125, 
          0.0
        ], 
        [
          0.9671393962477589, 
          0.23164453732370216, 
          0.10479521989948679, 
          0.0
        ], 
        [
          -0.09677914651095573, 
          0.7165660174228534, 
          -0.690772711878055, 
          0.0
        ], 
        [
          -25.31852617111164, 
          19.19461695166116, 
          79.9423495320045, 
          1.0
        ]
      ], 
      "projected_cuboid": [
        [
          324.84178285254603, 
          460.91831612881066
        ], 
        [
          252.02190485127164, 
          446.8193850001104
        ], 
        [
          300.0115618085427, 
          332.4366816406008
        ], 
        [
          360.9380172848216, 
          345.6975506126734
        ], 
        [
          323.7459472288047, 
          477.54011457816927
        ], 
        [
          254.9621224325228, 
          464.4487370824634
        ], 
        [
          300.2416574896849, 
          352.83136482836886
        ], 
        [
          358.3170506315266, 
          365.24201375615144
        ]
      ], 
      "projected_cuboid_centroid": [
        311.2819302686316, 
        401.339630887986
      ], 
      "quaternion_xyzw": [
        0.9218382449959328, 
        0.08906760096401375, 
        0.09218039074418768, 
        0.36576488086960274
      ], 
      "visibility": 0.7146541262135923
    }, 
    {
      "bounding_box": {
        "bottom_right": [
          344, 
          291
        ], 
        "top_left": [
          274, 
          183
        ]
      }, 
      "class": "008_pudding_box", 
      "cuboid": [
        [
          -27.09039517101416, 
          7.2763904953657335, 
          68.12947266934223
        ], 
        [
          -38.43476455478908, 
          6.635725065053127, 
          68.38870552518954
        ], 
        [
          -37.919391883604206, 
          -0.09058386846953065, 
          74.31846688990056
        ], 
        [
          -26.57502249982929, 
          0.550081561843075, 
          74.05923403405325
        ], 
        [
          -27.16785086095472, 
          9.816599743801714, 
          71.01763885906342
        ], 
        [
          -38.51222024472963, 
          9.175934313489106, 
          71.27687171491074
        ], 
        [
          -37.99684757354477, 
          2.4496253799664487, 
          77.20663307962175
        ], 
        [
          -26.652478189769845, 
          3.0902908102790545, 
          76.94740022377444
        ]
      ], 
      "cuboid_centroid": [
        -32.54362137227946, 
        4.863007937666091, 
        72.66805287448199
      ], 
      "location": [
        -32.54362137227946, 
        4.863007937666091, 
        72.66805287448199
      ], 
      "pose_transform_permuted": [
        [
          0.02013352643520064, 
          -0.6602919694289278, 
          -0.7507385238531922, 
          0.0
        ], 
        [
          0.998149565349703, 
          0.05636980771409938, 
          -0.022808950734487788, 
          0.0
        ], 
        [
          -0.05738030377594651, 
          0.7488904078073364, 
          -0.6602047944135903, 
          0.0
        ], 
        [
          -32.54362137227946, 
          4.863007937666091, 
          72.66805287448199, 
          1.0
        ]
      ], 
      "projected_cuboid": [
        [
          267.7653868504262, 
          330.2463439792468
        ], 
        [
          179.37123732350156, 
          325.0342951374609
        ], 
        [
          207.21459881477494, 
          272.6364956299728
        ], 
        [
          288.6286829203129, 
          277.24781672133406
        ], 
        [
          275.87504187723613, 
          347.00603876506557
        ], 
        [
          191.03316251745633, 
          341.94422939709375
        ], 
        [
          216.93927221112446, 
          290.2077937655318
        ], 
        [
          295.33029836346935, 
          294.7052292175614
        ]
      ], 
      "projected_cuboid_centroid": [
        240.76512312657636, 
        308.9767383333535
      ], 
      "quaternion_xyzw": [
        0.9351174387490364, 
        0.030410648645964815, 
        -0.000715264251425528, 
        0.3530296594642238
      ], 
      "visibility": 0.6202637289267234
    }, 
    {
      "bounding_box": {
        "bottom_right": [
          493, 
          289
        ], 
        "top_left": [
          318, 
          128
        ]
      }, 
      "class": "019_pitcher_base", 
      "cuboid": [
        [
          -49.61863423106445, 
          31.083782489406943, 
          76.46115267233797
        ], 
        [
          -30.92803096752058, 
          33.52071256697768, 
          77.16136360184693
        ], 
        [
          -29.228838405814216, 
          15.77077839984226, 
          93.57986540334899
        ], 
        [
          -47.919441669358086, 
          13.333848322271525, 
          92.87965447384
        ], 
        [
          -48.091900785266915, 
          22.184091589899076, 
          66.6817499210932
        ], 
        [
          -29.401297521723045, 
          24.62102166746981, 
          67.38196085060217
        ], 
        [
          -27.702104960016683, 
          6.871087500334395, 
          83.80046265210422
        ], 
        [
          -46.392708223560554, 
          4.434157422763657, 
          83.10025172259526
        ]
      ], 
      "cuboid_centroid": [
        -38.660369595540566, 
        18.977434994870666, 
        80.13080766222109
      ], 
      "location": [
        -38.660369595540566, 
        18.977434994870666, 
        80.13080766222109
      ], 
      "pose_transform_permuted": [
        [
          -0.11470057049223965, 
          0.6686167950194482, 
          0.7347078677870964, 
          0.0
        ], 
        [
          -0.9909236666985425, 
          -0.12919923738708122, 
          -0.03712323095984771, 
          0.0
        ], 
        [
          -0.07010246015457161, 
          0.7322972573798906, 
          -0.677367235636746, 
          0.0
        ], 
        [
          -38.660369595540566, 
          18.977434994870666, 
          80.13080766222109, 
          1.0
        ]
      ], 
      "projected_cuboid": [
        [
          132.6209528495195, 
          490.09715803151033
        ], 
        [
          266.0490095507704, 
          504.9731181469573
        ], 
        [
          313.63126246466953, 
          363.16554054502916
        ], 
        [
          204.14823888676833, 
          349.85015645725576
        ], 
        [
          93.75341139261866, 
          450.71455229953216
        ], 
        [
          246.9502929442199, 
          468.15876857822985
        ], 
        [
          303.8272239949357, 
          317.0152407312499
        ], 
        [
          181.37741085207384, 
          301.7440088001494
        ]
      ], 
      "projected_cuboid_centroid": [
        222.1443530840817, 
        399.5929863550193
      ], 
      "quaternion_xyzw": [
        -0.04082271103432087, 
        0.36191108781865416, 
        0.929775348117158, 
        -0.053588670087147613
      ], 
      "visibility": 0.1889168765743073
    }, 
    {
      "bounding_box": {
        "bottom_right": [
          403, 
          328
        ], 
        "top_left": [
          253, 
          143
        ]
      }, 
      "class": "035_power_drill", 
      "cuboid": [
        [
          -19.060311280909573, 
          12.196655570001273, 
          54.06773102637153
        ], 
        [
          -37.36661061598699, 
          10.884261155940681, 
          55.813174966283555
        ], 
        [
          -35.21412493731081, 
          -3.4309943880435156, 
          67.62491508543462
        ], 
        [
          -16.907825602233384, 
          -2.118599973982924, 
          65.87947114552261
        ], 
        [
          -18.90282751167748, 
          15.84925092705592, 
          58.4658016015098
        ], 
        [
          -37.209126846754906, 
          14.536856512995328, 
          60.21124554142181
        ], 
        [
          -35.05664116807872, 
          0.22160096901113133, 
          72.02298566057289
        ], 
        [
          -16.75034183300129, 
          1.5339953830717228, 
          70.27754172066088
        ]
      ], 
      "cuboid_centroid": [
        -27.058476224494143, 
        6.209128269506201, 
        63.045358343472216
      ], 
      "location": [
        -27.058476224494143, 
        6.209128269506201, 
        63.045358343472216
      ], 
      "pose_transform_permuted": [
        [
          -0.027535978027458018, 
          -0.6386549292379633, 
          -0.7690009917259147, 
          0.0
        ], 
        [
          0.9929594290016264, 
          0.07118611927826961, 
          -0.09467533476896746, 
          0.0
        ], 
        [
          -0.11520722663192944, 
          0.7661936644168834, 
          -0.6321983157915376, 
          0.0
        ], 
        [
          -27.058476224494143, 
          6.209128269506201, 
          63.045358343472216, 
          1.0
        ]
      ], 
      "projected_cuboid": [
        [
          292.0209692563184, 
          393.59332987367185
        ], 
        [
          121.56704626184793, 
          377.29046942448275
        ], 
        [
          201.56877942591348, 
          246.22821939305422
        ], 
        [
          343.5810821737991, 
          256.1356587259669
        ], 
        [
          307.7302924135519, 
          417.8619250701854
        ], 
        [
          149.27161438934343, 
          402.0463765533836
        ], 
        [
          219.84451839288752, 
          274.9274604638816
        ], 
        [
          353.4233893831347, 
          284.9276648372678
        ]
      ], 
      "projected_cuboid_centroid": [
        250.793798675043, 
        325.8114151105077
      ], 
      "quaternion_xyzw": [
        0.9391690589484443, 
        0.04961655841784689, 
        -0.03253176614795566, 
        0.33829192756105925
      ], 
      "visibility": 0.7484579509553182
    }, 
    {
      "bounding_box": {
        "bottom_right": [
          284, 
          232
        ], 
        "top_left": [
          227, 
          148
        ]
      }, 
      "class": "061_foam_brick", 
      "cuboid": [
        [
          -41.346146270750864, 
          -6.419265620431378, 
          70.63965809876456
        ], 
        [
          -33.61080323187572, 
          -5.578414563179113, 
          70.32180163743811
        ], 
        [
          -34.151286291282275, 
          -1.959824452607628, 
          66.74117110306295
        ], 
        [
          -41.88662933015742, 
          -2.8006755098598934, 
          67.05902756438941
        ], 
        [
          -41.59144865505827, 
          -2.7449467381467336, 
          74.38995727784891
        ], 
        [
          -33.85610561618313, 
          -1.904095680894468, 
          74.07210081652245
        ], 
        [
          -34.39658867558969, 
          1.7144944296770166, 
          70.4914702821473
        ], 
        [
          -42.131931714464834, 
          0.8736433724247511, 
          70.80932674347375
        ]
      ], 
      "cuboid_centroid": [
        -37.871367473170274, 
        -2.352385595377181, 
        70.56556419045593
      ], 
      "location": [
        -37.871367473170274, 
        -2.352385595377181, 
        70.56556419045593
      ], 
      "pose_transform_permuted": [
        [
          0.04667092510445592, 
          -0.6990713190544987, 
          -0.7135272353773874, 
          0.0
        ], 
        [
          -0.9933152616406608, 
          -0.10797584331267329, 
          0.04081676435807574, 
          0.0
        ], 
        [
          0.10557753426577043, 
          -0.7068525363442648, 
          0.6994375426884375, 
          0.0
        ], 
        [
          -37.871367473170274, 
          -2.352385595377181, 
          70.56556419045593, 
          1.0
        ]
      ], 
      "projected_cuboid": [
        [
          166.8380464921404, 
          224.8219763301495
        ], 
        [
          224.5689474135287, 
          230.9799181236379
        ], 
        [
          206.42459869545257, 
          257.6258484418514
        ], 
        [
          145.697147787613, 
          251.01280169616152
        ], 
        [
          180.93303655166406, 
          253.60735138441157
        ], 
        [
          235.80148367015926, 
          259.577037323853
        ], 
        [
          219.19301295218796, 
          286.2579436128507
        ], 
        [
          161.62457508122594, 
          279.86661917483184
        ]
      ], 
      "projected_cuboid_centroid": [
        192.98804334032272, 
        255.5077060599859
      ], 
      "quaternion_xyzw": [
        -0.05779151622959404, 
        0.923809373377743, 
        -0.3784625113267524, 
        0.0015842447898573194
      ], 
      "visibility": 0.8906417112299465
    }
  ]
}