{
  "camera_data": {
    "location_worldframe": [
      -17.05163676407044, 
      -0.5758845392939971, 
      89.264363268977
    ], 
    "quaternion_xyzw_worldframe": [
      0.8895848416459202, 
      0.027410561367256923, 
      -0.002097835947465317, 
      -0.4559418768815747
    ]
  }, 
  "objects": [
    {
      "bounding_box": {
        "bottom_right": [
          415, 
          334
        ], 
        "top_left": [
          270, 
          185
        ]
      }, 
      "class": "003_cracker_box", 
      "cuboid": [
        [
          -23.55098374780003, 
          17.02200049345159, 
          71.21373107095
        ], 
        [
          -39.952401733412465, 
          16.96389552828663, 
          70.95252701009306
        ], 
        [
          -40.06859086578059, 
          -1.129826319903031, 
          82.2731840984541
        ], 
        [
          -23.667172880168156, 
          -1.0717213547380713, 
          82.53438815931105
        ], 
        [
          -23.6613956115285, 
          20.830374055955126, 
          77.29949294303428
        ], 
        [
          -40.062813597140945, 
          20.772269090790164, 
          77.03828888217734
        ], 
        [
          -40.17900272950907, 
          2.678547242600503, 
          88.35894597053839
        ], 
        [
          -23.77758474389663, 
          2.7366522077654625, 
          88.62015003139533
        ]
      ], 
      "cuboid_centroid": [
        -31.86499323865455, 
        9.850273868026047, 
        79.7863385207442
      ], 
      "location": [
        -31.86499323865455, 
        9.850273868026047, 
        79.7863385207442
      ], 
      "pose_transform_permuted": [
        [
          0.015377697265770263, 
          -0.5304141578767628, 
          -0.8475991667944741, 
          0.0
        ], 
        [
          0.9998669373159305, 
          0.003542207973316669, 
          0.01592358078872297, 
          0.0
        ], 
        [
          0.005443720167637167, 
          0.8477312509790813, 
          -0.5303980505471133, 
          0.0
        ], 
        [
          -31.86499323865455, 
          9.850273868026047, 
          79.7863385207442, 
          1.0
        ]
      ], 
      "projected_cuboid": [
        [
          303.7539557931567, 
          400.7642880077902
        ], 
        [
          178.78947388632184, 
          400.7968335741167
        ], 
        [
          219.6958597458839, 
          265.9626631540625
        ], 
        [
          327.3903891664632, 
          266.36130355574045
        ], 
        [
          316.9873583917158, 
          417.00347564631693
        ], 
        [
          201.93951286058606, 
          417.08851040013997
        ], 
        [
          237.06244158872056, 
          289.45379397613937
        ], 
        [
          337.31013772763, 
          289.75581967654426
        ]
      ], 
      "projected_cuboid_centroid": [
        266.82537873637733, 
        339.12918787382785
      ], 
      "quaternion_xyzw": [
        0.9611448063493719, 
        -0.0004945956586767705, 
        0.008141665503396414, 
        0.27592413791764164
      ], 
      "visibility": 0.3596092302509685
    }, 
    {
      "bounding_box": {
        "bottom_right": [
          423, 
          373
        ], 
        "top_left": [
          309, 
          305
        ]
      }, 
      "class": "006_mustard_bottle", 
      "cuboid": [
        [
          -18.614435501133396, 
          22.611640544867868, 
          82.00357310705584
        ], 
        [
          -27.83270626653893, 
          20.876609827771535, 
          79.94949902937324
        ], 
        [
          -27.31790159117919, 
          5.191063981344454, 
          90.88839125986226
        ], 
        [
          -18.09963082577366, 
          6.926094698440783, 
          92.94246533754486
        ], 
        [
          -20.237924800754172, 
          25.775636549714964, 
          86.6169090107707
        ], 
        [
          -29.4561955661597, 
          24.040605832618635, 
          84.5628349330881
        ], 
        [
          -28.941390890799962, 
          8.355059986191549, 
          95.50172716357712
        ], 
        [
          -19.723120125394427, 
          10.090090703287878, 
          97.55580124125972
        ]
      ], 
      "cuboid_centroid": [
        -23.77791319596668, 
        15.483350265529708, 
        88.75265013531649
      ], 
      "location": [
        -23.77791319596668, 
        15.483350265529708, 
        88.75265013531649
      ], 
      "pose_transform_permuted": [
        [
          0.2787153869989366, 
          -0.5431845908439552, 
          -0.792002572521006, 
          0.0
        ], 
        [
          0.9599965563189535, 
          0.18068719783875936, 
          0.21391257549078585, 
          0.0
        ], 
        [
          -0.02691071497929915, 
          0.8199405983890179, 
          -0.571815729525485, 
          0.0
        ], 
        [
          -23.77791319596668, 
          15.483350265529708, 
          88.75265013531649, 
          1.0
        ]
      ], 
      "projected_cuboid": [
        [
          359.52710013373905, 
          420.3439191819025
        ], 
        [
          294.3860405071997, 
          412.54825927481295
        ], 
        [
          319.96383613820666, 
          303.74693056149385
        ], 
        [
          376.8728167551588, 
          313.0296406004721
        ], 
        [
          355.94922646451704, 
          431.99286793088595
        ], 
        [
          294.2750370281263, 
          424.90546007621936
        ], 
        [
          318.62997825329006, 
          319.94451204690336
        ], 
        [
          372.8758635205686, 
          328.44720397533644
        ]
      ], 
      "projected_cuboid_centroid": [
        337.5235556218438, 
        366.32684604114115
      ], 
      "quaternion_xyzw": [
        0.9449787996602063, 
        0.05492131487307074, 
        0.13032778160389966, 
        0.29498024737972156
      ], 
      "visibility": 0.4702672186676703
    }, 
    {
      "bounding_box": {
        "bottom_right": [
          323, 
          315
        ], 
        "top_left": [
          259, 
          223
        ]
      }, 
      "class": "008_pudding_box", 
      "cuboid": [
        [
          -24.83121341381805, 
          5.656391040118794, 
          75.07608665997564
        ], 
        [
          -36.17024380932232, 
          5.349554151909162, 
          74.36572661285697
        ], 
        [
          -36.26490186542086, 
          -2.2463531329796322, 
          79.15781833501751
        ], 
        [
          -24.925871469916594, 
          -1.9395162447700016, 
          79.86817838213615
        ], 
        [
          -25.089976984815866, 
          7.706743118075051, 
          78.32096941901908
        ], 
        [
          -36.42900738032013, 
          7.3999062298654215, 
          77.61060937190042
        ], 
        [
          -36.52366543641868, 
          -0.19600105502337423, 
          82.40270109406094
        ], 
        [
          -25.184635040914404, 
          0.11083583318625655, 
          83.11306114117961
        ]
      ], 
      "cuboid_centroid": [
        -30.677439425118365, 
        2.73019499254771, 
        78.73939387701829
      ], 
      "location": [
        -30.677439425118365, 
        2.73019499254771, 
        78.73939387701829
      ], 
      "pose_transform_permuted": [
        [
          0.06726198167171028, 
          -0.5329604293071499, 
          -0.8434620214275524, 
          0.0
        ], 
        [
          0.9976798073013289, 
          0.02699745541058761, 
          0.06250198210994264, 
          0.0
        ], 
        [
          0.010538991136816837, 
          0.8457093125617028, 
          -0.5335395027982275, 
          0.0
        ], 
        [
          -30.677439425118365, 
          2.73019499254771, 
          78.73939387701829, 
          1.0
        ]
      ], 
      "projected_cuboid": [
        [
          303.733068898928, 
          313.46796253319457
        ], 
        [
          220.03765829669837, 
          311.6512809940371
        ], 
        [
          235.22899398703973, 
          258.1519101994324
        ], 
        [
          313.76756477384316, 
          260.3354225789365
        ], 
        [
          309.3253654878905, 
          325.7649107317703
        ], 
        [
          229.18042744569783, 
          324.1367366586055
        ], 
        [
          243.24185974223295, 
          272.01799702855016
        ], 
        [
          318.64565880502477, 
          273.99774894567724
        ]
      ], 
      "projected_cuboid_centroid": [
        272.08030411677277, 
        291.7787612982124
      ], 
      "quaternion_xyzw": [
        0.9600587405584339, 
        0.0042857961649819054, 
        0.0337906313175623, 
        0.2777173643263303
      ], 
      "visibility": 0.7862669245647969
    }, 
    {
      "bounding_box": {
        "bottom_right": [
          449, 
          307
        ], 
        "top_left": [
          292, 
          177
        ]
      }, 
      "class": "019_pitcher_base", 
      "cuboid": [
        [
          -47.48130721292178, 
          28.553374848469172, 
          85.3926380483749
        ], 
        [
          -28.86268280079736, 
          30.242967202749593, 
          87.89457261597879
        ], 
        [
          -28.836249513027585, 
          10.064913956519211, 
          101.32439347029086
        ], 
        [
          -47.454873925152, 
          8.375321602238794, 
          98.82245890268695
        ], 
        [
          -45.35087137491961, 
          21.27544083777691, 
          74.4534858431755
        ], 
        [
          -26.732246962795198, 
          22.965033192057327, 
          76.95542041077941
        ], 
        [
          -26.705813675025425, 
          2.7869799458269506, 
          90.38524126509145
        ], 
        [
          -45.324438087149844, 
          1.0973875915465308, 
          87.88330669748757
        ]
      ], 
      "cuboid_centroid": [
        -37.0935604439736, 
        15.670177397148061, 
        87.88893965673317
      ], 
      "location": [
        -37.0935604439736, 
        15.670177397148061, 
        87.88893965673317
      ], 
      "pose_transform_permuted": [
        [
          -0.16005557924245956, 
          0.5467772945756111, 
          0.8218376312456871, 
          0.0
        ], 
        [
          -0.9871075487077214, 
          -0.08957747523297038, 
          -0.13264559418505392, 
          0.0
        ], 
        [
          -0.0010905406158169817, 
          0.8324725552412904, 
          -0.5540652086994835, 
          0.0
        ], 
        [
          -37.0935604439736, 
          15.670177397148061, 
          87.88893965673317, 
          1.0
        ]
      ], 
      "projected_cuboid": [
        [
          182.58137966393707, 
          451.6165945337148
        ], 
        [
          305.0069588566975, 
          456.7923698249913
        ], 
        [
          328.5530007787882, 
          326.26307731318224
        ], 
        [
          223.36099654125474, 
          318.48601060565704
        ], 
        [
          154.03595457730418, 
          425.6851679567379
        ], 
        [
          294.7922871184396, 
          432.4397446577508
        ], 
        [
          322.7058003491302, 
          289.7311583886038
        ], 
        [
          204.25370495441743, 
          279.946031290163
        ]
      ], 
      "projected_cuboid_centroid": [
        254.63356063362784, 
        368.3748677565534
      ], 
      "quaternion_xyzw": [
        -0.07669361629296312, 
        0.28844295892812105, 
        0.9541249571197029, 
        -0.023756850497469045
      ], 
      "visibility": 0.1896981242672919
    }, 
    {
      "bounding_box": {
        "bottom_right": [
          384, 
          356
        ], 
        "top_left": [
          245, 
          205
        ]
      }, 
      "class": "035_power_drill", 
      "cuboid": [
        [
          -15.603639787473982, 
          12.485748451105922, 
          62.640846186928265
        ], 
        [
          -34.01326668050583, 
          11.504931151553235, 
          62.75566811491292
        ], 
        [
          -33.09785518995236, 
          -4.566765394220917, 
          72.23931364141555
        ], 
        [
          -14.688228296920519, 
          -3.5859480946682303, 
          72.1244917134309
        ], 
        [
          -15.727442636006439, 
          15.386346807324758, 
          67.5683689716997
        ], 
        [
          -34.137069529038286, 
          14.40552950777207, 
          67.68319089968435
        ], 
        [
          -33.22165803848482, 
          -1.666167038002081, 
          77.16683642618698
        ], 
        [
          -14.812031145452975, 
          -0.6853497384493936, 
          77.05201449820233
        ]
      ], 
      "cuboid_centroid": [
        -24.4126489129794, 
        5.40979070655192, 
        69.90384130655762
      ], 
      "location": [
        -24.4126489129794, 
        5.40979070655192, 
        69.90384130655762
      ], 
      "pose_transform_permuted": [
        [
          0.021646881666276735, 
          -0.5071685354800658, 
          -0.8615755121487891, 
          0.0
        ], 
        [
          0.9985640611049568, 
          0.05320091012893042, 
          -0.0062281029039022145, 
          0.0
        ], 
        [
          -0.048995456786744274, 
          0.8602034404462784, 
          -0.5075919948236908, 
          0.0
        ], 
        [
          -24.4126489129794, 
          5.40979070655192, 
          69.90384130655762, 
          1.0
        ]
      ], 
      "projected_cuboid": [
        [
          347.6417262946334, 
          379.58928714374053
        ], 
        [
          190.13158878297241, 
          371.05946065869404
        ], 
        [
          235.2099608719659, 
          239.57158010439937
        ], 
        [
          372.0808634991416, 
          246.77049193815085
        ], 
        [
          356.42529315659453, 
          394.7315305229313
        ], 
        [
          210.3674266598797, 
          386.7970106751874
        ], 
        [
          250.08035631141726, 
          261.77123488810776
        ], 
        [
          378.2204418642505, 
          268.542853611641
        ]
      ], 
      "projected_cuboid_centroid": [
        293.7927378964571, 
        314.55962499261716
      ], 
      "quaternion_xyzw": [
        0.9644095361541207, 
        0.02649195261050977, 
        0.003996947921072421, 
        0.26305228543011566
      ], 
      "visibility": 0.8020112556508903
    }, 
    {
      "bounding_box": {
        "bottom_right": [
          271, 
          259
        ], 
        "top_left": [
          219, 
          184
        ]
      }, 
      "class": "061_foam_brick", 
      "cuboid": [
        [
          -39.509656788883376, 
          -7.796262061002132, 
          74.25901124073549
        ], 
        [
          -31.758670660554746, 
          -7.165968276278481, 
          74.66954618804107
        ], 
        [
          -31.93874255376864, 
          -3.0090141563013595, 
          71.68717499933726
        ], 
        [
          -39.68972868209727, 
          -3.639307941025009, 
          71.27664005203167
        ], 
        [
          -39.982486088146686, 
          -4.758317265725065, 
          78.52197503552757
        ], 
        [
          -32.23149995981805, 
          -4.128023481001415, 
          78.93250998283317
        ], 
        [
          -32.41157185303195, 
          0.028930638975706996, 
          75.95013879412934
        ], 
        [
          -40.16255798136058, 
          -0.6013631457479435, 
          75.53960384682377
        ]
      ], 
      "cuboid_centroid": [
        -35.96061432095766, 
        -3.8836657110132125, 
        75.10457501743242
      ], 
      "location": [
        -35.96061432095766, 
        -3.8836657110132125, 
        75.10457501743242
      ], 
      "pose_transform_permuted": [
        [
          0.08995991162261097, 
          -0.5779955804839053, 
          -0.811066164527855, 
          0.0
        ], 
        [
          -0.9953240309241006, 
          -0.08093764329995357, 
          -0.05271784671294666, 
          0.0
        ], 
        [
          0.03517510150450592, 
          -0.8120161370552453, 
          0.5825740342617621, 
          0.0
        ], 
        [
          -35.96061432095766, 
          -3.8836657110132125, 
          75.10457501743242, 
          1.0
        ]
      ], 
      "projected_cuboid": [
        [
          195.47863817860835, 
          217.29469048447032
        ], 
        [
          252.87369783055055, 
          222.1043437774136
        ], 
        [
          242.0074002328114, 
          250.90085775886337
        ], 
        [
          182.14821815501725, 
          246.05581845366245
        ], 
        [
          207.77381959651024, 
          240.96814838916686
        ], 
        [
          262.00515541645996, 
          245.39491559812095
        ], 
        [
          252.10733569678058, 
          273.4896880554756
        ], 
        [
          195.6811065238341, 
          269.0408347225842
        ]
      ], 
      "projected_cuboid_centroid": [
        224.11176362561113, 
        245.7085245555836
      ], 
      "quaternion_xyzw": [
        -0.030520470788100416, 
        0.951105453210526, 
        -0.3050580802654636, 
        0.03750313854629326
      ], 
      "visibility": 0.9551541575833074
    }
  ]
}