{
  "camera_data": {
    "location_worldframe": [
      -20.313445487929517, 
      -5.040071573042986, 
      97.78598493286009
    ], 
    "quaternion_xyzw_worldframe": [
      0.9570101596128266, 
      0.002261926123472324, 
      0.02499554452374857, 
      -0.28896687286633177
    ]
  }, 
  "objects": [
    {
      "bounding_box": {
        "bottom_right": [
          352, 
          328
        ], 
        "top_left": [
          234, 
          184
        ]
      }, 
      "class": "003_cracker_box", 
      "cuboid": [
        [
          -25.047056099591348, 
          5.45057857661317, 
          74.43449429278655
        ], 
        [
          -41.394520549460026, 
          6.370745999229024, 
          73.43859587337194
        ], 
        [
          -43.150955511475985, 
          -6.524316066948891, 
          90.35562450372021
        ], 
        [
          -26.803491061607303, 
          -7.444483489564744, 
          91.35152292313484
        ], 
        [
          -24.991186608433715, 
          11.157847708295844, 
          78.79068014665489
        ], 
        [
          -41.338651058302396, 
          12.078015130911696, 
          77.79478172724026
        ], 
        [
          -43.09508602031835, 
          -0.8170469352662177, 
          94.71181035758855
        ], 
        [
          -26.74762157044967, 
          -1.7372143578820713, 
          95.70770877700316
        ]
      ], 
      "cuboid_centroid": [
        -34.071071059954846, 
        2.316765820673476, 
        84.57315232518755
      ], 
      "location": [
        -34.071071059954846, 
        2.316765820673476, 
        84.57315232518755
      ], 
      "pose_transform_permuted": [
        [
          -0.007781266363980022, 
          -0.7948842991829534, 
          -0.6067111362140949, 
          0.0
        ], 
        [
          0.9965778097180116, 
          -0.05609545366601132, 
          0.06071218374968429, 
          0.0
        ], 
        [
          0.08229289806188539, 
          0.6041624375864736, 
          -0.7926005475257679, 
          0.0
        ], 
        [
          -34.071071059954846, 
          2.316765820673476, 
          84.57315232518755, 
          1.0
        ]
      ], 
      "projected_cuboid": [
        [
          300.64056968810485, 
          312.339672178689
        ], 
        [
          178.48011237938428, 
          319.55163279147934
        ], 
        [
          224.77817889229027, 
          234.77708663943585
        ], 
        [
          323.81148891931866, 
          229.82487796160365
        ], 
        [
          311.02662985999956, 
          348.8119513653442
        ], 
        [
          195.83961093486545, 
          356.08697590460133
        ], 
        [
          236.90755762843415, 
          268.68576929902645
        ], 
        [
          331.30710158812707, 
          263.60612196203925
        ]
      ], 
      "projected_cuboid_centroid": [
        264.9538961649062, 
        287.8960984366952
      ], 
      "quaternion_xyzw": [
        0.8954679479912416, 
        -0.03863576357990712, 
        0.014777446111957871, 
        0.44319979577991775
      ], 
      "visibility": 0.6055687909469922
    }, 
    {
      "bounding_box": {
        "bottom_right": [
          375, 
          364
        ], 
        "top_left": [
          288, 
          298
        ]
      }, 
      "class": "006_mustard_bottle", 
      "cuboid": [
        [
          -19.922230234183143, 
          14.150378049534407, 
          82.80613551396861
        ], 
        [
          -29.20157253596052, 
          12.406113447298877, 
          81.05758890205384
        ], 
        [
          -30.134521298483392, 
          1.583723008386119, 
          96.80453169672441
        ], 
        [
          -20.855178996706016, 
          3.327987610621651, 
          98.5530783086392
        ], 
        [
          -21.39325008190988, 
          18.835560605934496, 
          85.93896513046143
        ], 
        [
          -30.67259238368726, 
          17.091296003698965, 
          84.19041851854662
        ], 
        [
          -31.605541146210133, 
          6.268905564786207, 
          99.93736131321721
        ], 
        [
          -22.326198844432753, 
          8.01317016702174, 
          101.68590792513199
        ]
      ], 
      "cuboid_centroid": [
        -25.763885690196638, 
        10.209641807160308, 
        91.37174841359291
      ], 
      "location": [
        -25.763885690196638, 
        10.209641807160308, 
        91.37174841359291
      ], 
      "pose_transform_permuted": [
        [
          0.252539925109482, 
          -0.8043369732543026, 
          -0.5378340461908089, 
          0.0
        ], 
        [
          0.9663565847991433, 
          0.18164882048585557, 
          0.18209475168605757, 
          0.0
        ], 
        [
          0.04876862903585493, 
          0.5657257566527724, 
          -0.8231500404431812, 
          0.0
        ], 
        [
          -25.763885690196638, 
          10.209641807160308, 
          91.37174841359291, 
          1.0
        ]
      ], 
      "projected_cuboid": [
        [
          352.2170599018263, 
          364.4231871711412
        ], 
        [
          287.86375940733495, 
          354.9127415498926
        ], 
        [
          314.1951823856806, 
          282.01165115420645
        ], 
        [
          367.7988494831011, 
          291.2959294256788
        ], 
        [
          347.72857184012497, 
          390.1761620989964
        ], 
        [
          285.676716076813, 
          381.55447417822927
        ], 
        [
          311.5273117158699, 
          306.7407943157866
        ], 
        [
          363.52538504965014, 
          315.31380272791307
        ]
      ], 
      "projected_cuboid_centroid": [
        329.9649626354091, 
        332.87828277627835
      ], 
      "quaternion_xyzw": [
        0.876058843292322, 
        0.03791988188562277, 
        0.12403124519642324, 
        0.4644342746376532
      ], 
      "visibility": 0.7408123791102514
    }, 
    {
      "bounding_box": {
        "bottom_right": [
          267, 
          313
        ], 
        "top_left": [
          220, 
          227
        ]
      }, 
      "class": "008_pudding_box", 
      "cuboid": [
        [
          -27.284892373809544, 
          -3.7158443362189377, 
          81.9646012677639
        ], 
        [
          -38.59604522386444, 
          -3.515342237914519, 
          80.87373432173023
        ], 
        [
          -39.379981737135225, 
          -8.911882442249036, 
          88.01051987742493
        ], 
        [
          -28.06882888708034, 
          -9.112384540553457, 
          89.10138682345858
        ], 
        [
          -27.452820961258574, 
          -0.6413323476820547, 
          84.27097122313812
        ], 
        [
          -38.76397381131346, 
          -0.44083024937763626, 
          83.18010427710445
        ], 
        [
          -39.54791032458426, 
          -5.837370453712154, 
          90.31688983279913
        ], 
        [
          -28.236757474529366, 
          -6.037872552016572, 
          91.4077567788328
        ]
      ], 
      "cuboid_centroid": [
        -33.4164013491969, 
        -4.776607394965546, 
        86.14074555028152
      ], 
      "location": [
        -33.4164013491969, 
        -4.776607394965546, 
        86.14074555028152
      ], 
      "pose_transform_permuted": [
        [
          0.043650694445115296, 
          -0.7991765155542978, 
          -0.5995087062230787, 
          0.0
        ], 
        [
          0.9952269640509045, 
          -0.01764144621035457, 
          0.0959813922839262, 
          0.0
        ], 
        [
          0.08728153002198859, 
          0.6008372845069754, 
          -0.7945918479302778, 
          0.0
        ], 
        [
          -33.4164013491969, 
          -4.776607394965546, 
          86.14074555028152, 
          1.0
        ]
      ], 
      "projected_cuboid": [
        [
          302.5827980389445, 
          249.1086304229373
        ], 
        [
          224.95547184943567, 
          250.10471173398892
        ], 
        [
          240.97654747956327, 
          219.28297754354682
        ], 
        [
          312.18998425056486, 
          218.74402974312733
        ], 
        [
          306.41053586848494, 
          269.2277844702849
        ], 
        [
          230.98581434157066, 
          270.46010001420103
        ], 
        [
          246.12125508294218, 
          238.8169721787082
        ], 
        [
          315.4764609067595, 
          238.05850278882838
        ]
      ], 
      "projected_cuboid_centroid": [
        272.98338534306464, 
        243.71332905943623
      ], 
      "quaternion_xyzw": [
        0.8938082784888712, 
        -0.029347170628619756, 
        0.0390553796853147, 
        0.44578026458288716
      ], 
      "visibility": 0.3714832013111172
    }, 
    {
      "bounding_box": {
        "bottom_right": [
          417, 
          301
        ], 
        "top_left": [
          273, 
          168
        ]
      }, 
      "class": "019_pitcher_base", 
      "cuboid": [
        [
          -48.30776176024646, 
          22.76882031488126, 
          82.53955414361201
        ], 
        [
          -29.671402990021413, 
          24.017258976708998, 
          85.1654076427774
        ], 
        [
          -31.49173187724414, 
          9.910293843101408, 
          104.79178166262241
        ], 
        [
          -50.12809064746918, 
          8.661855181273676, 
          102.16592816345702
        ], 
        [
          -46.51592268087154, 
          11.980718272137336, 
          74.9515176175189
        ], 
        [
          -27.8795639106465, 
          13.229156933965069, 
          77.5773711166843
        ], 
        [
          -29.699892797869225, 
          -0.8778081996425171, 
          97.20374513652932
        ], 
        [
          -48.33625156809427, 
          -2.1262468614702517, 
          94.57789163736393
        ]
      ], 
      "cuboid_centroid": [
        -39.00382727905784, 
        10.945506057619372, 
        89.87164964007066
      ], 
      "location": [
        -39.00382727905784, 
        10.945506057619372, 
        89.87164964007066
      ], 
      "pose_transform_permuted": [
        [
          -0.13461745087219862, 
          0.8104895207721285, 
          0.5700747048245713, 
          0.0
        ], 
        [
          -0.9880477749223506, 
          -0.06618873660646064, 
          -0.13921543039123996, 
          0.0
        ], 
        [
          0.07510010116604982, 
          0.5820017009652815, 
          -0.809712291421075, 
          0.0
        ], 
        [
          -39.00382727905784, 
          10.945506057619372, 
          89.87164964007066, 
          1.0
        ]
      ], 
      "projected_cuboid": [
        [
          166.86098497276222, 
          420.40458199828635
        ], 
        [
          294.2415062255357, 
          423.6865055374899
        ], 
        [
          319.989736982344, 
          323.72325828191293
        ], 
        [
          217.74116412896097, 
          318.50256134467264
        ], 
        [
          147.85346697805684, 
          358.5356680603403
        ], 
        [
          288.33676538071313, 
          364.2327554179081
        ], 
        [
          317.2872098725837, 
          268.4703418309679
        ], 
        [
          206.7601447387616, 
          261.2967476589126
        ]
      ], 
      "projected_cuboid_centroid": [
        248.21028970663818, 
        338.239754614549
      ], 
      "quaternion_xyzw": [
        -0.07726488967339203, 
        0.4571573497315132, 
        0.8860197769677891, 
        0.002514437259540184
      ], 
      "visibility": 0.20022716209638164
    }, 
    {
      "bounding_box": {
        "bottom_right": [
          283, 
          352
        ], 
        "top_left": [
          185, 
          211
        ]
      }, 
      "class": "035_power_drill", 
      "cuboid": [
        [
          -17.294934531865884, 
          -2.322267666822788, 
          68.37481433556772
        ], 
        [
          -35.72353016236608, 
          -2.000440205310188, 
          67.95907503815313
        ], 
        [
          -36.256230501768464, 
          -13.722230010079157, 
          82.49842903515224
        ], 
        [
          -17.827634871268266, 
          -14.044057471591756, 
          82.91416833256685
        ], 
        [
          -17.29815615016772, 
          2.1302138418213685, 
          71.96433753513102
        ], 
        [
          -35.72675178066792, 
          2.452041303333968, 
          71.5485982377164
        ], 
        [
          -36.25945212007029, 
          -9.269748501434998, 
          86.08795223471553
        ], 
        [
          -17.830856489570102, 
          -9.5915759629476, 
          86.50369153213013
        ]
      ], 
      "cuboid_centroid": [
        -26.777193325968092, 
        -5.796008084128894, 
        77.23138328514163
      ], 
      "location": [
        -26.777193325968092, 
        -5.796008084128894, 
        77.23138328514163
      ], 
      "pose_transform_permuted": [
        [
          0.0005632987526574031, 
          -0.7785147230569428, 
          -0.6276267861391864, 
          0.0
        ], 
        [
          0.9995929521102164, 
          -0.017456374255187097, 
          0.022550284348477504, 
          0.0
        ], 
        [
          0.028511654844635248, 
          0.6273839161617076, 
          -0.7781880583959568, 
          0.0
        ], 
        [
          -26.777193325968092, 
          -5.796008084128894, 
          77.23138328514163, 
          1.0
        ]
      ], 
      "projected_cuboid": [
        [
          345.5733947101791, 
          255.17298497047668
        ], 
        [
          198.9147474162332, 
          257.5877672748612
        ], 
        [
          245.2617059424738, 
          184.57777013282958
        ], 
        [
          365.9707443219006, 
          182.95250910064357
        ], 
        [
          352.3340720291179, 
          289.0733123352042
        ], 
        [
          213.07242913710894, 
          291.5639281473148
        ], 
        [
          255.09582066571693, 
          215.85993787590897
        ], 
        [
          370.7487011649542, 
          214.1517750145441
        ]
      ], 
      "projected_cuboid_centroid": [
        295.14681459898804, 
        233.26233429636545
      ], 
      "quaternion_xyzw": [
        0.9020260049481821, 
        -0.012740217257501086, 
        0.006406019054423685, 
        0.4314462035776692
      ], 
      "visibility": 0.6583625438157236
    }, 
    {
      "bounding_box": {
        "bottom_right": [
          220, 
          263
        ], 
        "top_left": [
          177, 
          200
        ]
      }, 
      "class": "061_foam_brick", 
      "cuboid": [
        [
          -42.94018327272414, 
          -15.608572074008798, 
          85.21630046647049
        ], 
        [
          -35.17410409386254, 
          -15.37945977263922, 
          85.74461561917464
        ], 
        [
          -34.96859148631139, 
          -12.537869615565391, 
          81.49133908256316
        ], 
        [
          -42.734670665172985, 
          -12.766981916934968, 
          80.96302392985902
        ], 
        [
          -43.26658777779678, 
          -11.239361670261564, 
          88.11957396167487
        ], 
        [
          -35.500508598935184, 
          -11.010249368891985, 
          88.64788911437901
        ], 
        [
          -35.29499599138403, 
          -8.168659211818158, 
          84.39461257776755
        ], 
        [
          -43.06107517024563, 
          -8.397771513187736, 
          83.8662974250634
        ]
      ], 
      "cuboid_centroid": [
        -39.117589632054084, 
        -11.888615642913477, 
        84.80545652211902
      ], 
      "location": [
        -39.117589632054084, 
        -11.888615642913477, 
        84.80545652211902
      ], 
      "pose_transform_permuted": [
        [
          0.0621013132547118, 
          -0.8312805115801589, 
          -0.5523731872195368, 
          0.0
        ], 
        [
          -0.9972621682974225, 
          -0.02942089890988342, 
          -0.06784230531208149, 
          0.0
        ], 
        [
          -0.040144670564888296, 
          -0.5550739786500207, 
          0.8308316819012579, 
          0.0
        ], 
        [
          -39.117589632054084, 
          -11.888615642913477, 
          84.80545652211902, 
          1.0
        ]
      ], 
      "projected_cuboid": [
        [
          210.61974015288558, 
          175.60150463875365
        ], 
        [
          260.99584062184783, 
          177.62843728190714
        ], 
        [
          250.83818763884705, 
          191.23252497211584
        ], 
        [
          197.74936823404417, 
          189.1878822766772
        ], 
        [
          217.55568720065264, 
          205.26338022421965
        ], 
        [
          266.24060286301955, 
          207.04715357317895
        ], 
        [
          256.69670788277966, 
          221.66587413989467
        ], 
        [
          205.48261661209332, 
          219.88372731149215
        ]
      ], 
      "projected_cuboid_centroid": [
        233.54661302048507, 
        198.5221089083266
      ], 
      "quaternion_xyzw": [
        0.0030430359878529044, 
        0.8810092698387145, 
        -0.47165002979642245, 
        0.036873510590468
      ], 
      "visibility": 0.8509060955518946
    }
  ]
}