{
  "camera_data": {
    "location_worldframe": [
      -21.115587178918766, 
      -4.437658063561088, 
      94.8598660007207
    ], 
    "quaternion_xyzw_worldframe": [
      0.9564827183535289, 
      0.025718204878309947, 
      -0.034343110748838286, 
      -0.28861743830843256
    ]
  }, 
  "objects": [
    {
      "bounding_box": {
        "bottom_right": [
          349, 
          317
        ], 
        "top_left": [
          231, 
          153
        ]
      }, 
      "class": "003_cracker_box", 
      "cuboid": [
        [
          -28.96905994386552, 
          5.512012695226915, 
          72.1204713807091
        ], 
        [
          -45.35565892706482, 
          5.133372077332167, 
          72.76399351199002
        ], 
        [
          -44.390852882227215, 
          -7.762444462905599, 
          89.74399976059814
        ], 
        [
          -28.004253899027916, 
          -7.383803845010852, 
          89.10047762931723
        ], 
        [
          -28.93072249789458, 
          11.23088242530525, 
          76.46160680655946
        ], 
        [
          -45.31732148109388, 
          10.852241807410502, 
          77.10512893784038
        ], 
        [
          -44.352515436256276, 
          -2.0435747328272633, 
          94.08513518644848
        ], 
        [
          -27.96591645305697, 
          -1.664934114932516, 
          93.44161305516756
        ]
      ], 
      "cuboid_centroid": [
        -36.6607876900609, 
        1.7342189811998254, 
        83.1028032835788
      ], 
      "location": [
        -36.6607876900609, 
        1.7342189811998254, 
        83.1028032835788
      ], 
      "pose_transform_permuted": [
        [
          -0.005339477282385083, 
          -0.7964999814493897, 
          -0.6046149762728947, 
          0.0
        ], 
        [
          0.9989635379531495, 
          0.023082774628994704, 
          -0.03923054110707386, 
          0.0
        ], 
        [
          -0.045203316498656, 
          0.6041977863800472, 
          -0.7955511894975544, 
          0.0
        ], 
        [
          -36.6607876900609, 
          1.7342189811998254, 
          83.1028032835788, 
          1.0
        ]
      ], 
      "projected_cuboid": [
        [
          265.5901882543336, 
          314.0470080223838
        ], 
        [
          146.39499732028787, 
          310.9112988611974
        ], 
        [
          215.59818934675394, 
          227.15683954600215
        ], 
        [
          312.577996548799, 
          229.09006122155125
        ], 
        [
          278.12368920617973, 
          351.6219246397509
        ], 
        [
          165.53476283230978, 
          348.3491590668174
        ], 
        [
          228.0906373495895, 
          261.7025781717299
        ], 
        [
          320.6509648747435, 
          263.7838984276961
        ]
      ], 
      "projected_cuboid_centroid": [
        244.3625630906881, 
        284.4160415316933
      ], 
      "quaternion_xyzw": [
        0.8955133026100299, 
        0.019063393845916803, 
        -0.012442589702340775, 
        0.4444521277089941
      ], 
      "visibility": 0.5441863709283672
    }, 
    {
      "bounding_box": {
        "bottom_right": [
          379, 
          352
        ], 
        "top_left": [
          288, 
          276
        ]
      }, 
      "class": "006_mustard_bottle", 
      "cuboid": [
        [
          -23.739316386283033, 
          14.637211388892215, 
          79.95724931579963
        ], 
        [
          -32.97956660674986, 
          12.155990829267822, 
          79.14031100242126
        ], 
        [
          -31.478612286788916, 
          1.3846059815485492, 
          94.87832676604614
        ], 
        [
          -22.238362066322086, 
          3.8658265411729413, 
          95.6952650794245
        ], 
        [
          -25.256592883316024, 
          19.20964837255103, 
          83.23141309410951
        ], 
        [
          -34.49684310378285, 
          16.72842781292664, 
          82.41447478073115
        ], 
        [
          -32.99588878382191, 
          5.957042965207363, 
          98.15249054435603
        ], 
        [
          -23.755638563355074, 
          8.438263524831756, 
          98.9694288577344
        ]
      ], 
      "cuboid_centroid": [
        -28.36760258505247, 
        10.29712717704979, 
        89.05486993007783
      ], 
      "location": [
        -28.36760258505247, 
        10.29712717704979, 
        89.05486993007783
      ], 
      "pose_transform_permuted": [
        [
          0.26048111690894604, 
          -0.7849811783338548, 
          -0.5620978375297612, 
          0.0
        ], 
        [
          0.9622855106907215, 
          0.25839588067279073, 
          0.08507647340013318, 
          0.0
        ], 
        [
          -0.07846034784589241, 
          0.5630595086704685, 
          -0.8226833920237312, 
          0.0
        ], 
        [
          -28.36760258505247, 
          10.29712717704979, 
          89.05486993007783, 
          1.0
        ]
      ], 
      "projected_cuboid": [
        [
          321.9348712458938, 
          370.91760387616205
        ], 
        [
          257.4985784571537, 
          355.2046891736771
        ], 
        [
          303.1783975680078, 
          281.06953237125634
        ], 
        [
          356.6275533738894, 
          294.83118805204356
        ], 
        [
          318.4124449248088, 
          396.3756612110184
        ], 
        [
          256.5011621102678, 
          381.5393439604225
        ], 
        [
          300.8171253046811, 
          305.65461803235644
        ], 
        [
          352.51753628968055, 
          318.75806628762143
        ]
      ], 
      "projected_cuboid_centroid": [
        310.29733047782327, 
        334.9525600444206
      ], 
      "quaternion_xyzw": [
        0.8785560393183454, 
        0.095855077377888, 
        0.09833111800619763, 
        0.4574735413591096
      ], 
      "visibility": 0.8336259877085163
    }, 
    {
      "bounding_box": {
        "bottom_right": [
          266, 
          301
        ], 
        "top_left": [
          214, 
          207
        ]
      }, 
      "class": "008_pudding_box", 
      "cuboid": [
        [
          -29.71271783938566, 
          -3.758917895706202, 
          79.81661905764878
        ], 
        [
          -41.05650989509371, 
          -4.458037554775561, 
          79.86116209117797
        ], 
        [
          -40.69553195507839, 
          -9.858415442193195, 
          87.02890401606084
        ], 
        [
          -29.351739899370333, 
          -9.159295783123838, 
          86.98436098253164
        ], 
        [
          -29.892502655886094, 
          -0.6940154566528689, 
          82.13485476784595
        ], 
        [
          -41.23629471159415, 
          -1.3931351157222271, 
          82.17939780137516
        ], 
        [
          -40.87531677157882, 
          -6.793513003139862, 
          89.347139726258
        ], 
        [
          -29.531524715870766, 
          -6.094393344070504, 
          89.30259669272883
        ]
      ], 
      "cuboid_centroid": [
        -35.29401730548224, 
        -5.276215449423032, 
        84.5818793919534
      ], 
      "location": [
        -35.29401730548224, 
        -5.276215449423032, 
        84.5818793919534
      ], 
      "pose_transform_permuted": [
        [
          0.04673255584498748, 
          -0.7966786471768307, 
          -0.6025930437144214, 
          0.0
        ], 
        [
          0.9980987683649157, 
          0.0615129814818588, 
          -0.0039191785856432515, 
          0.0
        ], 
        [
          -0.04019038069456543, 
          0.6012645625397799, 
          -0.7980384526245728, 
          0.0
        ], 
        [
          -35.29401730548224, 
          -5.276215449423032, 
          84.5818793919534, 
          1.0
        ]
      ], 
      "projected_cuboid": [
        [
          281.40780132044256, 
          248.17015809738308
        ], 
        [
          205.133352054021, 
          243.51538679583473
        ], 
        [
          230.13356948096137, 
          212.87343645153243
        ], 
        [
          300.1356040728558, 
          217.1289511000669
        ], 
        [
          285.8809827140984, 
          268.7801437703221
        ], 
        [
          211.75576923817428, 
          264.2455099489126
        ], 
        [
          235.57604767188272, 
          232.73556417071447
        ], 
        [
          303.76359088402046, 
          236.8905154881126
        ]
      ], 
      "projected_cuboid_centroid": [
        257.200866415619, 
        240.018076173348
      ], 
      "quaternion_xyzw": [
        0.8947005608888257, 
        0.028418268251499887, 
        0.011963046389736241, 
        0.4456007879935712
      ], 
      "visibility": 0.3044822256568779
    }, 
    {
      "bounding_box": {
        "bottom_right": [
          413, 
          291
        ], 
        "top_left": [
          269, 
          143
        ]
      }, 
      "class": "019_pitcher_base", 
      "cuboid": [
        [
          -52.602297243908836, 
          20.98682299021936, 
          82.54515375187934
        ], 
        [
          -33.954430757112455, 
          23.71730526790534, 
          83.29955147578126
        ], 
        [
          -32.686971034792286, 
          9.623954210405644, 
          102.97912518883952
        ], 
        [
          -51.334837521588675, 
          6.893471932719665, 
          102.2247274649376
        ], 
        [
          -50.7283103110405, 
          10.330263955800866, 
          74.79286029679483
        ], 
        [
          -32.08044382424413, 
          13.060746233486844, 
          75.54725802069675
        ], 
        [
          -30.812984101923956, 
          -1.0326048240128478, 
          95.226831733755
        ], 
        [
          -49.46085058872034, 
          -3.763087101698828, 
          94.47243400985309
        ]
      ], 
      "cuboid_centroid": [
        -41.7076406729164, 
        9.977109083103256, 
        88.88599274281718
      ], 
      "location": [
        -41.7076406729164, 
        9.977109083103256, 
        88.88599274281718
      ], 
      "pose_transform_permuted": [
        [
          -0.14078906235182118, 
          0.8006069455650917, 
          0.5824150144670164, 
          0.0
        ], 
        [
          -0.9886578819659492, 
          -0.14476255647336228, 
          -0.03999606369988243, 
          0.0
        ], 
        [
          -0.05229074484191898, 
          0.5814400340598328, 
          -0.8119071158675586, 
          0.0
        ], 
        [
          -41.7076406729164, 
          9.977109083103256, 
          88.88599274281718, 
          1.0
        ]
      ], 
      "projected_cuboid": [
        [
          138.90435574825875, 
          408.88121774754524
        ], 
        [
          262.39455499914897, 
          425.1349349454892
        ], 
        [
          310.90347618208335, 
          323.1281271242801
        ], 
        [
          211.54471322750018, 
          309.2506698400507
        ], 
        [
          116.8582442619975, 
          346.9477410039345
        ], 
        [
          253.24055667838553, 
          365.48778948468697
        ], 
        [
          307.5902914933164, 
          267.5034160997499
        ], 
        [
          200.05181183252884, 
          252.04300736270034
        ]
      ], 
      "projected_cuboid_centroid": [
        229.2640779236275, 
        333.1495995647089
      ], 
      "quaternion_xyzw": [
        -0.05091013661364533, 
        0.45409328163137735, 
        0.8877658658808637, 
        -0.05549134881407049
      ], 
      "visibility": 0.21258870718913916
    }, 
    {
      "bounding_box": {
        "bottom_right": [
          284, 
          335
        ], 
        "top_left": [
          183, 
          178
        ]
      }, 
      "class": "035_power_drill", 
      "cuboid": [
        [
          -21.269378128061994, 
          -1.6595469964801706, 
          65.3002072453016
        ], 
        [
          -39.61499994297563, 
          -2.795562443691393, 
          66.72750473312664
        ], 
        [
          -37.76632429721164, 
          -14.438884975668437, 
          81.22206851759267
        ], 
        [
          -19.420702482298, 
          -13.302869528457215, 
          79.79477102976765
        ], 
        [
          -21.266846767315815, 
          2.799394317101203, 
          68.88170340167198
        ], 
        [
          -39.612468582229454, 
          1.663378869889981, 
          70.30900088949701
        ], 
        [
          -37.763792936465464, 
          -9.979943662087063, 
          84.80356467396304
        ], 
        [
          -19.41817112155183, 
          -8.84392821487584, 
          83.37626718613801
        ]
      ], 
      "cuboid_centroid": [
        -29.51658553226373, 
        -5.8197453292836165, 
        75.05188595963233
      ], 
      "location": [
        -29.51658553226373, 
        -5.8197453292836165, 
        75.05188595963233
      ], 
      "pose_transform_permuted": [
        [
          -0.0004426074777491795, 
          -0.7796442175291681, 
          -0.6262232606453301, 
          0.0
        ], 
        [
          0.9950923356263024, 
          0.06161907598869224, 
          -0.07741862364342271, 
          0.0
        ], 
        [
          -0.09894643955143383, 
          0.6231841219566709, 
          -0.7757907573512571, 
          0.0
        ], 
        [
          -29.51658553226373, 
          -5.8197453292836165, 
          75.05188595963233, 
          1.0
        ]
      ], 
      "projected_cuboid": [
        [
          306.4382645387207, 
          259.73269259942987
        ], 
        [
          162.3355948241506, 
          250.94300508355016
        ], 
        [
          231.5496292427901, 
          178.478067116012
        ], 
        [
          350.71437013619254, 
          184.37493712916591
        ], 
        [
          315.56538870964954, 
          294.9609701832941
        ], 
        [
          178.6179342582842, 
          285.9038773593574
        ], 
        [
          242.12589715049666, 
          210.52385324761852
        ], 
        [
          356.3528710418066, 
          216.71600216429218
        ]
      ], 
      "projected_cuboid_centroid": [
        270.1039477030559, 
        231.93135931417075
      ], 
      "quaternion_xyzw": [
        0.9006247440288746, 
        0.044570592970233296, 
        -0.021613116794033924, 
        0.4317655564076299
      ], 
      "visibility": 0.5859615840645008
    }, 
    {
      "bounding_box": {
        "bottom_right": [
          215, 
          253
        ], 
        "top_left": [
          169, 
          186
        ]
      }, 
      "class": "061_foam_brick", 
      "cuboid": [
        [
          -43.975664402361005, 
          -16.831181349399973, 
          84.58973355127966
        ], 
        [
          -36.23819228215288, 
          -15.98681812453261, 
          84.34039223288876
        ], 
        [
          -36.68325015814713, 
          -13.162417757065054, 
          80.09399170999933
        ], 
        [
          -44.42072227835526, 
          -14.006780981932417, 
          80.34333302839025
        ], 
        [
          -44.355534826408224, 
          -12.484711083029248, 
          87.52050667890154
        ], 
        [
          -36.6180627062001, 
          -11.640347858161885, 
          87.27116536051062
        ], 
        [
          -37.06312058219435, 
          -8.81594749069433, 
          83.0247648376212
        ], 
        [
          -44.800592702402476, 
          -9.660310715561693, 
          83.27410615601212
        ]
      ], 
      "cuboid_centroid": [
        -40.51939249227768, 
        -12.823564420047152, 
        83.80724919445043
      ], 
      "location": [
        -40.51939249227768, 
        -12.823564420047152, 
        83.80724919445043
      ], 
      "pose_transform_permuted": [
        [
          0.07227367218692882, 
          -0.8269540014593522, 
          -0.5576052329192962, 
          0.0
        ], 
        [
          -0.9935886624414654, 
          -0.10842684977431116, 
          0.03201855892758276, 
          0.0
        ], 
        [
          0.08693725424923704, 
          -0.5517161387148152, 
          0.8294885268074649, 
          0.0
        ], 
        [
          -40.51939249227768, 
          -12.823564420047152, 
          83.80724919445043, 
          1.0
        ]
      ], 
      "projected_cuboid": [
        [
          202.02969155870636, 
          167.1696577799117
        ], 
        [
          250.5381972528877, 
          172.19519903122506
        ], 
        [
          235.29979297578873, 
          185.64232145718847
        ], 
        [
          184.27475015885335, 
          180.30943193812394
        ], 
        [
          209.05739209802385, 
          197.20904296370531
        ], 
        [
          255.95694564573367, 
          202.1516397359823
        ], 
        [
          241.53360518609074, 
          216.65623676719687
        ], 
        [
          192.28568714658928, 
          211.4181719076537
        ]
      ], 
      "projected_cuboid_centroid": [
        221.5972299912676, 
        191.68192624433104
      ], 
      "quaternion_xyzw": [
        -0.05545365579250802, 
        0.8807539432321005, 
        -0.470177437465728, 
        0.011426322177912132
      ], 
      "visibility": 0.8669561784445322
    }
  ]
}