{
  "camera_data": {
    "location_worldframe": [
      -10.06351056281475, 
      6.656796278002567, 
      85.72894637162595
    ], 
    "quaternion_xyzw_worldframe": [
      0.9389305923602427, 
      -0.044234914015371544, 
      0.1878519925832327, 
      -0.28489563208091295
    ]
  }, 
  "objects": [
    {
      "bounding_box": {
        "bottom_right": [
          503, 
          428
        ], 
        "top_left": [
          315, 
          264
        ]
      }, 
      "class": "003_cracker_box", 
      "cuboid": [
        [
          -6.050262133793977, 
          17.350024525433422, 
          62.334457578808376
        ], 
        [
          -21.009439549707665, 
          21.19960602976581, 
          56.81342063201331
        ], 
        [
          -29.755611129021652, 
          9.18742613166709, 
          72.1354819798643
        ], 
        [
          -14.796433713107968, 
          5.337844627334702, 
          77.65651892665936
        ], 
        [
          -6.200709511582711, 
          23.04075662163961, 
          66.7099954121116
        ], 
        [
          -21.159886927496398, 
          26.890338125971997, 
          61.188958465316546
        ], 
        [
          -29.90605850681039, 
          14.878158227873278, 
          76.51101981316752
        ], 
        [
          -14.946881090896703, 
          11.02857672354089, 
          82.03205675996259
        ]
      ], 
      "cuboid_centroid": [
        -17.978160320302184, 
        16.11409137665335, 
        69.42273869598795
      ], 
      "location": [
        -17.978160320302184, 
        16.11409137665335, 
        69.42273869598795
      ], 
      "pose_transform_permuted": [
        [
          0.020953674287698048, 
          -0.7925810908442549, 
          -0.6094063980382686, 
          0.0
        ], 
        [
          0.9119447428713733, 
          -0.23467905470498554, 
          0.3365746978488424, 
          0.0
        ], 
        [
          0.40977765859440207, 
          0.5627974375553836, 
          -0.7178727706202434, 
          0.0
        ], 
        [
          -17.978160320302184, 
          16.11409137665335, 
          69.42273869598795, 
          1.0
        ]
      ], 
      "projected_cuboid": [
        [
          429.4010061217818, 
          421.72944110952864
        ], 
        [
          282.73348196158616, 
          472.2917188949109
        ], 
        [
          259.77146324755796, 
          341.2119768982239
        ], 
        [
          379.13317099291515, 
          309.94510974114866
        ], 
        [
          431.61177920141847, 
          457.4881203903236
        ], 
        [
          295.63172345276945, 
          507.6612402212758
        ], 
        [
          271.3998684977355, 
          376.9946464842335
        ], 
        [
          383.6122672257395, 
          344.9872385792597
        ]
      ], 
      "projected_cuboid_centroid": [
        342.3342294551689, 
        397.07826181147146
      ], 
      "quaternion_xyzw": [
        0.8780872078650597, 
        -0.18348311748735346, 
        0.10179181775287968, 
        0.43004095946715404
      ], 
      "visibility": 0.6555602816768278
    }, 
    {
      "bounding_box": {
        "bottom_right": [
          482, 
          444
        ], 
        "top_left": [
          370, 
          363
        ]
      }, 
      "class": "006_mustard_bottle", 
      "cuboid": [
        [
          -2.018761669679811, 
          25.146033685587284, 
          72.08148035126197
        ], 
        [
          -10.58367275865018, 
          25.078382486889232, 
          67.74053700176377
        ], 
        [
          -17.851108355057153, 
          14.93063296179955, 
          82.23771931463098
        ], 
        [
          -9.286197266086784, 
          14.9982841604976, 
          86.5786626641292
        ], 
        [
          -3.446696617487144, 
          30.08368933384705, 
          74.82192098539639
        ], 
        [
          -12.011607706457514, 
          30.016038135149003, 
          70.48097763589818
        ], 
        [
          -19.279043302864487, 
          19.86828861005932, 
          84.9781599487654
        ], 
        [
          -10.714132213894118, 
          19.935939808757368, 
          89.3191032982636
        ]
      ], 
      "cuboid_centroid": [
        -10.64890248627215, 
        22.5071611478233, 
        78.52982015001369
      ], 
      "location": [
        -10.64890248627215, 
        22.5071611478233, 
        78.52982015001369
      ], 
      "pose_transform_permuted": [
        [
          0.2451432489763826, 
          -0.8476807362966131, 
          -0.4704699760379069, 
          0.0
        ], 
        [
          0.8919552657800304, 
          0.007045238682368026, 
          0.4520685899499736, 
          0.0
        ], 
        [
          0.3798953221018392, 
          0.5304598194648862, 
          -0.7578205092094173, 
          0.0
        ], 
        [
          -10.64890248627215, 
          22.5071611478233, 
          78.52982015001369, 
          1.0
        ]
      ], 
      "projected_cuboid": [
        [
          466.53609392917394, 
          459.33810265868857
        ], 
        [
          397.577682222584, 
          470.7280270290652
        ], 
        [
          364.86615983727717, 
          370.11314034869747
        ], 
        [
          423.9179297158097, 
          365.675105910575
        ], 
        [
          456.8247911876986, 
          487.7186247880412
        ], 
        [
          389.9494978398523, 
          500.4136506242856
        ], 
        [
          359.5942416408508, 
          397.97913436419316
        ], 
        [
          417.0904341979806, 
          392.3229671026199
        ]
      ], 
      "projected_cuboid_centroid": [
        408.6744955477291, 
        426.1394259517998
      ], 
      "quaternion_xyzw": [
        0.8504241678837131, 
        -0.10960709299551992, 
        0.20496002620121118, 
        0.4719707253561867
      ], 
      "visibility": 0.20748187211601846
    }, 
    {
      "bounding_box": {
        "bottom_right": [
          383, 
          386
        ], 
        "top_left": [
          302, 
          286
        ]
      }, 
      "class": "008_pudding_box", 
      "cuboid": [
        [
          -11.931440204956937, 
          8.89826610617187, 
          68.63632339507471
        ], 
        [
          -22.247056374191427, 
          11.124768763719043, 
          64.41694908747392
        ], 
        [
          -25.96946306092125, 
          6.107762966455005, 
          70.87018486424658
        ], 
        [
          -15.65384689168676, 
          3.881260308907833, 
          75.08955917184737
        ], 
        [
          -12.187725805799893, 
          11.998965685313543, 
          70.89909739172214
        ], 
        [
          -22.50334197503438, 
          14.225468342860715, 
          66.67972308412135
        ], 
        [
          -26.225748661764204, 
          9.208462545596676, 
          73.132958860894
        ], 
        [
          -15.910132492529716, 
          6.981959888049505, 
          77.35233316849481
        ]
      ], 
      "cuboid_centroid": [
        -19.07859443336057, 
        9.053364325884274, 
        70.88464112798437
      ], 
      "location": [
        -19.07859443336057, 
        9.053364325884274, 
        70.88464112798437
      ], 
      "pose_transform_permuted": [
        [
          0.06661786788669616, 
          -0.8059836145307623, 
          -0.5881765447231624, 
          0.0
        ], 
        [
          0.9076333330931727, 
          -0.1959018244821251, 
          0.37124731121704785, 
          0.0
        ], 
        [
          0.41444344724587473, 
          0.5585808731977385, 
          -0.7184871257486507, 
          0.0
        ], 
        [
          -19.07859443336057, 
          9.053364325884274, 
          70.88464112798437, 
          1.0
        ]
      ], 
      "projected_cuboid": [
        [
          388.11450906034366, 
          342.4280557077483
        ], 
        [
          295.87473064745524, 
          365.39051254076
        ], 
        [
          284.5403967754793, 
          319.2493022329685
        ], 
        [
          369.4899307522585, 
          300.8529820111334
        ], 
        [
          389.1541376918127, 
          363.54556261216976
        ], 
        [
          300.11029868193333, 
          387.0650675871685
        ], 
        [
          288.7529097709368, 
          340.4389338773271
        ], 
        [
          370.9876482527177, 
          321.42491706692647
        ]
      ], 
      "projected_cuboid_centroid": [
        336.85793473372223, 
        341.4019493278708
      ], 
      "quaternion_xyzw": [
        0.8738407679626297, 
        -0.17461570062444762, 
        0.12527029956631341, 
        0.4361408840633903
      ], 
      "visibility": 0.8777562180278708
    }, 
    {
      "bounding_box": {
        "bottom_right": [
          539, 
          402
        ], 
        "top_left": [
          372, 
          244
        ]
      }, 
      "class": "019_pitcher_base", 
      "cuboid": [
        [
          -27.144326289076986, 
          38.763161578470864, 
          64.12112329869512
        ], 
        [
          -10.09817652422116, 
          36.66403440959065, 
          71.91791861644872
        ], 
        [
          -19.886825852707656, 
          23.527577086409995, 
          89.78214132625337
        ], 
        [
          -36.932975617563486, 
          25.626704255290218, 
          81.98534600849979
        ], 
        [
          -25.25414385731745, 
          27.675408791597462, 
          57.003463584701876
        ], 
        [
          -8.207994092461623, 
          25.57628162271724, 
          64.80025890245547
        ], 
        [
          -17.99664342094812, 
          12.439824299536589, 
          82.66448161226012
        ], 
        [
          -35.04279318580395, 
          14.53895146841681, 
          74.86768629450653
        ]
      ], 
      "cuboid_centroid": [
        -22.570484855012555, 
        25.601492939003727, 
        73.39280245547762
      ], 
      "location": [
        -22.570484855012555, 
        25.601492939003727, 
        73.39280245547762
      ], 
      "pose_transform_permuted": [
        [
          -0.14200579927950235, 
          0.8330017093893899, 
          0.5347361924976932, 
          0.0
        ], 
        [
          -0.9037393277203779, 
          0.11128986912426293, 
          -0.41336434655568755, 
          0.0
        ], 
        [
          0.4038438108675541, 
          0.5419621041335764, 
          -0.7370123839577452, 
          0.0
        ], 
        [
          -22.570484855012555, 
          25.601492939003727, 
          73.39280245547762, 
          1.0
        ]
      ], 
      "projected_cuboid": [
        [
          253.94600474729782, 
          595.6943828834059
        ], 
        [
          406.0882656698517, 
          545.1749341540018
        ], 
        [
          362.4818507059677, 
          413.04392647092163
        ], 
        [
          239.3437113301199, 
          439.9897830962958
        ], 
        [
          243.3524254678557, 
          532.215321473583
        ], 
        [
          413.48061469422925, 
          483.7846453212272
        ], 
        [
          364.5220317405252, 
          353.54352115916777
        ], 
        [
          229.88963439377116, 
          376.8546849437985
        ]
      ], 
      "projected_cuboid_centroid": [
        316.21852769451374, 
        459.32354823283276
      ], 
      "quaternion_xyzw": [
        -0.16084683367692895, 
        0.45470898577609475, 
        0.8631972000000417, 
        0.14919350989316005
      ], 
      "visibility": 0.24206133214472966
    }, 
    {
      "bounding_box": {
        "bottom_right": [
          405, 
          487
        ], 
        "top_left": [
          260, 
          323
        ]
      }, 
      "class": "035_power_drill", 
      "cuboid": [
        [
          1.5676109539368683, 
          8.177051964536384, 
          58.45401024901938
        ], 
        [
          -15.624027292710633, 
          11.827784408535065, 
          52.88541293823891
        ], 
        [
          -22.335245407977705, 
          0.6983554910009703, 
          66.30824065477117
        ], 
        [
          -5.143607161330205, 
          -2.952376952997711, 
          71.87683796555163
        ], 
        [
          1.3522246466922239, 
          12.629054085318256, 
          62.037662662277526
        ], 
        [
          -15.839413599955277, 
          16.279786529316937, 
          56.46906535149706
        ], 
        [
          -22.550631715222348, 
          5.150357611782843, 
          69.8918930680293
        ], 
        [
          -5.358993468574849, 
          1.4996251677841619, 
          75.46049037880978
        ]
      ], 
      "cuboid_centroid": [
        -10.49151038064274, 
        6.663704788159613, 
        64.17295165852434
      ], 
      "location": [
        -10.49151038064274, 
        6.663704788159613, 
        64.17295165852434
      ], 
      "pose_transform_permuted": [
        [
          0.037660215097868724, 
          -0.7784309022688906, 
          -0.6266002813540227, 
          0.0
        ], 
        [
          0.9324986434742696, 
          -0.1980208635660502, 
          0.3020485519679821, 
          0.0
        ], 
        [
          0.35920370297534426, 
          0.595679057142376, 
          -0.7184283594076865, 
          0.0
        ], 
        [
          -10.49151038064274, 
          6.663704788159613, 
          64.17295165852434, 
          1.0
        ]
      ], 
      "projected_cuboid": [
        [
          496.018744567831, 
          347.8918888669803
        ], 
        [
          322.72453271215966, 
          392.56307758158437
        ], 
        [
          300.4568187929629, 
          278.9034365100063
        ], 
        [
          443.1139230560793, 
          251.38017022091316
        ], 
        [
          493.3186222414398, 
          381.8548104080373
        ], 
        [
          330.7557784865627, 
          427.0402598092458
        ], 
        [
          308.0874132124597, 
          312.58704128909034
        ], 
        [
          443.4065690903308, 
          283.8851898770264
        ]
      ], 
      "projected_cuboid_centroid": [
        393.67908139388976, 
        328.66632289311735
      ], 
      "quaternion_xyzw": [
        0.8880847344103304, 
        -0.1568613176622667, 
        0.09562960433370422, 
        0.4213728723392763
      ], 
      "visibility": 0.8479068615308397
    }, 
    {
      "bounding_box": {
        "bottom_right": [
          329, 
          316
        ], 
        "top_left": [
          267, 
          244
        ]
      }, 
      "class": "061_foam_brick", 
      "cuboid": [
        [
          -29.739995333328515, 
          0.11197673106470539, 
          66.97629363724997
        ], 
        [
          -22.52925169269234, 
          -1.060641991875415, 
          69.67328022216257
        ], 
        [
          -20.62476332758642, 
          1.6085269142155962, 
          65.74190733632943
        ], 
        [
          -27.835506968222596, 
          2.7811456371557166, 
          63.044920751416825
        ], 
        [
          -30.081295055612962, 
          4.526625513474007, 
          69.808241212443
        ], 
        [
          -22.870551414976788, 
          3.3540067905338864, 
          72.50522779735562
        ], 
        [
          -20.966063049870865, 
          6.023175696624898, 
          68.57385491152247
        ], 
        [
          -28.176806690507046, 
          7.1957944195650185, 
          65.87686832660985
        ]
      ], 
      "cuboid_centroid": [
        -25.353029191599692, 
        3.0675762138448017, 
        67.77507427438621
      ], 
      "location": [
        -25.353029191599692, 
        3.0675762138448017, 
        67.77507427438621
      ], 
      "pose_transform_permuted": [
        [
          0.064935258668123, 
          -0.8399255607238627, 
          -0.5388028068082136, 
          0.0
        ], 
        [
          -0.9259501059003863, 
          0.15057898114255874, 
          -0.3463269724135456, 
          0.0
        ], 
        [
          -0.3720212541841766, 
          -0.5213933475609123, 
          0.7679512768102272, 
          0.0
        ], 
        [
          -25.353029191599692, 
          3.0675762138448017, 
          67.77507427438621, 
          1.0
        ]
      ], 
      "projected_cuboid": [
        [
          242.8096039816783, 
          274.1781875531441
        ], 
        [
          307.7080133512884, 
          265.1677707410079
        ], 
        [
          312.88800599244007, 
          286.33542777132686
        ], 
        [
          244.16423728552243, 
          296.8132458314535
        ], 
        [
          249.8674364718303, 
          307.8689596280577
        ], 
        [
          311.9684782756211, 
          297.95727632433255
        ], 
        [
          317.17880330347657, 
          320.1305947438152
        ], 
        [
          251.585030574993, 
          331.5415549230574
        ]
      ], 
      "projected_cuboid_centroid": [
        280.4324523428081, 
        297.4251831283239
      ], 
      "quaternion_xyzw": [
        0.1512112374684132, 
        0.8640234748358278, 
        -0.46522950022845194, 
        0.11899625503803939
      ], 
      "visibility": 0.9625638116846285
    }
  ]
}