{
  "camera_data": {
    "location_worldframe": [
      -9.578255353337612, 
      8.117595249628073, 
      84.278177118671
    ], 
    "quaternion_xyzw_worldframe": [
      0.9371001639985546, 
      -0.04586211496025655, 
      0.18646193811522074, 
      -0.29150621406802246
    ]
  }, 
  "objects": [
    {
      "bounding_box": {
        "bottom_right": [
          523, 
          431
        ], 
        "top_left": [
          327, 
          263
        ]
      }, 
      "class": "003_cracker_box", 
      "cuboid": [
        [
          -5.61851809564433, 
          19.14206283450157, 
          61.02874257066762
        ], 
        [
          -20.590329057470633, 
          23.06847341752339, 
          55.59677311714264
        ], 
        [
          -29.30125315667423, 
          10.839411753668958, 
          70.76659181434385
        ], 
        [
          -14.329442194847926, 
          6.91300117064714, 
          76.19856126786883
        ], 
        [
          -5.759302024127723, 
          24.770118703409977, 
          65.48492530445098
        ], 
        [
          -20.731112985954024, 
          28.696529286431794, 
          60.05295585092602
        ], 
        [
          -29.44203708515762, 
          16.467467622577367, 
          75.22277454812722
        ], 
        [
          -14.470226123331317, 
          12.541057039555547, 
          80.6547440016522
        ]
      ], 
      "cuboid_centroid": [
        -17.530277590400974, 
        17.80476522853947, 
        68.12575855939743
      ], 
      "location": [
        -17.530277590400974, 
        17.80476522853947, 
        68.12575855939743
      ], 
      "pose_transform_permuted": [
        [
          0.01960778995115486, 
          -0.7838518110676169, 
          -0.6206382785965173, 
          0.0
        ], 
        [
          0.9127149119427405, 
          -0.23936272630419697, 
          0.33114494526351695, 
          0.0
        ], 
        [
          0.40812623548430077, 
          0.572958832327628, 
          -0.7107398626552291, 
          0.0
        ], 
        [
          -17.530277590400974, 
          17.80476522853947, 
          68.12575855939743, 
          1.0
        ]
      ], 
      "projected_cuboid": [
        [
          432.0886450754956, 
          440.56570091209903
        ], 
        [
          282.43554476227274, 
          494.57399654501086
        ], 
        [
          258.9332496208648, 
          354.97579855022536
        ], 
        [
          380.4684089352033, 
          321.6711641665733
        ], 
        [
          434.30152159105666, 
          475.0183002241951
        ], 
        [
          295.95347412144696, 
          528.1352930616961
        ], 
        [
          271.1173540004428, 
          390.03871870216005
        ], 
        [
          385.1171033545173, 
          356.2127365039216
        ]
      ], 
      "projected_cuboid_centroid": [
        343.2183895854056, 
        412.6703800250541
      ], 
      "quaternion_xyzw": [
        0.8812366343478474, 
        -0.18368759778911917, 
        0.09950583122155487, 
        0.4240040686769984
      ], 
      "visibility": 0.6328010319825631
    }, 
    {
      "bounding_box": {
        "bottom_right": [
          498, 
          447
        ], 
        "top_left": [
          381, 
          364
        ]
      }, 
      "class": "006_mustard_bottle", 
      "cuboid": [
        [
          -1.5652308986449217, 
          26.79925936934199, 
          70.87627061266984
        ], 
        [
          -10.13995083657484, 
          26.792581563471845, 
          66.55421077930549
        ], 
        [
          -17.374102006585527, 
          16.439592608821677, 
          80.92234956408606
        ], 
        [
          -8.799382068655612, 
          16.446270414691817, 
          85.24440939745041
        ], 
        [
          -2.987160919660055, 
          31.697423709234695, 
          73.68973067101712
        ], 
        [
          -11.561880857589973, 
          31.690745903364547, 
          69.36767083765277
        ], 
        [
          -18.796032027600663, 
          21.337756948714382, 
          83.73580962243334
        ], 
        [
          -10.221312089670745, 
          21.344434754584523, 
          88.05786945579769
        ]
      ], 
      "cuboid_centroid": [
        -10.180631463122793, 
        24.068508159028184, 
        77.30604011755159
      ], 
      "location": [
        -10.180631463122793, 
        24.068508159028184, 
        77.30604011755159
      ], 
      "pose_transform_permuted": [
        [
          0.2441123425853275, 
          -0.8409009963271584, 
          -0.4830057143902847, 
          0.0
        ], 
        [
          0.8929767655235568, 
          0.0006954309330076791, 
          0.4501020486190632, 
          0.0
        ], 
        [
          0.37815542393293866, 
          0.5411884318022873, 
          -0.7510749341001075, 
          0.0
        ], 
        [
          -10.180631463122793, 
          24.068508159028184, 
          77.30604011755159, 
          1.0
        ]
      ], 
      "projected_cuboid": [
        [
          469.7210935593594, 
          474.94175647141515
        ], 
        [
          399.66535301211894, 
          487.9838240613833
        ], 
        [
          366.13864567139353, 
          381.6318433867954
        ], 
        [
          426.0862023060266, 
          376.1803012708049
        ], 
        [
          459.7977268747469, 
          502.6924083282659
        ], 
        [
          391.96506289135993, 
          516.9345542903674
        ], 
        [
          360.8861122517802, 
          409.1882948642735
        ], 
        [
          419.1761419285984, 
          402.55840336596896
        ]
      ], 
      "projected_cuboid_centroid": [
        410.7775410169272, 
        439.3305717905073
      ], 
      "quaternion_xyzw": [
        0.8539863745570138, 
        -0.11049941903222106, 
        0.20322759586313627, 
        0.4660425440783724
      ], 
      "visibility": 0.19429728887503894
    }, 
    {
      "bounding_box": {
        "bottom_right": [
          399, 
          387
        ], 
        "top_left": [
          315, 
          286
        ]
      }, 
      "class": "008_pudding_box", 
      "cuboid": [
        [
          -11.485028781161436, 
          10.601258043138682, 
          67.22331878487695
        ], 
        [
          -21.810271026792453, 
          12.886644168802421, 
          63.059335906869585
        ], 
        [
          -25.517837810914468, 
          7.778299877341281, 
          69.4491463769056
        ], 
        [
          -15.192595565283455, 
          5.492913751677541, 
          73.61312925491296
        ], 
        [
          -11.73631692385114, 
          13.669518850483797, 
          69.53043738534942
        ], 
        [
          -22.061559169482155, 
          15.954904976147535, 
          65.36645450734204
        ], 
        [
          -25.769125953604178, 
          10.846560684686395, 
          71.75626497737807
        ], 
        [
          -15.443883707973157, 
          8.561174559022657, 
          75.92024785538543
        ]
      ], 
      "cuboid_centroid": [
        -18.627077367382803, 
        10.723909363912538, 
        69.4897918811275
      ], 
      "location": [
        -18.627077367382803, 
        10.723909363912538, 
        69.4897918811275
      ], 
      "pose_transform_permuted": [
        [
          0.06531884833223156, 
          -0.7975516081798713, 
          -0.5997033060760728, 
          0.0
        ], 
        [
          0.9084802963439429, 
          -0.20108276545103393, 
          0.36637362194421275, 
          0.0
        ], 
        [
          0.4127912096181331, 
          0.5687502726178084, 
          -0.7114255107831857, 
          0.0
        ], 
        [
          -18.627077367382803, 
          10.723909363912538, 
          69.4897918811275, 
          1.0
        ]
      ], 
      "projected_cuboid": [
        [
          389.72068850080285, 
          357.39215226610827
        ], 
        [
          295.6011525796642, 
          382.2743602878842
        ], 
        [
          284.00536778655083, 
          333.01829661026835
        ], 
        [
          370.61100839680205, 
          313.0821356158641
        ], 
        [
          390.8257582844232, 
          378.13590136292083
        ], 
        [
          300.0985804974493, 
          403.4613093614324
        ], 
        [
          288.4751345486912, 
          353.90226157046493
        ], 
        [
          372.20378881084673, 
          333.42651613285665
        ]
      ], 
      "projected_cuboid_centroid": [
        337.4468033696097, 
        355.59029393037565
      ], 
      "quaternion_xyzw": [
        0.8770595582738131, 
        -0.17498069808319652, 
        0.12305107053564326, 
        0.4301239022846277
      ], 
      "visibility": 0.9204791216103809
    }, 
    {
      "bounding_box": {
        "bottom_right": [
          539, 
          405
        ], 
        "top_left": [
          384, 
          243
        ]
      }, 
      "class": "019_pitcher_base", 
      "cuboid": [
        [
          -26.709393048866957, 
          40.5261199728083, 
          63.166867800793966
        ], 
        [
          -9.645536711588893, 
          38.31783871340746, 
          70.89447251920987
        ], 
        [
          -19.39313524700753, 
          24.928466895046913, 
          88.59259854450764
        ], 
        [
          -36.456991584285596, 
          27.136748154447755, 
          80.86499382609173
        ], 
        [
          -24.83486419563355, 
          29.540629219209897, 
          55.88831947208494
        ], 
        [
          -7.771007858355484, 
          27.332347959809056, 
          63.61592419050084
        ], 
        [
          -17.51860639377412, 
          13.942976141448504, 
          81.3140502157986
        ], 
        [
          -34.58246273105219, 
          16.151257400849346, 
          73.5864454973827
        ]
      ], 
      "cuboid_centroid": [
        -22.11399972132054, 
        27.234548057128404, 
        72.24045900829628
      ], 
      "location": [
        -22.11399972132054, 
        27.234548057128404, 
        72.24045900829628
      ], 
      "pose_transform_permuted": [
        [
          -0.14082977579476508, 
          0.8253189579643622, 
          0.5468234471159785, 
          0.0
        ], 
        [
          -0.9046780808158187, 
          0.11707691462989478, 
          -0.40969605391526204, 
          0.0
        ], 
        [
          0.40215020553393405, 
          0.552396429659965, 
          -0.7301598432452567, 
          0.0
        ], 
        [
          -22.11399972132054, 
          27.234548057128404, 
          72.24045900829628, 
          1.0
        ]
      ], 
      "projected_cuboid": [
        [
          254.20965826631965, 
          615.4496713443701
        ], 
        [
          408.43166718183227, 
          561.5410808883777
        ], 
        [
          363.87921795201305, 
          423.35369699904754
        ], 
        [
          239.15275117313277, 
          452.25840862146896
        ], 
        [
          242.63306949814032, 
          555.1807908524929
        ], 
        [
          415.90646629573405, 
          502.42533626978417
        ], 
        [
          365.73915603757433, 
          364.73521387678227
        ], 
        [
          228.87112237155532, 
          390.34317533480794
        ]
      ], 
      "projected_cuboid_centroid": [
        316.978605936441, 
        474.347245749283
      ], 
      "quaternion_xyzw": [
        -0.15881997256366512, 
        0.4487366208804333, 
        0.8665878428629961, 
        0.14979067743681596
      ], 
      "visibility": 0.18574965174539404
    }, 
    {
      "bounding_box": {
        "bottom_right": [
          426, 
          491
        ], 
        "top_left": [
          272, 
          323
        ]
      }, 
      "class": "035_power_drill", 
      "cuboid": [
        [
          1.9910047038533996, 
          10.025583162679066, 
          57.00121414653642
        ], 
        [
          -15.213355140558107, 
          13.753698266189756, 
          51.52392383928909
        ], 
        [
          -21.893688350280893, 
          2.434433813673121, 
          64.80264143512295
        ], 
        [
          -4.689328505869385, 
          -1.2936812898375698, 
          70.27993174237028
        ], 
        [
          1.7835524210019797, 
          14.426271252848943, 
          60.64815624193942
        ], 
        [
          -15.420807423409528, 
          18.154386356359634, 
          55.170865934692095
        ], 
        [
          -22.101140633132314, 
          6.835121903842997, 
          68.44958353052596
        ], 
        [
          -4.896780788720805, 
          3.1070068003323073, 
          73.92687383777329
        ]
      ], 
      "cuboid_centroid": [
        -10.055067964639457, 
        8.430352533261033, 
        62.72539883853119
      ], 
      "location": [
        -10.055067964639457, 
        8.430352533261033, 
        62.72539883853119
      ], 
      "pose_transform_permuted": [
        [
          0.03627295390627768, 
          -0.7694586632481835, 
          -0.6376664585569393, 
          0.0
        ], 
        [
          0.9331886808335699, 
          -0.2022182078789142, 
          0.2970959316468233, 
          0.0
        ], 
        [
          0.3575506539688882, 
          0.6058396011674484, 
          -0.7107151711157833, 
          0.0
        ], 
        [
          -10.055067964639457, 
          8.430352533261033, 
          62.72539883853119, 
          1.0
        ]
      ], 
      "projected_cuboid": [
        [
          500.38071618032035, 
          367.0887475207305
        ], 
        [
          322.81267584635003, 
          415.64985350191773
        ], 
        [
          299.912533540302, 
          293.3216970121935
        ], 
        [
          445.7155297314216, 
          263.46943160202585
        ], 
        [
          497.4117348047604, 
          400.146337982459
        ], 
        [
          331.28666128825375, 
          448.7793383982841
        ], 
        [
          307.96273018567246, 
          326.54185637290277
        ], 
        [
          445.97656502572494, 
          295.7009521943148
        ]
      ], 
      "projected_cuboid_centroid": [
        395.39189786271135, 
        344.96519100360973
      ], 
      "quaternion_xyzw": [
        0.8911642301728057, 
        -0.157033025702585, 
        0.09352060884682764, 
        0.4152359868834014
      ], 
      "visibility": 0.8529115298131348
    }, 
    {
      "bounding_box": {
        "bottom_right": [
          345, 
          316
        ], 
        "top_left": [
          280, 
          242
        ]
      }, 
      "class": "061_foam_brick", 
      "cuboid": [
        [
          -29.29695621656021, 
          1.8380833169542459, 
          65.47908514581532
        ], 
        [
          -22.080073357410132, 
          0.627834413079513, 
          68.1428220974566
        ], 
        [
          -20.184604747699048, 
          3.3526607944833553, 
          64.24541895044491
        ], 
        [
          -27.401487606849123, 
          4.562909698358088, 
          61.58168199880365
        ], 
        [
          -29.63201740111712, 
          6.212076136765341, 
          68.37415980045644
        ], 
        [
          -22.415134541967046, 
          5.001827232890608, 
          71.03789675209771
        ], 
        [
          -20.51966593225596, 
          7.72665361429445, 
          67.14049360508604
        ], 
        [
          -27.736548791406037, 
          8.936902518169184, 
          64.47675665344475
        ]
      ], 
      "cuboid_centroid": [
        -24.908311074408086, 
        4.782368465624348, 
        66.30978937545068
      ], 
      "location": [
        -24.908311074408086, 
        4.782368465624348, 
        66.30978937545068
      ], 
      "pose_transform_permuted": [
        [
          0.06374832227586125, 
          -0.8321904080842839, 
          -0.5508132860593737, 
          0.0
        ], 
        [
          -0.9267384587134104, 
          0.15541116929928278, 
          -0.3420573016301826, 
          0.0
        ], 
        [
          -0.37025934228389845, 
          -0.5322654348626652, 
          0.7613156548383546, 
          0.0
        ], 
        [
          -24.908311074408086, 
          4.782368465624348, 
          66.30978937545068, 
          1.0
        ]
      ], 
      "projected_cuboid": [
        [
          240.98819605158724, 
          288.2575142290245
        ], 
        [
          307.34733014044133, 
          278.2002820439455
        ], 
        [
          312.6425455783812, 
          301.117933381118
        ], 
        [
          242.31269764954666, 
          312.80298214778963
        ], 
        [
          248.54071008242883, 
          321.7408351246229
        ], 
        [
          311.9122478655118, 
          310.83793712052267
        ], 
        [
          317.24412196605806, 
          334.66195337711804
        ], 
        [
          250.26226423504707, 
          347.2081397060546
        ]
      ], 
      "projected_cuboid_centroid": [
        279.59381186210834, 
        311.75040252813625
      ], 
      "quaternion_xyzw": [
        0.1515003238307577, 
        0.8674412342682716, 
        -0.4592547598532244, 
        0.11695478836913963
      ], 
      "visibility": 0.9287251210328133
    }
  ]
}