{
  "camera_data": {
    "location_worldframe": [
      -19.020618745421384, 
      -5.160814825401279, 
      95.69594131355416
    ], 
    "quaternion_xyzw_worldframe": [
      0.9556015650638259, 
      -0.00425261379458044, 
      0.05464082659161778, 
      -0.28952136790077676
    ]
  }, 
  "objects": [
    {
      "bounding_box": {
        "bottom_right": [
          359, 
          333
        ], 
        "top_left": [
          233, 
          193
        ]
      }, 
      "class": "003_cracker_box", 
      "cuboid": [
        [
          -22.197167378693994, 
          5.501610762845864, 
          72.15926861415103
        ], 
        [
          -38.434513226867715, 
          6.907074454317941, 
          70.30147763938946
        ], 
        [
          -41.465532884502046, 
          -5.9565266453911105, 
          87.06137721334258
        ], 
        [
          -25.228187036328325, 
          -7.361990336863188, 
          88.91916818810415
        ], 
        [
          -22.204190252389072, 
          11.197960232153017, 
          76.53007528314383
        ], 
        [
          -38.44153610056279, 
          12.603423923625096, 
          74.67228430838226
        ], 
        [
          -41.472555758197124, 
          -0.26017717608395746, 
          91.43218388233538
        ], 
        [
          -25.235209910023404, 
          -1.6656408675560335, 
          93.28997485709695
        ]
      ], 
      "cuboid_centroid": [
        -31.83486156844556, 
        2.620716793380953, 
        81.7957262482432
      ], 
      "location": [
        -31.83486156844556, 
        2.620716793380953, 
        81.7957262482432
      ], 
      "pose_transform_permuted": [
        [
          0.0009781161369055574, 
          -0.7933634548045984, 
          -0.6087474614890275, 
          0.0
        ], 
        [
          0.9898647347195674, 
          -0.08568019411087845, 
          0.11325507183205083, 
          0.0
        ], 
        [
          0.14201003572770324, 
          0.6026884210913914, 
          -0.7852387005458803, 
          0.0
        ], 
        [
          -31.83486156844556, 
          2.620716793380953, 
          81.7957262482432, 
          1.0
        ]
      ], 
      "projected_cuboid": [
        [
          316.1735809880355, 
          313.9482133997396
        ], 
        [
          187.5961611481611, 
          325.68484015943915
        ], 
        [
          225.47119240037733, 
          236.79811556786294
        ], 
        [
          329.022416195368, 
          229.13077609373983
        ], 
        [
          325.5719440976437, 
          351.3224142207246
        ], 
        [
          204.75439451816692, 
          363.3019011879207
        ], 
        [
          237.6736794664738, 
          271.7689368785423
        ], 
        [
          336.1303360197584, 
          263.76441200210525
        ]
      ], 
      "projected_cuboid_centroid": [
        272.2995440433559, 
        290.37397826668575
      ], 
      "quaternion_xyzw": [
        0.8946089393276799, 
        -0.06362842461916833, 
        0.031922659987839316, 
        0.4411430754696114
      ], 
      "visibility": 0.633377874674731
    }, 
    {
      "bounding_box": {
        "bottom_right": [
          378, 
          370
        ], 
        "top_left": [
          288, 
          307
        ]
      }, 
      "class": "006_mustard_bottle", 
      "cuboid": [
        [
          -17.269390990536102, 
          14.032847135780923, 
          80.81777247914883
        ], 
        [
          -26.490295921420582, 
          12.566877653629582, 
          78.57457976714284
        ], 
        [
          -28.576149627316628, 
          1.7524723316204902, 
          94.21614578315581
        ], 
        [
          -19.355244696432145, 
          3.2184418137718316, 
          96.4593384951618
        ], 
        [
          -18.765733042254915, 
          18.754679333184193, 
          83.88285282866657
        ], 
        [
          -27.986637973139395, 
          17.288709851032852, 
          81.63966011666058
        ], 
        [
          -30.07249167903544, 
          6.474304529023757, 
          97.28122613267357
        ], 
        [
          -20.851586748150957, 
          7.940274011175099, 
          99.52441884467956
        ]
      ], 
      "cuboid_centroid": [
        -23.67094133478577, 
        10.25357583240234, 
        89.0494993059112
      ], 
      "location": [
        -23.67094133478577, 
        10.25357583240234, 
        89.0494993059112
      ], 
      "pose_transform_permuted": [
        [
          0.25688715911155746, 
          -0.8106288649704718, 
          -0.5262030713711681, 
          0.0
        ], 
        [
          0.9602708799803995, 
          0.15266699040945955, 
          0.2336075098560841, 
          0.0
        ], 
        [
          0.10903516858827873, 
          0.5653083455153916, 
          -0.8176416125061003, 
          0.0
        ], 
        [
          -23.67094133478577, 
          10.25357583240234, 
          89.0494993059112, 
          1.0
        ]
      ], 
      "projected_cuboid": [
        [
          366.6859944783752, 
          365.88983494919034
        ], 
        [
          300.297620726205, 
          358.5833600816423
        ], 
        [
          318.4910015611093, 
          283.20657669295196
        ], 
        [
          373.69093667299114, 
          291.081165991117
        ], 
        [
          361.29195717803475, 
          392.5270910526592
        ], 
        [
          297.2478586762799, 
          386.22683584823227
        ], 
        [
          315.35837542762164, 
          308.78026611385957
        ], 
        [
          368.9289098941495, 
          315.8359311360275
        ]
      ], 
      "projected_cuboid_centroid": [
        338.64982496227873, 
        334.69544911034427
      ], 
      "quaternion_xyzw": [
        0.8734675576211973, 
        0.012488106009342744, 
        0.14038720290409393, 
        0.46603633508467274
      ], 
      "visibility": 0.69862694903421
    }, 
    {
      "bounding_box": {
        "bottom_right": [
          270, 
          318
        ], 
        "top_left": [
          219, 
          233
        ]
      }, 
      "class": "008_pudding_box", 
      "cuboid": [
        [
          -25.10071787518788, 
          -3.6062029207551283, 
          79.53160097047571
        ], 
        [
          -36.327223381597236, 
          -3.069100853465852, 
          77.84356481370882
        ], 
        [
          -37.6475160031892, 
          -8.451094007500576, 
          84.91193717126778
        ], 
        [
          -26.421010496779846, 
          -8.988196074789851, 
          86.59997332803466
        ], 
        [
          -25.300024273404926, 
          -0.5316390006909935, 
          81.83540217940458
        ], 
        [
          -36.52652977981428, 
          0.00546306659828244, 
          80.1473660226377
        ], 
        [
          -37.84682240140625, 
          -5.376530087436441, 
          87.21573838019665
        ], 
        [
          -26.620316894996893, 
          -5.913632154725717, 
          88.90377453696354
        ]
      ], 
      "cuboid_centroid": [
        -31.473770138297063, 
        -4.491366504095785, 
        83.37366967533619
      ], 
      "location": [
        -31.473770138297063, 
        -4.491366504095785, 
        83.37366967533619
      ], 
      "pose_transform_permuted": [
        [
          0.051806918772359996, 
          -0.7991900144305913, 
          -0.5988409964072813, 
          0.0
        ], 
        [
          0.9877791539162454, 
          -0.04725764622756179, 
          0.148524126742669, 
          0.0
        ], 
        [
          0.14699807718929725, 
          0.5992176523225076, 
          -0.7869748936158646, 
          0.0
        ], 
        [
          -31.473770138297063, 
          -4.491366504095785, 
          83.37366967533619, 
          1.0
        ]
      ], 
      "projected_cuboid": [
        [
          311.8750626270403, 
          249.10421780858152
        ], 
        [
          230.63896294129893, 
          252.25960284816193
        ], 
        [
          243.1679372064356, 
          220.2064401345394
        ], 
        [
          317.5292499824145, 
          217.93339178692443
        ], 
        [
          315.34331654490444, 
          269.82185787117606
        ], 
        [
          236.51536041093453, 
          273.32289052233114
        ], 
        [
          248.2371313799394, 
          240.40934358517939
        ], 
        [
          320.5752379843221, 
          237.8116005874721
        ]
      ], 
      "projected_cuboid_centroid": [
        278.58979892018215, 
        244.5564398442077
      ], 
      "quaternion_xyzw": [
        0.8924457690310984, 
        -0.05441667442374584, 
        0.05611854873056388, 
        0.44433089468520526
      ], 
      "visibility": 0.41523025469513763
    }, 
    {
      "bounding_box": {
        "bottom_right": [
          425, 
          307
        ], 
        "top_left": [
          276, 
          174
        ]
      }, 
      "class": "019_pitcher_base", 
      "cuboid": [
        [
          -45.334231606880714, 
          23.488589551509385, 
          79.07444021863769
        ], 
        [
          -26.834730956268103, 
          24.180466950119833, 
          82.68793648226452
        ], 
        [
          -30.109014879025644, 
          10.103193162993486, 
          102.14620072193354
        ], 
        [
          -48.60851552963825, 
          9.411315764383039, 
          98.53270445830671
        ], 
        [
          -43.461287246733114, 
          12.66392819504431, 
          71.55839623034194
        ], 
        [
          -24.96178659612051, 
          13.35580559365476, 
          75.17189249396876
        ], 
        [
          -28.236070518878044, 
          -0.7214681934715874, 
          94.63015673363778
        ], 
        [
          -46.735571169490655, 
          -1.4133455920820368, 
          91.01666047001096
        ]
      ], 
      "cuboid_centroid": [
        -36.78515106287938, 
        11.383560679018899, 
        86.85229847613773
      ], 
      "location": [
        -36.78515106287938, 
        11.383560679018899, 
        86.85229847613773
      ], 
      "pose_transform_permuted": [
        [
          -0.14071073585273453, 
          0.8132361522500483, 
          0.5646660428349697, 
          0.0
        ], 
        [
          -0.9807919390463442, 
          -0.03668141038947508, 
          -0.1915774957429411, 
          0.0
        ], 
        [
          0.1350849594111692, 
          0.5807767447828306, 
          -0.802776697756195, 
          0.0
        ], 
        [
          -36.78515106287938, 
          11.383560679018899, 
          86.85229847613773, 
          1.0
        ]
      ], 
      "projected_cuboid": [
        [
          173.29114284974955, 
          431.70593057217195
        ], 
        [
          307.07641530102666, 
          429.24540094674296
        ], 
        [
          323.08363737733845, 
          326.0367208399569
        ], 
        [
          216.3053494042238, 
          324.22636580963257
        ], 
        [
          154.98387370578092, 
          367.6698844800055
        ], 
        [
          303.0256615356598, 
          368.04153796622745
        ], 
        [
          321.1371982328681, 
          269.22046507724946
        ], 
        [
          205.46401392103857, 
          265.0049236247503
        ]
      ], 
      "projected_cuboid_centroid": [
        253.83417762734086, 
        343.1876913516688
      ], 
      "quaternion_xyzw": [
        -0.09396674286236982, 
        0.4569871861233807, 
        0.8840580759577031, 
        0.027827229821721037
      ], 
      "visibility": 0.2148791828645476
    }, 
    {
      "bounding_box": {
        "bottom_right": [
          284, 
          369
        ], 
        "top_left": [
          183, 
          223
        ]
      }, 
      "class": "035_power_drill", 
      "cuboid": [
        [
          -14.36709481315011, 
          -2.4880688416581926, 
          66.49460845516238
        ], 
        [
          -32.73015928877999, 
          -1.619945741197685, 
          65.1040063060212
        ], 
        [
          -34.37896780570268, 
          -13.343301434766868, 
          79.5581165271805
        ], 
        [
          -16.015903330072806, 
          -14.211424535227376, 
          80.94871867632168
        ], 
        [
          -14.429434618977682, 
          1.956995012819149, 
          70.09277463282484
        ], 
        [
          -32.79249909460756, 
          2.8251181132796566, 
          68.70217248368367
        ], 
        [
          -34.441307611530256, 
          -8.898237580289528, 
          83.15628270484297
        ], 
        [
          -16.078243135900376, 
          -9.766360680750036, 
          84.54688485398414
        ]
      ], 
      "cuboid_centroid": [
        -24.404201212340183, 
        -5.69315321097386, 
        74.82544558000266
      ], 
      "location": [
        -24.404201212340183, 
        -5.69315321097386, 
        74.82544558000266
      ], 
      "pose_transform_permuted": [
        [
          0.010900091684839826, 
          -0.7772177490059111, 
          -0.6291380076205565, 
          0.0
        ], 
        [
          0.9960384500816627, 
          -0.04708821823341728, 
          0.07542821685067848, 
          0.0
        ], 
        [
          0.08824897576024451, 
          0.627467727035654, 
          -0.773625566250513, 
          0.0
        ], 
        [
          -24.404201212340183, 
          -5.69315321097386, 
          74.82544558000266, 
          1.0
        ]
      ], 
      "projected_cuboid": [
        [
          365.40559417594113, 
          253.33099769986464
        ], 
        [
          211.24347702361985, 
          260.01625191955407
        ], 
        [
          249.2163559434416, 
          183.83942347005052
        ], 
        [
          375.1991339093954, 
          179.65650734807022
        ], 
        [
          370.89192472571847, 
          288.1768568477104
        ], 
        [
          224.91485032442944, 
          295.2172973754179
        ], 
        [
          258.86830636614286, 
          216.21803752763316
        ], 
        [
          379.33072726096003, 
          211.68058506723727
        ]
      ], 
      "projected_cuboid_centroid": [
        306.20618176317714, 
        232.70849566079593
      ], 
      "quaternion_xyzw": [
        0.901754426761781, 
        -0.03752052387468184, 
        0.02393343075828445, 
        0.42995167787130656
      ], 
      "visibility": 0.6922265212803377
    }, 
    {
      "bounding_box": {
        "bottom_right": [
          220, 
          266
        ], 
        "top_left": [
          177, 
          202
        ]
      }, 
      "class": "061_foam_brick", 
      "cuboid": [
        [
          -41.250380454632456, 
          -15.03509409058662, 
          81.91213337528926
        ], 
        [
          -33.519895035067414, 
          -15.036898611992305, 
          82.85191371194146
        ], 
        [
          -33.00529884623261, 
          -12.196055327330694, 
          78.62438115216611
        ], 
        [
          -40.73578426579766, 
          -12.194250805925005, 
          77.68460081551392
        ], 
        [
          -41.60136113169751, 
          -10.662636638146925, 
          84.80764107378232
        ], 
        [
          -33.87087571213247, 
          -10.664441159552613, 
          85.74742141043453
        ], 
        [
          -33.356279523297665, 
          -7.823597874890997, 
          81.51988885065917
        ], 
        [
          -41.08676494286271, 
          -7.821793353485311, 
          80.58010851400698
        ]
      ], 
      "cuboid_centroid": [
        -37.30332998896506, 
        -11.429345982738809, 
        81.71601111297421
      ], 
      "location": [
        -37.30332998896506, 
        -11.429345982738809, 
        81.71601111297421
      ], 
      "pose_transform_permuted": [
        [
          0.06677714502720178, 
          -0.8318982910068214, 
          -0.5508956764415073, 
          0.0
        ], 
        [
          -0.9926914822721554, 
          0.00023172322716880078, 
          -0.12067960610085277, 
          0.0
        ], 
        [
          -0.10052081339865418, 
          -0.5549280851824638, 
          0.8258028737836876, 
          0.0
        ], 
        [
          -37.30332998896506, 
          -11.429345982738809, 
          81.71601111297421, 
          1.0
        ]
      ], 
      "projected_cuboid": [
        [
          210.78285127558004, 
          175.39493410154444
        ], 
        [
          264.03065906083094, 
          176.49369228065268
        ], 
        [
          255.8520539145062, 
          190.5590805669736
        ], 
        [
          199.6076041821672, 
          189.5706832479504
        ], 
        [
          217.80344359457155, 
          206.233701051157
        ], 
        [
          269.1762416204789, 
          206.9573677228683
        ], 
        [
          261.55497692952787, 
          222.10298000113286
        ], 
        [
          207.39808621405479, 
          221.51798556993663
        ]
      ], 
      "projected_cuboid_centroid": [
        236.10798636018023, 
        198.6929063000515
      ], 
      "quaternion_xyzw": [
        0.02861865207730824, 
        0.8801299966334698, 
        -0.47086827262202124, 
        0.053246893028610444
      ], 
      "visibility": 0.9030651340996169
    }
  ]
}