{
  "camera_data": {
    "location_worldframe": [
      -10.826292300195572, 
      4.9946873574965895, 
      81.74286084415296
    ], 
    "quaternion_xyzw_worldframe": [
      0.9321699944397163, 
      -0.008545690915398172, 
      0.11741796343334876, 
      -0.34234343382760213
    ]
  }, 
  "objects": [
    {
      "bounding_box": {
        "bottom_right": [
          496, 
          385
        ], 
        "top_left": [
          306, 
          231
        ]
      }, 
      "class": "003_cracker_box", 
      "cuboid": [
        [
          -10.758370011449934, 
          18.35327609198923, 
          59.39792169697399
        ], 
        [
          -26.59339157425913, 
          20.698597204189507, 
          55.81606789297923
        ], 
        [
          -32.060664745025846, 
          6.1957420516010915, 
          70.49018332272999
        ], 
        [
          -16.22564318221665, 
          3.8504209394008115, 
          74.07203712672475
        ], 
        [
          -11.11790150402394, 
          23.520131216661024, 
          64.37052089271086
        ], 
        [
          -26.952923066833133, 
          25.865452328861306, 
          60.788667088716096
        ], 
        [
          -32.42019623759985, 
          11.362597176272889, 
          75.46278251846687
        ], 
        [
          -16.585174674790657, 
          9.017276064072608, 
          79.04463632246163
        ]
      ], 
      "cuboid_centroid": [
        -21.589283124524894, 
        14.857936634131057, 
        67.43035210772042
      ], 
      "location": [
        -21.589283124524894, 
        14.857936634131057, 
        67.43035210772042
      ], 
      "pose_transform_permuted": [
        [
          0.05007402523256039, 
          -0.7196177225908588, 
          -0.6925625786383169, 
          0.0
        ], 
        [
          0.9653381510200282, 
          -0.14297599387657595, 
          0.21835777833692707, 
          0.0
        ], 
        [
          0.25615395015935666, 
          0.6794911320305448, 
          -0.687515058242077, 
          0.0
        ], 
        [
          -21.589283124524894, 
          14.857936634131057, 
          67.43035210772042, 
          1.0
        ]
      ], 
      "projected_cuboid": [
        [
          384.19527258921545, 
          438.0761682506589
        ], 
        [
          225.38107896381817, 
          471.0605419534045
        ], 
        [
          237.0088005658241, 
          320.16271864431536
        ], 
        [
          363.798674353284, 
          301.0096163533921
        ], 
        [
          388.7159287997991, 
          468.1544123226652
        ], 
        [
          243.15933235055834, 
          500.2129194141686
        ], 
        [
          250.56377817625983, 
          353.58964088263747
        ], 
        [
          368.76322503367453, 
          334.12671810715216
        ]
      ], 
      "projected_cuboid_centroid": [
        309.4203078641832, 
        390.8008075174949
      ], 
      "quaternion_xyzw": [
        0.913426497000291, 
        -0.10923975419661094, 
        0.07346836457312723, 
        0.3851247980691346
      ], 
      "visibility": 0.5485736150673866
    }, 
    {
      "bounding_box": {
        "bottom_right": [
          486, 
          417
        ], 
        "top_left": [
          360, 
          345
        ]
      }, 
      "class": "006_mustard_bottle", 
      "cuboid": [
        [
          -6.656472245571016, 
          25.6296791201125, 
          69.51043272259754
        ], 
        [
          -15.575919331823313, 
          24.84669961617344, 
          66.04107044947554
        ], 
        [
          -19.903383295966766, 
          12.459735481921468, 
          79.96216633881508
        ], 
        [
          -10.98393620971447, 
          13.242714985860527, 
          83.43152861193708
        ], 
        [
          -8.36482328105867, 
          30.04309226547621, 
          72.90642705902614
        ], 
        [
          -17.284270367310963, 
          29.260112761537155, 
          69.43706478590414
        ], 
        [
          -21.611734331454418, 
          16.873148627285182, 
          83.35816067524368
        ], 
        [
          -12.692287245202122, 
          17.656128131224243, 
          86.82752294836568
        ]
      ], 
      "cuboid_centroid": [
        -14.134103288512717, 
        21.25141387369884, 
        76.4342966989206
      ], 
      "location": [
        -14.134103288512717, 
        21.25141387369884, 
        76.4342966989206
      ], 
      "pose_transform_permuted": [
        [
          0.2932841750772226, 
          -0.7576804806065414, 
          -0.5830133133276519, 
          0.0
        ], 
        [
          0.9288768690984137, 
          0.08153998147577214, 
          0.3613015846007771, 
          0.0
        ], 
        [
          0.22621229933639397, 
          0.647511720911859, 
          -0.7277063741033911, 
          0.0
        ], 
        [
          -14.134103288512717, 
          21.25141387369884, 
          76.4342966989206, 
          1.0
        ]
      ], 
      "projected_cuboid": [
        [
          430.09960147407827, 
          469.930541618963
        ], 
        [
          354.7643435863393, 
          473.9379113206072
        ], 
        [
          347.7422242485037, 
          356.3886003428382
        ], 
        [
          410.79930516839636, 
          357.9379803535809
        ], 
        [
          419.89741987889386, 
          493.0554951300816
        ], 
        [
          347.736879209833, 
          498.02229243244346
        ], 
        [
          342.1744499846345, 
          381.23974280018126
        ], 
        [
          402.9877163042282, 
          381.73554787614955
        ]
      ], 
      "projected_cuboid_centroid": [
        382.1546394492253, 
        421.5680775311883
      ], 
      "quaternion_xyzw": [
        0.8887353238363382, 
        -0.04069612008784727, 
        0.1841340560349277, 
        0.41783723873438283
      ], 
      "visibility": 0.30735098358231033
    }, 
    {
      "bounding_box": {
        "bottom_right": [
          373, 
          358
        ], 
        "top_left": [
          294, 
          262
        ]
      }, 
      "class": "008_pudding_box", 
      "cuboid": [
        [
          -14.831167687541189, 
          8.621438255873217, 
          65.26627487710394
        ], 
        [
          -25.744037277984166, 
          9.856609809047123, 
          62.341210925855485
        ], 
        [
          -28.09008548604477, 
          3.7848630481737136, 
          68.52997976780533
        ], 
        [
          -17.177215895601794, 
          2.5496914949998084, 
          71.45504371905379
        ], 
        [
          -15.212407115090611, 
          11.425325481277168, 
          67.87262083942184
        ], 
        [
          -26.12527670553359, 
          12.660497034451074, 
          64.94755688817338
        ], 
        [
          -28.4713249135942, 
          6.588750273577665, 
          71.13632573012325
        ], 
        [
          -17.558455323151218, 
          5.353578720403759, 
          74.0613896813717
        ]
      ], 
      "cuboid_centroid": [
        -21.651246300567692, 
        7.605094264725441, 
        68.20130030361359
      ], 
      "location": [
        -21.651246300567692, 
        7.605094264725441, 
        68.20130030361359
      ], 
      "pose_transform_permuted": [
        [
          0.09909787258492861, 
          -0.7288313823983177, 
          -0.6774832858874225, 
          0.0
        ], 
        [
          0.9601834769236008, 
          -0.10867822681233956, 
          0.2573656774376995, 
          0.0
        ], 
        [
          0.2612031378032539, 
          0.6760130931827419, 
          -0.6890420389070506, 
          0.0
        ], 
        [
          -21.651246300567692, 
          7.605094264725441, 
          68.20130030361359, 
          1.0
        ]
      ], 
      "projected_cuboid": [
        [
          359.3950843928599, 
          343.7361211025195
        ], 
        [
          259.5253974707202, 
          357.60833662428854
        ], 
        [
          261.1703699639769, 
          302.74140707743004
        ], 
        [
          352.3229387654016, 
          292.31669085174576
        ], 
        [
          361.0670959010207, 
          363.0627945619128
        ], 
        [
          265.28048320925825, 
          377.2487395586048
        ], 
        [
          266.36450091172736, 
          322.6833758621865
        ], 
        [
          354.10411330048834, 
          311.8379125090158
        ]
      ], 
      "projected_cuboid_centroid": [
        310.87801902961615, 
        332.756748742589
      ], 
      "quaternion_xyzw": [
        0.910175787416058, 
        -0.10159613388136468, 
        0.09791063302030084, 
        0.3894504338910831
      ], 
      "visibility": 0.9034856700232378
    }, 
    {
      "bounding_box": {
        "bottom_right": [
          539, 
          360
        ], 
        "top_left": [
          352, 
          199
        ]
      }, 
      "class": "019_pitcher_base", 
      "cuboid": [
        [
          -33.98098266869132, 
          36.49459808204458, 
          65.58473198667221
        ], 
        [
          -16.049666692884145, 
          35.93172740151799, 
          71.40870467520153
        ], 
        [
          -22.127019781002254, 
          19.933814921458463, 
          88.57399510175775
        ], 
        [
          -40.05833575680943, 
          20.496685601985067, 
          82.75002241322844
        ], 
        [
          -31.54966663169727, 
          26.502871311690235, 
          57.13332797507783
        ], 
        [
          -13.618350655890096, 
          25.940000631163635, 
          62.95730066360715
        ], 
        [
          -19.69570374400821, 
          9.942088151104114, 
          80.12259109016338
        ], 
        [
          -37.62701971981538, 
          10.504958831630715, 
          74.29861840163406
        ]
      ], 
      "cuboid_centroid": [
        -26.838343206349762, 
        23.21834311657435, 
        72.8536615384178
      ], 
      "location": [
        -26.838343206349762, 
        23.21834311657435, 
        72.8536615384178
      ], 
      "pose_transform_permuted": [
        [
          -0.18266013445750562, 
          0.7506593661891979, 
          0.6349378565450192, 
          0.0
        ], 
        [
          -0.9506683719585816, 
          0.02984183392905472, 
          -0.3087707919265628, 
          0.0
        ], 
        [
          0.2507293242133943, 
          0.6600152610505021, 
          -0.7081769984685553, 
          0.0
        ], 
        [
          -26.838343206349762, 
          23.21834311657435, 
          72.8536615384178, 
          1.0
        ]
      ], 
      "projected_cuboid": [
        [
          202.9689613643705, 
          570.052008351425
        ], 
        [
          360.7303864668311, 
          541.644491924992
        ], 
        [
          347.25611444453403, 
          393.3115391424364
        ], 
        [
          221.27168239960153, 
          405.3866088074368
        ], 
        [
          184.6377269703018, 
          520.6815485951134
        ], 
        [
          365.2728479629089, 
          493.02769870862056
        ], 
        [
          349.4041303186737, 
          339.464007237651
        ], 
        [
          209.25745177126356, 
          348.6917122072876
        ]
      ], 
      "projected_cuboid_centroid": [
        283.49178558204966, 
        443.2546193568135
      ], 
      "quaternion_xyzw": [
        -0.13639032145131239, 
        0.40488123566939055, 
        0.9007804240704422, 
        0.0778689097379041
      ], 
      "visibility": 0.21698190049674151
    }, 
    {
      "bounding_box": {
        "bottom_right": [
          416, 
          451
        ], 
        "top_left": [
          259, 
          270
        ]
      }, 
      "class": "035_power_drill", 
      "cuboid": [
        [
          -2.5535496516811307, 
          10.69660833023944, 
          53.804280330472245
        ], 
        [
          -20.571540285501282, 
          12.553559875612214, 
          50.370143835136595
        ], 
        [
          -24.349275750841386, 
          -0.6230966699922056, 
          63.0658666409453
        ], 
        [
          -6.331285117021232, 
          -2.4800482153649788, 
          66.50000313628095
        ], 
        [
          -2.913437216534212, 
          14.710142158224409, 
          57.862765998320555
        ], 
        [
          -20.931427850354364, 
          16.567093703597184, 
          54.428629502984904
        ], 
        [
          -24.709163315694465, 
          3.390437157992765, 
          67.12435230879362
        ], 
        [
          -6.691172681874313, 
          1.5334856126199927, 
          70.55848880412925
        ]
      ], 
      "cuboid_centroid": [
        -13.631356483687798, 
        7.043522744116102, 
        60.46431631963293
      ], 
      "location": [
        -13.631356483687798, 
        7.043522744116102, 
        60.46431631963293
      ], 
      "pose_transform_permuted": [
        [
          0.06292620583359891, 
          -0.7017648856053025, 
          -0.7096246979580694, 
          0.0
        ], 
        [
          0.97732115945645, 
          -0.10072366415662772, 
          0.18627239460616551, 
          0.0
        ], 
        [
          0.20219527136579263, 
          0.7052525700585223, 
          -0.6795116125671526, 
          0.0
        ], 
        [
          -13.631356483687798, 
          7.043522744116102, 
          60.46431631963293, 
          1.0
        ]
      ], 
      "projected_cuboid": [
        [
          456.074803743122, 
          379.3136172582008
        ], 
        [
          261.97025618032393, 
          406.203754618511
        ], 
        [
          273.97026467567514, 
          268.01729054196824
        ], 
        [
          430.3980140406176, 
          253.39694071702283
        ], 
        [
          454.5202144818681, 
          408.869529026838
        ], 
        [
          274.79103994931614, 
          435.61940561087295
        ], 
        [
          283.64061239421665, 
          300.2243998702238
        ], 
        [
          430.60005986952, 
          284.8774595216027
        ]
      ], 
      "projected_cuboid_centroid": [
        360.36104962574046, 
        335.4132408468202
      ], 
      "quaternion_xyzw": [
        0.9208960890720844, 
        -0.08223483059517829, 
        0.06765111813289991, 
        0.37498163868962137
      ], 
      "visibility": 0.7900034952813701
    }, 
    {
      "bounding_box": {
        "bottom_right": [
          314, 
          289
        ], 
        "top_left": [
          253, 
          214
        ]
      }, 
      "class": "061_foam_brick", 
      "cuboid": [
        [
          -31.50752425723123, 
          -2.2511538707853718, 
          64.38078372390711
        ], 
        [
          -23.954028653033397, 
          -2.7114755450818864, 
          66.21828291386619
        ], 
        [
          -22.835805442094085, 
          0.5572407268610371, 
          62.4404128613653
        ], 
        [
          -30.389301046291916, 
          1.0175624011575515, 
          60.60291367140622
        ], 
        [
          -32.07012223959791, 
          1.7819925791801472, 
          67.70384701919183
        ], 
        [
          -24.516626635400076, 
          1.3216709048836328, 
          69.54134620915092
        ], 
        [
          -23.398403424460763, 
          4.590387176826556, 
          65.76347615665003
        ], 
        [
          -30.95189902865859, 
          5.050708851123071, 
          63.925976966690946
        ]
      ], 
      "cuboid_centroid": [
        -27.452963840845996, 
        1.1696166530205923, 
        65.07212994027857
      ], 
      "location": [
        -27.452963840845996, 
        1.1696166530205923, 
        65.07212994027857
      ], 
      "pose_transform_permuted": [
        [
          0.10703918909344268, 
          -0.7673414036846637, 
          -0.6322418700066206, 
          0.0
        ], 
        [
          -0.9699637656245972, 
          0.059111088163092074, 
          -0.235957989124181, 
          0.0
        ], 
        [
          -0.21843283950351902, 
          -0.6385084568331304, 
          0.7379661544942319, 
          0.0
        ], 
        [
          -27.452963840845996, 
          1.1696166530205923, 
          65.07212994027857, 
          1.0
        ]
      ], 
      "projected_cuboid": [
        [
          218.41896134142596, 
          254.6383579721643
        ], 
        [
          287.064469873999, 
          251.44841497599845
        ], 
        [
          284.9251714933779, 
          278.0460739703364
        ], 
        [
          211.9355686917931, 
          282.2413212213709
        ], 
        [
          226.86770663138955, 
          287.323724661138
        ], 
        [
          292.00971766645273, 
          283.42256517253986
        ], 
        [
          290.262605480524, 
          310.51302780243833
        ], 
        [
          221.2206404407631, 
          315.42342922680973
        ]
      ], 
      "projected_cuboid_centroid": [
        254.72242783840872, 
        282.8725076804671
      ], 
      "quaternion_xyzw": [
        0.0770870409811099, 
        0.9000991740447756, 
        -0.41809491708966234, 
        0.09526649621182778
      ], 
      "visibility": 0.9551834523516375
    }
  ]
}