{
  "camera_data": {
    "location_worldframe": [
      -11.681522522424077, 
      4.62359395176446, 
      82.18115704237529
    ], 
    "quaternion_xyzw_worldframe": [
      0.9288440884857548, 
      -0.0004040524704889904, 
      0.10001809422505757, 
      -0.3567152611565335
    ]
  }, 
  "objects": [
    {
      "bounding_box": {
        "bottom_right": [
          488, 
          372
        ], 
        "top_left": [
          303, 
          218
        ]
      }, 
      "class": "003_cracker_box", 
      "cuboid": [
        [
          -12.601562158823917, 
          18.577617628422416, 
          60.22227993173698
        ], 
        [
          -28.588463527030726, 
          20.530849786484776, 
          57.11069119491869
        ], 
        [
          -33.230443206857444, 
          5.474994961250476, 
          71.50953862379092
        ], 
        [
          -17.24354183865063, 
          3.5217628031881167, 
          74.62112736060921
        ], 
        [
          -12.985533464321186, 
          23.59454099781212, 
          65.34433454655405
        ], 
        [
          -28.972434832528, 
          25.54777315587448, 
          62.23274580973575
        ], 
        [
          -33.614414512354706, 
          10.491918330640182, 
          76.63159323860799
        ], 
        [
          -17.627513144147898, 
          8.538686172577822, 
          79.74318197542628
        ]
      ], 
      "cuboid_centroid": [
        -23.10798833558931, 
        14.5347679795313, 
        68.42693658517248
      ], 
      "location": [
        -23.10798833558931, 
        14.5347679795313, 
        68.42693658517248
      ], 
      "pose_transform_permuted": [
        [
          0.053477898980133415, 
          -0.6987358620244659, 
          -0.7133780971137235, 
          0.0
        ], 
        [
          0.9745970819244334, 
          -0.11907337874456778, 
          0.18968937339432607, 
          0.0
        ], 
        [
          0.21748710818126668, 
          0.7054004009038264, 
          -0.6746181380452728, 
          0.0
        ], 
        [
          -23.10798833558931, 
          14.5347679795313, 
          68.42693658517248, 
          1.0
        ]
      ], 
      "projected_cuboid": [
        [
          369.0695011499101, 
          437.80716558194854
        ], 
        [
          212.40321610583484, 
          465.0107847237276
        ], 
        [
          231.69842624624516, 
          314.11916096841645
        ], 
        [
          357.3298988175223, 
          298.4566893401429
        ], 
        [
          374.7300744704175, 
          465.8576439141568
        ], 
        [
          231.24120324304045, 
          492.2247762539047
        ], 
        [
          245.70712030524317, 
          346.3053188038548
        ], 
        [
          362.7224260584815, 
          330.39296937254454
        ]
      ], 
      "projected_cuboid_centroid": [
        299.99249535652746, 
        386.5705279885615
      ], 
      "quaternion_xyzw": [
        0.9210558587759463, 
        -0.09135181208583609, 
        0.06600231409895732, 
        0.37276620820122747
      ], 
      "visibility": 0.523327712197864
    }, 
    {
      "bounding_box": {
        "bottom_right": [
          481, 
          407
        ], 
        "top_left": [
          355, 
          338
        ]
      }, 
      "class": "006_mustard_bottle", 
      "cuboid": [
        [
          -8.456112849429681, 
          25.70048364583199, 
          70.42595693449385
        ], 
        [
          -17.4359960473914, 
          24.737699246223148, 
          67.16393122015005
        ], 
        [
          -21.022425854815687, 
          11.851390739781822, 
          80.84023590736827
        ], 
        [
          -12.04254265685397, 
          12.81417513939066, 
          84.10226162171209
        ], 
        [
          -10.206574418248806, 
          29.965769171950374, 
          73.9858277273666
        ], 
        [
          -19.186457616210525, 
          29.002984772341534, 
          70.72380201302279
        ], 
        [
          -22.772887423634813, 
          16.116676265900203, 
          84.40010670024101
        ], 
        [
          -13.793004225673094, 
          17.079460665509043, 
          87.66213241458483
        ]
      ], 
      "cuboid_centroid": [
        -15.614500136532246, 
        20.908579955866095, 
        77.41303181736744
      ], 
      "location": [
        -15.614500136532246, 
        20.908579955866095, 
        77.41303181736744
      ], 
      "pose_transform_permuted": [
        [
          0.30051357510896576, 
          -0.732250410489764, 
          -0.6111470928287014, 
          0.0
        ], 
        [
          0.9351707240517837, 
          0.10026497719840363, 
          0.3397094240436081, 
          0.0
        ], 
        [
          0.18747574557945756, 
          0.6736142695476397, 
          -0.7149102465912951, 
          0.0
        ], 
        [
          -15.614500136532246, 
          20.908579955866095, 
          77.41303181736744, 
          1.0
        ]
      ], 
      "projected_cuboid": [
        [
          417.0272227174247, 
          467.91039290528107
        ], 
        [
          341.9916124408751, 
          469.7178547750356
        ], 
        [
          341.75205176469433, 
          351.47258850931
        ], 
        [
          404.5950242253914, 
          354.5453580445759
        ], 
        [
          407.4108548545013, 
          489.2918462288145
        ], 
        [
          335.70860946348216, 
          491.9945161901869
        ], 
        [
          336.4972591950441, 
          375.1269195198349
        ], 
        [
          396.9837798101775, 
          377.19469754842487
        ]
      ], 
      "projected_cuboid_centroid": [
        373.12804092403957, 
        417.33147311677993
      ], 
      "quaternion_xyzw": [
        0.897208460507942, 
        -0.024300586825630466, 
        0.17839304557775812, 
        0.4032398045660898
      ], 
      "visibility": 0.32219892150988616
    }, 
    {
      "bounding_box": {
        "bottom_right": [
          368, 
          348
        ], 
        "top_left": [
          291, 
          253
        ]
      }, 
      "class": "008_pudding_box", 
      "cuboid": [
        [
          -16.22466556890318, 
          8.569904096968285, 
          65.91901363252008
        ], 
        [
          -27.242737271200074, 
          9.547535889249703, 
          63.307749068282426
        ], 
        [
          -29.242035673771895, 
          3.241294952198555, 
          69.38270107164381
        ], 
        [
          -18.223963971474994, 
          2.263663159917136, 
          71.99396563588147
        ], 
        [
          -16.62143733265606, 
          11.28919894331994, 
          68.61125694531451
        ], 
        [
          -27.639509034952958, 
          12.266830735601358, 
          65.99999238107685
        ], 
        [
          -29.638807437524772, 
          5.9605897985502105, 
          72.07494438443824
        ], 
        [
          -18.620735735227875, 
          4.982958006268793, 
          74.68620894867588
        ]
      ], 
      "cuboid_centroid": [
        -22.931736503213976, 
        7.265246947759247, 
        68.99697900847916
      ], 
      "location": [
        -22.931736503213976, 
        7.265246947759247, 
        68.99697900847916
      ], 
      "pose_transform_permuted": [
        [
          0.1031352867735152, 
          -0.7068427731538199, 
          -0.6998111042550568, 
          0.0
        ], 
        [
          0.9694398259253395, 
          -0.08601824530973064, 
          0.22975561722581966, 
          0.0
        ], 
        [
          0.22259688200887157, 
          0.7021210880669766, 
          -0.6763699568620141, 
          0.0
        ], 
        [
          -22.931736503213976, 
          7.265246947759247, 
          68.99697900847916, 
          1.0
        ]
      ], 
      "projected_cuboid": [
        [
          349.2370584874993, 
          342.62158152882586
        ], 
        [
          250.18521088035578, 
          353.7172583230193
        ], 
        [
          254.95102692377753, 
          298.2011931640908
        ], 
        [
          345.47188139577673, 
          290.0553863456542
        ], 
        [
          351.3209115168673, 
          361.03818607594934
        ], 
        [
          256.39199114192365, 
          372.4098987383319
        ], 
        [
          260.45663940798596, 
          317.39200755850703
        ], 
        [
          347.52195932363253, 
          308.8688646823236
        ]
      ], 
      "projected_cuboid_centroid": [
        302.86659517491944, 
        329.44404704191504
      ], 
      "quaternion_xyzw": [
        0.9180648150113603, 
        -0.08403958039574344, 
        0.09065016395253521, 
        0.3766653256389958
      ], 
      "visibility": 0.8825273010920437
    }, 
    {
      "bounding_box": {
        "bottom_right": [
          538, 
          347
        ], 
        "top_left": [
          346, 
          190
        ]
      }, 
      "class": "019_pitcher_base", 
      "cuboid": [
        [
          -36.18837677986981, 
          35.822090632930646, 
          67.49994140361126
        ], 
        [
          -18.10155655667405, 
          35.65362264043923, 
          72.84841096538989
        ], 
        [
          -23.242824842838377, 
          19.017801825808508, 
          89.71054149324745
        ], 
        [
          -41.329645066034146, 
          19.186269818299923, 
          84.36207193146883
        ], 
        [
          -33.68061013525125, 
          26.142187206284007, 
          58.71457246433006
        ], 
        [
          -15.593789912055483, 
          25.973719213792595, 
          64.06304202610869
        ], 
        [
          -20.73505819821981, 
          9.33789839916187, 
          80.92517255396625
        ], 
        [
          -38.821878421415576, 
          9.506366391653284, 
          75.57670299218763
        ]
      ], 
      "cuboid_centroid": [
        -28.461717489044812, 
        22.57999451604626, 
        74.21255697878875
      ], 
      "location": [
        -28.461717489044812, 
        22.57999451604626, 
        74.21255697878875
      ], 
      "pose_transform_permuted": [
        [
          -0.18840372272639955, 
          0.7272326733932011, 
          0.6600280042951191, 
          0.0
        ], 
        [
          -0.958912773534964, 
          0.008931703192617053, 
          -0.28356094207621185, 
          0.0
        ], 
        [
          0.21210989460362345, 
          0.6863330219766914, 
          -0.6956697316655247, 
          0.0
        ], 
        [
          -28.461717489044812, 
          22.57999451604626, 
          74.21255697878875, 
          1.0
        ]
      ], 
      "projected_cuboid": [
        [
          193.28856851005207, 
          556.3182273045234
        ], 
        [
          347.9721121030136, 
          534.3049310137037
        ], 
        [
          342.2694642862444, 
          386.34533769155706
        ], 
        [
          218.14223119263372, 
          394.5781704394087
        ], 
        [
          173.11793914580582, 
          510.7427570913926
        ], 
        [
          350.69820993287, 
          489.515625242992
        ], 
        [
          343.8084446913491, 
          334.82590731196666
        ], 
        [
          205.3610268656983, 
          340.36979460342354
        ]
      ], 
      "projected_cuboid_centroid": [
        275.35585906476643, 
        435.5549431348441
      ], 
      "quaternion_xyzw": [
        -0.12980032167754585, 
        0.39132842703302806, 
        0.9090205992999792, 
        0.060791141027623764
      ], 
      "visibility": 0.24093509625082937
    }, 
    {
      "bounding_box": {
        "bottom_right": [
          414, 
          435
        ], 
        "top_left": [
          260, 
          256
        ]
      }, 
      "class": "035_power_drill", 
      "cuboid": [
        [
          -4.320027008715926, 
          11.331052859835525, 
          54.21091202609539
        ], 
        [
          -22.469607025739847, 
          12.72519098033488, 
          51.28881122401724
        ], 
        [
          -25.515178465322542, 
          -0.9000733732840118, 
          63.70467230689185
        ], 
        [
          -7.365598448298622, 
          -2.2942114937833686, 
          66.62677310897
        ], 
        [
          -4.693693587127424, 
          15.22034846124819, 
          58.38739760333087
        ], 
        [
          -22.843273604151342, 
          16.61448658174755, 
          55.46529680125273
        ], 
        [
          -25.888845043734037, 
          2.9892222281286553, 
          67.88115788412733
        ], 
        [
          -7.739265026710118, 
          1.5950841076292992, 
          70.80325868620548
        ]
      ], 
      "cuboid_centroid": [
        -15.104436026224983, 
        7.160137543982089, 
        61.04603495511136
      ], 
      "location": [
        -15.104436026224983, 
        7.160137543982089, 
        61.04603495511136
      ], 
      "pose_transform_permuted": [
        [
          0.06533546119010081, 
          -0.6800418782519322, 
          -0.7302569378896568, 
          0.0
        ], 
        [
          0.9844587527196783, 
          -0.07562001291150558, 
          0.15849885827863516, 
          0.0
        ], 
        [
          0.1630077461326138, 
          0.7292633506731289, 
          -0.6645326079405104, 
          0.0
        ], 
        [
          -15.104436026224983, 
          7.160137543982089, 
          61.04603495511136, 
          1.0
        ]
      ], 
      "projected_cuboid": [
        [
          438.74305698210134, 
          384.7598956919411
        ], 
        [
          246.00287487289805, 
          405.60766977299113
        ], 
        [
          266.2102789291555, 
          265.7513488205714
        ], 
        [
          422.14718686888824, 
          254.92233001401883
        ], 
        [
          438.3668580442156, 
          412.31157129803216
        ], 
        [
          260.1200140378481, 
          433.04104340003886
        ], 
        [
          276.5020212027146, 
          296.77185853876585
        ], 
        [
          422.81590093775696, 
          285.30137468794857
        ]
      ], 
      "projected_cuboid_centroid": [
        348.53974260531083, 
        335.8400121458513
      ], 
      "quaternion_xyzw": [
        0.9278980333639123, 
        -0.06429255975977805, 
        0.0603068202055749, 
        0.3622635348514404
      ], 
      "visibility": 0.7824796891557754
    }, 
    {
      "bounding_box": {
        "bottom_right": [
          309, 
          283
        ], 
        "top_left": [
          250, 
          207
        ]
      }, 
      "class": "061_foam_brick", 
      "cuboid": [
        [
          -32.584306461657555, 
          -2.782515330999464, 
          65.1552370542062
        ], 
        [
          -24.974763760870516, 
          -3.0598510441086337, 
          66.78665972987805
        ], 
        [
          -24.054804388836075, 
          0.34272660374098063, 
          63.07406340739817
        ], 
        [
          -31.664347089623107, 
          0.6200623168501507, 
          61.442640731726314
        ], 
        [
          -33.1804157655493, 
          1.1400350057059492, 
          68.6025242477726
        ], 
        [
          -25.57087306476226, 
          0.862699292596779, 
          70.23394692344446
        ], 
        [
          -24.650913692727816, 
          4.265276940446394, 
          66.5213506009646
        ], 
        [
          -32.26045639351485, 
          4.5426126535555635, 
          64.88992792529274
        ]
      ], 
      "cuboid_centroid": [
        -28.617610077192683, 
        0.7413808047234649, 
        65.83829382758539
      ], 
      "location": [
        -28.617610077192683, 
        0.7413808047234649, 
        65.83829382758539
      ], 
      "pose_transform_permuted": [
        [
          0.11341501125050601, 
          -0.7462995253785081, 
          -0.6558765536614809, 
          0.0
        ], 
        [
          -0.9771609172095905, 
          0.03561339103448402, 
          -0.20949517478246876, 
          0.0
        ], 
        [
          -0.17970413768514004, 
          -0.6646568323569981, 
          0.7252156355871001, 
          0.0
        ], 
        [
          -28.617610077192683, 
          0.7413808047234649, 
          65.83829382758539, 
          1.0
        ]
      ], 
      "projected_cuboid": [
        [
          212.65986077568346, 
          250.51062642636936
        ], 
        [
          280.5010813895159, 
          248.85233974469125
        ], 
        [
          276.50788414321494, 
          276.1844456089842
        ], 
        [
          204.46141363090143, 
          278.6686532750558
        ], 
        [
          221.50119229337682, 
          282.1492292702817
        ], 
        [
          285.8071976642197, 
          279.8374218101807
        ], 
        [
          282.3170744715022, 
          307.48241192924087
        ], 
        [
          214.24413464741005, 
          310.6215199171745
        ]
      ], 
      "projected_cuboid_centroid": [
        247.8498062068363, 
        279.29205359794935
      ], 
      "quaternion_xyzw": [
        0.059284913964035575, 
        0.9079777397089739, 
        -0.40516278555387814, 
        0.08890916922051258
      ], 
      "visibility": 0.926302729528536
    }
  ]
}