{
  "camera_data": {
    "location_worldframe": [
      -17.5008757560182, 
      -0.7740546172368454, 
      90.59873656226449
    ], 
    "quaternion_xyzw_worldframe": [
      0.8849017346481822, 
      0.030694446852448855, 
      0.006632969937785804, 
      -0.46471787633535666
    ]
  }, 
  "objects": [
    {
      "bounding_box": {
        "bottom_right": [
          413, 
          333
        ], 
        "top_left": [
          270, 
          189
        ]
      }, 
      "class": "003_cracker_box", 
      "cuboid": [
        [
          -23.64324614584602, 
          17.20115230744854, 
          72.7966099185635
        ], 
        [
          -40.037355808929306, 
          17.182530130790596, 
          72.23899243633043
        ], 
        [
          -40.3888350219683, 
          -1.137625145469072, 
          83.18439878616196
        ], 
        [
          -23.99472535888501, 
          -1.1190029688111238, 
          83.74201626839502
        ], 
        [
          -23.85692472971674, 
          20.88506515236665, 
          78.95579210037832
        ], 
        [
          -40.25103439280003, 
          20.8664429757087, 
          78.39817461814526
        ], 
        [
          -40.60251360583902, 
          2.5462876994490333, 
          89.34358096797678
        ], 
        [
          -24.20840394275573, 
          2.5649098761069813, 
          89.90119845020985
        ]
      ], 
      "cuboid_centroid": [
        -32.12287987584252, 
        9.873720003448788, 
        81.07009544327013
      ], 
      "location": [
        -32.12287987584252, 
        9.873720003448788, 
        81.07009544327013
      ], 
      "pose_transform_permuted": [
        [
          0.02976024916147682, 
          -0.513079795681628, 
          -0.8578248369178558, 
          0.0
        ], 
        [
          0.9994214057118611, 
          0.0011352493276783615, 
          0.033993602543590073, 
          0.0
        ], 
        [
          0.016467585578170907, 
          0.8583401624485849, 
          -0.5128167159453392, 
          0.0
        ], 
        [
          -32.12287987584252, 
          9.873720003448788, 
          81.07009544327013, 
          1.0
        ]
      ], 
      "projected_cuboid": [
        [
          306.93938853037673, 
          399.30492522411504
        ], 
        [
          183.54959367035264, 
          400.1401872104939
        ], 
        [
          220.49447638007905, 
          265.9928894458939
        ], 
        [
          327.5107395562142, 
          266.16005329087193
        ], 
        [
          319.1087277870939, 
          414.3580660512426
        ], 
        [
          205.4993400088815, 
          415.23477496875086
        ], 
        [
          237.20826562826494, 
          288.48612008673183
        ], 
        [
          336.7891155516144, 
          288.5023158529007
        ]
      ], 
      "projected_cuboid_centroid": [
        268.51567513193686, 
        338.2408001886724
      ], 
      "quaternion_xyzw": [
        0.963792820719046, 
        -0.003977083020563932, 
        0.01653722935430842, 
        0.26610919109710424
      ], 
      "visibility": 0.3625544267053701
    }, 
    {
      "bounding_box": {
        "bottom_right": [
          420, 
          372
        ], 
        "top_left": [
          307, 
          306
        ]
      }, 
      "class": "006_mustard_bottle", 
      "cuboid": [
        [
          -18.89262565275503, 
          22.55968547591427, 
          83.78533666499656
        ], 
        [
          -28.075291917762936, 
          20.886031291668512, 
          81.53065492531618
        ], 
        [
          -27.78486671043561, 
          4.980005836777206, 
          92.15490751134261
        ], 
        [
          -18.602200445427712, 
          6.65366002102296, 
          94.409589251023
        ], 
        [
          -20.593669235440665, 
          25.632482176053585, 
          88.43225258360246
        ], 
        [
          -29.77633550044857, 
          23.95882799180783, 
          86.1775708439221
        ], 
        [
          -29.485910293121247, 
          8.052802536916522, 
          96.80182342994853
        ], 
        [
          -20.303244028113344, 
          9.726456721162277, 
          99.0565051696289
        ]
      ], 
      "cuboid_centroid": [
        -24.18926797293814, 
        15.306244006415396, 
        90.29358004747255
      ], 
      "location": [
        -24.18926797293814, 
        15.306244006415396, 
        90.29358004747255
      ], 
      "pose_transform_permuted": [
        [
          0.29202965523766033, 
          -0.5275277894646053, 
          -0.7977674807639961, 
          0.0
        ], 
        [
          0.9562886810958202, 
          0.17429540683209147, 
          0.23480398447519119, 
          0.0
        ], 
        [
          -0.015181583134861718, 
          0.8314658703729644, 
          -0.5553683695876526, 
          0.0
        ], 
        [
          -24.18926797293814, 
          15.306244006415396, 
          90.29358004747255, 
          1.0
        ]
      ], 
      "projected_cuboid": [
        [
          360.33749454499144, 
          416.8859138793089
        ], 
        [
          296.41663853609174, 
          409.9091311983749
        ], 
        [
          319.4602718284717, 
          302.1068657185446
        ], 
        [
          375.6375566095591, 
          310.873050295766
        ], 
        [
          356.36522228037273, 
          427.8715938902058
        ], 
        [
          295.78721558548244, 
          421.55843788218885
        ], 
        [
          317.7937333112242, 
          317.6526164309365
        ], 
        [
          371.37357530438584, 
          325.6537180609208
        ]
      ], 
      "projected_cuboid_centroid": [
        337.5323645411097, 
        363.692961883616
      ], 
      "quaternion_xyzw": [
        0.9467737364641011, 
        0.05003227874555052, 
        0.13911286810732826, 
        0.28594375755936435
      ], 
      "visibility": 0.4025145067698259
    }, 
    {
      "bounding_box": {
        "bottom_right": [
          322, 
          316
        ], 
        "top_left": [
          260, 
          225
        ]
      }, 
      "class": "008_pudding_box", 
      "cuboid": [
        [
          -25.0124500402698, 
          5.761954117431044, 
          76.40271681829637
        ], 
        [
          -36.337325195445295, 
          5.493257143578488, 
          75.48218694990021
        ], 
        [
          -36.53147056742121, 
          -2.1984176849813837, 
          80.11590647184468
        ], 
        [
          -25.206595412245715, 
          -1.929720711128827, 
          81.03643634024084
        ], 
        [
          -25.32620865334532, 
          7.7463578355428, 
          79.68354960365099
        ], 
        [
          -36.65108380852081, 
          7.477660861690244, 
          78.76301973525483
        ], 
        [
          -36.84522918049672, 
          -0.21401396686962712, 
          83.39673925719929
        ], 
        [
          -25.52035402532123, 
          0.05468300698292933, 
          84.31726912559544
        ]
      ], 
      "cuboid_centroid": [
        -30.928839610383264, 
        2.773970075280708, 
        79.89972803774783
      ], 
      "location": [
        -30.928839610383264, 
        2.773970075280708, 
        79.89972803774783
      ], 
      "pose_transform_permuted": [
        [
          0.08155717592181835, 
          -0.515818072853978, 
          -0.8528067294230185, 
          0.0
        ], 
        [
          0.9964343394834533, 
          0.023641663858838837, 
          0.08099405590099883, 
          0.0
        ], 
        [
          0.02161565997486881, 
          0.8563718312689692, 
          -0.5159067382646136, 
          0.0
        ], 
        [
          -30.928839610383264, 
          2.773970075280708, 
          79.89972803774783, 
          1.0
        ]
      ], 
      "projected_cuboid": [
        [
          305.5457951487876, 
          313.5071360979632
        ], 
        [
          222.7160432059488, 
          312.09916024964934
        ], 
        [
          236.3859586639574, 
          258.652000908546
        ], 
        [
          314.3241652482541, 
          260.58659840148
        ], 
        [
          310.67692574156763, 
          325.13267626838893
        ], 
        [
          231.35737345429635, 
          323.91922051768876
        ], 
        [
          244.0093809193654, 
          271.9179252440511
        ], 
        [
          318.8317393031273, 
          273.63241633818376
        ]
      ], 
      "projected_cuboid_centroid": [
        273.4309405782589, 
        291.8024028111504
      ], 
      "quaternion_xyzw": [
        0.9624984285929302, 
        0.0005262356342056133, 
        0.04222116810633386, 
        0.2679809079342765
      ], 
      "visibility": 0.8016676593210245
    }, 
    {
      "bounding_box": {
        "bottom_right": [
          445, 
          306
        ], 
        "top_left": [
          291, 
          180
        ]
      }, 
      "class": "019_pitcher_base", 
      "cuboid": [
        [
          -47.80571142664519, 
          28.491297446441283, 
          86.77452387040428
        ], 
        [
          -29.232395774221914, 
          30.090828073896077, 
          89.6452417860575
        ], 
        [
          -29.482918890972737, 
          9.64354305997612, 
          102.6590956899871
        ], 
        [
          -48.056234543396016, 
          8.04401243252133, 
          99.78837777433388
        ], 
        [
          -45.49071023794587, 
          21.433148396752326, 
          75.72936960343955
        ], 
        [
          -26.91739458552259, 
          23.032679024207113, 
          78.60008751909277
        ], 
        [
          -27.167917702273414, 
          2.585394010287162, 
          91.61394142302235
        ], 
        [
          -45.74123335469669, 
          0.9858633828323693, 
          88.74322350736915
        ]
      ], 
      "cuboid_centroid": [
        -37.4868145644593, 
        15.538345728364222, 
        89.19423264671332
      ], 
      "location": [
        -37.4868145644593, 
        15.538345728364222, 
        89.19423264671332
      ], 
      "pose_transform_permuted": [
        [
          -0.17392162185542254, 
          0.5302652698458951, 
          0.8298013638745271, 
          0.0
        ], 
        [
          -0.9847054046108429, 
          -0.08480265361181252, 
          -0.15219745895440476, 
          0.0
        ], 
        [
          0.010335666013148725, 
          0.8435800716535856, 
          -0.5369039362092595, 
          0.0
        ], 
        [
          -37.4868145644593, 
          15.538345728364222, 
          89.19423264671332, 
          1.0
        ]
      ], 
      "projected_cuboid": [
        [
          185.3327935326743, 
          448.39515512388715
        ], 
        [
          306.23772722234133, 
          452.3036008607369
        ], 
        [
          327.1552944749506, 
          323.3852684492226
        ], 
        [
          222.61987810582372, 
          316.2778106448456
        ], 
        [
          158.5616702869196, 
          424.22821132242234
        ], 
        [
          297.4343446234429, 
          429.5685366944909
        ], 
        [
          322.12430379401724, 
          288.33709944055647
        ], 
        [
          204.41546066580318, 
          279.2112748527773
        ]
      ], 
      "projected_cuboid_centroid": [
        255.58402523443178, 
        366.1950570764276
      ], 
      "quaternion_xyzw": [
        -0.08525487232730097, 
        0.2789820644285273, 
        0.9563062846362241, 
        -0.019467347646625267
      ], 
      "visibility": 0.19488576183991527
    }, 
    {
      "bounding_box": {
        "bottom_right": [
          383, 
          359
        ], 
        "top_left": [
          246, 
          210
        ]
      }, 
      "class": "035_power_drill", 
      "cuboid": [
        [
          -15.55028962835167, 
          12.823813366845883, 
          64.27749322431123
        ], 
        [
          -33.960646099975975, 
          11.879201757190435, 
          64.04078140476186
        ], 
        [
          -33.24408341367608, 
          -4.38409949371184, 
          73.20966960714729
        ], 
        [
          -14.833726942051772, 
          -3.439487884056394, 
          73.44638142669666
        ], 
        [
          -15.758014665152803, 
          15.623749804004353, 
          69.26011151400631
        ], 
        [
          -34.16837113677711, 
          14.679138194348907, 
          69.02339969445694
        ], 
        [
          -33.45180845047721, 
          -1.5841630565533698, 
          78.19228789684237
        ], 
        [
          -15.041451978852905, 
          -0.6395514468979235, 
          78.42899971639174
        ]
      ], 
      "cuboid_centroid": [
        -24.50104903941444, 
        5.619825155146256, 
        71.2348905605768
      ], 
      "location": [
        -24.50104903941444, 
        5.619825155146256, 
        71.2348905605768
      ], 
      "pose_transform_permuted": [
        [
          0.03632064483216067, 
          -0.48956783665907827, 
          -0.8712089405356462, 
          0.0
        ], 
        [
          0.9986036344741738, 
          0.05123706257520413, 
          0.012839582095508437, 
          0.0
        ], 
        [
          -0.038352496657403035, 
          0.8704586755477801, 
          -0.49074527722047195, 
          0.0
        ], 
        [
          -24.50104903941444, 
          5.619825155146256, 
          71.2348905605768, 
          1.0
        ]
      ], 
      "projected_cuboid": [
        [
          351.49886817192936, 
          379.6875573180771
        ], 
        [
          196.42232428417896, 
          372.21429605341376
        ], 
        [
          237.40156922242372, 
          241.34914327505402
        ], 
        [
          372.9866182598665, 
          248.31122661803022
        ], 
        [
          359.2453562055751, 
          393.5931842009812
        ], 
        [
          215.38994765140583, 
          386.70708663271375
        ], 
        [
          251.53372909809679, 
          262.48156982254494
        ], 
        [
          378.46236536887756, 
          268.9375686931681
        ]
      ], 
      "projected_cuboid_centroid": [
        296.6345813554711, 
        315.3609033051047
      ], 
      "quaternion_xyzw": [
        0.9669890447359785, 
        0.02316198919737199, 
        0.012709613204845448, 
        0.253444731151843
      ], 
      "visibility": 0.7945284101779223
    }, 
    {
      "bounding_box": {
        "bottom_right": [
          272, 
          260
        ], 
        "top_left": [
          221, 
          187
        ]
      }, 
      "class": "061_foam_brick", 
      "cuboid": [
        [
          -39.69680631881361, 
          -7.640682801065288, 
          75.04730954589756
        ], 
        [
          -31.95342067672331, 
          -7.035018759650384, 
          75.61011059988573
        ], 
        [
          -32.07251753819708, 
          -2.8178455471294135, 
          72.7103696834048
        ], 
        [
          -39.81590318028738, 
          -3.4235095885443165, 
          72.14756862941664
        ], 
        [
          -40.24127217123083, 
          -4.6891743275458335, 
          79.3621318026534
        ], 
        [
          -32.49788652914054, 
          -4.083510286130931, 
          79.92493285664156
        ], 
        [
          -32.61698339061431, 
          0.13366292639004074, 
          77.02519194016064
        ], 
        [
          -40.360369032704604, 
          -0.4720011150248629, 
          76.46239088617247
        ]
      ], 
      "cuboid_centroid": [
        -36.156894854713954, 
        -3.7535099373376237, 
        76.0362507430291
      ], 
      "location": [
        -36.156894854713954, 
        -3.7535099373376237, 
        76.0362507430291
      ], 
      "pose_transform_permuted": [
        [
          0.10358939270746537, 
          -0.5615503139185436, 
          -0.8209326906978938, 
          0.0
        ], 
        [
          -0.9943480329704881, 
          -0.07777487471995426, 
          -0.07227072844531574, 
          0.0
        ], 
        [
          0.023264286926954758, 
          -0.823779287066797, 
          0.5664331020990032, 
          0.0
        ], 
        [
          -36.156894854713954, 
          -3.7535099373376237, 
          76.0362507430291, 
          1.0
        ]
      ], 
      "projected_cuboid": [
        [
          197.14298020206513, 
          218.98844533475716
        ], 
        [
          254.33381356289507, 
          223.66469187209236
        ], 
        [
          244.3895570447301, 
          252.6180663565589
        ], 
        [
          184.82254884044616, 
          247.97972943015677
        ], 
        [
          208.91905864449643, 
          241.77492859067084
        ], 
        [
          262.939468697227, 
          246.03826981484576
        ], 
        [
          253.87624691520833, 
          274.21201514536307
        ], 
        [
          197.74047031100255, 
          269.99436473124075
        ]
      ], 
      "projected_cuboid_centroid": [
        225.8785551105426, 
        246.9593540968041
      ], 
      "quaternion_xyzw": [
        -0.026482874941216844, 
        0.953816021402343, 
        -0.29565015440795783, 
        0.04609382658885927
      ], 
      "visibility": 0.9499518768046198
    }
  ]
}