{
  "camera_data": {
    "location_worldframe": [
      -16.99758417697507, 
      -0.21360481756810962, 
      87.89040555544865
    ], 
    "quaternion_xyzw_worldframe": [
      0.8937668949423683, 
      0.028061707720169176, 
      -0.004115837781188706, 
      -0.4476344370761371
    ]
  }, 
  "objects": [
    {
      "bounding_box": {
        "bottom_right": [
          419, 
          332
        ], 
        "top_left": [
          271, 
          178
        ]
      }, 
      "class": "003_cracker_box", 
      "cuboid": [
        [
          -23.59172754899539, 
          17.025437676004117, 
          69.53051532013926
        ], 
        [
          -39.993516811667305, 
          16.91684024528783, 
          69.3122694310638
        ], 
        [
          -40.03025219294115, 
          -0.9622204476778251, 
          80.9695155207459
        ], 
        [
          -23.62846293026923, 
          -0.8536230169615383, 
          81.18776140982136
        ], 
        [
          -23.697710552859714, 
          20.94665516867491, 
          75.54426776873632
        ], 
        [
          -40.09949981553163, 
          20.838057737958625, 
          75.32602187966087
        ], 
        [
          -40.13623519680547, 
          2.95899704499297, 
          86.98326796934296
        ], 
        [
          -23.734445934133554, 
          3.0675944757092566, 
          87.20151385841842
        ]
      ], 
      "cuboid_centroid": [
        -31.86398137290043, 
        9.992217360498543, 
        78.25689164474112
      ], 
      "location": [
        -31.86398137290043, 
        9.992217360498543, 
        78.25689164474112
      ], 
      "pose_transform_permuted": [
        [
          0.014760864400862689, 
          -0.5461305830668972, 
          -0.8375699989380889, 
          0.0
        ], 
        [
          0.9998895711916524, 
          0.0066203410306306665, 
          0.013304755045148609, 
          0.0
        ], 
        [
          0.0017211346003741523, 
          0.8376738967663067, 
          -0.5461679964736476, 
          0.0
        ], 
        [
          -31.86398137290043, 
          9.992217360498543, 
          78.25689164474112, 
          1.0
        ]
      ], 
      "projected_cuboid": [
        [
          299.13355454541096, 
          403.8766721529684
        ], 
        [
          171.30461345701613, 
          403.45226855476307
        ], 
        [
          215.73368686756882, 
          266.9487081849509
        ], 
        [
          325.08903217953485, 
          267.67911804909863
        ], 
        [
          312.90424280855444, 
          421.16356073034854
        ], 
        [
          195.32059258137068, 
          420.82312612966876
        ], 
        [
          233.45942603517994, 
          291.4290050039033
        ], 
        [
          335.2288417448779, 
          292.0477742803786
        ]
      ], 
      "projected_cuboid_centroid": [
        262.63485009397766, 
        341.38335457681654
      ], 
      "quaternion_xyzw": [
        0.9585318809116429, 
        0.0012777891189171937, 
        0.007319949394723986, 
        0.28488843232362776
      ], 
      "visibility": 0.3429250121470604
    }, 
    {
      "bounding_box": {
        "bottom_right": [
          428, 
          372
        ], 
        "top_left": [
          312, 
          302
        ]
      }, 
      "class": "006_mustard_bottle", 
      "cuboid": [
        [
          -18.644070171610995, 
          22.829624727169133, 
          80.20134878593143
        ], 
        [
          -27.8624986814697, 
          21.03085144135648, 
          78.203585465346
        ], 
        [
          -27.27602406698616, 
          5.554148138536005, 
          89.43249627572396
        ], 
        [
          -18.05759555712745, 
          7.352921424348659, 
          91.4302595963094
        ], 
        [
          -20.264974114563763, 
          26.07483074994764, 
          84.75884422340785
        ], 
        [
          -29.48340262442247, 
          24.276057464134993, 
          82.76108090282241
        ], 
        [
          -28.896928009938925, 
          8.799354161314515, 
          93.98999171320037
        ], 
        [
          -19.67849950008022, 
          10.59812744712717, 
          95.98775503378582
        ]
      ], 
      "cuboid_centroid": [
        -23.770499090774962, 
        15.814489444241826, 
        87.0956702495659
      ], 
      "location": [
        -23.770499090774962, 
        15.814489444241826, 
        87.0956702495659
      ], 
      "pose_transform_permuted": [
        [
          0.2782715413361285, 
          -0.5571264638093222, 
          -0.7824160620577191, 
          0.0
        ], 
        [
          0.9600129839262218, 
          0.1873253893191224, 
          0.20804833757971858, 
          0.0
        ], 
        [
          -0.03065716367461583, 
          0.8090236381601272, 
          -0.5869760567634588, 
          0.0
        ], 
        [
          -23.770499090774962, 
          15.814489444241826, 
          87.0956702495659, 
          1.0
        ]
      ], 
      "projected_cuboid": [
        [
          356.58533007621185, 
          425.0980240444138
        ], 
        [
          290.0016435401345, 
          416.7091810443762
        ], 
        [
          317.58437904656984, 
          306.40801052741483
        ], 
        [
          375.3879739766473, 
          316.1766818620078
        ], 
        [
          353.0231839733235, 
          437.3545829652265
        ], 
        [
          290.0201481433381, 
          429.723557732463
        ], 
        [
          316.2632093348008, 
          323.2159805523771
        ], 
        [
          371.34978858218705, 
          332.17101663714584
        ]
      ], 
      "projected_cuboid_centroid": [
        334.82835993358424, 
        370.1246114964567
      ], 
      "quaternion_xyzw": [
        0.9422649155285455, 
        0.05783473134820718, 
        0.1290294987379041, 
        0.3035511833556433
      ], 
      "visibility": 0.4966491577612751
    }, 
    {
      "bounding_box": {
        "bottom_right": [
          325, 
          313
        ], 
        "top_left": [
          260, 
          218
        ]
      }, 
      "class": "008_pudding_box", 
      "cuboid": [
        [
          -24.830146387248405, 
          5.730529004075478, 
          73.60795381081891
        ], 
        [
          -36.17000247039025, 
          5.3789354153419024, 
          72.93236773586574
        ], 
        [
          -36.23121700365342, 
          -2.1262390365139985, 
          77.86587763551502
        ], 
        [
          -24.891360920511577, 
          -1.7746454477804232, 
          78.54146371046818
        ], 
        [
          -25.0866021045616, 
          7.840491630940457, 
          76.81458046939376
        ], 
        [
          -36.42645818770344, 
          7.488898042206882, 
          76.1389943944406
        ], 
        [
          -36.48767272096662, 
          -0.01627640964901901, 
          81.07250429408987
        ], 
        [
          -25.14781663782477, 
          0.3353171790845561, 
          81.74809036904304
        ]
      ], 
      "cuboid_centroid": [
        -30.65890955410751, 
        2.8571262972132296, 
        77.34022905245439
      ], 
      "location": [
        -30.65890955410751, 
        2.8571262972132296, 
        77.34022905245439
      ], 
      "pose_transform_permuted": [
        [
          0.06666208729076123, 
          -0.5484553601920419, 
          -0.8335178816144116, 
          0.0
        ], 
        [
          0.9977524565362647, 
          0.03093543377352381, 
          0.05944234749930421, 
          0.0
        ], 
        [
          0.006815472978161949, 
          0.8356073459403253, 
          -0.5492846488594041, 
          0.0
        ], 
        [
          -30.65890955410751, 
          2.8571262972132296, 
          77.34022905245439, 
          1.0
        ]
      ], 
      "projected_cuboid": [
        [
          300.1933132148238, 
          314.8065528925751
        ], 
        [
          214.89894236588617, 
          312.6201244625982
        ], 
        [
          231.37392362990852, 
          258.72348480448557
        ], 
        [
          311.1688949198192, 
          261.2361746984719
        ], 
        [
          305.9706208556924, 
          327.7226580893372
        ], 
        [
          224.31972171517177, 
          325.7429174496228
        ], 
        [
          239.56979173255718, 
          273.17946680995584
        ], 
        [
          316.16701619632624, 
          275.4741269192586
        ]
      ], 
      "projected_cuboid_centroid": [
        268.4187712596889, 
        292.98859245639187
      ], 
      "quaternion_xyzw": [
        0.957454657423917, 
        0.006297938134286667, 
        0.03292699915663791, 
        0.28662976375428945
      ], 
      "visibility": 0.7669032499066119
    }, 
    {
      "bounding_box": {
        "bottom_right": [
          454, 
          305
        ], 
        "top_left": [
          294, 
          170
        ]
      }, 
      "class": "019_pitcher_base", 
      "cuboid": [
        [
          -47.51905495190286, 
          28.753428147307147, 
          83.55232261381737
        ], 
        [
          -28.899092528991776, 
          30.541279322394367, 
          85.97475144643313
        ], 
        [
          -28.782071709750262, 
          10.618103572702198, 
          99.77938812691363
        ], 
        [
          -47.40203413266135, 
          8.830252397614974, 
          97.35695929429787
        ], 
        [
          -45.39537303903561, 
          21.278108867231786, 
          72.74576404569551
        ], 
        [
          -26.775410616124525, 
          23.065960042319013, 
          75.16819287831127
        ], 
        [
          -26.658389796883007, 
          3.142784292626841, 
          88.97282955879177
        ], 
        [
          -45.278352219794094, 
          1.3549331175396166, 
          86.55040072617601
        ]
      ], 
      "cuboid_centroid": [
        -37.08872237439294, 
        15.948106219966993, 
        86.26257608630456
      ], 
      "location": [
        -37.08872237439294, 
        15.948106219966993, 
        86.26257608630456
      ], 
      "pose_transform_permuted": [
        [
          -0.15954816973481534, 
          0.5616064732166662, 
          0.8118761243052997, 
          0.0
        ], 
        [
          -0.9871784863086169, 
          -0.0947868839195947, 
          -0.12843042181596992, 
          0.0
        ], 
        [
          -0.004827850299612468, 
          0.821957243470255, 
          -0.5695287365605578, 
          0.0
        ], 
        [
          -37.08872237439294, 
          15.948106219966993, 
          86.26257608630456, 
          1.0
        ]
      ], 
      "projected_cuboid": [
        [
          175.7523347446344, 
          456.8214276713521
        ], 
        [
          300.83595204729795, 
          462.74055888525066
        ], 
        [
          326.4752266606355, 
          330.0401689443629
        ], 
        [
          219.7656755015825, 
          321.6584937422583
        ], 
        [
          146.01741691201696, 
          429.2823172630165
        ], 
        [
          290.0419466414548, 
          436.9399094962545
        ], 
        [
          320.4700949797361, 
          292.1249678397666
        ], 
        [
          200.2688671940189, 
          281.6355734498807
        ]
      ], 
      "projected_cuboid_centroid": [
        250.38463301176228, 
        371.8859277456868
      ], 
      "quaternion_xyzw": [
        -0.07566851907481359, 
        0.2972141982371181, 
        0.9514478249074108, 
        -0.026174513097683805
      ], 
      "visibility": 0.18353585727330196
    }, 
    {
      "bounding_box": {
        "bottom_right": [
          386, 
          354
        ], 
        "top_left": [
          244, 
          198
        ]
      }, 
      "class": "035_power_drill", 
      "cuboid": [
        [
          -15.653009001521024, 
          12.351716710453871, 
          61.023684857747384
        ], 
        [
          -34.0594448380371, 
          11.322037109167, 
          61.20376457842589
        ], 
        [
          -33.07491324185116, 
          -4.566845196440454, 
          70.98390042326493
        ], 
        [
          -14.668477405335084, 
          -3.5371655951535836, 
          70.80382070258644
        ], 
        [
          -15.772707410377606, 
          15.34362324036903, 
          65.89640959561368
        ], 
        [
          -34.17914324689369, 
          14.313943639082161, 
          66.07648931629217
        ], 
        [
          -33.19461165070774, 
          -1.5749386665252953, 
          75.8566251611312
        ], 
        [
          -14.788175814191668, 
          -0.545259065238425, 
          75.6765454404527
        ]
      ], 
      "cuboid_centroid": [
        -24.423810326114385, 
        5.388389021964287, 
        68.4401550094393
      ], 
      "location": [
        -24.423810326114385, 
        5.388389021964287, 
        68.4401550094393
      ], 
      "pose_transform_permuted": [
        [
          0.020929221927237892, 
          -0.5231337354298066, 
          -0.8519940941849858, 
          0.0
        ], 
        [
          0.9983909737104043, 
          0.05585127011385167, 
          -0.009767777383442354, 
          0.0
        ], 
        [
          -0.052694963711836136, 
          0.8504186963213457, 
          -0.5234610097198841, 
          0.0
        ], 
        [
          -24.423810326114385, 
          5.388389021964287, 
          68.4401550094393, 
          1.0
        ]
      ], 
      "projected_cuboid": [
        [
          343.65677540697, 
          381.2349914847475
        ], 
        [
          182.33534839643454, 
          371.9449155061023
        ], 
        [
          231.02619136219087, 
          238.9747016065704
        ], 
        [
          370.18811875990207, 
          246.64334751380966
        ], 
        [
          352.8799726635149, 
          397.4671238601749
        ], 
        [
          203.42984822175845, 
          388.81789465792116
        ], 
        [
          246.27328961968598, 
          262.2137327865401
        ], 
        [
          376.51102433558367, 
          269.4439030448014
        ]
      ], 
      "projected_cuboid_centroid": [
        289.6885854077546, 
        315.27553386786514
      ], 
      "quaternion_xyzw": [
        0.9618736616906526, 
        0.028212185796547284, 
        0.0029009642815714092, 
        0.27201980541553833
      ], 
      "visibility": 0.7852728235917358
    }, 
    {
      "bounding_box": {
        "bottom_right": [
          272, 
          255
        ], 
        "top_left": [
          218, 
          179
        ]
      }, 
      "class": "061_foam_brick", 
      "cuboid": [
        [
          -39.47247472473306, 
          -7.775817325986897, 
          73.07997567780116
        ], 
        [
          -31.722301156348514, 
          -7.11640016026245, 
          73.45888704082
        ], 
        [
          -31.921578148022807, 
          -3.016474547275504, 
          70.3997809625524
        ], 
        [
          -39.67175171640735, 
          -3.675891712999953, 
          70.02086959953355
        ], 
        [
          -39.94324604290356, 
          -4.659993348538983, 
          77.28658378275338
        ], 
        [
          -32.19307247451902, 
          -4.000576182814535, 
          77.66549514577224
        ], 
        [
          -32.39234946619331, 
          0.09934943017241085, 
          74.60638906750464
        ], 
        [
          -40.142523034577856, 
          -0.5600677355520376, 
          74.22747770448578
        ]
      ], 
      "cuboid_centroid": [
        -35.932412095463185, 
        -3.8382339479072436, 
        73.84318237265289
      ], 
      "location": [
        -35.932412095463185, 
        -3.8382339479072436, 
        73.84318237265289
      ], 
      "pose_transform_permuted": [
        [
          0.08956836271158064, 
          -0.592812776364631, 
          -0.8003440014019125, 
          0.0
        ], 
        [
          -0.9952196880152725, 
          -0.08467745143429006, 
          -0.04865698105489946, 
          0.0
        ], 
        [
          0.038926610280759555, 
          -0.800876233507682, 
          0.5975633670286344, 
          0.0
        ], 
        [
          -35.932412095463185, 
          -3.8382339479072436, 
          73.84318237265289, 
          1.0
        ]
      ], 
      "projected_cuboid": [
        [
          191.1361541243059, 
          216.54054680330748
        ], 
        [
          249.37040719710336, 
          221.62069168238588
        ], 
        [
          237.75716099770543, 
          250.43497614127736
        ], 
        [
          176.91589733608103, 
          245.2888131977879
        ], 
        [
          203.66991245842033, 
          241.1300421372276
        ], 
        [
          258.68886555859416, 
          245.81506408870493
        ], 
        [
          248.11250814536865, 
          273.9967318046466
        ], 
        [
          190.7720924119378, 
          269.26248785189455
        ]
      ], 
      "projected_cuboid_centroid": [
        219.91877087483707, 
        245.56555869209583
      ], 
      "quaternion_xyzw": [
        -0.03258864786608151, 
        0.9482141006814954, 
        -0.3138468787106532, 
        0.03644360057162606
      ], 
      "visibility": 0.9467065868263473
    }
  ]
}