{
  "camera_data": {
    "location_worldframe": [
      -9.548768990349876, 
      8.357564577180659, 
      84.68678769364553
    ], 
    "quaternion_xyzw_worldframe": [
      0.9368508541308233, 
      -0.04952793782591647, 
      0.19285331365714187, 
      -0.28752068419797766
    ]
  }, 
  "objects": [
    {
      "bounding_box": {
        "bottom_right": [
          524, 
          434
        ], 
        "top_left": [
          328, 
          265
        ]
      }, 
      "class": "003_cracker_box", 
      "cuboid": [
        [
          -5.2341387655361435, 
          19.179694688007014, 
          61.405475514922315
        ], 
        [
          -20.1047506654622, 
          23.250638096401037, 
          55.80454370185877
        ], 
        [
          -29.107615416001853, 
          11.228055858303884, 
          70.9689589480223
        ], 
        [
          -14.2370035160758, 
          7.157112449909862, 
          76.56989076108584
        ], 
        [
          -5.349067374553394, 
          24.83833633595312, 
          65.82350263682886
        ], 
        [
          -20.21967927447945, 
          28.90927974434714, 
          60.222570823765324
        ], 
        [
          -29.222544025019104, 
          16.886697506249988, 
          75.38698606992885
        ], 
        [
          -14.35193212509305, 
          12.815754097855963, 
          80.9879178829924
        ]
      ], 
      "cuboid_centroid": [
        -17.228341395277624, 
        18.033196097128503, 
        68.39623079242558
      ], 
      "location": [
        -17.228341395277624, 
        18.033196097128503, 
        68.39623079242558
      ], 
      "pose_transform_permuted": [
        [
          0.01600677044080699, 
          -0.7881116689741554, 
          -0.615324126397484, 
          0.0
        ], 
        [
          0.9065455919382013, 
          -0.24817376895753895, 
          0.3414452666809522, 
          0.0
        ], 
        [
          0.42180430656581946, 
          0.5632848104007258, 
          -0.7104866989144462, 
          0.0
        ], 
        [
          -17.228341395277624, 
          18.033196097128503, 
          68.39623079242558, 
          1.0
        ]
      ], 
      "projected_cuboid": [
        [
          435.75862442831715, 
          439.8662556789551
        ], 
        [
          287.8563666769029, 
          495.4910359571569
        ], 
        [
          261.0354538882943, 
          357.6634565516891
        ], 
        [
          381.6080507521949, 
          323.1367883938966
        ], 
        [
          437.89632624669474, 
          474.53336701212754
        ], 
        [
          301.0432365921658, 
          529.3015969889954
        ], 
        [
          273.1415583385172, 
          392.7502139376076
        ], 
        [
          386.29948787489735, 
          357.680516887859
        ]
      ], 
      "projected_cuboid_centroid": [
        346.1395741238516, 
        413.90037757958396
      ], 
      "quaternion_xyzw": [
        0.8782303981211894, 
        -0.1907181979115765, 
        0.1017534914204921, 
        0.42659601942001046
      ], 
      "visibility": 0.6403418034630087
    }, 
    {
      "bounding_box": {
        "bottom_right": [
          498, 
          449
        ], 
        "top_left": [
          382, 
          366
        ]
      }, 
      "class": "006_mustard_bottle", 
      "cuboid": [
        [
          -1.182256701004833, 
          26.852238308092467, 
          71.24162414274839
        ], 
        [
          -9.714852511236991, 
          26.920563328216335, 
          66.83751149193674
        ], 
        [
          -17.21070629825949, 
          16.750746725021383, 
          81.20232063948029
        ], 
        [
          -8.678110488027333, 
          16.682421704897514, 
          85.60643329029196
        ], 
        [
          -2.571378545534775, 
          31.78567946060663, 
          74.00946721649835
        ], 
        [
          -11.103974355766933, 
          31.854004480730495, 
          69.60535456568668
        ], 
        [
          -18.59982814278943, 
          21.68418787753554, 
          83.97016371323025
        ], 
        [
          -10.067232332557275, 
          21.615862857411674, 
          88.3742763640419
        ]
      ], 
      "cuboid_centroid": [
        -9.891042421897133, 
        24.268213092814005, 
        77.60589392798933
      ], 
      "location": [
        -9.891042421897133, 
        24.268213092814005, 
        77.60589392798933
      ], 
      "pose_transform_permuted": [
        [
          0.2384799410610702, 
          -0.8469572053112119, 
          -0.47517433815716736, 
          0.0
        ], 
        [
          0.8885899321838863, 
          -0.007115410872447858, 
          0.45864708099989676, 
          0.0
        ], 
        [
          0.3918355726822098, 
          0.5316133459920142, 
          -0.7509008818372627, 
          0.0
        ], 
        [
          -9.891042421897133, 
          24.268213092814005, 
          77.60589392798933, 
          1.0
        ]
      ], 
      "projected_cuboid": [
        [
          472.67286052673734, 
          474.3041974467667
        ], 
        [
          403.43290646155594, 
          488.09500844145236
        ], 
        [
          367.6188170585656, 
          383.3018822578203
        ], 
        [
          427.0827600326634, 
          377.21636951373625
        ], 
        [
          462.91304245683347, 
          502.3373061913083
        ], 
        [
          395.8088721971135, 
          517.3534563671901
        ], 
        [
          362.47954127515135, 
          411.00929007403295
        ], 
        [
          420.33721465310305, 
          403.7335803030181
        ]
      ], 
      "projected_cuboid_centroid": [
        413.0578584352354, 
        440.06141339202793
      ], 
      "quaternion_xyzw": [
        0.8507904583875321, 
        -0.11722950687257735, 
        0.2048468618766021, 
        0.4695216287970686
      ], 
      "visibility": 0.1813031161473088
    }, 
    {
      "bounding_box": {
        "bottom_right": [
          400, 
          390
        ], 
        "top_left": [
          316, 
          288
        ]
      }, 
      "class": "008_pudding_box", 
      "cuboid": [
        [
          -11.26264560660813, 
          10.751424300519282, 
          67.59866467725209
        ], 
        [
          -21.519241489466122, 
          13.13377255962385, 
          63.32092833068277
        ], 
        [
          -25.349255525879943, 
          8.11285560345509, 
          69.70781302526905
        ], 
        [
          -15.092659643021952, 
          5.730507344350523, 
          73.98554937183837
        ], 
        [
          -11.498651771247081, 
          13.83765793094918, 
          69.88331550787117
        ], 
        [
          -21.755247654105073, 
          16.22000619005375, 
          65.60557916130185
        ], 
        [
          -25.585261690518895, 
          11.199089233884987, 
          71.99246385588813
        ], 
        [
          -15.328665807660904, 
          8.816740974780421, 
          76.27020020245745
        ]
      ], 
      "cuboid_centroid": [
        -18.42395364856351, 
        10.975256767202135, 
        69.79556426657011
      ], 
      "location": [
        -18.42395364856351, 
        10.975256767202135, 
        69.79556426657011
      ], 
      "pose_transform_permuted": [
        [
          0.061346511254050724, 
          -0.8022233928992427, 
          -0.5938631226288633, 
          0.0
        ], 
        [
          0.9024403539860422, 
          -0.20961410889333798, 
          0.3763823735425639, 
          0.0
        ], 
        [
          0.4264241803320835, 
          0.5590163318446881, 
          -0.7110997622647401, 
          0.0
        ], 
        [
          -18.42395364856351, 
          10.975256767202135, 
          69.79556426657011, 
          1.0
        ]
      ], 
      "projected_cuboid": [
        [
          391.99995085389725, 
          358.10988699025995
        ], 
        [
          298.84116092033736, 
          383.9055432869705
        ], 
        [
          286.0391121246945, 
          335.35626275093733
        ], 
        [
          371.89606183761816, 
          314.5944935781198
        ], 
        [
          393.11298486989637, 
          378.8896265894377
        ], 
        [
          303.2709337815403, 
          405.14189313414795
        ], 
        [
          290.4821608605611, 
          356.249299390295
        ], 
        [
          373.51809604917634, 
          334.9376233216616
        ]
      ], 
      "projected_cuboid_centroid": [
        339.6433583997444, 
        357.1503110705811
      ], 
      "quaternion_xyzw": [
        0.8739736564192873, 
        -0.18193863297645077, 
        0.1252122651471016, 
        0.43288580383650854
      ], 
      "visibility": 0.9180824222035324
    }, 
    {
      "bounding_box": {
        "bottom_right": [
          539, 
          408
        ], 
        "top_left": [
          386, 
          247
        ]
      }, 
      "class": "019_pitcher_base", 
      "cuboid": [
        [
          -26.083346402835794, 
          40.83049482916456, 
          63.20211345997087
        ], 
        [
          -9.12196077394226, 
          38.467408601186484, 
          71.10747840607384
        ], 
        [
          -19.199549219533036, 
          25.313830343908094, 
          88.79759456895628
        ], 
        [
          -36.160934848426564, 
          27.676916571886167, 
          80.8922296228533
        ], 
        [
          -24.273007602022407, 
          29.775362038371846, 
          56.01331358123149
        ], 
        [
          -7.311621973128876, 
          27.412275810393773, 
          63.91867852733447
        ], 
        [
          -17.389210418719646, 
          14.258697553115388, 
          81.60879469021691
        ], 
        [
          -34.35059604761318, 
          16.62178378109346, 
          73.70342974411393
        ]
      ], 
      "cuboid_centroid": [
        -21.73627841077772, 
        27.54459619113997, 
        72.40545407509389
      ], 
      "location": [
        -21.73627841077772, 
        27.54459619113997, 
        72.40545407509389
      ], 
      "pose_transform_permuted": [
        [
          -0.1360072996429719, 
          0.8305510313288484, 
          0.5400808173264431, 
          0.0
        ], 
        [
          -0.8992453695945788, 
          0.12528424239362237, 
          -0.4191204055067605, 
          0.0
        ], 
        [
          0.4157643803194111, 
          0.5426684511524158, 
          -0.7298293856658927, 
          0.0
        ], 
        [
          -21.73627841077772, 
          27.54459619113997, 
          72.40545407509389, 
          1.0
        ]
      ], 
      "projected_cuboid": [
        [
          259.6632698632503, 
          617.8272707332491
        ], 
        [
          412.61048167315397, 
          561.7994030235812
        ], 
        [
          365.3233481905752, 
          425.3217537213657
        ], 
        [
          241.2025379663751, 
          455.7594612572548
        ], 
        [
          248.56050585672534, 
          556.7867034920021
        ], 
        [
          420.0825431550324, 
          502.00690338635707
        ], 
        [
          367.0102565302186, 
          366.4681940083013
        ], 
        [
          230.96403058947988, 
          393.5621184865829
        ]
      ], 
      "projected_cuboid_centroid": [
        320.15911446103667, 
        476.17280873171273
      ], 
      "quaternion_xyzw": [
        -0.16073463847495434, 
        0.4518008737131918, 
        0.86342264246333, 
        0.1566581058059327
      ], 
      "visibility": 0.18640530257356341
    }, 
    {
      "bounding_box": {
        "bottom_right": [
          426, 
          494
        ], 
        "top_left": [
          273, 
          328
        ]
      }, 
      "class": "035_power_drill", 
      "cuboid": [
        [
          2.30217892499458, 
          9.945607290448642, 
          57.5104781944072
        ], 
        [
          -14.802693730071736, 
          13.8449342216296, 
          51.84407457935993
        ], 
        [
          -21.74613928092301, 
          2.695049118899496, 
          65.13111964615791
        ], 
        [
          -4.641266625856694, 
          -1.2042778122814624, 
          70.79752326120517
        ], 
        [
          2.1134073904970405, 
          14.372456551187279, 
          61.12664324792826
        ], 
        [
          -14.991465264569277, 
          18.271783482368235, 
          55.46023963288099
        ], 
        [
          -21.93491081542055, 
          7.121898379638132, 
          68.74728469967897
        ], 
        [
          -4.830038160354234, 
          3.222571448457173, 
          74.41368831472623
        ]
      ], 
      "cuboid_centroid": [
        -9.816365945212985, 
        8.533752835043387, 
        63.128881447043085
      ], 
      "location": [
        -9.816365945212985, 
        8.533752835043387, 
        63.128881447043085
      ], 
      "pose_transform_permuted": [
        [
          0.03300663205789208, 
          -0.7740329341172802, 
          -0.6322851043186973, 
          0.0
        ], 
        [
          0.9277923557261852, 
          -0.2115049782703519, 
          0.3073537035040668, 
          0.0
        ], 
        [
          0.3716331834901485, 
          0.5967739310303877, 
          -0.7111608813214946, 
          0.0
        ], 
        [
          -9.816365945212985, 
          8.533752835043387, 
          63.128881447043085, 
          1.0
        ]
      ], 
      "projected_cuboid": [
        [
          503.12408518411394, 
          365.51646374549887
        ], 
        [
          328.0528864837081, 
          415.7092662878064
        ], 
        [
          302.047089069826, 
          295.3546750029678
        ], 
        [
          446.34292357403325, 
          264.21468191524787
        ], 
        [
          500.18985270297645, 
          398.68378097963284
        ], 
        [
          336.23400094590517, 
          448.99259361904296
        ], 
        [
          310.01493575246104, 
          328.53596189408034
        ], 
        [
          446.6919221362587, 
          296.38256373359917
        ]
      ], 
      "projected_cuboid_centroid": [
        397.9762560939747, 
        345.38060016894286
      ], 
      "quaternion_xyzw": [
        0.8883765236479504, 
        -0.16410219829030193, 
        0.09578155390811471, 
        0.4179516724902035
      ], 
      "visibility": 0.8529991329707575
    }, 
    {
      "bounding_box": {
        "bottom_right": [
          347, 
          318
        ], 
        "top_left": [
          282, 
          244
        ]
      }, 
      "class": "061_foam_brick", 
      "cuboid": [
        [
          -29.162181259195354, 
          2.192619331260294, 
          65.7402380168127
        ], 
        [
          -21.986227060139903, 
          0.9129263704133805, 
          68.48097923381599
        ], 
        [
          -20.02077745563863, 
          3.588883112628633, 
          64.58437882891307
        ], 
        [
          -27.19673165469408, 
          4.8685760734755466, 
          61.8436376119098
        ], 
        [
          -29.471699460309914, 
          6.589352582780063, 
          68.60353535367108
        ], 
        [
          -22.295745261254464, 
          5.30965962193315, 
          71.34427657067435
        ], 
        [
          -20.33029565675319, 
          7.985616364148402, 
          67.44767616577147
        ], 
        [
          -27.506249855808633, 
          9.265309324995316, 
          64.70693494876816
        ]
      ], 
      "cuboid_centroid": [
        -24.746238457974272, 
        5.089117847704348, 
        66.59395709129208
      ], 
      "location": [
        -24.746238457974272, 
        5.089117847704348, 
        66.59395709129208
      ], 
      "pose_transform_permuted": [
        [
          0.058888546165048794, 
          -0.8365169742043608, 
          -0.5447673732874867, 
          0.0
        ], 
        [
          -0.9214827043782532, 
          0.16432865896639148, 
          -0.3519456170689562, 
          0.0
        ], 
        [
          -0.38392937457598614, 
          -0.5227192781123423, 
          0.7611588478283648, 
          0.0
        ], 
        [
          -24.746238457974272, 
          5.089117847704348, 
          66.59395709129208, 
          1.0
        ]
      ], 
      "projected_cuboid": [
        [
          243.04649131559788, 
          291.0742257519249
        ], 
        [
          308.94472193953277, 
          280.39627146921794
        ], 
        [
          314.89338750348753, 
          302.9225224158044
        ], 
        [
          245.10671615193283, 
          315.27156768549264
        ], 
        [
          250.57662048477556, 
          324.5117518818428
        ], 
        [
          313.54084751803475, 
          312.97781515830724
        ], 
        [
          319.50250784434263, 
          336.4300861775941
        ], 
        [
          252.99913829791342, 
          349.651937008148
        ]
      ], 
      "projected_cuboid_centroid": [
        281.764573773788, 
        314.04288176689
      ], 
      "quaternion_xyzw": [
        0.1585602336628664, 
        0.864431801210784, 
        -0.4620595343076539, 
        0.11881624515044498
      ], 
      "visibility": 0.9383487235198262
    }
  ]
}