{
  "camera_data": {
    "location_worldframe": [
      -17.06071936278903, 
      0.060326032480172154, 
      88.62415177994359
    ], 
    "quaternion_xyzw_worldframe": [
      0.8925186791468841, 
      0.02962894824317842, 
      0.018335248789797687, 
      -0.4496651116214394
    ]
  }, 
  "objects": [
    {
      "bounding_box": {
        "bottom_right": [
          423, 
          333
        ], 
        "top_left": [
          274, 
          185
        ]
      }, 
      "class": "003_cracker_box", 
      "cuboid": [
        [
          -22.59212615916344, 
          17.514924543939674, 
          70.11760314001978
        ], 
        [
          -38.970223288929894, 
          17.69245625804231, 
          69.22064573546825
        ], 
        [
          -39.796232205652956, 
          -0.24898693261971444, 
          80.75216222950046
        ], 
        [
          -23.418135075886497, 
          -0.4265186467223528, 
          81.64911963405197
        ], 
        [
          -22.8801661218838, 
          21.40327816394948, 
          76.14671058976516
        ], 
        [
          -39.258263251650256, 
          21.580809878052115, 
          75.24975318521365
        ], 
        [
          -40.08427216837332, 
          3.63936668739009, 
          86.78126967924584
        ], 
        [
          -23.706175038606858, 
          3.4618349732874516, 
          87.67822708379737
        ]
      ], 
      "cuboid_centroid": [
        -31.338199163768376, 
        10.577145615664882, 
        78.44943640963281
      ], 
      "location": [
        -31.338199163768376, 
        10.577145615664882, 
        78.44943640963281
      ], 
      "pose_transform_permuted": [
        [
          0.04011698741043096, 
          -0.5415534419183307, 
          -0.8397085785363398, 
          0.0
        ], 
        [
          0.9984452460493115, 
          -0.010822728340437682, 
          0.05468051931720114, 
          0.0
        ], 
        [
          0.03870036127274584, 
          0.8405966560114775, 
          -0.5402772843084193, 
          0.0
        ], 
        [
          -31.338199163768376, 
          10.577145615664882, 
          78.44943640963281, 
          1.0
        ]
      ], 
      "projected_cuboid": [
        [
          308.3277046268392, 
          406.5063264330537
        ], 
        [
          178.8436979191947, 
          409.6003977635613
        ], 
        [
          216.57652804470223, 
          271.6421286745685
        ], 
        [
          327.35865888053996, 
          270.5005833023867
        ], 
        [
          320.01254408573135, 
          423.19173152800806
        ], 
        [
          201.04224352660154, 
          426.23678753680605
        ], 
        [
          233.203846314551, 
          295.6524878217615
        ], 
        [
          336.1980531780166, 
          294.3438112221044
        ]
      ], 
      "projected_cuboid_centroid": [
        266.7764576968891, 
        345.19271282546816
      ], 
      "quaternion_xyzw": [
        0.9590034515836126, 
        -0.01291003946112121, 
        0.024712504050713263, 
        0.28201950796952596
      ], 
      "visibility": 0.38195839895725847
    }, 
    {
      "bounding_box": {
        "bottom_right": [
          430, 
          372
        ], 
        "top_left": [
          314, 
          305
        ]
      }, 
      "class": "006_mustard_bottle", 
      "cuboid": [
        [
          -17.99243434404552, 
          23.1718507326333, 
          81.02065533689637
        ], 
        [
          -27.149564000370436, 
          21.544770266506546, 
          78.63200437365182
        ], 
        [
          -27.294044784591758, 
          5.9968893012729465, 
          89.77665593295634
        ], 
        [
          -18.136915128266843, 
          7.623969767399695, 
          92.1653068962009
        ], 
        [
          -19.74508080892552, 
          26.418859746845925, 
          85.52782953099424
        ], 
        [
          -28.902210465250434, 
          24.791779280719172, 
          83.13917856774968
        ], 
        [
          -29.046691249471756, 
          9.243898315485573, 
          94.28383012705422
        ], 
        [
          -19.889561593146844, 
          10.87097878161232, 
          96.67248109029876
        ]
      ], 
      "cuboid_centroid": [
        -23.51956279675864, 
        16.207874524059434, 
        87.65224273197529
      ], 
      "location": [
        -23.51956279675864, 
        16.207874524059434, 
        87.65224273197529
      ], 
      "pose_transform_permuted": [
        [
          0.30088867099121225, 
          -0.5574359955416425, 
          -0.7737770739068285, 
          0.0
        ], 
        [
          0.9536292824928054, 
          0.16944519032760272, 
          0.24875562427264455, 
          0.0
        ], 
        [
          0.007552536700348916, 
          0.8127443537592113, 
          -0.5825715188900952, 
          0.0
        ], 
        [
          -23.51956279675864, 
          16.207874524059434, 
          87.65224273197529, 
          1.0
        ]
      ], 
      "projected_cuboid": [
        [
          362.1746361076486, 
          425.8155655811937
        ], 
        [
          295.9212907034031, 
          419.4133980249715
        ], 
        [
          318.1051787712196, 
          308.9111496273268
        ], 
        [
          375.7722128895762, 
          317.40305552353243
        ], 
        [
          357.4480751880171, 
          438.0246746243028
        ], 
        [
          294.6506848381148, 
          432.32036078123224
        ], 
        [
          315.92427696154175, 
          325.57495254677224
        ], 
        [
          370.95658036907616, 
          333.2591983195556
        ]
      ], 
      "projected_cuboid_centroid": [
        337.2998532776137, 
        371.90326033608534
      ], 
      "quaternion_xyzw": [
        0.9407644112846272, 
        0.0430215715234665, 
        0.14606321430497932, 
        0.3029471302159063
      ], 
      "visibility": 0.3827795116577933
    }, 
    {
      "bounding_box": {
        "bottom_right": [
          328, 
          315
        ], 
        "top_left": [
          264, 
          222
        ]
      }, 
      "class": "008_pudding_box", 
      "cuboid": [
        [
          -24.191706587599636, 
          6.220376035388357, 
          74.06822386627908
        ], 
        [
          -35.49816736594969, 
          6.069566433734865, 
          72.9221123034898
        ], 
        [
          -35.8922661754809, 
          -1.4612279382460993, 
          77.80091676330127
        ], 
        [
          -24.585805397130844, 
          -1.3104183365926072, 
          78.94702832609056
        ], 
        [
          -24.54471295690826, 
          8.316283097258125, 
          77.27489292317044
        ], 
        [
          -35.851173735258314, 
          8.165473495604633, 
          76.12878136038115
        ], 
        [
          -36.24527254478952, 
          0.6346791236236691, 
          81.00758582019265
        ], 
        [
          -24.938811766439468, 
          0.7854887252771611, 
          82.15369738298193
        ]
      ], 
      "cuboid_centroid": [
        -30.218489566194577, 
        3.427527579506013, 
        77.53790484323586
      ], 
      "location": [
        -30.218489566194577, 
        3.427527579506013, 
        77.53790484323586
      ], 
      "pose_transform_permuted": [
        [
          0.09175908282172399, 
          -0.5448018120846021, 
          -0.8335289024655176, 
          0.0
        ], 
        [
          0.9948141258247911, 
          0.013269185200923442, 
          0.10084216403219076, 
          0.0
        ], 
        [
          0.04387797543988886, 
          0.8384598037474337, 
          -0.5431938820578349, 
          0.0
        ], 
        [
          -30.218489566194577, 
          3.427527579506013, 
          77.53790484323586, 
          1.0
        ]
      ], 
      "projected_cuboid": [
        [
          305.95590135751405, 
          318.0756281093468
        ], 
        [
          219.8158822236033, 
          317.6766212938483
        ], 
        [
          233.5078425133936, 
          263.2699275433558
        ], 
        [
          314.1257687608761, 
          264.4341242064075
        ], 
        [
          310.78785854486375, 
          330.68210939131893
        ], 
        [
          228.3489428686093, 
          330.4896987736192
        ], 
        [
          240.98499316115547, 
          277.46499611262465
        ], 
        [
          318.3518830359525, 
          278.3857183335691
        ]
      ], 
      "projected_cuboid_centroid": [
        272.0167819540864, 
        296.86168595203736
      ], 
      "quaternion_xyzw": [
        0.9574448851027592, 
        -0.00799231128475878, 
        0.05029042659548062, 
        0.2840883352846118
      ], 
      "visibility": 0.8098802395209581
    }, 
    {
      "bounding_box": {
        "bottom_right": [
          458, 
          304
        ], 
        "top_left": [
          298, 
          174
        ]
      }, 
      "class": "019_pitcher_base", 
      "cuboid": [
        [
          -46.87599160088548, 
          29.577075882440518, 
          83.21252698665566
        ], 
        [
          -28.34457778018698, 
          31.027604178593826, 
          86.41412711347553
        ], 
        [
          -29.140870305390155, 
          11.027564351614455, 
          100.0844945130325
        ], 
        [
          -47.67228412608864, 
          9.577036055461146, 
          96.88289438621264
        ], 
        [
          -44.43443265301021, 
          22.1273100392802, 
          72.45557992540795
        ], 
        [
          -25.903018832311727, 
          23.57783833543351, 
          75.6571800522278
        ], 
        [
          -26.699311357514894, 
          3.5777985084541357, 
          89.32754745178477
        ], 
        [
          -45.23072517821339, 
          2.1272702123008305, 
          86.12594732496491
        ]
      ], 
      "cuboid_centroid": [
        -36.787651479200186, 
        16.577437195447327, 
        86.27003721922021
      ], 
      "location": [
        -36.787651479200186, 
        16.577437195447327, 
        86.27003721922021
      ], 
      "pose_transform_permuted": [
        [
          -0.18342966480663747, 
          0.5596866922619356, 
          0.8081489064618004, 
          0.0
        ], 
        [
          -0.9824838863351275, 
          -0.07690296549591893, 
          -0.16973991113271944, 
          0.0
        ], 
        [
          0.032852112395890476, 
          0.8251283737098629, 
          -0.5639892779211715, 
          0.0
        ], 
        [
          -36.787651479200186, 
          16.577437195447327, 
          86.27003721922021, 
          1.0
        ]
      ], 
      "projected_cuboid": [
        [
          178.65924836458834, 
          462.849748621272
        ], 
        [
          305.20584072492164, 
          464.77871038511256
        ], 
        [
          325.02025293726876, 
          332.04904711945346
        ], 
        [
          216.98442294361857, 
          326.0060702525565
        ], 
        [
          151.80550496785673, 
          436.1577451265096
        ], 
        [
          297.48088248865866, 
          439.4904977966118
        ], 
        [
          320.863573575179, 
          294.6473618664638
        ], 
        [
          199.1797807359376, 
          286.4592797410817
        ]
      ], 
      "projected_cuboid_centroid": [
        252.28135412431556, 
        375.76791135392864
      ], 
      "quaternion_xyzw": [
        -0.09286529018982068, 
        0.29546852888681624, 
        0.9507577460250837, 
        -0.011583090772648373
      ], 
      "visibility": 0.1977659126036251
    }, 
    {
      "bounding_box": {
        "bottom_right": [
          389, 
          363
        ], 
        "top_left": [
          249, 
          208
        ]
      }, 
      "class": "035_power_drill", 
      "cuboid": [
        [
          -14.388783467037387, 
          12.752379900314109, 
          61.9166584757394
        ], 
        [
          -32.801788503983474, 
          12.041474077309159, 
          61.328944760479345
        ], 
        [
          -32.495595960545046, 
          -3.917232563329838, 
          71.03991119092318
        ], 
        [
          -14.082590923598953, 
          -3.206326740324887, 
          71.62762490618323
        ], 
        [
          -14.659137495449215, 
          15.71827471991849, 
          66.79924543166872
        ], 
        [
          -33.072142532395304, 
          15.007368896913542, 
          66.21153171640867
        ], 
        [
          -32.76594998895687, 
          -0.9513377437254569, 
          75.92249814685249
        ], 
        [
          -14.352944952010782, 
          -0.24043192072050606, 
          76.51021186211256
        ]
      ], 
      "cuboid_centroid": [
        -23.57736672799713, 
        5.900521078294327, 
        68.91957831129595
      ], 
      "location": [
        -23.57736672799713, 
        5.900521078294327, 
        68.91957831129595
      ], 
      "pose_transform_permuted": [
        [
          0.04727130054279745, 
          -0.5185855976308024, 
          -0.8537184993170834, 
          0.0
        ], 
        [
          0.998747296383195, 
          0.03856053193297914, 
          0.031878418703819474, 
          0.0
        ], 
        [
          -0.016388305898793913, 
          0.854155895630077, 
          -0.51975886364794, 
          0.0
        ], 
        [
          -23.57736672799713, 
          5.900521078294327, 
          68.91957831129595, 
          1.0
        ]
      ], 
      "projected_cuboid": [
        [
          356.62633910433635, 
          383.12925398556945
        ], 
        [
          193.97396312794817, 
          377.99980120090953
        ], 
        [
          235.60911736200526, 
          243.87860654068714
        ], 
        [
          375.8681595342944, 
          249.4131114522115
        ], 
        [
          363.58440853512474, 
          398.77992742954814
        ], 
        [
          212.9881457679648, 
          394.16765214865273
        ], 
        [
          249.51370324533343, 
          266.60384100329753
        ], 
        [
          380.71514554011696, 
          271.6105910899172
        ]
      ], 
      "projected_cuboid_centroid": [
        297.6281625573337, 
        318.9464726338897
      ], 
      "quaternion_xyzw": [
        0.9626294317298785, 
        0.0142705063912881, 
        0.020555604430352325, 
        0.26966359718838046
      ], 
      "visibility": 0.8021390374331551
    }, 
    {
      "bounding_box": {
        "bottom_right": [
          276, 
          258
        ], 
        "top_left": [
          224, 
          183
        ]
      }, 
      "class": "061_foam_brick", 
      "cuboid": [
        [
          -39.0286463618028, 
          -7.026470749030714, 
          72.84915656690137
        ], 
        [
          -31.290689946108497, 
          -6.503915858263487, 
          73.55240762769964
        ], 
        [
          -31.292769638555363, 
          -2.3838923735754527, 
          70.51388273722574
        ], 
        [
          -39.03072605424966, 
          -2.9064472643426793, 
          69.81063167642749
        ], 
        [
          -39.61998302069457, 
          -3.9268084539246297, 
          77.05248275615311
        ], 
        [
          -31.88202660500027, 
          -3.4042535631574027, 
          77.75573381695136
        ], 
        [
          -31.884106297447133, 
          0.7157699215306311, 
          74.71720892647747
        ], 
        [
          -39.62206271314144, 
          0.19321503076340507, 
          74.01395786567922
        ]
      ], 
      "cuboid_centroid": [
        -35.456376329624966, 
        -3.1553504137500408, 
        73.78318274668942
      ], 
      "location": [
        -35.456376329624966, 
        -3.1553504137500408, 
        73.78318274668942
      ], 
      "pose_transform_permuted": [
        [
          0.11250697377678687, 
          -0.589737874878177, 
          -0.7997195882218722, 
          0.0
        ], 
        [
          -0.9936508520683702, 
          -0.06710261528615225, 
          -0.09030627445288769, 
          0.0
        ], 
        [
          0.00040624548124090776, 
          -0.8048021359041799, 
          0.5935430540480436, 
          0.0
        ], 
        [
          -35.456376329624966, 
          -3.1553504137500408, 
          73.78318274668942, 
          1.0
        ]
      ], 
      "projected_cuboid": [
        [
          193.49213189571662, 
          221.84662257766664
        ], 
        [
          252.82132009671022, 
          226.12743325074263
        ], 
        [
          242.94724758144932, 
          255.2563794133985
        ], 
        [
          180.9362734897502, 
          251.08268154431394
        ], 
        [
          205.08162801984994, 
          246.10709128576377
        ], 
        [
          261.09877422273235, 
          249.9370690459857
        ], 
        [
          252.11680138500665, 
          278.395590121924
        ], 
        [
          193.71461754804275, 
          274.6787802373642
        ]
      ], 
      "projected_cuboid_centroid": [
        223.17553342039204, 
        250.47903490587058
      ], 
      "quaternion_xyzw": [
        -0.017794663872366025, 
        0.9484424832580022, 
        -0.31190107724337784, 
        0.05345955390278102
      ], 
      "visibility": 0.9545728038507821
    }
  ]
}