{
  "camera_data": {
    "location_worldframe": [
      -11.656519071452607, 
      4.367189057898259, 
      82.32578400992622
    ], 
    "quaternion_xyzw_worldframe": [
      0.9274077029081895, 
      0.0012211561389254377, 
      0.09431608080596754, 
      -0.3619656245409991
    ]
  }, 
  "objects": [
    {
      "bounding_box": {
        "bottom_right": [
          485, 
          370
        ], 
        "top_left": [
          301, 
          217
        ]
      }, 
      "class": "003_cracker_box", 
      "cuboid": [
        [
          -12.891040274475058, 
          18.541293652781622, 
          60.523842782313
        ], 
        [
          -28.92111941764282, 
          20.395935804761518, 
          57.57851074007508
        ], 
        [
          -33.30873435162122, 
          5.153370507078719, 
          71.86019780720414
        ], 
        [
          -17.27865520845345, 
          3.2987283550988247, 
          74.80552984944205
        ], 
        [
          -13.268524209432202, 
          23.501260589401063, 
          65.7015480077419
        ], 
        [
          -29.298603352599965, 
          25.35590274138096, 
          62.75621596550399
        ], 
        [
          -33.68621828657836, 
          10.113337443698162, 
          77.03790303263305
        ], 
        [
          -17.656139143410595, 
          8.258695291718267, 
          79.98323507487096
        ]
      ], 
      "cuboid_centroid": [
        -23.28862928052671, 
        14.327315548239891, 
        68.78087290747303
      ], 
      "location": [
        -23.28862928052671, 
        14.327315548239891, 
        68.78087290747303
      ], 
      "pose_transform_permuted": [
        [
          0.05257436545712174, 
          -0.6908032110311522, 
          -0.7211288787212937, 
          0.0
        ], 
        [
          0.9772292951664956, 
          -0.11306311258842777, 
          0.17955399533346678, 
          0.0
        ], 
        [
          0.20556955213546368, 
          0.7141482032469633, 
          -0.669128913613781, 
          0.0
        ], 
        [
          -23.28862928052671, 
          14.327315548239891, 
          68.78087290747303, 
          1.0
        ]
      ], 
      "projected_cuboid": [
        [
          367.0581156397729, 
          436.6673569740622
        ], 
        [
          211.48349411675423, 
          462.2034071739201
        ], 
        [
          232.33197715288875, 
          311.53293159887903
        ], 
        [
          357.38380484111184, 
          296.8045377185799
        ], 
        [
          372.9948351264334, 
          464.05346633537505
        ], 
        [
          230.53453428498815, 
          488.76797313352665
        ], 
        [
          246.45001319478368, 
          343.2993589126787
        ], 
        [
          362.88673791857434, 
          328.3546272678174
        ]
      ], 
      "projected_cuboid_centroid": [
        299.51466272659064, 
        384.3790210097885
      ], 
      "quaternion_xyzw": [
        0.923648523131872, 
        -0.08624294218635356, 
        0.06282919178052075, 
        0.3680870186512419
      ], 
      "visibility": 0.5259694989106753
    }, 
    {
      "bounding_box": {
        "bottom_right": [
          479, 
          406
        ], 
        "top_left": [
          353, 
          338
        ]
      }, 
      "class": "006_mustard_bottle", 
      "cuboid": [
        [
          -8.709787965767486, 
          25.591118659174473, 
          70.76356632032913
        ], 
        [
          -17.711169304825653, 
          24.58892123716831, 
          67.57345627106982
        ], 
        [
          -21.067504839492827, 
          11.531883040557624, 
          81.14583634588982
        ], 
        [
          -12.066123500434658, 
          12.534080462563784, 
          84.33594639514914
        ], 
        [
          -10.461923505356815, 
          29.8046097540832, 
          74.38378319631998
        ], 
        [
          -19.46330484441498, 
          28.802412332077036, 
          71.19367314706068
        ], 
        [
          -22.819640379082156, 
          15.74537413546635, 
          84.76605322188068
        ], 
        [
          -13.818259040023989, 
          16.74757155747251, 
          87.95616327113999
        ]
      ], 
      "cuboid_centroid": [
        -15.76471417242482, 
        20.66824639732041, 
        77.76480977110491
      ], 
      "location": [
        -15.76471417242482, 
        20.66824639732041, 
        77.76480977110491
      ], 
      "pose_transform_permuted": [
        [
          0.3008009569914032, 
          -0.723358510221397, 
          -0.6215071130111948, 
          0.0
        ], 
        [
          0.93740955408239, 
          0.10436947431488486, 
          0.3322200811306607, 
          0.0
        ], 
        [
          0.17544788008229797, 
          0.6825389321440722, 
          -0.7094777286724772, 
          0.0
        ], 
        [
          -15.76471417242482, 
          20.66824639732041, 
          77.76480977110491, 
          1.0
        ]
      ], 
      "projected_cuboid": [
        [
          415.4074914126485, 
          466.1576077408651
        ], 
        [
          340.64779565566124, 
          467.353172256129
        ], 
        [
          341.97997279598815, 
          349.07821545152774
        ], 
        [
          404.65802554869305, 
          352.548950433744
        ], 
        [
          405.96168493167755, 
          486.9807246386783
        ], 
        [
          334.5802830512862, 
          489.0485553103722
        ], 
        [
          336.8270694492505, 
          372.3511523126006
        ], 
        [
          397.1122277446166, 
          374.8349406172612
        ]
      ], 
      "projected_cuboid_centroid": [
        372.57994351564173, 
        415.0316356154705
      ], 
      "quaternion_xyzw": [
        0.9002021438595967, 
        -0.01973956801043208, 
        0.17579969189142344, 
        0.39792069166560196
      ], 
      "visibility": 0.3150912106135987
    }, 
    {
      "bounding_box": {
        "bottom_right": [
          366, 
          348
        ], 
        "top_left": [
          290, 
          252
        ]
      }, 
      "class": "008_pudding_box", 
      "cuboid": [
        [
          -16.380598793242708, 
          8.44544024163359, 
          66.1479643854374
        ], 
        [
          -27.429733502389414, 
          9.360028415973659, 
          63.647460189647084
        ], 
        [
          -29.322086398174967, 
          2.9746735251001772, 
          69.67383174616603
        ], 
        [
          -18.272951689028258, 
          2.0600853507601076, 
          72.17433594195636
        ], 
        [
          -16.774610430234826, 
          11.133193987671444, 
          68.87209745483156
        ], 
        [
          -27.823745139381533, 
          12.047782162011513, 
          66.37159325904123
        ], 
        [
          -29.71609803516709, 
          5.662427271138032, 
          72.39796481556019
        ], 
        [
          -18.666963326020383, 
          4.7478390967979625, 
          74.89846901135051
        ]
      ], 
      "cuboid_centroid": [
        -23.0483484142049, 
        7.053933756385811, 
        69.2729646004988
      ], 
      "location": [
        -23.0483484142049, 
        7.053933756385811, 
        69.2729646004988
      ], 
      "pose_transform_permuted": [
        [
          0.10241783031363602, 
          -0.6986441039863179, 
          -0.70810040176187, 
          0.0
        ], 
        [
          0.9721729462722438, 
          -0.08047126797520998, 
          0.2200102175580513, 
          0.0
        ], 
        [
          0.2106898368550029, 
          0.7109294377468403, 
          -0.6709611314561547, 
          0.0
        ], 
        [
          -23.0483484142049, 
          7.053933756385811, 
          69.2729646004988, 
          1.0
        ]
      ], 
      "projected_cuboid": [
        [
          348.4274893095707, 
          341.37810680311213
        ], 
        [
          249.84039487849546, 
          351.71679173237953
        ], 
        [
          255.28020669439968, 
          296.05622933781694
        ], 
        [
          345.44706800441105, 
          288.5091769738874
        ], 
        [
          350.6183094059339, 
          359.4977990913857
        ], 
        [
          256.1601277452482, 
          370.0947935208708
        ], 
        [
          260.8692031407743, 
          314.9988065469076
        ], 
        [
          347.5700144613906, 
          307.0938454136369
        ]
      ], 
      "projected_cuboid_centroid": [
        302.6734079163685, 
        327.59345313034265
      ], 
      "quaternion_xyzw": [
        0.9207609333834916, 
        -0.07905447936422874, 
        0.08754390965711129, 
        0.3718677633317986
      ], 
      "visibility": 0.8861176470588236
    }, 
    {
      "bounding_box": {
        "bottom_right": [
          533, 
          346
        ], 
        "top_left": [
          343, 
          190
        ]
      }, 
      "class": "019_pitcher_base", 
      "cuboid": [
        [
          -36.5487331435199, 
          35.51537625835623, 
          68.19638392107198
        ], 
        [
          -18.41278589227643, 
          35.43921369477029, 
          73.37800436915498
        ], 
        [
          -23.26425437859348, 
          18.587068578933522, 
          90.11069925749791
        ], 
        [
          -41.40020162983695, 
          18.66323114251946, 
          84.92907880941489
        ], 
        [
          -34.04354127900868, 
          25.94839234627472, 
          59.28745784436025
        ], 
        [
          -15.907594027765207, 
          25.872229782688777, 
          64.46907829244326
        ], 
        [
          -20.759062514082256, 
          9.020084666852016, 
          81.20177318078618
        ], 
        [
          -38.895009765325725, 
          9.096247230437951, 
          76.02015273270317
        ]
      ], 
      "cuboid_centroid": [
        -28.653897828801078, 
        22.267730462604117, 
        74.69907855092907
      ], 
      "location": [
        -28.653897828801078, 
        22.267730462604117, 
        74.69907855092907
      ], 
      "pose_transform_permuted": [
        [
          -0.18821028441009258, 
          0.7187492457352961, 
          0.6693106162603434, 
          0.0
        ], 
        [
          -0.9615173515724201, 
          0.004037926743699324, 
          -0.27471506732314016, 
          0.0
        ], 
        [
          0.2001538165348758, 
          0.6952577701468063, 
          -0.6903296913627677, 
          0.0
        ], 
        [
          -28.653897828801078, 
          22.267730462604117, 
          74.69907855092907, 
          1.0
        ]
      ], 
      "projected_cuboid": [
        [
          193.39126621315182, 
          551.0292066278345
        ], 
        [
          346.655627101712, 
          530.8627263514882
        ], 
        [
          342.76029378774376, 
          383.29398158770033
        ], 
        [
          219.4543603885835, 
          390.48393130170535
        ], 
        [
          172.80677507940445, 
          506.7049757630948
        ], 
        [
          348.9050576016048, 
          487.3142109197812
        ], 
        [
          344.1188290776948, 
          332.5289363461083
        ], 
        [
          206.45507091760572, 
          337.101284558127
        ]
      ], 
      "projected_cuboid_centroid": [
        275.3156059054724, 
        432.2686426989202
      ], 
      "quaternion_xyzw": [
        -0.1269153785693612, 
        0.38631236346496167, 
        0.9118779712740585, 
        0.055981104300963196
      ], 
      "visibility": 0.2504815069159237
    }, 
    {
      "bounding_box": {
        "bottom_right": [
          413, 
          433
        ], 
        "top_left": [
          260, 
          254
        ]
      }, 
      "class": "035_power_drill", 
      "cuboid": [
        [
          -4.606689227295763, 
          11.425771739074737, 
          54.36165512284394
        ], 
        [
          -22.793021171387156, 
          12.701709038844843, 
          51.61960052505319
        ], 
        [
          -25.614142208843877, 
          -1.0766649866989817, 
          63.91897554303999
        ], 
        [
          -7.427810264752482, 
          -2.352602286469088, 
          66.66103014083073
        ], 
        [
          -4.973429576414562, 
          15.268146051992993, 
          58.58195605045561
        ], 
        [
          -23.159761520505956, 
          16.5440833517631, 
          55.83990145266486
        ], 
        [
          -25.980882557962676, 
          2.765709326219275, 
          68.13927647065165
        ], 
        [
          -7.794550613871282, 
          1.489772026449168, 
          70.8813310684424
        ]
      ], 
      "cuboid_centroid": [
        -15.29378589262922, 
        7.095740532647006, 
        61.2504657967478
      ], 
      "location": [
        -15.29378589262922, 
        7.095740532647006, 
        61.2504657967478
      ], 
      "pose_transform_permuted": [
        [
          0.0641244125941292, 
          -0.6718377085441448, 
          -0.7379180354815347, 
          0.0
        ], 
        [
          0.9864522289459576, 
          -0.06920863411175306, 
          0.1487328988713968, 
          0.0
        ], 
        [
          0.15099451482449278, 
          0.7374582208400907, 
          -0.658297938595233, 
          0.0
        ], 
        [
          -15.29378589262922, 
          7.095740532647006, 
          61.2504657967478, 
          1.0
        ]
      ], 
      "projected_cuboid": [
        [
          436.02612940512336, 
          385.3800312262966
        ], 
        [
          244.1433399176275, 
          404.5171190253578
        ], 
        [
          266.09981010329693, 
          264.3031880913135
        ], 
        [
          421.67586652178835, 
          254.4646135656789
        ], 
        [
          435.94254249762434, 
          412.2849913828856
        ], 
        [
          258.5578787865331, 
          431.29691062850054
        ], 
        [
          276.5525703221467, 
          294.9334796783744
        ], 
        [
          422.46120368148087, 
          284.4957602715573
        ]
      ], 
      "projected_cuboid_centroid": [
        347.32139230016304, 
        335.07051519590465
      ], 
      "quaternion_xyzw": [
        0.9302994793704314, 
        -0.05917533918358891, 
        0.05720128737725795, 
        0.3574482402267737
      ], 
      "visibility": 0.8089855690623445
    }, 
    {
      "bounding_box": {
        "bottom_right": [
          307, 
          283
        ], 
        "top_left": [
          249, 
          207
        ]
      }, 
      "class": "061_foam_brick", 
      "cuboid": [
        [
          -32.654217158296575, 
          -3.031902544393357, 
          65.41397211819339
        ], 
        [
          -25.02801858040322, 
          -3.263943549681328, 
          66.9730896192066
        ], 
        [
          -24.169742472971667, 
          0.18454957061960356, 
          63.28818952935611
        ], 
        [
          -31.795941050865018, 
          0.41659057590757415, 
          61.72907202834289
        ], 
        [
          -33.2503464062422, 
          0.8495040372950988, 
          68.9075160650288
        ], 
        [
          -25.624147828348853, 
          0.6174630320071282, 
          70.46663356604202
        ], 
        [
          -24.765871720917293, 
          4.065956152308059, 
          66.78173347619153
        ], 
        [
          -32.39207029881065, 
          4.29799715759603, 
          65.22261597517831
        ]
      ], 
      "cuboid_centroid": [
        -28.710044439606936, 
        0.5170268039573511, 
        66.09785279719246
      ], 
      "location": [
        -28.710044439606936, 
        0.5170268039573511, 
        66.09785279719246
      ], 
      "pose_transform_permuted": [
        [
          0.11341880578127539, 
          -0.7384715659628911, 
          -0.6646773057352455, 
          0.0
        ], 
        [
          -0.9792997411560618, 
          0.029796981300069136, 
          -0.2002102816467579, 
          0.0
        ], 
        [
          -0.1676549774591261, 
          -0.6736259245083424, 
          0.7198054753636297, 
          0.0
        ], 
        [
          -28.710044439606936, 
          0.5170268039573511, 
          66.09785279719246, 
          1.0
        ]
      ], 
      "projected_cuboid": [
        [
          213.14886989186647, 
          248.56746117212967
        ], 
        [
          280.63325054975064, 
          247.29512824795052
        ], 
        [
          276.2251360628936, 
          274.84170808203686
        ], 
        [
          204.60095611116407, 
          276.88574828859885
        ], 
        [
          222.106655009256, 
          279.8613960657823
        ], 
        [
          286.047147212953, 
          277.95974443658696
        ], 
        [
          282.16836325022507, 
          305.7573039748662
        ], 
        [
          214.5226868583102, 
          308.43088198370936
        ]
      ], 
      "projected_cuboid_centroid": [
        248.01567127089297, 
        277.4582396011672
      ], 
      "quaternion_xyzw": [
        0.05420249088105061, 
        0.9107144134413996, 
        -0.40031128853445846, 
        0.08609424721930514
      ], 
      "visibility": 0.9446935724962631
    }
  ]
}