{
  "camera_data": {
    "location_worldframe": [
      -17.223351733999845, 
      2.4841293912359728, 
      83.460375525378
    ], 
    "quaternion_xyzw_worldframe": [
      0.9159671351106962, 
      0.018515106675099903, 
      -0.035039215075281446, 
      -0.39929126015217653
    ]
  }, 
  "objects": [
    {
      "bounding_box": {
        "bottom_right": [
          441, 
          322
        ], 
        "top_left": [
          284, 
          144
        ]
      }, 
      "class": "003_cracker_box", 
      "cuboid": [
        [
          -25.13660632969838, 
          17.59262588453535, 
          63.791459686476436
        ], 
        [
          -41.518909605608805, 
          17.355110228886666, 
          64.59260972022328
        ], 
        [
          -40.61962601921433, 
          0.8423604783379433, 
          78.08608710203224
        ], 
        [
          -24.237322743303906, 
          1.0798761339866279, 
          77.28493706828542
        ], 
        [
          -24.931032121423495, 
          22.14069995166256, 
          69.3435006679318
        ], 
        [
          -41.31333539733392, 
          21.903184296013876, 
          70.14465070167863
        ], 
        [
          -40.41405181093945, 
          5.390434545465152, 
          83.6381280834876
        ], 
        [
          -24.031748535029024, 
          5.627950201113837, 
          82.83697804974076
        ]
      ], 
      "cuboid_centroid": [
        -32.77532907031892, 
        11.491530215000251, 
        73.71479388498202
      ], 
      "location": [
        -32.77532907031892, 
        11.491530215000251, 
        73.71479388498202
      ], 
      "pose_transform_permuted": [
        [
          -0.028631506015293434, 
          -0.633436514744261, 
          -0.7732647791358016, 
          0.0
        ], 
        [
          0.9987016620778869, 
          0.0144794828950984, 
          -0.048839888799596, 
          0.0
        ], 
        [
          -0.042133443084592215, 
          0.773659179719167, 
          -0.632199530694308, 
          0.0
        ], 
        [
          -32.77532907031892, 
          11.491530215000251, 
          73.71479388498202, 
          1.0
        ]
      ], 
      "projected_cuboid": [
        [
          269.694684661666, 
          420.3672279317758
        ], 
        [
          135.93251486723545, 
          416.5818807961909
        ], 
        [
          201.8574368350808, 
          279.039769521902
        ], 
        [
          312.9489398001464, 
          280.73843108636675
        ], 
        [
          288.2550561793571, 
          443.57025246945744
        ], 
        [
          164.8683519253359, 
          439.8195095197959
        ], 
        [
          221.74879921798518, 
          307.6587121413969
        ], 
        [
          325.58691576486933, 
          309.52030852728615
        ]
      ], 
      "projected_cuboid_centroid": [
        242.49455361285777, 
        356.4266755476498
      ], 
      "quaternion_xyzw": [
        0.9414915853225742, 
        0.015032775348781762, 
        -0.02057145173218573, 
        0.3360720544849417
      ], 
      "visibility": 0.35685936976999955
    }, 
    {
      "bounding_box": {
        "bottom_right": [
          455, 
          364
        ], 
        "top_left": [
          332, 
          285
        ]
      }, 
      "class": "006_mustard_bottle", 
      "cuboid": [
        [
          -19.630843799181598, 
          24.549068748650456, 
          73.4521356715991
        ], 
        [
          -28.9286826567079, 
          22.485202053928326, 
          72.22873277144872
        ], 
        [
          -27.46452163384616, 
          8.318344313614249, 
          85.0004636584204
        ], 
        [
          -18.166682776319856, 
          10.38221100833638, 
          86.22386655857078
        ], 
        [
          -21.016267752199962, 
          28.257773551817866, 
          77.72478889161849
        ], 
        [
          -30.31410660972626, 
          26.193906857095726, 
          76.50138599146811
        ], 
        [
          -28.84994558686452, 
          12.027049116781654, 
          89.2731168784398
        ], 
        [
          -19.552106729338217, 
          14.090915811503788, 
          90.49651977859017
        ]
      ], 
      "cuboid_centroid": [
        -24.24039469302306, 
        18.288058932716055, 
        81.36262627501945
      ], 
      "location": [
        -24.24039469302306, 
        18.288058932716055, 
        81.36262627501945
      ], 
      "pose_transform_permuted": [
        [
          0.23784509901808837, 
          -0.6366984338739243, 
          -0.7335152723261733, 
          0.0
        ], 
        [
          0.9682828278304683, 
          0.21493238483188193, 
          0.12740595291933993, 
          0.0
        ], 
        [
          -0.07653702822822664, 
          0.7405532409655446, 
          -0.6676248801575769, 
          0.0
        ], 
        [
          -24.24039469302306, 
          18.288058932716055, 
          81.36262627501945, 
          1.0
        ]
      ], 
      "projected_cuboid": [
        [
          337.87406720225454, 
          451.53185369023873
        ], 
        [
          266.21457491836793, 
          439.31185957838653
        ], 
        [
          307.8399992482268, 
          325.4784406025611
        ], 
        [
          368.29446844102205, 
          337.50351952447005
        ], 
        [
          336.1892430119551, 
          467.18123009844714
        ], 
        [
          268.5050374200634, 
          455.8939941157343
        ], 
        [
          307.810567685307, 
          345.1363965505605
        ], 
        [
          365.41117049259265, 
          356.3279783094953
        ]
      ], 
      "projected_cuboid_centroid": [
        321.3808538620197, 
        393.16196990318014
      ], 
      "quaternion_xyzw": [
        0.9276787349511394, 
        0.07854804742168099, 
        0.09843144996653015, 
        0.3515018898488062
      ], 
      "visibility": 0.6587565258661604
    }, 
    {
      "bounding_box": {
        "bottom_right": [
          338, 
          300
        ], 
        "top_left": [
          270, 
          195
        ]
      }, 
      "class": "008_pudding_box", 
      "cuboid": [
        [
          -25.979528927727653, 
          6.797410993811684, 
          69.12876521775854
        ], 
        [
          -37.333934129600316, 
          6.301544012562688, 
          69.19176546595142
        ], 
        [
          -36.99972268870549, 
          -0.6260531394918688, 
          74.89856939752563
        ], 
        [
          -25.64531748683282, 
          -0.13018615824287247, 
          74.83556914933277
        ], 
        [
          -26.069725096791124, 
          9.24021533374475, 
          72.0994112682134
        ], 
        [
          -37.42413029866379, 
          8.744348352495754, 
          72.16241151640627
        ], 
        [
          -37.089918857768964, 
          1.8167512004411972, 
          77.8692154479805
        ], 
        [
          -25.7355136558963, 
          2.3126181816901936, 
          77.80621519978762
        ]
      ], 
      "cuboid_centroid": [
        -31.534723892748307, 
        4.30708109712644, 
        73.49899033286952
      ], 
      "location": [
        -31.534723892748307, 
        4.30708109712644, 
        73.49899033286952
      ], 
      "pose_transform_permuted": [
        [
          0.02344523630977903, 
          -0.6349729218319501, 
          -0.7721780134210608, 
          0.0
        ], 
        [
          0.9990325802739632, 
          0.0436295218412799, 
          -0.005543161388994524, 
          0.0
        ], 
        [
          -0.03721026565078211, 
          0.7713013344467435, 
          -0.6353812716352448, 
          0.0
        ], 
        [
          -31.534723892748307, 
          4.30708109712644, 
          73.49899033286952, 
          1.0
        ]
      ], 
      "projected_cuboid": [
        [
          279.49804688605286, 
          325.72769451653465
        ], 
        [
          191.43470246812973, 
          321.85787885534813
        ], 
        [
          215.94286913646616, 
          268.82869049405963
        ], 
        [
          297.3113193314409, 
          272.3587595408091
        ], 
        [
          287.1522065829634, 
          341.636441309661
        ], 
        [
          202.70740548748682, 
          337.91204204175983
        ], 
        [
          225.45446292108176, 
          285.7293112567387
        ], 
        [
          303.72396232125095, 
          289.1382866049359
        ]
      ], 
      "projected_cuboid_centroid": [
        250.86954828838338, 
        304.53935771406947
      ], 
      "quaternion_xyzw": [
        0.9410780956092019, 
        0.021475313225660302, 
        0.004755735736574471, 
        0.3374731064813591
      ], 
      "visibility": 0.6771010547805376
    }, 
    {
      "bounding_box": {
        "bottom_right": [
          484, 
          296
        ], 
        "top_left": [
          312, 
          143
        ]
      }, 
      "class": "019_pitcher_base", 
      "cuboid": [
        [
          -48.32616407642409, 
          30.614001685375875, 
          77.91103309519647
        ], 
        [
          -29.618950238979362, 
          32.77369711982126, 
          78.98035062265095
        ], 
        [
          -28.410070808519983, 
          14.46220407641095, 
          94.8151999351349
        ], 
        [
          -47.117284645964716, 
          12.302508641965574, 
          93.74588240768043
        ], 
        [
          -46.76042300452965, 
          22.027250061910564, 
          67.86174044620607
        ], 
        [
          -28.05320916708492, 
          24.186945496355943, 
          68.93105797366054
        ], 
        [
          -26.84432973662554, 
          5.875452452945641, 
          84.76590728614451
        ], 
        [
          -45.551543574070266, 
          3.7157570185002626, 
          83.69658975869004
        ]
      ], 
      "cuboid_centroid": [
        -37.585246906524816, 
        18.244727069160756, 
        81.33847019067049
      ], 
      "location": [
        -37.585246906524816, 
        18.244727069160756, 
        81.33847019067049
      ], 
      "pose_transform_permuted": [
        [
          -0.11763113900711643, 
          0.6451062643565403, 
          0.7549841808047527, 
          0.0
        ], 
        [
          -0.9918043130085478, 
          -0.11450102967125624, 
          -0.056692233537318976, 
          0.0
        ], 
        [
          -0.049873936606900426, 
          0.7554651193607442, 
          -0.653287872133401, 
          0.0
        ], 
        [
          -37.585246906524816, 
          18.244727069160756, 
          81.33847019067049, 
          1.0
        ]
      ], 
      "projected_cuboid": [
        [
          148.0361968093356, 
          482.8466730408178
        ], 
        [
          279.9265832299083, 
          494.59290531361114
        ], 
        [
          320.46347622743093, 
          354.63400816600625
        ], 
        [
          211.31340810324014, 
          343.27541229123585
        ], 
        [
          111.04846858778741, 
          446.39680223610765
        ], 
        [
          262.7406215406301, 
          460.4209309459067
        ], 
        [
          311.2937587595346, 
          310.25297830477314
        ], 
        [
          188.92109315510956, 
          296.96355982886445
        ]
      ], 
      "projected_cuboid_centroid": [
        233.1046479837459, 
        392.9134526847337
      ], 
      "quaternion_xyzw": [
        -0.04657488891305596, 
        0.3468987651496223, 
        0.9357154499598216, 
        -0.04391692108033878
      ], 
      "visibility": 0.19772907636896406
    }, 
    {
      "bounding_box": {
        "bottom_right": [
          398, 
          338
        ], 
        "top_left": [
          250, 
          161
        ]
      }, 
      "class": "035_power_drill", 
      "cuboid": [
        [
          -17.664819017642447, 
          12.077351384454179, 
          55.366084136019445
        ], 
        [
          -36.01192395738194, 
          10.954321720854473, 
          56.78456702127088
        ], 
        [
          -34.23242421278716, 
          -3.7764790252675025, 
          68.13858968136272
        ], 
        [
          -15.885319273047676, 
          -2.653449361667798, 
          66.72010679611128
        ], 
        [
          -17.5295897520373, 
          15.578044755919507, 
          59.8867187959481
        ], 
        [
          -35.876694691776784, 
          14.455015092319801, 
          61.30520168119954
        ], 
        [
          -34.09719494718201, 
          -0.2757856538021755, 
          72.65922434129138
        ], 
        [
          -15.750090007442525, 
          0.8472440097975292, 
          71.24074145603994
        ]
      ], 
      "cuboid_centroid": [
        -25.88100698241223, 
        5.9007828653260015, 
        64.01265423865541
      ], 
      "location": [
        -25.88100698241223, 
        5.9007828653260015, 
        64.01265423865541
      ], 
      "pose_transform_permuted": [
        [
          -0.023644786408971847, 
          -0.612094923988468, 
          -0.790431276016165, 
          0.0
        ], 
        [
          0.9951727824032977, 
          0.060914708817369816, 
          -0.07694050719956136, 
          0.0
        ], 
        [
          -0.09524394628868131, 
          0.7884348392375872, 
          -0.6076999604428228, 
          0.0
        ], 
        [
          -25.88100698241223, 
          5.9007828653260015, 
          64.01265423865541, 
          1.0
        ]
      ], 
      "projected_cuboid": [
        [
          310.02083796089863, 
          389.622885524898
        ], 
        [
          140.55516399829042, 
          376.16932111334364
        ], 
        [
          211.42760902072598, 
          243.72810084575846
        ], 
        [
          353.5614059893179, 
          252.07649238221435
        ], 
        [
          324.18683181750504, 
          412.01640167886916
        ], 
        [
          166.8897529999666, 
          399.0367583927119
        ], 
        [
          229.23758249991636, 
          271.26226795565725
        ], 
        [
          362.70678932331225, 
          279.6291421278041
        ]
      ], 
      "projected_cuboid_centroid": [
        264.17327273046914, 
        322.44874029203265
      ], 
      "quaternion_xyzw": [
        0.9452564331514821, 
        0.041300606277129115, 
        -0.026602647197327748, 
        0.32260951675422567
      ], 
      "visibility": 0.7843182875756166
    }, 
    {
      "bounding_box": {
        "bottom_right": [
          280, 
          241
        ], 
        "top_left": [
          224, 
          158
        ]
      }, 
      "class": "061_foam_brick", 
      "cuboid": [
        [
          -40.44961465150929, 
          -6.781073793865441, 
          70.95621470473348
        ], 
        [
          -32.69995713684797, 
          -6.034489919662793, 
          70.78587362396543
        ], 
        [
          -33.13674915799322, 
          -2.2909760055777153, 
          67.32140430604007
        ], 
        [
          -40.88640667265454, 
          -3.0375598797803645, 
          67.49174538680813
        ], 
        [
          -40.706553107376735, 
          -3.2315227989669224, 
          74.82405735996295
        ], 
        [
          -32.95689559271542, 
          -2.4849389247642724, 
          74.65371627919488
        ], 
        [
          -33.39368761386067, 
          1.258574989320805, 
          71.18924696126953
        ], 
        [
          -41.143345128521986, 
          0.5119911151181558, 
          71.35958804203759
        ]
      ], 
      "cuboid_centroid": [
        -36.92165113268498, 
        -2.7612494022723184, 
        71.0727308330015
      ], 
      "location": [
        -36.92165113268498, 
        -2.7612494022723184, 
        71.0727308330015
      ], 
      "pose_transform_permuted": [
        [
          0.048884789538842344, 
          -0.6753331367124076, 
          -0.7358909102645063, 
          0.0
        ], 
        [
          -0.9951534202316032, 
          -0.0958707522876896, 
          0.021873935565744185, 
          0.0
        ], 
        [
          0.08532260868658992, 
          -0.7312550535305538, 
          0.6767467023436037, 
          0.0
        ], 
        [
          -36.92165113268498, 
          -2.7612494022723184, 
          71.0727308330015, 
          1.0
        ]
      ], 
      "projected_cuboid": [
        [
          175.0369265481446, 
          222.31877618289283
        ], 
        [
          233.1737689061782, 
          227.82108726592082
        ], 
        [
          216.90040169163984, 
          255.13744586215248
        ], 
        [
          155.82036557720016, 
          249.2837483120115
        ], 
        [
          189.03715824350428, 
          250.25337922258842
        ], 
        [
          244.19384964317538, 
          255.53435285772736
        ], 
        [
          229.340943520268, 
          282.71524691354944
        ], 
        [
          171.5418797341443, 
          277.11300188900844
        ]
      ], 
      "projected_cuboid_centroid": [
        202.23344784335856, 
        252.56651832000338
      ], 
      "quaternion_xyzw": [
        -0.04868890146211248, 
        0.9303627496878117, 
        -0.3633206078784079, 
        0.007258151184084326
      ], 
      "visibility": 0.9211889828197437
    }
  ]
}