{
  "camera_data": {
    "location_worldframe": [
      -14.559080750815706, 
      -1.9968503030648392, 
      95.5874224003263
    ], 
    "quaternion_xyzw_worldframe": [
      0.9516591525992302, 
      -0.016256138209427243, 
      0.11133814969897321, 
      -0.2858038696997311
    ]
  }, 
  "objects": [
    {
      "bounding_box": {
        "bottom_right": [
          391, 
          374
        ], 
        "top_left": [
          254, 
          245
        ]
      }, 
      "class": "003_cracker_box", 
      "cuboid": [
        [
          -14.724140882373437, 
          8.665089182342687, 
          71.83770426750137
        ], 
        [
          -30.58392256887595, 
          10.963474417945923, 
          68.33586677092947
        ], 
        [
          -36.02042916465602, 
          -1.5954631806976705, 
          84.71484810597629
        ], 
        [
          -20.16064747815351, 
          -3.8938484163009073, 
          88.21668560254817
        ], 
        [
          -14.854039297883793, 
          14.382716225725718, 
          76.17870241647189
        ], 
        [
          -30.713820984386302, 
          16.681101461328954, 
          72.67686491990001
        ], 
        [
          -36.150327580166376, 
          4.12216386268536, 
          89.05584625494681
        ], 
        [
          -20.290545893663865, 
          1.8237786270821232, 
          92.55768375151871
        ]
      ], 
      "cuboid_centroid": [
        -25.437234231269905, 
        6.393626522514023, 
        80.44677526122409
      ], 
      "location": [
        -25.437234231269905, 
        6.393626522514023, 
        80.44677526122409
      ], 
      "pose_transform_permuted": [
        [
          0.018091701757103333, 
          -0.7963269053038444, 
          -0.6045958569298455, 
          0.0
        ], 
        [
          0.9668475832573211, 
          -0.1401146783961405, 
          0.21347980618181184, 
          0.0
        ], 
        [
          0.254712467454991, 
          0.5884142561046157, 
          -0.7673918309024682, 
          0.0
        ], 
        [
          -25.437234231269905, 
          6.393626522514023, 
          80.44677526122409, 
          1.0
        ]
      ], 
      "projected_cuboid": [
        [
          371.37482243537414, 
          337.61573388195643
        ], 
        [
          240.91916657569226, 
          358.8497404836651
        ], 
        [
          252.94186703632545, 
          263.24235118870035
        ], 
        [
          358.69888135469347, 
          249.74602974165126
        ], 
        [
          376.73878719180743, 
          373.97851591035203
        ], 
        [
          254.33371928977675, 
          395.69630466573784
        ], 
        [
          263.30319820009396, 
          297.9725165607292
        ], 
        [
          363.7081479323358, 
          283.79519396512524
        ]
      ], 
      "projected_cuboid_centroid": [
        311.5563280260741, 
        315.67290114971416
      ], 
      "quaternion_xyzw": [
        0.8887994284836964, 
        -0.11105631180611573, 
        0.06513604209162781, 
        0.43984016137196363
      ], 
      "visibility": 0.6666899051868377
    }, 
    {
      "bounding_box": {
        "bottom_right": [
          400, 
          404
        ], 
        "top_left": [
          308, 
          343
        ]
      }, 
      "class": "006_mustard_bottle", 
      "cuboid": [
        [
          -10.228234931086602, 
          16.966525662882674, 
          80.94307817758448
        ], 
        [
          -19.241608569996423, 
          16.003089879081475, 
          77.77496281571672
        ], 
        [
          -23.510412199673908, 
          5.429581498837487, 
          93.13526788067402
        ], 
        [
          -14.497038560764086, 
          6.393017282638687, 
          96.3033832425418
        ], 
        [
          -11.759708365851917, 
          21.785511982530338, 
          83.83468955445255
        ], 
        [
          -20.77308200476174, 
          20.82207619872914, 
          80.66657419258479
        ], 
        [
          -25.04188563443922, 
          10.24856781848515, 
          96.02687925754209
        ], 
        [
          -16.028511995529403, 
          11.21200360228635, 
          99.19499461940985
        ]
      ], 
      "cuboid_centroid": [
        -17.63506028276291, 
        13.607546740683912, 
        88.4849787175633
      ], 
      "location": [
        -17.63506028276291, 
        13.607546740683912, 
        88.4849787175633
      ], 
      "pose_transform_permuted": [
        [
          0.26291840121700366, 
          -0.8273079701461042, 
          -0.49642247974321213, 
          0.0
        ], 
        [
          0.9386584397848078, 
          0.10033281276077996, 
          0.32992954045437334, 
          0.0
        ], 
        [
          0.22314591004942616, 
          0.5527157851725867, 
          -0.8029390784170762, 
          0.0
        ], 
        [
          -17.63506028276291, 
          13.607546740683912, 
          88.4849787175633, 
          1.0
        ]
      ], 
      "projected_cuboid": [
        [
          413.6434301342579, 
          385.07596578820903
        ], 
        [
          348.5536787963495, 
          383.02315391508387
        ], 
        [
          345.8477014050328, 
          304.3778979747707
        ], 
        [
          400.6447137421341, 
          308.6904998941321
        ], 
        [
          406.1635218136959, 
          411.87642519210465
        ], 
        [
          343.1132404133319, 
          410.94976603116254
        ], 
        [
          341.35899059003737, 
          330.2056210477156
        ], 
        [
          394.7019889301848, 
          333.5676147699075
        ]
      ], 
      "projected_cuboid_centroid": [
        374.4206758944233, 
        355.30239265986273
      ], 
      "quaternion_xyzw": [
        0.8642622149412478, 
        -0.03552541554098688, 
        0.17148960449221956, 
        0.471571885354841
      ], 
      "visibility": 0.5159440238586832
    }, 
    {
      "bounding_box": {
        "bottom_right": [
          297, 
          352
        ], 
        "top_left": [
          240, 
          273
        ]
      }, 
      "class": "008_pudding_box", 
      "cuboid": [
        [
          -18.86945778633554, 
          -0.21540392666135627, 
          78.88660792041674
        ], 
        [
          -29.818422441750258, 
          0.9369856714682278, 
          76.06445594518925
        ], 
        [
          -32.15049816347369, 
          -4.314258186632794, 
          82.96784435036498
        ], 
        [
          -21.201533508058976, 
          -5.466647784762378, 
          85.78999632559247
        ], 
        [
          -19.12815305054761, 
          2.881191748412637, 
          81.15472130704003
        ], 
        [
          -30.07711770596232, 
          4.0335813465422214, 
          78.33256933181255
        ], 
        [
          -32.40919342768576, 
          -1.2176625115588005, 
          85.23595773698828
        ], 
        [
          -21.46022877227104, 
          -2.370052109688385, 
          88.05810971221577
        ]
      ], 
      "cuboid_centroid": [
        -25.639325607010647, 
        -0.7165332191100784, 
        82.0612828287025
      ], 
      "location": [
        -25.639325607010647, 
        -0.7165332191100784, 
        82.0612828287025
      ], 
      "pose_transform_permuted": [
        [
          0.06724422627533297, 
          -0.8049168618997092, 
          -0.589564444686479, 
          0.0
        ], 
        [
          0.963359349657817, 
          -0.10139454539726978, 
          0.2483108291107811, 
          0.0
        ], 
        [
          0.2596474761328575, 
          0.58466035284072, 
          -0.7686059931381951, 
          0.0
        ], 
        [
          -25.639325607010647, 
          -0.7165332191100784, 
          82.0612828287025, 
          1.0
        ]
      ], 
      "projected_cuboid": [
        [
          352.9654077754183, 
          271.8302815215764
        ], 
        [
          270.78540341141587, 
          279.85613479949257
        ], 
        [
          273.2105405255293, 
          245.5543678159514
        ], 
        [
          348.69786952699354, 
          239.3027351747763
        ], 
        [
          354.84618791829377, 
          292.2206918735548
        ], 
        [
          275.1134595346553, 
          300.74877930423025
        ], 
        [
          277.12352841523983, 
          265.66764942372674
        ], 
        [
          350.5411233680596, 
          258.9324346811965
        ]
      ], 
      "projected_cuboid_centroid": [
        313.5774345375879, 
        268.6297597229019
      ], 
      "quaternion_xyzw": [
        0.885661355596062, 
        -0.10191311251441619, 
        0.08907328218406382, 
        0.4441660588145744
      ], 
      "visibility": 0.5961538461538461
    }, 
    {
      "bounding_box": {
        "bottom_right": [
          455, 
          353
        ], 
        "top_left": [
          300, 
          217
        ]
      }, 
      "class": "019_pitcher_base", 
      "cuboid": [
        [
          -37.39377643904178, 
          27.96448995635109, 
          76.34259827657745
        ], 
        [
          -19.34726399560289, 
          27.64565462290069, 
          81.81884759184044
        ], 
        [
          -25.36769895470943, 
          13.907045707906565, 
          100.85879527268604
        ], 
        [
          -43.41421139814832, 
          14.225881041356962, 
          95.38254595742305
        ], 
        [
          -35.380078497194155, 
          17.00082941892855, 
          69.06830796675916
        ], 
        [
          -17.333566053755263, 
          16.681994085478156, 
          74.54455728202215
        ], 
        [
          -23.3540010128618, 
          2.943385170484028, 
          93.58450496286775
        ], 
        [
          -41.40051345630069, 
          3.2622205039344268, 
          88.10825564760476
        ]
      ], 
      "cuboid_centroid": [
        -30.373888725951794, 
        15.453937563417558, 
        84.9635516197226
      ], 
      "location": [
        -30.373888725951794, 
        15.453937563417558, 
        84.9635516197226
      ], 
      "pose_transform_permuted": [
        [
          -0.15128528386192266, 
          0.8236788954791694, 
          0.5465035502818062, 
          0.0
        ], 
        [
          -0.9567757674496086, 
          0.01690376031425187, 
          -0.2903354682949316, 
          0.0
        ], 
        [
          0.2483810907282503, 
          0.5668046728473457, 
          -0.7855184890294172, 
          0.0
        ], 
        [
          -30.373888725951794, 
          15.453937563417558, 
          84.9635516197226, 
          1.0
        ]
      ], 
      "projected_cuboid": [
        [
          218.19199888118544, 
          468.64287197839565
        ], 
        [
          354.4348964941593, 
          453.48913718608617
        ], 
        [
          346.34029079293526, 
          346.82399993534966
        ], 
        [
          236.82900888507498, 
          352.82877362909204
        ], 
        [
          206.12871430822648, 
          404.560569822933
        ], 
        [
          356.5528208828513, 
          392.6357494667432
        ], 
        [
          347.3981285635886, 
          290.06030787910714
        ], 
        [
          228.91125330618027, 
          293.0327702338266
        ]
      ], 
      "projected_cuboid_centroid": [
        289.35010994165197, 
        370.2915169701145
      ], 
      "quaternion_xyzw": [
        -0.12602141420864948, 
        0.45920244722694586, 
        0.8760827573036066, 
        0.0757019952826693
      ], 
      "visibility": 0.25234681055510383
    }, 
    {
      "bounding_box": {
        "bottom_right": [
          309, 
          424
        ], 
        "top_left": [
          203, 
          278
        ]
      }, 
      "class": "035_power_drill", 
      "cuboid": [
        [
          -6.821886316163105, 
          0.21158588981031873, 
          67.00820665262
        ], 
        [
          -24.87070338644043, 
          2.095529863752868, 
          63.755437608005785
        ], 
        [
          -28.63604153433296, 
          -9.418084752426683, 
          77.97991818309046
        ], 
        [
          -10.587224464055636, 
          -11.302028726369231, 
          81.23268722770469
        ], 
        [
          -6.998765927464825, 
          4.677707077742617, 
          70.57636498734307
        ], 
        [
          -25.04758299774215, 
          6.561651051685166, 
          67.32359594272884
        ], 
        [
          -28.81292114563468, 
          -4.951963564494384, 
          81.54807651781351
        ], 
        [
          -10.764104075357354, 
          -6.835907538436933, 
          84.80084556242774
        ]
      ], 
      "cuboid_centroid": [
        -17.817403730898892, 
        -2.370188837342033, 
        74.27814158521676
      ], 
      "location": [
        -17.817403730898892, 
        -2.370188837342033, 
        74.27814158521676
      ], 
      "pose_transform_permuted": [
        [
          0.0309273337440338, 
          -0.7808996158685081, 
          -0.6238911475291332, 
          0.0
        ], 
        [
          0.9789932287361225, 
          -0.10218777145485461, 
          0.17643476893363297, 
          0.0
        ], 
        [
          0.2015317312665672, 
          0.6162417811089366, 
          -0.7613351269045945, 
          0.0
        ], 
        [
          -17.817403730898892, 
          -2.370188837342033, 
          74.27814158521676, 
          1.0
        ]
      ], 
      "projected_cuboid": [
        [
          426.8490736335633, 
          274.9705540773074
        ], 
        [
          271.8177956602358, 
          290.8158210573471
        ], 
        [
          284.1176011949184, 
          208.87445405693722
        ], 
        [
          411.5091702605934, 
          199.08496402094943
        ], 
        [
          428.2692378193667, 
          308.6342466562275
        ], 
        [
          281.5232512796645, 
          325.26618872344517
        ], 
        [
          291.59194694230473, 
          240.90099000940015
        ], 
        [
          413.3365722041181, 
          230.29494591869098
        ]
      ], 
      "projected_cuboid_centroid": [
        352.6013994080036, 
        256.26850150676216
      ], 
      "quaternion_xyzw": [
        0.8970961706213821, 
        -0.08463961631645568, 
        0.057787032613804225, 
        0.42978523186228157
      ], 
      "visibility": 0.7942462600690449
    }, 
    {
      "bounding_box": {
        "bottom_right": [
          248, 
          296
        ], 
        "top_left": [
          201, 
          236
        ]
      }, 
      "class": "061_foam_brick", 
      "cuboid": [
        [
          -35.79526819109907, 
          -10.706868009045293, 
          79.624444080715
        ], 
        [
          -28.212572990413015, 
          -11.134467240026025, 
          81.34592238459243
        ], 
        [
          -27.11226186302743, 
          -8.355851740983594, 
          77.1895005242703
        ], 
        [
          -34.69495706371349, 
          -7.92825251000286, 
          75.46802222039287
        ], 
        [
          -36.19158964322152, 
          -6.301904278534207, 
          82.46429623893917
        ], 
        [
          -28.608894442535465, 
          -6.729503509514941, 
          84.1857745428166
        ], 
        [
          -27.508583315149888, 
          -3.9508880104725095, 
          80.02935268249448
        ], 
        [
          -35.09127851583594, 
          -3.5232887794917755, 
          78.30787437861704
        ]
      ], 
      "cuboid_centroid": [
        -31.651925753124477, 
        -7.328878009758901, 
        79.82689838160474
      ], 
      "location": [
        -31.651925753124477, 
        -7.328878009758901, 
        79.82689838160474
      ], 
      "pose_transform_permuted": [
        [
          0.0754036242310483, 
          -0.8380828948523074, 
          -0.5403067228980216, 
          0.0
        ], 
        [
          -0.9737133607853725, 
          0.0549091151955865, 
          -0.22105944923593085, 
          0.0
        ], 
        [
          -0.21493390723866282, 
          -0.5427725586508723, 
          0.8119121658743065, 
          0.0
        ], 
        [
          -31.651925753124477, 
          -7.328878009758901, 
          79.82689838160474, 
          1.0
        ]
      ], 
      "projected_cuboid": [
        [
          239.8445838681997, 
          201.57260076557085
        ], 
        [
          295.08856124016125, 
          200.28681957873147
        ], 
        [
          292.7112909475609, 
          215.55408295485984
        ], 
        [
          234.3705092927388, 
          217.25893583277653
        ], 
        [
          245.5854186549825, 
          232.53036693167488
        ], 
        [
          298.84845029346474, 
          230.65491730521373
        ], 
        [
          296.7508121667454, 
          246.95762394834733
        ], 
        [
          240.61457436146176, 
          249.29100856398478
        ]
      ], 
      "projected_cuboid_centroid": [
        268.36985985076444, 
        224.32266434335477
      ], 
      "quaternion_xyzw": [
        0.07716994794247477, 
        0.8741842829653061, 
        -0.47186705734679085, 
        0.08478277385099843
      ], 
      "visibility": 0.875
    }
  ]
}