{
  "camera_data": {
    "location_worldframe": [
      -15.863652908498583, 
      0.7693857816331057, 
      86.82454602261217
    ], 
    "quaternion_xyzw_worldframe": [
      0.8996597121369871, 
      0.025892497453520676, 
      0.025949535609601525, 
      -0.4350507765364686
    ]
  }, 
  "objects": [
    {
      "bounding_box": {
        "bottom_right": [
          433, 
          337
        ], 
        "top_left": [
          278, 
          187
        ]
      }, 
      "class": "003_cracker_box", 
      "cuboid": [
        [
          -20.942258635327875, 
          17.70028550314059, 
          67.71159402932227
        ], 
        [
          -37.30557000741938, 
          18.08320145133407, 
          66.6282972076911
        ], 
        [
          -38.51644354355279, 
          0.5335361295152052, 
          78.71533900947351
        ], 
        [
          -22.15313217146129, 
          0.15062018132172839, 
          79.79863583110469
        ], 
        [
          -21.23722351622718, 
          21.78326828738872, 
          73.61029260083042
        ], 
        [
          -37.600534888318684, 
          22.166184235582197, 
          72.52699577919924
        ], 
        [
          -38.81140842445209, 
          4.616518913763332, 
          84.61403758098164
        ], 
        [
          -22.44809705236059, 
          4.233602965569855, 
          85.69733440261282
        ]
      ], 
      "cuboid_centroid": [
        -29.876833529889986, 
        11.158402208451962, 
        76.16281580515196
      ], 
      "location": [
        -29.876833529889986, 
        11.158402208451962, 
        76.16281580515196
      ], 
      "pose_transform_permuted": [
        [
          0.04108146071746538, 
          -0.5686605685049, 
          -0.8215457816902252, 
          0.0
        ], 
        [
          0.9975438733597477, 
          -0.02334340827759479, 
          0.06604018483027546, 
          0.0
        ], 
        [
          0.056732127650483744, 
          0.822240988468508, 
          -0.5663048848231663, 
          0.0
        ], 
        [
          -29.876833529889986, 
          11.158402208451962, 
          76.16281580515196, 
          1.0
        ]
      ], 
      "projected_cuboid": [
        [
          315.27410318282784, 
          412.70001689698523
        ], 
        [
          180.49987683315447, 
          418.0317268065833
        ], 
        [
          218.46211099426907, 
          276.9014022477958
        ], 
        [
          332.306830743917, 
          274.29318040687326
        ], 
        [
          326.4473713901217, 
          431.1101677030799
        ], 
        [
          202.80136693506864, 
          436.28322645596273
        ], 
        [
          234.93139129235502, 
          302.3843096181283
        ], 
        [
          340.7317907656718, 
          299.633487797893
        ]
      ], 
      "projected_cuboid_centroid": [
        270.64523034381585, 
        351.4217060651898
      ], 
      "quaternion_xyzw": [
        0.9541135471628207, 
        -0.0209816578346973, 
        0.028068369290605088, 
        0.29738741701735394
      ], 
      "visibility": 0.3865200863043255
    }, 
    {
      "bounding_box": {
        "bottom_right": [
          439, 
          377
        ], 
        "top_left": [
          320, 
          309
        ]
      }, 
      "class": "006_mustard_bottle", 
      "cuboid": [
        [
          -16.37607089746197, 
          23.636763843322335, 
          78.47926713119699
        ], 
        [
          -25.530209122571186, 
          22.065215811564393, 
          76.0424540588261
        ], 
        [
          -26.02055613198858, 
          6.885514728371667, 
          87.67417664921074
        ], 
        [
          -16.866417906879366, 
          8.457062760129611, 
          90.11098972158163
        ], 
        [
          -18.128660255770775, 
          27.051045922306738, 
          82.8611120407579
        ], 
        [
          -27.28279848087999, 
          25.479497890548796, 
          80.42429896838699
        ], 
        [
          -27.77314549029738, 
          10.299796807356069, 
          92.05602155877163
        ], 
        [
          -18.619007265188166, 
          11.871344839114013, 
          94.49283463114254
        ]
      ], 
      "cuboid_centroid": [
        -22.074608193879676, 
        16.9682803253392, 
        85.26764434498432
      ], 
      "location": [
        -22.074608193879676, 
        16.9682803253392, 
        85.26764434498432
      ], 
      "pose_transform_permuted": [
        [
          0.3008788671199485, 
          -0.5861528937640414, 
          -0.7522609480843936, 
          0.0
        ], 
        [
          0.9533177529512438, 
          0.16366200743845105, 
          0.25377125682271706, 
          0.0
        ], 
        [
          0.025632223720894215, 
          0.7934982506429363, 
          -0.608032495294226, 
          0.0
        ], 
        [
          -22.074608193879676, 
          16.9682803253392, 
          85.26764434498432, 
          1.0
        ]
      ], 
      "projected_cuboid": [
        [
          369.3832067186474, 
          433.9142999527797
        ], 
        [
          301.050189024891, 
          428.0397195410593
        ], 
        [
          321.9956979075326, 
          315.1709329675046
        ], 
        [
          380.9417252015186, 
          323.33944717730793
        ], 
        [
          363.94307030044354, 
          447.3953832565484
        ], 
        [
          299.1682818218332, 
          442.2493436098558
        ], 
        [
          319.3545774801218, 
          332.957630073327
        ], 
        [
          375.63525523901444, 
          340.2886625974598
        ]
      ], 
      "projected_cuboid_centroid": [
        342.3774379589033, 
        379.4172545006769
      ], 
      "quaternion_xyzw": [
        0.9352909910394965, 
        0.03689487684580081, 
        0.14825603188110983, 
        0.31920156413861955
      ], 
      "visibility": 0.3640174672489083
    }, 
    {
      "bounding_box": {
        "bottom_right": [
          333, 
          320
        ], 
        "top_left": [
          268, 
          225
        ]
      }, 
      "class": "008_pudding_box", 
      "cuboid": [
        [
          -22.748845486579686, 
          6.561909200859708, 
          72.00189091640615
        ], 
        [
          -34.04351350050916, 
          6.536234762053369, 
          70.73611610981983
        ], 
        [
          -34.59959603335974, 
          -0.8282037341241604, 
          75.84754727481534
        ], 
        [
          -23.304928019430264, 
          -0.8025292953178214, 
          77.11332208140166
        ], 
        [
          -23.1050948890253, 
          8.76417233577492, 
          75.13610370386063
        ], 
        [
          -34.39976290295478, 
          8.73849789696858, 
          73.8703288972743
        ], 
        [
          -34.95584543580536, 
          1.3740594007910507, 
          78.98176006226981
        ], 
        [
          -23.661177421875877, 
          1.3997338395973897, 
          80.24753486885614
        ]
      ], 
      "cuboid_centroid": [
        -28.85234546119252, 
        3.96798430082538, 
        75.49182548933798
      ], 
      "location": [
        -28.85234546119252, 
        3.96798430082538, 
        75.49182548933798
      ], 
      "pose_transform_permuted": [
        [
          0.09260206405969307, 
          -0.5724475900751913, 
          -0.814694905670405, 
          0.0
        ], 
        [
          0.9937765236203436, 
          0.0022589999556781653, 
          0.11137089513602579, 
          0.0
        ], 
        [
          0.061912837919995425, 
          0.8199381567486339, 
          -0.569093957393939, 
          0.0
        ], 
        [
          -28.85234546119252, 
          3.96798430082538, 
          75.49182548933798, 
          1.0
        ]
      ], 
      "projected_cuboid": [
        [
          311.69166253473406, 
          321.890743166441
        ], 
        [
          222.7847733743154, 
          322.56690832853053
        ], 
        [
          236.2836944860985, 
          267.46305012805095
        ], 
        [
          319.0758420484441, 
          267.73620533191297
        ], 
        [
          316.2293158215412, 
          335.4950437003098
        ], 
        [
          231.17237237486543, 
          336.3756310655351
        ], 
        [
          243.59280237643364, 
          282.56479142000796
        ], 
        [
          323.03606336355784, 
          282.58907255903443
        ]
      ], 
      "projected_cuboid_centroid": [
        276.0681509911128, 
        301.31876159807996
      ], 
      "quaternion_xyzw": [
        0.9524192335887834, 
        -0.0156585030679025, 
        0.053540749704081, 
        0.2996426119954866
      ], 
      "visibility": 0.8088706804417528
    }, 
    {
      "bounding_box": {
        "bottom_right": [
          470, 
          308
        ], 
        "top_left": [
          305, 
          174
        ]
      }, 
      "class": "019_pitcher_base", 
      "cuboid": [
        [
          -45.18424766193952, 
          30.521278999483048, 
          80.14638057985422
        ], 
        [
          -26.668564355372844, 
          31.808310625166364, 
          83.50504031096553
        ], 
        [
          -27.90263789296824, 
          12.269312028024725, 
          97.79556920355834
        ], 
        [
          -46.41832119953493, 
          10.982280402341408, 
          94.43690947244704
        ], 
        [
          -42.73815197216669, 
          22.697014164332618, 
          69.65974017607108
        ], 
        [
          -24.222468665600008, 
          23.984045790015937, 
          73.01839990718238
        ], 
        [
          -25.456542203195408, 
          4.445047192874297, 
          87.3089287997752
        ], 
        [
          -43.97222550976209, 
          3.15801556719098, 
          83.9502690686639
        ]
      ], 
      "cuboid_centroid": [
        -35.32039493256747, 
        17.48316309617867, 
        83.72765468981471
      ], 
      "location": [
        -35.32039493256747, 
        17.48316309617867, 
        83.72765468981471
      ], 
      "pose_transform_permuted": [
        [
          -0.1837705015684577, 
          0.5878220869166294, 
          0.7878412830817144, 
          0.0
        ], 
        [
          -0.9816498983400505, 
          -0.06823482793445608, 
          -0.17806677339501278, 
          0.0
        ], 
        [
          0.05091335316947021, 
          0.8061075015775968, 
          -0.5895748691806382, 
          0.0
        ], 
        [
          -35.32039493256747, 
          17.48316309617867, 
          83.72765468981471, 
          1.0
        ]
      ], 
      "projected_cuboid": [
        [
          178.4210255946828, 
          476.38486476908434
        ], 
        [
          309.8542106590207, 
          476.4358916111035
        ], 
        [
          328.1644056041759, 
          340.19615801711245
        ], 
        [
          217.27136161258716, 
          335.3074706778215
        ], 
        [
          151.66416580027268, 
          447.05638126186676
        ], 
        [
          303.20406010888775, 
          448.4637716615555
        ], 
        [
          324.8019668910311, 
          300.43875194933696
        ], 
        [
          199.92220461787878, 
          293.3487910823125
        ]
      ], 
      "projected_cuboid_centroid": [
        254.74206449535586, 
        384.64894613093065
      ], 
      "quaternion_xyzw": [
        -0.09567730285463265, 
        0.3113282487549508, 
        0.9454626754927138, 
        -0.004580158269060977
      ], 
      "visibility": 0.20043529877324892
    }, 
    {
      "bounding_box": {
        "bottom_right": [
          394, 
          372
        ], 
        "top_left": [
          250, 
          211
        ]
      }, 
      "class": "035_power_drill", 
      "cuboid": [
        [
          -12.723041466521984, 
          12.56089423161917, 
          59.75773481781984
        ], 
        [
          -31.13721735041519, 
          12.09495940204532, 
          58.989242630139834
        ], 
        [
          -31.167799432698327, 
          -3.5476267386886384, 
          69.20616506768435
        ], 
        [
          -12.753623548805123, 
          -3.08169190911479, 
          69.97465725536436
        ], 
        [
          -13.00167897967256, 
          15.685049104645252, 
          64.54012922119755
        ], 
        [
          -31.415854863565762, 
          15.219114275071405, 
          63.771637033517536
        ], 
        [
          -31.446436945848905, 
          -0.4234718656625551, 
          73.98855947106206
        ], 
        [
          -13.0322610619557, 
          0.042462963911293894, 
          74.75705165874206
        ]
      ], 
      "cuboid_centroid": [
        -22.084739206185443, 
        6.068711182978307, 
        66.87314714444095
      ], 
      "location": [
        -22.084739206185443, 
        6.068711182978307, 
        66.87314714444095
      ], 
      "pose_transform_permuted": [
        [
          0.04871966474482954, 
          -0.5462573086578724, 
          -0.8361998690542392, 
          0.0
        ], 
        [
          0.998810804768739, 
          0.025272960627225644, 
          0.04168409736471316, 
          0.0
        ], 
        [
          0.0016368410342395305, 
          0.8372362169365783, 
          -0.5468390848792767, 
          0.0
        ], 
        [
          -22.084739206185443, 
          6.068711182978307, 
          66.87314714444095, 
          1.0
        ]
      ], 
      "projected_cuboid": [
        [
          367.10153277177614, 
          385.3886933975796
        ], 
        [
          197.74065121944264, 
          382.63662316925456
        ], 
        [
          239.40880403103785, 
          245.94766128347322
        ], 
        [
          383.5838724645794, 
          249.7990825383435
        ], 
        [
          373.26392488966025, 
          402.8980518015983
        ], 
        [
          216.67810008957576, 
          400.56336603509027
        ], 
        [
          253.03791888461276, 
          270.2340952728002
        ], 
        [
          387.84964442083884, 
          273.5894703431442
        ]
      ], 
      "projected_cuboid_centroid": [
        304.0014482090878, 
        321.68507546167865
      ], 
      "quaternion_xyzw": [
        0.9581553750253083, 
        0.006167089443181854, 
        0.023587970298437982, 
        0.2852085429015823
      ], 
      "visibility": 0.7807782623280778
    }, 
    {
      "bounding_box": {
        "bottom_right": [
          280, 
          261
        ], 
        "top_left": [
          226, 
          185
        ]
      }, 
      "class": "061_foam_brick", 
      "cuboid": [
        [
          -37.764416334666926, 
          -6.503610902683893, 
          71.04109255696757
        ], 
        [
          -30.027527300406952, 
          -6.069523764558807, 
          71.81291610391692
        ], 
        [
          -29.93705566463171, 
          -2.0492176069644668, 
          68.64492231732892
        ], 
        [
          -37.67394469889169, 
          -2.4833047450895536, 
          67.87309877037957
        ], 
        [
          -38.354822902332245, 
          -3.2629132257550784, 
          75.1368019085582
        ], 
        [
          -30.61793386807227, 
          -2.828826087629992, 
          75.90862545550753
        ], 
        [
          -30.527462232297033, 
          1.1914800699643477, 
          72.74063166891955
        ], 
        [
          -38.26435126655701, 
          0.7573929318392612, 
          71.9688081219702
        ]
      ], 
      "cuboid_centroid": [
        -34.14593928348198, 
        -2.656065416359773, 
        71.89086211294355
      ], 
      "location": [
        -34.14593928348198, 
        -2.656065416359773, 
        71.89086211294355
      ], 
      "pose_transform_permuted": [
        [
          0.11233001578229995, 
          -0.6165710903836495, 
          -0.7792445431682316, 
          0.0
        ], 
        [
          -0.9935137868776752, 
          -0.05574224401097383, 
          -0.09911184347292956, 
          0.0
        ], 
        [
          -0.017672657930534297, 
          -0.7853234319283607, 
          0.6188334060358505, 
          0.0
        ], 
        [
          -34.14593928348198, 
          -2.656065416359773, 
          71.89086211294355, 
          1.0
        ]
      ], 
      "projected_cuboid": [
        [
          195.72950248080485, 
          224.4626399966836
        ], 
        [
          256.73885970601134, 
          228.21113846029948
        ], 
        [
          247.07030743012535, 
          257.3656534778284
        ], 
        [
          183.1033766660454, 
          253.77372546025325
        ], 
        [
          207.0865344051183, 
          250.1264422988813
        ], 
        [
          264.6886079648335, 
          253.4117432415046
        ], 
        [
          255.9106766744298, 
          282.022228608406
        ], 
        [
          195.67888018148983, 
          278.89914284798687
        ]
      ], 
      "projected_cuboid_centroid": [
        226.1757685065491, 
        253.5826193039425
      ], 
      "quaternion_xyzw": [
        -0.01009113920966816, 
        0.943143912928227, 
        -0.3274697740941457, 
        0.05604708262357206
      ], 
      "visibility": 0.9249643366619116
    }
  ]
}