{
  "camera_data": {
    "location_worldframe": [
      -19.79957812603102, 
      -4.689142669998828, 
      96.52525982835182
    ], 
    "quaternion_xyzw_worldframe": [
      0.9561744437731629, 
      -0.0006469809068886739, 
      0.046311248092868386, 
      -0.2891100632619521
    ]
  }, 
  "objects": [
    {
      "bounding_box": {
        "bottom_right": [
          360, 
          330
        ], 
        "top_left": [
          236, 
          188
        ]
      }, 
      "class": "003_cracker_box", 
      "cuboid": [
        [
          -23.427088582047638, 
          5.899656684466491, 
          73.02055706629848
        ], 
        [
          -39.703983328484846, 
          7.112813282492894, 
          71.38682998712463
        ], 
        [
          -42.351434838880145, 
          -5.7597331844782556, 
          88.20473993759616
        ], 
        [
          -26.074540092442934, 
          -6.97288978250466, 
          89.83846701677002
        ], 
        [
          -23.43995649233234, 
          11.602184623910306, 
          77.38328637851696
        ], 
        [
          -39.71685123876954, 
          12.815341221936707, 
          75.74955929934309
        ], 
        [
          -42.36430274916484, 
          -0.057205245034442145, 
          92.56746924981462
        ], 
        [
          -26.08740800272763, 
          -1.2703618430608459, 
          94.20119632898849
        ]
      ], 
      "cuboid_centroid": [
        -32.89569566560624, 
        2.9212257197160243, 
        82.79401315805656
      ], 
      "location": [
        -32.89569566560624, 
        2.9212257197160243, 
        82.79401315805656
      ], 
      "pose_transform_permuted": [
        [
          0.0017921881047845978, 
          -0.7942239659862664, 
          -0.6076224814099975, 
          0.0
        ], 
        [
          0.9922757235630697, 
          -0.07395672576708495, 
          0.09959563816351791, 
          0.0
        ], 
        [
          0.12403901196471712, 
          0.6031075315122983, 
          -0.7879566161559648, 
          0.0
        ], 
        [
          -32.89569566560624, 
          2.9212257197160243, 
          82.79401315805656, 
          1.0
        ]
      ], 
      "projected_cuboid": [
        [
          309.06695172127326, 
          316.3758072259273
        ], 
        [
          182.5030541036163, 
          326.4252277884694
        ], 
        [
          223.39010906639743, 
          238.46098888627097
        ], 
        [
          325.51749752606736, 
          231.89248044915857
        ], 
        [
          318.7044630772592, 
          353.24789084039486
        ], 
        [
          199.63775877051066, 
          363.51376176857815
        ], 
        [
          235.48471620147882, 
          272.9569548386291
        ], 
        [
          332.67253428906116, 
          266.09439101281714
        ]
      ], 
      "projected_cuboid_centroid": [
        267.93281010883476, 
        292.1036821656845
      ], 
      "quaternion_xyzw": [
        0.8948471568493367, 
        -0.055315518470473876, 
        0.02832545912792483, 
        0.4420253699282355
      ], 
      "visibility": 0.6132075471698113
    }, 
    {
      "bounding_box": {
        "bottom_right": [
          380, 
          366
        ], 
        "top_left": [
          291, 
          302
        ]
      }, 
      "class": "006_mustard_bottle", 
      "cuboid": [
        [
          -18.47953347336047, 
          14.500945197084542, 
          81.59809341897676
        ], 
        [
          -27.712946761019236, 
          12.924112750638564, 
          79.48533543346888
        ], 
        [
          -29.454861572647612, 
          2.1099339239982626, 
          95.16908513431737
        ], 
        [
          -20.221448284988846, 
          3.68676637044424, 
          97.28184311982527
        ], 
        [
          -19.98822752622608, 
          19.209662989612735, 
          84.67726138944418
        ], 
        [
          -29.221640813884846, 
          17.63283054316676, 
          82.56450340393629
        ], 
        [
          -30.96355562551323, 
          6.818651716526459, 
          98.2482531047848
        ], 
        [
          -21.73014233785446, 
          8.395484162972435, 
          100.36101109029268
        ]
      ], 
      "cuboid_centroid": [
        -24.721544549436846, 
        10.6597984568055, 
        89.92317326188078
      ], 
      "location": [
        -24.721544549436846, 
        10.6597984568055, 
        89.92317326188078
      ], 
      "pose_transform_permuted": [
        [
          0.2590077106794956, 
          -0.8083774263987054, 
          -0.5286215885278858, 
          0.0
        ], 
        [
          0.9615735081776082, 
          0.16421232973118646, 
          0.2200239548218256, 
          0.0
        ], 
        [
          0.091056230173501, 
          0.5652965057777095, 
          -0.8198467073191807, 
          0.0
        ], 
        [
          -24.721544549436846, 
          10.6597984568055, 
          89.92317326188078, 
          1.0
        ]
      ], 
      "projected_cuboid": [
        [
          359.80956461987336, 
          368.0637285266519
        ], 
        [
          294.1030425020656, 
          360.0029415474337
        ], 
        [
          315.1589376285092, 
          285.1104309954036
        ], 
        [
          369.81498390515463, 
          293.49816885599483
        ], 
        [
          354.6568567336144, 
          394.27402966896824
        ], 
        [
          291.26894595275974, 
          387.18456252839565
        ], 
        [
          312.1173526373094, 
          310.30012729552357
        ], 
        [
          365.1605314034528, 
          317.90023871715346
        ]
      ], 
      "projected_cuboid_centroid": [
        333.75578813478404, 
        336.50805323107426
      ], 
      "quaternion_xyzw": [
        0.8739982268979732, 
        0.020925700220621103, 
        0.1370230655963451, 
        0.465740113540287
      ], 
      "visibility": 0.7028678890456042
    }, 
    {
      "bounding_box": {
        "bottom_right": [
          272, 
          315
        ], 
        "top_left": [
          222, 
          229
        ]
      }, 
      "class": "008_pudding_box", 
      "cuboid": [
        [
          -26.12135882210978, 
          -3.2301387683937226, 
          80.44494488586975
        ], 
        [
          -37.375736222728676, 
          -2.8265885697529822, 
          78.91246090739105
        ], 
        [
          -38.534752155392326, 
          -8.212865756924495, 
          86.00581066844174
        ], 
        [
          -27.28037475477344, 
          -8.616415955565234, 
          87.53829464692045
        ], 
        [
          -26.32455826372251, 
          -0.15461057036103426, 
          82.74711834571734
        ], 
        [
          -37.578935664341394, 
          0.24893962827970545, 
          81.21463436723863
        ], 
        [
          -38.73795159700506, 
          -5.137337558891806, 
          88.30798412828933
        ], 
        [
          -27.48357419638616, 
          -5.540887757532547, 
          89.84046810676803
        ]
      ], 
      "cuboid_centroid": [
        -32.42965520955742, 
        -4.183738163642765, 
        84.37646450707955
      ], 
      "location": [
        -32.42965520955742, 
        -4.183738163642765, 
        84.37646450707955
      ], 
      "pose_transform_permuted": [
        [
          0.05281886111230177, 
          -0.7994406650410971, 
          -0.5984178857335121, 
          0.0
        ], 
        [
          0.9902314999347476, 
          -0.03550690582643964, 
          0.13483765957159832, 
          0.0
        ], 
        [
          0.1290419341493307, 
          0.5996946258535448, 
          -0.7897558152285589, 
          0.0
        ], 
        [
          -32.42965520955742, 
          -4.183738163642765, 
          84.37646450707955, 
          1.0
        ]
      ], 
      "projected_cuboid": [
        [
          306.97917494846183, 
          251.87193866772142
        ], 
        [
          226.8929849873118, 
          254.1834074937661
        ], 
        [
          240.65284702860905, 
          222.3587912619833
        ], 
        [
          314.00865542446684, 
          220.79175973168657
        ], 
        [
          310.5167885748779, 
          272.2900459393282
        ], 
        [
          232.7675375005692, 
          274.9212726548511
        ], 
        [
          245.69680822452557, 
          242.26054692792712
        ], 
        [
          317.08682560596515, 
          240.39418989467435
        ]
      ], 
      "projected_cuboid_centroid": [
        274.91026628052816, 
        246.8423214980111
      ], 
      "quaternion_xyzw": [
        0.8927967309978522, 
        -0.04607679280810624, 
        0.052547381214692074, 
        0.4450051240928769
      ], 
      "visibility": 0.41341367566151427
    }, 
    {
      "bounding_box": {
        "bottom_right": [
          425, 
          301
        ], 
        "top_left": [
          277, 
          170
        ]
      }, 
      "class": "019_pitcher_base", 
      "cuboid": [
        [
          -46.67444561627093, 
          23.62603504487509, 
          80.23232293756219
        ], 
        [
          -28.135888166212116, 
          24.539134557293018, 
          83.58727611983763
        ], 
        [
          -30.974905940726043, 
          10.454265759889172, 
          103.10831781184882
        ], 
        [
          -49.513463390784864, 
          9.541166247471239, 
          99.75336462957335
        ], 
        [
          -44.77972907139973, 
          12.812526184296939, 
          72.7056897839441
        ], 
        [
          -26.241171621340907, 
          13.725625696714872, 
          76.06064296621955
        ], 
        [
          -29.080189395854838, 
          -0.35924310068897597, 
          95.58168465823073
        ], 
        [
          -47.618746845913655, 
          -1.2723426131069082, 
          92.22673147595528
        ]
      ], 
      "cuboid_centroid": [
        -37.87731750606289, 
        11.633395972093055, 
        87.90700379789645
      ], 
      "location": [
        -37.87731750606289, 
        11.633395972093055, 
        87.90700379789645
      ], 
      "pose_transform_permuted": [
        [
          -0.14234643854565346, 
          0.8123982865150938, 
          0.5654615866195452, 
          0.0
        ], 
        [
          -0.9828626216439592, 
          -0.048409989990567594, 
          -0.1778702625113654, 
          0.0
        ], 
        [
          0.11712747271923168, 
          0.5810900870827859, 
          -0.8053666654565022, 
          0.0
        ], 
        [
          -37.87731750606289, 
          11.633395972093055, 
          87.90700379789645, 
          1.0
        ]
      ], 
      "projected_cuboid": [
        [
          168.75759884910198, 
          430.3333079213422
        ], 
        [
          300.5830563506521, 
          429.85583442211913
        ], 
        [
          320.0466702212854, 
          327.3603971593003
        ], 
        [
          214.67315020624085, 
          324.2972565167317
        ], 
        [
          150.3860305339368, 
          367.2705321404127
        ], 
        [
          296.066716829338, 
          369.52744115899844
        ], 
        [
          317.98539449569586, 
          271.28206001683753
        ], 
        [
          203.93734704147428, 
          265.9289614825872
        ]
      ], 
      "projected_cuboid_centroid": [
        249.88562898039933, 
        343.86473565230176
      ], 
      "quaternion_xyzw": [
        -0.0905070588828452, 
        0.4572501911467279, 
        0.8845075318144966, 
        0.01942252616766747
      ], 
      "visibility": 0.1974685510172387
    }, 
    {
      "bounding_box": {
        "bottom_right": [
          287, 
          362
        ], 
        "top_left": [
          186, 
          217
        ]
      }, 
      "class": "035_power_drill", 
      "cuboid": [
        [
          -15.583643469495238, 
          -2.0066930978780735, 
          67.25848824177693
        ], 
        [
          -33.97314059386045, 
          -1.354934893149893, 
          66.12219789753293
        ], 
        [
          -35.283944595449846, 
          -13.074743128916353, 
          80.61374123546341
        ], 
        [
          -16.894447471084632, 
          -13.726501333644533, 
          81.75003157970741
        ], 
        [
          -15.64793496695088, 
          2.4428048538440854, 
          70.85113536400046
        ], 
        [
          -34.03743209131609, 
          3.0945630585722665, 
          69.71484501975644
        ], 
        [
          -35.348236092905495, 
          -8.625245177194193, 
          84.20638835768692
        ], 
        [
          -16.958738968540278, 
          -9.277003381922375, 
          85.34267870193094
        ]
      ], 
      "cuboid_centroid": [
        -25.465939781200365, 
        -5.3159691375361335, 
        75.73243829973192
      ], 
      "location": [
        -25.465939781200365, 
        -5.3159691375361335, 
        75.73243829973192
      ], 
      "pose_transform_permuted": [
        [
          0.01124134423454072, 
          -0.7779930492473282, 
          -0.6281730028455232, 
          0.0
        ], 
        [
          0.9974721941341785, 
          -0.03535228190953658, 
          0.06163398679047193, 
          0.0
        ], 
        [
          0.07015800159656609, 
          0.6272778568873438, 
          -0.7756290943622771, 
          0.0
        ], 
        [
          -25.465939781200365, 
          -5.3159691375361335, 
          75.73243829973192, 
          1.0
        ]
      ], 
      "projected_cuboid": [
        [
          356.9983315530273, 
          257.37466195672266
        ], 
        [
          205.29753331578794, 
          262.3580852769661
        ], 
        [
          246.22236102060776, 
          186.7874318896328
        ], 
        [
          370.46284963795847, 
          183.73780230272465
        ], 
        [
          362.82838127360503, 
          291.6743261195846
        ], 
        [
          219.04027459113647, 
          296.9599906015606
        ], 
        [
          255.8539890893857, 
          218.65870923392416
        ], 
        [
          374.73612047183144, 
          215.31311071177774
        ]
      ], 
      "projected_cuboid_centroid": [
        300.7674747835152, 
        235.8506583473911
      ], 
      "quaternion_xyzw": [
        0.9017930824012576, 
        -0.029250136634768314, 
        0.020202896996881815, 
        0.4307036098216356
      ], 
      "visibility": 0.7034111310592459
    }, 
    {
      "bounding_box": {
        "bottom_right": [
          223, 
          264
        ], 
        "top_left": [
          180, 
          199
        ]
      }, 
      "class": "061_foam_brick", 
      "cuboid": [
        [
          -42.10177305886502, 
          -14.84297157276643, 
          83.06536588246561
        ], 
        [
          -34.35948771092946, 
          -14.753177146758098, 
          83.89756159968809
        ], 
        [
          -33.936883260660125, 
          -11.912960976535851, 
          79.6594241627293
        ], 
        [
          -41.67916860859569, 
          -12.002755402544183, 
          78.82722844550682
        ], 
        [
          -42.46356960395221, 
          -10.470504522177947, 
          85.9595275214523
        ], 
        [
          -34.721284256016645, 
          -10.380710096169613, 
          86.79172323867476
        ], 
        [
          -34.29867980574731, 
          -7.5404939259473664, 
          82.55358580171598
        ], 
        [
          -42.040965153682876, 
          -7.630288351955699, 
          81.7213900844935
        ]
      ], 
      "cuboid_centroid": [
        -38.20022643230617, 
        -11.191732749356898, 
        82.80947584209079
      ], 
      "location": [
        -38.20022643230617, 
        -11.191732749356898, 
        82.80947584209079
      ], 
      "pose_transform_permuted": [
        [
          0.0688349585614072, 
          -0.8319001171386161, 
          -0.5506395768418815, 
          0.0
        ], 
        [
          -0.9942067413728574, 
          -0.011530732808626709, 
          -0.10686438887515529, 
          0.0
        ], 
        [
          -0.08255121978876923, 
          -0.5548055851428075, 
          0.8278744221231462, 
          0.0
        ], 
        [
          -38.20022643230617, 
          -11.191732749356898, 
          82.80947584209079, 
          1.0
        ]
      ], 
      "projected_cuboid": [
        [
          209.0307787160641, 
          177.98752463079455
        ], 
        [
          261.36067832067044, 
          179.50361823578746
        ], 
        [
          252.49630812130826, 
          193.52930336520984
        ], 
        [
          197.25931407711013, 
          192.07976927441055
        ], 
        [
          215.94437811736415, 
          208.3242787837455
        ], 
        [
          266.4629914615546, 
          209.49893502896037
        ], 
        [
          258.17133078247656, 
          224.57280812420103
        ], 
        [
          204.9483445592327, 
          223.49073544879073
        ]
      ], 
      "projected_cuboid_centroid": [
        233.5251299971544, 
        201.20818965048207
      ], 
      "quaternion_xyzw": [
        0.0201695954732404, 
        0.8802914152934734, 
        -0.4713707615529862, 
        0.049898063409486805
      ], 
      "visibility": 0.823993685872139
    }
  ]
}