{
  "camera_data": {
    "location_worldframe": [
      -13.974848903217854, 
      -1.023987255609557, 
      96.1652247628125
    ], 
    "quaternion_xyzw_worldframe": [
      0.9502750869824106, 
      -0.0187866396907147, 
      0.1249414309145727, 
      -0.28463277345110044
    ]
  }, 
  "objects": [
    {
      "bounding_box": {
        "bottom_right": [
          400, 
          384
        ], 
        "top_left": [
          260, 
          257
        ]
      }, 
      "class": "003_cracker_box", 
      "cuboid": [
        [
          -13.415494716608734, 
          9.604152799508176, 
          72.40635427897452
        ], 
        [
          -29.15292265307008, 
          12.101431536420764, 
          68.51083421844262
        ], 
        [
          -35.15412304666518, 
          -0.36225567332513475, 
          84.76493038279227
        ], 
        [
          -19.41669511020383, 
          -2.8595344102377225, 
          88.66045044332415
        ], 
        [
          -13.578766947660469, 
          15.329380642357831, 
          76.73619328995045
        ], 
        [
          -29.316194884121817, 
          17.82665937927042, 
          72.84067322941856
        ], 
        [
          -35.31739527771691, 
          5.3629721695245225, 
          89.0947693937682
        ], 
        [
          -19.579967341255568, 
          2.8656934326119337, 
          92.9902894543001
        ]
      ], 
      "cuboid_centroid": [
        -24.366444997162823, 
        7.483562484516348, 
        80.75056183637136
      ], 
      "location": [
        -24.366444997162823, 
        7.483562484516348, 
        80.75056183637136
      ], 
      "pose_transform_permuted": [
        [
          0.02273986559265937, 
          -0.7973855124972077, 
          -0.6030416594004041, 
          0.0
        ], 
        [
          0.9593886263896835, 
          -0.1522396688195705, 
          0.23747957131472067, 
          0.0
        ], 
        [
          0.2811696321919275, 
          0.5839515628006083, 
          -0.761540681930902, 
          0.0
        ], 
        [
          -24.366444997162823, 
          7.483562484516348, 
          80.75056183637136, 
          1.0
        ]
      ], 
      "projected_cuboid": [
        [
          381.95981472666756, 
          344.02732887957677
        ], 
        [
          252.76621342320456, 
          367.48960084591755
        ], 
        [
          258.57296741793533, 
          271.0073165649052
        ], 
        [
          363.8264067273533, 
          256.085568528811
        ], 
        [
          386.43764096836594, 
          379.82634069959767
        ], 
        [
          265.16311744480663, 
          403.80848578856666
        ], 
        [
          268.4260320915822, 
          305.38918667193553
        ], 
        [
          368.36587079221783, 
          289.7219145776978
        ]
      ], 
      "projected_cuboid_centroid": [
        319.3270233736355, 
        322.7119578684807
      ], 
      "quaternion_xyzw": [
        0.8869021716895691, 
        -0.12216942151180081, 
        0.073350659524166, 
        0.4394301435349739
      ], 
      "visibility": 0.6702328508495909
    }, 
    {
      "bounding_box": {
        "bottom_right": [
          406, 
          411
        ], 
        "top_left": [
          314, 
          348
        ]
      }, 
      "class": "006_mustard_bottle", 
      "cuboid": [
        [
          -9.039057252142669, 
          17.86042196508792, 
          81.61048629819473
        ], 
        [
          -17.98310405784351, 
          17.008487881912774, 
          78.22163651315515
        ], 
        [
          -22.766245592034185, 
          6.51352154802806, 
          93.48394218100619
        ], 
        [
          -13.822198786333347, 
          7.365455631203208, 
          96.87279196604575
        ], 
        [
          -10.579142422711989, 
          22.70299688128104, 
          84.45777663000597
        ], 
        [
          -19.523189228412825, 
          21.851062798105893, 
          81.0689268449664
        ], 
        [
          -24.306330762603505, 
          11.356096464221181, 
          96.33123251281742
        ], 
        [
          -15.362283956902667, 
          12.20803054739633, 
          99.720082297857
        ]
      ], 
      "cuboid_centroid": [
        -16.67269400737309, 
        14.60825921465455, 
        88.97085940550608
      ], 
      "location": [
        -16.67269400737309, 
        14.60825921465455, 
        88.97085940550608
      ], 
      "pose_transform_permuted": [
        [
          0.26439683613979975, 
          -0.8313575840342062, 
          -0.4888135862148729, 
          0.0
        ], 
        [
          0.9314386994631322, 
          0.08872095503292675, 
          0.3529169630956377, 
          0.0
        ], 
        [
          0.2500322252168875, 
          0.5486101064081341, 
          -0.7978162930775153, 
          0.0
        ], 
        [
          -16.67269400737309, 
          14.60825921465455, 
          88.97085940550608, 
          1.0
        ]
      ], 
      "projected_cuboid": [
        [
          422.0351186060457, 
          390.003313358525
        ], 
        [
          357.9654663634227, 
          389.2513793207961
        ], 
        [
          350.63481596438425, 
          310.4457389728157
        ], 
        [
          404.86674056243936, 
          313.83602197355236
        ], 
        [
          414.23699450635394, 
          416.64755595498826
        ], 
        [
          352.0916088882578, 
          417.0358159954186
        ], 
        [
          345.90826134582636, 
          336.1574104364712
        ], 
        [
          398.7523365980786, 
          338.57711549450596
        ]
      ], 
      "projected_cuboid_centroid": [
        380.82278213877305, 
        360.85308243512924
      ], 
      "quaternion_xyzw": [
        0.8615193544091362, 
        -0.046810112088135944, 
        0.17913520923125847, 
        0.4727618331421797
      ], 
      "visibility": 0.4667128987517337
    }, 
    {
      "bounding_box": {
        "bottom_right": [
          305, 
          359
        ], 
        "top_left": [
          247, 
          281
        ]
      }, 
      "class": "008_pudding_box", 
      "cuboid": [
        [
          -17.84800395557443, 
          0.7881756966234374, 
          79.3608714184163
        ], 
        [
          -28.70811365575231, 
          2.077326179297999, 
          76.26757561688028
        ], 
        [
          -31.27763562676238, 
          -3.1332435829265313, 
          83.11727855170149
        ], 
        [
          -20.4175259265845, 
          -4.422394065601093, 
          86.21057435323752
        ], 
        [
          -18.122645282876665, 
          3.8911927611004886, 
          81.61830881247496
        ], 
        [
          -28.982754983054544, 
          5.18034324377505, 
          78.52501301093895
        ], 
        [
          -31.552276954064617, 
          -0.03022651844948039, 
          85.37471594576016
        ], 
        [
          -20.692167253886733, 
          -1.319377001124042, 
          88.46801174729619
        ]
      ], 
      "cuboid_centroid": [
        -24.700140454819522, 
        0.3789745890869785, 
        82.36779368208823
      ], 
      "location": [
        -24.700140454819522, 
        0.3789745890869785, 
        82.36779368208823
      ], 
      "pose_transform_permuted": [
        [
          0.0713891829984563, 
          -0.8065860125250073, 
          -0.5867893693022574, 
          0.0
        ], 
        [
          0.9555413271703211, 
          -0.1134276353688153, 
          0.2721677825668466, 
          0.0
        ], 
        [
          0.286084147451114, 
          0.5801318007701586, 
          -0.7626287871869849, 
          0.0
        ], 
        [
          -24.700140454819522, 
          0.3789745890869785, 
          82.36779368208823, 
          1.0
        ]
      ], 
      "projected_cuboid": [
        [
          360.6556763779407, 
          278.58322294060895
        ], 
        [
          279.1756545104384, 
          287.81274683352984
        ], 
        [
          279.2325632380609, 
          253.18217230997485
        ], 
        [
          354.2366976099547, 
          245.9285325699292
        ], 
        [
          362.19118232787235, 
          298.7128097528432
        ], 
        [
          283.1140358640875, 
          308.46995780549435
        ], 
        [
          282.8534593748509, 
          273.09771868005765
        ], 
        [
          355.8171088653451, 
          265.33282026598573
        ]
      ], 
      "projected_cuboid_centroid": [
        320.33444231510805, 
        275.7403437816054
      ], 
      "quaternion_xyzw": [
        0.8835245465241383, 
        -0.11304490191914955, 
        0.09721206018465632, 
        0.44402127985165163
      ], 
      "visibility": 0.6503318019397651
    }, 
    {
      "bounding_box": {
        "bottom_right": [
          462, 
          362
        ], 
        "top_left": [
          307, 
          227
        ]
      }, 
      "class": "019_pitcher_base", 
      "cuboid": [
        [
          -35.9384200020756, 
          29.200572385391528, 
          76.32711358235234
        ], 
        [
          -18.03832724596342, 
          28.65741483460549, 
          82.24819735997055
        ], 
        [
          -24.70419684797874, 
          15.02560503519224, 
          101.14937625830581
        ], 
        [
          -42.604289604090916, 
          15.568762585978277, 
          95.2282924806876
        ], 
        [
          -33.88735889941313, 
          18.20116039086171, 
          69.11752167850005
        ], 
        [
          -15.98726614330095, 
          17.658002840075675, 
          75.03860545611826
        ], 
        [
          -22.653135745316266, 
          4.026193040662424, 
          93.93978435445351
        ], 
        [
          -40.55322850142844, 
          4.569350591448459, 
          88.0187005768353
        ]
      ], 
      "cuboid_centroid": [
        -29.295777873695933, 
        16.613382713026976, 
        85.13344896840293
      ], 
      "location": [
        -29.295777873695933, 
        16.613382713026976, 
        85.13344896840293
      ], 
      "pose_transform_permuted": [
        [
          -0.15409230683810268, 
          0.8263648342312296, 
          0.5416428824981362, 
          0.0
        ], 
        [
          -0.9490130039156117, 
          0.02879669875983701, 
          -0.3139193510779278, 
          0.0
        ], 
        [
          0.2750093595640411, 
          0.5623985325938636, 
          -0.7797933974383497, 
          0.0
        ], 
        [
          -29.295777873695933, 
          16.613382713026976, 
          85.13344896840293, 
          1.0
        ]
      ], 
      "projected_cuboid": [
        [
          228.39230047046246, 
          477.3193693308519
        ], 
        [
          363.65693611658855, 
          459.1089757360743
        ], 
        [
          350.2563861894304, 
          352.5104512737821
        ], 
        [
          241.0062388182369, 
          360.4783352566866
        ], 
        [
          217.9388557718074, 
          413.7290052046926
        ], 
        [
          367.02435785799236, 
          398.7867209480713
        ], 
        [
          351.9178136268901, 
          296.1442399547617
        ], 
        [
          233.8307768011039, 
          300.97297435033875
        ]
      ], 
      "projected_cuboid_centroid": [
        296.54389193538015, 
        377.36128710692543
      ], 
      "quaternion_xyzw": [
        -0.1339243054905845, 
        0.45961168284172765, 
        0.8736495892243656, 
        0.08693590143892815
      ], 
      "visibility": 0.26521060842433697
    }, 
    {
      "bounding_box": {
        "bottom_right": [
          316, 
          434
        ], 
        "top_left": [
          210, 
          290
        ]
      }, 
      "class": "035_power_drill", 
      "cuboid": [
        [
          -5.5061099905531385, 
          1.0423867413289327, 
          67.7834021809248
        ], 
        [
          -23.443227807596084, 
          3.153845314374176, 
          64.0832540618999
        ], 
        [
          -27.707186756669334, 
          -8.289294834930896, 
          78.22362669252105
        ], 
        [
          -9.770068939626391, 
          -10.40075340797614, 
          81.92377481154594
        ], 
        [
          -5.713399338367307, 
          5.515680518533447, 
          71.34092276033847
        ], 
        [
          -23.65051715541025, 
          7.627139091578691, 
          67.64077464131358
        ], 
        [
          -27.914476104483505, 
          -3.8160010577263828, 
          81.78114727193473
        ], 
        [
          -9.977358287440559, 
          -5.927459630771627, 
          85.48129539095963
        ]
      ], 
      "cuboid_centroid": [
        -16.71029304751832, 
        -1.386807158198725, 
        74.78227472642976
      ], 
      "location": [
        -16.71029304751832, 
        -1.386807158198725, 
        74.78227472642976
      ], 
      "pose_transform_permuted": [
        [
          0.03624446477608035, 
          -0.7821537404145662, 
          -0.6220311400001738, 
          0.0
        ], 
        [
          0.9729345041036133, 
          -0.11452848337480366, 
          0.20070123929680994, 
          0.0
        ], 
        [
          0.2282193511722898, 
          0.6124697848734189, 
          -0.7568334277224126, 
          0.0
        ], 
        [
          -16.71029304751832, 
          -1.386807158198725, 
          74.78227472642976, 
          1.0
        ]
      ], 
      "projected_cuboid": [
        [
          437.9139883560329, 
          281.48803339921943
        ], 
        [
          284.869787361203, 
          299.5337611143867
        ], 
        [
          291.11845409781716, 
          216.7710905000064
        ], 
        [
          417.46438553016816, 
          205.57816535129686
        ], 
        [
          438.52977386197404, 
          314.51982066452445
        ], 
        [
          293.5685138902149, 
          333.423380923867
        ], 
        [
          298.04130684801567, 
          248.4012415362765
        ], 
        [
          418.8293693968313, 
          236.30499383088608
        ]
      ], 
      "projected_cuboid_centroid": [
        361.4323059816079, 
        263.39634116333946
      ], 
      "quaternion_xyzw": [
        0.8954657208650152, 
        -0.0956898255736693, 
        0.06615152834773003, 
        0.42966110602489754
      ], 
      "visibility": 0.8078806248542784
    }, 
    {
      "bounding_box": {
        "bottom_right": [
          256, 
          303
        ], 
        "top_left": [
          209, 
          244
        ]
      }, 
      "class": "061_foam_brick", 
      "cuboid": [
        [
          -34.9209627389057, 
          -9.483320393113075, 
          79.69216687773952
        ], 
        [
          -27.389261348778817, 
          -10.006022270871172, 
          81.60105453198014
        ], 
        [
          -26.150818931894804, 
          -7.24794725683666, 
          77.4698907798938
        ], 
        [
          -33.682520322021695, 
          -6.725245379078563, 
          75.5610031256532
        ], 
        [
          -35.33039514656776, 
          -5.069431333534256, 
          82.51625698154066
        ], 
        [
          -27.798693756440873, 
          -5.592133211292354, 
          84.42514463578127
        ], 
        [
          -26.560251339556864, 
          -2.8340581972578422, 
          80.29398088369494
        ], 
        [
          -34.09195272968375, 
          -2.3113563194997453, 
          78.38509322945434
        ]
      ], 
      "cuboid_centroid": [
        -30.740607039231282, 
        -6.158689295185458, 
        79.99307388071723
      ], 
      "location": [
        -30.740607039231282, 
        -6.158689295185458, 
        79.99307388071723
      ], 
      "pose_transform_permuted": [
        [
          0.07789809824834859, 
          -0.8397810168074971, 
          -0.5373078541200165, 
          0.0
        ], 
        [
          -0.967165114634805, 
          0.06712149026306802, 
          -0.2451251651265311, 
          0.0
        ], 
        [
          -0.24191636431365057, 
          -0.5387601965203361, 
          0.8069782669456681, 
          0.0
        ], 
        [
          -30.740607039231282, 
          -6.158689295185458, 
          79.99307388071723, 
          1.0
        ]
      ], 
      "projected_cuboid": [
        [
          245.94985351202217, 
          209.8218252337858
        ], 
        [
          301.09745040562905, 
          207.8902308220612
        ], 
        [
          300.0688738673921, 
          223.39009213713834
        ], 
        [
          241.8801951875271, 
          225.8188639971529
        ], 
        [
          251.3464986007032, 
          240.5217579900204
        ], 
        [
          304.52734290494726, 
          237.96063873482683
        ], 
        [
          303.71141294621054, 
          254.46247769933703
        ], 
        [
          247.70788532548028, 
          257.56044086157635
        ]
      ], 
      "projected_cuboid_centroid": [
        274.93927299562023, 
        232.2261130165602
      ], 
      "quaternion_xyzw": [
        0.08857559337209558, 
        0.8722432523779071, 
        -0.47198968844521716, 
        0.09258405338598337
      ], 
      "visibility": 0.8750494266508502
    }
  ]
}