{
  "camera_data": {
    "location_worldframe": [
      -9.431123395286498, 
      8.029308236766836, 
      84.5700550961349
    ], 
    "quaternion_xyzw_worldframe": [
      0.9366348523000692, 
      -0.04766157507181087, 
      0.196453215632514, 
      -0.2860947178214873
    ]
  }, 
  "objects": [
    {
      "bounding_box": {
        "bottom_right": [
          522, 
          436
        ], 
        "top_left": [
          326, 
          266
        ]
      }, 
      "class": "003_cracker_box", 
      "cuboid": [
        [
          -4.944982717225808, 
          18.770802553678507, 
          61.28384282584051
        ], 
        [
          -19.775092253218123, 
          22.808535563737973, 
          55.55298957548569
        ], 
        [
          -28.885275005791055, 
          10.833117117506848, 
          70.6906073008342
        ], 
        [
          -14.055165469798744, 
          6.7953841074473855, 
          76.42146055118901
        ], 
        [
          -5.098948013024398, 
          24.445298324582048, 
          65.68029480085742
        ], 
        [
          -19.929057549016708, 
          28.483031334641506, 
          59.94944155050261
        ], 
        [
          -29.039240301589643, 
          16.507612888410385, 
          75.08705927585112
        ], 
        [
          -14.20913076559733, 
          12.469879878350923, 
          80.81791252620593
        ]
      ], 
      "cuboid_centroid": [
        -16.992111509407724, 
        17.639207721044446, 
        68.18545105084581
      ], 
      "location": [
        -16.992111509407724, 
        17.639207721044446, 
        68.18545105084581
      ], 
      "pose_transform_permuted": [
        [
          0.02144363502501842, 
          -0.7903197641463671, 
          -0.6123192312156662, 
          0.0
        ], 
        [
          0.9040764777057606, 
          -0.24614918917431858, 
          0.34936556660319423, 
          0.0
        ], 
        [
          0.42683239447827676, 
          0.5610750814895064, 
          -0.7092311752563367, 
          0.0
        ], 
        [
          -16.992111509407724, 
          17.639207721044446, 
          68.18545105084581, 
          1.0
        ]
      ], 
      "projected_cuboid": [
        [
          438.2049831767639, 
          436.6385102486605
        ], 
        [
          290.1702324134849, 
          492.25294775616294
        ], 
        [
          261.85837769166017, 
          355.016116013859
        ], 
        [
          382.69340775510653, 
          320.7092304232284
        ], 
        [
          439.8489195529718, 
          471.7807188082576
        ], 
        [
          302.8275963281814, 
          526.6760276240509
        ], 
        [
          273.62170437290325, 
          390.53488023511926
        ], 
        [
          387.04922678356616, 
          355.57561141871196
        ]
      ], 
      "projected_cuboid_centroid": [
        347.5839326381086, 
        411.25343215423516
      ], 
      "quaternion_xyzw": [
        0.8771360770158375, 
        -0.19181219462041463, 
        0.10568747864349824, 
        0.42739974409228065
      ], 
      "visibility": 0.6472753388993626
    }, 
    {
      "bounding_box": {
        "bottom_right": [
          496, 
          450
        ], 
        "top_left": [
          380, 
          367
        ]
      }, 
      "class": "006_mustard_bottle", 
      "cuboid": [
        [
          -0.9760586936421539, 
          26.482418246650894, 
          71.12321697182213
        ], 
        [
          -9.474267265264832, 
          26.527375438284768, 
          66.65281455880327
        ], 
        [
          -17.072833330474264, 
          16.403122444092144, 
          80.99582786307865
        ], 
        [
          -8.574624758851584, 
          16.358165252458267, 
          85.4662302760975
        ], 
        [
          -2.390774073475918, 
          31.424638908402503, 
          73.86228464345666
        ], 
        [
          -10.888982645098597, 
          31.46959610003638, 
          69.3918822304378
        ], 
        [
          -18.487548710308026, 
          21.34534310584375, 
          83.73489553471319
        ], 
        [
          -9.989340138685348, 
          21.300385914209876, 
          88.20529794773205
        ]
      ], 
      "cuboid_centroid": [
        -9.73180370197509, 
        23.913880676247324, 
        77.42905625326766
      ], 
      "location": [
        -9.73180370197509, 
        23.913880676247324, 
        77.42905625326766
      ], 
      "pose_transform_permuted": [
        [
          0.24287375634432568, 
          -0.8484644430339044, 
          -0.4702342702808217, 
          0.0
        ], 
        [
          0.8850088233743788, 
          -0.0046818704124266175, 
          0.46555053882378034, 
          0.0
        ], 
        [
          0.39720471747723624, 
          0.5292315702351543, 
          -0.7497615337427377, 
          0.0
        ], 
        [
          -9.73180370197509, 
          23.913880676247324, 
          77.42905625326766, 
          1.0
        ]
      ], 
      "projected_cuboid": [
        [
          474.21707046685736, 
          471.86574828716874
        ], 
        [
          405.15738588749565, 
          485.5441733868998
        ], 
        [
          368.2436323944779, 
          381.29341506869616
        ], 
        [
          427.64447699276997, 
          375.36346176411024
        ], 
        [
          464.1907259711501, 
          500.18684853685284
        ], 
        [
          397.21107366902095, 
          515.1498703363819
        ], 
        [
          362.8659426042924, 
          409.23809575383797
        ], 
        [
          420.69474449178693, 
          402.07600076271297
        ]
      ], 
      "projected_cuboid_centroid": [
        414.0072764281313, 
        438.00171715840594
      ], 
      "quaternion_xyzw": [
        0.8491870618259494, 
        -0.11831509391626664, 
        0.20855955272234994, 
        0.47051646469391717
      ], 
      "visibility": 0.17029328287606432
    }, 
    {
      "bounding_box": {
        "bottom_right": [
          398, 
          391
        ], 
        "top_left": [
          314, 
          289
        ]
      }, 
      "class": "008_pudding_box", 
      "cuboid": [
        [
          -11.014294842207114, 
          10.359801100653334, 
          67.46062134448343
        ], 
        [
          -21.23937828861476, 
          12.717735632625107, 
          63.094824299313586
        ], 
        [
          -25.114627113692794, 
          7.7166381689945895, 
          69.46996205506524
        ], 
        [
          -14.88954366728515, 
          5.358703637022817, 
          73.83575910023508
        ], 
        [
          -11.270623412109337, 
          13.454076352319289, 
          69.73216766370565
        ], 
        [
          -21.495706858516982, 
          15.81201088429106, 
          65.36637061853581
        ], 
        [
          -25.37095568359502, 
          10.810913420660546, 
          71.74150837428745
        ], 
        [
          -15.145872237187374, 
          8.452978888688774, 
          76.10730541945729
        ]
      ], 
      "cuboid_centroid": [
        -18.192625262901068, 
        10.58535726065694, 
        69.60106485938545
      ], 
      "location": [
        -18.192625262901068, 
        10.58535726065694, 
        69.60106485938545
      ], 
      "pose_transform_permuted": [
        [
          0.06662903709442411, 
          -0.8043137001944499, 
          -0.5904567876413161, 
          0.0
        ], 
        [
          0.8996676899725615, 
          -0.2074660343462399, 
          0.38413051229395306, 
          0.0
        ], 
        [
          0.43146050852702994, 
          0.5568096791327488, 
          -0.7097918874850794, 
          0.0
        ], 
        [
          -18.192625262901068, 
          10.58535726065694, 
          69.60106485938545, 
          1.0
        ]
      ], 
      "projected_cuboid": [
        [
          393.7963443301948, 
          355.18742615326084
        ], 
        [
          300.5715486811848, 
          380.78533113595125
        ], 
        [
          287.18581014328083, 
          332.52702307783784
        ], 
        [
          373.15285557358504, 
          311.9927370489493
        ], 
        [
          394.6797118436655, 
          376.1848506622601
        ], 
        [
          304.7535702679431, 
          402.2956136592033
        ], 
        [
          291.42003806745254, 
          353.65384513541295
        ], 
        [
          374.5783661978418, 
          332.52052547611606
        ]
      ], 
      "projected_cuboid_centroid": [
        341.0340004787362, 
        354.39705451414255
      ], 
      "quaternion_xyzw": [
        0.872773475299666, 
        -0.1830161436373553, 
        0.12911699374044602, 
        0.43370520258984224
      ], 
      "visibility": 0.9054642976868924
    }, 
    {
      "bounding_box": {
        "bottom_right": [
          539, 
          410
        ], 
        "top_left": [
          384, 
          248
        ]
      }, 
      "class": "019_pitcher_base", 
      "cuboid": [
        [
          -25.825706347483663, 
          40.409823519137625, 
          62.840116907256196
        ], 
        [
          -8.92420778565633, 
          38.09010937985076, 
          70.88535441652283
        ], 
        [
          -19.127731721959517, 
          24.991911719441866, 
          88.54434467744865
        ], 
        [
          -36.02923028378685, 
          27.311625858728732, 
          80.49910716818202
        ], 
        [
          -23.950334086822117, 
          29.330314103825767, 
          55.70572265880658
        ], 
        [
          -7.048835524994784, 
          27.0105999645389, 
          63.75096016807321
        ], 
        [
          -17.25235946129797, 
          13.912402304130012, 
          81.40995042899904
        ], 
        [
          -34.1538580231253, 
          16.232116443416878, 
          73.3647129197324
        ]
      ], 
      "cuboid_centroid": [
        -21.53903290439082, 
        27.16111291163382, 
        72.12503366812761
      ], 
      "location": [
        -21.53903290439082, 
        27.16111291163382, 
        72.12503366812761
      ], 
      "pose_transform_permuted": [
        [
          -0.14089313938546322, 
          0.8323824006138522, 
          0.5359934261388051, 
          0.0
        ], 
        [
          -0.8960703242924932, 
          0.12298477519332639, 
          -0.42653605877414313, 
          0.0
        ], 
        [
          0.4209600173052792, 
          0.5403836506107507, 
          -0.7285452449799791, 
          0.0
        ], 
        [
          -21.53903290439082, 
          27.16111291163382, 
          72.12503366812761, 
          1.0
        ]
      ], 
      "projected_cuboid": [
        [
          260.5895934274365, 
          616.2418234888285
        ], 
        [
          413.8945390958048, 
          559.8647941616745
        ], 
        [
          365.42696360353625, 
          423.81761920877733
        ], 
        [
          240.90839169375542, 
          454.23046930072263
        ], 
        [
          250.38872510741697, 
          554.0912766245339
        ], 
        [
          422.1374138656258, 
          499.2483411654549
        ], 
        [
          367.63436439847555, 
          364.4271977981855
        ], 
        [
          231.24897689115537, 
          391.2847585300526
        ]
      ], 
      "projected_cuboid_centroid": [
        321.0021094099894, 
        474.12600632955457
      ], 
      "quaternion_xyzw": [
        -0.164560119733606, 
        0.45268456591154344, 
        0.8620393554011977, 
        0.1577494081594021
      ], 
      "visibility": 0.1999683017056824
    }, 
    {
      "bounding_box": {
        "bottom_right": [
          423, 
          497
        ], 
        "top_left": [
          270, 
          331
        ]
      }, 
      "class": "035_power_drill", 
      "cuboid": [
        [
          2.6290677560036793, 
          9.529296098360168, 
          57.481010159910106
        ], 
        [
          -14.434582006867258, 
          13.39321512808426, 
          51.66796143375101
        ], 
        [
          -21.47156798475109, 
          2.2854570642062706, 
          64.9410725863881
        ], 
        [
          -4.407918221880151, 
          -1.5784619655178216, 
          70.7541213125472
        ], 
        [
          2.4085084265202545, 
          13.969037894241298, 
          61.079527233918476
        ], 
        [
          -14.65514133635068, 
          17.83295692396539, 
          55.26647850775937
        ], 
        [
          -21.69212731423451, 
          6.7251988600874, 
          68.53958966039647
        ], 
        [
          -4.628477551363576, 
          2.861279830363308, 
          74.35263838655557
        ]
      ], 
      "cuboid_centroid": [
        -9.531529779115417, 
        8.127247479223785, 
        63.010299910153286
      ], 
      "location": [
        -9.531529779115417, 
        8.127247479223785, 
        63.010299910153286
      ], 
      "pose_transform_permuted": [
        [
          0.038564716097541044, 
          -0.7762871890549985, 
          -0.6291993617151259, 
          0.0
        ], 
        [
          0.925556368061672, 
          -0.20958440388394997, 
          0.3153079406292331, 
          0.0
        ], 
        [
          0.37663973627846475, 
          0.5945191707035489, 
          -0.7104150981450932, 
          0.0
        ], 
        [
          -9.531529779115417, 
          8.127247479223785, 
          63.010299910153286, 
          1.0
        ]
      ], 
      "projected_cuboid": [
        [
          506.1933320452197, 
          361.7011328007239
        ], 
        [
          331.36085694651644, 
          411.53205243994546
        ], 
        [
          303.79531423929296, 
          292.0555382503578
        ], 
        [
          448.0948537000473, 
          261.38864904034
        ], 
        [
          502.80236042663785, 
          395.25803652508495
        ], 
        [
          338.9969270346072, 
          445.3739481113012
        ], 
        [
          311.39987945592185, 
          325.6165894243509
        ], 
        [
          448.1210723119849, 
          293.81004057097203
        ]
      ], 
      "projected_cuboid_centroid": [
        400.2498329027008, 
        342.0756128490179
      ], 
      "quaternion_xyzw": [
        0.8873098247625159, 
        -0.16516895333580767, 
        0.09970380324073566, 
        0.4188791349171638
      ], 
      "visibility": 0.8580100914538
    }, 
    {
      "bounding_box": {
        "bottom_right": [
          344, 
          320
        ], 
        "top_left": [
          279, 
          245
        ]
      }, 
      "class": "061_foam_brick", 
      "cuboid": [
        [
          -28.891633946243566, 
          1.7787844681110294, 
          65.49446125294283
        ], 
        [
          -21.73609576348237, 
          0.5152785858959827, 
          68.29542918567928
        ], 
        [
          -19.7427132456553, 
          3.1788174013558628, 
          64.40451432337622
        ], 
        [
          -26.898251428416497, 
          4.44232328357091, 
          61.60354639063975
        ], 
        [
          -29.227077492625465, 
          6.185587196836026, 
          68.33929934647183
        ], 
        [
          -22.071539309864267, 
          4.9220813146209785, 
          71.14026727920829
        ], 
        [
          -20.0781567920372, 
          7.5856201300808594, 
          67.24935241690521
        ], 
        [
          -27.233694974798397, 
          8.849126012295907, 
          64.44838448416877
        ]
      ], 
      "cuboid_centroid": [
        -24.484895369140382, 
        4.682202299095945, 
        66.37190683492402
      ], 
      "location": [
        -24.484895369140382, 
        4.682202299095945, 
        66.37190683492402
      ], 
      "pose_transform_permuted": [
        [
          0.06382106995887771, 
          -0.8384327803544439, 
          -0.5412553407186125, 
          0.0
        ], 
        [
          -0.9188610313037603, 
          0.16225003463575693, 
          -0.35967948428022195, 
          0.0
        ], 
        [
          -0.38938576781990203, 
          -0.5202935701003935, 
          0.7600482384240439, 
          0.0
        ], 
        [
          -24.484895369140382, 
          4.682202299095945, 
          66.37190683492402, 
          1.0
        ]
      ], 
      "projected_cuboid": [
        [
          244.3727167603234, 
          287.7711306162309
        ], 
        [
          310.4452024398298, 
          277.31035280951
        ], 
        [
          316.74960601198705, 
          299.60962401475325
        ], 
        [
          246.7905910933873, 
          311.74500572746575
        ], 
        [
          251.6083104778662, 
          321.5588325035136
        ], 
        [
          314.7537311049587, 
          310.186066974565
        ], 
        [
          321.0407235173178, 
          333.4441398091726
        ], 
        [
          254.3562880135998, 
          346.51431915981186
        ]
      ], 
      "projected_cuboid_centroid": [
        283.2135008463235, 
        310.90953689101127
      ], 
      "quaternion_xyzw": [
        0.1597660315230205, 
        0.8631931913139095, 
        -0.46295575395623767, 
        0.12265520583939855
      ], 
      "visibility": 0.9710262659084755
    }
  ]
}