{
  "camera_data": {
    "location_worldframe": [
      -10.572431535459119, 
      5.976841689323218, 
      82.23860644803932
    ], 
    "quaternion_xyzw_worldframe": [
      0.9344638502948402, 
      -0.01763842286893892, 
      0.13053731627353624, 
      -0.33080125209085454
    ]
  }, 
  "objects": [
    {
      "bounding_box": {
        "bottom_right": [
          505, 
          395
        ], 
        "top_left": [
          313, 
          241
        ]
      }, 
      "class": "003_cracker_box", 
      "cuboid": [
        [
          -9.735939686511772, 
          18.846329950243057, 
          59.623762501687786
        ], 
        [
          -25.4329783400673, 
          21.563353056361063, 
          55.7123844022501
        ], 
        [
          -31.56688010182692, 
          7.53940279011738, 
          70.58711516463373
        ], 
        [
          -15.869841448271394, 
          4.822379683999375, 
          74.49849326407141
        ], 
        [
          -10.032028573710411, 
          24.126660477400748, 
          64.47997897439436
        ], 
        [
          -25.72906722726594, 
          26.84368358351875, 
          60.56860087495668
        ], 
        [
          -31.862968989025564, 
          12.819733317275073, 
          75.44333163734031
        ], 
        [
          -16.165930335470033, 
          10.102710211157067, 
          79.35470973677798
        ]
      ], 
      "cuboid_centroid": [
        -20.799454337768665, 
        15.833031633759065, 
        67.53354706951404
      ], 
      "location": [
        -20.799454337768665, 
        15.833031633759065, 
        67.53354706951404
      ], 
      "pose_transform_permuted": [
        [
          0.04123800755955607, 
          -0.7354220965739919, 
          -0.6763532853496257, 
          0.0
        ], 
        [
          0.9569264058283362, 
          -0.1656357745479032, 
          0.23844631265418773, 
          0.0
        ], 
        [
          0.28738698745938457, 
          0.657053369263586, 
          -0.6969143343183504, 
          0.0
        ], 
        [
          -20.799454337768665, 
          15.833031633759065, 
          67.53354706951404, 
          1.0
        ]
      ], 
      "projected_cuboid": [
        [
          393.7858035390613, 
          441.8622267948505
        ], 
        [
          236.10514186936885, 
          479.7066829308633
        ], 
        [
          241.10654566255153, 
          330.25034991802744
        ], 
        [
          367.041333470727, 
          307.8089747486751
        ], 
        [
          397.9297962788865, 
          472.8402709972108
        ], 
        [
          253.15912654856092, 
          509.65095671872996
        ], 
        [
          254.4761579262717, 
          363.91104621498255
        ], 
        [
          372.0452141748561, 
          341.18387156863173
        ]
      ], 
      "projected_cuboid_centroid": [
        315.9727443240031, 
        398.3216678933921
      ], 
      "quaternion_xyzw": [
        0.9069637617404496, 
        -0.12487344619424043, 
        0.07709357639522274, 
        0.39481633426668294
      ], 
      "visibility": 0.56241708392177
    }, 
    {
      "bounding_box": {
        "bottom_right": [
          491, 
          423
        ], 
        "top_left": [
          367, 
          349
        ]
      }, 
      "class": "006_mustard_bottle", 
      "cuboid": [
        [
          -5.6006746901219016, 
          26.2182510405951, 
          69.65323110248181
        ], 
        [
          -14.47800381073445, 
          25.61488658691409, 
          66.04282297727431
        ], 
        [
          -19.39891913571732, 
          13.656980572420121, 
          80.14083034346861
        ], 
        [
          -10.521590015104772, 
          14.260345026101135, 
          83.7512384686761
        ], 
        [
          -7.239402709099915, 
          30.75016776720869, 
          72.92519651306188
        ], 
        [
          -16.116731829712464, 
          30.14680331352768, 
          69.31478838785438
        ], 
        [
          -21.037647154695335, 
          18.188897299033716, 
          83.41279575404867
        ], 
        [
          -12.160318034082787, 
          18.79226175271473, 
          87.02320387925617
        ]
      ], 
      "cuboid_centroid": [
        -13.319160922408619, 
        22.20357416981441, 
        76.53301342826524
      ], 
      "location": [
        -13.319160922408619, 
        22.20357416981441, 
        76.53301342826524
      ], 
      "pose_transform_permuted": [
        [
          0.2813315210036477, 
          -0.7780247917865012, 
          -0.5617204288750041, 
          0.0
        ], 
        [
          0.9244906774793676, 
          0.06283475637456586, 
          0.3759901889747421, 
          0.0
        ], 
        [
          0.2572341629479997, 
          0.6250832906294549, 
          -0.7369541812000895, 
          0.0
        ], 
        [
          -13.319160922408619, 
          22.20357416981441, 
          76.53301342826524, 
          1.0
        ]
      ], 
      "projected_cuboid": [
        [
          438.35655784637316, 
          474.0339619720562
        ], 
        [
          363.7076581379095, 
          480.1359732669314
        ], 
        [
          351.42571136783914, 
          364.1707371473742
        ], 
        [
          414.03827685620377, 
          364.095001286028
        ], 
        [
          428.2123615763196, 
          498.16994509180375
        ], 
        [
          356.55883895802447, 
          505.2410883891851
        ], 
        [
          345.9669231860701, 
          389.5815864589656
        ], 
        [
          406.45180677941664, 
          388.4544559393478
        ]
      ], 
      "projected_cuboid_centroid": [
        388.0091497116186, 
        428.0119354369296
      ], 
      "quaternion_xyzw": [
        0.8819430816361998, 
        -0.0551054287462576, 
        0.18632770177155664, 
        0.42944352207400077
      ], 
      "visibility": 0.28197111805865716
    }, 
    {
      "bounding_box": {
        "bottom_right": [
          381, 
          364
        ], 
        "top_left": [
          301, 
          267
        ]
      }, 
      "class": "008_pudding_box", 
      "cuboid": [
        [
          -14.1874388768099, 
          9.362069002758064, 
          65.62102570148453
        ], 
        [
          -25.008337436255463, 
          10.843867573593172, 
          62.47701585030114
        ], 
        [
          -27.63422696877062, 
          4.975238362893397, 
          68.74876250112808
        ], 
        [
          -16.813328409325052, 
          3.4934397920582896, 
          71.89277235231147
        ], 
        [
          -14.532555660980185, 
          12.230860018144565, 
          68.1609270508511
        ], 
        [
          -25.353454220425753, 
          13.712658588979673, 
          65.01691719966772
        ], 
        [
          -27.979343752940906, 
          7.844029378279899, 
          71.28866385049467
        ], 
        [
          -17.15844519349534, 
          6.36223080744479, 
          74.43267370167806
        ]
      ], 
      "cuboid_centroid": [
        -21.083391314875403, 
        8.60304919051898, 
        68.4548447759896
      ], 
      "location": [
        -21.083391314875403, 
        8.60304919051898, 
        68.4548447759896
      ], 
      "pose_transform_permuted": [
        [
          0.08970829518988797, 
          -0.7457022174830126, 
          -0.6602119353596702, 
          0.0
        ], 
        [
          0.9520912823282691, 
          -0.130378035955905, 
          0.2766299262876806, 
          0.0
        ], 
        [
          0.2923599707205843, 
          0.6533984933352297, 
          -0.6982805805415616, 
          0.0
        ], 
        [
          -21.083391314875403, 
          8.60304919051898, 
          68.4548447759896, 
          1.0
        ]
      ], 
      "projected_cuboid": [
        [
          365.33106973171937, 
          349.3745705105805
        ], 
        [
          266.34056499455636, 
          365.85252974020995
        ], 
        [
          265.4376447902373, 
          311.8820261523221
        ], 
        [
          355.8319505450712, 
          299.2017975099422
        ], 
        [
          366.9406836992827, 
          368.9858990220365
        ], 
        [
          271.89510237242763, 
          385.76848387843694
        ], 
        [
          270.5356814961436, 
          331.9687218301851
        ], 
        [
          357.63008030727076, 
          318.8727316987863
        ]
      ], 
      "projected_cuboid_centroid": [
        315.9712575181549, 
        340.3113719913976
      ], 
      "quaternion_xyzw": [
        0.9035626307875909, 
        -0.11696422369415874, 
        0.10135938810302772, 
        0.39952482230421754
      ], 
      "visibility": 0.9123192960402263
    }, 
    {
      "bounding_box": {
        "bottom_right": [
          539, 
          369
        ], 
        "top_left": [
          362, 
          207
        ]
      }, 
      "class": "019_pitcher_base", 
      "cuboid": [
        [
          -32.52963635308508, 
          37.76858492248688, 
          65.0153944750874
        ], 
        [
          -14.72472156273563, 
          36.821340796490915, 
          71.16806152102212
        ], 
        [
          -21.55423615766467, 
          21.373992542372612, 
          88.5534514222859
        ], 
        [
          -39.35915094801412, 
          22.321236668368577, 
          82.40078437635118
        ], 
        [
          -30.242010196467145, 
          27.53304021988012, 
          56.81950998951479
        ], 
        [
          -12.437095406117699, 
          26.585796093884156, 
          62.972177035449505
        ], 
        [
          -19.266610001046736, 
          11.138447839765853, 
          80.35756693671328
        ], 
        [
          -37.07152479139618, 
          12.08569196576182, 
          74.20489989077858
        ]
      ], 
      "cuboid_centroid": [
        -25.89812317706591, 
        24.453516381126366, 
        72.68648070590035
      ], 
      "location": [
        -25.89812317706591, 
        24.453516381126366, 
        72.68648070590035
      ], 
      "pose_transform_permuted": [
        [
          -0.17186498793178528, 
          0.7689769421894933, 
          0.6157411621336434, 
          0.0
        ], 
        [
          -0.9439669335725278, 
          0.05022024219097394, 
          -0.3261972501992382, 
          0.0
        ], 
        [
          0.28176075246309473, 
          0.6373009980638411, 
          -0.717257496467107, 
          0.0
        ], 
        [
          -25.89812317706591, 
          24.453516381126366, 
          72.68648070590035, 
          1.0
        ]
      ], 
      "projected_cuboid": [
        [
          212.53359444048, 
          583.1012538721923
        ], 
        [
          370.3333187691669, 
          549.2184898386113
        ], 
        [
          350.70332694986257, 
          402.01295813012007
        ], 
        [
          224.73136918719698, 
          417.75546174152663
        ], 
        [
          195.3738173756351, 
          531.7173047411369
        ], 
        [
          375.3879032393868, 
          498.445113697844
        ], 
        [
          352.6622344765121, 
          347.2105327653474
        ], 
        [
          212.93917523724713, 
          360.14786669425706
        ]
      ], 
      "projected_cuboid_centroid": [
        289.99226668661055, 
        452.70833742470404
      ], 
      "quaternion_xyzw": [
        -0.13927773143849262, 
        0.41560942620066343, 
        0.8940091014315811, 
        0.09283490350446821
      ], 
      "visibility": 0.1957014935553244
    }, 
    {
      "bounding_box": {
        "bottom_right": [
          421, 
          459
        ], 
        "top_left": [
          265, 
          280
        ]
      }, 
      "class": "035_power_drill", 
      "cuboid": [
        [
          -1.6599283473070185, 
          10.841470825524011, 
          54.33838093682224
        ], 
        [
          -19.555302852418233, 
          13.135646720608646, 
          50.54603637506134
        ], 
        [
          -23.928452494698107, 
          0.3467151899076232, 
          63.44548338018944
        ], 
        [
          -6.033077989586894, 
          -1.9474607051770108, 
          67.23782794195033
        ], 
        [
          -1.9738458083085635, 
          14.949650170403764, 
          58.30494078911585
        ], 
        [
          -19.869220313419778, 
          17.2438260654884, 
          54.51259622735495
        ], 
        [
          -24.24236995569965, 
          4.454894534787375, 
          67.41204323248304
        ], 
        [
          -6.346995450588438, 
          2.160718639702742, 
          71.20438779424394
        ]
      ], 
      "cuboid_centroid": [
        -12.951149151503335, 
        7.648182680155694, 
        60.87521208465264
      ], 
      "location": [
        -12.951149151503335, 
        7.648182680155694, 
        60.87521208465264
      ], 
      "pose_transform_permuted": [
        [
          0.05488835040412674, 
          -0.718313618762503, 
          -0.6935515035608736, 
          0.0
        ], 
        [
          0.9706702881404806, 
          -0.12443932796660442, 
          0.20570210405158282, 
          0.0
        ], 
        [
          0.23406355123502354, 
          0.6845004117025532, 
          -0.690415517867852, 
          0.0
        ], 
        [
          -12.951149151503335, 
          7.648182680155694, 
          60.87521208465264, 
          1.0
        ]
      ], 
      "projected_cuboid": [
        [
          465.1694589751267, 
          379.6932545958507
        ], 
        [
          273.54636946299104, 
          411.882917363911
        ], 
        [
          278.7794677781177, 
          276.2010086530919
        ], 
        [
          433.3448819261945, 
          257.839594448044
        ], 
        [
          463.39169512066246, 
          410.03208800731807
        ], 
        [
          285.58821084992405, 
          441.9901178140011
        ], 
        [
          288.20915732910197, 
          308.53072258759744
        ], 
        [
          433.6620207159022, 
          289.47028170810415
        ]
      ], 
      "projected_cuboid_centroid": [
        367.1882356127644, 
        340.2912425124894
      ], 
      "quaternion_xyzw": [
        0.9149757105251357, 
        -0.0979542066192858, 
        0.07120146782534474, 
        0.3849088889534121
      ], 
      "visibility": 0.805875657988334
    }, 
    {
      "bounding_box": {
        "bottom_right": [
          323, 
          294
        ], 
        "top_left": [
          261, 
          219
        ]
      }, 
      "class": "061_foam_brick", 
      "cuboid": [
        [
          -31.15219874304216, 
          -1.0487836335534129, 
          64.66656627022262
        ], 
        [
          -23.647791039699, 
          -1.6840922797267344, 
          66.64743555052979
        ], 
        [
          -22.371152048923516, 
          1.4698391919229232, 
          62.822498883223965
        ], 
        [
          -29.87555975226667, 
          2.105147838096245, 
          60.84162960291679
        ], 
        [
          -31.65550528306303, 
          3.0689892834815082, 
          67.89397469984645
        ], 
        [
          -24.151097579719874, 
          2.4336806373081865, 
          69.87484398015363
        ], 
        [
          -22.874458588944393, 
          5.5876121089578445, 
          66.0499073128478
        ], 
        [
          -30.378866292287547, 
          6.222920755131166, 
          64.06903803254063
        ]
      ], 
      "cuboid_centroid": [
        -27.013328665993274, 
        2.2694142377022155, 
        65.3582367915352
      ], 
      "location": [
        -27.013328665993274, 
        2.2694142377022155, 
        65.3582367915352
      ], 
      "pose_transform_permuted": [
        [
          0.09575847336428633, 
          -0.7834423295586705, 
          -0.6140426947978654, 
          0.0
        ], 
        [
          -0.9636602622329828, 
          0.08158161453535162, 
          -0.2543685105567591, 
          0.0
        ], 
        [
          -0.24937765291220468, 
          -0.616086484534021, 
          0.7471601098844286, 
          0.0
        ], 
        [
          -27.013328665993274, 
          2.2694142377022155, 
          65.3582367915352, 
          1.0
        ]
      ], 
      "projected_cuboid": [
        [
          222.5369005067016, 
          264.63698563090344
        ], 
        [
          290.7880602146198, 
          259.81025963364124
        ], 
        [
          290.0987870669258, 
          285.76445654723557
        ], 
        [
          217.53443382573658, 
          291.7396362112911
        ], 
        [
          230.8650743580257, 
          297.3940098544404
        ], 
        [
          295.7277271523065, 
          291.8615997508689
        ], 
        [
          295.35818918700096, 
          318.40367867258936
        ], 
        [
          226.61179546174856, 
          325.0869958179959
        ]
      ], 
      "projected_cuboid_centroid": [
        259.33286995028703, 
        291.8048321507597
      ], 
      "quaternion_xyzw": [
        0.09259582608149997, 
        0.8935588175331366, 
        -0.4282321458336285, 
        0.09795857224252094
      ], 
      "visibility": 0.9086574654956086
    }
  ]
}