{
  "camera_data": {
    "location_worldframe": [
      -9.93528235696012, 
      6.956358082020746, 
      82.90246545209256
    ], 
    "quaternion_xyzw_worldframe": [
      0.9365670555939598, 
      -0.02940046543983505, 
      0.15549980211266964, 
      -0.3127272413065703
    ]
  }, 
  "objects": [
    {
      "bounding_box": {
        "bottom_right": [
          515, 
          412
        ], 
        "top_left": [
          319, 
          253
        ]
      }, 
      "class": "003_cracker_box", 
      "cuboid": [
        [
          -7.70149253657214, 
          19.007487599956338, 
          59.934358654927365
        ], 
        [
          -23.10939262936893, 
          22.255505375118833, 
          55.33815250748606
        ], 
        [
          -30.396324061994555, 
          9.015314653136349, 
          70.40969944494861
        ], 
        [
          -14.988423969197765, 
          5.767296877973852, 
          75.00590559238992
        ], 
        [
          -7.9455742495054755, 
          24.45663482088917, 
          64.60336456806928
        ], 
        [
          -23.35347434230227, 
          27.70465259605167, 
          60.007158420627974
        ], 
        [
          -30.640405774927892, 
          14.464461874069181, 
          75.07870535809053
        ], 
        [
          -15.232505682131103, 
          11.216444098906686, 
          79.67491150553184
        ]
      ], 
      "cuboid_centroid": [
        -19.170949155750016, 
        16.73597473701276, 
        67.50653200650895
      ], 
      "location": [
        -19.170949155750016, 
        16.73597473701276, 
        67.50653200650895
      ], 
      "pose_transform_permuted": [
        [
          0.03399466835221569, 
          -0.7589341714780666, 
          -0.6502793906364578, 
          0.0
        ], 
        [
          0.9392998757649369, 
          -0.19800639115765822, 
          0.28019495435980674, 
          0.0
        ], 
        [
          0.34140900092352067, 
          0.6203324853847496, 
          -0.7061356113840895, 
          0.0
        ], 
        [
          -19.170949155750016, 
          16.73597473701276, 
          67.50653200650895, 
          1.0
        ]
      ], 
      "projected_cuboid": [
        [
          412.49504377989484, 
          442.42266609625625
        ], 
        [
          257.0250646725397, 
          487.77322234112535
        ], 
        [
          249.44085364045168, 
          341.57320716011384
        ], 
        [
          374.13572948250004, 
          314.2941405520965
        ], 
        [
          415.457418936747, 
          475.18317874698806
        ], 
        [
          272.31106851201633, 
          519.5143908462109
        ], 
        [
          262.1299427187102, 
          376.0344575237401
        ], 
        [
          378.7856156326515, 
          348.3659974807538
        ]
      ], 
      "projected_cuboid_centroid": [
        328.8793048050081, 
        405.5051960195323
      ], 
      "quaternion_xyzw": [
        0.8958113294363585, 
        -0.15053822561626262, 
        0.08768297865514536, 
        0.4088667263741722
      ], 
      "visibility": 0.5952257842123406
    }, 
    {
      "bounding_box": {
        "bottom_right": [
          496, 
          435
        ], 
        "top_left": [
          374, 
          356
        ]
      }, 
      "class": "006_mustard_bottle", 
      "cuboid": [
        [
          -3.6212622156712837, 
          26.5315468960987, 
          69.87292504076323
        ], 
        [
          -12.377004013398848, 
          26.184388644690586, 
          65.94577155124804
        ], 
        [
          -18.33383747805124, 
          14.929400022476432, 
          80.22169890370463
        ], 
        [
          -9.578095680323678, 
          15.27655827388455, 
          84.14885239321983
        ], 
        [
          -5.179984131676926, 
          31.236933457683847, 
          72.93220268095769
        ], 
        [
          -13.935725929404489, 
          30.889775206275733, 
          69.00504919144248
        ], 
        [
          -19.89255939405688, 
          19.63478658406158, 
          83.28097654389907
        ], 
        [
          -11.136817596329319, 
          19.981944835469694, 
          87.20813003341426
        ]
      ], 
      "cuboid_centroid": [
        -11.756910804864082, 
        23.08316674008014, 
        76.57695079233116
      ], 
      "location": [
        -11.756910804864082, 
        23.08316674008014, 
        76.57695079233116
      ], 
      "pose_transform_permuted": [
        [
          0.2675963322608391, 
          -0.807805531455085, 
          -0.5252068810205047, 
          0.0
        ], 
        [
          0.9118284966612834, 
          0.03615328019005514, 
          0.4089762518387795, 
          0.0
        ], 
        [
          0.3113853762776999, 
          0.5883392389472981, 
          -0.7462547067558829, 
          0.0
        ], 
        [
          -11.756910804864082, 
          23.08316674008014, 
          76.57695079233116, 
          1.0
        ]
      ], 
      "projected_cuboid": [
        [
          453.7266956047685, 
          475.7940689493772
        ], 
        [
          380.6670587296942, 
          485.0460929777004
        ], 
        [
          358.69667882205727, 
          372.5382554817078
        ], 
        [
          420.38702203362993, 
          370.10648809609984
        ], 
        [
          443.40256823582735, 
          501.7078350053686
        ], 
        [
          372.99440806881097, 
          512.0244597754878
        ], 
        [
          353.1463339117603, 
          399.02493144451284
        ], 
        [
          412.9225111945757, 
          395.48572384310114
        ]
      ], 
      "projected_cuboid_centroid": [
        399.03379743983425, 
        434.04907470707417
      ], 
      "quaternion_xyzw": [
        0.8696802022337129, 
        -0.07911876554759163, 
        0.19448890016177478, 
        0.44673324580100626
      ], 
      "visibility": 0.22941176470588234
    }, 
    {
      "bounding_box": {
        "bottom_right": [
          390, 
          375
        ], 
        "top_left": [
          307, 
          276
        ]
      }, 
      "class": "008_pudding_box", 
      "cuboid": [
        [
          -12.782170271930859, 
          9.928967554185068, 
          66.0582007830814
        ], 
        [
          -23.404315732476395, 
          11.762258433469949, 
          62.45522410405322
        ], 
        [
          -26.514360394372606, 
          6.2257004789676955, 
          68.80700014853551
        ], 
        [
          -15.892214933827074, 
          4.392409599682813, 
          72.4099768275637
        ], 
        [
          -13.095097658876654, 
          12.893978667014977, 
          68.48944571119682
        ], 
        [
          -23.717243119422186, 
          14.727269546299858, 
          64.88646903216863
        ], 
        [
          -26.827287781318397, 
          9.190711591797603, 
          71.23824507665093
        ], 
        [
          -16.205142320772865, 
          7.357420712512722, 
          74.84122175567911
        ]
      ], 
      "cuboid_centroid": [
        -19.804729026624628, 
        9.559839572991336, 
        68.64822292986617
      ], 
      "location": [
        -19.804729026624628, 
        9.559839572991336, 
        68.64822292986617
      ], 
      "pose_transform_permuted": [
        [
          0.08134111028132973, 
          -0.770713289967954, 
          -0.6319682139327043, 
          0.0
        ], 
        [
          0.9346037241778168, 
          -0.16130455844773178, 
          0.31701273860851675, 
          0.0
        ], 
        [
          0.3462645914966489, 
          0.616426510494023, 
          -0.7071908530020523, 
          0.0
        ], 
        [
          -19.804729026624628, 
          9.559839572991336, 
          68.64822292986617, 
          1.0
        ]
      ], 
      "projected_cuboid": [
        [
          377.54047718339666, 
          353.44786200396334
        ], 
        [
          280.0767152259588, 
          373.72717933496415
        ], 
        [
          274.37296479424674, 
          321.5416279755326
        ], 
        [
          363.57104935693513, 
          305.63785418746465
        ], 
        [
          378.77725128164434, 
          373.69049448455905
        ], 
        [
          285.0340546249258, 
          394.3339824307211
        ], 
        [
          279.0829553806281, 
          342.0920857586117
        ], 
        [
          365.156660471063, 
          325.71561991734427
        ]
      ], 
      "projected_cuboid_centroid": [
        326.4543691351879, 
        347.5557533908355
      ], 
      "quaternion_xyzw": [
        0.8920479875831435, 
        -0.1422482750394279, 
        0.11164025210379108, 
        0.41418851999603273
      ], 
      "visibility": 0.9229658160808859
    }, 
    {
      "bounding_box": {
        "bottom_right": [
          539, 
          386
        ], 
        "top_left": [
          372, 
          224
        ]
      }, 
      "class": "019_pitcher_base", 
      "cuboid": [
        [
          -29.829376275693136, 
          39.05263052016147, 
          63.836163526854925
        ], 
        [
          -12.322464543910144, 
          37.55791702920797, 
          70.69484030153164
        ], 
        [
          -20.458888728117834, 
          23.010780609023996, 
          88.29296642826804
        ], 
        [
          -37.96580045990083, 
          24.505494099977497, 
          81.43428965359134
        ], 
        [
          -27.690355858823168, 
          28.458141552480143, 
          56.06741031528708
        ], 
        [
          -10.18344412704017, 
          26.96342806152664, 
          62.9260870899638
        ], 
        [
          -18.319868311247863, 
          12.416291641342664, 
          80.5242132167002
        ], 
        [
          -35.82678004303085, 
          13.911005132296166, 
          73.66553644202348
        ]
      ], 
      "cuboid_centroid": [
        -24.074622293470497, 
        25.73446108075207, 
        72.18018837177756
      ], 
      "location": [
        -24.074622293470497, 
        25.73446108075207, 
        72.18018837177756
      ], 
      "pose_transform_permuted": [
        [
          -0.16070052227182977, 
          0.7959437398923261, 
          0.5836516045633422, 
          0.0
        ], 
        [
          -0.928167642382284, 
          0.07924554131478513, 
          -0.36362791732459765, 
          0.0
        ], 
        [
          0.3356790542923059, 
          0.6001615556950012, 
          -0.72603421377727, 
          0.0
        ], 
        [
          -24.074622293470497, 
          25.73446108075207, 
          72.18018837177756, 
          1.0
        ]
      ], 
      "projected_cuboid": [
        [
          230.31058273983632, 
          599.5519568295999
        ], 
        [
          387.8621088965431, 
          556.6222463493864
        ], 
        [
          356.98856802241835, 
          412.2794886013194
        ], 
        [
          230.88399132537583, 
          433.77495084041067
        ], 
        [
          216.00825488376609, 
          543.9836168236159
        ], 
        [
          394.56973144176567, 
          501.8105870626955
        ], 
        [
          359.25168259813654, 
          355.52082774558426
        ], 
        [
          220.0588503830139, 
          373.9986459355637
        ]
      ], 
      "projected_cuboid_centroid": [
        302.2339238366109, 
        463.43140136180153
      ], 
      "quaternion_xyzw": [
        -0.14861237139179415, 
        0.4313799058371924, 
        0.8820403622624968, 
        0.11760363055914458
      ], 
      "visibility": 0.19169192268813529
    }, 
    {
      "bounding_box": {
        "bottom_right": [
          425, 
          476
        ], 
        "top_left": [
          268, 
          300
        ]
      }, 
      "class": "035_power_drill", 
      "cuboid": [
        [
          0.20638657112388575, 
          10.492728503776368, 
          55.22291289459938
        ], 
        [
          -17.419138193804418, 
          13.415940068908663, 
          50.67480780596466
        ], 
        [
          -22.821182708784526, 
          1.2673850605575396, 
          63.80140168236991
        ], 
        [
          -5.195657943856226, 
          -1.655826504574756, 
          68.34950677100463
        ], 
        [
          -0.07390269337620298, 
          14.742159990871183, 
          59.040379165378845
        ], 
        [
          -17.699427458304505, 
          17.665371556003482, 
          54.49227407674412
        ], 
        [
          -23.101471973284614, 
          5.516816547652358, 
          67.61886795314936
        ], 
        [
          -5.475947208356314, 
          2.5936049825200618, 
          72.16697304178409
        ]
      ], 
      "cuboid_centroid": [
        -11.447542701080366, 
        8.004772525714362, 
        61.420890423874376
      ], 
      "location": [
        -11.447542701080366, 
        8.004772525714362, 
        61.420890423874376
      ], 
      "pose_transform_permuted": [
        [
          0.04900847284923782, 
          -0.7430115028894263, 
          -0.6674825467113716, 
          0.0
        ], 
        [
          0.9560332586118072, 
          -0.15855910762929945, 
          0.24669561822343217, 
          0.0
        ], 
        [
          0.28913296514745795, 
          0.6502256177417846, 
          -0.7025730719631966, 
          0.0
        ], 
        [
          -11.447542701080366, 
          8.004772525714362, 
          61.420890423874376, 
          1.0
        ]
      ], 
      "projected_cuboid": [
        [
          483.6068738432807, 
          374.62088089526725
        ], 
        [
          296.7441580052488, 
          414.48063175671064
        ], 
        [
          289.2437573960872, 
          283.8806825361098
        ], 
        [
          440.7183850746193, 
          260.36640522638567
        ], 
        [
          480.9239330312912, 
          406.4544263405293
        ], 
        [
          306.92799198102034, 
          446.17872782733383
        ], 
        [
          297.8740822768135, 
          316.7984510123395
        ], 
        [
          440.79215173319676, 
          292.4534819432851
        ]
      ], 
      "projected_cuboid_centroid": [
        381.3693369007924, 
        342.7922373832534
      ], 
      "quaternion_xyzw": [
        0.9046741710506833, 
        -0.12371638516461968, 
        0.08171563324540398, 
        0.3994765798314242
      ], 
      "visibility": 0.8301845342706503
    }, 
    {
      "bounding_box": {
        "bottom_right": [
          333, 
          305
        ], 
        "top_left": [
          269, 
          231
        ]
      }, 
      "class": "061_foam_brick", 
      "cuboid": [
        [
          -30.139150050971985, 
          0.222202905536599, 
          64.78861642822834
        ], 
        [
          -22.748038633843663, 
          -0.664164541127435, 
          67.07540892617234
        ], 
        [
          -21.194207720008468, 
          2.301677867612489, 
          63.20286200621633
        ], 
        [
          -28.58531913713679, 
          3.1880453142765233, 
          60.91606950827233
        ], 
        [
          -30.580788496528903, 
          4.464299176867949, 
          67.86027903165076
        ], 
        [
          -23.18967707940058, 
          3.5779317302039146, 
          70.14707152959477
        ], 
        [
          -21.635846165565383, 
          6.5437741389438395, 
          66.27452460963875
        ], 
        [
          -29.026957582693708, 
          7.430141585607873, 
          63.987732111694754
        ]
      ], 
      "cuboid_centroid": [
        -25.887498108268687, 
        3.382988522240219, 
        65.53157051893355
      ], 
      "location": [
        -25.887498108268687, 
        3.382988522240219, 
        65.53157051893355
      ], 
      "pose_transform_permuted": [
        [
          0.08402557877303352, 
          -0.807095935590612, 
          -0.5844106885273159, 
          0.0
        ], 
        [
          -0.9491115952095786, 
          0.11382071974934438, 
          -0.29365289645169534, 
          0.0
        ], 
        [
          -0.3035241043979632, 
          -0.5793453154284204, 
          0.7564602590622711, 
          0.0
        ], 
        [
          -25.887498108268687, 
          3.382988522240219, 
          65.53157051893355, 
          1.0
        ]
      ], 
      "projected_cuboid": [
        [
          231.43351693740306, 
          275.11564265280106
        ], 
        [
          299.2191030295308, 
          268.0057359423302
        ], 
        [
          301.2653256271726, 
          292.70859960941357
        ], 
        [
          229.24730007803004, 
          301.19784302566154
        ], 
        [
          239.2572508006264, 
          308.37183692410576
        ], 
        [
          303.8195276251791, 
          300.4891141882283
        ], 
        [
          306.039724381592, 
          325.9451261298003
        ], 
        [
          237.6494744613812, 
          335.2146589284621
        ]
      ], 
      "projected_cuboid_centroid": [
        269.1595388542984, 
        300.81852011259207
      ], 
      "quaternion_xyzw": [
        0.11827275456473149, 
        0.8821660273391447, 
        -0.44310145318364796, 
        0.10703157442026841
      ], 
      "visibility": 0.913414318945464
    }
  ]
}