{
  "camera_data": {
    "location_worldframe": [
      -20.263715168870235, 
      -5.11223253780237, 
      97.2712457773968
    ], 
    "quaternion_xyzw_worldframe": [
      0.9572391887331843, 
      0.005520453764268578, 
      0.01666326683828943, 
      -0.2887662967194496
    ]
  }, 
  "objects": [
    {
      "bounding_box": {
        "bottom_right": [
          350, 
          327
        ], 
        "top_left": [
          232, 
          180
        ]
      }, 
      "class": "003_cracker_box", 
      "cuboid": [
        [
          -25.441037722989257, 
          5.306990866241614, 
          73.982010925689
        ], 
        [
          -41.81006413327319, 
          6.045897395983639, 
          73.21578171266724
        ], 
        [
          -43.18573247628681, 
          -6.85432250712309, 
          90.16409756433565
        ], 
        [
          -26.816706066002876, 
          -7.593229036865115, 
          90.9303267773574
        ], 
        [
          -25.386924316744576, 
          11.017987303692955, 
          78.33333129606224
        ], 
        [
          -41.755950727028505, 
          11.756893833434981, 
          77.5671020830405
        ], 
        [
          -43.13161907004213, 
          -1.1433260696717469, 
          94.5154179347089
        ], 
        [
          -26.762592659758198, 
          -1.8822325994137716, 
          95.28164714773065
        ]
      ], 
      "cuboid_centroid": [
        -34.28632839651569, 
        2.081832398284934, 
        84.24871443019894
      ], 
      "location": [
        -34.28632839651569, 
        2.081832398284934, 
        84.24871443019894
      ], 
      "pose_transform_permuted": [
        [
          -0.007536686286690658, 
          -0.7954034225614748, 
          -0.6060334922570765, 
          0.0
        ], 
        [
          0.9978922748052277, 
          -0.045045386289404604, 
          0.04671103786136732, 
          0.0
        ], 
        [
          0.0644531321493671, 
          0.6044040937580836, 
          -0.7940664236728598, 
          0.0
        ], 
        [
          -34.28632839651569, 
          2.081832398284934, 
          84.24871443019894, 
          1.0
        ]
      ], 
      "projected_cuboid": [
        [
          296.67002410223586, 
          311.54343477652185
        ], 
        [
          174.50551659243942, 
          317.32616173052713
        ], 
        [
          224.0252235788247, 
          232.74330047150391
        ], 
        [
          323.00246035093573, 
          228.75114601281942
        ], 
        [
          307.31398685655734, 
          348.3006896709841
        ], 
        [
          192.10774658601977, 
          354.1221184047225
        ], 
        [
          236.19125835053535, 
          266.8351230035397
        ], 
        [
          330.55056868046114, 
          262.7511249674884
        ]
      ], 
      "projected_cuboid_centroid": [
        262.7456143361186, 
        286.4651602832081
      ], 
      "quaternion_xyzw": [
        0.8955905678406271, 
        -0.030566009282228527, 
        0.010935340595739685, 
        0.44369321856156074
      ], 
      "visibility": 0.6035333087964667
    }, 
    {
      "bounding_box": {
        "bottom_right": [
          375, 
          363
        ], 
        "top_left": [
          287, 
          296
        ]
      }, 
      "class": "006_mustard_bottle", 
      "cuboid": [
        [
          -20.29531977827876, 
          14.069469847779295, 
          82.27510747595377
        ], 
        [
          -29.578513952407366, 
          12.221517676601179, 
          80.65849171806063
        ], 
        [
          -30.170196374372406, 
          1.4020055684909007, 
          96.42392242065749
        ], 
        [
          -20.8870022002438, 
          3.249957739669017, 
          98.04053817855063
        ], 
        [
          -21.77377448049852, 
          18.74062090867087, 
          85.42534172835342
        ], 
        [
          -31.056968654627127, 
          16.892668737492748, 
          83.80872597046027
        ], 
        [
          -31.648651076592166, 
          6.073156629382473, 
          99.57415667305712
        ], 
        [
          -22.36545690246356, 
          7.921108800560589, 
          101.19077243095028
        ]
      ], 
      "cuboid_centroid": [
        -25.971985427435463, 
        10.071313238580885, 
        90.92463207450545
      ], 
      "location": [
        -25.971985427435463, 
        10.071313238580885, 
        90.92463207450545
      ], 
      "pose_transform_permuted": [
        [
          0.25381631685889955, 
          -0.8019280915316185, 
          -0.5408220177367152, 
          0.0
        ], 
        [
          0.9667577212255581, 
          0.1924469095907578, 
          0.16835538898385785, 
          0.0
        ], 
        [
          0.03092939473526749, 
          0.5655752958206373, 
          -0.8241164707119429, 
          0.0
        ], 
        [
          -25.971985427435463, 
          10.071313238580885, 
          90.92463207450545, 
          1.0
        ]
      ], 
      "projected_cuboid": [
        [
          348.9434264425432, 
          364.4869511422406
        ], 
        [
          284.39203630681, 
          354.0960668254299
        ], 
        [
          313.3354425930597, 
          281.04101432527466
        ], 
        [
          367.02937667635825, 
          290.9656137927849
        ], 
        [
          344.5282296823172, 
          390.2862470743572
        ], 
        [
          282.3180554679188, 
          380.78359088859077
        ], 
        [
          310.6741476294601, 
          305.8143892867703
        ], 
        [
          362.73901836082877, 
          315.0342422659433
        ]
      ], 
      "projected_cuboid_centroid": [
        327.98853733627584, 
        332.35995357672414
      ], 
      "quaternion_xyzw": [
        0.8765208261620072, 
        0.04606779155571287, 
        0.12041120223329625, 
        0.4637780739801326
      ], 
      "visibility": 0.7601431980906921
    }, 
    {
      "bounding_box": {
        "bottom_right": [
          265, 
          312
        ], 
        "top_left": [
          218, 
          225
        ]
      }, 
      "class": "008_pudding_box", 
      "cuboid": [
        [
          -27.471298408172434, 
          -3.877598071795987, 
          81.54872956207362
        ], 
        [
          -38.79820563018367, 
          -3.802802985666741, 
          80.61709172379156
        ], 
        [
          -39.42198545182154, 
          -9.20198783308134, 
          87.76765900334193
        ], 
        [
          -28.095078229810305, 
          -9.276782919210586, 
          88.699296841624
        ], 
        [
          -27.640707765717366, 
          -0.8032930918496335, 
          83.85526716398819
        ], 
        [
          -38.9676149877286, 
          -0.7284980057203884, 
          82.92362932570613
        ], 
        [
          -39.59139480936647, 
          -6.127682853134987, 
          90.0741966052565
        ], 
        [
          -28.26448758735523, 
          -6.202477939264233, 
          91.00583444353857
        ]
      ], 
      "cuboid_centroid": [
        -33.531346608769454, 
        -5.002640462465487, 
        85.81146308366506
      ], 
      "location": [
        -33.531346608769454, 
        -5.002640462465487, 
        85.81146308366506
      ], 
      "pose_transform_permuted": [
        [
          0.044035599981340726, 
          -0.7991227065580452, 
          -0.5995522836033133, 
          0.0
        ], 
        [
          0.9966131336112042, 
          -0.006580946034512617, 
          0.08197140553925994, 
          0.0
        ], 
        [
          0.06945008467871866, 
          0.6011317324507616, 
          -0.7961262705832626, 
          0.0
        ], 
        [
          -33.531346608769454, 
          -5.002640462465487, 
          85.81146308366506, 
          1.0
        ]
      ], 
      "projected_cuboid": [
        [
          300.44065028039466, 
          247.92747968021007
        ], 
        [
          222.7899290981424, 
          248.12922630184215
        ], 
        [
          240.05336691966258, 
          217.3707214812137
        ], 
        [
          311.26288734433956, 
          217.50830550596797
        ], 
        [
          304.33714773528715, 
          268.1775931125137
        ], 
        [
          228.8900738629067, 
          268.60123590395654
        ], 
        [
          245.22718353303893, 
          237.00519006821716
        ], 
        [
          314.5789377954369, 
          236.93828658169787
        ]
      ], 
      "projected_cuboid_centroid": [
        271.4625366325118, 
        242.19504938164383
      ], 
      "quaternion_xyzw": [
        0.8940493763860694, 
        -0.021260299688526225, 
        0.035234912312658496, 
        0.4460740702011421
      ], 
      "visibility": 0.3652338469856718
    }, 
    {
      "bounding_box": {
        "bottom_right": [
          416, 
          300
        ], 
        "top_left": [
          272, 
          165
        ]
      }, 
      "class": "019_pitcher_base", 
      "cuboid": [
        [
          -48.77526968827601, 
          22.373913145016306, 
          82.4026887470573
        ], 
        [
          -30.118734849534444, 
          23.830032311432078, 
          84.76510248897222
        ], 
        [
          -31.506781313174386, 
          9.719433053677966, 
          104.42416999755899
        ], 
        [
          -50.16331615191596, 
          8.263313887262196, 
          102.06175625564407
        ], 
        [
          -46.9713228568625, 
          11.600218177616807, 
          74.79707214672715
        ], 
        [
          -28.314788018120936, 
          13.056337344032576, 
          77.15948588864205
        ], 
        [
          -29.702834481760874, 
          -1.0542619137215339, 
          96.81855339722883
        ], 
        [
          -48.359369320502445, 
          -2.5103810801373054, 
          94.4561396553139
        ]
      ], 
      "cuboid_centroid": [
        -39.23905208501844, 
        10.659825615647387, 
        89.61062107214306
      ], 
      "location": [
        -39.23905208501844, 
        10.659825615647387, 
        89.61062107214306
      ], 
      "pose_transform_permuted": [
        [
          -0.13552708317902243, 
          0.8094071446928732, 
          0.5713954622559602, 
          0.0
        ], 
        [
          -0.989117453814575, 
          -0.0771993778472165, 
          -0.12524858905776665, 
          0.0
        ], 
        [
          0.05726571202283104, 
          0.5821516316140612, 
          -0.8110611049949352, 
          0.0
        ], 
        [
          -39.23905208501844, 
          10.659825615647387, 
          89.61062107214306, 
          1.0
        ]
      ], 
      "projected_cuboid": [
        [
          163.28724939206978, 
          418.0930511406752
        ], 
        [
          290.5187669586014, 
          423.21879224776256
        ], 
        [
          319.34331780962043, 
          322.92604179524153
        ], 
        [
          217.2862495408224, 
          316.4661507928041
        ], 
        [
          143.89016991818497, 
          355.99864616455807
        ], 
        [
          284.256794043799, 
          363.53079388680413
        ], 
        [
          316.61716544477076, 
          267.47919522893267
        ], 
        [
          206.27427017445135, 
          259.112389046859
        ]
      ], 
      "projected_cuboid_centroid": [
        246.11884059814784, 
        336.728724699874
      ], 
      "quaternion_xyzw": [
        -0.07355091244650712, 
        0.4570476890455822, 
        0.8863781004295791, 
        -0.005622224255857829
      ], 
      "visibility": 0.2057735606304278
    }, 
    {
      "bounding_box": {
        "bottom_right": [
          282, 
          350
        ], 
        "top_left": [
          184, 
          207
        ]
      }, 
      "class": "035_power_drill", 
      "cuboid": [
        [
          -17.689545992371887, 
          -2.3846663178903738, 
          67.81873754408369
        ], 
        [
          -36.124597483286166, 
          -2.2665604060426925, 
          67.66228783390558
        ], 
        [
          -36.323154003563936, 
          -13.98194700229524, 
          82.2151993205271
        ], 
        [
          -17.888102512649652, 
          -14.10005291414292, 
          82.37164903070521
        ], 
        [
          -17.691439941749838, 
          2.0703621534850085, 
          71.40510011583187
        ], 
        [
          -36.12649143266412, 
          2.18846806533269, 
          71.24865040565376
        ], 
        [
          -36.32504795294189, 
          -9.526918530919856, 
          85.80156189227527
        ], 
        [
          -17.889996462027604, 
          -9.64502444276754, 
          85.9580116024534
        ]
      ], 
      "cuboid_centroid": [
        -27.007296972656885, 
        -5.955792424405115, 
        76.81014971817949
      ], 
      "location": [
        -27.007296972656885, 
        -5.955792424405115, 
        76.81014971817949
      ], 
      "pose_transform_permuted": [
        [
          0.00033115633890856163, 
          -0.7789600585359305, 
          -0.6270741515502738, 
          0.0
        ], 
        [
          0.9999431270610983, 
          -0.00640623080849962, 
          0.008486052371506268, 
          0.0
        ], 
        [
          0.01062731624999989, 
          0.6270411980186644, 
          -0.7789136942480146, 
          0.0
        ], 
        [
          -27.007296972656885, 
          -5.955792424405115, 
          76.81014971817949, 
          1.0
        ]
      ], 
      "projected_cuboid": [
        [
          341.32903005017704, 
          254.5337670995994
        ], 
        [
          194.48722834374797, 
          255.42132695058422
        ], 
        [
          244.0097932848309, 
          182.5874189765222
        ], 
        [
          364.81443828819914, 
          181.99500222428827
        ], 
        [
          348.3598100176495, 
          288.7499247551921
        ], 
        [
          208.92485604927063, 
          289.6679412745702
        ], 
        [
          253.92867584299, 
          214.0697579163504
        ], 
        [
          369.67502487685823, 
          213.44475802865804
        ]
      ], 
      "projected_cuboid_centroid": [
        292.51330108447854, 
        231.9333998233694
      ], 
      "quaternion_xyzw": [
        0.9019504527176143, 
        -0.004721308971899933, 
        0.0024439282345965385, 
        0.43180691026042706
      ], 
      "visibility": 0.6584397866798958
    }, 
    {
      "bounding_box": {
        "bottom_right": [
          218, 
          262
        ], 
        "top_left": [
          175, 
          198
        ]
      }, 
      "class": "061_foam_brick", 
      "cuboid": [
        [
          -42.94696727811945, 
          -15.939788002512989, 
          85.02811600952163
        ], 
        [
          -35.177227655812246, 
          -15.6245673378893, 
          85.44689673222385
        ], 
        [
          -35.062981435514494, 
          -12.784263531299587, 
          81.18933247117614
        ], 
        [
          -42.83272105782171, 
          -13.099484195923274, 
          80.77055174847393
        ], 
        [
          -43.28072901708128, 
          -11.572139648192884, 
          87.93290298892495
        ], 
        [
          -35.510989394774064, 
          -11.256918983569197, 
          88.35168371162717
        ], 
        [
          -35.39674317447632, 
          -8.41661517697948, 
          84.09411945057947
        ], 
        [
          -43.16648279678353, 
          -8.731835841603168, 
          83.67533872787726
        ]
      ], 
      "cuboid_centroid": [
        -39.171855226297886, 
        -12.178201589746235, 
        84.56111773005055
      ], 
      "location": [
        -39.171855226297886, 
        -12.178201589746235, 
        84.56111773005055
      ], 
      "pose_transform_permuted": [
        [
          0.06350109138074844, 
          -0.8309833180081161, 
          -0.5526611408319534, 
          0.0
        ], 
        [
          -0.9977322152391837, 
          -0.04047829493554744, 
          -0.05377670790428268, 
          0.0
        ], 
        [
          -0.02231676650784209, 
          -0.5548227039616649, 
          0.8316692426086836, 
          0.0
        ], 
        [
          -39.171855226297886, 
          -12.178201589746235, 
          84.56111773005055, 
          1.0
        ]
      ], 
      "projected_cuboid": [
        [
          209.97710665636492, 
          173.3078310277885
        ], 
        [
          260.2075511226908, 
          175.7652931083011
        ], 
        [
          249.35461556721324, 
          189.30878018815216
        ], 
        [
          196.42016152507236, 
          186.7920012982833
        ], 
        [
          216.9086767036893, 
          203.10065210945604
        ], 
        [
          265.4548120236834, 
          205.33610299364793
        ], 
        [
          255.24242085730518, 
          219.90889722337275
        ], 
        [
          204.17505232199474, 
          217.63263657916718
        ]
      ], 
      "projected_cuboid_centroid": [
        232.484772363515, 
        196.4796843119792
      ], 
      "quaternion_xyzw": [
        -0.005153193939322294, 
        0.881081162554393, 
        -0.47176487004798406, 
        0.03327667310041686
      ], 
      "visibility": 0.8705594120049
    }
  ]
}