{
  "camera_data": {
    "location_worldframe": [
      -9.606573474606014, 
      7.842514969840613, 
      83.9208813253255
    ], 
    "quaternion_xyzw_worldframe": [
      0.9372202570197992, 
      -0.04140897061829238, 
      0.18093939790926702, 
      -0.29524191062907806
    ]
  }, 
  "objects": [
    {
      "bounding_box": {
        "bottom_right": [
          521, 
          427
        ], 
        "top_left": [
          325, 
          261
        ]
      }, 
      "class": "003_cracker_box", 
      "cuboid": [
        [
          -5.964236885577098, 
          19.050488578284337, 
          60.70731092165587
        ], 
        [
          -21.025917553745312, 
          22.813135784655902, 
          55.4095399623119
        ], 
        [
          -29.463847074812687, 
          10.385247717273492, 
          70.57207572413317
        ], 
        [
          -14.40216640664447, 
          6.6226005109019255, 
          75.86984668347715
        ], 
        [
          -6.14447501647016, 
          24.650620398620372, 
          65.19712554432958
        ], 
        [
          -21.206155684638375, 
          28.413267604991937, 
          59.899354584985595
        ], 
        [
          -29.64408520570575, 
          15.985379537609528, 
          75.06189034680688
        ], 
        [
          -14.582404537537533, 
          12.222732331237962, 
          80.35966130615085
        ]
      ], 
      "cuboid_centroid": [
        -17.804161045641422, 
        17.51793405794693, 
        67.88460063423138
      ], 
      "location": [
        -17.804161045641422, 
        17.51793405794693, 
        67.88460063423138
      ], 
      "pose_transform_permuted": [
        [
          0.025102804345716434, 
          -0.7799626677194292, 
          -0.6253223857962963, 
          0.0
        ], 
        [
          0.9181935692220314, 
          -0.22937934645256208, 
          0.32296390643584644, 
          0.0
        ], 
        [
          0.3953358302169023, 
          0.5822742930827247, 
          -0.7103986408782931, 
          0.0
        ], 
        [
          -17.804161045641422, 
          17.51793405794693, 
          67.88460063423138, 
          1.0
        ]
      ], 
      "projected_cuboid": [
        [
          428.7640257366677, 
          440.6469180333366
        ], 
        [
          277.53506263237693, 
          492.8641066776361
        ], 
        [
          257.0805500516207, 
          351.7687978111736
        ], 
        [
          379.5147899021757, 
          319.839453248528
        ], 
        [
          430.91573086304965, 
          474.9312958774489
        ], 
        [
          291.21258895720797, 
          526.2667602328257
        ], 
        [
          269.21869318459653, 
          386.86369294570716
        ], 
        [
          384.0121325065384, 
          354.40463138994204
        ]
      ], 
      "projected_cuboid_centroid": [
        340.55717068057766, 
        410.9121143642585
      ], 
      "quaternion_xyzw": [
        0.8839952273769712, 
        -0.17667379792398485, 
        0.09843568720793928, 
        0.42148454608176633
      ], 
      "visibility": 0.6275053962380512
    }, 
    {
      "bounding_box": {
        "bottom_right": [
          498, 
          445
        ], 
        "top_left": [
          379, 
          363
        ]
      }, 
      "class": "006_mustard_bottle", 
      "cuboid": [
        [
          -1.936758195627146, 
          26.703162245868207, 
          70.56894854753408
        ], 
        [
          -10.542818793680386, 
          26.609850134293094, 
          66.31065292103344
        ], 
        [
          -17.534444352788114, 
          16.08161395598624, 
          80.67150772147667
        ], 
        [
          -8.928383754734877, 
          16.174926067561348, 
          84.92980334797731
        ], 
        [
          -3.400868342893208, 
          31.566242866319982, 
          73.42136589792918
        ], 
        [
          -12.006928940946446, 
          31.472930754744876, 
          69.16307027142852
        ], 
        [
          -18.998554500054176, 
          20.94469457643802, 
          83.52392507187176
        ], 
        [
          -10.392493902000938, 
          21.03800668801313, 
          87.78222069837241
        ]
      ], 
      "cuboid_centroid": [
        -10.467656347840663, 
        23.823928411153112, 
        77.04643680970293
      ], 
      "location": [
        -10.467656347840663, 
        23.823928411153112, 
        77.04643680970293
      ], 
      "pose_transform_permuted": [
        [
          0.25135369010417946, 
          -0.8348779369552098, 
          -0.48969377616690046, 
          0.0
        ], 
        [
          0.8962406017198269, 
          0.00971758240288745, 
          0.44346160372832655, 
          0.0
        ], 
        [
          0.36547772712369875, 
          0.5503492423241478, 
          -0.750694173715057, 
          0.0
        ], 
        [
          -10.467656347840663, 
          23.823928411153112, 
          77.04643680970293, 
          1.0
        ]
      ], 
      "projected_cuboid": [
        [
          466.83818591391906, 
          475.09370177565233
        ], 
        [
          396.09725355672987, 
          487.30274136233027
        ], 
        [
          364.71077911405274, 
          379.60213680893236
        ], 
        [
          425.06375181043506, 
          374.8575353006155
        ], 
        [
          456.68790810642435, 
          502.5780430066738
        ], 
        [
          388.23952549610283, 
          515.9757396814477
        ], 
        [
          359.27596180425456, 
          407.02325798760086
        ], 
        [
          417.93145172450676, 
          401.1026363706044
        ]
      ], 
      "projected_cuboid_centroid": [
        408.53556012676466, 
        438.19705293642755
      ], 
      "quaternion_xyzw": [
        0.8567793794511622, 
        -0.10380739582828923, 
        0.20274043426371688, 
        0.46265472439531513
      ], 
      "visibility": 0.19373263352886694
    }, 
    {
      "bounding_box": {
        "bottom_right": [
          396, 
          385
        ], 
        "top_left": [
          313, 
          284
        ]
      }, 
      "class": "008_pudding_box", 
      "cuboid": [
        [
          -11.673085753813506, 
          10.39886822401507, 
          66.89539744987593
        ], 
        [
          -22.05796732214097, 
          12.573741153722088, 
          62.821513168981525
        ], 
        [
          -25.65109272149226, 
          7.381139262619552, 
          69.20878536976218
        ], 
        [
          -15.266211153164802, 
          5.206266332912533, 
          73.28266965065659
        ], 
        [
          -11.946785521422626, 
          13.450337947300067, 
          69.22215212415472
        ], 
        [
          -22.331667089750088, 
          15.625210877007085, 
          65.14826784326033
        ], 
        [
          -25.924792489101385, 
          10.43260898590455, 
          71.53554004404099
        ], 
        [
          -15.53991092077392, 
          8.257736056197531, 
          75.60942432493538
        ]
      ], 
      "cuboid_centroid": [
        -18.798939121457444, 
        10.41573860495981, 
        69.21546874695845
      ], 
      "location": [
        -18.798939121457444, 
        10.41573860495981, 
        69.21546874695845
      ], 
      "pose_transform_permuted": [
        [
          0.07114443768683087, 
          -0.793187000039921, 
          -0.6048074296255093, 
          0.0
        ], 
        [
          0.913727742192484, 
          -0.19135911358657914, 
          0.3584461759571717, 
          0.0
        ], 
        [
          0.40004959216374447, 
          0.5781313029540505, 
          -0.7111429062349026, 
          0.0
        ], 
        [
          -18.798939121457444, 
          10.41573860495981, 
          69.21546874695845, 
          1.0
        ]
      ], 
      "projected_cuboid": [
        [
          387.75854306798516, 
          356.19089729612335
        ], 
        [
          292.7767027352056, 
          380.03058238175345
        ], 
        [
          282.28372167171955, 
          330.1652433919816
        ], 
        [
          369.5703227288208, 
          311.1754932253304
        ], 
        [
          388.7864415108669, 
          376.91418328635507
        ], 
        [
          297.26113176177813, 
          401.19831872034166
        ], 
        [
          286.70903775780664, 
          351.0648656815508
        ], 
        [
          371.07109951802965, 
          331.53340853691174
        ]
      ], 
      "projected_cuboid_centroid": [
        335.5402234899323, 
        353.5419703548651
      ], 
      "quaternion_xyzw": [
        0.8798673869925008, 
        -0.16803915979083914, 
        0.12206118217212207, 
        0.42743086302380634
      ], 
      "visibility": 0.9195515990768216
    }, 
    {
      "bounding_box": {
        "bottom_right": [
          539, 
          401
        ], 
        "top_left": [
          381, 
          239
        ]
      }, 
      "class": "019_pitcher_base", 
      "cuboid": [
        [
          -27.31359905326468, 
          40.14615457640313, 
          63.12638507780307
        ], 
        [
          -10.165150284609014, 
          38.11549592937872, 
          70.71418477152366
        ], 
        [
          -19.605670456677025, 
          24.49945946839029, 
          88.4058424010149
        ], 
        [
          -36.754119225332694, 
          26.530118115414698, 
          80.81804270729432
        ], 
        [
          -25.351590496325667, 
          29.227818913888537, 
          55.77025837446836
        ], 
        [
          -8.20314172767, 
          27.197160266864135, 
          63.35805806818894
        ], 
        [
          -17.64366189973801, 
          13.581123805875709, 
          81.04971569768018
        ], 
        [
          -34.792110668393676, 
          15.611782452900114, 
          73.4619160039596
        ]
      ], 
      "cuboid_centroid": [
        -22.478630476501348, 
        26.863639191139416, 
        72.08805038774163
      ], 
      "location": [
        -22.478630476501348, 
        26.863639191139416, 
        72.08805038774163
      ], 
      "pose_transform_permuted": [
        [
          -0.14740195900667055, 
          0.8202737241156013, 
          0.552651762367681, 
          0.0
        ], 
        [
          -0.9091629356433317, 
          0.10765985901842924, 
          -0.40228398134914106, 
          0.0
        ], 
        [
          0.38948127723454207, 
          0.5617477824356116, 
          -0.7298929809310553, 
          0.0
        ], 
        [
          -22.478630476501348, 
          26.863639191139416, 
          72.08805038774163, 
          1.0
        ]
      ], 
      "projected_cuboid": [
        [
          248.91669701584007, 
          612.4589838330869
        ], 
        [
          404.2935963092758, 
          560.7499439034058
        ], 
        [
          362.33770987417455, 
          421.08266951233367
        ], 
        [
          237.03481339211845, 
          448.359220526334
        ], 
        [
          237.1446752787791, 
          552.7861970200032
        ], 
        [
          411.9712852874403, 
          502.2199778503164
        ], 
        [
          364.531556527554, 
          362.6524194629006
        ], 
        [
          226.90802422375498, 
          386.6251188849134
        ]
      ], 
      "projected_cuboid_centroid": [
        313.91048893731704, 
        472.0282819850262
      ], 
      "quaternion_xyzw": [
        -0.15806115803610468, 
        0.44574751973842575, 
        0.8694197030845667, 
        0.14295199846782614
      ], 
      "visibility": 0.18658313656791764
    }, 
    {
      "bounding_box": {
        "bottom_right": [
          425, 
          489
        ], 
        "top_left": [
          271, 
          319
        ]
      }, 
      "class": "035_power_drill", 
      "cuboid": [
        [
          1.732280784190296, 
          10.056897645843389, 
          56.57043631413284
        ], 
        [
          -15.559469797999665, 
          13.592509444066895, 
          51.24273887466754
        ], 
        [
          -21.992988159812317, 
          2.1115268616030516, 
          64.50448163187033
        ], 
        [
          -4.701237577622354, 
          -1.4240849366204538, 
          69.83217907133564
        ], 
        [
          1.4951988416478545, 
          14.433553927744533, 
          60.244392044195635
        ], 
        [
          -15.796551740542105, 
          17.96916572596804, 
          54.91669460473033
        ], 
        [
          -22.230070102354755, 
          6.488183143504197, 
          68.17843736193313
        ], 
        [
          -4.938319520164796, 
          2.952571345280692, 
          73.50613480139843
        ]
      ], 
      "cuboid_centroid": [
        -10.24889465908223, 
        8.272540394673793, 
        62.374436838032985
      ], 
      "location": [
        -10.24889465908223, 
        8.272540394673793, 
        62.374436838032985
      ], 
      "pose_transform_permuted": [
        [
          0.04145368879845957, 
          -0.7652567105791906, 
          -0.6423897824528612, 
          0.0
        ], 
        [
          0.9379288773908417, 
          -0.19177655778895725, 
          0.2889818040529993, 
          0.0
        ], 
        [
          0.3443404131756505, 
          0.6144952207759272, 
          -0.7098066289124216, 
          0.0
        ], 
        [
          -10.24889465908223, 
          8.272540394673793, 
          62.374436838032985, 
          1.0
        ]
      ], 
      "projected_cuboid": [
        [
          498.06429714025734, 
          368.0982596144909
        ], 
        [
          318.3090954778263, 
          414.7534390518485
        ], 
        [
          298.24488367778656, 
          290.7445284527272
        ], 
        [
          445.3937536437898, 
          262.41057227481053
        ], 
        [
          494.94377424372715, 
          401.0610362081894
        ], 
        [
          326.9115551086383, 
          447.7928159700058
        ], 
        [
          306.25524143074534, 
          324.03975649922614
        ], 
        [
          445.46878466450414, 
          294.70875156133104
        ]
      ], 
      "projected_cuboid_centroid": [
        393.23576198169525, 
        344.0191652997426
      ], 
      "quaternion_xyzw": [
        0.8937021148877895, 
        -0.14997082418002364, 
        0.0924344609201656, 
        0.41262723756584624
      ], 
      "visibility": 0.851999082638942
    }, 
    {
      "bounding_box": {
        "bottom_right": [
          342, 
          314
        ], 
        "top_left": [
          277, 
          240
        ]
      }, 
      "class": "061_foam_brick", 
      "cuboid": [
        [
          -29.38261939652008, 
          1.4151803991310261, 
          65.23233678362928
        ], 
        [
          -22.130915191497667, 
          0.2835548143436111, 
          67.83537439731798
        ], 
        [
          -20.30014281643271, 
          3.0550597641614647, 
          63.93995860778213
        ], 
        [
          -27.551847021455124, 
          4.18668534894888, 
          61.33692099409345
        ], 
        [
          -29.75259046199794, 
          5.767793880933709, 
          68.15524864166397
        ], 
        [
          -22.500886256975523, 
          4.636168296146295, 
          70.75828625535266
        ], 
        [
          -20.670113881910567, 
          7.407673245964149, 
          66.86287046581681
        ], 
        [
          -27.92181808693298, 
          8.539298830751562, 
          64.25983285212813
        ]
      ], 
      "cuboid_centroid": [
        -25.026366639215325, 
        4.411426822547587, 
        66.04760362472305
      ], 
      "location": [
        -25.026366639215325, 
        4.411426822547587, 
        66.04760362472305
      ], 
      "pose_transform_permuted": [
        [
          0.07039023259592236, 
          -0.8281228019507739, 
          -0.5561095575912101, 
          0.0
        ], 
        [
          -0.9312099571475502, 
          0.14531494701440362, 
          -0.3342627437861702, 
          0.0
        ], 
        [
          -0.357621630867527, 
          -0.5413835895771135, 
          0.7609274459974813, 
          0.0
        ], 
        [
          -25.026366639215325, 
          4.411426822547587, 
          66.04760362472305, 
          1.0
        ]
      ], 
      "projected_cuboid": [
        [
          239.3718746626804, 
          284.8566189840515
        ], 
        [
          306.1545366873398, 
          275.51583702688856
        ], 
        [
          310.86367169128465, 
          298.7686189127048
        ], 
        [
          240.03959094919801, 
          309.68942956748623
        ], 
        [
          246.84078977413762, 
          318.41992814144436
        ], 
        [
          310.59000210589505, 
          308.2302806024626
        ], 
        [
          315.35168638654284, 
          332.37250273709725
        ], 
        [
          247.93089828919815, 
          344.157797535909
        ]
      ], 
      "projected_cuboid_centroid": [
        277.8307136704906, 
        308.9078199822015
      ], 
      "quaternion_xyzw": [
        0.14449568407615707, 
        0.8701584775654194, 
        -0.45654047191328684, 
        0.11625841350022081
      ], 
      "visibility": 0.9341684434968017
    }
  ]
}