{
  "camera_data": {
    "location_worldframe": [
      -9.800442290253866, 
      7.740956444672185, 
      85.3932016745905
    ], 
    "quaternion_xyzw_worldframe": [
      0.9378488683816087, 
      -0.04769066257046667, 
      0.19216203593371983, 
      -0.2850337430698685
    ]
  }, 
  "objects": [
    {
      "bounding_box": {
        "bottom_right": [
          515, 
          432
        ], 
        "top_left": [
          323, 
          265
        ]
      }, 
      "class": "003_cracker_box", 
      "cuboid": [
        [
          -5.538211578812058, 
          18.43895451448863, 
          62.04493214631335
        ], 
        [
          -20.425719790815165, 
          22.432613655469396, 
          56.43325667544396
        ], 
        [
          -29.37961545473589, 
          10.472573843325726, 
          71.6759187552106
        ], 
        [
          -14.492107242732786, 
          6.478914702344958, 
          77.28759422607997
        ], 
        [
          -5.666217459163214, 
          24.123088137143366, 
          66.42975106952376
        ], 
        [
          -20.55372567116632, 
          28.116747278124137, 
          60.818075598654374
        ], 
        [
          -29.507621335087048, 
          16.156707465980467, 
          76.060737678421
        ], 
        [
          -14.620113123083941, 
          12.163048324999698, 
          81.6724131492904
        ]
      ], 
      "cuboid_centroid": [
        -17.522916456949552, 
        17.297830990234548, 
        69.05283491236717
      ], 
      "location": [
        -17.522916456949552, 
        17.297830990234548, 
        69.05283491236717
      ], 
      "pose_transform_permuted": [
        [
          0.017828117466790295, 
          -0.7916620833638639, 
          -0.6106990289754664, 
          0.0
        ], 
        [
          0.9075756287205843, 
          -0.24346234804082417, 
          0.3421002239678966, 
          0.0
        ], 
        [
          0.4195099955662878, 
          0.5603545581597741, 
          -0.714152737703594, 
          0.0
        ], 
        [
          -17.522916456949552, 
          17.297830990234548, 
          69.05283491236717, 
          1.0
        ]
      ], 
      "projected_cuboid": [
        [
          433.5955513823871, 
          431.78224739068634
        ], 
        [
          286.95621743304514, 
          485.2847969686774
        ], 
        [
          261.170176448572, 
          351.20990211613616
        ], 
        [
          380.76156121225983, 
          317.9939987719543
        ], 
        [
          435.72774372796147, 
          466.9545120889638
        ], 
        [
          299.85744663856536, 
          519.8450124299324
        ], 
        [
          272.9725212719378, 
          386.57348147132797
        ], 
        [
          385.3323639134505, 
          352.71105371016756
        ]
      ], 
      "projected_cuboid_centroid": [
        345.1335340456017, 
        406.8838338083816
      ], 
      "quaternion_xyzw": [
        0.8773011478186703, 
        -0.18892382201241062, 
        0.10256692993324358, 
        0.429104311789495
      ], 
      "visibility": 0.6479029719470419
    }, 
    {
      "bounding_box": {
        "bottom_right": [
          491, 
          447
        ], 
        "top_left": [
          377, 
          365
        ]
      }, 
      "class": "006_mustard_bottle", 
      "cuboid": [
        [
          -1.5007193989074075, 
          26.181168927563835, 
          71.83230427036533
        ], 
        [
          -10.037271025188666, 
          26.198216809730074, 
          67.43536630039645
        ], 
        [
          -17.490389536258025, 
          16.090700337606876, 
          81.866231513893
        ], 
        [
          -8.953837909976766, 
          16.073652455440634, 
          86.26316948386187
        ], 
        [
          -2.9021625095861037, 
          31.126629015625184, 
          74.57234772076892
        ], 
        [
          -11.438714135867363, 
          31.14367689779143, 
          70.17540975080003
        ], 
        [
          -18.89183264693672, 
          21.03616042566823, 
          84.60627496429657
        ], 
        [
          -10.355281020655463, 
          21.01911254350199, 
          89.00321293426545
        ]
      ], 
      "cuboid_centroid": [
        -10.196276022922063, 
        23.60866467661603, 
        78.21928961733096
      ], 
      "location": [
        -10.196276022922063, 
        23.60866467661603, 
        78.21928961733096
      ], 
      "pose_transform_permuted": [
        [
          0.24059521614404694, 
          -0.8490205772552917, 
          -0.47040178882085887, 
          0.0
        ], 
        [
          0.8890018933728351, 
          -0.0017753772468412433, 
          0.4578999051925204, 
          0.0
        ], 
        [
          0.3896016441928599, 
          0.5283566912825878, 
          -0.7543538729397078, 
          0.0
        ], 
        [
          -10.196276022922063, 
          23.60866467661603, 
          78.21928961733096, 
          1.0
        ]
      ], 
      "projected_cuboid": [
        [
          470.36211149841347, 
          467.6688599911461
        ], 
        [
          401.5547487239749, 
          480.47785072011004
        ], 
        [
          366.70595983494263, 
          378.1098019608942
        ], 
        [
          425.7789038551809, 
          372.66143550565823
        ], 
        [
          460.6686872189995, 
          495.8950694212032
        ], 
        [
          393.9405966419677, 
          509.97247740849485
        ], 
        [
          361.5191217819133, 
          405.888952098746
        ], 
        [
          419.02969267431894, 
          399.23597251035613
        ]
      ], 
      "projected_cuboid_centroid": [
        411.4968369546139, 
        434.25659109951465
      ], 
      "quaternion_xyzw": [
        0.8496705793241698, 
        -0.11515551760983753, 
        0.2055193913775831, 
        0.471763554373722
      ], 
      "visibility": 0.18496362166531932
    }, 
    {
      "bounding_box": {
        "bottom_right": [
          393, 
          388
        ], 
        "top_left": [
          311, 
          288
        ]
      }, 
      "class": "008_pudding_box", 
      "cuboid": [
        [
          -11.536198191736851, 
          10.029280189368798, 
          68.29279526297697
        ], 
        [
          -21.803533385868295, 
          12.355906634638398, 
          64.01015495842181
        ], 
        [
          -25.613055045972494, 
          7.361224490113423, 
          70.4297815595701
        ], 
        [
          -15.34571985184105, 
          5.034598044843823, 
          74.71242186412526
        ], 
        [
          -11.779439433385464, 
          13.128168460209046, 
          70.55948702243667
        ], 
        [
          -22.046774627516907, 
          15.454794905478646, 
          66.27684671788151
        ], 
        [
          -25.856296287621106, 
          10.460112760953674, 
          72.6964733190298
        ], 
        [
          -15.588961093489662, 
          8.133486315684074, 
          76.97911362358496
        ]
      ], 
      "cuboid_centroid": [
        -18.69624723967898, 
        10.244696475161236, 
        70.4946342910034
      ], 
      "location": [
        -18.69624723967898, 
        10.244696475161236, 
        70.4946342910034
      ], 
      "pose_transform_permuted": [
        [
          0.06322716862533648, 
          -0.8055127901975604, 
          -0.5891949125307218, 
          0.0
        ], 
        [
          0.9033852667015152, 
          -0.20471135031960738, 
          0.37681385486748087, 
          0.0
        ], 
        [
          0.42414261042455625, 
          0.5560954135543096, 
          -0.7147451642229239, 
          0.0
        ], 
        [
          -18.69624723967898, 
          10.244696475161236, 
          70.4946342910034, 
          1.0
        ]
      ], 
      "projected_cuboid": [
        [
          390.7565599988141, 
          351.6082922675788
        ], 
        [
          298.4205758714755, 
          376.23343727213813
        ], 
        [
          286.0295252959175, 
          329.02837175918125
        ], 
        [
          371.14186288803984, 
          309.22500261310654
        ], 
        [
          391.8209249648968, 
          372.5149993331017
        ], 
        [
          302.7116409178419, 
          397.64889354234975
        ], 
        [
          290.3280137685812, 
          350.02455184784765
        ], 
        [
          372.69503117861507, 
          329.63620644890693
        ]
      ], 
      "projected_cuboid_centroid": [
        338.9738874243511, 
        350.7916886755098
      ], 
      "quaternion_xyzw": [
        0.87302285090176, 
        -0.1800794675920023, 
        0.12601074045149324, 
        0.43534311640588347
      ], 
      "visibility": 0.8995504840940526
    }, 
    {
      "bounding_box": {
        "bottom_right": [
          539, 
          406
        ], 
        "top_left": [
          380, 
          247
        ]
      }, 
      "class": "019_pitcher_base", 
      "cuboid": [
        [
          -26.45035201150756, 
          40.037764602226474, 
          63.732723879052976
        ], 
        [
          -9.475191691014132, 
          37.77168050828054, 
          71.6369233247072
        ], 
        [
          -19.49826308290097, 
          24.6923122108978, 
          89.4128279295335
        ], 
        [
          -36.4734234033944, 
          26.958396304843745, 
          81.50862848387929
        ], 
        [
          -24.613237607197853, 
          28.946026810547888, 
          56.607382152617625
        ], 
        [
          -7.638077286704423, 
          26.679942716601946, 
          64.51158159827185
        ], 
        [
          -17.66114867859126, 
          13.600574419219214, 
          82.28748620309815
        ], 
        [
          -34.63630899908468, 
          15.866658513165156, 
          74.38328675744394
        ]
      ], 
      "cuboid_centroid": [
        -22.05575034504941, 
        26.819169510722844, 
        73.01010504107556
      ], 
      "location": [
        -22.05575034504941, 
        26.819169510722844, 
        73.01010504107556
      ], 
      "pose_transform_permuted": [
        [
          -0.13801889964083397, 
          0.8333010951962752, 
          0.5353133274337637, 
          0.0
        ], 
        [
          -0.8999756653327817, 
          0.12014145973554798, 
          -0.41905861392293964, 
          0.0
        ], 
        [
          0.4135152064051921, 
          0.5396068200731031, 
          -0.7333687024970905, 
          0.0
        ], 
        [
          -22.05575034504941, 
          26.819169510722844, 
          73.01010504107556, 
          1.0
        ]
      ], 
      "projected_cuboid": [
        [
          258.4142721800891, 
          608.325159103071
        ], 
        [
          410.46870517158465, 
          554.4875718818143
        ], 
        [
          364.3268234485688, 
          420.56846565098886
        ], 
        [
          240.9588068911777, 
          449.6781783229896
        ], 
        [
          247.7739696370487, 
          545.9980177570167
        ], 
        [
          417.92659276154427, 
          493.8505913828069
        ], 
        [
          366.1781796591251, 
          361.4342383771369
        ], 
        [
          231.18919520649305, 
          387.04864871141456
        ]
      ], 
      "projected_cuboid_centroid": [
        319.1429962716664, 
        469.19350587865995
      ], 
      "quaternion_xyzw": [
        -0.16149153130245716, 
        0.454162838231037, 
        0.862394314226336, 
        0.1547020479313717
      ], 
      "visibility": 0.20816443541493762
    }, 
    {
      "bounding_box": {
        "bottom_right": [
          417, 
          491
        ], 
        "top_left": [
          268, 
          327
        ]
      }, 
      "class": "035_power_drill", 
      "cuboid": [
        [
          2.0223261055318424, 
          9.204570891450336, 
          58.19757046969738
        ], 
        [
          -15.098969343509633, 
          13.019601896299488, 
          52.52338950945645
        ], 
        [
          -21.997696009643036, 
          1.927363794782435, 
          65.88178630001754
        ], 
        [
          -4.87640056060156, 
          -1.8876672100667167, 
          71.55596726025846
        ], 
        [
          1.8234686006774679, 
          13.652010504718012, 
          61.787837220643084
        ], 
        [
          -15.297826848364007, 
          17.467041509567167, 
          56.113656260402166
        ], 
        [
          -22.19655351449741, 
          6.374803408050111, 
          69.47205305096324
        ], 
        [
          -5.075258065455935, 
          2.559772403200959, 
          75.14623401120417
        ]
      ], 
      "cuboid_centroid": [
        -10.087113704482784, 
        7.789687149750224, 
        63.83481176033031
      ], 
      "location": [
        -10.087113704482784, 
        7.789687149750224, 
        63.83481176033031
      ], 
      "pose_transform_permuted": [
        [
          0.03477016019470019, 
          -0.777633149539999, 
          -0.6277567958197295, 
          0.0
        ], 
        [
          0.9286831511747735, 
          -0.20693264863968713, 
          0.3077755576484404, 
          0.0
        ], 
        [
          0.3692397001153427, 
          0.5936884976641189, 
          -0.7149798308697264, 
          0.0
        ], 
        [
          -10.087113704482784, 
          7.789687149750224, 
          63.83481176033031, 
          1.0
        ]
      ], 
      "projected_cuboid": [
        [
          500.2840040308651, 
          357.6367586431995
        ], 
        [
          327.0053244527714, 
          405.4868533312005
        ], 
        [
          302.0395608216632, 
          288.8887387319066
        ], 
        [
          444.94949297452206, 
          259.21741239786223
        ], 
        [
          497.46743851017516, 
          391.1233951904749
        ], 
        [
          334.99067454195347, 
          439.2980923504053
        ], 
        [
          309.77966518716414, 
          322.224310036124
        ], 
        [
          445.2773359281435, 
          291.4534730121993
        ]
      ], 
      "projected_cuboid_centroid": [
        396.6201318455876, 
        338.3669007047751
      ], 
      "quaternion_xyzw": [
        0.8874300598721317, 
        -0.16231486142075507, 
        0.09649935621194118, 
        0.42048749752312675
      ], 
      "visibility": 0.8569690085997079
    }, 
    {
      "bounding_box": {
        "bottom_right": [
          340, 
          318
        ], 
        "top_left": [
          276, 
          244
        ]
      }, 
      "class": "061_foam_brick", 
      "cuboid": [
        [
          -29.411747249718868, 
          1.4064527856138769, 
          66.5003726742635
        ], 
        [
          -22.229652201180116, 
          0.16424288505599918, 
          69.2422735543601
        ], 
        [
          -20.275545114276127, 
          2.823097862998193, 
          65.32830024725713
        ], 
        [
          -27.45764016281488, 
          4.0653077635560715, 
          62.586399367160524
        ], 
        [
          -29.731903427238827, 
          5.818991396875658, 
          69.33807235309155
        ], 
        [
          -22.549808378700074, 
          4.57678149631778, 
          72.07997323318816
        ], 
        [
          -20.595701291796086, 
          7.235636474259975, 
          68.16599992608519
        ], 
        [
          -27.777796340334838, 
          8.477846374817851, 
          65.42409904598858
        ]
      ], 
      "cuboid_centroid": [
        -25.003724270757477, 
        4.321044629936925, 
        67.33318630017435
      ], 
      "location": [
        -25.003724270757477, 
        4.321044629936925, 
        67.33318630017435
      ], 
      "pose_transform_permuted": [
        [
          0.06091251426255062, 
          -0.83952408219824, 
          -0.5398971948578892, 
          0.0
        ], 
        [
          -0.9222712666282461, 
          0.15951536294952728, 
          -0.3520945323844315, 
          0.0
        ], 
        [
          -0.38171373614024606, 
          -0.5193786329762553, 
          0.7645524568331273, 
          0.0
        ], 
        [
          -25.003724270757477, 
          4.321044629936925, 
          67.33318630017435, 
          1.0
        ]
      ], 
      "projected_cuboid": [
        [
          243.75510316329854, 
          284.56600579806883
        ], 
        [
          308.9524335499449, 
          274.55157366701434
        ], 
        [
          314.6945389123808, 
          296.33341613144137
        ], 
        [
          245.67151589120223, 
          307.9283813187237
        ], 
        [
          251.0058902266548, 
          318.0437970303283
        ], 
        [
          313.3606643006595, 
          307.1501354606549
        ], 
        [
          319.11684305669496, 
          329.89696887975134
        ], 
        [
          253.27295636169012, 
          342.3956516068079
        ]
      ], 
      "projected_cuboid_centroid": [
        281.9020306909923, 
        307.5118263946157
      ], 
      "quaternion_xyzw": [
        0.15672212292253768, 
        0.8633578479492716, 
        -0.4644877390185078, 
        0.11959323924256758
      ], 
      "visibility": 0.9442741710782948
    }
  ]
}