{
  "camera_data": {
    "location_worldframe": [
      -18.5405522371613, 
      -4.531286547411933, 
      95.58649645427249
    ], 
    "quaternion_xyzw_worldframe": [
      0.9551981794809826, 
      -0.002771555392902616, 
      0.06353636834330735, 
      -0.289054865633022
    ]
  }, 
  "objects": [
    {
      "bounding_box": {
        "bottom_right": [
          365, 
          336
        ], 
        "top_left": [
          237, 
          198
        ]
      }, 
      "class": "003_cracker_box", 
      "cuboid": [
        [
          -21.269977126399866, 
          6.117048828477858, 
          71.98741076828958
        ], 
        [
          -37.4680817923066, 
          7.559223879066948, 
          69.83807318592959
        ], 
        [
          -40.829183256681304, 
          -5.281799918092437, 
          86.55227828020074
        ], 
        [
          -24.63107859077456, 
          -6.723974968681526, 
          88.70161586256073
        ], 
        [
          -21.34164895357259, 
          11.81740340752458, 
          76.35241000738155
        ], 
        [
          -37.539753619479335, 
          13.259578458113669, 
          74.20307242502156
        ], 
        [
          -40.900855083854026, 
          0.4185546609542831, 
          90.91727751929271
        ], 
        [
          -24.70275041794729, 
          -1.0236203896348057, 
          93.0666151016527
        ]
      ], 
      "cuboid_centroid": [
        -31.085416105126946, 
        3.267801744716071, 
        81.45234414379115
      ], 
      "location": [
        -31.085416105126946, 
        3.267801744716071, 
        81.45234414379115
      ], 
      "pose_transform_permuted": [
        [
          0.009982148869955312, 
          -0.793921269544894, 
          -0.6079386272216645, 
          0.0
        ], 
        [
          0.9874725049279501, 
          -0.08791820025383702, 
          0.13102840178925285, 
          0.0
        ], 
        [
          0.15747510506507914, 
          0.6016306240778888, 
          -0.7830978121897624, 
          0.0
        ], 
        [
          -31.085416105126946, 
          3.267801744716071, 
          81.45234414379115, 
          1.0
        ]
      ], 
      "projected_cuboid": [
        [
          322.7050039972086, 
          318.6047664970025
        ], 
        [
          193.0870159736626, 
          331.01267423305205
        ], 
        [
          227.918413042525, 
          240.74103615661707
        ], 
        [
          332.268247327233, 
          232.8585537482412
        ], 
        [
          331.2839239488492, 
          355.83079112101495
        ], 
        [
          209.53921387823226, 
          368.5870777731233
        ], 
        [
          239.6737651617598, 
          275.74177425120934
        ], 
        [
          338.8579106886811, 
          267.4206665416151
        ]
      ], 
      "projected_cuboid_centroid": [
        276.3651824529283, 
        294.6828855353044
      ], 
      "quaternion_xyzw": [
        0.8940136682718424, 
        -0.06862123981652021, 
        0.039431877739572525, 
        0.4409941194699757
      ], 
      "visibility": 0.6302010611561016
    }, 
    {
      "bounding_box": {
        "bottom_right": [
          383, 
          373
        ], 
        "top_left": [
          292, 
          311
        ]
      }, 
      "class": "006_mustard_bottle", 
      "cuboid": [
        [
          -16.47759982413302, 
          14.644531968786648, 
          80.72527488146565
        ], 
        [
          -25.660347748915285, 
          13.19833342011465, 
          78.31867601212087
        ], 
        [
          -28.051568856186282, 
          2.4032384815519463, 
          93.92984901314647
        ], 
        [
          -18.868820931404017, 
          3.849437030223943, 
          96.33644788249126
        ], 
        [
          -18.017303724838936, 
          19.37270011762246, 
          83.75895156820432
        ], 
        [
          -27.200051649621205, 
          17.926501568950464, 
          81.35235269885953
        ], 
        [
          -29.591272756892195, 
          7.131406630387757, 
          96.96352569988514
        ], 
        [
          -20.408524832109933, 
          8.577605179059756, 
          99.37012456922993
        ]
      ], 
      "cuboid_centroid": [
        -23.03443629051261, 
        10.887969299587203, 
        88.8444002906754
      ], 
      "location": [
        -23.03443629051261, 
        10.887969299587203, 
        88.8444002906754
      ], 
      "pose_transform_permuted": [
        [
          0.2643313809639917, 
          -0.8117166006001063, 
          -0.5208117922129358, 
          0.0
        ], 
        [
          0.9562971851964456, 
          0.15060803287410382, 
          0.25062473058204293, 
          0.0
        ], 
        [
          0.12499783461618184, 
          0.5642989214562498, 
          -0.8160528589402647, 
          0.0
        ], 
        [
          -23.03443629051261, 
          10.887969299587203, 
          88.8444002906754, 
          1.0
        ]
      ], 
      "projected_cuboid": [
        [
          371.8289661338222, 
          370.03709964626785
        ], 
        [
          305.4039513563109, 
          363.16203175357174
        ], 
        [
          320.99716893320317, 
          286.9317653368285
        ], 
        [
          376.26857528217806, 
          294.5970616464429
        ], 
        [
          365.91919276953297, 
          396.63861149941454
        ], 
        [
          301.796380185774, 
          390.80685580014256
        ], 
        [
          317.48255681048806, 
          312.51075950277425
        ], 
        [
          371.15169772995233, 
          319.32255573358907
        ]
      ], 
      "projected_cuboid_centroid": [
        342.17251373007593, 
        338.6453814137491
      ], 
      "quaternion_xyzw": [
        0.871981636685319, 
        0.007342527978936152, 
        0.14763960898980263, 
        0.466686851837856
      ], 
      "visibility": 0.6614246068455134
    }, 
    {
      "bounding_box": {
        "bottom_right": [
          274, 
          322
        ], 
        "top_left": [
          223, 
          237
        ]
      }, 
      "class": "008_pudding_box", 
      "cuboid": [
        [
          -24.32667600216768, 
          -2.977101824011483, 
          79.31456400603572
        ], 
        [
          -35.519862343890665, 
          -2.4149858619378057, 
          77.42539070871058
        ], 
        [
          -36.97925922271216, 
          -7.787358718907261, 
          84.47370123944023
        ], 
        [
          -25.78607288098918, 
          -8.34947468098094, 
          86.36287453676536
        ], 
        [
          -24.559855859234776, 
          0.10003549453780694, 
          81.61174040897956
        ], 
        [
          -35.75304220095776, 
          0.6621514566114838, 
          79.72256711165441
        ], 
        [
          -37.21243907977926, 
          -4.710221400357972, 
          86.77087764238406
        ], 
        [
          -26.019252738056274, 
          -5.272337362431649, 
          88.6600509397092
        ]
      ], 
      "cuboid_centroid": [
        -30.76955754097347, 
        -3.8436616121847273, 
        83.0427208242099
      ], 
      "location": [
        -30.76955754097347, 
        -3.8436616121847273, 
        83.0427208242099
      ], 
      "pose_transform_permuted": [
        [
          0.06061185201525786, 
          -0.7998589334792621, 
          -0.5971189704782602, 
          0.0
        ], 
        [
          0.9848475224941331, 
          -0.04945852733096295, 
          0.16622144799801014, 
          0.0
        ], 
        [
          0.16248559715811411, 
          0.5981465525167092, 
          -0.7847412600102637, 
          0.0
        ], 
        [
          -30.76955754097347, 
          -3.8436616121847273, 
          83.0427208242099, 
          1.0
        ]
      ], 
      "projected_cuboid": [
        [
          316.65874798533025, 
          253.2681879629061
        ], 
        [
          234.89112790993565, 
          256.6516945345558
        ], 
        [
          246.1851630967599, 
          224.1215215913079
        ], 
        [
          321.03244882073506, 
          221.7257442903553
        ], 
        [
          319.7648780732334, 
          273.94025383140814
        ], 
        [
          240.4269673310928, 
          277.7161286435325
        ], 
        [
          250.97233305439613, 
          244.33611841513965
        ], 
        [
          323.7783249789091, 
          241.57168180137492
        ]
      ], 
      "projected_cuboid_centroid": [
        282.34106296628823, 
        248.60165303889292
      ], 
      "quaternion_xyzw": [
        0.8916435730561152, 
        -0.059425125379033744, 
        0.06359976869339033, 
        0.44429193496519487
      ], 
      "visibility": 0.4467704876180751
    }, 
    {
      "bounding_box": {
        "bottom_right": [
          430, 
          311
        ], 
        "top_left": [
          280, 
          178
        ]
      }, 
      "class": "019_pitcher_base", 
      "cuboid": [
        [
          -44.484160126886465, 
          24.1650528425777, 
          78.47162248331811
        ], 
        [
          -26.050695425032327, 
          24.816464383902538, 
          82.41504941852257
        ], 
        [
          -29.706217955304666, 
          10.76482198391139, 
          101.82389071826967
        ], 
        [
          -48.13968265715881, 
          10.113410442586549, 
          97.88046378306521
        ], 
        [
          -42.502798513902526, 
          13.329104125714755, 
          70.99977178509992
        ], 
        [
          -24.06933381204838, 
          13.980515667039594, 
          74.94319872030437
        ], 
        [
          -27.72485634232072, 
          -0.07112673295155553, 
          94.35204002005146
        ], 
        [
          -46.15832104417486, 
          -0.722538274276395, 
          90.408613084847
        ]
      ], 
      "cuboid_centroid": [
        -36.10450823460359, 
        12.046963054813071, 
        86.41183125168479
      ], 
      "location": [
        -36.10450823460359, 
        12.046963054813071, 
        86.41183125168479
      ], 
      "pose_transform_permuted": [
        [
          -0.14885591717810642, 
          0.8140841500983635, 
          0.5613458852804355, 
          0.0
        ], 
        [
          -0.9772908971829555, 
          -0.03453602347434173, 
          -0.2090694999455935, 
          0.0
        ], 
        [
          0.15081346770092546, 
          0.579719287649457, 
          -0.8007376883144872, 
          0.0
        ], 
        [
          -36.10450823460359, 
          12.046963054813071, 
          86.41183125168479, 
          1.0
        ]
      ], 
      "projected_cuboid": [
        [
          176.74825977563472, 
          437.52037820886227
        ], 
        [
          311.61444168424305, 
          433.8774316881605
        ], 
        [
          324.7091815020841, 
          329.66908566129047
        ], 
        [
          217.11334924149193, 
          328.3913018251488
        ], 
        [
          159.6738414136873, 
          373.409004260444
        ], 
        [
          308.8846431822436, 
          372.7763237842815
        ], 
        [
          323.577908763009, 
          272.8844981361708
        ], 
        [
          207.04043855213294, 
          269.02429129813925
        ]
      ], 
      "projected_cuboid_centroid": [
        256.9090243186078, 
        347.6384088052101
      ], 
      "quaternion_xyzw": [
        -0.10134438516325242, 
        0.45722689290206053, 
        0.8829433829686998, 
        0.03292324470330896
      ], 
      "visibility": 0.21311599124594371
    }, 
    {
      "bounding_box": {
        "bottom_right": [
          289, 
          376
        ], 
        "top_left": [
          187, 
          229
        ]
      }, 
      "class": "035_power_drill", 
      "cuboid": [
        [
          -13.358814362010046, 
          -1.8963075143022672, 
          66.47082581698464
        ], 
        [
          -31.691930271462287, 
          -0.9860067448446017, 
          64.75101113202487
        ], 
        [
          -33.627081150323804, 
          -12.692175486127944, 
          79.18353499327249
        ], 
        [
          -15.293965240871565, 
          -13.60247625558561, 
          80.90334967823226
        ], 
        [
          -13.474949087853648, 
          2.5521873229017498, 
          70.06341334864872
        ], 
        [
          -31.80806499730589, 
          3.4624880923594157, 
          68.34359866368894
        ], 
        [
          -33.74321587616741, 
          -8.243680648923926, 
          82.77612252493655
        ], 
        [
          -15.410099966715169, 
          -9.153981418381592, 
          84.49593720989633
        ]
      ], 
      "cuboid_centroid": [
        -23.551015119088728, 
        -5.069994081613097, 
        74.6234741709606
      ], 
      "location": [
        -23.551015119088728, 
        -5.069994081613097, 
        74.6234741709606
      ], 
      "pose_transform_permuted": [
        [
          0.020306113288039097, 
          -0.7778176550497847, 
          -0.6281625834585379, 
          0.0
        ], 
        [
          0.9944139977209289, 
          -0.04937599433482669, 
          0.09328516792545119, 
          0.0
        ], 
        [
          0.10357484283244561, 
          0.6265478318991972, 
          -0.7724702021599921, 
          0.0
        ], 
        [
          -23.551015119088728, 
          -5.069994081613097, 
          74.6234741709606, 
          1.0
        ]
      ], 
      "projected_cuboid": [
        [
          373.52123889808877, 
          258.0717739001746
        ], 
        [
          218.39222553628449, 
          265.1653257104445
        ], 
        [
          253.22340191333626, 
          187.8017747617599
        ], 
        [
          379.9381856457556, 
          183.61822393045117
        ], 
        [
          378.1715804635316, 
          292.71367425941526
        ], 
        [
          231.31418720910747, 
          300.3060795662902
        ], 
        [
          262.3806236993803, 
          220.1731981272318
        ], 
        [
          383.5213799439963, 
          215.50864101249218
        ]
      ], 
      "projected_cuboid_centroid": [
        311.87985002286285, 
        237.0522677290019
      ], 
      "quaternion_xyzw": [
        0.9012663886275056, 
        -0.0424266451898294, 
        0.031508797689236166, 
        0.4300304207423718
      ], 
      "visibility": 0.7390042938377626
    }, 
    {
      "bounding_box": {
        "bottom_right": [
          224, 
          269
        ], 
        "top_left": [
          181, 
          205
        ]
      }, 
      "class": "061_foam_brick", 
      "cuboid": [
        [
          -40.54355415187384, 
          -14.365558043758478, 
          81.41565114438554
        ], 
        [
          -32.831153768642956, 
          -14.384800333748949, 
          82.49366098783752
        ], 
        [
          -32.23420563530318, 
          -11.549059737735256, 
          78.27353545087146
        ], 
        [
          -39.946606018534055, 
          -11.529817447744787, 
          77.19552560741948
        ], 
        [
          -40.93588184525932, 
          -9.989629522387911, 
          84.30058875167612
        ], 
        [
          -33.22348146202844, 
          -10.00887181237838, 
          85.37859859512808
        ], 
        [
          -32.62653332868866, 
          -7.173131216364689, 
          81.15847305816204
        ], 
        [
          -40.33893371191954, 
          -7.1538889263742185, 
          80.08046321471006
        ]
      ], 
      "cuboid_centroid": [
        -36.58504374028125, 
        -10.769344630061584, 
        81.28706210127379
      ], 
      "location": [
        -36.58504374028125, 
        -10.769344630061584, 
        81.28706210127379
      ], 
      "pose_transform_permuted": [
        [
          0.07464377668441768, 
          -0.8325586922441047, 
          -0.5488846240978819, 
          0.0
        ], 
        [
          -0.9903691363195891, 
          0.002470951866050508, 
          -0.13843001200053004, 
          0.0
        ], 
        [
          -0.11660737724465811, 
          -0.5539313300091103, 
          0.8243559917938731, 
          0.0
        ], 
        [
          -36.58504374028125, 
          -10.769344630061584, 
          81.28706210127379, 
          1.0
        ]
      ], 
      "projected_cuboid": [
        [
          213.80010044095206, 
          179.18382775031412
        ], 
        [
          267.57561643230633, 
          180.2891412587196
        ], 
        [
          260.1378513190179, 
          194.59659904014978
        ], 
        [
          203.31866912479413, 
          193.6306591350111
        ], 
        [
          220.46194987330722, 
          210.0881056595951
        ], 
        [
          272.33628043447743, 
          210.76586616408764
        ], 
        [
          265.4104530949347, 
          226.14948369503986
        ], 
        [
          210.70918712314736, 
          225.6430940363492
        ]
      ], 
      "projected_cuboid_centroid": [
        239.56445522949136, 
        202.6295079367875
      ], 
      "quaternion_xyzw": [
        0.033853204313559516, 
        0.8793726585507678, 
        -0.47105020491785077, 
        0.06057550988567794
      ], 
      "visibility": 0.8711656441717791
    }
  ]
}