{
  "camera_data": {
    "location_worldframe": [
      -13.881742492161678, 
      2.2712294713776267, 
      84.15103207594898
    ], 
    "quaternion_xyzw_worldframe": [
      0.9128294827310272, 
      0.018405233945026474, 
      0.04914413435771202, 
      -0.40495653745952254
    ]
  }, 
  "objects": [
    {
      "bounding_box": {
        "bottom_right": [
          454, 
          346
        ], 
        "top_left": [
          287, 
          194
        ]
      }, 
      "class": "003_cracker_box", 
      "cuboid": [
        [
          -17.65964762754692, 
          18.097863090792053, 
          63.82865930388972
        ], 
        [
          -33.94975794738295, 
          18.97775473947766, 
          62.11512140197417
        ], 
        [
          -36.23080957060338, 
          2.298366025898989, 
          75.23565274715769
        ], 
        [
          -19.940699250767345, 
          1.4184743772133857, 
          76.94919064907324
        ], 
        [
          -18.009018092805334, 
          22.561217496232594, 
          69.44192976453762
        ], 
        [
          -34.299128412641366, 
          23.441109144918197, 
          67.72839186262208
        ], 
        [
          -36.580180035861794, 
          6.761720431339527, 
          80.84892320780558
        ], 
        [
          -20.290069716025762, 
          5.881828782653923, 
          82.56246110972114
        ]
      ], 
      "cuboid_centroid": [
        -27.119913831704356, 
        12.429791761065792, 
        72.33879125584765
      ], 
      "location": [
        -27.119913831704356, 
        12.429791761065792, 
        72.33879125584765
      ], 
      "pose_transform_permuted": [
        [
          0.04865884033582957, 
          -0.6216371186840698, 
          -0.781792561957032, 
          0.0
        ], 
        [
          0.9930813743251407, 
          -0.05364015286439805, 
          0.10446108351521882, 
          0.0
        ], 
        [
          0.10687235950264107, 
          0.781466587049537, 
          -0.6147261765204783, 
          0.0
        ], 
        [
          -27.119913831704356, 
          12.429791761065792, 
          72.33879125584765, 
          1.0
        ]
      ], 
      "projected_cuboid": [
        [
          332.8124453125292, 
          424.50301197811655
        ], 
        [
          187.67575290238815, 
          436.2292807265339
        ], 
        [
          222.62907968920388, 
          289.5788617155904
        ], 
        [
          342.2403006059756, 
          283.1177026397409
        ], 
        [
          342.13375119847007, 
          446.55849559729273
        ], 
        [
          209.26169251649702, 
          457.87090820529806
        ], 
        [
          238.28517565105156, 
          317.8901984741412
        ], 
        [
          349.4393152553745, 
          311.2807357377288
        ]
      ], 
      "projected_cuboid_centroid": [
        279.9885880623118, 
        364.92549469927883
      ], 
      "quaternion_xyzw": [
        0.9429131088456282, 
        -0.04255760972597686, 
        0.04059757002384535, 
        0.32780414324660834
      ], 
      "visibility": 0.43780162114042076
    }, 
    {
      "bounding_box": {
        "bottom_right": [
          457, 
          387
        ], 
        "top_left": [
          334, 
          319
        ]
      }, 
      "class": "006_mustard_bottle", 
      "cuboid": [
        [
          -13.25550450375017, 
          24.555579970101945, 
          74.36131850727241
        ], 
        [
          -22.370881826430157, 
          23.14857433816196, 
          71.68993324358124
        ], 
        [
          -23.828715219484486, 
          8.778337117196816, 
          84.23312819525424
        ], 
        [
          -14.713337896804504, 
          10.185342749136804, 
          86.9045134589454
        ], 
        [
          -15.032411393966827, 
          28.304624286918852, 
          78.44992768390198
        ], 
        [
          -24.147788716646808, 
          26.89761865497886, 
          75.77854242021081
        ], 
        [
          -25.605622109701144, 
          12.527381434013721, 
          88.3217373718838
        ], 
        [
          -16.490244787021158, 
          13.934387065953707, 
          90.99312263557498
        ]
      ], 
      "cuboid_centroid": [
        -19.430563306725656, 
        18.541480702057832, 
        81.3415279395781
      ], 
      "location": [
        -19.430563306725656, 
        18.541480702057832, 
        81.3415279395781
      ], 
      "pose_transform_permuted": [
        [
          0.30505362227117694, 
          -0.6436237909802478, 
          -0.7019191867897768, 
          0.0
        ], 
        [
          0.949281168021289, 
          0.14652645770102202, 
          0.2781997534037394, 
          0.0
        ], 
        [
          0.0762062599769035, 
          0.7511846270006738, 
          -0.6556784746338646, 
          0.0
        ], 
        [
          -19.430563306725656, 
          18.541480702057832, 
          81.3415279395781, 
          1.0
        ]
      ], 
      "projected_cuboid": [
        [
          385.7362976272713, 
          449.39922582867564
        ], 
        [
          313.78752110859705, 
          445.4946494758084
        ], 
        [
          329.46897044840654, 
          328.86632223718567
        ], 
        [
          390.55112237532245, 
          335.7924140656624
        ], 
        [
          378.55185048617966, 
          465.7074983593634
        ], 
        [
          310.2317793096618, 
          462.5885001361441
        ], 
        [
          325.6922756239486, 
          348.93153822053824
        ], 
        [
          384.1406896039105, 
          354.9573421753161
        ]
      ], 
      "projected_cuboid_centroid": [
        353.13798974898566, 
        394.85463499016976
      ], 
      "quaternion_xyzw": [
        0.9222777485405006, 
        0.01906155652009382, 
        0.1581013356870833, 
        0.3521992880317917
      ], 
      "visibility": 0.32946298984034833
    }, 
    {
      "bounding_box": {
        "bottom_right": [
          346, 
          330
        ], 
        "top_left": [
          277, 
          233
        ]
      }, 
      "class": "008_pudding_box", 
      "cuboid": [
        [
          -20.026056778074746, 
          7.3294144960628635, 
          68.74538524958324
        ], 
        [
          -31.262847677057387, 
          7.614075854978489, 
          67.06435318981771
        ], 
        [
          -32.26931743660473, 
          0.6190406865642019, 
          72.60758440613681
        ], 
        [
          -21.03252653762209, 
          0.33437932764857764, 
          74.28861646590232
        ], 
        [
          -20.409741427634316, 
          9.740622687513072, 
          71.71843545036496
        ], 
        [
          -31.64653232661696, 
          10.025284046428697, 
          70.03740339059945
        ], 
        [
          -32.6530020861643, 
          3.03024887801441, 
          75.58063460691854
        ], 
        [
          -21.41621118718166, 
          2.7455875190987857, 
          77.26166666668406
        ]
      ], 
      "cuboid_centroid": [
        -26.339529432119523, 
        5.179831687038637, 
        72.16300992825089
      ], 
      "location": [
        -26.339529432119523, 
        5.179831687038637, 
        72.16300992825089
      ], 
      "pose_transform_permuted": [
        [
          0.09973347394641645, 
          -0.6267599436605809, 
          -0.7728029387712535, 
          0.0
        ], 
        [
          0.9886841279856863, 
          -0.0250463117041891, 
          0.14790786186790528, 
          0.0
        ], 
        [
          0.1120578248966066, 
          0.7788097144620675, 
          -0.61716949476858, 
          0.0
        ], 
        [
          -26.339529432119523, 
          5.179831687038637, 
          72.16300992825089, 
          1.0
        ]
      ], 
      "projected_cuboid": [
        [
          324.94229562090453, 
          330.14737699975313
        ], 
        [
          230.91196179669092, 
          333.8363765777635
        ], 
        [
          242.5961721656826, 
          277.83353570384537
        ], 
        [
          329.3458021662241, 
          275.6870544013963
        ], 
        [
          328.55936709508364, 
          345.72070081432565
        ], 
        [
          238.60738715234115, 
          349.62689399085474
        ], 
        [
          249.2675883099744, 
          294.6688811826068
        ], 
        [
          332.5339143523644, 
          292.23869956970026
        ]
      ], 
      "projected_cuboid_centroid": [
        285.3129730085325, 
        311.56800211347183
      ], 
      "quaternion_xyzw": [
        0.9407838196444239, 
        -0.03643348602992961, 
        0.0658071840319064, 
        0.33055666255487715
      ], 
      "visibility": 0.8319313871020947
    }, 
    {
      "bounding_box": {
        "bottom_right": [
          496, 
          320
        ], 
        "top_left": [
          320, 
          176
        ]
      }, 
      "class": "019_pitcher_base", 
      "cuboid": [
        [
          -41.82968716644706, 
          32.529245627434165, 
          74.5159613674193
        ], 
        [
          -23.40761341345277, 
          33.38709683291176, 
          78.47308960042727
        ], 
        [
          -25.862441963544224, 
          14.866917552156048, 
          93.91625624149049
        ], 
        [
          -44.284515716538515, 
          14.009066346678456, 
          89.95912800848251
        ], 
        [
          -39.31029779121247, 
          23.9635729917496, 
          64.64407903593896
        ], 
        [
          -20.88822403821818, 
          24.821424197227195, 
          68.60120726894694
        ], 
        [
          -23.343052588309636, 
          6.301244916471482, 
          84.04437391001017
        ], 
        [
          -41.765126341303926, 
          5.443393710993891, 
          80.08724567700219
        ]
      ], 
      "cuboid_centroid": [
        -32.586369877378345, 
        19.415245271952823, 
        79.28016763871473
      ], 
      "location": [
        -32.586369877378345, 
        19.415245271952823, 
        79.28016763871473
      ], 
      "pose_transform_permuted": [
        [
          -0.18927691629925614, 
          0.6435226402271905, 
          0.7416556821820056, 
          0.0
        ], 
        [
          -0.9766869808378156, 
          -0.04548087881527489, 
          -0.2097959045493699, 
          0.0
        ], 
        [
          0.1012772327853621, 
          0.7640747489977896, 
          -0.6371284800284038, 
          0.0
        ], 
        [
          -32.586369877378345, 
          19.415245271952823, 
          79.28016763871473, 
          1.0
        ]
      ], 
      "projected_cuboid": [
        [
          179.72213891649318, 
          506.1022113021352
        ], 
        [
          321.1882932911624, 
          500.19225377379786
        ], 
        [
          333.5088545841007, 
          357.7108814259607
        ], 
        [
          216.86996884198854, 
          356.338803938515
        ], 
        [
          154.5808288232234, 
          470.9882138324597
        ], 
        [
          317.8545384497058, 
          466.2532820604653
        ], 
        [
          332.234855260415, 
          313.2722878415054
        ], 
        [
          201.15563355422313, 
          309.53536187896304
        ]
      ], 
      "projected_cuboid_centroid": [
        260.5609926942227, 
        403.89335711418164
      ], 
      "quaternion_xyzw": [
        -0.1069256114344623, 
        0.34313137080187095, 
        0.9330618162825028, 
        0.01494980101971984
      ], 
      "visibility": 0.20370044052863437
    }, 
    {
      "bounding_box": {
        "bottom_right": [
          403, 
          395
        ], 
        "top_left": [
          254, 
          224
        ]
      }, 
      "class": "035_power_drill", 
      "cuboid": [
        [
          -9.363636481754856, 
          12.17313083237308, 
          56.52754040113209
        ], 
        [
          -27.744371662000265, 
          12.297977595375606, 
          55.10538129950331
        ], 
        [
          -28.71075627770663, 
          -2.6412709366477216, 
          66.28401693189622
        ], 
        [
          -10.330021097461211, 
          -2.766117699650246, 
          67.706176033525
        ], 
        [
          -9.69322670667236, 
          15.607546332473026, 
          61.088838376506835
        ], 
        [
          -28.073961886917775, 
          15.73239309547555, 
          59.66667927487806
        ], 
        [
          -29.040346502624132, 
          0.7931445634522243, 
          70.84531490727096
        ], 
        [
          -10.659611322378717, 
          0.6682978004496999, 
          72.26747400889974
        ]
      ], 
      "cuboid_centroid": [
        -19.201991492189492, 
        6.483137697912652, 
        63.68642765420153
      ], 
      "location": [
        -19.201991492189492, 
        6.483137697912652, 
        63.68642765420153
      ], 
      "pose_transform_permuted": [
        [
          0.05762872730089407, 
          -0.6005062630202754, 
          -0.7975412414818559, 
          0.0
        ], 
        [
          0.99699693395893, 
          -0.006771864058081337, 
          0.07713991034752234, 
          0.0
        ], 
        [
          0.05172368510426722, 
          0.799591564482807, 
          -0.5983127420986628, 
          0.0
        ], 
        [
          -19.201991492189492, 
          6.483137697912652, 
          63.68642765420153, 
          1.0
        ]
      ], 
      "projected_cuboid": [
        [
          392.5178921213516, 
          388.1362026818475
        ], 
        [
          210.84447787711196, 
          392.30853057715507
        ], 
        [
          248.6659287521098, 
          252.03493646153436
        ], 
        [
          399.54969950067203, 
          251.4979091590169
        ], 
        [
          396.26775727083407, 
          409.54400048312806
        ], 
        [
          228.5719850130327, 
          413.9076254951206
        ], 
        [
          261.16113152562986, 
          279.25728606165006
        ], 
        [
          402.2756940091234, 
          278.218442814945
        ]
      ], 
      "projected_cuboid_centroid": [
        319.45671242909606, 
        327.577293830791
      ], 
      "quaternion_xyzw": [
        0.9479095078017196, 
        -0.015427514093092223, 
        0.03554364539526458, 
        0.31617443312154836
      ], 
      "visibility": 0.7789017341040463
    }, 
    {
      "bounding_box": {
        "bottom_right": [
          289, 
          269
        ], 
        "top_left": [
          234, 
          192
        ]
      }, 
      "class": "061_foam_brick", 
      "cuboid": [
        [
          -35.4723618901126, 
          -5.241775417188347, 
          68.05566091471195
        ], 
        [
          -27.756376029245487, 
          -5.027544954277646, 
          69.08583694977742
        ], 
        [
          -27.406567961648204, 
          -1.2258987974786197, 
          65.67521352232752
        ], 
        [
          -35.122553822515314, 
          -1.4401292603893203, 
          64.64503748726207
        ], 
        [
          -36.08503278985828, 
          -1.724679630998353, 
          71.9131481850047
        ], 
        [
          -28.369046928991164, 
          -1.5104491680876524, 
          72.94332422007015
        ], 
        [
          -28.01923886139388, 
          2.291196988711374, 
          69.53270079262026
        ], 
        [
          -35.735224722260995, 
          2.0769665258006733, 
          68.50252475755481
        ]
      ], 
      "cuboid_centroid": [
        -31.74580037575324, 
        -1.4752892142384864, 
        68.7941808536661
      ], 
      "location": [
        -31.74580037575324, 
        -1.4752892142384864, 
        68.7941808536661
      ], 
      "pose_transform_permuted": [
        [
          0.11656599978203419, 
          -0.669158249260083, 
          -0.733920707666704, 
          0.0
        ], 
        [
          -0.9908295567092783, 
          -0.02750988382132402, 
          -0.13228754984288066, 
          0.0
        ], 
        [
          -0.0683312318497929, 
          -0.7426105599433113, 
          0.6662284885942449, 
          0.0
        ], 
        [
          -31.74580037575324, 
          -1.4752892142384864, 
          68.7941808536661, 
          1.0
        ]
      ], 
      "projected_cuboid": [
        [
          201.30062357833228, 
          232.2092573702743
        ], 
        [
          265.5414931266254, 
          234.47557038269673
        ], 
        [
          257.18567686444084, 
          263.331551912619
        ], 
        [
          189.42235013770235, 
          261.4055156057465
        ], 
        [
          211.75445051892234, 
          260.49603380907587
        ], 
        [
          272.45040870940755, 
          262.2430034381595
        ], 
        [
          264.8970373914458, 
          290.8601430485956
        ], 
        [
          201.06553989300218, 
          289.45655398771794
        ]
      ], 
      "projected_cuboid_centroid": [
        233.44019089549457, 
        261.84951497990875
      ], 
      "quaternion_xyzw": [
        0.010961193070495956, 
        0.9310425372021535, 
        -0.3585729664584543, 
        0.06682120839847361
      ], 
      "visibility": 0.9244689221085759
    }
  ]
}