{
  "camera_data": {
    "location_worldframe": [
      -20.31289156695823, 
      -4.8473138561039795, 
      97.89327788469993
    ], 
    "quaternion_xyzw_worldframe": [
      0.9570462358594871, 
      0.0028232040172056407, 
      0.023970237105055206, 
      -0.28893279398502253
    ]
  }, 
  "objects": [
    {
      "bounding_box": {
        "bottom_right": [
          353, 
          328
        ], 
        "top_left": [
          235, 
          184
        ]
      }, 
      "class": "003_cracker_box", 
      "cuboid": [
        [
          -25.1023250198672, 
          5.6326529943564445, 
          74.54834939508724
        ], 
        [
          -41.452911503068535, 
          6.52543156513791, 
          73.5791312740931
        ], 
        [
          -43.160112946405235, 
          -6.37050507222146, 
          90.50053277111682
        ], 
        [
          -26.8095264632039, 
          -7.263283643002925, 
          91.46975089211097
        ], 
        [
          -25.048839285376452, 
          11.340531904798924, 
          78.90376615526928
        ], 
        [
          -41.399425768577785, 
          12.23331047558039, 
          77.93454803427514
        ], 
        [
          -43.106627211914486, 
          -0.6626261617789793, 
          94.85594953129886
        ], 
        [
          -26.75604072871315, 
          -1.5554047325604454, 
          95.825167652293
        ]
      ], 
      "cuboid_centroid": [
        -34.10447611589084, 
        2.4850134162887323, 
        84.70214946319305
      ], 
      "location": [
        -34.10447611589084, 
        2.4850134162887323, 
        84.70214946319305
      ], 
      "pose_transform_permuted": [
        [
          -0.007449266820264117, 
          -0.7949692265888568, 
          -0.6066040200992368, 
          0.0
        ], 
        [
          0.9967681358172098, 
          -0.05442576831171622, 
          0.05908569338819447, 
          0.0
        ], 
        [
          0.07998619783015604, 
          0.6042034131982326, 
          -0.7928054260890758, 
          0.0
        ], 
        [
          -34.10447611589084, 
          2.4850134162887323, 
          84.70214946319305, 
          1.0
        ]
      ], 
      "projected_cuboid": [
        [
          300.51824885940533, 
          313.58258975821474
        ], 
        [
          178.63230375439693, 
          320.5844658322976
        ], 
        [
          225.13497945938832, 
          235.74515556439025
        ], 
        [
          323.97994949472695, 
          230.93754974040348
        ], 
        [
          310.8781654000501, 
          349.9384906462135
        ], 
        [
          195.93272512412307, 
          357.0011960913457
        ], 
        [
          237.21394754472954, 
          269.56097822325
        ], 
        [
          331.4440736435834, 
          264.6298580720241
        ]
      ], 
      "projected_cuboid_centroid": [
        265.0717480995375, 
        288.93320489306683
      ], 
      "quaternion_xyzw": [
        0.8954852831167409, 
        -0.037524895348936035, 
        0.014415766384292076, 
        0.4432721236779221
      ], 
      "visibility": 0.6058617346558282
    }, 
    {
      "bounding_box": {
        "bottom_right": [
          376, 
          364
        ], 
        "top_left": [
          289, 
          298
        ]
      }, 
      "class": "006_mustard_bottle", 
      "cuboid": [
        [
          -19.97820796504841, 
          14.341979699732905, 
          82.9105591022486
        ], 
        [
          -29.257488177667394, 
          12.582060909008524, 
          81.17743694961234
        ], 
        [
          -30.146596542305392, 
          1.7600239630562773, 
          96.92715879606938
        ], 
        [
          -20.867316329686407, 
          3.5199427537806582, 
          98.66028094870566
        ], 
        [
          -21.451886804866373, 
          19.0250833362826, 
          86.0452468684518
        ], 
        [
          -30.73116701748536, 
          17.265164545558218, 
          84.31212471581551
        ], 
        [
          -31.62027538212336, 
          6.443127599605972, 
          100.06184656227258
        ], 
        [
          -22.34099516950437, 
          8.203046390330353, 
          101.79496871490885
        ]
      ], 
      "cuboid_centroid": [
        -25.799241673585882, 
        10.392553649669438, 
        91.48620283226059
      ], 
      "location": [
        -25.799241673585882, 
        10.392553649669438, 
        91.48620283226059
      ], 
      "pose_transform_permuted": [
        [
          0.25299641226335906, 
          -0.8039800710247791, 
          -0.5381530473174271, 
          0.0
        ], 
        [
          0.9663501187948614, 
          0.18327905759037422, 
          0.18048843872701367, 
          0.0
        ], 
        [
          0.04647693179896689, 
          0.5657072782885251, 
          -0.8232953115996372, 
          0.0
        ], 
        [
          -25.799241673585882, 
          10.392553649669438, 
          91.48620283226059, 
          1.0
        ]
      ], 
      "projected_cuboid": [
        [
          352.01693479319414, 
          365.5408746803074
        ], 
        [
          287.77936574466776, 
          355.94817071555957
        ], 
        [
          314.3399754068931, 
          282.9706683944941
        ], 
        [
          367.85634423757364, 
          292.31399649038275
        ], 
        [
          347.5274573822262, 
          391.2064682968737
        ], 
        [
          285.58592712675403, 
          382.49799943913837
        ], 
        [
          311.65970617646076, 
          307.6277603733471
        ], 
        [
          363.5737180857135, 
          316.2635665797437
        ]
      ], 
      "projected_cuboid_centroid": [
        329.94683737681004, 
        333.8700162430449
      ], 
      "quaternion_xyzw": [
        0.8761007996230818, 
        0.03903721062983354, 
        0.12369719648037864, 
        0.46435164290584674
      ], 
      "visibility": 0.7425670775924583
    }, 
    {
      "bounding_box": {
        "bottom_right": [
          268, 
          313
        ], 
        "top_left": [
          221, 
          227
        ]
      }, 
      "class": "008_pudding_box", 
      "cuboid": [
        [
          -27.312523769395934, 
          -3.5366039103526656, 
          82.08317763637713
        ], 
        [
          -38.62576866556072, 
          -3.3550745674448934, 
          81.01084018960806
        ], 
        [
          -39.389009070936076, 
          -8.752055145887594, 
          88.1495358282612
        ], 
        [
          -28.07576417477129, 
          -8.933584488795365, 
          89.22187327503026
        ], 
        [
          -27.48179155494721, 
          -0.462098679823273, 
          84.38945870194883
        ], 
        [
          -38.795036451112, 
          -0.280569336915501, 
          83.31712125517976
        ], 
        [
          -39.55827685648735, 
          -5.677549915358201, 
          90.45581689383289
        ], 
        [
          -28.245031960322564, 
          -5.8590792582659725, 
          91.52815434060196
        ]
      ], 
      "cuboid_centroid": [
        -33.435400312941645, 
        -4.607076912855433, 
        86.26949726510502
      ], 
      "location": [
        -33.435400312941645, 
        -4.607076912855433, 
        86.26949726510502
      ], 
      "pose_transform_permuted": [
        [
          0.04399880031589519, 
          -0.799174758904495, 
          -0.5994856005585325, 
          0.0
        ], 
        [
          0.9954110355355892, 
          -0.015972102863713047, 
          0.09435104942295082, 
          0.0
        ], 
        [
          0.08497727714942196, 
          0.6008863146583888, 
          -0.794804511787949, 
          0.0
        ], 
        [
          -33.435400312941645, 
          -4.607076912855433, 
          86.26949726510502, 
          1.0
        ]
      ], 
      "projected_cuboid": [
        [
          302.6603741278282, 
          250.30813756343252
        ], 
        [
          225.192512613981, 
          251.19903752310339
        ], 
        [
          241.30094527747866, 
          220.33512583345237
        ], 
        [
          312.3769530928436, 
          219.88645366464547
        ], 
        [
          306.4718950460823, 
          270.3661936742429
        ], 
        [
          231.19745903777783, 
          271.4905911272936
        ], 
        [
          246.42128238767344, 
          239.8122003625945
        ], 
        [
          315.64636267713297, 
          239.14664157145202
        ]
      ], 
      "projected_cuboid_centroid": [
        273.1762972177116, 
        244.80550567344582
      ], 
      "quaternion_xyzw": [
        0.8938376461573587, 
        -0.028234819949439403, 
        0.03869546397313235, 
        0.44582460739515173
      ], 
      "visibility": 0.38018558951965065
    }, 
    {
      "bounding_box": {
        "bottom_right": [
          418, 
          301
        ], 
        "top_left": [
          274, 
          169
        ]
      }, 
      "class": "019_pitcher_base", 
      "cuboid": [
        [
          -48.3785237102986, 
          22.913090976292473, 
          82.6894998387539
        ], 
        [
          -29.739992620985134, 
          24.1928993547619, 
          85.28465363979619
        ], 
        [
          -31.50463755149449, 
          10.085281099743435, 
          104.91564330270475
        ], 
        [
          -50.14316864080796, 
          8.805472721274004, 
          102.32048950166246
        ], 
        [
          -46.58114721339368, 
          12.127077250832755, 
          75.09980439460581
        ], 
        [
          -27.94261612408021, 
          13.406885629302185, 
          77.6949581956481
        ], 
        [
          -29.707261054589562, 
          -0.7007326257162827, 
          97.32594785855666
        ], 
        [
          -48.34579214390303, 
          -1.9805410041857097, 
          94.73079405751437
        ]
      ], 
      "cuboid_centroid": [
        -39.04289238244408, 
        11.106179175288094, 
        90.00772384865529
      ], 
      "location": [
        -39.04289238244408, 
        11.106179175288094, 
        90.00772384865529
      ], 
      "pose_transform_permuted": [
        [
          -0.135033466484809, 
          0.8103326294794625, 
          0.5701993361725195, 
          0.0
        ], 
        [
          -0.988162945222955, 
          -0.06785187150904107, 
          -0.13758781800218292, 
          0.0
        ], 
        [
          0.07280278510857593, 
          0.5820286463620034, 
          -0.8099027159446055, 
          0.0
        ], 
        [
          -39.04289238244408, 
          11.106179175288094, 
          90.00772384865529, 
          1.0
        ]
      ], 
      "projected_cuboid": [
        [
          166.9715200512061, 
          421.0683017176782
        ], 
        [
          294.07097572542676, 
          424.57456518123615
        ], 
        [
          320.1143775178931, 
          324.5532294200068
        ], 
        [
          218.0604894141255, 
          319.1828297623541
        ], 
        [
          148.0454029834585, 
          359.4067061581043
        ], 
        [
          288.1928397348921, 
          365.3150919763733
        ], 
        [
          317.45280526693506, 
          269.44671478850273
        ], 
        [
          207.1495920443668, 
          262.13640128814006
        ]
      ], 
      "projected_cuboid_centroid": [
        248.329725171585, 
        339.09358870019634
      ], 
      "quaternion_xyzw": [
        -0.07691975760712878, 
        0.457147395043062, 
        0.886057408941074, 
        0.0013968941373256217
      ], 
      "visibility": 0.20190197512801755
    }, 
    {
      "bounding_box": {
        "bottom_right": [
          284, 
          352
        ], 
        "top_left": [
          187, 
          212
        ]
      }, 
      "class": "035_power_drill", 
      "cuboid": [
        [
          -17.347163418527785, 
          -2.1280474060566523, 
          68.47685075497502
        ], 
        [
          -35.7769264643756, 
          -1.8369571746563258, 
          68.09129979598919
        ], 
        [
          -36.26626046692194, 
          -13.557871965034126, 
          82.6328832462017
        ], 
        [
          -17.836497421074128, 
          -13.848962196434453, 
          83.01843420518753
        ], 
        [
          -17.351913439321407, 
          2.324853521737971, 
          72.06585194310438
        ], 
        [
          -35.78167648516922, 
          2.615943753138297, 
          71.68030098411855
        ], 
        [
          -36.271010487715564, 
          -9.104971037239503, 
          86.22188443433106
        ], 
        [
          -17.841247441867754, 
          -9.39606126863983, 
          86.60743539331689
        ]
      ], 
      "cuboid_centroid": [
        -26.809086953121675, 
        -5.616509221648077, 
        77.34936759465305
      ], 
      "location": [
        -26.809086953121675, 
        -5.616509221648077, 
        77.34936759465305
      ], 
      "pose_transform_permuted": [
        [
          0.0008305393555216821, 
          -0.7785880583382093, 
          -0.627535512635606, 
          0.0
        ], 
        [
          0.9996562743609764, 
          -0.015789143653156455, 
          0.02091282640353334, 
          0.0
        ], 
        [
          0.02619056372293135, 
          0.6273370828739101, 
          -0.7783073851464967, 
          0.0
        ], 
        [
          -26.809086953121675, 
          -5.616509221648077, 
          77.34936759465305, 
          1.0
        ]
      ], 
      "projected_cuboid": [
        [
          345.36591660491905, 
          256.71262514733615
        ], 
        [
          199.04197353248313, 
          258.8987198956266
        ], 
        [
          245.58097993366854, 
          185.7828912366375
        ], 
        [
          366.0585551717407, 
          184.3192764729805
        ], 
        [
          352.1150129497218, 
          290.49149536022475
        ], 
        [
          213.15374719394092, 
          292.7498216572667
        ], 
        [
          255.37556560928124, 
          216.96836087102577
        ], 
        [
          370.81696271101123, 
          215.426569533181
        ]
      ], 
      "projected_cuboid_centroid": [
        295.2094778062705, 
        234.56101959499526
      ], 
      "quaternion_xyzw": [
        0.902015641476146, 
        -0.011634972124038818, 
        0.006026327249567444, 
        0.43150455820723105
      ], 
      "visibility": 0.6705187790478583
    }, 
    {
      "bounding_box": {
        "bottom_right": [
          221, 
          263
        ], 
        "top_left": [
          178, 
          200
        ]
      }, 
      "class": "061_foam_brick", 
      "cuboid": [
        [
          -42.942681316580774, 
          -15.45501842146812, 
          85.36192744136623
        ], 
        [
          -35.17613727516905, 
          -15.212937112841008, 
          85.87747128274992
        ], 
        [
          -34.98232664459439, 
          -12.371519099490719, 
          81.62353046717482
        ], 
        [
          -42.748870686006114, 
          -12.613600408117831, 
          81.10798662579114
        ], 
        [
          -43.271583164877306, 
          -11.08600857599841, 
          88.26522091352452
        ], 
        [
          -35.50503912346558, 
          -10.843927267371297, 
          88.7807647549082
        ], 
        [
          -35.31122849289091, 
          -8.002509254021009, 
          84.52682393933311
        ], 
        [
          -43.07777253430264, 
          -8.24459056264812, 
          84.01128009794942
        ]
      ], 
      "cuboid_centroid": [
        -39.12695490473585, 
        -11.728763837744564, 
        84.94437569034967
      ], 
      "location": [
        -39.12695490473585, 
        -11.728763837744564, 
        84.94437569034967
      ], 
      "pose_transform_permuted": [
        [
          0.06257645465576733, 
          -0.8312423536128983, 
          -0.5523769880098228, 
          0.0
        ], 
        [
          -0.9973218624911113, 
          -0.031086282432307155, 
          -0.06620230843255881, 
          0.0
        ], 
        [
          -0.03785881561770671, 
          -0.5550403522309239, 
          0.8309614416297524, 
          0.0
        ], 
        [
          -39.12695490473585, 
          -11.728763837744564, 
          84.94437569034967, 
          1.0
        ]
      ], 
      "projected_cuboid": [
        [
          211.06628876914584, 
          176.7275188789043
        ], 
        [
          261.32438721767176, 
          178.81056938757513
        ], 
        [
          251.12141555139516, 
          192.45233035073682
        ], 
        [
          198.16253429931638, 
          190.34673893326516
        ], 
        [
          217.96094855546386, 
          206.3022217174369
        ], 
        [
          266.5354783959406, 
          208.1454143817656
        ], 
        [
          256.9452103908048, 
          222.79493424223787
        ], 
        [
          205.85224042602147, 
          220.94830914881004
        ]
      ], 
      "projected_cuboid_centroid": [
        233.89298858843128, 
        199.64800229002086
      ], 
      "quaternion_xyzw": [
        0.0019218017449505306, 
        0.881013507662036, 
        -0.4716737543711661, 
        0.03654278906292511
      ], 
      "visibility": 0.834639175257732
    }
  ]
}