{
  "camera_data": {
    "location_worldframe": [
      -10.398470409191939, 
      6.070562167513851, 
      86.66333954013719
    ], 
    "quaternion_xyzw_worldframe": [
      0.9401990216989508, 
      -0.04292315372826149, 
      0.18188216982541122, 
      -0.28478754463485895
    ]
  }, 
  "objects": [
    {
      "bounding_box": {
        "bottom_right": [
          493, 
          424
        ], 
        "top_left": [
          310, 
          264
        ]
      }, 
      "class": "003_cracker_box", 
      "cuboid": [
        [
          -6.705124516363329, 
          16.765839496613452, 
          63.217147606326805
        ], 
        [
          -21.746454449747784, 
          20.521565686554794, 
          57.85701418369472
        ], 
        [
          -30.252843576725326, 
          8.47183414156727, 
          73.28422588447093
        ], 
        [
          -15.211513643340869, 
          4.7161079516259266, 
          78.644359307103
        ], 
        [
          -6.841454864563973, 
          22.45960244243338, 
          67.58920376881032
        ], 
        [
          -21.88278479794843, 
          26.215328632374725, 
          62.22907034617824
        ], 
        [
          -30.38917392492597, 
          14.165597087387196, 
          77.65628204695444
        ], 
        [
          -15.347843991541513, 
          10.409870897445854, 
          83.01641546958652
        ]
      ], 
      "cuboid_centroid": [
        -18.54714922064465, 
        15.465718292000325, 
        70.43671482664062
      ], 
      "location": [
        -18.54714922064465, 
        15.465718292000325, 
        70.43671482664062
      ], 
      "pose_transform_permuted": [
        [
          0.018987514130928418, 
          -0.793003214755982, 
          -0.6089214856562424, 
          0.0
        ], 
        [
          0.9169529431445658, 
          -0.2289574258901284, 
          0.32676566096865917, 
          0.0
        ], 
        [
          0.39854331554505595, 
          0.5645568160215977, 
          -0.7227992993341301, 
          0.0
        ], 
        [
          -18.54714922064465, 
          15.465718292000325, 
          70.43671482664062, 
          1.0
        ]
      ], 
      "projected_cuboid": [
        [
          424.5591476497597, 
          414.7283915039965
        ], 
        [
          279.4701380211248, 
          462.45206980829323
        ], 
        [
          259.5998996387287, 
          334.9395744779721
        ], 
        [
          377.5819208334808, 
          305.26839591900887
        ], 
        [
          427.16399325223904, 
          450.506347431471
        ], 
        [
          292.49293804625074, 
          497.9588344039274
        ], 
        [
          271.15428407983563, 
          370.5715242681566
        ], 
        [
          382.17675321757133, 
          340.1623236496949
        ]
      ], 
      "projected_cuboid_centroid": [
        339.9949300958847, 
        390.3869798920557
      ], 
      "quaternion_xyzw": [
        0.8789811210746232, 
        -0.1784738961935882, 
        0.09833919262022298, 
        0.4311248779259687
      ], 
      "visibility": 0.6558148656599333
    }, 
    {
      "bounding_box": {
        "bottom_right": [
          475, 
          441
        ], 
        "top_left": [
          365, 
          362
        ]
      }, 
      "class": "006_mustard_bottle", 
      "cuboid": [
        [
          -2.6135648645830996, 
          24.594597551887066, 
          72.91271885564016
        ], 
        [
          -11.224926104739968, 
          24.4721365741016, 
          68.66589313392173
        ], 
        [
          -18.272818864763156, 
          14.294844802741974, 
          83.25049718847937
        ], 
        [
          -9.661457624606287, 
          14.417305780527439, 
          87.49732291019782
        ], 
        [
          -4.040728372743042, 
          29.526224007926576, 
          75.66439492746329
        ], 
        [
          -12.65208961289991, 
          29.40376303014111, 
          71.41756920574484
        ], 
        [
          -19.699982372923095, 
          19.226471258781487, 
          86.00217326030248
        ], 
        [
          -11.08862113276623, 
          19.34893223656695, 
          90.24899898202092
        ]
      ], 
      "cuboid_centroid": [
        -11.1567736187531, 
        21.910534405334275, 
        79.45744605797132
      ], 
      "location": [
        -11.1567736187531, 
        21.910534405334275, 
        79.45744605797132
      ], 
      "pose_transform_permuted": [
        [
          0.24501081071521325, 
          -0.846645664095427, 
          -0.47239883960617424, 
          0.0
        ], 
        [
          0.8967926139459009, 
          0.01275316379278912, 
          0.4422671205793237, 
          0.0
        ], 
        [
          0.3684190186056783, 
          0.5320041002518919, 
          -0.7623903619831532, 
          0.0
        ], 
        [
          -11.1567736187531, 
          21.910534405334275, 
          79.45744605797132, 
          1.0
        ]
      ], 
      "projected_cuboid": [
        [
          462.3208555145056, 
          453.183553488488
        ], 
        [
          393.68790363255675, 
          463.35862590363587
        ], 
        [
          363.5621645503996, 
          364.8622153546819
        ], 
        [
          422.2171464141127, 
          361.1638724367238
        ], 
        [
          452.8786959986901, 
          481.40177495149567
        ], 
        [
          386.3286551873108, 
          492.86279655894725
        ], 
        [
          358.4148136988996, 
          392.51438128895313
        ], 
        [
          415.5236331711546, 
          387.6275787864237
        ]
      ], 
      "projected_cuboid_centroid": [
        406.0885836862727, 
        420.35037725440185
      ], 
      "quaternion_xyzw": [
        0.85164481355257, 
        -0.10440557176919117, 
        0.20175016637147433, 
        0.47233189249594904
      ], 
      "visibility": 0.21927587965323814
    }, 
    {
      "bounding_box": {
        "bottom_right": [
          375, 
          383
        ], 
        "top_left": [
          298, 
          286
        ]
      }, 
      "class": "008_pudding_box", 
      "cuboid": [
        [
          -12.466633991267157, 
          8.285139636770442, 
          69.59028840782156
        ], 
        [
          -22.840863630116775, 
          10.44653869298561, 
          65.48223727585099
        ], 
        [
          -26.462540455427213, 
          5.4135132225141005, 
          71.98016173589244
        ], 
        [
          -16.088310816577593, 
          3.2521141662989326, 
          76.08821286786298
        ], 
        [
          -12.716544464755735, 
          11.38635417427179, 
          71.85306977083998
        ], 
        [
          -23.090774103605355, 
          13.547753230486958, 
          67.74501863886944
        ], 
        [
          -26.712450928915793, 
          8.51472776001545, 
          74.24294309891086
        ], 
        [
          -16.338221290066173, 
          6.3533287038002815, 
          78.35099423088143
        ]
      ], 
      "cuboid_centroid": [
        -19.589542460091476, 
        8.399933698392946, 
        71.91661575336622
      ], 
      "location": [
        -19.589542460091476, 
        8.399933698392946, 
        71.91661575336622
      ], 
      "pose_transform_permuted": [
        [
          0.06496074243580074, 
          -0.8061174707749654, 
          -0.5881784595085764, 
          0.0
        ], 
        [
          0.9127905178815715, 
          -0.19017359674430293, 
          0.36145239220395586, 
          0.0
        ], 
        [
          0.40322843649595475, 
          0.5603644635323265, 
          -0.7234626519351951, 
          0.0
        ], 
        [
          -19.589542460091476, 
          8.399933698392946, 
          71.91661575336622, 
          1.0
        ]
      ], 
      "projected_cuboid": [
        [
          385.2602477286212, 
          336.7814209412897
        ], 
        [
          294.01956553173073, 
          358.36829286794654
        ], 
        [
          283.8953449866723, 
          313.396653681315
        ], 
        [
          367.89069674210566, 
          296.08134556362364
        ], 
        [
          386.42368171877064, 
          357.8001945507205
        ], 
        [
          298.3011204669857, 
          379.9406101325537
        ], 
        [
          288.11073440138995, 
          334.45155744648173
        ], 
        [
          369.4592767088398, 
          316.5323786924718
        ]
      ], 
      "projected_cuboid_centroid": [
        335.11421600504895, 
        335.57880648939124
      ], 
      "quaternion_xyzw": [
        0.8748333328300989, 
        -0.16957573830680217, 
        0.12185553483093281, 
        0.43710615076872583
      ], 
      "visibility": 0.8618168524949735
    }, 
    {
      "bounding_box": {
        "bottom_right": [
          539, 
          399
        ], 
        "top_left": [
          366, 
          242
        ]
      }, 
      "class": "019_pitcher_base", 
      "cuboid": [
        [
          -27.905204802766193, 
          38.05513249763774, 
          65.2163950772531
        ], 
        [
          -10.762552387223376, 
          36.06432326542754, 
          72.82781548771527
        ], 
        [
          -20.276837909707695, 
          22.886509671694853, 
          90.80942330211286
        ], 
        [
          -37.41949032525051, 
          24.877318903905064, 
          83.19800289165069
        ], 
        [
          -26.027223128214377, 
          26.972231052652006, 
          58.087958244178516
        ], 
        [
          -8.884570712671566, 
          24.9814218204418, 
          65.69937865464068
        ], 
        [
          -18.398856235155883, 
          11.803608226709114, 
          83.68098646903827
        ], 
        [
          -35.541508650698695, 
          13.794417458919323, 
          76.06956605857611
        ]
      ], 
      "cuboid_centroid": [
        -23.152030518961038, 
        24.92937036217343, 
        74.44869077314569
      ], 
      "location": [
        -23.152030518961038, 
        24.92937036217343, 
        74.44869077314569
      ], 
      "pose_transform_permuted": [
        [
          -0.14108917967179313, 
          0.8326372373306294, 
          0.535545856889532, 
          0.0
        ], 
        [
          -0.908855629164291, 
          0.1055471541641939, 
          -0.40353628588493246, 
          0.0
        ], 
        [
          0.3925245653555506, 
          0.5436683123490856, 
          -0.7418552633364086, 
          0.0
        ], 
        [
          -23.152030518961038, 
          24.92937036217343, 
          74.44869077314569, 
          1.0
        ]
      ], 
      "projected_cuboid": [
        [
          251.49519003615404, 
          584.4896852440439
        ], 
        [
          402.12587564736197, 
          537.3863152775378
        ], 
        [
          361.51973101961005, 
          407.6979608768683
        ], 
        [
          239.73001985570482, 
          432.756247434975
        ], 
        [
          240.64344453768067, 
          520.925109847366
        ], 
        [
          408.8748829772679, 
          476.07508400917595
        ], 
        [
          363.359423135976, 
          348.5138468960257
        ], 
        [
          230.34094287183586, 
          369.99844723059033
        ]
      ], 
      "projected_cuboid_centroid": [
        314.3633834132504, 
        451.87022121618696
      ], 
      "quaternion_xyzw": [
        -0.1575333757614978, 
        0.45542328522537057, 
        0.8643017121357144, 
        0.14406766541309834
      ], 
      "visibility": 0.2450534095925791
    }, 
    {
      "bounding_box": {
        "bottom_right": [
          397, 
          482
        ], 
        "top_left": [
          256, 
          319
        ]
      }, 
      "class": "035_power_drill", 
      "cuboid": [
        [
          0.924216160974596, 
          7.6346158850627805, 
          59.26133347851754
        ], 
        [
          -16.348728281252917, 
          11.178201098159414, 
          53.87821699044729
        ], 
        [
          -22.846392411279243, 
          0.021587051914836314, 
          67.38329990042406
        ], 
        [
          -5.573447969051728, 
          -3.5219981611817976, 
          72.76641638849432
        ], 
        [
          0.7216349077654713, 
          12.088573266674086, 
          62.8433026635447
        ], 
        [
          -16.551309534462042, 
          15.63215847977072, 
          57.46018617547445
        ], 
        [
          -23.048973664488365, 
          4.4755444335261405, 
          70.96526908545123
        ], 
        [
          -5.776029222260854, 
          0.9319592204295069, 
          76.34838557352147
        ]
      ], 
      "cuboid_centroid": [
        -11.062378751756885, 
        6.0550801592944605, 
        65.11330128198438
      ], 
      "location": [
        -11.062378751756885, 
        6.0550801592944605, 
        65.11330128198438
      ], 
      "pose_transform_permuted": [
        [
          0.03542125619891827, 
          -0.7787727788921115, 
          -0.6263059695286849, 
          0.0
        ], 
        [
          0.9369088059030423, 
          -0.19220904702857344, 
          0.2919878112121379, 
          0.0
        ], 
        [
          0.3477736792499767, 
          0.5971340834477278, 
          -0.722830894024616, 
          0.0
        ], 
        [
          -11.062378751756885, 
          6.0550801592944605, 
          65.11330128198438, 
          1.0
        ]
      ], 
      "projected_cuboid": [
        [
          489.98382261213374, 
          341.99390453047675
        ], 
        [
          318.4187328847441, 
          383.9352172302421
        ], 
        [
          299.26750385197164, 
          273.45739333500404
        ], 
        [
          440.407741369614, 
          247.4731107924056
        ], 
        [
          487.7722583660903, 
          375.8761948337065
        ], 
        [
          326.6950524550229, 
          418.3771963903186
        ], 
        [
          306.9354516047168, 
          306.92123735639257
        ], 
        [
          440.91329225665874, 
          279.79659185144595
        ]
      ], 
      "projected_cuboid_centroid": [
        390.23402765135387, 
        322.88151724132234
      ], 
      "quaternion_xyzw": [
        0.8888685024905898, 
        -0.15187362494157755, 
        0.09208591217195322, 
        0.42233571915003937
      ], 
      "visibility": 0.8586289222373806
    }, 
    {
      "bounding_box": {
        "bottom_right": [
          323, 
          314
        ], 
        "top_left": [
          262, 
          244
        ]
      }, 
      "class": "061_foam_brick", 
      "cuboid": [
        [
          -30.23975281769532, 
          -0.6081255801598937, 
          68.13296432690977
        ], 
        [
          -22.993084356733082, 
          -1.7354442339535596, 
          70.75184653679769
        ], 
        [
          -21.147630286385642, 
          0.9413358198634786, 
          66.79756036009572
        ], 
        [
          -28.394298747347886, 
          2.068654473657144, 
          64.1786781502078
        ], 
        [
          -30.576269303749783, 
          3.8070408318439006, 
          70.96467735086333
        ], 
        [
          -23.329600842787542, 
          2.679722178050235, 
          73.58355956075123
        ], 
        [
          -21.484146772440102, 
          5.356502231867273, 
          69.62927338404926
        ], 
        [
          -28.730815233402346, 
          6.483820885660939, 
          67.01039117416136
        ]
      ], 
      "cuboid_centroid": [
        -25.861949795067712, 
        2.3741883258536896, 
        68.88111885547951
      ], 
      "location": [
        -25.861949795067712, 
        2.3741883258536896, 
        68.88111885547951
      ], 
      "pose_transform_permuted": [
        [
          0.06402520612021623, 
          -0.8400240442836725, 
          -0.5387581813824888, 
          0.0
        ], 
        [
          -0.9305633043225171, 
          0.14476188294660153, 
          -0.33629738906823675, 
          0.0
        ], 
        [
          -0.3604895416369556, 
          -0.5228801031508631, 
          0.7724271409649719, 
          0.0
        ], 
        [
          -25.861949795067712, 
          2.3741883258536896, 
          68.88111885547951, 
          1.0
        ]
      ], 
      "projected_cuboid": [
        [
          242.91890304566775, 
          268.5263564139574
        ], 
        [
          306.8333840372962, 
          260.2049515526273
        ], 
        [
          311.3448238254113, 
          280.80227395094187
        ], 
        [
          243.6764291319404, 
          290.4768880075581
        ], 
        [
          249.89281784721183, 
          301.8975245362811
        ], 
        [
          311.0994748243502, 
          292.70865242579436
        ], 
        [
          315.66971518331775, 
          314.31421784530676
        ], 
        [
          251.02986355674204, 
          324.8897086465606
        ]
      ], 
      "projected_cuboid_centroid": [
        279.68940177894336, 
        291.66895030796445
      ], 
      "quaternion_xyzw": [
        0.14604346434290422, 
        0.8648990676454491, 
        -0.46608073865725386, 
        0.11571367404703876
      ], 
      "visibility": 0.928801640785233
    }
  ]
}