{
  "camera_data": {
    "location_worldframe": [
      -12.544340076302825, 
      2.098619341515827, 
      90.72220177983031
    ], 
    "quaternion_xyzw_worldframe": [
      0.9454449390704888, 
      -0.03305235156978493, 
      0.15296001873981893, 
      -0.28574076731914344
    ]
  }, 
  "objects": [
    {
      "bounding_box": {
        "bottom_right": [
          442, 
          399
        ], 
        "top_left": [
          281, 
          258
        ]
      }, 
      "class": "003_cracker_box", 
      "cuboid": [
        [
          -10.426341030249702, 
          12.843773517696281, 
          67.10421279777691
        ], 
        [
          -25.844294981297743, 
          16.04206171749124, 
          62.5068478740874
        ], 
        [
          -33.12269281474747, 
          3.7454752769298425, 
          78.36157694885343
        ], 
        [
          -17.704738863699426, 
          0.5471870771348821, 
          82.95894187254294
        ], 
        [
          -10.545775478446709, 
          18.54302783069805, 
          71.46960318390015
        ], 
        [
          -25.96372942949475, 
          21.741316030493014, 
          66.87223826021065
        ], 
        [
          -33.24212726294448, 
          9.444729589931613, 
          82.72696733497668
        ], 
        [
          -17.824173311896434, 
          6.246441390136653, 
          87.32433225866617
        ]
      ], 
      "cuboid_centroid": [
        -21.83423414659709, 
        11.144251553813946, 
        74.9155900663768
      ], 
      "location": [
        -21.83423414659709, 
        11.144251553813946, 
        74.9155900663768
      ], 
      "pose_transform_permuted": [
        [
          0.016634324659119532, 
          -0.7937680291449977, 
          -0.6079931045253728, 
          0.0
        ], 
        [
          0.9399127813360714, 
          -0.19497476558355378, 
          0.28026559593843936, 
          0.0
        ], 
        [
          0.341009182756455, 
          0.5761225188212176, 
          -0.742829442458274, 
          0.0
        ], 
        [
          -21.83423414659709, 
          11.144251553813946, 
          74.9155900663768, 
          1.0
        ]
      ], 
      "projected_cuboid": [
        [
          398.04179276976186, 
          375.3641222822126
        ], 
        [
          259.25132011826963, 
          410.1602719699471
        ], 
        [
          254.28933662602856, 
          298.7777977447992
        ], 
        [
          366.82979639120975, 
          276.80424899976737
        ], 
        [
          402.24671119557433, 
          411.65808942201454
        ], 
        [
          272.80550149298114, 
          446.6779168950045
        ], 
        [
          265.50767897849346, 
          334.1742921241748
        ], 
        [
          371.8315683937983, 
          311.435693346549
        ]
      ], 
      "projected_cuboid_centroid": [
        324.8651329272252, 
        352.6217950109591
      ], 
      "quaternion_xyzw": [
        0.88374606147392, 
        -0.15162272617263203, 
        0.083989036427044, 
        0.4346829758540932
      ], 
      "visibility": 0.6527472527472528
    }, 
    {
      "bounding_box": {
        "bottom_right": [
          437, 
          422
        ], 
        "top_left": [
          336, 
          352
        ]
      }, 
      "class": "006_mustard_bottle", 
      "cuboid": [
        [
          -6.133637536042433, 
          20.84495143131697, 
          76.56939481654878
        ], 
        [
          -14.938624590666496, 
          20.401037066518015, 
          72.76397620424953
        ], 
        [
          -20.871018455128365, 
          10.025094059141233, 
          87.70075113490158
        ], 
        [
          -12.066031400504299, 
          10.469008423940188, 
          91.5061697472008
        ], 
        [
          -7.595942511181003, 
          25.731197750486185, 
          79.38288330120024
        ], 
        [
          -16.400929565805068, 
          25.287283385687225, 
          75.577464688901
        ], 
        [
          -22.333323430266937, 
          14.911340378310445, 
          90.51423961955304
        ], 
        [
          -13.528336375642871, 
          15.355254743109404, 
          94.31965823185227
        ]
      ], 
      "cuboid_centroid": [
        -14.233480483154684, 
        17.878145904813707, 
        83.54181721805091
      ], 
      "location": [
        -14.233480483154684, 
        17.878145904813707, 
        83.54181721805091
      ], 
      "pose_transform_permuted": [
        [
          0.25104378399748045, 
          -0.8388549491133054, 
          -0.48301059452615874, 
          0.0
        ], 
        [
          0.9169569289062007, 
          0.046229523123447254, 
          0.3962987046192063, 
          0.0
        ], 
        [
          0.3101078293819268, 
          0.5423883237226821, 
          -0.7807996160637689, 
          0.0
        ], 
        [
          -14.233480483154684, 
          17.878145904813707, 
          83.54181721805091, 
          1.0
        ]
      ], 
      "projected_cuboid": [
        [
          438.5191582381048, 
          418.4753674766638
        ], 
        [
          371.1927839112826, 
          422.8148231597134
        ], 
        [
          353.62002677188406, 
          334.25042843487734
        ], 
        [
          410.6873420022282, 
          334.30239324338913
        ], 
        [
          430.139822984563, 
          446.1569489328112
        ], 
        [
          364.89786762042746, 
          451.7286634258187
        ], 
        [
          348.9101262564704, 
          361.14575072530147
        ], 
        [
          404.46518949352907, 
          360.1110474485009
        ]
      ], 
      "projected_cuboid_centroid": [
        389.9752453633599, 
        387.41818652987007
      ], 
      "quaternion_xyzw": [
        0.8576648306819863, 
        -0.07691766550828846, 
        0.18869331744136622, 
        0.4721117466974771
      ], 
      "visibility": 0.36106194690265486
    }, 
    {
      "bounding_box": {
        "bottom_right": [
          336, 
          367
        ], 
        "top_left": [
          268, 
          278
        ]
      }, 
      "class": "008_pudding_box", 
      "cuboid": [
        [
          -15.550603946683077, 
          4.183007760421297, 
          73.77255441404796
        ], 
        [
          -26.18998992068864, 
          5.958878173372168, 
          70.19175548710196
        ], 
        [
          -29.29585466561011, 
          0.8204561753237638, 
          76.87166074526517
        ], 
        [
          -18.65646869160455, 
          -0.9554142376271064, 
          80.45245967221119
        ], 
        [
          -15.796960264509588, 
          7.280550703565483, 
          76.04074810710797
        ], 
        [
          -26.436346238515146, 
          9.056421116516352, 
          72.45994918016196
        ], 
        [
          -29.54221098343662, 
          3.9179991184679492, 
          79.13985443832517
        ], 
        [
          -18.902825009431062, 
          2.142128705517079, 
          82.72065336527118
        ]
      ], 
      "cuboid_centroid": [
        -22.54640746505985, 
        4.050503439444624, 
        76.45620442618657
      ], 
      "location": [
        -22.54640746505985, 
        4.050503439444624, 
        76.45620442618657
      ], 
      "pose_transform_permuted": [
        [
          0.06403688923622354, 
          -0.805163091024349, 
          -0.5895853192247782, 
          0.0
        ], 
        [
          0.9361206538928475, 
          -0.15625234165413507, 
          0.3150613993271183, 
          0.0
        ], 
        [
          0.3457992099986017, 
          0.5720990492164844, 
          -0.7437239386922321, 
          0.0
        ], 
        [
          -22.54640746505985, 
          4.050503439444624, 
          76.45620442618657, 
          1.0
        ]
      ], 
      "projected_cuboid": [
        [
          368.2411561312328, 
          303.5265096471682
        ], 
        [
          280.9462361240455, 
          318.56231718850256
        ], 
        [
          276.65474890215353, 
          278.9786921666278
        ], 
        [
          356.8926461080367, 
          266.9530942925401
        ], 
        [
          369.88016688131916, 
          324.34942680273787
        ], 
        [
          285.39881157074444, 
          339.9435918371286
        ], 
        [
          280.85449525243524, 
          299.68974116592756
        ], 
        [
          358.710477765971, 
          287.09734751748454
        ]
      ], 
      "projected_cuboid_centroid": [
        323.0141685132688, 
        301.5407891853835
      ], 
      "quaternion_xyzw": [
        0.8800291220087706, 
        -0.14262356185064215, 
        0.10769481346765128, 
        0.44001016301058976
      ], 
      "visibility": 0.7502677232812165
    }, 
    {
      "bounding_box": {
        "bottom_right": [
          504, 
          376
        ], 
        "top_left": [
          333, 
          229
        ]
      }, 
      "class": "019_pitcher_base", 
      "cuboid": [
        [
          -32.248376098501566, 
          33.367764121834384, 
          70.144012947971
        ], 
        [
          -14.682701636327018, 
          32.01561305688511, 
          76.88095157693557
        ], 
        [
          -22.7975144672521, 
          18.563815372102997, 
          95.33937977307595
        ], 
        [
          -40.36318892942665, 
          19.915966437052273, 
          88.60244114411138
        ], 
        [
          -30.336580479687104, 
          22.336276728401966, 
          62.945162019331256
        ], 
        [
          -12.770906017512557, 
          20.98412566345269, 
          69.68210064829583
        ], 
        [
          -20.885718848437644, 
          7.532327978670583, 
          88.14052884443619
        ], 
        [
          -38.45139331061219, 
          8.88447904361986, 
          81.40359021547164
        ]
      ], 
      "cuboid_centroid": [
        -26.5670474734696, 
        20.45004605025248, 
        79.1422708962036
      ], 
      "location": [
        -26.5670474734696, 
        20.45004605025248, 
        79.1422708962036
      ], 
      "pose_transform_permuted": [
        [
          -0.1436295567809698, 
          0.8287745977449725, 
          0.5408359335261912, 
          0.0
        ], 
        [
          -0.9312830784890678, 
          0.07168727902021856, 
          -0.357173700303071, 
          0.0
        ], 
        [
          0.3347874490284159, 
          0.5549718922132127, 
          -0.7615271254698233, 
          0.0
        ], 
        [
          -26.5670474734696, 
          20.45004605025248, 
          79.1422708962036, 
          1.0
        ]
      ], 
      "projected_cuboid": [
        [
          234.36262142060312, 
          526.9886189560391
        ], 
        [
          378.89505433383016, 
          495.37735580098257
        ], 
        [
          353.0071516371786, 
          377.13078680999723
        ], 
        [
          236.61656550655616, 
          393.16557044943806
        ], 
        [
          222.42033680426184, 
          462.53656788410274
        ], 
        [
          383.03899368343195, 
          433.8908402043077
        ], 
        [
          354.16887879962593, 
          318.86305165294965
        ], 
        [
          227.58154345613414, 
          331.49363483913083
        ]
      ], 
      "projected_cuboid_centroid": [
        301.076570645721, 
        411.0941837799152
      ], 
      "quaternion_xyzw": [
        -0.14392108270927992, 
        0.45702167987517406, 
        0.8699268509806546, 
        0.11681290432362848
      ], 
      "visibility": 0.2751121635094716
    }, 
    {
      "bounding_box": {
        "bottom_right": [
          351, 
          453
        ], 
        "top_left": [
          228, 
          298
        ]
      }, 
      "class": "035_power_drill", 
      "cuboid": [
        [
          -2.684019606514271, 
          3.9785480687883874, 
          62.78005698831821
        ], 
        [
          -20.32287052011054, 
          6.884938534337542, 
          58.27302005696541
        ], 
        [
          -25.72548573163927, 
          -4.4534765364121265, 
          72.10519389510071
        ], 
        [
          -8.086634818042995, 
          -7.359867001961281, 
          76.61223082645353
        ], 
        [
          -2.8650162220294706, 
          8.43388702984407, 
          66.3614636576476
        ], 
        [
          -20.503867135625743, 
          11.340277495393225, 
          61.8544267262948
        ], 
        [
          -25.90648234715447, 
          0.0018624246435557795, 
          75.68660056443011
        ], 
        [
          -8.267631433558197, 
          -2.904528040905599, 
          80.19363749578291
        ]
      ], 
      "cuboid_centroid": [
        -14.29525097683437, 
        1.9902052467159717, 
        69.23332877637417
      ], 
      "location": [
        -14.29525097683437, 
        1.9902052467159717, 
        69.23332877637417
      ], 
      "pose_transform_permuted": [
        [
          0.03164719038776409, 
          -0.7790143475401637, 
          -0.6262076138697538, 
          0.0
        ], 
        [
          0.956756087662613, 
          -0.15764670752420284, 
          0.24446802359830389, 
          0.0
        ], 
        [
          0.28916351046874195, 
          0.6068645973552379, 
          -0.7403377416022422, 
          0.0
        ], 
        [
          -14.29525097683437, 
          1.9902052467159717, 
          69.23332877637417, 
          1.0
        ]
      ], 
      "projected_cuboid": [
        [
          458.6061825637157, 
          307.084493884333
        ], 
        [
          294.0504395637428, 
          336.2980748076093
        ], 
        [
          289.7351543033146, 
          240.34679922257214
        ], 
        [
          424.83457591887156, 
          222.052405267397
        ], 
        [
          458.38024190569377, 
          341.0661930305387
        ], 
        [
          303.33590728348946, 
          371.06437518701694
        ], 
        [
          297.5278424370631, 
          273.29966140786985
        ], 
        [
          426.15582917304994, 
          253.9702713491088
        ]
      ], 
      "projected_cuboid_centroid": [
        370.55991782230615, 
        288.61752742485777
      ], 
      "quaternion_xyzw": [
        0.8930045211094406, 
        -0.12508621385193044, 
        0.07729950057896437, 
        0.42534837540766623
      ], 
      "visibility": 0.7953986825287582
    }, 
    {
      "bounding_box": {
        "bottom_right": [
          285, 
          303
        ], 
        "top_left": [
          231, 
          238
        ]
      }, 
      "class": "061_foam_brick", 
      "cuboid": [
        [
          -33.044193620988665, 
          -5.344725861427657, 
          73.22889305798923
        ], 
        [
          -25.63868839283254, 
          -6.203805378691822, 
          75.47924188835594
        ], 
        [
          -24.092600612026907, 
          -3.4754432726846107, 
          71.43289981901994
        ], 
        [
          -31.498105840183033, 
          -2.6163637554204464, 
          69.18255098865322
        ], 
        [
          -33.39537165128566, 
          -0.9353583127401863, 
          76.06785206662595
        ], 
        [
          -25.989866423129538, 
          -1.7944378300043509, 
          78.31820089699266
        ], 
        [
          -24.443778642323906, 
          0.9339242760028603, 
          74.27185882765667
        ], 
        [
          -31.84928387048003, 
          1.7930037932670246, 
          72.02150999728994
        ]
      ], 
      "cuboid_centroid": [
        -28.743986131656285, 
        -2.2054007927123984, 
        73.75037594282294
      ], 
      "location": [
        -28.743986131656285, 
        -2.2054007927123984, 
        73.75037594282294
      ], 
      "pose_transform_permuted": [
        [
          0.06681469320649602, 
          -0.8389207597954633, 
          -0.5401367933736084, 
          0.0
        ], 
        [
          -0.9509599414426066, 
          0.11031660666796705, 
          -0.28897307152179247, 
          0.0
        ], 
        [
          -0.3020115669029843, 
          -0.5329561005162314, 
          0.7904092663799792, 
          0.0
        ], 
        [
          -28.743986131656285, 
          -2.2054007927123984, 
          73.75037594282294, 
          1.0
        ]
      ], 
      "projected_cuboid": [
        [
          238.933584982134, 
          234.36136992893725
        ], 
        [
          298.93010349633715, 
          229.45182507410752
        ], 
        [
          300.22218808971223, 
          247.33880294311066
        ], 
        [
          236.75862777961433, 
          253.11731890054625
        ], 
        [
          245.5074629370484, 
          266.7286440497211
        ], 
        [
          303.14027578425043, 
          261.067043348468
        ], 
        [
          304.61234270555497, 
          279.9927132873075
        ], 
        [
          243.78757496693407, 
          286.5637385800541
        ]
      ], 
      "projected_cuboid_centroid": [
        272.0051684096657, 
        257.3383693591281
      ], 
      "quaternion_xyzw": [
        0.11855457753158481, 
        0.8694902005388625, 
        -0.46847279738336106, 
        0.10229780752784522
      ], 
      "visibility": 0.8685810810810811
    }
  ]
}