{
  "camera_data": {
    "location_worldframe": [
      -20.336849222312285, 
      -4.891980733179037, 
      97.66616738127222
    ], 
    "quaternion_xyzw_worldframe": [
      0.9568581551861147, 
      0.0012001909372848715, 
      0.028139287617746183, 
      -0.2891921394243199
    ]
  }, 
  "objects": [
    {
      "bounding_box": {
        "bottom_right": [
          354, 
          328
        ], 
        "top_left": [
          235, 
          184
        ]
      }, 
      "class": "003_cracker_box", 
      "cuboid": [
        [
          -24.903838584071675, 
          5.6302168150623695, 
          74.29564588501101
        ], 
        [
          -41.242026636736405, 
          6.613696258472958, 
          73.21190466714187
        ], 
        [
          -43.13940118424414, 
          -6.2842721118772715, 
          90.11148835699382
        ], 
        [
          -26.80121313157941, 
          -7.2677515552878615, 
          91.19522957486296
        ], 
        [
          -24.849650585318848, 
          11.334719147286627, 
          78.65547550752859
        ], 
        [
          -41.18783863798358, 
          12.318198590697218, 
          77.57173428965945
        ], 
        [
          -43.08521318549132, 
          -0.5797697796530135, 
          94.47131797951141
        ], 
        [
          -26.747025132826586, 
          -1.5632492230636021, 
          95.55505919738054
        ]
      ], 
      "cuboid_centroid": [
        -33.994525884781496, 
        2.525223517704678, 
        84.3834819322612
      ], 
      "location": [
        -33.994525884781496, 
        2.525223517704678, 
        84.3834819322612
      ], 
      "pose_transform_permuted": [
        [
          -0.0075470752156493875, 
          -0.7944989510597552, 
          -0.6072186248960403, 
          0.0
        ], 
        [
          0.9960122999023496, 
          -0.059955095337411016, 
          0.06606727621382502, 
          0.0
        ], 
        [
          0.08889623219755277, 
          0.6042986044233685, 
          -0.7917832131291039, 
          0.0
        ], 
        [
          -33.994525884781496, 
          2.525223517704678, 
          84.3834819322612, 
          1.0
        ]
      ], 
      "projected_cuboid": [
        [
          301.3390184886105, 
          313.702161928222
        ], 
        [
          178.66166469269317, 
          321.46468261277425
        ], 
        [
          224.15134125084805, 
          236.09344036037803
        ], 
        [
          323.55450346139395, 
          230.78393945597523
        ], 
        [
          311.7011037657795, 
          350.1410436847832
        ], 
        [
          196.0634556694967, 
          357.97636215474586
        ], 
        [
          236.3408596260395, 
          270.01355964438244
        ], 
        [
          331.07036940606224, 
          264.5616056645104
        ]
      ], 
      "projected_cuboid_centroid": [
        264.95475468851043, 
        289.24642874485903
      ], 
      "quaternion_xyzw": [
        0.8954788564256778, 
        -0.04155634900446084, 
        0.016337683625429252, 
        0.4428586316712538
      ], 
      "visibility": 0.604411873565771
    }, 
    {
      "bounding_box": {
        "bottom_right": [
          377, 
          364
        ], 
        "top_left": [
          289, 
          298
        ]
      }, 
      "class": "006_mustard_bottle", 
      "cuboid": [
        [
          -19.790989217342158, 
          14.305469753839507, 
          82.7000880277154
        ], 
        [
          -29.06735561038975, 
          12.597846111476985, 
          80.90033364219848
        ], 
        [
          -30.127005787110356, 
          1.7700492813908189, 
          96.63553916655509
        ], 
        [
          -20.850639394062767, 
          3.47767292375334, 
          98.43529355207203
        ], 
        [
          -21.260959309364875, 
          18.99445952847827, 
          85.82771000088735
        ], 
        [
          -30.537325702412467, 
          17.286835886115746, 
          84.0279556153704
        ], 
        [
          -31.596975879133073, 
          6.459039056029585, 
          99.76316113972703
        ], 
        [
          -22.320609486085484, 
          8.166662698392106, 
          101.56291552524395
        ]
      ], 
      "cuboid_centroid": [
        -25.693982548237614, 
        10.382254404934544, 
        91.23162458372121
      ], 
      "location": [
        -25.693982548237614, 
        10.382254404934544, 
        91.23162458372121
      ], 
      "pose_transform_permuted": [
        [
          0.2523597064487435, 
          -0.804990584155853, 
          -0.5369400148449504, 
          0.0
        ], 
        [
          0.9660466717790965, 
          0.17783300771646748, 
          0.1874275616637501, 
          0.0
        ], 
        [
          0.05539177332367011, 
          0.5660083684061185, 
          -0.8225364905840364, 
          0.0
        ], 
        [
          -25.693982548237614, 
          10.382254404934544, 
          91.23162458372121, 
          1.0
        ]
      ], 
      "projected_cuboid": [
        [
          352.90455943334194, 
          365.5402144663776
        ], 
        [
          288.3793500028341, 
          356.3353677519296
        ], 
        [
          313.94425920555835, 
          283.0552209430599
        ], 
        [
          367.6874823073243, 
          292.12846964206034
        ], 
        [
          348.3839273233161, 
          391.3150539255806
        ], 
        [
          286.1635988571812, 
          383.0048816161676
        ], 
        [
          311.2765168481018, 
          307.815636475249
        ], 
        [
          363.4119955913049, 
          316.1707061217566
        ]
      ], 
      "projected_cuboid_centroid": [
        330.1441123881857, 
        333.9788649774896
      ], 
      "quaternion_xyzw": [
        0.8759273735633232, 
        0.03494617193395252, 
        0.12552047161267882, 
        0.46451541642060334
      ], 
      "visibility": 0.7358672119316815
    }, 
    {
      "bounding_box": {
        "bottom_right": [
          269, 
          313
        ], 
        "top_left": [
          221, 
          227
        ]
      }, 
      "class": "008_pudding_box", 
      "cuboid": [
        [
          -27.217503314978448, 
          -3.5318893649979444, 
          81.8080560831867
        ], 
        [
          -38.52173674440829, 
          -3.287347904294692, 
          80.65615477246763
        ], 
        [
          -39.36496300285922, 
          -8.684938919536766, 
          87.78538273985984
        ], 
        [
          -28.060729573429384, 
          -8.929480380240019, 
          88.93728405057891
        ], 
        [
          -27.386115287910627, 
          -0.45808108195595154, 
          84.1153139775017
        ], 
        [
          -38.69034871734047, 
          -0.21353962125269937, 
          82.96341266678263
        ], 
        [
          -39.5335749757914, 
          -5.6111306364947735, 
          90.09264063417484
        ], 
        [
          -28.229341546361564, 
          -5.855672097198025, 
          91.24454194489391
        ]
      ], 
      "cuboid_centroid": [
        -33.37553914538493, 
        -4.5715100007463585, 
        85.95034835868077
      ], 
      "location": [
        -33.37553914538493, 
        -4.5715100007463585, 
        85.95034835868077
      ], 
      "pose_transform_permuted": [
        [
          0.04382833097125223, 
          -0.7989935971244853, 
          -0.5997395135679072, 
          0.0
        ], 
        [
          0.9946181495407523, 
          -0.02151630861562357, 
          0.10135158277413141, 
          0.0
        ], 
        [
          0.0938827019106986, 
          0.6009542791643522, 
          -0.7937504049573456, 
          0.0
        ], 
        [
          -33.37553914538493, 
          -4.5715100007463585, 
          85.95034835868077, 
          1.0
        ]
      ], 
      "projected_cuboid": [
        [
          302.68322322104507, 
          250.2615957675299
        ], 
        [
          224.75859243426856, 
          251.5497341503723
        ], 
        [
          240.4514477516439, 
          220.52322067426968
        ], 
        [
          311.92637542587, 
          219.74019006714312
        ], 
        [
          306.51281043977644, 
          270.3821487550849
        ], 
        [
          230.80847797680417, 
          271.91382610596764
        ], 
        [
          245.62070112526706, 
          240.07044140451822
        ], 
        [
          315.2230174934748, 
          239.06044033769214
        ]
      ], 
      "projected_cuboid_centroid": [
        272.7769261842899, 
        244.92044226898514
      ], 
      "quaternion_xyzw": [
        0.8937717748778224, 
        -0.03227865708281543, 
        0.040608776710707145, 
        0.4455119435550415
      ], 
      "visibility": 0.37859078590785905
    }, 
    {
      "bounding_box": {
        "bottom_right": [
          419, 
          300
        ], 
        "top_left": [
          275, 
          168
        ]
      }, 
      "class": "019_pitcher_base", 
      "cuboid": [
        [
          -48.14145513724418, 
          23.032950978637086, 
          82.28512853643451
        ], 
        [
          -29.514925957156677, 
          24.20833300899266, 
          85.0124828753563
        ], 
        [
          -31.495512316251173, 
          10.0971567121077, 
          104.62030276686198
        ], 
        [
          -50.12204149633867, 
          8.921774681752126, 
          101.89294842794021
        ], 
        [
          -46.349973895557504, 
          12.242422976003557, 
          74.70045770129472
        ], 
        [
          -27.723444715470013, 
          13.417805006359131, 
          77.4278120402165
        ], 
        [
          -29.7040310745645, 
          -0.6933712905258251, 
          97.0356319317222
        ], 
        [
          -48.330560254652, 
          -1.8687533208814013, 
          94.30827759280041
        ]
      ], 
      "cuboid_centroid": [
        -38.92274310590434, 
        11.169789844055629, 
        89.66038023407835
      ], 
      "location": [
        -38.92274310590434, 
        11.169789844055629, 
        89.66038023407835
      ], 
      "pose_transform_permuted": [
        [
          -0.13459056720950147, 
          0.8106717785094529, 
          0.5698218468856129, 
          0.0
        ], 
        [
          -0.9875266374628529, 
          -0.0623154777226108, 
          -0.1445967218822727, 
          0.0
        ], 
        [
          0.08171173735699475, 
          0.5821754381346342, 
          -0.8089468160582918, 
          0.0
        ], 
        [
          -38.92274310590434, 
          11.169789844055629, 
          89.66038023407835, 
          1.0
        ]
      ], 
      "projected_cuboid": [
        [
          166.97469687478065, 
          422.57139702724726
        ], 
        [
          294.8943093214882, 
          425.15574157302757
        ], 
        [
          319.705420935238, 
          324.7584919568991
        ], 
        [
          217.0661978982175, 
          319.98414785366253
        ], 
        [
          147.92644704972142, 
          360.6906064367468
        ], 
        [
          289.04776898093877, 
          365.7078267212785
        ], 
        [
          316.9796107697979, 
          269.4756854081633
        ], 
        [
          206.0068777615159, 
          262.7186136424349
        ]
      ], 
      "projected_cuboid_centroid": [
        248.146679274729, 
        339.72689489480985
      ], 
      "quaternion_xyzw": [
        -0.07878322373432409, 
        0.4570364736703971, 
        0.8859350882659379, 
        0.0054733862252675635
      ], 
      "visibility": 0.1926709177496166
    }, 
    {
      "bounding_box": {
        "bottom_right": [
          284, 
          353
        ], 
        "top_left": [
          186, 
          212
        ]
      }, 
      "class": "035_power_drill", 
      "cuboid": [
        [
          -17.1488458915645, 
          -2.168837552155109, 
          68.27329436469668
        ], 
        [
          -35.57355230228542, 
          -1.7760325402240305, 
          67.75807898038605
        ], 
        [
          -36.229870709208335, 
          -13.504044210457883, 
          82.28735731554198
        ], 
        [
          -17.805164298487412, 
          -13.89684922238896, 
          82.80257269985263
        ], 
        [
          -17.154412517677184, 
          2.28156006959491, 
          71.8653980359235
        ], 
        [
          -35.57911892839811, 
          2.674365081525989, 
          71.35018265161285
        ], 
        [
          -36.235437335321016, 
          -9.053646588707863, 
          85.8794609867688
        ], 
        [
          -17.810730924600097, 
          -9.446451600638941, 
          86.39467637107944
        ]
      ], 
      "cuboid_centroid": [
        -26.69214161344276, 
        -5.611242070431486, 
        77.07637767573274
      ], 
      "location": [
        -26.69214161344276, 
        -5.611242070431486, 
        77.07637767573274
      ], 
      "pose_transform_permuted": [
        [
          0.0009733224895073895, 
          -0.7781503562145154, 
          -0.6280779806424287, 
          0.0
        ], 
        [
          0.9993819953580845, 
          -0.021306296440192645, 
          0.02794600724340162, 
          0.0
        ], 
        [
          0.035128049490939284, 
          0.6277169283028742, 
          -0.7776487799845221, 
          0.0
        ], 
        [
          -26.69214161344276, 
          -5.611242070431486, 
          77.07637767573274, 
          1.0
        ]
      ], 
      "projected_cuboid": [
        [
          346.52181964427103, 
          256.3445762664694
        ], 
        [
          199.26650863383978, 
          259.30749742562415
        ], 
        [
          244.82775880020867, 
          185.76432965690273
        ], 
        [
          365.9608469558602, 
          183.7789104643265
        ], 
        [
          353.23173542366516, 
          290.2182004859419
        ], 
        [
          213.43840103808495, 
          293.276553669148
        ], 
        [
          254.69631605284644, 
          217.06253553209007
        ], 
        [
          370.73410133013886, 
          214.9730186569319
        ]
      ], 
      "projected_cuboid_centroid": [
        295.3652591579509, 
        234.46030649109477
      ], 
      "quaternion_xyzw": [
        0.9021054406641427, 
        -0.01563962021157532, 
        0.008014398436511534, 
        0.43115778546176287
      ], 
      "visibility": 0.6613144137415982
    }, 
    {
      "bounding_box": {
        "bottom_right": [
          221, 
          263
        ], 
        "top_left": [
          178, 
          199
        ]
      }, 
      "class": "061_foam_brick", 
      "cuboid": [
        [
          -42.93569200366542, 
          -15.366312805246169, 
          84.96792692648049
        ], 
        [
          -35.171764272434935, 
          -15.167322008181113, 
          85.5383863960986
        ], 
        [
          -34.93233544270322, 
          -12.324092991801015, 
          81.28798006900016
        ], 
        [
          -42.69626317393371, 
          -12.523083788866069, 
          80.71752059938204
        ], 
        [
          -43.26104250750521, 
          -10.997554061977622, 
          87.8719982985144
        ], 
        [
          -35.49711477627472, 
          -10.798563264912568, 
          88.44245776813251
        ], 
        [
          -35.25768594654301, 
          -7.95533424853247, 
          84.19205144103407
        ], 
        [
          -43.021613677773495, 
          -8.154325045597524, 
          83.62159197141595
        ]
      ], 
      "cuboid_centroid": [
        -39.096688975104215, 
        -11.660823526889319, 
        84.57998918375728
      ], 
      "location": [
        -39.096688975104215, 
        -11.660823526889319, 
        84.57998918375728
      ], 
      "pose_transform_permuted": [
        [
          0.06190078029724666, 
          -0.8311945792218859, 
          -0.5525249902680818, 
          0.0
        ], 
        [
          -0.9969858953828451, 
          -0.02555291919923719, 
          -0.07325416526084785, 
          0.0
        ], 
        [
          -0.04676983863836143, 
          -0.5553941121334913, 
          0.8302710174402046, 
          0.0
        ], 
        [
          -39.096688975104215, 
          -11.660823526889319, 
          84.57998918375728, 
          1.0
        ]
      ], 
      "projected_cuboid": [
        [
          209.85605957477756, 
          176.83654989049043
        ], 
        [
          260.4786909531139, 
          178.72045844647428
        ], 
        [
          250.50074903105434, 
          192.42980944948476
        ], 
        [
          197.14192404169566, 
          190.54358729736154
        ], 
        [
          216.84569795943816, 
          206.5393254244722
        ], 
        [
          265.76101540983666, 
          208.16978970665454
        ], 
        [
          256.3939230858099, 
          222.89299758426404
        ], 
        [
          204.92838485780257, 
          221.28009883295968
        ]
      ], 
      "projected_cuboid_centroid": [
        233.01826517735932, 
        199.759151624342
      ], 
      "quaternion_xyzw": [
        0.006020439181347683, 
        0.8810370306894624, 
        -0.4714516923771916, 
        0.03835109673322357
      ], 
      "visibility": 0.8093099224173131
    }
  ]
}