{
  "camera_data": {
    "location_worldframe": [
      -19.956220039919355, 
      -4.796418249931829, 
      97.12502560056936
    ], 
    "quaternion_xyzw_worldframe": [
      0.956519187864508, 
      0.0022304142620882153, 
      0.03744105700304451, 
      -0.28924794837832773
    ]
  }, 
  "objects": [
    {
      "bounding_box": {
        "bottom_right": [
          356, 
          329
        ], 
        "top_left": [
          235, 
          187
        ]
      }, 
      "class": "003_cracker_box", 
      "cuboid": [
        [
          -24.056131335246047, 
          5.7467814130367785, 
          73.67753953634022
        ], 
        [
          -40.368150517844846, 
          6.786189094784258, 
          72.2934233761826
        ], 
        [
          -42.62028875370483, 
          -6.109229618637955, 
          89.1513472317021
        ], 
        [
          -26.308269571106024, 
          -7.1486373003854355, 
          90.53546339185972
        ], 
        [
          -24.062827115839802, 
          11.450036038288463, 
          78.0393326746046
        ], 
        [
          -40.374846298438605, 
          12.489443720035942, 
          76.65521651444698
        ], 
        [
          -42.626984534298586, 
          -0.4059749933862704, 
          93.51314036996648
        ], 
        [
          -26.314965351699783, 
          -1.4453826751337495, 
          94.89725653012408
        ]
      ], 
      "cuboid_centroid": [
        -33.34155793477231, 
        2.670403209825254, 
        83.59533995315334
      ], 
      "location": [
        -33.34155793477231, 
        2.670403209825254, 
        83.59533995315334
      ], 
      "pose_transform_permuted": [
        [
          0.000932559993571086, 
          -0.7943251757112308, 
          -0.6074920950622986, 
          0.0
        ], 
        [
          0.9944169873513986, 
          -0.06336460519957274, 
          0.08437880109879992, 
          0.0
        ], 
        [
          0.1055177027745911, 
          0.6041791473058505, 
          -0.789831356912315, 
          0.0
        ], 
        [
          -33.34155793477231, 
          2.670403209825254, 
          83.59533995315334, 
          1.0
        ]
      ], 
      "projected_cuboid": [
        [
          306.0140906037997, 
          314.88498286795004
        ], 
        [
          181.31333925063294, 
          323.34928740358083
        ], 
        [
          224.51000947637738, 
          236.74001462670793
        ], 
        [
          325.3307816549239, 
          231.1758763417882
        ], 
        [
          315.7816764460336, 
          351.5359058059473
        ], 
        [
          198.35294623305316, 
          360.1803623248013
        ], 
        [
          236.4629801321567, 
          270.9712011913962
        ], 
        [
          332.4753556424117, 
          265.1635330178468
        ]
      ], 
      "projected_cuboid_centroid": [
        267.1127429923982, 
        290.3231135556359
      ], 
      "quaternion_xyzw": [
        0.8952776426505282, 
        -0.0471591995400937, 
        0.02382259899839594, 
        0.44236459651040383
      ], 
      "visibility": 0.6157933042212518
    }, 
    {
      "bounding_box": {
        "bottom_right": [
          378, 
          366
        ], 
        "top_left": [
          289, 
          301
        ]
      }, 
      "class": "006_mustard_bottle", 
      "cuboid": [
        [
          -19.06951609936255, 
          14.402584687177693, 
          82.17727808744057
        ], 
        [
          -28.316921530377957, 
          12.726997134656736, 
          80.2064998253144
        ], 
        [
          -29.70298936613544, 
          1.8991626962563, 
          95.91629145071984
        ], 
        [
          -20.45558393512003, 
          3.574750248777256, 
          97.88706971284601
        ], 
        [
          -20.58087388825463, 
          19.09581730788186, 
          85.27870059769126
        ], 
        [
          -29.828279319270045, 
          17.420229755360904, 
          83.30792233556508
        ], 
        [
          -31.21434715502752, 
          6.592395316960466, 
          99.01771396097053
        ], 
        [
          -21.966941724012113, 
          8.267982869481422, 
          100.9884922230967
        ]
      ], 
      "cuboid_centroid": [
        -25.141931627195035, 
        10.49749000206908, 
        90.59749602420555
      ], 
      "location": [
        -25.141931627195035, 
        10.49749000206908, 
        90.59749602420555
      ], 
      "pose_transform_permuted": [
        [
          0.25946501225681673, 
          -0.8057189822323731, 
          -0.5324421758699919, 
          0.0
        ], 
        [
          0.9630306588493276, 
          0.1744967490288574, 
          0.20523809649956168, 
          0.0
        ], 
        [
          0.07245481297149975, 
          0.5660103343296515, 
          -0.8212080135442545, 
          0.0
        ], 
        [
          -25.141931627195035, 
          10.49749000206908, 
          90.59749602420555, 
          1.0
        ]
      ], 
      "projected_cuboid": [
        [
          356.8071048432465, 
          366.75739319496006
        ], 
        [
          291.7393701888403, 
          357.91255733969723
        ], 
        [
          315.06437000192363, 
          283.8463776314283
        ], 
        [
          369.2198466973664, 
          292.7629031255912
        ], 
        [
          351.81491535453046, 
          392.70877654246243
        ], 
        [
          289.0514518071407, 
          384.80714024123284
        ], 
        [
          312.0723237971846, 
          308.7938566408682
        ], 
        [
          364.6230398779327, 
          316.94970276932906
        ]
      ], 
      "projected_cuboid_centroid": [
        332.3608676506527, 
        335.0820316532576
      ], 
      "quaternion_xyzw": [
        0.8748547263758955, 
        0.029159680167720123, 
        0.13279436423731203, 
        0.46491347269626354
      ], 
      "visibility": 0.7203430204859457
    }, 
    {
      "bounding_box": {
        "bottom_right": [
          270, 
          314
        ], 
        "top_left": [
          221, 
          229
        ]
      }, 
      "class": "008_pudding_box", 
      "cuboid": [
        [
          -26.53891995228913, 
          -3.4091681709799975, 
          81.14335394204795
        ], 
        [
          -37.81912476776085, 
          -3.1258362470617036, 
          79.78354773358453
        ], 
        [
          -38.81186441223725, 
          -8.522201555045372, 
          86.89442814060064
        ], 
        [
          -27.53165959676553, 
          -8.805533478963667, 
          88.25423434906405
        ], 
        [
          -26.739534506912715, 
          -0.33534669213056767, 
          83.44803215512448
        ], 
        [
          -38.01973932238443, 
          -0.05201476821227388, 
          82.08822594666105
        ], 
        [
          -39.01247896686083, 
          -5.448380076195943, 
          89.19910635367717
        ], 
        [
          -27.732274151389113, 
          -5.731712000114237, 
          90.55891256214058
        ]
      ], 
      "cuboid_centroid": [
        -32.77569945957498, 
        -4.428774123587971, 
        85.17123014786256
      ], 
      "location": [
        -32.77569945957498, 
        -4.428774123587971, 
        85.17123014786256
      ], 
      "pose_transform_permuted": [
        [
          0.052146955787233495, 
          -0.7989970271906054, 
          -0.5990689614051284, 
          0.0
        ], 
        [
          0.9925039596931831, 
          -0.024929339581732986, 
          0.1196443742284019, 
          0.0
        ], 
        [
          0.11052914823659203, 
          0.6008178119848528, 
          -0.7917076334896467, 
          0.0
        ], 
        [
          -32.77569945957498, 
          -4.428774123587971, 
          85.17123014786256, 
          1.0
        ]
      ], 
      "projected_cuboid": [
        [
          305.7148122197056, 
          250.87957475428155
        ], 
        [
          226.68531017640814, 
          252.3916325566862
        ], 
        [
          241.4018737074566, 
          220.98103257338894
        ], 
        [
          313.8370064674534, 
          220.0747744979275
        ], 
        [
          309.27953039107115, 
          271.14332437356455
        ], 
        [
          232.5278811737297, 
          272.9486028612423
        ], 
        [
          246.39844108369246, 
          240.71078795459653
        ], 
        [
          316.9151096002801, 
          239.53133743548784
        ]
      ], 
      "projected_cuboid_centroid": [
        274.6540462293004, 
        245.55473270575015
      ], 
      "quaternion_xyzw": [
        0.8933631306869515, 
        -0.03790689451056824, 
        0.048074328376283136, 
        0.4451450384618738
      ], 
      "visibility": 0.40857066808623904
    }, 
    {
      "bounding_box": {
        "bottom_right": [
          421, 
          301
        ], 
        "top_left": [
          275, 
          170
        ]
      }, 
      "class": "019_pitcher_base", 
      "cuboid": [
        [
          -47.37759686706598, 
          23.226712327206698, 
          81.24294399605583
        ], 
        [
          -28.800559752134987, 
          24.337977560535982, 
          84.31318104156867
        ], 
        [
          -31.18989214418689, 
          10.22900426315257, 
          103.87698902772868
        ], 
        [
          -49.76692925911788, 
          9.117739029823287, 
          100.80675198221584
        ], 
        [
          -45.48347008625619, 
          12.431933248605137, 
          73.68932501739674
        ], 
        [
          -26.906432971325195, 
          13.543198481934418, 
          76.75956206290957
        ], 
        [
          -29.295765363377097, 
          -0.5657748154489952, 
          96.3233700490696
        ], 
        [
          -47.87280247830809, 
          -1.6770400487782777, 
          93.25313300355675
        ]
      ], 
      "cuboid_centroid": [
        -38.33668111522154, 
        11.330468755878853, 
        88.7831570225627
      ], 
      "location": [
        -38.33668111522154, 
        11.330468755878853, 
        88.7831570225627
      ], 
      "pose_transform_permuted": [
        [
          -0.14230213069709843, 
          0.8109911537350903, 
          0.567488980160918, 
          0.0
        ], 
        [
          -0.984902706175786, 
          -0.058916183932549715, 
          -0.16277540686487324, 
          0.0
        ], 
        [
          0.09857510124787786, 
          0.5820845504458237, 
          -0.8071310460800364, 
          0.0
        ], 
        [
          -38.33668111522154, 
          11.330468755878853, 
          88.7831570225627, 
          1.0
        ]
      ], 
      "projected_cuboid": [
        [
          167.99485833081064, 
          425.7583703338344
        ], 
        [
          297.9021291570527, 
          427.23542103228687
        ], 
        [
          320.1291456286319, 
          325.8037349173627
        ], 
        [
          216.11025093312114, 
          321.5240685360007
        ], 
        [
          149.67146640389907, 
          363.26148966666676
        ], 
        [
          293.0953227237119, 
          367.38364816647965
        ], 
        [
          318.04165696224385, 
          270.15397743470317
        ], 
        [
          205.52837546563157, 
          263.69545754297286
        ]
      ], 
      "projected_cuboid_centroid": [
        249.38987622581965, 
        341.3485564618474
      ], 
      "quaternion_xyzw": [
        -0.08615842390202924, 
        0.4569817218635306, 
        0.8852226043180504, 
        0.011200266780885074
      ], 
      "visibility": 0.20057056819082336
    }, 
    {
      "bounding_box": {
        "bottom_right": [
          285, 
          358
        ], 
        "top_left": [
          186, 
          215
        ]
      }, 
      "class": "035_power_drill", 
      "cuboid": [
        [
          -16.218202586673538, 
          -2.0772502815395306, 
          67.7967361303622
        ], 
        [
          -34.62885346734678, 
          -1.6215510193940865, 
          66.9424403248388
        ], 
        [
          -35.592523021982316, 
          -13.350678449134268, 
          81.45367222482663
        ], 
        [
          -17.181872141309068, 
          -13.806377711279714, 
          82.30796803035004
        ], 
        [
          -16.27477771508389, 
          2.372294740222998, 
          71.38945475530342
        ], 
        [
          -34.68542859575713, 
          2.827994002368442, 
          70.53515894978001
        ], 
        [
          -35.64909815039267, 
          -8.901133427371741, 
          85.04639084976785
        ], 
        [
          -17.23844726971942, 
          -9.356832689517185, 
          85.90068665529125
        ]
      ], 
      "cuboid_centroid": [
        -25.9336503685331, 
        -5.489191854455636, 
        76.42156349006503
      ], 
      "location": [
        -25.9336503685331, 
        -5.489191854455636, 
        76.42156349006503
      ], 
      "pose_transform_permuted": [
        [
          0.009892139998961505, 
          -0.7780012794262454, 
          -0.6281855050689111, 
          0.0
        ], 
        [
          0.9986196036351589, 
          -0.024717769050644014, 
          0.04633820630396798, 
          0.0
        ], 
        [
          0.05157836722401149, 
          0.6277766469619045, 
          -0.7766828828513106, 
          0.0
        ], 
        [
          -25.9336503685331, 
          -5.489191854455636, 
          76.42156349006503, 
          1.0
        ]
      ], 
      "projected_cuboid": [
        [
          352.95421278482615, 
          256.94595409016046
        ], 
        [
          203.41552562547713, 
          260.3679035612151
        ], 
        [
          246.61222848876355, 
          185.87269805177175
        ], 
        [
          369.33828277344577, 
          183.8272574003864
        ], 
        [
          359.00207404109653, 
          291.0089207388248
        ], 
        [
          217.1534112197725, 
          294.66913079061106
        ], 
        [
          256.18124531573403, 
          217.4681931721611
        ], 
        [
          373.6792278652676, 
          215.19407907245792
        ]
      ], 
      "projected_cuboid_centroid": [
        299.10690033002265, 
        234.9793720707914
      ], 
      "quaternion_xyzw": [
        0.902022970282073, 
        -0.02114584073474227, 
        0.015584510637613142, 
        0.4308881850845185
      ], 
      "visibility": 0.6984088127294982
    }, 
    {
      "bounding_box": {
        "bottom_right": [
          221, 
          264
        ], 
        "top_left": [
          178, 
          200
        ]
      }, 
      "class": "061_foam_brick", 
      "cuboid": [
        [
          -42.352751514063584, 
          -15.190712873892439, 
          84.00973237011009
        ], 
        [
          -34.60001388312992, 
          -15.018299059118185, 
          84.72312417125681
        ], 
        [
          -34.27268440943957, 
          -12.174901095821548, 
          80.47869549503841
        ], 
        [
          -42.025422040373236, 
          -12.347314910595802, 
          79.7653036938917
        ], 
        [
          -42.716667818582806, 
          -10.821555430215591, 
          86.90862260548799
        ], 
        [
          -34.96393018764915, 
          -10.649141615441337, 
          87.6220144066347
        ], 
        [
          -34.63660071395879, 
          -7.805743652144701, 
          83.37758573041631
        ], 
        [
          -42.389338344892465, 
          -7.9781574669189546, 
          82.66419392926959
        ]
      ], 
      "cuboid_centroid": [
        -38.49467611401119, 
        -11.49822826301857, 
        83.69365905026321
      ], 
      "location": [
        -38.49467611401119, 
        -11.49822826301857, 
        83.69365905026321
      ], 
      "pose_transform_permuted": [
        [
          0.06923826134206112, 
          -0.8312704354633471, 
          -0.5515392336823428, 
          0.0
        ], 
        [
          -0.9955489458709417, 
          -0.02214010066163241, 
          -0.09160847295938385, 
          0.0
        ], 
        [
          -0.06394028105651245, 
          -0.5554271140908322, 
          0.8291033478349631, 
          0.0
        ], 
        [
          -38.49467611401119, 
          -11.49822826301857, 
          83.69365905026321, 
          1.0
        ]
      ], 
      "projected_cuboid": [
        [
          210.4881728106976, 
          176.85122710239116
        ], 
        [
          261.9800204528857, 
          178.74855826814903
        ], 
        [
          252.584703076989, 
          192.6053945106919
        ], 
        [
          198.2688704854858, 
          190.73103406618986
        ], 
        [
          217.27937281401145, 
          206.87946284569867
        ], 
        [
          267.0123702200179, 
          208.46954186535845
        ], 
        [
          258.19988866305187, 
          223.35758028334777
        ], 
        [
          205.8372773685843, 
          221.8143417077787
        ]
      ], 
      "projected_cuboid_centroid": [
        234.25393788757063, 
        200.0165868999924
      ], 
      "quaternion_xyzw": [
        0.011865640738801636, 
        0.8806979183641966, 
        -0.4713232961826114, 
        0.04565888341152231
      ], 
      "visibility": 0.8518518518518519
    }
  ]
}