{
  "camera_data": {
    "location_worldframe": [
      -21.015395642544913, 
      -4.136900429191178, 
      95.66657454542788
    ], 
    "quaternion_xyzw_worldframe": [
      0.9570215796599499, 
      0.022330951493983935, 
      -0.023841309174972156, 
      -0.28817806447817557
    ]
  }, 
  "objects": [
    {
      "bounding_box": {
        "bottom_right": [
          351, 
          319
        ], 
        "top_left": [
          235, 
          159
        ]
      }, 
      "class": "003_cracker_box", 
      "cuboid": [
        [
          -28.328569608168326, 
          5.888567512881122, 
          72.78077942235011
        ], 
        [
          -44.727624247147844, 
          5.715958775163531, 
          73.12621951640996
        ], 
        [
          -44.23375721638582, 
          -7.174671112443487, 
          90.13037499685223
        ], 
        [
          -27.8347025774063, 
          -7.002062374725897, 
          89.78493490279236
        ], 
        [
          -28.297441593770106, 
          11.610662050072683, 
          77.11772105086031
        ], 
        [
          -44.696496232749624, 
          11.438053312355095, 
          77.46316114492018
        ], 
        [
          -44.202629201987605, 
          -1.4525765752519244, 
          94.46731662536243
        ], 
        [
          -27.803574563008084, 
          -1.2799678375343342, 
          94.12187653130258
        ]
      ], 
      "cuboid_centroid": [
        -36.265599405077964, 
        2.217995468814599, 
        83.62404802385626
      ], 
      "location": [
        -36.265599405077964, 
        2.217995468814599, 
        83.62404802385626
      ], 
      "pose_transform_permuted": [
        [
          -0.004335378153542721, 
          -0.7969491189410787, 
          -0.6040308819218636, 
          0.0
        ], 
        [
          0.9997228624461998, 
          0.01052261274525472, 
          -0.021058796817247538, 
          0.0
        ], 
        [
          -0.023138772626103088, 
          0.6039547801284894, 
          -0.7966826349063381, 
          0.0
        ], 
        [
          -36.265599405077964, 
          2.217995468814599, 
          83.62404802385626, 
          1.0
        ]
      ], 
      "projected_cuboid": [
        [
          272.2823910675501, 
          316.4365069206316
        ], 
        [
          152.67391291302994, 
          314.97381200644594
        ], 
        [
          217.6757994362306, 
          230.83256386658164
        ], 
        [
          314.8820014884005, 
          231.69451598943593
        ], 
        [
          284.2708815746999, 
          353.5818755576319
        ], 
        [
          171.30547962746178, 
          352.0354262874812
        ], 
        [
          229.96947632549663, 
          265.08595008170937
        ], 
        [
          322.74173686790846, 
          266.033899819687
        ]
      ], 
      "projected_cuboid_centroid": [
        248.38264207944079, 
        287.4319955006197
      ], 
      "quaternion_xyzw": [
        0.8955038420487866, 
        0.009397331365531971, 
        -0.007089353997826509, 
        0.4448980783268924
      ], 
      "visibility": 0.5522388059701493
    }, 
    {
      "bounding_box": {
        "bottom_right": [
          380, 
          354
        ], 
        "top_left": [
          290, 
          280
        ]
      }, 
      "class": "006_mustard_bottle", 
      "cuboid": [
        [
          -23.12813889387654, 
          14.95509466008595, 
          80.70472974714356
        ], 
        [
          -32.382405332943456, 
          12.58907724745859, 
          79.72158068005889
        ], 
        [
          -31.30319856416559, 
          1.8148117429125699, 
          95.4921625073779
        ], 
        [
          -22.048932125098673, 
          4.1808291555399295, 
          96.47531157446258
        ], 
        [
          -24.647227123033876, 
          19.54932024706533, 
          83.94740126815147
        ], 
        [
          -33.9014935621008, 
          17.183302834437974, 
          82.96425220106678
        ], 
        [
          -32.82228679332293, 
          6.409037329891953, 
          98.7348340283858
        ], 
        [
          -23.56802035425601, 
          8.775054742519313, 
          99.71798309547047
        ]
      ], 
      "cuboid_centroid": [
        -27.975212843599735, 
        10.682065994988951, 
        89.71978188776468
      ], 
      "location": [
        -27.975212843599735, 
        10.682065994988951, 
        89.71978188776468
      ], 
      "pose_transform_permuted": [
        [
          0.2607921492146682, 
          -0.78872177521249, 
          -0.5566913487506572, 
          0.0
        ], 
        [
          0.9637451685735418, 
          0.24639855197538488, 
          0.10238576656822314, 
          0.0
        ], 
        [
          -0.05641406760344044, 
          0.563210091092362, 
          -0.8243857387583606, 
          0.0
        ], 
        [
          -27.975212843599735, 
          10.682065994988951, 
          89.71978188776468, 
          1.0
        ]
      ], 
      "projected_cuboid": [
        [
          327.4861398502167, 
          372.11401532249346
        ], 
        [
          263.1607028089002, 
          357.5046552446742
        ], 
        [
          305.3131376390778, 
          283.42218280139053
        ], 
        [
          358.69389175390484, 
          296.3983375304977
        ], 
        [
          323.7078231494731, 
          397.4837753937101
        ], 
        [
          261.8517823697448, 
          383.74606316291073
        ], 
        [
          302.82890694376255, 
          307.9051723361921
        ], 
        [
          354.4982958990659, 
          320.21797795153384
        ]
      ], 
      "projected_cuboid_centroid": [
        313.9187428537356, 
        336.7837385317086
      ], 
      "quaternion_xyzw": [
        0.8780157470707118, 
        0.0862207257071091, 
        0.1034087136234592, 
        0.4593048357482754
      ], 
      "visibility": 0.8132975151108126
    }, 
    {
      "bounding_box": {
        "bottom_right": [
          268, 
          303
        ], 
        "top_left": [
          217, 
          211
        ]
      }, 
      "class": "008_pudding_box", 
      "cuboid": [
        [
          -29.328421766039693, 
          -3.364902477533137, 
          80.4688261616252
        ], 
        [
          -40.67902512651143, 
          -3.9218015083079822, 
          80.30746505897675
        ], 
        [
          -40.51622406600941, 
          -9.319396298734087, 
          87.4845380692557
        ], 
        [
          -29.165620705537666, 
          -8.762497267959242, 
          87.64589917190416
        ], 
        [
          -29.511873732633063, 
          -0.29576458508658243, 
          82.78116357694638
        ], 
        [
          -40.86247709310481, 
          -0.8526636158614278, 
          82.61980247429793
        ], 
        [
          -40.69967603260278, 
          -6.250258406287533, 
          89.7968754845769
        ], 
        [
          -29.349072672131044, 
          -5.693359375512688, 
          89.95823658722534
        ]
      ], 
      "cuboid_centroid": [
        -35.01404889932124, 
        -4.807580441910335, 
        85.13285082310105
      ], 
      "location": [
        -35.01404889932124, 
        -4.807580441910335, 
        85.13285082310105
      ], 
      "pose_transform_permuted": [
        [
          0.047685780371097934, 
          -0.7977795942205266, 
          -0.601059864216578, 
          0.0
        ], 
        [
          0.9986980701559051, 
          0.048999508629065255, 
          0.014197573176985558, 
          0.0
        ], 
        [
          -0.018125862757090917, 
          0.6009546994838969, 
          -0.7990773523267193, 
          0.0
        ], 
        [
          -35.01404889932124, 
          -4.807580441910335, 
          85.13285082310105, 
          1.0
        ]
      ], 
      "projected_cuboid": [
        [
          285.5985603898235, 
          250.98512671037912
        ], 
        [
          209.19753591291393, 
          247.24196610813863
        ], 
        [
          232.5454318406588, 
          216.47402391737307
        ], 
        [
          302.64720925434364, 
          219.96731329848092
        ], 
        [
          289.8816702556733, 
          271.38106772202605
        ], 
        [
          215.62729911714132, 
          267.78250395354127
        ], 
        [
          237.86006611932027, 
          236.16514383531336
        ], 
        [
          306.150374742334, 
          239.53331910805485
        ]
      ], 
      "projected_cuboid_centroid": [
        260.4216305420429, 
        243.16917702674226
      ], 
      "quaternion_xyzw": [
        0.8945267790648277, 
        0.018760022885041965, 
        0.017294997476984063, 
        0.4462853946688608
      ], 
      "visibility": 0.334553058024046
    }, 
    {
      "bounding_box": {
        "bottom_right": [
          416, 
          293
        ], 
        "top_left": [
          272, 
          148
        ]
      }, 
      "class": "019_pitcher_base", 
      "cuboid": [
        [
          -51.95160069841525, 
          21.668301303499696, 
          82.76233783571875
        ], 
        [
          -33.28775213826148, 
          24.165642575928032, 
          83.85395012799187
        ], 
        [
          -32.55529939588712, 
          10.07637985922117, 
          103.56361295578087
        ], 
        [
          -51.21914795604088, 
          7.579038586792835, 
          102.47200066350774
        ], 
        [
          -50.07077053760472, 
          10.981675622676422, 
          75.05321072841873
        ], 
        [
          -31.406921977450963, 
          13.479016895104756, 
          76.14482302069186
        ], 
        [
          -30.674469235076597, 
          -0.6102458216021039, 
          95.85448584848088
        ], 
        [
          -49.33831779523036, 
          -3.1075870940304395, 
          94.76287355620775
        ]
      ], 
      "cuboid_centroid": [
        -41.31303496674592, 
        10.529027740948797, 
        89.30841184209982
      ], 
      "location": [
        -41.31303496674592, 
        10.529027740948797, 
        89.30841184209982
      ], 
      "pose_transform_permuted": [
        [
          -0.14130318100896994, 
          0.8028657953367461, 
          0.5791720091273629, 
          0.0
        ], 
        [
          -0.9895052069296988, 
          -0.1324020704831479, 
          -0.05787423979954469, 
          0.0
        ], 
        [
          -0.03021831683152057, 
          0.5812713640962355, 
          -0.8131484825107721, 
          0.0
        ], 
        [
          -41.31303496674592, 
          10.529027740948797, 
          89.30841184209982, 
          1.0
        ]
      ], 
      "projected_cuboid": [
        [
          144.03167093525718, 
          412.9168302304033
        ], 
        [
          268.1192865155589, 
          426.9824629317207
        ], 
        [
          312.5505468246383, 
          325.1766811795921
        ], 
        [
          212.80349996512345, 
          312.7319442755844
        ], 
        [
          122.83481923574831, 
          351.32107652768394
        ], 
        [
          259.78931014592973, 
          367.69379230128084
        ], 
        [
          309.5067837645254, 
          269.8912243002037
        ], 
        [
          201.61007614645484, 
          255.7972302867577
        ]
      ], 
      "projected_cuboid_centroid": [
        232.83367476560505, 
        336.1623250453497
      ], 
      "quaternion_xyzw": [
        -0.0561123395314643, 
        0.45526416336844955, 
        0.8874047244850144, 
        -0.04581347800718595
      ], 
      "visibility": 0.20010939209251447
    }, 
    {
      "bounding_box": {
        "bottom_right": [
          286, 
          338
        ], 
        "top_left": [
          187, 
          185
        ]
      }, 
      "class": "035_power_drill", 
      "cuboid": [
        [
          -20.59675029472869, 
          -1.3853750569515801, 
          66.10691414441453
        ], 
        [
          -38.9781029234037, 
          -2.290060568442535, 
          67.20097477184319
        ], 
        [
          -37.53954906483191, 
          -13.941723131592868, 
          81.73528806278709
        ], 
        [
          -19.15819643615689, 
          -13.037037620101913, 
          80.64122743535845
        ], 
        [
          -20.603414001683902, 
          3.0766181417613363, 
          69.68460209244675
        ], 
        [
          -38.98476663035892, 
          2.1719326302703816, 
          70.77866271987541
        ], 
        [
          -37.54621277178712, 
          -9.479729932879952, 
          85.31297601081931
        ], 
        [
          -19.1648601431121, 
          -8.575044421388997, 
          84.21891538339065
        ]
      ], 
      "cuboid_centroid": [
        -29.071481533257902, 
        -5.4325524949157655, 
        75.70994507761692
      ], 
      "location": [
        -29.071481533257902, 
        -5.4325524949157655, 
        75.70994507761692
      ], 
      "pose_transform_permuted": [
        [
          0.0011651466636522865, 
          -0.7801778385006135, 
          -0.6255573968446698, 
          0.0
        ], 
        [
          0.9970304252303702, 
          0.04907141484323943, 
          -0.05934338754218372, 
          0.0
        ], 
        [
          -0.07699554150281072, 
          0.6236305044209155, 
          -0.7779182653048151, 
          0.0
        ], 
        [
          -29.071481533257902, 
          -5.4325524949157655, 
          75.70994507761692, 
          1.0
        ]
      ], 
      "projected_cuboid": [
        [
          314.04740601462134, 
          262.1099816790936
        ], 
        [
          169.68163473606376, 
          255.1121863154803
        ], 
        [
          234.6117190623936, 
          182.31733550530373
        ], 
        [
          353.838737324335, 
          187.066279554532
        ], 
        [
          322.5981746297148, 
          296.8329263609535
        ], 
        [
          185.39756586267256, 
          289.6521227571185
        ], 
        [
          244.9273011640941, 
          214.02561598830962
        ], 
        [
          359.22346520880126, 
          218.98473302858795
        ]
      ], 
      "projected_cuboid_centroid": [
        275.10376498481355, 
        235.0182942365273
      ], 
      "quaternion_xyzw": [
        0.9008632424646867, 
        0.03498504279105158, 
        -0.01614513672446015, 
        0.4323897430709371
      ], 
      "visibility": 0.643710047038958
    }, 
    {
      "bounding_box": {
        "bottom_right": [
          218, 
          255
        ], 
        "top_left": [
          173, 
          190
        ]
      }, 
      "class": "061_foam_brick", 
      "cuboid": [
        [
          -43.838774728834906, 
          -16.25287183146603, 
          84.9911426125301
        ], 
        [
          -36.08806082562782, 
          -15.505791695589394, 
          84.88205356278472
        ], 
        [
          -36.42032481128016, 
          -12.680103227857304, 
          80.62619681276419
        ], 
        [
          -44.171038714487246, 
          -13.427183363733942, 
          80.73528586250958
        ], 
        [
          -44.21732009791111, 
          -11.899176981371784, 
          87.91134483102712
        ], 
        [
          -36.466606194704035, 
          -11.152096845495146, 
          87.80225578128173
        ], 
        [
          -36.79887018035637, 
          -8.326408377763055, 
          83.5463990312612
        ], 
        [
          -44.54958408356345, 
          -9.073488513639694, 
          83.6554880810066
        ]
      ], 
      "cuboid_centroid": [
        -40.31882245459564, 
        -12.289640104614543, 
        84.26877082189566
      ], 
      "location": [
        -40.31882245459564, 
        -12.289640104614543, 
        84.26877082189566
      ], 
      "pose_transform_permuted": [
        [
          0.07202156888395383, 
          -0.8283285417306314, 
          -0.5555940249587819, 
          0.0
        ], 
        [
          -0.9952890737972504, 
          -0.09593447852349624, 
          0.014008404985453748, 
          0.0
        ], 
        [
          0.06490418472876414, 
          -0.5519677552038982, 
          0.8313356987522332, 
          0.0
        ], 
        [
          -40.31882245459564, 
          -12.289640104614543, 
          84.26877082189566, 
          1.0
        ]
      ], 
      "projected_cuboid": [
        [
          204.2162161035534, 
          171.29973601539604
        ], 
        [
          252.96380952826604, 
          175.86261835732293
        ], 
        [
          238.67924616660022, 
          189.41122653951763
        ], 
        [
          187.3812872742863, 
          184.5895109231041
        ], 
        [
          211.1145305915224, 
          201.09944859061156
        ], 
        [
          258.2494057707536, 
          205.54759906465554
        ], 
        [
          244.73338006971693, 
          220.13479599337265
        ], 
        [
          195.21820885898057, 
          215.44132993822058
        ]
      ], 
      "projected_cuboid_centroid": [
        224.30113674091837, 
        195.507953174863
      ], 
      "quaternion_xyzw": [
        -0.04565412346555724, 
        0.8807455441215599, 
        -0.4710964056418203, 
        0.016467061424750493
      ], 
      "visibility": 0.824
    }
  ]
}