{
  "camera_data": {
    "location_worldframe": [
      -16.15619868793183, 
      0.5625322867644902, 
      87.48198315549321
    ], 
    "quaternion_xyzw_worldframe": [
      0.8972890431616426, 
      0.026733559587784565, 
      0.022948534732881824, 
      -0.440036155793008
    ]
  }, 
  "objects": [
    {
      "bounding_box": {
        "bottom_right": [
          430, 
          337
        ], 
        "top_left": [
          277, 
          187
        ]
      }, 
      "class": "003_cracker_box", 
      "cuboid": [
        [
          -21.402822169676984, 
          17.67610437091483, 
          68.57823754013742
        ], 
        [
          -37.77272451178497, 
          17.996561451847906, 
          67.5773777815881
        ], 
        [
          -38.846591450237696, 
          0.3117955961944488, 
          79.47903369896395
        ], 
        [
          -22.476689108129705, 
          -0.008661484738628489, 
          80.47989345751326
        ], 
        [
          -21.687591167905364, 
          21.693626202426465, 
          74.52221116776381
        ], 
        [
          -38.05749351001336, 
          22.014083283359543, 
          73.52135140921449
        ], 
        [
          -39.13136044846608, 
          4.329317427706085, 
          85.42300732659032
        ], 
        [
          -22.761458106358088, 
          4.008860346773008, 
          86.42386708513965
        ]
      ], 
      "cuboid_centroid": [
        -30.26709130907153, 
        11.002710899310458, 
        77.00062243336387
      ], 
      "location": [
        -30.26709130907153, 
        11.002710899310458, 
        77.00062243336387
      ], 
      "pose_transform_permuted": [
        [
          0.03966142131430597, 
          -0.559543443950367, 
          -0.8278514999633036, 
          0.0
        ], 
        [
          0.9979456735583714, 
          -0.01953577674411025, 
          0.06101463802345164, 
          0.0
        ], 
        [
          0.05031306277158709, 
          0.8285707500021751, 
          -0.5576191423860696, 
          0.0
        ], 
        [
          -30.26709130907153, 
          11.002710899310458, 
          77.00062243336387, 
          1.0
        ]
      ], 
      "projected_cuboid": [
        [
          313.7644146679187, 
          410.75015549812224
        ], 
        [
          181.01109247889266, 
          415.3151127366463
        ], 
        [
          218.75669315334372, 
          275.37874632441606
        ], 
        [
          331.40856706928406, 
          273.22914054672214
        ], 
        [
          325.0959940451159, 
          428.53737531506243
        ], 
        [
          203.22962581611307, 
          432.97541060877836
        ], 
        [
          235.2531592274974, 
          300.3156702751782
        ], 
        [
          339.9661333944248, 
          298.02511774234875
        ]
      ], 
      "projected_cuboid_centroid": [
        270.2149774246623, 
        349.49321015023475
      ], 
      "quaternion_xyzw": [
        0.9558200567475881, 
        -0.018269348666258147, 
        0.0263323777909444, 
        0.2922000272043506
      ], 
      "visibility": 0.3944636678200692
    }, 
    {
      "bounding_box": {
        "bottom_right": [
          436, 
          376
        ], 
        "top_left": [
          318, 
          308
        ]
      }, 
      "class": "006_mustard_bottle", 
      "cuboid": [
        [
          -16.811335703323046, 
          23.516335180886543, 
          79.38772970652917
        ], 
        [
          -25.969998649366588, 
          21.929782808041466, 
          76.97778937133529
        ], 
        [
          -26.336179702546335, 
          6.623015045524731, 
          88.44642083655646
        ], 
        [
          -17.177516756502797, 
          8.20956741836981, 
          90.85636117175034
        ], 
        [
          -18.558029499411266, 
          26.87501515340206, 
          83.81466837903257
        ], 
        [
          -27.716692445454804, 
          25.28846278055698, 
          81.40472804383869
        ], 
        [
          -28.08287349863455, 
          9.981695018040247, 
          92.87335950905987
        ], 
        [
          -18.924210552591013, 
          11.568247390885325, 
          95.28329984425373
        ]
      ], 
      "cuboid_centroid": [
        -22.4471046009788, 
        16.749015099463396, 
        86.13054460779452
      ], 
      "location": [
        -22.4471046009788, 
        16.749015099463396, 
        86.13054460779452
      ], 
      "pose_transform_permuted": [
        [
          0.29986673608448683, 
          -0.5766073041343152, 
          -0.7600024993177104, 
          0.0
        ], 
        [
          0.9537889602552815, 
          0.16522456902294483, 
          0.250972712952035, 
          0.0
        ], 
        [
          0.0191416170532131, 
          0.8001404886689701, 
          -0.5995071283055513, 
          0.0
        ], 
        [
          -22.4471046009788, 
          16.749015099463396, 
          86.13054460779452, 
          1.0
        ]
      ], 
      "projected_cuboid": [
        [
          367.71887323913455, 
          431.26714937750427
        ], 
        [
          300.1716094893681, 
          425.2210469058183
        ], 
        [
          321.4701846330714, 
          313.22239508008187
        ], 
        [
          379.92614251169806, 
          321.4760430101898
        ], 
        [
          362.5267357183293, 
          444.2944552890959
        ], 
        [
          298.49910601640426, 
          438.96281690595464
        ], 
        [
          318.98898682177224, 
          330.6058107470922
        ], 
        [
          374.7917892964688, 
          338.0363198069197
        ]
      ], 
      "projected_cuboid_centroid": [
        341.4464963449463, 
        376.99629381832875
      ], 
      "quaternion_xyzw": [
        0.9372742325811001, 
        0.03896483731539357, 
        0.14692590223023624, 
        0.3137060615656314
      ], 
      "visibility": 0.3729114824031283
    }, 
    {
      "bounding_box": {
        "bottom_right": [
          331, 
          319
        ], 
        "top_left": [
          267, 
          225
        ]
      }, 
      "class": "008_pudding_box", 
      "cuboid": [
        [
          -23.13874959641385, 
          6.483866434700314, 
          72.75607930369884
        ], 
        [
          -34.439167905814884, 
          6.420704359762139, 
          71.5440862478104
        ], 
        [
          -34.937570977821586, 
          -1.0010662190654822, 
          76.57795419948269
        ], 
        [
          -23.63715266842056, 
          -0.9379041441273078, 
          77.78994725537113
        ], 
        [
          -23.48972775020239, 
          8.650443191704712, 
          75.91565614890517
        ], 
        [
          -34.79014605960342, 
          8.587281116766537, 
          74.70366309301674
        ], 
        [
          -35.28854913161013, 
          1.1655105379389166, 
          79.73753104468902
        ], 
        [
          -23.9881308222091, 
          1.2286726128770908, 
          80.94952410057746
        ]
      ], 
      "cuboid_centroid": [
        -29.21364936401199, 
        3.824688486319615, 
        76.24680517419394
      ], 
      "location": [
        -29.21364936401199, 
        3.824688486319615, 
        76.24680517419394
      ], 
      "pose_transform_permuted": [
        [
          0.0912318764819287, 
          -0.5631714138046641, 
          -0.8212879387664002, 
          0.0
        ], 
        [
          0.9942824710847987, 
          0.0055573999323658505, 
          0.10663883562114326, 
          0.0
        ], 
        [
          0.05549095106044411, 
          0.8263213673892109, 
          -0.5604582632813807, 
          0.0
        ], 
        [
          -29.21364936401199, 
          3.824688486319615, 
          76.24680517419394, 
          1.0
        ]
      ], 
      "projected_cuboid": [
        [
          310.57099032583864, 
          320.8148404598778
        ], 
        [
          222.73367066869287, 
          321.1491574151736
        ], 
        [
          236.2501054910027, 
          266.31471137337576
        ], 
        [
          318.1927908193374, 
          266.8563671836793
        ], 
        [
          315.20279665053073, 
          334.057280029644
        ], 
        [
          231.15568575574378, 
          334.59230260056665
        ], 
        [
          243.60484993128847, 
          281.0819836910195
        ], 
        [
          322.2390771388054, 
          281.38139923027046
        ]
      ], 
      "projected_cuboid_centroid": [
        275.5550005643378, 
        300.038888648763
      ], 
      "quaternion_xyzw": [
        0.9541870593914501, 
        -0.013082746888205623, 
        0.05184274670138253, 
        0.2943944968722013
      ], 
      "visibility": 0.8212727272727273
    }, 
    {
      "bounding_box": {
        "bottom_right": [
          466, 
          308
        ], 
        "top_left": [
          303, 
          175
        ]
      }, 
      "class": "019_pitcher_base", 
      "cuboid": [
        [
          -45.64167731984591, 
          30.251772350417554, 
          81.26703360984973
        ], 
        [
          -27.115949211529074, 
          31.58627753228826, 
          84.55094406542699
        ], 
        [
          -28.1934830935341, 
          11.888368159559704, 
          98.63447724365432
        ], 
        [
          -46.71921120185093, 
          10.553862977689, 
          95.35056678807706
        ], 
        [
          -43.21120117300558, 
          22.55262614818877, 
          70.68459226823579
        ], 
        [
          -24.685473064688747, 
          23.887131330059475, 
          73.96850272381305
        ], 
        [
          -25.763006946693768, 
          4.189221957330918, 
          88.05203590204037
        ], 
        [
          -44.288735055010605, 
          2.854716775460214, 
          84.76812544646312
        ]
      ], 
      "cuboid_centroid": [
        -35.70234213326984, 
        17.220497153874238, 
        84.65953475594506
      ], 
      "location": [
        -35.70234213326984, 
        17.220497153874238, 
        84.65953475594506
      ], 
      "pose_transform_permuted": [
        [
          -0.18259703511292272, 
          0.5784221627747799, 
          0.7950386247349887, 
          0.0
        ], 
        [
          -0.9821824457191355, 
          -0.07075174350454792, 
          -0.17410377524290221, 
          0.0
        ], 
        [
          0.04445510045818557, 
          0.812663578013411, 
          -0.5810349843285636, 
          0.0
        ], 
        [
          -35.70234213326984, 
          17.220497153874238, 
          84.65953475594506, 
          1.0
        ]
      ], 
      "projected_cuboid": [
        [
          179.5748260584425, 
          471.8155343462983
        ], 
        [
          309.1332136554935, 
          472.52240168051685
        ], 
        [
          327.8836702125109, 
          337.56730195587403
        ], 
        [
          218.10717520522687, 
          332.3169349020574
        ], 
        [
          152.84891603592092, 
          443.44748523742913
        ], 
        [
          302.12934042834434, 
          445.51491161323565
        ], 
        [
          324.2535393931382, 
          298.660103569183
        ], 
        [
          200.63193058306476, 
          291.24701962169127
        ]
      ], 
      "projected_cuboid_centroid": [
        254.81298616369304, 
        381.7684519274503
      ], 
      "quaternion_xyzw": [
        -0.09413125596027039, 
        0.305973954418765, 
        0.9473495458999723, 
        -0.006939530176631058
      ], 
      "visibility": 0.20608313619466037
    }, 
    {
      "bounding_box": {
        "bottom_right": [
          392, 
          370
        ], 
        "top_left": [
          250, 
          211
        ]
      }, 
      "class": "035_power_drill", 
      "cuboid": [
        [
          -13.19915312889518, 
          12.660384228998426, 
          60.52992346497555
        ], 
        [
          -31.614552011909247, 
          12.119341601354677, 
          59.84442667764106
        ], 
        [
          -31.52573036245969, 
          -3.6328805686348273, 
          69.89114494535015
        ], 
        [
          -13.11033147944563, 
          -3.091837940991081, 
          70.57664173268465
        ], 
        [
          -13.468694697104965, 
          15.731302992896925, 
          65.34719282140445
        ], 
        [
          -31.88409358011903, 
          15.190260365253177, 
          64.66169603406995
        ], 
        [
          -31.79527193066948, 
          -0.5619618047363273, 
          74.70841430177904
        ], 
        [
          -13.37987304765541, 
          -0.020919177092579982, 
          75.39391108911354
        ]
      ], 
      "cuboid_centroid": [
        -22.497212529782328, 
        6.049211212131049, 
        67.6191688833773
      ], 
      "location": [
        -22.497212529782328, 
        6.049211212131049, 
        67.6191688833773
      ], 
      "pose_transform_permuted": [
        [
          0.04712924218096838, 
          -0.5369489949290839, 
          -0.8422977415245818, 
          0.0
        ], 
        [
          0.9988771419615539, 
          0.02934691325522353, 
          0.037182310093108455, 
          0.0
        ], 
        [
          -0.004753990235256628, 
          0.8431042526659667, 
          -0.5377292680000357, 
          0.0
        ], 
        [
          -22.497212529782328, 
          6.049211212131049, 
          67.6191688833773, 
          1.0
        ]
      ], 
      "projected_cuboid": [
        [
          364.3322649849056, 
          384.83518125211293
        ], 
        [
          197.5076483177856, 
          381.2912857912771
        ], 
        [
          239.02837977648264, 
          245.56505263318618
        ], 
        [
          381.7019145849362, 
          249.92274960273068
        ], 
        [
          370.7586526026411, 
          401.67479144230464
        ], 
        [
          216.43052816190638, 
          398.57343614738306
        ], 
        [
          252.7292321747499, 
          269.27487158132345
        ], 
        [
          386.1621170760055, 
          273.13856042401545
        ]
      ], 
      "projected_cuboid_centroid": [
        302.68047489195015, 
        320.9973107614455
      ], 
      "quaternion_xyzw": [
        0.959723806122379, 
        0.008882999273577412, 
        0.021962452045116265, 
        0.2799446716006757
      ], 
      "visibility": 0.7985438972162741
    }, 
    {
      "bounding_box": {
        "bottom_right": [
          279, 
          261
        ], 
        "top_left": [
          226, 
          186
        ]
      }, 
      "class": "061_foam_brick", 
      "cuboid": [
        [
          -38.10010142675388, 
          -6.638414160176723, 
          71.72540110228192
        ], 
        [
          -30.361598342947328, 
          -6.177647273220743, 
          72.46490029590198
        ], 
        [
          -30.304435071755293, 
          -2.122920028506269, 
          69.34029621203348
        ], 
        [
          -38.04293815556184, 
          -2.5836869154622497, 
          68.60079701841342
        ], 
        [
          -38.68523819643121, 
          -3.4449439736391105, 
          75.8587894907071
        ], 
        [
          -30.94673511262466, 
          -2.9841770866831303, 
          76.59828868432716
        ], 
        [
          -30.889571841432623, 
          1.0705501580313435, 
          73.47368460045865
        ], 
        [
          -38.628074925239176, 
          0.6097832710753635, 
          72.73418540683859
        ]
      ], 
      "cuboid_centroid": [
        -34.494836634093254, 
        -2.78393200107269, 
        72.59954285137029
      ], 
      "location": [
        -34.494836634093254, 
        -2.78393200107269, 
        72.59954285137029
      ], 
      "pose_transform_permuted": [
        [
          0.1113273906023301, 
          -0.6075856470780641, 
          -0.786413309632032, 
          0.0
        ], 
        [
          -0.9937210511243415, 
          -0.05916825906386547, 
          -0.09496099026276505, 
          0.0
        ], 
        [
          -0.011166228280395984, 
          -0.7920472199206822, 
          0.6103576957505399, 
          0.0
        ], 
        [
          -34.494836634093254, 
          -2.78393200107269, 
          72.59954285137029, 
          1.0
        ]
      ], 
      "projected_cuboid": [
        [
          195.94005905611886, 
          223.9261131052579
        ], 
        [
          256.2828128753407, 
          227.82093663127702
        ], 
        [
          246.5730548908027, 
          256.95844470005477
        ], 
        [
          183.37716259911258, 
          253.2003161197678
        ], 
        [
          207.3568754064643, 
          249.06711533570183
        ], 
        [
          264.33319938925143, 
          252.50904925009277
        ], 
        [
          255.51203807494747, 
          281.0572842989749
        ], 
        [
          195.99836944126662, 
          277.7577416958316
        ]
      ], 
      "projected_cuboid_centroid": [
        226.08468962504216, 
        252.83564537142934
      ], 
      "quaternion_xyzw": [
        -0.012698804934011916, 
        0.9450107910332368, 
        -0.322203554283479, 
        0.05457302255764396
      ], 
      "visibility": 0.9484866123399301
    }
  ]
}