{
  "camera_data": {
    "location_worldframe": [
      -11.972478197317487, 
      2.676048525874644, 
      89.73223387512903
    ], 
    "quaternion_xyzw_worldframe": [
      0.9444804912155959, 
      -0.03448965394246555, 
      0.159239932420764, 
      -0.2853276417852505
    ]
  }, 
  "objects": [
    {
      "bounding_box": {
        "bottom_right": [
          450, 
          405
        ], 
        "top_left": [
          285, 
          259
        ]
      }, 
      "class": "003_cracker_box", 
      "cuboid": [
        [
          -9.51751757418078, 
          13.401556885330443, 
          66.13795826963104
        ], 
        [
          -24.861344340879864, 
          16.698796800073776, 
          61.365819882565106
        ], 
        [
          -32.39846295636665, 
          4.453557982259292, 
          77.13919987599604
        ], 
        [
          -17.054636189667562, 
          1.1563180675159588, 
          81.91133826306198
        ], 
        [
          -9.649327432119119, 
          19.102518449234328, 
          70.50076252185042
        ], 
        [
          -24.993154198818207, 
          22.39975836397766, 
          65.72862413478448
        ], 
        [
          -32.530272814304986, 
          10.154519546163181, 
          81.50200412821542
        ], 
        [
          -17.1864460476059, 
          6.857279631419846, 
          86.27414251528135
        ]
      ], 
      "cuboid_centroid": [
        -21.023895194242883, 
        11.778038215746811, 
        73.81998119892323
      ], 
      "location": [
        -21.023895194242883, 
        11.778038215746811, 
        73.81998119892323
      ], 
      "pose_transform_permuted": [
        [
          0.018357919371822577, 
          -0.7940058078278577, 
          -0.6076329187362783, 
          0.0
        ], 
        [
          0.9353938232281894, 
          -0.20100708231704462, 
          0.29092017517686797, 
          0.0
        ], 
        [
          0.35313082881970004, 
          0.5737167680955646, 
          -0.7390180564391453, 
          0.0
        ], 
        [
          -21.023895194242883, 
          11.778038215746811, 
          73.81998119892323, 
          1.0
        ]
      ], 
      "projected_cuboid": [
        [
          404.21066915804727, 
          381.35326575659093
        ], 
        [
          263.73089462523734, 
          418.41285367179665
        ], 
        [
          255.7361885249148, 
          304.0772344178155
        ], 
        [
          369.630034083776, 
          280.8152523555108
        ], 
        [
          407.99416179608147, 
          417.7920271767792
        ], 
        [
          277.1135705177983, 
          455.037334549362
        ], 
        [
          266.95682317324633, 
          339.7340344521159
        ], 
        [
          374.4705070870253, 
          315.6760814540817
        ]
      ], 
      "projected_cuboid_centroid": [
        328.44213508105764, 
        358.3781125087874
      ], 
      "quaternion_xyzw": [
        0.882715060206298, 
        -0.15694133251992948, 
        0.08759284521451625, 
        0.43417857397514054
      ], 
      "visibility": 0.6669457935577513
    }, 
    {
      "bounding_box": {
        "bottom_right": [
          443, 
          427
        ], 
        "top_left": [
          341, 
          354
        ]
      }, 
      "class": "006_mustard_bottle", 
      "cuboid": [
        [
          -5.280303895482103, 
          21.376909264421577, 
          75.64975462270496
        ], 
        [
          -14.044347533190194, 
          20.9892753845073, 
          71.74496949395632
        ], 
        [
          -20.212744061658046, 
          10.655705734950525, 
          86.61537494067282
        ], 
        [
          -11.448700423949953, 
          11.043339614864799, 
          90.52016006942146
        ], 
        [
          -6.742583073481087, 
          26.273232699571736, 
          78.44568252041013
        ], 
        [
          -15.506626711189181, 
          25.885598819657464, 
          74.54089739166149
        ], 
        [
          -21.675023239657033, 
          15.552029170100687, 
          89.41130283837799
        ], 
        [
          -12.910979601948942, 
          15.93966305001496, 
          93.31608796712662
        ]
      ], 
      "cuboid_centroid": [
        -13.477663567569568, 
        18.464469217261133, 
        82.53052873054148
      ], 
      "location": [
        -13.477663567569568, 
        18.464469217261133, 
        82.53052873054148
      ], 
      "pose_transform_permuted": [
        [
          0.25103935522807325, 
          -0.8405849557607896, 
          -0.47999584981068105, 
          0.0
        ], 
        [
          0.9126930555352023, 
          0.040368437779760354, 
          0.4066467965805354, 
          0.0
        ], 
        [
          0.3224445480043488, 
          0.5401733140120318, 
          -0.7773302414621023, 
          0.0
        ], 
        [
          -13.477663567569568, 
          18.464469217261133, 
          82.53052873054148, 
          1.0
        ]
      ], 
      "projected_cuboid": [
        [
          444.06148882333827, 
          423.9905871253961
        ], 
        [
          376.32774067043414, 
          429.3112973211514
        ], 
        [
          356.1033393208047, 
          338.8972513778813
        ], 
        [
          413.5823955341487, 
          338.35082063073935
        ], 
        [
          435.37504072310395, 
          451.90732451418575
        ], 
        [
          369.7268585903748, 
          458.4908654809796
        ], 
        [
          351.23270560838085, 
          366.051115290597
        ], 
        [
          407.19338999753614, 
          364.3848109471557
        ]
      ], 
      "projected_cuboid_centroid": [
        393.7774147005997, 
        392.6055727422288
      ], 
      "quaternion_xyzw": [
        0.8562800679914715, 
        -0.0823550964132094, 
        0.19201841091294658, 
        0.47236741158122075
      ], 
      "visibility": 0.3251334858886346
    }, 
    {
      "bounding_box": {
        "bottom_right": [
          342, 
          371
        ], 
        "top_left": [
          272, 
          280
        ]
      }, 
      "class": "008_pudding_box", 
      "cuboid": [
        [
          -14.773068600259728, 
          4.775848926440878, 
          72.74933650182392
        ], 
        [
          -25.359472814720718, 
          6.619934208712469, 
          69.04801702595724
        ], 
        [
          -28.574081267673, 
          1.5033982427656558, 
          75.69318541398104
        ], 
        [
          -17.98767705321201, 
          -0.3406870395059346, 
          79.39450488984772
        ], 
        [
          -15.024952335458073, 
          7.875470809352023, 
          75.01408044234202
        ], 
        [
          -25.611356549919062, 
          9.719556091623613, 
          71.31276096647532
        ], 
        [
          -28.825965002871346, 
          4.6030201256767995, 
          77.95792935449913
        ], 
        [
          -18.239560788410355, 
          2.7589348434052092, 
          81.65924883036583
        ]
      ], 
      "cuboid_centroid": [
        -21.799516801565538, 
        4.689434526058839, 
        75.35363292816153
      ], 
      "location": [
        -21.799516801565538, 
        4.689434526058839, 
        75.35363292816153
      ], 
      "pose_transform_permuted": [
        [
          0.06547366429896725, 
          -0.8057034824247401, 
          -0.5886886041603256, 
          0.0
        ], 
        [
          0.9314589826732457, 
          -0.16225431848153335, 
          0.32566556157283505, 
          0.0
        ], 
        [
          0.3579064623800388, 
          0.569662313159929, 
          -0.7398564224806286, 
          0.0
        ], 
        [
          -21.799516801565538, 
          4.689434526058839, 
          75.35363292816153, 
          1.0
        ]
      ], 
      "projected_cuboid": [
        [
          372.3943587008547, 
          308.2979055239276
        ], 
        [
          284.09086141822564, 
          324.41820989438395
        ], 
        [
          278.59183601177716, 
          283.8791919936407
        ], 
        [
          359.7608602015243, 
          270.99802859211167
        ], 
        [
          373.8855743040598, 
          329.27793032474995
        ], 
        [
          288.463809168204, 
          345.9752059441037
        ], 
        [
          282.7517831110184, 
          304.77635300193475
        ], 
        [
          361.481103877552, 
          291.30524378336844
        ]
      ], 
      "projected_cuboid_centroid": [
        326.0240026647353, 
        306.47627508582116
      ], 
      "quaternion_xyzw": [
        0.8788927551176965, 
        -0.14795911612444546, 
        0.11125908809528846, 
        0.4396326787044672
      ], 
      "visibility": 0.7763975155279503
    }, 
    {
      "bounding_box": {
        "bottom_right": [
          513, 
          381
        ], 
        "top_left": [
          338, 
          232
        ]
      }, 
      "class": "019_pitcher_base", 
      "cuboid": [
        [
          -31.238749293107187, 
          34.06754668457207, 
          68.9270522885667
        ], 
        [
          -13.759614205391602, 
          32.602965957299276, 
          75.862642658727
        ], 
        [
          -22.170072465399297, 
          19.208616518550894, 
          94.23028308080339
        ], 
        [
          -39.649207553114884, 
          20.673197245823687, 
          87.29469271064309
        ], 
        [
          -29.317302988006638, 
          23.022136151423354, 
          61.75215984733968
        ], 
        [
          -11.838167900291053, 
          21.55755542415056, 
          68.68775021749998
        ], 
        [
          -20.24862616029875, 
          8.16320598540218, 
          87.05539063957637
        ], 
        [
          -37.72776124801433, 
          9.627786712674972, 
          80.11980026941607
        ]
      ], 
      "cuboid_centroid": [
        -25.74368772670297, 
        21.115376334987126, 
        77.99122146407154
      ], 
      "location": [
        -25.74368772670297, 
        21.115376334987126, 
        77.99122146407154
      ], 
      "pose_transform_permuted": [
        [
          -0.1443545944263448, 
          0.8298206166639259, 
          0.5390359780841096, 
          0.0
        ], 
        [
          -0.9266950021683888, 
          0.07764798620898017, 
          -0.367705661685274, 
          0.0
        ], 
        [
          0.34698469634412465, 
          0.5526017880418026, 
          -0.7577815545102545, 
          0.0
        ], 
        [
          -25.74368772670297, 
          21.115376334987126, 
          77.99122146407154, 
          1.0
        ]
      ], 
      "projected_cuboid": [
        [
          237.87454254408766, 
          536.8824585122378
        ], 
        [
          384.05992619158985, 
          502.48762569874594
        ], 
        [
          355.0743966181714, 
          382.00245201708896
        ], 
        [
          237.34491017224494, 
          399.58769782976265
        ], 
        [
          226.28955134269694, 
          472.11611878216905
        ], 
        [
          388.9147390890296, 
          440.6681516838981
        ], 
        [
          356.51598590619534, 
          323.29605010343005
        ], 
        [
          228.36837401787062, 
          337.3741565126632
        ]
      ], 
      "projected_cuboid_centroid": [
        304.0895408736718, 
        417.6777078346341
      ], 
      "quaternion_xyzw": [
        -0.14736946745224508, 
        0.45690733404813905, 
        0.8686674807275654, 
        0.12220806349209923
      ], 
      "visibility": 0.29639221827380596
    }, 
    {
      "bounding_box": {
        "bottom_right": [
          358, 
          460
        ], 
        "top_left": [
          232, 
          303
        ]
      }, 
      "class": "035_power_drill", 
      "cuboid": [
        [
          -1.7844436421192988, 
          4.485174081781795, 
          61.90328259087487
        ], 
        [
          -19.35188283458933, 
          7.505008213220145, 
          57.19634823522923
        ], 
        [
          -24.98430752949961, 
          -3.7947476237080453, 
          70.96835791467731
        ], 
        [
          -7.416868337029578, 
          -6.814581755146396, 
          75.67529227032296
        ], 
        [
          -1.9770141840959017, 
          8.942454974368616, 
          65.48166803612655
        ], 
        [
          -19.544453376565933, 
          11.962289105806963, 
          60.77473368048091
        ], 
        [
          -25.17687807147621, 
          0.6625332688787746, 
          74.546743359929
        ], 
        [
          -7.609438879006182, 
          -2.357300862559575, 
          79.25367771557464
        ]
      ], 
      "cuboid_centroid": [
        -13.480660856797755, 
        2.573853675330285, 
        68.22501297540194
      ], 
      "location": [
        -13.480660856797755, 
        2.573853675330285, 
        68.22501297540194
      ], 
      "pose_transform_permuted": [
        [
          0.03367088709179016, 
          -0.7793538935405736, 
          -0.6256793539720783, 
          0.0
        ], 
        [
          0.9528826154476325, 
          -0.16380005155312635, 
          0.2553107411050788, 
          0.0
        ], 
        [
          0.30146357522475387, 
          0.6047954439311709, 
          -0.7371175827256167, 
          0.0
        ], 
        [
          -13.480660856797755, 
          2.573853675330285, 
          68.22501297540194, 
          1.0
        ]
      ], 
      "projected_cuboid": [
        [
          466.0953131053257, 
          311.92796492409144
        ], 
        [
          299.6493296613936, 
          343.2659680581489
        ], 
        [
          292.27802615781394, 
          244.7694173887787
        ], 
        [
          428.8912942509585, 
          225.26095668393666
        ], 
        [
          465.36096635222424, 
          346.1189276026926
        ], 
        [
          308.65836353301745, 
          378.2598164037261
        ], 
        [
          299.9765381728216, 
          278.0264092470307
        ], 
        [
          429.96435573800443, 
          257.4236184341422
        ]
      ], 
      "projected_cuboid_centroid": [
        375.3396419658859, 
        293.406527841541
      ], 
      "quaternion_xyzw": [
        0.8920982868146987, 
        -0.13038463184340865, 
        0.08098368544925097, 
        0.42497320605806255
      ], 
      "visibility": 0.8092199257072102
    }, 
    {
      "bounding_box": {
        "bottom_right": [
          290, 
          306
        ], 
        "top_left": [
          235, 
          240
        ]
      }, 
      "class": "061_foam_brick", 
      "cuboid": [
        [
          -32.32092887416468, 
          -4.638162009843968, 
          72.00930256944089
        ], 
        [
          -24.94711491151394, 
          -5.5447876328040655, 
          74.3435032428134
        ], 
        [
          -23.337616797726348, 
          -2.827513412908449, 
          70.3144626640731
        ], 
        [
          -30.711430760377084, 
          -1.9208877899483505, 
          67.98026199070061
        ], 
        [
          -32.67556049489907, 
          -0.22591463576727455, 
          74.84335372717071
        ], 
        [
          -25.30174653224833, 
          -1.1325402587273732, 
          77.1775544005432
        ], 
        [
          -23.69224841846074, 
          1.5847339611682443, 
          73.14851382180292
        ], 
        [
          -31.066062381111475, 
          2.4913595841283427, 
          70.81431314843041
        ]
      ], 
      "cuboid_centroid": [
        -28.006588646312707, 
        -1.5267140243378619, 
        72.5789081956219
      ], 
      "location": [
        -28.006588646312707, 
        -1.5267140243378619, 
        72.5789081956219
      ], 
      "pose_transform_permuted": [
        [
          0.06747176900745089, 
          -0.8394686717753398, 
          -0.53920303179299, 
          0.0
        ], 
        [
          -0.946890384665486, 
          0.11642212418438469, 
          -0.29974070198830854, 
          0.0
        ], 
        [
          -0.31439809130313345, 
          -0.5307902015939469, 
          0.7870296068616504, 
          0.0
        ], 
        [
          -28.006588646312707, 
          -1.5267140243378619, 
          72.5789081956219, 
          1.0
        ]
      ], 
      "projected_cuboid": [
        [
          240.2250247787111, 
          238.93510640931538
        ], 
        [
          301.14201704182614, 
          233.50977605724597
        ], 
        [
          303.11130528960274, 
          251.84047670685135
        ], 
        [
          238.65151526789975, 
          258.2167655878847
        ], 
        [
          246.81682714844467, 
          271.67671301529504
        ], 
        [
          305.297509224753, 
          265.4603519432732
        ], 
        [
          307.41938543922885, 
          284.84069829788854
        ], 
        [
          245.6813370761682, 
          292.04956477450406
        ]
      ], 
      "projected_cuboid_centroid": [
        274.0858787218101, 
        262.06803790580966
      ], 
      "quaternion_xyzw": [
        0.12401859289392592, 
        0.8684589250581202, 
        -0.4682139338161961, 
        0.10570807104411538
      ], 
      "visibility": 0.9075712881022615
    }
  ]
}