{
  "camera_data": {
    "location_worldframe": [
      -17.5237789431765, 
      -0.9892500643745916, 
      91.03095470241868
    ], 
    "quaternion_xyzw_worldframe": [
      0.8829665992889435, 
      0.031700082525812245, 
      0.0041431278200212, 
      -0.4683447555053523
    ]
  }, 
  "objects": [
    {
      "bounding_box": {
        "bottom_right": [
          410, 
          334
        ], 
        "top_left": [
          268, 
          191
        ]
      }, 
      "class": "003_cracker_box", 
      "cuboid": [
        [
          -23.807984615592247, 
          17.102141027169427, 
          73.39682641156892
        ], 
        [
          -40.20381124560715, 
          17.01790475283584, 
          72.89894183083075
        ], 
        [
          -40.43714900156865, 
          -1.3910316781447274, 
          83.6975602664527
        ], 
        [
          -24.041322371553754, 
          -1.3067954038111425, 
          84.19544484719088
        ], 
        [
          -24.014602315566002, 
          20.735446531345424, 
          79.58623654294045
        ], 
        [
          -40.410428945580904, 
          20.65121025701184, 
          79.08835196220227
        ], 
        [
          -40.643766701542404, 
          2.2422738260312713, 
          89.88697039782423
        ], 
        [
          -24.24794007152751, 
          2.3265101003648563, 
          90.38485497856242
        ]
      ], 
      "cuboid_centroid": [
        -32.225875658567325, 
        9.672207426600348, 
        81.64189840469658
      ], 
      "location": [
        -32.225875658567325, 
        9.672207426600348, 
        81.64189840469658
      ], 
      "pose_transform_permuted": [
        [
          0.02877683912446044, 
          -0.506031419365188, 
          -0.8620348578481369, 
          0.0
        ], 
        [
          0.9995260758366569, 
          0.005135230728386453, 
          0.03035215194906965, 
          0.0
        ], 
        [
          0.010932394640613408, 
          0.8624997576930784, 
          -0.5059393745566777, 
          0.0
        ], 
        [
          -32.225875658567325, 
          9.672207426600348, 
          81.64189840469658, 
          1.0
        ]
      ], 
      "projected_cuboid": [
        [
          307.160678740358, 
          397.5549453482487
        ], 
        [
          185.01988259136905, 
          397.78741057695765
        ], 
        [
          221.7849115237194, 
          264.4229052494385
        ], 
        [
          328.04294113493586, 
          265.0088980055978
        ], 
        [
          319.33045632262116, 
          412.23794693514384
        ], 
        [
          206.82494282703425, 
          412.54465340547233
        ], 
        [
          238.43885401722994, 
          286.590452185707
        ], 
        [
          337.3287657468698, 
          287.0142072603685
        ]
      ], 
      "projected_cuboid_centroid": [
        269.3296339871353, 
        336.4695081707053
      ], 
      "quaternion_xyzw": [
        0.9648912751416441, 
        -0.001502025166352536, 
        0.01532011756061585, 
        0.2621981408665216
      ], 
      "visibility": 0.35799775956606333
    }, 
    {
      "bounding_box": {
        "bottom_right": [
          417, 
          372
        ], 
        "top_left": [
          305, 
          306
        ]
      }, 
      "class": "006_mustard_bottle", 
      "cuboid": [
        [
          -19.03969192517253, 
          22.392361900521774, 
          84.41094886794902
        ], 
        [
          -28.22341720991525, 
          20.697651070854672, 
          82.17639904563762
        ], 
        [
          -27.826298648802204, 
          4.708072697870393, 
          92.67098888455006
        ], 
        [
          -18.642573364059484, 
          6.402783527537495, 
          94.90553870686146
        ], 
        [
          -20.736627669336734, 
          25.42038138574439, 
          89.08865807892678
        ], 
        [
          -29.920352954079455, 
          23.725670556077286, 
          86.85410825661538
        ], 
        [
          -29.52323439296641, 
          7.736092183093006, 
          97.34869809552782
        ], 
        [
          -20.339509108223687, 
          9.430803012760109, 
          99.58324791783922
        ]
      ], 
      "cuboid_centroid": [
        -24.281463159069467, 
        15.06422704180739, 
        90.87982348173841
      ], 
      "location": [
        -24.281463159069467, 
        15.06422704180739, 
        90.87982348173841
      ], 
      "pose_transform_permuted": [
        [
          0.29132443481920944, 
          -0.5198405821715492, 
          -0.8030539735067541, 
          0.0
        ], 
        [
          0.9563989680817825, 
          0.17648825922345135, 
          0.2327074338489236, 
          0.0
        ], 
        [
          -0.020758833248036894, 
          0.8358334856494135, 
          -0.5485904256449727, 
          0.0
        ], 
        [
          -24.281463159069467, 
          15.06422704180739, 
          90.87982348173841, 
          1.0
        ]
      ], 
      "projected_cuboid": [
        [
          360.29928291467337, 
          414.76445376326114
        ], 
        [
          296.90245590521636, 
          407.6129719688832
        ], 
        [
          320.1227787908354, 
          300.3813968902551
        ], 
        [
          375.96250560674014, 
          309.26683890558456
        ], 
        [
          356.42499386932406, 
          425.46289237983626
        ], 
        [
          296.34285899740456, 
          418.97181396214035
        ], 
        [
          318.50774734479785, 
          315.66830105763046
        ], 
        [
          371.76076262416984, 
          323.7933454706234
        ]
      ], 
      "projected_cuboid_centroid": [
        337.916143163319, 
        361.68951874147814
      ], 
      "quaternion_xyzw": [
        0.948062026878773, 
        0.05201323512578303, 
        0.13818501685838006, 
        0.2817407979449482
      ], 
      "visibility": 0.408671767706494
    }, 
    {
      "bounding_box": {
        "bottom_right": [
          321, 
          316
        ], 
        "top_left": [
          258, 
          226
        ]
      }, 
      "class": "008_pudding_box", 
      "cuboid": [
        [
          -25.1153045493917, 
          5.628558173862003, 
          76.91560823516976
        ], 
        [
          -36.44225284422272, 
          5.318856523450509, 
          76.03430363593331
        ], 
        [
          -36.586655953138575, 
          -2.4106034941324057, 
          80.60655759656727
        ], 
        [
          -25.25970765830755, 
          -2.100901843720912, 
          81.48786219580371
        ], 
        [
          -25.425390979012892, 
          7.5851465764861725, 
          80.21345216387135
        ], 
        [
          -36.752339273843916, 
          7.2754449260746785, 
          79.33214756463491
        ], 
        [
          -36.89674238275977, 
          -0.45401509150823605, 
          83.90440152526887
        ], 
        [
          -25.56979408792874, 
          -0.1443134410967422, 
          84.78570612450531
        ]
      ], 
      "cuboid_centroid": [
        -31.00602346607573, 
        2.587271541176883, 
        80.4100048802193
      ], 
      "location": [
        -31.00602346607573, 
        2.587271541176883, 
        80.4100048802193
      ], 
      "pose_transform_permuted": [
        [
          0.0806026430436091, 
          -0.5085878694938045, 
          -0.8572285389057331, 
          0.0
        ], 
        [
          0.9966167474583765, 
          0.02724951535767544, 
          0.07754276795030038, 
          0.0
        ], 
        [
          0.016077480858138805, 
          0.8605787396783522, 
          -0.5090633164517204, 
          0.0
        ], 
        [
          -31.00602346607573, 
          2.587271541176883, 
          80.4100048802193, 
          1.0
        ]
      ], 
      "projected_cuboid": [
        [
          306.00062784227515, 
          312.3139911605163
        ], 
        [
          223.85376941598923, 
          310.59404536147485
        ], 
        [
          237.51038817797334, 
          257.33718982646144
        ], 
        [
          314.9003180351092, 
          259.5366117300331
        ], 
        [
          311.1411164054638, 
          323.71831845385924
        ], 
        [
          232.46621560280946, 
          322.1965621579203
        ], 
        [
          245.1167406804972, 
          270.4006924840014
        ], 
        [
          319.41743019585584, 
          272.3787766644665
        ]
      ], 
      "projected_cuboid_centroid": [
        274.2357615022555, 
        290.44662374372905
      ], 
      "quaternion_xyzw": [
        0.9636420531040638, 
        0.0028983880642063898, 
        0.0410280483516921, 
        0.26401172060400646
      ], 
      "visibility": 0.7979087070178966
    }, 
    {
      "bounding_box": {
        "bottom_right": [
          442, 
          307
        ], 
        "top_left": [
          289, 
          182
        ]
      }, 
      "class": "019_pitcher_base", 
      "cuboid": [
        [
          -47.96647536098534, 
          28.176068457092207, 
          87.55339967114554
        ], 
        [
          -29.389662976303548, 
          29.83185065213639, 
          90.36907025750278
        ], 
        [
          -29.505396310774152, 
          9.279668825639162, 
          103.21854680992371
        ], 
        [
          -48.08220869545594, 
          7.623886630594982, 
          100.40287622356647
        ], 
        [
          -45.66225624496106, 
          21.21694897263914, 
          76.44334289546669
        ], 
        [
          -27.08544386027927, 
          22.87273116768332, 
          79.25901348182393
        ], 
        [
          -27.20117719474987, 
          2.320549341186093, 
          92.10849003424485
        ], 
        [
          -45.77798957943166, 
          0.6647671461419147, 
          89.29281944788761
        ]
      ], 
      "cuboid_centroid": [
        -37.5838262778676, 
        15.24830889913915, 
        89.8309448526952
      ], 
      "location": [
        -37.5838262778676, 
        15.24830889913915, 
        89.8309448526952
      ], 
      "pose_transform_permuted": [
        [
          -0.1731115853095406, 
          0.5228253675764968, 
          0.834677365508197, 
          0.0
        ], 
        [
          -0.9848907916046287, 
          -0.08778495486914745, 
          -0.14927900305339473, 
          0.0
        ], 
        [
          0.004774733394626918, 
          0.8479077298541695, 
          -0.5301223288775516, 
          0.0
        ], 
        [
          -37.5838262778676, 
          15.24830889913915, 
          89.8309448526952, 
          1.0
        ]
      ], 
      "projected_cuboid": [
        [
          186.98093073987584, 
          444.9172129909675
        ], 
        [
          306.7064433638693, 
          449.34135529544136
        ], 
        [
          327.87527241009934, 
          321.2336294975535
        ], 
        [
          224.06578407333234, 
          313.78306749239584
        ], 
        [
          160.3719963652733, 
          421.310080040876
        ], 
        [
          297.82519918976266, 
          427.1930139323622
        ], 
        [
          322.7863630274967, 
          286.72280652637966
        ], 
        [
          205.90014568877058, 
          277.25699539871044
        ]
      ], 
      "projected_cuboid_centroid": [
        256.60523073456375, 
        363.8146044454914
      ], 
      "quaternion_xyzw": [
        -0.08417220914532571, 
        0.2749116659238325, 
        0.9575327523075902, 
        -0.021672945722867293
      ], 
      "visibility": 0.19159237626806025
    }, 
    {
      "bounding_box": {
        "bottom_right": [
          382, 
          359
        ], 
        "top_left": [
          246, 
          211
        ]
      }, 
      "class": "035_power_drill", 
      "cuboid": [
        [
          -15.727982690301356, 
          12.8281144682123, 
          64.81324265350227
        ], 
        [
          -34.1349096980944, 
          11.806729418330036, 
          64.63615595003373
        ], 
        [
          -33.315505467550935, 
          -4.526589052342226, 
          73.67098992589645
        ], 
        [
          -14.908578459757893, 
          -3.505204002459963, 
          73.84807662936498
        ], 
        [
          -15.929227349144847, 
          15.586965648597115, 
          69.81899130037039
        ], 
        [
          -34.33615435693789, 
          14.56558059871485, 
          69.64190459690185
        ], 
        [
          -33.51675012639442, 
          -1.7677378719574124, 
          78.67673857276456
        ], 
        [
          -15.109823118601383, 
          -0.7463528220751491, 
          78.85382527623311
        ]
      ], 
      "cuboid_centroid": [
        -24.62236640834789, 
        5.530188298127444, 
        71.74499061313342
      ], 
      "location": [
        -24.62236640834789, 
        5.530188298127444, 
        71.74499061313342
      ], 
      "pose_transform_permuted": [
        [
          0.035187553175024325, 
          -0.48238409491039974, 
          -0.8752532748184071, 
          0.0
        ], 
        [
          0.99841761553144, 
          0.05540136197699735, 
          0.009605431919436271, 
          0.0
        ], 
        [
          -0.04385687199992919, 
          0.8742061986026789, 
          -0.48357030931756423, 
          0.0
        ], 
        [
          -24.62236640834789, 
          5.530188298127444, 
          71.74499061313342, 
          1.0
        ]
      ], 
      "projected_cuboid": [
        [
          351.0999234966069, 
          378.84343316154445
        ], 
        [
          197.59926759425343, 
          370.70507903554613
        ], 
        [
          238.40934901831096, 
          240.51762054174134
        ], 
        [
          373.0323316259598, 
          247.97248753020892
        ], 
        [
          358.9060198553917, 
          392.34918652142744
        ], 
        [
          216.45859491941187, 
          384.83014694094527
        ], 
        [
          252.50645681145622, 
          261.30371761889256
        ], 
        [
          378.5517297011089, 
          268.23865888903447
        ]
      ], 
      "projected_cuboid_centroid": [
        297.040313640374, 
        314.39543900448973
      ], 
      "quaternion_xyzw": [
        0.9679717311151868, 
        0.025635623124699233, 
        0.011568774080534154, 
        0.24947898093963478
      ], 
      "visibility": 0.7992814138667702
    }, 
    {
      "bounding_box": {
        "bottom_right": [
          271, 
          261
        ], 
        "top_left": [
          220, 
          188
        ]
      }, 
      "class": "061_foam_brick", 
      "cuboid": [
        [
          -39.74751096081065, 
          -7.825399201927094, 
          75.50587081860995
        ], 
        [
          -32.004745270091426, 
          -7.191177194651057, 
          76.04525663940186
        ], 
        [
          -32.15243555038154, 
          -2.9513642354065532, 
          73.18005071290004
        ], 
        [
          -39.895201241100764, 
          -3.58558624268259, 
          72.64066489210813
        ], 
        [
          -40.28859815129042, 
          -4.911047401706756, 
          79.84629875580143
        ], 
        [
          -32.5458324605712, 
          -4.276825394430719, 
          80.38568457659333
        ], 
        [
          -32.69352274086131, 
          -0.03701243518621569, 
          77.5204786500915
        ], 
        [
          -40.436288431580536, 
          -0.6712344424622527, 
          76.9810928292996
        ]
      ], 
      "cuboid_centroid": [
        -36.220516850835985, 
        -3.9312058185566547, 
        76.51317473435073
      ], 
      "location": [
        -36.220516850835985, 
        -3.9312058185566547, 
        76.51317473435073
      ], 
      "pose_transform_permuted": [
        [
          0.10294657270927676, 
          -0.5544809316882405, 
          -0.8258043954603016, 
          0.0
        ], 
        [
          -0.9942684234230815, 
          -0.08144207644439161, 
          -0.069263918227353, 
          0.0
        ], 
        [
          0.028849702792111576, 
          -0.8282017173240867, 
          0.5596870644121055, 
          0.0
        ], 
        [
          -36.220516850835985, 
          -3.9312058185566547, 
          76.51317473435073, 
          1.0
        ]
      ], 
      "projected_cuboid": [
        [
          198.50939709012013, 
          218.01350298067956
        ], 
        [
          255.27131037972774, 
          222.85346965546177
        ], 
        [
          245.32471405095188, 
          251.77766598039713
        ], 
        [
          186.25005178483948, 
          246.9615674816206
        ], 
        [
          210.2537663766345, 
          240.48404376411025
        ], 
        [
          263.87201370371423, 
          244.91189952848723
        ], 
        [
          254.8002219672507, 
          273.0319026018634
        ], 
        [
          199.12276100711023, 
          268.63627309291405
        ]
      ], 
      "projected_cuboid_centroid": [
        227.0253468153415, 
        245.8848642724061
      ], 
      "quaternion_xyzw": [
        -0.028871502875383842, 
        0.9550228447800961, 
        -0.29166003781744476, 
        0.0450802019757661
      ], 
      "visibility": 0.9564369310793238
    }
  ]
}