{
  "camera_data": {
    "location_worldframe": [
      -12.38555613303864, 
      3.625985182040788, 
      82.58905087307456
    ], 
    "quaternion_xyzw_worldframe": [
      0.923503094433052, 
      0.005922686780389485, 
      0.07814815056545579, 
      -0.37549995693360416
    ]
  }, 
  "objects": [
    {
      "bounding_box": {
        "bottom_right": [
          475, 
          359
        ], 
        "top_left": [
          296, 
          207
        ]
      }, 
      "class": "003_cracker_box", 
      "cuboid": [
        [
          -14.510980955299498, 
          18.344463115344283, 
          61.220807338539075
        ], 
        [
          -30.650554695471584, 
          19.9025891216007, 
          58.737962494145556
        ], 
        [
          -34.316604264967594, 
          4.185921283740876, 
          72.7057819293608
        ], 
        [
          -18.177030524795505, 
          2.6277952774844597, 
          75.18862677375432
        ], 
        [
          -14.86491039474404, 
          23.15425936838197, 
          66.53992300668371
        ], 
        [
          -31.004484134916126, 
          24.712385374638387, 
          64.0570781622902
        ], 
        [
          -34.67053370441213, 
          8.995717536778566, 
          78.02489759750544
        ], 
        [
          -18.530959964240047, 
          7.43759153052215, 
          80.50774244189896
        ]
      ], 
      "cuboid_centroid": [
        -24.590757329855816, 
        13.670090326061423, 
        69.62285246802226
      ], 
      "location": [
        -24.590757329855816, 
        13.670090326061423, 
        69.62285246802226
      ], 
      "pose_transform_permuted": [
        [
          0.04929379497303377, 
          -0.6698880735420055, 
          -0.740823926924163, 
          0.0
        ], 
        [
          0.9839043294504451, 
          -0.09498682852876095, 
          0.15135974661288987, 
          0.0
        ], 
        [
          0.1717626043870638, 
          0.7363609653778701, 
          -0.6544235145545619, 
          0.0
        ], 
        [
          -24.590757329855816, 
          13.670090326061423, 
          69.62285246802226, 
          1.0
        ]
      ], 
      "projected_cuboid": [
        [
          354.1325066397274, 
          433.0926863726715
        ], 
        [
          200.98186315949377, 
          453.9948922321738
        ], 
        [
          227.77633437845853, 
          303.99157594390283
        ], 
        [
          351.59133038264173, 
          291.92572241905174
        ], 
        [
          361.4614636318859, 
          458.86865766230227
        ], 
        [
          221.31207893986814, 
          479.03427804813026
        ], 
        [
          242.6404529525315, 
          334.7745049607536
        ], 
        [
          357.8166328097195, 
          322.5564975473485
        ]
      ], 
      "projected_cuboid_centroid": [
        291.6590818696452, 
        378.001105342138
      ], 
      "quaternion_xyzw": [
        0.930200142677972, 
        -0.07169140829947478, 
        0.05392751849302509, 
        0.355921141950156
      ], 
      "visibility": 0.49580536912751677
    }, 
    {
      "bounding_box": {
        "bottom_right": [
          472, 
          398
        ], 
        "top_left": [
          347, 
          331
        ]
      }, 
      "class": "006_mustard_bottle", 
      "cuboid": [
        [
          -10.223691678730194, 
          25.214027279235786, 
          71.53889716528802
        ], 
        [
          -19.28053258966719, 
          24.087620690238825, 
          68.55378264144679
        ], 
        [
          -21.983942213875412, 
          10.598102126704504, 
          81.84608119783621
        ], 
        [
          -12.927101302938414, 
          11.724508715701464, 
          84.83119572167743
        ], 
        [
          -11.975341977412164, 
          29.287329129739714, 
          75.31638173189907
        ], 
        [
          -21.032182888349162, 
          28.160922540742757, 
          72.33126720805785
        ], 
        [
          -23.73559251255738, 
          14.671403977208433, 
          85.62356576444726
        ], 
        [
          -14.678751601620387, 
          15.797810566205396, 
          88.60868028828848
        ]
      ], 
      "cuboid_centroid": [
        -16.979642095643786, 
        19.94271562822211, 
        78.58123146486764
      ], 
      "location": [
        -16.979642095643786, 
        19.94271562822211, 
        78.58123146486764
      ], 
      "pose_transform_permuted": [
        [
          0.3007176524033693, 
          -0.6992912745971775, 
          -0.648506320991117, 
          0.0
        ], 
        [
          0.9431851490256847, 
          0.11730469563881281, 
          0.3108717172704132, 
          0.0
        ], 
        [
          0.14131706519278278, 
          0.7051462557475184, 
          -0.6948368478215253, 
          0.0
        ], 
        [
          -16.979642095643786, 
          19.94271562822211, 
          78.58123146486764, 
          1.0
        ]
      ], 
      "projected_cuboid": [
        [
          404.7447030227611, 
          461.2560909304945
        ], 
        [
          330.3526552756855, 
          460.6780914613164
        ], 
        [
          337.15309671545094, 
          342.345133407122
        ], 
        [
          399.64926822500934, 
          346.99656939086543
        ], 
        [
          396.0923240754128, 
          480.67178146364466
        ], 
        [
          325.2283006535247, 
          480.9252542774317
        ], 
        [
          332.5242352274868, 
          364.6696400959375
        ], 
        [
          392.512067362506, 
          368.37069586273657
        ]
      ], 
      "projected_cuboid_centroid": [
        365.39832311414085, 
        408.63489773447884
      ], 
      "quaternion_xyzw": [
        0.9078598082529483, 
        -0.006612356152261681, 
        0.1684151462907864, 
        0.38390512217451045
      ], 
      "visibility": 0.3122130394857668
    }, 
    {
      "bounding_box": {
        "bottom_right": [
          359, 
          340
        ], 
        "top_left": [
          285, 
          244
        ]
      }, 
      "class": "008_pudding_box", 
      "cuboid": [
        [
          -17.62270506665853, 
          8.023381847471613, 
          66.65463814351725
        ], 
        [
          -28.75139620819955, 
          8.746368043056538, 
          64.46331547903849
        ], 
        [
          -30.340296397556482, 
          2.1599767337646445, 
          70.35956483019012
        ], 
        [
          -19.211605256015464, 
          1.4369905381797208, 
          72.55088749466888
        ], 
        [
          -18.005977608090834, 
          10.627519958442551, 
          69.46029906514788
        ], 
        [
          -29.134668749631853, 
          11.350506154027475, 
          67.26897640066912
        ], 
        [
          -30.723568938988787, 
          4.764114844735581, 
          73.16522575182076
        ], 
        [
          -19.59487779744776, 
          4.041128649150657, 
          75.35654841629952
        ]
      ], 
      "cuboid_centroid": [
        -24.17313700282366, 
        6.393748346103598, 
        69.90993194766901
      ], 
      "location": [
        -24.17313700282366, 
        6.393748346103598, 
        69.90993194766901
      ], 
      "pose_transform_permuted": [
        [
          0.09962635218582232, 
          -0.6769093857195536, 
          -0.7292924299972152, 
          0.0
        ], 
        [
          0.9791728257480243, 
          -0.06361291072812311, 
          0.1928064655774282, 
          0.0
        ], 
        [
          0.17690417174304449, 
          0.7333123295916016, 
          -0.6564736506690844, 
          0.0
        ], 
        [
          -24.17313700282366, 
          6.393748346103598, 
          69.90993194766901, 
          1.0
        ]
      ], 
      "projected_cuboid": [
        [
          339.41856591795073, 
          337.4835208425997
        ], 
        [
          241.7479979156544, 
          345.6472182275688
        ], 
        [
          249.70365514522675, 
          289.65897993855845
        ], 
        [
          339.19619175884105, 
          283.8498159964589
        ], 
        [
          342.1941728629833, 
          354.88515749016545
        ], 
        [
          248.68767515329012, 
          363.2752301653591
        ], 
        [
          255.7790017756007, 
          308.01335959738054
        ], 
        [
          341.76290160745225, 
          301.88674714706406
        ]
      ], 
      "projected_cuboid_centroid": [
        295.65148288860604, 
        322.06231429598887
      ], 
      "quaternion_xyzw": [
        0.9276014210501246, 
        -0.06482231403841578, 
        0.07881424368458585, 
        0.3593631397414026
      ], 
      "visibility": 0.8666982173844455
    }, 
    {
      "bounding_box": {
        "bottom_right": [
          522, 
          336
        ], 
        "top_left": [
          335, 
          183
        ]
      }, 
      "class": "019_pitcher_base", 
      "cuboid": [
        [
          -38.3377519703919, 
          34.55106697576621, 
          69.95608964341339
        ], 
        [
          -20.07526331312298, 
          34.759732191488766, 
          74.66836518447005
        ], 
        [
          -24.104271980395772, 
          17.358231002856623, 
          91.05340303143274
        ], 
        [
          -42.36676063766469, 
          17.14956578713407, 
          86.3411274903761
        ], 
        [
          -35.85082517203619, 
          25.286416011577717, 
          60.72822050131265
        ], 
        [
          -17.588336514767267, 
          25.495081227300275, 
          65.44049604236929
        ], 
        [
          -21.61734518204006, 
          8.09358003866813, 
          81.825533889332
        ], 
        [
          -39.87983383930897, 
          7.884914822945574, 
          77.11325834827534
        ]
      ], 
      "cuboid_centroid": [
        -29.97754857621598, 
        21.322323507217174, 
        75.89081176637269
      ], 
      "location": [
        -29.97754857621598, 
        21.322323507217174, 
        75.89081176637269
      ], 
      "pose_transform_permuted": [
        [
          -0.18683806484296256, 
          0.6960355482674228, 
          0.6932722001605073, 
          0.0
        ], 
        [
          -0.9682262240619726, 
          -0.011062847879262764, 
          -0.24983170911051375, 
          0.0
        ], 
        [
          0.16622213745820497, 
          0.7179221891607035, 
          -0.6759866354666548, 
          0.0
        ], 
        [
          -29.97754857621598, 
          21.322323507217174, 
          75.89081176637269, 
          1.0
        ]
      ], 
      "projected_cuboid": [
        [
          186.88843630799803, 
          536.6912069896737
        ], 
        [
          337.01436354232544, 
          521.5582905195647
        ], 
        [
          339.2365453294565, 
          374.95747190398345
        ], 
        [
          217.72143896613812, 
          379.2175067214479
        ], 
        [
          164.128787829103, 
          495.353654980118
        ], 
        [
          337.06310186475724, 
          481.0634791014248
        ], 
        [
          339.52613051896304, 
          326.03858892952627
        ], 
        [
          203.487440026371, 
          327.8190473940319
        ]
      ], 
      "projected_cuboid_centroid": [
        269.17547824199266, 
        423.12829642930245
      ], 
      "quaternion_xyzw": [
        -0.11876870229736615, 
        0.373172827626618, 
        0.9191600259725158, 
        0.04220138093330815
      ], 
      "visibility": 0.24001072673639046
    }, 
    {
      "bounding_box": {
        "bottom_right": [
          410, 
          419
        ], 
        "top_left": [
          257, 
          241
        ]
      }, 
      "class": "035_power_drill", 
      "cuboid": [
        [
          -6.231964808666046, 
          11.591230194183849, 
          54.65692500498508
        ], 
        [
          -24.508081217641735, 
          12.515262656433784, 
          52.41654958886235
        ], 
        [
          -26.693602535065192, 
          -1.6486555137321126, 
          64.40336981646114
        ], 
        [
          -8.417486126089505, 
          -2.5726879759820465, 
          66.64374523258387
        ], 
        [
          -6.574936221313477, 
          15.309951866458876, 
          58.98852499784042
        ], 
        [
          -24.851052630289164, 
          16.233984328708807, 
          56.74814958171769
        ], 
        [
          -27.036573947712622, 
          2.0700661585429123, 
          68.73496980931647
        ], 
        [
          -8.760457538736935, 
          1.1460336962929787, 
          70.9753452254392
        ]
      ], 
      "cuboid_centroid": [
        -16.634269378189334, 
        6.830648176363381, 
        61.695947407150776
      ], 
      "location": [
        -16.634269378189334, 
        6.830648176363381, 
        61.695947407150776
      ], 
      "pose_transform_permuted": [
        [
          0.059968422960384384, 
          -0.6502170906710032, 
          -0.7573786353260157, 
          0.0
        ], 
        [
          0.9913222646289149, 
          -0.05012082066944856, 
          0.12152111430188758, 
          0.0
        ], 
        [
          0.11697538906747607, 
          0.7580936527438262, 
          -0.6415691069343076, 
          0.0
        ], 
        [
          -16.634269378189334, 
          6.830648176363381, 
          61.695947407150776, 
          1.0
        ]
      ], 
      "projected_cuboid": [
        [
          420.28139073423705, 
          386.38895007357354
        ], 
        [
          230.1580803020626, 
          400.6248445956675
        ], 
        [
          258.7071956283717, 
          259.6341425573734
        ], 
        [
          413.67439844416293, 
          252.6984861816495
        ], 
        [
          421.6572058973408, 
          411.7049362731211
        ], 
        [
          246.10036994356054, 
          425.8536581291407
        ], 
        [
          270.0701465640316, 
          289.34833045582667
        ], 
        [
          415.2210785560941, 
          281.89801019429586
        ]
      ], 
      "projected_cuboid_centroid": [
        336.606807824256, 
        332.33285449499994
      ], 
      "quaternion_xyzw": [
        0.9363218667609388, 
        -0.044615055908863964, 
        0.04845810604907345, 
        0.34490975898972814
      ], 
      "visibility": 0.7788296041308089
    }, 
    {
      "bounding_box": {
        "bottom_right": [
          300, 
          277
        ], 
        "top_left": [
          244, 
          200
        ]
      }, 
      "class": "061_foam_brick", 
      "cuboid": [
        [
          -33.64601477156952, 
          -3.806837194768685, 
          66.02392090629682
        ], 
        [
          -25.978306955959223, 
          -3.902424325459476, 
          67.38065047199461
        ], 
        [
          -25.295087979691704, 
          -0.33768742205026303, 
          63.77051280294771
        ], 
        [
          -32.962795795302, 
          -0.2421002913594714, 
          62.41378323724992
        ], 
        [
          -34.23815491525566, 
          -0.03505804255481155, 
          69.63620391268782
        ], 
        [
          -26.57044709964537, 
          -0.13064517324560318, 
          70.99293347838561
        ], 
        [
          -25.887228123377852, 
          3.4340917301636105, 
          67.38279580933872
        ], 
        [
          -33.554935938988145, 
          3.5296788608544016, 
          66.02606624364093
        ]
      ], 
      "cuboid_centroid": [
        -29.766621447473685, 
        -0.1863727323025373, 
        66.70335835781776
      ], 
      "location": [
        -29.766621447473685, 
        -0.1863727323025373, 
        66.70335835781776
      ], 
      "pose_transform_permuted": [
        [
          0.1126598437897175, 
          -0.7176139882232861, 
          -0.6872684508280196, 
          0.0
        ], 
        [
          -0.9846300489544475, 
          0.012274588890812899, 
          -0.17422112720196742, 
          0.0
        ], 
        [
          -0.1334594556157, 
          -0.6963328933590822, 
          0.7052014430876685, 
          0.0
        ], 
        [
          -29.766621447473685, 
          -0.1863727323025373, 
          66.70335835781776, 
          1.0
        ]
      ], 
      "projected_cuboid": [
        [
          207.55069561572847, 
          242.53615542242525
        ], 
        [
          274.26456893746996, 
          242.39874897922004
        ], 
        [
          268.28863632550633, 
          270.4624221439716
        ], 
        [
          197.5859967622157, 
          271.2178150203124
        ], 
        [
          217.1936881599345, 
          273.01804056785465
        ], 
        [
          280.3287218489324, 
          272.30509340766116
        ], 
        [
          274.99804573242636, 
          300.46659704702404
        ], 
        [
          208.30141186597945, 
          301.7971999956238
        ]
      ], 
      "projected_cuboid_centroid": [
        241.61787853337668, 
        271.79641468999824
      ], 
      "quaternion_xyzw": [
        0.03970361606481807, 
        0.9176371005388717, 
        -0.3876302054688675, 
        0.07815752295303269
      ], 
      "visibility": 0.9387703889585948
    }
  ]
}