{
  "camera_data": {
    "location_worldframe": [
      -18.699504540559165, 
      5.0521247224756785, 
      81.32725586828035
    ], 
    "quaternion_xyzw_worldframe": [
      0.9299358067873459, 
      0.023635931156161454, 
      -0.06337811091052883, 
      -0.36144761831757355
    ]
  }, 
  "objects": [
    {
      "bounding_box": {
        "bottom_right": [
          458, 
          307
        ], 
        "top_left": [
          294, 
          108
        ]
      }, 
      "class": "003_cracker_box", 
      "cuboid": [
        [
          -28.008588126804856, 
          18.23685291962455, 
          60.900419921641
        ], 
        [
          -44.32063188367286, 
          17.537347019144946, 
          62.48346624325451
        ], 
        [
          -42.235429259243915, 
          2.222064945752232, 
          77.20242042396606
        ], 
        [
          -25.923385502375908, 
          2.921570846231837, 
          75.61937410235254
        ], 
        [
          -27.722531145034, 
          23.228353215690394, 
          66.05362220104915
        ], 
        [
          -44.03457490190201, 
          22.528847315210793, 
          67.63666852266267
        ], 
        [
          -41.94937227747306, 
          7.213565241818079, 
          82.35562270337421
        ], 
        [
          -25.637328520605056, 
          7.913071142297684, 
          80.7725763817607
        ]
      ], 
      "cuboid_centroid": [
        -34.978980202138956, 
        12.725209080721314, 
        71.6280213125076
      ], 
      "location": [
        -34.978980202138956, 
        12.725209080721314, 
        71.6280213125076
      ], 
      "pose_transform_permuted": [
        [
          -0.039840806213088914, 
          -0.6951950439281316, 
          -0.7177162120629952, 
          0.0
        ], 
        [
          0.9944184854535327, 
          0.04264343625413966, 
          -0.09650602640634126, 
          0.0
        ], 
        [
          -0.09769639680455677, 
          0.7175551464815804, 
          -0.6896158537977534, 
          0.0
        ], 
        [
          -34.978980202138956, 
          12.725209080721314, 
          71.6280213125076, 
          1.0
        ]
      ], 
      "projected_cuboid": [
        [
          234.2751146014391, 
          432.991032793818
        ], 
        [
          100.15150425152841, 
          422.9743060346012
        ], 
        [
          187.40041038614032, 
          288.6367141046687
        ], 
        [
          297.2439967717476, 
          293.89145523198493
        ], 
        [
          255.89892816348058, 
          460.8331893526202
        ], 
        [
          131.48801671503702, 
          450.92798191873925
        ], 
        [
          207.676937833409, 
          320.000235014615
        ], 
        [
          310.9100190021646, 
          325.5344170544963
        ]
      ], 
      "projected_cuboid_centroid": [
        218.98424539713344, 
        368.03441846645563
      ], 
      "quaternion_xyzw": [
        0.92597109080118, 
        0.03788990672950434, 
        -0.03681184919646317, 
        0.37388070520854544
      ], 
      "visibility": 0.3695945338487818
    }, 
    {
      "bounding_box": {
        "bottom_right": [
          476, 
          350
        ], 
        "top_left": [
          349, 
          261
        ]
      }, 
      "class": "006_mustard_bottle", 
      "cuboid": [
        [
          -22.336710525636207, 
          26.13469188400227, 
          69.70317053533002
        ], 
        [
          -31.599167073511847, 
          23.67874242771183, 
          69.08569278101979
        ], 
        [
          -29.066083454149428, 
          10.659403115249633, 
          82.87122965227312
        ], 
        [
          -19.803626906273784, 
          13.11535257154007, 
          83.48870740658334
        ], 
        [
          -23.66520961003157, 
          30.13403391681409, 
          73.72434074716156
        ], 
        [
          -32.92766615790721, 
          27.678084460523657, 
          73.10686299285135
        ], 
        [
          -30.39458253854479, 
          14.658745148061456, 
          86.89239986410466
        ], 
        [
          -21.13212599066915, 
          17.114694604351893, 
          87.50987761841489
        ]
      ], 
      "cuboid_centroid": [
        -26.365646532090498, 
        20.39671851603186, 
        78.29778519971734
      ], 
      "location": [
        -26.365646532090498, 
        20.39671851603186, 
        78.29778519971734
      ], 
      "pose_transform_permuted": [
        [
          0.2280724218641159, 
          -0.6865940925367592, 
          -0.6903414836433005, 
          0.0
        ], 
        [
          0.9645980916924588, 
          0.25576413196499403, 
          0.06430452444139034, 
          0.0
        ], 
        [
          -0.13241350469818347, 
          0.6805682741937561, 
          -0.7206202106064442, 
          0.0
        ], 
        [
          -26.365646532090498, 
          20.39671851603186, 
          78.29778519971734, 
          1.0
        ]
      ], 
      "projected_cuboid": [
        [
          309.26804726503707, 
          473.2507989301917
        ], 
        [
          235.62870196822553, 
          456.0789011063459
        ], 
        [
          292.9828312485695, 
          341.8853562942779
        ], 
        [
          354.0387644726993, 
          357.0664237153568
        ], 
        [
          308.97703515368175, 
          491.2752001370773
        ], 
        [
          239.3856907709603, 
          475.2000637868803
        ], 
        [
          293.4895608307702, 
          363.25753503529523
        ], 
        [
          351.73633466774095, 
          377.5902125025577
        ]
      ], 
      "projected_cuboid_centroid": [
        300.51281524283155, 
        412.21728026593814
      ], 
      "quaternion_xyzw": [
        0.913168638523235, 
        0.10627216602919409, 
        0.08004461990129627, 
        0.38525586725660355
      ], 
      "visibility": 0.8092000578619991
    }, 
    {
      "bounding_box": {
        "bottom_right": [
          350, 
          283
        ], 
        "top_left": [
          279, 
          171
        ]
      }, 
      "class": "008_pudding_box", 
      "cuboid": [
        [
          -28.22722896710482, 
          7.8931610340742795, 
          67.12087696997587
        ], 
        [
          -39.542690498417734, 
          7.038072017933347, 
          67.75453594018875
        ], 
        [
          -38.70885049148179, 
          0.6152259421886436, 
          73.97729014005348
        ], 
        [
          -27.393388960168885, 
          1.4703149583295752, 
          73.34363116984062
        ], 
        [
          -28.27437701598005, 
          10.566732829553233, 
          69.88673258173496
        ], 
        [
          -39.589838547292956, 
          9.711643813412302, 
          70.52039155194782
        ], 
        [
          -38.75599854035702, 
          3.288797737667598, 
          76.74314575181258
        ], 
        [
          -27.440537009044107, 
          4.14388675380853, 
          76.1094867815997
        ]
      ], 
      "cuboid_centroid": [
        -33.49161375373092, 
        5.590979385870939, 
        71.93201136089422
      ], 
      "location": [
        -33.49161375373092, 
        5.590979385870939, 
        71.93201136089422
      ], 
      "pose_transform_permuted": [
        [
          0.012255477798028361, 
          -0.694957703714118, 
          -0.718945594804407, 
          0.0
        ], 
        [
          0.9956060691540113, 
          0.07523615468807708, 
          -0.055753334918953075, 
          0.0
        ], 
        [
          -0.09283766015089832, 
          0.7151036124695415, 
          -0.6928258836278185, 
          0.0
        ], 
        [
          -33.49161375373092, 
          5.590979385870939, 
          71.93201136089422, 
          1.0
        ]
      ], 
      "projected_cuboid": [
        [
          255.44406355633024, 
          336.0029019895847
        ], 
        [
          167.74891379458987, 
          328.68565750674946
        ], 
        [
          200.21034992502774, 
          277.721845660629
        ], 
        [
          280.74556128555173, 
          283.9779606475805
        ], 
        [
          264.0315595396066, 
          353.9233819138274
        ], 
        [
          179.69870787367907, 
          346.7321005554936
        ], 
        [
          210.02126534632586, 
          296.14174180979364
        ], 
        [
          287.7114701133308, 
          302.323863677657
        ]
      ], 
      "projected_cuboid_centroid": [
        231.2136245797508, 
        314.73927563159083
      ], 
      "quaternion_xyzw": [
        0.9259664243950695, 
        0.0453779452502226, 
        -0.011743907763540591, 
        0.3746851804720054
      ], 
      "visibility": 0.5584992595030442
    }, 
    {
      "bounding_box": {
        "bottom_right": [
          504, 
          282
        ], 
        "top_left": [
          326, 
          112
        ]
      }, 
      "class": "019_pitcher_base", 
      "cuboid": [
        [
          -51.00748393990771, 
          31.615330513056655, 
          74.9980273135643
        ], 
        [
          -32.36107952552615, 
          34.45767341970668, 
          75.01424829744556
        ], 
        [
          -29.79906608540011, 
          17.552247471878417, 
          92.19439033295953
        ], 
        [
          -48.44547049978166, 
          14.709904565228396, 
          92.17816934907826
        ], 
        [
          -49.577798713366214, 
          22.289861363862464, 
          65.60847159495917
        ], 
        [
          -30.93139429898466, 
          25.13220427051249, 
          65.62469257884044
        ], 
        [
          -28.369380858858623, 
          8.226778322684224, 
          82.8048346143544
        ], 
        [
          -47.01578527324017, 
          5.3844354160342025, 
          82.78861363047314
        ]
      ], 
      "cuboid_centroid": [
        -39.68843239938316, 
        19.92105441787044, 
        78.90143096395936
      ], 
      "location": [
        -39.68843239938316, 
        19.92105441787044, 
        78.90143096395936
      ], 
      "pose_transform_permuted": [
        [
          -0.10740952296553191, 
          0.7006047024545258, 
          0.7054194041253105, 
          0.0
        ], 
        [
          -0.9885803669634714, 
          -0.1506930951001415, 
          -0.000859991333528863, 
          0.0
        ], 
        [
          -0.10569928867953104, 
          0.6974559420820317, 
          -0.7087897214457239, 
          0.0
        ], 
        [
          -39.68843239938316, 
          19.92105441787044, 
          78.90143096395936, 
          1.0
        ]
      ], 
      "projected_cuboid": [
        [
          115.85425577802194, 
          498.1067831932961
        ], 
        [
          249.60615348225213, 
          518.2660244434918
        ], 
        [
          307.7810110133466, 
          374.8215367119647
        ], 
        [
          198.96799276113612, 
          358.39432680620195
        ], 
        [
          75.22948297082331, 
          454.4768520144647
        ], 
        [
          228.12859219514334, 
          477.53125409372865
        ], 
        [
          297.3562297234634, 
          326.27259859406985
        ], 
        [
          176.2000285963816, 
          307.97276747319614
        ]
      ], 
      "projected_cuboid_centroid": [
        211.0948664432215, 
        407.9392091518901
      ], 
      "quaternion_xyzw": [
        -0.029395653379187602, 
        0.3826568376864968, 
        0.920795269477805, 
        -0.06961166946618765
      ], 
      "visibility": 0.19402482169933172
    }, 
    {
      "bounding_box": {
        "bottom_right": [
          408, 
          318
        ], 
        "top_left": [
          257, 
          124
        ]
      }, 
      "class": "035_power_drill", 
      "cuboid": [
        [
          -20.721393622430078, 
          12.294406924830625, 
          52.604850305042476
        ], 
        [
          -38.93606418339462, 
          10.699947870963486, 
          54.96557597143449
        ], 
        [
          -36.13024998025502, 
          -2.986991326950866, 
          67.37009299463597
        ], 
        [
          -17.915579419290484, 
          -1.3925322730837268, 
          65.00936732824395
        ], 
        [
          -20.513304945903144, 
          16.155904876824913, 
          56.81849616501824
        ], 
        [
          -38.727975506867686, 
          14.561445822957776, 
          59.17922183141025
        ], 
        [
          -35.92216130372809, 
          0.8745066250434218, 
          71.58373885461174
        ], 
        [
          -17.70749074276355, 
          2.468965678910561, 
          69.22301318821972
        ]
      ], 
      "cuboid_centroid": [
        -28.321777463079084, 
        6.584456774937024, 
        62.0942945798271
      ], 
      "location": [
        -28.321777463079084, 
        6.584456774937024, 
        62.0942945798271
      ], 
      "pose_transform_permuted": [
        [
          -0.036384227101930525, 
          -0.6751814696693093, 
          -0.7367543993996262, 
          0.0
        ], 
        [
          0.9879893553915597, 
          0.08648570214629304, 
          -0.12804908118368133, 
          0.0
        ], 
        [
          -0.15017524901117743, 
          0.7325643657900359, 
          -0.6639254412277955, 
          0.0
        ], 
        [
          -28.321777463079084, 
          6.584456774937024, 
          62.0942945798271, 
          1.0
        ]
      ], 
      "projected_cuboid": [
        [
          269.76831519740824, 
          397.929948968551
        ], 
        [
          100.66020190677055, 
          377.1059128836628
        ], 
        [
          193.19686760069217, 
          249.64071980582287
        ], 
        [
          333.39759622473946, 
          261.86257306752475
        ], 
        [
          287.4469589930668, 
          424.9318830049411
        ], 
        [
          129.67436605129492, 
          404.5134107982587
        ], 
        [
          211.73625851683323, 
          279.80186557134806
        ], 
        [
          344.03513805104086, 
          292.3083587039768
        ]
      ], 
      "projected_cuboid_centroid": [
        236.31796666918865, 
        329.8395557164765
      ], 
      "quaternion_xyzw": [
        0.9296919006559675, 
        0.06363961840220626, 
        -0.04421715091031551, 
        0.36009427154099766
      ], 
      "visibility": 0.7393312802463704
    }, 
    {
      "bounding_box": {
        "bottom_right": [
          289, 
          225
        ], 
        "top_left": [
          230, 
          140
        ]
      }, 
      "class": "061_foam_brick", 
      "cuboid": [
        [
          -42.10538214408824, 
          -5.949919311357347, 
          70.70758872272606
        ], 
        [
          -34.40257920470834, 
          -4.970165448884697, 
          70.11555459734677
        ], 
        [
          -35.12568583653318, 
          -1.5388208834540378, 
          66.3859135124927
        ], 
        [
          -42.82848877591307, 
          -2.518574745926688, 
          66.97794763787199
        ], 
        [
          -42.31931579098302, 
          -2.1058422173631084, 
          74.28569438512008
        ], 
        [
          -34.61651285160312, 
          -1.1260883548904583, 
          73.6936602597408
        ], 
        [
          -35.33961948342796, 
          2.3052562105402017, 
          69.96401917488674
        ], 
        [
          -43.04242242280786, 
          1.3255023480675514, 
          70.55605330026602
        ]
      ], 
      "cuboid_centroid": [
        -38.722500813758096, 
        -1.822331550408573, 
        70.3358039488064
      ], 
      "location": [
        -38.722500813758096, 
        -1.822331550408573, 
        70.3358039488064
      ], 
      "pose_transform_permuted": [
        [
          0.04070274832321652, 
          -0.731369304281728, 
          -0.6807659120677225, 
          0.0
        ], 
        [
          -0.9891367039113543, 
          -0.12581270919136767, 
          0.07602462220432321, 
          0.0
        ], 
        [
          0.14125107877222953, 
          -0.6702761393339238, 
          0.728545146017247, 
          0.0
        ], 
        [
          -38.722500813758096, 
          -1.822331550408573, 
          70.3358039488064, 
          1.0
        ]
      ], 
      "projected_cuboid": [
        [
          161.36610261839147, 
          228.40863245026915
        ], 
        [
          217.74022131332987, 
          235.48199402948433
        ], 
        [
          197.0588448723851, 
          260.92422693205395
        ], 
        [
          137.7283628432817, 
          253.23209795969458
        ], 
        [
          175.2419157948307, 
          258.1680565176172
        ], 
        [
          228.99033239117622, 
          265.1370585020973
        ], 
        [
          209.96636540157664, 
          290.85897443959254
        ], 
        [
          153.53640050036108, 
          283.30575428815433
        ]
      ], 
      "projected_cuboid_centroid": [
        185.53778706904603, 
        259.46875175735363
      ], 
      "quaternion_xyzw": [
        -0.07306344643945495, 
        0.9138077964365647, 
        -0.3994041350905459, 
        -0.009663376154932677
      ], 
      "visibility": 0.9140355531971345
    }
  ]
}