{
  "camera_data": {
    "location_worldframe": [
      -17.74256862760603, 
      3.142492804689519, 
      82.70334578921054
    ], 
    "quaternion_xyzw_worldframe": [
      0.9204401378132689, 
      0.014922223581999076, 
      -0.04413795091459751, 
      -0.38809806545337844
    ]
  }, 
  "objects": [
    {
      "bounding_box": {
        "bottom_right": [
          446, 
          317
        ], 
        "top_left": [
          288, 
          133
        ]
      }, 
      "class": "003_cracker_box", 
      "cuboid": [
        [
          -26.047253892183402, 
          17.752572970077452, 
          62.820397569551844
        ], 
        [
          -42.411225421949354, 
          17.51734009565421, 
          63.93539396190309
        ], 
        [
          -41.23317784846773, 
          1.3435489626129324, 
          77.81250574518727
        ], 
        [
          -24.86920631870178, 
          1.5787818370361708, 
          76.69750935283604
        ], 
        [
          -25.74436916292045, 
          22.436478955081107, 
          68.25378353958645
        ], 
        [
          -42.108340692686404, 
          22.201246080657867, 
          69.36877993193768
        ], 
        [
          -40.930293119204784, 
          6.027454947616588, 
          83.24589171522187
        ], 
        [
          -24.566321589438832, 
          6.262687822039827, 
          82.13089532287063
        ]
      ], 
      "cuboid_centroid": [
        -33.48877350569409, 
        11.89001395884702, 
        73.03314464238686
      ], 
      "location": [
        -33.48877350569409, 
        11.89001395884702, 
        73.03314464238686
      ], 
      "pose_transform_permuted": [
        [
          -0.04218450369142063, 
          -0.6523546096083211, 
          -0.7567390111333521, 
          0.0
        ], 
        [
          0.9975841180405841, 
          0.014340319471884022, 
          -0.06797266120017809, 
          0.0
        ], 
        [
          -0.05519415803777067, 
          0.7577782119856834, 
          -0.6501736586161287, 
          0.0
        ], 
        [
          -33.48877350569409, 
          11.89001395884702, 
          73.03314464238686, 
          1.0
        ]
      ], 
      "projected_cuboid": [
        [
          258.62369662307003, 
          423.9986503353047
        ], 
        [
          124.87398395163578, 
          419.4081138279573
        ], 
        [
          196.63362812814134, 
          282.4950959869725
        ], 
        [
          307.2268134972357, 
          284.26466854070577
        ], 
        [
          278.76002945975785, 
          448.60009546666953
        ], 
        [
          155.162749547672, 
          443.97368740562626
        ], 
        [
          217.18955990928035, 
          311.9017740490902
        ], 
        [
          320.7454949267699, 
          313.9535007078383
        ]
      ], 
      "projected_cuboid_centroid": [
        235.00961239405837, 
        360.11255813271754
      ], 
      "quaternion_xyzw": [
        0.937030061038548, 
        0.018551826777197217, 
        -0.029389976232327895, 
        0.34751506978890456
      ], 
      "visibility": 0.358950328022493
    }, 
    {
      "bounding_box": {
        "bottom_right": [
          461, 
          360
        ], 
        "top_left": [
          337, 
          278
        ]
      }, 
      "class": "006_mustard_bottle", 
      "cuboid": [
        [
          -20.37156781229704, 
          24.95118032903801, 
          72.20131584392614
        ], 
        [
          -29.687575848414188, 
          22.847800266394426, 
          71.20439338290927
        ], 
        [
          -27.961938022421545, 
          9.001977070298935, 
          84.29164250945831
        ], 
        [
          -18.645929986304402, 
          11.105357132942514, 
          85.28856497047518
        ], 
        [
          -21.682148941375914, 
          28.7626990455574, 
          76.40656952984104
        ], 
        [
          -30.998156977493057, 
          26.659318982913817, 
          75.40964706882417
        ], 
        [
          -29.27251915150042, 
          12.813495786818324, 
          88.49689619537321
        ], 
        [
          -19.956511115383275, 
          14.916875849461904, 
          89.49381865639008
        ]
      ], 
      "cuboid_centroid": [
        -24.82204348189873, 
        18.882338057928166, 
        80.34910601964967
      ], 
      "location": [
        -24.82204348189873, 
        18.882338057928166, 
        80.34910601964967
      ], 
      "pose_transform_permuted": [
        [
          0.22499632530380506, 
          -0.6543491936636361, 
          -0.7219443385135087, 
          0.0
        ], 
        [
          0.9701749775971914, 
          0.21904733199480406, 
          0.10382013653632434, 
          0.0
        ], 
        [
          -0.09020537286366889, 
          0.723771596331221, 
          -0.6841181674613558, 
          0.0
        ], 
        [
          -24.82204348189873, 
          18.882338057928166, 
          80.34910601964967, 
          1.0
        ]
      ], 
      "projected_cuboid": [
        [
          329.86720063571454, 
          457.59000859235294
        ], 
        [
          257.3846390896418, 
          444.4161373717979
        ], 
        [
          303.20543157419735, 
          330.24272623354256
        ], 
        [
          364.0301921262269, 
          342.72966249827874
        ], 
        [
          328.9939670192972, 
          474.0508277571037
        ], 
        [
          260.54188465877036, 
          461.8292170715244
        ], 
        [
          303.71842942544566, 
          350.5060623464994
        ], 
        [
          361.67936126355346, 
          362.1805211602691
        ]
      ], 
      "projected_cuboid_centroid": [
        315.4670087352233, 
        398.61861896175344
      ], 
      "quaternion_xyzw": [
        0.9241064484735946, 
        0.08366263036289956, 
        0.08895524492423369, 
        0.3620977224365828
      ], 
      "visibility": 0.6991232118135672
    }, 
    {
      "bounding_box": {
        "bottom_right": [
          342, 
          294
        ], 
        "top_left": [
          273, 
          186
        ]
      }, 
      "class": "008_pudding_box", 
      "cuboid": [
        [
          -26.773143156918856, 
          7.091445245908451, 
          68.43711186600125
        ], 
        [
          -38.123584844727965, 
          6.585118900262656, 
          68.72603695322665
        ], 
        [
          -37.67155690154054, 
          -0.19918623971384442, 
          74.59457895342368
        ], 
        [
          -26.32111521373142, 
          0.3071401059319502, 
          74.30565386619827
        ], 
        [
          -26.811251058030884, 
          9.606711088876658, 
          71.34780798141124
        ], 
        [
          -38.16169274584, 
          9.100384743230864, 
          71.63673306863664
        ], 
        [
          -37.70966480265257, 
          2.3160796032543636, 
          77.50527506883368
        ], 
        [
          -26.359223114843456, 
          2.8224059489001583, 
          77.21634998160826
        ]
      ], 
      "cuboid_centroid": [
        -32.24140397978571, 
        4.703762424581407, 
        72.97119346741746
      ], 
      "location": [
        -32.24140397978571, 
        4.703762424581407, 
        72.97119346741746
      ], 
      "pose_transform_permuted": [
        [
          0.009905617457127527, 
          -0.6538082790279423, 
          -0.7565948638430168, 
          0.0
        ], 
        [
          0.9986838451697052, 
          0.04454980305509772, 
          -0.02542146156181524, 
          0.0
        ], 
        [
          -0.050327660245700005, 
          0.7553475603306223, 
          -0.6533887835360503, 
          0.0
        ], 
        [
          -32.24140397978571, 
          4.703762424581407, 
          72.97119346741746, 
          1.0
        ]
      ], 
      "projected_cuboid": [
        [
          271.2195028742699, 
          328.54904862089654
        ], 
        [
          183.28957067314363, 
          324.3875911297592
        ], 
        [
          210.0169076248697, 
          271.86244089786646
        ], 
        [
          291.10619883046695, 
          275.49099786770086
        ], 
        [
          279.51481177783444, 
          345.09599223825234
        ], 
        [
          195.1241335093887, 
          341.03688323108224
        ], 
        [
          219.9516412589303, 
          289.223654616423
        ], 
        [
          298.02141792923493, 
          292.7803934222288
        ]
      ], 
      "projected_cuboid_centroid": [
        243.99280198125226, 
        307.66460549562464
      ], 
      "quaternion_xyzw": [
        0.9368332654938316, 
        0.025318663094970554, 
        -0.004140503085281901, 
        0.3488339683035624
      ], 
      "visibility": 0.630976430976431
    }, 
    {
      "bounding_box": {
        "bottom_right": [
          490, 
          292
        ], 
        "top_left": [
          317, 
          134
        ]
      }, 
      "class": "019_pitcher_base", 
      "cuboid": [
        [
          -48.98733889204576, 
          31.093544184958873, 
          77.04870567549483
        ], 
        [
          -30.26667198233356, 
          33.29900714477695, 
          77.71213426430182
        ], 
        [
          -28.732335900834006, 
          15.385125328031554, 
          93.96800307375071
        ], 
        [
          -47.45300281054621, 
          13.17966236821348, 
          93.30457448494371
        ], 
        [
          -47.5975337330031, 
          22.26311972399851, 
          67.1864454501953
        ], 
        [
          -28.876866823290893, 
          24.468582683816585, 
          67.84987403900229
        ], 
        [
          -27.342530741791336, 
          6.554700867071195, 
          84.10574284845117
        ], 
        [
          -46.06319765150354, 
          4.34923790725312, 
          83.44231425964418
        ]
      ], 
      "cuboid_centroid": [
        -38.16493481691855, 
        18.82412252601503, 
        80.577224261973
      ], 
      "location": [
        -38.16493481691855, 
        18.82412252601503, 
        80.577224261973
      ], 
      "pose_transform_permuted": [
        [
          -0.10441340959290907, 
          0.6634129396645833, 
          0.7409327917054052, 
          0.0
        ], 
        [
          -0.9925175573865742, 
          -0.11692749624478262, 
          -0.03517313382257379, 
          0.0
        ], 
        [
          -0.06330108572805274, 
          0.739061136785458, 
          -0.6706575941857635, 
          0.0
        ], 
        [
          -38.16493481691855, 
          18.82412252601503, 
          80.577224261973, 
          1.0
        ]
      ], 
      "projected_cuboid": [
        [
          139.68829912518362, 
          488.51138671383865
        ], 
        [
          272.1532378950502, 
          501.80957082037867
        ], 
        [
          317.1664555940713, 
          360.6055014433041
        ], 
        [
          208.10010938027116, 
          348.62016529127624
        ], 
        [
          100.6237818857491, 
          450.0090547291593
        ], 
        [
          252.72501671794174, 
          465.6166565343518
        ], 
        [
          306.77156145802854, 
          314.8502911312873
        ], 
        [
          184.7317380853604, 
          301.08458946633027
        ]
      ], 
      "projected_cuboid_centroid": [
        226.88826179924206, 
        397.8784840442231
      ], 
      "quaternion_xyzw": [
        -0.0374534399267135, 
        0.35795377817214735, 
        0.9317337986084648, 
        -0.0483583890167999
      ], 
      "visibility": 0.19151594478819609
    }, 
    {
      "bounding_box": {
        "bottom_right": [
          401, 
          331
        ], 
        "top_left": [
          252, 
          148
        ]
      }, 
      "class": "035_power_drill", 
      "cuboid": [
        [
          -18.726624631560025, 
          12.039084105501141, 
          54.39437661711787
        ], 
        [
          -37.042089213384905, 
          10.931748388566412, 
          56.18521824964942
        ], 
        [
          -35.026935878918195, 
          -3.5124830794130464, 
          67.86341480848756
        ], 
        [
          -16.711471297093322, 
          -2.4051473624783175, 
          66.07257317595601
        ], 
        [
          -18.511844129672692, 
          15.650404585328332, 
          58.823994263352745
        ], 
        [
          -36.82730871149757, 
          14.543068868393604, 
          60.6148358958843
        ], 
        [
          -34.81215537703086, 
          0.09883740041414443, 
          72.29303245472244
        ], 
        [
          -16.496690795205986, 
          1.2061731173488737, 
          70.5021908221909
        ]
      ], 
      "cuboid_centroid": [
        -26.769390004295445, 
        6.0689607529576435, 
        63.34370453592015
      ], 
      "location": [
        -26.769390004295445, 
        6.0689607529576435, 
        63.34370453592015
      ], 
      "pose_transform_permuted": [
        [
          -0.037554290258191, 
          -0.631438032424005, 
          -0.7745169852837456, 
          0.0
        ], 
        [
          0.9934565648787597, 
          0.06006344707221873, 
          -0.09713776948154265, 
          0.0
        ], 
        [
          -0.10785680443865994, 
          0.7730968269572834, 
          -0.6250506802134608, 
          0.0
        ], 
        [
          -26.769390004295445, 
          6.0689607529576435, 
          63.34370453592015, 
          1.0
        ]
      ], 
      "projected_cuboid": [
        [
          296.4583557178765, 
          391.3259331583191
        ], 
        [
          127.05715014971048, 
          377.05254042031436
        ], 
        [
          204.036238662208, 
          245.6829165442485
        ], 
        [
          345.5825699471302, 
          253.87285198185785
        ], 
        [
          312.3633439664755, 
          415.17875992983573
        ], 
        [
          154.87175167512632, 
          401.24371731362527
        ], 
        [
          222.64093032386748, 
          274.01568046447613
        ], 
        [
          355.7665577482719, 
          282.4107330833876
        ]
      ], 
      "projected_cuboid_centroid": [
        254.33510472687232, 
        324.38389079277874
      ], 
      "quaternion_xyzw": [
        0.9408866001171168, 
        0.04461755845230892, 
        -0.035788600805603955, 
        0.33385763823213777
      ], 
      "visibility": 0.7495999390383297
    }, 
    {
      "bounding_box": {
        "bottom_right": [
          283, 
          235
        ], 
        "top_left": [
          227, 
          151
        ]
      }, 
      "class": "061_foam_brick", 
      "cuboid": [
        [
          -41.18549504477734, 
          -6.453310654144322, 
          70.87077569353544
        ], 
        [
          -33.44156085751515, 
          -5.702867170612929, 
          70.53624162809432
        ], 
        [
          -33.94911699594457, 
          -2.0464483816077568, 
          66.9893810789208
        ], 
        [
          -41.693051183206755, 
          -2.79689186513915, 
          67.3239151443619
        ], 
        [
          -41.37515198931505, 
          -2.8096781614339106, 
          74.65409552439228
        ], 
        [
          -33.631217802052866, 
          -2.0592346779025172, 
          74.31956145895117
        ], 
        [
          -34.13877394048229, 
          1.597184111102654, 
          70.77270090977763
        ], 
        [
          -41.88270812774447, 
          0.8467406275712606, 
          71.10723497521874
        ]
      ], 
      "cuboid_centroid": [
        -37.66213449262981, 
        -2.4280632715208337, 
        70.82173830165654
      ], 
      "location": [
        -37.66213449262981, 
        -2.4280632715208337, 
        70.82173830165654
      ], 
      "pose_transform_permuted": [
        [
          0.03608389326932482, 
          -0.6932329649203193, 
          -0.7198097033204758, 
          0.0
        ], 
        [
          -0.9944184730645087, 
          -0.09636637463190167, 
          0.0429583783254775, 
          0.0
        ], 
        [
          0.0991456155085984, 
          -0.7142419605344448, 
          0.6928409404310154, 
          0.0
        ], 
        [
          -37.66213449262981, 
          -2.4280632715208337, 
          70.82173830165654, 
          1.0
        ]
      ], 
      "projected_cuboid": [
        [
          169.08352490598364, 
          224.7238276898913
        ], 
        [
          226.6406422454182, 
          230.1675586863959
        ], 
        [
          209.06710593964985, 
          256.9942394069118
        ], 
        [
          148.56500059935846, 
          251.1304111356885
        ], 
        [
          183.55490790382066, 
          253.21454627923322
        ], 
        [
          238.2471561741877, 
          258.5094031529807
        ], 
        [
          222.1947289032224, 
          285.32238730512785
        ], 
        [
          164.84992785047888, 
          279.63727512805275
        ]
      ], 
      "projected_cuboid_centroid": [
        195.62073964818973, 
        255.00212809636517
      ], 
      "quaternion_xyzw": [
        -0.052795051192138835, 
        0.9258064237354683, 
        -0.37428826097327317, 
        -0.0018563505501547845
      ], 
      "visibility": 0.8869705961694092
    }
  ]
}