{
  "camera_data": {
    "location_worldframe": [
      -13.326612549396835, 
      2.7522237845134314, 
      83.45607401433763
    ], 
    "quaternion_xyzw_worldframe": [
      0.9167930718554492, 
      0.013788406578541825, 
      0.05776591280405658, 
      -0.39492239657292055
    ]
  }, 
  "objects": [
    {
      "bounding_box": {
        "bottom_right": [
          462, 
          349
        ], 
        "top_left": [
          290, 
          198
        ]
      }, 
      "class": "003_cracker_box", 
      "cuboid": [
        [
          -16.599967377758908, 
          18.211498256850074, 
          62.766729029321986
        ], 
        [
          -32.85178029128517, 
          19.32277600407371, 
          60.83754410313609
        ], 
        [
          -35.5652671949514, 
          2.9603395952318463, 
          74.27112928121248
        ], 
        [
          -19.31345428142514, 
          1.8490618480082086, 
          76.20031420739839
        ], 
        [
          -16.941167655855743, 
          22.796080653717134, 
          68.28194291017068
        ], 
        [
          -33.19298056938201, 
          23.90735840094077, 
          66.35275798398477
        ], 
        [
          -35.906467473048245, 
          7.544921992098906, 
          79.78634316206117
        ], 
        [
          -19.65465455952198, 
          6.433644244875268, 
          81.71552808824707
        ]
      ], 
      "cuboid_centroid": [
        -26.253217425403573, 
        12.87821012447449, 
        71.27653609569158
      ], 
      "location": [
        -26.253217425403573, 
        12.87821012447449, 
        71.27653609569158
      ], 
      "pose_transform_permuted": [
        [
          0.047520931233195784, 
          -0.6385212404563363, 
          -0.768135656366004, 
          0.0
        ], 
        [
          0.9907466792159934, 
          -0.06774596431836222, 
          0.11760740597877845, 
          0.0
        ], 
        [
          0.1271329175202548, 
          0.7666166641840477, 
          -0.6293934472792927, 
          0.0
        ], 
        [
          -26.253217425403573, 
          12.87821012447449, 
          71.27653609569158, 
          1.0
        ]
      ], 
      "projected_cuboid": [
        [
          339.37418620188816, 
          428.02693642928205
        ], 
        [
          191.20886190261822, 
          442.6756051458144
        ], 
        [
          224.08488142942682, 
          294.5438837933759
        ], 
        [
          345.29735852486914, 
          286.2279661670642
        ], 
        [
          348.17452725748154, 
          451.33648375070453
        ], 
        [
          212.58051067607406, 
          465.44527869557965
        ], 
        [
          239.58564898598047, 
          323.7194127368528
        ], 
        [
          352.2511999382176, 
          315.2759682307616
        ]
      ], 
      "projected_cuboid_centroid": [
        283.52296986851064, 
        369.646462744815
      ], 
      "quaternion_xyzw": [
        0.9388156101927104, 
        -0.051894876832793146, 
        0.04397251585379965, 
        0.3376367717925367
      ], 
      "visibility": 0.4589826790366071
    }, 
    {
      "bounding_box": {
        "bottom_right": [
          463, 
          390
        ], 
        "top_left": [
          338, 
          323
        ]
      }, 
      "class": "006_mustard_bottle", 
      "cuboid": [
        [
          -12.213508284693141, 
          24.814279628948952, 
          73.21647356646594
        ], 
        [
          -21.318890259542126, 
          23.501712209069694, 
          70.46415569409503
        ], 
        [
          -23.164028799708277, 
          9.42205785135405, 
          83.28287374697547
        ], 
        [
          -14.058646824859292, 
          10.734625271233309, 
          86.03519161934639
        ], 
        [
          -13.975839203682872, 
          28.676443133144037, 
          77.20487414614854
        ], 
        [
          -23.081221178531855, 
          27.363875713264775, 
          74.45255627377762
        ], 
        [
          -24.926359718698006, 
          13.28422135554913, 
          87.27127432665807
        ], 
        [
          -15.82097774384902, 
          14.59678877542839, 
          90.023592199029
        ]
      ], 
      "cuboid_centroid": [
        -18.56993400169557, 
        19.049250492249044, 
        80.243873946562
      ], 
      "location": [
        -18.56993400169557, 
        19.049250492249044, 
        80.243873946562
      ], 
      "pose_transform_permuted": [
        [
          0.30255126671986743, 
          -0.6630437268520016, 
          -0.6847156992859044, 
          0.0
        ], 
        [
          0.9482402461671622, 
          0.13669160248029566, 
          0.2866281265339849, 
          0.0
        ], 
        [
          0.0964521103407496, 
          0.7359948026166752, 
          -0.6700810704176453, 
          0.0
        ], 
        [
          -18.56993400169557, 
          19.049250492249044, 
          80.243873946562, 
          1.0
        ]
      ], 
      "projected_cuboid": [
        [
          391.89068245547736, 
          454.03740761174487
        ], 
        [
          318.89687112747555, 
          451.16312268873804
        ], 
        [
          332.0251266864281, 
          333.62268801829737
        ], 
        [
          393.7233251246897, 
          339.8289117170827
        ], 
        [
          384.24954376093604, 
          471.3790660470661
        ], 
        [
          314.8835154176633, 
          469.29983181222514
        ], 
        [
          328.0012902451427, 
          354.4671492508019
        ], 
        [
          387.08903682602744, 
          359.7611288657644
        ]
      ], 
      "projected_cuboid_centroid": [
        357.14841242334575, 
        399.89231899114264
      ], 
      "quaternion_xyzw": [
        0.9177350854235854, 
        0.010961630643382592, 
        0.160498220731616, 
        0.3631562142615307
      ], 
      "visibility": 0.31618807194698645
    }, 
    {
      "bounding_box": {
        "bottom_right": [
          350, 
          333
        ], 
        "top_left": [
          280, 
          237
        ]
      }, 
      "class": "008_pudding_box", 
      "cuboid": [
        [
          -19.203410022762814, 
          7.588219605783678, 
          67.87573472832969
        ], 
        [
          -30.413260942263054, 
          8.022208660601274, 
          66.05275188541633
        ], 
        [
          -31.601564013745044, 
          1.1617610079953704, 
          71.7266486520108
        ], 
        [
          -20.391713094244803, 
          0.7277719531777728, 
          73.54963149492416
        ], 
        [
          -19.58193661938117, 
          10.066877990751244, 
          70.79346271007765
        ], 
        [
          -30.791787538881408, 
          10.50086704556884, 
          68.97047986716429
        ], 
        [
          -31.980090610363398, 
          3.640419392962937, 
          74.64437663375875
        ], 
        [
          -20.770239690863157, 
          3.2064303381453394, 
          76.46735947667212
        ]
      ], 
      "cuboid_centroid": [
        -25.591750316563104, 
        5.614319499373307, 
        71.26005568104422
      ], 
      "location": [
        -25.591750316563104, 
        5.614319499373307, 
        71.26005568104422
      ], 
      "pose_transform_permuted": [
        [
          0.09839271001640944, 
          -0.644292680833064, 
          -0.7584226994340887, 
          0.0
        ], 
        [
          0.98631377773516, 
          -0.038185109438720326, 
          0.16039759203331286, 
          0.0
        ], 
        [
          0.1323026909105702, 
          0.7638250771824457, 
          -0.631717470218295, 
          0.0
        ], 
        [
          -25.591750316563104, 
          5.614319499373307, 
          71.26005568104422, 
          1.0
        ]
      ], 
      "projected_cuboid": [
        [
          329.4528165045847, 
          332.9094081185384
        ], 
        [
          233.98955945404055, 
          338.05902446929105
        ], 
        [
          244.66722010973572, 
          281.9247485792089
        ], 
        [
          332.5014265956395, 
          278.5637232891442
        ], 
        [
          332.84801078420827, 
          349.12494125109134
        ], 
        [
          241.51297203508324, 
          354.48530659178107
        ], 
        [
          251.20138770110736, 
          299.29662796784
        ], 
        [
          335.5283722917375, 
          295.64970186090295
        ]
      ], 
      "projected_cuboid_centroid": [
        288.4689225971717, 
        315.3048399120061
      ], 
      "quaternion_xyzw": [
        0.9365577337184953, 
        -0.045509153950496005, 
        0.06908017859780653, 
        0.3406117170121235
      ], 
      "visibility": 0.8463782207097715
    }, 
    {
      "bounding_box": {
        "bottom_right": [
          505, 
          325
        ], 
        "top_left": [
          325, 
          178
        ]
      }, 
      "class": "019_pitcher_base", 
      "cuboid": [
        [
          -40.65065218032592, 
          33.25748755408466, 
          72.85913576883581
        ], 
        [
          -22.264852307243473, 
          33.89512208753405, 
          77.02126973264372
        ], 
        [
          -25.21018564654446, 
          15.743834729391892, 
          92.81273573386969
        ], 
        [
          -43.59598551962691, 
          15.106200195942504, 
          88.65060177006178
        ], 
        [
          -38.15797189438903, 
          24.447593783144995, 
          63.19764271500537
        ], 
        [
          -19.772172021306584, 
          25.08522831659438, 
          67.35977667881328
        ], 
        [
          -22.71750536060757, 
          6.933940958452222, 
          83.15124268003925
        ], 
        [
          -41.103305233690016, 
          6.296306425002837, 
          78.98910871623134
        ]
      ], 
      "cuboid_centroid": [
        -31.684078770466744, 
        20.095714256268444, 
        78.00518922443753
      ], 
      "location": [
        -31.684078770466744, 
        20.095714256268444, 
        78.00518922443753
      ], 
      "pose_transform_permuted": [
        [
          -0.18727031338621505, 
          0.6618705080996925, 
          0.7258495372139251, 
          0.0
        ], 
        [
          -0.974763840873803, 
          -0.033805604933667445, 
          -0.2206647367424276, 
          0.0
        ], 
        [
          0.12151366343843495, 
          0.7488556196953458, 
          -0.6514980356443676, 
          0.0
        ], 
        [
          -31.684078770466744, 
          20.095714256268444, 
          78.00518922443753, 
          1.0
        ]
      ], 
      "projected_cuboid": [
        [
          181.55977366189262, 
          516.7271060378382
        ], 
        [
          326.1434330537696, 
          507.9870622133441
        ], 
        [
          335.5273447681374, 
          363.75359844467505
        ], 
        [
          217.1391650787304, 
          364.1650230784272
        ], 
        [
          156.9016628031457, 
          479.59772247864737
        ], 
        [
          323.7467437070121, 
          471.89829367876456
        ], 
        [
          334.6761504980493, 
          317.75979397262677
        ], 
        [
          201.76255864798586, 
          315.798012951532
        ]
      ], 
      "projected_cuboid_centroid": [
        263.16855594405246, 
        410.68044801789677
      ], 
      "quaternion_xyzw": [
        -0.10982087589535802, 
        0.35357413833868606, 
        0.9286373078041655, 
        0.02361203285924404
      ], 
      "visibility": 0.20669883621913143
    }, 
    {
      "bounding_box": {
        "bottom_right": [
          406, 
          402
        ], 
        "top_left": [
          255, 
          229
        ]
      }, 
      "class": "035_power_drill", 
      "cuboid": [
        [
          -8.318229309750405, 
          12.000354227465397, 
          55.690933244072774
        ], 
        [
          -26.676255491525826, 
          12.397269465412291, 
          54.0432433478778
        ], 
        [
          -28.023425489613718, 
          -2.287728575969798, 
          65.51551017051122
        ], 
        [
          -9.665399307838296, 
          -2.6846438139166926, 
          67.1632000667062
        ], 
        [
          -8.644373169032512, 
          15.534093308324165, 
          60.175974721618964
        ], 
        [
          -27.00239935080793, 
          15.93100854627106, 
          58.52828482542398
        ], 
        [
          -28.34956934889582, 
          1.2460105048889711, 
          70.00055164805741
        ], 
        [
          -9.991543167120403, 
          0.8490952669420765, 
          71.64824154425237
        ]
      ], 
      "cuboid_centroid": [
        -18.333899329323113, 
        6.6231823661771845, 
        62.84574244606509
      ], 
      "location": [
        -18.333899329323113, 
        6.6231823661771845, 
        62.84574244606509
      ], 
      "pose_transform_permuted": [
        [
          0.05702613156119553, 
          -0.6178729538908291, 
          -0.7842078214164301, 
          0.0
        ], 
        [
          0.9957651659351897, 
          -0.021529240881503715, 
          0.08937301791862098, 
          0.0
        ], 
        [
          0.07210441436102849, 
          0.7859833466968477, 
          -0.6140287282329105, 
          0.0
        ], 
        [
          -18.333899329323113, 
          6.6231823661771845, 
          62.84574244606509, 
          1.0
        ]
      ], 
      "projected_cuboid": [
        [
          401.27439979122414, 
          388.20693061427187
        ], 
        [
          216.15166935839815, 
          395.6275777520189
        ], 
        [
          251.5753559915455, 
          254.66361270206997
        ], 
        [
          404.2079041989276, 
          251.9687163413256
        ], 
        [
          404.34642433544235, 
          410.960023229706
        ], 
        [
          233.49619258802684, 
          418.452569460672
        ], 
        [
          263.8076666197918, 
          282.77963178497095
        ], 
        [
          406.60440659274985, 
          279.6068484884064
        ]
      ], 
      "projected_cuboid_centroid": [
        324.71593472483613, 
        329.4919819990238
      ], 
      "quaternion_xyzw": [
        0.944186996051162, 
        -0.02479213747756873, 
        0.03876328261565141, 
        0.32618053607915487
      ], 
      "visibility": 0.7800876085826713
    }, 
    {
      "bounding_box": {
        "bottom_right": [
          292, 
          271
        ], 
        "top_left": [
          238, 
          194
        ]
      }, 
      "class": "061_foam_brick", 
      "cuboid": [
        [
          -34.84785476377637, 
          -4.739335677239898, 
          67.25819293089968
        ], 
        [
          -27.142071289414694, 
          -4.630380751525374, 
          68.37740025306141
        ], 
        [
          -26.688704732101314, 
          -0.9069446671784865, 
          64.89347806104502
        ], 
        [
          -34.394488206462995, 
          -1.0158995928930097, 
          63.774270738883295
        ], 
        [
          -35.44732347369491, 
          -1.132973244343717, 
          71.03447730969386
        ], 
        [
          -27.74153999933323, 
          -1.024018318629194, 
          72.15368463185557
        ], 
        [
          -27.288173442019858, 
          2.6994177657176937, 
          68.66976243983919
        ], 
        [
          -34.99395691638153, 
          2.5904628400031706, 
          67.55055511767746
        ]
      ], 
      "cuboid_centroid": [
        -31.06801410289811, 
        -1.0199589557611017, 
        67.96397768536944
      ], 
      "location": [
        -31.06801410289811, 
        -1.0199589557611017, 
        67.96397768536944
      ], 
      "pose_transform_permuted": [
        [
          0.11405416764319587, 
          -0.6861420099133402, 
          -0.7184711470026471, 
          0.0
        ], 
        [
          -0.989519442061475, 
          -0.013991181774260175, 
          -0.14372028602429987, 
          0.0
        ], 
        [
          -0.08856026550075813, 
          -0.727333066115271, 
          0.6805466114159955, 
          0.0
        ], 
        [
          -31.06801410289811, 
          -1.0199589557611017, 
          67.96397768536944, 
          1.0
        ]
      ], 
      "projected_cuboid": [
        [
          202.9704576201547, 
          235.70627574497396
        ], 
        [
          268.13429843749805, 
          237.1712027509672
        ], 
        [
          260.4311597334069, 
          265.8329175821108
        ], 
        [
          191.57229962926306, 
          264.7909622398675
        ], 
        [
          213.24435060991942, 
          264.7802908560694
        ], 
        [
          274.83836943249946, 
          265.7175686954257
        ], 
        [
          267.8989686853909, 
          294.2514038331063
        ], 
        [
          203.01326118887354, 
          293.738546993709
        ]
      ], 
      "projected_cuboid_centroid": [
        235.77184434197721, 
        265.2828262555501
      ], 
      "quaternion_xyzw": [
        0.02011615536018866, 
        0.9267313061480379, 
        -0.36868524141317244, 
        0.0695386170612214
      ], 
      "visibility": 0.93
    }
  ]
}