{
  "camera_data": {
    "location_worldframe": [
      -13.071414215681276, 
      0.7980855726529748, 
      92.76683832328418
    ], 
    "quaternion_xyzw_worldframe": [
      0.9475905723557994, 
      -0.027204700120720394, 
      0.14230713404398873, 
      -0.2847501196639977
    ]
  }, 
  "objects": [
    {
      "bounding_box": {
        "bottom_right": [
          424, 
          393
        ], 
        "top_left": [
          272, 
          259
        ]
      }, 
      "class": "003_cracker_box", 
      "cuboid": [
        [
          -11.549938643807522, 
          11.475182731222436, 
          69.07215188624377
        ], 
        [
          -27.098132311686296, 
          14.391783200332902, 
          64.73334662939307
        ], 
        [
          -33.88781632414657, 
          2.0424220463945404, 
          80.76291359943113
        ], 
        [
          -18.3396226562678, 
          -0.8741784227159279, 
          85.10171885628182
        ], 
        [
          -11.689998198018433, 
          17.190453395926145, 
          73.41593619090187
        ], 
        [
          -27.238191865897203, 
          20.10705386503661, 
          69.07713093405118
        ], 
        [
          -34.027875878357484, 
          7.757692711098249, 
          85.10669790408923
        ], 
        [
          -18.47968221047871, 
          4.841092241987781, 
          89.44550316093994
        ]
      ], 
      "cuboid_centroid": [
        -22.788907261082503, 
        9.616437721160342, 
        77.0894248951665
      ], 
      "location": [
        -22.788907261082503, 
        9.616437721160342, 
        77.0894248951665
      ], 
      "pose_transform_permuted": [
        [
          0.01950690216706015, 
          -0.7959987188504101, 
          -0.6049839009067519, 
          0.0
        ], 
        [
          0.947852484287284, 
          -0.17780245470128458, 
          0.2645032232934445, 
          0.0
        ], 
        [
          0.318111849509365, 
          0.5785951319279341, 
          -0.7510209880629355, 
          0.0
        ], 
        [
          -22.788907261082503, 
          9.616437721160342, 
          77.0894248951665, 
          1.0
        ]
      ], 
      "projected_cuboid": [
        [
          391.6745570496166, 
          361.8886663921342
        ], 
        [
          256.48279235822434, 
          391.85633573086756
        ], 
        [
          255.9532995815146, 
          286.77371453186583
        ], 
        [
          365.7076452763403, 
          267.8081942031221
        ], 
        [
          395.96906072648574, 
          398.16413153004794
        ], 
        [
          269.54831579983596, 
          428.52583991971255
        ], 
        [
          266.58499953221315, 
          321.89997904943795
        ], 
        [
          370.4935725346797, 
          302.1515921803529
        ]
      ], 
      "projected_cuboid_centroid": [
        322.625143352036, 
        339.8149180285678
      ], 
      "quaternion_xyzw": [
        0.8847925628532897, 
        -0.14012162992515986, 
        0.08024765842985428, 
        0.43711367270213536
      ], 
      "visibility": 0.6678520182169817
    }, 
    {
      "bounding_box": {
        "bottom_right": [
          424, 
          418
        ], 
        "top_left": [
          327, 
          350
        ]
      }, 
      "class": "006_mustard_bottle", 
      "cuboid": [
        [
          -7.229154051749467, 
          19.588855245347705, 
          78.42813336559813
        ], 
        [
          -16.09050765682359, 
          18.979312834070964, 
          74.77971752514073
        ], 
        [
          -21.583352828242315, 
          8.569142791319669, 
          89.86009375347857
        ], 
        [
          -12.721999223168195, 
          9.17868520259641, 
          93.50850959393595
        ], 
        [
          -8.724985722041797, 
          24.461763777160566, 
          81.24712368837541
        ], 
        [
          -17.58633932711592, 
          23.852221365883825, 
          77.59870784791802
        ], 
        [
          -23.079184498534648, 
          13.442051323132528, 
          92.67908407625585
        ], 
        [
          -14.217830893460526, 
          14.05159373440927, 
          96.32749991671325
        ]
      ], 
      "cuboid_centroid": [
        -15.154169275142056, 
        16.515453284240117, 
        85.55360872092699
      ], 
      "location": [
        -15.154169275142056, 
        16.515453284240117, 
        85.55360872092699
      ], 
      "pose_transform_permuted": [
        [
          0.2567995384805915, 
          -0.8365651609603415, 
          -0.4839551322836925, 
          0.0
        ], 
        [
          0.9228269771723792, 
          0.06347813279167451, 
          0.37994833651477566, 
          0.0
        ], 
        [
          0.2871310186337695, 
          0.54417749549527, 
          -0.7883061788003629, 
          0.0
        ], 
        [
          -15.154169275142056, 
          16.515453284240117, 
          85.55360872092699, 
          1.0
        ]
      ], 
      "projected_cuboid": [
        [
          432.0283906051947, 
          406.4928208027893
        ], 
        [
          365.8852647174641, 
          408.6446209554514
        ], 
        [
          352.43238598094575, 
          324.14439346218046
        ], 
        [
          408.43331698671744, 
          325.6365603223467
        ], 
        [
          423.8475370087391, 
          433.8576089193331
        ], 
        [
          359.72261065408463, 
          437.2178341247942
        ], 
        [
          347.6816867088429, 
          350.63850234396216
        ], 
        [
          402.2237035289905, 
          351.0835338528623
        ]
      ], 
      "projected_cuboid_centroid": [
        386.34256052253613, 
        376.2397014203372
      ], 
      "quaternion_xyzw": [
        0.8589178664097257, 
        -0.06509728537169783, 
        0.18533433169139082, 
        0.47294141946093815
      ], 
      "visibility": 0.4004610226320201
    }, 
    {
      "bounding_box": {
        "bottom_right": [
          322, 
          364
        ], 
        "top_left": [
          259, 
          279
        ]
      }, 
      "class": "008_pudding_box", 
      "cuboid": [
        [
          -16.40864889080754, 
          2.7577999550669032, 
          75.86434829522427
        ], 
        [
          -27.13770697844553, 
          4.33759362103386, 
          72.46376965214913
        ], 
        [
          -30.038385159471144, 
          -0.8237460565259695, 
          79.2178461637663
        ], 
        [
          -19.309327071833156, 
          -2.4035397224929254, 
          82.61842480684146
        ], 
        [
          -16.66798775768602, 
          5.860517206059753, 
          78.12400653524867
        ], 
        [
          -27.39704584532401, 
          7.440310872026709, 
          74.7234278921735
        ], 
        [
          -30.29772402634962, 
          2.2789711944668802, 
          81.4775044037907
        ], 
        [
          -19.56866593871163, 
          0.6991775284999242, 
          84.87808304686585
        ]
      ], 
      "cuboid_centroid": [
        -23.35318645857858, 
        2.5183855747668917, 
        78.67092634950748
      ], 
      "location": [
        -23.35318645857858, 
        2.5183855747668917, 
        78.67092634950748
      ], 
      "pose_transform_permuted": [
        [
          0.06741152181305098, 
          -0.8065080801908634, 
          -0.5873666472400497, 
          0.0
        ], 
        [
          0.9440105751584768, 
          -0.1390002659189167, 
          0.2992044757796378, 
          0.0
        ], 
        [
          0.32295425133981415, 
          0.5746506463145261, 
          -0.7519819804794443, 
          0.0
        ], 
        [
          -23.35318645857858, 
          2.5183855747668917, 
          78.67092634950748, 
          1.0
        ]
      ], 
      "projected_cuboid": [
        [
          365.2844512161347, 
          292.67362500658373
        ], 
        [
          280.2042570874728, 
          305.2104032873715
        ], 
        [
          277.68389202453955, 
          267.7408191216079
        ], 
        [
          355.91249775163243, 
          257.77117556763784
        ], 
        [
          366.86352607258806, 
          313.293812724736
        ], 
        [
          284.4280437235241, 
          326.38987658440954
        ], 
        [
          281.6274465327982, 
          288.20378386894646
        ], 
        [
          357.6154234196942, 
          277.67972235455926
        ]
      ], 
      "projected_cuboid_centroid": [
        321.9637209045794, 
        290.3589738522417
      ], 
      "quaternion_xyzw": [
        0.8811963272609931, 
        -0.13105890905566295, 
        0.1040108731309159, 
        0.44215176926421573
      ], 
      "visibility": 0.7106109324758842
    }, 
    {
      "bounding_box": {
        "bottom_right": [
          486, 
          371
        ], 
        "top_left": [
          322, 
          228
        ]
      }, 
      "class": "019_pitcher_base", 
      "cuboid": [
        [
          -33.6616214421012, 
          31.639377937077462, 
          72.4117884674712
        ], 
        [
          -15.960355441189083, 
          30.61429369287982, 
          78.84466948309864
        ], 
        [
          -23.52102467522678, 
          17.10700871201501, 
          97.4968584400148
        ], 
        [
          -41.22229067613889, 
          18.132092956212652, 
          91.06397742438736
        ], 
        [
          -31.688530487857992, 
          20.610787204833265, 
          65.2250486058027
        ], 
        [
          -13.987264486945877, 
          19.585702960635622, 
          71.65792962143016
        ], 
        [
          -21.54793372098357, 
          6.078417979770812, 
          90.3101185783463
        ], 
        [
          -39.249199721895685, 
          7.103502223968457, 
          83.87723756271886
        ]
      ], 
      "cuboid_centroid": [
        -27.604777581542383, 
        18.858897958424137, 
        81.36095352290876
      ], 
      "location": [
        -27.604777581542383, 
        18.858897958424137, 
        81.36095352290876
      ], 
      "pose_transform_permuted": [
        [
          -0.14823455836886532, 
          0.8285569771172685, 
          0.5399260521748022, 
          0.0
        ], 
        [
          -0.9384717637789215, 
          0.054347108202575704, 
          -0.3410534135018786, 
          0.0
        ], 
        [
          0.3119255143094347, 
          0.5572610947735255, 
          -0.7695209846226456, 
          0.0
        ], 
        [
          -27.604777581542383, 
          18.858897958424137, 
          81.36095352290876, 
          1.0
        ]
      ], 
      "projected_cuboid": [
        [
          231.61002725941654, 
          506.31351066526236
        ], 
        [
          372.73866530597445, 
          480.3671492441361
        ], 
        [
          351.862009583863, 
          366.8639403877933
        ], 
        [
          238.16530513460785, 
          379.4778172439427
        ], 
        [
          220.3331553344327, 
          441.81284307234387
        ], 
        [
          376.6282598102559, 
          419.05461967544255
        ], 
        [
          353.28693513387924, 
          309.1821761927734
        ], 
        [
          229.9577930297443, 
          318.45298546141305
        ]
      ], 
      "projected_cuboid_centroid": [
        299.1403074649894, 
        396.9062740188447
      ], 
      "quaternion_xyzw": [
        -0.14041323908516415, 
        0.4586078461331893, 
        0.8711571199742398, 
        0.10511095361386734
      ], 
      "visibility": 0.2786195848074227
    }, 
    {
      "bounding_box": {
        "bottom_right": [
          336, 
          446
        ], 
        "top_left": [
          220, 
          295
        ]
      }, 
      "class": "035_power_drill", 
      "cuboid": [
        [
          -3.7346322128713334, 
          2.7238060927389567, 
          64.64859402261037
        ], 
        [
          -21.496507584552226, 
          5.311325803112695, 
          60.44026014562386
        ], 
        [
          -26.46266743023019, 
          -6.0570027562954625, 
          74.41077562220381
        ], 
        [
          -8.7007920585493, 
          -8.644522466669201, 
          78.61910949919033
        ], 
        [
          -3.9287753348839187, 
          7.190906734947308, 
          68.21462810326673
        ], 
        [
          -21.690650706564814, 
          9.778426445321047, 
          64.00629422628022
        ], 
        [
          -26.65681055224278, 
          -1.589902114087111, 
          77.97680970286018
        ], 
        [
          -8.894935180561886, 
          -4.177421824460849, 
          82.18514357984668
        ]
      ], 
      "cuboid_centroid": [
        -15.195721382557057, 
        0.5669519893259228, 
        71.31270186273527
      ], 
      "location": [
        -15.195721382557057, 
        0.5669519893259228, 
        71.31270186273527
      ], 
      "pose_transform_permuted": [
        [
          0.03394585212169981, 
          -0.78107087308159, 
          -0.6235197225017118, 
          0.0
        ], 
        [
          0.9634291073383519, 
          -0.14035070918020112, 
          0.22826594971785164, 
          0.0
        ], 
        [
          0.2658031635236163, 
          0.6084656533350155, 
          -0.747742184126909, 
          0.0
        ], 
        [
          -15.195721382557057, 
          0.5669519893259228, 
          71.31270186273527, 
          1.0
        ]
      ], 
      "projected_cuboid": [
        [
          450.53141556639645, 
          295.75661876169954
        ], 
        [
          290.3330298655284, 
          320.15321354797493
        ], 
        [
          290.3523167021829, 
          229.87457031622978
        ], 
        [
          422.08262121436456, 
          214.64566621367382
        ], 
        [
          450.62491448473975, 
          329.5069043330481
        ], 
        [
          299.3579375562644, 
          354.76331114770767
        ], 
        [
          297.7594178865273, 
          262.4124597009955
        ], 
        [
          423.3946267601237, 
          246.1782216956945
        ]
      ], 
      "projected_cuboid_centroid": [
        367.0072138474741, 
        277.5265483965133
      ], 
      "quaternion_xyzw": [
        0.8937861157982763, 
        -0.11360488419006852, 
        0.0733429948185533, 
        0.42762273607345486
      ], 
      "visibility": 0.8079226647052643
    }, 
    {
      "bounding_box": {
        "bottom_right": [
          272, 
          303
        ], 
        "top_left": [
          221, 
          241
        ]
      }, 
      "class": "061_foam_brick", 
      "cuboid": [
        [
          -33.744385185031895, 
          -7.0672641622538475, 
          75.66638854204496
        ], 
        [
          -26.28711579477992, 
          -7.790973276318399, 
          77.78982291093752
        ], 
        [
          -24.858673987929432, 
          -5.054361920651692, 
          73.7059835847631
        ], 
        [
          -32.31594337818141, 
          -4.330652806587137, 
          71.58254921587053
        ], 
        [
          -34.12085912510308, 
          -2.6522210653362612, 
          78.49325929712178
        ], 
        [
          -26.663589734851108, 
          -3.3759301794008154, 
          80.61669366601436
        ], 
        [
          -25.235147928000618, 
          -0.6393188237341064, 
          76.53285433983994
        ], 
        [
          -32.692417318252595, 
          0.08439029033044734, 
          74.40941997094738
        ]
      ], 
      "cuboid_centroid": [
        -29.489766556516255, 
        -3.8532914929939768, 
        76.09962144094244
      ], 
      "location": [
        -29.489766556516255, 
        -3.8532914929939768, 
        76.09962144094244
      ], 
      "pose_transform_permuted": [
        [
          0.07162746138995002, 
          -0.840000582509467, 
          -0.5378368973569844, 
          0.0
        ], 
        [
          -0.9576071104120294, 
          0.09293334560289912, 
          -0.2726756596459896, 
          0.0
        ], 
        [
          -0.27903069519885215, 
          -0.5345675024342652, 
          0.7977339509373017, 
          0.0
        ], 
        [
          -29.489766556516255, 
          -3.8532914929939768, 
          76.09962144094244, 
          1.0
        ]
      ], 
      "projected_cuboid": [
        [
          241.77438817233843, 
          223.47432347248932
        ], 
        [
          299.8732332850172, 
          219.8723706168835
        ], 
        [
          300.2264428455863, 
          236.71433499851065
        ], 
        [
          238.82349172177788, 
          241.0213843236226
        ], 
        [
          247.832151460241, 
          255.2661188306824
        ], 
        [
          303.7341663524864, 
          250.95307831919726
        ], 
        [
          304.2803512391016, 
          268.8314415195508
        ], 
        [
          245.32583225318083, 
          273.8913941203529
        ]
      ], 
      "projected_cuboid_centroid": [
        273.20529200720483, 
        246.2819908632175
      ], 
      "quaternion_xyzw": [
        0.10684367612391686, 
        0.8703464123846435, 
        -0.4704260597109762, 
        0.09889829961284925
      ], 
      "visibility": 0.8854166666666666
    }
  ]
}