{
  "camera_data": {
    "location_worldframe": [
      -12.764492754423133, 
      1.291737491711932, 
      91.62768972700364
    ], 
    "quaternion_xyzw_worldframe": [
      0.9467044656594047, 
      -0.028848365263278622, 
      0.148058647128142, 
      -0.28460170555670455
    ]
  }, 
  "objects": [
    {
      "bounding_box": {
        "bottom_right": [
          432, 
          396
        ], 
        "top_left": [
          275, 
          258
        ]
      }, 
      "class": "003_cracker_box", 
      "cuboid": [
        [
          -10.932050990208468, 
          11.966922016162469, 
          67.95417707286433
        ], 
        [
          -26.415915621082796, 
          14.98574096049028, 
          63.45809166872854
        ], 
        [
          -33.44876250419959, 
          2.6751237559261525, 
          79.4124426711266
        ], 
        [
          -17.96489787332526, 
          -0.3436951884016562, 
          83.90852807526237
        ], 
        [
          -11.079424770620774, 
          17.6814823593751, 
          72.29865386386818
        ], 
        [
          -26.563289401495105, 
          20.70030130370291, 
          67.8025684597324
        ], 
        [
          -33.596136284611894, 
          8.389684099138785, 
          83.75691946213045
        ], 
        [
          -18.11227165373756, 
          5.370865154810976, 
          88.25300486626622
        ]
      ], 
      "cuboid_centroid": [
        -22.26409363741018, 
        10.178303057650627, 
        75.85554826749738
      ], 
      "location": [
        -22.26409363741018, 
        10.178303057650627, 
        75.85554826749738
      ], 
      "pose_transform_permuted": [
        [
          0.020525596648434133, 
          -0.7958997882782569, 
          -0.605080347475318, 
          0.0
        ], 
        [
          0.9439308430446464, 
          -0.18403392041006184, 
          0.2740913710563073, 
          0.0
        ], 
        [
          0.3295045727015774, 
          0.5767798914292426, 
          -0.7474969521085837, 
          0.0
        ], 
        [
          -22.26409363741018, 
          10.178303057650627, 
          75.85554826749738, 
          1.0
        ]
      ], 
      "projected_cuboid": [
        [
          395.0848940373242, 
          367.2056189918347
        ], 
        [
          257.7402126231858, 
          399.230903977835
        ], 
        [
          255.0892283815162, 
          291.2521846540882
        ], 
        [
          366.46126727613176, 
          271.10202373930855
        ], 
        [
          399.1872915870868, 
          403.7160867736645
        ], 
        [
          270.9150616226648, 
          436.11040016837404
        ], 
        [
          265.8919864886139, 
          326.70759089770587
        ], 
        [
          371.2311048951285, 
          305.7430823220247
        ]
      ], 
      "projected_cuboid_centroid": [
        323.75985453937426, 
        344.84739896095755
      ], 
      "quaternion_xyzw": [
        0.8839953452859928, 
        -0.14523223901860527, 
        0.0833197169181434, 
        0.43648327692481126
      ], 
      "visibility": 0.6649688398849473
    }, 
    {
      "bounding_box": {
        "bottom_right": [
          430, 
          420
        ], 
        "top_left": [
          331, 
          351
        ]
      }, 
      "class": "006_mustard_bottle", 
      "cuboid": [
        [
          -6.6545280574458285, 
          20.04917496717735, 
          77.35710175330395
        ], 
        [
          -15.481935695039601, 
          19.49835159514269, 
          73.61818000729518
        ], 
        [
          -21.195785197705654, 
          9.11880496380869, 
          88.63742336950344
        ], 
        [
          -12.36837756011188, 
          9.669628335843353, 
          92.3763451155122
        ], 
        [
          -8.147458444166762, 
          24.930705040148887, 
          80.16268179890163
        ], 
        [
          -16.974866081760535, 
          24.379881668114226, 
          76.42376005289287
        ], 
        [
          -22.688715584426582, 
          14.000335036780227, 
          91.44300341510112
        ], 
        [
          -13.861307946832813, 
          14.551158408814887, 
          95.18192516110989
        ]
      ], 
      "cuboid_centroid": [
        -14.671621820936206, 
        17.02475500197879, 
        84.40005258420254
      ], 
      "location": [
        -14.671621820936206, 
        17.02475500197879, 
        84.40005258420254
      ], 
      "pose_transform_permuted": [
        [
          0.25630145550980493, 
          -0.8380452792346835, 
          -0.48165289931255395, 
          0.0
        ], 
        [
          0.9192918226177584, 
          0.057363094852639185, 
          0.38937367884491153, 
          0.0
        ], 
        [
          0.2986837197883021, 
          0.5425766982690816, 
          -0.7851105412799171, 
          0.0
        ], 
        [
          -14.671621820936206, 
          17.02475500197879, 
          84.40005258420254, 
          1.0
        ]
      ], 
      "projected_cuboid": [
        [
          435.33673018875857, 
          411.51066212868847
        ], 
        [
          368.5050591927141, 
          414.5404068520792
        ], 
        [
          353.00205612194884, 
          328.1531741881762
        ], 
        [
          409.5952118952896, 
          329.1125413488914
        ], 
        [
          426.9405894378319, 
          439.1496668314627
        ], 
        [
          362.15159586587936, 
          443.4203853608583
        ], 
        [
          348.16778095355806, 
          354.94016447243644
        ], 
        [
          403.28269753638403, 
          354.81901091798045
        ]
      ], 
      "projected_cuboid_centroid": [
        388.1152517740805, 
        380.86508755861485
      ], 
      "quaternion_xyzw": [
        0.8578346898149133, 
        -0.0703284175263798, 
        0.18817003497900847, 
        0.4730386401326383
      ], 
      "visibility": 0.39521201054980726
    }, 
    {
      "bounding_box": {
        "bottom_right": [
          328, 
          365
        ], 
        "top_left": [
          262, 
          279
        ]
      }, 
      "class": "008_pudding_box", 
      "cuboid": [
        [
          -15.91623121105015, 
          3.2788790519475546, 
          74.69284444410546
        ], 
        [
          -26.599552896005584, 
          4.929366379850415, 
          71.1835852717343
        ], 
        [
          -29.60241082258855, 
          -0.21540010439466406, 
          77.90557402486061
        ], 
        [
          -18.91908913763311, 
          -1.8658874322975243, 
          81.41483319723177
        ], 
        [
          -16.178519728493924, 
          6.382429594007634, 
          76.95101740375408
        ], 
        [
          -26.861841413449362, 
          8.032916921910493, 
          73.44175823138292
        ], 
        [
          -29.86469934003232, 
          2.888150437665415, 
          80.16374698450925
        ], 
        [
          -19.181377655076886, 
          1.2376631097625552, 
          83.6730061568804
        ]
      ], 
      "cuboid_centroid": [
        -22.890465275541235, 
        3.083514744806485, 
        77.42829571430735
      ], 
      "location": [
        -22.890465275541235, 
        3.083514744806485, 
        77.42829571430735
      ], 
      "pose_transform_permuted": [
        [
          0.0681782423428992, 
          -0.806724682583059, 
          -0.5869805693194743, 
          0.0
        ], 
        [
          0.9399863963862707, 
          -0.14522034264131456, 
          0.3087668780083532, 
          0.0
        ], 
        [
          0.3343306885621257, 
          0.5728054284360703, 
          -0.7484094097308596, 
          0.0
        ], 
        [
          -22.890465275541235, 
          3.083514744806485, 
          77.42829571430735, 
          1.0
        ]
      ], 
      "projected_cuboid": [
        [
          367.0054170072709, 
          296.6982907707116
        ], 
        [
          280.6478982611557, 
          310.2181931230537
        ], 
        [
          277.25852746779543, 
          271.8119696295723
        ], 
        [
          356.6320597966364, 
          261.0637737926728
        ], 
        [
          368.5352011111699, 
          317.5208419001938
        ], 
        [
          284.90608412746724, 
          331.61999850323235
        ], 
        [
          281.2551276072032, 
          292.5010488481607
        ], 
        [
          358.31890343283027, 
          281.1752228049169
        ]
      ], 
      "projected_cuboid_centroid": [
        322.61554351270763, 
        294.5255279815523
      ], 
      "quaternion_xyzw": [
        0.8803085246295493, 
        -0.13618834129921795, 
        0.10704915089566983, 
        0.4416446191317836
      ], 
      "visibility": 0.7281574872815749
    }, 
    {
      "bounding_box": {
        "bottom_right": [
          494, 
          373
        ], 
        "top_left": [
          326, 
          228
        ]
      }, 
      "class": "019_pitcher_base", 
      "cuboid": [
        [
          -32.94557074586596, 
          32.272867613365655, 
          71.07622831582088
        ], 
        [
          -15.31791633282812, 
          31.130838770025616, 
          77.68902983404722
        ], 
        [
          -23.155969989389295, 
          17.666415232546846, 
          96.25752017078652
        ], 
        [
          -40.78362440242713, 
          18.80844407588689, 
          89.6447186525602
        ], 
        [
          -30.970700424655963, 
          21.2341981215681, 
          63.905468637961405
        ], 
        [
          -13.343046011618126, 
          20.092169278228056, 
          70.51827015618774
        ], 
        [
          -21.1810996681793, 
          6.627745740749286, 
          89.08676049292704
        ], 
        [
          -38.80875408121713, 
          7.769774584089327, 
          82.47395897470071
        ]
      ], 
      "cuboid_centroid": [
        -27.063335207022625, 
        19.450306677057473, 
        80.08149440437397
      ], 
      "location": [
        -27.063335207022625, 
        19.450306677057473, 
        80.08149440437397
      ], 
      "pose_transform_permuted": [
        [
          -0.14836823881371786, 
          0.8293141750903705, 
          0.5387254914583858, 
          0.0
        ], 
        [
          -0.9345690826541146, 
          0.060547184751672825, 
          -0.3505922968453223, 
          0.0
        ], 
        [
          0.3233693793931681, 
          0.5554927886410411, 
          -0.7660678861815553, 
          0.0
        ], 
        [
          -27.063335207022625, 
          19.450306677057473, 
          80.08149440437397, 
          1.0
        ]
      ], 
      "projected_cuboid": [
        [
          232.33029012480995, 
          515.4455932821587
        ], 
        [
          375.5663431523561, 
          486.99349238752643
        ], 
        [
          352.23109919262293, 
          371.16819118872115
        ], 
        [
          236.94277100026443, 
          385.1828293126292
        ], 
        [
          220.97886771028112, 
          450.49537366535225
        ], 
        [
          379.8445726620923, 
          425.2407382296163
        ], 
        [
          353.7393134003777, 
          312.96366369868906
        ], 
        [
          228.54808514016526, 
          323.52994807153897
        ]
      ], 
      "projected_cuboid_centroid": [
        299.86110144818076, 
        402.8199529946378
      ], 
      "quaternion_xyzw": [
        -0.14335135729114923, 
        0.4583532514835242, 
        0.8701705813737818, 
        0.11029922533658075
      ], 
      "visibility": 0.28591639871382635
    }, 
    {
      "bounding_box": {
        "bottom_right": [
          342, 
          450
        ], 
        "top_left": [
          223, 
          296
        ]
      }, 
      "class": "035_power_drill", 
      "cuboid": [
        [
          -3.1288683848392798, 
          3.166603158864266, 
          63.60704891098078
        ], 
        [
          -20.82971904748127, 
          5.870664998118787, 
          59.21871387600187
        ], 
        [
          -26.011791144590003, 
          -5.4700708541867415, 
          73.1331229413355
        ], 
        [
          -8.31094048194801, 
          -8.174132693441264, 
          77.5214579763144
        ], 
        [
          -3.3304630734527065, 
          7.633632935039316, 
          67.17275828277961
        ], 
        [
          -21.0313137360947, 
          10.337694774293837, 
          62.78442324780072
        ], 
        [
          -26.21338583320343, 
          -1.0030410780116916, 
          76.69883231313433
        ], 
        [
          -8.512535170561437, 
          -3.707102917266213, 
          81.08716734811324
        ]
      ], 
      "cuboid_centroid": [
        -14.671127109021354, 
        1.081781040426287, 
        70.15294061205756
      ], 
      "location": [
        -14.671127109021354, 
        1.081781040426287, 
        70.15294061205756
      ], 
      "pose_transform_permuted": [
        [
          0.03524875574911118, 
          -0.7810584821822268, 
          -0.6234629472796699, 
          0.0
        ], 
        [
          0.9601190412713041, 
          -0.14667211820066647, 
          0.23802946575067865, 
          0.0
        ], 
        [
          0.2773594084406521, 
          0.6069888122614359, 
          -0.7447392075682281, 
          0.0
        ], 
        [
          -14.671127109021354, 
          1.081781040426287, 
          70.15294061205756, 
          1.0
        ]
      ], 
      "projected_cuboid": [
        [
          455.1441387703012, 
          299.83723488795965
        ], 
        [
          292.4427853958859, 
          326.1573351468385
        ], 
        [
          290.32661934891064, 
          233.39632421042427
        ], 
        [
          423.9443254392398, 
          217.0514624984163
        ], 
        [
          454.9344271481737, 
          333.89393358454805
        ], 
        [
          301.4586973553714, 
          361.0996416587083
        ], 
        [
          297.8052790394963, 
          266.3119670069418
        ], 
        [
          425.14257371783054, 
          248.90449767509136
        ]
      ], 
      "projected_cuboid_centroid": [
        369.13415320485916, 
        281.51049849583507
      ], 
      "quaternion_xyzw": [
        0.8931084481758654, 
        -0.11869541921459378, 
        0.07649637120160171, 
        0.427103139844559
      ], 
      "visibility": 0.7973014101653647
    }, 
    {
      "bounding_box": {
        "bottom_right": [
          277, 
          303
        ], 
        "top_left": [
          224, 
          240
        ]
      }, 
      "class": "061_foam_brick", 
      "cuboid": [
        [
          -33.31234141939447, 
          -6.43353096281492, 
          74.31391741235115
        ], 
        [
          -25.881984043131713, 
          -7.206308027529654, 
          76.5130536129608
        ], 
        [
          -24.394223703776934, 
          -4.477604744708671, 
          72.44513290128316
        ], 
        [
          -31.824581080039692, 
          -3.7048276799939397, 
          70.2459967006735
        ], 
        [
          -33.689038366387095, 
          -2.0171167324722257, 
          77.13861583824621
        ], 
        [
          -26.25868099012434, 
          -2.789893797186957, 
          79.33775203885587
        ], 
        [
          -24.77092065076956, 
          -0.06119051436597536, 
          75.26983132717822
        ], 
        [
          -32.20127802703232, 
          0.7115865503487563, 
          73.07069512656858
        ]
      ], 
      "cuboid_centroid": [
        -29.041631035082016, 
        -3.2473607385904484, 
        74.79187436976468
      ], 
      "location": [
        -29.041631035082016, 
        -3.2473607385904484, 
        74.79187436976468
      ], 
      "pose_transform_permuted": [
        [
          0.07166989040815086, 
          -0.8402614526415377, 
          -0.5374235927214366, 
          0.0
        ], 
        [
          -0.9541512695937708, 
          0.09923428713752813, 
          -0.28239672623616263, 
          0.0
        ], 
        [
          -0.2906179305230136, 
          -0.5330227457257707, 
          0.7946244213447515, 
          0.0
        ], 
        [
          -29.041631035082016, 
          -3.2473607385904484, 
          74.79187436976468, 
          1.0
        ]
      ], 
      "projected_cuboid": [
        [
          240.53618590658215, 
          227.11580481487977
        ], 
        [
          299.68824346827233, 
          223.05634833450205
        ], 
        [
          300.51746823217866, 
          240.3237397861838
        ], 
        [
          237.96589592071044, 
          245.15885459992316
        ], 
        [
          246.7373632080478, 
          259.3406323765767
        ], 
        [
          303.611514568356, 
          254.53247754021172
        ], 
        [
          304.62165173289, 
          272.8529764994939
        ], 
        [
          244.61165899766834, 
          278.48018013530884
        ]
      ], 
      "projected_cuboid_centroid": [
        272.7836876834587, 
        250.13053219731594
      ], 
      "quaternion_xyzw": [
        0.1120820875540504, 
        0.8695685148452907, 
        -0.47002790639135555, 
        0.1017937662759407
      ], 
      "visibility": 0.9012517385257302
    }
  ]
}