{
  "camera_data": {
    "location_worldframe": [
      -15.902719740292074, 
      -3.5209713279337835, 
      95.16135086007019
    ], 
    "quaternion_xyzw_worldframe": [
      0.9540033718045329, 
      -0.012654646341874293, 
      0.08301053427862379, 
      -0.2878012479364546
    ]
  }, 
  "objects": [
    {
      "bounding_box": {
        "bottom_right": [
          377, 
          354
        ], 
        "top_left": [
          244, 
          224
        ]
      }, 
      "class": "003_cracker_box", 
      "cuboid": [
        [
          -17.56063576448208, 
          7.180733181168039, 
          71.48691135926381
        ], 
        [
          -33.63152958640421, 
          9.110635616497929, 
          68.82609117710776
        ], 
        [
          -37.90705984647072, 
          -3.6053877441995055, 
          85.42657725528777
        ], 
        [
          -21.836166024548582, 
          -5.535290179529395, 
          88.08739743744383
        ], 
        [
          -17.59750301413266, 
          12.885158138519238, 
          75.8470230833822
        ], 
        [
          -33.66839683605479, 
          14.815060573849125, 
          73.18620290122615
        ], 
        [
          -37.9439270961213, 
          2.0990372131516937, 
          89.78668897940616
        ], 
        [
          -21.873033274199166, 
          0.16913477782180414, 
          92.44750916156222
        ]
      ], 
      "cuboid_centroid": [
        -27.75228143030169, 
        4.639885197159866, 
        80.63680016933499
      ], 
      "location": [
        -27.75228143030169, 
        4.639885197159866, 
        80.63680016933499
      ], 
      "pose_transform_permuted": [
        [
          0.005134714558776121, 
          -0.7944881746147817, 
          -0.6072579148135266, 
          0.0
        ], 
        [
          0.9797174488053738, 
          -0.11765114693281797, 
          0.16220951923879992, 
          0.0
        ], 
        [
          0.20031813500701842, 
          0.5957740746479868, 
          -0.7777698224826196, 
          0.0
        ], 
        [
          -27.75228143030169, 
          4.639885197159866, 
          80.63680016933499, 
          1.0
        ]
      ], 
      "projected_cuboid": [
        [
          349.4962710034764, 
          326.8575421586563
        ], 
        [
          218.8213372973408, 
          343.88302699185544
        ], 
        [
          242.9704793187625, 
          250.77804061813003
        ], 
        [
          348.2896412890569, 
          239.7734732621104
        ], 
        [
          356.82877181473776, 
          363.88873814919606
        ], 
        [
          234.20546195688522, 
          381.24625739144585
        ], 
        [
          254.3375619357667, 
          285.7545069454712
        ], 
        [
          354.3623781723626, 
          274.26225804167
        ]
      ], 
      "projected_cuboid_centroid": [
        296.518068763295, 
        303.9740359242455
      ], 
      "quaternion_xyzw": [
        0.8920130938314312, 
        -0.08911564307146955, 
        0.046900722353409766, 
        0.44064879988031874
      ], 
      "visibility": 0.6517782717421506
    }, 
    {
      "bounding_box": {
        "bottom_right": [
          391, 
          391
        ], 
        "top_left": [
          299, 
          331
        ]
      }, 
      "class": "006_mustard_bottle", 
      "cuboid": [
        [
          -12.79071815622215, 
          15.568198257799114, 
          80.37135571801687
        ], 
        [
          -21.932390231022698, 
          14.398304915034615, 
          77.67557214851935
        ], 
        [
          -25.142078695662395, 
          3.6967603484288487, 
          93.20411295032363
        ], 
        [
          -16.00040662086185, 
          4.866653691193348, 
          95.89989651982116
        ], 
        [
          -14.281572246721137, 
          20.343971367369342, 
          83.35444164904945
        ], 
        [
          -23.423244321521683, 
          19.17407802460484, 
          80.65865807955193
        ], 
        [
          -26.63293278616138, 
          8.472533457999074, 
          96.18719888135621
        ], 
        [
          -17.491260711360834, 
          9.642426800763573, 
          98.88298245085373
        ]
      ], 
      "cuboid_centroid": [
        -19.711825471191766, 
        12.020365857899094, 
        88.27927729968654
      ], 
      "location": [
        -19.711825471191766, 
        12.020365857899094, 
        88.27927729968654
      ], 
      "pose_transform_permuted": [
        [
          0.2559450036963193, 
          -0.819889266140471, 
          -0.5121265350581867, 
          0.0
        ], 
        [
          0.9520195201620978, 
          0.12183343372047081, 
          0.28074060842418613, 
          0.0
        ], 
        [
          0.16778210373459676, 
          0.5594087028618259, 
          -0.8117333729919217, 
          0.0
        ], 
        [
          -19.711825471191766, 
          12.020365857899094, 
          88.27927729968654, 
          1.0
        ]
      ], 
      "projected_cuboid": [
        [
          396.0144890298105, 
          376.59231068366086
        ], 
        [
          329.75460480006393, 
          372.1451335895229
        ], 
        [
          336.53367192154394, 
          294.4396247465923
        ], 
        [
          391.8738966777204, 
          300.35102722714686
        ], 
        [
          389.4590195869374, 
          403.45162714816064
        ], 
        [
          325.43059823927416, 
          400.06662016043293
        ], 
        [
          332.6974950625917, 
          320.26335053834475
        ], 
        [
          386.4728080461971, 
          325.292403042164
        ]
      ], 
      "projected_cuboid_centroid": [
        361.5200726866664, 
        345.9048999004694
      ], 
      "quaternion_xyzw": [
        0.8694185928081637, 
        -0.013212470492986244, 
        0.15432313518481555, 
        0.46917061948904293
      ], 
      "visibility": 0.5979357798165138
    }, 
    {
      "bounding_box": {
        "bottom_right": [
          284, 
          338
        ], 
        "top_left": [
          230, 
          257
        ]
      }, 
      "class": "008_pudding_box", 
      "cuboid": [
        [
          -21.12168412003252, 
          -1.8091071148495625, 
          78.714370622965
        ], 
        [
          -32.2273584602865, 
          -0.9101743308977068, 
          76.4719862043519
        ], 
        [
          -34.07103998788711, 
          -6.228561736456041, 
          83.47102217589779
        ], 
        [
          -22.96536564763312, 
          -7.127494520407897, 
          85.7134065945109
        ], 
        [
          -21.334016711757375, 
          1.2760630746199833, 
          81.00277751897201
        ], 
        [
          -32.43969105201137, 
          2.174995858571839, 
          78.7603931003589
        ], 
        [
          -34.283372579611964, 
          -3.143391546986495, 
          85.75942907190478
        ], 
        [
          -23.177698239357976, 
          -4.042324330938351, 
          88.0018134905179
        ]
      ], 
      "cuboid_centroid": [
        -27.70252834982224, 
        -2.476249330918029, 
        82.2368998474349
      ], 
      "location": [
        -27.70252834982224, 
        -2.476249330918029, 
        82.2368998474349
      ], 
      "pose_transform_permuted": [
        [
          0.05519289611683665, 
          -0.8019469662519048, 
          -0.5948394594459268, 
          0.0
        ], 
        [
          0.9771476615962601, 
          -0.07909380744102412, 
          0.19729920254420072, 
          0.0
        ], 
        [
          0.2052708884943483, 
          0.5921359474251936, 
          -0.7792551538729523, 
          0.0
        ], 
        [
          -27.70252834982224, 
          -2.476249330918029, 
          82.2368998474349, 
          1.0
        ]
      ], 
      "projected_cuboid": [
        [
          337.2970940701342, 
          261.0291541674303
        ], 
        [
          254.96880128882708, 
          266.93893516816064
        ], 
        [
          262.0935949864022, 
          233.49052419784405
        ], 
        [
          337.5128728008077, 
          228.93837171776948
        ], 
        [
          339.9640671906254, 
          281.6880946675258
        ], 
        [
          260.1037790021825, 
          288.0143451828853
        ], 
        [
          266.61937647113984, 
          253.73845693979334
        ], 
        [
          339.9621227905953, 
          248.78873910992783
        ]
      ], 
      "projected_cuboid_centroid": [
        300.4445332328465, 
        257.2276609634172
      ], 
      "quaternion_xyzw": [
        0.8893991045176767, 
        -0.07993169053435918, 
        0.07097266496517458, 
        0.44445798070101133
      ], 
      "visibility": 0.5024020227560051
    }, 
    {
      "bounding_box": {
        "bottom_right": [
          442, 
          335
        ], 
        "top_left": [
          289, 
          200
        ]
      }, 
      "class": "019_pitcher_base", 
      "cuboid": [
        [
          -40.41061914560512, 
          25.930308940252345, 
          77.23210617499453
        ], 
        [
          -22.099788366965456, 
          26.02718158912465, 
          81.75666867206456
        ], 
        [
          -26.791342694356246, 
          12.112806646880738, 
          101.04122486776484
        ], 
        [
          -45.10217347299591, 
          12.015933998008432, 
          96.5166623706948
        ], 
        [
          -38.52330122232792, 
          15.031589993666897, 
          69.8275070857683
        ], 
        [
          -20.212470443688265, 
          15.128462642539203, 
          74.35206958283833
        ], 
        [
          -24.904024771079055, 
          1.214087700295294, 
          93.6366257785386
        ], 
        [
          -43.21485554971871, 
          1.1172150514229873, 
          89.11206328146858
        ]
      ], 
      "cuboid_centroid": [
        -32.65732195834208, 
        13.572198320273818, 
        85.43436597676657
      ], 
      "location": [
        -32.65732195834208, 
        13.572198320273818, 
        85.43436597676657
      ], 
      "pose_transform_permuted": [
        [
          -0.14179059422323737, 
          0.8187999576801768, 
          0.5562934002254095, 
          0.0
        ], 
        [
          -0.9707891885361111, 
          -0.0051359177159670455, 
          -0.2398796869520222, 
          0.0
        ], 
        [
          0.1935563441783451, 
          0.5740561352180564, 
          -0.795610140236299, 
          0.0
        ], 
        [
          -32.65732195834208, 
          13.572198320273818, 
          85.43436597676657, 
          1.0
        ]
      ], 
      "projected_cuboid": [
        [
          200.2195696234564, 
          452.3460281393234
        ], 
        [
          336.2331351470031, 
          443.06847579386226
        ], 
        [
          339.00754577632387, 
          337.220808378508
        ], 
        [
          230.30029376659292, 
          339.68266849221845
        ], 
        [
          184.9167763312627, 
          388.0928892947542
        ], 
        [
          335.4069310616387, 
          381.80141101466074
        ], 
        [
          338.57089414683935, 
          280.20153241733163
        ], 
        [
          220.80864725653993, 
          279.97286802022523
        ]
      ], 
      "projected_cuboid_centroid": [
        276.03654943158267, 
        358.01027962953236
      ], 
      "quaternion_xyzw": [
        -0.10836717504005476, 
        0.45837747997730954, 
        0.8805025161774919, 
        0.05349798069867078
      ], 
      "visibility": 0.23780805598987417
    }, 
    {
      "bounding_box": {
        "bottom_right": [
          297, 
          403
        ], 
        "top_left": [
          193, 
          255
        ]
      }, 
      "class": "035_power_drill", 
      "cuboid": [
        [
          -9.725458214194283, 
          -1.074360928984765, 
          66.22389171603028
        ], 
        [
          -27.95901332887727, 
          0.38903512093638526, 
          63.92487260523926
        ], 
        [
          -30.703434810978926, 
          -11.238162654516968, 
          78.28987741372822
        ], 
        [
          -12.469879696295935, 
          -12.701558704438117, 
          80.58889652451924
        ], 
        [
          -9.820256417746734, 
          3.379336695765245, 
          69.81065481550382
        ], 
        [
          -28.05381153242972, 
          4.842732745686396, 
          67.5116357047128
        ], 
        [
          -30.798233014531373, 
          -6.784465029766958, 
          81.87664051320176
        ], 
        [
          -12.564677899848387, 
          -8.247861079688107, 
          84.1756596239928
        ]
      ], 
      "cuboid_centroid": [
        -20.261845614362826, 
        -3.929412979375861, 
        74.05026611461602
      ], 
      "location": [
        -20.261845614362826, 
        -3.929412979375861, 
        74.05026611461602
      ], 
      "pose_transform_permuted": [
        [
          0.01657543036206949, 
          -0.7787273605022675, 
          -0.6271441836729418, 
          0.0
        ], 
        [
          0.989013680151796, 
          -0.07937666043451018, 
          0.12470203079989255, 
          0.0
        ], 
        [
          0.14688933394273482, 
          0.6223210785935429, 
          -0.7688563881912398, 
          0.0
        ], 
        [
          -20.261845614362826, 
          -3.929412979375861, 
          74.05026611461602, 
          1.0
        ]
      ], 
      "projected_cuboid": [
        [
          402.6225276086661, 
          264.63440794234816
        ], 
        [
          246.39360713763799, 
          276.5322237384957
        ], 
        [
          270.698763847216, 
          196.7308909359905
        ], 
        [
          398.38644212791786, 
          189.23041752303226
        ], 
        [
          405.94986938824746, 
          299.1030332247978
        ], 
        [
          258.1343985903963, 
          311.5425242626036
        ], 
        [
          279.3149355881297, 
          229.09459215860795
        ], 
        [
          401.3264576219643, 
          221.02979472903093
        ]
      ], 
      "projected_cuboid_centroid": [
        334.4525404219404, 
        244.98639805993423
      ], 
      "quaternion_xyzw": [
        0.8997887172023052, 
        -0.06286642354239814, 
        0.039252954182742245, 
        0.4299853174157867
      ], 
      "visibility": 0.7575618698441796
    }, 
    {
      "bounding_box": {
        "bottom_right": [
          235, 
          285
        ], 
        "top_left": [
          189, 
          223
        ]
      }, 
      "class": "061_foam_brick", 
      "cuboid": [
        [
          -37.73456961362392, 
          -12.698972114623233, 
          80.30222925739649
        ], 
        [
          -30.06423719183265, 
          -12.950688444730824, 
          81.6236809545607
        ], 
        [
          -29.248489195449018, 
          -10.138702972225884, 
          77.42433287916278
        ], 
        [
          -36.91882161724029, 
          -9.886986642118293, 
          76.10288118199855
        ], 
        [
          -38.085117653048755, 
          -8.310181988706395, 
          83.1729737155138
        ], 
        [
          -30.414785231257486, 
          -8.561898318813988, 
          84.49442541267803
        ], 
        [
          -29.599037234873855, 
          -5.749912846309046, 
          80.2950773372801
        ], 
        [
          -37.26936965666513, 
          -5.498196516201455, 
          78.9736256401159
        ]
      ], 
      "cuboid_centroid": [
        -33.66680342424889, 
        -9.22444248046614, 
        80.29865329733829
      ], 
      "location": [
        -33.66680342424889, 
        -9.22444248046614, 
        80.29865329733829
      ], 
      "pose_transform_permuted": [
        [
          0.06669483193040515, 
          -0.8350057250530065, 
          -0.5461842532721704, 
          0.0
        ], 
        [
          -0.9849670813733411, 
          0.03232354028043327, 
          -0.16969100552068658, 
          0.0
        ], 
        [
          -0.1593475698109559, 
          -0.5492910229308708, 
          0.8202973388490908, 
          0.0
        ], 
        [
          -33.66680342424889, 
          -9.22444248046614, 
          80.29865329733829, 
          1.0
        ]
      ], 
      "projected_cuboid": [
        [
          228.89805994217684, 
          188.9475279999777
        ], 
        [
          283.52385314080874, 
          188.6682546309429
        ], 
        [
          278.4466578514112, 
          203.44843099402863
        ], 
        [
          220.7184592746815, 
          203.9997578635694
        ], 
        [
          235.35354823391316, 
          220.00020473750826
        ], 
        [
          288.02243944467074, 
          219.2447710809356
        ], 
        [
          283.36203757632404, 
          235.09563980740498
        ], 
        [
          227.81454606002154, 
          236.1564727166579
        ]
      ], 
      "projected_cuboid_centroid": [
        256.12883603026535, 
        212.0205563409751
      ], 
      "quaternion_xyzw": [
        0.05460345448769374, 
        0.8775594506323179, 
        -0.47156436601229207, 
        0.06734183002666257
      ], 
      "visibility": 0.855
    }
  ]
}