{
  "camera_data": {
    "location_worldframe": [
      -17.1781093857383, 
      -0.6737718908697704, 
      89.78760494891192
    ], 
    "quaternion_xyzw_worldframe": [
      0.887428005773176, 
      0.028588476719035916, 
      0.00018806643896003523, 
      -0.4600593427682367
    ]
  }, 
  "objects": [
    {
      "bounding_box": {
        "bottom_right": [
          414, 
          334
        ], 
        "top_left": [
          270, 
          187
        ]
      }, 
      "class": "003_cracker_box", 
      "cuboid": [
        [
          -23.59121550804223, 
          17.092839732068146, 
          71.87190360306636
        ], 
        [
          -39.99114688198831, 
          17.035737045275308, 
          71.52969620955136
        ], 
        [
          -40.16041658412631, 
          -1.1638649366926797, 
          82.6786595071984
        ], 
        [
          -23.760485210180228, 
          -1.1067622498998424, 
          83.02086690071339
        ], 
        [
          -23.731993722861127, 
          20.843688984451784, 
          77.99266408809336
        ], 
        [
          -40.13192509680721, 
          20.786586297658946, 
          77.65045669457838
        ], 
        [
          -40.301194798945204, 
          2.586984315690957, 
          88.79941999222541
        ], 
        [
          -23.901263424999126, 
          2.6440870024837944, 
          89.1416273857404
        ]
      ], 
      "cuboid_centroid": [
        -31.946205153493718, 
        9.839912023879553, 
        80.33566179764588
      ], 
      "location": [
        -31.946205153493718, 
        9.839912023879553, 
        80.33566179764588
      ], 
      "pose_transform_permuted": [
        [
          0.019606994176137094, 
          -0.5224024153286846, 
          -0.8524736255381358, 
          0.0
        ], 
        [
          0.9997763101606976, 
          0.003481106853453153, 
          0.020861724198532494, 
          0.0
        ], 
        [
          0.007930663328985454, 
          0.8526919715546943, 
          -0.5223538132581507, 
          0.0
        ], 
        [
          -31.946205153493718, 
          9.839912023879553, 
          80.33566179764588, 
          1.0
        ]
      ], 
      "projected_cuboid": [
        [
          305.08154354852104, 
          400.1225574009744
        ], 
        [
          180.94152371614103, 
          400.3036044790038
        ], 
        [
          220.38302537020002, 
          265.77901467851564
        ], 
        [
          327.6895700712125, 
          266.17678348450806
        ], 
        [
          317.96357299540625, 
          415.8172189231814
        ], 
        [
          203.6656028592267, 
          416.0531617943836
        ], 
        [
          237.53542500032606, 
          288.8236822221903
        ], 
        [
          337.40809894987524, 
          289.10567231169404
        ]
      ], 
      "projected_cuboid_centroid": [
        267.75032590750584, 
        338.6101770924778
      ], 
      "quaternion_xyzw": [
        0.9624112825675841, 
        -0.0011558354926132733, 
        0.010512324384514823, 
        0.27139026929307347
      ], 
      "visibility": 0.3572038967697829
    }, 
    {
      "bounding_box": {
        "bottom_right": [
          421, 
          373
        ], 
        "top_left": [
          308, 
          306
        ]
      }, 
      "class": "006_mustard_bottle", 
      "cuboid": [
        [
          -18.708408513096597, 
          22.58100731079714, 
          82.73803857704364
        ], 
        [
          -27.91625678485194, 
          20.864587667580725, 
          80.62250043677798
        ], 
        [
          -27.45299892601437, 
          5.076708498264843, 
          91.41550738923095
        ], 
        [
          -18.245150654259028, 
          6.79312814148126, 
          93.5310455294966
        ], 
        [
          -20.354938124951314, 
          25.701247398298378, 
          87.37296019653321
        ], 
        [
          -29.562786396706652, 
          23.984827755081962, 
          85.25742205626757
        ], 
        [
          -29.099528537869084, 
          8.196948585766078, 
          96.05042900872053
        ], 
        [
          -19.89168026611374, 
          9.913368228982495, 
          98.16596714898618
        ]
      ], 
      "cuboid_centroid": [
        -23.903968525482842, 
        15.38897794828161, 
        89.39423379288208
      ], 
      "location": [
        -23.903968525482842, 
        15.38897794828161, 
        89.39423379288208
      ], 
      "pose_transform_permuted": [
        [
          0.2826708732114796, 
          -0.5356727166114652, 
          -0.7957083383226077, 
          0.0
        ], 
        [
          0.9589111512286641, 
          0.1787490288167381, 
          0.22031348189923516, 
          0.0
        ], 
        [
          -0.02421617517825904, 
          0.8252899338106915, 
          -0.5641897748191474, 
          0.0
        ], 
        [
          -23.903968525482842, 
          15.38897794828161, 
          89.39423379288208, 
          1.0
        ]
      ], 
      "projected_cuboid": [
        [
          359.9999282708991, 
          418.8410327905534
        ], 
        [
          295.3915020454883, 
          411.30623642328464
        ], 
        [
          320.1011104247897, 
          302.9041393873754
        ], 
        [
          376.69515695251016, 
          312.0213585785216
        ], 
        [
          356.3162810427998, 
          430.16549136251615
        ], 
        [
          295.12881323101016, 
          423.32131539154665
        ], 
        [
          318.6755752072495, 
          318.80005882827265
        ], 
        [
          372.6282460811326, 
          327.14424004715187
        ]
      ], 
      "projected_cuboid_centroid": [
        337.7992690568625, 
        365.09607598612246
      ], 
      "quaternion_xyzw": [
        0.9460324285353493, 
        0.05363590028019139, 
        0.13291942747920305, 
        0.29065137152154064
      ], 
      "visibility": 0.45341969899028384
    }, 
    {
      "bounding_box": {
        "bottom_right": [
          323, 
          316
        ], 
        "top_left": [
          259, 
          224
        ]
      }, 
      "class": "008_pudding_box", 
      "cuboid": [
        [
          -24.88883151506796, 
          5.69122093498265, 
          75.62066930863016
        ], 
        [
          -36.224198944015804, 
          5.39008175600972, 
          74.85181884962391
        ], 
        [
          -36.34133796020052, 
          -2.2506493686304965, 
          79.57160878495493
        ], 
        [
          -25.005970531252675, 
          -1.9495101896575668, 
          80.34045924396118
        ], 
        [
          -25.163788138444428, 
          7.710884624635803, 
          78.88341719732009
        ], 
        [
          -36.49915556739227, 
          7.409745445662871, 
          78.11456673831383
        ], 
        [
          -36.61629458357699, 
          -0.2309856789773447, 
          82.83435667364485
        ], 
        [
          -25.280927154629147, 
          0.0701534999955851, 
          83.60320713265111
        ]
      ], 
      "cuboid_centroid": [
        -30.75256304932247, 
        2.7301176280026525, 
        79.2275129911375
      ], 
      "location": [
        -30.75256304932247, 
        2.7301176280026525, 
        79.2275129911375
      ], 
      "pose_transform_permuted": [
        [
          0.07147113981596562, 
          -0.524983410735261, 
          -0.8481058127394825, 
          0.0
        ], 
        [
          0.9973575162728457, 
          0.02649613481658118, 
          0.06764833949903026, 
          0.0
        ], 
        [
          0.013041964986699088, 
          0.8506998867328704, 
          -0.5254896027476819, 
          0.0
        ], 
        [
          -30.75256304932247, 
          2.7301176280026525, 
          79.2275129911375, 
          1.0
        ]
      ], 
      "projected_cuboid": [
        [
          304.60421573362845, 
          313.42423584274536
        ], 
        [
          221.34860665495216, 
          311.69089741522
        ], 
        [
          235.99359050766824, 
          258.2018186767608
        ], 
        [
          314.2180012069667, 
          260.34521337960683
        ], 
        [
          310.05049703595455, 
          325.41873407538526
        ], 
        [
          230.3259763334866, 
          323.87585208111835
        ], 
        [
          243.88259307839704, 
          271.79936296158155
        ], 
        [
          318.98162135443306, 
          273.73405951390805
        ]
      ], 
      "projected_cuboid_centroid": [
        272.8612241961523, 
        291.6643103032479
      ], 
      "quaternion_xyzw": [
        0.9612704114536657, 
        0.003499059595919591, 
        0.036181150916893064, 
        0.2731991438013738
      ], 
      "visibility": 0.7874046548014864
    }, 
    {
      "bounding_box": {
        "bottom_right": [
          447, 
          307
        ], 
        "top_left": [
          291, 
          179
        ]
      }, 
      "class": "019_pitcher_base", 
      "cuboid": [
        [
          -47.592361447345596, 
          28.487971244860766, 
          86.0412502944701
        ], 
        [
          -28.986464355060804, 
          30.15557161607692, 
          88.65032604982821
        ], 
        [
          -29.023187722564792, 
          9.851869162502016, 
          101.8893946642097
        ], 
        [
          -47.629084814849584, 
          8.184268791285861, 
          99.28031890885161
        ], 
        [
          -45.40729911944078, 
          21.313628364916877, 
          75.0445945229856
        ], 
        [
          -26.801402027155984, 
          22.981228736133037, 
          77.65367027834371
        ], 
        [
          -26.838125394659972, 
          2.677526282558129, 
          90.8927388927252
        ], 
        [
          -45.44402248694477, 
          1.0099259113419745, 
          88.28366313736711
        ]
      ], 
      "cuboid_centroid": [
        -37.21524342100279, 
        15.582748763709448, 
        88.46699459359766
      ], 
      "location": [
        -37.21524342100279, 
        15.582748763709448, 
        88.46699459359766
      ], 
      "pose_transform_permuted": [
        [
          -0.1641595631913737, 
          0.5389946905935729, 
          0.8261577644532198, 
          0.0
        ], 
        [
          -0.986432781699675, 
          -0.08841152161506236, 
          -0.13832592119894538, 
          0.0
        ], 
        [
          0.0015150716082493743, 
          0.83765638122419, 
          -0.5461954700951086, 
          0.0
        ], 
        [
          -37.21524342100279, 
          15.582748763709448, 
          88.46699459359766, 
          1.0
        ]
      ], 
      "projected_cuboid": [
        [
          184.14137868983232, 
          449.86687471181847
        ], 
        [
          305.76153381690267, 
          454.70219205961814
        ], 
        [
          328.41502212686237, 
          324.85416945591936
        ], 
        [
          223.608292501329, 
          317.251251917704
        ], 
        [
          156.21171964598713, 
          424.7561470544851
        ], 
        [
          295.9930971855795, 
          431.1198932675833
        ], 
        [
          322.8101481782739, 
          288.9971130872095
        ], 
        [
          204.7829989702173, 
          279.3874772371226
        ]
      ], 
      "projected_cuboid_centroid": [
        255.3768960462712, 
        367.22648828154
      ], 
      "quaternion_xyzw": [
        -0.07916139174141369, 
        0.283997639084574, 
        0.9552809701047493, 
        -0.022741071141950134
      ], 
      "visibility": 0.1889582404517759
    }, 
    {
      "bounding_box": {
        "bottom_right": [
          384, 
          357
        ], 
        "top_left": [
          245, 
          207
        ]
      }, 
      "class": "035_power_drill", 
      "cuboid": [
        [
          -15.60128783969078, 
          12.638264750865222, 
          63.295741052931035
        ], 
        [
          -34.0111236218333, 
          11.654769364362455, 
          63.310982121193135
        ], 
        [
          -33.14007350688958, 
          -4.50549019286275, 
          72.6471603151442
        ], 
        [
          -14.730237724747052, 
          -3.5219948063599826, 
          72.6319192468821
        ], 
        [
          -15.749655066398393, 
          15.492294554565401, 
          68.24970712159521
        ], 
        [
          -34.15949084854092, 
          14.508799168062634, 
          68.26494818985731
        ], 
        [
          -33.28844073359719, 
          -1.6514603891625714, 
          77.60112638380838
        ], 
        [
          -14.87860495145467, 
          -0.6679650026598045, 
          77.58588531554628
        ]
      ], 
      "cuboid_centroid": [
        -24.444864286643984, 
        5.493402180851325, 
        70.44843371836971
      ], 
      "location": [
        -24.444864286643984, 
        5.493402180851325, 
        70.44843371836971
      ], 
      "pose_transform_permuted": [
        [
          0.02594195398380885, 
          -0.4990260415254384, 
          -0.8661991104268524, 
          0.0
        ], 
        [
          0.9985753915441825, 
          0.05334617333260114, 
          -0.0008266969834756281, 
          0.0
        ], 
        [
          -0.04662110832802729, 
          0.8649435876317048, 
          -0.49969911889407154, 
          0.0
        ], 
        [
          -24.444864286643984, 
          5.493402180851325, 
          70.44843371836971, 
          1.0
        ]
      ], 
      "projected_cuboid": [
        [
          349.0476891239288, 
          379.77449399259086
        ], 
        [
          192.70629727672176, 
          371.4640820836444
        ], 
        [
          236.28067954099603, 
          240.210693843611
        ], 
        [
          372.5349390589288, 
          247.4253350621764
        ], 
        [
          357.499865686302, 
          394.34704391862624
        ], 
        [
          212.50223298156357, 
          386.63646250060003
        ], 
        [
          250.91323150221962, 
          261.93675212889883
        ], 
        [
          378.4703425646677, 
          268.6949964227794
        ]
      ], 
      "projected_cuboid_centroid": [
        294.9986205601588, 
        314.8735372466744
      ], 
      "quaternion_xyzw": [
        0.9656239031841978, 
        0.02588152626788257, 
        0.006502339295225161, 
        0.2585699145200733
      ], 
      "visibility": 0.7930291389487492
    }, 
    {
      "bounding_box": {
        "bottom_right": [
          272, 
          259
        ], 
        "top_left": [
          220, 
          186
        ]
      }, 
      "class": "061_foam_brick", 
      "cuboid": [
        [
          -39.561269315945694, 
          -7.754447867920934, 
          74.60485425484968
        ], 
        [
          -31.812475617818826, 
          -7.127359752120635, 
          75.05933404367953
        ], 
        [
          -31.97847848595256, 
          -2.9425038631448843, 
          72.11541563689457
        ], 
        [
          -39.72727218407942, 
          -3.5695919789451844, 
          71.66093584806472
        ], 
        [
          -40.05541524612556, 
          -4.756849285908591, 
          78.89388199804573
        ], 
        [
          -32.3066215479987, 
          -4.129761170108291, 
          79.34836178687557
        ], 
        [
          -32.47262441613243, 
          0.05509471886745859, 
          76.4044433800906
        ], 
        [
          -40.2214181142593, 
          -0.5719933969328406, 
          75.94996359126075
        ]
      ], 
      "cuboid_centroid": [
        -36.01694686603906, 
        -3.849676574526738, 
        75.50464881747014
      ], 
      "location": [
        -36.01694686603906, 
        -3.849676574526738, 
        75.50464881747014
      ], 
      "pose_transform_permuted": [
        [
          0.09401558718318559, 
          -0.5703193603654473, 
          -0.816025058781253, 
          0.0
        ], 
        [
          -0.995042495332394, 
          -0.08052599512231895, 
          -0.05836091665012377, 
          0.0
        ], 
        [
          0.03242686924886923, 
          -0.817466446590872, 
          0.575062698189345, 
          0.0
        ], 
        [
          -36.01694686603906, 
          -3.849676574526738, 
          75.50464881747014, 
          1.0
        ]
      ], 
      "projected_cuboid": [
        [
          196.43295544567587, 
          217.85316241964156
        ], 
        [
          253.67598608948634, 
          222.6444615422845
        ], 
        [
          243.13383730996637, 
          251.52565759389918
        ], 
        [
          183.47233413195613, 
          246.72069309296776
        ], 
        [
          208.5675198733167, 
          241.1304212570539
        ], 
        [
          262.64688267116964, 
          245.5294116055404
        ], 
        [
          253.0421814142254, 
          273.6711110664737
        ], 
        [
          196.80915893791473, 
          269.2700083400179
        ]
      ], 
      "projected_cuboid_centroid": [
        225.07487662566047, 
        246.0947300831741
      ], 
      "quaternion_xyzw": [
        -0.029648426846912813, 
        0.9524355622172713, 
        -0.3006455512560717, 
        0.039996538841582274
      ], 
      "visibility": 0.9526813880126183
    }
  ]
}