{
  "camera_data": {
    "location_worldframe": [
      -9.507798348811045, 
      7.5017877823001164, 
      83.61997892610282
    ], 
    "quaternion_xyzw_worldframe": [
      0.9371782094246889, 
      -0.037518653979919825, 
      0.1746902866553227, 
      -0.299624826394657
    ]
  }, 
  "objects": [
    {
      "bounding_box": {
        "bottom_right": [
          519, 
          425
        ], 
        "top_left": [
          322, 
          260
        ]
      }, 
      "class": "003_cracker_box", 
      "cuboid": [
        [
          -6.217192755455041, 
          18.92376154688058, 
          60.45827309704098
        ], 
        [
          -21.37233965513249, 
          22.534884645979893, 
          55.324129731346495
        ], 
        [
          -29.515798612573676, 
          9.891442173691347, 
          70.46945857573931
        ], 
        [
          -14.360651712896228, 
          6.280319074592035, 
          75.6036019414338
        ], 
        [
          -6.426813561843482, 
          24.488289646293122, 
          64.99087540513287
        ], 
        [
          -21.58196046152093, 
          28.09941274539244, 
          59.856732039438384
        ], 
        [
          -29.72541941896211, 
          15.455970273103892, 
          75.0020608838312
        ], 
        [
          -14.570272519284666, 
          11.844847174004578, 
          80.13620424952569
        ]
      ], 
      "cuboid_centroid": [
        -17.97130608720858, 
        17.189865909992236, 
        67.73016699043609
      ], 
      "location": [
        -17.97130608720858, 
        17.189865909992236, 
        67.73016699043609
      ], 
      "pose_transform_permuted": [
        [
          0.029195099080795563, 
          -0.7750039320962095, 
          -0.631281673601473, 
          0.0
        ], 
        [
          0.9238914786786149, 
          -0.22014209969738888, 
          0.31298880421808656, 
          0.0
        ], 
        [
          0.38153922709821786, 
          0.5923734980367024, 
          -0.7095924583935883, 
          0.0
        ], 
        [
          -17.97130608720858, 
          17.189865909992236, 
          67.73016699043609, 
          1.0
        ]
      ], 
      "projected_cuboid": [
        [
          426.29640660909706, 
          440.2184085628735
        ], 
        [
          273.8527213970373, 
          490.52077816857553
        ], 
        [
          256.3571598956114, 
          348.14591569844663
        ], 
        [
          379.4505897654053, 
          317.5888868779579
        ], 
        [
          428.41869504670217, 
          474.2391231762464
        ], 
        [
          287.7007206884491, 
          523.6504750378838
        ], 
        [
          268.4661125644957, 
          383.1898063239506
        ], 
        [
          383.8214336836134, 
          352.1159387089276
        ]
      ], 
      "projected_cuboid_centroid": [
        338.90848296114774, 
        408.6426507631957
      ], 
      "quaternion_xyzw": [
        0.8870663236642441, 
        -0.16957055823915593, 
        0.09643695577502251, 
        0.4184006175426967
      ], 
      "visibility": 0.62462225725923
    }, 
    {
      "bounding_box": {
        "bottom_right": [
          497, 
          443
        ], 
        "top_left": [
          377, 
          362
        ]
      }, 
      "class": "006_mustard_bottle", 
      "cuboid": [
        [
          -2.1965414478929217, 
          26.554432885193997, 
          70.33969795435799
        ], 
        [
          -10.839085161262977, 
          26.383772761820268, 
          66.1583846325674
        ], 
        [
          -17.56748735508568, 
          15.663841161466715, 
          80.50315392267083
        ], 
        [
          -8.924943641715625, 
          15.834501284840444, 
          84.68446724446143
        ], 
        [
          -3.6955033277964624, 
          31.377751448983084, 
          73.2411058367454
        ], 
        [
          -12.338047041166519, 
          31.207091325609348, 
          69.05979251495481
        ], 
        [
          -19.06644923498922, 
          20.4871597252558, 
          83.40456180505824
        ], 
        [
          -10.423905521619167, 
          20.657819848629526, 
          87.58587512684883
        ]
      ], 
      "cuboid_centroid": [
        -10.631495341441072, 
        23.5207963052249, 
        76.87212987970811
      ], 
      "location": [
        -10.631495341441072, 
        23.5207963052249, 
        76.87212987970811
      ], 
      "pose_transform_permuted": [
        [
          0.2573369227327578, 
          -0.8280517157948943, 
          -0.49810431209510747, 
          0.0
        ], 
        [
          0.9000399764571549, 
          0.01777265334346459, 
          0.4354446177555886, 
          0.0
        ], 
        [
          0.35171808332456783, 
          0.5603698600699566, 
          -0.7498533255161776, 
          0.0
        ], 
        [
          -10.631495341441072, 
          23.5207963052249, 
          76.87212987970811, 
          1.0
        ]
      ], 
      "projected_cuboid": [
        [
          464.80397802850666, 
          474.6237556485803
        ], 
        [
          393.49228815860135, 
          485.97284781146027
        ], 
        [
          364.24560990263865, 
          377.0567983008871
        ], 
        [
          424.92181675224634, 
          373.0078906655827
        ], 
        [
          454.46328003307315, 
          501.7698347918411
        ], 
        [
          385.52151620623476, 
          514.2857117648454
        ], 
        [
          358.66314169811506, 
          404.2890065343178
        ], 
        [
          417.59586678272797, 
          399.07417046144064
        ]
      ], 
      "projected_cuboid_centroid": [
        407.223747341445, 
        436.46793156302783
      ], 
      "quaternion_xyzw": [
        0.8600165912094688, 
        -0.09707528709169, 
        0.20138609753855605, 
        0.45868447697387243
      ], 
      "visibility": 0.20681190549248235
    }, 
    {
      "bounding_box": {
        "bottom_right": [
          394, 
          384
        ], 
        "top_left": [
          311, 
          283
        ]
      }, 
      "class": "008_pudding_box", 
      "cuboid": [
        [
          -11.760742003507325, 
          10.155999161547946, 
          66.63319276260673
        ], 
        [
          -22.208635163384603, 
          12.229529472370288, 
          62.6690571503239
        ], 
        [
          -25.678247276630177, 
          6.945626436281907, 
          69.0497366745318
        ], 
        [
          -15.2303541167529, 
          4.872096125459566, 
          73.01387228681462
        ], 
        [
          -12.051514756198461, 
          13.186727147798136, 
          68.98485290574918
        ], 
        [
          -22.49940791607574, 
          15.260257458620478, 
          65.02071729346636
        ], 
        [
          -25.969020029321317, 
          9.976354422532097, 
          71.40139681767427
        ], 
        [
          -15.521126869444037, 
          7.902824111709755, 
          75.36553242995709
        ]
      ], 
      "cuboid_centroid": [
        -18.86488101641432, 
        10.066176792040022, 
        69.0172947901405
      ], 
      "location": [
        -18.86488101641432, 
        10.066176792040022, 
        69.0172947901405
      ], 
      "pose_transform_permuted": [
        [
          0.07558232206615031, 
          -0.7877954747533631, 
          -0.6112812589353055, 
          0.0
        ], 
        [
          0.9192719016419634, 
          -0.18244234725351025, 
          0.34878979205724026, 
          0.0
        ], 
        [
          0.38629793191211015, 
          0.5882965440063844, 
          -0.7104088941198021, 
          0.0
        ], 
        [
          -18.86488101641432, 
          10.066176792040022, 
          69.0172947901405, 
          1.0
        ]
      ], 
      "projected_cuboid": [
        [
          386.68185327682664, 
          354.5732513289432
        ], 
        [
          291.0244736454372, 
          377.36098647583145
        ], 
        [
          281.61314314736904, 
          326.93248616687737
        ], 
        [
          369.4219965299936, 
          308.8740803678029
        ], 
        [
          387.6507791129836, 
          375.23268310787097
        ], 
        [
          295.5121948750179, 
          398.4557838109278
        ], 
        [
          286.0097952883394, 
          347.8030799445948
        ], 
        [
          370.84745615335106, 
          329.21038971099074
        ]
      ], 
      "projected_cuboid_centroid": [
        334.60703940050274, 
        351.0712327768731
      ], 
      "quaternion_xyzw": [
        0.8830132649886486, 
        -0.16102257511752438, 
        0.12014885023523574, 
        0.4241738001785356
      ], 
      "visibility": 0.9154929577464789
    }, 
    {
      "bounding_box": {
        "bottom_right": [
          539, 
          398
        ], 
        "top_left": [
          378, 
          236
        ]
      }, 
      "class": "019_pitcher_base", 
      "cuboid": [
        [
          -27.806391308799917, 
          39.730595969246984, 
          63.22536305431809
        ], 
        [
          -10.565627750832531, 
          37.86085555785252, 
          70.6434299612846
        ], 
        [
          -19.673689463047236, 
          23.99831347388165, 
          88.31792453742315
        ], 
        [
          -36.91445302101462, 
          25.868053885276115, 
          80.89985763045662
        ], 
        [
          -25.77461028151654, 
          28.891779031152602, 
          55.771233693218726
        ], 
        [
          -8.53384672354916, 
          27.022038619758142, 
          63.18930060018525
        ], 
        [
          -17.641908435763863, 
          13.159496535787273, 
          80.86379517632379
        ], 
        [
          -34.88267199373125, 
          15.02923694718174, 
          73.44572826935728
        ]
      ], 
      "cuboid_centroid": [
        -22.72414987228189, 
        26.44504625251713, 
        72.04457911532094
      ], 
      "location": [
        -22.72414987228189, 
        26.44504625251713, 
        72.04457911532094
      ], 
      "pose_transform_permuted": [
        [
          -0.15264383156483008, 
          0.8142996340863833, 
          0.560014515038294, 
          0.0
        ], 
        [
          -0.9140572083548872, 
          0.09912842288227704, 
          -0.39328522229156926, 
          0.0
        ], 
        [
          0.37576525913267833, 
          0.571917701373846, 
          -0.7291848962260588, 
          0.0
        ], 
        [
          -22.72414987228189, 
          26.44504625251713, 
          72.04457911532094, 
          1.0
        ]
      ], 
      "projected_cuboid": [
        [
          245.08950332001024, 
          608.4226899598118
        ], 
        [
          401.1675877906468, 
          559.1154638374253
        ], 
        [
          361.80482594965133, 
          418.2035591380838
        ], 
        [
          236.21635825582177, 
          443.81761330869733
        ], 
        [
          233.07005857652678, 
          549.5678846470852
        ], 
        [
          408.9709178756727, 
          501.35335049940363
        ], 
        [
          364.2740626608008, 
          360.0771368137675
        ], 
        [
          226.18880661798096, 
          382.41999710727373
        ]
      ], 
      "projected_cuboid_centroid": [
        311.9766717444874, 
        469.04951165025943
      ], 
      "quaternion_xyzw": [
        -0.1564018970382524, 
        0.4421891578856337, 
        0.8726381587987984, 
        0.1360511448034357
      ], 
      "visibility": 0.1947994037209525
    }, 
    {
      "bounding_box": {
        "bottom_right": [
          424, 
          488
        ], 
        "top_left": [
          269, 
          316
        ]
      }, 
      "class": "035_power_drill", 
      "cuboid": [
        [
          1.5534996727124524, 
          10.058209158936743, 
          56.18588402333463
        ], 
        [
          -15.828879007105465, 
          13.41446523671429, 
          51.04020568489547
        ], 
        [
          -21.997293400984944, 
          1.7569247283608271, 
          64.27385044702801
        ], 
        [
          -4.614914721167026, 
          -1.5993313494167203, 
          69.41952878546718
        ], 
        [
          1.2949719205850223, 
          14.404618624053073, 
          59.894140611918125
        ], 
        [
          -16.087406759232895, 
          17.76087470183062, 
          54.74846227347896
        ], 
        [
          -22.25582115311237, 
          6.1033341934771554, 
          67.9821070356115
        ], 
        [
          -4.873442473294457, 
          2.7470781156996096, 
          73.12778537405067
        ]
      ], 
      "cuboid_centroid": [
        -10.35116074019996, 
        8.080771676206949, 
        62.08399552947307
      ], 
      "location": [
        -10.35116074019996, 
        8.080771676206949, 
        62.08399552947307
      ], 
      "pose_transform_permuted": [
        [
          0.04520348056679718, 
          -0.7599680660004609, 
          -0.648387274709709, 
          0.0
        ], 
        [
          0.942844672900627, 
          -0.18204805119664208, 
          0.27910883195120556, 
          0.0
        ], 
        [
          0.3301512860575159, 
          0.6239451089601491, 
          -0.7083027433730054, 
          0.0
        ], 
        [
          -10.35116074019996, 
          8.080771676206949, 
          62.08399552947307, 
          1.0
        ]
      ], 
      "projected_cuboid": [
        [
          496.4658611607708, 
          368.7596271627768
        ], 
        [
          314.82263200264646, 
          413.4544098093
        ], 
        [
          297.5509477263805, 
          287.86482070878975
        ], 
        [
          445.8472574084233, 
          260.9995815075672
        ], 
        [
          493.22407128261625, 
          401.5505905553966
        ], 
        [
          323.57932511497415, 
          446.3000236464699
        ], 
        [
          305.5451588977027, 
          321.16719055247626
        ], 
        [
          445.7589537917621, 
          293.3209277569442
        ]
      ], 
      "projected_cuboid_centroid": [
        391.93657381488464, 
        342.7027175507734
      ], 
      "quaternion_xyzw": [
        0.896545740128534, 
        -0.14282576848246636, 
        0.09043384458876223, 
        0.40942440069007685
      ], 
      "visibility": 0.8589462544410008
    }, 
    {
      "bounding_box": {
        "bottom_right": [
          339, 
          313
        ], 
        "top_left": [
          274, 
          240
        ]
      }, 
      "class": "061_foam_brick", 
      "cuboid": [
        [
          -29.37067765751743, 
          0.9622880911416221, 
          65.06293224697411
        ], 
        [
          -22.082011771187087, 
          -0.09685888393997574, 
          67.59219151446395
        ], 
        [
          -20.321579101653796, 
          2.725826674836801, 
          63.70110498216428
        ], 
        [
          -27.610244987984135, 
          3.7849736499183986, 
          61.17184571467445
        ], 
        [
          -29.768584843570544, 
          5.288460471727766, 
          68.0212153378635
        ], 
        [
          -22.479918957240205, 
          4.229313496646168, 
          70.55047460535333
        ], 
        [
          -20.719486287706914, 
          7.051999055422945, 
          66.65938807305366
        ], 
        [
          -28.008152174037253, 
          8.111146030504543, 
          64.13012880556383
        ]
      ], 
      "cuboid_centroid": [
        -25.04508197261217, 
        4.007143573282283, 
        65.86116016001388
      ], 
      "location": [
        -25.04508197261217, 
        4.007143573282283, 
        65.86116016001388
      ], 
      "pose_transform_permuted": [
        [
          0.0757053239871377, 
          -0.8230921510745476, 
          -0.5628392441536719, 
          0.0
        ], 
        [
          -0.9359563015507063, 
          0.13600778263895597, 
          -0.32478867691032265, 
          0.0
        ], 
        [
          -0.34388152830230057, 
          -0.5513811693385154, 
          0.7600817723056944, 
          0.0
        ], 
        [
          -25.04508197261217, 
          4.007143573282283, 
          65.86116016001388, 
          1.0
        ]
      ], 
      "projected_cuboid": [
        [
          238.8398941925414, 
          281.1743946447364
        ], 
        [
          305.91240633692246, 
          272.5222967510228
        ], 
        [
          310.04252496438767, 
          296.10775507692813
        ], 
        [
          238.87435729496733, 
          306.2853881175529
        ], 
        [
          246.25176233018766, 
          314.75065355757897
        ], 
        [
          310.2461092895499, 
          305.2576299372119
        ], 
        [
          314.4459068209058, 
          329.70723588282823
        ], 
        [
          246.7343497263217, 
          340.74052724667547
        ]
      ], 
      "projected_cuboid_centroid": [
        277.1010675776268, 
        305.73492083739546
      ], 
      "quaternion_xyzw": [
        0.13738793002339228, 
        0.8732377561470434, 
        -0.4532482454622739, 
        0.11465777735737916
      ], 
      "visibility": 0.9473126820227694
    }
  ]
}