{
  "camera_data": {
    "location_worldframe": [
      -21.916701492100692, 
      -3.3968370376731927, 
      95.05205990588834
    ], 
    "quaternion_xyzw_worldframe": [
      0.9555480395035627, 
      0.03482001991027827, 
      -0.056018652644351616, 
      -0.2873694910341553
    ]
  }, 
  "objects": [
    {
      "bounding_box": {
        "bottom_right": [
          353, 
          313
        ], 
        "top_left": [
          234, 
          144
        ]
      }, 
      "class": "003_cracker_box", 
      "cuboid": [
        [
          -30.88332224877512, 
          6.247122052931642, 
          72.59435702131533
        ], 
        [
          -47.217111410376155, 
          5.378842570423053, 
          73.83191027341209
        ], 
        [
          -45.25126949631744, 
          -7.433251480183892, 
          90.78889286919627
        ], 
        [
          -28.917480334716405, 
          -6.564971997675303, 
          89.5513396170995
        ], 
        [
          -30.860102510755844, 
          11.977049199514356, 
          76.92099466197388
        ], 
        [
          -47.193891672356884, 
          11.108769717005767, 
          78.15854791407065
        ], 
        [
          -45.22804975829817, 
          -1.703324333601177, 
          95.11553050985484
        ], 
        [
          -28.89426059669713, 
          -0.8350448510925885, 
          93.87797725775806
        ]
      ], 
      "cuboid_centroid": [
        -38.05568600353664, 
        2.2718988596652325, 
        83.85494376558508
      ], 
      "location": [
        -38.05568600353664, 
        2.2718988596652325, 
        83.85494376558508
      ], 
      "pose_transform_permuted": [
        [
          -0.003233946876660565, 
          -0.7980400116400225, 
          -0.6025957860864872, 
          0.0
        ], 
        [
          0.9957441337145664, 
          0.05293224937451679, 
          -0.0754440000873593, 
          0.0
        ], 
        [
          -0.09210408112904894, 
          0.6002752008851828, 
          -0.7944724799775175, 
          0.0
        ], 
        [
          -38.05568600353664, 
          2.2718988596652325, 
          83.85494376558508, 
          1.0
        ]
      ], 
      "projected_cuboid": [
        [
          252.8197902889959, 
          319.18146240800615
        ], 
        [
          137.6852910001353, 
          312.1402269484167
        ], 
        [
          213.5631309467583, 
          229.62152064578478
        ], 
        [
          307.9449442236203, 
          234.1890979621027
        ], 
        [
          265.8503436494926, 
          356.3275193776758
        ], 
        [
          156.88304254353065, 
          349.0879006363725
        ], 
        [
          225.8868015309277, 
          263.73587660435
        ], 
        [
          316.0812141117912, 
          268.54265890646184
        ]
      ], 
      "projected_cuboid_centroid": [
        237.54492753850067, 
        287.73587273062793
      ], 
      "quaternion_xyzw": [
        0.894233627287388, 
        0.040547661728939345, 
        -0.02199591487145406, 
        0.4452171230823496
      ], 
      "visibility": 0.5419182699059121
    }, 
    {
      "bounding_box": {
        "bottom_right": [
          383, 
          347
        ], 
        "top_left": [
          292, 
          268
        ]
      }, 
      "class": "006_mustard_bottle", 
      "cuboid": [
        [
          -25.650494452727735, 
          15.547728788014819, 
          80.22012030895912
        ], 
        [
          -34.83539570961193, 
          12.788017292187995, 
          79.74299435987024
        ], 
        [
          -32.44281143504291, 
          2.1119065853858587, 
          95.43557019207769
        ], 
        [
          -23.257910178158713, 
          4.871618081212683, 
          95.91269614116658
        ], 
        [
          -27.185267894919768, 
          20.081993025548293, 
          83.5389114579384
        ], 
        [
          -36.370169151803964, 
          17.32228152972147, 
          83.06178550884951
        ], 
        [
          -33.977584877234946, 
          6.646170822919334, 
          98.75436134105695
        ], 
        [
          -24.792683620350747, 
          9.405882318746158, 
          99.23148729014584
        ]
      ], 
      "cuboid_centroid": [
        -29.81403966498134, 
        11.096949805467077, 
        89.48724082500804
      ], 
      "location": [
        -29.81403966498134, 
        11.096949805467077, 
        89.48724082500804
      ], 
      "pose_transform_permuted": [
        [
          0.26348493580842464, 
          -0.778427804861285, 
          -0.569759320047549, 
          0.0
        ], 
        [
          0.9565214345654512, 
          0.2873981031637695, 
          0.049688198547463064, 
          0.0
        ], 
        [
          -0.12506909233465655, 
          0.5580791823956012, 
          -0.8203080813445907, 
          0.0
        ], 
        [
          -29.81403966498134, 
          11.096949805467077, 
          89.48724082500804, 
          1.0
        ]
      ], 
      "projected_cuboid": [
        [
          309.6462804095609, 
          376.65098326706544
        ], 
        [
          246.67709262028637, 
          358.81254696320025
        ], 
        [
          298.7870686815936, 
          285.0884388612383
        ], 
        [
          351.19444539665983, 
          300.3750197880292
        ], 
        [
          306.5976750025603, 
          401.49170564182276
        ], 
        [
          246.12695282023006, 
          384.50870721857524
        ], 
        [
          296.57311358706505, 
          309.17895837512515
        ], 
        [
          347.23837389051295, 
          323.83844821254087
        ]
      ], 
      "projected_cuboid_centroid": [
        302.4327814327332, 
        339.42133653105066
      ], 
      "quaternion_xyzw": [
        0.8781172952699147, 
        0.11742941339392547, 
        0.08916039350404349, 
        0.4551601177933919
      ], 
      "visibility": 0.8439731659813893
    }, 
    {
      "bounding_box": {
        "bottom_right": [
          270, 
          296
        ], 
        "top_left": [
          217, 
          202
        ]
      }, 
      "class": "008_pudding_box", 
      "cuboid": [
        [
          -31.06887044174198, 
          -3.019720314064541, 
          80.32897825129372
        ], 
        [
          -42.377451604904344, 
          -4.0587922832882395, 
          80.7858065577956
        ], 
        [
          -41.5951336854511, 
          -9.425223930073923, 
          87.94543648922989
        ], 
        [
          -30.286552522288744, 
          -8.386151960850224, 
          87.48860818272802
        ], 
        [
          -31.25684367294922, 
          0.045076231507631265, 
          82.64670441022427
        ], 
        [
          -42.565424836111575, 
          -0.993995737716067, 
          83.10353271672615
        ], 
        [
          -41.78310691665834, 
          -6.360427384501752, 
          90.26316264816043
        ], 
        [
          -30.47452575349598, 
          -5.3213554152780524, 
          89.80633434165857
        ]
      ], 
      "cuboid_centroid": [
        -36.42598867920016, 
        -4.690073849283146, 
        85.29607044972708
      ], 
      "location": [
        -36.42598867920016, 
        -4.690073849283146, 
        85.29607044972708
      ], 
      "pose_transform_permuted": [
        [
          0.048861020055794464, 
          -0.7966511216431492, 
          -0.6024605929686522, 
          0.0
        ], 
        [
          0.9950006907282404, 
          0.09142414173599271, 
          -0.04019465165039936, 
          0.0
        ], 
        [
          -0.08710131983597337, 
          0.5974850730394257, 
          -0.7971352835697672, 
          0.0
        ], 
        [
          -36.42598867920016, 
          -4.690073849283146, 
          85.29607044972708, 
          1.0
        ]
      ], 
      "projected_cuboid": [
        [
          273.605868891013, 
          253.23803227092722
        ], 
        [
          199.50458761637753, 
          246.49181374787915
        ], 
        [
          227.25338617781148, 
          216.13000208434744
        ], 
        [
          295.4354817953196, 
          222.16560737034024
        ], 
        [
          278.2156280850576, 
          273.5774151213059
        ], 
        [
          206.15566327422098, 
          266.9075384951002
        ], 
        [
          232.6643838971367, 
          235.70597485941022
        ], 
        [
          299.11435749007813, 
          241.6853923296731
        ]
      ], 
      "projected_cuboid_centroid": [
        251.94304257571645, 
        243.9615266748965
      ], 
      "quaternion_xyzw": [
        0.8937206438166679, 
        0.04993883234294732, 
        0.0024242386212499946, 
        0.44582902281595255
      ], 
      "visibility": 0.3076323987538941
    }, 
    {
      "bounding_box": {
        "bottom_right": [
          415, 
          287
        ], 
        "top_left": [
          271, 
          136
        ]
      }, 
      "class": "019_pitcher_base", 
      "cuboid": [
        [
          -54.579081560494316, 
          21.035802917730646, 
          83.8408151060992
        ], 
        [
          -36.00674765720385, 
          24.326793086710026, 
          83.91410218775887
        ], 
        [
          -33.604871675492305, 
          10.334579463820148, 
          103.56005773604457
        ], 
        [
          -52.17720557878277, 
          7.043589294840766, 
          103.4867706543849
        ], 
        [
          -52.666856711784604, 
          10.417985437969811, 
          76.0448238678527
        ], 
        [
          -34.09452280849414, 
          13.708975606949195, 
          76.11811094951237
        ], 
        [
          -31.692646826782596, 
          -0.28323801594068304, 
          95.76406649779807
        ], 
        [
          -50.26498073007306, 
          -3.574228184920064, 
          95.6907794161384
        ]
      ], 
      "cuboid_centroid": [
        -43.135864193638454, 
        10.37628245089498, 
        89.80244080194863
      ], 
      "location": [
        -43.135864193638454, 
        10.37628245089498, 
        89.80244080194863
      ], 
      "pose_transform_permuted": [
        [
          -0.1436618040039497, 
          0.797696366489732, 
          0.5856979455325035, 
          0.0
        ], 
        [
          -0.984653355009407, 
          -0.1744791219058584, 
          -0.0038854767101867095, 
          0.0
        ], 
        [
          -0.09909260380416712, 
          0.5772674740218167, 
          -0.8105201535481901, 
          0.0
        ], 
        [
          -43.135864193638454, 
          10.37628245089498, 
          89.80244080194863, 
          1.0
        ]
      ], 
      "projected_cuboid": [
        [
          131.52096174554478, 
          407.09732726774223
        ], 
        [
          250.8476147862238, 
          427.896488045198
        ], 
        [
          307.0945513762922, 
          326.50815384748444
        ], 
        [
          210.46073414784328, 
          309.5857101654699
        ], 
        [
          109.15435660998133, 
          346.3502307965608
        ], 
        [
          240.72393992292564, 
          369.3381223573396
        ], 
        [
          303.62671219848767, 
          271.709157382177
        ], 
        [
          199.1174178881037, 
          253.36606186690338
        ]
      ], 
      "projected_cuboid_centroid": [
        223.28654397163183, 
        334.909302153089
      ], 
      "quaternion_xyzw": [
        -0.04158245734450089, 
        0.45323502081181655, 
        0.887076486916958, 
        -0.07709924954183671
      ], 
      "visibility": 0.22
    }, 
    {
      "bounding_box": {
        "bottom_right": [
          289, 
          328
        ], 
        "top_left": [
          189, 
          168
        ]
      }, 
      "class": "035_power_drill", 
      "cuboid": [
        [
          -23.222992351132728, 
          -0.7097743978423603, 
          65.51235571703884
        ], 
        [
          -41.46249605397506, 
          -2.3916513225197082, 
          67.6055216624737
        ], 
        [
          -38.741299000723586, 
          -13.932434465465256, 
          82.04443961271218
        ], 
        [
          -20.501795297881262, 
          -12.25055754078791, 
          79.9512736672773
        ], 
        [
          -23.22511242179563, 
          3.75753884610961, 
          69.08340411345654
        ], 
        [
          -41.464616124637956, 
          2.0756619214322627, 
          71.17657005889141
        ], 
        [
          -38.743419071386484, 
          -9.465121221513288, 
          85.61548800912988
        ], 
        [
          -20.503915368544163, 
          -7.783244296835938, 
          83.52232206369501
        ]
      ], 
      "cuboid_centroid": [
        -30.983205711259608, 
        -5.0874478096778235, 
        75.56392186308436
      ], 
      "location": [
        -30.983205711259608, 
        -5.0874478096778235, 
        75.56392186308436
      ], 
      "pose_transform_permuted": [
        [
          0.00037069356083450775, 
          -0.7811080464167814, 
          -0.6243964737332847, 
          0.0
        ], 
        [
          0.9893363399419561, 
          0.0912273704373778, 
          -0.11353626551938278, 
          0.0
        ], 
        [
          -0.14564629568959012, 
          0.6176959188304525, 
          -0.7728124321997887, 
          0.0
        ], 
        [
          -30.983205711259608, 
          -5.0874478096778235, 
          75.56392186308436, 
          1.0
        ]
      ], 
      "projected_cuboid": [
        [
          290.96906410871, 
          267.508443424161
        ], 
        [
          151.78616136418447, 
          254.41952157432814
        ], 
        [
          227.6654595365567, 
          182.7204962514125
        ], 
        [
          343.69898060132755, 
          191.5684872039507
        ], 
        [
          300.80647357884004, 
          302.29450417640476
        ], 
        [
          168.3173121984492, 
          288.8392844797078
        ], 
        [
          238.24370875885649, 
          214.32600850359685
        ], 
        [
          349.5812482153155, 
          223.5877688195558
        ]
      ], 
      "projected_cuboid_centroid": [
        261.0996044682238, 
        237.38004347498958
      ], 
      "quaternion_xyzw": [
        0.8988087578158233, 
        0.06588544672800857, 
        -0.031476543529000985, 
        0.43221666041414647
      ], 
      "visibility": 0.6095915170502471
    }, 
    {
      "bounding_box": {
        "bottom_right": [
          218, 
          250
        ], 
        "top_left": [
          172, 
          184
        ]
      }, 
      "class": "061_foam_brick", 
      "cuboid": [
        [
          -44.750096453640346, 
          -16.500297348153055, 
          85.63919916222092
        ], 
        [
          -37.055615068444666, 
          -15.424878883534971, 
          85.10813749122684
        ], 
        [
          -37.73873530214694, 
          -12.627348654123423, 
          80.8755965627341
        ], 
        [
          -45.43321668734262, 
          -13.70276711874151, 
          81.4066582337282
        ], 
        [
          -45.154334738459866, 
          -12.15875671869547, 
          88.57401650116321
        ], 
        [
          -37.45985335326419, 
          -11.083338254077383, 
          88.04295483016912
        ], 
        [
          -38.14297358696646, 
          -8.285808024665837, 
          83.8104139016764
        ], 
        [
          -45.83745497216214, 
          -9.361226489283922, 
          84.34147557267048
        ]
      ], 
      "cuboid_centroid": [
        -41.44653502030341, 
        -12.393052686409446, 
        84.72480653194866
      ], 
      "location": [
        -41.44653502030341, 
        -12.393052686409446, 
        84.72480653194866
      ], 
      "pose_transform_permuted": [
        [
          0.07690987092698898, 
          -0.8260160949004134, 
          -0.5583746795114065, 
          0.0
        ], 
        [
          -0.988068111771327, 
          -0.13809724639059473, 
          0.06819499277791818, 
          0.0
        ], 
        [
          0.1334401673209341, 
          -0.5464673471533384, 
          0.8267812045762494, 
          0.0
        ], 
        [
          -41.44653502030341, 
          -12.393052686409446, 
          84.72480653194866, 
          1.0
        ]
      ], 
      "projected_cuboid": [
        [
          200.5926703818199, 
          170.5306529427653
        ], 
        [
          247.45757281082072, 
          176.62844841296993
        ], 
        [
          230.66187002350543, 
          190.01775719970678
        ], 
        [
          181.46990900048993, 
          183.5155756717371
        ], 
        [
          207.44921591834063, 
          200.07654569200503
        ], 
        [
          252.79328479552711, 
          206.1492940166986
        ], 
        [
          236.85518353732706, 
          220.56058811158837
        ], 
        [
          189.33595100009333, 
          214.09234704113197
        ]
      ], 
      "projected_cuboid_centroid": [
        218.5282453396217, 
        195.2756464435292
      ], 
      "quaternion_xyzw": [
        -0.07719977426576657, 
        0.87933357413954, 
        -0.46990054402676057, 
        0.0024776940189047765
      ], 
      "visibility": 0.8238362760834671
    }
  ]
}