{
  "camera_data": {
    "location_worldframe": [
      -18.068885147028766, 
      3.910635741021952, 
      82.0969307921139
    ], 
    "quaternion_xyzw_worldframe": [
      0.9241583369425247, 
      0.02366335219679984, 
      -0.048639378135367554, 
      -0.3781619794318923
    ]
  }, 
  "objects": [
    {
      "bounding_box": {
        "bottom_right": [
          450, 
          313
        ], 
        "top_left": [
          289, 
          122
        ]
      }, 
      "class": "003_cracker_box", 
      "cuboid": [
        [
          -26.682543164919885, 
          17.937138621474478, 
          61.92726498433858
        ], 
        [
          -43.03758585792571, 
          17.392104561304812, 
          63.06464445943377
        ], 
        [
          -41.5212636959546, 
          1.5341642405534248, 
          77.269574696186
        ], 
        [
          -25.166221002948774, 
          2.07919830072309, 
          76.13219522109083
        ], 
        [
          -26.471430929023242, 
          22.73688593234352, 
          67.26301750020762
        ], 
        [
          -42.82647362202907, 
          22.191851872173856, 
          68.4003969753028
        ], 
        [
          -41.31015146005796, 
          6.333911551422469, 
          82.60532721205504
        ], 
        [
          -24.95510876705213, 
          6.878945611592132, 
          81.46794773695986
        ]
      ], 
      "cuboid_centroid": [
        -33.99634731248892, 
        12.135525086448473, 
        72.26629609819682
      ], 
      "location": [
        -33.99634731248892, 
        12.135525086448473, 
        72.26629609819682
      ], 
      "pose_transform_permuted": [
        [
          -0.029402819072976927, 
          -0.6684884993903482, 
          -0.7431410366904806, 
          0.0
        ], 
        [
          0.9970397962829796, 
          0.033226489133607706, 
          -0.06933718373173697, 
          0.0
        ], 
        [
          -0.07104307748511596, 
          0.742979896499693, 
          -0.6655326848012418, 
          0.0
        ], 
        [
          -33.99634731248892, 
          12.135525086448473, 
          72.26629609819682, 
          1.0
        ]
      ], 
      "projected_cuboid": [
        [
          249.89118604724447, 
          427.76174846113463
        ], 
        [
          114.60752547645498, 
          420.3665704562165
        ], 
        [
          192.62638848708679, 
          283.8754384187042
        ], 
        [
          303.8340598945664, 
          287.85169228772537
        ], 
        [
          269.9594771060458, 
          453.56430396197413
        ], 
        [
          144.89527286602052, 
          446.3169546694689
        ], 
        [
          212.6663139520654, 
          314.17977310870396
        ], 
        [
          316.87020499634787, 
          318.31868262409347
        ]
      ], 
      "projected_cuboid_centroid": [
        228.6158965563397, 
        362.8457589476412
      ], 
      "quaternion_xyzw": [
        0.9331613913832313, 
        0.027934494392273395, 
        -0.026453088317967947, 
        0.35739294309373465
      ], 
      "visibility": 0.36340771904152186
    }, 
    {
      "bounding_box": {
        "bottom_right": [
          467, 
          356
        ], 
        "top_left": [
          341, 
          271
        ]
      }, 
      "class": "006_mustard_bottle", 
      "cuboid": [
        [
          -21.148341794434483, 
          25.44094713852446, 
          71.15227092679447
        ], 
        [
          -30.42026135134177, 
          23.12847159624284, 
          70.20885563817811
        ], 
        [
          -28.40436142871234, 
          9.592436197760927, 
          83.57570376245101
        ], 
        [
          -19.13244187180505, 
          11.90491174004255, 
          84.51911905106738
        ], 
        [
          -22.53343873375125, 
          29.310618779219862, 
          75.27981308249309
        ], 
        [
          -31.805358290658535, 
          26.998143236938237, 
          74.33639779387673
        ], 
        [
          -29.789458368029102, 
          13.462107838456328, 
          87.70324591814963
        ], 
        [
          -20.517538811121817, 
          15.77458338073795, 
          88.646661206766
        ]
      ], 
      "cuboid_centroid": [
        -25.468900081231794, 
        19.451527488490395, 
        79.42775842247205
      ], 
      "location": [
        -25.468900081231794, 
        19.451527488490395, 
        79.42775842247205
      ], 
      "pose_transform_permuted": [
        [
          0.23778895836448774, 
          -0.6643326994191852, 
          -0.7086030745929086, 
          0.0
        ], 
        [
          0.9655835754468401, 
          0.24082266768440955, 
          0.0982478657113426, 
          0.0
        ], 
        [
          -0.1053784296087892, 
          0.7075778600955926, 
          -0.698733825197927, 
          0.0
        ], 
        [
          -25.468900081231794, 
          19.451527488490395, 
          79.42775842247205, 
          1.0
        ]
      ], 
      "projected_cuboid": [
        [
          321.7593421319393, 
          463.9783479077368
        ], 
        [
          248.59338574718745, 
          448.9747288652425
        ], 
        [
          298.8305132958937, 
          334.498515198241
        ], 
        [
          359.86438983220063, 
          348.40708630438405
        ], 
        [
          320.6286493798974, 
          480.93751836700164
        ], 
        [
          251.5108963711753, 
          466.982209615188
        ], 
        [
          298.9390767643771, 
          355.1490239800836
        ], 
        [
          357.1299548692211, 
          368.1902164594186
        ]
      ], 
      "projected_cuboid_centroid": [
        309.16040074671645, 
        403.89428441972257
      ], 
      "quaternion_xyzw": [
        0.9194787259821922, 
        0.09412971923939426, 
        0.09136612261389569, 
        0.3706084997129969
      ], 
      "visibility": 0.7442348008385744
    }, 
    {
      "bounding_box": {
        "bottom_right": [
          345, 
          290
        ], 
        "top_left": [
          274, 
          180
        ]
      }, 
      "class": "008_pudding_box", 
      "cuboid": [
        [
          -27.18750128590925, 
          7.381127570208247, 
          67.76245244670686
        ], 
        [
          -38.525087345757626, 
          6.650081210170616, 
          68.07403572239049
        ], 
        [
          -37.93111883536093, 
          -0.001614954472582697, 
          74.08012015767265
        ], 
        [
          -26.593532775512557, 
          0.729431405565048, 
          73.768536881989
        ], 
        [
          -27.274863211506524, 
          9.954371813495854, 
          70.62093951288988
        ], 
        [
          -38.61244927135489, 
          9.223325453458223, 
          70.93252278857352
        ], 
        [
          -38.0184807609582, 
          2.571629288815023, 
          76.93860722385567
        ], 
        [
          -26.680894701109825, 
          3.302675648852654, 
          76.62702394817204
        ]
      ], 
      "cuboid_centroid": [
        -32.602991023433724, 
        4.976378429511636, 
        72.35052983528126
      ], 
      "location": [
        -32.602991023433724, 
        4.976378429511636, 
        72.35052983528126
      ], 
      "pose_transform_permuted": [
        [
          0.022708514245920075, 
          -0.6688789556483052, 
          -0.7430238495821617, 
          0.0
        ], 
        [
          0.9975527254902224, 
          0.06432209511492769, 
          -0.027415072682548433, 
          0.0
        ], 
        [
          -0.06613096787137, 
          0.7405832087972979, 
          -0.6687024141348997, 
          0.0
        ], 
        [
          -32.602991023433724, 
          4.976378429511636, 
          72.35052983528126, 
          1.0
        ]
      ], 
      "projected_cuboid": [
        [
          265.83657935580163, 
          331.3791798050536
        ], 
        [
          177.26068682742465, 
          325.3859691584813
        ], 
        [
          206.2466670981858, 
          273.27491155798555
        ], 
        [
          287.7333212482707, 
          278.560060672962
        ], 
        [
          273.9045613618386, 
          348.46057931991425
        ], 
        [
          188.86272042293604, 
          342.63385417589814
        ], 
        [
          215.86609600920613, 
          291.11244242484565
        ], 
        [
          294.3520947516146, 
          296.27296639325675
        ]
      ], 
      "projected_cuboid_centroid": [
        239.26690944638304, 
        309.96906229426787
      ], 
      "quaternion_xyzw": [
        0.9328933197142214, 
        0.03495926603544019, 
        -0.001261279917319524, 
        0.35844971271553167
      ], 
      "visibility": 0.6153973509933774
    }, 
    {
      "bounding_box": {
        "bottom_right": [
          495, 
          287
        ], 
        "top_left": [
          320, 
          124
        ]
      }, 
      "class": "019_pitcher_base", 
      "cuboid": [
        [
          -49.879976902894335, 
          31.098293531101064, 
          75.90361883745176
        ], 
        [
          -31.20765013957515, 
          33.697246773233914, 
          76.50130537152367
        ], 
        [
          -29.298083621449955, 
          16.15606414181743, 
          93.11982177069342
        ], 
        [
          -47.97041038476914, 
          13.557110899684579, 
          92.52213523662152
        ], 
        [
          -48.31727467170385, 
          22.097193832591643, 
          66.22321093042225
        ], 
        [
          -29.644947908384662, 
          24.696147074724493, 
          66.82089746449415
        ], 
        [
          -27.735381390259466, 
          7.154964443308008, 
          83.43941386366392
        ], 
        [
          -46.40770815357865, 
          4.556011201175158, 
          82.84172732959199
        ]
      ], 
      "cuboid_centroid": [
        -38.8076791465769, 
        19.126628987204537, 
        79.67151635055784
      ], 
      "location": [
        -38.8076791465769, 
        19.126628987204537, 
        79.67151635055784
      ], 
      "pose_transform_permuted": [
        [
          -0.11740283670369989, 
          0.6762354445816414, 
          0.7272705740417249, 
          0.0
        ], 
        [
          -0.9899546976202473, 
          -0.13778925377414722, 
          -0.03168767340078806, 
          0.0
        ], 
        [
          -0.07878171889767768, 
          0.7236849337711724, 
          -0.6856191051889833, 
          0.0
        ], 
        [
          -38.8076791465769, 
          19.126628987204537, 
          79.67151635055784, 
          1.0
        ]
      ], 
      "projected_cuboid": [
        [
          128.2060556054326, 
          491.7916527225171
        ], 
        [
          262.2236709012734, 
          508.2028118389775
        ], 
        [
          312.40156525250876, 
          365.81619740258424
        ], 
        [
          202.7798913555642, 
          351.4329481948793
        ], 
        [
          89.2377830829135, 
          451.24327004674694
        ], 
        [
          243.01921545761917, 
          470.39461889016366
        ], 
        [
          302.84353474993145, 
          319.01891405905684
        ], 
        [
          180.34314309457136, 
          302.6172879918331
        ]
      ], 
      "projected_cuboid_centroid": [
        219.65435209780122, 
        401.3198209685695
      ], 
      "quaternion_xyzw": [
        -0.04018679165476014, 
        0.3670828211491365, 
        0.9274845289050843, 
        -0.05837589898332095
      ], 
      "visibility": 0.1917721153290576
    }, 
    {
      "bounding_box": {
        "bottom_right": [
          404, 
          327
        ], 
        "top_left": [
          253, 
          140
        ]
      }, 
      "class": "035_power_drill", 
      "cuboid": [
        [
          -19.25275543876538, 
          12.201832977452273, 
          53.61237165660471
        ], 
        [
          -37.5406807202979, 
          10.759216693886634, 
          55.44545543711341
        ], 
        [
          -35.22408803263687, 
          -3.3980399394296312, 
          67.41551907381718
        ], 
        [
          -16.936162751104355, 
          -1.9554236558639901, 
          65.58243529330848
        ], 
        [
          -19.10858098339114, 
          15.907026417630929, 
          57.966683779216076
        ], 
        [
          -37.39650626492366, 
          14.464410134065286, 
          59.799767559724785
        ], 
        [
          -35.07991357726263, 
          0.3071535007490238, 
          71.76983119642854
        ], 
        [
          -16.791988295730114, 
          1.749769784314665, 
          69.93674741591984
        ]
      ], 
      "cuboid_centroid": [
        -27.166334508014007, 
        6.254493239100649, 
        62.691101426516624
      ], 
      "location": [
        -27.166334508014007, 
        6.254493239100649, 
        62.691101426516624
      ], 
      "pose_transform_permuted": [
        [
          -0.025208849487561753, 
          -0.6478516843591501, 
          -0.7613498427016601, 
          0.0
        ], 
        [
          0.991962794488968, 
          0.07824953667467874, 
          -0.09942904301353521, 
          0.0
        ], 
        [
          -0.12399070591975983, 
          0.75773710812513, 
          -0.6406722459777184, 
          0.0
        ], 
        [
          -27.166334508014007, 
          6.254493239100649, 
          62.691101426516624, 
          1.0
        ]
      ], 
      "projected_cuboid": [
        [
          288.4804656183034, 
          394.66666492564406
        ], 
        [
          117.49099156287936, 
          376.77745382285775
        ], 
        [
          200.6195232004645, 
          246.40487528725376
        ], 
        [
          342.72362094841776, 
          257.3849368224618
        ], 
        [
          304.32442532373256, 
          419.638341214745
        ], 
        [
          145.2998511895133, 
          402.2862565139815
        ], 
        [
          218.74685814108292, 
          275.5689869472227
        ], 
        [
          352.4785809435597, 
          286.62983069229614
        ]
      ], 
      "projected_cuboid_centroid": [
        248.56436011468216, 
        326.4941488117184
      ], 
      "quaternion_xyzw": [
        0.936889767437418, 
        0.053965858530936425, 
        -0.03325841972903777, 
        0.34383018555673855
      ], 
      "visibility": 0.7588747488278633
    }, 
    {
      "bounding_box": {
        "bottom_right": [
          285, 
          232
        ], 
        "top_left": [
          227, 
          147
        ]
      }, 
      "class": "061_foam_brick", 
      "cuboid": [
        [
          -41.31948274973724, 
          -6.401110244504005, 
          70.48931035046361
        ], 
        [
          -33.5926569759895, 
          -5.500336223853123, 
          70.13103003362862
        ], 
        [
          -34.17691792718395, 
          -1.9286470507355455, 
          66.51040758147
        ], 
        [
          -41.903743700931685, 
          -2.8294210713864283, 
          66.868687898305
        ], 
        [
          -41.58075272747732, 
          -2.6851232910958873, 
          74.19723637479761
        ], 
        [
          -33.853926953729584, 
          -1.7843492704450046, 
          73.83895605796262
        ], 
        [
          -34.43818790492403, 
          1.7873399026725725, 
          70.21833360580402
        ], 
        [
          -42.16501367867177, 
          0.88656588202169, 
          70.57661392263901
        ]
      ], 
      "cuboid_centroid": [
        -37.878835327330634, 
        -2.3068851709157165, 
        70.35382197813381
      ], 
      "location": [
        -37.878835327330634, 
        -2.3068851709157165, 
        70.35382197813381
      ], 
      "pose_transform_permuted": [
        [
          0.04970889947759005, 
          -0.7069990341973474, 
          -0.7054653719047765, 
          0.0
        ], 
        [
          -0.9922215377558935, 
          -0.11567070490671538, 
          0.046007695440149265, 
          0.0
        ], 
        [
          0.11412907309733483, 
          -0.6976909442370608, 
          0.7072495323459336, 
          0.0
        ], 
        [
          -37.878835327330634, 
          -2.3068851709157165, 
          70.35382197813381, 
          1.0
        ]
      ], 
      "projected_cuboid": [
        [
          166.3701084749621, 
          224.85596843183592
        ], 
        [
          224.00892051092904, 
          231.45859076891207
        ], 
        [
          205.26262205698097, 
          257.82151109940025
        ], 
        [
          144.60338366644334, 
          250.72013636903404
        ], 
        [
          180.2296092890168, 
          253.98623915174997
        ], 
        [
          235.04125696673958, 
          260.3986470909079
        ], 
        [
          217.85372254703174, 
          286.8616731766075
        ], 
        [
          160.31745666709472, 
          279.98596602670597
        ]
      ], 
      "projected_cuboid_centroid": [
        192.0623415797153, 
        255.79911507840026
      ], 
      "quaternion_xyzw": [
        -0.062355613042897495, 
        0.921327554930619, 
        -0.3837529223387283, 
        0.0010043127489331163
      ], 
      "visibility": 0.926654265213925
    }
  ]
}