{
  "camera_data": {
    "location_worldframe": [
      -15.020142562778869, 
      -2.8285606329544244, 
      95.20751647470608
    ], 
    "quaternion_xyzw_worldframe": [
      0.9525142866934271, 
      -0.01661182993377919, 
      0.10072610382875072, 
      -0.28687180160115644
    ]
  }, 
  "objects": [
    {
      "bounding_box": {
        "bottom_right": [
          385, 
          367
        ], 
        "top_left": [
          249, 
          237
        ]
      }, 
      "class": "003_cracker_box", 
      "cuboid": [
        [
          -15.73358133699292, 
          7.8776161724121465, 
          71.48784593757055
        ], 
        [
          -31.674711366288545, 
          10.092656484174176, 
          68.31734353361082
        ], 
        [
          -36.702444421421724, 
          -2.528191875573097, 
          84.77910632357293
        ], 
        [
          -20.7613143921261, 
          -4.743232187335126, 
          87.94960872753266
        ], 
        [
          -15.806403158710308, 
          13.586111372382204, 
          75.84217448157631
        ], 
        [
          -31.74753318800594, 
          15.801151684144232, 
          72.67167207761656
        ], 
        [
          -36.775266243139114, 
          3.180303324396959, 
          89.13343486757867
        ], 
        [
          -20.834136213843486, 
          0.9652630126349309, 
          92.30393727153842
        ]
      ], 
      "cuboid_centroid": [
        -26.254423790066017, 
        5.528959748404553, 
        80.31064040257462
      ], 
      "location": [
        -26.254423790066017, 
        5.528959748404553, 
        80.31064040257462
      ], 
      "pose_transform_permuted": [
        [
          0.010142315244907128, 
          -0.7950550607869502, 
          -0.6064524579540687, 
          0.0
        ], 
        [
          0.9718067592526911, 
          -0.1350337863772285, 
          0.19328088163967685, 
          0.0
        ], 
        [
          0.23556051475630335, 
          0.5913149134375757, 
          -0.7712703268206661, 
          0.0
        ], 
        [
          -26.254423790066017, 
          5.528959748404553, 
          80.31064040257462, 
          1.0
        ]
      ], 
      "projected_cuboid": [
        [
          363.24193049863186, 
          332.0557863529983
        ], 
        [
          232.267701667091, 
          352.07489641023136
        ], 
        [
          248.78907156286184, 
          257.3824515180656
        ], 
        [
          354.65292456048576, 
          244.52394711112916
        ], 
        [
          369.5207088459898, 
          368.82360958525345
        ], 
        [
          246.66810000888333, 
          389.2473159419501
        ], 
        [
          259.72280877389176, 
          292.315514547244
        ], 
        [
          360.2171027727507, 
          278.863696256218
        ]
      ], 
      "projected_cuboid_centroid": [
        305.79614966841655, 
        310.0027500998811
      ], 
      "quaternion_xyzw": [
        0.8901648907146831, 
        -0.10408023979579621, 
        0.05713076279644729, 
        0.43989754144034665
      ], 
      "visibility": 0.6602711157455683
    }, 
    {
      "bounding_box": {
        "bottom_right": [
          395, 
          399
        ], 
        "top_left": [
          304, 
          339
        ]
      }, 
      "class": "006_mustard_bottle", 
      "cuboid": [
        [
          -11.098231555831898, 
          16.18702899032317, 
          80.5157072348645
        ], 
        [
          -20.16926967848185, 
          15.178514881516216, 
          77.53154328494918
        ], 
        [
          -24.061701649474028, 
          4.551638046145963, 
          92.95487618226615
        ], 
        [
          -14.990663526824077, 
          5.560152154952918, 
          95.93904013218146
        ], 
        [
          -12.597051334581913, 
          20.99171631055779, 
          83.44793768467238
        ], 
        [
          -21.668089457231865, 
          19.98320220175083, 
          80.46377373475705
        ], 
        [
          -25.56052142822405, 
          9.356325366380581, 
          95.88710663207402
        ], 
        [
          -16.489483305574094, 
          10.364839475187534, 
          98.87127058198935
        ]
      ], 
      "cuboid_centroid": [
        -18.329376492027972, 
        12.771677178351876, 
        88.20140693346926
      ], 
      "location": [
        -18.329376492027972, 
        12.771677178351876, 
        88.20140693346926
      ], 
      "pose_transform_permuted": [
        [
          0.25731252726676546, 
          -0.82485316421912, 
          -0.5033958306834377, 
          0.0
        ], 
        [
          0.9446636556459196, 
          0.10502729807927962, 
          0.3107727238996806, 
          0.0
        ], 
        [
          0.20347159293859446, 
          0.555505548656737, 
          -0.8062337727226566, 
          0.0
        ], 
        [
          -18.329376492027972, 
          12.771677178351876, 
          88.20140693346926, 
          1.0
        ]
      ], 
      "projected_cuboid": [
        [
          407.47203441216504, 
          380.5061085518871
        ], 
        [
          341.7016531299312, 
          377.69564538196727
        ], 
        [
          342.3949326886034, 
          299.401119649606
        ], 
        [
          397.57038469319264, 
          304.1951026862947
        ], 
        [
          400.41781978740187, 
          407.4455562078371
        ], 
        [
          336.7825978910476, 
          405.7366155007163
        ], 
        [
          338.24590142531775, 
          325.32598019297643
        ], 
        [
          391.9102395335513, 
          329.1953154858057
        ]
      ], 
      "projected_cuboid_centroid": [
        369.8428523717756, 
        350.5118996391343
      ], 
      "quaternion_xyzw": [
        0.8665398194812074, 
        -0.028401549659383483, 
        0.1638947335122336, 
        0.47057472151663476
      ], 
      "visibility": 0.5677537896187413
    }, 
    {
      "bounding_box": {
        "bottom_right": [
          291, 
          346
        ], 
        "top_left": [
          235, 
          266
        ]
      }, 
      "class": "008_pudding_box", 
      "cuboid": [
        [
          -19.6829795696023, 
          -1.0397116905908874, 
          78.60243300963307
        ], 
        [
          -30.69397658366902, 
          0.05591823268565124, 
          76.00822592265774
        ], 
        [
          -32.85399163050433, 
          -5.221642157307088, 
          82.94743351641333
        ], 
        [
          -21.842994616437608, 
          -6.317272080583626, 
          85.54164060338866
        ], 
        [
          -19.912424787279935, 
          2.0510309568736176, 
          80.88165022798272
        ], 
        [
          -30.923421801346663, 
          3.1466608801501565, 
          78.28744314100739
        ], 
        [
          -33.08343684818197, 
          -2.1308995098425827, 
          85.22665073476297
        ], 
        [
          -22.072439834115247, 
          -3.226529433119121, 
          87.8208578217383
        ]
      ], 
      "cuboid_centroid": [
        -26.383208208892135, 
        -1.585305600216735, 
        81.91454187219801
      ], 
      "location": [
        -26.383208208892135, 
        -1.585305600216735, 
        81.91454187219801
      ], 
      "pose_transform_permuted": [
        [
          0.05964108458769593, 
          -0.8033954489965122, 
          -0.5924507308943215, 
          0.0
        ], 
        [
          0.9688173499865682, 
          -0.0964004692289649, 
          0.22825479219629413, 
          0.0
        ], 
        [
          0.24049067107705863, 
          0.5875903696590439, 
          -0.772594011977056, 
          0.0
        ], 
        [
          -26.383208208892135, 
          -1.585305600216735, 
          81.91454187219801, 
          1.0
        ]
      ], 
      "projected_cuboid": [
        [
          346.9345940268821, 
          266.23206671111035
        ], 
        [
          264.43483474523003, 
          273.6788940479737
        ], 
        [
          268.59838075183836, 
          239.71341943216942
        ], 
        [
          344.27942516511524, 
          233.90075008877113
        ], 
        [
          349.2038065024274, 
          286.8106806257518
        ], 
        [
          269.18109425628865, 
          294.72261765975594
        ], 
        [
          272.84685106875446, 
          259.95208885582514
        ], 
        [
          346.4382443913203, 
          253.69243044204643
        ]
      ], 
      "projected_cuboid_centroid": [
        308.3929013768112, 
        262.96511638054824
      ], 
      "quaternion_xyzw": [
        0.8872511553303176, 
        -0.09492552877561519, 
        0.08112017523291035, 
        0.44406520394634985
      ], 
      "visibility": 0.5484764542936288
    }, 
    {
      "bounding_box": {
        "bottom_right": [
          449, 
          347
        ], 
        "top_left": [
          294, 
          210
        ]
      }, 
      "class": "019_pitcher_base", 
      "cuboid": [
        [
          -38.41416772796309, 
          27.039435955552833, 
          76.49676397791872
        ], 
        [
          -20.257359767953623, 
          26.812549232009626, 
          81.60033341724119
        ], 
        [
          -25.807530622070423, 
          13.003657764007029, 
          100.73210645636026
        ], 
        [
          -43.96433858207989, 
          13.230544487550233, 
          95.62853701703779
        ], 
        [
          -36.48873095856954, 
          16.10129240908382, 
          69.16042699709107
        ], 
        [
          -18.331922998560078, 
          15.874405685540616, 
          74.26399643641354
        ], 
        [
          -23.88209385267688, 
          2.0655142175380186, 
          93.3957694755326
        ], 
        [
          -42.03890181268635, 
          2.2924009410812243, 
          88.29220003621013
        ]
      ], 
      "cuboid_centroid": [
        -31.148130790319982, 
        14.552475086545424, 
        84.94626672672567
      ], 
      "location": [
        -31.148130790319982, 
        14.552475086545424, 
        84.94626672672567
      ], 
      "pose_transform_permuted": [
        [
          -0.1446543903941317, 
          0.8217618526399816, 
          0.5511649982781862, 
          0.0
        ], 
        [
          -0.9626233281815674, 
          0.012028901413641322, 
          -0.27057702048217125, 
          0.0
        ], 
        [
          0.2289797165549415, 
          0.5697042735064318, 
          -0.7893068669123104, 
          0.0
        ], 
        [
          -31.148130790319982, 
          14.552475086545424, 
          84.94626672672567, 
          1.0
        ]
      ], 
      "projected_cuboid": [
        [
          211.54960428173703, 
          461.7998810708361
        ], 
        [
          348.0966442505842, 
          448.5267236685912
        ], 
        [
          343.82211486386086, 
          342.13355788769445
        ], 
        [
          234.36501792990907, 
          347.07317836442496
        ], 
        [
          197.87518625637375, 
          397.44908192423776
        ], 
        [
          348.8510678214074, 
          387.28702044336507
        ], 
        [
          344.08622876857225, 
          285.08128187312764
        ], 
        [
          225.54943709296464, 
          287.1335404783396
        ]
      ], 
      "projected_cuboid_centroid": [
        284.40954565773177, 
        364.65158845778643
      ], 
      "quaternion_xyzw": [
        -0.11823301054917139, 
        0.4587357794350737, 
        0.8779938211579547, 
        0.06862480468561989
      ], 
      "visibility": 0.24747139165743817
    }, 
    {
      "bounding_box": {
        "bottom_right": [
          303, 
          416
        ], 
        "top_left": [
          198, 
          269
        ]
      }, 
      "class": "035_power_drill", 
      "cuboid": [
        [
          -7.884772416758709, 
          -0.5216850668127632, 
          66.4798206766395
        ], 
        [
          -26.006982821315155, 
          1.26602410322066, 
          63.60247207640809
        ], 
        [
          -29.41412379885533, 
          -10.295901694534596, 
          77.87798267096153
        ], 
        [
          -11.291913394298886, 
          -12.08361086456802, 
          80.75533127119296
        ], 
        [
          -8.01340527453088, 
          3.9365413028342315, 
          70.05989748988407
        ], 
        [
          -26.135615679087326, 
          5.724250472867655, 
          67.18254888965264
        ], 
        [
          -29.5427566566275, 
          -5.8376753248876, 
          81.45805948420607
        ], 
        [
          -11.420546252071057, 
          -7.625384494921024, 
          84.3354080844375
        ]
      ], 
      "cuboid_centroid": [
        -18.713764536693105, 
        -3.1796801958501817, 
        73.9689400804228
      ], 
      "location": [
        -18.713764536693105, 
        -3.1796801958501817, 
        73.9689400804228
      ], 
      "pose_transform_permuted": [
        [
          0.022491406971619127, 
          -0.7795192098501933, 
          -0.6259750890317316, 
          0.0
        ], 
        [
          0.9829741864362229, 
          -0.09696786030893619, 
          0.1560714358936453, 
          0.0
        ], 
        [
          0.18235998810817408, 
          0.6188275345472923, 
          -0.7640664003695985, 
          0.0
        ], 
        [
          -18.713764536693105, 
          -3.1796801958501817, 
          73.9689400804228, 
          1.0
        ]
      ], 
      "projected_cuboid": [
        [
          417.81610743591926, 
          269.10143550150394
        ], 
        [
          261.7059372467931, 
          283.9024059653578
        ], 
        [
          278.48629436795215, 
          202.77872804881213
        ], 
        [
          406.40222289295485, 
          193.4846696954638
        ], 
        [
          420.0879723014898, 
          303.2528188636859
        ], 
        [
          272.39402562786796, 
          318.7277266027739
        ], 
        [
          286.5638014546345, 
          235.06629813443547
        ], 
        [
          408.7740523242393, 
          225.06519213486865
        ]
      ], 
      "projected_cuboid_centroid": [
        345.5455156413207, 
        250.36089223303574
      ], 
      "quaternion_xyzw": [
        0.8983007305484126, 
        -0.07773784405323278, 
        0.049694616956465085, 
        0.42958487000156204
      ], 
      "visibility": 0.7534027221777422
    }, 
    {
      "bounding_box": {
        "bottom_right": [
          241, 
          291
        ], 
        "top_left": [
          195, 
          230
        ]
      }, 
      "class": "061_foam_brick", 
      "cuboid": [
        [
          -36.530668881952494, 
          -11.628440584057431, 
          79.66668541470735
        ], 
        [
          -28.911892512996356, 
          -12.016290622561938, 
          81.23110676045502
        ], 
        [
          -27.912946870819177, 
          -9.223544862367381, 
          77.05858832761119
        ], 
        [
          -35.53172323977532, 
          -8.835694823862877, 
          75.49416698186351
        ], 
        [
          -36.89332803922044, 
          -7.231227173180164, 
          82.52299929731058
        ], 
        [
          -29.274551670264305, 
          -7.619077211684671, 
          84.08742064305824
        ], 
        [
          -28.275606028087125, 
          -4.826331451490114, 
          79.91490221021441
        ], 
        [
          -35.89438239704326, 
          -4.438481412985609, 
          78.35048086446675
        ]
      ], 
      "cuboid_centroid": [
        -32.40313745501981, 
        -8.227386017773773, 
        79.79079381246088
      ], 
      "location": [
        -32.40313745501981, 
        -8.227386017773773, 
        79.79079381246088
      ], 
      "pose_transform_permuted": [
        [
          0.06899907807698458, 
          -0.8366083287237034, 
          -0.5434387100075393, 
          0.0
        ], 
        [
          -0.978346636248449, 
          0.04980481932582359, 
          -0.20089136196777507, 
          0.0
        ], 
        [
          -0.19513325335747284, 
          -0.5455327527124785, 
          0.815056457646999, 
          0.0
        ], 
        [
          -32.40313745501981, 
          -8.227386017773773, 
          79.79079381246088, 
          1.0
        ]
      ], 
      "projected_cuboid": [
        [
          235.00868438567488, 
          195.4412623441105
        ], 
        [
          290.1953253504114, 
          194.39406240571319
        ], 
        [
          286.8027082854354, 
          209.4507319004206
        ], 
        [
          228.49563075394948, 
          210.86782049797662
        ], 
        [
          241.18040360808237, 
          226.55344424205165
        ], 
        [
          294.37762050993297, 
          224.96298314279738
        ], 
        [
          291.32462824727924, 
          241.07756309983304
        ], 
        [
          235.23345929993593, 
          243.07448272703172
        ]
      ], 
      "projected_cuboid_centroid": [
        263.21045386019534, 
        218.29490458698257
      ], 
      "quaternion_xyzw": [
        0.06992732128183517, 
        0.8756880293472765, 
        -0.47153344884759535, 
        0.07705096763910646
      ], 
      "visibility": 0.8805394990366089
    }
  ]
}