{
  "camera_data": {
    "location_worldframe": [
      -14.315840982439877, 
      1.886898963229597, 
      85.04202748715885
    ], 
    "quaternion_xyzw_worldframe": [
      0.9087927402787617, 
      0.02069355483088434, 
      0.03951781756420586, 
      -0.41485683064216133
    ]
  }, 
  "objects": [
    {
      "bounding_box": {
        "bottom_right": [
          448, 
          345
        ], 
        "top_left": [
          285, 
          193
        ]
      }, 
      "class": "003_cracker_box", 
      "cuboid": [
        [
          -18.619143837381426, 
          18.07854577587986, 
          65.11554443667953
        ], 
        [
          -34.94434275495794, 
          18.77761110737481, 
          63.67425902045657
        ], 
        [
          -36.80163448047546, 
          1.8019400091518034, 
          76.4777978030618
        ], 
        [
          -20.47643556289895, 
          1.1028746776568579, 
          77.91908321928476
        ], 
        [
          -18.937345947758992, 
          22.41995428115788, 
          70.82547588479636
        ], 
        [
          -35.26254486533551, 
          23.119019612652824, 
          69.38419046857341
        ], 
        [
          -37.119836590853026, 
          6.143348514429822, 
          82.18772925117864
        ], 
        [
          -20.79463767327652, 
          5.444283182934877, 
          83.62901466740159
        ]
      ], 
      "cuboid_centroid": [
        -27.869490214117228, 
        12.110947145154842, 
        73.65163684392908
      ], 
      "location": [
        -27.869490214117228, 
        12.110947145154842, 
        73.65163684392908
      ], 
      "pose_transform_permuted": [
        [
          0.04431784373053374, 
          -0.6046530096202766, 
          -0.7952550953525656, 
          0.0
        ], 
        [
          0.9952204533235699, 
          -0.042616578188467896, 
          0.08786396616323777, 
          0.0
        ], 
        [
          0.08701826252864608, 
          0.7953480780266262, 
          -0.599874367485266, 
          0.0
        ], 
        [
          -27.869490214117228, 
          12.110947145154842, 
          73.65163684392908, 
          1.0
        ]
      ], 
      "projected_cuboid": [
        [
          327.8287840474897, 
          421.3562896965355
        ], 
        [
          186.47294124159367, 
          430.5630871363718
        ], 
        [
          222.8213800835214, 
          285.8524057520391
        ], 
        [
          340.2775129162182, 
          280.8351979383634
        ], 
        [
          337.80949667109576, 
          442.10998071258365
        ], 
        [
          208.2937751120197, 
          450.9902168725244
        ], 
        [
          238.71759489951262, 
          313.1509812364337
        ], 
        [
          347.8802251484299, 
          308.0058617632124
        ]
      ], 
      "projected_cuboid_centroid": [
        278.1092760991189, 
        360.98323502767545
      ], 
      "quaternion_xyzw": [
        0.9468135543366976, 
        -0.034229241893334365, 
        0.03490175264399684, 
        0.3180476693612054
      ], 
      "visibility": 0.4283639883833495
    }, 
    {
      "bounding_box": {
        "bottom_right": [
          451, 
          385
        ], 
        "top_left": [
          330, 
          317
        ]
      }, 
      "class": "006_mustard_bottle", 
      "cuboid": [
        [
          -14.132807153487361, 
          24.375091724301274, 
          75.71086760351515
        ], 
        [
          -23.27035578331753, 
          22.902855070054624, 
          73.15278392982756
        ], 
        [
          -24.343584323024427, 
          8.258482235413297, 
          85.41456440274293
        ], 
        [
          -15.206035693194256, 
          9.730718889659945, 
          87.97264807643053
        ], 
        [
          -15.89312951066465, 
          28.014979828387236, 
          79.90394954568268
        ], 
        [
          -25.03067814049482, 
          26.542743174140586, 
          77.34586587199507
        ], 
        [
          -26.103906680201717, 
          11.898370339499259, 
          89.60764634491045
        ], 
        [
          -16.966358050371543, 
          13.370606993745909, 
          92.16573001859804
        ]
      ], 
      "cuboid_centroid": [
        -20.118356916844537, 
        18.136731031900265, 
        82.65925697421281
      ], 
      "location": [
        -20.118356916844537, 
        18.136731031900265, 
        82.65925697421281
      ], 
      "pose_transform_permuted": [
        [
          0.30220644333051905, 
          -0.6248842057660127, 
          -0.7198547329523299, 
          0.0
        ], 
        [
          0.9515901019911119, 
          0.15331965768106248, 
          0.26640045405607043, 
          0.0
        ], 
        [
          0.056101563800910914, 
          0.7655146937588282, 
          -0.6409679150928069, 
          0.0
        ], 
        [
          -20.118356916844537, 
          18.136731031900265, 
          82.65925697421281, 
          1.0
        ]
      ], 
      "projected_cuboid": [
        [
          381.213657864803, 
          444.98862210283323
        ], 
        [
          310.53098863289034, 
          440.2595561389886
        ], 
        [
          328.33159493720177, 
          324.8516350373595
        ], 
        [
          388.6447819075635, 
          332.277406798756
        ], 
        [
          374.63423147208005, 
          460.27275642964213
        ], 
        [
          307.5658148907967, 
          456.3055599583662
        ], 
        [
          324.93921332919354, 
          344.1023016881681
        ], 
        [
          382.60260694247614, 
          350.6559305659767
        ]
      ], 
      "projected_cuboid_centroid": [
        350.7112029142564, 
        390.305177975233
      ], 
      "quaternion_xyzw": [
        0.9269519308872319, 
        0.026219831536220893, 
        0.1533539330465463, 
        0.3414017703289127
      ], 
      "visibility": 0.3333333333333333
    }, 
    {
      "bounding_box": {
        "bottom_right": [
          342, 
          328
        ], 
        "top_left": [
          275, 
          232
        ]
      }, 
      "class": "008_pudding_box", 
      "cuboid": [
        [
          -20.768016903381547, 
          7.180385085710548, 
          69.84272244515651
        ], 
        [
          -32.03273987660184, 
          7.350728016466689, 
          68.34293239144145
        ], 
        [
          -32.860841478952054, 
          0.22993187095829148, 
          73.75397856497464
        ], 
        [
          -21.59611850573176, 
          0.059588940202152246, 
          75.2537686186897
        ], 
        [
          -21.13576120753854, 
          9.524355313100687, 
          72.8710444308544
        ], 
        [
          -32.40048418075883, 
          9.694698243856825, 
          71.37125437713935
        ], 
        [
          -33.22858578310905, 
          2.5739020983484293, 
          76.78230055067253
        ], 
        [
          -21.963862809888752, 
          2.40355916759229, 
          78.2820906043876
        ]
      ], 
      "cuboid_centroid": [
        -26.998301343245295, 
        4.877143592029489, 
        73.31251149791453
      ], 
      "location": [
        -26.998301343245295, 
        4.877143592029489, 
        73.31251149791453
      ], 
      "pose_transform_permuted": [
        [
          0.09559000345644571, 
          -0.609282372575856, 
          -0.7871700684628781, 
          0.0
        ], 
        [
          0.9911417690247291, 
          -0.014987851377425506, 
          0.13196104072321346, 
          0.0
        ], 
        [
          0.09219876054149251, 
          0.7928116270047513, 
          -0.6024523428244271, 
          0.0
        ], 
        [
          -26.998301343245295, 
          4.877143592029489, 
          73.31251149791453, 
          1.0
        ]
      ], 
      "projected_cuboid": [
        [
          321.69075644393314, 
          328.1160155111306
        ], 
        [
          229.5438677612131, 
          330.6485367217382
        ], 
        [
          241.998087637734, 
          274.94918956936567
        ], 
        [
          327.2710377257198, 
          273.70884173224476
        ], 
        [
          325.62219656518874, 
          342.992211136382
        ], 
        [
          237.46776655772837, 
          345.7298832960982
        ], 
        [
          248.87236992691436, 
          291.16451746849947
        ], 
        [
          330.714855554036, 
          289.66148611440786
        ]
      ], 
      "projected_cuboid_centroid": [
        283.55836181628604, 
        308.7658325032303
      ], 
      "quaternion_xyzw": [
        0.9448708198071785, 
        -0.02836012332902602, 
        0.06020691913898238, 
        0.32060856627140943
      ], 
      "visibility": 0.8319700068166326
    }, 
    {
      "bounding_box": {
        "bottom_right": [
          488, 
          317
        ], 
        "top_left": [
          315, 
          177
        ]
      }, 
      "class": "019_pitcher_base", 
      "cuboid": [
        [
          -42.80168075529477, 
          31.96435325173447, 
          76.47619042716386
        ], 
        [
          -24.331935038288226, 
          32.984427358332304, 
          80.1634001947438
        ], 
        [
          -26.30239550040132, 
          14.118230049517111, 
          95.25308224498691
        ], 
        [
          -44.77214121740786, 
          13.098155942919279, 
          91.56587247740698
        ], 
        [
          -40.32824650497113, 
          23.638614839379024, 
          66.38974733801153
        ], 
        [
          -21.858500787964598, 
          24.658688945976856, 
          70.07695710559146
        ], 
        [
          -23.828961250077686, 
          5.792491637161665, 
          85.16663915583459
        ], 
        [
          -42.29870696708423, 
          4.772417530563833, 
          81.47942938825466
        ]
      ], 
      "cuboid_centroid": [
        -33.315321002686225, 
        18.878422444448066, 
        80.82141479149922
      ], 
      "location": [
        -33.315321002686225, 
        18.878422444448066, 
        80.82141479149922
      ], 
      "pose_transform_permuted": [
        [
          -0.18582439545559612, 
          0.6254968398674648, 
          0.7577752224841896, 
          0.0
        ], 
        [
          -0.9792144154375259, 
          -0.05408148467769176, 
          -0.1954855801740565, 
          0.0
        ], 
        [
          0.08129397994346493, 
          0.7783501852087651, 
          -0.6225450007914555, 
          0.0
        ], 
        [
          -33.315321002686225, 
          18.878422444448066, 
          80.82141479149922, 
          1.0
        ]
      ], 
      "projected_cuboid": [
        [
          180.6249144407917, 
          496.19533426602635
        ], 
        [
          318.36997150064974, 
          492.7288396696081
        ], 
        [
          333.1033768321134, 
          352.33414870081515
        ], 
        [
          218.65143338944944, 
          349.5759117272265
        ], 
        [
          154.93398116367098, 
          463.1793560500883
        ], 
        [
          313.85697745293544, 
          460.95110353041485
        ], 
        [
          331.13489201721444, 
          309.5595347331424
        ], 
        [
          202.42571531781397, 
          304.52416135740197
        ]
      ], 
      "projected_cuboid_centroid": [
        259.9258582727734, 
        397.8603581128395
      ], 
      "quaternion_xyzw": [
        -0.10168678451378829, 
        0.33282465664768257, 
        0.9374619756462766, 
        0.0072569597414906244
      ], 
      "visibility": 0.21173156992407544
    }, 
    {
      "bounding_box": {
        "bottom_right": [
          401, 
          388
        ], 
        "top_left": [
          254, 
          221
        ]
      }, 
      "class": "035_power_drill", 
      "cuboid": [
        [
          -10.36378217810469, 
          12.416391299608026, 
          57.5642904133493
        ], 
        [
          -28.764795818957623, 
          12.326911721663219, 
          56.43104755095645
        ], 
        [
          -29.360924560823765, 
          -2.851600652857092, 
          67.30920608760658
        ], 
        [
          -10.959910919970836, 
          -2.7621210749122853, 
          68.44244894999943
        ], 
        [
          -10.665543554472176, 
          15.751164551699473, 
          62.2008307391433
        ], 
        [
          -29.066557195325103, 
          15.661684973754667, 
          61.06758787675045
        ], 
        [
          -29.662685937191252, 
          0.48317259923435496, 
          71.94574641340058
        ], 
        [
          -11.261672296338322, 
          0.5726521771791615, 
          73.07898927579343
        ]
      ], 
      "cuboid_centroid": [
        -20.01323405764797, 
        6.44978194942119, 
        64.75501841337494
      ], 
      "location": [
        -20.01323405764797, 
        6.44978194942119, 
        64.75501841337494
      ], 
      "pose_transform_permuted": [
        [
          0.05276286356179658, 
          -0.5830838533005483, 
          -0.8106973382528531, 
          0.0
        ], 
        [
          0.9980968661897599, 
          0.004853498186448483, 
          0.06146868708770633, 
          0.0
        ], 
        [
          0.03190652544002896, 
          0.8123976537406595, 
          -0.5822303434049668, 
          0.0
        ], 
        [
          -20.01323405764797, 
          6.44978194942119, 
          64.75501841337494, 
          1.0
        ]
      ], 
      "projected_cuboid": [
        [
          384.778901037198, 
          388.32147691401264
        ], 
        [
          207.4807299031688, 
          389.7859422366643
        ], 
        [
          247.01922044088502, 
          250.69208827758814
        ], 
        [
          395.48317602123814, 
          251.76344401066547
        ], 
        [
          389.38695734360965, 
          408.33946916175887
        ], 
        [
          225.635615154926, 
          410.06422304111726
        ], 
        [
          259.8810405044058, 
          276.86820086033185
        ], 
        [
          398.72616186543564, 
          277.4656683096157
        ]
      ], 
      "projected_cuboid_centroid": [
        315.395322577644, 
        326.4066683603899
      ], 
      "quaternion_xyzw": [
        0.9514714733221477, 
        -0.007108207658376353, 
        0.030014444429598417, 
        0.3061873711874715
      ], 
      "visibility": 0.7882389986617334
    }, 
    {
      "bounding_box": {
        "bottom_right": [
          286, 
          268
        ], 
        "top_left": [
          232, 
          191
        ]
      }, 
      "class": "061_foam_brick", 
      "cuboid": [
        [
          -36.059433637837444, 
          -5.577539604212924, 
          69.13114401014252
        ], 
        [
          -28.331528097649805, 
          -5.282368826193911, 
          70.04544447131717
        ], 
        [
          -28.084919853204916, 
          -1.4067691139170464, 
          66.70985717767573
        ], 
        [
          -35.81282539339256, 
          -1.7019398919360589, 
          65.79555671650108
        ], 
        [
          -36.65641622314942, 
          -2.1493193278027243, 
          73.07023704919926
        ], 
        [
          -28.928510682961782, 
          -1.8541485497837118, 
          73.98453751037391
        ], 
        [
          -28.681902438516893, 
          2.0214511624931526, 
          70.64895021673246
        ], 
        [
          -36.409807978704535, 
          1.7262803844741401, 
          69.73464975555783
        ]
      ], 
      "cuboid_centroid": [
        -32.37066803817717, 
        -1.7780442208598854, 
        69.89004711343749
      ], 
      "location": [
        -32.37066803817717, 
        -1.7780442208598854, 
        69.89004711343749
      ], 
      "pose_transform_permuted": [
        [
          0.11358116068225321, 
          -0.6522489058296701, 
          -0.7494469192558404, 
          0.0
        ], 
        [
          -0.9923601933369539, 
          -0.03790363751460324, 
          -0.11740766986617557, 
          0.0
        ], 
        [
          -0.0481722598423146, 
          -0.7570565891049094, 
          0.6515709894359362, 
          0.0
        ], 
        [
          -32.37066803817717, 
          -1.7780442208598854, 
          69.89004711343749, 
          1.0
        ]
      ], 
      "projected_cuboid": [
        [
          201.0944650784407, 
          230.2580138707541
        ], 
        [
          264.085759178958, 
          233.06706672523396
        ], 
        [
          255.19785345788395, 
          262.0399614004956
        ], 
        [
          188.88963056456498, 
          259.49110985456844
        ], 
        [
          211.82236378206372, 
          257.59924676280093
        ], 
        [
          271.3272930349463, 
          259.92085692180336
        ], 
        [
          263.27683862337756, 
          288.54620550762513
        ], 
        [
          200.8200852654387, 
          286.488857607496
        ]
      ], 
      "projected_cuboid_centroid": [
        232.52325640407898, 
        259.71857169877217
      ], 
      "quaternion_xyzw": [
        0.002744850359175616, 
        0.9352624901194455, 
        -0.3485171032303165, 
        0.061744385396801396
      ], 
      "visibility": 0.9182236663958842
    }
  ]
}