{
  "camera_data": {
    "location_worldframe": [
      -15.368005170459732, 
      -3.106159863153388, 
      95.24830820499574
    ], 
    "quaternion_xyzw_worldframe": [
      0.9533902254265947, 
      -0.012446734754653256, 
      0.09227995862923412, 
      -0.2870172107727192
    ]
  }, 
  "objects": [
    {
      "bounding_box": {
        "bottom_right": [
          381, 
          361
        ], 
        "top_left": [
          246, 
          231
        ]
      }, 
      "class": "003_cracker_box", 
      "cuboid": [
        [
          -16.547788214367376, 
          7.569251620647152, 
          71.53335450638983
        ], 
        [
          -32.558482916520546, 
          9.576767823544056, 
          68.58282073489916
        ], 
        [
          -37.19495647786311, 
          -3.0931759122262674, 
          85.121538514515
        ], 
        [
          -21.18426177570994, 
          -5.100692115123172, 
          88.07207228600565
        ], 
        [
          -16.633537864664277, 
          13.280144000324473, 
          75.88430299610562
        ], 
        [
          -32.64423256681745, 
          15.287660203221376, 
          72.93376922461495
        ], 
        [
          -37.28070612816001, 
          2.617716467451054, 
          89.47248700423079
        ], 
        [
          -21.27001142600684, 
          0.6102002645541491, 
          92.42302077572144
        ]
      ], 
      "cuboid_centroid": [
        -26.914247171263696, 
        5.093484044049103, 
        80.5029207553103
      ], 
      "location": [
        -26.914247171263696, 
        5.093484044049103, 
        80.5029207553103
      ], 
      "pose_transform_permuted": [
        [
          0.011942848516298933, 
          -0.7953889298349415, 
          -0.6059816982924013, 
          0.0
        ], 
        [
          0.9760475765074232, 
          -0.12238265491211933, 
          0.179871104323754, 
          0.0
        ], 
        [
          0.21722913424147872, 
          0.5936151413775489, 
          -0.7748758398375896, 
          0.0
        ], 
        [
          -26.914247171263696, 
          5.093484044049103, 
          80.5029207553103, 
          1.0
        ]
      ], 
      "projected_cuboid": [
        [
          357.19628938823365, 
          329.7193747622192
        ], 
        [
          226.30309897702384, 
          347.75821717237807
        ], 
        [
          246.61413073267835, 
          253.90658647947507
        ], 
        [
          352.24694219664616, 
          242.39934613828297
        ], 
        [
          363.7213319678896, 
          366.62021283998024
        ], 
        [
          240.9006968885208, 
          385.07574967203914
        ], 
        [
          257.5257038548476, 
          288.889987734824
        ], 
        [
          357.83735309783526, 
          276.80764936701365
        ]
      ], 
      "projected_cuboid_centroid": [
        301.80839112833297, 
        307.03009364096033
      ], 
      "quaternion_xyzw": [
        0.8910168932429638, 
        -0.09528769648730782, 
        0.0538188316895774, 
        0.44058221050034246
      ], 
      "visibility": 0.6610063330781544
    }, 
    {
      "bounding_box": {
        "bottom_right": [
          393, 
          395
        ], 
        "top_left": [
          302, 
          335
        ]
      }, 
      "class": "006_mustard_bottle", 
      "cuboid": [
        [
          -11.894762129829068, 
          15.945359236473916, 
          80.49027007944245
        ], 
        [
          -20.992606335469066, 
          14.81791575205927, 
          77.63296893858254
        ], 
        [
          -24.533987620229876, 
          4.155431009898473, 
          93.11621063092609
        ], 
        [
          -15.436143414589878, 
          5.28287449431312, 
          95.973511771786
        ], 
        [
          -13.41436499049789, 
          20.732974640453282, 
          83.43967718504905
        ], 
        [
          -22.512209196137885, 
          19.605531156038637, 
          80.58237604418915
        ], 
        [
          -26.0535904808987, 
          8.943046413877841, 
          96.06561773653269
        ], 
        [
          -16.955746275258697, 
          10.070489898292488, 
          98.92291887739259
        ]
      ], 
      "cuboid_centroid": [
        -18.974176305363883, 
        12.444202825175879, 
        88.27794390798756
      ], 
      "location": [
        -18.974176305363883, 
        12.444202825175879, 
        88.27794390798756
      ], 
      "pose_transform_permuted": [
        [
          0.26088049948646724, 
          -0.8219223129058366, 
          -0.5063446633424559, 
          0.0
        ], 
        [
          0.9474552581073507, 
          0.11741267858437515, 
          0.2975611506103396, 
          0.0
        ], 
        [
          0.18512089526115344, 
          0.5573669036065151, 
          -0.8093654235892435, 
          0.0
        ], 
        [
          -18.974176305363883, 
          12.444202825175879, 
          88.27794390798756, 
          1.0
        ]
      ], 
      "projected_cuboid": [
        [
          402.1269037346578, 
          378.9387159790637
        ], 
        [
          336.1811655000075, 
          375.0820091633428
        ], 
        [
          339.90857397933064, 
          297.08661230876686
        ], 
        [
          395.1044280728148, 
          302.6431841147157
        ], 
        [
          395.1422426104624, 
          405.8050443584679
        ], 
        [
          331.3625307118854, 
          403.04212744498795
        ], 
        [
          335.75213700449564, 
          322.93491268725626
        ], 
        [
          389.42237040394946, 
          327.57920883906803
        ]
      ], 
      "projected_cuboid_centroid": [
        366.0118069971457, 
        348.46655203497374
      ], 
      "quaternion_xyzw": [
        0.867635699048904, 
        -0.01950940260728078, 
        0.16090902285053693, 
        0.4700382137005444
      ], 
      "visibility": 0.5772413793103448
    }, 
    {
      "bounding_box": {
        "bottom_right": [
          288, 
          342
        ], 
        "top_left": [
          233, 
          263
        ]
      }, 
      "class": "008_pudding_box", 
      "cuboid": [
        [
          -20.283294559911976, 
          -1.3917910041060293, 
          78.70824373188292
        ], 
        [
          -31.342372274902697, 
          -0.4398290655998293, 
          76.26633072276296
        ], 
        [
          -33.33798424889366, 
          -5.738614234554936, 
          83.23851253940657
        ], 
        [
          -22.278906533902934, 
          -6.690576173061135, 
          85.68042554852653
        ], 
        [
          -20.52079120353192, 
          1.6977415921580794, 
          80.9882766329796
        ], 
        [
          -31.579868918522646, 
          2.649703530664279, 
          78.54636362385965
        ], 
        [
          -33.575480892513596, 
          -2.6490816382908267, 
          85.51854544050326
        ], 
        [
          -22.51640317752288, 
          -3.6010435767970264, 
          87.96045844962322
        ]
      ], 
      "cuboid_centroid": [
        -26.929387726212788, 
        -2.020436321198428, 
        82.1133945861931
      ], 
      "location": [
        -26.929387726212788, 
        -2.020436321198428, 
        82.1133945861931
      ], 
      "pose_transform_permuted": [
        [
          0.061733940479559775, 
          -0.8030809130618399, 
          -0.5926627562492411, 
          0.0
        ], 
        [
          0.9730477949857975, 
          -0.08375964877416907, 
          0.21485499336445385, 
          0.0
        ], 
        [
          0.22218644427391837, 
          0.5899534834454966, 
          -0.7762652794537358, 
          0.0
        ], 
        [
          -26.929387726212788, 
          -2.020436321198428, 
          82.1133945861931, 
          1.0
        ]
      ], 
      "projected_cuboid": [
        [
          343.0140508564867, 
          263.85589434136506
        ], 
        [
          260.5978433204297, 
          270.2108759991519
        ], 
        [
          266.2163780115149, 
          236.51851728784186
        ], 
        [
          341.76589747071637, 
          231.64090803797941
        ], 
        [
          345.3385439767103, 
          284.46641334000486
        ], 
        [
          265.386968357705, 
          291.27767999366364
        ], 
        [
          270.46525655352804, 
          256.7660615415909
        ], 
        [
          343.93849327121177, 
          251.45278343752926
        ]
      ], 
      "projected_cuboid_centroid": [
        305.2353949288063, 
        260.1639742136652
      ], 
      "quaternion_xyzw": [
        0.8882094396425505, 
        -0.08611316188308352, 
        0.07785014476859296, 
        0.4445309073587319
      ], 
      "visibility": 0.5326251896813353
    }, 
    {
      "bounding_box": {
        "bottom_right": [
          445, 
          341
        ], 
        "top_left": [
          291, 
          205
        ]
      }, 
      "class": "019_pitcher_base", 
      "cuboid": [
        [
          -39.40097357601038, 
          26.4428016648914, 
          76.84320706894587
        ], 
        [
          -21.173727362549034, 
          26.45339535758189, 
          81.69449114138521
        ], 
        [
          -26.280261472332324, 
          12.591129340845164, 
          100.91103375373282
        ], 
        [
          -44.50750768579367, 
          12.580535648154676, 
          96.05974968129348
        ], 
        [
          -37.43712136857956, 
          15.523865067466192, 
          69.48846442347342
        ], 
        [
          -19.20987515511822, 
          15.53445876015668, 
          74.33974849591274
        ], 
        [
          -24.31640926490151, 
          1.6721927434199562, 
          93.55629110826035
        ], 
        [
          -42.54365547836285, 
          1.6615990507294676, 
          88.70500703582101
        ]
      ], 
      "cuboid_centroid": [
        -31.85869142045594, 
        14.057497204155677, 
        85.19974908860311
      ], 
      "location": [
        -31.85869142045594, 
        14.057497204155677, 
        85.19974908860311
      ], 
      "pose_transform_permuted": [
        [
          -0.14754046895009215, 
          0.8203188712087413, 
          0.5525477807415292, 
          0.0
        ], 
        [
          -0.9663577679640714, 
          -0.0005616480461715065, 
          -0.25720155382220333, 
          0.0
        ], 
        [
          0.21067688973376433, 
          0.5719063118511294, 
          -0.7928041489529085, 
          0.0
        ], 
        [
          -31.85869142045594, 
          14.057497204155677, 
          85.19974908860311, 
          1.0
        ]
      ], 
      "projected_cuboid": [
        [
          205.86123421079748, 
          456.8091224714868
        ], 
        [
          342.2184091748515, 
          445.980113624752
        ], 
        [
          341.547180868531, 
          339.8312516953121
        ], 
        [
          232.43406132506175, 
          343.13312877731124
        ], 
        [
          191.87507034392303, 
          392.4312235875463
        ], 
        [
          342.63534466450824, 
          384.7320464527426
        ], 
        [
          341.8257101655144, 
          282.8189074922207
        ], 
        [
          223.68099572660472, 
          283.2765412827682
        ]
      ], 
      "projected_cuboid_centroid": [
        280.5112902782931, 
        361.28138103611644
      ], 
      "quaternion_xyzw": [
        -0.11510972519015066, 
        0.4587765467910873, 
        0.8790352468127672, 
        0.05975734262347133
      ], 
      "visibility": 0.2414945773287773
    }, 
    {
      "bounding_box": {
        "bottom_right": [
          300, 
          411
        ], 
        "top_left": [
          196, 
          263
        ]
      }, 
      "class": "035_power_drill", 
      "cuboid": [
        [
          -8.661922128730778, 
          -0.7329674942902418, 
          66.42270284373662
        ], 
        [
          -26.84375685276591, 
          0.8195097801990147, 
          63.795870269902885
        ], 
        [
          -29.903826518421038, 
          -10.772722738639493, 
          78.12531755161476
        ], 
        [
          -11.721991794385907, 
          -12.325200013128748, 
          80.75215012544848
        ], 
        [
          -8.798150901972907, 
          3.72636458565343, 
          70.00112119350679
        ], 
        [
          -26.97998562600804, 
          5.278841860142686, 
          67.37428861967307
        ], 
        [
          -30.04005529166317, 
          -6.313390658695821, 
          81.70373590138493
        ], 
        [
          -11.858220567628036, 
          -7.865867933185077, 
          84.33056847521866
        ]
      ], 
      "cuboid_centroid": [
        -19.350988710196972, 
        -3.5231790764930313, 
        74.06321937256078
      ], 
      "location": [
        -19.350988710196972, 
        -3.5231790764930313, 
        74.06321937256078
      ], 
      "pose_transform_permuted": [
        [
          0.02381954994469524, 
          -0.7797125428811621, 
          -0.6256851073148068, 
          0.0
        ], 
        [
          0.9862082934034744, 
          -0.08420855137340802, 
          0.1424830941991026, 
          0.0
        ], 
        [
          0.1637837329061542, 
          0.6204496374578474, 
          -0.7669532470523875, 
          0.0
        ], 
        [
          -19.350988710196972, 
          -3.5231790764930313, 
          74.06321937256078, 
          1.0
        ]
      ], 
      "projected_cuboid": [
        [
          411.4693891627228, 
          267.4014128390197
        ], 
        [
          255.3189969041826, 
          280.13746128620926
        ], 
        [
          275.7585214836321, 
          199.74694568737772
        ], 
        [
          403.5351798008851, 
          191.8859743643522
        ], 
        [
          414.0077377102195, 
          301.67670050569996
        ], 
        [
          266.2498532942775, 
          315.07265250904203
        ], 
        [
          283.87709153618613, 
          232.07600045404195
        ], 
        [
          405.97888637611777, 
          223.54157025198984
        ]
      ], 
      "projected_cuboid_centroid": [
        341.0918962813395, 
        247.91658495440424
      ], 
      "quaternion_xyzw": [
        0.898935904024326, 
        -0.06896828883165049, 
        0.04624986147491155, 
        0.4301379506062358
      ], 
      "visibility": 0.7766956920256646
    }, 
    {
      "bounding_box": {
        "bottom_right": [
          238, 
          289
        ], 
        "top_left": [
          192, 
          227
        ]
      }, 
      "class": "061_foam_brick", 
      "cuboid": [
        [
          -36.977248654336314, 
          -12.194927486410295, 
          80.0135216360009
        ], 
        [
          -29.333158814046723, 
          -12.483609955128834, 
          81.47233900133466
        ], 
        [
          -28.4281190317224, 
          -9.681916056242601, 
          77.28442237861103
        ], 
        [
          -36.07220887201199, 
          -9.393233587524062, 
          75.82560501327727
        ], 
        [
          -37.35671259429658, 
          -7.800239904300913, 
          82.87153923829528
        ], 
        [
          -29.71262275400699, 
          -8.088922373019452, 
          84.33035660362904
        ], 
        [
          -28.807582971682667, 
          -5.287228474133219, 
          80.1424399809054
        ], 
        [
          -36.45167281197226, 
          -4.9985460054146795, 
          78.68362261557165
        ]
      ], 
      "cuboid_centroid": [
        -32.89241581300949, 
        -8.741077980271756, 
        80.07798080845315
      ], 
      "location": [
        -32.89241581300949, 
        -8.741077980271756, 
        80.07798080845315
      ], 
      "pose_transform_permuted": [
        [
          0.07219633503249401, 
          -0.8361277676986425, 
          -0.5437628575869824, 
          0.0
        ], 
        [
          -0.9815972040997076, 
          0.03707045705731582, 
          -0.1873304836837801, 
          0.0
        ], 
        [
          -0.17678975680596754, 
          -0.5472806750624827, 
          0.8180643279055995, 
          0.0
        ], 
        [
          -32.89241581300949, 
          -8.741077980271756, 
          80.07798080845315, 
          1.0
        ]
      ], 
      "projected_cuboid": [
        [
          233.0761516592809, 
          192.00285603775254
        ], 
        [
          287.98145019604914, 
          191.56857407676083
        ], 
        [
          283.787225419123, 
          206.47416782335324
        ], 
        [
          225.7687645104212, 
          207.21920596805617
        ], 
        [
          239.18458295285552, 
          223.08811361725586
        ], 
        [
          292.1234318977791, 
          222.13081088592295
        ], 
        [
          288.2952234571051, 
          238.10190314092915
        ], 
        [
          232.46774108529752, 
          239.4062667959805
        ]
      ], 
      "projected_cuboid_centroid": [
        260.70791199264886, 
        215.0709334189773
      ], 
      "quaternion_xyzw": [
        0.06100200493588772, 
        0.876447479423207, 
        -0.47184575643165483, 
        0.0740280578155891
      ], 
      "visibility": 0.8737976144671027
    }
  ]
}