{
  "camera_data": {
    "location_worldframe": [
      -13.713989399631934, 
      -1.761200305345155, 
      95.63761079159988
    ], 
    "quaternion_xyzw_worldframe": [
      0.950130413681661, 
      -0.0152272744091929, 
      0.1265298561928878, 
      -0.2846241129657656
    ]
  }, 
  "objects": [
    {
      "bounding_box": {
        "bottom_right": [
          394, 
          385
        ], 
        "top_left": [
          255, 
          258
        ]
      }, 
      "class": "003_cracker_box", 
      "cuboid": [
        [
          -13.096001961244239, 
          8.849384967064916, 
          71.87237351098943
        ], 
        [
          -28.82776382831343, 
          11.251111964845235, 
          67.89474963823359
        ], 
        [
          -34.83849881089125, 
          -1.2333836007876546, 
          84.12934179779533
        ], 
        [
          -19.106736943822064, 
          -3.6351105985679726, 
          88.10696567055116
        ], 
        [
          -13.31476855364725, 
          14.577314018752341, 
          76.19618750928147
        ], 
        [
          -29.046530420716444, 
          16.97904101653266, 
          72.21856363652563
        ], 
        [
          -35.05726540329427, 
          4.49454545089977, 
          88.45315579608737
        ], 
        [
          -19.325503536225074, 
          2.092818453119452, 
          92.43077966884321
        ]
      ], 
      "cuboid_centroid": [
        -24.076633682269254, 
        6.671965208982343, 
        80.1627646535384
      ], 
      "location": [
        -24.076633682269254, 
        6.671965208982343, 
        80.1627646535384
      ], 
      "pose_transform_permuted": [
        [
          0.030468885464253838, 
          -0.7977617254362536, 
          -0.6022025211235318, 
          0.0
        ], 
        [
          0.9590432101912351, 
          -0.14641462217755438, 
          0.24248480240768627, 
          0.0
        ], 
        [
          0.28161634896549753, 
          0.584926480714949, 
          -0.7606268757766634, 
          0.0
        ], 
        [
          -24.076633682269254, 
          6.671965208982343, 
          80.1627646535384, 
          1.0
        ]
      ], 
      "projected_cuboid": [
        [
          383.6100639725134, 
          338.9522461166262
        ], 
        [
          253.26521451764546, 
          361.6650705671732
        ], 
        [
          258.90554798196257, 
          265.4677720930347
        ], 
        [
          364.9784164446171, 
          251.28287851529998
        ], 
        [
          387.6264431742265, 
          375.3174569862594
        ], 
        [
          265.30671221091325, 
          398.67334466396454
        ], 
        [
          268.4612490425422, 
          300.38595670589035
        ], 
        [
          369.1609253722658, 
          285.361964252526
        ]
      ], 
      "projected_cuboid_centroid": [
        320.0813414368318, 
        317.6748486836134
      ], 
      "quaternion_xyzw": [
        0.8868726250186264, 
        -0.12065739742898883, 
        0.07694275372018826, 
        0.4392932415689873
      ], 
      "visibility": 0.6859796243675931
    }, 
    {
      "bounding_box": {
        "bottom_right": [
          402, 
          411
        ], 
        "top_left": [
          310, 
          348
        ]
      }, 
      "class": "006_mustard_bottle", 
      "cuboid": [
        [
          -8.81482765666957, 
          17.139128900406845, 
          81.09117709103988
        ], 
        [
          -17.736394185796186, 
          16.231897673681342, 
          77.65771674063137
        ], 
        [
          -22.53557477144038, 
          5.7223623986255205, 
          92.90495483784504
        ], 
        [
          -13.614008242313764, 
          6.629593625351027, 
          96.33841518825356
        ], 
        [
          -10.397673303503508, 
          21.975073991713163, 
          83.92625929749269
        ], 
        [
          -19.319239832630124, 
          21.067842764987653, 
          80.49279894708418
        ], 
        [
          -24.11842041827432, 
          10.558307489931833, 
          95.74003704429785
        ], 
        [
          -15.196853889147702, 
          11.465538716657338, 
          99.17349739470637
        ]
      ], 
      "cuboid_centroid": [
        -16.466624037471945, 
        13.84871819516934, 
        88.41560706766887
      ], 
      "location": [
        -16.466624037471945, 
        13.84871819516934, 
        88.41560706766887
      ], 
      "pose_transform_permuted": [
        [
          0.27173781627015015, 
          -0.8302193971613431, 
          -0.48671773477649133, 
          0.0
        ], 
        [
          0.9290975892217908, 
          0.0944796345872133, 
          0.357562735629283, 
          0.0
        ], 
        [
          0.25087064484060645, 
          0.549371678014165, 
          -0.7970286562935857, 
          0.0
        ], 
        [
          -16.466624037471945, 
          13.84871819516934, 
          88.41560706766887, 
          1.0
        ]
      ], 
      "projected_cuboid": [
        [
          423.14068325692415, 
          386.0069769857853
        ], 
        [
          358.77611840652105, 
          384.760184963836
        ], 
        [
          351.1538515784111, 
          306.13567863831247
        ], 
        [
          405.6032533809633, 
          309.98728816460203
        ], 
        [
          414.97317071636763, 
          412.92980815117664
        ], 
        [
          352.52723714831706, 
          412.8753368393914
        ], 
        [
          346.1258590627943, 
          332.1015575214616
        ], 
        [
          399.19278348116967, 
          334.9441026517996
        ]
      ], 
      "projected_cuboid_centroid": [
        381.44328182607245, 
        356.8214800607183
      ], 
      "quaternion_xyzw": [
        0.8609859177147509, 
        -0.045410443723774785, 
        0.18272672611467833, 
        0.47249554840978375
      ], 
      "visibility": 0.47978870004593477
    }, 
    {
      "bounding_box": {
        "bottom_right": [
          299, 
          361
        ], 
        "top_left": [
          242, 
          281
        ]
      }, 
      "class": "008_pudding_box", 
      "cuboid": [
        [
          -17.51216706135838, 
          0.013651572626000984, 
          78.81220937030949
        ], 
        [
          -28.36376719838046, 
          1.2365129729141038, 
          75.66264510766202
        ], 
        [
          -30.937550923099767, 
          -3.9830613913815918, 
          82.50388706331361
        ], 
        [
          -20.08595078607768, 
          -5.205922791669694, 
          85.65345132596109
        ], 
        [
          -17.816428699046824, 
          3.1169664776321127, 
          81.06543545869711
        ], 
        [
          -28.66802883606891, 
          4.339827877920215, 
          77.91587119604965
        ], 
        [
          -31.241812560788212, 
          -0.8797464863754798, 
          84.75711315170125
        ], 
        [
          -20.390212423766126, 
          -2.1026078866635824, 
          87.9066774143487
        ]
      ], 
      "cuboid_centroid": [
        -24.376989811073297, 
        -0.43304745687473944, 
        81.78466126100537
      ], 
      "location": [
        -24.376989811073297, 
        -0.43304745687473944, 
        81.78466126100537
      ], 
      "pose_transform_permuted": [
        [
          0.07908856961081802, 
          -0.8066634320169764, 
          -0.5856946991221861, 
          0.0
        ], 
        [
          0.9547926018354936, 
          -0.10759510148939948, 
          0.27711863863484504, 
          0.0
        ], 
        [
          0.2865586404464293, 
          0.5811343506357481, 
          -0.7616867629351395, 
          0.0
        ], 
        [
          -24.376989811073297, 
          -0.43304745687473944, 
          81.78466126100537, 
          1.0
        ]
      ], 
      "projected_cuboid": [
        [
          362.10526199737524, 
          273.3789177165131
        ], 
        [
          280.0046797837354, 
          282.0022864509992
        ], 
        [
          279.94473151629757, 
          247.53933119387435
        ], 
        [
          355.49004796994035, 
          240.8719588804887
        ], 
        [
          363.40817359929093, 
          293.7926791401558
        ], 
        [
          283.73450100793553, 
          302.9918490991562
        ], 
        [
          283.37509076613213, 
          267.75088425323094
        ], 
        [
          356.86112321411395, 
          260.5302605896481
        ]
      ], 
      "projected_cuboid_centroid": [
        321.3094579394271, 
        270.46262594667485
      ], 
      "quaternion_xyzw": [
        0.883405576673793, 
        -0.11154382322893526, 
        0.10080511648648906, 
        0.443836397563077
      ], 
      "visibility": 0.6400709219858156
    }, 
    {
      "bounding_box": {
        "bottom_right": [
          458, 
          363
        ], 
        "top_left": [
          302, 
          226
        ]
      }, 
      "class": "019_pitcher_base", 
      "cuboid": [
        [
          -35.75282612734211, 
          28.317001081230565, 
          75.66110244927013
        ], 
        [
          -17.880192153485147, 
          27.88379055211963, 
          81.67349443399394
        ], 
        [
          -24.562194693968355, 
          14.229600808913043, 
          100.55281021107689
        ], 
        [
          -42.43482866782532, 
          14.662811338023971, 
          94.5404182263531
        ], 
        [
          -33.60083030463386, 
          17.323531554601615, 
          68.47189713585192
        ], 
        [
          -15.728196330776903, 
          16.89032102549069, 
          74.48428912057571
        ], 
        [
          -22.41019887126011, 
          3.2361312822840964, 
          93.36360489765867
        ], 
        [
          -40.28283284511707, 
          3.669341811395027, 
          87.35121291293487
        ]
      ], 
      "cuboid_centroid": [
        -29.08151249930111, 
        15.776566181757328, 
        84.5123536734644
      ], 
      "location": [
        -29.08151249930111, 
        15.776566181757328, 
        84.5123536734644
      ], 
      "pose_transform_permuted": [
        [
          -0.16167533975297865, 
          0.8259183879571678, 
          0.5401112768602209, 
          0.0
        ], 
        [
          -0.947557215848648, 
          0.022967614255465382, 
          -0.31876025760774673, 
          0.0
        ], 
        [
          0.2756749455026858, 
          0.563321847086518, 
          -0.7788914051503748, 
          0.0
        ], 
        [
          -29.08151249930111, 
          15.776566181757328, 
          84.5123536734644, 
          1.0
        ]
      ], 
      "projected_cuboid": [
        [
          227.48256634196056, 
          472.887267080307
        ], 
        [
          363.86825097819224, 
          455.3648445060352
        ], 
        [
          350.2365981480823, 
          348.758568610623
        ], 
        [
          240.21963087396483, 
          356.002106387206
        ], 
        [
          217.70314673322042, 
          408.2174952677754
        ], 
        [
          368.0421415910129, 
          394.22397425553874
        ], 
        [
          352.5168070628885, 
          291.77224435970453
        ], 
        [
          233.60213785685806, 
          295.68956800365345
        ]
      ], 
      "projected_cuboid_centroid": [
        296.54730624053, 
        372.84537564481775
      ], 
      "quaternion_xyzw": [
        -0.13752598575716446, 
        0.45938113237715716, 
        0.873354215051858, 
        0.08548723834246866
      ], 
      "visibility": 0.25205700852189244
    }, 
    {
      "bounding_box": {
        "bottom_right": [
          310, 
          437
        ], 
        "top_left": [
          205, 
          291
        ]
      }, 
      "class": "035_power_drill", 
      "cuboid": [
        [
          -5.113308671300419, 
          0.3300733129009553, 
          67.29735160362728
        ], 
        [
          -23.043431592900298, 
          2.3332632617130065, 
          63.50426960659817
        ], 
        [
          -27.312195874559308, 
          -9.122362345296537, 
          77.63307826085133
        ], 
        [
          -9.38207295295943, 
          -11.12555229410859, 
          81.42616025788043
        ], 
        [
          -5.364845952765409, 
          4.805164269058841, 
          70.84975483158335
        ], 
        [
          -23.294968874365285, 
          6.808354217870893, 
          67.05667283455425
        ], 
        [
          -27.563733156024295, 
          -4.647271389138651, 
          81.18548148880741
        ], 
        [
          -9.633610234424419, 
          -6.650461337950703, 
          84.97856348583652
        ]
      ], 
      "cuboid_centroid": [
        -16.338520913662357, 
        -2.158599038118848, 
        74.24141654621734
      ], 
      "location": [
        -16.338520913662357, 
        -2.158599038118848, 
        74.24141654621734
      ], 
      "pose_transform_permuted": [
        [
          0.043981199391402825, 
          -0.7824679764810052, 
          -0.6211363730157264, 
          0.0
        ], 
        [
          0.9725550911344522, 
          -0.10865584088548388, 
          0.2057421035779448, 
          0.0
        ], 
        [
          0.2284765463981321, 
          0.6131380424927899, 
          -0.756214490435446, 
          0.0
        ], 
        [
          -16.338520913662357, 
          -2.158599038118848, 
          74.24141654621734, 
          1.0
        ]
      ], 
      "projected_cuboid": [
        [
          440.7373123726917, 
          275.9023104815045
        ], 
        [
          286.4617115152246, 
          292.8816769834912
        ], 
        [
          292.40559919955206, 
          210.61821936623645
        ], 
        [
          419.63490325353285, 
          200.4171444935049
        ], 
        [
          440.87679955413313, 
          309.457280013431
        ], 
        [
          294.7820136045448, 
          327.4351928440927
        ], 
        [
          299.0178244330231, 
          242.757916426357
        ], 
        [
          420.6333538674217, 
          231.54870289502745
        ]
      ], 
      "projected_cuboid_centroid": [
        363.24980337852605, 
        257.78005665606196
      ], 
      "quaternion_xyzw": [
        0.8953811348586378, 
        -0.09413097231963745, 
        0.06972542006057951, 
        0.42961661995463457
      ], 
      "visibility": 0.7364108482400462
    }, 
    {
      "bounding_box": {
        "bottom_right": [
          250, 
          304
        ], 
        "top_left": [
          203, 
          244
        ]
      }, 
      "class": "061_foam_brick", 
      "cuboid": [
        [
          -34.52617704209839, 
          -10.357333946872831, 
          79.06603943368448
        ], 
        [
          -27.00134747971528, 
          -10.834260687728733, 
          81.01362155018309
        ], 
        [
          -25.7580800961803, 
          -8.07257099577416, 
          76.88632369227159
        ], 
        [
          -33.28290965856341, 
          -7.595644254918257, 
          74.93874157577297
        ], 
        [
          -34.97578294901804, 
          -5.943466108291494, 
          81.88404611804513
        ], 
        [
          -27.450953386634936, 
          -6.4203928491473965, 
          83.83162823454374
        ], 
        [
          -26.207686003099955, 
          -3.658703157192822, 
          79.70433037663224
        ], 
        [
          -33.73251556548306, 
          -3.1817764163369198, 
          77.75674826013362
        ]
      ], 
      "cuboid_centroid": [
        -30.366931522599174, 
        -7.008018552032827, 
        79.38518490515835
      ], 
      "location": [
        -30.366931522599174, 
        -7.008018552032827, 
        79.38518490515835
      ], 
      "pose_transform_permuted": [
        [
          0.08554145801563728, 
          -0.8397769793270345, 
          -0.53615043033921, 
          0.0
        ], 
        [
          -0.9662826855894527, 
          0.06124338739676605, 
          -0.2500940203807439, 
          0.0
        ], 
        [
          -0.24285886949130214, 
          -0.539466284852474, 
          0.8062231062285897, 
          0.0
        ], 
        [
          -30.366931522599174, 
          -7.008018552032827, 
          79.38518490515835, 
          1.0
        ]
      ], 
      "projected_cuboid": [
        [
          246.76886954176268, 
          203.42381230458446
        ], 
        [
          302.3635916991099, 
          201.96367543827876
        ], 
        [
          301.4379981665633, 
          217.29140137148312
        ], 
        [
          242.75730682666045, 
          219.23030828276458
        ], 
        [
          251.89765319394758, 
          234.57610514698217
        ], 
        [
          305.50440220220247, 
          232.44131869829909
        ], 
        [
          304.7741730764536, 
          248.80533308929682
        ], 
        [
          248.30370861558387, 
          251.46330449914473
        ]
      ], 
      "projected_cuboid_centroid": [
        275.88811819029365, 
        226.20579442089544
      ], 
      "quaternion_xyzw": [
        0.08718007211697365, 
        0.8720520914459664, 
        -0.4718755054031118, 
        0.09622001990725622
      ], 
      "visibility": 0.9737563650607128
    }
  ]
}