{
  "camera_data": {
    "location_worldframe": [
      -15.041074189699277, 
      1.3116205671883305, 
      85.7918420511658
    ], 
    "quaternion_xyzw_worldframe": [
      0.9043996792342532, 
      0.022516693456131918, 
      0.030943685185764798, 
      -0.42496823006526213
    ]
  }, 
  "objects": [
    {
      "bounding_box": {
        "bottom_right": [
          440, 
          341
        ], 
        "top_left": [
          281, 
          189
        ]
      }, 
      "class": "003_cracker_box", 
      "cuboid": [
        [
          -19.81015172972496, 
          17.875966810489903, 
          66.28207303170126
        ], 
        [
          -36.16108235098654, 
          18.41701766196861, 
          65.08522405126938
        ], 
        [
          -37.644373587445806, 
          1.1503844609168978, 
          77.5438263867875
        ], 
        [
          -21.29344296618423, 
          0.6093336094381909, 
          78.74067536721938
        ], 
        [
          -20.095716718784658, 
          22.089978068608982, 
          72.08835921896517
        ], 
        [
          -36.44664734004623, 
          22.631028920087687, 
          70.89151023853329
        ], 
        [
          -37.9299385765055, 
          5.364395719035975, 
          83.35011257405141
        ], 
        [
          -21.579007955243924, 
          4.823344867557268, 
          84.54696155448329
        ]
      ], 
      "cuboid_centroid": [
        -28.870045153115232, 
        11.62018126476294, 
        74.81609280287633
      ], 
      "location": [
        -28.870045153115232, 
        11.62018126476294, 
        74.81609280287633
      ], 
      "pose_transform_permuted": [
        [
          0.0397722835497297, 
          -0.5869096600095817, 
          -0.808674975777461, 
          0.0
        ], 
        [
          0.9967891152391483, 
          -0.03298366386825488, 
          0.07296257711033766, 
          0.0
        ], 
        [
          0.06949550490496403, 
          0.8089803019266064, 
          -0.5837133250943831, 
          0.0
        ], 
        [
          -28.870045153115232, 
          11.62018126476294, 
          74.81609280287633, 
          1.0
        ]
      ], 
      "projected_cuboid": [
        [
          320.8720600517584, 
          417.120349027025
        ], 
        [
          182.81759622072838, 
          424.1987661547537
        ], 
        [
          220.53451219019937, 
          281.1984839063439
        ], 
        [
          336.172263061819, 
          277.4136240787058
        ], 
        [
          331.6872434269336, 
          436.71122989356445
        ], 
        [
          205.12255975275602, 
          443.54064696830864
        ], 
        [
          236.87806950898346, 
          307.61087421193014
        ], 
        [
          344.3430057362769, 
          303.7120462074008
        ]
      ], 
      "projected_cuboid_centroid": [
        274.0846089499619, 
        356.1199231038707
      ], 
      "quaternion_xyzw": [
        0.9505846086676366, 
        -0.02695161688891016, 
        0.029648823374617696, 
        0.3078692244830104
      ], 
      "visibility": 0.39271154419807097
    }, 
    {
      "bounding_box": {
        "bottom_right": [
          445, 
          381
        ], 
        "top_left": [
          325, 
          313
        ]
      }, 
      "class": "006_mustard_bottle", 
      "cuboid": [
        [
          -15.244287852527885, 
          23.99534112010167, 
          76.94701873843313
        ], 
        [
          -24.40024633992396, 
          22.472762393271296, 
          74.48607460906145
        ], 
        [
          -25.133565479918257, 
          7.557417003366099, 
          86.44247249986212
        ], 
        [
          -15.977606992522182, 
          9.079995730196474, 
          88.90341662923382
        ], 
        [
          -16.98547708339524, 
          27.523893991149972, 
          81.24201944666409
        ], 
        [
          -26.141435570791316, 
          26.0013152643196, 
          78.7810753172924
        ], 
        [
          -26.874754710785613, 
          11.085969874414403, 
          90.73747320809309
        ], 
        [
          -17.718796223389536, 
          12.60854860124478, 
          93.19841733746476
        ]
      ], 
      "cuboid_centroid": [
        -21.05952128165675, 
        17.540655497258037, 
        83.8422459732631
      ], 
      "location": [
        -21.05952128165675, 
        17.540655497258037, 
        83.8422459732631
      ], 
      "pose_transform_permuted": [
        [
          0.2989217301481048, 
          -0.605770533399982, 
          -0.7373518167535349, 
          0.0
        ], 
        [
          0.9535073162187433, 
          0.15856231300636528, 
          0.2562842803832777, 
          0.0
        ], 
        [
          0.03833326173943793, 
          0.7796794159358806, 
          -0.6250044555123591, 
          0.0
        ], 
        [
          -21.05952128165675, 
          17.540655497258037, 
          83.8422459732631, 
          1.0
        ]
      ], 
      "projected_cuboid": [
        [
          375.05844527167363, 
          439.59818376102913
        ], 
        [
          305.43562447506986, 
          434.1913021965924
        ], 
        [
          325.2395892215223, 
          319.9131367994198
        ], 
        [
          384.9508157069642, 
          327.75620542087324
        ], 
        [
          369.16536857254835, 
          453.969290214641
        ], 
        [
          303.1541706305179, 
          449.30610312215964
        ], 
        [
          322.32135246210646, 
          338.4455579919597
        ], 
        [
          379.3578753469443, 
          345.43782634570516
        ]
      ], 
      "projected_cuboid_centroid": [
        346.521336739259, 
        384.86245021701046
      ], 
      "quaternion_xyzw": [
        0.9314690747561294, 
        0.03226866423300335, 
        0.14901353828540756, 
        0.33033168310890354
      ], 
      "visibility": 0.3490742313572278
    }, 
    {
      "bounding_box": {
        "bottom_right": [
          337, 
          324
        ], 
        "top_left": [
          271, 
          228
        ]
      }, 
      "class": "008_pudding_box", 
      "cuboid": [
        [
          -21.768582517195842, 
          6.854840708505547, 
          70.80236517220823
        ], 
        [
          -33.05475657549961, 
          6.927069079891762, 
          69.4646698516228
        ], 
        [
          -33.725387504540464, 
          -0.3172035596363573, 
          74.73170685386691
        ], 
        [
          -22.43921344623669, 
          -0.38943193102257273, 
          76.06940217445232
        ], 
        [
          -22.119451960606177, 
          9.12893507084634, 
          73.88547266531373
        ], 
        [
          -33.40562601890994, 
          9.201163442232556, 
          72.5477773447283
        ], 
        [
          -34.076256947950796, 
          1.9568908027044358, 
          77.81481434697241
        ], 
        [
          -22.790082889647024, 
          1.8846624313182205, 
          79.15250966755782
        ]
      ], 
      "cuboid_centroid": [
        -27.922419732573317, 
        4.405865755604991, 
        74.30858975959032
      ], 
      "location": [
        -27.922419732573317, 
        4.405865755604991, 
        74.30858975959032
      ], 
      "pose_transform_permuted": [
        [
          0.09120361873514383, 
          -0.5911191159160397, 
          -0.8014107970975767, 
          0.0
        ], 
        [
          0.9930291715349976, 
          -0.006355110193095456, 
          0.11769891808374452, 
          0.0
        ], 
        [
          0.07466636975809997, 
          0.8065591909175825, 
          -0.5864187219960415, 
          0.0
        ], 
        [
          -27.922419732573317, 
          4.405865755604991, 
          74.30858975959032, 
          1.0
        ]
      ], 
      "projected_cuboid": [
        [
          316.258519064383, 
          324.92069992606736
        ], 
        [
          225.70211210371278, 
          326.46956760176965
        ], 
        [
          238.91159260271945, 
          271.0228285423284
        ], 
        [
          322.96559265123, 
          270.55624604815324
        ], 
        [
          320.60404937410664, 
          339.18095093097645
        ], 
        [
          233.97620015622775, 
          340.9269376091659
        ], 
        [
          246.10226001166615, 
          286.6984852561046
        ], 
        [
          326.76070835058835, 
          285.98515469631275
        ]
      ], 
      "projected_cuboid_centroid": [
        279.52524037394267, 
        304.9078417350033
      ], 
      "quaternion_xyzw": [
        0.9488149397472297, 
        -0.021348072357708674, 
        0.05504301420320735, 
        0.31026541335494373
      ], 
      "visibility": 0.8118260869565217
    }, 
    {
      "bounding_box": {
        "bottom_right": [
          479, 
          313
        ], 
        "top_left": [
          310, 
          175
        ]
      }, 
      "class": "019_pitcher_base", 
      "cuboid": [
        [
          -43.982944714079665, 
          31.234526243158644, 
          78.27793349323633
        ], 
        [
          -25.475134699760275, 
          32.3887483424183, 
          81.72703681488511
        ], 
        [
          -27.017678197755078, 
          13.18182534264578, 
          96.43177374360738
        ], 
        [
          -45.525488212074464, 
          12.027603243386125, 
          92.9826704219586
        ], 
        [
          -41.560082643786785, 
          23.156119612997205, 
          67.98030187239974
        ], 
        [
          -23.052272629467403, 
          24.31034171225686, 
          71.42940519404853
        ], 
        [
          -24.594816127462202, 
          5.103418712484342, 
          86.1341421227708
        ], 
        [
          -43.10262614178159, 
          3.949196613224684, 
          82.68503880112202
        ]
      ], 
      "cuboid_centroid": [
        -34.28888042077094, 
        18.168972477821494, 
        82.20603780800356
      ], 
      "location": [
        -34.28888042077094, 
        18.168972477821494, 
        82.20603780800356
      ], 
      "pose_transform_permuted": [
        [
          -0.1820250040709827, 
          0.6069152750261343, 
          0.7736414138827472, 
          0.0
        ], 
        [
          -0.9812324783396006, 
          -0.06119363717990586, 
          -0.18286184036535447, 
          0.0
        ], 
        [
          0.06363969366502031, 
          0.7924072789792254, 
          -0.6066635753125136, 
          0.0
        ], 
        [
          -34.28888042077094, 
          18.168972477821494, 
          82.20603780800356, 
          1.0
        ]
      ], 
      "projected_cuboid": [
        [
          179.43726479657852, 
          486.0921624169463
        ], 
        [
          313.97064674900713, 
          484.64320082654626
        ], 
        [
          330.92955967202334, 
          346.1891231383398
        ], 
        [
          218.30102325041423, 
          342.2731170848437
        ], 
        [
          152.83246511183228, 
          454.95110432957085
        ], 
        [
          308.0455364303281, 
          454.79695758393797
        ], 
        [
          328.04347453000184, 
          304.8855424344028
        ], 
        [
          201.26774049109247, 
          298.7589078583096
        ]
      ], 
      "projected_cuboid_centroid": [
        257.2908430179264, 
        391.1594958188019
      ], 
      "quaternion_xyzw": [
        -0.09686801562671986, 
        0.32217378299965366, 
        0.9417113638479645, 
        0.0006493647042549007
      ], 
      "visibility": 0.20196638122423088
    }, 
    {
      "bounding_box": {
        "bottom_right": [
          397, 
          380
        ], 
        "top_left": [
          252, 
          215
        ]
      }, 
      "class": "035_power_drill", 
      "cuboid": [
        [
          -11.600135960073521, 
          12.472830418229577, 
          58.495246389592346
        ], 
        [
          -30.01326949203076, 
          12.194960615703598, 
          57.61840495692314
        ], 
        [
          -30.283288743056776, 
          -3.2191751562525157, 
          68.17342502022088
        ], 
        [
          -11.870155211099537, 
          -2.941305353726535, 
          69.05026645289009
        ], 
        [
          -11.873245248476, 
          15.703714970209539, 
          63.206517459294375
        ], 
        [
          -30.28637878043324, 
          15.42584516768356, 
          62.32967602662517
        ], 
        [
          -30.556398031459253, 
          0.011709395727445976, 
          72.88469608992291
        ], 
        [
          -12.143264499502015, 
          0.2895791982534264, 
          73.7615375225921
        ]
      ], 
      "cuboid_centroid": [
        -21.078266995766388, 
        6.242269906978512, 
        65.68997123975763
      ], 
      "location": [
        -21.078266995766388, 
        6.242269906978512, 
        65.68997123975763
      ], 
      "pose_transform_permuted": [
        [
          0.04775305671952811, 
          -0.5649189530221262, 
          -0.8237639808171047, 
          0.0
        ], 
        [
          0.9987542661333648, 
          0.015072048992682214, 
          0.04756111283725494, 
          0.0
        ], 
        [
          0.014452207211464506, 
          0.8250088959045871, 
          -0.5649350425805256, 
          0.0
        ], 
        [
          -21.078266995766388, 
          6.242269906978512, 
          65.68997123975763, 
          1.0
        ]
      ], 
      "projected_cuboid": [
        [
          374.9536047853771, 
          387.00526095783977
        ], 
        [
          201.47726359030676, 
          386.16386107321426
        ], 
        [
          242.71713864756117, 
          248.1029836568834
        ], 
        [
          389.15220702982253, 
          250.5689464961263
        ], 
        [
          380.5789411319141, 
          405.7902584647584
        ], 
        [
          220.29417492883005, 
          405.2767204970216
        ], 
        [
          256.143273484828, 
          273.37221920648756
        ], 
        [
          393.0656891197114, 
          275.3802884982307
        ]
      ], 
      "projected_cuboid_centroid": [
        309.04206055910555, 
        323.965884036875
      ], 
      "quaternion_xyzw": [
        0.9549250157545168, 
        0.0001622749878240312, 
        0.02495331255969671, 
        0.2957965224918519
      ], 
      "visibility": 0.7642822463181744
    }, 
    {
      "bounding_box": {
        "bottom_right": [
          283, 
          264
        ], 
        "top_left": [
          229, 
          188
        ]
      }, 
      "class": "061_foam_brick", 
      "cuboid": [
        [
          -36.92403669052184, 
          -6.0608153663003606, 
          70.02977248754381
        ], 
        [
          -29.187687354896873, 
          -5.696005478903319, 
          70.84181181097331
        ], 
        [
          -29.032319439599842, 
          -1.7471845994902238, 
          67.58759826193594
        ], 
        [
          -36.768668775224796, 
          -2.1119944868872658, 
          66.77555893850644
        ], 
        [
          -37.503317781993964, 
          -2.7249738143713524, 
          74.04998778011058
        ], 
        [
          -29.766968446369003, 
          -2.36016392697431, 
          74.86202710354009
        ], 
        [
          -29.611600531071964, 
          1.5886569524387852, 
          71.60781355450271
        ], 
        [
          -37.34794986669693, 
          1.2238470650417432, 
          70.79577423107321
        ]
      ], 
      "cuboid_centroid": [
        -33.2678186107969, 
        -2.2360792069307878, 
        70.81879302102327
      ], 
      "location": [
        -33.2678186107969, 
        -2.2360792069307878, 
        70.81879302102327
      ], 
      "pose_transform_permuted": [
        [
          0.11021329658435897, 
          -0.6346730451478441, 
          -0.7648811378369652, 
          0.0
        ], 
        [
          -0.9934444827901708, 
          -0.04684617436198257, 
          -0.10427605459268424, 
          0.0
        ], 
        [
          -0.030349445955039744, 
          -0.7713595541058715, 
          0.6356755063865627, 
          0.0
        ], 
        [
          -33.2678186107969, 
          -2.2360792069307878, 
          70.81879302102327, 
          1.0
        ]
      ], 
      "projected_cuboid": [
        [
          198.05454682755695, 
          227.1297191026146
        ], 
        [
          260.03175870210384, 
          230.40520575556008
        ], 
        [
          250.600005286627, 
          259.4998702156723
        ], 
        [
          185.4877236260114, 
          256.41856956137696
        ], 
        [
          209.24138806536405, 
          253.6608507612254
        ], 
        [
          267.7689753444989, 
          256.47265128279435
        ], 
        [
          259.21835809858436, 
          285.1185130358296
        ], 
        [
          197.90240234543307, 
          282.5060375021681
        ]
      ], 
      "projected_cuboid_centroid": [
        228.97717772073202, 
        256.4471542570618
      ], 
      "quaternion_xyzw": [
        -0.0043903570732513, 
        0.9393728193232183, 
        -0.33808423168174156, 
        0.05708312683870671
      ], 
      "visibility": 0.9113573407202216
    }
  ]
}