{
  "camera_data": {
    "location_worldframe": [
      -11.346063161269662, 
      4.7048593406359, 
      81.93003391018237
    ], 
    "quaternion_xyzw_worldframe": [
      0.9299813175107693, 
      -0.0025434264704785555, 
      0.1057492645136212, 
      -0.35205846099160354
    ]
  }, 
  "objects": [
    {
      "bounding_box": {
        "bottom_right": [
          491, 
          376
        ], 
        "top_left": [
          304, 
          222
        ]
      }, 
      "class": "003_cracker_box", 
      "cuboid": [
        [
          -11.945646188225984, 
          18.46663045032568, 
          59.83915460047319
        ], 
        [
          -27.88609112701374, 
          20.53459652594844, 
          56.56748115241861
        ], 
        [
          -32.79112144042623, 
          5.652248492123762, 
          71.05920091823711
        ], 
        [
          -16.850676501638475, 
          3.5842824165010017, 
          74.3308743662917
        ], 
        [
          -12.329585944649232, 
          23.533084532490083, 
          64.91222377324227
        ], 
        [
          -28.270030883436988, 
          25.601050608112846, 
          61.64055032518768
        ], 
        [
          -33.175061196849484, 
          10.718702574288166, 
          76.13227009100619
        ], 
        [
          -17.234616258061724, 
          8.650736498665406, 
          79.40394353906078
        ]
      ], 
      "cuboid_centroid": [
        -22.56035369253773, 
        14.592666512306923, 
        67.98571234573969
      ], 
      "location": [
        -22.56035369253773, 
        14.592666512306923, 
        67.98571234573969
      ], 
      "pose_transform_permuted": [
        [
          0.05347350495857729, 
          -0.7056342901524455, 
          -0.7065556119857087, 
          0.0
        ], 
        [
          0.971764994610848, 
          -0.12606781366830488, 
          0.19944849361645214, 
          0.0
        ], 
        [
          0.2298116174531292, 
          0.6972712204859368, 
          -0.6789694143079117, 
          0.0
        ], 
        [
          -22.56035369253773, 
          14.592666512306923, 
          67.98571234573969, 
          1.0
        ]
      ], 
      "projected_cuboid": [
        [
          374.2436358454587, 
          437.8713440352525
        ], 
        [
          216.49535163695685, 
          466.88721166704835
        ], 
        [
          233.43940637547112, 
          315.70827606525785
        ], 
        [
          359.6869264366253, 
          299.0035502005577
        ], 
        [
          379.45286127639935, 
          466.63463336393374
        ], 
        [
          234.9638818257386, 
          494.7891294903076
        ], 
        [
          247.26339982161574, 
          348.37288418156203
        ], 
        [
          364.8754546413325, 
          331.3895361193313
        ]
      ], 
      "projected_cuboid_centroid": [
        303.1456559050255, 
        387.7599258915459
      ], 
      "quaternion_xyzw": [
        0.9186391874782086, 
        -0.09684962169379369, 
        0.06883061435397048, 
        0.37680836048952077
      ], 
      "visibility": 0.5323466323466324
    }, 
    {
      "bounding_box": {
        "bottom_right": [
          483, 
          410
        ], 
        "top_left": [
          356, 
          340
        ]
      }, 
      "class": "006_mustard_bottle", 
      "cuboid": [
        [
          -7.82649596480668, 
          25.6444287149813, 
          70.0149218057859
        ], 
        [
          -16.78549537485772, 
          24.732506629784293, 
          66.68163581573934
        ], 
        [
          -20.609058814367252, 
          12.003517565740825, 
          80.44077589119095
        ], 
        [
          -11.650059404316215, 
          12.915439650937833, 
          83.7740618812375
        ], 
        [
          -9.569785511951606, 
          29.95735841378322, 
          73.52049384943065
        ], 
        [
          -18.528784922002643, 
          29.04543632858621, 
          70.1872078593841
        ], 
        [
          -22.35234836151218, 
          16.316447264542745, 
          83.94634793483571
        ], 
        [
          -13.39334895146114, 
          17.22836934973975, 
          87.27963392488228
        ]
      ], 
      "cuboid_centroid": [
        -15.08942216315943, 
        20.98043798976202, 
        76.98063487031081
      ], 
      "location": [
        -15.08942216315943, 
        20.98043798976202, 
        76.98063487031081
      ], 
      "pose_transform_permuted": [
        [
          0.2992823056469764, 
          -0.7404298078106072, 
          -0.6018252593505441, 
          0.0
        ], 
        [
          0.932995873151072, 
          0.09496814355960313, 
          0.347130514291217, 
          0.0
        ], 
        [
          0.19987158402166436, 
          0.6653906094340002, 
          -0.719240353969186, 
          0.0
        ], 
        [
          -15.08942216315943, 
          20.98043798976202, 
          76.98063487031081, 
          1.0
        ]
      ], 
      "projected_cuboid": [
        [
          421.48405595255826, 
          468.62598391945465
        ], 
        [
          346.2279330055825, 
          471.0970740490093
        ], 
        [
          343.8210450803844, 
          352.8694474427731
        ], 
        [
          406.81279086466833, 
          355.50837056817454
        ], 
        [
          411.59908572568224, 
          490.59799857727825
        ], 
        [
          339.6322562979653, 
          493.9891484460078
        ], 
        [
          338.40693685281894, 
          376.9465668931735
        ], 
        [
          399.07539915412286, 
          378.55997173838296
        ]
      ], 
      "projected_cuboid_centroid": [
        376.1868149183707, 
        418.6383977354955
      ], 
      "quaternion_xyzw": [
        0.8944567823455218, 
        -0.029320432952326208, 
        0.18067189849103552, 
        0.4079767157537003
      ], 
      "visibility": 0.31384798453071544
    }, 
    {
      "bounding_box": {
        "bottom_right": [
          369, 
          352
        ], 
        "top_left": [
          292, 
          256
        ]
      }, 
      "class": "008_pudding_box", 
      "cuboid": [
        [
          -15.70928027894084, 
          8.543890417742219, 
          65.59313891574847
        ], 
        [
          -26.69453267849934, 
          9.596388784751023, 
          62.874895459375146
        ], 
        [
          -28.804397025922434, 
          3.363709270458088, 
          68.98824881161943
        ], 
        [
          -17.819144626363936, 
          2.311210903449284, 
          71.70649226799276
        ], 
        [
          -16.10527751320845, 
          11.290956709999438, 
          68.25715455488971
        ], 
        [
          -27.090529912766947, 
          12.343455077008242, 
          65.53891109851638
        ], 
        [
          -29.200394260190045, 
          6.1107755627153075, 
          71.65226445076067
        ], 
        [
          -18.215141860631547, 
          5.058277195706505, 
          74.370507907134
        ]
      ], 
      "cuboid_centroid": [
        -22.45483726956544, 
        7.327332990228763, 
        68.62270168325458
      ], 
      "location": [
        -22.45483726956544, 
        7.327332990228763, 
        68.62270168325458
      ], 
      "pose_transform_permuted": [
        [
          0.10293395863508505, 
          -0.7140615732279337, 
          -0.6924737141403122, 
          0.0
        ], 
        [
          0.9665521755275778, 
          -0.09260548136449444, 
          0.23916829862523978, 
          0.0
        ], 
        [
          0.23490701767876518, 
          0.6939309433036679, 
          -0.6806454669685971, 
          0.0
        ], 
        [
          -22.45483726956544, 
          7.327332990228763, 
          68.62270168325458, 
          1.0
        ]
      ], 
      "projected_cuboid": [
        [
          352.80485364361675, 
          342.7545364881542
        ], 
        [
          253.280838236467, 
          354.6853543013524
        ], 
        [
          257.06653610951065, 
          299.2899814218996
        ], 
        [
          347.96210098003456, 
          290.47625116725754
        ], 
        [
          354.71163416051894, 
          361.50715551886776
        ], 
        [
          259.3121399369948, 
          373.73078104593156
        ], 
        [
          262.4424972263443, 
          318.7700450407178
        ], 
        [
          349.8856132068886, 
          309.5600335039733
        ]
      ], 
      "projected_cuboid_centroid": [
        305.6290116876285, 
        330.2328557487314
      ], 
      "quaternion_xyzw": [
        0.915554044414031, 
        -0.08943013824292392, 
        0.0934139987004469, 
        0.38083689562235656
      ], 
      "visibility": 0.8909062693978895
    }, 
    {
      "bounding_box": {
        "bottom_right": [
          539, 
          351
        ], 
        "top_left": [
          348, 
          192
        ]
      }, 
      "class": "019_pitcher_base", 
      "cuboid": [
        [
          -35.4391944258173, 
          35.98695194787977, 
          66.75042604887264
        ], 
        [
          -17.402667298728613, 
          35.705114672593616, 
          72.26149045132912
        ], 
        [
          -22.843010935201537, 
          19.269762130803393, 
          89.2260555105779
        ], 
        [
          -40.87953806229022, 
          19.551599406089537, 
          83.71499110812141
        ], 
        [
          -32.941338624470845, 
          26.205623840856873, 
          58.075262180057386
        ], 
        [
          -14.90481149738216, 
          25.92378656557073, 
          63.58632658251386
        ], 
        [
          -20.345155133855087, 
          9.488434023780504, 
          80.55089164176263
        ], 
        [
          -38.38168226094377, 
          9.770271299066646, 
          75.03982723930616
        ]
      ], 
      "cuboid_centroid": [
        -27.892174779836193, 
        22.737692985830133, 
        73.65065884531764
      ], 
      "location": [
        -27.892174779836193, 
        22.737692985830133, 
        73.65065884531764
      ], 
      "pose_transform_permuted": [
        [
          -0.1876591399830925, 
          0.7348525160927706, 
          0.6517485076427229, 
          0.0
        ], 
        [
          -0.9562463738205548, 
          0.014942226438651502, 
          -0.2921812671368281, 
          0.0
        ], 
        [
          0.22444864790370178, 
          0.67806243544885, 
          -0.6998958051648654, 
          0.0
        ], 
        [
          -27.892174779836193, 
          22.737692985830133, 
          73.65065884531764, 
          1.0
        ]
      ], 
      "projected_cuboid": [
        [
          196.08692764832216, 
          560.8134849763662
        ], 
        [
          352.08786262338685, 
          536.8050006554267
        ], 
        [
          343.92260541170987, 
          388.4652427734322
        ], 
        [
          218.99721279646, 
          397.84309239971924
        ], 
        [
          176.56759619650626, 
          513.9393023239242
        ], 
        [
          355.5436902323033, 
          490.71792281582736
        ], 
        [
          345.77123098960357, 
          336.10853256610994
        ], 
        [
          206.53929747209477, 
          342.72535745086304
        ]
      ], 
      "projected_cuboid_centroid": [
        277.94094150201374, 
        437.93485390410183
      ], 
      "quaternion_xyzw": [
        -0.13235161773779436, 
        0.3957383716490046, 
        0.9063742765701329, 
        0.06602980703739936
      ], 
      "visibility": 0.23710247009103014
    }, 
    {
      "bounding_box": {
        "bottom_right": [
          415, 
          441
        ], 
        "top_left": [
          260, 
          260
        ]
      }, 
      "class": "035_power_drill", 
      "cuboid": [
        [
          -3.6770644902785627, 
          11.091933686617299, 
          53.96745034351446
        ], 
        [
          -21.786742641220137, 
          12.621931430647662, 
          50.87096634331996
        ], 
        [
          -25.065020116301568, 
          -0.8622455217262335, 
          63.38123449561317
        ], 
        [
          -6.955341965359992, 
          -2.392243265756597, 
          66.47771849580766
        ], 
        [
          -4.052522380192021, 
          15.022173001989625, 
          58.10526728734475
        ], 
        [
          -22.162200531133596, 
          16.55217074601999, 
          55.00878328715025
        ], 
        [
          -25.440478006215024, 
          3.067993793646094, 
          67.51905143944347
        ], 
        [
          -7.330799855273449, 
          1.5379960496157308, 
          70.61553543963797
        ]
      ], 
      "cuboid_centroid": [
        -14.558771248246794, 
        7.079963740131697, 
        60.743250891478965
      ], 
      "location": [
        -14.558771248246794, 
        7.079963740131697, 
        60.743250891478965
      ], 
      "pose_transform_permuted": [
        [
          0.06564867133485952, 
          -0.6872008712926317, 
          -0.7234957418312373, 
          0.0
        ], 
        [
          0.9822944193699387, 
          -0.08298923001740267, 
          0.167957648264512, 
          0.0
        ], 
        [
          0.17546284269186652, 
          0.7217119470233081, 
          -0.6695855459228226, 
          0.0
        ], 
        [
          -14.558771248246794, 
          7.079963740131697, 
          60.743250891478965, 
          1.0
        ]
      ], 
      "projected_cuboid": [
        [
          444.95659486855465, 
          382.8997476597691
        ], 
        [
          251.2864007502916, 
          405.611982007362
        ], 
        [
          268.93055933733143, 
          266.031197723428
        ], 
        [
          425.3326135081615, 
          254.09469129647806
        ], 
        [
          444.09099058488977, 
          411.1676530295173
        ], 
        [
          264.9401410729844, 
          433.7626706158228
        ], 
        [
          278.97316701106485, 
          297.520011887189
        ], 
        [
          425.7702548022284, 
          284.9021606201827
        ]
      ], 
      "projected_cuboid_centroid": [
        352.70730429611734, 
        335.4479016776206
      ], 
      "quaternion_xyzw": [
        0.9256757137659608, 
        -0.06980092187408672, 
        0.06309075525190735, 
        0.366431353074931
      ], 
      "visibility": 0.793812263224358
    }, 
    {
      "bounding_box": {
        "bottom_right": [
          310, 
          285
        ], 
        "top_left": [
          251, 
          209
        ]
      }, 
      "class": "061_foam_brick", 
      "cuboid": [
        [
          -32.163393590197636, 
          -2.6680599302547794, 
          64.78550121400528
        ], 
        [
          -24.571399395723912, 
          -2.998688603626816, 
          66.48723679598764
        ], 
        [
          -23.58792828206294, 
          0.3616706542411921, 
          62.75253445494544
        ], 
        [
          -31.17992247653666, 
          0.6922993276132284, 
          61.05079887296307
        ], 
        [
          -32.75452408957527, 
          1.2908052997007762, 
          68.19189039682858
        ], 
        [
          -25.16252989510155, 
          0.9601766263287398, 
          69.89362597881095
        ], 
        [
          -24.179058781440574, 
          4.320535884196748, 
          66.15892363776874
        ], 
        [
          -31.771052975914294, 
          4.6511645575687846, 
          64.45718805578638
        ]
      ], 
      "cuboid_centroid": [
        -28.171226185819105, 
        0.8262379769709841, 
        65.47221242588701
      ], 
      "location": [
        -28.171226185819105, 
        0.8262379769709841, 
        65.47221242588701
      ], 
      "pose_transform_permuted": [
        [
          0.11246775012524735, 
          -0.7532087515885957, 
          -0.6480953492443176, 
          0.0
        ], 
        [
          -0.9749074684546473, 
          0.04245687690202382, 
          -0.21852423562405385, 
          0.0
        ], 
        [
          -0.192110471169886, 
          -0.6564099253774849, 
          0.7295338078066081, 
          0.0
        ], 
        [
          -28.171226185819105, 
          0.8262379769709841, 
          65.47221242588701, 
          1.0
        ]
      ], 
      "projected_cuboid": [
        [
          214.61888046154834, 
          251.3228488347114
        ], 
        [
          282.85795616088404, 
          249.23290854495332
        ], 
        [
          279.45799702428565, 
          276.36029498966633
        ], 
        [
          206.9497148277959, 
          279.33423589281944
        ], 
        [
          223.29356154165694, 
          283.38175224203803
        ], 
        [
          287.99567862277195, 
          280.6131144889921
        ], 
        [
          285.0608033545184, 
          308.11519404379527
        ], 
        [
          216.5323088398667, 
          311.7703319216257
        ]
      ], 
      "projected_cuboid_centroid": [
        250.20926014246277, 
        280.0168572596656
      ], 
      "quaternion_xyzw": [
        0.0647648736048044, 
        0.905457445587098, 
        -0.4093904596570507, 
        0.09138805676689926
      ], 
      "visibility": 0.9420896993592903
    }
  ]
}