{
  "camera_data": {
    "location_worldframe": [
      -12.25756943945766, 
      3.903947754626917, 
      82.43256391367905
    ], 
    "quaternion_xyzw_worldframe": [
      0.9247888235194837, 
      0.0046392690481198914, 
      0.0835288952156618, 
      -0.37117239614311637
    ]
  }, 
  "objects": [
    {
      "bounding_box": {
        "bottom_right": [
          479, 
          361
        ], 
        "top_left": [
          298, 
          209
        ]
      }, 
      "class": "003_cracker_box", 
      "cuboid": [
        [
          -14.089872887885472, 
          18.450074075695376, 
          60.91961706942551
        ], 
        [
          -30.19545081339817, 
          20.10045905227833, 
          58.28054435321184
        ], 
        [
          -34.09633089729842, 
          4.532555858045871, 
          72.3509768928473
        ], 
        [
          -17.990752971785724, 
          2.8821708814629186, 
          74.99004960906097
        ], 
        [
          -14.456204791708219, 
          23.308478952521778, 
          66.19352458890418
        ], 
        [
          -30.56178271722092, 
          24.95886392910473, 
          63.55445187269051
        ], 
        [
          -34.46266280112117, 
          9.390960734872273, 
          77.62488441232597
        ], 
        [
          -18.35708487560847, 
          7.74057575828932, 
          80.26395712853964
        ]
      ], 
      "cuboid_centroid": [
        -24.276267844503323, 
        13.920517405283825, 
        69.27225074087573
      ], 
      "location": [
        -24.276267844503323, 
        13.920517405283825, 
        69.27225074087573
      ], 
      "pose_transform_permuted": [
        [
          0.05102115774110162, 
          -0.6766580770170554, 
          -0.7345275272379777, 
          0.0
        ], 
        [
          0.9818318689403323, 
          -0.10061114065721445, 
          0.16088374532185729, 
          0.0
        ], 
        [
          0.1827649380923257, 
          0.7293910098042302, 
          -0.659231167513243, 
          0.0
        ], 
        [
          -24.276267844503323, 
          13.920517405283825, 
          69.27225074087573, 
          1.0
        ]
      ], 
      "projected_cuboid": [
        [
          357.2196186318301, 
          434.8073466942173
        ], 
        [
          202.9787560785888, 
          457.2238804046786
        ], 
        [
          228.16884070509963, 
          306.69729350575955
        ], 
        [
          352.5828911929006, 
          293.78416641538274
        ], 
        [
          364.15315265519814, 
          461.08237385079565
        ], 
        [
          222.99949518028163, 
          482.729787271974
        ], 
        [
          242.8491449863028, 
          337.8068693495989
        ], 
        [
          358.60562846955395, 
          324.7193452414159
        ]
      ], 
      "projected_cuboid_centroid": [
        293.13916287959364, 
        380.4590992987173
      ], 
      "quaternion_xyzw": [
        0.9281366286790083, 
        -0.07632930055590567, 
        0.05707804662460026, 
        0.35983097834195854
      ], 
      "visibility": 0.5008320924936498
    }, 
    {
      "bounding_box": {
        "bottom_right": [
          475, 
          400
        ], 
        "top_left": [
          349, 
          332
        ]
      }, 
      "class": "006_mustard_bottle", 
      "cuboid": [
        [
          -9.844519286531856, 
          25.37895052165544, 
          71.21538447563486
        ], 
        [
          -18.882572964913496, 
          24.290550385204078, 
          68.16005492550933
        ], 
        [
          -21.799027881268422, 
          10.93696051335622, 
          81.54424947877781
        ], 
        [
          -12.760974202886782, 
          12.025360649807583, 
          84.59957902890336
        ], 
        [
          -11.600186768359416, 
          29.497330145361456, 
          74.94178184487403
        ], 
        [
          -20.638240446741058, 
          28.408930008910094, 
          71.88645229474848
        ], 
        [
          -23.554695363095984, 
          15.055340137062235, 
          85.27064684801698
        ], 
        [
          -14.516641684714344, 
          16.143740273513597, 
          88.32597639814252
        ]
      ], 
      "cuboid_centroid": [
        -16.69960732481392, 
        20.21714532935884, 
        78.24301566182592
      ], 
      "location": [
        -16.69960732481392, 
        20.21714532935884, 
        78.24301566182592
      ], 
      "pose_transform_permuted": [
        [
          0.30140730940038835, 
          -0.7070300807636262, 
          -0.6397358363383836, 
          0.0
        ], 
        [
          0.9412286347276249, 
          0.11334667959760464, 
          0.3181839545815322, 
          0.0
        ], 
        [
          0.15245371839165905, 
          0.6980407680653654, 
          -0.6996405862064253, 
          0.0
        ], 
        [
          -16.69960732481392, 
          20.21714532935884, 
          78.24301566182592, 
          1.0
        ]
      ], 
      "projected_cuboid": [
        [
          407.25880239533495, 
          463.34506835644424
        ], 
        [
          332.6187809311252, 
          463.34838902590076
        ], 
        [
          337.8379089777809, 
          344.8169678943434
        ], 
        [
          400.4809118216356, 
          349.0949569222311
        ], 
        [
          398.35694736738776, 
          483.20286810485425
        ], 
        [
          327.20771270508413, 
          484.050016036632
        ], 
        [
          333.04808905715004, 
          367.44916044528225
        ], 
        [
          393.21392434987536, 
          370.7637828938908
        ]
      ], 
      "projected_cuboid_centroid": [
        366.82071679834047, 
        411.0905250691244
      ], 
      "quaternion_xyzw": [
        0.90540118719982, 
        -0.010798262512500876, 
        0.1710819669615637, 
        0.38841087433310445
      ], 
      "visibility": 0.31459820750417744
    }, 
    {
      "bounding_box": {
        "bottom_right": [
          362, 
          341
        ], 
        "top_left": [
          287, 
          246
        ]
      }, 
      "class": "008_pudding_box", 
      "cuboid": [
        [
          -17.322879680968544, 
          8.199038006940071, 
          66.4148736008795
        ], 
        [
          -28.42642438719399, 
          8.981475465057942, 
          64.11890819093423
        ], 
        [
          -30.114106126961083, 
          2.458175374366372, 
          70.05769569124526
        ], 
        [
          -19.010561420735637, 
          1.6757379162484993, 
          72.35366110119054
        ], 
        [
          -17.71220245630864, 
          10.830202115026957, 
          69.1943644826975
        ], 
        [
          -28.815747162534084, 
          11.61263957314483, 
          66.89839907275223
        ], 
        [
          -30.503428902301177, 
          5.089339482453259, 
          72.83718657306325
        ], 
        [
          -19.399884196075735, 
          4.306902024335387, 
          75.13315198300853
        ]
      ], 
      "cuboid_centroid": [
        -23.91315429163486, 
        6.644188744696665, 
        69.62603008697138
      ], 
      "location": [
        -23.91315429163486, 
        6.644188744696665, 
        69.62603008697138
      ], 
      "pose_transform_permuted": [
        [
          0.10119902611610636, 
          -0.6839344167765261, 
          -0.7224898931044119, 
          0.0
        ], 
        [
          0.9769602828881068, 
          -0.06884380985078618, 
          0.20201359797685356, 
          0.0
        ], 
        [
          0.1879022624197637, 
          0.7262879111633639, 
          -0.6612097417684054, 
          0.0
        ], 
        [
          -23.91315429163486, 
          6.644188744696665, 
          69.62603008697138, 
          1.0
        ]
      ], 
      "projected_cuboid": [
        [
          341.3329855859878, 
          339.125819081983
        ], 
        [
          243.18520866343627, 
          347.99143995860004
        ], 
        [
          250.4406979926149, 
          291.9995866063343
        ], 
        [
          340.30227164392494, 
          285.63841946740234
        ], 
        [
          343.9415645164134, 
          356.7609498186846
        ], 
        [
          249.96115276080883, 
          365.86346332655705
        ], 
        [
          256.38729294315755, 
          310.55108016245094
        ], 
        [
          342.742789796803, 
          303.85833128110903
        ]
      ], 
      "projected_cuboid_centroid": [
        296.9012891653004, 
        324.17951532634214
      ], 
      "quaternion_xyzw": [
        0.925437475893953, 
        -0.06935802767835253, 
        0.08191061848885658, 
        0.36338061554227397
      ], 
      "visibility": 0.8729238483234096
    }, 
    {
      "bounding_box": {
        "bottom_right": [
          526, 
          338
        ], 
        "top_left": [
          338, 
          184
        ]
      }, 
      "class": "019_pitcher_base", 
      "cuboid": [
        [
          -37.8761997857094, 
          34.900205749739776, 
          69.30285462604843
        ], 
        [
          -19.6548305563076, 
          35.02095750531302, 
          74.17468142133833
        ], 
        [
          -23.951933148006667, 
          17.791982012618178, 
          90.67352782021905
        ], 
        [
          -42.17330237740847, 
          17.671230257044922, 
          85.80170102492914
        ], 
        [
          -35.37444822240769, 
          25.5380528637724, 
          60.17797305160353
        ], 
        [
          -17.153078993005895, 
          25.658804619345656, 
          65.04979984689344
        ], 
        [
          -21.450181584704957, 
          8.429829126650803, 
          81.54864624577415
        ], 
        [
          -39.67155081410676, 
          8.309077371077553, 
          76.67681945048425
        ]
      ], 
      "cuboid_centroid": [
        -29.66319068520718, 
        21.66501743819529, 
        75.42575043591128
      ], 
      "location": [
        -29.66319068520718, 
        21.66501743819529, 
        75.42575043591128
      ], 
      "pose_transform_permuted": [
        [
          -0.18795182114495435, 
          0.7033606815989225, 
          0.6855349407219008, 
          0.0
        ], 
        [
          -0.9660461866570748, 
          -0.006401921366889342, 
          -0.25829067170481135, 
          0.0
        ], 
        [
          0.17728271062591133, 
          0.7108044109890885, 
          -0.6806819593845459, 
          0.0
        ], 
        [
          -29.66319068520718, 
          21.66501743819529, 
          75.42575043591128, 
          1.0
        ]
      ], 
      "projected_cuboid": [
        [
          187.6920418552357, 
          541.8608021076706
        ], 
        [
          339.1001894792661, 
          525.0889333688037
        ], 
        [
          339.54361520100616, 
          377.93463824694794
        ], 
        [
          217.2749838643557, 
          383.1260055238133
        ], 
        [
          165.48297551893685, 
          499.6142625232781
        ], 
        [
          339.79327110433485, 
          483.65371845651543
        ], 
        [
          340.14609029345775, 
          328.4167352685834
        ], 
        [
          203.36522912134728, 
          331.07967170604866
        ]
      ], 
      "projected_cuboid_centroid": [
        270.1070075199686, 
        426.4753097570847
      ], 
      "quaternion_xyzw": [
        -0.12167943173607253, 
        0.3773946335273345, 
        0.9168404357313306, 
        0.04659501877300944
      ], 
      "visibility": 0.23309460815048713
    }, 
    {
      "bounding_box": {
        "bottom_right": [
          411, 
          423
        ], 
        "top_left": [
          258, 
          244
        ]
      }, 
      "class": "035_power_drill", 
      "cuboid": [
        [
          -5.801860570417963, 
          11.581505543371431, 
          54.488011039558195
        ], 
        [
          -24.050503899324376, 
          12.615043714718235, 
          52.07795616598835
        ], 
        [
          -26.442444716367717, 
          -1.4279430646492077, 
          64.16721098053803
        ], 
        [
          -8.193801387461308, 
          -2.4614812359960117, 
          66.57726585410786
        ], 
        [
          -6.156344683288198, 
          15.340213974948597, 
          58.78402438962579
        ], 
        [
          -24.40498801219461, 
          16.373752146295402, 
          56.37396951605594
        ], 
        [
          -26.796928829237952, 
          2.330765366927958, 
          68.46322433060563
        ], 
        [
          -8.548285500331543, 
          1.297227195581154, 
          70.87327920417546
        ]
      ], 
      "cuboid_centroid": [
        -16.29939469982796, 
        6.9561354551496954, 
        61.47561768508191
      ], 
      "location": [
        -16.29939469982796, 
        6.9561354551496954, 
        61.47561768508191
      ], 
      "pose_transform_permuted": [
        [
          0.061981414279538065, 
          -0.6572087605484892, 
          -0.7511563241719686, 
          0.0
        ], 
        [
          0.9898320861171809, 
          -0.056060564382089374, 
          0.13072476677670253, 
          0.0
        ], 
        [
          0.12802355459514791, 
          0.751621056765766, 
          -0.6470517007516366, 
          0.0
        ], 
        [
          -16.29939469982796, 
          6.9561354551496954, 
          61.47561768508191, 
          1.0
        ]
      ], 
      "projected_cuboid": [
        [
          424.3361819564292, 
          386.6443866355351
        ], 
        [
          233.2483135055046, 
          402.47459279248795
        ], 
        [
          259.99174927154104, 
          261.4183269684645
        ], 
        [
          415.41334259215694, 
          253.56875399130183
        ], 
        [
          425.27801497010876, 
          412.46102642152215
        ], 
        [
          248.79238067463757, 
          428.18857423280843
        ], 
        [
          271.11291131313493, 
          291.4428960278686
        ], 
        [
          416.7353834646639, 
          283.04813889780513
        ]
      ], 
      "projected_cuboid_centroid": [
        339.0165093306219, 
        333.6331176681444
      ], 
      "quaternion_xyzw": [
        0.9344262232855672, 
        -0.049250576019253006, 
        0.051557355801365445, 
        0.3489468801277248
      ], 
      "visibility": 0.7828041384231181
    }, 
    {
      "bounding_box": {
        "bottom_right": [
          303, 
          278
        ], 
        "top_left": [
          245, 
          201
        ]
      }, 
      "class": "061_foam_brick", 
      "cuboid": [
        [
          -33.424106858654284, 
          -3.5227391395568386, 
          65.7447803478233
        ], 
        [
          -25.769504401528753, 
          -3.6606494134439593, 
          67.17013544017311
        ], 
        [
          -25.029126571067035, 
          -0.13246352922135773, 
          63.535444754012296
        ], 
        [
          -32.683729028192566, 
          0.005446744665762982, 
          62.110089661662485
        ], 
        [
          -34.021040138907104, 
          0.28450398869950233, 
          69.31886860392058
        ], 
        [
          -26.366437681781573, 
          0.1465937148123816, 
          70.7442236962704
        ], 
        [
          -25.626059851319855, 
          3.674779599034984, 
          67.10953301010957
        ], 
        [
          -33.280662308445386, 
          3.8126898729221046, 
          65.68417791775977
        ]
      ], 
      "cuboid_centroid": [
        -29.525083354987068, 
        0.0760202297390723, 
        66.42715667896644
      ], 
      "location": [
        -29.525083354987068, 
        0.0760202297390723, 
        66.42715667896644
      ], 
      "pose_transform_permuted": [
        [
          0.11357177996331036, 
          -0.7243613199887615, 
          -0.6800015653659223, 
          0.0
        ], 
        [
          -0.9829471562208267, 
          0.01770941238167001, 
          -0.1830335072889267, 
          0.0
        ], 
        [
          -0.14462482108322572, 
          -0.6891930461178748, 
          0.7099976100730268, 
          0.0
        ], 
        [
          -29.525083354987068, 
          0.0760202297390723, 
          66.42715667896644, 
          1.0
        ]
      ], 
      "projected_cuboid": [
        [
          208.20225506836996, 
          244.71018926463051
        ], 
        [
          275.28645005006405, 
          244.2215970442163
        ], 
        [
          269.75053651269945, 
          272.17463273762644
        ], 
        [
          198.61352269575536, 
          273.33330744531156
        ], 
        [
          217.6676137532519, 
          275.47543043914004
        ], 
        [
          281.171921679523, 
          274.39166423478014
        ], 
        [
          276.2495977564643, 
          302.4900182635575
        ], 
        [
          209.12440907077482, 
          304.2434934956471
        ]
      ], 
      "projected_cuboid_centroid": [
        242.57543629940469, 
        273.8968768739
      ], 
      "quaternion_xyzw": [
        0.04433216390844425, 
        0.9154427573180947, 
        -0.39171180245718584, 
        0.0810005008180904
      ], 
      "visibility": 0.9286427145708582
    }
  ]
}