{
  "camera_data": {
    "location_worldframe": [
      -13.5223844569259, 
      2.483106254295009, 
      83.8650386017529
    ], 
    "quaternion_xyzw_worldframe": [
      0.9147673424338351, 
      0.014990710825467633, 
      0.05289374330101159, 
      -0.40022376270015586
    ]
  }, 
  "objects": [
    {
      "bounding_box": {
        "bottom_right": [
          458, 
          348
        ], 
        "top_left": [
          289, 
          197
        ]
      }, 
      "class": "003_cracker_box", 
      "cuboid": [
        [
          -17.062929266931864, 
          18.146964375362746, 
          63.37451993766493
        ], 
        [
          -33.33659353094136, 
          19.169467701155757, 
          61.58553864704199
        ], 
        [
          -35.83410161186744, 
          2.6419942581534586, 
          74.85801475826398
        ], 
        [
          -19.56043734785794, 
          1.6194909323604498, 
          76.64699604888693
        ], 
        [
          -17.390973250741077, 
          22.66807327679423, 
          68.9426757347872
        ], 
        [
          -33.664637514750574, 
          23.69057660258724, 
          67.15369444416424
        ], 
        [
          -36.16214559567665, 
          7.163103159584944, 
          80.42617055538625
        ], 
        [
          -19.88848133166716, 
          6.140599833791933, 
          82.21515184600918
        ]
      ], 
      "cuboid_centroid": [
        -26.612537431304258, 
        12.655033767473844, 
        71.90034524652559
      ], 
      "location": [
        -26.612537431304258, 
        12.655033767473844, 
        71.90034524652559
      ], 
      "pose_transform_permuted": [
        [
          0.045688578224537285, 
          -0.6296809205464315, 
          -0.7755091824856875, 
          0.0
        ], 
        [
          0.9920787861657125, 
          -0.06233407804452304, 
          0.10906028036964699, 
          0.0
        ], 
        [
          0.11701382764351848, 
          0.7743490175716233, 
          -0.6218451279266207, 
          0.0
        ], 
        [
          -26.612537431304258, 
          12.655033767473844, 
          71.90034524652559, 
          1.0
        ]
      ], 
      "projected_cuboid": [
        [
          336.80970964879276, 
          425.9998285280062
        ], 
        [
          190.50242461206162, 
          439.2906478518644
        ], 
        [
          224.17252317302905, 
          292.1092022084934
        ], 
        [
          344.3588220637437, 
          284.55516263105676
        ], 
        [
          345.94466586360124, 
          448.639862499602
        ], 
        [
          212.01203913831108, 
          461.4317851395219
        ], 
        [
          239.80138773708245, 
          320.78629042396796
        ], 
        [
          351.50779250186264, 
          313.1198542284536
        ]
      ], 
      "projected_cuboid_centroid": [
        282.55400464061654, 
        367.1550348675758
      ], 
      "quaternion_xyzw": [
        0.941001725054612, 
        -0.04764813414067674, 
        0.04111279885942909, 
        0.33249834063811584
      ], 
      "visibility": 0.4560939385500789
    }, 
    {
      "bounding_box": {
        "bottom_right": [
          459, 
          389
        ], 
        "top_left": [
          336, 
          322
        ]
      }, 
      "class": "006_mustard_bottle", 
      "cuboid": [
        [
          -12.637887046192791, 
          24.663700016933447, 
          73.86193805515077
        ], 
        [
          -21.75584913683651, 
          23.319980427110252, 
          71.1668957943105
        ], 
        [
          -23.405184322733913, 
          9.087754684210527, 
          83.84302215184158
        ], 
        [
          -14.287222232090196, 
          10.431474274033722, 
          86.53806441268188
        ], 
        [
          -14.394272188401796, 
          28.469665634425734, 
          77.90658801971757
        ], 
        [
          -23.51223427904551, 
          27.12594604460254, 
          75.21154575887728
        ], 
        [
          -25.161569464942918, 
          12.893720301702812, 
          87.88767211640838
        ], 
        [
          -16.043607374299203, 
          14.237439891526007, 
          90.58271437724865
        ]
      ], 
      "cuboid_centroid": [
        -18.899728255567855, 
        18.77871015931813, 
        80.87480508577957
      ], 
      "location": [
        -18.899728255567855, 
        18.77871015931813, 
        80.87480508577957
      ], 
      "pose_transform_permuted": [
        [
          0.30153051501128714, 
          -0.6533958556005246, 
          -0.6943724115784409, 
          0.0
        ], 
        [
          0.9495503473942122, 
          0.1399358091898958, 
          0.2806634080710798, 
          0.0
        ], 
        [
          0.08621675601916176, 
          0.743970264490281, 
          -0.6626272832715191, 
          0.0
        ], 
        [
          -18.899728255567855, 
          18.77871015931813, 
          80.87480508577957, 
          1.0
        ]
      ], 
      "projected_cuboid": [
        [
          389.58484882362865, 
          451.37060345325693
        ], 
        [
          317.20163338093954, 
          448.04478902123947
        ], 
        [
          331.47764787602847, 
          331.0931081139782
        ], 
        [
          392.8135484291965, 
          337.5739651320812
        ], 
        [
          382.2380566973613, 
          468.1793011625284
        ], 
        [
          313.4841358232043, 
          465.63464214100003
        ], 
        [
          327.63933686982705, 
          351.52815448165956
        ], 
        [
          386.3506987429443, 
          357.11164258969393
        ]
      ], 
      "projected_cuboid_centroid": [
        355.926363724936, 
        397.12057831126185
      ], 
      "quaternion_xyzw": [
        0.9203114993662381, 
        0.014592627932968083, 
        0.15815132253679542, 
        0.3574939408500023
      ], 
      "visibility": 0.31819635433322674
    }, 
    {
      "bounding_box": {
        "bottom_right": [
          348, 
          332
        ], 
        "top_left": [
          278, 
          236
        ]
      }, 
      "class": "008_pudding_box", 
      "cuboid": [
        [
          -19.55475665184889, 
          7.450646162064734, 
          68.38586898293055
        ], 
        [
          -30.781364371320123, 
          7.828861557557813, 
          66.65595487801114
        ], 
        [
          -31.878785046678786, 
          0.8984226388045955, 
          72.26270036505944
        ], 
        [
          -20.65217732720755, 
          0.520207243311515, 
          73.99261446997885
        ], 
        [
          -19.926666853325, 
          9.894383271400644, 
          71.33374925385151
        ], 
        [
          -31.153274572796235, 
          10.272598666893723, 
          69.60383514893212
        ], 
        [
          -32.25069524815489, 
          3.342159748140505, 
          75.21058063598042
        ], 
        [
          -21.02408752868366, 
          2.963944352647425, 
          76.94049474089981
        ]
      ], 
      "cuboid_centroid": [
        -25.902725950001894, 
        5.396402955102619, 
        71.79822480945548
      ], 
      "location": [
        -25.902725950001894, 
        5.396402955102619, 
        71.79822480945548
      ], 
      "pose_transform_permuted": [
        [
          0.09667287036867812, 
          -0.6352153822302053, 
          -0.766260366513324, 
          0.0
        ], 
        [
          0.9877881472696732, 
          -0.03327778917001052, 
          0.1522088142146721, 
          0.0
        ], 
        [
          0.12218407230890228, 
          0.7716177296410303, 
          -0.6242410147623946, 
          0.0
        ], 
        [
          -25.902725950001894, 
          5.396402955102619, 
          71.79822480945548, 
          1.0
        ]
      ], 
      "projected_cuboid": [
        [
          327.8248839846518, 
          331.3917513040865
        ], 
        [
          233.26051449068981, 
          335.9258804111197
        ], 
        [
          244.36176729711073, 
          279.91715633389396
        ], 
        [
          331.50103673692, 
          277.0360569321148
        ], 
        [
          331.37582682967815, 
          347.2608967840329
        ], 
        [
          240.90472697620473, 
          351.99740251051827
        ], 
        [
          251.00101057022755, 
          296.98585300729167
        ], 
        [
          334.6523708837444, 
          293.8313703485726
        ]
      ], 
      "projected_cuboid_centroid": [
        287.58734230769534, 
        313.37119720910806
      ], 
      "quaternion_xyzw": [
        0.9388378778340842, 
        -0.04139741939193114, 
        0.06627387178857885, 
        0.33537643365492137
      ], 
      "visibility": 0.8436834343765361
    }, 
    {
      "bounding_box": {
        "bottom_right": [
          500, 
          324
        ], 
        "top_left": [
          322, 
          178
        ]
      }, 
      "class": "019_pitcher_base", 
      "cuboid": [
        [
          -41.13272650341294, 
          32.91777700413161, 
          73.82161840960119
        ], 
        [
          -22.71915467514638, 
          33.633864218447336, 
          77.84594015751486
        ], 
        [
          -25.417850527700132, 
          15.290138873597126, 
          93.45809570610693
        ], 
        [
          -43.831422355966694, 
          14.574051659281398, 
          89.43377395819327
        ], 
        [
          -38.657996760801524, 
          24.23195749298019, 
          64.0438690053114
        ], 
        [
          -20.24442493253496, 
          24.948044707295917, 
          68.06819075322505
        ], 
        [
          -22.94312078508871, 
          6.604319362445707, 
          83.68034630181714
        ], 
        [
          -41.35669261335527, 
          5.88823214812998, 
          79.65602455390346
        ]
      ], 
      "cuboid_centroid": [
        -32.037923644250824, 
        19.761048183288658, 
        78.75098235570917
      ], 
      "location": [
        -32.037923644250824, 
        19.761048183288658, 
        78.75098235570917
      ], 
      "pose_transform_permuted": [
        [
          -0.18592172331913778, 
          0.6525490457184971, 
          0.7345836549852619, 
          0.0
        ], 
        [
          -0.9762362324961809, 
          -0.03796494730963238, 
          -0.2133583173420368, 
          0.0
        ], 
        [
          0.11133830428434405, 
          0.7567949060360768, 
          -0.6441003432672057, 
          0.0
        ], 
        [
          -32.037923644250824, 
          19.761048183288658, 
          78.75098235570917, 
          1.0
        ]
      ], 
      "projected_cuboid": [
        [
          181.95990663379354, 
          511.09892260508224
        ], 
        [
          324.6519043966086, 
          503.7108659441006
        ], 
        [
          335.341088591191, 
          360.53987252763545
        ], 
        [
          218.0393464391436, 
          360.19584318056604
        ], 
        [
          156.99332509747745, 
          475.075993713807
        ], 
        [
          321.65858432969736, 
          468.75641395429926
        ], 
        [
          334.1552221208118, 
          315.37781753714836
        ], 
        [
          202.39482032404612, 
          312.70991533979895
        ]
      ], 
      "projected_cuboid_centroid": [
        262.8208452817843, 
        407.11285563336213
      ], 
      "quaternion_xyzw": [
        -0.10720923124935136, 
        0.34815861059046355, 
        0.9310766339992534, 
        0.019701213169626836
      ], 
      "visibility": 0.21300266543052498
    }, 
    {
      "bounding_box": {
        "bottom_right": [
          404, 
          399
        ], 
        "top_left": [
          255, 
          227
        ]
      }, 
      "class": "035_power_drill", 
      "cuboid": [
        [
          -8.796270888775199, 
          12.070320750668243, 
          56.16549189788279
        ], 
        [
          -27.16903138448254, 
          12.361183020090326, 
          54.66661902185509
        ], 
        [
          -28.32706890721835, 
          -2.4581242198154554, 
          65.98580726810542
        ], 
        [
          -9.95430841151101, 
          -2.7489864892375384, 
          67.48468014413311
        ], 
        [
          -9.11041235208211, 
          15.552133160178608, 
          60.691812285334024
        ], 
        [
          -27.48317284778945, 
          15.842995429600693, 
          59.192939409306334
        ], 
        [
          -28.64121037052526, 
          1.0236881896949102, 
          70.51212765555664
        ], 
        [
          -10.26844987481792, 
          0.7328259202728269, 
          72.01100053158434
        ]
      ], 
      "cuboid_centroid": [
        -18.71874062965023, 
        6.547004470181577, 
        63.33880977671972
      ], 
      "location": [
        -18.71874062965023, 
        6.547004470181577, 
        63.33880977671972
      ], 
      "pose_transform_permuted": [
        [
          0.05492751712326731, 
          -0.6087935948669706, 
          -0.791425423342554, 
          0.0
        ], 
        [
          0.996564375850901, 
          -0.01577677867476259, 
          0.0813009733908731, 
          0.0
        ], 
        [
          0.06198150011021415, 
          0.7931719614348505, 
          -0.6058355223888152, 
          0.0
        ], 
        [
          -18.71874062965023, 
          6.547004470181577, 
          63.33880977671972, 
          1.0
        ]
      ], 
      "projected_cuboid": [
        [
          397.3759964297416, 
          387.9003019486849
        ], 
        [
          214.331089616992, 
          393.8804414226051
        ], 
        [
          250.74017699679595, 
          253.4191477263109
        ], 
        [
          402.27434171661963, 
          251.56178022231106
        ], 
        [
          400.87362773866136, 
          409.94841809492266
        ], 
        [
          231.91422515234763, 
          416.02957123868526
        ], 
        [
          263.1635474296578, 
          281.0292196558875
        ], 
        [
          404.914300907634, 
          278.7139089588111
        ]
      ], 
      "projected_cuboid_centroid": [
        322.6697825758687, 
        328.4130190025583
      ], 
      "quaternion_xyzw": [
        0.946197886362613, 
        -0.020544930374949415, 
        0.03599365747841391, 
        0.32092365000018125
      ], 
      "visibility": 0.7870510111681256
    }, 
    {
      "bounding_box": {
        "bottom_right": [
          290, 
          271
        ], 
        "top_left": [
          236, 
          194
        ]
      }, 
      "class": "061_foam_brick", 
      "cuboid": [
        [
          -35.120947465167106, 
          -4.974900474405416, 
          67.75482250123784
        ], 
        [
          -27.407427188457124, 
          -4.826165228165566, 
          68.81457621171648
        ], 
        [
          -27.006583647915573, 
          -1.0615808140318936, 
          65.36864237683241
        ], 
        [
          -34.720103924625555, 
          -1.2103160602717435, 
          64.30888866635375
        ], 
        [
          -35.714506602263995, 
          -1.4145092521541605, 
          71.57540339115315
        ], 
        [
          -28.00098632555401, 
          -1.2657740059143106, 
          72.63515710163179
        ], 
        [
          -27.60014278501246, 
          2.4988104082193616, 
          69.18922326674772
        ], 
        [
          -35.313663061722444, 
          2.350075161979512, 
          68.12946955626907
        ]
      ], 
      "cuboid_centroid": [
        -31.360545125089782, 
        -1.238045033093027, 
        68.47202288399278
      ], 
      "location": [
        -31.360545125089782, 
        -1.238045033093027, 
        68.47202288399278
      ], 
      "pose_transform_permuted": [
        [
          0.11292981970284699, 
          -0.6773955848224136, 
          -0.7268989458549124, 
          0.0
        ], 
        [
          -0.9905129447167871, 
          -0.019099474876735245, 
          -0.13608569508920443, 
          0.0
        ], 
        [
          -0.07830046085663506, 
          -0.7353709483808382, 
          0.6731259957148477, 
          0.0
        ], 
        [
          -31.360545125089782, 
          -1.238045033093027, 
          68.47202288399278, 
          1.0
        ]
      ], 
      "projected_cuboid": [
        [
          202.84522352339914, 
          234.12752686780783
        ], 
        [
          267.41674605627327, 
          235.88329335661265
        ], 
        [
          259.4237394695066, 
          264.6254763981427
        ], 
        [
          191.26049241076507, 
          263.2492745462302
        ], 
        [
          213.26499334018433, 
          262.74680716597715
        ], 
        [
          274.28805359897177, 
          263.99266305694744
        ], 
        [
          267.07863724215497, 
          292.5476954625274
        ], 
        [
          202.85693716996843, 
          291.6829986315894
        ]
      ], 
      "projected_cuboid_centroid": [
        235.2983322222758, 
        263.6435680035374
      ], 
      "quaternion_xyzw": [
        0.015929946306305322, 
        0.929083263081482, 
        -0.36340165467463015, 
        0.06700570462493961
      ], 
      "visibility": 0.9332812092780818
    }
  ]
}