{
  "camera_data": {
    "location_worldframe": [
      -22.52388427836321, 
      -2.8766563231234126, 
      95.1599716221248
    ], 
    "quaternion_xyzw_worldframe": [
      0.9551065978526824, 
      0.037315577987720915, 
      -0.06865135108767247, 
      -0.2857763009768282
    ]
  }, 
  "objects": [
    {
      "bounding_box": {
        "bottom_right": [
          355, 
          309
        ], 
        "top_left": [
          236, 
          138
        ]
      }, 
      "class": "003_cracker_box", 
      "cuboid": [
        [
          -32.11398325913484, 
          6.577867067864654, 
          72.8800203002597
        ], 
        [
          -48.40370012312308, 
          5.514754930007502, 
          74.49030995140764
        ], 
        [
          -45.89756016851164, 
          -7.212464616782423, 
          91.4399616375664
        ], 
        [
          -29.607843304523396, 
          -6.149352478925271, 
          89.82967198641846
        ], 
        [
          -32.063224212995124, 
          12.322888356098725, 
          77.18635882061723
        ], 
        [
          -48.35294107698337, 
          11.259776218241575, 
          78.79664847176517
        ], 
        [
          -45.84680112237193, 
          -1.467443328548352, 
          95.74630015792391
        ], 
        [
          -29.557084258383682, 
          -0.4043311906912001, 
          94.13601050677597
        ]
      ], 
      "cuboid_centroid": [
        -38.980392190753385, 
        2.555211869658151, 
        84.3131602290918
      ], 
      "location": [
        -38.980392190753385, 
        2.555211869658151, 
        84.3131602290918
      ], 
      "pose_transform_permuted": [
        [
          -0.007069505202406207, 
          -0.8001422598311411, 
          -0.599768610489502, 
          0.0
        ], 
        [
          0.9930573883811301, 
          0.06480968159186448, 
          -0.09816684039741005, 
          0.0
        ], 
        [
          -0.11741825019068616, 
          0.5962986409545774, 
          -0.7941290105001086, 
          0.0
        ], 
        [
          -38.980392190753385, 
          2.555211869658151, 
          84.3131602290918, 
          1.0
        ]
      ], 
      "projected_cuboid": [
        [
          244.6357648253534, 
          321.42188849774516
        ], 
        [
          132.1587559379774, 
          312.76988558035396
        ], 
        [
          211.67070514649882, 
          231.2201530642444
        ], 
        [
          304.35014809533055, 
          236.7777761401506
        ], 
        [
          258.20982113632294, 
          358.4316048294866
        ], 
        [
          151.60242628196482, 
          349.4961138425803
        ], 
        [
          224.0961532883949, 
          265.1126841299774
        ], 
        [
          312.7484393328582, 
          270.99583391482304
        ]
      ], 
      "projected_cuboid_centroid": [
        232.97333984922125, 
        289.4494302931131
      ], 
      "quaternion_xyzw": [
        0.892906019666293, 
        0.051021027904665416, 
        -0.029464563818022635, 
        0.44637152041126316
      ], 
      "visibility": 0.5459623815584783
    }, 
    {
      "bounding_box": {
        "bottom_right": [
          385, 
          343
        ], 
        "top_left": [
          295, 
          262
        ]
      }, 
      "class": "006_mustard_bottle", 
      "cuboid": [
        [
          -26.82455140258888, 
          15.968477014977847, 
          80.35495337588313
        ], 
        [
          -35.98332465211675, 
          13.095252236180292, 
          80.09510775932964
        ], 
        [
          -33.10544160182036, 
          2.504578041719964, 
          95.76406256939914
        ], 
        [
          -23.946668352292487, 
          5.377802820517521, 
          96.02390818595262
        ], 
        [
          -28.339396537864875, 
          20.495365696424766, 
          83.69291375118635
        ], 
        [
          -37.49816978739274, 
          17.62214091762721, 
          83.43306813463288
        ], 
        [
          -34.62028673709635, 
          7.031466723166882, 
          99.10202294470238
        ], 
        [
          -25.46151348756848, 
          9.904691501964438, 
          99.36186856125586
        ]
      ], 
      "cuboid_centroid": [
        -30.722419069842616, 
        11.499971869072365, 
        89.72848816029276
      ], 
      "location": [
        -30.722419069842616, 
        11.499971869072365, 
        89.72848816029276
      ], 
      "pose_transform_permuted": [
        [
          0.260063708593909, 
          -0.7771615932703139, 
          -0.5730502307635024, 
          0.0
        ], 
        [
          0.9538004473300055, 
          0.2992194483511246, 
          0.027060487092877804, 
          0.0
        ], 
        [
          -0.15043742649804787, 
          0.5536131047888873, 
          -0.8190733245043779, 
          0.0
        ], 
        [
          -30.722419069842616, 
          11.499971869072365, 
          89.72848816029276, 
          1.0
        ]
      ], 
      "projected_cuboid": [
        [
          302.0776003868339, 
          379.2700666591084
        ], 
        [
          240.0025724933777, 
          360.4823063560296
        ], 
        [
          295.69314219970295, 
          287.2347820449293
        ], 
        [
          347.48821194558684, 
          303.15501149806084
        ], 
        [
          299.50390180805766, 
          403.88994752042385
        ], 
        [
          239.90433386984242, 
          385.93051786728273
        ], 
        [
          293.7346628572888, 
          311.1265213687936
        ], 
        [
          343.7948519022395, 
          326.44944664805234
        ]
      ], 
      "projected_cuboid_centroid": [
        297.47035689354016, 
        341.63896795592865
      ], 
      "quaternion_xyzw": [
        0.8775625024581433, 
        0.12809824758625085, 
        0.08179593900221414, 
        0.4547353930071854
      ], 
      "visibility": 0.8512610476395776
    }, 
    {
      "bounding_box": {
        "bottom_right": [
          273, 
          292
        ], 
        "top_left": [
          219, 
          198
        ]
      }, 
      "class": "008_pudding_box", 
      "cuboid": [
        [
          -32.01068426573054, 
          -2.663199262658079, 
          80.64698739899376
        ], 
        [
          -43.292429372651654, 
          -3.838523170012819, 
          81.36337530923522
        ], 
        [
          -42.282525677324394, 
          -9.169710959412466, 
          88.52084986260465
        ], 
        [
          -31.00078057040328, 
          -7.994387052057726, 
          87.80446195236318
        ], 
        [
          -32.18378327691029, 
          0.40723696623708106, 
          82.95839918528567
        ], 
        [
          -43.465528383831405, 
          -0.7680869411176585, 
          83.67478709552714
        ], 
        [
          -42.455624688504145, 
          -6.099274730517306, 
          90.83226164889656
        ], 
        [
          -31.17387958158303, 
          -4.923950823162566, 
          90.1158737386551
        ]
      ], 
      "cuboid_centroid": [
        -37.23315447711734, 
        -4.381236996587693, 
        85.73962452394515
      ], 
      "location": [
        -37.23315447711734, 
        -4.381236996587693, 
        85.73962452394515
      ], 
      "pose_transform_permuted": [
        [
          0.04499467398933809, 
          -0.7981170786742813, 
          -0.6008192598588564, 
          0.0
        ], 
        [
          0.9926394843035614, 
          0.10341245137425825, 
          -0.06303235173671275, 
          0.0
        ], 
        [
          -0.1124401507148256, 
          0.5935611101362365, 
          -0.7968953091686606, 
          0.0
        ], 
        [
          -37.23315447711734, 
          -4.381236996587693, 
          85.73962452394515, 
          1.0
        ]
      ], 
      "projected_cuboid": [
        [
          268.14589455165157, 
          255.67476640172924
        ], 
        [
          195.45959418965657, 
          248.1258367538443
        ], 
        [
          224.7307949109783, 
          218.0409496904934
        ], 
        [
          291.7308146466491, 
          224.72906065613319
        ], 
        [
          272.9710496277516, 
          275.9045664296502
        ], 
        [
          202.2513068670237, 
          268.39096762511747
        ], 
        [
          230.24246339592332, 
          237.47478345858283
        ], 
        [
          295.5677932421234, 
          244.14584065900738
        ]
      ], 
      "projected_cuboid_centroid": [
        248.06851262209497, 
        246.03426691344632
      ], 
      "quaternion_xyzw": [
        0.892611317189438, 
        0.060455373445392264, 
        -0.0050519406935624084, 
        0.44672646344692096
      ], 
      "visibility": 0.2928870292887029
    }, 
    {
      "bounding_box": {
        "bottom_right": [
          415, 
          284
        ], 
        "top_left": [
          273, 
          132
        ]
      }, 
      "class": "019_pitcher_base", 
      "cuboid": [
        [
          -55.728961044381975, 
          21.115991208619008, 
          84.61251629075305
        ], 
        [
          -37.201523170510654, 
          24.633545985202296, 
          84.25414758739906
        ], 
        [
          -34.184219931665574, 
          10.741097050555295, 
          103.88601870220637
        ], 
        [
          -52.711657805536895, 
          7.2235422739720025, 
          104.24438740556035
        ], 
        [
          -53.8633926667149, 
          10.494844236189087, 
          76.80975889925065
        ], 
        [
          -35.33595479284358, 
          14.012399012772377, 
          76.45139019589668
        ], 
        [
          -32.31865155399849, 
          0.11995007812537622, 
          96.08326131070399
        ], 
        [
          -50.84608942786982, 
          -3.397604698457915, 
          96.44163001405796
        ]
      ], 
      "cuboid_centroid": [
        -44.02380629919024, 
        10.61797064337219, 
        90.34788880072851
      ], 
      "location": [
        -44.02380629919024, 
        10.61797064337219, 
        90.34788880072851
      ], 
      "pose_transform_permuted": [
        [
          -0.14015659236371525, 
          0.7979465049206712, 
          0.5862062737155432, 
          0.0
        ], 
        [
          -0.9822730927211912, 
          -0.18649094563061142, 
          0.01899970934861078, 
          0.0
        ], 
        [
          -0.12448287783403683, 
          0.573151548469885, 
          -0.809939081420775, 
          0.0
        ], 
        [
          -44.02380629919024, 
          10.61797064337219, 
          90.34788880072851, 
          1.0
        ]
      ], 
      "projected_cuboid": [
        [
          127.40561711577898, 
          406.382350791543
        ], 
        [
          244.15308393871936, 
          429.21420270829503
        ], 
        [
          304.6430989106163, 
          328.42810056478703
        ], 
        [
          209.6742002189685, 
          310.24254732116117
        ], 
        [
          104.48620623709563, 
          346.15626226779887
        ], 
        [
          233.04168018483136, 
          371.0360593645092
        ], 
        [
          300.7142839700213, 
          273.9523326765207
        ], 
        [
          198.076380598493, 
          254.4978766813539
        ]
      ], 
      "projected_cuboid_centroid": [
        219.56085253856634, 
        335.96394807716575
      ], 
      "quaternion_xyzw": [
        -0.03417751756352057, 
        0.4535733876585894, 
        0.8862323220954283, 
        -0.08772356178833969
      ], 
      "visibility": 0.20477012396045818
    }, 
    {
      "bounding_box": {
        "bottom_right": [
          292, 
          323
        ], 
        "top_left": [
          191, 
          162
        ]
      }, 
      "class": "035_power_drill", 
      "cuboid": [
        [
          -24.53099550107106, 
          -0.31004797258688543, 
          65.64891964256394
        ], 
        [
          -42.69645489264729, 
          -2.206906741684926, 
          68.16040543666674
        ], 
        [
          -39.50782709401927, 
          -13.662601859384516, 
          82.57139577949086
        ], 
        [
          -21.34236770244304, 
          -11.765743090286476, 
          80.05990998538806
        ], 
        [
          -24.507165387321322, 
          4.169482956845242, 
          69.20455088634968
        ], 
        [
          -42.67262477889756, 
          2.2726241877472004, 
          71.71603668045248
        ], 
        [
          -39.48399698026953, 
          -9.18307092995239, 
          86.1270270232766
        ], 
        [
          -21.318537588693303, 
          -7.286212160854348, 
          83.6155412291738
        ]
      ], 
      "cuboid_centroid": [
        -32.0074962406703, 
        -4.746559451269637, 
        75.88797333292027
      ], 
      "location": [
        -32.0074962406703, 
        -4.746559451269637, 
        75.88797333292027
      ], 
      "pose_transform_permuted": [
        [
          -0.004166686457939041, 
          -0.7832443041439645, 
          -0.6217007903737257, 
          0.0
        ], 
        [
          0.985320072334296, 
          0.10288828811245657, 
          -0.13622652259812737, 
          0.0
        ], 
        [
          -0.1706645340689729, 
          0.6131417629049165, 
          -0.7713176662979535, 
          0.0
        ], 
        [
          -32.0074962406703, 
          -4.746559451269637, 
          75.88797333292027, 
          1.0
        ]
      ], 
      "projected_cuboid": [
        [
          280.65108592592884, 
          270.76776605946924
        ], 
        [
          144.73555861895716, 
          256.0186450451671
        ], 
        [
          224.29382706003483, 
          185.04129203525864
        ], 
        [
          338.23995806380753, 
          194.90896796223828
        ], 
        [
          291.16057965897886, 
          305.4183397792056
        ], 
        [
          161.6156086786236, 
          290.1870115800323
        ], 
        [
          235.06501534249594, 
          216.4227203174438
        ], 
        [
          344.4892747947563, 
          226.81336355237866
        ]
      ], 
      "projected_cuboid_centroid": [
        254.7827397269855, 
        239.92903748603013
      ], 
      "quaternion_xyzw": [
        0.8972405788879783, 
        0.07622058916474364, 
        -0.03911805048710205, 
        0.4331508201425225
      ], 
      "visibility": 0.5954003407155025
    }, 
    {
      "bounding_box": {
        "bottom_right": [
          221, 
          247
        ], 
        "top_left": [
          174, 
          181
        ]
      }, 
      "class": "061_foam_brick", 
      "cuboid": [
        [
          -45.40171749816789, 
          -16.29084749507684, 
          86.30974542408968
        ], 
        [
          -37.73500381060163, 
          -15.123518513568804, 
          85.60091579619665
        ], 
        [
          -38.54800453476573, 
          -12.34948857125143, 
          81.37586916317989
        ], 
        [
          -46.21471822233198, 
          -13.516817552759463, 
          82.08469879107292
        ], 
        [
          -45.79272062882699, 
          -11.944228923029257, 
          89.23883401647586
        ], 
        [
          -38.12600694126074, 
          -10.776899941521222, 
          88.53000438858282
        ], 
        [
          -38.93900766542483, 
          -8.002869999203845, 
          84.30495775556606
        ], 
        [
          -46.60572135299109, 
          -9.170198980711882, 
          85.0137873834591
        ]
      ], 
      "cuboid_centroid": [
        -42.17036258179636, 
        -12.146858747140342, 
        85.30735158982787
      ], 
      "location": [
        -42.17036258179636, 
        -12.146858747140342, 
        85.30735158982787
      ], 
      "pose_transform_permuted": [
        [
          0.07439176703529216, 
          -0.8269822179121057, 
          -0.5572847353503783, 
          0.0
        ], 
        [
          -0.9845023904196929, 
          -0.14989971186281037, 
          0.09102263257759993, 
          0.0
        ], 
        [
          0.15881091982378648, 
          -0.5418768196192016, 
          0.8253172748126032, 
          0.0
        ], 
        [
          -42.17036258179636, 
          -12.146858747140342, 
          85.30735158982787, 
          1.0
        ]
      ], 
      "projected_cuboid": [
        [
          198.7158035101844, 
          172.6231893307263
        ], 
        [
          244.5373709271438, 
          179.06244569554437
        ], 
        [
          226.85656664978362, 
          192.35070079867623
        ], 
        [
          178.82916082585552, 
          185.4652557058392
        ], 
        [
          205.64459051583344, 
          201.90403662160568
        ], 
        [
          250.0055898261456, 
          208.36468663415963
        ], 
        [
          233.21313332754832, 
          222.6597728922082
        ], 
        [
          186.78747714822413, 
          215.75884925572066
        ]
      ], 
      "projected_cuboid_centroid": [
        215.76179004435951, 
        197.34750666545048
      ], 
      "quaternion_xyzw": [
        -0.0878998369046889, 
        0.8780182152707984, 
        -0.47046276033553197, 
        -0.004735341833762095
      ], 
      "visibility": 0.7930894308943089
    }
  ]
}