{
  "camera_data": {
    "location_worldframe": [
      -15.190779967651432, 
      1.0423753107920568, 
      86.43565986217851
    ], 
    "quaternion_xyzw_worldframe": [
      0.9021358415704916, 
      0.024585305478859846, 
      0.028424195298301702, 
      -0.4298150258311133
    ]
  }, 
  "objects": [
    {
      "bounding_box": {
        "bottom_right": [
          436, 
          341
        ], 
        "top_left": [
          280, 
          190
        ]
      }, 
      "class": "003_cracker_box", 
      "cuboid": [
        [
          -20.120383855073555, 
          17.77911914274124, 
          67.11382849220658
        ], 
        [
          -36.4777988075095, 
          18.229644024231767, 
          65.96922415352034
        ], 
        [
          -37.81656454462002, 
          0.8248799231439021, 
          78.25073220558862
        ], 
        [
          -21.45914959218408, 
          0.374355041653375, 
          79.39533654427485
        ], 
        [
          -20.415456769213506, 
          21.930398834217453, 
          72.96465804308404
        ], 
        [
          -36.772871721649445, 
          22.38092371570798, 
          71.82005370439781
        ], 
        [
          -38.11163745875997, 
          4.976159614620114, 
          84.10156175646607
        ], 
        [
          -21.754222506324027, 
          4.5256347331295865, 
          85.2461660951523
        ]
      ], 
      "cuboid_centroid": [
        -29.116010656916764, 
        11.377639378680676, 
        75.60769512433633
      ], 
      "location": [
        -29.116010656916764, 
        11.377639378680676, 
        75.60769512433633
      ], 
      "pose_transform_permuted": [
        [
          0.041096507130171406, 
          -0.5781726728030818, 
          -0.81487878701402, 
          0.0
        ], 
        [
          0.99718441449666, 
          -0.027464999296750475, 
          0.06977762749322447, 
          0.0
        ], 
        [
          0.06272416270189246, 
          0.8154520428801255, 
          -0.5754160626676811, 
          0.0
        ], 
        [
          -29.116010656916764, 
          11.377639378680676, 
          75.60769512433633, 
          1.0
        ]
      ], 
      "projected_cuboid": [
        [
          320.37815632111534, 
          414.56818773053214
        ], 
        [
          184.2395072953064, 
          420.6617159846896
        ], 
        [
          221.70956240376773, 
          278.90852520606006
        ], 
        [
          336.2490045177221, 
          275.8011803201734
        ], 
        [
          331.1310989687127, 
          433.5821040640672
        ], 
        [
          206.254372676544, 
          439.4822492262972
        ], 
        [
          237.90281589194416, 
          304.84223464194645
        ], 
        [
          344.36347097760404, 
          301.5999477219207
        ]
      ], 
      "projected_cuboid_centroid": [
        274.50779269554266, 
        353.54183317236703
      ], 
      "quaternion_xyzw": [
        0.952301848731641, 
        -0.023676621577172395, 
        0.029106877921918288, 
        0.3028421967801526
      ], 
      "visibility": 0.4075278102301011
    }, 
    {
      "bounding_box": {
        "bottom_right": [
          442, 
          381
        ], 
        "top_left": [
          323, 
          313
        ]
      }, 
      "class": "006_mustard_bottle", 
      "cuboid": [
        [
          -15.561960476227274, 
          23.81548612026072, 
          77.82917023771077
        ], 
        [
          -24.715315569921703, 
          22.261033036059214, 
          75.37848993461934
        ], 
        [
          -25.320308713918845, 
          7.217348879840335, 
          87.18028157352047
        ], 
        [
          -16.166953620224415, 
          8.77180196404184, 
          89.6309618766119
        ], 
        [
          -17.312732461964504, 
          27.28796663304992, 
          82.16577408489731
        ], 
        [
          -26.466087555658934, 
          25.733513548848418, 
          79.71509378180588
        ], 
        [
          -27.07108069965607, 
          10.689829392629537, 
          91.51688542070701
        ], 
        [
          -17.917725605961643, 
          12.244282476831042, 
          93.96756572379844
        ]
      ], 
      "cuboid_centroid": [
        -21.316520587941675, 
        17.252657756445128, 
        84.67302782920889
      ], 
      "location": [
        -21.316520587941675, 
        17.252657756445128, 
        84.67302782920889
      ], 
      "pose_transform_permuted": [
        [
          0.3005668664805077, 
          -0.5961442124653268, 
          -0.744494108961486, 
          0.0
        ], 
        [
          0.9532361971496761, 
          0.16188172877206353, 
          0.25521539901339296, 
          0.0
        ], 
        [
          0.031625194645251244, 
          0.7863881505810137, 
          -0.6169226237458169, 
          0.0
        ], 
        [
          -21.316520587941675, 
          17.252657756445128, 
          84.67302782920889, 
          1.0
        ]
      ], 
      "projected_cuboid": [
        [
          374.0710301483047, 
          436.48068603521295
        ], 
        [
          305.2734598831438, 
          430.7882983649049
        ], 
        [
          325.41093732115877, 
          317.43819047353156
        ], 
        [
          384.5992711036292, 
          325.4802628860359
        ], 
        [
          368.2875473241001, 
          450.406599861328
        ], 
        [
          303.05485200252605, 
          445.4520096418758
        ], 
        [
          322.5242044938302, 
          335.58209502142483
        ], 
        [
          379.05628242049755, 
          342.7798315074956
        ]
      ], 
      "projected_cuboid_centroid": [
        346.2144324916281, 
        381.95373081905444
      ], 
      "quaternion_xyzw": [
        0.9332896732381882, 
        0.03489177526064008, 
        0.14887721396443052, 
        0.3249438172829629
      ], 
      "visibility": 0.3582786035257518
    }, 
    {
      "bounding_box": {
        "bottom_right": [
          335, 
          324
        ], 
        "top_left": [
          270, 
          229
        ]
      }, 
      "class": "008_pudding_box", 
      "cuboid": [
        [
          -21.99652511461582, 
          6.699300045150175, 
          71.52416619604776
        ], 
        [
          -33.28677484255081, 
          6.714383806299705, 
          70.21940409371204
        ], 
        [
          -33.896641298384345, 
          -0.5885637094531361, 
          75.41227720885927
        ], 
        [
          -22.606391570449354, 
          -0.6036474706026653, 
          76.71703931119498
        ], 
        [
          -22.352673781172335, 
          8.938826859311439, 
          74.63187340959848
        ], 
        [
          -33.642923509107334, 
          8.953910620460968, 
          73.32711130726277
        ], 
        [
          -34.25278996494087, 
          1.6509631047081272, 
          78.51998442240999
        ], 
        [
          -22.962540237005868, 
          1.635879343558598, 
          79.8247465247457
        ]
      ], 
      "cuboid_centroid": [
        -28.12465753977834, 
        4.175131574929152, 
        75.02207530922888
      ], 
      "location": [
        -28.12465753977834, 
        4.175131574929152, 
        75.02207530922888
      ], 
      "pose_transform_permuted": [
        [
          0.09257587917014282, 
          -0.5821337638314255, 
          -0.8078051513698414, 
          0.0
        ], 
        [
          0.9933877747973998, 
          -0.0013271649684445993, 
          0.11480124467683621, 
          0.0
        ], 
        [
          0.06790100534053185, 
          0.8130919048351641, 
          -0.5781615003605989, 
          0.0
        ], 
        [
          -28.12465753977834, 
          4.175131574929152, 
          75.02207530922888, 
          1.0
        ]
      ], 
      "projected_cuboid": [
        [
          316.2132505558894, 
          323.2398348548961
        ], 
        [
          226.67565512659334, 
          324.28258984265443
        ], 
        [
          239.88053844751775, 
          269.1241845316666
        ], 
        [
          323.132873030567, 
          269.09011668709644
        ], 
        [
          320.5336639840216, 
          337.16342056326647
        ], 
        [
          234.8676753567098, 
          338.40973450074176
        ], 
        [
          247.0081540757098, 
          284.50012852543165
        ], 
        [
          326.90283661288294, 
          284.21606206522927
        ]
      ], 
      "projected_cuboid_centroid": [
        279.9973562662614, 
        302.96686103365545
      ], 
      "quaternion_xyzw": [
        0.9505636263557539, 
        -0.01820713742602944, 
        0.054540568904897, 
        0.30515981045906787
      ], 
      "visibility": 0.8222379603399433
    }, 
    {
      "bounding_box": {
        "bottom_right": [
          474, 
          312
        ], 
        "top_left": [
          307, 
          177
        ]
      }, 
      "class": "019_pitcher_base", 
      "cuboid": [
        [
          -44.34148861060111, 
          30.859177140734683, 
          79.31745338611725
        ], 
        [
          -25.831322431995684, 
          32.093916525627755, 
          82.72578737734746
        ], 
        [
          -27.210601643483145, 
          12.725182034842428, 
          97.23317628050803
        ], 
        [
          -45.72076782208857, 
          11.490442649949362, 
          93.82484228927783
        ], 
        [
          -41.89799135999658, 
          22.90414626562687, 
          68.92904945410136
        ], 
        [
          -23.387825181391158, 
          24.13888565051994, 
          72.33738344533155
        ], 
        [
          -24.76710439287862, 
          4.770151159734615, 
          86.84477234849214
        ], 
        [
          -43.27727057148404, 
          3.5354117748415486, 
          83.43643835726193
        ]
      ], 
      "cuboid_centroid": [
        -34.55429650173986, 
        17.81466415023465, 
        83.0811128673047
      ], 
      "location": [
        -34.55429650173986, 
        17.81466415023465, 
        83.0811128673047
      ], 
      "pose_transform_permuted": [
        [
          -0.18357528579204657, 
          0.5976462899727746, 
          0.7804609644112461, 
          0.0
        ], 
        [
          -0.9813573955999337, 
          -0.06546243914351585, 
          -0.18070036415093937, 
          0.0
        ], 
        [
          0.0569040073175871, 
          0.7990830283068269, 
          -0.5985217187564629, 
          0.0
        ], 
        [
          -34.55429650173986, 
          17.81466415023465, 
          83.0811128673047, 
          1.0
        ]
      ], 
      "projected_cuboid": [
        [
          180.96642535160748, 
          480.77937577571726
        ], 
        [
          313.67898482417604, 
          480.1907540235569
        ], 
        [
          331.1043769270994, 
          343.0835870773167
        ], 
        [
          219.54510927353655, 
          338.6005628708035
        ], 
        [
          154.72135629961969, 
          450.50107722165745
        ], 
        [
          307.7294195031785, 
          451.2545514786398
        ], 
        [
          328.233116293028, 
          302.5803568190776
        ], 
        [
          202.66667176360613, 
          295.8846302684456
        ]
      ], 
      "projected_cuboid_centroid": [
        257.9354367666944, 
        387.6435672873826
      ], 
      "quaternion_xyzw": [
        -0.09652063548022921, 
        0.3169437659688113, 
        0.9435175393597629, 
        -0.0022676928273469596
      ], 
      "visibility": 0.2128654970760234
    }, 
    {
      "bounding_box": {
        "bottom_right": [
          395, 
          378
        ], 
        "top_left": [
          251, 
          216
        ]
      }, 
      "class": "035_power_drill", 
      "cuboid": [
        [
          -11.899335800485474, 
          12.509412555359317, 
          59.247594372442755
        ], 
        [
          -30.31283873583496, 
          12.124717582475288, 
          58.420268306974776
        ], 
        [
          -30.455494734051612, 
          -3.4001685686155527, 
          68.81423289180381
        ], 
        [
          -12.041991798702128, 
          -3.015473595731523, 
          69.64155895727178
        ], 
        [
          -12.17898653843717, 
          15.689150312898182, 
          63.99315461564803
        ], 
        [
          -30.592489473786657, 
          15.304455340014151, 
          63.16582855018006
        ], 
        [
          -30.73514547200331, 
          -0.22043081107668838, 
          73.55979313500909
        ], 
        [
          -12.321642536653824, 
          0.1642641618073412, 
          74.38711920047707
        ]
      ], 
      "cuboid_centroid": [
        -21.317240636244392, 
        6.144490872141314, 
        66.40369375372592
      ], 
      "location": [
        -21.317240636244392, 
        6.144490872141314, 
        66.40369375372592
      ], 
      "pose_transform_permuted": [
        [
          0.048896826721562967, 
          -0.5559759551832231, 
          -0.8297594299530323, 
          0.0
        ], 
        [
          0.9987743030930323, 
          0.02086639651318182, 
          0.04487532966267701, 
          0.0
        ], 
        [
          0.007635359472894625, 
          0.8309365748457049, 
          -0.55631488998575, 
          0.0
        ], 
        [
          -21.317240636244392, 
          6.144490872141314, 
          66.40369375372592, 
          1.0
        ]
      ], 
      "projected_cuboid": [
        [
          373.59209949717086, 
          385.89051389650086
        ], 
        [
          202.56456166917303, 
          383.97328274569304
        ], 
        [
          243.59588061193298, 
          246.934773128126
        ], 
        [
          388.6102091149056, 
          250.1938452672208
        ], 
        [
          379.25142333583216, 
          404.0400717842252
        ], 
        [
          221.1470689579809, 
          402.50459669990175
        ], 
        [
          256.9056362788546, 
          271.68838138975303
        ], 
        [
          392.52067969938275, 
          274.46423238937365
        ]
      ], 
      "projected_cuboid_centroid": [
        308.96141699456103, 
        322.63586066945874
      ], 
      "quaternion_xyzw": [
        0.9564871023557727, 
        0.0034582371805380106, 
        0.02450951930070059, 
        0.2907229074049887
      ], 
      "visibility": 0.8001821041304528
    }, 
    {
      "bounding_box": {
        "bottom_right": [
          281, 
          265
        ], 
        "top_left": [
          228, 
          189
        ]
      }, 
      "class": "061_foam_brick", 
      "cuboid": [
        [
          -37.072905671432515, 
          -6.302816195203784, 
          70.65964229901405
        ], 
        [
          -29.336664427035814, 
          -5.89778522321177, 
          71.45344106431034
        ], 
        [
          -29.215523687849508, 
          -1.91430422606388, 
          68.24027511524982
        ], 
        [
          -36.95176493224621, 
          -2.319335198055893, 
          67.44647634995353
        ], 
        [
          -37.66138230415122, 
          -3.0128435565682588, 
          74.71615702607653
        ], 
        [
          -29.925141059754512, 
          -2.6078125845762457, 
          75.50995579137282
        ], 
        [
          -29.804000320568207, 
          1.3756684125716445, 
          72.2967898423123
        ], 
        [
          -37.54024156496491, 
          0.9706374405796313, 
          71.50299107701599
        ]
      ], 
      "cuboid_centroid": [
        -33.438452996000365, 
        -2.463573891316069, 
        71.47821607066317
      ], 
      "location": [
        -33.438452996000365, 
        -2.463573891316069, 
        71.47821607066317
      ], 
      "pose_transform_permuted": [
        [
          0.11196282877103358, 
          -0.62594608302317, 
          -0.7717874228837496, 
          0.0
        ], 
        [
          -0.9934306025180044, 
          -0.052011067110389275, 
          -0.10193373768656844, 
          0.0
        ], 
        [
          -0.023663536386257344, 
          -0.7781300341498136, 
          0.6276573006025712, 
          0.0
        ], 
        [
          -33.438452996000365, 
          -2.463573891316069, 
          71.47821607066317, 
          1.0
        ]
      ], 
      "projected_cuboid": [
        [
          199.44909809529355, 
          225.7146115371186
        ], 
        [
          260.8071071760725, 
          229.2662037606484
        ], 
        [
          251.36562037282926, 
          258.3256379823818
        ], 
        [
          186.97338152761245, 
          254.94685668150646
        ], 
        [
          210.53205356529583, 
          251.78103590926546
        ], 
        [
          268.47730334663447, 
          254.86780755021482
        ], 
        [
          259.90646575973784, 
          283.434580598191
        ], 
        [
          199.2621509337863, 
          280.52623449514704
        ]
      ], 
      "projected_cuboid_centroid": [
        230.02396303130914, 
        254.90510272668425
      ], 
      "quaternion_xyzw": [
        -0.007529711414323498, 
        0.9411891493679111, 
        -0.33298391308156366, 
        0.056815510092007505
      ], 
      "visibility": 0.9492917847025496
    }
  ]
}