{
  "camera_data": {
    "location_worldframe": [
      -9.506579414869309, 
      8.401785250295939, 
      84.61883999119557
    ], 
    "quaternion_xyzw_worldframe": [
      0.9366229332328402, 
      -0.049368936269659706, 
      0.1965536830437683, 
      -0.2857768197755066
    ]
  }, 
  "objects": [
    {
      "bounding_box": {
        "bottom_right": [
          525, 
          436
        ], 
        "top_left": [
          328, 
          266
        ]
      }, 
      "class": "003_cracker_box", 
      "cuboid": [
        [
          -5.003127184522596, 
          19.129768084335012, 
          61.32972019830043
        ], 
        [
          -19.82416109804446, 
          23.2180484471156, 
          55.611238485757006
        ], 
        [
          -28.96245440394509, 
          11.27239046592067, 
          70.75542542326015
        ], 
        [
          -14.141420490423231, 
          7.184110103140083, 
          76.47390713580357
        ], 
        [
          -5.13432157818525, 
          24.80442836597637, 
          65.72669828034454
        ], 
        [
          -19.955355491707113, 
          28.892708728756954, 
          60.00821656780111
        ], 
        [
          -29.093648797607752, 
          16.947050747562027, 
          75.15240350530425
        ], 
        [
          -14.272614884085884, 
          12.85877038478144, 
          80.87088521784767
        ]
      ], 
      "cuboid_centroid": [
        -17.048387991065173, 
        18.03840941594852, 
        68.24106185180234
      ], 
      "location": [
        -17.048387991065173, 
        18.03840941594852, 
        68.24106185180234
      ], 
      "pose_transform_permuted": [
        [
          0.01827220011132104, 
          -0.7903426765059427, 
          -0.6123925051766346, 
          0.0
        ], 
        [
          0.9035232075646227, 
          -0.2492306682756398, 
          0.3486113701287059, 
          0.0
        ], 
        [
          0.4281494366400911, 
          0.5596807372818012, 
          -0.7095389575072476, 
          0.0
        ], 
        [
          -17.048387991065173, 
          18.03840941594852, 
          68.24106185180234, 
          1.0
        ]
      ], 
      "projected_cuboid": [
        [
          437.72760797651006, 
          439.6378584816868
        ], 
        [
          289.89624005284395, 
          495.9508816830155
        ], 
        [
          261.4730891617486, 
          358.2522709787933
        ], 
        [
          382.1546921493538, 
          323.3876345405319
        ], 
        [
          439.58897387530885, 
          474.5546336419937
        ], 
        [
          302.7670228155007, 
          530.0688297613591
        ], 
        [
          273.4132088259995, 
          393.55140802025056
        ], 
        [
          386.68901036139226, 
          358.08632771084984
        ]
      ], 
      "projected_cuboid_centroid": [
        347.24966338130406, 
        414.260853587429
      ], 
      "quaternion_xyzw": [
        0.8768689254989965, 
        -0.1931246749707366, 
        0.1046004595359694, 
        0.42762424074945365
      ], 
      "visibility": 0.6416752611990494
    }, 
    {
      "bounding_box": {
        "bottom_right": [
          498, 
          450
        ], 
        "top_left": [
          383, 
          366
        ]
      }, 
      "class": "006_mustard_bottle", 
      "cuboid": [
        [
          -1.0001104866296489, 
          26.827199249916333, 
          71.16642522570268
        ], 
        [
          -9.50175535855304, 
          26.901226751458957, 
          66.70294875428272
        ], 
        [
          -17.1228370142942, 
          16.801667911818623, 
          81.05142467423877
        ], 
        [
          -8.621192142370807, 
          16.727640410276, 
          85.51490114565875
        ], 
        [
          -2.3958729453668863, 
          31.773973376347808, 
          73.90699620380632
        ], 
        [
          -10.897517817290279, 
          31.848000877890435, 
          69.44351973238635
        ], 
        [
          -18.518599473031436, 
          21.748442038250097, 
          83.79199565234242
        ], 
        [
          -10.016954601108043, 
          21.674414536707477, 
          88.25547212376239
        ]
      ], 
      "cuboid_centroid": [
        -9.759354979830542, 
        24.287820644083215, 
        77.47921043902255
      ], 
      "location": [
        -9.759354979830542, 
        24.287820644083215, 
        77.47921043902255
      ], 
      "pose_transform_permuted": [
        [
          0.23961998020954478, 
          -0.8492461671085455, 
          -0.4704923530685642, 
          0.0
        ], 
        [
          0.8853666818642317, 
          -0.00770927089932225, 
          0.46482926687881276, 
          0.0
        ], 
        [
          0.398381689382098, 
          0.5279407168559632, 
          -0.7500470845558143, 
          0.0
        ], 
        [
          -9.759354979830542, 
          24.287820644083215, 
          77.47921043902255, 
          1.0
        ]
      ], 
      "projected_cuboid": [
        [
          474.039805528532, 
          474.3289632014575
        ], 
        [
          404.99322724573886, 
          488.3737463555537
        ], 
        [
          367.98961968112087, 
          383.84176342411826
        ], 
        [
          427.38234321972715, 
          377.6096219296893
        ], 
        [
          464.16415575217565, 
          502.57040970090515
        ], 
        [
          397.20772668304255, 
          517.8761356643624
        ], 
        [
          362.7475730446162, 
          411.7110969403327
        ], 
        [
          420.5611058626645, 
          404.26300264739365
        ]
      ], 
      "projected_cuboid_centroid": [
        413.85980235354475, 
        440.46906744503065
      ], 
      "quaternion_xyzw": [
        0.8490877092192477, 
        -0.11956684682635102, 
        0.2074135685393774, 
        0.47088576194764975
      ], 
      "visibility": 0.1751572327044025
    }, 
    {
      "bounding_box": {
        "bottom_right": [
          401, 
          391
        ], 
        "top_left": [
          317, 
          289
        ]
      }, 
      "class": "008_pudding_box", 
      "cuboid": [
        [
          -11.095809941781601, 
          10.738884548703833, 
          67.51084394022891
        ], 
        [
          -21.316414934619303, 
          13.131701015322388, 
          63.15354735632065
        ], 
        [
          -25.203357791815606, 
          8.143268955290273, 
          69.53148836491776
        ], 
        [
          -14.982752798977902, 
          5.750452488671716, 
          73.88878494882601
        ], 
        [
          -11.339823070402879, 
          13.833842417456435, 
          69.78281659255097
        ], 
        [
          -21.56042806324058, 
          16.22665888407499, 
          65.4255200086427
        ], 
        [
          -25.447370920436885, 
          11.238226824042876, 
          71.80346101723983
        ], 
        [
          -15.226765927599182, 
          8.845410357424319, 
          76.16075760114808
        ]
      ], 
      "cuboid_centroid": [
        -18.271590431109242, 
        10.988555686373354, 
        69.65715247873436
      ], 
      "location": [
        -18.271590431109242, 
        10.988555686373354, 
        69.65715247873436
      ], 
      "pose_transform_permuted": [
        [
          0.06342780987946571, 
          -0.8044911369866297, 
          -0.5905676069851566, 
          0.0
        ], 
        [
          0.8992736472247406, 
          -0.21053516818069004, 
          0.38338258780150275, 
          0.0
        ], 
        [
          0.43276249280525947, 
          0.5553995447842388, 
          -0.7101039946433112, 
          0.0
        ], 
        [
          -18.271590431109242, 
          10.988555686373354, 
          69.65715247873436, 
          1.0
        ]
      ], 
      "projected_cuboid": [
        [
          393.2123447109505, 
          358.12116745678946
        ], 
        [
          300.08389334572814, 
          384.1812320246023
        ], 
        [
          286.6715861642349, 
          335.74694127516346
        ], 
        [
          372.5523020424542, 
          314.79255173477964
        ], 
        [
          394.20952710713, 
          379.01255237852007
        ], 
        [
          304.3814746393833, 
          405.55900522620516
        ], 
        [
          291.0118210445964, 
          356.7583701253244
        ], 
        [
          374.0822927078673, 
          335.2269744133354
        ]
      ], 
      "projected_cuboid_centroid": [
        340.53755787367004, 
        357.418773218853
      ], 
      "quaternion_xyzw": [
        0.872530916213594, 
        -0.18431944617434945, 
        0.12802136559811883, 
        0.43396603589779575
      ], 
      "visibility": 0.9173927613941019
    }, 
    {
      "bounding_box": {
        "bottom_right": [
          539, 
          410
        ], 
        "top_left": [
          387, 
          248
        ]
      }, 
      "class": "019_pitcher_base", 
      "cuboid": [
        [
          -25.809273313414238, 
          40.839166882232036, 
          62.904548655160276
        ], 
        [
          -8.909169754849977, 
          38.4617168049046, 
          70.93585021490692
        ], 
        [
          -19.142545503480495, 
          25.39679621094244, 
          88.60221629189428
        ], 
        [
          -36.04264906204475, 
          27.77424628826988, 
          80.57091473214764
        ], 
        [
          -23.977190639007677, 
          29.753905346306443, 
          55.767842058513494
        ], 
        [
          -7.077087080443417, 
          27.376455268979004, 
          63.79914361826013
        ], 
        [
          -17.31046282907393, 
          14.31153467501685, 
          81.46550969524749
        ], 
        [
          -34.21056638763819, 
          16.688984752344282, 
          73.43420813550085
        ]
      ], 
      "cuboid_centroid": [
        -21.559868071244086, 
        27.57535077862444, 
        72.18502917520388
      ], 
      "location": [
        -21.559868071244086, 
        27.57535077862444, 
        72.18502917520388
      ], 
      "pose_transform_permuted": [
        [
          -0.13764087537468422, 
          0.8328145464594494, 
          0.5361671484464691, 
          0.0
        ], 
        [
          -0.8959963651094209, 
          0.12604577363284877, 
          -0.42579721359068073, 
          0.0
        ], 
        [
          0.4221915937206777, 
          0.5390107607587021, 
          -0.7288495441295957, 
          0.0
        ], 
        [
          -21.559868071244086, 
          27.57535077862444, 
          72.18502917520388, 
          1.0
        ]
      ], 
      "projected_cuboid": [
        [
          260.9564507196058, 
          619.530616101883
        ], 
        [
          414.05673642110406, 
          562.4546625939424
        ], 
        [
          365.4129304656945, 
          426.1564021446578
        ], 
        [
          241.0333391580136, 
          457.13140932981327
        ], 
        [
          250.3872912367612, 
          557.8293822312855
        ], 
        [
          421.94418715547164, 
          502.1360002895243
        ], 
        [
          367.32853907011713, 
          366.9779877246712
        ], 
        [
          231.0706169197904, 
          394.491118484932
        ]
      ], 
      "projected_cuboid_centroid": [
        320.9803676857503, 
        477.0195661604401
      ], 
      "quaternion_xyzw": [
        -0.16343766299142293, 
        0.4529951636961285, 
        0.861854725913044, 
        0.15902835793257586
      ], 
      "visibility": 0.18780507282779932
    }, 
    {
      "bounding_box": {
        "bottom_right": [
          426, 
          496
        ], 
        "top_left": [
          273, 
          330
        ]
      }, 
      "class": "035_power_drill", 
      "cuboid": [
        [
          2.536543850370437, 
          9.86298325790141, 
          57.52005658748899
        ], 
        [
          -14.518670748187462, 
          13.78500956743563, 
          51.7211848338331
        ], 
        [
          -21.582366362523945, 
          2.7001370809631866, 
          64.99923991563968
        ], 
        [
          -4.527151763966048, 
          -1.2218892285710339, 
          70.79811166929555
        ], 
        [
          2.3339305011324445, 
          14.303181349454034, 
          61.11906582647806
        ], 
        [
          -14.721284097425455, 
          18.225207658988253, 
          55.32019407282218
        ], 
        [
          -21.784979711761938, 
          7.140335172515809, 
          68.59824915462875
        ], 
        [
          -4.729765113204041, 
          3.2183088629815884, 
          74.39712090828463
        ]
      ], 
      "cuboid_centroid": [
        -9.624217930695751, 
        8.50165921520861, 
        63.05915287105886
      ], 
      "location": [
        -9.624217930695751, 
        8.50165921520861, 
        63.05915287105886
      ], 
      "pose_transform_permuted": [
        [
          0.035426868177536756, 
          -0.7763669721821457, 
          -0.6292854165775463, 
          0.0
        ], 
        [
          0.9250988328828519, 
          -0.2127362244854271, 
          0.31453896169667617, 
          0.0
        ], 
        [
          0.37806931287009626, 
          0.5932942687546612, 
          -0.7106797114588642, 
          0.0
        ], 
        [
          -9.624217930695751, 
          8.50165921520861, 
          63.05915287105886, 
          1.0
        ]
      ], 
      "projected_cuboid": [
        [
          505.31161484170985, 
          364.7350245093862
        ], 
        [
          330.641155387451, 
          415.42975415358046
        ], 
        [
          303.0377495716233, 
          295.44119678041835
        ], 
        [
          447.21000334500326, 
          264.08209115795546
        ], 
        [
          502.13245895449677, 
          398.09483817648567
        ], 
        [
          338.492421397823, 
          448.9883827563141
        ], 
        [
          310.8175176932103, 
          328.7993334949844
        ], 
        [
          447.40895188565764, 
          296.3571503971667
        ]
      ], 
      "projected_cuboid_centroid": [
        399.52241590830124, 
        345.1888890673966
      ], 
      "quaternion_xyzw": [
        0.8870849054931353, 
        -0.16650197001917516, 
        0.0986280534442374, 
        0.41908239967581024
      ], 
      "visibility": 0.8543176804286164
    }, 
    {
      "bounding_box": {
        "bottom_right": [
          348, 
          319
        ], 
        "top_left": [
          282, 
          244
        ]
      }, 
      "class": "061_foam_brick", 
      "cuboid": [
        [
          -29.0036762739248, 
          2.218512419293651, 
          65.55862581360931
        ], 
        [
          -21.850175375613475, 
          0.9306041069286931, 
          68.35367719710183
        ], 
        [
          -19.850962691416896, 
          3.5876748531477003, 
          64.4613314978524
        ], 
        [
          -27.00446358972822, 
          4.875583165512658, 
          61.666280114359864
        ], 
        [
          -29.321897607151993, 
          6.626213023526817, 
          68.40405144216169
        ], 
        [
          -22.168396708840664, 
          5.338304711161859, 
          71.19910282565422
        ], 
        [
          -20.16918402464409, 
          7.995375457380866, 
          67.30675712640478
        ], 
        [
          -27.322684922955414, 
          9.283283769745823, 
          64.51170574291226
        ]
      ], 
      "cuboid_centroid": [
        -24.586430149284443, 
        5.106943938337259, 
        66.43269147000704
      ], 
      "location": [
        -24.586430149284443, 
        5.106943938337259, 
        66.43269147000704
      ], 
      "pose_transform_permuted": [
        [
          0.0605443932052222, 
          -0.8386036090266283, 
          -0.5413671243979682, 
          0.0
        ], 
        [
          -0.9185994183764233, 
          0.1653836133493587, 
          -0.3589197249999036, 
          0.0
        ], 
        [
          -0.3905246279172519, 
          -0.5190301025595949, 
          0.7603277369839064, 
          0.0
        ], 
        [
          -24.586430149284443, 
          5.106943938337259, 
          66.43269147000704, 
          1.0
        ]
      ], 
      "projected_cuboid": [
        [
          243.68583634761617, 
          291.3341420004946
        ], 
        [
          309.6935434684829, 
          280.5474406095913
        ], 
        [
          315.9918418039708, 
          302.9690966995728
        ], 
        [
          246.10323337027708, 
          315.4529209175443
        ], 
        [
          251.08058454799354, 
          324.94852427034067
        ], 
        [
          314.16004237304736, 
          313.27331211774606
        ], 
        [
          320.450374469764, 
          336.63961705221914
        ], 
        [
          253.8375229400828, 
          350.0316336741538
        ]
      ], 
      "projected_cuboid_centroid": [
        282.57310712484133, 
        314.28492525439555
      ], 
      "quaternion_xyzw": [
        0.16104161221711447, 
        0.8629885059104186, 
        -0.46319601450651005, 
        0.12151497827963764
      ], 
      "visibility": 0.9458288190682557
    }
  ]
}