{
  "camera_data": {
    "location_worldframe": [
      -11.772725411295383, 
      3.7316330638457877, 
      88.93426963405437
    ], 
    "quaternion_xyzw_worldframe": [
      0.9435581042513909, 
      -0.03520684414471791, 
      0.1650598970755298, 
      -0.28498310422911016
    ]
  }, 
  "objects": [
    {
      "bounding_box": {
        "bottom_right": [
          462, 
          408
        ], 
        "top_left": [
          292, 
          259
        ]
      }, 
      "class": "003_cracker_box", 
      "cuboid": [
        [
          -9.009833133918889, 
          14.43746359885614, 
          65.36510508319618
        ], 
        [
          -24.284788301937745, 
          17.8074912681346, 
          60.42579604139004
        ], 
        [
          -32.05196530211537, 
          5.60405785452291, 
          76.119766906466
        ], 
        [
          -16.777010134096514, 
          2.234030185244451, 
          81.05907594827212
        ], 
        [
          -9.161331484582663, 
          20.140414520861512, 
          69.72466888773981
        ], 
        [
          -24.43628665260152, 
          23.51044219013997, 
          64.78535984593367
        ], 
        [
          -32.20346365277915, 
          11.30700877652828, 
          80.47933071100962
        ], 
        [
          -16.92850848476029, 
          7.936981107249819, 
          85.41863975281576
        ]
      ], 
      "cuboid_centroid": [
        -20.606648393349015, 
        12.87223618769221, 
        72.9222178971029
      ], 
      "location": [
        -20.606648393349015, 
        12.87223618769221, 
        72.9222178971029
      ], 
      "pose_transform_permuted": [
        [
          0.021100049343431373, 
          -0.7942828772079472, 
          -0.6071816028932118, 
          0.0
        ], 
        [
          0.9311952573175554, 
          -0.20544438580293725, 
          0.3011112702828404, 
          0.0
        ], 
        [
          0.3639095775972332, 
          0.5717580916054612, 
          -0.7352975615468096, 
          0.0
        ], 
        [
          -20.606648393349015, 
          12.87223618769221, 
          72.9222178971029, 
          1.0
        ]
      ], 
      "projected_cuboid": [
        [
          407.4724416027619, 
          391.0830604346665
        ], 
        [
          265.47272842324924, 
          430.455900118429
        ], 
        [
          255.15925484192948, 
          312.55037076108164
        ], 
        [
          370.29463601788694, 
          287.98510237102505
        ], 
        [
          410.9386564333317, 
          427.33929504011604
        ], 
        [
          278.75871607902764, 
          466.8268572577779
        ], 
        [
          266.413072801285, 
          348.2157049406431
        ], 
        [
          375.02146962333694, 
          322.8418512948411
        ]
      ], 
      "projected_cuboid_centroid": [
        329.63358865070876, 
        367.428156764718
      ], 
      "quaternion_xyzw": [
        0.881778735258487, 
        -0.16142200436293927, 
        0.09135265649489091, 
        0.43366333797626994
      ], 
      "visibility": 0.6547766582251199
    }, 
    {
      "bounding_box": {
        "bottom_right": [
          453, 
          429
        ], 
        "top_left": [
          348, 
          354
        ]
      }, 
      "class": "006_mustard_bottle", 
      "cuboid": [
        [
          -4.837470838837916, 
          22.395270948394625, 
          74.92019168588719
        ], 
        [
          -13.560394981287653, 
          22.04886226738631, 
          70.92060880251108
        ], 
        [
          -19.939877775169183, 
          11.750130370611204, 
          85.72598134714188
        ], 
        [
          -11.216953632719449, 
          12.096539051619521, 
          89.72556423051799
        ], 
        [
          -6.306240961224242, 
          27.29953024729707, 
          77.69875452337894
        ], 
        [
          -15.029165103673977, 
          26.953121566288758, 
          73.69917164000283
        ], 
        [
          -21.40864789755551, 
          16.65438966951365, 
          88.50454418463363
        ], 
        [
          -12.685723755105775, 
          17.00079835052197, 
          92.50412706800974
        ]
      ], 
      "cuboid_centroid": [
        -13.123059368196714, 
        19.52483030895414, 
        81.71236793526042
      ], 
      "location": [
        -13.123059368196714, 
        19.52483030895414, 
        81.71236793526042
      ], 
      "pose_transform_permuted": [
        [
          0.25215369954640593, 
          -0.841947359157847, 
          -0.4770146724916964, 
          0.0
        ], 
        [
          0.908410845254101, 
          0.03607521945384567, 
          0.4165190947918953, 
          0.0
        ], 
        [
          0.3334787957423337, 
          0.5383522178167188, 
          -0.7739307348607253, 
          0.0
        ], 
        [
          -13.123059368196714, 
          19.52483030895414, 
          81.71236793526042, 
          1.0
        ]
      ], 
      "projected_cuboid": [
        [
          446.8745504405972, 
          432.7073336099194
        ], 
        [
          378.77374861240133, 
          439.09292673629466
        ], 
        [
          356.51306751176406, 
          346.38660091433877
        ], 
        [
          414.3690265191282, 
          345.1871297486692
        ], 
        [
          437.95068767640237, 
          460.6688735358068
        ], 
        [
          371.9330928230133, 
          468.33116655758585
        ], 
        [
          351.5156070086503, 
          373.64423416916367
        ], 
        [
          407.84981055927443, 
          371.3022587633961
        ]
      ], 
      "projected_cuboid_centroid": [
        395.23181852846255, 
        400.72103321120045
      ], 
      "quaternion_xyzw": [
        0.854952884017961, 
        -0.08696490234958963, 
        0.19552913582669829, 
        0.47250501291502334
      ], 
      "visibility": 0.29855982274741505
    }, 
    {
      "bounding_box": {
        "bottom_right": [
          351, 
          372
        ], 
        "top_left": [
          280, 
          280
        ]
      }, 
      "class": "008_pudding_box", 
      "cuboid": [
        [
          -14.378609829591237, 
          5.839494548997563, 
          71.92140788267837
        ], 
        [
          -24.915148024105378, 
          7.733669668959581, 
          68.10488668227347
        ], 
        [
          -28.22647098151736, 
          2.634924546199344, 
          74.7161535159942
        ], 
        [
          -17.689932787003226, 
          0.7407494262373262, 
          78.53267471639907
        ], 
        [
          -14.64002436802821, 
          8.9410334825147, 
          74.18244415663855
        ], 
        [
          -25.176562562542344, 
          10.835208602476715, 
          70.36592295623366
        ], 
        [
          -28.487885519954332, 
          5.736463479716479, 
          76.97718978995437
        ], 
        [
          -17.951347325440192, 
          3.8422883597544617, 
          80.79371099035926
        ]
      ], 
      "cuboid_centroid": [
        -21.433247674772783, 
        5.787979014357021, 
        74.44929883631637
      ], 
      "location": [
        -21.433247674772783, 
        5.787979014357021, 
        74.44929883631637
      ], 
      "pose_transform_permuted": [
        [
          0.06795106368822815, 
          -0.806201792995377, 
          -0.5877248479441702, 
          0.0
        ], 
        [
          0.9270714539837391, 
          -0.16666154007559078, 
          0.33580173991693846, 
          0.0
        ], 
        [
          0.3686744133322678, 
          0.5676815251912364, 
          -0.7360819082443266, 
          0.0
        ], 
        [
          -21.433247674772783, 
          5.787979014357021, 
          74.44929883631637, 
          1.0
        ]
      ], 
      "projected_cuboid": [
        [
          374.08667379504635, 
          316.5882042096851
        ], 
        [
          284.8641948698754, 
          333.8477940844631
        ], 
        [
          278.4391209223515, 
          292.09447702189505
        ], 
        [
          360.46265766394004, 
          278.3170068488437
        ], 
        [
          375.4684774318199, 
          337.5662783462216
        ], 
        [
          289.18789048333434, 
          355.4090866906946
        ], 
        [
          282.5801938629316, 
          313.03036755259666
        ], 
        [
          362.1126619050592, 
          298.6494975649121
        ]
      ], 
      "projected_cuboid_centroid": [
        326.7799040682304, 
        314.7488835453193
      ], 
      "quaternion_xyzw": [
        0.8778493360365356, 
        -0.152456672071111, 
        0.11498351340906027, 
        0.4392222098734703
      ], 
      "visibility": 0.7996798078847308
    }, 
    {
      "bounding_box": {
        "bottom_right": [
          524, 
          384
        ], 
        "top_left": [
          346, 
          232
        ]
      }, 
      "class": "019_pitcher_base", 
      "cuboid": [
        [
          -30.65955380619272, 
          35.20940842893925, 
          67.91264071089209
        ], 
        [
          -13.264032988341892, 
          33.66236482382591, 
          75.0379537190038
        ], 
        [
          -21.938220779980714, 
          20.31490109487366, 
          93.31685680056243
        ], 
        [
          -39.33374159783154, 
          21.861944699987003, 
          86.19154379245073
        ], 
        [
          -28.71394945164229, 
          24.152486694656293, 
          60.76202977546501
        ], 
        [
          -11.318428633791463, 
          22.605443089542952, 
          67.88734278357671
        ], 
        [
          -19.992616425430285, 
          9.257979360590705, 
          86.16624586513535
        ], 
        [
          -37.388137243281115, 
          10.805022965704046, 
          79.04093285702365
        ]
      ], 
      "cuboid_centroid": [
        -25.3260851158115, 
        22.23369389476498, 
        77.03944328801371
      ], 
      "location": [
        -25.3260851158115, 
        22.23369389476498, 
        77.03944328801371
      ], 
      "pose_transform_permuted": [
        [
          -0.14616954258347603, 
          0.8306854312396351, 
          0.537211754886976, 
          0.0
        ], 
        [
          -0.9222620067367049, 
          0.0820199380461718, 
          -0.3777642269120704, 
          0.0
        ], 
        [
          0.3578652106539263, 
          0.5506674554200182, 
          -0.7541205769271008, 
          0.0
        ], 
        [
          -25.3260851158115, 
          22.23369389476498, 
          77.03944328801371, 
          1.0
        ]
      ], 
      "projected_cuboid": [
        [
          238.82039796663486, 
          549.7868600196094
        ], 
        [
          386.5395772781861, 
          512.5361108525996
        ], 
        [
          355.1720462830694, 
          389.3891903375502
        ], 
        [
          236.18702088405436, 
          408.5597065742098
        ], 
        [
          227.4691395040514, 
          485.2773846358358
        ], 
        [
          391.9390650064592, 
          450.87377282649476
        ], 
        [
          356.8230392291545, 
          330.5881140687265
        ], 
        [
          227.222605434429, 
          346.19218491563475
        ]
      ], 
      "projected_cuboid_centroid": [
        304.81155889538735, 
        427.2033350691393
      ], 
      "quaternion_xyzw": [
        -0.1509916602065407, 
        0.45672278484509865, 
        0.8674879274439067, 
        0.12676981857149297
      ], 
      "visibility": 0.2794763093162255
    }, 
    {
      "bounding_box": {
        "bottom_right": [
          369, 
          464
        ], 
        "top_left": [
          239, 
          305
        ]
      }, 
      "class": "035_power_drill", 
      "cuboid": [
        [
          -1.2746125304316651, 
          5.482350424925839, 
          61.21709015603278
        ], 
        [
          -18.775075620040727, 
          8.585771461129358, 
          56.31891513750092
        ], 
        [
          -24.611385657397808, 
          -2.68209819729346, 
          70.032030722133
        ], 
        [
          -7.110922567788746, 
          -5.785519233496982, 
          74.93020574066486
        ], 
        [
          -1.4843912366030692, 
          9.941669348002154, 
          64.79196727288257
        ], 
        [
          -18.98485432621213, 
          13.045090384205677, 
          59.89379225435071
        ], 
        [
          -24.821164363569213, 
          1.7772207257828552, 
          73.60690783898278
        ], 
        [
          -7.32070127396015, 
          -1.3262003104206652, 
          78.50508285751464
        ]
      ], 
      "cuboid_centroid": [
        -13.047888447000439, 
        3.629785575354347, 
        67.41199899750778
      ], 
      "location": [
        -13.047888447000439, 
        3.629785575354347, 
        67.41199899750778
      ], 
      "pose_transform_permuted": [
        [
          0.03667972815186532, 
          -0.7797102424078359, 
          -0.6250659240658829, 
          0.0
        ], 
        [
          0.9492497374073313, 
          -0.16833392285657447, 
          0.26568390369493833, 
          0.0
        ], 
        [
          0.31237610536927185, 
          0.6030888039149858, 
          -0.733965401321593, 
          0.0
        ], 
        [
          -13.047888447000439, 
          3.629785575354347, 
          67.41199899750778, 
          1.0
        ]
      ], 
      "projected_cuboid": [
        [
          470.40018350471695, 
          321.04844296527517
        ], 
        [
          302.322307225054, 
          354.59066192758786
        ], 
        [
          292.61043685708165, 
          252.861377124968
        ], 
        [
          430.56293337153414, 
          232.1078080481912
        ], 
        [
          469.2768351511571, 
          355.1190116022964
        ], 
        [
          311.13914423144035, 
          389.4455238173858
        ], 
        [
          300.25635710647424, 
          286.16340843428776
        ], 
        [
          431.4498737020834, 
          264.2770755235877
        ]
      ], 
      "projected_cuboid_centroid": [
        377.510481854345, 
        302.00302404974167
      ], 
      "quaternion_xyzw": [
        0.8912637748428072, 
        -0.13483943861362185, 
        0.08481317214427675, 
        0.42458688618764884
      ], 
      "visibility": 0.8217721050684424
    }, 
    {
      "bounding_box": {
        "bottom_right": [
          299, 
          307
        ], 
        "top_left": [
          242, 
          240
        ]
      }, 
      "class": "061_foam_brick", 
      "cuboid": [
        [
          -31.962864015970766, 
          -3.4895859538416194, 
          70.99348095097542
        ], 
        [
          -24.61930363637438, 
          -4.431194599579951, 
          73.40783164403068
        ], 
        [
          -22.953008209524608, 
          -1.723054891027916, 
          69.39576606393926
        ], 
        [
          -30.296568589120998, 
          -0.7814462452895841, 
          66.98141537088402
        ], 
        [
          -32.32682625550299, 
          0.9252428905984822, 
          73.82232421344075
        ], 
        [
          -24.983265875906604, 
          -0.016365755139849524, 
          76.23667490649599
        ], 
        [
          -23.316970449056832, 
          2.6917739534121856, 
          72.22460932640459
        ], 
        [
          -30.660530828653222, 
          3.6333825991505178, 
          69.81025863334935
        ]
      ], 
      "cuboid_centroid": [
        -27.6399172325138, 
        -0.3989060002147168, 
        71.60904513869
      ], 
      "location": [
        -27.6399172325138, 
        -0.3989060002147168, 
        71.60904513869
      ], 
      "pose_transform_permuted": [
        [
          0.06924700088023295, 
          -0.8399598191008343, 
          -0.5382121841478382, 
          0.0
        ], 
        [
          -0.9430054443834367, 
          0.12091438396514742, 
          -0.3100329718167502, 
          0.0
        ], 
        [
          -0.3254928336112639, 
          -0.5290058733572081, 
          0.7837137240225461, 
          0.0
        ], 
        [
          -27.6399172325138, 
          -0.3989060002147168, 
          71.60904513869, 
          1.0
        ]
      ], 
      "projected_cuboid": [
        [
          239.483596928912, 
          247.07195459415422
        ], 
        [
          301.2433473927213, 
          241.09320378436968
        ], 
        [
          303.72884145539564, 
          260.0445353581438
        ], 
        [
          238.3593835314005, 
          267.0645048473063
        ], 
        [
          246.10998364142353, 
          279.97083244118903
        ], 
        [
          305.3682205544807, 
          273.1720500696767
        ], 
        [
          307.98550056366565, 
          293.16308388751196
        ], 
        [
          245.41215058009016, 
          301.04397838081167
        ]
      ], 
      "projected_cuboid_centroid": [
        274.0289760674894, 
        270.31562304538295
      ], 
      "quaternion_xyzw": [
        0.12864764514672763, 
        0.8674997841337603, 
        -0.46791756402126816, 
        0.10930261299019002
      ], 
      "visibility": 0.8866963717377466
    }
  ]
}