{
  "camera_data": {
    "location_worldframe": [
      -17.247171237425565, 
      2.0854239943662893, 
      83.68884176963165
    ], 
    "quaternion_xyzw_worldframe": [
      0.9134320143685729, 
      0.016798162030525997, 
      -0.031527626529887935, 
      -0.40542118107280267
    ]
  }, 
  "objects": [
    {
      "bounding_box": {
        "bottom_right": [
          438, 
          322
        ], 
        "top_left": [
          283, 
          146
        ]
      }, 
      "class": "003_cracker_box", 
      "cuboid": [
        [
          -24.97329053564815, 
          17.502864954910912, 
          64.18595692426179
        ], 
        [
          -41.360342266952784, 
          17.358221888246035, 
          64.90826546357731
        ], 
        [
          -40.62775208087044, 
          0.662797506032635, 
          78.18530065459211
        ], 
        [
          -24.240700349565813, 
          0.8074405726975098, 
          77.46299211527659
        ], 
        [
          -24.76536741143507, 
          21.975592316012115, 
          69.79878824745482
        ], 
        [
          -41.152419142739696, 
          21.830949249347242, 
          70.52109678677033
        ], 
        [
          -40.419828956657355, 
          5.1355248671338405, 
          83.79813197778515
        ], 
        [
          -24.032777225352724, 
          5.280167933798715, 
          83.07582343846963
        ]
      ], 
      "cuboid_centroid": [
        -32.69655974615275, 
        11.319194911022375, 
        73.99204445102346
      ], 
      "location": [
        -32.69655974615275, 
        11.319194911022375, 
        73.99204445102346
      ], 
      "pose_transform_permuted": [
        [
          -0.02895865308971715, 
          -0.6229425442947606, 
          -0.7817314007501552, 
          0.0
        ], 
        [
          0.9989911384851186, 
          0.008817763207855461, 
          -0.04403353585867248, 
          0.0
        ], 
        [
          -0.03432348524605605, 
          0.7822178939142088, 
          -0.6220587309900757, 
          0.0
        ], 
        [
          -32.69655974615275, 
          11.319194911022375, 
          73.99204445102346, 
          1.0
        ]
      ], 
      "projected_cuboid": [
        [
          272.36536639870593, 
          418.7174248819548
        ], 
        [
          138.92724611706987, 
          415.9105874135738
        ], 
        [
          202.1565219437715, 
          277.80762937182106
        ], 
        [
          313.3131433340499, 
          278.8456295928937
        ], 
        [
          290.79256064890427, 
          441.1979591992952
        ], 
        [
          167.7861491038264, 
          438.3842645397165
        ], 
        [
          222.20787859252817, 
          305.97075082559445
        ], 
        [
          326.0287905674341, 
          307.18348711746006
        ]
      ], 
      "projected_cuboid_centroid": [
        243.96296304547562, 
        354.87298901909
      ], 
      "quaternion_xyzw": [
        0.9437876394016668, 
        0.011427689517437889, 
        -0.019334908061167368, 
        0.3297885094347416
      ], 
      "visibility": 0.3440119472010791
    }, 
    {
      "bounding_box": {
        "bottom_right": [
          452, 
          365
        ], 
        "top_left": [
          329, 
          286
        ]
      }, 
      "class": "006_mustard_bottle", 
      "cuboid": [
        [
          -19.46956282934511, 
          24.29579927337412, 
          73.9634578112513
        ], 
        [
          -28.774276723234387, 
          22.30708933311258, 
          72.66985820682406
        ], 
        [
          -27.45877591621885, 
          7.963299791006438, 
          85.25897631664012
        ], 
        [
          -18.154062022329576, 
          9.952009731267978, 
          86.55257592106737
        ], 
        [
          -20.851825328464113, 
          27.95624750571172, 
          78.2785389816445
        ], 
        [
          -30.15653922235339, 
          25.967537565450176, 
          76.98493937721724
        ], 
        [
          -28.841038415337856, 
          11.62374802334404, 
          89.57405748703331
        ], 
        [
          -19.536324521448577, 
          13.612457963605578, 
          90.86765709146056
        ]
      ], 
      "cuboid_centroid": [
        -24.155300622341482, 
        17.95977364835908, 
        81.76875764914232
      ], 
      "location": [
        -24.155300622341482, 
        17.95977364835908, 
        81.76875764914232
      ], 
      "pose_transform_permuted": [
        [
          0.23730235084768472, 
          -0.6284139020219358, 
          -0.7407991654881234, 
          0.0
        ], 
        [
          0.9689987984719247, 
          0.20710551281841885, 
          0.13471628216499773, 
          0.0
        ], 
        [
          -0.0687660174179561, 
          0.7498021105207267, 
          -0.6580790453335656, 
          0.0
        ], 
        [
          -24.155300622341482, 
          17.95977364835908, 
          81.76875764914232, 
          1.0
        ]
      ], 
      "projected_cuboid": [
        [
          340.0402700804899, 
          448.47339274357995
        ], 
        [
          268.66462306873876, 
          436.99688334963264
        ], 
        [
          308.40308649469864, 
          323.0992839078432
        ], 
        [
          368.8031836645806, 
          334.6088224439491
        ], 
        [
          338.34757168650196, 
          463.75527258916327
        ], 
        [
          270.9441566326637, 
          453.17881850306395
        ], 
        [
          308.4479103875758, 
          342.4937685637236
        ], 
        [
          365.97911763003964, 
          353.180645956264
        ]
      ], 
      "projected_cuboid_centroid": [
        322.73625370160227, 
        390.4253972642196
      ], 
      "quaternion_xyzw": [
        0.9300000100108569, 
        0.0741590127061274, 
        0.1000050077978869, 
        0.34583143373850156
      ], 
      "visibility": 0.6569832402234637
    }, 
    {
      "bounding_box": {
        "bottom_right": [
          337, 
          300
        ], 
        "top_left": [
          269, 
          196
        ]
      }, 
      "class": "008_pudding_box", 
      "cuboid": [
        [
          -25.908771553726705, 
          6.643415578755735, 
          69.37549915523611
        ], 
        [
          -37.26622655143023, 
          6.218479700209131, 
          69.37950626659203
        ], 
        [
          -37.00216474562586, 
          -0.786086660203375, 
          74.99530827228126
        ], 
        [
          -25.644709747922338, 
          -0.36115078165677095, 
          74.99130116092536
        ], 
        [
          -25.99764536728318, 
          9.047170936107918, 
          72.37786954818519
        ], 
        [
          -37.3551003649867, 
          8.622235057561314, 
          72.3818766595411
        ], 
        [
          -37.09103855918233, 
          1.6176686971488081, 
          77.99767866523034
        ], 
        [
          -25.733583561478813, 
          2.042604575695412, 
          77.99367155387444
        ]
      ], 
      "cuboid_centroid": [
        -31.49990505645452, 
        4.130542137952271, 
        73.68658891023323
      ], 
      "location": [
        -31.49990505645452, 
        4.130542137952271, 
        73.68658891023323
      ], 
      "pose_transform_permuted": [
        [
          0.023101508436752686, 
          -0.6248226833709248, 
          -0.7804243138379426, 
          0.0
        ], 
        [
          0.9993009206532291, 
          0.037388553574376704, 
          -0.00035257107053753066, 
          0.0
        ], 
        [
          -0.029399980790297788, 
          0.7798708935326366, 
          -0.6252493448889703, 
          0.0
        ], 
        [
          -31.49990505645452, 
          4.130542137952271, 
          73.68658891023323, 
          1.0
        ]
      ], 
      "projected_cuboid": [
        [
          280.765287602438, 
          324.3573579457957
        ], 
        [
          192.74468605255643, 
          321.0879303541381
        ], 
        [
          216.268033984775, 
          267.6963828155419
        ], 
        [
          297.6983776994094, 
          270.71812296058107
        ], 
        [
          288.43584020598166, 
          339.95102344699507
        ], 
        [
          204.06587226079895, 
          336.8163470872633
        ], 
        [
          225.8686132995, 
          284.3475645406398
        ], 
        [
          304.1647850025342, 
          287.2538381378444
        ]
      ], 
      "projected_cuboid_centroid": [
        251.7110646739851, 
        303.1820595934776
      ], 
      "quaternion_xyzw": [
        0.9433445987580318, 
        0.01769993024092296, 
        0.006028798329943654, 
        0.3312872172866861
      ], 
      "visibility": 0.6801709401709402
    }, 
    {
      "bounding_box": {
        "bottom_right": [
          481, 
          297
        ], 
        "top_left": [
          310, 
          145
        ]
      }, 
      "class": "019_pitcher_base", 
      "cuboid": [
        [
          -48.147038524647684, 
          30.482234761258418, 
          78.37000919198643
        ], 
        [
          -29.431914781839247, 
          32.50938045932816, 
          79.55423784986233
        ], 
        [
          -28.411995003312168, 
          13.982431223715846, 
          95.14995955075642
        ], 
        [
          -47.12711874612061, 
          11.955285525646108, 
          93.96573089288053
        ], 
        [
          -46.587828001178835, 
          22.019660910860267, 
          68.21491994262898
        ], 
        [
          -27.872704258370394, 
          24.046806608930005, 
          69.39914860050487
        ], 
        [
          -26.852784479843322, 
          5.519857373317692, 
          84.99487030139899
        ], 
        [
          -45.56790822265176, 
          3.492711675247953, 
          83.81064164352307
        ]
      ], 
      "cuboid_centroid": [
        -37.4999115022455, 
        18.00104606728806, 
        81.68243974669271
      ], 
      "location": [
        -37.4999115022455, 
        18.00104606728806, 
        81.68243974669271
      ], 
      "pose_transform_permuted": [
        [
          -0.11714051136539881, 
          0.6357770252202232, 
          0.7629324775107967, 
          0.0
        ], 
        [
          -0.9922236741343351, 
          -0.10747361226063334, 
          -0.06278450124511306, 
          0.0
        ], 
        [
          -0.04207815361624068, 
          0.7643540525336446, 
          -0.6434223429160992, 
          0.0
        ], 
        [
          -37.4999115022455, 
          18.00104606728806, 
          81.68243974669271, 
          1.0
        ]
      ], 
      "projected_cuboid": [
        [
          151.2188395856372, 
          480.72268485203733
        ], 
        [
          282.64569739291136, 
          491.22450966361976
        ], 
        [
          321.01950648897093, 
          351.6586615972467
        ], 
        [
          211.88950140577197, 
          341.14093375576425
        ], 
        [
          114.32759800381258, 
          445.44119840508813
        ], 
        [
          265.6154939375872, 
          458.0817859908379
        ], 
        [
          311.69903619146464, 
          307.9221344952346
        ], 
        [
          189.21437246963444, 
          295.5120155371746
        ]
      ], 
      "projected_cuboid_centroid": [
        234.71287783152346, 
        390.8186589002323
      ], 
      "quaternion_xyzw": [
        -0.04795351337236903, 
        0.34093149760472674, 
        0.9380178841816899, 
        -0.03985845270086197
      ], 
      "visibility": 0.19255194524939886
    }, 
    {
      "bounding_box": {
        "bottom_right": [
          397, 
          339
        ], 
        "top_left": [
          249, 
          163
        ]
      }, 
      "class": "035_power_drill", 
      "cuboid": [
        [
          -17.496624353463, 
          12.052608105388513, 
          55.72264965340384
        ], 
        [
          -35.85685645331009, 
          11.026786772271445, 
          57.04140543942178
        ], 
        [
          -34.22288836221834, 
          -3.86408687550899, 
          68.2069314374199
        ], 
        [
          -15.86265626237125, 
          -2.8382655423919227, 
          66.88817565140195
        ], 
        [
          -17.360745778151003, 
          15.492180079646149, 
          60.28994211289429
        ], 
        [
          -35.72097787799809, 
          14.466358746529078, 
          61.60869789891223
        ], 
        [
          -34.08700978690634, 
          -0.42451490125135494, 
          72.77422389691034
        ], 
        [
          -15.72677768705925, 
          0.6013064318657126, 
          71.45546811089241
        ]
      ], 
      "cuboid_centroid": [
        -25.79181707018467, 
        5.814046602068579, 
        64.24843677515709
      ], 
      "location": [
        -25.79181707018467, 
        5.814046602068579, 
        64.24843677515709
      ], 
      "pose_transform_permuted": [
        [
          -0.02375831796786152, 
          -0.6014078705941712, 
          -0.7985893747828352, 
          0.0
        ], 
        [
          0.9958848180346543, 
          0.05564199222055941, 
          -0.07153116904233262, 
          0.0
        ], 
        [
          -0.0874546734710551, 
          0.7970024014944188, 
          -0.5976110767469507, 
          0.0
        ], 
        [
          -25.79181707018467, 
          5.814046602068579, 
          64.24843677515709, 
          1.0
        ]
      ], 
      "projected_cuboid": [
        [
          312.7419434173691, 
          388.6416399170504
        ], 
        [
          143.5526775788687, 
          376.3836001909269
        ], 
        [
          211.7734960464851, 
          243.0726996170114
        ], 
        [
          354.0653240389103, 
          250.65619141784566
        ], 
        [
          326.7456282996879, 
          410.3290152659198
        ], 
        [
          169.7992671702659, 
          398.5154858381527
        ], 
        [
          229.71163003599966, 
          270.1755173746607
        ], 
        [
          363.23950487544823, 
          277.774486966712
        ]
      ], 
      "projected_cuboid_centroid": [
        265.71771279373115, 
        321.548333380507
      ], 
      "quaternion_xyzw": [
        0.9475595752130718, 
        0.037754002343187036, 
        -0.0251407641014991, 
        0.31634394783871667
      ], 
      "visibility": 0.7652479500195236
    }, 
    {
      "bounding_box": {
        "bottom_right": [
          279, 
          241
        ], 
        "top_left": [
          224, 
          159
        ]
      }, 
      "class": "061_foam_brick", 
      "cuboid": [
        [
          -40.47193198250491, 
          -6.866433335678226, 
          70.95568770493082
        ], 
        [
          -32.71704145595274, 
          -6.16662451811822, 
          70.83104541828654
        ], 
        [
          -33.11412587176946, 
          -2.374855074889651, 
          67.41460870649973
        ], 
        [
          -40.869016398321634, 
          -3.0746638924496574, 
          67.53925099314402
        ], 
        [
          -40.72483542786129, 
          -3.366885638222919, 
          74.8690931530876
        ], 
        [
          -32.96994490130911, 
          -2.667076820662913, 
          74.74445086644332
        ], 
        [
          -33.36702931712583, 
          1.1246926225656557, 
          71.32801415465651
        ], 
        [
          -41.12191984367801, 
          0.4248838050056495, 
          71.4526564413008
        ]
      ], 
      "cuboid_centroid": [
        -36.91948064981537, 
        -2.8708703565562854, 
        71.14185092979368
      ], 
      "location": [
        -36.91948064981537, 
        -2.8708703565562854, 
        71.14185092979368
      ], 
      "pose_transform_permuted": [
        [
          0.04811709348122162, 
          -0.6658195718258002, 
          -0.7445596303108486, 
          0.0
        ], 
        [
          -0.9958254047252983, 
          -0.08986424716002561, 
          0.016005636071644513, 
          0.0
        ], 
        [
          0.07756615639965331, 
          -0.7406812505093335, 
          0.6673640509686707, 
          0.0
        ], 
        [
          -36.91948064981537, 
          -2.8708703565562854, 
          71.14185092979368, 
          1.0
        ]
      ], 
      "projected_cuboid": [
        [
          174.86550949741937, 
          221.67681530938106
        ], 
        [
          233.20249069230076, 
          226.85518011915667
        ], 
        [
          217.44682455448665, 
          254.49896740980765
        ], 
        [
          156.18797527471898, 
          249.0076417633076
        ], 
        [
          189.08182411779364, 
          249.30299591434522
        ], 
        [
          244.3881548302748, 
          254.25630521107243
        ], 
        [
          230.03268782170042, 
          281.69586505679473
        ], 
        [
          172.10698241094897, 
          276.45785259823947
        ]
      ], 
      "projected_cuboid_centroid": [
        202.52127909687778, 
        251.76486878269668
      ], 
      "quaternion_xyzw": [
        -0.044869185072321544, 
        0.932880791626867, 
        -0.3572759871251901, 
        0.008605455728587083
      ], 
      "visibility": 0.9069767441860465
    }
  ]
}