{
  "camera_data": {
    "location_worldframe": [
      -9.822041969703616, 
      7.400796671965749, 
      83.30884339693235
    ], 
    "quaternion_xyzw_worldframe": [
      0.937078359820129, 
      -0.03522696898266004, 
      0.16797760626687094, 
      -0.3040235606564731
    ]
  }, 
  "objects": [
    {
      "bounding_box": {
        "bottom_right": [
          519, 
          419
        ], 
        "top_left": [
          322, 
          257
        ]
      }, 
      "class": "003_cracker_box", 
      "cuboid": [
        [
          -6.895899617775211, 
          19.038627907081732, 
          60.205707232242325
        ], 
        [
          -22.140714048985306, 
          22.5404218851655, 
          55.264939318225224
        ], 
        [
          -29.994472201689305, 
          9.696972834512481, 
          70.3949705973902
        ], 
        [
          -14.749657770479214, 
          6.195178856428714, 
          75.33573851140731
        ], 
        [
          -7.110701659046178, 
          24.564575944986107, 
          64.78502551124295
        ], 
        [
          -22.355516090256273, 
          28.06636992306987, 
          59.84425759722585
        ], 
        [
          -30.20927424296027, 
          15.222920872416854, 
          74.97428887639084
        ], 
        [
          -14.96445981175018, 
          11.721126894333086, 
          79.91505679040793
        ]
      ], 
      "cuboid_centroid": [
        -18.55258693036774, 
        17.13077438974929, 
        67.58999805431658
      ], 
      "location": [
        -18.55258693036774, 
        17.13077438974929, 
        67.58999805431658
      ], 
      "pose_transform_permuted": [
        [
          0.02991671955522444, 
          -0.7696306643482216, 
          -0.6377880763905585, 
          0.0
        ], 
        [
          0.9293578109316478, 
          -0.2134771531979369, 
          0.30120020637914563, 
          0.0
        ], 
        [
          0.36796609782884804, 
          0.6017442526168566, 
          -0.7088757333208627, 
          0.0
        ], 
        [
          -18.55258693036774, 
          17.13077438974929, 
          67.58999805431658, 
          1.0
        ]
      ], 
      "projected_cuboid": [
        [
          420.0021330876299, 
          441.93621533490887
        ], 
        [
          266.15343537109857, 
          490.80687822966684
        ], 
        [
          252.46212171779507, 
          346.7518078187075
        ], 
        [
          376.3105824927491, 
          317.1436802975083
        ], 
        [
          422.57294333815446, 
          475.5056356876234
        ], 
        [
          280.70908692886695, 
          523.4081922467673
        ], 
        [
          264.91664523764007, 
          381.572750975197
        ], 
        [
          380.8982977327366, 
          351.5084245775558
        ]
      ], 
      "projected_cuboid_centroid": [
        333.9877485535667, 
        408.45709161272873
      ], 
      "quaternion_xyzw": [
        0.8900688372169683, 
        -0.16331412434481432, 
        0.09300317910513903, 
        0.415278666055768
      ], 
      "visibility": 0.6076542567039833
    }, 
    {
      "bounding_box": {
        "bottom_right": [
          497, 
          439
        ], 
        "top_left": [
          377, 
          359
        ]
      }, 
      "class": "006_mustard_bottle", 
      "cuboid": [
        [
          -2.8428628510292806, 
          26.629852775722075, 
          70.10432572782533
        ], 
        [
          -11.528308847751424, 
          26.40698560997209, 
          66.01538627184661
        ], 
        [
          -17.994790759221814, 
          15.507274450415782, 
          80.34513309135674
        ], 
        [
          -9.309344762499668, 
          15.730141616165765, 
          84.43407254733546
        ], 
        [
          -4.357375656318176, 
          31.414880091192366, 
          73.06054306388084
        ], 
        [
          -13.04282165304032, 
          31.19201292544238, 
          68.97160360790213
        ], 
        [
          -19.509303564510706, 
          20.29230176588607, 
          83.30135042741227
        ], 
        [
          -10.823857567788563, 
          20.515168931636058, 
          87.39028988339098
        ]
      ], 
      "cuboid_centroid": [
        -11.176083207769993, 
        23.461077270804072, 
        76.7028380776188
      ], 
      "location": [
        -11.176083207769993, 
        23.461077270804072, 
        76.7028380776188
      ], 
      "pose_transform_permuted": [
        [
          0.2600066552576244, 
          -0.8214779982493965, 
          -0.507513821658169, 
          0.0
        ], 
        [
          0.9045078474195472, 
          0.023209527804224795, 
          0.4258247448607648, 
          0.0
        ], 
        [
          0.33802655641534657, 
          0.5697675922747559, 
          -0.7490680462757769, 
          0.0
        ], 
        [
          -11.176083207769993, 
          23.461077270804072, 
          76.7028380776188, 
          1.0
        ]
      ], 
      "projected_cuboid": [
        [
          459.7897222295572, 
          475.87349441827615
        ], 
        [
          387.6869970024767, 
          486.62108548105095
        ], 
        [
          361.1547895749489, 
          376.22162350319894
        ], 
        [
          422.3054763678094, 
          372.6444431121331
        ], 
        [
          449.52449283340684, 
          502.6055390865479
        ], 
        [
          379.9036212364621, 
          514.4772666505303
        ], 
        [
          355.65191436162, 
          403.2037825859612
        ], 
        [
          414.99148693299384, 
          398.4851310734716
        ]
      ], 
      "projected_cuboid_centroid": [
        403.2414885307522, 
        436.4128611319501
      ], 
      "quaternion_xyzw": [
        0.8633929090154251, 
        -0.09115694179435789, 
        0.19858612253964447, 
        0.45475994420551663
      ], 
      "visibility": 0.21622032866707244
    }, 
    {
      "bounding_box": {
        "bottom_right": [
          393, 
          380
        ], 
        "top_left": [
          310, 
          279
        ]
      }, 
      "class": "008_pudding_box", 
      "cuboid": [
        [
          -12.2856564228428, 
          10.167639053496107, 
          66.36931000261971
        ], 
        [
          -22.795907991592106, 
          12.169193240749655, 
          62.53515254891898
        ], 
        [
          -26.14388927065353, 
          6.800651382667827, 
          68.9101576763591
        ], 
        [
          -15.63363770190423, 
          4.79909719541428, 
          72.74431513005986
        ], 
        [
          -12.58051220648659, 
          13.176543517984113, 
          68.74832667755678
        ], 
        [
          -23.090763775235896, 
          15.178097705237658, 
          64.91416922385602
        ], 
        [
          -26.438745054297325, 
          9.809555847155833, 
          71.28917435129615
        ], 
        [
          -15.928493485548021, 
          7.808001659902285, 
          75.1233318049969
        ]
      ], 
      "cuboid_centroid": [
        -19.362200738570063, 
        9.98859745032597, 
        68.82924217695793
      ], 
      "location": [
        -19.362200738570063, 
        9.98859745032597, 
        68.82924217695793
      ], 
      "pose_transform_permuted": [
        [
          0.07664364902204024, 
          -0.7821227546130438, 
          -0.6183922078724887, 
          0.0
        ], 
        [
          0.9247585899369104, 
          -0.17610943142316898, 
          0.33735348933254133, 
          0.0
        ], 
        [
          0.37275585914763354, 
          0.5977200186855068, 
          -0.709777120980704, 
          0.0
        ], 
        [
          -19.362200738570063, 
          9.98859745032597, 
          68.82924217695793, 
          1.0
        ]
      ], 
      "projected_cuboid": [
        [
          382.0513007477031, 
          354.9899792501657
        ], 
        [
          285.5662197003589, 
          377.06927140658803
        ], 
        [
          277.5742746407841, 
          325.9191350178655
        ], 
        [
          366.0250438709971, 
          308.4707652475811
        ], 
        [
          383.189629718552, 
          375.5044251106334
        ], 
        [
          290.3078320837399, 
          397.9862274063047
        ], 
        [
          282.15857235757613, 
          346.6725504174749
        ], 
        [
          367.5742955016764, 
          328.71752181303515
        ]
      ], 
      "projected_cuboid_centroid": [
        330.3198715949467, 
        350.68263388753803
      ], 
      "quaternion_xyzw": [
        0.8861251063612443, 
        -0.1548498306364, 
        0.1167998557378106, 
        0.4209055428189022
      ], 
      "visibility": 0.9241122101508027
    }, 
    {
      "bounding_box": {
        "bottom_right": [
          539, 
          393
        ], 
        "top_left": [
          377, 
          230
        ]
      }, 
      "class": "019_pitcher_base", 
      "cuboid": [
        [
          -28.65661281617638, 
          39.60823744080943, 
          63.37356905080046
        ], 
        [
          -11.318626086735582, 
          37.850152827362855, 
          70.58958793697768
        ], 
        [
          -20.097430511061727, 
          23.758052414180504, 
          88.24914394865428
        ], 
        [
          -37.435417240502524, 
          25.516137027627085, 
          81.03312506247704
        ], 
        [
          -26.59992978066899, 
          28.849683371245348, 
          55.81078513771157
        ], 
        [
          -9.261943051228197, 
          27.091598757798774, 
          63.02680402388881
        ], 
        [
          -18.04074747555434, 
          12.999498344616429, 
          80.68636003556539
        ], 
        [
          -35.37873420499514, 
          14.757582958063004, 
          73.47034114938816
        ]
      ], 
      "cuboid_centroid": [
        -23.348680145865362, 
        26.30386789271293, 
        72.02996454318293
      ], 
      "location": [
        -23.348680145865362, 
        26.30386789271293, 
        72.02996454318293
      ], 
      "pose_transform_permuted": [
        [
          -0.15451467192505083, 
          0.8082696379301388, 
          0.5681775241962335, 
          0.0
        ], 
        [
          -0.9192117098017403, 
          0.09320874382480757, 
          -0.3825731996357662, 
          0.0
        ], 
        [
          0.36218130965868167, 
          0.5813884370569974, 
          -0.7285685857833448, 
          0.0
        ], 
        [
          -23.348680145865362, 
          26.30386789271293, 
          72.02996454318293, 
          1.0
        ]
      ], 
      "projected_cuboid": [
        [
          238.42794550134775, 
          606.609230682288
        ], 
        [
          395.3697653553575, 
          559.2526176655317
        ], 
        [
          359.1293091235535, 
          416.86452688364017
        ], 
        [
          233.16261258780074, 
          441.2210160509883
        ], 
        [
          225.29382811242633, 
          548.9698323878355
        ], 
        [
          402.5713310058098, 
          502.5299587881258
        ], 
        [
          361.3578509420725, 
          359.21044179279704
        ], 
        [
          222.64345660551436, 
          380.41150662428606
        ]
      ], 
      "projected_cuboid_centroid": [
        307.27961488945283, 
        468.04392748313813
      ], 
      "quaternion_xyzw": [
        -0.1532966403283929, 
        0.4386472845474689, 
        0.8758963510391756, 
        0.12997829393375374
      ], 
      "visibility": 0.18484552715460287
    }, 
    {
      "bounding_box": {
        "bottom_right": [
          425, 
          482
        ], 
        "top_left": [
          270, 
          309
        ]
      }, 
      "class": "035_power_drill", 
      "cuboid": [
        [
          0.9144310580831483, 
          10.284696639120321, 
          55.778314251853246
        ], 
        [
          -16.55499170322355, 
          13.509696562665962, 
          50.84798030061229
        ], 
        [
          -22.46442446712496, 
          1.6868354612135317, 
          64.05311189077568
        ], 
        [
          -4.995001705818261, 
          -1.5381644623321076, 
          68.98344584201664
        ], 
        [
          0.6536841910964208, 
          14.598705597441658, 
          59.52406071186967
        ], 
        [
          -16.81573857021028, 
          17.8237055209873, 
          54.593726760628726
        ], 
        [
          -22.72517133411169, 
          6.000844419534868, 
          67.79885835079212
        ], 
        [
          -5.25574857280499, 
          2.7758444959892277, 
          72.72919230203307
        ]
      ], 
      "cuboid_centroid": [
        -10.90537013801427, 
        8.142770529327596, 
        61.78858630132268
      ], 
      "location": [
        -10.90537013801427, 
        8.142770529327596, 
        61.78858630132268
      ], 
      "pose_transform_permuted": [
        [
          0.045591491968251456, 
          -0.7543028495306252, 
          -0.6549423646790646, 
          0.0
        ], 
        [
          0.9475660663330757, 
          -0.17492853274162976, 
          0.2674282494458538, 
          0.0
        ], 
        [
          0.3162898440818649, 
          0.6327935427614794, 
          -0.7067766363714174, 
          0.0
        ], 
        [
          -10.90537013801427, 
          8.142770529327596, 
          61.78858630132268, 
          1.0
        ]
      ], 
      "projected_cuboid": [
        [
          490.4131856678709, 
          371.62278564663046
        ], 
        [
          306.5128513851876, 
          414.98313432555597
        ], 
        [
          292.994848178768, 
          287.33148222375024
        ], 
        [
          442.65827511812813, 
          261.39479758072633
        ], 
        [
          487.50271185024815, 
          404.08701582103413
        ], 
        [
          315.95717468950085, 
          447.4041841479435
        ], 
        [
          301.3465495546517, 
          320.49039837599366
        ], 
        [
          442.73574836843204, 
          293.6416688812942
        ]
      ], 
      "projected_cuboid_centroid": [
        386.6844644912018, 
        343.56972852703797
      ], 
      "quaternion_xyzw": [
        0.8993472596519126, 
        -0.13654858330630204, 
        0.08701303585871206, 
        0.4061499799497763
      ], 
      "visibility": 0.8328616117980039
    }, 
    {
      "bounding_box": {
        "bottom_right": [
          338, 
          308
        ], 
        "top_left": [
          273, 
          235
        ]
      }, 
      "class": "061_foam_brick", 
      "cuboid": [
        [
          -29.820686707713257, 
          0.812994725506247, 
          64.91537763208461
        ], 
        [
          -22.494904315371002, 
          -0.19409076213056445, 
          67.35715696695556
        ], 
        [
          -20.80466267409666, 
          2.6767236224693765, 
          63.47016078573705
        ], 
        [
          -28.130445066438913, 
          3.683809110106188, 
          61.02838145086611
        ], 
        [
          -30.228783494593692, 
          5.111357105061801, 
          67.9125553558208
        ], 
        [
          -22.903001102251437, 
          4.104271617424989, 
          70.35433469069174
        ], 
        [
          -21.2127594609771, 
          6.97508600202493, 
          66.46733850947324
        ], 
        [
          -28.538541853319355, 
          7.982171489661741, 
          64.0255591746023
        ]
      ], 
      "cuboid_centroid": [
        -25.516723084345177, 
        3.8940403637655887, 
        65.69135807077893
      ], 
      "location": [
        -25.516723084345177, 
        3.8940403637655887, 
        65.69135807077893
      ], 
      "pose_transform_permuted": [
        [
          0.0776439847074516, 
          -0.8178010550302999, 
          -0.5702392883957377, 
          0.0
        ], 
        [
          -0.9407225273916453, 
          0.12932243335803517, 
          -0.3135551541407531, 
          0.0
        ], 
        [
          -0.33017046823818746, 
          -0.560782616190699, 
          0.7592827663536762, 
          0.0
        ], 
        [
          -25.516723084345177, 
          3.8940403637655887, 
          65.69135807077893, 
          1.0
        ]
      ], 
      "projected_cuboid": [
        [
          234.5601899607647, 
          279.96578755130963
        ], 
        [
          302.0029373127257, 
          271.7497687794985
        ], 
        [
          305.3252769613965, 
          295.77819561909047
        ], 
        [
          233.71992075317854, 
          305.47889655915105
        ], 
        [
          242.23113770544913, 
          313.42619737766773
        ], 
        [
          306.5345097418201, 
          304.39888433293675
        ], 
        [
          309.97204224329386, 
          329.253123113359
        ], 
        [
          241.89590712864862, 
          339.7763652714668
        ]
      ], 
      "projected_cuboid_centroid": [
        272.7115180843867, 
        304.900559134986
      ], 
      "quaternion_xyzw": [
        0.13108598782230052, 
        0.876319638028568, 
        -0.4499168319826478, 
        0.11160286779840817
      ], 
      "visibility": 0.9166447541414673
    }
  ]
}