{
  "camera_data": {
    "location_worldframe": [
      -14.168987778351012, 
      2.0297248971499453, 
      84.53743035241989
    ], 
    "quaternion_xyzw_worldframe": [
      0.9110477468501671, 
      0.01691291598684178, 
      0.04263710822575249, 
      -0.40974323714151434
    ]
  }, 
  "objects": [
    {
      "bounding_box": {
        "bottom_right": [
          451, 
          345
        ], 
        "top_left": [
          286, 
          193
        ]
      }, 
      "class": "003_cracker_box", 
      "cuboid": [
        [
          -18.260565200636922, 
          18.048221862187518, 
          64.42722185204003
        ], 
        [
          -34.57431106907467, 
          18.894036761984232, 
          62.93577671980478
        ], 
        [
          -36.632917371910246, 
          2.076287453414766, 
          75.91572261454688
        ], 
        [
          -20.319171503472496, 
          1.2304725536180534, 
          77.40716774678211
        ], 
        [
          -18.549807285431772, 
          22.45370917483861, 
          70.08941383831146
        ], 
        [
          -34.86355315386952, 
          23.299524074635322, 
          68.59796870607622
        ], 
        [
          -36.922159456705096, 
          6.481774766065857, 
          81.5779146008183
        ], 
        [
          -20.608413588267346, 
          5.635959866269144, 
          83.06935973305355
        ]
      ], 
      "cuboid_centroid": [
        -27.59136232867101, 
        12.264998314126688, 
        73.00256822642916
      ], 
      "location": [
        -27.59136232867101, 
        12.264998314126688, 
        73.00256822642916
      ], 
      "pose_transform_permuted": [
        [
          0.04028441388720447, 
          -0.6135776348159712, 
          -0.7886061450758565, 
          0.0
        ], 
        [
          0.9945222499624127, 
          -0.05156275842355715, 
          0.09092181406820726, 
          0.0
        ], 
        [
          0.09645029977902697, 
          0.7879490897243249, 
          -0.6081394344022946, 
          0.0
        ], 
        [
          -27.59136232867101, 
          12.264998314126688, 
          73.00256822642916, 
          1.0
        ]
      ], 
      "projected_cuboid": [
        [
          329.1789665092033, 
          422.68720875112194
        ], 
        [
          186.1717736103809, 
          433.395149259618
        ], 
        [
          222.1005622854981, 
          287.87277547035376
        ], 
        [
          340.4354735474347, 
          281.7642426759905
        ], 
        [
          339.27288133477606, 
          444.1397690470574
        ], 
        [
          208.2892033781625, 
          454.430275936899
        ], 
        [
          238.20510555784173, 
          315.6614556704052
        ], 
        [
          348.18490211630336, 
          309.470370098441
        ]
      ], 
      "projected_cuboid_centroid": [
        278.3488516249019, 
        362.88836908683385
      ], 
      "quaternion_xyzw": [
        0.9448647369812511, 
        -0.03916249924710683, 
        0.03471561135157891, 
        0.3232518426715581
      ], 
      "visibility": 0.42483815689261234
    }, 
    {
      "bounding_box": {
        "bottom_right": [
          454, 
          386
        ], 
        "top_left": [
          332, 
          318
        ]
      }, 
      "class": "006_mustard_bottle", 
      "cuboid": [
        [
          -13.738293248450933, 
          24.4133927406074, 
          74.96613931326347
        ], 
        [
          -22.883610466987893, 
          23.004670543997207, 
          72.40006399182124
        ], 
        [
          -24.13360630031718, 
          8.504352656733422, 
          84.81533793843023
        ], 
        [
          -14.98828908178022, 
          9.913074853343614, 
          87.38141325987246
        ], 
        [
          -15.472766093662832, 
          28.11546912269432, 
          79.11531884608594
        ], 
        [
          -24.61808331219979, 
          26.706746926084122, 
          76.5492435246437
        ], 
        [
          -25.868079145529077, 
          12.20642903882034, 
          88.9645174712527
        ], 
        [
          -16.72276192699212, 
          13.615151235430535, 
          91.53059279269493
        ]
      ], 
      "cuboid_centroid": [
        -19.803186196990005, 
        18.30991088971387, 
        81.96532839225809
      ], 
      "location": [
        -19.803186196990005, 
        18.30991088971387, 
        81.96532839225809
      ], 
      "pose_transform_permuted": [
        [
          0.2977686828027162, 
          -0.6355604880019857, 
          -0.7123177094476775, 
          0.0
        ], 
        [
          0.9523991277396243, 
          0.14670522183304108, 
          0.2672327093151104, 
          0.0
        ], 
        [
          0.06534183391502796, 
          0.7579844171009364, 
          -0.6489915778904792, 
          0.0
        ], 
        [
          -19.803186196990005, 
          18.30991088971387, 
          81.96532839225809, 
          1.0
        ]
      ], 
      "projected_cuboid": [
        [
          383.04644554338654, 
          446.96682296725413
        ], 
        [
          311.6250880208665, 
          442.74552225664354
        ], 
        [
          328.5801100934703, 
          326.76198150701504
        ], 
        [
          389.3559132779148, 
          333.78952999652796
        ], 
        [
          376.4253149774505, 
          462.8140592235286
        ], 
        [
          308.65323865264224, 
          459.35279393197357
        ], 
        [
          325.23223320912473, 
          346.4609656300244
        ], 
        [
          383.3468626047873, 
          352.61768355958816
        ]
      ], 
      "projected_cuboid_centroid": [
        351.67090173611035, 
        392.4226926842005
      ], 
      "quaternion_xyzw": [
        0.9250271961256381, 
        0.021989458325872364, 
        0.15269858942641495, 
        0.34716602692133064
      ], 
      "visibility": 0.337152209492635
    }, 
    {
      "bounding_box": {
        "bottom_right": [
          344, 
          328
        ], 
        "top_left": [
          276, 
          232
        ]
      }, 
      "class": "008_pudding_box", 
      "cuboid": [
        [
          -20.52984867821044, 
          7.2233962817545265, 
          69.26535280389484
        ], 
        [
          -31.788509408842703, 
          7.4896038274042755, 
          67.73431959790727
        ], 
        [
          -32.701162815185754, 
          0.4359831673860316, 
          73.21924530809375
        ], 
        [
          -21.442502084553492, 
          0.1697756217362817, 
          74.75027851408132
        ], 
        [
          -20.88181095630502, 
          9.60333126325596, 
          72.26738518010546
        ], 
        [
          -32.140471686937275, 
          9.869538808905709, 
          70.7363519741179
        ], 
        [
          -33.053125093280336, 
          2.815918148887465, 
          76.22127768430437
        ], 
        [
          -21.79446436264807, 
          2.549710603237715, 
          77.75231089029194
        ]
      ], 
      "cuboid_centroid": [
        -26.791486885745385, 
        5.019657215320995, 
        72.7433152440996
      ], 
      "location": [
        -26.791486885745385, 
        5.019657215320995, 
        72.7433152440996
      ], 
      "pose_transform_permuted": [
        [
          0.09148768587109564, 
          -0.6186309088575799, 
          -0.7803364511006243, 
          0.0
        ], 
        [
          0.9906083744745706, 
          -0.02342262817738844, 
          0.13471001140690408, 
          0.0
        ], 
        [
          0.10161254685414164, 
          0.7853324765196086, 
          -0.6106779055929099, 
          0.0
        ], 
        [
          -26.791486885745385, 
          5.019657215320995, 
          72.7433152440996, 
          1.0
        ]
      ], 
      "projected_cuboid": [
        [
          322.20693444441577, 
          328.9042247197421
        ], 
        [
          229.21811789763947, 
          332.25741736813353
        ], 
        [
          241.42102482128266, 
          276.4621834025477
        ], 
        [
          327.3366930553432, 
          274.49783331861533
        ], 
        [
          326.2090398920356, 
          344.15729957893717
        ], 
        [
          237.25326698224936, 
          347.6983245205965
        ], 
        [
          248.39733941872618, 
          292.9894915271481
        ], 
        [
          330.85841467810957, 
          290.7755435242348
        ]
      ], 
      "projected_cuboid_centroid": [
        283.5376655271219, 
        310.0882906201998
      ], 
      "quaternion_xyzw": [
        0.9429047277024867, 
        -0.033151592986545665, 
        0.05997363536111452, 
        0.3259366451173345
      ], 
      "visibility": 0.825846463291988
    }, 
    {
      "bounding_box": {
        "bottom_right": [
          492, 
          319
        ], 
        "top_left": [
          317, 
          176
        ]
      }, 
      "class": "019_pitcher_base", 
      "cuboid": [
        [
          -42.331896544959214, 
          32.29512673188959, 
          75.574931206574
        ], 
        [
          -23.862219862905736, 
          33.17107635514581, 
          79.29935457427763
        ], 
        [
          -26.058601553382445, 
          14.488708054120888, 
          94.5852841122522
        ], 
        [
          -44.52827823543591, 
          13.61275843086467, 
          90.86086074454857
        ], 
        [
          -39.916267639847625, 
          23.837258077928716, 
          65.58486983952079
        ], 
        [
          -21.446590957794154, 
          24.713207701184935, 
          69.30929320722441
        ], 
        [
          -23.642972648270856, 
          6.030839400160018, 
          84.59522274519897
        ], 
        [
          -42.11264933032433, 
          5.154889776903798, 
          80.87079937749535
        ]
      ], 
      "cuboid_centroid": [
        -32.98743459661503, 
        19.162983066024804, 
        80.0850769758865
      ], 
      "location": [
        -32.98743459661503, 
        19.162983066024804, 
        80.0850769758865
      ], 
      "pose_transform_permuted": [
        [
          -0.18148159017313287, 
          0.6354235327902773, 
          0.7505342476170824, 
          0.0
        ], 
        [
          -0.9792107553968168, 
          -0.04644040645885928, 
          -0.1974585414833121, 
          0.0
        ], 
        [
          0.09061466217004399, 
          0.7707660737994432, 
          -0.6306414531884181, 
          0.0
        ], 
        [
          -32.98743459661503, 
          19.162983066024804, 
          80.0850769758865, 
          1.0
        ]
      ], 
      "projected_cuboid": [
        [
          180.3785247350257, 
          501.187817574164
        ], 
        [
          319.7767958276266, 
          496.375171048355
        ], 
        [
          333.4410594045178, 
          354.981188609558
        ], 
        [
          218.0544874563818, 
          353.1883856270269
        ], 
        [
          154.30309847078598, 
          467.12509515431697
        ], 
        [
          315.1950703449479, 
          463.4491701498451
        ], 
        [
          331.30087562900405, 
          311.30718088172245
        ], 
        [
          201.56190585501594, 
          307.2815483964872
        ]
      ], 
      "projected_cuboid_centroid": [
        260.08944200710005, 
        400.9007518525824
      ], 
      "quaternion_xyzw": [
        -0.10126861674657381, 
        0.3383453984693633, 
        0.9354826397124296, 
        0.011805204563914732
      ], 
      "visibility": 0.2104062893836644
    }, 
    {
      "bounding_box": {
        "bottom_right": [
          402, 
          390
        ], 
        "top_left": [
          254, 
          221
        ]
      }, 
      "class": "035_power_drill", 
      "cuboid": [
        [
          -10.043106974115732, 
          12.223389531930849, 
          56.95873516493188
        ], 
        [
          -28.441192586447933, 
          12.304701114892488, 
          55.77831862037633
        ], 
        [
          -29.215964503998194, 
          -2.749298110875388, 
          66.81705841779865
        ], 
        [
          -10.817878891665995, 
          -2.8306096938370273, 
          67.9974749623542
        ], 
        [
          -10.323251919055163, 
          15.610656036363984, 
          61.55843332911787
        ], 
        [
          -28.721337531387363, 
          15.691967619325625, 
          60.37801678456232
        ], 
        [
          -29.496109448937624, 
          0.6379683935577487, 
          71.41675658198463
        ], 
        [
          -11.098023836605426, 
          0.5566568105961095, 
          72.59717312654018
        ]
      ], 
      "cuboid_centroid": [
        -19.76960821152668, 
        6.430678962744299, 
        64.18774587345825
      ], 
      "location": [
        -19.76960821152668, 
        6.430678962744299, 
        64.18774587345825
      ], 
      "pose_transform_permuted": [
        [
          0.048983238628145916, 
          -0.592262278798736, 
          -0.8042555001036321, 
          0.0
        ], 
        [
          0.9979380458036824, 
          -0.004410454647931002, 
          0.06402745397154236, 
          0.0
        ], 
        [
          0.041468022192911215, 
          0.8057333517715057, 
          -0.5908251145042098, 
          0.0
        ], 
        [
          -19.76960821152668, 
          6.430678962744299, 
          64.18774587345825, 
          1.0
        ]
      ], 
      "projected_cuboid": [
        [
          386.7771693620505, 
          387.7373415540798
        ], 
        [
          207.3928554286029, 
          390.9368765350736
        ], 
        [
          246.45809668128805, 
          251.34222380140997
        ], 
        [
          396.0429213915844, 
          251.08542561846673
        ], 
        [
          391.414893751517, 
          408.53150963024615
        ], 
        [
          225.78704600087764, 
          411.8938337416634
        ], 
        [
          259.49308277126977, 
          278.0507005395318
        ], 
        [
          399.3883875381024, 
          277.3758980131135
        ]
      ], 
      "projected_cuboid_centroid": [
        315.9675739703166, 
        326.7174067126644
      ], 
      "quaternion_xyzw": [
        0.9497271842059197, 
        -0.012076751514489358, 
        0.029748198872020837, 
        0.31142822196148406
      ], 
      "visibility": 0.7641458317207214
    }, 
    {
      "bounding_box": {
        "bottom_right": [
          287, 
          268
        ], 
        "top_left": [
          233, 
          190
        ]
      }, 
      "class": "061_foam_brick", 
      "cuboid": [
        [
          -35.94587073715301, 
          -5.388770446958651, 
          68.65057572819629
        ], 
        [
          -28.21772845876731, 
          -5.160638992875024, 
          69.58190173140275
        ], 
        [
          -27.92410994925324, 
          -1.3237642983937308, 
          66.20560018988564
        ], 
        [
          -35.65225222763894, 
          -1.5518957524773578, 
          65.27427418667916
        ], 
        [
          -36.51854058641335, 
          -1.912636881606667, 
          72.55109891370391
        ], 
        [
          -28.790398308027648, 
          -1.68450542752304, 
          73.48242491691038
        ], 
        [
          -28.496779798513582, 
          2.152369266958253, 
          70.10612337539325
        ], 
        [
          -36.22492207689928, 
          1.924237812874626, 
          69.17479737218679
        ]
      ], 
      "cuboid_centroid": [
        -32.22132526783329, 
        -1.6182005900001988, 
        69.37834955179477
      ], 
      "location": [
        -32.22132526783329, 
        -1.6182005900001988, 
        69.37834955179477
      ], 
      "pose_transform_permuted": [
        [
          0.1089554499026617, 
          -0.6613648283105045, 
          -0.7421086671171047, 
          0.0
        ], 
        [
          -0.9923905934968389, 
          -0.029294945791375704, 
          -0.11959396343491807, 
          0.0
        ], 
        [
          -0.05735520791960158, 
          -0.7494920746911855, 
          0.6595240784835696, 
          0.0
        ], 
        [
          -32.22132526783329, 
          -1.6182005900001988, 
          69.37834955179477, 
          1.0
        ]
      ], 
      "projected_cuboid": [
        [
          200.02046661640432, 
          231.4232793256658
        ], 
        [
          263.51623698214723, 
          233.73214570280706
        ], 
        [
          254.77967725550764, 
          262.6229472608418
        ], 
        [
          187.87494592634934, 
          260.60686584185294
        ], 
        [
          210.913958780078, 
          259.2268377187346
        ], 
        [
          270.901242357279, 
          261.0607610902677
        ], 
        [
          263.0064230659436, 
          289.6602957220817
        ], 
        [
          199.98497362945594, 
          288.12190790327145
        ]
      ], 
      "projected_cuboid_centroid": [
        231.84380388440883, 
        260.8472385498177
      ], 
      "quaternion_xyzw": [
        0.007516630380039208, 
        0.9332726471006648, 
        -0.3538325351379338, 
        0.06122257360900879
      ], 
      "visibility": 0.9137746930058729
    }
  ]
}