{
  "camera_data": {
    "location_worldframe": [
      -14.570167302921222, 
      1.4780520295464339, 
      85.44217929027589
    ], 
    "quaternion_xyzw_worldframe": [
      0.9067211202010924, 
      0.021305790375568526, 
      0.03503961914235336, 
      -0.4197330701846217
    ]
  }, 
  "objects": [
    {
      "bounding_box": {
        "bottom_right": [
          443, 
          344
        ], 
        "top_left": [
          282, 
          192
        ]
      }, 
      "class": "003_cracker_box", 
      "cuboid": [
        [
          -19.111811204966944, 
          17.851422981941766, 
          65.71811353949272
        ], 
        [
          -35.45107051084611, 
          18.478160474282063, 
          64.40894543031328
        ], 
        [
          -37.12044926177824, 
          1.361492391588219, 
          77.04960979098759
        ], 
        [
          -20.78118995589907, 
          0.7347548992479205, 
          78.35877790016703
        ], 
        [
          -19.408889235703015, 
          22.131870196176205, 
          71.4750149477808
        ], 
        [
          -35.74814854158218, 
          22.75860768851651, 
          70.16584683860137
        ], 
        [
          -37.41752729251431, 
          5.641939605822661, 
          82.80651119927568
        ], 
        [
          -21.078267986635147, 
          5.0152021134823626, 
          84.11567930845511
        ]
      ], 
      "cuboid_centroid": [
        -28.264669248740624, 
        11.746681293882213, 
        74.2623123693842
      ], 
      "location": [
        -28.264669248740624, 
        11.746681293882213, 
        74.2623123693842
      ], 
      "pose_transform_permuted": [
        [
          0.041375771286726176, 
          -0.5961625789098232, 
          -0.8017968726915925, 
          0.0
        ], 
        [
          0.9960776058820854, 
          -0.03820731216758641, 
          0.07980980113458497, 
          0.0
        ], 
        [
          0.07821412027659663, 
          0.8019541014325682, 
          -0.5922433373072599, 
          0.0
        ], 
        [
          -28.264669248740624, 
          11.746681293882213, 
          74.2623123693842, 
          1.0
        ]
      ], 
      "projected_cuboid": [
        [
          325.20724249361876, 
          418.15547823212756
        ], 
        [
          185.608522989975, 
          426.289584003605
        ], 
        [
          222.51669227733584, 
          282.7104735048238
        ], 
        [
          338.9790178094649, 
          278.2873711631256
        ], 
        [
          335.56838670893825, 
          438.4261996722519
        ], 
        [
          207.61665190380242, 
          446.27114107351684
        ], 
        [
          238.59927191433084, 
          309.62373943185014
        ], 
        [
          346.84057454172057, 
          305.08448008534697
        ]
      ], 
      "projected_cuboid_centroid": [
        276.92094721878306, 
        357.64608687531387
      ], 
      "quaternion_xyzw": [
        0.9486607112142683, 
        -0.0306804717081531, 
        0.03193596271795524, 
        0.31317991305235593
      ], 
      "visibility": 0.41862065575382196
    }, 
    {
      "bounding_box": {
        "bottom_right": [
          447, 
          384
        ], 
        "top_left": [
          327, 
          316
        ]
      }, 
      "class": "006_mustard_bottle", 
      "cuboid": [
        [
          -14.577242590672448, 
          24.062076594581168, 
          76.34355258850216
        ], 
        [
          -23.726339627930983, 
          22.567571665564728, 
          73.84024552979398
        ], 
        [
          -24.628119253501325, 
          7.791824658789334, 
          85.95737511905995
        ], 
        [
          -15.479022216242788, 
          9.286329587805774, 
          88.46068217776815
        ], 
        [
          -16.324360033387315, 
          27.649015986644088, 
          80.58747799126373
        ], 
        [
          -25.47345707064585, 
          26.15451105762765, 
          78.08417093255554
        ], 
        [
          -26.37523669621619, 
          11.378764050852256, 
          90.20130052182151
        ], 
        [
          -17.226139658957653, 
          12.873268979868696, 
          92.70460758052971
        ]
      ], 
      "cuboid_centroid": [
        -20.47623964344432, 
        17.720420322716713, 
        83.27242655516184
      ], 
      "location": [
        -20.47623964344432, 
        17.720420322716713, 
        83.27242655516184
      ], 
      "pose_transform_permuted": [
        [
          0.2999394663658162, 
          -0.6157941423045258, 
          -0.7285833736641236, 
          0.0
        ], 
        [
          0.9527927604554094, 
          0.15563868992020957, 
          0.26069598267686317, 
          0.0
        ], 
        [
          0.047139304748747, 
          0.7723821001192518, 
          -0.6334064866759567, 
          0.0
        ], 
        [
          -20.47623964344432, 
          17.720420322716713, 
          83.27242655516184, 
          1.0
        ]
      ], 
      "projected_cuboid": [
        [
          378.9149659204359, 
          441.37901238885365
        ], 
        [
          308.80279363496936, 
          436.28339460764465
        ], 
        [
          327.5193492687738, 
          321.6306465982041
        ], 
        [
          387.49807535947394, 
          329.27278297789456
        ], 
        [
          372.6638494681775, 
          456.2648622651149
        ], 
        [
          306.16191420896854, 
          451.92342134345694
        ], 
        [
          324.3526261199261, 
          340.56403470816196
        ], 
        [
          381.67109653071424, 
          347.3450624234884
        ]
      ], 
      "projected_cuboid_centroid": [
        349.363803470166, 
        386.77725238818323
      ], 
      "quaternion_xyzw": [
        0.929214484691073, 
        0.029191157412794294, 
        0.15083585605885935, 
        0.3360904962097616
      ], 
      "visibility": 0.35031097663472854
    }, 
    {
      "bounding_box": {
        "bottom_right": [
          338, 
          327
        ], 
        "top_left": [
          272, 
          231
        ]
      }, 
      "class": "008_pudding_box", 
      "cuboid": [
        [
          -21.16688809725991, 
          6.893701058795659, 
          70.34831762816091
        ], 
        [
          -32.4435612547365, 
          7.019378445964311, 
          68.93650380315435
        ], 
        [
          -33.192525859471104, 
          -0.1612369579423817, 
          74.27960450816106
        ], 
        [
          -21.91585270199451, 
          -0.28691434511103275, 
          75.69141833316762
        ], 
        [
          -21.523636116602052, 
          9.204276381408484, 
          73.40349992688232
        ], 
        [
          -32.80030927407864, 
          9.329953768577134, 
          71.99168610187576
        ], 
        [
          -33.54927387881324, 
          2.149338364670443, 
          77.33478680688246
        ], 
        [
          -22.272600721336648, 
          2.023660977501792, 
          78.74660063188902
        ]
      ], 
      "cuboid_centroid": [
        -27.358080988036576, 
        4.521519711733051, 
        73.8415522175217
      ], 
      "location": [
        -27.358080988036576, 
        4.521519711733051, 
        73.8415522175217
      ], 
      "pose_transform_permuted": [
        [
          0.09273167256844123, 
          -0.6006018327904505, 
          -0.7941520322505831, 
          0.0
        ], 
        [
          0.9921932220246934, 
          -0.011057893579883838, 
          0.12422033416863931, 
          0.0
        ], 
        [
          0.08338784522333972, 
          0.7994717535703579, 
          -0.5948874643544731, 
          0.0
        ], 
        [
          -27.358080988036576, 
          4.521519711733051, 
          73.8415522175217, 
          1.0
        ]
      ], 
      "projected_cuboid": [
        [
          319.7909140750557, 
          325.54856640145306
        ], 
        [
          228.50938854571365, 
          327.5911774742044
        ], 
        [
          241.2922615250246, 
          272.1288739393204
        ], 
        [
          325.8917426252456, 
          271.2649476570618
        ], 
        [
          323.9119853147985, 
          340.1610173729424
        ], 
        [
          236.58508151698197, 
          342.40350584661724
        ], 
        [
          248.30500143913025, 
          288.1089004404183
        ], 
        [
          329.49649390051667, 
          286.9919934593942
        ]
      ], 
      "projected_cuboid_centroid": [
        282.35705977910743, 
        305.94315116933336
      ], 
      "quaternion_xyzw": [
        0.9468126805030701, 
        -0.024937809967078627, 
        0.057284828140928425, 
        0.31566151408896537
      ], 
      "visibility": 0.8226389127816962
    }, 
    {
      "bounding_box": {
        "bottom_right": [
          483, 
          316
        ], 
        "top_left": [
          312, 
          177
        ]
      }, 
      "class": "019_pitcher_base", 
      "cuboid": [
        [
          -43.27889509318804, 
          31.48985638918972, 
          77.40659335399285
        ], 
        [
          -24.786936559043784, 
          32.57039148687135, 
          80.96292395984722
        ], 
        [
          -26.541936101176432, 
          13.539108621437034, 
          95.87080338008218
        ], 
        [
          -45.03389463532069, 
          12.458573523755398, 
          92.31447277422782
        ], 
        [
          -40.83941385582472, 
          23.282055171112546, 
          67.21576111371743
        ], 
        [
          -22.347455321680464, 
          24.362590268794186, 
          70.77209171957179
        ], 
        [
          -24.102454863813115, 
          5.3313074033598635, 
          85.67997113980677
        ], 
        [
          -42.594413397957375, 
          4.25077230567823, 
          82.1236405339524
        ]
      ], 
      "cuboid_centroid": [
        -33.69067497850058, 
        18.410581896274792, 
        81.5432822468998
      ], 
      "location": [
        -33.69067497850058, 
        18.410581896274792, 
        81.5432822468998
      ], 
      "pose_transform_permuted": [
        [
          -0.1832735703805325, 
          0.6166364435073746, 
          0.7656177802142098, 
          0.0
        ], 
        [
          -0.9803920770622176, 
          -0.057286957830816256, 
          -0.18854673197302002, 
          0.0
        ], 
        [
          0.07240485171974653, 
          0.7851610104888416, 
          -0.6150444903058492, 
          0.0
        ], 
        [
          -33.69067497850058, 
          18.410581896274792, 
          81.5432822468998, 
          1.0
        ]
      ], 
      "projected_cuboid": [
        [
          180.92717130112825, 
          490.24682981083396
        ], 
        [
          316.95970249481365, 
          487.83446636546864
        ], 
        [
          332.7165163651586, 
          348.6032299451724
        ], 
        [
          219.258917888464, 
          345.26226441867993
        ], 
        [
          154.8587131365399, 
          458.0166630813848
        ], 
        [
          311.7892102416106, 
          456.876512100139
        ], 
        [
          330.3197893068591, 
          306.47154731666996
        ], 
        [
          202.6792966150658, 
          300.89150166156475
        ]
      ], 
      "projected_cuboid_centroid": [
        259.4128223966717, 
        393.69773056907235
      ], 
      "quaternion_xyzw": [
        -0.0989335829347278, 
        0.32772446002334144, 
        0.9395704959934179, 
        0.004022554442002239
      ], 
      "visibility": 0.21530293566520925
    }, 
    {
      "bounding_box": {
        "bottom_right": [
          398, 
          385
        ], 
        "top_left": [
          252, 
          219
        ]
      }, 
      "class": "035_power_drill", 
      "cuboid": [
        [
          -10.885149001855423, 
          12.311707137957725, 
          58.045669376671995
        ], 
        [
          -29.29361481358021, 
          12.135694127882617, 
          57.052213353622605
        ], 
        [
          -29.726157331448828, 
          -3.1573125975751406, 
          67.77666172144924
        ], 
        [
          -11.31769151972404, 
          -2.9812995875000317, 
          68.77011774449862
        ], 
        [
          -11.168750165379919, 
          15.596762983874696, 
          62.71870449670908
        ], 
        [
          -29.57721597710471, 
          15.420749973799586, 
          61.7252484736597
        ], 
        [
          -30.009758494973326, 
          0.12774324834183004, 
          72.44969684148631
        ], 
        [
          -11.601292683248536, 
          0.3037562584169387, 
          73.4431528645357
        ]
      ], 
      "cuboid_centroid": [
        -20.447453748414375, 
        6.2197251931497775, 
        65.24768310907916
      ], 
      "location": [
        -20.447453748414375, 
        6.2197251931497775, 
        65.24768310907916
      ], 
      "pose_transform_permuted": [
        [
          0.0495875571524009, 
          -0.5743907834643484, 
          -0.8170784393485037, 
          0.0
        ], 
        [
          0.9985010824214678, 
          0.009547193279318194, 
          0.053886452271385346, 
          0.0
        ], 
        [
          0.023150920063116392, 
          0.8185257208247751, 
          -0.5740033329162495, 
          0.0
        ], 
        [
          -20.447453748414375, 
          6.2197251931497775, 
          65.24768310907916, 
          1.0
        ]
      ], 
      "projected_cuboid": [
        [
          380.75162232636194, 
          386.40564900989153
        ], 
        [
          205.48066496809332, 
          386.7300479406139
        ], 
        [
          245.73921781101535, 
          248.44234241747924
        ], 
        [
          393.0957335872362, 
          250.16624234342152
        ], 
        [
          385.8337396294781, 
          405.9113936784412
        ], 
        [
          223.91382126547146, 
          406.52517454557625
        ], 
        [
          258.8470921389149, 
          274.2268866499418
        ], 
        [
          396.6503106679011, 
          275.49231421524365
        ]
      ], 
      "projected_cuboid_centroid": [
        313.071470060117, 
        324.1251438811157
      ], 
      "quaternion_xyzw": [
        0.9531664653399671, 
        -0.003568035405795078, 
        0.02713954308780682, 
        0.30120502507686275
      ], 
      "visibility": 0.7750679673756596
    }, 
    {
      "bounding_box": {
        "bottom_right": [
          284, 
          267
        ], 
        "top_left": [
          230, 
          190
        ]
      }, 
      "class": "061_foam_brick", 
      "cuboid": [
        [
          -36.39601160250036, 
          -5.937655031631867, 
          69.6213796541172
        ], 
        [
          -28.662957578856542, 
          -5.610685075773754, 
          70.47961113509172
        ], 
        [
          -28.462417512981673, 
          -1.6995826835701393, 
          67.182598379701
        ], 
        [
          -36.19547153662549, 
          -2.0265526394282527, 
          66.32436689872651
        ], 
        [
          -36.98068345783493, 
          -2.553534437982206, 
          73.6002517393088
        ], 
        [
          -29.247629434191115, 
          -2.226564482124093, 
          74.45848322028331
        ], 
        [
          -29.047089368316247, 
          1.684537910079522, 
          71.1614704648926
        ], 
        [
          -36.78014339196006, 
          1.3575679542214085, 
          70.3032389839181
        ]
      ], 
      "cuboid_centroid": [
        -32.7215504854083, 
        -2.126558560776173, 
        70.39142505950491
      ], 
      "location": [
        -32.7215504854083, 
        -2.126558560776173, 
        70.39142505950491
      ], 
      "pose_transform_permuted": [
        [
          0.1112389365804406, 
          -0.6438585552953351, 
          -0.7570152308649124, 
          0.0
        ], 
        [
          -0.993021323317308, 
          -0.041987051591582225, 
          -0.11020770815051156, 
          0.0
        ], 
        [
          -0.03917333819825963, 
          -0.7639916545824632, 
          0.6440358695777395, 
          0.0
        ], 
        [
          -32.7215504854083, 
          -2.126558560776173, 
          70.39142505950491, 
          1.0
        ]
      ], 
      "projected_cuboid": [
        [
          200.46984166406133, 
          227.8024105163357
        ], 
        [
          262.896838179926, 
          230.83045489975146
        ], 
        [
          253.7692629713471, 
          259.79464052245885
        ], 
        [
          188.1208836338606, 
          256.99086477004107
        ], 
        [
          211.3958068967771, 
          254.78320558929224
        ], 
        [
          270.3609273446122, 
          257.33844999800164
        ], 
        [
          262.0895268467049, 
          285.91130599382234
        ], 
        [
          200.2581439982881, 
          283.58503327035766
        ]
      ], 
      "projected_cuboid_centroid": [
        231.61672783289436, 
        257.1746987302276
      ], 
      "quaternion_xyzw": [
        -0.0007504940275017773, 
        0.9372870703211321, 
        -0.3435165344892195, 
        0.059065853926449766
      ], 
      "visibility": 0.9400934322616104
    }
  ]
}