{
  "camera_data": {
    "location_worldframe": [
      -13.128906446715952, 
      3.089945673960111, 
      83.32911689594907
    ], 
    "quaternion_xyzw_worldframe": [
      0.9183087696721614, 
      0.015473682592989185, 
      0.06472981553986408, 
      -0.3902337480810325
    ]
  }, 
  "objects": [
    {
      "bounding_box": {
        "bottom_right": [
          465, 
          350
        ], 
        "top_left": [
          292, 
          200
        ]
      }, 
      "class": "003_cracker_box", 
      "cuboid": [
        [
          -16.064176341102343, 
          18.354887702321026, 
          62.44562272240404
        ], 
        [
          -32.28382633194111, 
          19.494678544966998, 
          60.2772254578649
        ], 
        [
          -35.2357114195467, 
          3.272913149387892, 
          73.83061060795785
        ], 
        [
          -19.016061428707943, 
          2.1331223067419205, 
          75.99900787249697
        ], 
        [
          -16.46873466361834, 
          22.99437091370573, 
          67.9104123459765
        ], 
        [
          -32.6883846544571, 
          24.134161756351702, 
          65.74201508143737
        ], 
        [
          -35.6402697420627, 
          7.912396360772596, 
          79.2954002315303
        ], 
        [
          -19.42061975122394, 
          6.772605518126625, 
          81.46379749606943
        ]
      ], 
      "cuboid_centroid": [
        -25.852223041582523, 
        13.13364203154681, 
        70.87051147696717
      ], 
      "location": [
        -25.852223041582523, 
        13.13364203154681, 
        70.87051147696717
      ], 
      "pose_transform_permuted": [
        [
          0.056345171613967085, 
          -0.6461675936360337, 
          -0.7611127791401289, 
          0.0
        ], 
        [
          0.9887859558790911, 
          -0.06948418606347813, 
          0.13219032242705347, 
          0.0
        ], 
        [
          0.13830240450572434, 
          0.7600259132567218, 
          -0.6350063433432943, 
          0.0
        ], 
        [
          -25.852223041582523, 
          13.13364203154681, 
          70.87051147696717, 
          1.0
        ]
      ], 
      "projected_cuboid": [
        [
          343.2569319467608, 
          430.0472624612146
        ], 
        [
          193.57651030020475, 
          445.7711498175411
        ], 
        [
          224.94880914312938, 
          296.92861085897925
        ], 
        [
          347.0406599689319, 
          288.255626806822
        ], 
        [
          351.18565478205994, 
          453.8678050852686
        ], 
        [
          214.20889965589961, 
          469.07033122443767
        ], 
        [
          239.89257429903773, 
          326.5031926258517
        ], 
        [
          353.3964348702079, 
          317.6247994292172
        ]
      ], 
      "projected_cuboid_centroid": [
        285.4309198400538, 
        372.1207124188528
      ], 
      "quaternion_xyzw": [
        0.9367396447620787, 
        -0.05545473380225567, 
        0.05031694107729006, 
        0.341923698901612
      ], 
      "visibility": 0.4727355072463768
    }, 
    {
      "bounding_box": {
        "bottom_right": [
          466, 
          391
        ], 
        "top_left": [
          341, 
          324
        ]
      }, 
      "class": "006_mustard_bottle", 
      "cuboid": [
        [
          -11.804604251296187, 
          25.04709177506455, 
          72.8910063164904
        ], 
        [
          -20.87442626046533, 
          23.734205064171025, 
          70.02382564263048
        ], 
        [
          -22.94245729923647, 
          9.786534467693182, 
          82.9523394063706
        ], 
        [
          -13.872635290067326, 
          11.09942117858671, 
          85.81952008023052
        ], 
        [
          -13.610918024554708, 
          28.9533635687188, 
          76.81627415599051
        ], 
        [
          -22.68074003372385, 
          27.64047685782527, 
          73.9490934821306
        ], 
        [
          -24.74877107249499, 
          13.692806261347428, 
          86.87760724587072
        ], 
        [
          -15.678949063325845, 
          15.005692972240952, 
          89.74478791973063
        ]
      ], 
      "cuboid_centroid": [
        -18.27668766189559, 
        19.36994901820599, 
        79.88430678118056
      ], 
      "location": [
        -18.27668766189559, 
        19.36994901820599, 
        79.88430678118056
      ], 
      "pose_transform_permuted": [
        [
          0.31010210074858996, 
          -0.670616095188118, 
          -0.6738772748402524, 
          0.0
        ], 
        [
          0.9445370088177477, 
          0.13672485364875892, 
          0.29859001143461056, 
          0.0
        ], 
        [
          0.10810351287859793, 
          0.7290955308140552, 
          -0.6758204920319283, 
          0.0
        ], 
        [
          -18.27668766189559, 
          19.36994901820599, 
          79.88430678118056, 
          1.0
        ]
      ], 
      "projected_cuboid": [
        [
          394.5068815530379, 
          456.5478924361451
        ], 
        [
          321.2871284127185, 
          454.05238782692044
        ], 
        [
          332.86554321321927, 
          336.20640884163356
        ], 
        [
          394.66808040446097, 
          342.2631376043511
        ], 
        [
          386.31176604176125, 
          474.3037828235236
        ], 
        [
          316.6608229162343, 
          472.629179010959
        ], 
        [
          328.4045608131356, 
          357.34320067332993
        ], 
        [
          387.6464917069077, 
          362.4597379705823
        ]
      ], 
      "projected_cuboid_centroid": [
        358.5623281690264, 
        402.603215470206
      ], 
      "quaternion_xyzw": [
        0.9148100642308292, 
        0.007821662082999099, 
        0.16634384993757909, 
        0.36795522914150713
      ], 
      "visibility": 0.30699421060866844
    }, 
    {
      "bounding_box": {
        "bottom_right": [
          353, 
          335
        ], 
        "top_left": [
          282, 
          239
        ]
      }, 
      "class": "008_pudding_box", 
      "cuboid": [
        [
          -18.771579175265497, 
          7.789909592317826, 
          67.62108102209072
        ], 
        [
          -29.953351463986127, 
          8.238761060283228, 
          65.636422002112
        ], 
        [
          -31.242195608860925, 
          1.437862936666138, 
          71.35984546925243
        ], 
        [
          -20.060423320140295, 
          0.9890114687007352, 
          73.34450448923116
        ], 
        [
          -19.183437060097273, 
          10.298195155335478, 
          70.50882113613348
        ], 
        [
          -30.3652093488179, 
          10.747046623300879, 
          68.52416211615476
        ], 
        [
          -31.6540534936927, 
          3.946148499683789, 
          74.24758558329518
        ], 
        [
          -20.47228120497207, 
          3.4972970317183862, 
          76.23224460327391
        ]
      ], 
      "cuboid_centroid": [
        -25.2128163344791, 
        5.8680290460008075, 
        70.93433330269295
      ], 
      "location": [
        -25.2128163344791, 
        5.8680290460008075, 
        70.93433330269295
      ], 
      "pose_transform_permuted": [
        [
          0.10705671356320134, 
          -0.6519938525988769, 
          -0.7506277714224543, 
          0.0
        ], 
        [
          0.9838432417220816, 
          -0.03949279880616517, 
          0.174622887455728, 
          0.0
        ], 
        [
          0.14349668247394878, 
          0.7571949816144429, 
          -0.6372316491440326, 
          0.0
        ], 
        [
          -25.2128163344791, 
          5.8680290460008075, 
          70.93433330269295, 
          1.0
        ]
      ], 
      "projected_cuboid": [
        [
          332.31403952629574, 
          334.72464683625583
        ], 
        [
          236.18706441982218, 
          340.22944072490793
        ], 
        [
          246.15753688237197, 
          284.0326439601883
        ], 
        [
          334.51346796550564, 
          280.47806770697053
        ], 
        [
          335.2868341152059, 
          351.18075120412715
        ], 
        [
          243.29693557993417, 
          356.9301791213894
        ], 
        [
          252.3315535471988, 
          301.63167885637705
        ], 
        [
          337.1797526232623, 
          297.7535729597236
        ]
      ], 
      "projected_cuboid_centroid": [
        290.4548565580373, 
        317.40529767280907
      ], 
      "quaternion_xyzw": [
        0.9343000046504039, 
        -0.04896432633236069, 
        0.07537182907441173, 
        0.3449709663186054
      ], 
      "visibility": 0.8561776061776062
    }, 
    {
      "bounding_box": {
        "bottom_right": [
          509, 
          327
        ], 
        "top_left": [
          328, 
          178
        ]
      }, 
      "class": "019_pitcher_base", 
      "cuboid": [
        [
          -40.20798453736197, 
          33.56951031266849, 
          72.05113101907541
        ], 
        [
          -21.880562259007487, 
          34.194209878212995, 
          76.46507675816797
        ], 
        [
          -25.10286242685924, 
          16.207517715631603, 
          92.39022373965989
        ], 
        [
          -43.43028470521374, 
          15.582818150087101, 
          87.97627800056733
        ], 
        [
          -37.60689913628743, 
          24.657939601886923, 
          62.512242535849985
        ], 
        [
          -19.279476857932938, 
          25.282639167431427, 
          66.92618827494255
        ], 
        [
          -22.501777025784698, 
          7.295947004850034, 
          82.85133525643447
        ], 
        [
          -40.82919930413919, 
          6.671247439305533, 
          78.4373895173419
        ]
      ], 
      "cuboid_centroid": [
        -31.354880781573335, 
        20.432728658759263, 
        77.45123313775494
      ], 
      "location": [
        -31.354880781573335, 
        20.432728658759263, 
        77.45123313775494
      ], 
      "pose_transform_permuted": [
        [
          -0.19541458282944507, 
          0.6695093025715585, 
          0.7166384897766271, 
          0.0
        ], 
        [
          -0.9716688235859609, 
          -0.03311982900422294, 
          -0.2340150948964441, 
          0.0
        ], 
        [
          0.13294030012469743, 
          0.742065024916114, 
          -0.6570132231538439, 
          0.0
        ], 
        [
          -31.354880781573335, 
          20.432728658759263, 
          77.45123313775494, 
          1.0
        ]
      ], 
      "projected_cuboid": [
        [
          181.49897198518997, 
          521.7667074665188
        ], 
        [
          327.7153289469577, 
          511.7802730598768
        ], 
        [
          335.48403234246365, 
          366.84391063913483
        ], 
        [
          216.12500174940254, 
          367.75088984208816
        ], 
        [
          158.08224452406475, 
          483.6543241442165
        ], 
        [
          326.6829883229835, 
          474.75814318996555
        ], 
        [
          335.5445524580356, 
          320.25103654288955
        ], 
        [
          201.67349696471732, 
          318.64637116118905
        ]
      ], 
      "projected_cuboid_centroid": [
        263.8919921829943, 
        413.98377274278323
      ], 
      "quaternion_xyzw": [
        -0.11592882353208042, 
        0.3581079831522755, 
        0.9260632184519993, 
        0.02694753153227856
      ], 
      "visibility": 0.21235672351132234
    }, 
    {
      "bounding_box": {
        "bottom_right": [
          407, 
          407
        ], 
        "top_left": [
          257, 
          233
        ]
      }, 
      "class": "035_power_drill", 
      "cuboid": [
        [
          -7.702917219958401, 
          12.050336665322558, 
          55.54802817564375
        ], 
        [
          -26.034700768752018, 
          12.484751436051113, 
          53.63843536092073
        ], 
        [
          -27.58776679516439, 
          -2.0828852029052687, 
          65.23364511330463
        ], 
        [
          -9.255983246370779, 
          -2.517299973633823, 
          67.14323792802766
        ], 
        [
          -8.081168919909059, 
          15.628884370467658, 
          59.99327290876373
        ], 
        [
          -26.41295246870267, 
          16.063299141196214, 
          58.0836800940407
        ], 
        [
          -27.96601849511505, 
          1.4956625022398307, 
          69.67888984642461
        ], 
        [
          -9.634234946321437, 
          1.0612477315112765, 
          71.58848266114762
        ]
      ], 
      "cuboid_centroid": [
        -17.834467857536726, 
        6.7729995837811945, 
        62.61345901103418
      ], 
      "location": [
        -17.834467857536726, 
        6.7729995837811945, 
        62.61345901103418
      ], 
      "pose_transform_permuted": [
        [
          0.06613716797278207, 
          -0.6257077250536311, 
          -0.7772493755687852, 
          0.0
        ], 
        [
          0.9943417286044574, 
          -0.023563268293442484, 
          0.10357900066124741, 
          0.0
        ], 
        [
          0.08312456219884456, 
          0.7797018267680297, 
          -0.6206089875632621, 
          0.0
        ], 
        [
          -17.834467857536726, 
          6.7729995837811945, 
          62.61345901103418, 
          1.0
        ]
      ], 
      "projected_cuboid": [
        [
          407.02463423831716, 
          388.98246344436126
        ], 
        [
          220.58040830038027, 
          397.4207038471534
        ], 
        [
          254.17288808281145, 
          256.25784877853465
        ], 
        [
          407.4639934149384, 
          253.29159263646685
        ], 
        [
          409.15958309532846, 
          412.2219501327907
        ], 
        [
          237.0544468125225, 
          420.77843223582715
        ], 
        [
          265.7624238913002, 
          284.73428211193664
        ], 
        [
          409.2258621635208, 
          281.19261695910984
        ]
      ], 
      "projected_cuboid_centroid": [
        328.4233706306186, 
        330.97658373028884
      ], 
      "quaternion_xyzw": [
        0.942243722576764, 
        -0.028306856266584263, 
        0.04502979552092553, 
        0.3306779028488981
      ], 
      "visibility": 0.8015463917525774
    }, 
    {
      "bounding_box": {
        "bottom_right": [
          294, 
          273
        ], 
        "top_left": [
          239, 
          196
        ]
      }, 
      "class": "061_foam_brick", 
      "cuboid": [
        [
          -34.4435132888518, 
          -4.497319682400079, 
          66.90403793005247
        ], 
        [
          -26.753904367940294, 
          -4.399931163833639, 
          68.13042501391018
        ], 
        [
          -26.24026485995423, 
          -0.7122215755348901, 
          64.61699310226935
        ], 
        [
          -33.929873780865734, 
          -0.8096100941013292, 
          63.390606018411624
        ], 
        [
          -35.08488650883277, 
          -0.8523175211901475, 
          70.6360797409875
        ], 
        [
          -27.395277587921267, 
          -0.7549290026237084, 
          71.86246682484523
        ], 
        [
          -26.881638079935204, 
          2.932780585675041, 
          68.34903491320438
        ], 
        [
          -34.571247000846704, 
          2.835392067108602, 
          67.12264782934666
        ]
      ], 
      "cuboid_centroid": [
        -30.662575684393502, 
        -0.7822695483625188, 
        67.62653642162843
      ], 
      "location": [
        -30.662575684393502, 
        -0.7822695483625188, 
        67.62653642162843
      ], 
      "pose_transform_permuted": [
        [
          0.12202686736311297, 
          -0.6934935563374778, 
          -0.710053611328006, 
          0.0
        ], 
        [
          -0.9874424261215828, 
          -0.012505909733343423, 
          -0.1574835144288585, 
          0.0
        ], 
        [
          -0.10033393611669089, 
          -0.7203542805732048, 
          0.686311016757849, 
          0.0
        ], 
        [
          -30.662575684393502, 
          -0.7822695483625188, 
          67.62653642162843, 
          1.0
        ]
      ], 
      "projected_cuboid": [
        [
          204.7455864761335, 
          237.43655444363128
        ], 
        [
          270.4243499735113, 
          238.8442245245856
        ], 
        [
          263.2168941266663, 
          267.4081815994138
        ], 
        [
          193.7584381890986, 
          266.4751041580725
        ], 
        [
          214.49009482673608, 
          266.8513333834821
        ], 
        [
          276.5916581248916, 
          267.68391342939464
        ], 
        [
          270.09477476675175, 
          296.1706843555704
        ], 
        [
          204.6238970061326, 
          295.8150013877313
        ]
      ], 
      "projected_cuboid_centroid": [
        237.76926466791306, 
        267.11736694982903
      ], 
      "quaternion_xyzw": [
        0.023753445188113217, 
        0.9243714510442749, 
        -0.37317373106248114, 
        0.07559471397461616
      ], 
      "visibility": 0.930066360387953
    }
  ]
}