{
  "camera_data": {
    "location_worldframe": [
      -21.76744625054996, 
      -3.6655939751140245, 
      95.08698412921935
    ], 
    "quaternion_xyzw_worldframe": [
      0.9562563771049662, 
      0.029634260205746703, 
      -0.04453694597680253, 
      -0.2876002965621801
    ]
  }, 
  "objects": [
    {
      "bounding_box": {
        "bottom_right": [
          352, 
          314
        ], 
        "top_left": [
          234, 
          147
        ]
      }, 
      "class": "003_cracker_box", 
      "cuboid": [
        [
          -30.143979421810034, 
          6.127898105424214, 
          72.4667536065336
        ], 
        [
          -46.510508214775314, 
          5.530517625017384, 
          73.39302976288421
        ], 
        [
          -45.08034228082257, 
          -7.31402777879599, 
          90.37907774106716
        ], 
        [
          -28.713813487857287, 
          -6.71664729838916, 
          89.45280158471657
        ], 
        [
          -30.108081576970015, 
          11.856241228672962, 
          76.79540165667666
        ], 
        [
          -46.4746103699353, 
          11.258860748266132, 
          77.72167781302727
        ], 
        [
          -45.04444443598255, 
          -1.585684655547242, 
          94.70772579121024
        ], 
        [
          -28.677915643017272, 
          -0.9883041751404121, 
          93.78144963485963
        ]
      ], 
      "cuboid_centroid": [
        -37.59421192889629, 
        2.271106724938486, 
        83.58723969887191
      ], 
      "location": [
        -37.59421192889629, 
        2.271106724938486, 
        83.58723969887191
      ], 
      "pose_transform_permuted": [
        [
          -0.004999699957977416, 
          -0.7978193955715214, 
          -0.602875787414143, 
          0.0
        ], 
        [
          0.997740014495712, 
          0.03641764339404416, 
          -0.056467855667814315, 
          0.0
        ], 
        [
          -0.06700646591506726, 
          0.6017956192093101, 
          -0.7958342580123431, 
          0.0
        ], 
        [
          -37.59421192889629, 
          2.271106724938486, 
          83.58723969887191, 
          1.0
        ]
      ], 
      "projected_cuboid": [
        [
          257.9034899010495, 
          318.38484721500134
        ], 
        [
          140.80615407772618, 
          313.4747324738033
        ], 
        [
          213.364790169283, 
          230.12705523626875
        ], 
        [
          308.9780405775354, 
          233.2417381090462
        ], 
        [
          270.7635742738238, 
          355.6243537053624
        ], 
        [
          160.0346182744169, 
          350.54388870014054
        ], 
        [
          225.82826863035405, 
          264.3572064778821
        ], 
        [
          317.1514223447472, 
          267.66621570251556
        ]
      ], 
      "projected_cuboid_centroid": [
        239.73222792529117, 
        287.77709534694816
      ], 
      "quaternion_xyzw": [
        0.8947641338809862, 
        0.02889703146138511, 
        -0.017174234331225335, 
        0.445271997736288
      ], 
      "visibility": 0.5423206278026906
    }, 
    {
      "bounding_box": {
        "bottom_right": [
          382, 
          348
        ], 
        "top_left": [
          292, 
          271
        ]
      }, 
      "class": "006_mustard_bottle", 
      "cuboid": [
        [
          -24.903727417341226, 
          15.339691895976868, 
          80.1944852417809
        ], 
        [
          -34.12238374447234, 
          12.732742690014268, 
          79.54159997622337
        ], 
        [
          -32.206147025279336, 
          2.016930425545814, 
          95.27246581167803
        ], 
        [
          -22.98749069814823, 
          4.623879631508415, 
          95.92535107723558
        ], 
        [
          -26.425973415402254, 
          19.898473011100055, 
          83.48534200726911
        ], 
        [
          -35.64462974253336, 
          17.29152380513745, 
          82.83245674171157
        ], 
        [
          -33.72839302334037, 
          6.575711540668999, 
          98.56332257716625
        ], 
        [
          -24.50973669620925, 
          9.182660746631601, 
          99.21620784272378
        ]
      ], 
      "cuboid_centroid": [
        -29.316060220340795, 
        10.957701718322934, 
        89.37890390947358
      ], 
      "location": [
        -29.316060220340795, 
        10.957701718322934, 
        89.37890390947358
      ], 
      "pose_transform_permuted": [
        [
          0.2613342647569448, 
          -0.7826367830338036, 
          -0.56496363552588, 
          0.0
        ], 
        [
          0.9600367089612684, 
          0.27148934153838894, 
          0.06799188508963795, 
          0.0
        ], 
        [
          -0.10016867105380411, 
          0.5601545273831848, 
          -0.8223096392426856, 
          0.0
        ], 
        [
          -29.316060220340795, 
          10.957701718322934, 
          89.37890390947358, 
          1.0
        ]
      ], 
      "projected_cuboid": [
        [
          314.59894604649696, 
          375.30051142700506
        ], 
        [
          250.90281369427242, 
          358.6584820471029
        ], 
        [
          299.8099506989309, 
          284.57698254664194
        ], 
        [
          352.7276386692456, 
          298.9940858821365
        ], 
        [
          311.3763178042296, 
          400.40161084174827
        ], 
        [
          250.18537302887563, 
          384.61860068851666
        ], 
        [
          297.574091052447, 
          308.867275787607
        ], 
        [
          348.75128948575184, 
          322.6463442900852
        ]
      ], 
      "projected_cuboid_centroid": [
        305.2117964999574, 
        338.6706124924487
      ], 
      "quaternion_xyzw": [
        0.8782304469600125, 
        0.10579740598799672, 
        0.09374707714431404, 
        0.4568693865693219
      ], 
      "visibility": 0.8392311052861512
    }, 
    {
      "bounding_box": {
        "bottom_right": [
          270, 
          297
        ], 
        "top_left": [
          217, 
          203
        ]
      }, 
      "class": "008_pudding_box", 
      "cuboid": [
        [
          -30.63027596103841, 
          -3.135336343806503, 
          80.19265734555282
        ], 
        [
          -41.96117605237292, 
          -3.986744802818005, 
          80.43385713576359
        ], 
        [
          -41.40431416982097, 
          -9.366095350182556, 
          87.60486844757588
        ], 
        [
          -30.073414078486465, 
          -8.514686891171054, 
          87.36366865736511
        ], 
        [
          -30.81147035671063, 
          -0.06806432050112249, 
          82.5076470378015
        ], 
        [
          -42.142370448045135, 
          -0.9194727795126243, 
          82.74884682801226
        ], 
        [
          -41.58550856549319, 
          -6.298823326877176, 
          89.91985813982456
        ], 
        [
          -30.254608474158683, 
          -5.447414867865674, 
          89.6786583496138
        ]
      ], 
      "cuboid_centroid": [
        -36.1078922632658, 
        -4.717079835341839, 
        85.05625774268869
      ], 
      "location": [
        -36.1078922632658, 
        -4.717079835341839, 
        85.05625774268869
      ], 
      "pose_transform_permuted": [
        [
          0.04709895629328813, 
          -0.7972945875579135, 
          -0.6017492866163281, 
          0.0
        ], 
        [
          0.9969644515773853, 
          0.0749123159294204, 
          -0.021222287252534184, 
          0.0
        ], 
        [
          -0.06199960876585624, 
          0.5989234311075056, 
          -0.798402457985472, 
          0.0
        ], 
        [
          -36.1078922632658, 
          -4.717079835341839, 
          85.05625774268869, 
          1.0
        ]
      ], 
      "projected_cuboid": [
        [
          276.1934721482096, 
          252.43504948698452
        ], 
        [
          201.05338475575965, 
          246.85228315190724
        ], 
        [
          227.43596209727633, 
          216.26776543354066
        ], 
        [
          296.4812167895322, 
          221.30784554073807
        ], 
        [
          280.7756823682563, 
          272.84657833718734
        ], 
        [
          207.7243648652968, 
          267.3604996340237
        ], 
        [
          232.89571844956993, 
          235.92787326985223
        ], 
        [
          300.17330440389173, 
          240.89072519658745
        ]
      ], 
      "projected_cuboid_centroid": [
        253.3066912476626, 
        243.70951310009116
      ], 
      "quaternion_xyzw": [
        0.8940969143920052, 
        0.03828218241542028, 
        0.007235420630645598, 
        0.44617563819367256
      ], 
      "visibility": 0.3065183652353854
    }, 
    {
      "bounding_box": {
        "bottom_right": [
          416, 
          288
        ], 
        "top_left": [
          271, 
          138
        ]
      }, 
      "class": "019_pitcher_base", 
      "cuboid": [
        [
          -53.80094478172053, 
          21.306480402394406, 
          83.2664940671039
        ], 
        [
          -35.18135228456477, 
          24.288970673857506, 
          83.69439700523137
        ], 
        [
          -33.38603217579363, 
          10.256984205674685, 
          103.37674445590659
        ], 
        [
          -52.00562467294939, 
          7.274493934211583, 
          102.94884151777914
        ], 
        [
          -51.91705846575536, 
          10.659145574980561, 
          75.50393233054986
        ], 
        [
          -33.2974659685996, 
          13.641635846443661, 
          75.93183526867732
        ], 
        [
          -31.502145859828467, 
          -0.3903506217391592, 
          95.61418271935254
        ], 
        [
          -50.121738356984224, 
          -3.3728408932022615, 
          95.18627978122508
        ]
      ], 
      "cuboid_centroid": [
        -42.651545320774495, 
        10.458064890327623, 
        89.44033839322823
      ], 
      "location": [
        -42.651545320774495, 
        10.458064890327623, 
        89.44033839322823
      ], 
      "pose_transform_permuted": [
        [
          -0.14153278411402742, 
          0.7999139484943301, 
          0.5831864508600383, 
          0.0
        ], 
        [
          -0.9871588738765994, 
          -0.15812331758469847, 
          -0.022686220581621702, 
          0.0
        ], 
        [
          -0.07406833058605339, 
          0.5789083559119673, 
          -0.8120215501201291, 
          0.0
        ], 
        [
          -42.651545320774495, 
          10.458064890327623, 
          89.44033839322823, 
          1.0
        ]
      ], 
      "projected_cuboid": [
        [
          134.1318304907465, 
          409.7539535290583
        ], 
        [
          255.54531373614793, 
          428.06133986725524
        ], 
        [
          307.9235132492499, 
          326.2022161637433
        ], 
        [
          209.94026110053977, 
          310.97156692957293
        ], 
        [
          111.82658042420486, 
          348.5770678855191
        ], 
        [
          245.7779423869189, 
          369.1007839779237
        ], 
        [
          304.4191646746127, 
          271.1092288735639
        ], 
        [
          198.42950060649972, 
          254.38883441113538
        ]
      ], 
      "projected_cuboid_centroid": [
        225.15275336485078, 
        335.6464407756828
      ], 
      "quaternion_xyzw": [
        -0.04626894500933754, 
        0.45416518680171686, 
        0.8873068354082206, 
        -0.06542033682855833
      ], 
      "visibility": 0.21073867163252638
    }, 
    {
      "bounding_box": {
        "bottom_right": [
          288, 
          330
        ], 
        "top_left": [
          188, 
          172
        ]
      }, 
      "class": "035_power_drill", 
      "cuboid": [
        [
          -22.466726965089045, 
          -0.9544406841018482, 
          65.52894039716803
        ], 
        [
          -40.768133378529406, 
          -2.3337707153595146, 
          67.27408249620868
        ], 
        [
          -38.51387889618148, 
          -13.91947278036199, 
          81.7574103223214
        ], 
        [
          -20.212472482741124, 
          -12.540142749104326, 
          80.01226822328076
        ], 
        [
          -22.46271834316535, 
          3.511953515662547, 
          69.10113657698614
        ], 
        [
          -40.76412475660571, 
          2.1326234844048817, 
          70.84627867602677
        ], 
        [
          -38.509870274257786, 
          -9.453078580597596, 
          85.3296065021395
        ], 
        [
          -20.208463860817428, 
          -8.073748549339928, 
          83.58446440309886
        ]
      ], 
      "cuboid_centroid": [
        -30.488298619673415, 
        -5.203759632349722, 
        75.42927344965376
      ], 
      "location": [
        -30.488298619673415, 
        -5.203759632349722, 
        75.42927344965376
      ], 
      "pose_transform_permuted": [
        [
          -0.0007009060409812111, 
          -0.7809473518850293, 
          -0.6245971632306692, 
          0.0
        ], 
        [
          0.9926940300487325, 
          0.07481680131920639, 
          -0.09465896249547842, 
          0.0
        ], 
        [
          -0.12065418581257333, 
          0.62010010877919, 
          -0.7751893765322067, 
          0.0
        ], 
        [
          -30.488298619673415, 
          -5.203759632349722, 
          75.42927344965376, 
          1.0
        ]
      ], 
      "projected_cuboid": [
        [
          297.2236107954609, 
          265.51864329671093
        ], 
        [
          155.71175945643913, 
          254.78542166814026
        ], 
        [
          228.26983948523994, 
          182.48709372411167
        ], 
        [
          345.7486466819154, 
          189.70055982623742
        ], 
        [
          306.7860274041486, 
          300.39164330778357
        ], 
        [
          172.17390782373036, 
          289.340590346908
        ], 
        [
          238.90026767687414, 
          214.20373970130984
        ], 
        [
          351.58026756678606, 
          221.77112489944432
        ]
      ], 
      "projected_cuboid_centroid": [
        264.23437670506473, 
        236.49356900368198
      ], 
      "quaternion_xyzw": [
        0.8996376078814445, 
        0.05431936854887994, 
        -0.02649952261361729, 
        0.4324343254396012
      ], 
      "visibility": 0.6069759079467817
    }, 
    {
      "bounding_box": {
        "bottom_right": [
          218, 
          250
        ], 
        "top_left": [
          172, 
          184
        ]
      }, 
      "class": "061_foam_brick", 
      "cuboid": [
        [
          -44.63166940381833, 
          -16.387642914964356, 
          85.23614912580946
        ], 
        [
          -36.91170398498661, 
          -15.43993579435109, 
          84.85198730424902
        ], 
        [
          -37.46769477944828, 
          -12.631058848446763, 
          80.60836669340597
        ], 
        [
          -45.18766019828, 
          -13.578765969060028, 
          80.9925285149664
        ], 
        [
          -45.01963245473769, 
          -12.040273775535134, 
          88.16452797386872
        ], 
        [
          -37.29966703590597, 
          -11.092566654921866, 
          87.78036615230828
        ], 
        [
          -37.85565783036764, 
          -8.28368970901754, 
          83.53674554146522
        ], 
        [
          -45.57562324919936, 
          -9.231396829630807, 
          83.92090736302565
        ]
      ], 
      "cuboid_centroid": [
        -41.243663617092984, 
        -12.335666311990948, 
        84.38644733363734
      ], 
      "location": [
        -41.243663617092984, 
        -12.335666311990948, 
        84.38644733363734
      ], 
      "pose_transform_permuted": [
        [
          0.07381336526294369, 
          -0.8271250199242152, 
          -0.557149700281644, 
          0.0
        ], 
        [
          -0.9913405819658129, 
          -0.12169750478287467, 
          0.04933120591781154, 
          0.0
        ], 
        [
          0.10860680299245795, 
          -0.5486838057980103, 
          0.8289455009822833, 
          0.0
        ], 
        [
          -41.243663617092984, 
          -12.335666311990948, 
          84.38644733363734, 
          1.0
        ]
      ], 
      "projected_cuboid": [
        [
          200.01107410473497, 
          170.74963341449802
        ], 
        [
          247.66281640323496, 
          176.24202100970112
        ], 
        [
          231.63817637051997, 
          189.71716030522327
        ], 
        [
          181.5657186745565, 
          183.873082945772
        ], 
        [
          206.99753358904798, 
          200.4532348514271
        ], 
        [
          253.09017526838576, 
          205.89238956291098
        ], 
        [
          237.90298549074967, 
          220.40138050855475
        ], 
        [
          189.54910341599535, 
          214.62076726986572
        ]
      ], 
      "projected_cuboid_centroid": [
        218.76625967984518, 
        195.325530929691
      ], 
      "quaternion_xyzw": [
        -0.0654318586733954, 
        0.8799394990630701, 
        -0.47050692765520424, 
        0.006955637112324178
      ], 
      "visibility": 0.8055776892430279
    }
  ]
}