{
  "camera_data": {
    "location_worldframe": [
      -11.1007617356208, 
      5.087879045185377, 
      82.05833344128112
    ], 
    "quaternion_xyzw_worldframe": [
      0.9310470586534967, 
      -0.007040181901457843, 
      0.11093924271064899, 
      -0.34755483311346325
    ]
  }, 
  "objects": [
    {
      "bounding_box": {
        "bottom_right": [
          495, 
          381
        ], 
        "top_left": [
          306, 
          227
        ]
      }, 
      "class": "003_cracker_box", 
      "cuboid": [
        [
          -11.38489400812369, 
          18.673704902826405, 
          59.85253371141649
        ], 
        [
          -27.27658925785762, 
          20.920716206451594, 
          56.46386465437939
        ], 
        [
          -32.46407339757054, 
          6.223034799353017, 
          71.04541864227969
        ], 
        [
          -16.572378147836602, 
          3.9760234957278278, 
          74.43408769931679
        ], 
        [
          -11.73435763493541, 
          23.786345471225207, 
          64.88156732900556
        ], 
        [
          -27.626052884669345, 
          26.033356774850397, 
          61.492898271968464
        ], 
        [
          -32.813537024382256, 
          11.335675367751818, 
          76.07445225986876
        ], 
        [
          -16.921841774648325, 
          9.088664064126629, 
          79.46312131690586
        ]
      ], 
      "cuboid_centroid": [
        -22.099215516252972, 
        15.004690135289112, 
        67.96349298564263
      ], 
      "location": [
        -22.099215516252972, 
        15.004690135289112, 
        67.96349298564263
      ], 
      "pose_transform_permuted": [
        [
          0.048671815482840275, 
          -0.712066948556155, 
          -0.7004225261594105, 
          0.0
        ], 
        [
          0.968793105086899, 
          -0.13698280918398897, 
          0.20658080628206274, 
          0.0
        ], 
        [
          0.24304520960860054, 
          0.688619176876442, 
          -0.6831783481085464, 
          0.0
        ], 
        [
          -22.099215516252972, 
          15.004690135289112, 
          67.96349298564263, 
          1.0
        ]
      ], 
      "projected_cuboid": [
        [
          379.3058883533544, 
          439.6797029400763
        ], 
        [
          221.81378430703268, 
          470.88951317915235
        ], 
        [
          235.8667900894877, 
          320.0012507479443
        ], 
        [
          361.86659435587495, 
          301.77471132999784
        ], 
        [
          384.3380852653912, 
          468.8077680335872
        ], 
        [
          240.0033629404534, 
          499.07031747257014
        ], 
        [
          249.64088689701143, 
          352.7552358491687
        ], 
        [
          367.0790704287643, 
          334.2854321845924
        ]
      ], 
      "projected_cuboid_centroid": [
        306.73608999741793, 
        391.0305610888862
      ], 
      "quaternion_xyzw": [
        0.916219789150337, 
        -0.10369455650619903, 
        0.06964830513036982, 
        0.38070704027212515
      ], 
      "visibility": 0.5433829220053314
    }, 
    {
      "bounding_box": {
        "bottom_right": [
          485, 
          414
        ], 
        "top_left": [
          359, 
          343
        ]
      }, 
      "class": "006_mustard_bottle", 
      "cuboid": [
        [
          -7.2358520957498635, 
          25.88122975097586, 
          69.99509604693714
        ], 
        [
          -16.18515325865409, 
          25.057862859332346, 
          66.61306360067172
        ], 
        [
          -20.258778880121255, 
          12.49325538078366, 
          80.45130585865074
        ], 
        [
          -11.309477717217028, 
          13.316622272427175, 
          83.83333830491615
        ], 
        [
          -8.944617318923667, 
          30.245103327273792, 
          73.45431347394815
        ], 
        [
          -17.893918481827896, 
          29.421736435630276, 
          70.07228102768272
        ], 
        [
          -21.96754410329506, 
          16.857128957081592, 
          83.91052328566174
        ], 
        [
          -13.018242940390834, 
          17.680495848725105, 
          87.29255573192715
        ]
      ], 
      "cuboid_centroid": [
        -14.601698099522462, 
        21.369179354028724, 
        76.95280966629944
      ], 
      "location": [
        -14.601698099522462, 
        21.369179354028724, 
        76.95280966629944
      ], 
      "pose_transform_permuted": [
        [
          0.29335528147827034, 
          -0.749175687771038, 
          -0.5938672488374576, 
          0.0
        ], 
        [
          0.9319858915503786, 
          0.0857459496124967, 
          0.35220700111762493, 
          0.0
        ], 
        [
          0.21294324484343347, 
          0.6567977853847542, 
          -0.7233753130908138, 
          0.0
        ], 
        [
          -14.601698099522462, 
          21.369179354028724, 
          76.95280966629944, 
          1.0
        ]
      ], 
      "projected_cuboid": [
        [
          426.00487600870275, 
          470.4855910906864
        ], 
        [
          350.93511520125986, 
          473.90557954679093
        ], 
        [
          346.1804688316424, 
          356.10555106043506
        ], 
        [
          409.05039138035534, 
          358.00242289284375
        ], 
        [
          416.1129182129984, 
          492.8829801317083
        ], 
        [
          344.2716480338985, 
          497.21514401357905
        ], 
        [
          340.8119289781196, 
          380.42729502625764
        ], 
        [
          401.398447700809, 
          381.30668468510726
        ]
      ], 
      "projected_cuboid_centroid": [
        379.55702831747976, 
        421.38511781524016
      ], 
      "quaternion_xyzw": [
        0.8919992889252478, 
        -0.03564949457084048, 
        0.18093127724735086, 
        0.4127108113045974
      ], 
      "visibility": 0.31389467420410594
    }, 
    {
      "bounding_box": {
        "bottom_right": [
          373, 
          355
        ], 
        "top_left": [
          295, 
          259
        ]
      }, 
      "class": "008_pudding_box", 
      "cuboid": [
        [
          -15.312626315764152, 
          8.848262933764687, 
          65.66351568772963
        ], 
        [
          -26.26625740935117, 
          10.020371644800324, 
          62.86771569170051
        ], 
        [
          -28.494677664239997, 
          3.866112297632577, 
          69.01833726656675
        ], 
        [
          -17.54104657065298, 
          2.6940035865969407, 
          71.81413726259585
        ], 
        [
          -15.689374414439063, 
          11.622086952490115, 
          68.30247903201452
        ], 
        [
          -26.643005508026086, 
          12.79419566352575, 
          65.5066790359854
        ], 
        [
          -28.871425762914914, 
          6.639936316358004, 
          71.65730061085164
        ], 
        [
          -17.917794669327893, 
          5.467827605322367, 
          74.45310060688075
        ]
      ], 
      "cuboid_centroid": [
        -22.092026039339533, 
        7.744099625061346, 
        68.66040814929063
      ], 
      "location": [
        -22.092026039339533, 
        7.744099625061346, 
        68.66040814929063
      ], 
      "pose_transform_permuted": [
        [
          0.09793041427820437, 
          -0.721016871071216, 
          -0.6859617194612926, 
          0.0
        ], 
        [
          0.9637699324831681, 
          -0.1031295580110523, 
          0.2459922148543929, 
          0.0
        ], 
        [
          0.2481067357957092, 
          0.6851998380988489, 
          -0.684794817632303, 
          0.0
        ], 
        [
          -22.092026039339533, 
          7.744099625061346, 
          68.66040814929063, 
          1.0
        ]
      ], 
      "projected_cuboid": [
        [
          356.19136450869007, 
          345.1521980850702
        ], 
        [
          256.9181864281984, 
          358.2913829965114
        ], 
        [
          259.5776326098773, 
          303.16082184171944
        ], 
        [
          350.2448863683694, 
          293.2932514870473
        ], 
        [
          358.07035174553346, 
          364.0341456367239
        ], 
        [
          262.87662868347724, 
          377.44988740925874
        ], 
        [
          264.9266979544265, 
          322.7052020719819
        ], 
        [
          352.17941996081606, 
          312.45347012465766
        ]
      ], 
      "projected_cuboid_centroid": [
        308.56726917700826, 
        333.43881635259453
      ], 
      "quaternion_xyzw": [
        0.9130897395715425, 
        -0.09616696984558584, 
        0.0941645202622634, 
        0.3849051270040502
      ], 
      "visibility": 0.8985665316297912
    }, 
    {
      "bounding_box": {
        "bottom_right": [
          539, 
          356
        ], 
        "top_left": [
          352, 
          197
        ]
      }, 
      "class": "019_pitcher_base", 
      "cuboid": [
        [
          -34.691161896807664, 
          36.55291210516628, 
          66.47263364554234
        ], 
        [
          -16.694250194044617, 
          36.08315531894962, 
          72.09918424326409
        ], 
        [
          -22.45246167134817, 
          19.859961137859866, 
          89.16275921601323
        ], 
        [
          -40.449373374111225, 
          20.329717924076522, 
          83.53620861829147
        ], 
        [
          -32.26696934932596, 
          26.668909833271954, 
          57.89347745893076
        ], 
        [
          -14.270057646562911, 
          26.199153047055297, 
          63.52002805665252
        ], 
        [
          -20.028269123866473, 
          9.97595886596554, 
          80.58360302940164
        ], 
        [
          -38.025180826629516, 
          10.445715652182194, 
          74.9570524316799
        ]
      ], 
      "cuboid_centroid": [
        -27.359715510337068, 
        23.264435485565908, 
        73.528118337472
      ], 
      "location": [
        -27.359715510337068, 
        23.264435485565908, 
        73.528118337472
      ], 
      "pose_transform_permuted": [
        [
          -0.18212496028338224, 
          0.7425662301782157, 
          0.6445356336792213, 
          0.0
        ], 
        [
          -0.9541460744895457, 
          0.024905194898779806, 
          -0.29830402317908733, 
          0.0
        ], 
        [
          0.23756271051698902, 
          0.6693095587221958, 
          -0.7039805914760153, 
          0.0
        ], 
        [
          -27.359715510337068, 
          23.264435485565908, 
          73.528118337472, 
          1.0
        ]
      ], 
      "projected_cuboid": [
        [
          200.94535452567504, 
          566.5558546685149
        ], 
        [
          357.08016710079545, 
          540.1945974301074
        ], 
        [
          346.18037602873056, 
          392.0772336594168
        ], 
        [
          221.20438544604355, 
          403.07740195034876
        ], 
        [
          181.8739251083666, 
          518.9627782107285
        ], 
        [
          360.78598369707925, 
          493.2568656083484
        ], 
        [
          347.9410637967905, 
          339.3095752262212
        ], 
        [
          208.79319866047416, 
          347.6078264635798
        ]
      ], 
      "projected_cuboid_centroid": [
        281.49578986091564, 
        442.0298611673743
      ], 
      "quaternion_xyzw": [
        -0.1328797371789955, 
        0.40009401617115636, 
        0.9038793153528523, 
        0.07259484229742215
      ], 
      "visibility": 0.22851832468760597
    }, 
    {
      "bounding_box": {
        "bottom_right": [
          417, 
          445
        ], 
        "top_left": [
          262, 
          266
        ]
      }, 
      "class": "035_power_drill", 
      "cuboid": [
        [
          -3.176638710513613, 
          11.144503585479725, 
          54.09334913991912
        ], 
        [
          -21.24541526392991, 
          12.883122623323311, 
          50.87060703189208
        ], 
        [
          -24.77589366146243, 
          -0.45393855917538334, 
          63.46963325726689
        ], 
        [
          -6.707117108046134, 
          -2.1925575970189666, 
          66.69237536529393
        ], 
        [
          -3.5265956797313285, 
          15.113242789726522, 
          58.19650865573327
        ], 
        [
          -21.595372233147625, 
          16.851861827570108, 
          54.97376654770623
        ], 
        [
          -25.125850630680148, 
          3.5148006450714133, 
          67.57279277308103
        ], 
        [
          -7.0570740772638505, 
          1.7761816072278294, 
          70.79553488110808
        ]
      ], 
      "cuboid_centroid": [
        -14.15124467059688, 
        7.32965211527557, 
        60.83307095650008
      ], 
      "location": [
        -14.15124467059688, 
        7.32965211527557, 
        60.83307095650008
      ], 
      "pose_transform_permuted": [
        [
          0.06118984490860698, 
          -0.6939325624330982, 
          -0.7174359035317454, 
          0.0
        ], 
        [
          0.980075859180325, 
          -0.09430514247959121, 
          0.17480606565163534, 
          0.0
        ], 
        [
          0.18896136169129338, 
          0.7138378877396399, 
          -0.6743361333679451, 
          0.0
        ], 
        [
          -14.15124467059688, 
          7.32965211527557, 
          60.83307095650008, 
          1.0
        ]
      ], 
      "projected_cuboid": [
        [
          450.0168097364028, 
          383.1629294668944
        ], 
        [
          257.00726097016275, 
          408.3512047566134
        ], 
        [
          271.67645924546736, 
          269.4722048784942
        ], 
        [
          427.51523105185, 
          255.75329078014587
        ], 
        [
          449.00961144505015, 
          411.78605506865506
        ], 
        [
          270.3469607694491, 
          436.7722965520825
        ], 
        [
          281.63821240772427, 
          301.0271705353395
        ], 
        [
          427.99142129006526, 
          286.66693599656185
        ]
      ], 
      "projected_cuboid_centroid": [
        356.5001428493342, 
        337.5451221601547
      ], 
      "quaternion_xyzw": [
        0.9234919667289628, 
        -0.07668353228188422, 
        0.06388683363325487, 
        0.370406225797365
      ], 
      "visibility": 0.8060375229228381
    }, 
    {
      "bounding_box": {
        "bottom_right": [
          314, 
          287
        ], 
        "top_left": [
          254, 
          212
        ]
      }, 
      "class": "061_foam_brick", 
      "cuboid": [
        [
          -31.90569828998268, 
          -2.156120352366159, 
          64.84390489775593
        ], 
        [
          -24.32931057911211, 
          -2.570918788788621, 
          66.59601410419091
        ], 
        [
          -23.279188627438888, 
          0.7455364321198037, 
          62.84027183350004
        ], 
        [
          -30.855576338309458, 
          1.160334868542266, 
          61.08816262706506
        ], 
        [
          -32.46640931246215, 
          1.8380048001167264, 
          68.21408350677277
        ], 
        [
          -24.89002160159158, 
          1.4232063636942638, 
          69.96619271320775
        ], 
        [
          -23.839899649918355, 
          4.739661584602689, 
          66.21045044251687
        ], 
        [
          -31.416287360788925, 
          5.154460021025152, 
          64.45834123608189
        ]
      ], 
      "cuboid_centroid": [
        -27.87279896995052, 
        1.291770616118265, 
        65.52717767013641
      ], 
      "location": [
        -27.87279896995052, 
        1.291770616118265, 
        65.52717767013641
      ], 
      "pose_transform_permuted": [
        [
          0.10668017846327804, 
          -0.7599172603872694, 
          -0.6412059707212261, 
          0.0
        ], 
        [
          -0.972903399822442, 
          0.0532653322977944, 
          -0.22499284208422893, 
          0.0
        ], 
        [
          -0.2051299932651889, 
          -0.6478337454476357, 
          0.7336437310590961, 
          0.0
        ], 
        [
          -27.87279896995052, 
          1.291770616118265, 
          65.52717767013641, 
          1.0
        ]
      ], 
      "projected_cuboid": [
        [
          216.99646351991382, 
          255.5531641291993
        ], 
        [
          285.13744634481407, 
          252.69789832713911
        ], 
        [
          282.3823037477805, 
          279.61383682365755
        ], 
        [
          209.9729443821905, 
          283.4166398181492
        ], 
        [
          225.64894491742558, 
          287.6566490123559
        ], 
        [
          290.2909896761598, 
          284.13497485098446
        ], 
        [
          287.968417813614, 
          311.46411151821644
        ], 
        [
          219.496794837793, 
          315.9338419171231
        ]
      ], 
      "projected_cuboid_centroid": [
        252.85246426380965, 
        283.8001384604454
      ], 
      "quaternion_xyzw": [
        0.07153465148294932, 
        0.903042512287116, 
        -0.4134802545628932, 
        0.09182098739390629
      ], 
      "visibility": 0.9264305177111717
    }
  ]
}