{
  "camera_data": {
    "location_worldframe": [
      -18.025370679505347, 
      4.318696677510543, 
      81.71753770538245
    ], 
    "quaternion_xyzw_worldframe": [
      0.9261243293740936, 
      0.024915501140540215, 
      -0.052419267362662426, 
      -0.37272825932582415
    ]
  }, 
  "objects": [
    {
      "bounding_box": {
        "bottom_right": [
          453, 
          312
        ], 
        "top_left": [
          291, 
          119
        ]
      }, 
      "class": "003_cracker_box", 
      "cuboid": [
        [
          -26.829971871506398, 
          18.061983284896417, 
          61.435675997861416
        ], 
        [
          -43.17510560012982, 
          17.438992377956225, 
          62.67123312338948
        ], 
        [
          -41.49042531104419, 
          1.755636124448054, 
          77.0499582440498
        ], 
        [
          -25.145291582420775, 
          2.3786270313882447, 
          75.81440111852173
        ], 
        [
          -26.616285055507998, 
          22.924418932162443, 
          66.71426056721404
        ], 
        [
          -42.96141878413142, 
          22.30142802522225, 
          67.94981769274212
        ], 
        [
          -41.2767384950458, 
          6.618071771714079, 
          82.32854281340242
        ], 
        [
          -24.931604766422375, 
          7.24106267865427, 
          81.09298568787436
        ]
      ], 
      "cuboid_centroid": [
        -34.053355183276096, 
        12.340027528305248, 
        71.88210940563192
      ], 
      "location": [
        -34.053355183276096, 
        12.340027528305248, 
        71.88210940563192
      ], 
      "pose_transform_permuted": [
        [
          -0.029761395697393084, 
          -0.6772194656710933, 
          -0.7351789269574462, 
          0.0
        ], 
        [
          0.9964357237645116, 
          0.03797891198458489, 
          -0.07532231176989279, 
          0.0
        ], 
        [
          -0.07893103148975666, 
          0.7348002433046862, 
          -0.673675362995662, 
          0.0
        ], 
        [
          -34.053355183276096, 
          12.340027528305248, 
          71.88210940563192, 
          1.0
        ]
      ], 
      "projected_cuboid": [
        [
          246.74666276043365, 
          430.08157995477444
        ], 
        [
          111.12377376301914, 
          421.6888540428586
        ], 
        [
          192.01796580984347, 
          285.43859033070635
        ], 
        [
          303.23737976464673, 
          290.0190895571765
        ], 
        [
          267.05102947722776, 
          456.5463304964695
        ], 
        [
          141.594609023706, 
          448.324362988039
        ], 
        [
          211.98043339226598, 
          316.15802772329783
        ], 
        [
          316.26439777052497, 
          320.9084191680528
        ]
      ], 
      "projected_cuboid_centroid": [
        226.8373068256626, 
        364.84170229330203
      ], 
      "quaternion_xyzw": [
        0.930915529737613, 
        0.03139649617492514, 
        -0.02822052702700766, 
        0.3627866292679414
      ], 
      "visibility": 0.36831871212806366
    }, 
    {
      "bounding_box": {
        "bottom_right": [
          470, 
          355
        ], 
        "top_left": [
          344, 
          269
        ]
      }, 
      "class": "006_mustard_bottle", 
      "cuboid": [
        [
          -21.28701273465688, 
          25.703076997212925, 
          70.54196523824518
        ], 
        [
          -30.550840733639028, 
          23.328144962522053, 
          69.67752527729988
        ], 
        [
          -28.384350187872364, 
          9.959562719285838, 
          83.18856014163666
        ], 
        [
          -19.12052218889022, 
          12.33449475397671, 
          84.05300010258196
        ], 
        [
          -22.670952719677814, 
          29.61259474165759, 
          74.6321776421319
        ], 
        [
          -31.93478071865996, 
          27.237662706966713, 
          73.76773768118659
        ], 
        [
          -29.768290172893302, 
          13.869080463730498, 
          87.27877254552337
        ], 
        [
          -20.504462173911154, 
          16.24401249842137, 
          88.14321250646867
        ]
      ], 
      "cuboid_centroid": [
        -25.527651453775093, 
        19.78607873047171, 
        78.91036889188427
      ], 
      "location": [
        -25.527651453775093, 
        19.78607873047171, 
        78.91036889188427
      ], 
      "pose_transform_permuted": [
        [
          0.23759033619655742, 
          -0.6711733495112239, 
          -0.7021944236549194, 
          0.0
        ], 
        [
          0.9647409154793611, 
          0.24732692636355913, 
          0.09002332506507546, 
          0.0
        ], 
        [
          -0.11325034983750346, 
          0.6988244739107211, 
          -0.70627099113944, 
          0.0
        ], 
        [
          -25.527651453775093, 
          19.78607873047171, 
          78.91036889188427, 
          1.0
        ]
      ], 
      "projected_cuboid": [
        [
          319.3193460897049, 
          467.609934899466
        ], 
        [
          245.80880314802496, 
          451.84277254996636
        ], 
        [
          298.1093134001001, 
          337.13702209815557
        ], 
        [
          359.26557798938614, 
          351.5493910954131
        ], 
        [
          318.2409537155246, 
          484.8973630060732
        ], 
        [
          248.7937254221822, 
          470.20702623358454
        ], 
        [
          298.1811609682227, 
          358.03397422689613
        ], 
        [
          356.4988153821751, 
          371.5726082111671
        ]
      ], 
      "projected_cuboid_centroid": [
        307.6294067499791, 
        407.01171769241125
      ], 
      "quaternion_xyzw": [
        0.917300361529009, 
        0.09827132183836484, 
        0.08928745561474206, 
        0.37540711810978156
      ], 
      "visibility": 0.7596338402480437
    }, 
    {
      "bounding_box": {
        "bottom_right": [
          347, 
          289
        ], 
        "top_left": [
          276, 
          179
        ]
      }, 
      "class": "008_pudding_box", 
      "cuboid": [
        [
          -27.24294083811803, 
          7.571727087704429, 
          67.39536013135383
        ], 
        [
          -38.574315751108976, 
          6.781136791687034, 
          67.77913108877647
        ], 
        [
          -37.90946100195821, 
          0.20299639265514008, 
          73.85835371629774
        ], 
        [
          -26.578086088967268, 
          0.9935866886725362, 
          73.4745827588751
        ], 
        [
          -27.328927444480744, 
          10.177439805239539, 
          70.22432352567243
        ], 
        [
          -38.660302357471686, 
          9.386849509222142, 
          70.60809448309506
        ], 
        [
          -37.99544760832092, 
          2.8087091101902493, 
          76.68731711061633
        ], 
        [
          -26.66407269532998, 
          3.5992994062076447, 
          76.30354615319371
        ]
      ], 
      "cuboid_centroid": [
        -32.61919422321948, 
        5.190218098947339, 
        72.04133862098509
      ], 
      "location": [
        -32.61919422321948, 
        5.190218098947339, 
        72.04133862098509
      ], 
      "pose_transform_permuted": [
        [
          0.0223510191905274, 
          -0.6773186827371016, 
          -0.735349582805854, 
          0.0
        ], 
        [
          0.9970062293980787, 
          0.06956114823518454, 
          -0.03376660274242419, 
          0.0
        ], 
        [
          -0.07402326434081842, 
          0.732393693886572, 
          -0.676845437471112, 
          0.0
        ], 
        [
          -32.61919422321948, 
          5.190218098947339, 
          72.04133862098509, 
          1.0
        ]
      ], 
      "projected_cuboid": [
        [
          264.21899894853334, 
          333.2038724452592
        ], 
        [
          175.54594849278286, 
          326.64386182248853
        ], 
        [
          205.57759348917284, 
          274.75234308090904
        ], 
        [
          287.07077409305987, 
          280.49854543694175
        ], 
        [
          272.31753335574103, 
          350.57924344545415
        ], 
        [
          187.1532142049831, 
          344.1876252320932
        ], 
        [
          215.15686314430815, 
          292.8196189175565
        ], 
        [
          293.67685323785435, 
          298.443650013593
        ]
      ], 
      "projected_cuboid_centroid": [
        238.1059113896164, 
        311.7095462997679
      ], 
      "quaternion_xyzw": [
        0.9306918805505001, 
        0.03856926647170099, 
        -0.0030664239665292143, 
        0.3637519969034305
      ], 
      "visibility": 0.6119231400886845
    }, 
    {
      "bounding_box": {
        "bottom_right": [
          499, 
          287
        ], 
        "top_left": [
          322, 
          121
        ]
      }, 
      "class": "019_pitcher_base", 
      "cuboid": [
        [
          -50.02324189344422, 
          31.25486858765236, 
          75.38903142935438
        ], 
        [
          -31.36283910856472, 
          33.96466192358042, 
          75.8515915731092
        ], 
        [
          -29.2620085421743, 
          16.628398325748375, 
          92.66096678764734
        ], 
        [
          -47.922411327053815, 
          13.918604989820322, 
          92.19840664389251
        ], 
        [
          -48.463622223818525, 
          22.150911102662803, 
          65.80479041141388
        ], 
        [
          -29.80321943893901, 
          24.860704438590858, 
          66.26735055516872
        ], 
        [
          -27.702388872548596, 
          7.524440840758814, 
          83.07672576970685
        ], 
        [
          -46.362791657428104, 
          4.81464750483076, 
          82.61416562595201
        ]
      ], 
      "cuboid_centroid": [
        -38.862815382996416, 
        19.38965471420559, 
        79.23287859953061
      ], 
      "location": [
        -38.862815382996416, 
        19.38965471420559, 
        79.23287859953061
      ], 
      "pose_transform_permuted": [
        [
          -0.117171249735437, 
          0.6839629538081639, 
          0.7200457391687234, 
          0.0
        ], 
        [
          -0.9893225215331263, 
          -0.14366568647201441, 
          -0.024523648983132366, 
          0.0
        ], 
        [
          -0.0866725728389463, 
          0.7152307251602658, 
          -0.6934932407054868, 
          0.0
        ], 
        [
          -38.862815382996416, 
          19.38965471420559, 
          79.23287859953061, 
          1.0
        ]
      ], 
      "projected_cuboid": [
        [
          124.77195759792059, 
          494.39076456717834
        ], 
        [
          259.2443666754214, 
          512.0952295851396
        ], 
        [
          311.7730770929593, 
          368.992969409195
        ], 
        [
          202.08086705786687, 
          353.79839151232835
        ], 
        [
          85.54699367067322, 
          452.8101653993588
        ], 
        [
          239.74193387195513, 
          473.3654670083656
        ], 
        [
          302.2767142674721, 
          321.5904596346971
        ], 
        [
          179.80571248738448, 
          304.36771856271946
        ]
      ], 
      "projected_cuboid_centroid": [
        217.83000530049532, 
        403.79905693557834
      ], 
      "quaternion_xyzw": [
        -0.03828418071471163, 
        0.3721713509397399, 
        0.92528360326201, 
        -0.06223450261598779
      ], 
      "visibility": 0.18905217589428117
    }, 
    {
      "bounding_box": {
        "bottom_right": [
          406, 
          326
        ], 
        "top_left": [
          255, 
          136
        ]
      }, 
      "class": "035_power_drill", 
      "cuboid": [
        [
          -19.414296238306196, 
          12.272089848340032, 
          53.14603663026
        ], 
        [
          -37.68332147184225, 
          10.748887295566794, 
          55.09850173635979
        ], 
        [
          -35.2204077655286, 
          -3.25538217709395, 
          67.21837934057653
        ], 
        [
          -16.95138253199255, 
          -1.7321796243207108, 
          65.26591423447672
        ], 
        [
          -19.2668244377532, 
          16.028306015112122, 
          57.45630007236737
        ], 
        [
          -37.53584967128924, 
          14.50510346233888, 
          59.408765178467185
        ], 
        [
          -35.072935964975606, 
          0.5008339896781357, 
          71.5286427826839
        ], 
        [
          -16.803910731439554, 
          2.0240365424513755, 
          69.57617767658411
        ]
      ], 
      "cuboid_centroid": [
        -27.2436161016409, 
        6.3864619190090846, 
        62.33733970647195
      ], 
      "location": [
        -27.2436161016409, 
        6.3864619190090846, 
        62.33733970647195
      ], 
      "pose_transform_permuted": [
        [
          -0.025785389056267326, 
          -0.6567729889813878, 
          -0.7536479474243843, 
          0.0
        ], 
        [
          0.9909376292972942, 
          0.08262064928422838, 
          -0.10590445405771373, 
          0.0
        ], 
        [
          -0.13182222783134587, 
          0.7495487951137952, 
          -0.6486907205621857, 
          0.0
        ], 
        [
          -27.2436161016409, 
          6.3864619190090846, 
          62.33733970647195, 
          1.0
        ]
      ], 
      "projected_cuboid": [
        [
          285.15137699753154, 
          396.4367530781716
        ], 
        [
          113.80604536047247, 
          377.32915096309335
        ], 
        [
          199.824908338513, 
          247.45790178427418
        ], 
        [
          341.9247196844338, 
          259.1320543423741
        ], 
        [
          301.26862979471616, 
          422.0641215040866
        ], 
        [
          141.82516386912584, 
          403.5005848337806
        ], 
        [
          217.91300873059186, 
          277.0207703703343
        ], 
        [
          351.71729053756013, 
          288.80130698988893
        ]
      ], 
      "projected_cuboid_centroid": [
        246.57522626906896, 
        327.92514182019835
      ], 
      "quaternion_xyzw": [
        0.9346301904811704, 
        0.057360354742332344, 
        -0.03522512017458583, 
        0.34919257981370405
      ], 
      "visibility": 0.7689137474241978
    }, 
    {
      "bounding_box": {
        "bottom_right": [
          286, 
          231
        ], 
        "top_left": [
          228, 
          146
        ]
      }, 
      "class": "061_foam_brick", 
      "cuboid": [
        [
          -41.28157100536863, 
          -6.256537840725329, 
          70.36094172987943
        ], 
        [
          -33.5620600994017, 
          -5.316909345117851, 
          69.94881939068478
        ], 
        [
          -34.18657419049875, 
          -1.7907831374559189, 
          66.29045261475977
        ], 
        [
          -41.90608509646568, 
          -2.730411633063398, 
          66.70257495395443
        ], 
        [
          -41.5431855607887, 
          -2.499293662658179, 
          74.0270309884592
        ], 
        [
          -33.823674654821765, 
          -1.5596651670507005, 
          73.61490864926454
        ], 
        [
          -34.44818874591882, 
          1.966461040611231, 
          69.95654187333955
        ], 
        [
          -42.167699651885755, 
          1.0268325450037523, 
          70.3686642125342
        ]
      ], 
      "cuboid_centroid": [
        -37.86487987564372, 
        -2.1450384000570493, 
        70.15874180160948
      ], 
      "location": [
        -37.86487987564372, 
        -2.1450384000570493, 
        70.15874180160948
      ], 
      "pose_transform_permuted": [
        [
          0.04977445839639383, 
          -0.714848582205272, 
          -0.6975055611322805, 
          0.0
        ], 
        [
          -0.9912822168017944, 
          -0.12066010780241865, 
          0.05292168778136508, 
          0.0
        ], 
        [
          0.12199208967742614, 
          -0.6887907105240463, 
          0.7146224787619782, 
          0.0
        ], 
        [
          -37.86487987564372, 
          -2.1450384000570493, 
          70.15874180160948, 
          1.0
        ]
      ], 
      "projected_cuboid": [
        [
          166.08475586826543, 
          225.86343545787776
        ], 
        [
          223.5731532864223, 
          232.74815719963408
        ], 
        [
          204.26739691583654, 
          258.8793393767111
        ], 
        [
          143.74527389143321, 
          251.4555667627644
        ], 
        [
          179.80959927354357, 
          255.28065233948718
        ], 
        [
          234.51185886361984, 
          261.9871966925516
        ], 
        [
          216.78986321286519, 
          288.27801918414974
        ], 
        [
          159.34750188990373, 
          281.06883584109
        ]
      ], 
      "projected_cuboid_centroid": [
        191.3642426011881, 
        256.98078682302037
      ], 
      "quaternion_xyzw": [
        -0.0660163498809943, 
        0.9189094743850073, 
        -0.3889042122250245, 
        -0.0008562403241836137
      ], 
      "visibility": 0.9357992073976222
    }
  ]
}