{
  "camera_data": {
    "location_worldframe": [
      -17.535692655734085, 
      -0.9754671530520287, 
      91.07072255187605
    ], 
    "quaternion_xyzw_worldframe": [
      0.8833459555206024, 
      0.03127320613190211, 
      0.0034983796816661526, 
      -0.46766394607728856
    ]
  }, 
  "objects": [
    {
      "bounding_box": {
        "bottom_right": [
          410, 
          334
        ], 
        "top_left": [
          268, 
          191
        ]
      }, 
      "class": "003_cracker_box", 
      "cuboid": [
        [
          -23.84310723099122, 
          17.088911600588634, 
          73.41717941231427
        ], 
        [
          -40.23967670591014, 
          17.00685087381169, 
          72.94400800739433
        ], 
        [
          -40.46011394501287, 
          -1.3847958371960345, 
          83.7723174704403
        ], 
        [
          -24.063544470093948, 
          -1.3027351104190912, 
          84.24548887536022
        ], 
        [
          -24.03979553054861, 
          20.732121922590334, 
          79.60108835386734
        ], 
        [
          -40.436365005467536, 
          20.65006119581339, 
          79.1279169489474
        ], 
        [
          -40.65680224457026, 
          2.258414484805668, 
          89.95622641199337
        ], 
        [
          -24.26023276965134, 
          2.3404752115826115, 
          90.42939781691331
        ]
      ], 
      "cuboid_centroid": [
        -32.24995473778074, 
        9.67366304269715, 
        81.68670291215382
      ], 
      "location": [
        -32.24995473778074, 
        9.67366304269715, 
        81.68670291215382
      ], 
      "pose_transform_permuted": [
        [
          0.02739391424232135, 
          -0.5074109204881003, 
          -0.8612686754038501, 
          0.0
        ], 
        [
          0.9995713613150063, 
          0.0050026045082416926, 
          0.028845581758711047, 
          0.0
        ], 
        [
          0.010327976633819513, 
          0.8616896957243672, 
          -0.5073304654572779, 
          0.0
        ], 
        [
          -32.24995473778074, 
          9.67366304269715, 
          81.68670291215382, 
          1.0
        ]
      ], 
      "projected_cuboid": [
        [
          306.95177157565945, 
          397.42439351645476
        ], 
        [
          184.9387031450512, 
          397.62967276168536
        ], 
        [
          221.86934407161138, 
          264.47051425222276
        ], 
        [
          327.9923060451868, 
          265.03951899743925
        ], 
        [
          319.19053296618085, 
          412.1897471041036
        ], 
        [
          206.78606749256113, 
          412.4672779030406
        ], 
        [
          238.54813075313098, 
          286.6759021166971
        ], 
        [
          337.3267260228211, 
          287.0898065467179
        ]
      ], 
      "projected_cuboid_centroid": [
        269.28754238126197, 
        336.4443563012361
      ], 
      "quaternion_xyzw": [
        0.9646929216651307, 
        -0.0013800692443108834, 
        0.014574455440172326, 
        0.26297005066489454
      ], 
      "visibility": 0.35974278803610404
    }, 
    {
      "bounding_box": {
        "bottom_right": [
          417, 
          372
        ], 
        "top_left": [
          305, 
          306
        ]
      }, 
      "class": "006_mustard_bottle", 
      "cuboid": [
        [
          -19.057359771958254, 
          22.39584162501548, 
          84.41571270190855
        ], 
        [
          -28.24472571546413, 
          20.699229858556276, 
          82.19763169702476
        ], 
        [
          -27.834733235713315, 
          4.726337261697131, 
          92.71710620101692
        ], 
        [
          -18.64736729220744, 
          6.422949028156333, 
          94.93518720590069
        ], 
        [
          -20.746743207043327, 
          25.431624153444176, 
          89.09112331858418
        ], 
        [
          -29.934109150549205, 
          23.735012386984977, 
          86.8730423137004
        ], 
        [
          -29.52411667079839, 
          7.762119790125832, 
          97.39251681769255
        ], 
        [
          -20.336750727292515, 
          9.458731556585034, 
          99.61059782257632
        ]
      ], 
      "cuboid_centroid": [
        -24.290738221378323, 
        15.078980707570654, 
        90.90411475980055
      ], 
      "location": [
        -24.290738221378323, 
        15.078980707570654, 
        90.90411475980055
      ], 
      "pose_transform_permuted": [
        [
          0.29002787884670184, 
          -0.5211733162967324, 
          -0.8026593582785425, 
          0.0
        ], 
        [
          0.9567781085913536, 
          0.1766862239850252, 
          0.23099236077073854, 
          0.0
        ], 
        [
          -0.021431799854032804, 
          0.8349612593721403, 
          -0.5498912377031533, 
          0.0
        ], 
        [
          -24.290738221378323, 
          15.078980707570654, 
          90.90411475980055, 
          1.0
        ]
      ], 
      "projected_cuboid": [
        [
          360.1935764119907, 
          414.7784538573074
        ], 
        [
          296.8107575062784, 
          407.58851739635475
        ], 
        [
          320.1541747620963, 
          300.4729798540885
        ], 
        [
          375.96834015775016, 
          309.3688863629312
        ], 
        [
          356.3673989839437, 
          425.52598325567425
        ], 
        [
          296.29808131274183, 
          418.99741186886325
        ], 
        [
          318.57625269433277, 
          315.79175939124264
        ], 
        [
          371.80581175176746, 
          323.9290085754865
        ]
      ], 
      "projected_cuboid_centroid": [
        337.89966864560785, 
        361.7524531587272
      ], 
      "quaternion_xyzw": [
        0.9479449781292736, 
        0.052249346852924664, 
        0.1374078273629473, 
        0.28247012714640435
      ], 
      "visibility": 0.4168139854645453
    }, 
    {
      "bounding_box": {
        "bottom_right": [
          321, 
          316
        ], 
        "top_left": [
          258, 
          226
        ]
      }, 
      "class": "008_pudding_box", 
      "cuboid": [
        [
          -25.147189149682298, 
          5.621191278464638, 
          76.9562165210552
        ], 
        [
          -36.475500404393024, 
          5.3121345521338545, 
          76.09237704581561
        ], 
        [
          -36.614433153720384, 
          -2.4099949948056048, 
          80.67716969688057
        ], 
        [
          -25.28612189900965, 
          -2.1009382684748217, 
          81.54100917212016
        ], 
        [
          -25.45198427194447, 
          7.583094524526496, 
          80.25139511040808
        ], 
        [
          -36.7802955266552, 
          7.274037798195712, 
          79.3875556351685
        ], 
        [
          -36.919228275982555, 
          -0.44809174874374663, 
          83.97234828623345
        ], 
        [
          -25.59091702127183, 
          -0.1390350224129637, 
          84.83618776147304
        ]
      ], 
      "cuboid_centroid": [
        -31.033208712832426, 
        2.5865497648604454, 
        80.46428240364433
      ], 
      "location": [
        -31.033208712832426, 
        2.5865497648604454, 
        80.46428240364433
      ], 
      "pose_transform_permuted": [
        [
          0.07922724148600607, 
          -0.5099693889268347, 
          -0.8565357211117521, 
          0.0
        ], 
        [
          0.9967366693126016, 
          0.027192770846890618, 
          0.07600607557574082, 
          0.0
        ], 
        [
          0.015468424708091455, 
          0.85976258341734, 
          -0.5104593428732018, 
          0.0
        ], 
        [
          -31.033208712832426, 
          2.5865497648604454, 
          80.46428240364433, 
          1.0
        ]
      ], 
      "projected_cuboid": [
        [
          305.87047954854177, 
          312.2423433092065
        ], 
        [
          223.81550922007457, 
          310.5184591683271
        ], 
        [
          237.53887076131397, 
          257.355171884888
        ], 
        [
          314.83476574453397, 
          259.54533545049577
        ], 
        [
          311.0435067010634, 
          323.68083711360515
        ], 
        [
          232.45072190328938, 
          322.1529727200599
        ], 
        [
          245.164089220169, 
          270.4406475241641
        ], 
        [
          319.38003978579786, 
          272.4124994118575
        ]
      ], 
      "projected_cuboid_centroid": [
        274.19395178009626, 
        290.4302643807689
      ], 
      "quaternion_xyzw": [
        0.9634618536612767, 
        0.003042244509796928, 
        0.04028008905382208, 
        0.2647818198308211
      ], 
      "visibility": 0.798348106365834
    }, 
    {
      "bounding_box": {
        "bottom_right": [
          442, 
          307
        ], 
        "top_left": [
          289, 
          182
        ]
      }, 
      "class": "019_pitcher_base", 
      "cuboid": [
        [
          -47.97838293606112, 
          28.18978274183302, 
          87.59227201416634
        ], 
        [
          -29.3970781393162, 
          29.84669752290225, 
          90.37746848169037
        ], 
        [
          -29.49722335011611, 
          9.315054005532533, 
          103.25986752525867
        ], 
        [
          -48.07852814686102, 
          7.658139224463302, 
          100.47467105773464
        ], 
        [
          -45.69205188774983, 
          21.212538922800736, 
          76.48988982295812
        ], 
        [
          -27.110747091004917, 
          22.86945370386997, 
          79.27508629048215
        ], 
        [
          -27.210892301804822, 
          2.33781018650025, 
          92.15748533405045
        ], 
        [
          -45.792197098549735, 
          0.6808954054310201, 
          89.37228886652642
        ]
      ], 
      "cuboid_centroid": [
        -37.59463761893297, 
        15.263796464166635, 
        89.87487867410839
      ], 
      "location": [
        -37.59463761893297, 
        15.263796464166635, 
        89.87487867410839
      ], 
      "pose_transform_permuted": [
        [
          -0.17176768891601396, 
          0.5241870142488418, 
          0.8341007886214481, 
          0.0
        ], 
        [
          -0.9851289667652234, 
          -0.08784500142200449, 
          -0.1476633502492655, 
          0.0
        ], 
        [
          0.0041316245186017175, 
          0.8470603944610533, 
          -0.5314805902517251, 
          0.0
        ], 
        [
          -37.59463761893297, 
          15.263796464166635, 
          89.87487867410839, 
          1.0
        ]
      ], 
      "projected_cuboid": [
        [
          187.03857228813663, 
          444.9245470871706
        ], 
        [
          306.6785731743885, 
          449.41260733658964
        ], 
        [
          327.9793498122982, 
          321.39720128663566
        ], 
        [
          224.26950389930587, 
          313.9359432102465
        ], 
        [
          160.357994718604, 
          421.1892535232508
        ], 
        [
          297.6908135029579, 
          427.1397608213085
        ], 
        [
          322.8141040530233, 
          286.815552468736
        ], 
        [
          206.05980571136965, 
          277.3497085504463
        ]
      ], 
      "projected_cuboid_centroid": [
        256.65052482671723, 
        363.8622548888974
      ], 
      "quaternion_xyzw": [
        -0.08341299260620344, 
        0.2756663670472308, 
        0.9573779491203729, 
        -0.021860065029782022
      ], 
      "visibility": 0.19149427055294932
    }, 
    {
      "bounding_box": {
        "bottom_right": [
          382, 
          358
        ], 
        "top_left": [
          246, 
          211
        ]
      }, 
      "class": "035_power_drill", 
      "cuboid": [
        [
          -15.776712853201518, 
          12.799729186911396, 
          64.82830469693715
        ], 
        [
          -34.18406672093871, 
          11.781395357706554, 
          64.68042369380727
        ], 
        [
          -33.35404369911802, 
          -4.537636050791398, 
          73.74007138014389
        ], 
        [
          -14.946689831380827, 
          -3.5193022215865537, 
          73.88795238327378
        ], 
        [
          -15.96996384853347, 
          15.566599515865931, 
          69.82994056926933
        ], 
        [
          -34.37731771627067, 
          14.548265686661086, 
          69.68205956613943
        ], 
        [
          -33.547294694449974, 
          -1.7707657218368658, 
          78.74170725247606
        ], 
        [
          -15.139940826712783, 
          -0.7524318926320217, 
          78.88958825560594
        ]
      ], 
      "cuboid_centroid": [
        -24.662003773825745, 
        5.5144817325372655, 
        71.7850059747066
      ], 
      "location": [
        -24.662003773825745, 
        5.5144817325372655, 
        71.7850059747066
      ], 
      "pose_transform_permuted": [
        [
          0.03378986410594853, 
          -0.4837862400323474, 
          -0.874534157732208, 
          0.0
        ], 
        [
          0.9984407690153122, 
          0.055235859475036016, 
          0.00802127364686308, 
          0.0
        ], 
        [
          -0.04442522026136107, 
          0.8734415139285245, 
          -0.4848984104958749, 
          0.0
        ], 
        [
          -24.662003773825745, 
          5.5144817325372655, 
          71.7850059747066, 
          1.0
        ]
      ], 
      "projected_cuboid": [
        [
          350.72601622524286, 
          378.5853926496129
        ], 
        [
          197.3849378881549, 
          370.4295142100852
        ], 
        [
          238.35612540710622, 
          240.46842264879854
        ], 
        [
          372.8135432707103, 
          247.88438873613146
        ], 
        [
          358.61154378786244, 
          392.1749731929538
        ], 
        [
          216.29370963473787, 
          384.63334719146945
        ], 
        [
          252.48687309807792, 
          261.2930967719917
        ], 
        [
          378.3931408220013, 
          268.1998507237582
        ]
      ], 
      "projected_cuboid_centroid": [
        296.846255794639, 
        314.2558331576163
      ], 
      "quaternion_xyzw": [
        0.9677830904541633, 
        0.02574468409280326, 
        0.01080075126472565, 
        0.2502328931149324
      ], 
      "visibility": 0.7957794417971409
    }, 
    {
      "bounding_box": {
        "bottom_right": [
          271, 
          261
        ], 
        "top_left": [
          220, 
          188
        ]
      }, 
      "class": "061_foam_brick", 
      "cuboid": [
        [
          -39.78389752941822, 
          -7.832354671122477, 
          75.58985653196693
        ], 
        [
          -32.04021866509172, 
          -7.198675396133812, 
          76.11662344645217
        ], 
        [
          -32.19144662272347, 
          -2.9634112367328616, 
          73.24488199665986
        ], 
        [
          -39.935125487049966, 
          -3.597090511721527, 
          72.71811508217463
        ], 
        [
          -40.31795603906631, 
          -4.9109855273129845, 
          79.92643586076646
        ], 
        [
          -32.57427717473981, 
          -4.277306252324319, 
          80.4532027752517
        ], 
        [
          -32.725505132371566, 
          -0.04204209292336947, 
          77.58146132545939
        ], 
        [
          -40.46918399669806, 
          -0.6757213679120342, 
          77.05469441097415
        ]
      ], 
      "cuboid_centroid": [
        -36.25470133089489, 
        -3.937198382022923, 
        76.58565892871316
      ], 
      "location": [
        -36.25470133089489, 
        -3.937198382022923, 
        76.58565892871316
      ], 
      "pose_transform_permuted": [
        [
          0.10160930467739648, 
          -0.5558160427105258, 
          -0.8250721640369327, 
          0.0
        ], 
        [
          -0.9943856863907449, 
          -0.08137238279779802, 
          -0.06764349206698334, 
          0.0
        ], 
        [
          0.029540749892029428, 
          -0.8273131583526396, 
          0.5609637083737208, 
          0.0
        ], 
        [
          -36.25470133089489, 
          -3.937198382022923, 
          76.58565892871316, 
          1.0
        ]
      ], 
      "projected_cuboid": [
        [
          198.56506504531924, 
          218.02584137348373
        ], 
        [
          255.23289342774055, 
          222.84821862598827
        ], 
        [
          245.24742659067437, 
          251.70898604256902
        ], 
        [
          186.26937103857003, 
          246.90523244054864
        ], 
        [
          210.32829805044884, 
          240.51734558370774
        ], 
        [
          263.8646039274274, 
          244.93252460601437
        ], 
        [
          254.756805656218, 
          272.9975272939532
        ], 
        [
          199.16299871897724, 
          268.60965955073766
        ]
      ], 
      "projected_cuboid_centroid": [
        227.02625093831068, 
        245.8690680616808
      ], 
      "quaternion_xyzw": [
        -0.0290401415868979, 
        0.9548260324242732, 
        -0.2924039859514455, 
        0.04431508751250013
      ], 
      "visibility": 0.9573011734028684
    }
  ]
}