{
  "camera_data": {
    "location_worldframe": [
      -10.931186653382996, 
      5.259965006240183, 
      87.39698452598145
    ], 
    "quaternion_xyzw_worldframe": [
      0.9413575380814596, 
      -0.04380752232197891, 
      0.17491142629133277, 
      -0.2851950442270601
    ]
  }, 
  "objects": [
    {
      "bounding_box": {
        "bottom_right": [
          483, 
          418
        ], 
        "top_left": [
          304, 
          261
        ]
      }, 
      "class": "003_cracker_box", 
      "cuboid": [
        [
          -7.593732077461015, 
          15.988279724320234, 
          63.91253130418379
        ], 
        [
          -22.71813991542168, 
          19.710848143779835, 
          58.76735029661637
        ], 
        [
          -30.977016100842192, 
          7.6238323787237645, 
          74.29952854680316
        ], 
        [
          -15.852608262881523, 
          3.9012639592641616, 
          79.44470955437058
        ], 
        [
          -7.683356332310555, 
          21.677269509457638, 
          68.29200162061333
        ], 
        [
          -22.807764170271223, 
          25.39983792891724, 
          63.14682061304593
        ], 
        [
          -31.06664035569173, 
          13.312822163861169, 
          78.67899886323272
        ], 
        [
          -15.942232517731064, 
          9.590253744401567, 
          83.82417987080014
        ]
      ], 
      "cuboid_centroid": [
        -19.330186216576372, 
        14.650550944090702, 
        71.29576508370825
      ], 
      "location": [
        -19.330186216576372, 
        14.650550944090702, 
        71.29576508370825
      ], 
      "pose_transform_permuted": [
        [
          0.012482487046281545, 
          -0.7923384291297089, 
          -0.6099540976511305, 
          0.0
        ], 
        [
          0.9220175570749045, 
          -0.2269360544179249, 
          0.3136616834279413, 
          0.0
        ], 
        [
          0.3869467818224682, 
          0.5663036649444272, 
          -0.7277172164431355, 
          0.0
        ], 
        [
          -19.330186216576372, 
          14.650550944090702, 
          71.29576508370825, 
          1.0
        ]
      ], 
      "projected_cuboid": [
        [
          417.7029345931943, 
          406.70110479956975
        ], 
        [
          273.70955780718555, 
          452.16445680765906
        ], 
        [
          257.39208470099476, 
          328.0101571740712
        ], 
        [
          374.2902092739414, 
          299.4760788617054
        ], 
        [
          421.09463143365997, 
          442.5730146510979
        ], 
        [
          287.36409301816906, 
          487.8061423788446
        ], 
        [
          269.2593223135786, 
          363.52648599607505
        ], 
        [
          379.32157980052153, 
          334.30318183471366
        ]
      ], 
      "projected_cuboid_centroid": [
        335.7948802502099, 
        382.8782607654793
      ], 
      "quaternion_xyzw": [
        0.8800959208618204, 
        -0.17437952548378416, 
        0.09264449554397754, 
        0.4317869250218639
      ], 
      "visibility": 0.6542572050853467
    }, 
    {
      "bounding_box": {
        "bottom_right": [
          467, 
          437
        ], 
        "top_left": [
          359, 
          359
        ]
      }, 
      "class": "006_mustard_bottle", 
      "cuboid": [
        [
          -3.3867717075215507, 
          23.8177477392384, 
          73.55809598570433
        ], 
        [
          -12.05640010626719, 
          23.677507475667277, 
          69.43208775663567
        ], 
        [
          -18.873481082723774, 
          13.467484032261346, 
          84.10326916202789
        ], 
        [
          -10.20385268397814, 
          13.607724295832469, 
          88.22927739109655
        ], 
        [
          -4.787835057878491, 
          28.742923084012737, 
          76.33462722030077
        ], 
        [
          -13.45746345662413, 
          28.602682820441615, 
          72.20861899123211
        ], 
        [
          -20.274544433080717, 
          18.392659377035685, 
          86.87980039662433
        ], 
        [
          -11.604916034335078, 
          18.53289964060681, 
          91.00580862569299
        ]
      ], 
      "cuboid_centroid": [
        -11.830658070301133, 
        21.105203558137042, 
        80.21894819116433
      ], 
      "location": [
        -11.830658070301133, 
        21.105203558137042, 
        80.21894819116433
      ], 
      "pose_transform_permuted": [
        [
          0.24053002012146135, 
          -0.845538158198551, 
          -0.47666589348383775, 
          0.0
        ], 
        [
          0.9028605927474814, 
          0.014604709875824162, 
          0.4296851103695392, 
          0.0
        ], 
        [
          0.35635364620577914, 
          0.5337151039381317, 
          -0.7669160753721077, 
          0.0
        ], 
        [
          -11.830658070301133, 
          21.105203558137042, 
          80.21894819116433, 
          1.0
        ]
      ], 
      "projected_cuboid": [
        [
          456.83726617366165, 
          445.9727817748414
        ], 
        [
          388.21808006545774, 
          455.15746863406724
        ], 
        [
          360.9182997945039, 
          358.6871774811007
        ], 
        [
          419.40382692156413, 
          355.5411598479585
        ], 
        [
          447.86761353671454, 
          474.10187325576874
        ], 
        [
          381.3744125958592, 
          484.54069423702913
        ], 
        [
          356.1027605979928, 
          386.1915560361344
        ], 
        [
          413.02225649429835, 
          381.8945319165677
        ]
      ], 
      "projected_cuboid_centroid": [
        402.2878490171879, 
        413.60024961905043
      ], 
      "quaternion_xyzw": [
        0.8534110366888648, 
        -0.1001126425713631, 
        0.19633421108876128, 
        0.47235568918430954
      ], 
      "visibility": 0.2616757040405807
    }, 
    {
      "bounding_box": {
        "bottom_right": [
          368, 
          378
        ], 
        "top_left": [
          292, 
          283
        ]
      }, 
      "class": "008_pudding_box", 
      "cuboid": [
        [
          -13.24384195567011, 
          7.4864512977462745, 
          70.3568186094767
        ], 
        [
          -23.68004194402574, 
          9.625387649895663, 
          66.39663532240802
        ], 
        [
          -27.197553834176812, 
          4.576547474716148, 
          72.9393590434549
        ], 
        [
          -16.761353845821187, 
          2.4376111225667603, 
          76.89954233052359
        ], 
        [
          -13.46995486232185, 
          10.584732709240589, 
          72.62611180292413
        ], 
        [
          -23.906154850677474, 
          12.723669061389975, 
          68.66592851585544
        ], 
        [
          -27.42366674082855, 
          7.674828886210461, 
          75.20865223690232
        ], 
        [
          -16.987466752472923, 
          5.535892534061072, 
          79.16883552397101
        ]
      ], 
      "cuboid_centroid": [
        -20.33375434824933, 
        7.580640091978368, 
        72.78273542318952
      ], 
      "location": [
        -20.33375434824933, 
        7.580640091978368, 
        72.78273542318952
      ], 
      "pose_transform_permuted": [
        [
          0.05877489680753729, 
          -0.8053550455735919, 
          -0.5898711190173163, 
          0.0
        ], 
        [
          0.9182430622523902, 
          -0.1881971855801967, 
          0.34844204141891466, 
          0.0
        ], 
        [
          0.391630973230189, 
          0.5621252331870037, 
          -0.7284504895702802, 
          0.0
        ], 
        [
          -20.33375434824933, 
          7.580640091978368, 
          72.78273542318952, 
          1.0
        ]
      ], 
      "projected_cuboid": [
        [
          380.36933024082043, 
          330.0354240802637
        ], 
        [
          289.8061080640001, 
          350.6008130855321
        ], 
        [
          281.0761704155219, 
          306.7494368002259
        ], 
        [
          364.38371886648446, 
          290.19204493793944
        ], 
        [
          381.8580514590004, 
          351.01402602028816
        ], 
        [
          294.3736504256392, 
          372.10966652416244
        ], 
        [
          285.5097736707968, 
          327.71028339852523
        ], 
        [
          366.20761929099035, 
          310.578988719223
        ]
      ], 
      "projected_cuboid_centroid": [
        331.3586729747801, 
        328.83410417989194
      ], 
      "quaternion_xyzw": [
        0.8761049329927195, 
        -0.16545625329083843, 
        0.11620096032202, 
        0.43767746230593885
      ], 
      "visibility": 0.8443983402489627
    }, 
    {
      "bounding_box": {
        "bottom_right": [
          539, 
          393
        ], 
        "top_left": [
          360, 
          239
        ]
      }, 
      "class": "019_pitcher_base", 
      "cuboid": [
        [
          -28.817916578006642, 
          37.22116642915083, 
          66.23053060700464
        ], 
        [
          -11.565379333756836, 
          35.26661798591246, 
          73.59919893464547
        ], 
        [
          -20.793412143256372, 
          22.046355131379674, 
          91.6984442291097
        ], 
        [
          -38.04594938750618, 
          24.000903574618036, 
          84.32977590146888
        ], 
        [
          -27.011673744367435, 
          26.15030263837389, 
          59.06494667794869
        ], 
        [
          -9.759136500117632, 
          24.195754195135525, 
          66.43361500558952
        ], 
        [
          -18.98716930961717, 
          10.975491340602733, 
          84.53286030005376
        ], 
        [
          -36.239706553866974, 
          12.930039783841096, 
          77.16419197241292
        ]
      ], 
      "cuboid_centroid": [
        -23.902542943811905, 
        24.09832888487678, 
        75.38169545352919
      ], 
      "location": [
        -23.902542943811905, 
        24.09832888487678, 
        75.38169545352919
      ], 
      "pose_transform_permuted": [
        [
          -0.1356995774450405, 
          0.8317328713399987, 
          0.5383366473270645, 
          0.0
        ], 
        [
          -0.9146814163709168, 
          0.10362470824531625, 
          -0.39066624736256894, 
          0.0
        ], 
        [
          0.38071482709610227, 
          0.5454196133380931, 
          -0.7467085548025477, 
          0.0
        ], 
        [
          -23.902542943811905, 
          24.09832888487678, 
          75.38169545352919, 
          1.0
        ]
      ], 
      "projected_cuboid": [
        [
          247.60772215687777, 
          573.0089889901411
        ], 
        [
          397.09282248069326, 
          528.8379335992637
        ], 
        [
          359.65444562279555, 
          401.5084835984574
        ], 
        [
          238.98119130312602, 
          425.0733979999164
        ], 
        [
          235.6659878400637, 
          509.40744026447476
        ], 
        [
          402.599223597327, 
          467.52660064813574
        ], 
        [
          360.8083436449336, 
          342.53114234110865
        ], 
        [
          229.039377465585, 
          362.6523856840821
        ]
      ], 
      "projected_cuboid_centroid": [
        311.0791807421269, 
        443.78032481761267
      ], 
      "quaternion_xyzw": [
        -0.15198830627982884, 
        0.45577548468122925, 
        0.8657998725219465, 
        0.13985320127462292
      ], 
      "visibility": 0.27014237858927376
    }, 
    {
      "bounding_box": {
        "bottom_right": [
          388, 
          474
        ], 
        "top_left": [
          250, 
          313
        ]
      }, 
      "class": "035_power_drill", 
      "cuboid": [
        [
          0.0027225324535959383, 
          6.880664926740068, 
          59.84076782470342
        ], 
        [
          -17.352865830159175, 
          10.385384290372068, 
          54.7036437498331
        ], 
        [
          -23.63237115609167, 
          -0.8014625316288702, 
          68.28669243455452
        ], 
        [
          -6.276782793478894, 
          -4.306181895260871, 
          73.42381650942484
        ], 
        [
          -0.1610475537395087, 
          11.330474194230469, 
          63.42987016451912
        ], 
        [
          -17.516635916352282, 
          14.83519355786247, 
          58.29274608964881
        ], 
        [
          -23.796141242284776, 
          3.648346735861531, 
          71.87579477437023
        ], 
        [
          -6.440552879672001, 
          0.14362737222953018, 
          77.01291884924055
        ]
      ], 
      "cuboid_centroid": [
        -11.896709354915588, 
        5.2645058313007995, 
        65.85828129953683
      ], 
      "location": [
        -11.896709354915588, 
        5.2645058313007995, 
        65.85828129953683
      ], 
      "pose_transform_permuted": [
        [
          0.02863513819206455, 
          -0.7780474826927282, 
          -0.6275531989700532, 
          0.0
        ], 
        [
          0.9413915284071455, 
          -0.19010090867763343, 
          0.278644836661203, 
          0.0
        ], 
        [
          0.3360971923706557, 
          0.598752228591633, 
          -0.7270038466112574, 
          0.0
        ], 
        [
          -11.896709354915588, 
          5.2645058313007995, 
          65.85828129953683, 
          1.0
        ]
      ], 
      "projected_cuboid": [
        [
          481.621535373509, 
          334.60916942592104
        ], 
        [
          311.00976979343085, 
          374.5362617867218
        ], 
        [
          295.48996081167945, 
          267.02710956197785
        ], 
        [
          435.625229253861, 
          242.0082519617367
        ], 
        [
          480.23169378547124, 
          368.55338558375877
        ], 
        [
          320.00206558884435, 
          409.0135327669392
        ], 
        [
          303.55787574904207, 
          300.3573309589802
        ], 
        [
          436.6241263166903, 
          274.28116708307175
        ]
      ], 
      "projected_cuboid_centroid": [
        384.4548100703428, 
        315.91844394906263
      ], 
      "quaternion_xyzw": [
        0.8899012523826495, 
        -0.14782485687019484, 
        0.08632417755075256, 
        0.42281413956725933
      ], 
      "visibility": 0.8329249081043235
    }, 
    {
      "bounding_box": {
        "bottom_right": [
          315, 
          310
        ], 
        "top_left": [
          256, 
          241
        ]
      }, 
      "class": "061_foam_brick", 
      "cuboid": [
        [
          -31.01293693840894, 
          -1.4508699518930128, 
          69.13907212665332
        ], 
        [
          -23.727466692180204, 
          -2.5622642334879573, 
          71.65508508403593
        ], 
        [
          -21.94437763830589, 
          0.12322939067988467, 
          67.67815803290229
        ], 
        [
          -29.229847884534628, 
          1.2346236722748292, 
          65.16214507551969
        ], 
        [
          -31.321024651196172, 
          2.9605562615007757, 
          71.97983560961221
        ], 
        [
          -24.03555440496744, 
          1.849161979905831, 
          74.49584856699481
        ], 
        [
          -22.25246535109312, 
          4.534655604073673, 
          70.5189215158612
        ], 
        [
          -29.53793559732186, 
          5.646049885668618, 
          68.00290855847857
        ]
      ], 
      "cuboid_centroid": [
        -26.63270114475103, 
        1.5418928260903302, 
        69.82899682125725
      ], 
      "location": [
        -26.63270114475103, 
        1.5418928260903302, 
        69.82899682125725
      ], 
      "pose_transform_permuted": [
        [
          0.05861638324345353, 
          -0.8393124387699461, 
          -0.5404801104032432, 
          0.0
        ], 
        [
          -0.9355459411998232, 
          0.14271699342359778, 
          -0.3230876842169411, 
          0.0
        ], 
        [
          -0.3483072085386601, 
          -0.5245822051062866, 
          0.7768497915078771, 
          0.0
        ], 
        [
          -26.63270114475103, 
          1.5418928260903302, 
          69.82899682125725, 
          1.0
        ]
      ], 
      "projected_cuboid": [
        [
          240.37830437425046, 
          262.0949304839892
        ], 
        [
          303.52488055766196, 
          254.21593480825484
        ], 
        [
          307.22919281107534, 
          274.25761416291
        ], 
        [
          240.3717315869358, 
          283.39131555601836
        ], 
        [
          247.59653386291893, 
          295.2221622846321
        ], 
        [
          308.09134286173474, 
          286.5247830019268
        ], 
        [
          311.9039581396684, 
          307.5811724512111
        ], 
        [
          248.01237012336225, 
          317.56624653241386
        ]
      ], 
      "projected_cuboid_centroid": [
        276.49447526214954, 
        285.06275812977833
      ], 
      "quaternion_xyzw": [
        0.14173211006784373, 
        0.8661131936284877, 
        -0.4664985599362267, 
        0.11017730426818886
      ], 
      "visibility": 0.9029918404351768
    }
  ]
}