{
  "camera_data": {
    "location_worldframe": [
      -12.93715099686662, 
      3.206685356450116, 
      83.02806801567712
    ], 
    "quaternion_xyzw_worldframe": [
      0.9202355118249136, 
      0.010326065465277695, 
      0.06785368086102983, 
      -0.38530418526249677
    ]
  }, 
  "objects": [
    {
      "bounding_box": {
        "bottom_right": [
          469, 
          351
        ], 
        "top_left": [
          293, 
          201
        ]
      }, 
      "class": "003_cracker_box", 
      "cuboid": [
        [
          -15.647349804620525, 
          18.30185922391566, 
          61.991270572135825
        ], 
        [
          -31.847951651615205, 
          19.624293098722735, 
          59.78451183383395
        ], 
        [
          -35.02508732616148, 
          3.5746230628713542, 
          73.4909865006553
        ], 
        [
          -18.824485479166807, 
          2.2521891880642797, 
          75.69774523895717
        ], 
        [
          -16.001964572137307, 
          22.99942595380862, 
          67.40971248100635
        ], 
        [
          -32.20256641913198, 
          24.321859828615693, 
          65.20295374270447
        ], 
        [
          -35.37970209367827, 
          8.272189792764314, 
          78.90942840952582
        ], 
        [
          -19.17910024668359, 
          6.94975591795724, 
          81.11618714782769
        ]
      ], 
      "cuboid_centroid": [
        -25.513525949149397, 
        13.287024508339988, 
        70.45034949083082
      ], 
      "location": [
        -25.513525949149397, 
        13.287024508339988, 
        70.45034949083082
      ], 
      "pose_transform_permuted": [
        [
          0.049389244567549756, 
          -0.6542572203626262, 
          -0.7546576655175623, 
          0.0
        ], 
        [
          0.9876247386438712, 
          -0.08061851172661358, 
          0.13452892323069904, 
          0.0
        ], 
        [
          0.1488558972284007, 
          0.7519628615632263, 
          -0.6421789288741667, 
          0.0
        ], 
        [
          -25.513525949149397, 
          13.287024508339988, 
          70.45034949083082, 
          1.0
        ]
      ], 
      "projected_cuboid": [
        [
          345.8588978804854, 
          430.73999622597375
        ], 
        [
          195.12350070304004, 
          448.34893281253494
        ], 
        [
          225.30398361793243, 
          299.22735838214544
        ], 
        [
          347.86612490152896, 
          289.1540726776054
        ], 
        [
          353.9406759122189, 
          455.24910407778174
        ], 
        [
          216.00509039365014, 
          472.22421489911164
        ], 
        [
          240.486074749014, 
          329.1952031575866
        ], 
        [
          354.44821793642484, 
          318.9795255296723
        ]
      ], 
      "projected_cuboid_centroid": [
        286.84635001310636, 
        373.8712820400144
      ], 
      "quaternion_xyzw": [
        0.9346450216157817, 
        -0.06138009716199711, 
        0.049194657742973234, 
        0.34677233582102635
      ], 
      "visibility": 0.47596628105102684
    }, 
    {
      "bounding_box": {
        "bottom_right": [
          468, 
          393
        ], 
        "top_left": [
          343, 
          326
        ]
      }, 
      "class": "006_mustard_bottle", 
      "cuboid": [
        [
          -11.320059417302726, 
          25.04203831717205, 
          72.37787006003093
        ], 
        [
          -20.401213629914103, 
          23.81532318360392, 
          69.5083969449711
        ], 
        [
          -22.66497155168859, 
          10.022200088999886, 
          82.56925032264496
        ], 
        [
          -13.583817339077218, 
          11.24891522256802, 
          85.4387234377048
        ], 
        [
          -13.083145862536352, 
          29.00902390807911, 
          76.26168363605969
        ], 
        [
          -22.16430007514773, 
          27.782308774510984, 
          73.39221052099984
        ], 
        [
          -24.42805799692222, 
          13.989185679906951, 
          86.4530638986737
        ], 
        [
          -15.346903784310841, 
          15.215900813475084, 
          89.32253701373355
        ]
      ], 
      "cuboid_centroid": [
        -17.87405870711247, 
        19.5156119985395, 
        79.41546697935232
      ], 
      "location": [
        -17.87405870711247, 
        19.5156119985395, 
        79.41546697935232
      ], 
      "pose_transform_permuted": [
        [
          0.30268097301944347, 
          -0.6810392433428039, 
          -0.6667605410934546, 
          0.0
        ], 
        [
          0.9457171516619863, 
          0.1277508910054178, 
          0.29882874771319223, 
          0.0
        ], 
        [
          0.11833486976868302, 
          0.7210167701252898, 
          -0.68273836555076, 
          0.0
        ], 
        [
          -17.87405870711247, 
          19.5156119985395, 
          79.41546697935232, 
          1.0
        ]
      ], 
      "projected_cuboid": [
        [
          397.48958391442335, 
          457.80992097119343
        ], 
        [
          323.75946828963765, 
          456.01522676735436
        ], 
        [
          333.9827197185219, 
          338.0205104110885
        ], 
        [
          396.09850480451547, 
          343.50372447769325
        ], 
        [
          389.3404501931492, 
          476.15486977293494
        ], 
        [
          319.1934165062791, 
          475.17239521303713
        ], 
        [
          329.6472130340625, 
          359.58430857815995
        ], 
        [
          389.2014328401059, 
          364.13637443612896
        ]
      ], 
      "projected_cuboid_centroid": [
        360.5623892013187, 
        404.3448626664357
      ], 
      "quaternion_xyzw": [
        0.9128929924805987, 
        0.002578621293594525, 
        0.1647262400103863, 
        0.3734768532913641
      ], 
      "visibility": 0.30944625407166126
    }, 
    {
      "bounding_box": {
        "bottom_right": [
          355, 
          336
        ], 
        "top_left": [
          282, 
          240
        ]
      }, 
      "class": "008_pudding_box", 
      "cuboid": [
        [
          -18.495687160485783, 
          7.823048550487301, 
          67.26530050248545
        ], 
        [
          -29.667807755055183, 
          8.393054256735866, 
          65.25751926491978
        ], 
        [
          -31.05114462530879, 
          1.6653475091651229, 
          71.04502751319886
        ], 
        [
          -19.879024030739398, 
          1.0953418029165571, 
          73.05280875076453
        ], 
        [
          -18.88042382481661, 
          10.36450770120944, 
          70.12766481080172
        ], 
        [
          -30.052544419386006, 
          10.934513407458008, 
          68.11988357323605
        ], 
        [
          -31.43588128963962, 
          4.206806659887263, 
          73.90739182151513
        ], 
        [
          -20.263760695070225, 
          3.636800953638698, 
          75.9151730590808
        ]
      ], 
      "cuboid_centroid": [
        -24.965784225062702, 
        6.014927605187282, 
        70.5863461620003
      ], 
      "location": [
        -24.965784225062702, 
        6.014927605187282, 
        70.5863461620003
      ], 
      "pose_transform_permuted": [
        [
          0.10000693051524392, 
          -0.6606168640975977, 
          -0.7440316846042886, 
          0.0
        ], 
        [
          0.9829940244587827, 
          -0.050152717060904954, 
          0.1766573268021171, 
          0.0
        ], 
        [
          0.15401726610207955, 
          0.7490460369261972, 
          -0.644366688339449, 
          0.0
        ], 
        [
          -24.965784225062702, 
          6.014927605187282, 
          70.5863461620003, 
          1.0
        ]
      ], 
      "projected_cuboid": [
        [
          333.73011592550813, 
          335.3123516016295
        ], 
        [
          237.11521201656933, 
          341.87909632806276
        ], 
        [
          246.56037650705946, 
          285.787939846021
        ], 
        [
          335.26150697982837, 
          281.2830441220055
        ], 
        [
          336.815225850861, 
          352.1084257755905
        ], 
        [
          244.35096436221235, 
          358.8942904723101
        ], 
        [
          252.86371226475026, 
          303.6430736274347
        ], 
        [
          338.0536781244387, 
          298.83580686292146
        ]
      ], 
      "projected_cuboid_centroid": [
        291.3945559658263, 
        318.7327022557668
      ], 
      "quaternion_xyzw": [
        0.9322113153664877, 
        -0.05475421178585392, 
        0.07419569274606846, 
        0.34996988636745097
      ], 
      "visibility": 0.8543565147881694
    }, 
    {
      "bounding_box": {
        "bottom_right": [
          513, 
          330
        ], 
        "top_left": [
          330, 
          180
        ]
      }, 
      "class": "019_pitcher_base", 
      "cuboid": [
        [
          -39.61252623921141, 
          33.9124736707637, 
          71.40678260949267
        ], 
        [
          -21.285601362363142, 
          34.34979284511084, 
          75.84526775671104
        ], 
        [
          -24.759079116677313, 
          16.562071778803208, 
          91.94019090852655
        ], 
        [
          -43.08600399352558, 
          16.12475260445607, 
          87.50170576130816
        ], 
        [
          -37.10901893894784, 
          24.875785312746753, 
          61.959939432538704
        ], 
        [
          -18.782094062099574, 
          25.31310448709389, 
          66.39842457975709
        ], 
        [
          -22.255571816413738, 
          7.525383420786258, 
          82.49334773157257
        ], 
        [
          -40.58249669326201, 
          7.088064246439119, 
          78.0548625843542
        ]
      ], 
      "cuboid_centroid": [
        -30.934049027812577, 
        20.718928545774983, 
        76.95006517053262
      ], 
      "location": [
        -30.934049027812577, 
        20.718928545774983, 
        76.95006517053262
      ], 
      "pose_transform_permuted": [
        [
          -0.1880837263126276, 
          0.6789091526606803, 
          0.7097233015559652, 
          0.0
        ], 
        [
          -0.971642452745094, 
          -0.02318544316902268, 
          -0.23531610588767712, 
          0.0
        ], 
        [
          0.14330296716051594, 
          0.7338562064085546, 
          -0.6640175659714416, 
          0.0
        ], 
        [
          -30.934049027812577, 
          20.718928545774983, 
          76.95006517053262, 
          1.0
        ]
      ], 
      "projected_cuboid": [
        [
          183.27539028383944, 
          526.5704090851558
        ], 
        [
          330.6762424116098, 
          514.8232579905584
        ], 
        [
          336.77964234038274, 
          369.35852924268846
        ], 
        [
          216.80105834513824, 
          371.5662945064672
        ], 
        [
          159.51968643507425, 
          487.4046209807525
        ], 
        [
          329.47999057357134, 
          476.604228412607
        ], 
        [
          336.5157255995579, 
          321.93815001488315
        ], 
        [
          202.00133665168582, 
          321.71662092874595
        ]
      ], 
      "projected_cuboid_centroid": [
        265.4150755439322, 
        416.88369168491107
      ], 
      "quaternion_xyzw": [
        -0.11455425327044842, 
        0.36333969867294996, 
        0.9240159577504078, 
        0.0324987688210302
      ], 
      "visibility": 0.21972747834721687
    }, 
    {
      "bounding_box": {
        "bottom_right": [
          408, 
          410
        ], 
        "top_left": [
          256, 
          234
        ]
      }, 
      "class": "035_power_drill", 
      "cuboid": [
        [
          -7.355395164246474, 
          11.825327346783506, 
          55.16982536367501
        ], 
        [
          -25.677249299553928, 
          12.471592006718717, 
          53.22520405742407
        ], 
        [
          -27.43179023739294, 
          -1.9609777108970106, 
          64.95974529142414
        ], 
        [
          -9.109936102085484, 
          -2.607242370832223, 
          66.90436659767508
        ], 
        [
          -7.695477181395076, 
          15.451758112826164, 
          59.57920433180159
        ], 
        [
          -26.01733131670253, 
          16.09802277276138, 
          57.634583025550654
        ], 
        [
          -27.77187225454154, 
          1.6654530551456472, 
          69.36912425955073
        ], 
        [
          -9.450018119234088, 
          1.0191883952104346, 
          71.31374556580167
        ]
      ], 
      "cuboid_centroid": [
        -17.563633709394008, 
        6.745390200964577, 
        62.26947481161287
      ], 
      "location": [
        -17.563633709394008, 
        6.745390200964577, 
        62.26947481161287
      ], 
      "pose_transform_permuted": [
        [
          0.059463213240320445, 
          -0.6340800603056497, 
          -0.7709782600016922, 
          0.0
        ], 
        [
          0.9938031432483966, 
          -0.03505430431171767, 
          0.10547899531935406, 
          0.0
        ], 
        [
          0.09390807913989627, 
          0.772472656524751, 
          -0.6280664093424346, 
          0.0
        ], 
        [
          -17.563633709394008, 
          6.745390200964577, 
          62.26947481161287, 
          1.0
        ]
      ], 
      "projected_cuboid": [
        [
          409.9008686900625, 
          387.6004516086003
        ], 
        [
          222.16545216777632, 
          398.2526018659016
        ], 
        [
          254.5052036980634, 
          257.18690873117146
        ], 
        [
          408.3732110906391, 
          252.50323959375265
        ], 
        [
          412.1374183012921, 
          411.6020003716431
        ], 
        [
          238.84030939794755, 
          422.2490244670686
        ], 
        [
          266.30368366988944, 
          286.0907752936729
        ], 
        [
          410.33619685817087, 
          280.9085346357122
        ]
      ], 
      "projected_cuboid_centroid": [
        329.91616510036425, 
        331.0588044280161
      ], 
      "quaternion_xyzw": [
        0.9403794526379817, 
        -0.03428466644231875, 
        0.04384990763488439, 
        0.3355418033931601
      ], 
      "visibility": 0.782170995039393
    }, 
    {
      "bounding_box": {
        "bottom_right": [
          296, 
          274
        ], 
        "top_left": [
          241, 
          196
        ]
      }, 
      "class": "061_foam_brick", 
      "cuboid": [
        [
          -34.32006033363161, 
          -4.272482983415038, 
          66.64210175176517
        ], 
        [
          -26.631759311264474, 
          -4.259842855106394, 
          67.88043239266372
        ], 
        [
          -26.06621328673538, 
          -0.6135084013253234, 
          64.33196313186417
        ], 
        [
          -33.754514309102504, 
          -0.6261485296339672, 
          63.09363249096561
        ], 
        [
          -34.92128693645346, 
          -0.5832882463357076, 
          70.33722085743234
        ], 
        [
          -27.23298591408633, 
          -0.5706481180270639, 
          71.5755514983309
        ], 
        [
          -26.667439889557233, 
          3.0756863357540065, 
          68.02708223753133
        ], 
        [
          -34.355740911924364, 
          3.0630462074453626, 
          66.78875159663278
        ]
      ], 
      "cuboid_centroid": [
        -30.49375011159442, 
        -0.5983983238305155, 
        67.33459199464825
      ], 
      "location": [
        -30.49375011159442, 
        -0.5983983238305155, 
        67.33459199464825
      ], 
      "pose_transform_permuted": [
        [
          0.11438862215028867, 
          -0.701901580598624, 
          -0.7030287435629585, 
          0.0
        ], 
        [
          -0.9872744755112126, 
          -0.0016231513321350866, 
          -0.15901721725590967, 
          0.0
        ], 
        [
          -0.11047331409267419, 
          -0.7122720944505032, 
          0.6931551848904218, 
          0.0
        ], 
        [
          -30.49375011159442, 
          -0.5983983238305155, 
          67.33459199464825, 
          1.0
        ]
      ], 
      "projected_cuboid": [
        [
          204.65361965728536, 
          239.0949566248289
        ], 
        [
          270.61429565287006, 
          239.81801788247586
        ], 
        [
          263.70426893987803, 
          268.2004807722662
        ], 
        [
          193.89825515945816, 
          267.9938125566402
        ], 
        [
          214.60597474263267, 
          268.8638576336445
        ], 
        [
          276.9892160557718, 
          269.034557939749
        ], 
        [
          270.78706301946414, 
          297.3993427732382
        ], 
        [
          204.97442192181597, 
          297.7454848480372
        ]
      ], 
      "projected_cuboid_centroid": [
        238.06040996357865, 
        268.54696007382773
      ], 
      "quaternion_xyzw": [
        0.02950497246754663, 
        0.9223035445996989, 
        -0.37814469370128384, 
        0.0741095057606178
      ], 
      "visibility": 0.9167089893346877
    }
  ]
}