{
  "camera_data": {
    "location_worldframe": [
      -20.212179785815945, 
      -4.826237335623589, 
      96.84231176235937
    ], 
    "quaternion_xyzw_worldframe": [
      0.9572183279291806, 
      0.009523642702706983, 
      0.006430303508940974, 
      -0.28913594205728077
    ]
  }, 
  "objects": [
    {
      "bounding_box": {
        "bottom_right": [
          350, 
          327
        ], 
        "top_left": [
          233, 
          176
        ]
      }, 
      "class": "003_cracker_box", 
      "cuboid": [
        [
          -25.932243293381603, 
          5.529950637745526, 
          73.65218185878123
        ], 
        [
          -42.3205933829954, 
          6.04663387472331, 
          73.16934082900228
        ], 
        [
          -43.22778685711572, 
          -6.877124122692749, 
          90.13126956282066
        ], 
        [
          -26.839436767501923, 
          -7.393807359670531, 
          90.61411059259963
        ], 
        [
          -25.880485645720213, 
          11.239604839537346, 
          78.00529196269686
        ], 
        [
          -42.26883573533401, 
          11.756288076515128, 
          77.52245093291789
        ], 
        [
          -43.17602920945433, 
          -1.1674699209009278, 
          94.48437966673629
        ], 
        [
          -26.787679119840536, 
          -1.6841531578787114, 
          94.96722069651524
        ]
      ], 
      "cuboid_centroid": [
        -34.554136251417965, 
        2.1812403584222992, 
        84.06828076275876
      ], 
      "location": [
        -34.554136251417965, 
        2.1812403584222992, 
        84.06828076275876
      ], 
      "pose_transform_permuted": [
        [
          -0.00720858619760828, 
          -0.7952164816573504, 
          -0.606282758773113, 
          0.0
        ], 
        [
          0.9990702892967902, 
          -0.03149815986475307, 
          0.029435063607248235, 
          0.0
        ], 
        [
          0.04250403897819538, 
          0.6055069060098651, 
          -0.7947042175834358, 
          0.0
        ], 
        [
          -34.554136251417965, 
          2.1812403584222992, 
          84.06828076275876, 
          1.0
        ]
      ], 
      "projected_cuboid": [
        [
          292.2553959456723, 
          313.32922096310483
        ], 
        [
          170.5584280939769, 
          317.359481937461
        ], 
        [
          223.68049414264974, 
          232.5936132249015
        ], 
        [
          322.3141135243349, 
          229.7694496017224
        ], 
        [
          303.17848243975976, 
          350.1313419326466
        ], 
        [
          188.38318511400342, 
          354.1645105062257
        ], 
        [
          235.85787894505967, 
          266.69672309588617
        ], 
        [
          329.9084143642786, 
          263.82862341292775
        ]
      ], 
      "projected_cuboid_centroid": [
        260.5627982132131, 
        287.1240779929016
      ], 
      "quaternion_xyzw": [
        0.8959436302133867, 
        -0.020649234044256597, 
        0.006201974281670565, 
        0.44364417738594636
      ], 
      "visibility": 0.5941807044410413
    }, 
    {
      "bounding_box": {
        "bottom_right": [
          377, 
          362
        ], 
        "top_left": [
          288, 
          293
        ]
      }, 
      "class": "006_mustard_bottle", 
      "cuboid": [
        [
          -20.763476141693495, 
          14.3585804193736, 
          81.86029461187985
        ], 
        [
          -30.047271039993888, 
          12.385217283567378, 
          80.4032228803792
        ], 
        [
          -30.219368999843503, 
          1.5530537907702286, 
          96.17012974069647
        ], 
        [
          -20.935574101543107, 
          3.526416926576452, 
          97.62720147219709
        ], 
        [
          -22.25056589912698, 
          19.00808682063243, 
          85.03836173879294
        ], 
        [
          -31.534360797427375, 
          17.034723684826204, 
          83.58129000729232
        ], 
        [
          -31.70645875727699, 
          6.202560192029055, 
          99.34819686760956
        ], 
        [
          -22.422663858976595, 
          8.175923327835278, 
          100.80526859911019
        ]
      ], 
      "cuboid_centroid": [
        -26.234967449485243, 
        10.280570305701328, 
        90.6042457397447
      ], 
      "location": [
        -26.234967449485243, 
        10.280570305701328, 
        90.6042457397447
      ], 
      "pose_transform_permuted": [
        [
          0.2552987551824611, 
          -0.798212206439299, 
          -0.5456002755257411, 
          0.0
        ], 
        [
          0.966820281021304, 
          0.20550728688184786, 
          0.1517403730209008, 
          0.0
        ], 
        [
          0.008996187035006119, 
          0.5662366297666896, 
          -0.8241936348512356, 
          0.0
        ], 
        [
          -26.234967449485243, 
          10.280570305701328, 
          90.6042457397447, 
          1.0
        ]
      ], 
      "projected_cuboid": [
        [
          345.1957721509003, 
          366.8326479789234
        ], 
        [
          280.630731927564, 
          355.43845531170564
        ], 
        [
          312.6164372433068, 
          281.8991290486328
        ], 
        [
          366.2767662119131, 
          292.55071002579143
        ], 
        [
          340.88935234881427, 
          392.49608920960924
        ], 
        [
          278.7042379355086, 
          381.9825360239936
        ], 
        [
          309.9724881840962, 
          306.5830337458729
        ], 
        [
          361.9792954033221, 
          316.5420154166578
        ]
      ], 
      "projected_cuboid_centroid": [
        325.8844820381306, 
        333.800583713325
      ], 
      "quaternion_xyzw": [
        0.8773051331084492, 
        0.0559985039499791, 
        0.11599132184521403, 
        0.46232655551155283
      ], 
      "visibility": 0.7589034676663543
    }, 
    {
      "bounding_box": {
        "bottom_right": [
          266, 
          311
        ], 
        "top_left": [
          218, 
          223
        ]
      }, 
      "class": "008_pudding_box", 
      "cuboid": [
        [
          -27.70649471792275, 
          -3.6840593280213776, 
          81.24744175241837
        ], 
        [
          -39.04778344026679, 
          -3.762861949075612, 
          80.51168986079652
        ], 
        [
          -39.47449514777386, 
          -9.172577373268533, 
          87.66877074966008
        ], 
        [
          -28.13320642542982, 
          -9.093774752214298, 
          88.40452264128193
        ], 
        [
          -27.877748784513233, 
          -0.6131640034183414, 
          83.5583810201621
        ], 
        [
          -39.219037506857276, 
          -0.6919666244725758, 
          82.82262912854026
        ], 
        [
          -39.645749214364336, 
          -6.101682048665497, 
          89.97971001740382
        ], 
        [
          -28.3044604920203, 
          -6.0228794276112625, 
          90.71546190902568
        ]
      ], 
      "cuboid_centroid": [
        -33.67612196614355, 
        -4.892870688343437, 
        85.6135758849111
      ], 
      "location": [
        -33.67612196614355, 
        -4.892870688343437, 
        85.6135758849111
      ], 
      "pose_transform_permuted": [
        [
          0.04451510637218717, 
          -0.7982364142011857, 
          -0.6006964352518053, 
          0.0
        ], 
        [
          0.9978785092191951, 
          0.006933554373343921, 
          0.06473611762659304, 
          0.0
        ], 
        [
          0.047509013904862944, 
          0.6023041805223421, 
          -0.7968514795475047, 
          0.0
        ], 
        [
          -33.67612196614355, 
          -4.892870688343437, 
          85.6135758849111, 
          1.0
        ]
      ], 
      "projected_cuboid": [
        [
          298.21214524387835, 
          249.10385674471013
        ], 
        [
          220.78409962282348, 
          248.36086607365013
        ], 
        [
          239.45881472595417, 
          217.486563834591
        ], 
        [
          310.4629950788995, 
          218.42635644997054
        ], 
        [
          302.18179069059204, 
          269.3729584370959
        ], 
        [
          226.94942742241923, 
          268.8307587383095
        ], 
        [
          244.6541251494444, 
          237.1212010826197
        ], 
        [
          313.80736626348016, 
          237.8778052447273
        ]
      ], 
      "projected_cuboid_centroid": [
        270.06745517929244, 
        242.80698226791742
      ], 
      "quaternion_xyzw": [
        0.8945500440156132, 
        -0.011339628174790752, 
        0.030532451686088497, 
        0.4457793905493481
      ], 
      "visibility": 0.36302835741037986
    }, 
    {
      "bounding_box": {
        "bottom_right": [
          416, 
          299
        ], 
        "top_left": [
          272, 
          162
        ]
      }, 
      "class": "019_pitcher_base", 
      "cuboid": [
        [
          -49.347077376754974, 
          22.275193238705715, 
          82.48484589679805
        ], 
        [
          -30.673992081218948, 
          23.983861318628044, 
          84.52541269116173
        ], 
        [
          -31.530266224633895, 
          9.848704267699047, 
          104.19718814337287
        ], 
        [
          -50.203351520169925, 
          8.140036187776719, 
          102.15662134900919
        ], 
        [
          -47.52871177608979, 
          11.52971555351456, 
          74.84283129646326
        ], 
        [
          -28.855626480553763, 
          13.238383633436888, 
          76.88339809082694
        ], 
        [
          -29.711900623968713, 
          -0.8967734174921096, 
          96.55517354303807
        ], 
        [
          -48.38498591950474, 
          -2.6054414974144375, 
          94.51460674867438
        ]
      ], 
      "cuboid_centroid": [
        -39.52948900036184, 
        10.689209910606804, 
        89.52000971991806
      ], 
      "location": [
        -39.52948900036184, 
        10.689209910606804, 
        89.52000971991806
      ], 
      "pose_transform_permuted": [
        [
          -0.1366103377992149, 
          0.8072872341243673, 
          0.5741299745421754, 
          0.0
        ], 
        [
          -0.989994912883234, 
          -0.09058881701426451, 
          -0.1081851613617082, 
          0.0
        ], 
        [
          0.03532673422243357, 
          0.5831647961937119, 
          -0.8115853881937026, 
          0.0
        ], 
        [
          -39.52948900036184, 
          10.689209910606804, 
          89.52000971991806, 
          1.0
        ]
      ], 
      "projected_cuboid": [
        [
          159.8763662242179, 
          417.3105298306387
        ], 
        [
          286.4442896091833, 
          424.614553001263
        ], 
        [
          318.8686601096821, 
          323.6958335528072
        ], 
        [
          217.32094420907424, 
          315.78246873301765
        ], 
        [
          140.0916695245218, 
          355.4456838417126
        ], 
        [
          279.76522999870093, 
          365.1176668930831
        ], 
        [
          316.11664510744953, 
          268.3332371103776
        ], 
        [
          206.29883398174354, 
          258.58475778916505
        ]
      ], 
      "projected_cuboid_centroid": [
        244.1357809024679, 
        336.9679986044817
      ], 
      "quaternion_xyzw": [
        -0.06899300701449372, 
        0.45626202511893144, 
        0.887030112738446, 
        -0.015575030091488497
      ], 
      "visibility": 0.20943245403677058
    }, 
    {
      "bounding_box": {
        "bottom_right": [
          283, 
          348
        ], 
        "top_left": [
          185, 
          203
        ]
      }, 
      "class": "035_power_drill", 
      "cuboid": [
        [
          -18.184726665599012, 
          -2.05343102728835, 
          67.3514158573525
        ], 
        [
          -36.619631875446714, 
          -2.185802865490209, 
          67.51357809484959
        ], 
        [
          -36.40749319829206, 
          -13.907998849522443, 
          82.06081353744943
        ], 
        [
          -17.972587988444356, 
          -13.775627011320585, 
          81.89865129995235
        ], 
        [
          -18.185137268812912, 
          2.3998801328614148, 
          70.93991112781563
        ], 
        [
          -36.62004247866062, 
          2.2675082946595566, 
          71.10207336531272
        ], 
        [
          -36.40790380150597, 
          -9.45468768937268, 
          85.64930880791256
        ], 
        [
          -17.972998591658257, 
          -9.322315851170819, 
          85.48714657041548
        ]
      ], 
      "cuboid_centroid": [
        -27.296315233552487, 
        -5.754059358330514, 
        76.50036233263253
      ], 
      "location": [
        -27.296315233552487, 
        -5.754059358330514, 
        76.50036233263253
      ], 
      "pose_transform_permuted": [
        [
          7.179381806212676e-05, 
          -0.7786597873117564, 
          -0.627447053121277, 
          0.0
        ], 
        [
          0.999935192570261, 
          0.007180034723072422, 
          -0.008795907889596773, 
          0.0
        ], 
        [
          -0.011354272364490365, 
          0.6274056560445324, 
          -0.7786098960409199, 
          0.0
        ], 
        [
          -27.296315233552487, 
          -5.754059358330514, 
          76.50036233263253, 
          1.0
        ]
      ], 
      "projected_cuboid": [
        [
          336.4020267974504, 
          257.0265237619337
        ], 
        [
          189.91173816946537, 
          256.01991538472146
        ], 
        [
          243.01011172781736, 
          182.89737621926176
        ], 
        [
          363.5852218519622, 
          183.58040071317802
        ], 
        [
          343.74360513775946, 
          291.3286112201838
        ], 
        [
          204.62988313175077, 
          290.29457334957004
        ], 
        [
          253.00374007624856, 
          214.41425789312518
        ], 
        [
          368.5364240512494, 
          215.12839604554853
        ]
      ], 
      "projected_cuboid_centroid": [
        289.71593672132485, 
        233.17231570908106
      ], 
      "quaternion_xyzw": [
        0.9020515370166039, 
        0.005136709580048537, 
        -0.002417853557566208, 
        0.4315911063416358
      ], 
      "visibility": 0.67125476219737
    }, 
    {
      "bounding_box": {
        "bottom_right": [
          218, 
          262
        ], 
        "top_left": [
          175, 
          198
        ]
      }, 
      "class": "061_foam_brick", 
      "cuboid": [
        [
          -42.95443220490444, 
          -15.956663322313979, 
          84.986590881231
        ], 
        [
          -35.18361359699036, 
          -15.536021802551383, 
          85.27125565655722
        ], 
        [
          -35.18156069639797, 
          -12.69291382251534, 
          81.01403072134583
        ], 
        [
          -42.952379304312046, 
          -13.113555342277937, 
          80.72936594601961
        ], 
        [
          -43.297233204514775, 
          -11.59498774843902, 
          87.89928896102398
        ], 
        [
          -35.5264145966007, 
          -11.174346228676425, 
          88.1839537363502
        ], 
        [
          -35.524361696008306, 
          -8.331238248640382, 
          83.92672880113882
        ], 
        [
          -43.29518030392238, 
          -8.75187976840298, 
          83.64206402581262
        ]
      ], 
      "cuboid_centroid": [
        -39.239396950456374, 
        -12.14395078547718, 
        84.45665984118492
      ], 
      "location": [
        -39.239396950456374, 
        -12.14395078547718, 
        84.45665984118492
      ], 
      "pose_transform_permuted": [
        [
          0.06522088981612573, 
          -0.8298469442643066, 
          -0.5541662969062496, 
          0.0
        ], 
        [
          -0.9978707705514696, 
          -0.05401565763276983, 
          -0.03655453473258746, 
          0.0
        ], 
        [
          -0.00040101198153330575, 
          -0.5553704689895675, 
          0.8316029589676185, 
          0.0
        ], 
        [
          -39.239396950456374, 
          -12.14395078547718, 
          84.45665984118492, 
          1.0
        ]
      ], 
      "projected_cuboid": [
        [
          209.79715564704134, 
          173.1530822960373
        ], 
        [
          259.71126169736823, 
          176.1182178004087
        ], 
        [
          248.06496033925816, 
          189.72842528445122
        ], 
        [
          195.47759077290138, 
          186.65491654999954
        ], 
        [
          216.7064839287182, 
          202.93518353971677
        ], 
        [
          264.949633336855, 
          205.70624224299178
        ], 
        [
          253.9732387744597, 
          220.34497128946506
        ], 
        [
          203.2372463939029, 
          217.48269186151876
        ]
      ], 
      "projected_cuboid_centroid": [
        231.74660377288015, 
        196.60097187995302
      ], 
      "quaternion_xyzw": [
        -0.015207377857577755, 
        0.8813920150034387, 
        -0.47125736192012224, 
        0.028867808766203804
      ], 
      "visibility": 0.8635255889520714
    }
  ]
}