{
  "camera_data": {
    "location_worldframe": [
      -21.065446417315385, 
      -4.448093656686241, 
      95.99156082486351
    ], 
    "quaternion_xyzw_worldframe": [
      0.9570655148411762, 
      0.01810493545511115, 
      -0.013772302979842166, 
      -0.2889782632624788
    ]
  }, 
  "objects": [
    {
      "bounding_box": {
        "bottom_right": [
          349, 
          320
        ], 
        "top_left": [
          234, 
          162
        ]
      }, 
      "class": "003_cracker_box", 
      "cuboid": [
        [
          -27.85252060129067, 
          5.71586342191648, 
          73.00497013490717
        ], 
        [
          -44.25587884755395, 
          5.771381960084729, 
          73.0747671536285
        ], 
        [
          -44.2273456395671, 
          -7.152687955929352, 
          90.06067748567776
        ], 
        [
          -27.823987393303813, 
          -7.2082064940976025, 
          89.99088046695643
        ], 
        [
          -27.814682081940745, 
          11.429863341426227, 
          77.35251780011323
        ], 
        [
          -44.218040328204026, 
          11.485381879594476, 
          77.42231481883456
        ], 
        [
          -44.18950712021717, 
          -1.4386880364196053, 
          94.40822515088382
        ], 
        [
          -27.786148873953888, 
          -1.4942065745878543, 
          94.33842813216249
        ]
      ], 
      "cuboid_centroid": [
        -36.02101386075392, 
        2.138587692748437, 
        83.7065976428955
      ], 
      "location": [
        -36.02101386075392, 
        2.138587692748437, 
        83.7065976428955
      ], 
      "pose_transform_permuted": [
        [
          -0.0052699888933955275, 
          -0.7958217348358777, 
          -0.6055080458423967, 
          0.0
        ], 
        [
          0.9999852199227303, 
          -0.0033845336282046223, 
          -0.004254981575611494, 
          0.0
        ], 
        [
          -0.00133684447589566, 
          0.6055215200923367, 
          -0.7958278089837738, 
          0.0
        ], 
        [
          -36.02101386075392, 
          2.138587692748437, 
          83.7065976428955, 
          1.0
        ]
      ], 
      "projected_cuboid": [
        [
          276.4318131259649, 
          315.0423512090352
        ], 
        [
          155.91393456689158, 
          315.40765777649193
        ], 
        [
          217.50983643496576, 
          230.92988837910298
        ], 
        [
          315.32756295977293, 
          230.56801291649555
        ], 
        [
          288.2260500787646, 
          352.09159987618415
        ], 
        [
          174.4650609280202, 
          352.40299285520024
        ], 
        [
          229.88672440373122, 
          265.1592746770956
        ], 
        [
          323.2057183644039, 
          264.83940097365746
        ]
      ], 
      "projected_cuboid_centroid": [
        250.18394653304128, 
        286.9121150445157
      ], 
      "quaternion_xyzw": [
        0.895965231727418, 
        -0.0005713640105099347, 
        -0.0026577399802230352, 
        0.4441158784562868
      ], 
      "visibility": 0.5639911687201766
    }, 
    {
      "bounding_box": {
        "bottom_right": [
          379, 
          355
        ], 
        "top_left": [
          289, 
          282
        ]
      }, 
      "class": "006_mustard_bottle", 
      "cuboid": [
        [
          -22.6603985275964, 
          14.69595161041098, 
          81.03212479200754
        ], 
        [
          -31.928855695376058, 
          12.46083495215721, 
          79.88931113124039
        ], 
        [
          -31.265013776055245, 
          1.6467598491595126, 
          95.65559887304154
        ], 
        [
          -21.996556608275586, 
          3.8818765074132817, 
          96.79841253380867
        ], 
        [
          -24.16971336167873, 
          19.305599820519443, 
          84.2574260951169
        ], 
        [
          -33.43817052945839, 
          17.070483162265674, 
          83.11461243434977
        ], 
        [
          -32.77432861013757, 
          6.256408059267976, 
          98.8809001761509
        ], 
        [
          -23.505871442357922, 
          8.491524717521745, 
          100.02371383691803
        ]
      ], 
      "cuboid_centroid": [
        -27.717363568866986, 
        10.476179834839478, 
        89.95651248407923
      ], 
      "location": [
        -27.717363568866986, 
        10.476179834839478, 
        89.95651248407923
      ], 
      "pose_transform_permuted": [
        [
          0.25911428438903616, 
          -0.7913694812213711, 
          -0.5537092859769907, 
          0.0
        ], 
        [
          0.9652230000500278, 
          0.23276646450299315, 
          0.11901333848512245, 
          0.0
        ], 
        [
          -0.03470143442203534, 
          0.5652910837652138, 
          -0.8241612712719539, 
          0.0
        ], 
        [
          -27.717363568866986, 
          10.476179834839478, 
          89.95651248407923, 
          1.0
        ]
      ], 
      "projected_cuboid": [
        [
          331.2129222103768, 
          370.00915024521674
        ], 
        [
          266.6723253488238, 
          356.4717251929217
        ], 
        [
          305.82900509211663, 
          282.4679062095761
        ], 
        [
          359.39509956400786, 
          294.67408666806716
        ], 
        [
          327.3364564844051, 
          395.48412846473946
        ], 
        [
          265.24708675616523, 
          382.82230669864646
        ], 
        [
          303.3538026716212, 
          307.0308195603176
        ], 
        [
          355.2209190447744, 
          318.5627654790456
        ]
      ], 
      "projected_cuboid_centroid": [
        315.90144146241715, 
        335.3960140878081
      ], 
      "quaternion_xyzw": [
        0.8780978547109985, 
        0.07614979853613754, 
        0.10765532020306802, 
        0.45995179917192486
      ], 
      "visibility": 0.811577752553916
    }, 
    {
      "bounding_box": {
        "bottom_right": [
          267, 
          304
        ], 
        "top_left": [
          217, 
          213
        ]
      }, 
      "class": "008_pudding_box", 
      "cuboid": [
        [
          -29.1100943744603, 
          -3.535355446688378, 
          80.6578861126921
        ], 
        [
          -40.4630307098094, 
          -3.933618314925154, 
          80.30490759213866
        ], 
        [
          -40.496086329506944, 
          -9.344706645986129, 
          87.47358537128822
        ], 
        [
          -29.143149994157834, 
          -8.946443777749352, 
          87.82656389184166
        ], 
        [
          -29.289670184259453, 
          -0.4677487658215497, 
          82.97255847162947
        ], 
        [
          -40.64260651960856, 
          -0.8660116340583258, 
          82.61957995107603
        ], 
        [
          -40.6756621393061, 
          -6.277099965119301, 
          89.7882577302256
        ], 
        [
          -29.32272580395699, 
          -5.878837096882525, 
          90.14123625077903
        ]
      ], 
      "cuboid_centroid": [
        -34.8928782568832, 
        -4.90622770590384, 
        85.22307192145885
      ], 
      "location": [
        -34.8928782568832, 
        -4.90622770590384, 
        85.22307192145885
      ], 
      "pose_transform_permuted": [
        [
          0.04667822746771142, 
          -0.7973815771240166, 
          -0.6016668002474531, 
          0.0
        ], 
        [
          0.9989033400815429, 
          0.035041692964795215, 
          0.03105728885839238, 
          0.0
        ], 
        [
          0.0036803299938006893, 
          0.6024570365380948, 
          -0.7981426482971719, 
          0.0
        ], 
        [
          -34.8928782568832, 
          -4.90622770590384, 
          85.22307192145885, 
          1.0
        ]
      ], 
      "projected_cuboid": [
        [
          287.5136128566681, 
          249.91034522384965
        ], 
        [
          210.63527335696514, 
          247.16265909317124
        ], 
        [
          232.6380490884404, 
          216.31259513754478
        ], 
        [
          303.15290894679634, 
          218.95999422311135
        ], 
        [
          291.7640567266232, 
          270.2800068895676
        ], 
        [
          217.05770215998507, 
          267.6963260247678
        ], 
        [
          237.980497703569, 
          236.00214889150098
        ], 
        [
          306.66373672462635, 
          238.5044661966881
        ]
      ], 
      "projected_cuboid_centroid": [
        261.4203730257559, 
        242.5837334936225
      ], 
      "quaternion_xyzw": [
        0.8948501518225119, 
        0.008761624196833923, 
        0.02171746749100462, 
        0.4457517893279776
      ], 
      "visibility": 0.3302752293577982
    }, 
    {
      "bounding_box": {
        "bottom_right": [
          416, 
          293
        ], 
        "top_left": [
          271, 
          150
        ]
      }, 
      "class": "019_pitcher_base", 
      "cuboid": [
        [
          -51.418027624897775, 
          21.807157458141752, 
          82.61804759262894
        ], 
        [
          -32.742222171197525, 
          24.042142483480006, 
          84.02755335566177
        ], 
        [
          -32.537462301273955, 
          9.911782281971199, 
          103.72033410589128
        ], 
        [
          -51.21326775497421, 
          7.67679725663294, 
          102.31082834285846
        ], 
        [
          -49.55675851174733, 
          11.107974110554068, 
          74.92160138184514
        ], 
        [
          -30.880953058047083, 
          13.342959135892324, 
          76.33110714487796
        ], 
        [
          -30.676193188123513, 
          -0.7874010656164845, 
          96.02388789510748
        ], 
        [
          -49.35199864182376, 
          -3.0223860909547415, 
          94.61438213207465
        ]
      ], 
      "cuboid_centroid": [
        -41.04711040651065, 
        10.509878196262633, 
        89.32096774386821
      ], 
      "location": [
        -41.04711040651065, 
        10.509878196262633, 
        89.32096774386821
      ], 
      "pose_transform_permuted": [
        [
          -0.13983359682437477, 
          0.8038092288783992, 
          0.5782193175696028, 
          0.0
        ], 
        [
          -0.990139128084, 
          -0.11849267383703478, 
          -0.0747280651802989, 
          0.0
        ], 
        [
          -0.008447642101350489, 
          0.5829668957597501, 
          -0.8124519898376562, 
          0.0
        ], 
        [
          -41.04711040651065, 
          10.509878196262633, 
          89.32096774386821, 
          1.0
        ]
      ], 
      "projected_cuboid": [
        [
          146.9151693162088, 
          414.0570410931708
        ], 
        [
          272.0516492447494, 
          425.8810726998126
        ], 
        [
          312.8984565510364, 
          324.25193103259176
        ], 
        [
          212.41097139885355, 
          313.3036737950234
        ], 
        [
          125.8940264969444, 
          352.3571933498893
        ], 
        [
          264.03615570608423, 
          366.5127686860062
        ], 
        [
          309.8007248581814, 
          268.9132886024701
        ], 
        [
          201.09289542558642, 
          256.2500404227432
        ]
      ], 
      "projected_cuboid_centroid": [
        234.4696636312819, 
        336.0391480391681
      ], 
      "quaternion_xyzw": [
        -0.06043318842220945, 
        0.45523425693845365, 
        0.8875986341547277, 
        -0.035753861895943616
      ], 
      "visibility": 0.19097685366810513
    }, 
    {
      "bounding_box": {
        "bottom_right": [
          285, 
          339
        ], 
        "top_left": [
          186, 
          188
        ]
      }, 
      "class": "035_power_drill", 
      "cuboid": [
        [
          -20.111522415904844, 
          -1.6543001147533765, 
          66.44835146346023
        ], 
        [
          -38.51948341391941, 
          -2.304331709950231, 
          67.23192010225951
        ], 
        [
          -37.48783109897759, 
          -13.99870900394306, 
          81.76650553617057
        ], 
        [
          -19.079870100963024, 
          -13.348677408746207, 
          80.98293689737129
        ], 
        [
          -20.116247401705223, 
          2.80148741705024, 
          70.03376830251511
        ], 
        [
          -38.52420839971978, 
          2.151455821853386, 
          70.8173369413144
        ], 
        [
          -37.492556084777966, 
          -9.542921472139446, 
          85.35192237522546
        ], 
        [
          -19.084595086763404, 
          -8.892889876942592, 
          84.56835373642619
        ]
      ], 
      "cuboid_centroid": [
        -28.802039250341405, 
        -5.598610793446411, 
        75.90013691934284
      ], 
      "location": [
        -28.802039250341405, 
        -5.598610793446411, 
        75.90013691934284
      ], 
      "pose_transform_permuted": [
        [
          0.0008261619963361014, 
          -0.7790927799673218, 
          -0.6269087905432997, 
          0.0
        ], 
        [
          0.9984737006156598, 
          0.03525862817958535, 
          -0.04250186528278016, 
          0.0
        ], 
        [
          -0.055217000154887806, 
          0.6259167197139808, 
          -0.7779328311794244, 
          0.0
        ], 
        [
          -28.802039250341405, 
          -5.598610793446411, 
          75.90013691934284, 
          1.0
        ]
      ], 
      "projected_cuboid": [
        [
          318.83527199560183, 
          260.00899793402857
        ], 
        [
          173.49353533140834, 
          255.0073452234494
        ], 
        [
          235.04615513705775, 
          181.98037781277708
        ], 
        [
          354.89793965541736, 
          185.37775936377943
        ], 
        [
          327.13166921745204, 
          294.6203621884469
        ], 
        [
          189.05665473742755, 
          289.4889761368383
        ], 
        [
          245.3733609780676, 
          213.65780601940446
        ], 
        [
          360.239515374153, 
          217.20465731553475
        ]
      ], 
      "projected_cuboid_centroid": [
        277.53023895351794, 
        233.94736290364457
      ], 
      "quaternion_xyzw": [
        0.9015679689952583, 
        0.02508841026021106, 
        -0.011556450739063258, 
        0.4317549160719282
      ], 
      "visibility": 0.6279632317368167
    }, 
    {
      "bounding_box": {
        "bottom_right": [
          218, 
          255
        ], 
        "top_left": [
          173, 
          190
        ]
      }, 
      "class": "061_foam_brick", 
      "cuboid": [
        [
          -43.872309098159185, 
          -16.22705820354673, 
          84.91180485452838
        ], 
        [
          -36.11121292177174, 
          -15.587935849867678, 
          84.93425296035633
        ], 
        [
          -36.33253064001299, 
          -12.750925223954432, 
          80.67871297986281
        ], 
        [
          -44.09362681640043, 
          -13.390047577633482, 
          80.65626487403486
        ], 
        [
          -44.239289573046385, 
          -11.873295789584724, 
          87.83338227347937
        ], 
        [
          -36.478193396658945, 
          -11.234173435905676, 
          87.85583037930732
        ], 
        [
          -36.69951111490019, 
          -8.397162809992428, 
          83.6002903988138
        ], 
        [
          -44.46060729128764, 
          -9.03628516367148, 
          83.57784229298586
        ]
      ], 
      "cuboid_centroid": [
        -40.285910106529684, 
        -12.312110506769578, 
        84.25604762667109
      ], 
      "location": [
        -40.285910106529684, 
        -12.312110506769578, 
        84.25604762667109
      ], 
      "pose_transform_permuted": [
        [
          0.06982124656723498, 
          -0.8283413963476818, 
          -0.5558556688786847, 
          0.0
        ], 
        [
          -0.9966222881548747, 
          -0.08207134250860815, 
          -0.002882618909304968, 
          0.0
        ], 
        [
          0.043232028413422, 
          -0.5541794166473591, 
          0.8312738212428283, 
          0.0
        ], 
        [
          -40.285910106529684, 
          -12.312110506769578, 
          84.25604762667109, 
          1.0
        ]
      ], 
      "projected_cuboid": [
        [
          203.74466385893118, 
          171.36657606287858
        ], 
        [
          252.95773605600894, 
          175.40669374673888
        ], 
        [
          239.42256069221082, 
          188.99766084995258
        ], 
        [
          187.60916928032572, 
          184.74816338774394
        ], 
        [
          210.73993607128298, 
          201.19252318358986
        ], 
        [
          258.31467839955553, 
          205.0906690420334
        ], 
        [
          245.52520313707498, 
          219.71768853986748
        ], 
        [
          195.524658562998, 
          215.62498912245832
        ]
      ], 
      "projected_cuboid_centroid": [
        224.47234641145462, 
        195.35397612520026
      ], 
      "quaternion_xyzw": [
        -0.03554561884554355, 
        0.8812856196604081, 
        -0.4707937984481186, 
        0.020624376437844132
      ], 
      "visibility": 0.803921568627451
    }
  ]
}