{
  "camera_data": {
    "location_worldframe": [
      -17.13177489339454, 
      -0.06714219247890979, 
      87.37237390555588
    ], 
    "quaternion_xyzw_worldframe": [
      0.896348260339754, 
      0.021268910026978147, 
      -0.009852269402143262, 
      -0.44273110292786355
    ]
  }, 
  "objects": [
    {
      "bounding_box": {
        "bottom_right": [
          420, 
          330
        ], 
        "top_left": [
          272, 
          174
        ]
      }, 
      "class": "003_cracker_box", 
      "cuboid": [
        [
          -23.899104025261515, 
          17.008604051608405, 
          68.9231292991887
        ], 
        [
          -40.30264027374974, 
          17.015678546958316, 
          68.96856258219579
        ], 
        [
          -40.27744035229108, 
          -0.7286533853825689, 
          80.82991142561411
        ], 
        [
          -23.87390410380286, 
          -0.7357278807324813, 
          80.78447814260706
        ], 
        [
          -23.880850257107355, 
          20.998757941727185, 
          74.89227800466261
        ], 
        [
          -40.28438650559558, 
          21.005832437077096, 
          74.93771128766969
        ], 
        [
          -40.25918658413693, 
          3.261500504736212, 
          86.79906013108804
        ], 
        [
          -23.855650335648704, 
          3.2544260093862993, 
          86.75362684808096
        ]
      ], 
      "cuboid_centroid": [
        -32.07914530469922, 
        10.135052278172306, 
        77.86109471513836
      ], 
      "location": [
        -32.07914530469922, 
        10.135052278172306, 
        77.86109471513836
      ], 
      "pose_transform_permuted": [
        [
          -0.002542307603143723, 
          -0.5557317528574452, 
          -0.8313577782988757, 
          0.0
        ], 
        [
          0.9999960713344582, 
          -0.0004312769789037163, 
          -0.0027697140315758872, 
          0.0
        ], 
        [
          -0.0011806725626686831, 
          0.8313615536372603, 
          -0.5557306660119997, 
          0.0
        ], 
        [
          -32.07914530469922, 
          10.135052278172306, 
          77.86109471513836, 
          1.0
        ]
      ], 
      "projected_cuboid": [
        [
          295.12732616086777, 
          404.8972427674935
        ], 
        [
          167.3479539744238, 
          404.8652493576915
        ], 
        [
          213.6299543303825, 
          268.4788484403413
        ], 
        [
          322.67388376748687, 
          268.4294404832379
        ], 
        [
          310.1206188521221, 
          422.82196581147787
        ], 
        [
          192.51039737055584, 
          422.7816534180365
        ], 
        [
          232.17107417165317, 
          293.3261799668605
        ], 
        [
          333.7218638990758, 
          293.2931842260542
        ]
      ], 
      "projected_cuboid_centroid": [
        260.0357086975359, 
        342.70788218662653
      ], 
      "quaternion_xyzw": [
        0.9569110987012579, 
        0.00019578505902535356, 
        -0.0013878043743899538, 
        0.2903776590056139
      ], 
      "visibility": 0.3339222614840989
    }, 
    {
      "bounding_box": {
        "bottom_right": [
          430, 
          371
        ], 
        "top_left": [
          313, 
          300
        ]
      }, 
      "class": "006_mustard_bottle", 
      "cuboid": [
        [
          -18.73990184438264, 
          22.898231111637024, 
          79.44592182460865
        ], 
        [
          -28.001658930665506, 
          21.14325231747623, 
          77.61672174890873
        ], 
        [
          -27.34335759291582, 
          5.791697296879714, 
          89.01220916203441
        ], 
        [
          -18.08160050663295, 
          7.546676091040508, 
          90.84140923773431
        ], 
        [
          -20.26449880322265, 
          26.20675488086659, 
          83.99110949584015
        ], 
        [
          -29.526255889505528, 
          24.4517760867058, 
          82.16190942014023
        ], 
        [
          -28.86795455175583, 
          9.100221066109281, 
          93.5573968332659
        ], 
        [
          -19.60619746547296, 
          10.855199860270076, 
          95.38659690896581
        ]
      ], 
      "cuboid_centroid": [
        -23.803928198069237, 
        15.999226088873153, 
        86.50165932893728
      ], 
      "location": [
        -23.803928198069237, 
        15.999226088873153, 
        86.50165932893728
      ], 
      "pose_transform_permuted": [
        [
          0.2617378700923713, 
          -0.5679966495322151, 
          -0.7803031045945285, 
          0.0
        ], 
        [
          0.9645252493191522, 
          0.1827646032192714, 
          0.19049405449016787, 
          0.0
        ], 
        [
          -0.03441180804796301, 
          0.8024816817361214, 
          -0.5956836223574021, 
          0.0
        ], 
        [
          -23.803928198069237, 
          15.999226088873153, 
          86.50165932893728, 
          1.0
        ]
      ], 
      "projected_cuboid": [
        [
          354.74795365483465, 
          427.0021069035907
        ], 
        [
          287.5888158141592, 
          418.5659347242809
        ], 
        [
          316.4031706646513, 
          307.98768310864534
        ], 
        [
          374.55740273737706, 
          317.5922151057122
        ], 
        [
          351.85097620118876, 
          439.6919548550433
        ], 
        [
          288.3425779314822, 
          432.0049894194624
        ], 
        [
          315.66526946228936, 
          325.1619243219945
        ], 
        [
          371.06259293115073, 
          333.97945346770473
        ]
      ], 
      "projected_cuboid_centroid": [
        333.61267010838384, 
        371.9285831742528
      ], 
      "quaternion_xyzw": [
        0.9417151952222341, 
        0.057654483109403167, 
        0.12005538587380911, 
        0.30892574469264084
      ], 
      "visibility": 0.5306414150437735
    }, 
    {
      "bounding_box": {
        "bottom_right": [
          326, 
          310
        ], 
        "top_left": [
          261, 
          214
        ]
      }, 
      "class": "008_pudding_box", 
      "cuboid": [
        [
          -25.151057285103136, 
          5.770106061790488, 
          73.14958395221451
        ], 
        [
          -36.50249850840822, 
          5.4925248945528695, 
          72.65958249086634
        ], 
        [
          -36.53705917862444, 
          -1.9553045602952506, 
          77.67949809507539
        ], 
        [
          -25.18561795531935, 
          -1.6777233930576327, 
          78.16949955642355
        ], 
        [
          -25.341104963901035, 
          7.918266701145008, 
          76.33540474072475
        ], 
        [
          -36.69254618720612, 
          7.640685533907389, 
          75.8454032793766
        ], 
        [
          -36.727106857422335, 
          0.19285607905926877, 
          80.86531888358563
        ], 
        [
          -25.37566563411725, 
          0.47043724629688666, 
          81.3553203449338
        ]
      ], 
      "cuboid_centroid": [
        -30.939082071262735, 
        2.981481070424878, 
        77.00745141790007
      ], 
      "location": [
        -30.939082071262735, 
        2.981481070424878, 
        77.00745141790007
      ], 
      "pose_transform_permuted": [
        [
          0.04940024377760319, 
          -0.5583844008450977, 
          -0.8281096858411301, 
          0.0
        ], 
        [
          0.9987717906417807, 
          0.02442335153717423, 
          0.04311343620077322, 
          0.0
        ], 
        [
          0.0038478985529977142, 
          0.8292226974474739, 
          -0.5589048438228198, 
          0.0
        ], 
        [
          -30.939082071262735, 
          2.981481070424878, 
          77.00745141790007, 
          1.0
        ]
      ], 
      "projected_cuboid": [
        [
          296.6974034102005, 
          315.3552743085985
        ], 
        [
          211.43682889722396, 
          313.60153824569215
        ], 
        [
          228.65625169742012, 
          259.8621179138266
        ], 
        [
          308.33359447380144, 
          261.8400947300476
        ], 
        [
          303.07526171978975, 
          328.6077445806016
        ], 
        [
          221.43718848884478, 
          327.0132906638001
        ], 
        [
          237.3574269448113, 
          274.5584543618552
        ], 
        [
          313.86225042580287, 
          276.37045916863593
        ]
      ], 
      "projected_cuboid_centroid": [
        265.54102807856106, 
        293.93495852300964
      ], 
      "quaternion_xyzw": [
        0.9560470927117535, 
        0.005380345053352926, 
        0.024191716256353156, 
        0.2921637577231716
      ], 
      "visibility": 0.7480519480519481
    }, 
    {
      "bounding_box": {
        "bottom_right": [
          457, 
          304
        ], 
        "top_left": [
          296, 
          168
        ]
      }, 
      "class": "019_pitcher_base", 
      "cuboid": [
        [
          -47.514995938365665, 
          29.067662043874233, 
          83.18998985168716
        ], 
        [
          -28.8464012714356, 
          30.74884792992342, 
          85.29350145906865
        ], 
        [
          -28.64727275772215, 
          10.983957255879808, 
          99.3229014527767
        ], 
        [
          -47.31586742465221, 
          9.302771369830616, 
          97.2193898453952
        ], 
        [
          -45.617863577888414, 
          21.454575107659863, 
          72.43759814561422
        ], 
        [
          -26.949268910958352, 
          23.13576099370906, 
          74.54110975299572
        ], 
        [
          -26.7501403972449, 
          3.370870319665445, 
          88.57050974670378
        ], 
        [
          -45.41873506417496, 
          1.6896844336162509, 
          86.46699813932227
        ]
      ], 
      "cuboid_centroid": [
        -37.13256816780528, 
        16.219266181769836, 
        85.88024979919547
      ], 
      "location": [
        -37.13256816780528, 
        16.219266181769836, 
        85.88024979919547
      ], 
      "pose_transform_permuted": [
        [
          -0.1425279341623115, 
          0.5719566943361546, 
          0.807806671319981, 
          0.0
        ], 
        [
          -0.9897568322765643, 
          -0.08913178772860178, 
          -0.11152231982769067, 
          0.0
        ], 
        [
          -0.00821531297442718, 
          0.8154269811216643, 
          -0.5788016474506104, 
          0.0
        ], 
        [
          -37.13256816780528, 
          16.219266181769836, 
          85.88024979919547, 
          1.0
        ]
      ], 
      "projected_cuboid": [
        [
          174.44647118880275, 
          459.635321442482
        ], 
        [
          299.724401404821, 
          465.5516282925577
        ], 
        [
          326.4921308395762, 
          332.2654785841791
        ], 
        [
          219.87179995470134, 
          324.3190548197368
        ], 
        [
          142.938054572758, 
          431.2451857893065
        ], 
        [
          287.17620288284564, 
          438.81606189647556
        ], 
        [
          319.181124804767, 
          293.58393898939175
        ], 
        [
          199.12442660563488, 
          283.70833840493333
        ]
      ], 
      "projected_cuboid_centroid": [
        249.08075601419836, 
        374.00879134735845
      ], 
      "quaternion_xyzw": [
        -0.06682765607581846, 
        0.30270578943932674, 
        0.9503934033754402, 
        -0.025607053972936004
      ], 
      "visibility": 0.18568947551233067
    }, 
    {
      "bounding_box": {
        "bottom_right": [
          386, 
          350
        ], 
        "top_left": [
          245, 
          192
        ]
      }, 
      "class": "035_power_drill", 
      "cuboid": [
        [
          -16.131187236550044, 
          12.18117494086322, 
          60.34473469199184
        ], 
        [
          -34.539122240971615, 
          11.286221371713657, 
          60.83108433262784
        ], 
        [
          -33.509017475524736, 
          -4.496853720398903, 
          70.77645337242618
        ], 
        [
          -15.101082471103167, 
          -3.6019001512493385, 
          70.29010373179018
        ], 
        [
          -16.15151904600025, 
          15.229201473801737, 
          65.18399079555496
        ], 
        [
          -34.55945405042182, 
          14.334247904652173, 
          65.67034043619097
        ], 
        [
          -33.52934928497494, 
          -1.4488271874603866, 
          75.6157094759893
        ], 
        [
          -15.121414280553369, 
          -0.5538736183108226, 
          75.1293598353533
        ]
      ], 
      "cuboid_centroid": [
        -24.83026826076249, 
        5.366173876701417, 
        67.98022208399057
      ], 
      "location": [
        -24.83026826076249, 
        5.366173876701417, 
        67.98022208399057
      ], 
      "pose_transform_permuted": [
        [
          0.003555009262282596, 
          -0.5329462969254269, 
          -0.8461421160206699, 
          0.0
        ], 
        [
          0.9984722906866083, 
          0.04854354059987088, 
          -0.02638028869853112, 
          0.0
        ], 
        [
          -0.05513417085332538, 
          0.8447555898276958, 
          -0.5323047657213182, 
          0.0
        ], 
        [
          -24.83026826076249, 
          5.366173876701417, 
          67.98022208399057, 
          1.0
        ]
      ], 
      "projected_cuboid": [
        [
          337.84348223428617, 
          380.9423123444319
        ], 
        [
          176.26144418838624, 
          372.2353392986446
        ], 
        [
          226.9934119153378, 
          239.40153756858479
        ], 
        [
          366.0641796644376, 
          245.95745770836714
        ], 
        [
          348.3480048755144, 
          397.8881661252462
        ], 
        [
          198.59517295019162, 
          389.6973113504117
        ], 
        [
          243.14294744163809, 
          263.06792180950407
        ], 
        [
          373.36038884382026, 
          269.3547641995959
        ]
      ], 
      "projected_cuboid_centroid": [
        285.174868433243, 
        315.38533565247536
      ], 
      "quaternion_xyzw": [
        0.960386640439018, 
        0.026988534379706303, 
        -0.005941690168090659, 
        0.2772974492231043
      ], 
      "visibility": 0.7643818849449204
    }, 
    {
      "bounding_box": {
        "bottom_right": [
          273, 
          252
        ], 
        "top_left": [
          219, 
          175
        ]
      }, 
      "class": "061_foam_brick", 
      "cuboid": [
        [
          -39.894426171577265, 
          -7.6355652131213505, 
          73.01140858784609
        ], 
        [
          -32.134724181419664, 
          -7.027715617243546, 
          73.25867171145872
        ], 
        [
          -32.354378906246225, 
          -2.9615897931165485, 
          70.15615596874929
        ], 
        [
          -40.11408089640383, 
          -3.569439388994352, 
          69.90889284513666
        ], 
        [
          -40.27561516733275, 
          -4.468693462117633, 
          77.1888665114296
        ], 
        [
          -32.51591317717515, 
          -3.8608438662398292, 
          77.43612963504222
        ], 
        [
          -32.73556790200171, 
          0.2052819578871691, 
          74.33361389233279
        ], 
        [
          -40.495269892159314, 
          -0.40256763799063483, 
          74.08635076872017
        ]
      ], 
      "cuboid_centroid": [
        -36.314997036789485, 
        -3.7151416276170903, 
        73.67251124008945
      ], 
      "location": [
        -36.314997036789485, 
        -3.7151416276170903, 
        73.67251124008945
      ], 
      "pose_transform_permuted": [
        [
          0.07252454199243508, 
          -0.6025250619712252, 
          -0.7947979243212444, 
          0.0
        ], 
        [
          -0.9964432571212525, 
          -0.07805552738037747, 
          -0.03175169259992977, 
          0.0
        ], 
        [
          0.0429071805922599, 
          -0.794273809427166, 
          0.6060429766210322, 
          0.0
        ], 
        [
          -36.314997036789485, 
          -3.7151416276170903, 
          73.67251124008945, 
          1.0
        ]
      ], 
      "projected_cuboid": [
        [
          187.7554993765971, 
          217.51174147359396
        ], 
        [
          245.7082932882581, 
          222.1251085414386
        ], 
        [
          233.5928768128034, 
          250.77284959331433
        ], 
        [
          173.0253204048826, 
          246.05606915810353
        ], 
        [
          201.0025013609004, 
          242.4110783167529
        ], 
        [
          255.7866083254522, 
          246.6960607567044
        ], 
        [
          244.77270931064973, 
          274.75936948363454
        ], 
        [
          187.65764821501307, 
          270.3886060052526
        ]
      ], 
      "projected_cuboid_centroid": [
        216.51992722841746, 
        246.392412195421
      ], 
      "quaternion_xyzw": [
        -0.03194079590752908, 
        0.9467728068113362, 
        -0.31912831407321185, 
        0.027534650827044725
      ], 
      "visibility": 0.9177064765300059
    }
  ]
}