{
  "camera_data": {
    "location_worldframe": [
      -18.007690039323208, 
      -4.2975977698376004, 
      95.43167366211438
    ], 
    "quaternion_xyzw_worldframe": [
      0.9547802350651581, 
      -0.010445857420018542, 
      0.07010288894020957, 
      -0.2887451731691945
    ]
  }, 
  "objects": [
    {
      "bounding_box": {
        "bottom_right": [
          369, 
          339
        ], 
        "top_left": [
          239, 
          205
        ]
      }, 
      "class": "003_cracker_box", 
      "cuboid": [
        [
          -20.346938435607164, 
          6.411546120535058, 
          71.81822431887232
        ], 
        [
          -36.49750607603593, 
          8.154232018739368, 
          69.53780189324777
        ], 
        [
          -40.23191584090849, 
          -4.631000553046021, 
          86.21549834508961
        ], 
        [
          -24.081348200479727, 
          -6.373686451250332, 
          88.49592077071416
        ], 
        [
          -20.348819901232527, 
          12.110008074496871, 
          76.18628170795039
        ], 
        [
          -36.49938754166129, 
          13.852693972701182, 
          73.90585928232584
        ], 
        [
          -40.23379730653386, 
          1.067461400915793, 
          90.58355573416767
        ], 
        [
          -24.083229666105094, 
          -0.675224497288518, 
          92.86397815979223
        ]
      ], 
      "cuboid_centroid": [
        -30.29036787107051, 
        3.7395037607254253, 
        81.20089002652
      ], 
      "location": [
        -30.29036787107051, 
        3.7395037607254253, 
        81.20089002652
      ], 
      "pose_transform_permuted": [
        [
          0.0002620425724717823, 
          -0.793657672730109, 
          -0.608364553413755, 
          0.0
        ], 
        [
          0.9845745420740393, 
          -0.10623801022995152, 
          0.13901962552847186, 
          0.0
        ], 
        [
          0.17496543210984866, 
          0.5990166806517228, 
          -0.7813873008103, 
          0.0
        ], 
        [
          -30.29036787107051, 
          3.7395037607254253, 
          81.20089002652, 
          1.0
        ]
      ], 
      "projected_cuboid": [
        [
          329.2422668592283, 
          320.8984517667749
        ], 
        [
          199.34705581317363, 
          335.8253514456722
        ], 
        [
          230.6528987026851, 
          244.6396782865564
        ], 
        [
          335.26170753874226, 
          234.87559460867251
        ], 
        [
          337.96408291748276, 
          358.05907594631014
        ], 
        [
          216.0151858315099, 
          373.2503709854743
        ], 
        [
          242.7425847875817, 
          279.5713218450584
        ], 
        [
          342.13401136986494, 
          269.4087109210738
        ]
      ], 
      "projected_cuboid_centroid": [
        280.9949584284602, 
        297.8472365930597
      ], 
      "quaternion_xyzw": [
        0.8933022691311598, 
        -0.07869772977664748, 
        0.038979434205515674, 
        0.44079283910034245
      ], 
      "visibility": 0.6413293388141852
    }, 
    {
      "bounding_box": {
        "bottom_right": [
          385, 
          377
        ], 
        "top_left": [
          294, 
          316
        ]
      }, 
      "class": "006_mustard_bottle", 
      "cuboid": [
        [
          -15.469178222928074, 
          14.844412122271066, 
          80.60051998264855
        ], 
        [
          -24.657149347943765, 
          13.569579893092321, 
          78.11817085258433
        ], 
        [
          -27.374995716674704, 
          2.8125598307469275, 
          93.70215513384777
        ], 
        [
          -18.18702459165901, 
          4.087392059925674, 
          96.18450426391199
        ], 
        [
          -16.9458853794087, 
          19.59869838972542, 
          83.6246817584585
        ], 
        [
          -26.133856504424397, 
          18.32386616054667, 
          81.14233262839427
        ], 
        [
          -28.851702873155325, 
          7.56684609820128, 
          96.72631690965771
        ], 
        [
          -19.663731748139636, 
          8.841678327380025, 
          99.20866603972193
        ]
      ], 
      "cuboid_centroid": [
        -22.160440548041702, 
        11.205629110236174, 
        88.66341844615313
      ], 
      "location": [
        -22.160440548041702, 
        11.205629110236174, 
        88.66341844615313
      ], 
      "pose_transform_permuted": [
        [
          0.2535163038639912, 
          -0.8162004746485225, 
          -0.5191783031087098, 
          0.0
        ], 
        [
          0.9568411325771052, 
          0.1327618358194506, 
          0.25851341071322637, 
          0.0
        ], 
        [
          0.1420717263986241, 
          0.5623086090313671, 
          -0.8146316055538988, 
          0.0
        ], 
        [
          -22.160440548041702, 
          11.205629110236174, 
          88.66341844615313, 
          1.0
        ]
      ], 
      "projected_cuboid": [
        [
          378.38722088808146, 
          371.50942397738925
        ], 
        [
          311.8577170822837, 
          365.9272464543492
        ], 
        [
          324.4898215314315, 
          289.2946354946164
        ], 
        [
          379.91408501588575, 
          295.95012861216117
        ], 
        [
          372.6234118589349, 
          398.27798113091086
        ], 
        [
          308.3971225404459, 
          393.7227683222784
        ], 
        [
          321.19183344482934, 
          315.0078330327305
        ], 
        [
          375.00912863116594, 
          320.8170651856178
        ]
      ], 
      "projected_cuboid_centroid": [
        347.18890218708003, 
        340.6895498546019
      ], 
      "quaternion_xyzw": [
        0.8715400227065282, 
        -0.00267052870109798, 
        0.14687498601244164, 
        0.46780183288024635
      ], 
      "visibility": 0.640635798203179
    }, 
    {
      "bounding_box": {
        "bottom_right": [
          278, 
          325
        ], 
        "top_left": [
          225, 
          241
        ]
      }, 
      "class": "008_pudding_box", 
      "cuboid": [
        [
          -23.63105204727482, 
          -2.6282949589949847, 
          79.11412226095256
        ], 
        [
          -34.796127945472335, 
          -1.8582206546141955, 
          77.13411308524158
        ], 
        [
          -36.41214579917019, 
          -7.206287837881856, 
          84.16672102267103
        ], 
        [
          -25.24706990097266, 
          -7.976362142262645, 
          86.146730198382
        ], 
        [
          -23.826025540765844, 
          0.4514511707714587, 
          81.41136309774288
        ], 
        [
          -34.99110143896337, 
          1.2215254751522477, 
          79.4313539220319
        ], 
        [
          -36.60711929266121, 
          -4.126541708115413, 
          86.46396185946135
        ], 
        [
          -25.442043394463692, 
          -4.896616012496202, 
          88.44397103517232
        ]
      ], 
      "cuboid_centroid": [
        -30.119085669968015, 
        -3.377418333555199, 
        82.78904206020695
      ], 
      "location": [
        -30.119085669968015, 
        -3.377418333555199, 
        82.78904206020695
      ], 
      "pose_transform_permuted": [
        [
          0.05068064061371902, 
          -0.8005370575737647, 
          -0.5971357191580845, 
          0.0
        ], 
        [
          0.9823741873939154, 
          -0.0677560211768145, 
          0.1742137646673395, 
          0.0
        ], 
        [
          0.17992338464387328, 
          0.5954404196181959, 
          -0.7829929725592366, 
          0.0
        ], 
        [
          -30.119085669968015, 
          -3.377418333555199, 
          82.78904206020695, 
          1.0
        ]
      ], 
      "projected_cuboid": [
        [
          320.96924272677103, 
          255.56882675715417
        ], 
        [
          239.00524013615072, 
          260.43845526784185
        ], 
        [
          248.9499897700088, 
          227.62413864814974
        ], 
        [
          323.99427074897056, 
          223.90625247161438
        ], 
        [
          324.21388896541885, 
          276.24395990703175
        ], 
        [
          244.70125442542434, 
          281.4881287270821
        ], 
        [
          253.91849494542467, 
          247.83355784518403
        ], 
        [
          326.9023474911486, 
          243.75980845800507
        ]
      ], 
      "projected_cuboid_centroid": [
        285.9557122247598, 
        251.52951201492735
      ], 
      "quaternion_xyzw": [
        0.8909195146266293, 
        -0.0695010609135906, 
        0.06310738556874812, 
        0.44435271765167084
      ], 
      "visibility": 0.4578252032520325
    }, 
    {
      "bounding_box": {
        "bottom_right": [
          434, 
          318
        ], 
        "top_left": [
          283, 
          184
        ]
      }, 
      "class": "019_pitcher_base", 
      "cuboid": [
        [
          -43.27554615937414, 
          24.88259929578856, 
          78.1249122453375
        ], 
        [
          -24.86600237114843, 
          25.190859463891602, 
          82.21896245046821
        ], 
        [
          -28.939150366246626, 
          11.19928382974604, 
          101.58800724853035
        ], 
        [
          -47.34869415447234, 
          10.891023661642995, 
          97.49395704339963
        ], 
        [
          -41.4339866790988, 
          14.015688369277681, 
          70.66226949037191
        ], 
        [
          -23.024442890873086, 
          14.323948537380726, 
          74.75631969550263
        ], 
        [
          -27.097590885971286, 
          0.33237290323516466, 
          94.12536449356476
        ], 
        [
          -45.50713467419699, 
          0.0241127351321202, 
          90.03131428843403
        ]
      ], 
      "cuboid_centroid": [
        -35.186568522672715, 
        12.607486099511862, 
        86.12513836945112
      ], 
      "location": [
        -35.186568522672715, 
        12.607486099511862, 
        86.12513836945112
      ], 
      "pose_transform_permuted": [
        [
          -0.1383528497161028, 
          0.816410281827575, 
          0.5606541100743297, 
          0.0
        ], 
        [
          -0.9760226770453156, 
          -0.016343094536150408, 
          -0.2170551257074208, 
          0.0
        ], 
        [
          0.16804316442116607, 
          0.577241152943479, 
          -0.7990958304482664, 
          0.0
        ], 
        [
          -35.186568522672715, 
          12.607486099511862, 
          86.12513836945112, 
          1.0
        ]
      ], 
      "projected_cuboid": [
        [
          183.71473032038455, 
          443.14756058292386
        ], 
        [
          318.9576858769332, 
          436.68897299877307
        ], 
        [
          328.40542576886816, 
          332.0808538231008
        ], 
        [
          220.42781533577582, 
          332.86352486021076
        ], 
        [
          166.27027147316792, 
          379.06917322467956
        ], 
        [
          315.9693741108986, 
          375.47511942093064
        ], 
        [
          326.78110183770696, 
          275.1697814532083
        ], 
        [
          209.7794268072932, 
          273.4293748815896
        ]
      ], 
      "projected_cuboid_centroid": [
        261.8926852170946, 
        351.35688258378
      ], 
      "quaternion_xyzw": [
        -0.10070327434573367, 
        0.4577464955249168, 
        0.8823148446080804, 
        0.04298354232960912
      ], 
      "visibility": 0.22947859453765707
    }, 
    {
      "bounding_box": {
        "bottom_right": [
          291, 
          382
        ], 
        "top_left": [
          188, 
          235
        ]
      }, 
      "class": "035_power_drill", 
      "cuboid": [
        [
          -12.540534762141228, 
          -1.7440444706995764, 
          66.36090459222852
        ], 
        [
          -30.839023966308364, 
          -0.4938394003458732, 
          64.4922609349386
        ], 
        [
          -33.10813910242174, 
          -12.169599507521466, 
          78.90075436581428
        ], 
        [
          -14.809649898254609, 
          -13.419804577875173, 
          80.76939802310422
        ], 
        [
          -12.603699578976798, 
          2.703995343291604, 
          69.95537684596886
        ], 
        [
          -30.902188783143934, 
          3.9542004136453075, 
          68.08673318867892
        ], 
        [
          -33.17130391925731, 
          -7.721559693530286, 
          82.49522661955461
        ], 
        [
          -14.872814715090179, 
          -8.97176476388399, 
          84.36387027684454
        ]
      ], 
      "cuboid_centroid": [
        -22.85591934069927, 
        -4.732802082114931, 
        74.42806560589158
      ], 
      "location": [
        -22.85591934069927, 
        -4.732802082114931, 
        74.42806560589158
      ], 
      "pose_transform_permuted": [
        [
          0.0110443445503854, 
          -0.7777380944115566, 
          -0.6284921264072049, 
          0.0
        ], 
        [
          0.9925357965138601, 
          -0.06781288178843715, 
          0.10135786075532749, 
          0.0
        ], 
        [
          0.12144957075901755, 
          0.6249202743103479, 
          -0.7711840243863843, 
          0.0
        ], 
        [
          -22.85591934069927, 
          -4.732802082114931, 
          74.42806560589158, 
          1.0
        ]
      ], 
      "projected_cuboid": [
        [
          379.9732530826272, 
          259.2702572230448
        ], 
        [
          224.44811519962863, 
          269.2027266941919
        ], 
        [
          255.94186403110734, 
          191.02768267797828
        ], 
        [
          382.99416965573494, 
          184.67569329415252
        ], 
        [
          384.70936110290074, 
          293.9010173023925
        ], 
        [
          237.52477452111114, 
          304.2595692551862
        ], 
        [
          265.36233161117707, 
          223.36778309182154
        ], 
        [
          386.7926869533287, 
          216.57010441239038
        ]
      ], 
      "projected_cuboid_centroid": [
        316.4565281557144, 
        239.37330897141973
      ], 
      "quaternion_xyzw": [
        0.9008257596826663, 
        -0.052524711497517036, 
        0.03119421378039543, 
        0.4298617413381859
      ], 
      "visibility": 0.7472565553887028
    }, 
    {
      "bounding_box": {
        "bottom_right": [
          228, 
          272
        ], 
        "top_left": [
          184, 
          208
        ]
      }, 
      "class": "061_foam_brick", 
      "cuboid": [
        [
          -40.072413114892115, 
          -13.715866593106234, 
          81.07532251006594
        ], 
        [
          -32.37074356880913, 
          -13.878345927903274, 
          82.2161475747736
        ], 
        [
          -31.687022549906672, 
          -11.05197107407381, 
          78.00291103934359
        ], 
        [
          -39.38869209598965, 
          -10.889491739276773, 
          76.86208597463592
        ], 
        [
          -40.40726896592505, 
          -9.334908603980214, 
          83.9598701518363
        ], 
        [
          -32.70559941984207, 
          -9.497387938777251, 
          85.10069521654397
        ], 
        [
          -32.021878400939606, 
          -6.671013084947787, 
          80.88745868111394
        ], 
        [
          -39.72354794702259, 
          -6.508533750150749, 
          79.74663361640629
        ]
      ], 
      "cuboid_centroid": [
        -36.047145757915864, 
        -10.193439839027011, 
        80.98139059558994
      ], 
      "location": [
        -36.047145757915864, 
        -10.193439839027011, 
        80.98139059558994
      ], 
      "pose_transform_permuted": [
        [
          0.06370925577617725, 
          -0.8335155924943526, 
          -0.5488104297453116, 
          0.0
        ], 
        [
          -0.9889911619678856, 
          0.02086438857902151, 
          -0.1464962758524418, 
          0.0
        ], 
        [
          -0.13355752422779021, 
          -0.552101833322451, 
          0.8230102996707462, 
          0.0
        ], 
        [
          -36.047145757915864, 
          -10.193439839027011, 
          80.98139059558994, 
          1.0
        ]
      ], 
      "projected_cuboid": [
        [
          215.80100176798342, 
          183.0625335889981
        ], 
        [
          269.86468276139624, 
          183.26050436507347
        ], 
        [
          263.14188156466906, 
          197.722273418647
        ], 
        [
          206.01488771517197, 
          197.72809949131693
        ], 
        [
          222.78800627775698, 
          213.9904771774802
        ], 
        [
          274.92549603419053, 
          213.76713025116027
        ], 
        [
          268.7060441128875, 
          229.30219262303305
        ], 
        [
          213.72501259093255, 
          229.75957829330105
        ]
      ], 
      "projected_cuboid_centroid": [
        242.22284013864393, 
        206.1555459591017
      ], 
      "quaternion_xyzw": [
        0.043924464865763416, 
        0.8789060565606043, 
        -0.4711896908093711, 
        0.05979180882289338
      ], 
      "visibility": 0.8460652591170825
    }
  ]
}