{
  "camera_data": {
    "location_worldframe": [
      -11.188191379196255, 
      4.3528208872134, 
      88.14934277430062
    ], 
    "quaternion_xyzw_worldframe": [
      0.9424615827518884, 
      -0.0383078941580481, 
      0.17037162023000466, 
      -0.28508699666386794
    ]
  }, 
  "objects": [
    {
      "bounding_box": {
        "bottom_right": [
          471, 
          414
        ], 
        "top_left": [
          297, 
          261
        ]
      }, 
      "class": "003_cracker_box", 
      "cuboid": [
        [
          -8.126631528429801, 
          15.06732685709579, 
          64.62104514971378
        ], 
        [
          -23.327729000443533, 
          18.580670767053533, 
          59.55536001304601
        ], 
        [
          -31.33857777882977, 
          6.424603354351883, 
          75.1633667420962
        ], 
        [
          -16.13748030681604, 
          2.911259444394139, 
          80.22905187876398
        ], 
        [
          -8.264904541271308, 
          20.765152516938386, 
          68.9877442301293
        ], 
        [
          -23.46600201328504, 
          24.27849642689613, 
          63.92205909346153
        ], 
        [
          -31.47685079167128, 
          12.122429014194477, 
          79.53006582251172
        ], 
        [
          -16.27575331965755, 
          8.609085104236733, 
          84.5957509591795
        ]
      ], 
      "cuboid_centroid": [
        -19.80174116005054, 
        13.594877935645133, 
        72.07555548611275
      ], 
      "location": [
        -19.80174116005054, 
        13.594877935645133, 
        72.07555548611275
      ], 
      "pose_transform_permuted": [
        [
          0.019258080243367157, 
          -0.7935690523771239, 
          -0.6081753739297683, 
          0.0
        ], 
        [
          0.9266927278187866, 
          -0.2141812627462194, 
          0.3088154382413728, 
          0.0
        ], 
        [
          0.37532614424406435, 
          0.5695388887492305, 
          -0.7312699499153342, 
          0.0
        ], 
        [
          -19.80174116005054, 
          13.594877935645133, 
          72.07555548611275, 
          1.0
        ]
      ], 
      "projected_cuboid": [
        [
          413.96879085795484, 
          397.6376756071522
        ], 
        [
          270.9558560961599, 
          439.6768609742698
        ], 
        [
          257.38199958132907, 
          318.8721328196706
        ], 
        [
          373.4298149225678, 
          292.63902485531185
        ], 
        [
          417.1715929204545, 
          433.81450723749106
        ], 
        [
          284.18209680569595, 
          475.84881113165716
        ], 
        [
          268.7578418822696, 
          354.57816929103717
        ], 
        [
          378.1342544946869, 
          327.561056822127
        ]
      ], 
      "projected_cuboid_centroid": [
        333.853998455066, 
        373.8811790494163
      ], 
      "quaternion_xyzw": [
        0.8809663714492434, 
        -0.16728998577451598, 
        0.09310046589662639, 
        0.4327177096964567
      ], 
      "visibility": 0.6625378906658305
    }, 
    {
      "bounding_box": {
        "bottom_right": [
          459, 
          434
        ], 
        "top_left": [
          353, 
          358
        ]
      }, 
      "class": "006_mustard_bottle", 
      "cuboid": [
        [
          -3.966106794113415, 
          22.97385465280295, 
          74.22373865812875
        ], 
        [
          -12.656923274937048, 
          22.71107219026778, 
          70.1486040487896
        ], 
        [
          -19.255538180227262, 
          12.448517117870603, 
          84.88288313879218
        ], 
        [
          -10.564721699403629, 
          12.711299580405772, 
          88.95801774813135
        ], 
        [
          -5.415022302868104, 
          27.887048073661447, 
          76.99693728839291
        ], 
        [
          -14.105838783691738, 
          27.62426561112628, 
          72.92180267905374
        ], 
        [
          -20.70445368898195, 
          17.361710538729103, 
          87.65608176905634
        ], 
        [
          -12.013637208158318, 
          17.62449300126427, 
          91.7312163783955
        ]
      ], 
      "cuboid_centroid": [
        -12.335280241547682, 
        20.167782595766027, 
        80.93991021359255
      ], 
      "location": [
        -12.335280241547682, 
        20.167782595766027, 
        80.93991021359255
      ], 
      "pose_transform_permuted": [
        [
          0.2487451237563783, 
          -0.8434811402915189, 
          -0.47609376276119864, 
          0.0
        ], 
        [
          0.905067133035516, 
          0.027366332093596055, 
          0.4243870993877973, 
          0.0
        ], 
        [
          0.3449336291484411, 
          0.5364611234730046, 
          -0.770214421109192, 
          0.0
        ], 
        [
          -12.335280241547682, 
          20.167782595766027, 
          80.93991021359255, 
          1.0
        ]
      ], 
      "projected_cuboid": [
        [
          452.86192906740644, 
          438.3604996111692
        ], 
        [
          384.5682257529846, 
          445.95226266868787
        ], 
        [
          359.60621306480493, 
          351.5006338615918
        ], 
        [
          417.7318062324698, 
          349.4931033410592
        ], 
        [
          443.7773290931442, 
          466.4462840478652
        ], 
        [
          377.5731385324145, 
          475.31886960077804
        ], 
        [
          354.5766732801357, 
          378.9191425969172
        ], 
        [
          411.1684618252833, 
          375.75424343803473
        ]
      ], 
      "projected_cuboid_centroid": [
        399.64158081617484, 
        406.1736807899275
      ], 
      "quaternion_xyzw": [
        0.8540524016812022, 
        -0.09295896142605353, 
        0.19704066806062331, 
        0.4723643298186829
      ], 
      "visibility": 0.276676279740447
    }, 
    {
      "bounding_box": {
        "bottom_right": [
          358, 
          377
        ], 
        "top_left": [
          285, 
          283
        ]
      }, 
      "class": "008_pudding_box", 
      "cuboid": [
        [
          -13.628234392081872, 
          6.5082430381232586, 
          71.11784583522342
        ], 
        [
          -24.11412697308751, 
          8.50188564282291, 
          67.2135127901291
        ], 
        [
          -27.527726671515616, 
          3.4234465884770096, 
          73.7882907005985
        ], 
        [
          -17.041834090509976, 
          1.4298039837773593, 
          77.69262374569281
        ], 
        [
          -13.881493047803431, 
          9.608751029317895, 
          73.38122309035188
        ], 
        [
          -24.367385628809068, 
          11.602393634017547, 
          69.47689004525756
        ], 
        [
          -27.780985327237172, 
          6.5239545796716465, 
          76.05166795572696
        ], 
        [
          -17.295092746231536, 
          4.530311974971996, 
          79.95600100082127
        ]
      ], 
      "cuboid_centroid": [
        -20.704609859659524, 
        6.5160988088974525, 
        73.5847568954752
      ], 
      "location": [
        -20.704609859659524, 
        6.5160988088974525, 
        73.5847568954752
      ], 
      "pose_transform_permuted": [
        [
          0.06583105571490694, 
          -0.8059338139157363, 
          -0.5883333533525148, 
          0.0
        ], 
        [
          0.9226153317084297, 
          -0.1754133202141409, 
          0.3435279829229771, 
          0.0
        ], 
        [
          0.3800616497862814, 
          0.5654206983386386, 
          -0.7320193228227825, 
          0.0
        ], 
        [
          -20.704609859659524, 
          6.5160988088974525, 
          73.5847568954752, 
          1.0
        ]
      ], 
      "projected_cuboid": [
        [
          378.545943238117, 
          322.09248005553127
        ], 
        [
          288.66399256460636, 
          340.74651617595316
        ], 
        [
          280.976879149896, 
          298.03018077678774
        ], 
        [
          363.6388289292708, 
          283.101401064713
        ], 
        [
          379.86849113348194, 
          343.1209571684998
        ], 
        [
          292.9889838640545, 
          362.3490123186003
        ], 
        [
          285.15674516945467, 
          319.036392397297
        ], 
        [
          365.27461115932954, 
          303.50445863635264
        ]
      ], 
      "projected_cuboid_centroid": [
        330.28591913925186, 
        320.5132089290548
      ], 
      "quaternion_xyzw": [
        0.8769791022880167, 
        -0.15834897563442554, 
        0.11669577917246728, 
        0.43842354188544425
      ], 
      "visibility": 0.823026059898872
    }, 
    {
      "bounding_box": {
        "bottom_right": [
          533, 
          389
        ], 
        "top_left": [
          352, 
          237
        ]
      }, 
      "class": "019_pitcher_base", 
      "cuboid": [
        [
          -29.61148368590876, 
          36.028071366316624, 
          67.01324154032415
        ], 
        [
          -12.292600922146661, 
          34.31557046995701, 
          74.285876166029
        ], 
        [
          -21.242906334613874, 
          21.019918090601657, 
          92.46917291156521
        ], 
        [
          -38.56178909837597, 
          22.73241898696127, 
          85.19653828586036
        ], 
        [
          -27.702886037809236, 
          24.964472475733864, 
          59.862985188393914
        ], 
        [
          -10.38400327404714, 
          23.25197157937425, 
          67.13561981409877
        ], 
        [
          -19.33430868651435, 
          9.956319200018896, 
          85.31891655963499
        ], 
        [
          -36.653191450276445, 
          11.668820096378509, 
          78.04628193393013
        ]
      ], 
      "cuboid_centroid": [
        -24.472896186211553, 
        22.99219528316776, 
        76.16607904997956
      ], 
      "location": [
        -24.472896186211553, 
        22.99219528316776, 
        76.16607904997956
      ], 
      "pose_transform_permuted": [
        [
          -0.14338929934347777, 
          0.831187073251187, 
          0.5371851157054689, 
          0.0
        ], 
        [
          -0.918198870812442, 
          0.09079202225404544, 
          -0.3855748082737813, 
          0.0
        ], 
        [
          0.3692568121406107, 
          0.5485299089449892, 
          -0.7501762097537854, 
          0.0
        ], 
        [
          -24.472896186211553, 
          22.99219528316776, 
          76.16607904997956, 
          1.0
        ]
      ], 
      "projected_cuboid": [
        [
          243.9725328921855, 
          560.0130947318985
        ], 
        [
          392.6095145046141, 
          519.6478476120091
        ], 
        [
          358.05675506108736, 
          394.5197403708686
        ], 
        [
          238.1934865431004, 
          415.58861342397836
        ], 
        [
          232.7351846769987, 
          495.695126743681
        ], 
        [
          398.4200114244851, 
          457.99819812484816
        ], 
        [
          359.7331737291055, 
          335.5224432154347
        ], 
        [
          229.0447756124163, 
          353.0239721768004
        ]
      ], 
      "projected_cuboid_centroid": [
        308.8083008590132, 
        434.27930743412367
      ], 
      "quaternion_xyzw": [
        -0.15259927447312904, 
        0.4562027672388156, 
        0.8665901418004506, 
        0.13271811327060754
      ], 
      "visibility": 0.28586757918022376
    }, 
    {
      "bounding_box": {
        "bottom_right": [
          377, 
          471
        ], 
        "top_left": [
          243, 
          311
        ]
      }, 
      "class": "035_power_drill", 
      "cuboid": [
        [
          -0.4360003450942937, 
          6.049433087136181, 
          60.52632880750841
        ], 
        [
          -17.86516090871966, 
          9.31600337383125, 
          55.48218075255043
        ], 
        [
          -23.919868342023054, 
          -1.9189304839209644, 
          69.12746270778584
        ], 
        [
          -6.490707778397686, 
          -5.1855007706160325, 
          74.17161076274382
        ], 
        [
          -0.636862366657849, 
          10.505323497054025, 
          64.10598994607184
        ], 
        [
          -18.066022930283214, 
          13.771893783749093, 
          59.061841891113865
        ], 
        [
          -24.120730363586606, 
          2.5369599259968787, 
          72.70712384634928
        ], 
        [
          -6.691569799961244, 
          -0.7296103606981901, 
          77.75127190130726
        ]
      ], 
      "cuboid_centroid": [
        -12.278365354340451, 
        4.29319650656653, 
        66.61672632692884
      ], 
      "location": [
        -12.278365354340451, 
        4.29319650656653, 
        66.61672632692884
      ], 
      "pose_transform_permuted": [
        [
          0.035120649190035144, 
          -0.7791107681670371, 
          -0.6259024084695289, 
          0.0
        ], 
        [
          0.945382188090497, 
          -0.17718336771950832, 
          0.2736016865436865, 
          0.0
        ], 
        [
          0.3240653623710116, 
          0.6013259851005553, 
          -0.7303347503060779, 
          0.0
        ], 
        [
          -12.278365354340451, 
          4.29319650656653, 
          66.61672632692884, 
          1.0
        ]
      ], 
      "projected_cuboid": [
        [
          477.72329546506387, 
          326.5903017486667
        ], 
        [
          308.4380371555781, 
          362.83613694748306
        ], 
        [
          295.51697876364415, 
          258.4819557541772
        ], 
        [
          434.5377015472322, 
          236.0009905721331
        ], 
        [
          476.2546406505541, 
          360.6839052670831
        ], 
        [
          317.1041111102736, 
          397.6446754361937
        ], 
        [
          303.192805708787, 
          291.8955867056545
        ], 
        [
          435.3150550238023, 
          268.281918970973
        ]
      ], 
      "projected_cuboid_centroid": [
        382.4798736298481, 
        307.6569716187352
      ], 
      "quaternion_xyzw": [
        0.8905911774855763, 
        -0.14070674142138523, 
        0.08666219235557203, 
        0.42372009644615005
      ], 
      "visibility": 0.8374752386097605
    }, 
    {
      "bounding_box": {
        "bottom_right": [
          306, 
          310
        ], 
        "top_left": [
          248, 
          242
        ]
      }, 
      "class": "061_foam_brick", 
      "cuboid": [
        [
          -31.28630712966626, 
          -2.662116010926878, 
          70.02431254659078
        ], 
        [
          -23.97254902726894, 
          -3.672714112033606, 
          72.50044442054669
        ], 
        [
          -22.24760249393016, 
          -0.973818275967542, 
          68.5069807519103
        ], 
        [
          -29.56136059632748, 
          0.03677982513918539, 
          66.0308488779544
        ], 
        [
          -31.63529636882322, 
          1.7517312734263137, 
          72.85657226322371
        ], 
        [
          -24.3215382664259, 
          0.7411331723195864, 
          75.33270413717962
        ], 
        [
          -22.596591733087124, 
          3.44002900838565, 
          71.33924046854324
        ], 
        [
          -29.91034983548444, 
          4.450627109492377, 
          68.86310859458733
        ]
      ], 
      "cuboid_centroid": [
        -26.94144943137669, 
        0.38895649872938587, 
        70.68177650756701
      ], 
      "location": [
        -26.94144943137669, 
        0.38895649872938587, 
        70.68177650756701
      ], 
      "pose_transform_permuted": [
        [
          0.06639825653934206, 
          -0.8397730687052725, 
          -0.5388621944485115, 
          0.0
        ], 
        [
          -0.9391784574450801, 
          0.12977349707303487, 
          -0.31796645189157124, 
          0.0
        ], 
        [
          -0.33694969446434525, 
          -0.5272001826012247, 
          0.7800800413198762, 
          0.0
        ], 
        [
          -26.94144943137669, 
          0.38895649872938587, 
          70.68177650756701, 
          1.0
        ]
      ], 
      "projected_cuboid": [
        [
          241.32837365391546, 
          253.0113142817222
        ], 
        [
          303.78334140012595, 
          246.26973311918206
        ], 
        [
          306.95851441994466, 
          265.7054659312126
        ], 
        [
          240.8454156394489, 
          273.58360217712044
        ], 
        [
          248.0927529894114, 
          286.10943869650447
        ], 
        [
          307.97728088815876, 
          278.5334070413329
        ], 
        [
          311.2611658915312, 
          299.0035883004369
        ], 
        [
          248.0219338723255, 
          307.7550167261087
        ]
      ], 
      "projected_cuboid_centroid": [
        276.62001832233886, 
        276.221355525981
      ], 
      "quaternion_xyzw": [
        0.13461384995813644, 
        0.8667815230054826, 
        -0.4672034033468035, 
        0.11085974326557088
      ], 
      "visibility": 0.9159950402975822
    }
  ]
}