{
  "camera_data": {
    "location_worldframe": [
      -17.53663527885097, 
      -1.0295848460605521, 
      91.018576256303
    ], 
    "quaternion_xyzw_worldframe": [
      0.8821852465964561, 
      0.031677163922115975, 
      0.0038138044449548105, 
      -0.46982079291067036
    ]
  }, 
  "objects": [
    {
      "bounding_box": {
        "bottom_right": [
          410, 
          334
        ], 
        "top_left": [
          268, 
          191
        ]
      }, 
      "class": "003_cracker_box", 
      "cuboid": [
        [
          -23.838979607473235, 
          17.118129823442242, 
          73.44889002097666
        ], 
        [
          -40.235117877473634, 
          17.030119217604057, 
          72.96204338039614
        ], 
        [
          -40.454941124474644, 
          -1.4146165754000226, 
          83.69968494699481
        ], 
        [
          -24.058802854474244, 
          -1.326605969561838, 
          84.18653158757536
        ], 
        [
          -24.042513431485077, 
          20.730813365852292, 
          79.65046152663759
        ], 
        [
          -40.438651701485476, 
          20.642802760014106, 
          79.16361488605705
        ], 
        [
          -40.658474948486486, 
          2.198066967010025, 
          89.90125645265573
        ], 
        [
          -24.262336678486086, 
          2.2860775728482094, 
          90.38810309323625
        ]
      ], 
      "cuboid_centroid": [
        -32.24872727797986, 
        9.658098395226133, 
        81.6750732368162
      ], 
      "location": [
        -32.24872727797986, 
        9.658098395226133, 
        81.6750732368162
      ], 
      "pose_transform_permuted": [
        [
          0.028347329927295994, 
          -0.5031592797747997, 
          -0.8637286426086019, 
          0.0
        ], 
        [
          0.9995450741036436, 
          0.005365322375659176, 
          0.029679254555113554, 
          0.0
        ], 
        [
          0.010299209733518278, 
          0.8641770377025244, 
          -0.5030824721519873, 
          0.0
        ], 
        [
          -32.24872727797986, 
          9.658098395226133, 
          81.6750732368162, 
          1.0
        ]
      ], 
      "projected_cuboid": [
        [
          307.0573932683744, 
          397.5829549797104
        ], 
        [
          185.04563433583925, 
          397.7690176611072
        ], 
        [
          221.67719372681356, 
          264.2728514566042
        ], 
        [
          327.915022305951, 
          264.88252216825157
        ], 
        [
          319.2728543553436, 
          412.09488298239455
        ], 
        [
          206.8944567194416, 
          412.3556163617092
        ], 
        [
          238.38951327880554, 
          286.3260905403631
        ], 
        [
          337.24829744452205, 
          286.77514872250464
        ]
      ], 
      "projected_cuboid_centroid": [
        269.2653935532171, 
        336.35171571850384
      ], 
      "quaternion_xyzw": [
        0.9653303520576221, 
        -0.001277771735691936, 
        0.015027649435948186, 
        0.2605951811682813
      ], 
      "visibility": 0.3562047234819483
    }, 
    {
      "bounding_box": {
        "bottom_right": [
          417, 
          372
        ], 
        "top_left": [
          305, 
          306
        ]
      }, 
      "class": "006_mustard_bottle", 
      "cuboid": [
        [
          -19.064808656479386, 
          22.373375011905992, 
          84.47723360058646
        ], 
        [
          -28.2495177766243, 
          20.68304798833819, 
          82.24340712077009
        ], 
        [
          -27.839895807399795, 
          4.658872456492966, 
          92.68461126355612
        ], 
        [
          -18.655186687254883, 
          6.34919948006077, 
          94.91843774337251
        ], 
        [
          -20.759508000694073, 
          25.385297082558544, 
          89.16613282729314
        ], 
        [
          -29.944217120838985, 
          23.694970058990744, 
          86.93230634747677
        ], 
        [
          -29.53459515161448, 
          7.670794527145522, 
          97.3735104902628
        ], 
        [
          -20.349886031469566, 
          9.361121550713326, 
          99.60733697007919
        ]
      ], 
      "cuboid_centroid": [
        -24.299701904046934, 
        15.022084769525756, 
        90.92537204542464
      ], 
      "location": [
        -24.299701904046934, 
        15.022084769525756, 
        90.92537204542464
      ], 
      "pose_transform_permuted": [
        [
          0.29094049691610147, 
          -0.5170770301526822, 
          -0.8049750391800151, 
          0.0
        ], 
        [
          0.9565014253237236, 
          0.1760317268795882, 
          0.23263210450333047, 
          0.0
        ], 
        [
          -0.021412431919653724, 
          0.8376420051243965, 
          -0.545799760910965, 
          0.0
        ], 
        [
          -24.299701904046934, 
          15.022084769525756, 
          90.92537204542464, 
          1.0
        ]
      ], 
      "projected_cuboid": [
        [
          360.2345710061225, 
          414.53357611122766
        ], 
        [
          296.88227294877555, 
          407.4088332269539
        ], 
        [
          320.06761970253973, 
          300.09430987227273
        ], 
        [
          375.90539965980895, 
          308.9608758727887
        ], 
        [
          356.395761426399, 
          425.1208233705822
        ], 
        [
          296.3618764999306, 
          418.6524219210887
        ], 
        [
          318.48656324064734, 
          315.29986295258175
        ], 
        [
          371.7313021094917, 
          323.4080410283497
        ]
      ], 
      "projected_cuboid_centroid": [
        337.88024910096607, 
        361.3980497346415
      ], 
      "quaternion_xyzw": [
        0.9485671391140607, 
        0.052037475961809646, 
        0.1379903909354367, 
        0.28012692703448194
      ], 
      "visibility": 0.41174160612605537
    }, 
    {
      "bounding_box": {
        "bottom_right": [
          321, 
          316
        ], 
        "top_left": [
          258, 
          226
        ]
      }, 
      "class": "008_pudding_box", 
      "cuboid": [
        [
          -25.140086289325435, 
          5.632495233892159, 
          76.93047827210872
        ], 
        [
          -36.46753820897137, 
          5.321972803801065, 
          76.05596159919831
        ], 
        [
          -36.60624569151917, 
          -2.422654938612424, 
          80.6026540307946
        ], 
        [
          -25.278793771873243, 
          -2.1121325085213316, 
          81.47717070370501
        ], 
        [
          -25.448537592634253, 
          7.578033646988951, 
          80.23500613942115
        ], 
        [
          -36.775989512280184, 
          7.267511216897858, 
          79.36048946651073
        ], 
        [
          -36.91469699482799, 
          -0.47711652551563133, 
          83.90718189810703
        ], 
        [
          -25.587245075182057, 
          -0.16659409542453887, 
          84.78169857101744
        ]
      ], 
      "cuboid_centroid": [
        -31.02739164207671, 
        2.5776893541882635, 
        80.41883008510787
      ], 
      "location": [
        -31.02739164207671, 
        2.5776893541882635, 
        80.41883008510787
      ], 
      "pose_transform_permuted": [
        [
          0.08017761476150041, 
          -0.5057155788147224, 
          -0.8589659355361926, 
          0.0
        ], 
        [
          0.9966610595636238, 
          0.027321732759341844, 
          0.07694552314252438, 
          0.0
        ], 
        [
          0.015443344068461366, 
          0.862267476212184, 
          -0.5062173597621907, 
          0.0
        ], 
        [
          -31.02739164207671, 
          2.5776893541882635, 
          80.41883008510787, 
          1.0
        ]
      ], 
      "projected_cuboid": [
        [
          305.8613384122756, 
          312.33374109029603
        ], 
        [
          223.74838169548767, 
          310.6052735242027
        ], 
        [
          237.36786849333527, 
          257.2566772086788
        ], 
        [
          314.75247217829786, 
          259.46129565505197
        ], 
        [
          311.0317699627338, 
          323.657491263925
        ], 
        [
          232.39492817655594, 
          322.12577875405145
        ], 
        [
          245.00950503464068, 
          270.2539538717573
        ], 
        [
          319.2990737962138, 
          272.23857721834486
        ]
      ], 
      "projected_cuboid_centroid": [
        274.1156275716249, 
        290.3811936791804
      ], 
      "quaternion_xyzw": [
        0.9640921210278611, 
        0.003080200644679163, 
        0.040743808210077705, 
        0.2624056655234478
      ], 
      "visibility": 0.7964637331725939
    }, 
    {
      "bounding_box": {
        "bottom_right": [
          441, 
          307
        ], 
        "top_left": [
          289, 
          182
        ]
      }, 
      "class": "019_pitcher_base", 
      "cuboid": [
        [
          -47.9913193869472, 
          28.137051671383407, 
          87.65880886018155
        ], 
        [
          -29.413112489222925, 
          29.7896299291918, 
          90.46715133771858
        ], 
        [
          -29.513220212484235, 
          9.19489186853498, 
          103.24844087993621
        ], 
        [
          -48.09142711020851, 
          7.542313610726582, 
          100.4400984023992
        ], 
        [
          -45.69248492968099, 
          21.215594454594907, 
          76.52413682070929
        ], 
        [
          -27.11427803195672, 
          22.868172712403307, 
          79.3324792982463
        ], 
        [
          -27.21438575521803, 
          2.273434651746484, 
          92.11376884046393
        ], 
        [
          -45.7925926529423, 
          0.6208563939380851, 
          89.30542636292692
        ]
      ], 
      "cuboid_centroid": [
        -37.602852571082614, 
        15.205243161564944, 
        89.88628885032274
      ], 
      "location": [
        -37.602852571082614, 
        15.205243161564944, 
        89.88628885032274
      ], 
      "pose_transform_permuted": [
        [
          -0.17270704617197447, 
          0.5199958732734483, 
          0.8365266633065087, 
          0.0
        ], 
        [
          -0.984964724797572, 
          -0.08761509105101463, 
          -0.14889048715801562, 
          0.0
        ], 
        [
          0.004130077920093733, 
          0.8496634441720957, 
          -0.5273091826376491, 
          0.0
        ], 
        [
          -37.602852571082614, 
          15.205243161564944, 
          89.88628885032274, 
          1.0
        ]
      ], 
      "projected_cuboid": [
        [
          187.18279322502434, 
          444.47344850610665
        ], 
        [
          306.7566622238803, 
          448.90158478832296
        ], 
        [
          327.8790299228598, 
          320.78184015586027
        ], 
        [
          224.11186670232934, 
          313.3349211969049
        ], 
        [
          160.49871632536585, 
          421.1443572439008
        ], 
        [
          297.7999254359199, 
          427.01984427348117
        ], 
        [
          322.71835193986743, 
          286.4492522650751
        ], 
        [
          205.85113052841402, 
          276.99420600015776
        ]
      ], 
      "projected_cuboid_centroid": [
        256.62993185320545, 
        363.50334466754873
      ], 
      "quaternion_xyzw": [
        -0.08392307003870951, 
        0.27330139833173056, 
        0.9580128955651089, 
        -0.021785983653611233
      ], 
      "visibility": 0.19146970513511433
    }, 
    {
      "bounding_box": {
        "bottom_right": [
          382, 
          358
        ], 
        "top_left": [
          246, 
          211
        ]
      }, 
      "class": "035_power_drill", 
      "cuboid": [
        [
          -15.763479303576988, 
          12.875257135328887, 
          64.8455523579313
        ], 
        [
          -34.17018781148603, 
          11.848378319583468, 
          64.67777037578966
        ], 
        [
          -33.339181018199106, 
          -4.514540336850501, 
          73.65781833118923
        ], 
        [
          -14.93247251029006, 
          -3.48766152110508, 
          73.82560031333085
        ], 
        [
          -15.962173063582577, 
          15.617426089486328, 
          69.8605607308491
        ], 
        [
          -34.36888157149161, 
          14.590547273740906, 
          69.69277874870747
        ], 
        [
          -33.53787477820469, 
          -1.772371382693061, 
          78.67282670410702
        ], 
        [
          -15.131166270295648, 
          -0.7454925669476407, 
          78.84060868624866
        ]
      ], 
      "cuboid_centroid": [
        -24.65067704089084, 
        5.551442876317914, 
        71.75918953101916
      ], 
      "location": [
        -24.65067704089084, 
        5.551442876317914, 
        71.75918953101916
      ], 
      "pose_transform_permuted": [
        [
          0.03474152946925941, 
          -0.4794672139068147, 
          -0.8768723344477749, 
          0.0
        ], 
        [
          0.9984057637903492, 
          0.05569935156597425, 
          0.009100730744901737, 
          0.0
        ], 
        [
          -0.0444778745407311, 
          0.8757904857099889, 
          -0.48063800387261335, 
          0.0
        ], 
        [
          -24.65067704089084, 
          5.551442876317914, 
          71.75918953101916, 
          1.0
        ]
      ], 
      "projected_cuboid": [
        [
          350.8705711874535, 
          379.17856170471
        ], 
        [
          197.488674812033, 
          370.9858270871033
        ], 
        [
          238.19301041788464, 
          240.5989995068002
        ], 
        [
          372.82522872531445, 
          248.09150833340772
        ], 
        [
          358.7254197772836, 
          392.5108769377221
        ], 
        [
          216.39960999328582, 
          384.93977853205257
        ], 
        [
          252.35066922211124, 
          261.27171143150804
        ], 
        [
          378.38887597352556, 
          268.24363189931813
        ]
      ], 
      "projected_cuboid_centroid": [
        296.8646715606569, 
        314.5452704189927
      ], 
      "quaternion_xyzw": [
        0.9683837803200899, 
        0.025861964063873703, 
        0.011318410403277692, 
        0.24786278882688287
      ], 
      "visibility": 0.7924876249636028
    }, 
    {
      "bounding_box": {
        "bottom_right": [
          271, 
          260
        ], 
        "top_left": [
          220, 
          188
        ]
      }, 
      "class": "061_foam_brick", 
      "cuboid": [
        [
          -39.768842920296144, 
          -7.821558614831215, 
          75.48618957706356
        ], 
        [
          -32.025915157541036, 
          -7.186567046179773, 
          76.02233370699601
        ], 
        [
          -32.17697903734317, 
          -2.9373214778186676, 
          73.17131228415232
        ], 
        [
          -39.91990680009829, 
          -3.572313046470109, 
          72.63516815421987
        ], 
        [
          -40.3078880151638, 
          -4.921801040237563, 
          79.83663470778144
        ], 
        [
          -32.56496025240869, 
          -4.286809471586121, 
          80.37277883771388
        ], 
        [
          -32.71602413221083, 
          -0.03756390322501579, 
          77.52175741487021
        ], 
        [
          -40.45895189496594, 
          -0.6725554718764577, 
          76.98561328493776
        ]
      ], 
      "cuboid_centroid": [
        -36.242433526253485, 
        -3.929561259028115, 
        76.50397349596687
      ], 
      "location": [
        -36.242433526253485, 
        -3.929561259028115, 
        76.50397349596687
      ], 
      "pose_transform_permuted": [
        [
          0.10255804614995223, 
          -0.5517042525576903, 
          -0.8277102541829866, 
          0.0
        ], 
        [
          -0.994289235509362, 
          -0.08154089779660789, 
          -0.06884764438041036, 
          0.0
        ], 
        [
          0.02950869905828718, 
          -0.8300442757445432, 
          0.556916274662183, 
          0.0
        ], 
        [
          -36.242433526253485, 
          -3.929561259028115, 
          76.50397349596687, 
          1.0
        ]
      ], 
      "projected_cuboid": [
        [
          198.28361967058305, 
          218.02622608091335
        ], 
        [
          255.0533158379485, 
          222.87060420765567
        ], 
        [
          245.11611791096414, 
          251.87744994832116
        ], 
        [
          186.04479025397288, 
          247.05703300038851
        ], 
        [
          210.09098810503727, 
          240.40823732612267
        ], 
        [
          263.709071211329, 
          244.84109322287185
        ], 
        [
          254.64787223740504, 
          273.0281129162883
        ], 
        [
          198.9810373514256, 
          268.62739468679064
        ]
      ], 
      "projected_cuboid_centroid": [
        226.84067177315126, 
        245.8930330830154
      ], 
      "quaternion_xyzw": [
        -0.02905487450102551, 
        0.9555160602309221, 
        -0.29005805693939624, 
        0.044846365661540676
      ], 
      "visibility": 0.9521640091116174
    }
  ]
}