{
  "camera_data": {
    "location_worldframe": [
      -17.080939392375168, 
      0.32532320339576787, 
      86.88373201572371
    ], 
    "quaternion_xyzw_worldframe": [
      0.8984497985767289, 
      0.021491823539772453, 
      -0.01166764589425639, 
      -0.43839510441270796
    ]
  }, 
  "objects": [
    {
      "bounding_box": {
        "bottom_right": [
          424, 
          329
        ], 
        "top_left": [
          274, 
          171
        ]
      }, 
      "class": "003_cracker_box", 
      "cuboid": [
        [
          -23.9347482400381, 
          17.207636952914207, 
          68.28895032218938
        ], 
        [
          -40.33807188926636, 
          17.182512668871137, 
          68.3809161646338
        ], 
        [
          -40.243608761639834, 
          -0.44572718848026743, 
          80.41377880806166
        ], 
        [
          -23.840285112411575, 
          -0.42060290443719506, 
          80.32181296561724
        ], 
        [
          -23.907701156697442, 
          21.25558990597077, 
          74.21902139090906
        ], 
        [
          -40.3110248059257, 
          21.230465621927692, 
          74.31098723335347
        ], 
        [
          -40.21656167829917, 
          3.6022257645762905, 
          86.34384987678135
        ], 
        [
          -23.813238029070916, 
          3.6273500486193626, 
          86.25188403433692
        ]
      ], 
      "cuboid_centroid": [
        -32.07565495916864, 
        10.40493135874525, 
        77.31640009948536
      ], 
      "location": [
        -32.07565495916864, 
        10.40493135874525, 
        77.31640009948536
      ], 
      "pose_transform_permuted": [
        [
          -0.003767003340850783, 
          -0.5637817618156142, 
          -0.8259152103756852, 
          0.0
        ], 
        [
          0.9999831108104889, 
          0.001531632262554261, 
          -0.005606442400482636, 
          0.0
        ], 
        [
          -0.00442580835640749, 
          0.8259223808244298, 
          -0.563766470334746, 
          0.0
        ], 
        [
          -32.07565495916864, 
          10.40493135874525, 
          77.31640009948536, 
          1.0
        ]
      ], 
      "projected_cuboid": [
        [
          293.1149454414704, 
          407.6738689301529
        ], 
        [
          164.36874243300218, 
          407.2971802537996
        ], 
        [
          212.46950090864917, 
          270.33038989472817
        ], 
        [
          321.9835465136285, 
          270.49382505087635
        ], 
        [
          308.3705674575946, 
          426.02396480632814
        ], 
        [
          189.87952544092184, 
          425.6546264373211
        ], 
        [
          231.12155958442912, 
          295.5363860712967
        ], 
        [
          333.12607970573043, 
          295.71546040561526
        ]
      ], 
      "projected_cuboid_centroid": [
        258.499083897825, 
        345.058550750138
      ], 
      "quaternion_xyzw": [
        0.9554868787705308, 
        0.001558744748705358, 
        -0.002452531256471744, 
        0.2950192873399865
      ], 
      "visibility": 0.3344049752292611
    }, 
    {
      "bounding_box": {
        "bottom_right": [
          434, 
          371
        ], 
        "top_left": [
          316, 
          299
        ]
      }, 
      "class": "006_mustard_bottle", 
      "cuboid": [
        [
          -18.757741146664053, 
          23.209401413698398, 
          78.7393999306356
        ], 
        [
          -28.02106404369894, 
          21.41832385234956, 
          76.95363458079045
        ], 
        [
          -27.299654737053274, 
          6.179476741230405, 
          88.49563799963467
        ], 
        [
          -18.036331840018395, 
          7.970554302579242, 
          90.28140334947982
        ], 
        [
          -20.276177685082892, 
          26.558861243216125, 
          83.25658109972964
        ], 
        [
          -29.53950058211778, 
          24.76778368186729, 
          81.4708157498845
        ], 
        [
          -28.818091275472117, 
          9.528936570748133, 
          93.01281916872871
        ], 
        [
          -19.554768378437235, 
          11.32001413209697, 
          94.79858451857386
        ]
      ], 
      "cuboid_centroid": [
        -23.787916211068087, 
        16.369168992223265, 
        85.87610954968216
      ], 
      "location": [
        -23.787916211068087, 
        16.369168992223265, 
        85.87610954968216
      ], 
      "pose_transform_permuted": [
        [
          0.2606802690584969, 
          -0.5750244198341762, 
          -0.7754950389771247, 
          0.0
        ], 
        [
          0.964688313842644, 
          0.18652395169902466, 
          0.18597073462830072, 
          0.0
        ], 
        [
          -0.03771069138210369, 
          0.7965900288956758, 
          -0.6033425474964205, 
          0.0
        ], 
        [
          -23.787916211068087, 
          16.369168992223265, 
          85.87610954968216, 
          1.0
        ]
      ], 
      "projected_cuboid": [
        [
          353.4879108775446, 
          430.48900966028566
        ], 
        [
          285.7814969580855, 
          421.7241213572708
        ], 
        [
          315.7044629974857, 
          310.5271979093562
        ], 
        [
          374.1630913722084, 
          320.37101541074
        ], 
        [
          350.6308603783033, 
          443.4155610644922
        ], 
        [
          286.6158310783727, 
          435.41998353129503
        ], 
        [
          314.98205099095384, 
          327.9238291139274
        ], 
        [
          370.66871649017287, 
          336.9708772474774
        ]
      ], 
      "projected_cuboid_centroid": [
        332.6349716762419, 
        374.94459433225256
      ], 
      "quaternion_xyzw": [
        0.9403155563048295, 
        0.05961685988752174, 
        0.1187502962946843, 
        0.3132902990463225
      ], 
      "visibility": 0.5480345496210118
    }, 
    {
      "bounding_box": {
        "bottom_right": [
          328, 
          310
        ], 
        "top_left": [
          263, 
          212
        ]
      }, 
      "class": "008_pudding_box", 
      "cuboid": [
        [
          -25.152093142866942, 
          6.008245652205795, 
          72.62781176008033
        ], 
        [
          -36.50428875179262, 
          5.703334655864449, 
          72.17277909787116
        ], 
        [
          -36.50966108328434, 
          -1.6954607773946042, 
          77.26480305467356
        ], 
        [
          -25.157465474358666, 
          -1.3905497810532588, 
          77.71983571688277
        ], 
        [
          -25.337483722634325, 
          8.186852937236974, 
          75.79316592347742
        ], 
        [
          -36.68967933156, 
          7.881941940895628, 
          75.33813326126821
        ], 
        [
          -36.69505166305172, 
          0.4831465076365754, 
          80.43015721807065
        ], 
        [
          -25.342856054126045, 
          0.7880575039779208, 
          80.88518988027982
        ]
      ], 
      "cuboid_centroid": [
        -30.92357240295933, 
        3.245696079921185, 
        76.5289844890755
      ], 
      "location": [
        -30.92357240295933, 
        3.245696079921185, 
        76.5289844890755
      ], 
      "pose_transform_permuted": [
        [
          0.048189695830587846, 
          -0.5662985817924842, 
          -0.8227896720620026, 
          0.0
        ], 
        [
          0.9988381662730588, 
          0.026828003229844143, 
          0.04003665947739866, 
          0.0
        ], 
        [
          0.0005981419470134449, 
          0.8237633721641437, 
          -0.5669332073894766, 
          0.0
        ], 
        [
          -30.92357240295933, 
          3.245696079921185, 
          76.5289844890755, 
          1.0
        ]
      ], 
      "projected_cuboid": [
        [
          295.36137870315554, 
          317.40620769431905
        ], 
        [
          209.6012663524634, 
          315.4312371238422
        ], 
        [
          227.48936083508482, 
          261.5836357629015
        ], 
        [
          307.5259380061287, 
          263.74447677184173
        ], 
        [
          301.82377579380636, 
          330.89343357382836
        ], 
        [
          219.70593221931904, 
          329.0829030960288
        ], 
        [
          236.25030988285863, 
          276.49020564759076
        ], 
        [
          313.10545629850725, 
          278.48262517809604
        ]
      ], 
      "projected_cuboid_centroid": [
        264.2992093154032, 
        295.905331266101
      ], 
      "quaternion_xyzw": [
        0.9546453805601329, 
        0.006869006496276258, 
        0.02310448390171337, 
        0.2967677349774225
      ], 
      "visibility": 0.75192096597146
    }, 
    {
      "bounding_box": {
        "bottom_right": [
          461, 
          303
        ], 
        "top_left": [
          299, 
          166
        ]
      }, 
      "class": "019_pitcher_base", 
      "cuboid": [
        [
          -47.53456042337311, 
          29.357633004526885, 
          82.50515130082056
        ], 
        [
          -28.863533965298327, 
          31.096302776707862, 
          84.53920447838138
        ], 
        [
          -28.584955933490345, 
          11.468999061219334, 
          98.75911878352014
        ], 
        [
          -47.25598239156512, 
          9.730329289038357, 
          96.72506560595932
        ], 
        [
          -45.65242164122258, 
          21.644292965714975, 
          71.8217964746089
        ], 
        [
          -26.981395183147804, 
          23.38296273789595, 
          73.85584965216972
        ], 
        [
          -26.70281715133982, 
          3.755659022407429, 
          88.07576395730848
        ], 
        [
          -45.3738436094146, 
          2.0169892502264504, 
          86.04171077974766
        ]
      ], 
      "cuboid_centroid": [
        -37.11868878735646, 
        16.556646013467155, 
        85.29045762906452
      ], 
      "location": [
        -37.11868878735646, 
        16.556646013467155, 
        85.29045762906452
      ], 
      "pose_transform_permuted": [
        [
          -0.14140149523315232, 
          0.5794885186327975, 
          0.8026200622711723, 
          0.0
        ], 
        [
          -0.9898857590620612, 
          -0.09217942307876177, 
          -0.10783982756189682, 
          0.0
        ], 
        [
          -0.01149310903005979, 
          0.8097506472574136, 
          -0.5866615699967257, 
          0.0
        ], 
        [
          -37.11868878735646, 
          16.556646013467155, 
          85.29045762906452, 
          1.0
        ]
      ], 
      "projected_cuboid": [
        [
          171.76943050757683, 
          463.05651415878964
        ], 
        [
          297.99266816565535, 
          469.4590396907285
        ], 
        [
          325.9460169110731, 
          335.2214952194339
        ], 
        [
          218.86716761865142, 
          326.93731741526386
        ], 
        [
          139.77563200482453, 
          434.00829473379054
        ], 
        [
          285.13837898245674, 
          442.1369675603025
        ], 
        [
          318.5577312257272, 
          296.0279416817103
        ], 
        [
          198.00879287016252, 
          285.788612340987
        ]
      ], 
      "projected_cuboid_centroid": [
        247.56039285633884, 
        376.8149255182551
      ], 
      "quaternion_xyzw": [
        -0.06566028098430608, 
        0.3072112666977424, 
        0.948980567318247, 
        -0.027311552965144724
      ], 
      "visibility": 0.1843797018191766
    }, 
    {
      "bounding_box": {
        "bottom_right": [
          389, 
          350
        ], 
        "top_left": [
          246, 
          189
        ]
      }, 
      "class": "035_power_drill", 
      "cuboid": [
        [
          -16.181328437545766, 
          12.312627736511162, 
          59.73579713977435
        ], 
        [
          -34.58597535813472, 
          11.38581693044744, 
          60.283101852990185
        ], 
        [
          -33.49598127359057, 
          -4.2978771127986635, 
          70.37817959327258
        ], 
        [
          -15.091334353001622, 
          -3.371066306734939, 
          69.83087488005673
        ], 
        [
          -16.194153972541386, 
          15.407446981041966, 
          64.54528860074811
        ], 
        [
          -34.59880089313034, 
          14.48063617497824, 
          65.09259331396396
        ], 
        [
          -33.50880680858619, 
          -1.2030578682678608, 
          75.18767105424632
        ], 
        [
          -15.104159887997243, 
          -0.2762470622041373, 
          74.6403663410305
        ]
      ], 
      "cuboid_centroid": [
        -24.84506762306598, 
        5.554784934121651, 
        67.46173409701034
      ], 
      "location": [
        -24.84506762306598, 
        5.554784934121651, 
        67.46173409701034
      ], 
      "pose_transform_permuted": [
        [
          0.0022425399871487035, 
          -0.5411279850100666, 
          -0.8409377794193029, 
          0.0
        ], 
        [
          0.998293940393893, 
          0.050271521946447024, 
          -0.02968657758607537, 
          0.0
        ], 
        [
          -0.05833961952433074, 
          0.8394364301542534, 
          -0.5403176061115248, 
          0.0
        ], 
        [
          -24.84506762306598, 
          5.554784934121651, 
          67.46173409701034, 
          1.0
        ]
      ], 
      "projected_cuboid": [
        [
          335.92669035229204, 
          383.21334580175557
        ], 
        [
          173.06793742640414, 
          374.01591242897786
        ], 
        [
          225.65220699993452, 
          240.71760761743232
        ], 
        [
          365.3794703709781, 
          247.54068157281645
        ], 
        [
          346.67423438781265, 
          400.59394305771497
        ], 
        [
          195.75824730451708, 
          391.9299420265414
        ], 
        [
          241.93236969689113, 
          264.75303359382804
        ], 
        [
          372.7756082060714, 
          271.31270029428055
        ]
      ], 
      "projected_cuboid_centroid": [
        283.54726254034944, 
        317.1999597949193
      ], 
      "quaternion_xyzw": [
        0.9589927202496704, 
        0.028313859734644616, 
        -0.0071543915348444235, 
        0.2819222628822566
      ], 
      "visibility": 0.7779685755988667
    }, 
    {
      "bounding_box": {
        "bottom_right": [
          274, 
          251
        ], 
        "top_left": [
          221, 
          174
        ]
      }, 
      "class": "061_foam_brick", 
      "cuboid": [
        [
          -39.86873763290451, 
          -7.427436480728887, 
          72.6616147898068
        ], 
        [
          -32.109610359771246, 
          -6.801782855834375, 
          72.88092429835412
        ], 
        [
          -32.34621540875358, 
          -2.76641683443293, 
          69.73973495773078
        ], 
        [
          -40.10534268188684, 
          -3.3920704593274427, 
          69.52042544918346
        ], 
        [
          -40.24452438449124, 
          -4.220918249968356, 
          76.80921187658288
        ], 
        [
          -32.485397111357976, 
          -3.5952646250738436, 
          77.02852138513019
        ], 
        [
          -32.72200216034031, 
          0.440101396327601, 
          73.88733204450685
        ], 
        [
          -40.48112943347357, 
          -0.18555222856691117, 
          73.66802253595954
        ]
      ], 
      "cuboid_centroid": [
        -36.29536989662241, 
        -3.493667542200643, 
        73.27447341715683
      ], 
      "location": [
        -36.29536989662241, 
        -3.493667542200643, 
        73.27447341715683
      ], 
      "pose_transform_permuted": [
        [
          0.07149671776761979, 
          -0.6100681516668669, 
          -0.789116638824851, 
          0.0
        ], 
        [
          -0.9963694562324581, 
          -0.08034178846176854, 
          -0.02816209711297185, 
          0.0
        ], 
        [
          0.046218243535354586, 
          -0.7882652138389321, 
          0.6135974467156535, 
          0.0
        ], 
        [
          -36.29536989662241, 
          -3.493667542200643, 
          73.27447341715683, 
          1.0
        ]
      ], 
      "projected_cuboid": [
        [
          186.53106213849182, 
          218.77085814977573
        ], 
        [
          244.67097020349107, 
          223.5132395166112
        ], 
        [
          232.17497464638686, 
          252.13096183948926
        ], 
        [
          171.36867107351586, 
          247.26457980487015
        ], 
        [
          199.83324676674977, 
          243.9788767429673
        ], 
        [
          254.80474130776363, 
          248.39413453456748
        ], 
        [
          243.44101627968152, 
          276.4631947471863
        ], 
        [
          186.0917187298244, 
          271.94323278890784
        ]
      ], 
      "projected_cuboid_centroid": [
        215.22403311577068, 
        247.85829223018382
      ], 
      "quaternion_xyzw": [
        -0.03347375372385381, 
        0.9452184018649131, 
        -0.32364625888795434, 
        0.026358674006971592
      ], 
      "visibility": 0.9115407147041593
    }
  ]
}