{
  "camera_data": {
    "location_worldframe": [
      -14.313097341592682, 
      -1.3721009904113193, 
      95.90832278813491
    ], 
    "quaternion_xyzw_worldframe": [
      0.9507792034393826, 
      -0.018840480949111536, 
      0.11986747612304918, 
      -0.2851306785406819
    ]
  }, 
  "objects": [
    {
      "bounding_box": {
        "bottom_right": [
          397, 
          379
        ], 
        "top_left": [
          258, 
          252
        ]
      }, 
      "class": "003_cracker_box", 
      "cuboid": [
        [
          -14.017338011425403, 
          9.277798816372856, 
          72.15442974354386
        ], 
        [
          -29.799358501870145, 
          11.732201865812279, 
          68.41519845927685
        ], 
        [
          -35.60478141124223, 
          -0.762833173533542, 
          84.71626319000083
        ], 
        [
          -19.822760920797496, 
          -3.2172362229729634, 
          88.45549447426785
        ], 
        [
          -14.154994325058679, 
          14.998845008931132, 
          76.49068143560164
        ], 
        [
          -29.937014815503417, 
          17.453248058370555, 
          72.75145015133462
        ], 
        [
          -35.74243772487551, 
          4.958213019024735, 
          89.05251488205862
        ], 
        [
          -19.960417234430768, 
          2.5038099695853133, 
          92.79174616632562
        ]
      ], 
      "cuboid_centroid": [
        -24.879887868150455, 
        7.118005917698795, 
        80.60347231280124
      ], 
      "location": [
        -24.879887868150455, 
        7.118005917698795, 
        80.60347231280124
      ], 
      "pose_transform_permuted": [
        [
          0.019172188986685004, 
          -0.7968031099357376, 
          -0.6039347904916521, 
          0.0
        ], 
        [
          0.9621070877091609, 
          -0.14962587150297774, 
          0.22795185973527696, 
          0.0
        ], 
        [
          0.2719970201109854, 
          0.5854202785808766, 
          -0.7637412640921224, 
          0.0
        ], 
        [
          -24.879887868150455, 
          7.118005917698795, 
          80.60347231280124, 
          1.0
        ]
      ], 
      "projected_cuboid": [
        [
          377.12642142567125, 
          341.862116987192
        ], 
        [
          247.36515692903956, 
          364.74301475361233
        ], 
        [
          255.58414567069173, 
          268.48422665632893
        ], 
        [
          361.08485422693144, 
          253.88904219446425
        ], 
        [
          382.0810695393608, 
          377.8636919311796
        ], 
        [
          260.3087052881169, 
          401.23119008266934
        ], 
        [
          265.758168387386, 
          302.9803888971804
        ], 
        [
          365.91873980328995, 
          287.6771593943082
        ]
      ], 
      "projected_cuboid_centroid": [
        315.6053558530056, 
        320.3834165663293
      ], 
      "quaternion_xyzw": [
        0.8876179015744456, 
        -0.11875123599526713, 
        0.06960316153032076, 
        0.4395315741322323
      ], 
      "visibility": 0.6663643340542803
    }, 
    {
      "bounding_box": {
        "bottom_right": [
          404, 
          408
        ], 
        "top_left": [
          312, 
          346
        ]
      }, 
      "class": "006_mustard_bottle", 
      "cuboid": [
        [
          -9.575191639924128, 
          17.53906191132046, 
          81.32257924806633
        ], 
        [
          -18.549430927579795, 
          16.663770922055193, 
          78.02061578639476
        ], 
        [
          -23.1523231891651, 
          6.141862569626519, 
          93.31975180891972
        ], 
        [
          -14.178083901509432, 
          7.017153558891782, 
          96.6217152705913
        ], 
        [
          -11.101508798652365, 
          22.374678627041682, 
          84.18904454434768
        ], 
        [
          -20.07574808630803, 
          21.49938763777642, 
          80.8870810826761
        ], 
        [
          -24.67864034789333, 
          10.97747928534774, 
          96.18621710520107
        ], 
        [
          -15.704401060237666, 
          11.852770274613006, 
          99.48818056687264
        ]
      ], 
      "cuboid_centroid": [
        -17.12691599390873, 
        14.2582705983341, 
        88.7543981766337
      ], 
      "location": [
        -17.12691599390873, 
        14.2582705983341, 
        88.7543981766337
      ], 
      "pose_transform_permuted": [
        [
          0.26203318844012613, 
          -0.8301630227039933, 
          -0.4921054820371783, 
          0.0
        ], 
        [
          0.9345829636576853, 
          0.09115335802730658, 
          0.34386856634670293, 
          0.0
        ], 
        [
          0.24060993938212943, 
          0.5500184638234916, 
          -0.7997415498295526, 
          0.0
        ], 
        [
          -17.12691599390873, 
          14.2582705983341, 
          88.7543981766337, 
          1.0
        ]
      ], 
      "projected_cuboid": [
        [
          418.2789405460831, 
          388.3090234245633
        ], 
        [
          353.7434703665811, 
          387.1938081642433
        ], 
        [
          348.17958675012375, 
          308.3870983883543
        ], 
        [
          402.6866156684282, 
          312.01888091899804
        ], 
        [
          410.6853250929184, 
          415.0253395505208
        ], 
        [
          348.12686833434776, 
          415.04025563251656
        ], 
        [
          343.6221576518173, 
          334.1528954797069
        ], 
        [
          396.7099823829365, 
          336.8248846097664
        ]
      ], 
      "projected_cuboid_centroid": [
        377.8248691120534, 
        358.96358710199246
      ], 
      "quaternion_xyzw": [
        0.862656784230895, 
        -0.04331287485557523, 
        0.17559177817369834, 
        0.4723502447113697
      ], 
      "visibility": 0.49181461839981555
    }, 
    {
      "bounding_box": {
        "bottom_right": [
          302, 
          356
        ], 
        "top_left": [
          245, 
          277
        ]
      }, 
      "class": "008_pudding_box", 
      "cuboid": [
        [
          -18.355788800576324, 
          0.4429597744335949, 
          79.14420684404524
        ], 
        [
          -29.249367158121025, 
          1.7028646598285495, 
          76.15841367798872
        ], 
        [
          -31.736496658347946, 
          -3.521033185159982, 
          83.02834736442524
        ], 
        [
          -20.842918300803248, 
          -4.780938070554937, 
          86.01414053048177
        ], 
        [
          -18.61740855978139, 
          3.5432407207953007, 
          81.4069440149099
        ], 
        [
          -29.510986917326086, 
          4.803145606190255, 
          78.42115084885337
        ], 
        [
          -31.998116417553014, 
          -0.4207522387982762, 
          85.29108453528991
        ], 
        [
          -21.10453806000831, 
          -1.680657124193231, 
          88.27687770134644
        ]
      ], 
      "cuboid_centroid": [
        -25.176952609064667, 
        0.01110376781765939, 
        82.21764568966758
      ], 
      "location": [
        -25.176952609064667, 
        0.01110376781765939, 
        82.21764568966758
      ], 
      "pose_transform_permuted": [
        [
          0.06800440796497159, 
          -0.8058747967776889, 
          -0.588166972374488, 
          0.0
        ], 
        [
          0.958486111906554, 
          -0.11085442224206514, 
          0.262709018906411, 
          0.0
        ], 
        [
          0.27691077589550045, 
          0.5816157161589802, 
          -0.7648812284556197, 
          0.0
        ], 
        [
          -25.176952609064667, 
          0.01110376781765939, 
          82.21764568966758, 
          1.0
        ]
      ], 
      "projected_cuboid": [
        [
          356.87432401159333, 
          276.27145793556434
        ], 
        [
          275.0636548366411, 
          285.2113014674047
        ], 
        [
          276.0438273887418, 
          250.66973287511232
        ], 
        [
          351.28626881534694, 
          243.64294818061842
        ], 
        [
          358.61281327979646, 
          296.49929565409127
        ], 
        [
          279.2288722187753, 
          305.9513431376473
        ], 
        [
          279.8475457907616, 
          270.65560170202406
        ], 
        [
          353.03269894231744, 
          263.13294646043977
        ]
      ], 
      "projected_cuboid_centroid": [
        316.9212373134442, 
        273.35856457346995
      ], 
      "quaternion_xyzw": [
        0.8843456338502528, 
        -0.10961924368001862, 
        0.09349099894108331, 
        0.4440447165421541
      ], 
      "visibility": 0.6274062816616008
    }, 
    {
      "bounding_box": {
        "bottom_right": [
          459, 
          358
        ], 
        "top_left": [
          304, 
          222
        ]
      }, 
      "class": "019_pitcher_base", 
      "cuboid": [
        [
          -36.558053462254115, 
          28.80472060883152, 
          76.31248156799265
        ], 
        [
          -18.599382839522264, 
          28.309052638881717, 
          82.05774367095738
        ], 
        [
          -25.04013015919133, 
          14.641702864213379, 
          101.01123790833677
        ], 
        [
          -42.99880078192319, 
          15.137370834163184, 
          95.26597580537204
        ], 
        [
          -34.545449426130226, 
          17.81749833699882, 
          69.073524251122
        ], 
        [
          -16.58677880339837, 
          17.321830367049017, 
          74.81878635408673
        ], 
        [
          -23.027526123067442, 
          3.6544805923806822, 
          93.7722805914661
        ], 
        [
          -40.9861967457993, 
          4.150148562330489, 
          88.02701848850138
        ]
      ], 
      "cuboid_centroid": [
        -29.792789792660777, 
        16.2296006006061, 
        85.04238107972938
      ], 
      "location": [
        -29.792789792660777, 
        16.2296006006061, 
        85.04238107972938
      ], 
      "pose_transform_permuted": [
        [
          -0.1512031008122736, 
          0.8254490436252462, 
          0.5438490499435531, 
          0.0
        ], 
        [
          -0.9521186390606989, 
          0.02627893360754768, 
          -0.30459777616265843, 
          0.0
        ], 
        [
          0.2657216389232233, 
          0.5638647817732456, 
          -0.7819517366716213, 
          0.0
        ], 
        [
          -29.792789792660777, 
          16.2296006006061, 
          85.04238107972938, 
          1.0
        ]
      ], 
      "projected_cuboid": [
        [
          223.97727598130007, 
          474.59202920407387
        ], 
        [
          359.7063321986765, 
          457.2761467364459
        ], 
        [
          348.2883276198416, 
          350.59186588508993
        ], 
        [
          238.87444252908443, 
          358.02882120830503
        ], 
        [
          212.6474262000005, 
          410.8561913220411
        ], 
        [
          362.3787117002673, 
          396.75915497091506
        ], 
        [
          349.5391209508424, 
          294.07099639432874
        ], 
        [
          231.2091516623197, 
          298.430585108847
        ]
      ], 
      "projected_cuboid_centroid": [
        293.2028809595253, 
        375.065953344166
      ], 
      "quaternion_xyzw": [
        -0.1302855756733145, 
        0.45945751001753776, 
        0.8746188413785598, 
        0.08346509322578866
      ], 
      "visibility": 0.25701799866676545
    }, 
    {
      "bounding_box": {
        "bottom_right": [
          313, 
          430
        ], 
        "top_left": [
          208, 
          284
        ]
      }, 
      "class": "035_power_drill", 
      "cuboid": [
        [
          -6.128507148294466, 
          0.743220442634266, 
          67.44679099045089
        ], 
        [
          -24.10706501083837, 
          2.8051848566026867, 
          63.92410608691807
        ], 
        [
          -28.19899148986415, 
          -8.662414800514412, 
          78.0954587507669
        ], 
        [
          -10.220433627320249, 
          -10.724379214482832, 
          81.6181436542997
        ], 
        [
          -6.314069044408803, 
          5.212865413648359, 
          71.01009274298949
        ], 
        [
          -24.29262690695271, 
          7.27482982761678, 
          67.48740783945667
        ], 
        [
          -28.38455338597849, 
          -4.192769829500319, 
          81.65876050330549
        ], 
        [
          -10.405995523434584, 
          -6.25473424346874, 
          85.1814454068383
        ]
      ], 
      "cuboid_centroid": [
        -17.256530267136476, 
        -1.7247746934330268, 
        74.55277574687818
      ], 
      "location": [
        -17.256530267136476, 
        -1.7247746934330268, 
        74.55277574687818
      ], 
      "pose_transform_permuted": [
        [
          0.032445427989517876, 
          -0.781515748019694, 
          -0.6230419759543591, 
          0.0
        ], 
        [
          0.9751822704689096, 
          -0.1118438505587288, 
          0.1910753848355441, 
          0.0
        ], 
        [
          0.21901167840533392, 
          0.6137789281061574, 
          -0.7584915682361829, 
          0.0
        ], 
        [
          -17.256530267136476, 
          -1.7247746934330268, 
          74.55277574687818, 
          1.0
        ]
      ], 
      "projected_cuboid": [
        [
          432.7335045267591, 
          279.163378240983
        ], 
        [
          278.7954511851, 
          296.6902288583503
        ], 
        [
          287.419287129896, 
          214.13027557430092
        ], 
        [
          414.25687726630343, 
          203.2099447589433
        ], 
        [
          433.78021650289156, 
          312.4376375243758
        ], 
        [
          288.0246521530311, 
          330.77591763778736
        ], 
        [
          294.67050569321736, 
          245.90323894506125
        ], 
        [
          415.9023636997527, 
          234.12575309875422
        ]
      ], 
      "projected_cuboid_centroid": [
        357.12227983947156, 
        260.9482164186146
      ], 
      "quaternion_xyzw": [
        0.8961031155131403, 
        -0.09230397797875167, 
        0.06235912166678107, 
        0.4296400965457012
      ], 
      "visibility": 0.8063506779464596
    }, 
    {
      "bounding_box": {
        "bottom_right": [
          253, 
          299
        ], 
        "top_left": [
          206, 
          240
        ]
      }, 
      "class": "061_foam_brick", 
      "cuboid": [
        [
          -35.39460182676173, 
          -9.878862441571954, 
          79.63343082664214
        ], 
        [
          -27.84309114940372, 
          -10.381089747589428, 
          81.46811046690684
        ], 
        [
          -26.65319205396025, 
          -7.615886523521444, 
          77.32745561268416
        ], 
        [
          -34.20470273131826, 
          -7.113659217503969, 
          75.49277597241947
        ], 
        [
          -35.78929749036293, 
          -5.468593253701306, 
          82.4652637074376
        ], 
        [
          -28.237786813004917, 
          -5.97082055971878, 
          84.29994334770228
        ], 
        [
          -27.047887717561448, 
          -3.205617335650796, 
          80.15928849347962
        ], 
        [
          -34.599398394919454, 
          -2.7033900296333213, 
          78.32460885321491
        ]
      ], 
      "cuboid_centroid": [
        -31.221244772161587, 
        -6.542239888611374, 
        79.89635966006088
      ], 
      "location": [
        -31.221244772161587, 
        -6.542239888611374, 
        79.89635966006088
      ], 
      "pose_transform_permuted": [
        [
          0.07509430373860704, 
          -0.8390923045397515, 
          -0.5387809851954533, 
          0.0
        ], 
        [
          -0.9697088760724047, 
          0.06449229793335409, 
          -0.23559592350817435, 
          0.0
        ], 
        [
          -0.23243395021469604, 
          -0.5401526154425663, 
          0.8088322513464379, 
          0.0
        ], 
        [
          -31.221244772161587, 
          -6.542239888611374, 
          79.89635966006088, 
          1.0
        ]
      ], 
      "projected_cuboid": [
        [
          242.57756321879262, 
          207.12599780561786
        ], 
        [
          297.80720973939464, 
          205.32818685095708
        ], 
        [
          296.24081325063275, 
          220.76054454195958
        ], 
        [
          237.94384357591014, 
          223.03201071266935
        ], 
        [
          248.2115738210742, 
          237.92003645730964
        ], 
        [
          301.4633099548439, 
          235.51242561976053
        ], 
        [
          300.14110752710417, 
          251.95877256103057
        ], 
        [
          244.04323043129875, 
          254.8789025669382
        ]
      ], 
      "projected_cuboid_centroid": [
        271.45405255165866, 
        229.61615468430978
      ], 
      "quaternion_xyzw": [
        0.08502866234465065, 
        0.8730181093067921, 
        -0.47190445946038306, 
        0.08897015535378776
      ], 
      "visibility": 0.8593872741555381
    }
  ]
}