{
  "camera_data": {
    "location_worldframe": [
      -10.284460166762145, 
      6.479802656543919, 
      82.50878967560901
    ], 
    "quaternion_xyzw_worldframe": [
      0.9357970353123473, 
      -0.023409996502177413, 
      0.1428477255978803, 
      -0.3214528562295225
    ]
  }, 
  "objects": [
    {
      "bounding_box": {
        "bottom_right": [
          510, 
          403
        ], 
        "top_left": [
          316, 
          249
        ]
      }, 
      "class": "003_cracker_box", 
      "cuboid": [
        [
          -8.757393002795673, 
          18.93149702328426, 
          59.69701081506235
        ], 
        [
          -24.31813124888678, 
          21.91133564177108, 
          55.44705755278188
        ], 
        [
          -31.023426932604682, 
          8.282436149205582, 
          70.44191185557048
        ], 
        [
          -15.462688686513578, 
          5.302597530718763, 
          74.69186511785095
        ], 
        [
          -9.028912826748906, 
          24.300973477950194, 
          64.45593896359865
        ], 
        [
          -24.58965107284001, 
          27.280812096437014, 
          60.205985701318184
        ], 
        [
          -31.294946756557916, 
          13.651912603871516, 
          75.2008400041068
        ], 
        [
          -15.73420851046681, 
          10.672073985384696, 
          79.45079326638727
        ]
      ], 
      "cuboid_centroid": [
        -20.026169879676793, 
        16.291704813577887, 
        67.44892540958458
      ], 
      "location": [
        -20.026169879676793, 
        16.291704813577887, 
        67.44892540958458
      ], 
      "pose_transform_permuted": [
        [
          0.037816132373927544, 
          -0.7478379642118145, 
          -0.6628033791523749, 
          0.0
        ], 
        [
          0.9486172296896684, 
          -0.18165759300663875, 
          0.2590866079883972, 
          0.0
        ], 
        [
          0.31415806796607443, 
          0.6385443588244779, 
          -0.7025423902835048, 
          0.0
        ], 
        [
          -20.026169879676793, 
          16.291704813577887, 
          67.44892540958458, 
          1.0
        ]
      ], 
      "projected_cuboid": [
        [
          402.70851534851585, 
          442.41624755001294
        ], 
        [
          245.74296712113863, 
          484.04153395337414
        ], 
        [
          244.75961999306813, 
          335.99331691998333
        ], 
        [
          370.26931498683206, 
          311.1484805148719
        ], 
        [
          406.26771208548786, 
          474.35699408374546
        ], 
        [
          261.9606093052783, 
          514.9467511041242
        ], 
        [
          257.8057350593544, 
          370.10503547412344
        ], 
        [
          375.0998166794728, 
          344.92365846145077
        ]
      ], 
      "projected_cuboid_centroid": [
        321.9302766256272, 
        402.1052725656044
      ], 
      "quaternion_xyzw": [
        0.9013829607423419, 
        -0.1375152633694062, 
        0.08234644798416421, 
        0.40226530167068103
      ], 
      "visibility": 0.5753371868978805
    }, 
    {
      "bounding_box": {
        "bottom_right": [
          494, 
          429
        ], 
        "top_left": [
          370, 
          352
        ]
      }, 
      "class": "006_mustard_bottle", 
      "cuboid": [
        [
          -4.649239301149905, 
          26.38842157191946, 
          69.67464173019265
        ], 
        [
          -13.469832914092962, 
          25.910049936457813, 
          65.90975704352566
        ], 
        [
          -18.90399598346148, 
          14.307159377536596, 
          80.11551425662763
        ], 
        [
          -10.083402370518423, 
          14.785531012998238, 
          83.88039894329462
        ], 
        [
          -6.2499163341892485, 
          31.01049025072957, 
          72.83751551038668
        ], 
        [
          -15.070509947132305, 
          30.532118615267933, 
          69.0726308237197
        ], 
        [
          -20.504673016500824, 
          18.929228056346716, 
          83.27838803682168
        ], 
        [
          -11.684079403557767, 
          19.407599691808354, 
          87.04327272348866
        ]
      ], 
      "cuboid_centroid": [
        -12.576956158825364, 
        22.658824814133087, 
        76.47651488350716
      ], 
      "location": [
        -12.576956158825364, 
        22.658824814133087, 
        76.47651488350716
      ], 
      "pose_transform_permuted": [
        [
          0.27479905092573303, 
          -0.7935017870774663, 
          -0.5429919309486614, 
          0.0
        ], 
        [
          0.9185822057746617, 
          0.049817925115333714, 
          0.3920774759298645, 
          0.0
        ], 
        [
          0.28406349147590937, 
          0.6065253400213175, 
          -0.7425866580558393, 
          0.0
        ], 
        [
          -12.576956158825364, 
          22.658824814133087, 
          76.47651488350716, 
          1.0
        ]
      ], 
      "projected_cuboid": [
        [
          445.7132303926514, 
          475.2748316246013
        ], 
        [
          371.6954127758309, 
          482.94194640495357
        ], 
        [
          354.7066793042863, 
          368.52762014124596
        ], 
        [
          416.9515614504146, 
          367.29435549488096
        ], 
        [
          435.4535386016656, 
          500.34675027126207
        ], 
        [
          364.26582106591064, 
          509.0293579528284
        ], 
        [
          349.189662986784, 
          394.5104023566524
        ], 
        [
          409.4113930853, 
          392.19811671846276
        ]
      ], 
      "projected_cuboid_centroid": [
        393.1590108824624, 
        431.30099540577015
      ], 
      "quaternion_xyzw": [
        0.8757995599371812, 
        -0.06686620348878043, 
        0.19036220082807276, 
        0.4384817358333354
      ], 
      "visibility": 0.2537737259004633
    }, 
    {
      "bounding_box": {
        "bottom_right": [
          386, 
          369
        ], 
        "top_left": [
          304, 
          271
        ]
      }, 
      "class": "008_pudding_box", 
      "cuboid": [
        [
          -13.520772013415744, 
          9.649840627929315, 
          65.77115963853686
        ], 
        [
          -24.247911972600882, 
          11.305127126764258, 
          62.40057133892114
        ], 
        [
          -27.11374989590563, 
          5.603880530780567, 
          68.72146296518267
        ], 
        [
          -16.386609936720493, 
          3.9485940319456243, 
          72.09205126479839
        ], 
        [
          -13.8506672662973, 
          12.569240962820736, 
          68.25479349962723
        ], 
        [
          -24.577807225482438, 
          14.22452746165568, 
          64.88420520001151
        ], 
        [
          -27.443645148787187, 
          8.523280865671987, 
          71.20509682627304
        ], 
        [
          -16.71650518960205, 
          6.867994366837044, 
          74.57568512588875
        ]
      ], 
      "cuboid_centroid": [
        -20.482208581101467, 
        9.08656074680065, 
        68.48812823240495
      ], 
      "location": [
        -20.482208581101467, 
        9.08656074680065, 
        68.48812823240495
      ], 
      "pose_transform_permuted": [
        [
          0.08575167040452769, 
          -0.7588574043117886, 
          -0.6455859864652634, 
          0.0
        ], 
        [
          0.9438418060522594, 
          -0.14564260413667351, 
          0.29656573516074203, 
          0.0
        ], 
        [
          0.3190752242135614, 
          0.6347625317947392, 
          -0.7037522591484502, 
          0.0
        ], 
        [
          -20.482208581101467, 
          9.08656074680065, 
          68.48812823240495, 
          1.0
        ]
      ], 
      "projected_cuboid": [
        [
          371.0473278199976, 
          351.5343446133837
        ], 
        [
          272.63015923883415, 
          369.9081803410157
        ], 
        [
          269.4246494043281, 
          316.7759967307488
        ], 
        [
          359.36266123938526, 
          302.49728294268425
        ], 
        [
          372.47080709759, 
          371.49828264235566
        ], 
        [
          277.8947917559606, 
          390.2058873557784
        ], 
        [
          274.33374755728425, 
          337.1251225931698
        ], 
        [
          361.054629841554, 
          322.4022234325336
        ]
      ], 
      "projected_cuboid_centroid": [
        320.77219237131334, 
        344.04392199839435
      ], 
      "quaternion_xyzw": [
        0.897801526551423, 
        -0.1294043879985588, 
        0.10645933267506309, 
        0.4072753331903768
      ], 
      "visibility": 0.9158211794546608
    }, 
    {
      "bounding_box": {
        "bottom_right": [
          539, 
          377
        ], 
        "top_left": [
          367, 
          215
        ]
      }, 
      "class": "019_pitcher_base", 
      "cuboid": [
        [
          -31.234309068724777, 
          38.42322143988379, 
          64.33761655106603
        ], 
        [
          -13.569584206495442, 
          37.20706367988155, 
          70.83731113992886
        ], 
        [
          -21.046791910529407, 
          22.213893308453457, 
          88.35332743557645
        ], 
        [
          -38.711516772758735, 
          23.430051068455697, 
          81.85363284671362
        ], 
        [
          -29.017296338609555, 
          27.99988826569827, 
          56.361959124446926
        ], 
        [
          -11.352571476380222, 
          26.78373050569603, 
          62.86165371330975
        ], 
        [
          -18.829779180414185, 
          11.790560134267942, 
          80.37767000895734
        ], 
        [
          -36.49450404264351, 
          13.006717894270182, 
          73.87797542009451
        ]
      ], 
      "cuboid_centroid": [
        -25.03204412456948, 
        25.106890787075862, 
        72.35764328001169
      ], 
      "location": [
        -25.03204412456948, 
        25.106890787075862, 
        72.35764328001169
      ], 
      "pose_transform_permuted": [
        [
          -0.1665599359421487, 
          0.7830851317239786, 
          0.5991959234285327, 
          0.0
        ], 
        [
          -0.936534454500119, 
          0.06447729320625502, 
          -0.34459568284664455, 
          0.0
        ], 
        [
          0.3084821973403147, 
          0.6185632824912134, 
          -0.7226466629534705, 
          0.0
        ], 
        [
          -25.03204412456948, 
          25.106890787075862, 
          72.35764328001169, 
          1.0
        ]
      ], 
      "projected_cuboid": [
        [
          220.5260434795344, 
          591.7915983320411
        ], 
        [
          378.583078233928, 
          553.4108873314437
        ], 
        [
          353.4954151124561, 
          407.37434954134625
        ], 
        [
          227.269190519428, 
          425.9456764329687
        ], 
        [
          204.73554568818588, 
          538.2327707007255
        ], 
        [
          384.47896785986615, 
          500.5202670559484
        ], 
        [
          355.6170835470764, 
          351.5189203764629
        ], 
        [
          215.95049431060227, 
          367.181062382683
        ]
      ], 
      "projected_cuboid_centroid": [
        295.55822078315356, 
        458.33950436219163
      ], 
      "quaternion_xyzw": [
        -0.14390374020858418, 
        0.42390307186391324, 
        0.888016562404647, 
        0.10499789821955521
      ], 
      "visibility": 0.19559144314369145
    }, 
    {
      "bounding_box": {
        "bottom_right": [
          423, 
          467
        ], 
        "top_left": [
          266, 
          290
        ]
      }, 
      "class": "035_power_drill", 
      "cuboid": [
        [
          -0.7597736424462681, 
          10.666408758158093, 
          54.70105961181546
        ], 
        [
          -18.529239472645926, 
          13.272139366015685, 
          50.536230551754294
        ], 
        [
          -23.411742005865634, 
          0.8059938732163485, 
          63.56824214223031
        ], 
        [
          -5.642276175665972, 
          -1.7997367346412427, 
          67.73307120229148
        ], 
        [
          -1.0580009012700675, 
          14.84900189696413, 
          58.590308112638326
        ], 
        [
          -18.827466731469727, 
          17.454732504821724, 
          54.42547905257715
        ], 
        [
          -23.70996926468943, 
          4.988587012022385, 
          67.45749064305318
        ], 
        [
          -5.940503434489772, 
          2.3828564041647944, 
          71.62231970311434
        ]
      ], 
      "cuboid_centroid": [
        -12.23487145356785, 
        7.82749788509024, 
        61.079275127434315
      ], 
      "location": [
        -12.23487145356785, 
        7.82749788509024, 
        61.079275127434315
      ], 
      "pose_transform_permuted": [
        [
          0.05214492443382227, 
          -0.7313248427412364, 
          -0.6800336427314563, 
          0.0
        ], 
        [
          0.9638408244865695, 
          -0.14133849387858216, 
          0.22590618724580325, 
          0.0
        ], 
        [
          0.26132558346290957, 
          0.667223974237458, 
          -0.6975107558891054, 
          0.0
        ], 
        [
          -12.23487145356785, 
          7.82749788509024, 
          61.079275127434315, 
          1.0
        ]
      ], 
      "projected_cuboid": [
        [
          474.1277635880222, 
          377.28095259063934
        ], 
        [
          284.42450285906824, 
          413.3502458835103
        ], 
        [
          283.54231689895227, 
          280.0485987529204
        ], 
        [
          436.80044240769433, 
          259.1156931031627
        ], 
        [
          471.88633650111086, 
          408.4499081240172
        ], 
        [
          295.56776203316326, 
          444.32684531327425
        ], 
        [
          292.58368878168744, 
          312.72635586530356
        ], 
        [
          436.99380844726954, 
          291.0299451971416
        ]
      ], 
      "projected_cuboid_centroid": [
        373.8768380326742, 
        341.63309089385365
      ], 
      "quaternion_xyzw": [
        0.9098211969194117, 
        -0.11064373931517614, 
        0.07640268016976476, 
        0.39261439595721526
      ], 
      "visibility": 0.8111822695545802
    }, 
    {
      "bounding_box": {
        "bottom_right": [
          328, 
          299
        ], 
        "top_left": [
          265, 
          225
        ]
      }, 
      "class": "061_foam_brick", 
      "cuboid": [
        [
          -30.684899014542914, 
          -0.41476332351929635, 
          64.67772408993133
        ], 
        [
          -23.23342762927827, 
          -1.1740157836366876, 
          66.80908634350327
        ], 
        [
          -21.81946040017922, 
          1.8848702363480736, 
          62.95536809468088
        ], 
        [
          -29.270931785443864, 
          2.644122696465465, 
          60.82400584110894
        ], 
        [
          -31.15869130765131, 
          3.7685095974469327, 
          67.82435482339892
        ], 
        [
          -23.70721992238667, 
          3.009257137329541, 
          69.95571707697086
        ], 
        [
          -22.29325269328762, 
          6.068143157314303, 
          66.10199882814847
        ], 
        [
          -29.744724078552267, 
          6.827395617431693, 
          63.97063657457653
        ]
      ], 
      "cuboid_centroid": [
        -26.489075853915267, 
        2.826689916897503, 
        65.3898614590399
      ], 
      "location": [
        -26.489075853915267, 
        2.826689916897503, 
        65.3898614590399
      ], 
      "pose_transform_permuted": [
        [
          0.09014312962820425, 
          -0.7959042784567649, 
          -0.5986740312683095, 
          0.0
        ], 
        [
          -0.9568625737040848, 
          0.0974975579340942, 
          -0.27369369967407464, 
          0.0
        ], 
        [
          -0.2762032426044767, 
          -0.5975203810173373, 
          0.7527822813029466, 
          0.0
        ], 
        [
          -26.489075853915267, 
          2.826689916897503, 
          65.3898614590399, 
          1.0
        ]
      ], 
      "projected_cuboid": [
        [
          226.4669634421285, 
          269.86648253071445
        ], 
        [
          294.5850611005264, 
          263.91467492157847
        ], 
        [
          295.21549360241556, 
          289.2540120698885
        ], 
        [
          222.80362620011883, 
          296.4708448160773
        ], 
        [
          234.54683070788346, 
          302.9192557996884
        ], 
        [
          299.35478255723217, 
          296.22813345346157
        ], 
        [
          300.2332775175095, 
          322.24511165021806
        ], 
        [
          231.55043542186203, 
          330.2061495377203
        ]
      ], 
      "projected_cuboid_centroid": [
        263.7518016247423, 
        296.34101545847
      ], 
      "quaternion_xyzw": [
        0.10522722621414007, 
        0.887842467162634, 
        -0.4360814606866582, 
        0.10244971454931306
      ], 
      "visibility": 0.9087906504065041
    }
  ]
}