{
  "camera_data": {
    "location_worldframe": [
      -9.856280646210777, 
      7.0504768649363765, 
      83.03666936702018
    ], 
    "quaternion_xyzw_worldframe": [
      0.9369717952266458, 
      -0.03276548608830566, 
      0.16121415052271335, 
      -0.3082565664297886
    ]
  }, 
  "objects": [
    {
      "bounding_box": {
        "bottom_right": [
          516, 
          416
        ], 
        "top_left": [
          320, 
          255
        ]
      }, 
      "class": "003_cracker_box", 
      "cuboid": [
        [
          -7.299331084254937, 
          18.89255698773159, 
          59.99364685244759
        ], 
        [
          -22.631584893803414, 
          22.27638400280645, 
          55.244981404261964
        ], 
        [
          -30.19016366311358, 
          9.239141940129073, 
          70.35960192658024
        ], 
        [
          -14.857909853565104, 
          5.855314925054218, 
          75.10826737476587
        ], 
        [
          -7.520080156948142, 
          24.381104116787718, 
          64.61744591749978
        ], 
        [
          -22.85233396649662, 
          27.764931131862575, 
          59.86878046931415
        ], 
        [
          -30.410912735806782, 
          14.727689069185198, 
          74.98340099163244
        ], 
        [
          -15.07865892625831, 
          11.343862054110343, 
          79.73206643981806
        ]
      ], 
      "cuboid_centroid": [
        -18.85512191003086, 
        16.810123028458396, 
        67.48852392204002
      ], 
      "location": [
        -18.85512191003086, 
        16.810123028458396, 
        67.48852392204002
      ], 
      "pose_transform_permuted": [
        [
          0.030744996931884996, 
          -0.7644216239941216, 
          -0.6439831720890291, 
          0.0
        ], 
        [
          0.934688310007807, 
          -0.20628562462939176, 
          0.28948921259005683, 
          0.0
        ], 
        [
          0.35413628492207316, 
          0.6108238877462564, 
          -0.7081537049681662, 
          0.0
        ], 
        [
          -18.85512191003086, 
          16.810123028458396, 
          67.48852392204002, 
          1.0
        ]
      ], 
      "projected_cuboid": [
        [
          416.16818092876423, 
          441.23383150928413
        ], 
        [
          261.2973837182167, 
          488.33651227684817
        ], 
        [
          250.85125380529075, 
          343.3184198205396
        ], 
        [
          375.2166455028981, 
          314.86324084403986
        ], 
        [
          419.0129099508037, 
          474.51578962067487
        ], 
        [
          276.3287667533004, 
          520.6204803457723
        ], 
        [
          263.4968708920406, 
          378.0372546944394
        ], 
        [
          379.89695559153506, 
          349.164463292898
        ]
      ], 
      "projected_cuboid_centroid": [
        331.35513868749706, 
        406.12642372185087
      ], 
      "quaternion_xyzw": [
        0.8929579175195062, 
        -0.15690042569649504, 
        0.08965545946764801, 
        0.41227455966034376
      ], 
      "visibility": 0.6018322457975023
    }, 
    {
      "bounding_box": {
        "bottom_right": [
          496, 
          437
        ], 
        "top_left": [
          374, 
          358
        ]
      }, 
      "class": "006_mustard_bottle", 
      "cuboid": [
        [
          -3.21576405490049, 
          26.449280008813204, 
          69.90603236009463
        ], 
        [
          -11.94250467640003, 
          26.16904473633415, 
          65.909592178216
        ], 
        [
          -18.1422424379, 
          15.09557731679974, 
          80.22400123278518
        ], 
        [
          -9.415501816400457, 
          15.375812589278794, 
          84.22044141466381
        ], 
        [
          -4.7462573631427984, 
          31.19605663572404, 
          72.91521136321401
        ], 
        [
          -13.472997984642337, 
          30.915821363244987, 
          68.91877118133539
        ], 
        [
          -19.672735746142305, 
          19.842353943710577, 
          83.23318023590458
        ], 
        [
          -10.945995124642764, 
          20.12258921618963, 
          87.22962041778321
        ]
      ], 
      "cuboid_centroid": [
        -11.444249900521397, 
        23.14581697626189, 
        76.5696062979996
      ], 
      "location": [
        -11.444249900521397, 
        23.14581697626189, 
        76.5696062979996
      ], 
      "pose_transform_permuted": [
        [
          0.26275013626864085, 
          -0.814911243872072, 
          -0.5166061091991232, 
          0.0
        ], 
        [
          0.9088082957996875, 
          0.029183878775680596, 
          0.4161918118673739, 
          0.0
        ], 
        [
          0.3240828683802033, 
          0.5788504646959749, 
          -0.7482662854517195, 
          0.0
        ], 
        [
          -11.444249900521397, 
          23.14581697626189, 
          76.5696062979996, 
          1.0
        ]
      ], 
      "projected_cuboid": [
        [
          456.859258362657, 
          475.0705402091089
        ], 
        [
          384.1567863569058, 
          485.03817487567136
        ], 
        [
          359.9845212899855, 
          373.6401338954885
        ], 
        [
          421.4772454446188, 
          370.6527097004552
        ], 
        [
          446.5924880131641, 
          501.46208064935985
        ], 
        [
          376.4690552970728, 
          512.524885970215
        ], 
        [
          354.49283751647647, 
          400.42713148514383
        ], 
        [
          414.1158363657494, 
          396.31551416754036
        ]
      ], 
      "projected_cuboid_centroid": [
        401.2217595668901, 
        434.5008638576034
      ], 
      "quaternion_xyzw": [
        0.8666407660753656, 
        -0.08506955856115285, 
        0.19585449205518107, 
        0.45093007117664635
      ], 
      "visibility": 0.2244558645707376
    }, 
    {
      "bounding_box": {
        "bottom_right": [
          391, 
          378
        ], 
        "top_left": [
          308, 
          278
        ]
      }, 
      "class": "008_pudding_box", 
      "cuboid": [
        [
          -12.53187413237603, 
          9.920607292124242, 
          66.14659247585631
        ], 
        [
          -23.10290018151631, 
          11.844116622270112, 
          62.44174555487325
        ], 
        [
          -26.326933717647886, 
          6.393519118178433, 
          68.8110080952384
        ], 
        [
          -15.755907668507607, 
          4.470009788032562, 
          72.51585501622148
        ], 
        [
          -12.831191177277745, 
          12.90820348340082, 
          68.55176287599296
        ], 
        [
          -23.402217226418028, 
          14.831712813546694, 
          64.8469159550099
        ], 
        [
          -26.626250762549603, 
          9.381115309455012, 
          71.21617849537506
        ], 
        [
          -16.055224713409324, 
          7.457605979309142, 
          74.92102541635812
        ]
      ], 
      "cuboid_centroid": [
        -19.579062447462817, 
        9.650861300789627, 
        68.68138548561569
      ], 
      "location": [
        -19.579062447462817, 
        9.650861300789627, 
        68.68138548561569
      ], 
      "pose_transform_permuted": [
        [
          0.07780329167114308, 
          -0.7765839661480525, 
          -0.6251905040091502, 
          0.0
        ], 
        [
          0.9301059141586839, 
          -0.1692425499276472, 
          0.3259759285655328, 
          0.0
        ], 
        [
          0.35895582756018724, 
          0.6068558890135786, 
          -0.7091377557034104, 
          0.0
        ], 
        [
          -19.579062447462817, 
          9.650861300789627, 
          68.68138548561569, 
          1.0
        ]
      ], 
      "projected_cuboid": [
        [
          379.7144061883862, 
          353.2733362094997
        ], 
        [
          282.6290819849332, 
          374.44801711510985
        ], 
        [
          275.84979050435726, 
          322.8394953568646
        ], 
        [
          364.7542047348492, 
          306.16133145096256
        ], 
        [
          380.9409717053174, 
          373.7098883438301
        ], 
        [
          287.5266159979724, 
          395.2667860617412
        ], 
        [
          280.5382662803359, 
          343.53928970475204
        ], 
        [
          366.3567597121394, 
          326.37293516082303
        ]
      ], 
      "projected_cuboid_centroid": [
        328.2962116351238, 
        348.2266879185332
      ], 
      "quaternion_xyzw": [
        0.8891220820536138, 
        -0.14851683141977803, 
        0.1135331211502652, 
        0.417749640864806
      ], 
      "visibility": 0.9225181598062954
    }, 
    {
      "bounding_box": {
        "bottom_right": [
          539, 
          389
        ], 
        "top_left": [
          374, 
          227
        ]
      }, 
      "class": "019_pitcher_base", 
      "cuboid": [
        [
          -29.23091069075823, 
          39.21492250191297, 
          63.55477395006942
        ], 
        [
          -11.798555600521016, 
          37.578708131895596, 
          70.56928551162517
        ], 
        [
          -20.241917017793682, 
          23.264289039556132, 
          88.21359546502104
        ], 
        [
          -37.67427210803089, 
          24.900503409573517, 
          81.1990839034653
        ], 
        [
          -27.1481146526523, 
          28.53559503044098, 
          55.88756737185153
        ], 
        [
          -9.71575956241509, 
          26.8993806604236, 
          62.90207893340728
        ], 
        [
          -18.159120979687756, 
          12.584961568084138, 
          80.54638888680316
        ], 
        [
          -35.591476069924965, 
          14.22117593810152, 
          73.53187732524741
        ]
      ], 
      "cuboid_centroid": [
        -23.69501583522299, 
        25.899942034998556, 
        72.0505814184363
      ], 
      "location": [
        -23.69501583522299, 
        25.899942034998556, 
        72.0505814184363
      ], 
      "pose_transform_permuted": [
        [
          -0.15647649198182775, 
          0.8023174947945213, 
          0.5760225997695663, 
          0.0
        ], 
        [
          -0.9242148571470753, 
          0.08674752335067476, 
          -0.37188984318306123, 
          0.0
        ], 
        [
          0.3483421600731387, 
          0.5905604913011484, 
          -0.727939589272164, 
          0.0
        ], 
        [
          -23.69501583522299, 
          25.899942034998556, 
          72.0505814184363, 
          1.0
        ]
      ], 
      "projected_cuboid": [
        [
          234.261880869636, 
          602.3583735486537
        ], 
        [
          391.6877180576879, 
          557.2834753418279
        ], 
        [
          358.19914425367807, 
          413.9372037653612
        ], 
        [
          232.08849137132088, 
          436.8342710437129
        ], 
        [
          220.37118472751217, 
          545.5938213870181
        ], 
        [
          398.53485578807664, 
          501.35477872379226
        ], 
        [
          360.35858786156007, 
          356.6149969040076
        ], 
        [
          221.3043108010921, 
          376.4313494482259
        ]
      ], 
      "projected_cuboid_centroid": [
        304.7445487313412, 
        464.9983329223127
      ], 
      "quaternion_xyzw": [
        -0.15026915195492663, 
        0.4352102300839404, 
        0.8790332684571428, 
        0.1237409603926231
      ], 
      "visibility": 0.18939212054844806
    }, 
    {
      "bounding_box": {
        "bottom_right": [
          424, 
          479
        ], 
        "top_left": [
          268, 
          304
        ]
      }, 
      "class": "035_power_drill", 
      "cuboid": [
        [
          0.5502909781615704, 
          10.252427803809546, 
          55.41478590658977
        ], 
        [
          -17.00342711887846, 
          13.33674638321084, 
          50.69848345007806
        ], 
        [
          -22.649115986771417, 
          1.3544125807390797, 
          63.87523625120215
        ], 
        [
          -5.095397889731388, 
          -1.7299059986622152, 
          68.59153870771387
        ], 
        [
          0.28677292805806137, 
          14.534993869394658, 
          59.19624923379714
        ], 
        [
          -17.26694516898197, 
          17.619312448795952, 
          54.47994677728543
        ], 
        [
          -22.91263403687493, 
          5.636978646324191, 
          67.65669957840952
        ], 
        [
          -5.3589159398348984, 
          2.552660066922896, 
          72.37300203492123
        ]
      ], 
      "cuboid_centroid": [
        -11.181171529356678, 
        7.944703225066868, 
        61.53574274249964
      ], 
      "location": [
        -11.181171529356678, 
        7.944703225066868, 
        61.53574274249964
      ], 
      "pose_transform_permuted": [
        [
          0.04607603229761902, 
          -0.7488050715200648, 
          -0.6611874455212049, 
          0.0
        ], 
        [
          0.9521383639288483, 
          -0.1672977787265306, 
          0.2558188800749793, 
          0.0
        ], 
        [
          0.302173511926326, 
          0.6413289805532139, 
          -0.7052577219308807, 
          0.0
        ], 
        [
          -11.181171529356678, 
          7.944703225066868, 
          61.53574274249964, 
          1.0
        ]
      ], 
      "projected_cuboid": [
        [
          486.93728079836313, 
          371.9573247284386
        ], 
        [
          301.23997235990475, 
          413.58162252685537
        ], 
        [
          290.9147275852602, 
          284.595063716836
        ], 
        [
          441.6486776122354, 
          259.836005109397
        ], 
        [
          484.20223690361485, 
          404.2373494290454
        ], 
        [
          311.1574420661622, 
          445.7669629232571
        ], 
        [
          299.477778396667, 
          317.7213259733939
        ], 
        [
          441.7779088416568, 
          292.09719339976454
        ]
      ], 
      "projected_cuboid_centroid": [
        383.88423656858856, 
        342.1418994928969
      ], 
      "quaternion_xyzw": [
        0.902033091134032, 
        -0.1301147638781853, 
        0.08367068662443898, 
        0.40299596759330203
      ], 
      "visibility": 0.825567679150693
    }, 
    {
      "bounding_box": {
        "bottom_right": [
          334, 
          306
        ], 
        "top_left": [
          270, 
          233
        ]
      }, 
      "class": "061_foam_brick", 
      "cuboid": [
        [
          -29.9862877878346, 
          0.39923575648967424, 
          64.81020586356668
        ], 
        [
          -22.62456033769307, 
          -0.5517110530514062, 
          67.16483200688958
        ], 
        [
          -21.005813815109093, 
          2.3655937790443584, 
          63.28202071070431
        ], 
        [
          -28.36754126525062, 
          3.3165405885854384, 
          60.92739456738141
        ], 
        [
          -30.405124047368297, 
          4.670340697362101, 
          67.8446374763825
        ], 
        [
          -23.04339659722677, 
          3.719393887821021, 
          70.1992636197054
        ], 
        [
          -21.424650074642795, 
          6.636698719916785, 
          66.31645232352014
        ], 
        [
          -28.786377524784324, 
          7.587645529457864, 
          63.961826180197235
        ]
      ], 
      "cuboid_centroid": [
        -25.705468931238695, 
        3.5179672382032297, 
        65.56332909354342
      ], 
      "location": [
        -25.705468931238695, 
        3.5179672382032297, 
        65.56332909354342
      ], 
      "pose_transform_permuted": [
        [
          0.07968726335424103, 
          -0.8126150888077893, 
          -0.5773271667789593, 
          0.0
        ], 
        [
          -0.9453383245596741, 
          0.12211352155663546, 
          -0.3023635890310624, 
          0.0
        ], 
        [
          -0.31620466817841253, 
          -0.5698640235134568, 
          0.758465294214069, 
          0.0
        ], 
        [
          -25.705468931238695, 
          3.5179672382032297, 
          65.56332909354342, 
          1.0
        ]
      ], 
      "projected_cuboid": [
        [
          232.78522865423795, 
          276.57182683989555
        ], 
        [
          300.4505657126917, 
          268.9056990802957
        ], 
        [
          303.0918521686997, 
          293.222966591383
        ], 
        [
          231.21638115045977, 
          302.3174206711329
        ], 
        [
          240.59376687153977, 
          309.99959662002647
        ], 
        [
          305.07228950268643, 
          301.5436092898755
        ], 
        [
          307.8633197684294, 
          326.6591366492799
        ], 
        [
          239.57336588583243, 
          336.55302351955027
        ]
      ], 
      "projected_cuboid_centroid": [
        270.75548366379854, 
        301.90315716517733
      ], 
      "quaternion_xyzw": [
        0.12462425396549863, 
        0.8792794656495867, 
        -0.4466954035658018, 
        0.10862611584561889
      ], 
      "visibility": 0.92313705054716
    }
  ]
}