{
  "camera_data": {
    "location_worldframe": [
      -13.473309810283812, 
      -0.28290263546051214, 
      94.86924987755962
    ], 
    "quaternion_xyzw_worldframe": [
      0.9495720166554604, 
      -0.02309816601778705, 
      0.13076620078479012, 
      -0.28404324765378025
    ]
  }, 
  "objects": [
    {
      "bounding_box": {
        "bottom_right": [
          409, 
          388
        ], 
        "top_left": [
          265, 
          259
        ]
      }, 
      "class": "003_cracker_box", 
      "cuboid": [
        [
          -12.581409414597768, 
          10.340027947477896, 
          71.11822504209711
        ], 
        [
          -28.25381600462029, 
          13.021386928060657, 
          67.08534748613
        ], 
        [
          -34.54255114656821, 
          0.6272516230959966, 
          83.28382789334887
        ], 
        [
          -18.870144556545686, 
          -2.0541073574867634, 
          87.31670544931596
        ], 
        [
          -12.715736237220915, 
          16.066392042629886, 
          75.4475561785916
        ], 
        [
          -28.388142827243435, 
          18.747751023212643, 
          71.4146786226245
        ], 
        [
          -34.67687796919135, 
          6.353615718247983, 
          87.61315902984337
        ], 
        [
          -19.004471379168834, 
          3.6722567376652235, 
          91.64603658581048
        ]
      ], 
      "cuboid_centroid": [
        -23.629143691894562, 
        8.34682183286294, 
        79.36569203597024
      ], 
      "location": [
        -23.629143691894562, 
        8.34682183286294, 
        79.36569203597024
      ], 
      "pose_transform_permuted": [
        [
          0.018708471564717003, 
          -0.7975437649107865, 
          -0.6029709247912709, 
          0.0
        ], 
        [
          0.9554247804233787, 
          -0.16346161009442373, 
          0.24585318988835064, 
          0.0
        ], 
        [
          0.2946412768853866, 
          0.5806929008325028, 
          -0.7589349595835486, 
          0.0
        ], 
        [
          -23.629143691894562, 
          8.34682183286294, 
          79.36569203597024, 
          1.0
        ]
      ], 
      "projected_cuboid": [
        [
          386.4621121700761, 
          350.8269911024556
        ], 
        [
          255.11116445821924, 
          376.8048308578239
        ], 
        [
          258.55567486477895, 
          277.3032310494024
        ], 
        [
          365.3800783069008, 
          260.7403055732563
        ], 
        [
          390.9637105864161, 
          386.8557765523581
        ], 
        [
          267.82978708126535, 
          413.29336786484515
        ], 
        [
          268.7525896991118, 
          311.9623228065371
        ], 
        [
          370.081925992712, 
          294.65665397979893
        ]
      ], 
      "projected_cuboid_centroid": [
        321.49132411910387, 
        329.37530160852936
      ], 
      "quaternion_xyzw": [
        0.885873665661074, 
        -0.1292799709307184, 
        0.07466122758475988, 
        0.4392496314169214
      ], 
      "visibility": 0.675204505833445
    }, 
    {
      "bounding_box": {
        "bottom_right": [
          413, 
          414
        ], 
        "top_left": [
          319, 
          350
        ]
      }, 
      "class": "006_mustard_bottle", 
      "cuboid": [
        [
          -8.189758220420334, 
          18.543813718444852, 
          80.36192935389208
        ], 
        [
          -17.11308336276506, 
          17.796734489962912, 
          76.8946236505289
        ], 
        [
          -22.152174751912522, 
          7.357042100335631, 
          92.1124131209536
        ], 
        [
          -13.228849609567797, 
          8.104121328817572, 
          95.5797188243168
        ], 
        [
          -9.698075286693769, 
          23.403804503401858, 
          83.19652378394683
        ], 
        [
          -18.621400429038495, 
          22.65672527491992, 
          79.72921808058364
        ], 
        [
          -23.660491818185957, 
          12.217032885292637, 
          94.94700755100835
        ], 
        [
          -14.737166675841232, 
          12.96411211377458, 
          98.41431325437155
        ]
      ], 
      "cuboid_centroid": [
        -15.925125019303147, 
        15.380423301868746, 
        87.65446845245022
      ], 
      "location": [
        -15.925125019303147, 
        15.380423301868746, 
        87.65446845245022
      ], 
      "pose_transform_permuted": [
        [
          0.25894299084182454, 
          -0.8343474840006444, 
          -0.48663399490362275, 
          0.0
        ], 
        [
          0.9292807323162221, 
          0.07780130405060116, 
          0.36108741212347084, 
          0.0
        ], 
        [
          0.26341165614556333, 
          0.5457207360684923, 
          -0.7954892693377551, 
          0.0
        ], 
        [
          -15.925125019303147, 
          15.380423301868746, 
          87.65446845245022, 
          1.0
        ]
      ], 
      "projected_cuboid": [
        [
          426.7930428596376, 
          396.352012917614
        ], 
        [
          361.91639404996823, 
          396.71970624988126
        ], 
        [
          352.2698471308374, 
          315.8829101030882
        ], 
        [
          407.1670602640429, 
          318.5062421427095
        ], 
        [
          418.91084504207, 
          423.31332629757947
        ], 
        [
          355.9979555878527, 
          424.8404547328911
        ], 
        [
          347.58798896445455, 
          341.90990014976984
        ], 
        [
          401.06896601937717, 
          343.5406975652307
        ]
      ], 
      "projected_cuboid_centroid": [
        383.89572693818235, 
        366.86626174415596
      ], 
      "quaternion_xyzw": [
        0.8604701423187701, 
        -0.05392701703593828, 
        0.1801429162011524, 
        0.47353088537923077
      ], 
      "visibility": 0.43847525635309853
    }, 
    {
      "bounding_box": {
        "bottom_right": [
          312, 
          362
        ], 
        "top_left": [
          252, 
          281
        ]
      }, 
      "class": "008_pudding_box", 
      "cuboid": [
        [
          -17.177452731234283, 
          1.5758370361415888, 
          78.03193619788192
        ], 
        [
          -27.994212160601624, 
          2.9920681162583525, 
          74.84377441441133
        ], 
        [
          -30.68441352847666, 
          -2.1887089358551317, 
          81.66970119678953
        ], 
        [
          -19.86765409910932, 
          -3.6049400159718954, 
          84.85786298026011
        ], 
        [
          -17.43560717558944, 
          4.681657525614452, 
          80.28746312505942
        ], 
        [
          -28.252366604956787, 
          6.097888605731215, 
          77.09930134158883
        ], 
        [
          -30.94256797283182, 
          0.9171115536177314, 
          83.92522812396703
        ], 
        [
          -20.12580854346448, 
          -0.4991195264990322, 
          87.11338990743761
        ]
      ], 
      "cuboid_centroid": [
        -24.06001035203305, 
        1.24647429487966, 
        80.97858216092447
      ], 
      "location": [
        -24.06001035203305, 
        1.24647429487966, 
        80.97858216092447
      ], 
      "pose_transform_permuted": [
        [
          0.06710364769557892, 
          -0.8073147237572692, 
          -0.586292770079072, 
          0.0
        ], 
        [
          0.9517270954132684, 
          -0.12460899228784625, 
          0.280514693305655, 
          0.0
        ], 
        [
          0.29952028956491644, 
          0.5768147549660994, 
          -0.7599816098605917, 
          0.0
        ], 
        [
          -24.06001035203305, 
          1.24647429487966, 
          80.97858216092447, 
          1.0
        ]
      ], 
      "projected_cuboid": [
        [
          363.21712818720096, 
          284.05680451858035
        ], 
        [
          280.4543538226892, 
          294.6073296313459
        ], 
        [
          279.551839818384, 
          258.9938281974168
        ], 
        [
          355.69112335103483, 
          250.6300034052305
        ], 
        [
          364.81367848505863, 
          304.38503758431347
        ], 
        [
          284.53813452932155, 
          315.46750918147376
        ], 
        [
          283.32772808269, 
          279.11450607196434
        ], 
        [
          357.3574352679838, 
          270.23086286526905
        ]
      ], 
      "projected_cuboid_centroid": [
        321.8189217137041, 
        281.49573519925895
      ], 
      "quaternion_xyzw": [
        0.882444703714975, 
        -0.12015746711018684, 
        0.09848162143695997, 
        0.44402111741952544
      ], 
      "visibility": 0.671242951703849
    }, 
    {
      "bounding_box": {
        "bottom_right": [
          471, 
          366
        ], 
        "top_left": [
          313, 
          228
        ]
      }, 
      "class": "019_pitcher_base", 
      "cuboid": [
        [
          -34.90736624416279, 
          30.19795981814102, 
          74.84506869958413
        ], 
        [
          -17.067456043236167, 
          29.44515752728938, 
          80.92277111396183
        ], 
        [
          -24.057643980123366, 
          15.89051527269018, 
          99.76218632946564
        ], 
        [
          -41.89755418104998, 
          16.643317563541817, 
          93.68448391508794
        ], 
        [
          -32.92181338643283, 
          19.17596305018641, 
          67.65164820661192
        ], 
        [
          -15.081903185506212, 
          18.423160759334774, 
          73.72935062098963
        ], 
        [
          -22.07209112239341, 
          4.868518504735578, 
          92.56876583649344
        ], 
        [
          -39.91200132332003, 
          5.621320795587213, 
          86.49106342211573
        ]
      ], 
      "cuboid_centroid": [
        -28.4897286832781, 
        17.533239161438296, 
        83.70691726803878
      ], 
      "location": [
        -28.4897286832781, 
        17.533239161438296, 
        83.70691726803878
      ], 
      "pose_transform_permuted": [
        [
          -0.14917079739820174, 
          0.8280615851626981, 
          0.5404279552567669, 
          0.0
        ], 
        [
          -0.9458222926573996, 
          0.03991147828838593, 
          -0.3222228344713053, 
          0.0
        ], 
        [
          0.28838954593027694, 
          0.559214882395842, 
          -0.7772452541541399, 
          0.0
        ], 
        [
          -28.4897286832781, 
          17.533239161438296, 
          83.70691726803878, 
          1.0
        ]
      ], 
      "projected_cuboid": [
        [
          230.7866169289115, 
          488.4665574891125
        ], 
        [
          368.17703158579116, 
          467.3441428149069
        ], 
        [
          351.91531530341564, 
          358.23578872878744
        ], 
        [
          241.09836395660008, 
          368.0322932509864
        ], 
        [
          219.9010556208829, 
          424.4567886987145
        ], 
        [
          371.5933218157607, 
          406.55005290606374
        ], 
        [
          353.3726480852983, 
          301.33569944689987
        ], 
        [
          233.44151010890417, 
          307.9486214956875
        ]
      ], 
      "projected_cuboid_centroid": [
        298.56857559670163, 
        384.99558314046214
      ], 
      "quaternion_xyzw": [
        -0.1350600480684608, 
        0.4599400675458848, 
        0.8725630536399659, 
        0.09406226370951906
      ], 
      "visibility": 0.27379847175605226
    }, 
    {
      "bounding_box": {
        "bottom_right": [
          324, 
          439
        ], 
        "top_left": [
          214, 
          293
        ]
      }, 
      "class": "035_power_drill", 
      "cuboid": [
        [
          -4.732402539071548, 
          1.6868269718327285, 
          66.56316231894905
        ], 
        [
          -22.610486665157502, 
          4.008049821416904, 
          62.70627478441412
        ], 
        [
          -27.131697869139455, 
          -7.385698135029059, 
          76.80656191917883
        ], 
        [
          -9.2536137430535, 
          -9.706920984613236, 
          80.66344945371375
        ], 
        [
          -4.918605032186546, 
          6.161932435013929, 
          70.11957040700774
        ], 
        [
          -22.7966891582725, 
          8.483155284598103, 
          66.26268287247281
        ], 
        [
          -27.317900362254456, 
          -2.910592671847858, 
          80.36297000723751
        ], 
        [
          -9.439816236168497, 
          -5.231815521432034, 
          84.21985754177244
        ]
      ], 
      "cuboid_centroid": [
        -16.025151450663, 
        -0.6118828500075647, 
        73.46306616309329
      ], 
      "location": [
        -16.025151450663, 
        -0.6118828500075647, 
        73.46306616309329
      ], 
      "pose_transform_permuted": [
        [
          0.03255743613499626, 
          -0.7824705130285946, 
          -0.6218366213036998, 
          0.0
        ], 
        [
          0.9697324336582672, 
          -0.12590639282796817, 
          0.20920300569307282, 
          0.0
        ], 
        [
          0.24198823201848846, 
          0.6098261726009009, 
          -0.754687936650608, 
          0.0
        ], 
        [
          -16.025151450663, 
          -0.6118828500075647, 
          73.46306616309329, 
          1.0
        ]
      ], 
      "projected_cuboid": [
        [
          443.363972681929, 
          286.80178915278134
        ], 
        [
          287.69133644719085, 
          307.37517532173774
        ], 
        [
          291.63347104415135, 
          222.00267170258238
        ], 
        [
          419.90542884658004, 
          209.10764297447463
        ], 
        [
          443.87509236405214, 
          320.153328788841
        ], 
        [
          296.58736796263923, 
          341.5637740400048
        ], 
        [
          298.794170502061, 
          253.97072535789624
        ], 
        [
          421.32157524065343, 
          240.15623172635136
        ]
      ], 
      "projected_cuboid_centroid": [
        364.2898250637226, 
        268.84445403967425
      ], 
      "quaternion_xyzw": [
        0.8946221587299953, 
        -0.10280726373039972, 
        0.06755937114593494, 
        0.4295552135276168
      ], 
      "visibility": 0.8214365881032548
    }, 
    {
      "bounding_box": {
        "bottom_right": [
          262, 
          304
        ], 
        "top_left": [
          214, 
          243
        ]
      }, 
      "class": "061_foam_brick", 
      "cuboid": [
        [
          -34.37145798821188, 
          -8.49549501069721, 
          78.21158020798424
        ], 
        [
          -26.86340750748623, 
          -9.106312166771566, 
          80.18633982380688
        ], 
        [
          -25.556648350960597, 
          -6.3625367084187605, 
          76.0667150726301
        ], 
        [
          -33.06469883168624, 
          -5.751719552344404, 
          74.09195545680748
        ], 
        [
          -34.7540568425523, 
          -4.077367694830356, 
          81.03280433565465
        ], 
        [
          -27.246006361826662, 
          -4.688184850904712, 
          83.00756395147727
        ], 
        [
          -25.939247205301026, 
          -1.9444093925519066, 
          78.88793920030051
        ], 
        [
          -33.44729768602667, 
          -1.33359223647755, 
          76.91317958447787
        ]
      ], 
      "cuboid_centroid": [
        -30.15535259675645, 
        -5.219952201624558, 
        78.54975970414237
      ], 
      "location": [
        -30.15535259675645, 
        -5.219952201624558, 
        78.54975970414237
      ], 
      "pose_transform_permuted": [
        [
          0.07279277992502309, 
          -0.8405873821526644, 
          -0.5367625770827522, 
          0.0
        ], 
        [
          -0.9641280406302175, 
          0.0784365994050128, 
          -0.2535839528525317, 
          0.0
        ], 
        [
          -0.25526130231847655, 
          -0.5359669325989318, 
          0.804724247614776, 
          0.0
        ], 
        [
          -30.15535259675645, 
          -5.219952201624558, 
          78.54975970414237, 
          1.0
        ]
      ], 
      "projected_cuboid": [
        [
          245.26718934035006, 
          215.35632041149225
        ], 
        [
          301.43952623993636, 
          212.72042884513763
        ], 
        [
          300.92085761721586, 
          228.67746787757923
        ], 
        [
          241.61142987099086, 
          231.88521910327623
        ], 
        [
          250.9561404452724, 
          246.45123273351342
        ], 
        [
          305.08397615739653, 
          243.16517708985018
        ], 
        [
          304.7741740190096, 
          260.14141570720693
        ], 
        [
          247.73918822302377, 
          264.03934706408023
        ]
      ], 
      "projected_cuboid_centroid": [
        275.1487790931685, 
        237.84527447115494
      ], 
      "quaternion_xyzw": [
        0.09574393434260318, 
        0.8713290925809692, 
        -0.4720695210846951, 
        0.09364335919589012
      ], 
      "visibility": 0.8829174664107485
    }
  ]
}