{
  "camera_data": {
    "location_worldframe": [
      -13.932344426356238, 
      -0.7801021449027654, 
      95.81184953116092
    ], 
    "quaternion_xyzw_worldframe": [
      0.9502150749743237, 
      -0.019157824478249347, 
      0.12647366837228605, 
      -0.28413374923507967
    ]
  }, 
  "objects": [
    {
      "bounding_box": {
        "bottom_right": [
          402, 
          384
        ], 
        "top_left": [
          262, 
          257
        ]
      }, 
      "class": "003_cracker_box", 
      "cuboid": [
        [
          -13.29082533982358, 
          9.826134372872005, 
          72.04526566287717
        ], 
        [
          -29.01340805809134, 
          12.346760425730361, 
          68.105094009759
        ], 
        [
          -35.07966896085769, 
          -0.0923574697540952, 
          84.35385924863799
        ], 
        [
          -19.357086242589933, 
          -2.6129835226124514, 
          88.29403090175616
        ], 
        [
          -13.456018396113373, 
          15.555447360916364, 
          76.36962474534505
        ], 
        [
          -29.17860111438113, 
          18.07607341377472, 
          72.42945309222688
        ], 
        [
          -35.24486201714748, 
          5.636955518290263, 
          88.67821833110587
        ], 
        [
          -19.522279298879724, 
          3.116329465431907, 
          92.61838998422405
        ]
      ], 
      "cuboid_centroid": [
        -24.26784367848553, 
        7.731544945581134, 
        80.36174199699153
      ], 
      "location": [
        -24.26784367848553, 
        7.731544945581134, 
        80.36174199699153
      ], 
      "pose_transform_permuted": [
        [
          0.02300739000546981, 
          -0.7979544742370922, 
          -0.6022784381414811, 
          0.0
        ], 
        [
          0.9584836288545905, 
          -0.1536629731527519, 
          0.24020163175880457, 
          0.0
        ], 
        [
          0.2842178622516043, 
          0.5828004355925468, 
          -0.7612909161747995, 
          0.0
        ], 
        [
          -24.26784367848553, 
          7.731544945581134, 
          80.36174199699153, 
          1.0
        ]
      ], 
      "projected_cuboid": [
        [
          382.3909995710867, 
          346.0251119835854
        ], 
        [
          252.50455972087795, 
          369.97195071753623
        ], 
        [
          257.9607839024803, 
          272.70261630066415
        ], 
        [
          363.70071342895636, 
          257.50341800287936
        ], 
        [
          386.84522842594237, 
          381.9164380264826
        ], 
        [
          264.95589482736483, 
          406.3860372435655
        ], 
        [
          267.8645543656621, 
          307.18774646246226
        ], 
        [
          368.2461529996461, 
          291.23113334539266
        ]
      ], 
      "projected_cuboid_centroid": [
        319.20172031807914, 
        324.59682849007896
      ], 
      "quaternion_xyzw": [
        0.8865047239846805, 
        -0.12348519515952491, 
        0.07422662695501407, 
        0.4397171690759193
      ], 
      "visibility": 0.6690861330015208
    }, 
    {
      "bounding_box": {
        "bottom_right": [
          408, 
          411
        ], 
        "top_left": [
          316, 
          348
        ]
      }, 
      "class": "006_mustard_bottle", 
      "cuboid": [
        [
          -8.925128882722847, 
          18.083051069517435, 
          81.2539317984127
        ], 
        [
          -17.861446619328294, 
          17.243368754524806, 
          77.84171452360073
        ], 
        [
          -22.70361742671752, 
          6.770021353010694, 
          93.10025677584936
        ], 
        [
          -13.767299690112072, 
          7.609703668003319, 
          96.51247405066131
        ], 
        [
          -10.464621787401306, 
          22.93075014547845, 
          84.09281038872744
        ], 
        [
          -19.400939524006755, 
          22.091067830485823, 
          80.6805931139155
        ], 
        [
          -24.243110331395982, 
          11.617720428971708, 
          95.93913536616412
        ], 
        [
          -15.306792594790533, 
          12.457402743964334, 
          99.35135264097607
        ]
      ], 
      "cuboid_centroid": [
        -16.584119607059414, 
        14.850385749244571, 
        88.5965335822884
      ], 
      "location": [
        -16.584119607059414, 
        14.850385749244571, 
        88.5965335822884
      ], 
      "pose_transform_permuted": [
        [
          0.2642951578490865, 
          -0.8322372831939646, 
          -0.4873694856673212, 
          0.0
        ], 
        [
          0.9306337893119823, 
          0.087445048134186, 
          0.3553504682813918, 
          0.0
        ], 
        [
          0.25311790027485237, 
          0.5474800060904256, 
          -0.7976195656399601, 
          0.0
        ], 
        [
          -16.584119607059414, 
          14.850385749244571, 
          88.5965335822884, 
          1.0
        ]
      ], 
      "projected_cuboid": [
        [
          422.52776548887937, 
          391.9767360482071
        ], 
        [
          358.2025195753552, 
          391.42661612477224
        ], 
        [
          350.4568451196101, 
          312.0682244244744
        ], 
        [
          404.8861727296257, 
          315.33710220326975
        ], 
        [
          414.6769955428299, 
          418.7141679162243
        ], 
        [
          352.2831066582524, 
          419.31420873151734
        ], 
        [
          345.708076914443, 
          337.86871076140056
        ], 
        [
          398.74522998171864, 
          340.15806677495476
        ]
      ], 
      "projected_cuboid_centroid": [
        380.93463422892916, 
        362.6805720083054
      ], 
      "quaternion_xyzw": [
        0.8610289311442632, 
        -0.048103160691852616, 
        0.17991428734775533, 
        0.47322940898975624
      ], 
      "visibility": 0.4639175257731959
    }, 
    {
      "bounding_box": {
        "bottom_right": [
          307, 
          359
        ], 
        "top_left": [
          248, 
          280
        ]
      }, 
      "class": "008_pudding_box", 
      "cuboid": [
        [
          -17.75710187510416, 
          1.0238313857816732, 
          78.99550652721261
        ], 
        [
          -28.606616759471752, 
          2.3287490930479415, 
          75.8717928505407
        ], 
        [
          -31.203482542940385, 
          -2.8713923283591702, 
          82.71910823701344
        ], 
        [
          -20.353967658572792, 
          -4.176310035625439, 
          85.84282191368536
        ], 
        [
          -18.032535907770402, 
          4.12930180513116, 
          81.24947101614917
        ], 
        [
          -28.882050792138, 
          5.434219512397428, 
          78.12575733947726
        ], 
        [
          -31.47891657560663, 
          0.23407809099031682, 
          84.97307272595
        ], 
        [
          -20.629401691239035, 
          -1.0708396162759513, 
          88.09678640262192
        ]
      ], 
      "cuboid_centroid": [
        -24.618009225355394, 
        0.628954738385995, 
        81.9842896265813
      ], 
      "location": [
        -24.618009225355394, 
        0.628954738385995, 
        81.9842896265813
      ], 
      "pose_transform_permuted": [
        [
          0.07159523570309127, 
          -0.80722372791063, 
          -0.5858866360474554, 
          0.0
        ], 
        [
          0.9546091280821002, 
          -0.11481493578548647, 
          0.2748441401340795, 
          0.0
        ], 
        [
          0.28912853911755143, 
          0.5789707353946761, 
          -0.7623629635273791, 
          0.0
        ], 
        [
          -24.618009225355394, 
          0.628954738385995, 
          81.9842896265813, 
          1.0
        ]
      ], 
      "projected_cuboid": [
        [
          360.715124433072, 
          280.1986947851203
        ], 
        [
          278.83911931423415, 
          289.6558295053756
        ], 
        [
          278.74055263059705, 
          254.77364788482626
        ], 
        [
          354.0892451210267, 
          247.34018768982003
        ], 
        [
          362.2455356104098, 
          300.3911762019437
        ], 
        [
          282.7928820315353, 
          310.3828271427544
        ], 
        [
          282.378327075113, 
          274.7556908072849
        ], 
        [
          355.6702289566537, 
          266.8038981359205
        ]
      ], 
      "projected_cuboid_centroid": [
        320.11881988902655, 
        277.37797892014873
      ], 
      "quaternion_xyzw": [
        0.8831005746125739, 
        -0.11435375723774512, 
        0.09807472268635928, 
        0.4443397322345206
      ], 
      "visibility": 0.6548159354513363
    }, 
    {
      "bounding_box": {
        "bottom_right": [
          464, 
          363
        ], 
        "top_left": [
          308, 
          226
        ]
      }, 
      "class": "019_pitcher_base", 
      "cuboid": [
        [
          -35.79079141334439, 
          29.464338409869274, 
          75.88805620600458
        ], 
        [
          -17.90768466721601, 
          28.89592129871268, 
          81.85789447837773
        ], 
        [
          -24.647739942271972, 
          15.292149419267997, 
          100.75296434452392
        ], 
        [
          -42.530846688400345, 
          15.860566530424588, 
          94.78312607215076
        ], 
        [
          -33.739052905409125, 
          18.45509851715812, 
          68.69367385780076
        ], 
        [
          -15.855946159280757, 
          17.88668140600153, 
          74.66351213017391
        ], 
        [
          -22.596001434336717, 
          4.282909526556844, 
          93.5585819963201
        ], 
        [
          -40.47910818046509, 
          4.851326637713438, 
          87.58874372394695
        ]
      ], 
      "cuboid_centroid": [
        -29.19339642384055, 
        16.87362396821306, 
        84.72331910116235
      ], 
      "location": [
        -29.19339642384055, 
        16.87362396821306, 
        84.72331910116235
      ], 
      "pose_transform_permuted": [
        [
          -0.15414319900363216, 
          0.8271031854681411, 
          0.5405002176049203, 
          0.0
        ], 
        [
          -0.9481124530313843, 
          0.030135890214957394, 
          -0.31650417843900297, 
          0.0
        ], 
        [
          0.2780699886566902, 
          0.5612417907320467, 
          -0.7795413611504862, 
          0.0
        ], 
        [
          -29.19339642384055, 
          16.87362396821306, 
          84.72331910116235, 
          1.0
        ]
      ], 
      "projected_cuboid": [
        [
          227.9734983563915, 
          480.3534924506379
        ], 
        [
          363.9528453192531, 
          461.5489016859686
        ], 
        [
          350.0409630585393, 
          354.233067020391
        ], 
        [
          240.2929473155706, 
          362.5297512135594
        ], 
        [
          217.4730584118921, 
          416.56705998303283
        ], 
        [
          367.39460166405235, 
          401.0506519321995
        ], 
        [
          351.71783986753616, 
          297.70075498563125
        ], 
        [
          233.06961080131052, 
          302.8258074154942
        ]
      ], 
      "projected_cuboid_centroid": [
        296.2979292490678, 
        379.50327024341027
      ], 
      "quaternion_xyzw": [
        -0.13474916717713678, 
        0.4599919705978515, 
        0.8731916257855935, 
        0.08824119178718669
      ], 
      "visibility": 0.2626514873301506
    }, 
    {
      "bounding_box": {
        "bottom_right": [
          318, 
          435
        ], 
        "top_left": [
          211, 
          290
        ]
      }, 
      "class": "035_power_drill", 
      "cuboid": [
        [
          -5.383602199357461, 
          1.2467878539537427, 
          67.45113300943892
        ], 
        [
          -23.30705055641728, 
          3.3855331625649723, 
          63.700757496561266
        ], 
        [
          -27.628633103958062, 
          -8.03785049297822, 
          77.83961072700039
        ], 
        [
          -9.705184746898238, 
          -10.17659580158945, 
          81.58998623987806
        ], 
        [
          -5.59285195063139, 
          5.723564325105064, 
          71.00415506577117
        ], 
        [
          -23.516300307691214, 
          7.862309633716294, 
          67.2537795528935
        ], 
        [
          -27.83788285523199, 
          -3.561074021826899, 
          81.39263278333266
        ], 
        [
          -9.914434498172168, 
          -5.699819330438128, 
          85.1430082962103
        ]
      ], 
      "cuboid_centroid": [
        -16.610742527294725, 
        -1.157143083936578, 
        74.42188289638578
      ], 
      "location": [
        -16.610742527294725, 
        -1.157143083936578, 
        74.42188289638578
      ], 
      "pose_transform_permuted": [
        [
          0.03658724058628675, 
          -0.7827626881458992, 
          -0.6212445749253701, 
          0.0
        ], 
        [
          0.9721930533641077, 
          -0.1160085542985322, 
          0.2034256437986362, 
          0.0
        ], 
        [
          0.231303531956284, 
          0.6114123604841067, 
          -0.7567521050530684, 
          0.0
        ], 
        [
          -16.610742527294725, 
          -1.157143083936578, 
          74.42188289638578, 
          1.0
        ]
      ], 
      "projected_cuboid": [
        [
          438.6755136065311, 
          283.14458407949576
        ], 
        [
          284.83813493001213, 
          301.6311166965111
        ], 
        [
          290.7214389911457, 
          218.21505144045526
        ], 
        [
          417.6296708543687, 
          206.7663915623859
        ], 
        [
          439.2384982146798, 
          316.27682407512583
        ], 
        [
          293.5597539950242, 
          335.63431567500356
        ], 
        [
          297.6711876048207, 
          249.95284735100728
        ], 
        [
          418.9774102895311, 
          237.5839555816612
        ]
      ], 
      "projected_cuboid_centroid": [
        361.56974255867243, 
        264.99425830270656
      ], 
      "quaternion_xyzw": [
        0.895104740906558, 
        -0.0970031970512915, 
        0.06703486011643706, 
        0.42998174482903373
      ], 
      "visibility": 0.7957324106113034
    }, 
    {
      "bounding_box": {
        "bottom_right": [
          258, 
          302
        ], 
        "top_left": [
          210, 
          243
        ]
      }, 
      "class": "061_foam_brick", 
      "cuboid": [
        [
          -34.84840520157787, 
          -9.218287609032947, 
          79.28972832356018
        ], 
        [
          -27.322778868849074, 
          -9.752146966181934, 
          81.21937534995821
        ], 
        [
          -26.068500875752942, 
          -6.999827881807195, 
          77.08915045010684
        ], 
        [
          -33.59412720848173, 
          -6.4659685246582095, 
          75.15950342370881
        ], 
        [
          -35.25791102306495, 
          -4.801220660167073, 
          82.1088347409389
        ], 
        [
          -27.732284690336158, 
          -5.335080017316059, 
          84.03848176733695
        ], 
        [
          -26.47800669724002, 
          -2.5827609329413206, 
          79.90825686748558
        ], 
        [
          -34.00363302996882, 
          -2.048901575792334, 
          77.97860984108755
        ]
      ], 
      "cuboid_centroid": [
        -30.663205949408944, 
        -5.900524270987134, 
        79.59899259552287
      ], 
      "location": [
        -30.663205949408944, 
        -5.900524270987134, 
        79.59899259552287
      ], 
      "pose_transform_permuted": [
        [
          0.07791206587095922, 
          -0.8403856380521101, 
          -0.5363596641689854, 
          0.0
        ], 
        [
          -0.9663850009154077, 
          0.06855425084068079, 
          -0.24779092940904893, 
          0.0
        ], 
        [
          -0.24500967327321296, 
          -0.5376358377632768, 
          0.8067948722910507, 
          0.0
        ], 
        [
          -30.663205949408944, 
          -5.900524270987134, 
          79.59899259552287, 
          1.0
        ]
      ], 
      "projected_cuboid": [
        [
          245.24592006284857, 
          211.28237414902682
        ], 
        [
          300.6894066210539, 
          209.24995886939743
        ], 
        [
          299.74655333117295, 
          224.86019956159092
        ], 
        [
          241.23208529690308, 
          227.40507946609517
        ], 
        [
          250.6787281954303, 
          242.10128234759418
        ], 
        [
          304.13759428800336, 
          239.4293978810583
        ], 
        [
          303.40623096153854, 
          256.04880763685736
        ], 
        [
          247.0977576064824, 
          259.27347290388235
        ]
      ], 
      "projected_cuboid_centroid": [
        274.43906002129785, 
        233.75255592861367
      ], 
      "quaternion_xyzw": [
        0.08991499525982968, 
        0.8718343453385612, 
        -0.47233184811717527, 
        0.09339589482263606
      ], 
      "visibility": 0.8668499607227023
    }
  ]
}