{
  "camera_data": {
    "location_worldframe": [
      -16.393155058350683, 
      -3.978054276810595, 
      95.2763113799265
    ], 
    "quaternion_xyzw_worldframe": [
      0.9545480703905375, 
      -0.008651305453729122, 
      0.0744610029723173, 
      -0.28847925598718577
    ]
  }, 
  "objects": [
    {
      "bounding_box": {
        "bottom_right": [
          372, 
          348
        ], 
        "top_left": [
          241, 
          218
        ]
      }, 
      "class": "003_cracker_box", 
      "cuboid": [
        [
          -18.51987868801199, 
          6.712227397240703, 
          71.63424272625313
        ], 
        [
          -34.649833823584146, 
          8.439239338813646, 
          69.20111865106706
        ], 
        [
          -38.52954618731491, 
          -4.337366281627577, 
          85.85223656971804
        ], 
        [
          -22.39959105174275, 
          -6.064378223200522, 
          88.2853606449041
        ], 
        [
          -18.567669413554206, 
          12.413792363875807, 
          75.99798773630287
        ], 
        [
          -34.69762454912636, 
          14.14080430544875, 
          73.5648636611168
        ], 
        [
          -38.57733691285712, 
          1.3641986850075287, 
          90.21598157976779
        ], 
        [
          -22.447381777284964, 
          -0.36281325656541547, 
          92.64910565495386
        ]
      ], 
      "cuboid_centroid": [
        -28.548607800434556, 
        4.0382130411241155, 
        80.92511215301046
      ], 
      "location": [
        -28.548607800434556, 
        4.0382130411241155, 
        80.92511215301046
      ], 
      "pose_transform_permuted": [
        [
          0.006656090067521998, 
          -0.7940898472074738, 
          -0.6077639435068716, 
          0.0
        ], 
        [
          0.9833179579104343, 
          -0.10528249095555864, 
          0.14832865788189994, 
          0.0
        ], 
        [
          0.18177318315930432, 
          0.5986124887272262, 
          -0.7801420372111285, 
          0.0
        ], 
        [
          -28.548607800434556, 
          4.0382130411241155, 
          80.92511215301046, 
          1.0
        ]
      ], 
      "projected_cuboid": [
        [
          342.56685123722787, 
          323.25931889469547
        ], 
        [
          212.332146547033, 
          338.3261167366874
        ], 
        [
          240.25445077470428, 
          246.3425412982538
        ], 
        [
          345.15662197111163, 
          236.65247268947735
        ], 
        [
          350.21168900478796, 
          360.4009309578284
        ], 
        [
          227.95513926984387, 
          375.80243324126445
        ], 
        [
          251.64331443165116, 
          281.3511165772747
        ], 
        [
          351.30553386573433, 
          271.19806218458245
        ]
      ], 
      "projected_cuboid_centroid": [
        291.88569736925575, 
        299.89951433142824
      ], 
      "quaternion_xyzw": [
        0.8929857767826613, 
        -0.08036401070941353, 
        0.04338947830384727, 
        0.4407214329018775
      ], 
      "visibility": 0.6431852986217458
    }, 
    {
      "bounding_box": {
        "bottom_right": [
          387, 
          386
        ], 
        "top_left": [
          296, 
          326
        ]
      }, 
      "class": "006_mustard_bottle", 
      "cuboid": [
        [
          -13.732088077214541, 
          15.155596733094661, 
          80.45584282290874
        ], 
        [
          -22.895250162764288, 
          13.870990919254522, 
          77.8882921793581
        ], 
        [
          -25.74994161619093, 
          3.1227103732700088, 
          93.45382903469768
        ], 
        [
          -16.58677953064118, 
          4.407316187110147, 
          96.02137967824832
        ], 
        [
          -15.241224343031126, 
          19.910747433347343, 
          83.46258623302202
        ], 
        [
          -24.404386428580874, 
          18.626141619507205, 
          80.89503558947139
        ], 
        [
          -27.25907788200751, 
          7.87786107352269, 
          96.46057244481096
        ], 
        [
          -18.095915796457763, 
          9.16246688736283, 
          99.02812308836161
        ]
      ], 
      "cuboid_centroid": [
        -20.495582979611026, 
        11.516728903308676, 
        88.45820763385986
      ], 
      "location": [
        -20.495582979611026, 
        11.516728903308676, 
        88.45820763385986
      ], 
      "pose_transform_permuted": [
        [
          0.2590836283672778, 
          -0.8163488776727849, 
          -0.5161879744769376, 
          0.0
        ], 
        [
          0.9542575034931919, 
          0.13377966311663098, 
          0.26738635029394275, 
          0.0
        ], 
        [
          0.1492251172803032, 
          0.5618517626873044, 
          -0.8136672914268143, 
          0.0
        ], 
        [
          -20.495582979611026, 
          11.516728903308676, 
          88.45820763385986, 
          1.0
        ]
      ], 
      "projected_cuboid": [
        [
          389.8122763741613, 
          373.74880708220155
        ], 
        [
          323.521428051075, 
          368.2644979319821
        ], 
        [
          333.42345005137867, 
          291.1071303727673
        ], 
        [
          388.7034527768823, 
          297.7655450493319
        ], 
        [
          383.395199151222, 
          400.51470093497454
        ], 
        [
          319.3646057283337, 
          396.08376542829706
        ], 
        [
          329.6287480311009, 
          316.8423398756767
        ], 
        [
          383.32869764227763, 
          322.6313389207359
        ]
      ], 
      "projected_cuboid_centroid": [
        356.998263118607, 
        342.7215539341732
      ], 
      "quaternion_xyzw": [
        0.8706746293331159, 
        -0.004434909908740105, 
        0.15116725609211357, 
        0.4680325216172008
      ], 
      "visibility": 0.6132965263400046
    }, 
    {
      "bounding_box": {
        "bottom_right": [
          280, 
          335
        ], 
        "top_left": [
          227, 
          253
        ]
      }, 
      "class": "008_pudding_box", 
      "cuboid": [
        [
          -21.86450436336001, 
          -2.325278653986466, 
          78.90552380547363
        ], 
        [
          -33.01116512793994, 
          -1.5663362129395466, 
          76.82025865369306
        ], 
        [
          -34.68849966165387, 
          -6.910790144238269, 
          83.84124659984757
        ], 
        [
          -23.54183889707394, 
          -7.669732585285188, 
          85.92651175162813
        ], 
        [
          -22.083691147196028, 
          0.7559344976490822, 
          81.19861102953911
        ], 
        [
          -33.230351911775955, 
          1.5148769386960013, 
          79.11334587775853
        ], 
        [
          -34.90768644548989, 
          -3.829576992602721, 
          86.13433382391304
        ], 
        [
          -23.76102568090996, 
          -4.58851943364964, 
          88.2195989756936
        ]
      ], 
      "cuboid_centroid": [
        -28.38609540442495, 
        -3.0774278232945935, 
        82.51992881469333
      ], 
      "location": [
        -28.38609540442495, 
        -3.0774278232945935, 
        82.51992881469333
      ], 
      "pose_transform_permuted": [
        [
          0.056974547770419305, 
          -0.8009183894501612, 
          -0.5960560454548179, 
          0.0
        ], 
        [
          0.9807539071478804, 
          -0.06677656924146703, 
          0.18347485298438423, 
          0.0
        ], 
        [
          0.18675023038593846, 
          0.5950381291841299, 
          -0.7816992318032552, 
          0.0
        ], 
        [
          -28.38609540442495, 
          -3.0774278232945935, 
          82.51992881469333, 
          1.0
        ]
      ], 
      "projected_cuboid": [
        [
          332.5841337957034, 
          257.5700636119337
        ], 
        [
          250.5093703145535, 
          262.4123520462304
        ], 
        [
          259.1024413724711, 
          229.32655565079193
        ], 
        [
          334.26240353565373, 
          225.68285313452958
        ], 
        [
          335.3406944045151, 
          278.2515819160444
        ], 
        [
          255.71751161662561, 
          283.49863972656027
        ], 
        [
          263.65728965811195, 
          249.57487371533665
        ], 
        [
          336.75595912091137, 
          245.54726802169577
        ]
      ], 
      "projected_cuboid_centroid": [
        296.61120042279555, 
        253.39737244853288
      ], 
      "quaternion_xyzw": [
        0.890484149464047, 
        -0.07117667388577184, 
        0.0675052444503145, 
        0.4443138101351781
      ], 
      "visibility": 0.4795529591059182
    }, 
    {
      "bounding_box": {
        "bottom_right": [
          437, 
          329
        ], 
        "top_left": [
          285, 
          195
        ]
      }, 
      "class": "019_pitcher_base", 
      "cuboid": [
        [
          -41.52261761437479, 
          25.16780324251463, 
          77.71217427608583
        ], 
        [
          -23.152579845262466, 
          25.495005626518108, 
          81.97858082788782
        ], 
        [
          -27.395235494632114, 
          11.513682211705738, 
          101.31861930552837
        ], 
        [
          -45.765273263744426, 
          11.186479827702266, 
          97.05221275372638
        ], 
        [
          -39.60171610326292, 
          14.297189557091123, 
          70.27496870011545
        ], 
        [
          -21.23167833415061, 
          14.624391941094597, 
          74.54137525191744
        ], 
        [
          -25.474333983520253, 
          0.6430685262822283, 
          93.88141372955798
        ], 
        [
          -43.84437175263257, 
          0.3158661422787562, 
          89.61500717775598
        ]
      ], 
      "cuboid_centroid": [
        -33.49847579894752, 
        12.90543588439843, 
        85.79679400282191
      ], 
      "location": [
        -33.49847579894752, 
        12.90543588439843, 
        85.79679400282191
      ], 
      "pose_transform_permuted": [
        [
          -0.14431366509354235, 
          0.8166884630391307, 
          0.5587430633552751, 
          0.0
        ], 
        [
          -0.9739281780735854, 
          -0.017347358003240266, 
          -0.22619297859606488, 
          0.0
        ], 
        [
          0.175036429250154, 
          0.5768181839324922, 
          -0.7978991359314644, 
          0.0
        ], 
        [
          -33.49847579894752, 
          12.90543588439843, 
          85.79679400282191, 
          1.0
        ]
      ], 
      "projected_cuboid": [
        [
          194.26281436787372, 
          446.0069960006077
        ], 
        [
          329.7205150702428, 
          439.1467619126985
        ], 
        [
          336.1926803554704, 
          333.89210327635124
        ], 
        [
          228.01277123495402, 
          334.758281794237
        ], 
        [
          178.5534910135727, 
          381.7884884788413
        ], 
        [
          328.4253224376219, 
          377.9193622055281
        ], 
        [
          335.6770232687197, 
          276.9396682951231
        ], 
        [
          218.49464624132452, 
          275.16633026894624
        ]
      ], 
      "projected_cuboid_centroid": [
        271.6326392393124, 
        353.5077369959688
      ], 
      "quaternion_xyzw": [
        -0.1050561453955171, 
        0.4578118974118996, 
        0.8816872213774782, 
        0.04471230483542476
      ], 
      "visibility": 0.22748068701717544
    }, 
    {
      "bounding_box": {
        "bottom_right": [
          293, 
          396
        ], 
        "top_left": [
          190, 
          249
        ]
      }, 
      "class": "035_power_drill", 
      "cuboid": [
        [
          -10.655574377203413, 
          -1.440455867596215, 
          66.25632010789073
        ], 
        [
          -28.93679213539024, 
          -0.20751659809729456, 
          64.21512265875184
        ], 
        [
          -31.330954598168702, 
          -11.874964496260619, 
          78.61010741644805
        ], 
        [
          -13.049736839981874, 
          -13.107903765759538, 
          80.65130486558695
        ], 
        [
          -10.756316114878604, 
          3.0100907832468202, 
          69.84683043022734
        ], 
        [
          -29.037533873065435, 
          4.24303005274574, 
          67.80563298108845
        ], 
        [
          -31.431696335843895, 
          -7.424417845417584, 
          82.20061773878467
        ], 
        [
          -13.150478577657065, 
          -8.657357114916504, 
          84.24181518792355
        ]
      ], 
      "cuboid_centroid": [
        -21.043635356523655, 
        -4.432436856506899, 
        74.2284689233377
      ], 
      "location": [
        -21.043635356523655, 
        -4.432436856506899, 
        74.2284689233377
      ], 
      "pose_transform_permuted": [
        [
          0.01761465507587463, 
          -0.7781764138955751, 
          -0.6277993841861408, 
          0.0
        ], 
        [
          0.9915989689866399, 
          -0.06687636046076663, 
          0.11071742117167538, 
          0.0
        ], 
        [
          0.1281424634669872, 
          0.6244753809682109, 
          -0.7704610013308065, 
          0.0
        ], 
        [
          -21.043635356523655, 
          -4.432436856506899, 
          74.2284689233377, 
          1.0
        ]
      ], 
      "projected_cuboid": [
        [
          395.1119688167019, 
          261.6918203509982
        ], 
        [
          239.26839389825835, 
          271.56307065760143
        ], 
        [
          267.2650883817627, 
          192.72245629449515
        ], 
        [
          394.5844792124974, 
          186.60843916762155
        ], 
        [
          398.78214772296064, 
          296.27026325486963
        ], 
        [
          251.30144030247266, 
          306.65973899180176
        ], 
        [
          275.9680145552323, 
          225.1167365915089
        ], 
        [
          397.6499915119035, 
          218.47838744964446
        ]
      ], 
      "projected_cuboid_centroid": [
        329.14195231097864, 
        241.44019370096666
      ], 
      "quaternion_xyzw": [
        0.9005378579133961, 
        -0.05413954066840259, 
        0.03562650784746119, 
        0.42992013095781273
      ], 
      "visibility": 0.7534846215873747
    }, 
    {
      "bounding_box": {
        "bottom_right": [
          230, 
          282
        ], 
        "top_left": [
          186, 
          219
        ]
      }, 
      "class": "061_foam_brick", 
      "cuboid": [
        [
          -38.31392319053247, 
          -13.42575979092326, 
          80.72034117351765
        ], 
        [
          -30.62316409990312, 
          -13.580705510864005, 
          81.93352359728475
        ], 
        [
          -29.902370969440295, 
          -10.756739801646637, 
          77.72485322699285
        ], 
        [
          -37.59313006006964, 
          -10.601794081705892, 
          76.51167080322574
        ], 
        [
          -38.67963454014068, 
          -9.043040151300294, 
          83.59845865032986
        ], 
        [
          -30.988875449511337, 
          -9.197985871241038, 
          84.81164107409698
        ], 
        [
          -30.268082319048506, 
          -6.374020162023669, 
          80.60297070380507
        ], 
        [
          -37.95884140967786, 
          -6.219074442082924, 
          79.38978828003796
        ]
      ], 
      "cuboid_centroid": [
        -34.29100275479049, 
        -9.899889976473466, 
        80.66165593866135
      ], 
      "location": [
        -34.29100275479049, 
        -9.899889976473466, 
        80.66165593866135
      ], 
      "pose_transform_permuted": [
        [
          0.06957978437757428, 
          -0.8338507619165141, 
          -0.547587034595615, 
          0.0
        ], 
        [
          -0.987590122368339, 
          0.019896977751283074, 
          -0.15578787012105355, 
          0.0
        ], 
        [
          -0.14079916124203148, 
          -0.5516312329152637, 
          0.8221183485763631, 
          0.0
        ], 
        [
          -34.29100275479049, 
          -9.899889976473466, 
          80.66165593866135, 
          1.0
        ]
      ], 
      "projected_cuboid": [
        [
          226.34728974774444, 
          184.58249496879
        ], 
        [
          280.6044223562111, 
          184.88735918102432
        ], 
        [
          274.7080434229035, 
          199.47771430259766
        ], 
        [
          217.37289974501863, 
          199.38742767363476
        ], 
        [
          232.78248550232348, 
          215.59611543113422
        ], 
        [
          285.10632845964597, 
          215.44700170152038
        ], 
        [
          279.655559778313, 
          231.11204061176875
        ], 
        [
          224.4745913746497, 
          231.50844206987378
        ]
      ], 
      "projected_cuboid_centroid": [
        252.98203259763042, 
        207.83034154891945
      ], 
      "quaternion_xyzw": [
        0.04573204377679926, 
        0.8784657634021967, 
        -0.47126740149766894, 
        0.06413672105609582
      ], 
      "visibility": 0.8598996526437669
    }
  ]
}