{
  "camera_data": {
    "location_worldframe": [
      -18.766122617570897, 
      5.500604650507104, 
      81.2145707696467
    ], 
    "quaternion_xyzw_worldframe": [
      0.9316041536310286, 
      0.02404561057350495, 
      -0.0679597919047145, 
      -0.35625336428484
    ]
  }, 
  "objects": [
    {
      "bounding_box": {
        "bottom_right": [
          460, 
          306
        ], 
        "top_left": [
          296, 
          106
        ]
      }, 
      "class": "003_cracker_box", 
      "cuboid": [
        [
          -28.294914975651448, 
          18.41578894533594, 
          60.71693722841582
        ], 
        [
          -44.590746032427745, 
          17.65858225664201, 
          62.43468106460279
        ], 
        [
          -42.319706536851385, 
          2.516649905619772, 
          77.30471171127577
        ], 
        [
          -26.023875480075088, 
          3.273856594313701, 
          75.5869678750888
        ], 
        [
          -27.99242176936033, 
          23.465189964841226, 
          65.81246906908854
        ], 
        [
          -44.288252826136635, 
          22.7079832761473, 
          67.5302129052755
        ], 
        [
          -42.017213330560274, 
          7.566050925125059, 
          82.40024355194848
        ], 
        [
          -25.72138227378397, 
          8.323257613818988, 
          80.68249971576151
        ]
      ], 
      "cuboid_centroid": [
        -35.15606415310586, 
        12.9909199352305, 
        71.55859039018215
      ], 
      "location": [
        -35.15606415310586, 
        12.9909199352305, 
        71.55859039018215
      ], 
      "pose_transform_permuted": [
        [
          -0.04212997402830149, 
          -0.7032592117308818, 
          -0.7096841173395622, 
          0.0
        ], 
        [
          0.9934301231789702, 
          0.046161004701159414, 
          -0.1047174866275713, 
          0.0
        ], 
        [
          -0.1064032689769947, 
          0.7094333250987286, 
          -0.6966941234073751, 
          0.0
        ], 
        [
          -35.15606415310586, 
          12.9909199352305, 
          71.55859039018215, 
          1.0
        ]
      ], 
      "projected_cuboid": [
        [
          230.99175440473718, 
          435.04537056460833
        ], 
        [
          97.52689630693251, 
          424.1268653110646
        ], 
        [
          187.2034297346432, 
          290.648722626347
        ], 
        [
          296.4500228446621, 
          296.3859145449569
        ], 
        [
          252.86659579686463, 
          463.43964282762266
        ], 
        [
          128.91598372965618, 
          452.6227440212376
        ], 
        [
          207.38252209458884, 
          322.25633408519855
        ], 
        [
          310.1592241626226, 
          328.3041229207483
        ]
      ], 
      "projected_cuboid_centroid": [
        217.39865201253534, 
        370.1066677113442
      ], 
      "quaternion_xyzw": [
        0.9236540972703556, 
        0.04129367100980289, 
        -0.03974633498888985, 
        0.3789171019961621
      ], 
      "visibility": 0.37487662628981605
    }, 
    {
      "bounding_box": {
        "bottom_right": [
          479, 
          349
        ], 
        "top_left": [
          352, 
          259
        ]
      }, 
      "class": "006_mustard_bottle", 
      "cuboid": [
        [
          -22.59218639452685, 
          26.436434413362527, 
          69.38771147397183
        ], 
        [
          -31.847509611164405, 
          23.93113131000702, 
          68.86952586427901
        ], 
        [
          -29.14665268754405, 
          11.076723066278559, 
          82.77744792927811
        ], 
        [
          -19.891329470906495, 
          13.582026169634066, 
          83.29563353897093
        ], 
        [
          -23.90828052095284, 
          30.47379490013694, 
          73.37482483270591
        ], 
        [
          -33.1636037375904, 
          27.968491796781436, 
          72.8566392230131
        ], 
        [
          -30.462746813970043, 
          15.114083553052977, 
          86.76456128801219
        ], 
        [
          -21.207423597332486, 
          17.61938665640848, 
          87.28274689770501
        ]
      ], 
      "cuboid_centroid": [
        -26.527466604248445, 
        20.77525898320775, 
        78.07613638099201
      ], 
      "location": [
        -26.527466604248445, 
        20.77525898320775, 
        78.07613638099201
      ], 
      "pose_transform_permuted": [
        [
          0.22594277884032446, 
          -0.6931209776303415, 
          -0.6844947133607715, 
          0.0
        ], 
        [
          0.9638552220591061, 
          0.26090385203071953, 
          0.05396417760975353, 
          0.0
        ], 
        [
          -0.14118362623770805, 
          0.6719467266547342, 
          -0.7270177303342463, 
          0.0
        ], 
        [
          -26.527466604248445, 
          20.77525898320775, 
          78.07613638099201, 
          1.0
        ]
      ], 
      "projected_cuboid": [
        [
          306.5046115338177, 
          476.47911894953006
        ], 
        [
          232.9174896860293, 
          458.60712520631
        ], 
        [
          292.2457246525112, 
          344.65178873979374
        ], 
        [
          353.1768770518949, 
          360.2486058312444
        ], 
        [
          306.3733050713676, 
          494.7831021073336
        ], 
        [
          236.81233867844338, 
          478.019346769485
        ], 
        [
          292.78992390831934, 
          366.18894676295434
        ], 
        [
          350.9344842656026, 
          380.94543142047854
        ]
      ], 
      "projected_cuboid_centroid": [
        298.8841726251745, 
        415.19740825209055
      ], 
      "quaternion_xyzw": [
        0.9110840606215503, 
        0.11033215694557305, 
        0.07680601838734911, 
        0.3896837759942138
      ], 
      "visibility": 0.8299094957621032
    }, 
    {
      "bounding_box": {
        "bottom_right": [
          353, 
          282
        ], 
        "top_left": [
          281, 
          170
        ]
      }, 
      "class": "008_pudding_box", 
      "cuboid": [
        [
          -28.41677172664232, 
          8.140546794091696, 
          67.05245309316636
        ], 
        [
          -39.72284830815559, 
          7.240356996168041, 
          67.78365842913541
        ], 
        [
          -38.8107056012321, 
          0.8905665028915883, 
          74.07007768619366
        ], 
        [
          -27.504629019718834, 
          1.7907563008152445, 
          73.3388723502246
        ], 
        [
          -28.455057916061516, 
          10.844267897411825, 
          69.78898241191186
        ], 
        [
          -39.76113449757479, 
          9.944078099488168, 
          70.52018774788091
        ], 
        [
          -38.8489917906513, 
          3.594287606211716, 
          76.80660700493915
        ], 
        [
          -27.54291520913803, 
          4.494477404135371, 
          76.0754016689701
        ]
      ], 
      "cuboid_centroid": [
        -33.63288175864681, 
        5.867417200151706, 
        71.92953004905276
      ], 
      "location": [
        -33.63288175864681, 
        5.867417200151706, 
        71.92953004905276
      ], 
      "pose_transform_permuted": [
        [
          0.009951961016241472, 
          -0.7027945958377191, 
          -0.7113226339078125, 
          0.0
        ], 
        [
          0.9947803217504816, 
          0.07920440750235372, 
          -0.06433608282561393, 
          0.0
        ], 
        [
          -0.10155568685850866, 
          0.7069697866985329, 
          -0.6999141918093079, 
          0.0
        ], 
        [
          -33.63288175864681, 
          5.867417200151706, 
          71.92953004905276, 
          1.0
        ]
      ], 
      "projected_cuboid": [
        [
          253.6931426593348, 
          338.0345497652525
        ], 
        [
          166.45446687019498, 
          330.25342741605556
        ], 
        [
          199.8233538428871, 
          279.69879743822344
        ], 
        [
          279.9168504598014, 
          286.3089007926759
        ], 
        [
          262.33457603029035, 
          356.15721806541313
        ], 
        [
          178.39158817472716, 
          348.49013224866275
        ], 
        [
          209.59455878599695, 
          298.24407799903787
        ], 
        [
          286.90090686490674, 
          304.79465707327705
        ]
      ], 
      "projected_cuboid_centroid": [
        230.14883061722932, 
        316.7903464081292
      ], 
      "quaternion_xyzw": [
        0.9237251677794682, 
        0.04892150302545869, 
        -0.014718696563206613, 
        0.3796336931630275
      ], 
      "visibility": 0.5569849909285832
    }, 
    {
      "bounding_box": {
        "bottom_right": [
          507, 
          282
        ], 
        "top_left": [
          329, 
          110
        ]
      }, 
      "class": "019_pitcher_base", 
      "cuboid": [
        [
          -51.24649236818002, 
          31.843019169599778, 
          74.84517474872851
        ], 
        [
          -32.61407252076716, 
          34.771290959261016, 
          74.68477256801201
        ], 
        [
          -29.839777318893407, 
          18.068712014387263, 
          92.02956321040506
        ], 
        [
          -48.472197166306266, 
          15.14044022472603, 
          92.18996539112156
        ], 
        [
          -49.845774232932854, 
          22.42106238896812, 
          65.54803269206117
        ], 
        [
          -31.21335438551999, 
          25.349334178629356, 
          65.38763051134467
        ], 
        [
          -28.439059183646243, 
          8.646755233755604, 
          82.73242115373772
        ], 
        [
          -47.0714790310591, 
          5.718483444094372, 
          82.89282333445422
        ]
      ], 
      "cuboid_centroid": [
        -39.84277577591313, 
        20.24488720167769, 
        78.78879795123311
      ], 
      "location": [
        -39.84277577591313, 
        20.24488720167769, 
        78.78879795123311
      ], 
      "pose_transform_permuted": [
        [
          -0.10523328067117113, 
          0.7078536340881293, 
          0.6984765420463286, 
          0.0
        ], 
        [
          -0.9878389442184478, 
          -0.1552488048666028, 
          0.00850407634364994, 
          0.0
        ], 
        [
          -0.11445725648131866, 
          0.6890872178640932, 
          -0.7155825197802782, 
          0.0
        ], 
        [
          -39.84277577591313, 
          20.24488720167769, 
          78.78879795123311, 
          1.0
        ]
      ], 
      "projected_cuboid": [
        [
          113.3900373378177, 
          500.188349186442
        ], 
        [
          246.76105001000155, 
          521.5862885608232
        ], 
        [
          307.2318110015055, 
          377.99634669715203
        ], 
        [
          198.8482537520157, 
          360.8740887026135
        ], 
        [
          72.65628593896231, 
          455.71141263350023
        ], 
        [
          224.8907359135231, 
          480.0427123845908
        ], 
        [
          296.74205680366657, 
          329.0262810318672
        ], 
        [
          176.22265101578105, 
          310.0783745252374
        ]
      ], 
      "projected_cuboid_centroid": [
        209.6547151110843, 
        410.32371946538774
      ], 
      "quaternion_xyzw": [
        -0.026324784383367328, 
        0.3873871401567412, 
        0.9186134529998009, 
        -0.07340031339274865
      ], 
      "visibility": 0.19879316124706672
    }, 
    {
      "bounding_box": {
        "bottom_right": [
          409, 
          317
        ], 
        "top_left": [
          259, 
          122
        ]
      }, 
      "class": "035_power_drill", 
      "cuboid": [
        [
          -21.044302388537396, 
          12.415701936338861, 
          52.43077800811587
        ], 
        [
          -39.232461555824635, 
          10.763463395032968, 
          54.95080239270771
        ], 
        [
          -36.266450811376025, 
          -2.7725080968627385, 
          67.48304866236111
        ], 
        [
          -18.07829164408878, 
          -1.1202695555568465, 
          64.96302427776928
        ], 
        [
          -20.821733520381496, 
          16.324436889126126, 
          56.599894573004974
        ], 
        [
          -39.00989268766874, 
          14.672198347820235, 
          59.11991895759681
        ], 
        [
          -36.04388194322012, 
          1.1362268559245263, 
          71.65216522725021
        ], 
        [
          -17.855722775932882, 
          2.7884653972304183, 
          69.13214084265837
        ]
      ], 
      "cuboid_centroid": [
        -28.54409216587876, 
        6.775964396131694, 
        62.041471617683044
      ], 
      "location": [
        -28.54409216587876, 
        6.775964396131694, 
        62.041471617683044
      ], 
      "pose_transform_permuted": [
        [
          -0.038916083181275506, 
          -0.6834408415541761, 
          -0.7289684688426961, 
          0.0
        ], 
        [
          0.9865513401026148, 
          0.08961974282841258, 
          -0.13668966775823269, 
          0.0
        ], 
        [
          -0.15874942881784182, 
          0.7244841398012204, 
          -0.6707618779991483, 
          0.0
        ], 
        [
          -28.54409216587876, 
          6.775964396131694, 
          62.041471617683044, 
          1.0
        ]
      ], 
      "projected_cuboid": [
        [
          265.7530737455764, 
          399.5775684223808
        ], 
        [
          97.65715853905397, 
          377.7502684706309
        ], 
        [
          192.59423524114592, 
          251.37536336993358
        ], 
        [
          331.9449422502291, 
          264.08958788480385
        ], 
        [
          283.76668159742417, 
          427.1055855767069
        ], 
        [
          126.75699155989545, 
          405.6441400389793
        ], 
        [
          211.08043208627848, 
          281.74367296497195
        ], 
        [
          342.70125155566126, 
          294.7981414875781
        ]
      ], 
      "projected_cuboid_centroid": [
        234.1821498825638, 
        331.533939487261
      ], 
      "quaternion_xyzw": [
        0.927362381804779, 
        0.06695580296315574, 
        -0.04734011061505278, 
        0.3650683772933115
      ], 
      "visibility": 0.7559580552907531
    }, 
    {
      "bounding_box": {
        "bottom_right": [
          290, 
          225
        ], 
        "top_left": [
          232, 
          140
        ]
      }, 
      "class": "061_foam_brick", 
      "cuboid": [
        [
          -42.20155676436627, 
          -5.725877074986394, 
          70.89944813089079
        ], 
        [
          -34.508256741036014, 
          -4.7172058053972945, 
          70.2366418390562
        ], 
        [
          -35.27633228701285, 
          -1.3306520761888283, 
          66.47518664932078
        ], 
        [
          -42.9696323103431, 
          -2.339323345777927, 
          67.13799294115536
        ], 
        [
          -42.405837695380235, 
          -1.8435271038506846, 
          74.43656057523684
        ], 
        [
          -34.71253767204998, 
          -0.8348558342615862, 
          73.77375428340225
        ], 
        [
          -35.48061321802681, 
          2.5516978949468805, 
          70.01229909366683
        ], 
        [
          -43.17391324135706, 
          1.5430266253577816, 
          70.67510538550141
        ]
      ], 
      "cuboid_centroid": [
        -38.84108499119654, 
        -1.5870895900197566, 
        70.45587361227881
      ], 
      "location": [
        -38.84108499119654, 
        -1.5870895900197566, 
        70.45587361227881
      ], 
      "pose_transform_permuted": [
        [
          0.03886623466192374, 
          -0.7386510540602506, 
          -0.6729665936277114, 
          0.0
        ], 
        [
          -0.9879164100608085, 
          -0.12952606769033626, 
          0.08511265782034344, 
          0.0
        ], 
        [
          0.15003527097242414, 
          -0.6615267327359939, 
          0.7347596881565237, 
          0.0
        ], 
        [
          -38.84108499119654, 
          -1.5870895900197566, 
          70.45587361227881, 
          1.0
        ]
      ], 
      "projected_cuboid": [
        [
          161.5031992213597, 
          230.21536527945122
        ], 
        [
          217.38599198267124, 
          237.46793720562124
        ], 
        [
          196.22228278865327, 
          262.6109333477461
        ], 
        [
          137.4175501145932, 
          254.703811614171
        ], 
        [
          175.23775477321578, 
          260.078121324454
        ], 
        [
          228.5646199733357, 
          267.2512620237285
        ], 
        [
          209.0707077855821, 
          292.724129309369
        ], 
        [
          153.08850977505932, 
          284.9303312544568
        ]
      ], 
      "projected_cuboid_centroid": [
        185.13721627340647, 
        261.27297665278707
      ], 
      "quaternion_xyzw": [
        -0.07668678313586502, 
        0.911373926610877, 
        -0.4041729467991094, 
        -0.012685908003314322
      ], 
      "visibility": 0.9093091491064283
    }
  ]
}