{
  "camera_data": {
    "location_worldframe": [
      -16.964005354757305, 
      0.367668428084765, 
      88.07947025346797
    ], 
    "quaternion_xyzw_worldframe": [
      0.8947306256887853, 
      0.028056658059451043, 
      0.02155638772504756, 
      -0.4452031782296565
    ]
  }, 
  "objects": [
    {
      "bounding_box": {
        "bottom_right": [
          427, 
          333
        ], 
        "top_left": [
          276, 
          184
        ]
      }, 
      "class": "003_cracker_box", 
      "cuboid": [
        [
          -22.307079736775144, 
          17.674344537090697, 
          69.37964605500099
        ], 
        [
          -38.67962130499387, 
          17.940982919175788, 
          68.40655702654314
        ], 
        [
          -39.66532482748854, 
          0.11771844012691685, 
          80.10754754111122
        ], 
        [
          -23.29278325926981, 
          -0.1489199419581727, 
          81.08063656956904
        ], 
        [
          -22.598773944450564, 
          21.62276375930876, 
          75.36941213305197
        ], 
        [
          -38.97131551266929, 
          21.88940214139385, 
          74.39632310459413
        ], 
        [
          -39.95701903516396, 
          4.06613766234498, 
          86.09731361916218
        ], 
        [
          -23.58447746694523, 
          3.799499280259891, 
          87.07040264762003
        ]
      ], 
      "cuboid_centroid": [
        -31.13204938596955, 
        10.87024109971784, 
        77.73847983708158
      ], 
      "location": [
        -31.13204938596955, 
        10.87024109971784, 
        77.73847983708158
      ], 
      "pose_transform_permuted": [
        [
          0.04062593518792798, 
          -0.5499191248771499, 
          -0.8342292787264516, 
          0.0
        ], 
        [
          0.9981065666549648, 
          -0.016254869103400765, 
          0.05932167252083698, 
          0.0
        ], 
        [
          0.04618240996683037, 
          0.8350597196157773, 
          -0.548217520410352, 
          0.0
        ], 
        [
          -31.13204938596955, 
          10.87024109971784, 
          77.73847983708158, 
          1.0
        ]
      ], 
      "projected_cuboid": [
        [
          308.69412843679135, 
          409.14877708642956
        ], 
        [
          177.52521597069565, 
          413.1602276983841
        ], 
        [
          215.32272788566033, 
          274.07025376536717
        ], 
        [
          327.10863336992264, 
          272.30699558103913
        ], 
        [
          320.35383885333414, 
          426.2908275036246
        ], 
        [
          199.89805044237573, 
          430.2035244499889
        ], 
        [
          232.0254367968669, 
          298.47374478315453
        ], 
        [
          335.93467435946536, 
          296.559054368066
        ]
      ], 
      "projected_cuboid_centroid": [
        266.23788023945576, 
        347.8610918500077
      ], 
      "quaternion_xyzw": [
        0.9575222667120061, 
        -0.016301782538340276, 
        0.026095374275725895, 
        0.2867130832002333
      ], 
      "visibility": 0.37981974294704285
    }, 
    {
      "bounding_box": {
        "bottom_right": [
          433, 
          372
        ], 
        "top_left": [
          316, 
          304
        ]
      }, 
      "class": "006_mustard_bottle", 
      "cuboid": [
        [
          -17.722412174855588, 
          23.40934829708594, 
          80.24819525086852
        ], 
        [
          -26.878353681425075, 
          21.813880860610897, 
          77.83380369239434
        ], 
        [
          -27.166462035402976, 
          6.376188322043097, 
          89.12784540674122
        ], 
        [
          -18.01052052883349, 
          7.971655758518141, 
          91.5422369652154
        ], 
        [
          -19.475699321518558, 
          26.710424111358535, 
          84.71567094022008
        ], 
        [
          -28.631640828088045, 
          25.114956674883487, 
          82.3012793817459
        ], 
        [
          -28.919749182065946, 
          9.677264136315689, 
          93.59532109609276
        ], 
        [
          -19.76380767549646, 
          11.272731572790732, 
          96.00971265456695
        ]
      ], 
      "cuboid_centroid": [
        -23.321080678460767, 
        16.543306216700813, 
        86.92175817348064
      ], 
      "location": [
        -23.321080678460767, 
        16.543306216700813, 
        86.92175817348064
      ], 
      "pose_transform_permuted": [
        [
          0.3009986611655391, 
          -0.5667180087375578, 
          -0.7669617631337716, 
          0.0
        ], 
        [
          0.953505547824707, 
          0.166152989396129, 
          0.2514362661638308, 
          0.0
        ], 
        [
          0.015060472773749535, 
          0.8069844034597143, 
          -0.5903806862801326, 
          0.0
        ], 
        [
          -23.321080678460767, 
          16.543306216700813, 
          86.92175817348064, 
          1.0
        ]
      ], 
      "projected_cuboid": [
        [
          362.83457797395823, 
          428.86217226306616
        ], 
        [
          295.8909776272529, 
          422.75591113328136
        ], 
        [
          317.68481802515436, 
          311.44011481944943
        ], 
        [
          375.79443412680604, 
          319.7289264051771
        ], 
        [
          357.9678727480704, 
          441.4395148190549
        ], 
        [
          294.515333260321, 
          436.03368268962595
        ], 
        [
          315.434911287703, 
          328.4289790241682
        ], 
        [
          370.8971791743683, 
          335.90487457860235
        ]
      ], 
      "projected_cuboid_centroid": [
        337.31515040730926, 
        374.79011270382625
      ], 
      "quaternion_xyzw": [
        0.939075571295808, 
        0.04022373737554755, 
        0.14706881539019218, 
        0.3080419538070396
      ], 
      "visibility": 0.3668232743043007
    }, 
    {
      "bounding_box": {
        "bottom_right": [
          330, 
          315
        ], 
        "top_left": [
          266, 
          221
        ]
      }, 
      "class": "008_pudding_box", 
      "cuboid": [
        [
          -23.992286659340483, 
          6.428441264739624, 
          73.43225877141182
        ], 
        [
          -35.294189585335786, 
          6.334086361273027, 
          72.23624121876101
        ], 
        [
          -35.755532361025224, 
          -1.1464450352573146, 
          77.18596076340731
        ], 
        [
          -24.453629435029917, 
          -1.0520901317907159, 
          78.3819783160581
        ], 
        [
          -24.347063399594777, 
          8.557487546920072, 
          76.61682494941796
        ], 
        [
          -35.64896632559009, 
          8.463132643453475, 
          75.42080739676716
        ], 
        [
          -36.11030910127952, 
          0.982601246923134, 
          80.37052694141344
        ], 
        [
          -24.80840617528421, 
          1.0769561503897327, 
          81.56654449406425
        ]
      ], 
      "cuboid_centroid": [
        -30.051297880310003, 
        3.7055212558313797, 
        76.90139285641263
      ], 
      "location": [
        -30.051297880310003, 
        3.7055212558313797, 
        76.90139285641263
      ], 
      "pose_transform_permuted": [
        [
          0.09221926606019396, 
          -0.5534158902585757, 
          -0.8277835673368656, 
          0.0
        ], 
        [
          0.9944130970683294, 
          0.008301942813894802, 
          0.10523320952828218, 
          0.0
        ], 
        [
          0.05136475039128012, 
          0.8328636498159321, 
          -0.5510893901777421, 
          0.0
        ], 
        [
          -30.051297880310003, 
          3.7055212558313797, 
          76.90139285641263, 
          1.0
        ]
      ], 
      "projected_cuboid": [
        [
          305.8951543489555, 
          319.97465125905455
        ], 
        [
          218.8488297499772, 
          320.05104622507315
        ], 
        [
          232.48390717353175, 
          265.36512866962784
        ], 
        [
          313.8253147023587, 
          266.12800125399286
        ], 
        [
          310.7080425118777, 
          332.85407676327236
        ], 
        [
          227.41348204439268, 
          333.13148700172627
        ], 
        [
          239.9808243600902, 
          279.80684470798565
        ], 
        [
          318.036527664275, 
          280.32817262198637
        ]
      ], 
      "projected_cuboid_centroid": [
        271.45124353392816, 
        298.9847337902127
      ], 
      "quaternion_xyzw": [
        0.9559106017590149, 
        -0.011262247614511094, 
        0.05163989059885276, 
        0.28886207517833445
      ], 
      "visibility": 0.8166912306558585
    }, 
    {
      "bounding_box": {
        "bottom_right": [
          462, 
          304
        ], 
        "top_left": [
          301, 
          172
        ]
      }, 
      "class": "019_pitcher_base", 
      "cuboid": [
        [
          -46.5763503903912, 
          30.008099862009846, 
          82.24649525764082
        ], 
        [
          -28.051102951849327, 
          31.378882635221405, 
          85.51815169336777
        ], 
        [
          -29.02918413341304, 
          11.517761459063324, 
          99.37794399100203
        ], 
        [
          -47.554431571954915, 
          10.146978685851767, 
          96.10628755527507
        ], 
        [
          -44.13140998112788, 
          22.43968245136213, 
          71.57347058861144
        ], 
        [
          -25.60616254258601, 
          23.81046522457369, 
          74.8451270243384
        ], 
        [
          -26.584243724149726, 
          3.9493440484156093, 
          88.70491932197265
        ], 
        [
          -45.1094911626916, 
          2.57856127520405, 
          85.4332628862457
        ]
      ], 
      "cuboid_centroid": [
        -36.580297057270464, 
        16.978721955212727, 
        85.47570728980673
      ], 
      "location": [
        -36.580297057270464, 
        16.978721955212727, 
        85.47570728980673
      ], 
      "pose_transform_permuted": [
        [
          -0.18368370754826702, 
          0.5686007581180705, 
          0.8018439772739233, 
          0.0
        ], 
        [
          -0.9821569619480043, 
          -0.07267508023817756, 
          -0.1734541012805029, 
          0.0
        ], 
        [
          0.04035204637998846, 
          0.8193970991013236, 
          -0.5718042552633578, 
          0.0
        ], 
        [
          -36.580297057270464, 
          16.978721955212727, 
          85.47570728980673, 
          1.0
        ]
      ], 
      "projected_cuboid": [
        [
          177.06025882615867, 
          467.8712100702852
        ], 
        [
          305.2032447598991, 
          468.975666850791
        ], 
        [
          324.51140132902384, 
          335.0975142778306
        ], 
        [
          215.50561100367582, 
          329.5948460104236
        ], 
        [
          150.01772623723576, 
          440.49265489925244
        ], 
        [
          297.6161822023557, 
          442.9513898368047
        ], 
        [
          320.43295526029965, 
          297.03113453594364
        ], 
        [
          197.65308299329794, 
          289.38328037443216
        ]
      ], 
      "projected_cuboid_centroid": [
        251.4548667996501, 
        379.22406342631297
      ], 
      "quaternion_xyzw": [
        -0.09406969050796986, 
        0.30038137662977743, 
        0.9491309233086932, 
        -0.008513850161342922
      ], 
      "visibility": 0.20020646937370956
    }, 
    {
      "bounding_box": {
        "bottom_right": [
          391, 
          364
        ], 
        "top_left": [
          250, 
          207
        ]
      }, 
      "class": "035_power_drill", 
      "cuboid": [
        [
          -14.095793134914302, 
          12.783304499818914, 
          61.2626619134594
        ], 
        [
          -32.50991976268053, 
          12.17677859849803, 
          60.598120072408804
        ], 
        [
          -32.34341861409537, 
          -3.68833669976176, 
          70.46459535334286
        ], 
        [
          -13.92929198632914, 
          -3.0818107984408747, 
          71.12913719439344
        ], 
        [
          -14.370207985265587, 
          15.798076721472126, 
          66.11499369367606
        ], 
        [
          -32.78433461303182, 
          15.191550820151239, 
          65.45045185262546
        ], 
        [
          -32.617833464446655, 
          -0.6735644781085487, 
          75.3169271335595
        ], 
        [
          -14.203706836680425, 
          -0.06703857678766398, 
          75.9814689746101
        ]
      ], 
      "cuboid_centroid": [
        -23.35681329968048, 
        6.054870010855183, 
        68.28979452350946
      ], 
      "location": [
        -23.35681329968048, 
        6.054870010855183, 
        68.28979452350946
      ], 
      "pose_transform_permuted": [
        [
          0.047981333736970055, 
          -0.5271317930604548, 
          -0.8484283931829536, 
          0.0
        ], 
        [
          0.9988081330471188, 
          0.03289881814050075, 
          0.0360456843275196, 
          0.0
        ], 
        [
          -0.008911620527633292, 
          0.8491466177059148, 
          -0.528082144754607, 
          0.0
        ], 
        [
          -23.35681329968048, 
          6.054870010855183, 
          68.28979452350946, 
          1.0
        ]
      ], 
      "projected_cuboid": [
        [
          357.86411147687676, 
          384.5710694473366
        ], 
        [
          193.09529627096768, 
          380.45346789210674
        ], 
        [
          234.7620925129649, 
          245.3709275752732
        ], 
        [
          376.28618921111797, 
          250.17941036445117
        ], 
        [
          364.71313171877057, 
          400.72243748462444
        ], 
        [
          212.22940234761978, 
          397.0740951608641
        ], 
        [
          248.70523662273257, 
          268.51702413673576
        ], 
        [
          381.069367290692, 
          272.81598922380687
        ]
      ], 
      "projected_cuboid_centroid": [
        297.66835982220914, 
        320.5729703521327
      ], 
      "quaternion_xyzw": [
        0.9612990096655655, 
        0.010873421861393532, 
        0.021852466615388106, 
        0.274423963617254
      ], 
      "visibility": 0.7969747311357873
    }, 
    {
      "bounding_box": {
        "bottom_right": [
          278, 
          257
        ], 
        "top_left": [
          225, 
          182
        ]
      }, 
      "class": "061_foam_brick", 
      "cuboid": [
        [
          -38.90303514369104, 
          -6.7407179078039645, 
          72.27416226853119
        ], 
        [
          -31.165308718465983, 
          -6.25758714369632, 
          73.00749002111525
        ], 
        [
          -31.128957197684603, 
          -2.167351336918703, 
          69.92919813089073
        ], 
        [
          -38.866683622909655, 
          -2.6504821010263484, 
          69.19587037830665
        ], 
        [
          -39.49456877603418, 
          -3.596871887288898, 
          76.44451676212037
        ], 
        [
          -31.756842350809126, 
          -3.113741123181253, 
          77.17784451470445
        ], 
        [
          -31.720490830027742, 
          0.9764946835963628, 
          74.09955262447991
        ], 
        [
          -39.4582172552528, 
          0.49336391948871794, 
          73.36622487189585
        ]
      ], 
      "cuboid_centroid": [
        -35.31176298685939, 
        -2.8821116121038006, 
        73.18685744650554
      ], 
      "location": [
        -35.31176298685939, 
        -2.8821116121038006, 
        73.18685744650554
      ], 
      "pose_transform_permuted": [
        [
          0.11254444969950317, 
          -0.598144215261784, 
          -0.7934464346070884, 
          0.0
        ], 
        [
          -0.9936213184016673, 
          -0.0620400619525755, 
          -0.09416849967294211, 
          0.0
        ], 
        [
          -0.0071008773801776726, 
          -0.7989834344101165, 
          0.6013111083945203, 
          0.0
        ], 
        [
          -35.31176298685939, 
          -2.8821116121038006, 
          73.18685744650554, 
          1.0
        ]
      ], 
      "projected_cuboid": [
        [
          192.13466887141985, 
          223.54598406802714
        ], 
        [
          252.03731258131464, 
          227.57487516207217
        ], 
        [
          242.21161151024222, 
          256.7570918775724
        ], 
        [
          179.53996900646476, 
          252.85823783008533
        ], 
        [
          203.7647419805714, 
          248.1927536670125
        ], 
        [
          260.3200012646193, 
          251.7697525832439
        ], 
        [
          251.39137969892997, 
          280.31470102937794
        ], 
        [
          192.3739356383656, 
          276.87293813154304
        ]
      ], 
      "projected_cuboid_centroid": [
        222.13251216948822, 
        252.28431685527994
      ], 
      "quaternion_xyzw": [
        -0.014505876354984083, 
        0.946843596828282, 
        -0.31669837755523095, 
        0.05457948653423022
      ], 
      "visibility": 0.9333136618471526
    }
  ]
}