{
  "camera_data": {
    "location_worldframe": [
      -13.380755454439846, 
      0.20679305345723542, 
      93.79280148610157
    ], 
    "quaternion_xyzw_worldframe": [
      0.948505872829479, 
      -0.025173145670020602, 
      0.13609735187257999, 
      -0.28492742395967924
    ]
  }, 
  "objects": [
    {
      "bounding_box": {
        "bottom_right": [
          416, 
          389
        ], 
        "top_left": [
          268, 
          259
        ]
      }, 
      "class": "003_cracker_box", 
      "cuboid": [
        [
          -12.19675664101125, 
          10.883936994993194, 
          70.07882858412623
        ], 
        [
          -27.812567022506435, 
          13.682045593182615, 
          65.90807684264341
        ], 
        [
          -34.33506320428508, 
          1.2897012802539451, 
          82.01523031974492
        ], 
        [
          -18.719252822789898, 
          -1.5084073179354758, 
          86.18598206122773
        ], 
        [
          -12.332431590331936, 
          16.600028753418023, 
          74.42167152997831
        ], 
        [
          -27.948241971827116, 
          19.398137351607446, 
          70.2509197884955
        ], 
        [
          -34.470738153605765, 
          7.005793038678775, 
          86.358073265597
        ], 
        [
          -18.85492777211058, 
          4.207684440489354, 
          90.52882500707982
        ]
      ], 
      "cuboid_centroid": [
        -23.333747397308507, 
        8.944865016835985, 
        78.21845092486161
      ], 
      "location": [
        -23.333747397308507, 
        8.944865016835985, 
        78.21845092486161
      ], 
      "pose_transform_permuted": [
        [
          0.018896232947693315, 
          -0.7961130773101248, 
          -0.6048527924348122, 
          0.0
        ], 
        [
          0.9519745496120207, 
          -0.1705789265783752, 
          0.25425830703904195, 
          0.0
        ], 
        [
          0.3055935033199773, 
          0.5806089888583992, 
          -0.7546560890799534, 
          0.0
        ], 
        [
          -23.333747397308507, 
          8.944865016835985, 
          78.21845092486161, 
          1.0
        ]
      ], 
      "projected_cuboid": [
        [
          388.00279836461397, 
          356.1163577530745
        ], 
        [
          254.66588699570448, 
          383.99987088760133
        ], 
        [
          256.4661822011993, 
          281.6730650510878
        ], 
        [
          364.7968613685179, 
          263.95250078867986
        ], 
        [
          392.48407519909335, 
          392.24544112614274
        ], 
        [
          267.6559714005516, 
          420.55018318071274
        ], 
        [
          266.9428746981994, 
          316.5520542427845
        ], 
        [
          369.59405002485965, 
          298.07467050985366
        ]
      ], 
      "projected_cuboid_centroid": [
        321.17392593172315, 
        334.2756220900396
      ], 
      "quaternion_xyzw": [
        0.8856404929350894, 
        -0.1344147071235067, 
        0.07710649585405627, 
        0.4377535746052822
      ], 
      "visibility": 0.6648145755265538
    }, 
    {
      "bounding_box": {
        "bottom_right": [
          418, 
          415
        ], 
        "top_left": [
          323, 
          349
        ]
      }, 
      "class": "006_mustard_bottle", 
      "cuboid": [
        [
          -7.835468176704858, 
          19.034095637919133, 
          79.38422910010513
        ], 
        [
          -16.731109969737393, 
          18.356548539636467, 
          75.83253164256918
        ], 
        [
          -21.981733331450716, 
          7.912590279291866, 
          90.97569596691042
        ], 
        [
          -13.086091538418184, 
          8.590137377574534, 
          94.52739342444636
        ], 
        [
          -9.33704655115996, 
          23.896985870259424, 
          82.21742823866816
        ], 
        [
          -18.23268834419249, 
          23.219438771976755, 
          78.66573078113221
        ], 
        [
          -23.48331170590582, 
          12.775480511632157, 
          93.80889510547344
        ], 
        [
          -14.587669912873283, 
          13.453027609914821, 
          97.36059256300939
        ]
      ], 
      "cuboid_centroid": [
        -15.659389941305339, 
        15.904788074775645, 
        86.59656210278929
      ], 
      "location": [
        -15.659389941305339, 
        15.904788074775645, 
        86.59656210278929
      ], 
      "pose_transform_permuted": [
        [
          0.25778611404660784, 
          -0.8348452517406004, 
          -0.48639445577750584, 
          0.0
        ], 
        [
          0.9263977707843462, 
          0.07056018397032257, 
          0.3698760228563644, 
          0.0
        ], 
        [
          0.27446920261938074, 
          0.5459437286645329, 
          -0.7915883412136312, 
          0.0
        ], 
        [
          -15.659389941305339, 
          15.904788074775645, 
          86.59656210278929, 
          1.0
        ]
      ], 
      "projected_cuboid": [
        [
          428.51810246621153, 
          401.16150844759426
        ], 
        [
          362.94892792906137, 
          402.3855750775959
        ], 
        [
          351.66142959641354, 
          319.67188633964804
        ], 
        [
          407.15061598431834, 
          321.7517322454942
        ], 
        [
          420.5257393958528, 
          428.2990555996822
        ], 
        [
          356.95723365889637, 
          430.7042761041795
        ], 
        [
          346.9778515910114, 
          345.91732564409915
        ], 
        [
          401.02315540508295, 
          346.9792188540003
        ]
      ], 
      "projected_cuboid_centroid": [
        384.35237200599937, 
        371.23886704036835
      ], 
      "quaternion_xyzw": [
        0.8600488293152873, 
        -0.059272512123351384, 
        0.182449564347025, 
        0.4727736197981595
      ], 
      "visibility": 0.4264102009941647
    }, 
    {
      "bounding_box": {
        "bottom_right": [
          317, 
          362
        ], 
        "top_left": [
          255, 
          279
        ]
      }, 
      "class": "008_pudding_box", 
      "cuboid": [
        [
          -16.915969966829447, 
          2.1336065665605877, 
          76.92678537020488
        ], 
        [
          -27.6928585728239, 
          3.6314564710927413, 
          73.64235418350631
        ], 
        [
          -30.481274090803932, 
          -1.5482950023365207, 
          80.42953506178014
        ], 
        [
          -19.70438548480948, 
          -3.0461449068686743, 
          83.71396624847873
        ], 
        [
          -17.173984709276137, 
          5.235351054493832, 
          79.18793018499417
        ], 
        [
          -27.9508733152706, 
          6.733200959025987, 
          75.90349899829559
        ], 
        [
          -30.739288833250626, 
          1.5534494855967238, 
          82.69067987656943
        ], 
        [
          -19.962400227256172, 
          0.05559958106457, 
          85.975111063268
        ]
      ], 
      "cuboid_centroid": [
        -23.82762940004004, 
        1.8435280260786557, 
        79.80873262338716
      ], 
      "location": [
        -23.82762940004004, 
        1.8435280260786557, 
        79.80873262338716
      ], 
      "pose_transform_permuted": [
        [
          0.06706733413269704, 
          -0.8062552239992682, 
          -0.5877530616190302, 
          0.0
        ], 
        [
          0.9482190075087349, 
          -0.1317903340935083, 
          0.28898508595048067, 
          0.0
        ], 
        [
          0.31045520731126236, 
          0.576700569601339, 
          -0.7556677378377098, 
          0.0
        ], 
        [
          -23.82762940004004, 
          1.8435280260786557, 
          79.80873262338716, 
          1.0
        ]
      ], 
      "projected_cuboid": [
        [
          363.3443703727009, 
          288.0784490076568
        ], 
        [
          279.3734566654666, 
          299.5856273158323
        ], 
        [
          277.7946672721021, 
          263.019960602394
        ], 
        [
          355.0195100424049, 
          253.8803527914028
        ], 
        [
          364.96880267849883, 
          308.5458917189871
        ], 
        [
          283.5696509430342, 
          320.5959239289254
        ], 
        [
          281.68961287026644, 
          283.30562396999574
        ], 
        [
          356.73464765569577, 
          273.6314325099928
        ]
      ], 
      "projected_cuboid_centroid": [
        321.04268739212137, 
        285.6058615205298
      ], 
      "quaternion_xyzw": [
        0.8821384016594426, 
        -0.12533337755527832, 
        0.10090605380442189, 
        0.44265246782669043
      ], 
      "visibility": 0.6881363959270661
    }, 
    {
      "bounding_box": {
        "bottom_right": [
          478, 
          368
        ], 
        "top_left": [
          317, 
          227
        ]
      }, 
      "class": "019_pitcher_base", 
      "cuboid": [
        [
          -34.42125588313329, 
          30.883633393043418, 
          73.65073373139688
        ], 
        [
          -16.643985675761552, 
          29.99407147225135, 
          79.89132003936021
        ], 
        [
          -23.90025367156337, 
          16.439282817623813, 
          98.62975377878486
        ], 
        [
          -41.677523878935105, 
          17.32884473841589, 
          92.38916747082153
        ], 
        [
          -32.443793740928115, 
          19.866766295716403, 
          66.4472336010205
        ], 
        [
          -14.666523533556381, 
          18.977204374924327, 
          72.68781990898383
        ], 
        [
          -21.922791529358193, 
          5.422415720296795, 
          91.42625364840849
        ], 
        [
          -39.70006173672993, 
          6.311977641088869, 
          85.18566734044516
        ]
      ], 
      "cuboid_centroid": [
        -28.172023706245742, 
        18.153024556670108, 
        82.53849368990268
      ], 
      "location": [
        -28.172023706245742, 
        18.153024556670108, 
        82.53849368990268
      ], 
      "pose_transform_permuted": [
        [
          -0.1485629573794106, 
          0.8276762027968105, 
          0.5411852191811247, 
          0.0
        ], 
        [
          -0.942501294869359, 
          0.04716209251661932, 
          -0.3308584843110739, 
          0.0
        ], 
        [
          0.2993670343847087, 
          0.559220922324679, 
          -0.7730791283937497, 
          0.0
        ], 
        [
          -28.172023706245742, 
          18.153024556670108, 
          82.53849368990268, 
          1.0
        ]
      ], 
      "projected_cuboid": [
        [
          230.26878050518397, 
          496.9210580129302
        ], 
        [
          369.5631634786406, 
          473.5138679004507
        ], 
        [
          351.2845016578959, 
          362.178491210802
        ], 
        [
          239.00723624558674, 
          373.31787829682685
        ], 
        [
          219.02624515033838, 
          432.7414158685909
        ], 
        [
          373.09018813338815, 
          412.52464884596793
        ], 
        [
          352.6484576894921, 
          304.9172827218952
        ], 
        [
          230.97668454265866, 
          312.80376417252273
        ]
      ], 
      "projected_cuboid_centroid": [
        298.04755200602415, 
        390.5816697078728
      ], 
      "quaternion_xyzw": [
        -0.1374178302897967, 
        0.4588287158400528, 
        0.8721965713609465, 
        0.09932655615712162
      ], 
      "visibility": 0.27223180407036907
    }, 
    {
      "bounding_box": {
        "bottom_right": [
          330, 
          442
        ], 
        "top_left": [
          217, 
          292
        ]
      }, 
      "class": "035_power_drill", 
      "cuboid": [
        [
          -4.364600992076401, 
          2.1892304532912297, 
          65.57401877351377
        ], 
        [
          -22.190013650792626, 
          4.641764526558185, 
          61.55789014548986
        ], 
        [
          -26.918873966809, 
          -6.756891001793322, 
          75.58591469588278
        ], 
        [
          -9.09346130809277, 
          -9.209425075060276, 
          79.60204332390668
        ], 
        [
          -4.553456154002841, 
          6.656417837746565, 
          69.14022815657339
        ], 
        [
          -22.378868812719066, 
          9.108951911013518, 
          65.12409952854948
        ], 
        [
          -27.107729128735436, 
          -2.2897036173379863, 
          79.1521240789424
        ], 
        [
          -9.282316470019211, 
          -4.7422376906049415, 
          83.16825270696631
        ]
      ], 
      "cuboid_centroid": [
        -15.736165060405918, 
        -0.050236582023378135, 
        72.36307142622809
      ], 
      "location": [
        -15.736165060405918, 
        -0.050236582023378135, 
        72.36307142622809
      ], 
      "pose_transform_permuted": [
        [
          0.033021254282493286, 
          -0.7810860399309651, 
          -0.6235503740612225, 
          0.0
        ], 
        [
          0.9668754591705885, 
          -0.13302889832746678, 
          0.21784046662224174, 
          0.0
        ], 
        [
          0.25310220994041405, 
          0.6100888399692999, 
          -0.7508202352218817, 
          0.0
        ], 
        [
          -15.736165060405918, 
          -0.050236582023378135, 
          72.36307142622809, 
          1.0
        ]
      ], 
      "projected_cuboid": [
        [
          445.80354280622953, 
          291.09175252604774
        ], 
        [
          287.7471683284564, 
          313.50143028251574
        ], 
        [
          290.07988130237334, 
          225.61122298249455
        ], 
        [
          420.164773090743, 
          211.58502207572536
        ], 
        [
          446.1808585800345, 
          324.6314363320847
        ], 
        [
          296.8029530329256, 
          347.88230930842406
        ], 
        [
          297.42562076638967, 
          257.85872990939606
        ], 
        [
          421.5778233351853, 
          242.87675845458853
        ]
      ], 
      "projected_cuboid_centroid": [
        364.65422545140905, 
        272.9162917708116
      ], 
      "quaternion_xyzw": [
        0.8944991158745087, 
        -0.10791824760228495, 
        0.07011234456600876, 
        0.42814639164153223
      ], 
      "visibility": 0.8048383597309612
    }, 
    {
      "bounding_box": {
        "bottom_right": [
          267, 
          302
        ], 
        "top_left": [
          217, 
          241
        ]
      }, 
      "class": "061_foam_brick", 
      "cuboid": [
        [
          -34.17878304425379, 
          -7.821032759966407, 
          76.92093277662623
        ], 
        [
          -26.6936826463479, 
          -8.48792764626535, 
          78.96350918975273
        ], 
        [
          -25.330207954050817, 
          -5.7426026632482605, 
          74.86334347961143
        ], 
        [
          -32.81530835195671, 
          -5.075707776949319, 
          72.82076706648493
        ], 
        [
          -34.55758446839882, 
          -3.4076164815256447, 
          79.75003204589213
        ], 
        [
          -27.07248407049293, 
          -4.074511367824586, 
          81.79260845901864
        ], 
        [
          -25.709009378195844, 
          -1.3291863848074978, 
          77.69244274887733
        ], 
        [
          -33.19410977610174, 
          -0.6622914985085562, 
          75.64986633575083
        ]
      ], 
      "cuboid_centroid": [
        -29.943896211224818, 
        -4.575109572386952, 
        77.30668776275178
      ], 
      "location": [
        -29.943896211224818, 
        -4.575109572386952, 
        77.30668776275178
      ], 
      "pose_transform_permuted": [
        [
          0.07207028560137807, 
          -0.8396910660589656, 
          -0.5382608916818069, 
          0.0
        ], 
        [
          -0.9611809615664695, 
          0.08563768473378297, 
          -0.262292481927322, 
          0.0
        ], 
        [
          -0.26634007031517637, 
          -0.5362696155239408, 
          0.8009231338963257, 
          0.0
        ], 
        [
          -29.943896211224818, 
          -4.575109572386952, 
          77.30668776275178, 
          1.0
        ]
      ], 
      "projected_cuboid": [
        [
          242.64885265350057, 
          219.0605973831094
        ], 
        [
          299.805477291929, 
          215.95907013277332
        ], 
        [
          299.64320799120503, 
          232.3767640342543
        ], 
        [
          239.26383400049542, 
          236.11342837343435
        ], 
        [
          248.5711380324177, 
          250.49847689967186
        ], 
        [
          303.60289480442833, 
          246.71914093597894
        ], 
        [
          303.6469405127942, 
          264.1623412948465
        ], 
        [
          245.6336932731152, 
          268.6174877500081
        ]
      ], 
      "projected_cuboid_centroid": [
        273.3000846875457, 
        241.72399661896117
      ], 
      "quaternion_xyzw": [
        0.10100781478603119, 
        0.8711646613545881, 
        -0.4708105920539388, 
        0.09595280386167006
      ], 
      "visibility": 0.8704663212435233
    }
  ]
}