{
  "camera_data": {
    "location_worldframe": [
      -17.012743296976325, 
      -0.3309499787327669, 
      88.74415719604355
    ], 
    "quaternion_xyzw_worldframe": [
      0.8916805644391143, 
      0.02823144278561599, 
      -0.002989046161200738, 
      -0.45177572257820225
    ]
  }, 
  "objects": [
    {
      "bounding_box": {
        "bottom_right": [
          417, 
          333
        ], 
        "top_left": [
          271, 
          182
        ]
      }, 
      "class": "003_cracker_box", 
      "cuboid": [
        [
          -23.561056733740884, 
          17.082867089110348, 
          70.5334213027836
        ], 
        [
          -39.96246053909726, 
          16.986701796020785, 
          70.28277985129809
        ], 
        [
          -40.03258084395916, 
          -1.0003678570991645, 
          81.77251246711874
        ], 
        [
          -23.63117703860279, 
          -0.9042025640096027, 
          82.02315391860424
        ], 
        [
          -23.676170561673622, 
          20.947844618471795, 
          76.58330518919765
        ], 
        [
          -40.07757436702999, 
          20.851679325382232, 
          76.33266373771215
        ], 
        [
          -40.1476946718919, 
          2.864609672262282, 
          87.8223963535328
        ], 
        [
          -23.746290866535524, 
          2.9607749653518436, 
          88.07303780501829
        ]
      ], 
      "cuboid_centroid": [
        -31.85437570281639, 
        9.973738380686315, 
        79.1779088281582
      ], 
      "location": [
        -31.85437570281639, 
        9.973738380686315, 
        79.1779088281582
      ], 
      "pose_transform_permuted": [
        [
          0.01603256694775898, 
          -0.5382977189089657, 
          -0.8426022327376481, 
          0.0
        ], 
        [
          0.9998660728559661, 
          0.005862450256550772, 
          0.015279660617213253, 
          0.0
        ], 
        [
          0.0032852927804659093, 
          0.8427343576088455, 
          -0.5383196163590482, 
          0.0
        ], 
        [
          -31.85437570281639, 
          9.973738380686315, 
          79.1779088281582, 
          1.0
        ]
      ], 
      "projected_cuboid": [
        [
          301.9618224435025, 
          402.45406434064296
        ], 
        [
          175.8269588753476, 
          402.18497854502414
        ], 
        [
          218.32912160428174, 
          266.7621479086652
        ], 
        [
          326.66524676818665, 
          267.40735739032533
        ], 
        [
          315.3442209582793, 
          419.1655351422046
        ], 
        [
          199.25034672383552, 
          418.9726490340108
        ], 
        [
          235.7601699742517, 
          290.6824699964183
        ], 
        [
          336.60490006818424, 
          291.21528564063135
        ]
      ], 
      "projected_cuboid_centroid": [
        265.2471134516825, 
        340.46676633768107
      ], 
      "quaternion_xyzw": [
        0.9598440841098177, 
        0.0006712437777003595, 
        0.008155550490789329, 
        0.28041464053677384
      ], 
      "visibility": 0.355599756892646
    }, 
    {
      "bounding_box": {
        "bottom_right": [
          426, 
          373
        ], 
        "top_left": [
          311, 
          304
        ]
      }, 
      "class": "006_mustard_bottle", 
      "cuboid": [
        [
          -18.630342230062315, 
          22.784100015059337, 
          81.2674193777916
        ], 
        [
          -27.84602114321082, 
          21.00987479789974, 
          79.23531336216381
        ], 
        [
          -27.29059747440908, 
          5.428662833413169, 
          90.32035165033703
        ], 
        [
          -18.074918561260574, 
          7.202888050572767, 
          92.35245766596482
        ], 
        [
          -20.257999505730677, 
          25.987645891191104, 
          85.85190211826071
        ], 
        [
          -29.473678418879178, 
          24.213420674031504, 
          83.81979610263292
        ], 
        [
          -28.918254750077438, 
          8.63220870954493, 
          94.90483439080613
        ], 
        [
          -19.702575836928933, 
          10.406433926704528, 
          96.93694040643392
        ]
      ], 
      "cuboid_centroid": [
        -23.774298490069874, 
        15.708154362302135, 
        88.08612688429886
      ], 
      "location": [
        -23.774298490069874, 
        15.708154362302135, 
        88.08612688429886
      ], 
      "pose_transform_permuted": [
        [
          0.2794309316331867, 
          -0.5499743847055095, 
          -0.7870491548655516, 
          0.0
        ], 
        [
          0.9597266391832394, 
          0.18476893790096133, 
          0.21162480759393082, 
          0.0
        ], 
        [
          -0.029034017675607968, 
          0.8144866864609203, 
          -0.5794553161336286, 
          0.0
        ], 
        [
          -23.774298490069874, 
          15.708154362302135, 
          88.08612688429886, 
          1.0
        ]
      ], 
      "projected_cuboid": [
        [
          358.31608186705506, 
          422.80779528226395
        ], 
        [
          292.6082511734955, 
          414.7004757099179
        ], 
        [
          319.1098657362307, 
          305.3414641037451
        ], 
        [
          376.3476683523894, 
          314.8819795088739
        ], 
        [
          354.70386186547864, 
          434.72408487699084
        ], 
        [
          292.5023150737966, 
          427.3490867045338
        ], 
        [
          317.73611341190514, 
          321.79540457787516
        ], 
        [
          372.2957408479374, 
          330.5397892272293
        ]
      ], 
      "projected_cuboid_centroid": [
        336.4554590763702, 
        368.39193803943516
      ], 
      "quaternion_xyzw": [
        0.9435653767108181, 
        0.05664762634727727, 
        0.13010644289929668, 
        0.2992452162605378
      ], 
      "visibility": 0.4830272676683361
    }, 
    {
      "bounding_box": {
        "bottom_right": [
          324, 
          315
        ], 
        "top_left": [
          260, 
          221
        ]
      }, 
      "class": "008_pudding_box", 
      "cuboid": [
        [
          -24.814260947487156, 
          5.751200937257459, 
          74.50285456697183
        ], 
        [
          -36.15301275178226, 
          5.4130818479541505, 
          73.8023164989688
        ], 
        [
          -36.228296549938236, 
          -2.1377768592913617, 
          78.66542001778889
        ], 
        [
          -24.88954474564312, 
          -1.7996577699880532, 
          79.36595808579192
        ], 
        [
          -25.075577902592315, 
          7.831301064342439, 
          77.72854259582213
        ], 
        [
          -36.41432970688743, 
          7.49318197503913, 
          77.0280045278191
        ], 
        [
          -36.489613505043394, 
          -0.057676732206382586, 
          81.89110804663919
        ], 
        [
          -25.150861700748283, 
          0.28044235709692583, 
          82.59164611464223
        ]
      ], 
      "cuboid_centroid": [
        -30.651937226265275, 
        2.8467621025255383, 
        78.19698130680551
      ], 
      "location": [
        -30.651937226265275, 
        2.8467621025255383, 
        78.19698130680551
      ], 
      "pose_transform_permuted": [
        [
          0.06792569826198185, 
          -0.5406930198242365, 
          -0.8384726189955698, 
          0.0
        ], 
        [
          0.9976552950798975, 
          0.029749861857216058, 
          0.06163778209551468, 
          0.0
        ], 
        [
          0.008381909730806809, 
          0.840693716635937, 
          -0.5414457785707345, 
          0.0
        ], 
        [
          -30.651937226265275, 
          2.8467621025255383, 
          78.19698130680551, 
          1.0
        ]
      ], 
      "projected_cuboid": [
        [
          302.48692971078447, 
          314.45580732579936
        ], 
        [
          218.16645721180777, 
          312.40323094950134
        ], 
        [
          233.9371149878837, 
          258.79327952997886
        ], 
        [
          312.95169636169146, 
          261.1932834565767
        ], 
        [
          308.11197505698897, 
          327.0195179118649
        ], 
        [
          227.37373344686458, 
          325.1671586991917
        ], 
        [
          241.9764114295988, 
          272.91091562740064
        ], 
        [
          317.8368212292271, 
          275.09744027030433
        ]
      ], 
      "projected_cuboid_centroid": [
        270.80237291772414, 
        292.7020442136969
      ], 
      "quaternion_xyzw": [
        0.9587520053057783, 
        0.005571814193909896, 
        0.03378440922169816, 
        0.28217380313323065
      ], 
      "visibility": 0.7847473784556721
    }, 
    {
      "bounding_box": {
        "bottom_right": [
          452, 
          306
        ], 
        "top_left": [
          294, 
          174
        ]
      }, 
      "class": "019_pitcher_base", 
      "cuboid": [
        [
          -47.508122772927734, 
          28.694577453498084, 
          84.61828869470247
        ], 
        [
          -28.891752497953938, 
          30.44800201605686, 
          87.0929268485458
        ], 
        [
          -28.81342814422347, 
          10.396766378936054, 
          100.71116588395692
        ], 
        [
          -47.42979841919726, 
          8.643341816377276, 
          98.2365277301136
        ], 
        [
          -45.36828257536582, 
          21.319119537603513, 
          73.74649786926253
        ], 
        [
          -26.75191230039203, 
          23.07254410016229, 
          76.22113602310586
        ], 
        [
          -26.673587946661552, 
          3.0213084630414806, 
          89.83937505851698
        ], 
        [
          -45.28995822163535, 
          1.2678839004827052, 
          87.36473690467365
        ]
      ], 
      "cuboid_centroid": [
        -37.090855359794645, 
        15.857942958269783, 
        87.22883187660972
      ], 
      "location": [
        -37.090855359794645, 
        15.857942958269783, 
        87.22883187660972
      ], 
      "pose_transform_permuted": [
        [
          -0.16076211083092173, 
          0.5541040794797648, 
          0.8167768993223636, 
          0.0
        ], 
        [
          -0.9869880406416071, 
          -0.09296168092118534, 
          -0.13119841444291613, 
          0.0
        ], 
        [
          -0.0032313758959779393, 
          0.8272405252819701, 
          -0.5618386525872259, 
          0.0
        ], 
        [
          -37.090855359794645, 
          15.857942958269783, 
          87.22883187660972, 
          1.0
        ]
      ], 
      "projected_cuboid": [
        [
          179.67464339043858, 
          454.1384592721787
        ], 
        [
          303.20204360945667, 
          459.7369918952914
        ], 
        [
          327.74297804765894, 
          328.342986418651
        ], 
        [
          221.9580167825672, 
          320.2106665233178
        ], 
        [
          150.76875013010596, 
          427.46204832942544
        ], 
        [
          292.8539383397899, 
          434.7252181720091
        ], 
        [
          321.93327118885964, 
          291.2221365882956
        ], 
        [
          202.81971837913417, 
          281.02635769900223
        ]
      ], 
      "projected_cuboid_centroid": [
        252.93268171984653, 
        370.2424566439671
      ], 
      "quaternion_xyzw": [
        -0.07660915804737298, 
        0.2928184659640289, 
        0.9527598681260065, 
        -0.025240635136733466
      ], 
      "visibility": 0.1889984880120959
    }, 
    {
      "bounding_box": {
        "bottom_right": [
          385, 
          355
        ], 
        "top_left": [
          245, 
          202
        ]
      }, 
      "class": "035_power_drill", 
      "cuboid": [
        [
          -15.608899223037993, 
          12.48377429247594, 
          61.99853035184644
        ], 
        [
          -34.016274992597545, 
          11.464079258393085, 
          62.133764617429186
        ], 
        [
          -33.06026534193267, 
          -4.5160208182663055, 
          71.7670084956161
        ], 
        [
          -14.652889572373118, 
          -3.4963257841834503, 
          71.63177423003336
        ], 
        [
          -15.73611535862376, 
          15.430141536544262, 
          66.8987359477142
        ], 
        [
          -34.143491128183314, 
          14.410446502461404, 
          67.03397021329694
        ], 
        [
          -33.18748147751844, 
          -1.569653574197985, 
          76.66721409148384
        ], 
        [
          -14.780105707958885, 
          -0.5499585401151287, 
          76.5319798259011
        ]
      ], 
      "cuboid_centroid": [
        -24.398190350278213, 
        5.457060359138978, 
        69.33287222166514
      ], 
      "location": [
        -24.398190350278213, 
        5.457060359138978, 
        69.33287222166514
      ], 
      "pose_transform_permuted": [
        [
          0.022243693628294887, 
          -0.5151712083669919, 
          -0.8567991119070916, 
          0.0
        ], 
        [
          0.9984419570009683, 
          0.05530969314254492, 
          -0.007335296811037754, 
          0.0
        ], 
        [
          -0.05116838712450673, 
          0.8553009338788579, 
          -0.515598929028639, 
          0.0
        ], 
        [
          -24.398190350278213, 
          5.457060359138978, 
          69.33287222166514, 
          1.0
        ]
      ], 
      "projected_cuboid": [
        [
          346.2083056541706, 
          380.6736206152036
        ], 
        [
          187.18824284643344, 
          371.6874317494611
        ], 
        [
          233.87013309603353, 
          239.72679526849885
        ], 
        [
          371.59285862843655, 
          247.25536634155372
        ], 
        [
          355.1026518277822, 
          396.29628601274663
        ], 
        [
          207.68906524064568, 
          387.9354734025141
        ], 
        [
          248.8113393400489, 
          262.3675682518784
        ], 
        [
          377.7423269766162, 
          269.45410531677885
        ]
      ], 
      "projected_cuboid_centroid": [
        292.3582787550076, 
        315.2631222886746
      ], 
      "quaternion_xyzw": [
        0.9631383601003177, 
        0.02763831363127339, 
        0.003869744326169377, 
        0.2675550523416669
      ], 
      "visibility": 0.8047631984062302
    }, 
    {
      "bounding_box": {
        "bottom_right": [
          272, 
          258
        ], 
        "top_left": [
          219, 
          183
        ]
      }, 
      "class": "061_foam_brick", 
      "cuboid": [
        [
          -39.46385722415997, 
          -7.740389301017247, 
          73.82078975338264
        ], 
        [
          -31.714021007825004, 
          -7.0894460495876555, 
          74.22067306506813
        ], 
        [
          -31.904901875889134, 
          -2.961018440872648, 
          71.19960018886376
        ], 
        [
          -39.6547380922241, 
          -3.6119616923022395, 
          70.79971687717827
        ], 
        [
          -39.940785654121505, 
          -4.663670167038974, 
          78.05539423130115
        ], 
        [
          -32.190949437786536, 
          -4.012726915609384, 
          78.45527754298662
        ], 
        [
          -32.38183030585067, 
          0.11570069310562481, 
          75.43420466678225
        ], 
        [
          -40.13166652218563, 
          -0.5352425583239666, 
          75.03432135509678
        ]
      ], 
      "cuboid_centroid": [
        -35.92284376500532, 
        -3.812344303955811, 
        74.62749721008245
      ], 
      "location": [
        -35.92284376500532, 
        -3.812344303955811, 
        74.62749721008245
      ], 
      "pose_transform_permuted": [
        [
          0.0907398071069141, 
          -0.5853727377121489, 
          -0.8056705563377524, 
          0.0
        ], 
        [
          -0.995176367772368, 
          -0.0835892943412414, 
          -0.05135004283279443, 
          0.0
        ], 
        [
          0.037286518121118994, 
          -0.8064437908589269, 
          0.590133991354071, 
          0.0
        ], 
        [
          -35.92284376500532, 
          -3.812344303955811, 
          74.62749721008245, 
          1.0
        ]
      ], 
      "projected_cuboid": [
        [
          194.1137938473985, 
          217.36596046672847
        ], 
        [
          251.81392844195236, 
          222.3446607935834
        ], 
        [
          240.62228587501534, 
          251.10707185438713
        ], 
        [
          180.39683521203742, 
          246.07837968455217
        ], 
        [
          206.42432056362784, 
          241.42164697643256
        ], 
        [
          260.94735821418186, 
          246.00901232562632
        ], 
        [
          250.74975988767991, 
          274.1045415077173
        ], 
        [
          193.97713942600697, 
          269.48220773701433
        ]
      ], 
      "projected_cuboid_centroid": [
        222.73788827305424, 
        246.04191701596213
      ], 
      "quaternion_xyzw": [
        -0.031821367453557854, 
        0.9496434482174148, 
        -0.3094600218831539, 
        0.03740610494560532
      ], 
      "visibility": 0.9542523794903285
    }
  ]
}