{
  "camera_data": {
    "location_worldframe": [
      -12.1535210950399, 
      4.100649859257372, 
      82.22688499225292
    ], 
    "quaternion_xyzw_worldframe": [
      0.9263445156042911, 
      0.0022447029713792786, 
      0.08832707811649661, 
      -0.3661683362198896
    ]
  }, 
  "objects": [
    {
      "bounding_box": {
        "bottom_right": [
          482, 
          364
        ], 
        "top_left": [
          300, 
          210
        ]
      }, 
      "class": "003_cracker_box", 
      "cuboid": [
        [
          -13.709455936162628, 
          18.446565182146863, 
          60.55832163815178
        ], 
        [
          -29.781326180897395, 
          20.212259644833665, 
          57.791477662065894
        ], 
        [
          -33.91636060997163, 
          4.820740140631054, 
          71.98852541040135
        ], 
        [
          -17.844490365236876, 
          3.05504567794425, 
          74.75536938648723
        ], 
        [
          -14.06871447728264, 
          23.360483204502387, 
          65.78103554043904
        ], 
        [
          -30.1405847220174, 
          25.126177667189186, 
          63.01419156435315
        ], 
        [
          -34.27561915109165, 
          9.734658162986577, 
          77.2112393126886
        ], 
        [
          -18.203748906356882, 
          7.968963700299773, 
          79.9780832887745
        ]
      ], 
      "cuboid_centroid": [
        -23.992537543627137, 
        14.09061167256672, 
        68.8847804754202
      ], 
      "location": [
        -23.992537543627137, 
        14.09061167256672, 
        68.8847804754202
      ], 
      "pose_transform_permuted": [
        [
          0.050036009708810336, 
          -0.6843897130694713, 
          -0.7273974968180099, 
          0.0
        ], 
        [
          0.979776973712796, 
          -0.10764066352013207, 
          0.1686729656439962, 
          0.0
        ], 
        [
          0.19373559176004507, 
          0.7211270402651897, 
          -0.6651633726264192, 
          0.0
        ], 
        [
          -23.992537543627137, 
          14.09061167256672, 
          68.8847804754202, 
          1.0
        ]
      ], 
      "projected_cuboid": [
        [
          359.8557145388446, 
          435.7400899914373
        ], 
        [
          204.47445048397043, 
          459.8122044778525
        ], 
        [
          228.23726977347704, 
          309.0004952783893
        ], 
        [
          353.23003789777806, 
          295.08183778266334
        ], 
        [
          366.5844615834256, 
          462.6815978637443
        ], 
        [
          224.37688524163582, 
          485.9415331100239
        ], 
        [
          242.872825941399, 
          340.5265393078277
        ], 
        [
          359.19702213100175, 
          326.4261510377334
        ]
      ], 
      "projected_cuboid_centroid": [
        294.2941075724847, 
        382.37883807987606
      ], 
      "quaternion_xyzw": [
        0.9257836559904258, 
        -0.08138409371619268, 
        0.059060498081170594, 
        0.3644353291839296
      ], 
      "visibility": 0.5015205491354592
    }, 
    {
      "bounding_box": {
        "bottom_right": [
          477, 
          402
        ], 
        "top_left": [
          351, 
          333
        ]
      }, 
      "class": "006_mustard_bottle", 
      "cuboid": [
        [
          -9.473296623291102, 
          25.440351929017236, 
          70.81389612604644
        ], 
        [
          -18.49954645194977, 
          24.401103140312784, 
          67.70699352119682
        ], 
        [
          -21.62587396889968, 
          11.208168920789706, 
          81.20267055202748
        ], 
        [
          -12.599624140241012, 
          12.247417709494158, 
          84.3095731568771
        ], 
        [
          -11.21778806374193, 
          29.611076191260487, 
          74.48694188232356
        ], 
        [
          -20.244037892400595, 
          28.57182740255604, 
          71.38003927747395
        ], 
        [
          -23.370365409350505, 
          15.378893183032961, 
          84.87571630830459
        ], 
        [
          -14.344115580691838, 
          16.41814197173741, 
          87.98261891315423
        ]
      ], 
      "cuboid_centroid": [
        -16.421831016320805, 
        20.4096225560251, 
        77.84480621717552
      ], 
      "location": [
        -16.421831016320805, 
        20.4096225560251, 
        77.84480621717552
      ], 
      "pose_transform_permuted": [
        [
          0.29948864279866805, 
          -0.7160164388447264, 
          -0.6305766041480617, 
          0.0
        ], 
        [
          0.9399993743409711, 
          0.10822802711100743, 
          0.3235548051666289, 
          0.0
        ], 
        [
          0.16342452345015862, 
          0.6896427121104453, 
          -0.7054681812584026, 
          0.0
        ], 
        [
          -16.421831016320805, 
          20.4096225560251, 
          77.84480621717552, 
          1.0
        ]
      ], 
      "projected_cuboid": [
        [
          409.65641433558295, 
          464.88506071149936
        ], 
        [
          334.6640875811275, 
          465.4909983911802
        ], 
        [
          338.3798966204828, 
          346.89909205522616
        ], 
        [
          401.23105315993223, 
          350.7603937154271
        ], 
        [
          400.60941371545186, 
          485.29909229627
        ], 
        [
          329.082230721769, 
          486.7623953080906
        ], 
        [
          333.52478002872965, 
          369.920360454474
        ], 
        [
          393.92351128141246, 
          372.80751997737536
        ]
      ], 
      "projected_cuboid_centroid": [
        368.15250861906793, 
        413.1141247300306
      ], 
      "quaternion_xyzw": [
        0.902803784135772, 
        -0.01528474329335837, 
        0.17253013858424354, 
        0.3936305554655698
      ], 
      "visibility": 0.32130999094476304
    }, 
    {
      "bounding_box": {
        "bottom_right": [
          364, 
          342
        ], 
        "top_left": [
          288, 
          247
        ]
      }, 
      "class": "008_pudding_box", 
      "cuboid": [
        [
          -17.07083228761229, 
          8.279853205310491, 
          66.13263848796029
        ], 
        [
          -28.15103356892684, 
          9.137055349110515, 
          63.75215227021018
        ], 
        [
          -29.937119236839028, 
          2.68855269987274, 
          69.74361471868322
        ], 
        [
          -18.856917955524477, 
          1.8313505560727175, 
          72.12410093643334
        ], 
        [
          -17.455788487087318, 
          10.941992523260902, 
          68.8830910553573
        ], 
        [
          -28.53598976840187, 
          11.799194667060926, 
          66.5026048376072
        ], 
        [
          -30.322075436314055, 
          5.350692017823149, 
          72.49406728608024
        ], 
        [
          -19.241874154999504, 
          4.493489874023127, 
          74.87455350383034
        ]
      ], 
      "cuboid_centroid": [
        -23.696453861963175, 
        6.8152726115668205, 
        69.31335288702026
      ], 
      "location": [
        -23.696453861963175, 
        6.8152726115668205, 
        69.31335288702026
      ], 
      "pose_transform_permuted": [
        [
          0.10006399561443324, 
          -0.6919859906131508, 
          -0.7149417882269373, 
          0.0
        ], 
        [
          0.9749063803184403, 
          -0.07542208106116108, 
          0.20945027468574698, 
          0.0
        ], 
        [
          0.19885830957827938, 
          0.7179601511709391, 
          -0.6670744387069713, 
          0.0
        ], 
        [
          -23.696453861963175, 
          6.8152726115668205, 
          69.31335288702026, 
          1.0
        ]
      ], 
      "projected_cuboid": [
        [
          342.78392678056565, 
          340.058527745285
        ], 
        [
          244.13664809506528, 
          349.722711140664
        ], 
        [
          250.76438874732622, 
          293.84552120898053
        ], 
        [
          340.9981315511027, 
          286.8284068231108
        ], 
        [
          345.32131830153594, 
          358.00368412224327
        ], 
        [
          250.8447767946659, 
          367.9105244697598
        ], 
        [
          256.6666475366942, 
          312.65015687401944
        ], 
        [
          343.3980806372314, 
          305.2929545068464
        ]
      ], 
      "projected_cuboid_centroid": [
        297.7493730043592, 
        325.72547214067407
      ], 
      "quaternion_xyzw": [
        0.923012502585463, 
        -0.07428945704179248, 
        0.08383263212394078, 
        0.368104555873631
      ], 
      "visibility": 0.8631759389122643
    }, 
    {
      "bounding_box": {
        "bottom_right": [
          530, 
          340
        ], 
        "top_left": [
          341, 
          185
        ]
      }, 
      "class": "019_pitcher_base", 
      "cuboid": [
        [
          -37.40561550570612, 
          35.18850261025383, 
          68.61272155696848
        ], 
        [
          -19.217638039591282, 
          35.197472525164244, 
          73.60921724261604
        ], 
        [
          -23.78022240308392, 
          18.172790685393608, 
          90.24825723553397
        ], 
        [
          -41.968199869198756, 
          18.163820770483188, 
          85.25176154988641
        ], 
        [
          -34.92470532869772, 
          25.713936631280436, 
          59.598853602752044
        ], 
        [
          -16.736727862582885, 
          25.722906546190856, 
          64.5953492883996
        ], 
        [
          -21.299312226075518, 
          8.698224706420223, 
          81.23438928131753
        ], 
        [
          -39.48728969219036, 
          8.689254791509807, 
          76.23789359566997
        ]
      ], 
      "cuboid_centroid": [
        -29.352463865890822, 
        21.943363658337024, 
        74.923555419143
      ], 
      "location": [
        -29.352463865890822, 
        21.943363658337024, 
        74.923555419143
      ], 
      "pose_transform_permuted": [
        [
          -0.1863860475619682, 
          0.711806062771437, 
          0.6771946992687099, 
          0.0
        ], 
        [
          -0.9642758484797946, 
          -0.00047555987614068807, 
          -0.2649002686351259, 
          0.0
        ], 
        [
          0.18823551594553586, 
          0.7023760032931592, 
          -0.6864658334794571, 
          0.0
        ], 
        [
          -29.352463865890822, 
          21.943363658337024, 
          74.923555419143, 
          1.0
        ]
      ], 
      "projected_cuboid": [
        [
          188.42411767929656, 
          546.8031267227154
        ], 
        [
          341.19951248719445, 
          528.3021743239267
        ], 
        [
          339.89740269425545, 
          380.6781425427978
        ], 
        [
          216.86367975428814, 
          386.91611168169146
        ], 
        [
          166.46936573138555, 
          503.3873727607551
        ], 
        [
          342.2618055002258, 
          485.66296984985894
        ], 
        [
          340.5976251368834, 
          330.3920768523216
        ], 
        [
          203.06309397750158, 
          334.071923370665
        ]
      ], 
      "projected_cuboid_centroid": [
        270.91968181769204, 
        429.4834175097535
      ], 
      "quaternion_xyzw": [
        -0.12339540841130058, 
        0.3823300763069621, 
        0.9143093774868635, 
        0.05133928424355815
      ], 
      "visibility": 0.23126229953159527
    }, 
    {
      "bounding_box": {
        "bottom_right": [
          412, 
          425
        ], 
        "top_left": [
          258, 
          246
        ]
      }, 
      "class": "035_power_drill", 
      "cuboid": [
        [
          -5.438977354808296, 
          11.441355854172569, 
          54.25289964636265
        ], 
        [
          -23.66082072803663, 
          12.611416908351602, 
          51.706347035102205
        ], 
        [
          -26.259917335580184, 
          -1.288433101638524, 
          63.917645371203605
        ], 
        [
          -8.038073962351854, 
          -2.458494155817556, 
          66.46419798246404
        ], 
        [
          -5.789461174164683, 
          15.245789237650992, 
          58.508804542726054
        ], 
        [
          -24.011304547393014, 
          16.415850291830022, 
          55.96225193146561
        ], 
        [
          -26.610401154936575, 
          2.5160002818398968, 
          68.17355026756701
        ], 
        [
          -8.38855778170824, 
          1.3459392276608646, 
          70.72010287882745
        ]
      ], 
      "cuboid_centroid": [
        -16.024689254872435, 
        6.978678068006233, 
        61.21322495696483
      ], 
      "location": [
        -16.024689254872435, 
        6.978678068006233, 
        61.21322495696483
      ], 
      "pose_transform_permuted": [
        [
          0.061281964457897464, 
          -0.6652037512513338, 
          -0.7441433760738932, 
          0.0
        ], 
        [
          0.988378418819368, 
          -0.06346575760554933, 
          0.13812859609230668, 
          0.0
        ], 
        [
          0.1391111285291833, 
          0.7439599650370828, 
          -0.6535838211674222, 
          0.0
        ], 
        [
          -16.024689254872435, 
          6.978678068006233, 
          61.21322495696483, 
          1.0
        ]
      ], 
      "projected_cuboid": [
        [
          427.68499557315846, 
          385.75792983024223
        ], 
        [
          235.51629276488455, 
          403.3656480797283
        ], 
        [
          260.6621680695754, 
          262.53603863623664
        ], 
        [
          416.5607475866744, 
          253.5591792197264
        ], 
        [
          428.38518200099537, 
          412.25498939461676
        ], 
        [
          250.86268724363202, 
          429.72939245699183
        ], 
        [
          271.689910313834, 
          292.9691306629507
        ], 
        [
          417.80948463213844, 
          283.43663277272395
        ]
      ], 
      "projected_cuboid_centroid": [
        340.8186460719145, 
        334.0881977687003
      ], 
      "quaternion_xyzw": [
        0.9322662924200286, 
        -0.054323772022495935, 
        0.05347467836484873, 
        0.35365098554496005
      ], 
      "visibility": 0.762906309751434
    }, 
    {
      "bounding_box": {
        "bottom_right": [
          304, 
          278
        ], 
        "top_left": [
          247, 
          201
        ]
      }, 
      "class": "061_foam_brick", 
      "cuboid": [
        [
          -33.27049474756553, 
          -3.305786145562422, 
          65.46752631652912
        ], 
        [
          -25.62734532778891, 
          -3.4968486146659505, 
          66.94717399061638
        ], 
        [
          -24.830841307556916, 
          -0.011827224203551446, 
          63.28282703606843
        ], 
        [
          -32.47399072733353, 
          0.17923524489997697, 
          61.803179361981186
        ], 
        [
          -33.85804461234543, 
          0.5421014999008791, 
          68.99939299937391
        ], 
        [
          -26.214895192568815, 
          0.3510390307973507, 
          70.47904067346116
        ], 
        [
          -25.41839117233682, 
          3.8360604212597496, 
          66.81469371891322
        ], 
        [
          -33.06154059211344, 
          4.027122890363278, 
          65.33504604482597
        ]
      ], 
      "cuboid_centroid": [
        -29.344442959951174, 
        0.26513713784866383, 
        66.14111001772118
      ], 
      "location": [
        -29.344442959951174, 
        0.26513713784866383, 
        66.14111001772118
      ], 
      "pose_transform_permuted": [
        [
          0.11178650306110283, 
          -0.7320942950425042, 
          -0.6719685415996709, 
          0.0
        ], 
        [
          -0.9814764422869207, 
          0.024534822248152066, 
          -0.19000535711674107, 
          0.0
        ], 
        [
          -0.15558846669717785, 
          -0.6807613279729322, 
          0.7157906421345218, 
          0.0
        ], 
        [
          -29.344442959951174, 
          0.26513713784866383, 
          66.14111001772118, 
          1.0
        ]
      ], 
      "projected_cuboid": [
        [
          208.30623412645807, 
          246.35653789742162
        ], 
        [
          275.74126715687845, 
          245.42968108337357
        ], 
        [
          270.58985572226305, 
          273.18686338442785
        ], 
        [
          199.0332283905137, 
          274.833216762146
        ], 
        [
          217.71593456888365, 
          277.47662333430515
        ], 
        [
          281.5740944554404, 
          275.9428736493545
        ], 
        [
          277.0148821189739, 
          303.9062419868502
        ], 
        [
          209.47195431371864, 
          306.1593012422734
        ]
      ], 
      "projected_cuboid_centroid": [
        243.01042392785823, 
        275.4244341824932
      ], 
      "quaternion_xyzw": [
        0.049322336065463185, 
        0.9129904588575287, 
        -0.39646770761132527, 
        0.08263828423669708
      ], 
      "visibility": 0.9217821782178218
    }
  ]
}