{
  "camera_data": {
    "location_worldframe": [
      -12.770675146066814, 
      3.429295158151717, 
      82.86035165140233
    ], 
    "quaternion_xyzw_worldframe": [
      0.9219647386281288, 
      0.00841118100583701, 
      0.07284081317051544, 
      -0.38027181258263953
    ]
  }, 
  "objects": [
    {
      "bounding_box": {
        "bottom_right": [
          472, 
          354
        ], 
        "top_left": [
          295, 
          203
        ]
      }, 
      "class": "003_cracker_box", 
      "cuboid": [
        [
          -15.199565804395753, 
          18.329109217920088, 
          61.65066760752844
        ], 
        [
          -31.371810142921774, 
          19.75919046845864, 
          59.30727341127646
        ], 
        [
          -34.78238743387732, 
          3.8770977864575356, 
          73.15215122688541
        ], 
        [
          -18.6101430953513, 
          2.4470165359189804, 
          75.49554542313739
        ], 
        [
          -15.556782179216919, 
          23.08472819923543, 
          67.01805823063904
        ], 
        [
          -31.729026517742938, 
          24.51480944977398, 
          64.67466403438706
        ], 
        [
          -35.13960380869848, 
          8.632716767772873, 
          78.51954184999602
        ], 
        [
          -18.967359470172465, 
          7.202635517234318, 
          80.862936046248
        ]
      ], 
      "cuboid_centroid": [
        -25.169584806547117, 
        13.48091299284648, 
        70.08510472876223
      ], 
      "location": [
        -25.169584806547117, 
        13.48091299284648, 
        70.08510472876223
      ], 
      "pose_transform_permuted": [
        [
          0.049751585426405204, 
          -0.6623424923417774, 
          -0.7475474584172175, 
          0.0
        ], 
        [
          0.9858960018256678, 
          -0.08718093529128043, 
          0.14285852479253824, 
          0.0
        ], 
        [
          0.15979315796279198, 
          0.7441114885285807, 
          -0.6486634252893084, 
          0.0
        ], 
        [
          -25.169584806547117, 
          13.48091299284648, 
          70.08510472876223, 
          1.0
        ]
      ], 
      "projected_cuboid": [
        [
          349.01489451620574, 
          431.8456139387219
        ], 
        [
          197.1356582349211, 
          450.9707007882518
        ], 
        [
          225.90101502010302, 
          301.5527221019011
        ], 
        [
          349.03474019841326, 
          290.57288026341644
        ], 
        [
          356.7668679612223, 
          456.9913176464313
        ], 
        [
          217.77306573180726, 
          475.44032033926914
        ], 
        [
          240.93322817765724, 
          331.92158347136785
        ], 
        [
          355.4581489145503, 
          320.7904595504979
        ]
      ], 
      "projected_cuboid_centroid": [
        288.47048243227704, 
        375.870887764975
      ], 
      "quaternion_xyzw": [
        0.9324101764743168, 
        -0.06621927223808977, 
        0.05164307379914383, 
        0.35150997670047357
      ], 
      "visibility": 0.4834788029925187
    }, 
    {
      "bounding_box": {
        "bottom_right": [
          470, 
          395
        ], 
        "top_left": [
          345, 
          328
        ]
      }, 
      "class": "006_mustard_bottle", 
      "cuboid": [
        [
          -10.896060133708476, 
          25.140479057681308, 
          72.00059082558995
        ], 
        [
          -19.96501400089666, 
          23.957496503770788, 
          69.07472414336372
        ], 
        [
          -22.43905158849945, 
          10.317793207053954, 
          82.25798502893569
        ], 
        [
          -13.37009772131127, 
          11.500775760964475, 
          85.1838517111619
        ], 
        [
          -12.65605738275957, 
          29.161170420086286, 
          75.83020007938997
        ], 
        [
          -21.72501124994775, 
          27.978187866175762, 
          72.90433339716374
        ], 
        [
          -24.199048837550546, 
          14.338484569458931, 
          86.08759428273571
        ], 
        [
          -15.130094970362363, 
          15.521467123369451, 
          89.01346096496192
        ]
      ], 
      "cuboid_centroid": [
        -17.54755448562951, 
        19.73948181357012, 
        79.04409255416283
      ], 
      "location": [
        -17.54755448562951, 
        19.73948181357012, 
        79.04409255416283
      ], 
      "pose_transform_permuted": [
        [
          0.30215062981993424, 
          -0.6902592763239964, 
          -0.6574549185368248, 
          0.0
        ], 
        [
          0.9444465999619733, 
          0.12319655245986255, 
          0.304701609517321, 
          0.0
        ], 
        [
          0.12932695360920646, 
          0.7129969586303011, 
          -0.689137051720558, 
          0.0
        ], 
        [
          -17.54755448562951, 
          19.73948181357012, 
          79.04409255416283, 
          1.0
        ]
      ], 
      "projected_cuboid": [
        [
          400.21566641507746, 
          459.5059794891313
        ], 
        [
          326.16443758338613, 
          458.26016194693517
        ], 
        [
          334.9011035480285, 
          340.1819423667533
        ], 
        [
          397.19189928916273, 
          345.2906656625821
        ], 
        [
          391.8442758801109, 
          478.3792746080146
        ], 
        [
          321.3469331682949, 
          477.95634010945724
        ], 
        [
          330.4326900901929, 
          362.11460522623327
        ], 
        [
          390.190437196954, 
          366.28261168424785
        ]
      ], 
      "projected_cuboid_centroid": [
        362.21504954682774, 
        406.47109197721886
      ], 
      "quaternion_xyzw": [
        0.9103431327155024, 
        -0.0016835413288221507, 
        0.16665480782148845, 
        0.37881219687182477
      ], 
      "visibility": 0.3160573808422027
    }, 
    {
      "bounding_box": {
        "bottom_right": [
          357, 
          337
        ], 
        "top_left": [
          284, 
          241
        ]
      }, 
      "class": "008_pudding_box", 
      "cuboid": [
        [
          -18.172603100140044, 
          7.928231279332579, 
          67.00946960370457
        ], 
        [
          -29.32428615084484, 
          8.567500894178501, 
          64.91097726899466
        ], 
        [
          -30.805790522882354, 
          1.910893091476161, 
          70.75611439813426
        ], 
        [
          -19.65410747217755, 
          1.271623476630239, 
          72.85460673284419
        ], 
        [
          -18.558220540335988, 
          10.501945243163068, 
          69.84274720595135
        ], 
        [
          -29.70990359104079, 
          11.14121485800899, 
          67.74425487124141
        ], 
        [
          -31.191407963078294, 
          4.4846070553066495, 
          73.58939200038104
        ], 
        [
          -20.039724912373497, 
          3.8453374404607277, 
          75.68788433509096
        ]
      ], 
      "cuboid_centroid": [
        -24.682005531609168, 
        6.2064191673196145, 
        70.2994308020428
      ], 
      "location": [
        -24.682005531609168, 
        6.2064191673196145, 
        70.2994308020428
      ], 
      "pose_transform_permuted": [
        [
          0.10023587591844753, 
          -0.6690010529529002, 
          -0.7364710009926341, 
          0.0
        ], 
        [
          0.9811957997329165, 
          -0.056246995016958894, 
          0.18463866442644017, 
          0.0
        ], 
        [
          0.16494699014106556, 
          0.7411300582901572, 
          -0.6507829437502038, 
          0.0
        ], 
        [
          -24.682005531609168, 
          6.2064191673196145, 
          70.2994308020428, 
          1.0
        ]
      ], 
      "projected_cuboid": [
        [
          335.75839711719453, 
          336.3862912877102
        ], 
        [
          238.6559425922284, 
          343.678576399939
        ], 
        [
          247.46542090424646, 
          287.6897696413349
        ], 
        [
          336.5235826759196, 
          282.5952383220185
        ], 
        [
          338.70544984836056, 
          353.4794468178257
        ], 
        [
          245.75541500281616, 
          360.99623492011887
        ], 
        [
          253.66181359686354, 
          305.7875371119911
        ], 
        [
          339.2144000714577, 
          300.3819414124453
        ]
      ], 
      "projected_cuboid_centroid": [
        292.7890757610812, 
        320.3709147044986
      ], 
      "quaternion_xyzw": [
        0.9298920446771909, 
        -0.05946765176241808, 
        0.07658806793098788, 
        0.3548218323454049
      ], 
      "visibility": 0.8532867577008574
    }, 
    {
      "bounding_box": {
        "bottom_right": [
          517, 
          332
        ], 
        "top_left": [
          333, 
          181
        ]
      }, 
      "class": "019_pitcher_base", 
      "cuboid": [
        [
          -39.107346056049735, 
          34.22788956644066, 
          70.72372891678307
        ], 
        [
          -20.81141510422061, 
          34.56321915829778, 
          75.29691583344143
        ], 
        [
          -24.55041359619457, 
          16.97012151163806, 
          91.54552885663325
        ], 
        [
          -42.846344548023694, 
          16.634791919780948, 
          86.97234193997488
        ], 
        [
          -36.60628404485731, 
          25.074883662419968, 
          61.38888542428218
        ], 
        [
          -18.310353093028187, 
          25.41021325427708, 
          65.96207234094055
        ], 
        [
          -22.049351585002146, 
          7.817115607617361, 
          82.21068536413236
        ], 
        [
          -40.34528253683127, 
          7.48178601576025, 
          77.637498447474
        ]
      ], 
      "cuboid_centroid": [
        -30.578348820525942, 
        21.022502587029013, 
        76.46720714045772
      ], 
      "location": [
        -30.578348820525942, 
        21.022502587029013, 
        76.46720714045772
      ], 
      "pose_transform_permuted": [
        [
          -0.18790001641077728, 
          0.6876478679364941, 
          0.7013089789791723, 
          0.0
        ], 
        [
          -0.9699992412664549, 
          -0.017778239901100494, 
          -0.24245761809047525, 
          0.0
        ], 
        [
          0.1542573800690305, 
          0.7258267571109933, 
          -0.670358247026154, 
          0.0
        ], 
        [
          -30.578348820525942, 
          21.022502587029013, 
          76.46720714045772, 
          1.0
        ]
      ], 
      "projected_cuboid": [
        [
          184.23543582637936, 
          531.3951540851072
        ], 
        [
          332.96375418949094, 
          518.0939305621762
        ], 
        [
          337.38107931464776, 
          372.1498931227247
        ], 
        [
          216.671210147984, 
          375.29207324595876
        ], 
        [
          160.92758227187858, 
          491.12607701983507
        ], 
        [
          332.31963287836686, 
          478.7343636806562
        ], 
        [
          337.3658436087742, 
          323.9979609429332
        ], 
        [
          202.14137215666673, 
          324.68158649656147
        ]
      ], 
      "projected_cuboid_centroid": [
        266.55147851089833, 
        419.9077202659479
      ], 
      "quaternion_xyzw": [
        -0.11674629706487273, 
        0.3683963582918188, 
        0.9215659196927559, 
        0.0370237053181804
      ], 
      "visibility": 0.2276657060518732
    }, 
    {
      "bounding_box": {
        "bottom_right": [
          409, 
          413
        ], 
        "top_left": [
          257, 
          237
        ]
      }, 
      "class": "035_power_drill", 
      "cuboid": [
        [
          -6.9094124590572195, 
          11.716399025144133, 
          54.958956609957845
        ], 
        [
          -25.210246709489514, 
          12.490104071079509, 
          52.868407583747846
        ], 
        [
          -27.170319204927495, 
          -1.8066915011640927, 
          64.73587120100586
        ], 
        [
          -8.869484954495197, 
          -2.5803965470994688, 
          66.82642022721585
        ], 
        [
          -7.253213262251242, 
          15.390509795228674, 
          59.328394768430584
        ], 
        [
          -25.554047512683535, 
          16.16421484116405, 
          57.23784574222059
        ], 
        [
          -27.514120008121516, 
          1.8674192689204476, 
          69.10530935947861
        ], 
        [
          -9.21328575768922, 
          1.0937142229850718, 
          71.19585838568861
        ]
      ], 
      "cuboid_centroid": [
        -17.21176623358937, 
        6.791909147032291, 
        62.032132984718224
      ], 
      "location": [
        -17.21176623358937, 
        6.791909147032291, 
        62.032132984718224
      ], 
      "pose_transform_permuted": [
        [
          0.060113441586611464, 
          -0.6424168911425561, 
          -0.7639946244029884, 
          0.0
        ], 
        [
          0.9926629951222635, 
          -0.0419668501298664, 
          0.1133943201391772, 
          0.0
        ], 
        [
          0.10490871945583116, 
          0.7652056336164902, 
          -0.6351807977372844, 
          0.0
        ], 
        [
          -17.21176623358937, 
          6.791909147032291, 
          62.032132984718224, 
          1.0
        ]
      ], 
      "projected_cuboid": [
        [
          413.9896465138627, 
          386.9820196606584
        ], 
        [
          225.1648408451018, 
          399.2827122827028
        ], 
        [
          255.89191135325407, 
          258.4023023877277
        ], 
        [
          410.2227556396551, 
          252.69324559443885
        ], 
        [
          415.8525445621417, 
          411.636147823743
        ], 
        [
          241.5103383012858, 
          423.8982916138668
        ], 
        [
          267.4875620352028, 
          287.69832884580563
        ], 
        [
          412.00631370645016, 
          281.47941923515725
        ]
      ], 
      "projected_cuboid_centroid": [
        332.3861985701949, 
        331.6797929114875
      ], 
      "quaternion_xyzw": [
        0.9383313984331098, 
        -0.039132115218290804, 
        0.04622774054441848, 
        0.34039084992073715
      ], 
      "visibility": 0.777141614726772
    }, 
    {
      "bounding_box": {
        "bottom_right": [
          298, 
          275
        ], 
        "top_left": [
          242, 
          197
        ]
      }, 
      "class": "061_foam_brick", 
      "cuboid": [
        [
          -34.089544784184866, 
          -4.045309227601546, 
          66.38924783081293
        ], 
        [
          -26.410939422119245, 
          -4.081813011104147, 
          67.6858905445203
        ], 
        [
          -25.789085262420784, 
          -0.4767565092012695, 
          64.10481579359923
        ], 
        [
          -33.46769062448641, 
          -0.44025272569866825, 
          62.80817307989185
        ], 
        [
          -34.68859951892964, 
          -0.3136681500783756, 
          70.04185302908206
        ], 
        [
          -27.00999415686402, 
          -0.3501719335809768, 
          71.33849574278945
        ], 
        [
          -26.38813999716556, 
          3.2548845683219003, 
          67.75742099186836
        ], 
        [
          -34.066745359231184, 
          3.2913883518245015, 
          66.46077827816099
        ]
      ], 
      "cuboid_centroid": [
        -30.238842390675213, 
        -0.39521232963982256, 
        67.07333441134065
      ], 
      "location": [
        -30.238842390675213, 
        -0.39521232963982256, 
        67.07333441134065
      ], 
      "pose_transform_permuted": [
        [
          0.11397540524394545, 
          -0.7099773682898276, 
          -0.6949401006674814, 
          0.0
        ], 
        [
          -0.9860294308763762, 
          0.004687544570231905, 
          -0.16650522025303666, 
          0.0
        ], 
        [
          -0.12147250077728922, 
          -0.7042088919079004, 
          0.6995243155979345, 
          0.0
        ], 
        [
          -30.238842390675213, 
          -0.39521232963982256, 
          67.07333441134065, 
          1.0
        ]
      ], 
      "projected_cuboid": [
        [
          205.4660513797984, 
          240.7896698656691
        ], 
        [
          271.762304661961, 
          241.12457931986225
        ], 
        [
          265.256971478629, 
          269.3201654146688
        ], 
        [
          195.04646755795295, 
          269.54824424280173
        ], 
        [
          215.26658463254657, 
          270.8981750267258
        ], 
        [
          277.9902670784006, 
          270.6686870201678
        ], 
        [
          272.1647740083255, 
          298.90577873524074
        ], 
        [
          205.9477262325774, 
          299.69853479108167
        ]
      ], 
      "projected_cuboid_centroid": [
        239.1555456357813, 
        270.14408984228373
      ], 
      "quaternion_xyzw": [
        0.034284755661974246, 
        0.9199427187944582, 
        -0.3830406108694594, 
        0.07622230704335017
      ], 
      "visibility": 0.9274703057872126
    }
  ]
}