{
  "camera_data": {
    "location_worldframe": [
      -10.00753461337172, 
      6.440360561095411, 
      82.56908842971022
    ], 
    "quaternion_xyzw_worldframe": [
      0.9363326283654555, 
      -0.023889124363550472, 
      0.14963484743149147, 
      -0.31673438994930575
    ]
  }, 
  "objects": [
    {
      "bounding_box": {
        "bottom_right": [
          510, 
          408
        ], 
        "top_left": [
          315, 
          251
        ]
      }, 
      "class": "003_cracker_box", 
      "cuboid": [
        [
          -8.124460788507616, 
          18.666966542766485, 
          59.6623758741332
        ], 
        [
          -23.612996841551304, 
          21.708238194107334, 
          55.19762130490181
        ], 
        [
          -30.58793551972041, 
          8.264877444048423, 
          70.23689752837585
        ], 
        [
          -15.099399466676719, 
          5.2236057927075725, 
          74.70165209760722
        ], 
        [
          -8.417366832455961, 
          24.082576254572036, 
          64.3674555794898
        ], 
        [
          -23.90590288549965, 
          27.12384790591289, 
          59.90270101025842
        ], 
        [
          -30.880841563668753, 
          13.680487155853974, 
          74.94197723373244
        ], 
        [
          -15.392305510625064, 
          10.639215504513125, 
          79.40673180296383
        ]
      ], 
      "cuboid_centroid": [
        -19.502651176088186, 
        16.17372684931023, 
        67.30217655393282
      ], 
      "location": [
        -19.502651176088186, 
        16.17372684931023, 
        67.30217655393282
      ], 
      "pose_transform_permuted": [
        [
          0.04079471461716208, 
          -0.7542632090923972, 
          -0.6553035958004068, 
          0.0
        ], 
        [
          0.944215623335075, 
          -0.18540268739199436, 
          0.2721813736422496, 
          0.0
        ], 
        [
          0.32679144405761257, 
          0.6298514546442399, 
          -0.7046236564104805, 
          0.0
        ], 
        [
          -19.502651176088186, 
          16.17372684931023, 
          67.30217655393282, 
          1.0
        ]
      ], 
      "projected_cuboid": [
        [
          408.3676240453587, 
          440.14980264022927
        ], 
        [
          251.54693733204888, 
          483.03160074618023
        ], 
        [
          247.40262599389868, 
          336.0430256471915
        ], 
        [
          372.8991555253089, 
          310.57957214856606
        ], 
        [
          411.2733788725139, 
          472.8238571770728
        ], 
        [
          266.9868066467613, 
          514.7727984540929
        ], 
        [
          260.004230931824, 
          370.6428124867492
        ], 
        [
          377.3561833885607, 
          344.7427212205891
        ]
      ], 
      "projected_cuboid_centroid": [
        325.76519869791207, 
        401.4512676122193
      ], 
      "quaternion_xyzw": [
        0.8985224918970758, 
        -0.14251010299369277, 
        0.08708076066037494, 
        0.4059127285791948
      ], 
      "visibility": 0.591333390425623
    }, 
    {
      "bounding_box": {
        "bottom_right": [
          493, 
          432
        ], 
        "top_left": [
          370, 
          354
        ]
      }, 
      "class": "006_mustard_bottle", 
      "cuboid": [
        [
          -4.086806814199457, 
          26.190294197445592, 
          69.61887154246601
        ], 
        [
          -12.864608953309537, 
          25.73415028852397, 
          65.75258260458335
        ], 
        [
          -18.545615340523646, 
          14.300957182595559, 
          79.99930143438323
        ], 
        [
          -9.767813201413567, 
          14.757101091517178, 
          83.8655903722659
        ], 
        [
          -5.694567965440912, 
          30.852224523011746, 
          72.71902736198565
        ], 
        [
          -14.472370104550992, 
          30.396080614090128, 
          68.852738424103
        ], 
        [
          -20.1533764917651, 
          18.962887508161714, 
          83.09945725390287
        ], 
        [
          -11.375574352655022, 
          19.419031417083332, 
          86.96574619178553
        ]
      ], 
      "cuboid_centroid": [
        -12.120091652982278, 
        22.57659085280365, 
        76.35916439818445
      ], 
      "location": [
        -12.120091652982278, 
        22.57659085280365, 
        76.35916439818445
      ], 
      "pose_transform_permuted": [
        [
          0.2760152294042167, 
          -0.8003451055425893, 
          -0.5322247145061306, 
          0.0
        ], 
        [
          0.9141258745857758, 
          0.04750311559451745, 
          0.4026377788804446, 
          0.0
        ], 
        [
          0.29696689054944214, 
          0.5976546362208687, 
          -0.7447278709173552, 
          0.0
        ], 
        [
          -12.120091652982278, 
          22.57659085280365, 
          76.35916439818445, 
          1.0
        ]
      ], 
      "projected_cuboid": [
        [
          450.02893817236935, 
          473.9188733675566
        ], 
        [
          376.38258893636373, 
          482.01638191280546
        ], 
        [
          356.931422782795, 
          368.6246270249507
        ], 
        [
          418.9637715979527, 
          367.1301628579503
        ], 
        [
          439.48520568014976, 
          499.55600443907787
        ], 
        [
          368.56278647458805, 
          508.72851769314144
        ], 
        [
          351.17791748587666, 
          394.9874442902925
        ], 
        [
          411.2547235644813, 
          392.374227036698
        ]
      ], 
      "projected_cuboid_centroid": [
        396.24059310086955, 
        430.9694843302957
      ], 
      "quaternion_xyzw": [
        0.8723538882404284, 
        -0.0714915638933251, 
        0.19448901914495126, 
        0.4427884707364624
      ], 
      "visibility": 0.24333632824198861
    }, 
    {
      "bounding_box": {
        "bottom_right": [
          385, 
          373
        ], 
        "top_left": [
          303, 
          274
        ]
      }, 
      "class": "008_pudding_box", 
      "cuboid": [
        [
          -13.021837080686922, 
          9.474086970116161, 
          65.76488694733224
        ], 
        [
          -23.696566357075653, 
          11.167617259350978, 
          62.24999283542335
        ], 
        [
          -26.67577399870996, 
          5.544819949501802, 
          68.5887137586216
        ], 
        [
          -16.00104472232123, 
          3.851289660266984, 
          72.10360787053047
        ], 
        [
          -13.36209820249332, 
          12.418778193950118, 
          68.21706604243415
        ], 
        [
          -24.036827478882056, 
          14.112308483184934, 
          64.70217193052528
        ], 
        [
          -27.016035120516364, 
          8.489511173335758, 
          71.0408928537235
        ], 
        [
          -16.34130584412763, 
          6.795980884100941, 
          74.5557869656324
        ]
      ], 
      "cuboid_centroid": [
        -20.018936100601643, 
        8.981799071725959, 
        68.40288990052787
      ], 
      "location": [
        -20.018936100601643, 
        8.981799071725959, 
        68.40288990052787
      ], 
      "pose_transform_permuted": [
        [
          0.08844613347344335, 
          -0.7654314181961794, 
          -0.637409758701656, 
          0.0
        ], 
        [
          0.939230381786779, 
          -0.14900753536145864, 
          0.3092626757261536, 
          0.0
        ], 
        [
          0.33169752500764077, 
          0.6260281845522758, 
          -0.7057373284614729, 
          0.0
        ], 
        [
          -20.018936100601643, 
          8.981799071725959, 
          68.40288990052787, 
          1.0
        ]
      ], 
      "projected_cuboid": [
        [
          375.11660889235964, 
          350.11653569550407
        ], 
        [
          276.8876361764029, 
          368.96380171250416
        ], 
        [
          272.4479158641379, 
          316.400935411809
        ], 
        [
          362.25787993735366, 
          301.7728822427799
        ], 
        [
          376.2619083772836, 
          370.3762839076594
        ], 
        [
          281.8179807770659, 
          389.60984295358264
        ], 
        [
          277.0915933309446, 
          337.0191626489319
        ], 
        [
          363.7287366125709, 
          321.9001981661037
        ]
      ], 
      "projected_cuboid_centroid": [
        324.2139011441207, 
        343.31529472001426
      ], 
      "quaternion_xyzw": [
        0.8948000230555304, 
        -0.13430516539539344, 
        0.11111667382436902, 
        0.41103283101009513
      ], 
      "visibility": 0.9181789239095829
    }, 
    {
      "bounding_box": {
        "bottom_right": [
          539, 
          381
        ], 
        "top_left": [
          367, 
          219
        ]
      }, 
      "class": "019_pitcher_base", 
      "cuboid": [
        [
          -30.525508267240536, 
          38.347690153381556, 
          63.849965311615875
        ], 
        [
          -12.948446801254166, 
          37.07738853494178, 
          70.57312066629092
        ], 
        [
          -20.734507375286597, 
          22.298572514286445, 
          88.13667604299195
        ], 
        [
          -38.31156884127297, 
          23.568874132726222, 
          81.41352068831692
        ], 
        [
          -28.2822789358989, 
          27.835633943098898, 
          55.99905914154735
        ], 
        [
          -10.705217469912528, 
          26.565332324659124, 
          62.722214496222385
        ], 
        [
          -18.491278043944963, 
          11.786516304003786, 
          80.28576987292342
        ], 
        [
          -36.068339509931334, 
          13.056817922443562, 
          73.5626145182484
        ]
      ], 
      "cuboid_centroid": [
        -24.50839315559275, 
        25.067103228692673, 
        72.06786759226965
      ], 
      "location": [
        -24.50839315559275, 
        25.067103228692673, 
        72.06786759226965
      ], 
      "pose_transform_permuted": [
        [
          -0.16852953916615276, 
          0.7897507241259514, 
          0.5898235995724189, 
          0.0
        ], 
        [
          -0.9318867856787623, 
          0.06734784960165945, 
          -0.35644294953459593, 
          0.0
        ], 
        [
          0.3212243352831445, 
          0.609719807259121, 
          -0.7246079512797263, 
          0.0
        ], 
        [
          -24.50839315559275, 
          25.067103228692673, 
          72.06786759226965, 
          1.0
        ]
      ], 
      "projected_cuboid": [
        [
          224.5018633001135, 
          593.593276260227
        ], 
        [
          382.930484565727, 
          553.4795804859989
        ], 
        [
          355.0859219360365, 
          408.2163530431004
        ], 
        [
          228.5361154000636, 
          427.6803293567114
        ], 
        [
          209.9997925179745, 
          538.3854328452585
        ], 
        [
          389.8133078887419, 
          499.16842171249266
        ], 
        [
          357.74020142530026, 
          351.581607857961
        ], 
        [
          217.92706092569873, 
          367.9468044434401
        ]
      ], 
      "projected_cuboid_centroid": [
        298.7176192975681, 
        458.78914117859773
      ], 
      "quaternion_xyzw": [
        -0.14833211245607672, 
        0.42788532003846697, 
        0.8847923757173632, 
        0.10979191151194123
      ], 
      "visibility": 0.20509578166110387
    }, 
    {
      "bounding_box": {
        "bottom_right": [
          421, 
          473
        ], 
        "top_left": [
          265, 
          296
        ]
      }, 
      "class": "035_power_drill", 
      "cuboid": [
        [
          -0.12253336623101602, 
          10.303307678948421, 
          54.840410164018536
        ], 
        [
          -17.823092949345952, 
          12.985722586500378, 
          50.43763947963919
        ], 
        [
          -22.944158655513196, 
          0.6746714352563397, 
          63.52540652040707
        ], 
        [
          -5.243599072398262, 
          -2.0077434722956173, 
          67.92817720478642
        ], 
        [
          -0.4395969191308094, 
          14.52410612042585, 
          58.68665638386589
        ], 
        [
          -18.14015650224575, 
          17.206521027977807, 
          54.28388569948653
        ], 
        [
          -23.261222208412992, 
          4.895469876733769, 
          67.37165274025442
        ], 
        [
          -5.560662625298057, 
          2.213054969181813, 
          71.77442342463377
        ]
      ], 
      "cuboid_centroid": [
        -11.691877787322005, 
        7.599388777841096, 
        61.10603145213648
      ], 
      "location": [
        -11.691877787322005, 
        7.599388777841096, 
        61.10603145213648
      ], 
      "pose_transform_permuted": [
        [
          0.05543844339342343, 
          -0.738005025594502, 
          -0.6725147100195576, 
          0.0
        ], 
        [
          0.9601032527082697, 
          -0.14549795817249353, 
          0.2388124756820456, 
          0.0
        ], 
        [
          0.2740941708705168, 
          0.6589228788416085, 
          -0.7004949480077215, 
          0.0
        ], 
        [
          -11.691877787322005, 
          7.599388777841096, 
          61.10603145213648, 
          1.0
        ]
      ], 
      "projected_cuboid": [
        [
          480.3955092539517, 
          373.4855653079329
        ], 
        [
          291.5679921377183, 
          410.59550462735115
        ], 
        [
          287.36701816429377, 
          278.9506573997471
        ], 
        [
          440.0852985722733, 
          257.5232869150746
        ], 
        [
          477.56890632087357, 
          405.2754891224397
        ], 
        [
          301.8913734068229, 
          442.33439636924163
        ], 
        [
          295.9247899519638, 
          312.0394829945621
        ], 
        [
          439.93425758727807, 
          289.73063460226297
        ]
      ], 
      "projected_cuboid_centroid": [
        378.70262439287836, 
        339.6122796314764
      ], 
      "quaternion_xyzw": [
        0.9071302058648245, 
        -0.115637238824769, 
        0.08109390393271632, 
        0.3964425295018179
      ], 
      "visibility": 0.8245728352157544
    }, 
    {
      "bounding_box": {
        "bottom_right": [
          328, 
          302
        ], 
        "top_left": [
          265, 
          229
        ]
      }, 
      "class": "061_foam_brick", 
      "cuboid": [
        [
          -30.23807045009888, 
          -0.4880832503793474, 
          64.55849971068326
        ], 
        [
          -22.81789277534649, 
          -1.2758952397435297, 
          66.78648326180829
        ], 
        [
          -21.33754701120524, 
          1.737353805977069, 
          62.92175326391918
        ], 
        [
          -28.757724685957626, 
          2.5251657953412514, 
          60.69376971279418
        ], 
        [
          -30.721769257231692, 
          3.7275728075863053, 
          67.66008251725428
        ], 
        [
          -23.301591582479304, 
          2.939760818222123, 
          69.88806606837929
        ], 
        [
          -21.82124581833805, 
          5.953009863942722, 
          66.02333607049019
        ], 
        [
          -29.241423493090434, 
          6.740821853306904, 
          63.79535251936518
        ]
      ], 
      "cuboid_centroid": [
        -26.029658134218465, 
        2.7324633067816873, 
        65.29091789058673
      ], 
      "location": [
        -26.029658134218465, 
        2.7324633067816873, 
        65.29091789058673
      ], 
      "pose_transform_permuted": [
        [
          0.0920279306071472, 
          -0.8020654536357776, 
          -0.5901032689895899, 
          0.0
        ], 
        [
          -0.9528440679844332, 
          0.10116496041689815, 
          -0.2861010885871005, 
          0.0
        ], 
        [
          -0.2891695732525167, 
          -0.5886056904820761, 
          0.7549333076749732, 
          0.0
        ], 
        [
          -26.029658134218465, 
          2.7324633067816873, 
          65.29091789058673, 
          1.0
        ]
      ], 
      "projected_cuboid": [
        [
          229.71782268716942, 
          269.25446851247807
        ], 
        [
          297.8676511427848, 
          263.09795064763887
        ], 
        [
          299.23462024900664, 
          288.0122053311372
        ], 
        [
          226.79547012278547, 
          295.4753124764481
        ], 
        [
          237.41968332191996, 
          302.66852366664426
        ], 
        [
          302.29954069559994, 
          295.7200105669137
        ], 
        [
          303.8617178811495, 
          321.3734255610328
        ], 
        [
          235.10598842254885, 
          329.63879812366605
        ]
      ], 
      "projected_cuboid_centroid": [
        267.20563468401315, 
        295.60627614540675
      ], 
      "quaternion_xyzw": [
        0.11028770389653643, 
        0.8848097291870297, 
        -0.4399247403001926, 
        0.10683907701310984
      ], 
      "visibility": 0.9506393861892584
    }
  ]
}