{
  "camera_data": {
    "location_worldframe": [
      -17.26429375308742, 
      1.5694257601883213, 
      84.06551704879604
    ], 
    "quaternion_xyzw_worldframe": [
      0.9110897669517155, 
      0.015652575682235173, 
      -0.028633097000271633, 
      -0.4109142679295545
    ]
  }, 
  "objects": [
    {
      "bounding_box": {
        "bottom_right": [
          435, 
          323
        ], 
        "top_left": [
          280, 
          150
        ]
      }, 
      "class": "003_cracker_box", 
      "cuboid": [
        [
          -24.838954031152145, 
          17.25517066738372, 
          64.71779148300048
        ], 
        [
          -41.22929708957555, 
          17.179460299567715, 
          65.3728014482324
        ], 
        [
          -40.62875294373902, 
          0.3233002838377477, 
          78.45189787724475
        ], 
        [
          -24.238409885315615, 
          0.39901065165375144, 
          77.79688791201282
        ], 
        [
          -24.632837361297234, 
          21.659476795835364, 
          70.38453666698695
        ], 
        [
          -41.02318041972064, 
          21.58376642801936, 
          71.03954663221887
        ], 
        [
          -40.42263627388411, 
          4.727606412289391, 
          84.11864306123121
        ], 
        [
          -24.032293215460705, 
          4.803316780105394, 
          83.4636330959993
        ]
      ], 
      "cuboid_centroid": [
        -32.630795152518125, 
        10.991388539836555, 
        74.41821727211585
      ], 
      "location": [
        -32.630795152518125, 
        10.991388539836555, 
        74.41821727211585
      ], 
      "pose_transform_permuted": [
        [
          -0.028707057769192718, 
          -0.6134131244778529, 
          -0.7892402951906057, 
          0.0
        ], 
        [
          0.9991917851102363, 
          0.004615472494979095, 
          -0.03993086502778964, 
          0.0
        ], 
        [
          -0.02813683355418123, 
          0.7897487170815577, 
          -0.6127848582215281, 
          0.0
        ], 
        [
          -32.630795152518125, 
          10.991388539836555, 
          74.41821727211585, 
          1.0
        ]
      ], 
      "projected_cuboid": [
        [
          275.20103159188125, 
          415.48113728715003
        ], 
        [
          142.4402337763783, 
          413.43874812231525
        ], 
        [
          203.09926326341764, 
          275.484348069921
        ], 
        [
          314.05123230230987, 
          276.0218684057255
        ], 
        [
          293.39303711982126, 
          437.4053016114879
        ], 
        [
          171.05468288448395, 
          435.32368292900713
        ], 
        [
          223.17826319842715, 
          303.2599777498835
        ], 
        [
          326.754749427368, 
          303.97898219912616
        ]
      ], 
      "projected_cuboid_centroid": [
        245.79905956166866, 
        352.0565350253469
      ], 
      "quaternion_xyzw": [
        0.9458039962622276, 
        0.008657265717473142, 
        -0.01814274497365103, 
        0.32411524680199516
      ], 
      "visibility": 0.34213861000097473
    }, 
    {
      "bounding_box": {
        "bottom_right": [
          448, 
          366
        ], 
        "top_left": [
          326, 
          288
        ]
      }, 
      "class": "006_mustard_bottle", 
      "cuboid": [
        [
          -19.343178143107977, 
          23.904689286364267, 
          74.59783888356264
        ], 
        [
          -28.651781693146894, 
          21.975626056039278, 
          73.24333424650278
        ], 
        [
          -27.454529507352348, 
          7.476361749594193, 
          85.66503531197078
        ], 
        [
          -18.145925957313434, 
          9.405424979919182, 
          87.01953994903064
        ], 
        [
          -20.725768606222616, 
          27.51981162181021, 
          78.95085973077214
        ], 
        [
          -30.03437215626153, 
          25.590748391485224, 
          77.59635509371228
        ], 
        [
          -28.837119970466986, 
          11.091484085040138, 
          90.01805615918028
        ], 
        [
          -19.528516420428073, 
          13.020547315365128, 
          91.37256079624014
        ]
      ], 
      "cuboid_centroid": [
        -24.09014905678748, 
        17.4980866857022, 
        82.30794752137146
      ], 
      "location": [
        -24.09014905678748, 
        17.4980866857022, 
        82.30794752137146
      ], 
      "pose_transform_permuted": [
        [
          0.2373586546446896, 
          -0.6206324987837485, 
          -0.7473125263762656, 
          0.0
        ], 
        [
          0.9694038697270376, 
          0.2008938666656789, 
          0.14105897084032076, 
          0.0
        ], 
        [
          -0.06258473139884695, 
          0.7579293425950574, 
          -0.6493275467968059, 
          0.0
        ], 
        [
          -24.09014905678748, 
          17.4980866857022, 
          82.30794752137146, 
          1.0
        ]
      ], 
      "projected_cuboid": [
        [
          342.1551582996159, 
          444.18745303259084
        ], 
        [
          271.23120578040084, 
          433.3015325021336
        ], 
        [
          309.25069649342413, 
          319.8316671278782
        ], 
        [
          369.45873723476996, 
          330.92988260008093
        ], 
        [
          340.42605923444404, 
          459.18514013904746
        ], 
        [
          273.4506345914533, 
          449.17169713229936
        ], 
        [
          309.32534763276544, 
          338.9989730347192
        ], 
        [
          366.6639495672489, 
          349.2843299485008
        ]
      ], 
      "projected_cuboid_centroid": [
        324.2026043282241, 
        386.6665040544341
      ], 
      "quaternion_xyzw": [
        0.9320200827635583, 
        0.07067406672270361, 
        0.10150468656291017, 
        0.3406471783888393
      ], 
      "visibility": 0.6578648955127167
    }, 
    {
      "bounding_box": {
        "bottom_right": [
          334, 
          301
        ], 
        "top_left": [
          266, 
          198
        ]
      }, 
      "class": "008_pudding_box", 
      "cuboid": [
        [
          -25.84633344278091, 
          6.339050953014776, 
          69.77322375822303
        ], 
        [
          -37.20557671184652, 
          5.9678342164307825, 
          69.72673643365047
        ], 
        [
          -36.997089961905495, 
          -1.1045063551865797, 
          75.25931655651941
        ], 
        [
          -25.63784669283989, 
          -0.7332896186025867, 
          75.30580388109196
        ], 
        [
          -25.93612201351042, 
          8.70715283451721, 
          72.803767907478
        ], 
        [
          -37.29536528257603, 
          8.335936097933217, 
          72.75728058290545
        ], 
        [
          -37.086878532635005, 
          1.2635955263158538, 
          78.28986070577439
        ], 
        [
          -25.727635263569397, 
          1.6348122628998467, 
          78.33634803034694
        ]
      ], 
      "cuboid_centroid": [
        -31.466605987707958, 
        3.8013232396653147, 
        74.0315422319987
      ], 
      "location": [
        -31.466605987707958, 
        3.8013232396653147, 
        74.0315422319987
      ], 
      "pose_transform_permuted": [
        [
          0.02333928680706096, 
          -0.6155550595323326, 
          -0.78774768889017, 
          0.0
        ], 
        [
          0.9994582641090359, 
          0.032662002773093, 
          0.004090249642499065, 
          0.0
        ], 
        [
          -0.02321239311617354, 
          0.7874167046408761, 
          -0.6159836286722831, 
          0.0
        ], 
        [
          -31.466605987707958, 
          3.8013232396653147, 
          74.0315422319987, 
          1.0
        ]
      ], 
      "projected_cuboid": [
        [
          282.39130835747244, 
          321.7397959773303
        ], 
        [
          194.65089261605075, 
          318.93277096940784
        ], 
        [
          217.23506508119107, 
          265.45953534694274
        ], 
        [
          298.51541091051155, 
          268.09334312019496
        ], 
        [
          290.0202650194385, 
          337.0702576127265
        ], 
        [
          205.9393573194075, 
          334.3899482446218
        ], 
        [
          226.8515806204354, 
          281.8942968063528
        ], 
        [
          304.9817831409818, 
          284.4164593593768
        ]
      ], 
      "projected_cuboid_centroid": [
        253.0241128548922, 
        300.6710833327116
      ], 
      "quaternion_xyzw": [
        0.9453336259808071, 
        0.014776369514861875, 
        0.007253930172297955, 
        0.32568890346169155
      ], 
      "visibility": 0.6733884867287142
    }, 
    {
      "bounding_box": {
        "bottom_right": [
          477, 
          298
        ], 
        "top_left": [
          307, 
          149
        ]
      }, 
      "class": "019_pitcher_base", 
      "cuboid": [
        [
          -48.00896993666723, 
          30.173638915599405, 
          78.96340628653591
        ], 
        [
          -29.28951188190351, 
          32.097906955195384, 
          80.24662744896301
        ], 
        [
          -28.419620364532843, 
          13.381303586419508, 
          95.62344983817137
        ], 
        [
          -47.13907841929656, 
          11.457035546823528, 
          94.34022867574427
        ], 
        [
          -46.448253479394815, 
          21.82573214744647, 
          68.71407713665593
        ], 
        [
          -27.728795424631098, 
          23.750000187042446, 
          69.99729829908303
        ], 
        [
          -26.85890390726043, 
          5.0333968182665725, 
          85.3741206882914
        ], 
        [
          -45.57836196202415, 
          3.109128778670595, 
          84.0908995258643
        ]
      ], 
      "cuboid_centroid": [
        -37.43393692196383, 
        17.60351786693299, 
        82.16876348741366
      ], 
      "location": [
        -37.43393692196383, 
        17.60351786693299, 
        82.16876348741366
      ], 
      "pose_transform_permuted": [
        [
          -0.11725364929846005, 
          0.6271623061371965, 
          0.7700125414098481, 
          0.0
        ], 
        [
          -0.9924534672680706, 
          -0.10201932568043394, 
          -0.0680328077980035, 
          0.0
        ], 
        [
          -0.035888537185001734, 
          0.7721784872756948, 
          -0.6343913592470662, 
          0.0
        ], 
        [
          -37.43393692196383, 
          17.60351786693299, 
          82.16876348741366, 
          1.0
        ]
      ], 
      "projected_cuboid": [
        [
          154.64186567867085, 
          477.07957688391235
        ], 
        [
          285.3166011173477, 
          486.6094264591892
        ], 
        [
          321.77174112923944, 
          347.91793083615136
        ], 
        [
          212.89197305074322, 
          338.05489298734085
        ], 
        [
          118.08786613285342, 
          442.6854567522113
        ], 
        [
          268.5667265100379, 
          454.2412392035826
        ], 
        [
          312.4152144238017, 
          304.7294280681621
        ], 
        [
          190.1219725897131, 
          293.00519093455307
        ]
      ], 
      "projected_cuboid_centroid": [
        236.60586480362994, 
        387.54286134179074
      ], 
      "quaternion_xyzw": [
        -0.04927660870561695, 
        0.3355079874937263, 
        0.9400325121975321, 
        -0.036676354561143265
      ], 
      "visibility": 0.19644199448759708
    }, 
    {
      "bounding_box": {
        "bottom_right": [
          394, 
          340
        ], 
        "top_left": [
          247, 
          166
        ]
      }, 
      "class": "035_power_drill", 
      "cuboid": [
        [
          -17.35368730132607, 
          11.871154184808546, 
          56.21984928170568
        ], 
        [
          -35.723717658366404, 
          10.916519349721172, 
          57.452815625100115
        ], 
        [
          -34.20478083566688, 
          -4.114274510484703, 
          68.44576824891708
        ], 
        [
          -15.83475047862654, 
          -3.159639675397329, 
          67.21280190552265
        ], 
        [
          -17.22022264163139, 
          15.255223455075273, 
          60.82848694618905
        ], 
        [
          -35.59025299867173, 
          14.300588619987897, 
          62.06145328958348
        ], 
        [
          -34.0713161759722, 
          -0.7302052402179772, 
          73.05440591340046
        ], 
        [
          -15.701285818931861, 
          0.2244295948693964, 
          71.82143957000602
        ]
      ], 
      "cuboid_centroid": [
        -25.712501738649134, 
        5.570474472295285, 
        64.63712759755308
      ], 
      "location": [
        -25.712501738649134, 
        5.570474472295285, 
        64.63712759755308
      ], 
      "pose_transform_permuted": [
        [
          -0.02333624572687636, 
          -0.5917032436030188, 
          -0.8058185683802271, 
          0.0
        ], 
        [
          0.9964162892888786, 
          0.05178073642317682, 
          -0.06687782898694626, 
          0.0
        ], 
        [
          -0.0812978690199465, 
          0.8044913338403935, 
          -0.588374453234477, 
          0.0
        ], 
        [
          -25.712501738649134, 
          5.570474472295285, 
          64.63712759755308, 
          1.0
        ]
      ], 
      "projected_cuboid": [
        [
          315.60251866335403, 
          385.90012699834284
        ], 
        [
          147.21955024465558, 
          374.62175516667463
        ], 
        [
          212.85729392014133, 
          241.2287026598472
        ], 
        [
          354.9045522435469, 
          248.21545528765674
        ], 
        [
          329.3589224625554, 
          407.0381701967939
        ], 
        [
          173.2066522822555, 
          396.1773753314214
        ], 
        [
          230.79319696583642, 
          267.9558156317925
        ], 
        [
          364.0334753144731, 
          274.95306957288784
        ]
      ], 
      "projected_cuboid_centroid": [
        267.67577096575707, 
        319.24840593644774
      ], 
      "quaternion_xyzw": [
        0.9495691380185937, 
        0.03503657609408256, 
        -0.023751318124677758, 
        0.31068767127896824
      ], 
      "visibility": 0.7473309608540926
    }, 
    {
      "bounding_box": {
        "bottom_right": [
          277, 
          242
        ], 
        "top_left": [
          222, 
          160
        ]
      }, 
      "class": "061_foam_brick", 
      "cuboid": [
        [
          -40.47888226737477, 
          -7.119663261976614, 
          71.13336433746056
        ], 
        [
          -32.720358258451235, 
          -6.455107618879481, 
          71.04812256514126
        ], 
        [
          -33.08582473167376, 
          -2.6209460242176537, 
          67.675753891271
        ], 
        [
          -40.844348740597304, 
          -3.2855016673147857, 
          67.7609956635903
        ], 
        [
          -40.731266017238056, 
          -3.6659739953329966, 
          75.08733314530119
        ], 
        [
          -32.97274200831451, 
          -3.001418352235864, 
          75.0020913729819
        ], 
        [
          -33.338208481537045, 
          0.832743242425963, 
          71.62972269911162
        ], 
        [
          -41.09673249046059, 
          0.1681875993288312, 
          71.71496447143093
        ]
      ], 
      "cuboid_centroid": [
        -36.90854537445591, 
        -3.143460009775325, 
        71.3815435182861
      ], 
      "location": [
        -36.90854537445591, 
        -3.143460009775325, 
        71.3815435182861
      ], 
      "pose_transform_permuted": [
        [
          0.04801821686612595, 
          -0.6570946040850133, 
          -0.7522771644356603, 
          0.0
        ], 
        [
          -0.9962919895262873, 
          -0.08533729650777033, 
          0.010946114858582212, 
          0.0
        ], 
        [
          0.07138993244673986, 
          -0.748962099913677, 
          0.6587558352213249, 
          0.0
        ], 
        [
          -36.90854537445591, 
          -3.143460009775325, 
          71.3815435182861, 
          1.0
        ]
      ], 
      "projected_cuboid": [
        [
          175.57911861683237, 
          219.90714452012165
        ], 
        [
          233.93631908152102, 
          224.8315587317124
        ], 
        [
          218.6910057329446, 
          252.63214167584616
        ], 
        [
          157.44862840068026, 
          247.42767385819255
        ], 
        [
          189.88595955155884, 
          247.24838159460668
        ], 
        [
          245.18293855213773, 
          251.94426398301601
        ], 
        [
          231.30866556132182, 
          279.48673340596275
        ], 
        [
          173.4278585760598, 
          274.53729144732233
        ]
      ], 
      "projected_cuboid_centroid": [
        203.54077226724888, 
        249.80051204954896
      ], 
      "quaternion_xyzw": [
        -0.04190189433574597, 
        0.9350843884211233, 
        -0.351799916563716, 
        0.009911432183714312
      ], 
      "visibility": 0.9096667584687413
    }
  ]
}