{
  "camera_data": {
    "location_worldframe": [
      -20.749411683795344, 
      -4.708910679233713, 
      96.19405624033658
    ], 
    "quaternion_xyzw_worldframe": [
      0.9572680358558194, 
      0.00907353706087979, 
      -0.005085659964733018, 
      -0.28901789581761117
    ]
  }, 
  "objects": [
    {
      "bounding_box": {
        "bottom_right": [
          350, 
          322
        ], 
        "top_left": [
          234, 
          168
        ]
      }, 
      "class": "003_cracker_box", 
      "cuboid": [
        [
          -27.045264244039124, 
          5.601625469405888, 
          73.13309024001335
        ], 
        [
          -43.44302778872081, 
          6.0231475213302454, 
          73.01567823208404
        ], 
        [
          -43.8967474064118, 
          -6.896603934031618, 
          89.99883777283479
        ], 
        [
          -27.49898386173011, 
          -7.318125985955976, 
          90.1162497807641
        ], 
        [
          -26.929563414918157, 
          11.313803135515078, 
          77.48165749416577
        ], 
        [
          -43.327326959599844, 
          11.735325187439436, 
          77.36424548623646
        ], 
        [
          -43.78104657729083, 
          -1.1844262679224282, 
          94.3474050269872
        ], 
        [
          -27.38328303260914, 
          -1.6059483198467859, 
          94.46481703491652
        ]
      ], 
      "cuboid_centroid": [
        -35.41315541066498, 
        2.20859960074173, 
        83.74024763350027
      ], 
      "location": [
        -35.41315541066498, 
        2.20859960074173, 
        83.74024763350027
      ], 
      "pose_transform_permuted": [
        [
          -0.016114321989856947, 
          -0.7955679390915706, 
          -0.6056500498773185, 
          0.0
        ], 
        [
          0.9996441544648234, 
          -0.02569692226845567, 
          0.007157697271989838, 
          0.0
        ], 
        [
          0.021257776720902177, 
          0.6053191905726434, 
          -0.7956989282720975, 
          0.0
        ], 
        [
          -35.41315541066498, 
          2.20859960074173, 
          83.74024763350027, 
          1.0
        ]
      ], 
      "projected_cuboid": [
        [
          282.72717429231955, 
          314.1361253654768
        ], 
        [
          161.63705864442534, 
          317.2806855841436
        ], 
        [
          219.30377910708745, 
          232.4182998306487
        ], 
        [
          317.4983179492901, 
          229.97692501020103
        ], 
        [
          294.6915396035258, 
          351.161392075356
        ], 
        [
          180.42593660413516, 
          354.1853911662246
        ], 
        [
          232.05261681262454, 
          266.5913064239308
        ], 
        [
          325.71104966077036, 
          264.2198429364588
        ]
      ], 
      "projected_cuboid_centroid": [
        254.18048895156898, 
        287.352527177153
      ], 
      "quaternion_xyzw": [
        0.8959092301838932, 
        -0.013102526854121142, 
        -0.002499311430251891, 
        0.44403685489350475
      ], 
      "visibility": 0.5776723456257638
    }, 
    {
      "bounding_box": {
        "bottom_right": [
          378, 
          358
        ], 
        "top_left": [
          288, 
          287
        ]
      }, 
      "class": "006_mustard_bottle", 
      "cuboid": [
        [
          -21.745990367850897, 
          14.46442697174059, 
          81.22031947923568
        ], 
        [
          -31.048370859839245, 
          12.436572073736968, 
          79.97148421983478
        ], 
        [
          -30.805954933564788, 
          1.611996953735595, 
          95.74267769320663
        ], 
        [
          -21.503574441576433, 
          3.6398518517392175, 
          96.99151295260752
        ], 
        [
          -23.188773214727572, 
          19.106938744214506, 
          84.42888901788926
        ], 
        [
          -32.49115370671593, 
          17.07908384621088, 
          83.18005375848836
        ], 
        [
          -32.24873778044146, 
          6.25450872620951, 
          98.95124723186021
        ], 
        [
          -22.946357288453108, 
          8.282363624213133, 
          100.20008249126111
        ]
      ], 
      "cuboid_centroid": [
        -26.99736407414618, 
        10.35946784897505, 
        90.08578335554795
      ], 
      "location": [
        -26.99736407414618, 
        10.35946784897505, 
        90.08578335554795
      ], 
      "pose_transform_permuted": [
        [
          0.247692288219326, 
          -0.7970113912142426, 
          -0.5508368308234165, 
          0.0
        ], 
        [
          0.9687557965199961, 
          0.2111820935119126, 
          0.1300544949204265, 
          0.0
        ], 
        [
          -0.012671963194305212, 
          0.5658399578885233, 
          -0.8244177117247764, 
          0.0
        ], 
        [
          -26.99736407414618, 
          10.35946784897505, 
          90.08578335554795, 
          1.0
        ]
      ], 
      "projected_cuboid": [
        [
          337.6157202634385, 
          368.26476772541355
        ], 
        [
          272.81394067105015, 
          356.22444390063356
        ], 
        [
          308.5672928601416, 
          282.26591441160195
        ], 
        [
          362.3717035307042, 
          293.3007043067178
        ], 
        [
          333.89776857378087, 
          393.9810623945416
        ], 
        [
          271.53981893464186, 
          382.79127458875814
        ], 
        [
          306.3369154021311, 
          306.99659298444425
        ], 
        [
          358.4462194930533, 
          317.3698022454387
        ]
      ], 
      "projected_cuboid_centroid": [
        320.43722307075285, 
        334.61593835179906
      ], 
      "quaternion_xyzw": [
        0.8782699734751177, 
        0.06372017246031919, 
        0.10752581624904385, 
        0.46154062870992474
      ], 
      "visibility": 0.7985263642643334
    }, 
    {
      "bounding_box": {
        "bottom_right": [
          267, 
          306
        ], 
        "top_left": [
          218, 
          216
        ]
      }, 
      "class": "008_pudding_box", 
      "cuboid": [
        [
          -28.596220115432132, 
          -3.6184710918535536, 
          80.76971811538397
        ], 
        [
          -39.95044920631865, 
          -3.7633295499499195, 
          80.2871537554667
        ], 
        [
          -40.186047280064415, 
          -9.171598852918706, 
          87.45416341054764
        ], 
        [
          -28.831818189177895, 
          -9.026740394822339, 
          87.9367277704649
        ], 
        [
          -28.733700560339276, 
          -0.5473840749625973, 
          83.08265780572275
        ], 
        [
          -40.08792965122579, 
          -0.6922425330589634, 
          82.60009344580548
        ], 
        [
          -40.323527724971555, 
          -6.100511836027748, 
          89.76710310088643
        ], 
        [
          -28.96929863408504, 
          -5.955653377931382, 
          90.24966746080368
        ]
      ], 
      "cuboid_centroid": [
        -34.459873920201844, 
        -4.859491463940651, 
        85.2684106081352
      ], 
      "location": [
        -34.459873920201844, 
        -4.859491463940651, 
        85.2684106081352
      ], 
      "pose_transform_permuted": [
        [
          0.03573612440848984, 
          -0.7982862419381695, 
          -0.6012164172083252, 
          0.0
        ], 
        [
          0.9990170849124914, 
          0.012745565848103798, 
          0.04245907285014651, 
          0.0
        ], 
        [
          0.026230900077568245, 
          0.6021431730033618, 
          -0.7979569235369248, 
          0.0
        ], 
        [
          -34.459873920201844, 
          -4.859491463940651, 
          85.2684106081352, 
          1.0
        ]
      ], 
      "projected_cuboid": [
        [
          291.20370655467747, 
          249.39390173789474
        ], 
        [
          214.00863091989802, 
          248.28805126178017
        ], 
        [
          234.48921964788167, 
          217.3556012884703
        ], 
        [
          305.2803606711829, 
          218.5410687467056
        ], 
        [
          295.61420976052085, 
          269.7728005252237
        ], 
        [
          220.6064912878658, 
          268.81697282983447
        ], 
        [
          240.03260357358107, 
          237.04249849333436
        ], 
        [
          308.9798521594358, 
          238.09231880705806
        ]
      ], 
      "projected_cuboid_centroid": [
        264.2682820268283, 
        242.89237508466255
      ], 
      "quaternion_xyzw": [
        0.8947592797959932, 
        -0.0037678665463349893, 
        0.02184811016334611, 
        0.44599793528798065
      ], 
      "visibility": 0.3309580364212193
    }, 
    {
      "bounding_box": {
        "bottom_right": [
          417, 
          296
        ], 
        "top_left": [
          272, 
          156
        ]
      }, 
      "class": "019_pitcher_base", 
      "cuboid": [
        [
          -50.354032026277885, 
          22.2157405709504, 
          82.47907268447882
        ], 
        [
          -31.65030820434157, 
          24.033584045012212, 
          84.1019510534615
        ], 
        [
          -31.98565246354975, 
          9.904192155247879, 
          103.79363581527411
        ], 
        [
          -50.68937628548606, 
          8.086348681186065, 
          102.17075744629143
        ], 
        [
          -48.644250296943994, 
          11.476900031578033, 
          74.80274012261555
        ], 
        [
          -29.940526475007673, 
          13.294743505639847, 
          76.42561849159823
        ], 
        [
          -30.275870734215854, 
          -0.8346483841244867, 
          96.11730325341085
        ], 
        [
          -48.97959455615217, 
          -2.652491858186301, 
          94.49442488442816
        ]
      ], 
      "cuboid_centroid": [
        -40.314951380246875, 
        10.690546093412955, 
        89.29818796894483
      ], 
      "location": [
        -40.314951380246875, 
        10.690546093412955, 
        89.29818796894483
      ], 
      "pose_transform_permuted": [
        [
          -0.12845263874425739, 
          0.8067885980239066, 
          0.5767082175067755, 
          0.0
        ], 
        [
          -0.991619282118123, 
          -0.09637699197836394, 
          -0.08604048576295968, 
          0.0
        ], 
        [
          0.013835075611205727, 
          0.5829269467645544, 
          -0.8124067733706966, 
          0.0
        ], 
        [
          -40.314951380246875, 
          10.690546093412955, 
          89.29818796894483, 
          1.0
        ]
      ], 
      "projected_cuboid": [
        [
          153.2884970549626, 
          416.9361828611985
        ], 
        [
          279.21892338329826, 
          425.6918135361817
        ], 
        [
          315.87657143898315, 
          324.17693786379897
        ], 
        [
          214.7993734191528, 
          315.49634650021545
        ], 
        [
          131.88892416544147, 
          355.11315998625605
        ], 
        [
          270.9224532996967, 
          366.0610186429768
        ], 
        [
          312.207444777207, 
          268.6553809134706
        ], 
        [
          202.85614239968325, 
          258.31606904739033
        ]
      ], 
      "projected_cuboid_centroid": [
        238.8157683151814, 
        337.13416710011023
      ], 
      "quaternion_xyzw": [
        -0.06041456380407102, 
        0.4560658170331434, 
        0.8875886499935448, 
        -0.023248921774675274
      ], 
      "visibility": 0.19881703470031545
    }, 
    {
      "bounding_box": {
        "bottom_right": [
          284, 
          342
        ], 
        "top_left": [
          185, 
          194
        ]
      }, 
      "class": "035_power_drill", 
      "cuboid": [
        [
          -19.396315062160767, 
          -1.9401722775132344, 
          66.66403851832378
        ], 
        [
          -37.82194039263624, 
          -2.1791881661241463, 
          67.23740714043448
        ], 
        [
          -37.217428486604035, 
          -13.892184175207856, 
          81.78103909313096
        ], 
        [
          -18.791803156128555, 
          -13.653168286596943, 
          81.20767047102024
        ], 
        [
          -19.342523529647167, 
          2.514978813904837, 
          70.24984581759571
        ], 
        [
          -37.76814886012264, 
          2.275962925293925, 
          70.82321443970643
        ], 
        [
          -37.163636954090435, 
          -9.437033083789784, 
          85.36684639240289
        ], 
        [
          -18.73801162361496, 
          -9.198017195178872, 
          84.79347777029218
        ]
      ], 
      "cuboid_centroid": [
        -28.2799760081256, 
        -5.688602680651509, 
        76.01544245536334
      ], 
      "location": [
        -28.2799760081256, 
        -5.688602680651509, 
        76.01544245536334
      ], 
      "pose_transform_permuted": [
        [
          -0.00940542929966839, 
          -0.7789814986044385, 
          -0.6269770623659123, 
          0.0
        ], 
        [
          0.9994318388582961, 
          0.012964558042741284, 
          -0.031100320670905988, 
          0.0
        ], 
        [
          -0.03235521650614858, 
          0.626913246915216, 
          -0.7784170268933683, 
          0.0
        ], 
        [
          -28.2799760081256, 
          -5.688602680651509, 
          76.01544245536334, 
          1.0
        ]
      ], 
      "projected_cuboid": [
        [
          325.1312960910342, 
          257.7649480309681
        ], 
        [
          179.09761986747802, 
          256.0014615063505
        ], 
        [
          236.86804513346274, 
          182.69128563667834
        ], 
        [
          357.1561695090905, 
          183.62133791672153
        ], 
        [
          333.5296527672982, 
          292.37963971148963
        ], 
        [
          194.82172802298587, 
          290.4252065413619
        ], 
        [
          247.4866671099977, 
          214.32975600680007
        ], 
        [
          362.7597636682449, 
          215.43441508793978
        ]
      ], 
      "projected_cuboid_centroid": [
        281.53306853805105, 
        233.3756578697684
      ], 
      "quaternion_xyzw": [
        0.9018484002507606, 
        0.012563024599336378, 
        -0.011228536292605187, 
        0.4317240361752511
      ], 
      "visibility": 0.6180116674769082
    }, 
    {
      "bounding_box": {
        "bottom_right": [
          218, 
          257
        ], 
        "top_left": [
          174, 
          191
        ]
      }, 
      "class": "061_foam_brick", 
      "cuboid": [
        [
          -43.68556411043295, 
          -15.977172248196242, 
          84.85296708838472
        ], 
        [
          -35.91289957748147, 
          -15.511402368143534, 
          84.96405100529952
        ], 
        [
          -36.022287652995836, 
          -12.670598566074364, 
          80.70669274499119
        ], 
        [
          -43.79495218594732, 
          -13.136368446127072, 
          80.59560882807638
        ], 
        [
          -43.98860414893536, 
          -11.616003055986349, 
          87.7708269981619
        ], 
        [
          -36.21593961598388, 
          -11.15023317593364, 
          87.8819109150767
        ], 
        [
          -36.325327691498245, 
          -8.309429373864472, 
          83.62455265476837
        ], 
        [
          -44.097992224449726, 
          -8.775199253917181, 
          83.51346873785356
        ]
      ], 
      "cuboid_centroid": [
        -40.0054459009656, 
        -12.143300811030358, 
        84.23875987157655
      ], 
      "location": [
        -40.0054459009656, 
        -12.143300811030358, 
        84.23875987157655
      ], 
      "pose_transform_permuted": [
        [
          0.057656019041679274, 
          -0.829750600721494, 
          -0.5551483802287326, 
          0.0
        ], 
        [
          -0.9981078105252997, 
          -0.05981070625358775, 
          -0.0142645710008944, 
          0.0
        ], 
        [
          0.021367780339989317, 
          -0.5549203726840158, 
          0.8316290025868356, 
          0.0
        ], 
        [
          -40.0054459009656, 
          -12.143300811030358, 
          84.23875987157655, 
          1.0
        ]
      ], 
      "projected_cuboid": [
        [
          204.73551335961008, 
          172.86649215338534
        ], 
        [
          254.29311007123962, 
          175.92142241200187
        ], 
        [
          241.5737267872303, 
          189.55769076997439
        ], 
        [
          189.3807834887874, 
          186.36018248959002
        ], 
        [
          212.08282028906808, 
          202.70452206784339
        ], 
        [
          259.98571592754064, 
          205.62030669754296
        ], 
        [
          247.9999549970017, 
          220.2927548235797
        ], 
        [
          197.63911794126093, 
          217.24784531219416
        ]
      ], 
      "projected_cuboid_centroid": [
        226.21000789930218, 
        196.406724737108
      ], 
      "quaternion_xyzw": [
        -0.023022798588666106, 
        0.8815010725231774, 
        -0.4711791213574068, 
        0.020397193005310458
      ], 
      "visibility": 0.8085874799357945
    }
  ]
}