{
  "camera_data": {
    "location_worldframe": [
      -10.760149878251239, 
      5.668996451345625, 
      82.16075891893472
    ], 
    "quaternion_xyzw_worldframe": [
      0.9337428002180442, 
      -0.016286431456319413, 
      0.12351856762724812, 
      -0.33556376157400136
    ]
  }, 
  "objects": [
    {
      "bounding_box": {
        "bottom_right": [
          502, 
          390
        ], 
        "top_left": [
          311, 
          237
        ]
      }, 
      "class": "003_cracker_box", 
      "cuboid": [
        [
          -10.30018215552549, 
          18.753104569761124, 
          59.65858195428674
        ], 
        [
          -26.064766000227024, 
          21.373479198998602, 
          55.95862942851291
        ], 
        [
          -31.904093212038077, 
          7.161664187678213, 
          70.77349085020047
        ], 
        [
          -16.139509367336544, 
          4.541289558440736, 
          74.47344337597431
        ], 
        [
          -10.582419553591176, 
          23.985736922133444, 
          64.56697255110994
        ], 
        [
          -26.347003398292713, 
          26.60611155137092, 
          60.867020025336096
        ], 
        [
          -32.18633061010377, 
          12.39429654005053, 
          75.68188144702367
        ], 
        [
          -16.42174676540223, 
          9.773921910813055, 
          79.3818339727975
        ]
      ], 
      "cuboid_centroid": [
        -21.243256382814625, 
        15.573700554905828, 
        67.67023170065521
      ], 
      "location": [
        -21.243256382814625, 
        15.573700554905828, 
        67.67023170065521
      ], 
      "pose_transform_permuted": [
        [
          0.0393088307539685, 
          -0.7287788965843323, 
          -0.6836198766259498, 
          0.0
        ], 
        [
          0.9610441109841232, 
          -0.1597438683322604, 
          0.2255573392132954, 
          0.0
        ], 
        [
          0.27358551234941514, 
          0.6658552518555128, 
          -0.6941093220876229, 
          0.0
        ], 
        [
          -21.243256382814625, 
          15.573700554905828, 
          67.67023170065521, 
          1.0
        ]
      ], 
      "projected_cuboid": [
        [
          388.7509578028658, 
          440.9304474523887
        ], 
        [
          231.11392769314352, 
          476.9887217865113
        ], 
        [
          239.1775820181208, 
          327.25385983459273
        ], 
        [
          365.05556102222954, 
          305.80764274813697
        ], 
        [
          393.45843982518727, 
          471.40738385567863
        ], 
        [
          248.81960768820764, 
          506.41049109226077
        ], 
        [
          252.8943712140089, 
          360.6274039595929
        ], 
        [
          370.3496453767199, 
          338.9517374174725
        ]
      ], 
      "projected_cuboid_centroid": [
        312.78046219781214, 
        396.02528557603216
      ], 
      "quaternion_xyzw": [
        0.9097416170904772, 
        -0.11908034450142652, 
        0.0727860979951525, 
        0.3910143803310373
      ], 
      "visibility": 0.5536112540744553
    }, 
    {
      "bounding_box": {
        "bottom_right": [
          489, 
          420
        ], 
        "top_left": [
          364, 
          347
        ]
      }, 
      "class": "006_mustard_bottle", 
      "cuboid": [
        [
          -6.107427198856379, 
          26.066834999069314, 
          69.70670446771327
        ], 
        [
          -15.021773834623536, 
          25.42186136355033, 
          66.19607761812104
        ], 
        [
          -19.67468273965568, 
          13.2933263146423, 
          80.23921871522866
        ], 
        [
          -10.760336103888523, 
          13.938299950161287, 
          83.74984556482087
        ], 
        [
          -7.744793574013347, 
          30.5543864531331, 
          73.0399265853963
        ], 
        [
          -16.659140209780503, 
          29.90941281761412, 
          69.52929973580409
        ], 
        [
          -21.31204911481265, 
          17.780877768706087, 
          83.5724408329117
        ], 
        [
          -12.397702479045492, 
          18.425851404225078, 
          87.08306768250392
        ]
      ], 
      "cuboid_centroid": [
        -13.709738156834513, 
        21.923856383887703, 
        76.63957265031249
      ], 
      "location": [
        -13.709738156834513, 
        21.923856383887703, 
        76.63957265031249
      ], 
      "pose_transform_permuted": [
        [
          0.2810977584006996, 
          -0.7704083054253522, 
          -0.5722367820351218, 
          0.0
        ], 
        [
          0.9283457049542899, 
          0.06716796292623371, 
          0.3655989037311739, 
          0.0
        ], 
        [
          0.24322449146458414, 
          0.6340026915830322, 
          -0.734086121526122, 
          0.0
        ], 
        [
          -13.709738156834513, 
          21.923856383887703, 
          76.63957265031249, 
          1.0
        ]
      ], 
      "projected_cuboid": [
        [
          434.4803015871652, 
          472.7214945247297
        ], 
        [
          359.5631096485218, 
          478.10194387388094
        ], 
        [
          349.7371555984481, 
          361.64222442255345
        ], 
        [
          412.50414675737994, 
          362.04572636442714
        ], 
        [
          424.5752249694838, 
          496.3871544392443
        ], 
        [
          352.74942923445565, 
          502.7045766700885
        ], 
        [
          344.4603162953071, 
          386.75564604521406
        ], 
        [
          405.03754411071475, 
          386.1312924439508
        ]
      ], 
      "projected_cuboid_centroid": [
        385.3986742083836, 
        425.8503055471638
      ], 
      "quaternion_xyzw": [
        0.885237987573461, 
        -0.04972011227764344, 
        0.18263356046901677, 
        0.42488416902314213
      ], 
      "visibility": 0.2991084695393759
    }, 
    {
      "bounding_box": {
        "bottom_right": [
          379, 
          360
        ], 
        "top_left": [
          299, 
          265
        ]
      }, 
      "class": "008_pudding_box", 
      "cuboid": [
        [
          -14.60079550473082, 
          9.176720207974578, 
          65.61941959859948
        ], 
        [
          -25.470325749482864, 
          10.596049425811223, 
          62.6175556089267
        ], 
        [
          -27.972377066969038, 
          4.647852505439159, 
          68.8649233188468
        ], 
        [
          -17.102846822217, 
          3.2285232876025125, 
          71.86678730851959
        ], 
        [
          -14.939544869562859, 
          12.018942509310424, 
          68.18986461975975
        ], 
        [
          -25.8090751143149, 
          13.438271727147072, 
          65.18800063008696
        ], 
        [
          -28.311126431801082, 
          7.490074806775006, 
          71.43536834000707
        ], 
        [
          -17.44159618704904, 
          6.070745588938359, 
          74.43723232967984
        ]
      ], 
      "cuboid_centroid": [
        -21.45596096826595, 
        8.33339750737479, 
        68.52739396930328
      ], 
      "location": [
        -21.45596096826595, 
        8.33339750737479, 
        68.52739396930328
      ], 
      "pose_transform_permuted": [
        [
          0.0880531733302925, 
          -0.738796050781784, 
          -0.6681513368930915, 
          0.0
        ], 
        [
          0.9563702064278586, 
          -0.12488158609309714, 
          0.26412303189071273, 
          0.0
        ], 
        [
          0.2785721336955887, 
          0.6622573630561556, 
          -0.6955662902557483, 
          0.0
        ], 
        [
          -21.45596096826595, 
          8.33339750737479, 
          68.52739396930328, 
          1.0
        ]
      ], 
      "projected_cuboid": [
        [
          361.9406853370661, 
          347.8700168682202
        ], 
        [
          262.856101376186, 
          363.53408290841867
        ], 
        [
          263.16165735855543, 
          309.28150670251983
        ], 
        [
          353.6200721096302, 
          297.2452365470297
        ], 
        [
          363.7797113732945, 
          367.28785980494206
        ], 
        [
          268.6868433576049, 
          383.22845070754585
        ], 
        [
          268.47147805269213, 
          329.2056669324759
        ], 
        [
          355.592077391019, 
          316.7815391482069
        ]
      ], 
      "projected_cuboid_centroid": [
        313.2228889635553, 
        338.14182909353315
      ], 
      "quaternion_xyzw": [
        0.9064737870420062, 
        -0.11127010112041709, 
        0.09712807205661791, 
        0.3955884774445948
      ], 
      "visibility": 0.9073407419001409
    }, 
    {
      "bounding_box": {
        "bottom_right": [
          539, 
          365
        ], 
        "top_left": [
          359, 
          204
        ]
      }, 
      "class": "019_pitcher_base", 
      "cuboid": [
        [
          -33.18497173815497, 
          37.43170116848648, 
          65.49556942398513
        ], 
        [
          -15.30079561812421, 
          36.578104054300844, 
          71.42812286903262
        ], 
        [
          -21.79390113597656, 
          20.91397201278304, 
          88.74831824394846
        ], 
        [
          -39.67807725600732, 
          21.767569126968677, 
          82.81576479890099
        ], 
        [
          -30.9098748976334, 
          27.29185477136802, 
          57.178143097203126
        ], 
        [
          -13.02569877760264, 
          26.438257657182383, 
          63.11069654225061
        ], 
        [
          -19.518804295454988, 
          10.774125615664584, 
          80.43089191716646
        ], 
        [
          -37.40298041548576, 
          11.627722729850221, 
          74.49833847211897
        ]
      ], 
      "cuboid_centroid": [
        -26.35188801680498, 
        24.102913392075532, 
        72.9632306705758
      ], 
      "location": [
        -26.35188801680498, 
        24.102913392075532, 
        72.9632306705758
      ], 
      "pose_transform_permuted": [
        [
          -0.17092368432172436, 
          0.7617873111082702, 
          0.6248723687393328, 
          0.0
        ], 
        [
          -0.9481691482537633, 
          0.04525533875741511, 
          -0.3145274408621141, 
          0.0
        ], 
        [
          0.267881746367563, 
          0.6462447029509841, 
          -0.7145678091482004, 
          0.0
        ], 
        [
          -26.35188801680498, 
          24.102913392075532, 
          72.9632306705758, 
          1.0
        ]
      ], 
      "projected_cuboid": [
        [
          209.12545169924093, 
          578.0866861461659
        ], 
        [
          366.40130310886, 
          546.3977219782365
        ], 
        [
          349.53850088655804, 
          398.96588669485163
        ], 
        [
          223.94754673201552, 
          413.4660185626263
        ], 
        [
          190.88775929602843, 
          527.8467566630627
        ], 
        [
          370.6055495460726, 
          496.7041411140566
        ], 
        [
          351.0935974789157, 
          344.72739914082035
        ], 
        [
          211.6047788071426, 
          356.5272164542069
        ]
      ], 
      "projected_cuboid_centroid": [
        287.3746224386774, 
        449.46508168531
      ], 
      "quaternion_xyzw": [
        -0.13528066238659736, 
        0.41141587324677825, 
        0.8971184732163417, 
        0.08726190979055465
      ], 
      "visibility": 0.20328143070747193
    }, 
    {
      "bounding_box": {
        "bottom_right": [
          420, 
          454
        ], 
        "top_left": [
          263, 
          275
        ]
      }, 
      "class": "035_power_drill", 
      "cuboid": [
        [
          -2.221261435443511, 
          10.865845703490457, 
          54.203719423572
        ], 
        [
          -20.179008605867963, 
          13.043735592780608, 
          50.64483460046666
        ], 
        [
          -24.291569707411426, 
          0.09988761664178614, 
          63.47528982565325
        ], 
        [
          -6.333822536986972, 
          -2.078002272648366, 
          67.0341746487586
        ], 
        [
          -2.522160071614871, 
          14.934462924327724, 
          58.21184775047252
        ], 
        [
          -20.479907242039324, 
          17.112352813617875, 
          54.65296292736718
        ], 
        [
          -24.592468343582784, 
          4.168504837479053, 
          67.48341815255378
        ], 
        [
          -6.634721173158331, 
          1.9906149481889006, 
          71.04230297565911
        ]
      ], 
      "cuboid_centroid": [
        -13.406864889513148, 
        7.5171752704847545, 
        60.84356878806288
      ], 
      "location": [
        -13.406864889513148, 
        7.5171752704847545, 
        60.84356878806288
      ], 
      "pose_transform_permuted": [
        [
          0.052612013761847674, 
          -0.7113961962010201, 
          -0.700819735766595, 
          0.0
        ], 
        [
          0.974053469252136, 
          -0.1181318114226508, 
          0.19303891939874068, 
          0.0
        ], 
        [
          0.2201161027721991, 
          0.6927919855863535, 
          -0.6867228793029586, 
          0.0
        ], 
        [
          -13.406864889513148, 
          7.5171752704847545, 
          60.84356878806288, 
          1.0
        ]
      ], 
      "projected_cuboid": [
        [
          459.55956897306106, 
          380.19743566546776
        ], 
        [
          267.3295168560759, 
          410.6446651076375
        ], 
        [
          275.79836914893053, 
          274.12579404812953
        ], 
        [
          430.78564532964685, 
          256.7540855169364
        ], 
        [
          458.2972257587492, 
          410.1116320040302
        ], 
        [
          280.0827025726049, 
          440.2738773826864
        ], 
        [
          285.62382194240126, 
          306.2301161704589
        ], 
        [
          431.37467814077655, 
          288.2302249109834
        ]
      ], 
      "projected_cuboid_centroid": [
        363.1009047103419, 
        339.1777547810968
      ], 
      "quaternion_xyzw": [
        0.9175599695122227, 
        -0.09215962047000137, 
        0.06693048447045294, 
        0.3809339776034537
      ], 
      "visibility": 0.793873643905552
    }, 
    {
      "bounding_box": {
        "bottom_right": [
          320, 
          291
        ], 
        "top_left": [
          259, 
          217
        ]
      }, 
      "class": "061_foam_brick", 
      "cuboid": [
        [
          -31.48835028620574, 
          -1.3677160381087767, 
          64.76868080949248
        ], 
        [
          -23.955857188183803, 
          -1.9578722311733223, 
          66.65464437107121
        ], 
        [
          -22.751176483928173, 
          1.2418672865564746, 
          62.844441913326555
        ], 
        [
          -30.28366958195011, 
          1.8320234796210204, 
          60.95847835174782
        ], 
        [
          -31.987499457372596, 
          2.715721181763477, 
          68.04006079619327
        ], 
        [
          -24.45500635935066, 
          2.1255649886989314, 
          69.92602435777201
        ], 
        [
          -23.25032565509503, 
          5.325304506428728, 
          66.11582190002736
        ], 
        [
          -30.78281875311697, 
          5.9154606994932735, 
          64.22985833844862
        ]
      ], 
      "cuboid_centroid": [
        -27.36933797065039, 
        1.9787942341599758, 
        65.44225135475992
      ], 
      "location": [
        -27.36933797065039, 
        1.9787942341599758, 
        65.44225135475992
      ], 
      "pose_transform_permuted": [
        [
          0.09496749756123712, 
          -0.7769096627229503, 
          -0.6224086682997501, 
          0.0
        ], 
        [
          -0.967266779878475, 
          0.07578347209382597, 
          -0.24218142352569125, 
          0.0
        ], 
        [
          -0.23532137801415812, 
          -0.6250345921028021, 
          0.7442819410172474, 
          0.0
        ], 
        [
          -27.36933797065039, 
          1.9787942341599758, 
          65.44225135475992, 
          1.0
        ]
      ], 
      "projected_cuboid": [
        [
          220.15432311327913, 
          262.02446288241987
        ], 
        [
          288.32324499550685, 
          257.62113893709056
        ], 
        [
          286.91375735883474, 
          283.82545158231704
        ], 
        [
          214.44033767555254, 
          289.3147267572993
        ], 
        [
          228.77944919724789, 
          294.57322220421275
        ], 
        [
          293.52656750253186, 
          289.4980335467498
        ], 
        [
          292.4866840112603, 
          316.24280923406286
        ], 
        [
          223.8681448729857, 
          322.40436442743464
        ]
      ], 
      "projected_cuboid_centroid": [
        256.69274738611387, 
        289.41265978037467
      ], 
      "quaternion_xyzw": [
        0.08675727104755114, 
        0.8964806244812303, 
        -0.42421206945227374, 
        0.09402013604087305
      ], 
      "visibility": 0.9116837628221166
    }
  ]
}