{
  "camera_data": {
    "location_worldframe": [
      -17.23723814380285, 
      -0.15572003289935493, 
      89.38125976792448
    ], 
    "quaternion_xyzw_worldframe": [
      0.8898213682428457, 
      0.03089608466666852, 
      0.014678555845236084, 
      -0.45502797559193325
    ]
  }, 
  "objects": [
    {
      "bounding_box": {
        "bottom_right": [
          420, 
          333
        ], 
        "top_left": [
          273, 
          187
        ]
      }, 
      "class": "003_cracker_box", 
      "cuboid": [
        [
          -22.975394977599432, 
          17.481395072863055, 
          71.11220455090427
        ], 
        [
          -39.359052411878096, 
          17.572132466098136, 
          70.3086801338322
        ], 
        [
          -40.01457627185361, 
          -0.5078024641384751, 
          81.63298093051755
        ], 
        [
          -23.630918837574953, 
          -0.598539857373559, 
          82.43650534758963
        ], 
        [
          -23.252250717578676, 
          21.297049183565452, 
          77.18810219171942
        ], 
        [
          -39.635908151857336, 
          21.387786576800536, 
          76.38457777464734
        ], 
        [
          -40.29143201183285, 
          3.3078516465639236, 
          87.7088785713327
        ], 
        [
          -23.907774577554196, 
          3.21711425332884, 
          88.51240298840477
        ]
      ], 
      "cuboid_centroid": [
        -31.633413494716144, 
        10.394623359713488, 
        79.41054156111849
      ], 
      "location": [
        -31.633413494716144, 
        10.394623359713488, 
        79.41054156111849
      ], 
      "pose_transform_permuted": [
        [
          0.03855929618361906, 
          -0.5314281618284247, 
          -0.846225318395453, 
          0.0
        ], 
        [
          0.9987842145853267, 
          -0.005531553403100825, 
          0.048984636490648936, 
          0.0
        ], 
        [
          0.03071275586781974, 
          0.8470853031027104, 
          -0.5305687664143016, 
          0.0
        ], 
        [
          -31.633413494716144, 
          10.394623359713488, 
          79.41054156111849, 
          1.0
        ]
      ], 
      "projected_cuboid": [
        [
          307.8527618859338, 
          404.3916048597322
        ], 
        [
          180.55483472951508, 
          406.5782218021084
        ], 
        [
          217.99773630008494, 
          269.9689940742966
        ], 
        [
          327.44378706549605, 
          269.4143089743972
        ], 
        [
          319.60029221151945, 
          420.43529628544474
        ], 
        [
          202.55166701572628, 
          422.6167529856294
        ], 
        [
          234.56070612602562, 
          293.4001466613445
        ], 
        [
          336.34351728415453, 
          292.6708273541241
        ]
      ], 
      "projected_cuboid_centroid": [
        267.37725389596795, 
        343.0966172031814
      ], 
      "quaternion_xyzw": [
        0.9607412289585955, 
        -0.009431340140936785, 
        0.022780310148957084, 
        0.2763483277890259
      ], 
      "visibility": 0.3778594089163466
    }, 
    {
      "bounding_box": {
        "bottom_right": [
          426, 
          372
        ], 
        "top_left": [
          312, 
          305
        ]
      }, 
      "class": "006_mustard_bottle", 
      "cuboid": [
        [
          -18.34756993220398, 
          23.037382855682836, 
          82.05520423329689
        ], 
        [
          -27.50831343330859, 
          21.384043619510738, 
          79.69865682505129
        ], 
        [
          -27.498592666930193, 
          5.706046146989791, 
          90.66045578063876
        ], 
        [
          -18.33784916582558, 
          7.3593853831618885, 
          93.01700318888439
        ], 
        [
          -20.093805052190945, 
          26.220883389771092, 
          86.60992086996707
        ], 
        [
          -29.254548553295557, 
          24.567544153599, 
          84.25337346172145
        ], 
        [
          -29.24482778691716, 
          8.889546681078048, 
          95.21517241730893
        ], 
        [
          -20.084084285812548, 
          10.542885917250148, 
          97.57171982555455
        ]
      ], 
      "cuboid_centroid": [
        -23.79619885956057, 
        15.963464768380442, 
        88.63518832530292
      ], 
      "location": [
        -23.79619885956057, 
        15.963464768380442, 
        88.63518832530292
      ], 
      "pose_transform_permuted": [
        [
          0.29978799205636286, 
          -0.5465330652792058, 
          -0.7819390065315215, 
          0.0
        ], 
        [
          0.9540056305771553, 
          0.1721797952723076, 
          0.24541233972081364, 
          0.0
        ], 
        [
          -0.0005081398555804792, 
          0.8195460173984641, 
          -0.5730131474584188, 
          0.0
        ], 
        [
          -23.79619885956057, 
          15.963464768380442, 
          88.63518832530292, 
          1.0
        ]
      ], 
      "projected_cuboid": [
        [
          361.3528625817392, 
          423.01850850965246
        ], 
        [
          295.9856454610432, 
          416.3821644824621
        ], 
        [
          318.48567119685794, 
          306.8529493397797
        ], 
        [
          375.579512017376, 
          315.48209589436476
        ], 
        [
          356.83393308303545, 
          434.7473782563865
        ], 
        [
          294.87405821961624, 
          428.7978471338085
        ], 
        [
          316.4257451204546, 
          323.0787004085983
        ], 
        [
          370.9041564534497, 
          330.9131487746189
        ]
      ], 
      "projected_cuboid_centroid": [
        337.2216833282524, 
        369.3390035664778
      ], 
      "quaternion_xyzw": [
        0.9428004367981513, 
        0.04579122165936682, 
        0.1445693888381972, 
        0.2968672290128863
      ], 
      "visibility": 0.38372310570626755
    }, 
    {
      "bounding_box": {
        "bottom_right": [
          326, 
          316
        ], 
        "top_left": [
          263, 
          223
        ]
      }, 
      "class": "008_pudding_box", 
      "cuboid": [
        [
          -24.486270265681913, 
          6.132007954477998, 
          74.93867960308144
        ], 
        [
          -35.797935291050074, 
          5.927489591460765, 
          73.85388599334273
        ], 
        [
          -36.120269033204224, 
          -1.6621657215272403, 
          78.64597780073876
        ], 
        [
          -24.808604007836067, 
          -1.4576473585100078, 
          79.73077141047749
        ], 
        [
          -24.83348716379693, 
          8.188061572890708, 
          78.17167361685071
        ], 
        [
          -36.14515218916509, 
          7.983543209873475, 
          77.08688000711199
        ], 
        [
          -36.46748593131924, 
          0.39388789688547043, 
          81.87897181450803
        ], 
        [
          -25.15582090595108, 
          0.5984062599027028, 
          82.96376542424674
        ]
      ], 
      "cuboid_centroid": [
        -30.476878098500578, 
        3.262947925681734, 
        78.40882570879474
      ], 
      "location": [
        -30.476878098500578, 
        3.262947925681734, 
        78.40882570879474
      ], 
      "pose_transform_permuted": [
        [
          0.0902541905225039, 
          -0.5344424652374922, 
          -0.8403717078890272, 
          0.0
        ], 
        [
          0.9952720284832255, 
          0.017994822651283778, 
          0.09544702163907617, 
          0.0
        ], 
        [
          0.03588783239033709, 
          0.845013233652355, 
          -0.5335395122881369, 
          0.0
        ], 
        [
          -30.476878098500578, 
          3.262947925681734, 
          78.40882570879474, 
          1.0
        ]
      ], 
      "projected_cuboid": [
        [
          305.8822693562701, 
          316.9264839159761
        ], 
        [
          220.93588312134574, 
          316.0905994827369
        ], 
        [
          234.6145590777736, 
          262.01494400351737
        ], 
        [
          314.269269158715, 
          263.5363265147879
        ], 
        [
          310.76081581553655, 
          329.14889045500985
        ], 
        [
          229.44570087070508, 
          328.52006068368667
        ], 
        [
          242.08622376391276, 
          275.85213112858685
        ], 
        [
          318.5391937405143, 
          277.13329897964144
        ]
      ], 
      "projected_cuboid_centroid": [
        272.5725330369581, 
        295.48039195007783
      ], 
      "quaternion_xyzw": [
        0.9592519181665221, 
        -0.004663271816347613, 
        0.048397404436918506, 
        0.2783372014431124
      ], 
      "visibility": 0.8097878034792583
    }, 
    {
      "bounding_box": {
        "bottom_right": [
          454, 
          305
        ], 
        "top_left": [
          296, 
          176
        ]
      }, 
      "class": "019_pitcher_base", 
      "cuboid": [
        [
          -47.25540996079942, 
          29.24481822291003, 
          84.48309296787274
        ], 
        [
          -28.715071197239027, 
          30.76776926019283, 
          87.59822259188978
        ], 
        [
          -29.31675308830505, 
          10.604527355466765, 
          101.03683392263329
        ], 
        [
          -47.85709185186544, 
          9.081576318183961, 
          97.92170429861625
        ], 
        [
          -44.83085155051555, 
          21.93625408244631, 
          73.62590465725552
        ], 
        [
          -26.290512786955155, 
          23.459205119729116, 
          76.74103428127256
        ], 
        [
          -26.892194678021177, 
          3.295963215003048, 
          90.17964561201607
        ], 
        [
          -45.43253344158157, 
          1.7730121777202457, 
          87.06451598799903
        ]
      ], 
      "cuboid_centroid": [
        -37.0738023194103, 
        16.270390718956538, 
        87.3313692899444
      ], 
      "location": [
        -37.0738023194103, 
        16.270390718956538, 
        87.3313692899444
      ], 
      "pose_transform_permuted": [
        [
          -0.18215244685757503, 
          0.5490784777773727, 
          0.8156798402480394, 
          0.0
        ], 
        [
          -0.9829570619186595, 
          -0.08074261728139018, 
          -0.16515548619520282, 
          0.0
        ], 
        [
          0.024823190581664267, 
          0.8318614935517317, 
          -0.5544278715533963, 
          0.0
        ], 
        [
          -37.0738023194103, 
          16.270390718956538, 
          87.3313692899444, 
          1.0
        ]
      ], 
      "projected_cuboid": [
        [
          180.8000902944416, 
          457.901396607521
        ], 
        [
          305.3157291123403, 
          460.60830538075726
        ], 
        [
          325.5599654217446, 
          329.2621845785485
        ], 
        [
          218.77666395799207, 
          322.7483251433572
        ], 
        [
          154.15227959290155, 
          432.18487597874923
        ], 
        [
          297.3658827558607, 
          436.31865780046013
        ], 
        [
          321.2321157910558, 
          292.77876060044537
        ], 
        [
          200.97778986107997, 
          284.14724403198596
        ]
      ], 
      "projected_cuboid_centroid": [
        253.3061691228681, 
        372.6473755225993
      ], 
      "quaternion_xyzw": [
        -0.09113843843837202, 
        0.2895754341135415, 
        0.9526933393960555, 
        -0.014674036331348535
      ], 
      "visibility": 0.19978347167087693
    }, 
    {
      "bounding_box": {
        "bottom_right": [
          387, 
          362
        ], 
        "top_left": [
          248, 
          209
        ]
      }, 
      "class": "035_power_drill", 
      "cuboid": [
        [
          -14.790592370081468, 
          12.86405685765149, 
          62.8102650628954
        ], 
        [
          -33.20212636986467, 
          12.050734540868836, 
          62.316836674231055
        ], 
        [
          -32.747428046260666, 
          -4.018569501894864, 
          71.83774301473086
        ], 
        [
          -14.33589404647747, 
          -3.2052471851122095, 
          72.33117140339522
        ], 
        [
          -15.050816168367048, 
          15.770875715590424, 
          67.72879802159174
        ], 
        [
          -33.462350168150245, 
          14.957553398807772, 
          67.23536963292739
        ], 
        [
          -33.007651844546245, 
          -1.1117506439559297, 
          76.75627597342721
        ], 
        [
          -14.596117844763047, 
          -0.29842832717327517, 
          77.24970436209155
        ]
      ], 
      "cuboid_centroid": [
        -23.899122107313858, 
        5.876153106847781, 
        69.7832705181613
      ], 
      "location": [
        -23.899122107313858, 
        5.876153106847781, 
        69.7832705181613
      ], 
      "pose_transform_permuted": [
        [
          0.045500033601894405, 
          -0.5082561878744656, 
          -0.8600036444288242, 
          0.0
        ], 
        [
          0.9986675052580436, 
          0.044115746633691146, 
          0.026764249949880255, 
          0.0
        ], 
        [
          -0.024336762532525508, 
          0.8600753868014746, 
          -0.5095863007952421, 
          0.0
        ], 
        [
          -23.899122107313858, 
          5.876153106847781, 
          69.7832705181613, 
          1.0
        ]
      ], 
      "projected_cuboid": [
        [
          354.96413146247875, 
          382.51475783280273
        ], 
        [
          195.07885299444584, 
          376.419063077978
        ], 
        [
          236.45589761131038, 
          243.45289174264173
        ], 
        [
          375.01331230995527, 
          249.65328195145915
        ], 
        [
          362.0941750521432, 
          397.4717754073415
        ], 
        [
          213.95746258423043, 
          391.9317716949364
        ], 
        [
          250.3413541779157, 
          265.5618485992915
        ], 
        [
          379.9880462400043, 
          271.2262366201706
        ]
      ], 
      "projected_cuboid_centroid": [
        297.42559316575057, 
        318.19511710540013
      ], 
      "quaternion_xyzw": [
        0.9642025897715093, 
        0.017748476796364467, 
        0.01873679979663283, 
        0.2639078393553448
      ], 
      "visibility": 0.8109047662610923
    }, 
    {
      "bounding_box": {
        "bottom_right": [
          275, 
          259
        ], 
        "top_left": [
          223, 
          185
        ]
      }, 
      "class": "061_foam_brick", 
      "cuboid": [
        [
          -39.25177460282422, 
          -7.187538265166567, 
          73.64670074284977
        ], 
        [
          -31.513176841331358, 
          -6.627304543696496, 
          74.31291243796544
        ], 
        [
          -31.556602355978512, 
          -2.472041818523311, 
          71.32307343577905
        ], 
        [
          -39.29520011747137, 
          -3.032275539993382, 
          70.65686174066339
        ], 
        [
          -39.83758529776195, 
          -4.140913164802066, 
          77.8893930211828
        ], 
        [
          -32.09898753626909, 
          -3.5806794433319946, 
          78.55560471629846
        ], 
        [
          -32.14241305091624, 
          0.57458328184119, 
          75.56576571411208
        ], 
        [
          -39.8810108124091, 
          0.014349560371119258, 
          74.89955401899641
        ]
      ], 
      "cuboid_centroid": [
        -35.69709382687023, 
        -3.3064774916626885, 
        74.60623322848092
      ], 
      "location": [
        -35.69709382687023, 
        -3.3064774916626885, 
        74.60623322848092
      ], 
      "pose_transform_permuted": [
        [
          0.11145561078022637, 
          -0.5796470844827895, 
          -0.8072093311379699, 
          0.0
        ], 
        [
          -0.9937332089291437, 
          -0.07194105068453283, 
          -0.0855499543997103, 
          0.0
        ], 
        [
          0.008482705758997011, 
          -0.8116857413291227, 
          0.5840327910537205, 
          0.0
        ], 
        [
          -35.69709382687023, 
          -3.3064774916626885, 
          74.60623322848092, 
          1.0
        ]
      ], 
      "projected_cuboid": [
        [
          194.98284463969705, 
          221.2372964955232
        ], 
        [
          253.55254713545457, 
          225.7245305073918
        ], 
        [
          243.66557716488146, 
          254.80180017181752
        ], 
        [
          182.52428018536634, 
          250.39885393759897
        ], 
        [
          206.5503766111649, 
          244.933125567507
        ], 
        [
          261.8586994697687, 
          248.97705077063796
        ], 
        [
          252.8554819329386, 
          277.3417674027581
        ], 
        [
          195.25928123728627, 
          273.38871351046276
        ]
      ], 
      "projected_cuboid_centroid": [
        224.29132170464962, 
        249.65031991614453
      ], 
      "quaternion_xyzw": [
        -0.021156446297190216, 
        0.9503457635771619, 
        -0.3061201302030181, 
        0.05182470757758607
      ], 
      "visibility": 0.9522930132348415
    }
  ]
}