{
  "camera_data": {
    "location_worldframe": [
      -17.05465257761731, 
      0.38673534100434476, 
      86.2616274446332
    ], 
    "quaternion_xyzw_worldframe": [
      0.9012149555696457, 
      0.02160975452406925, 
      -0.013768961560928834, 
      -0.43261608907368315
    ]
  }, 
  "objects": [
    {
      "bounding_box": {
        "bottom_right": [
          424, 
          328
        ], 
        "top_left": [
          274, 
          167
        ]
      }, 
      "class": "003_cracker_box", 
      "cuboid": [
        [
          -24.00595985163597, 
          17.01369849391492, 
          67.4739619924581
        ], 
        [
          -40.408795702882216, 
          16.956156831500337, 
          67.6215447872336
        ], 
        [
          -40.23720895633687, 
          -0.5151692795019869, 
          79.88029142209861
        ], 
        [
          -23.834373105090634, 
          -0.45762761708740135, 
          79.7327086273231
        ], 
        [
          -23.967547446398957, 
          21.137855847142422, 
          73.3512273555233
        ], 
        [
          -40.3703832976452, 
          21.08031418472784, 
          73.49881015029881
        ], 
        [
          -40.19879655109986, 
          3.6089880737255164, 
          85.75755678516381
        ], 
        [
          -23.795960699853612, 
          3.666529736140102, 
          85.60997399038831
        ]
      ], 
      "cuboid_centroid": [
        -32.10237820136791, 
        10.311343283820218, 
        76.61575938881096
      ], 
      "location": [
        -32.10237820136791, 
        10.311343283820218, 
        76.61575938881096
      ], 
      "pose_transform_permuted": [
        [
          -0.0053499172918374804, 
          -0.5743951882770156, 
          -0.8185606550947719, 
          0.0
        ], 
        [
          0.9999533735600429, 
          0.0035078677841762773, 
          -0.008996975575048027, 
          0.0
        ], 
        [
          -0.008039222030754634, 
          0.8185706216007391, 
          -0.5743496394717418, 
          0.0
        ], 
        [
          -32.10237820136791, 
          10.311343283820218, 
          76.61575938881096, 
          1.0
        ]
      ], 
      "projected_cuboid": [
        [
          290.27079982060326, 
          407.7641693674277
        ], 
        [
          160.24392046354592, 
          407.01685310531536
        ], 
        [
          210.71519361529334, 
          269.84701791315257
        ], 
        [
          320.8441175971203, 
          270.225538622522
        ], 
        [
          305.88242768559684, 
          426.97493388093324
        ], 
        [
          186.22168167251291, 
          426.2488016034692
        ], 
        [
          229.52055064922985, 
          295.73055443086275
        ], 
        [
          332.1213615713032, 
          296.1277096278884
        ]
      ], 
      "projected_cuboid_centroid": [
        256.2713133925685, 
        345.0634327865098
      ], 
      "quaternion_xyzw": [
        0.9535571102791319, 
        0.003027372375093183, 
        -0.0037614141597365324, 
        0.3011735782171685
      ], 
      "visibility": 0.33626487325400933
    }, 
    {
      "bounding_box": {
        "bottom_right": [
          435, 
          370
        ], 
        "top_left": [
          317, 
          297
        ]
      }, 
      "class": "006_mustard_bottle", 
      "cuboid": [
        [
          -18.806573693263324, 
          23.160370799653347, 
          77.82864686104172
        ], 
        [
          -28.072053186419645, 
          21.327433649470404, 
          76.0973759476418
        ], 
        [
          -27.280149043047835, 
          6.2402505896231295, 
          87.83238897408361
        ], 
        [
          -18.01466954989152, 
          8.073187739806075, 
          89.56365988748352
        ], 
        [
          -20.31688983578429, 
          26.56470370780566, 
          82.30736531449332
        ], 
        [
          -29.58236932894061, 
          24.731766557622713, 
          80.5760944010934
        ], 
        [
          -28.790465185568802, 
          9.644583497775443, 
          92.3111074275352
        ], 
        [
          -19.524985692412482, 
          11.477520647958386, 
          94.04237834093513
        ]
      ], 
      "cuboid_centroid": [
        -23.79851943941606, 
        16.402477148714397, 
        85.06987714428847
      ], 
      "location": [
        -23.79851943941606, 
        16.402477148714397, 
        85.06987714428847
      ], 
      "pose_transform_permuted": [
        [
          0.2592861857800978, 
          -0.584444852325498, 
          -0.7688918844766202, 
          0.0
        ], 
        [
          0.964912903128708, 
          0.19088323579387656, 
          0.1802956495003731, 
          0.0
        ], 
        [
          -0.04139571319610313, 
          0.7886619966696059, 
          -0.6134318625064206, 
          0.0
        ], 
        [
          -23.79851943941606, 
          16.402477148714397, 
          85.06987714428847, 
          1.0
        ]
      ], 
      "projected_cuboid": [
        [
          351.6513609524292, 
          431.99261600195905
        ], 
        [
          283.2178224819698, 
          422.7573690370532
        ], 
        [
          314.5711834620706, 
          311.17743315363987
        ], 
        [
          373.43220526253685, 
          321.3594854878768
        ], 
        [
          348.8544856658018, 
          445.4154435098591
        ], 
        [
          284.16464320087135, 
          436.98193088469844
        ], 
        [
          313.8764484235756, 
          329.0073000244072
        ], 
        [
          369.94703494803537, 
          338.3761990023
        ]
      ], 
      "projected_cuboid_centroid": [
        331.15618612925226, 
        376.1168531244719
      ], 
      "quaternion_xyzw": [
        0.9384117945064063, 
        0.061880868918574215, 
        0.11710792582047787, 
        0.31912341731115706
      ], 
      "visibility": 0.5694733194733195
    }, 
    {
      "bounding_box": {
        "bottom_right": [
          328, 
          308
        ], 
        "top_left": [
          262, 
          210
        ]
      }, 
      "class": "008_pudding_box", 
      "cuboid": [
        [
          -25.185362665755694, 
          5.868732732127274, 
          71.96090613468323
        ], 
        [
          -36.53835473255397, 
          5.534721323568779, 
          71.54813732185164
        ], 
        [
          -36.51120897108442, 
          -1.7977671651704545, 
          76.73511971742147
        ], 
        [
          -25.158216904286146, 
          -1.4637557566119592, 
          77.14788853025306
        ], 
        [
          -25.364716802264333, 
          8.087607238606182, 
          75.09851579291158
        ], 
        [
          -36.717708869062605, 
          7.753595830047686, 
          74.68574698007998
        ], 
        [
          -36.69056310759306, 
          0.4211073413084531, 
          79.87272937564981
        ], 
        [
          -25.33757104079478, 
          0.7551187498669485, 
          80.2854981884814
        ]
      ], 
      "cuboid_centroid": [
        -30.937962886674374, 
        3.144920036717864, 
        75.91681775516652
      ], 
      "location": [
        -30.937962886674374, 
        3.144920036717864, 
        75.91681775516652
      ], 
      "pose_transform_permuted": [
        [
          0.04662060658720445, 
          -0.5767654844578931, 
          -0.8155778748567254, 
          0.0
        ], 
        [
          0.9989082436878942, 
          0.029388442054023235, 
          0.03631801796819409, 
          0.0
        ], 
        [
          -0.0030223411648335695, 
          0.8163809228575967, 
          -0.577505642381104, 
          0.0
        ], 
        [
          -30.937962886674374, 
          3.144920036717864, 
          75.91681775516652, 
          1.0
        ]
      ], 
      "projected_cuboid": [
        [
          293.38679570364764, 
          316.78112778805865
        ], 
        [
          206.97059828707492, 
          314.54233274763453
        ], 
        [
          225.72447120173516, 
          260.79181016061193
        ], 
        [
          306.2301982575796, 
          263.1676659701225
        ], 
        [
          299.96588938258316, 
          330.72148560729113
        ], 
        [
          217.21646844482117, 
          328.6537889411328
        ], 
        [
          234.56826731246767, 
          276.0983210955529
        ], 
        [
          311.8823097458528, 
          278.3026321206074
        ]
      ], 
      "projected_cuboid_centroid": [
        262.44505881727133, 
        295.3797643927176
      ], 
      "quaternion_xyzw": [
        0.9527417070489536, 
        0.008504609113640777, 
        0.021763145231747737, 
        0.3028814416066307
      ], 
      "visibility": 0.7294712145822054
    }, 
    {
      "bounding_box": {
        "bottom_right": [
          463, 
          302
        ], 
        "top_left": [
          299, 
          162
        ]
      }, 
      "class": "019_pitcher_base", 
      "cuboid": [
        [
          -47.58344944456411, 
          29.297696199388657, 
          81.61184969850277
        ], 
        [
          -28.909400868922507, 
          31.100706456630345, 
          83.56034596763661
        ], 
        [
          -28.54219386501537, 
          11.659076748431874, 
          98.03110313548729
        ], 
        [
          -47.21624244065698, 
          9.856066491190184, 
          96.08260686635344
        ], 
        [
          -45.720929225348954, 
          21.451060565557086, 
          71.022540988523
        ], 
        [
          -27.04688064970735, 
          23.254070822798774, 
          72.97103725765686
        ], 
        [
          -26.67967364580021, 
          3.8124411146003014, 
          87.44179442550752
        ], 
        [
          -45.353722221441814, 
          2.0094308573586126, 
          85.49329815637368
        ]
      ], 
      "cuboid_centroid": [
        -37.131561545182166, 
        16.55506865699448, 
        84.52682206200515
      ], 
      "location": [
        -37.131561545182166, 
        16.55506865699448, 
        84.52682206200515
      ], 
      "pose_transform_permuted": [
        [
          -0.13992759003567426, 
          0.5895027623339115, 
          0.7955545570160992, 
          0.0
        ], 
        [
          -0.9900459833083464, 
          -0.0955905761846585, 
          -0.10330383885064842, 
          0.0
        ], 
        [
          -0.015149615729266763, 
          0.8020904179278316, 
          -0.5970104275568493, 
          0.0
        ], 
        [
          -37.131561545182166, 
          16.55506865699448, 
          84.52682206200515, 
          1.0
        ]
      ], 
      "projected_cuboid": [
        [
          168.05599571115917, 
          464.74200900256875
        ], 
        [
          295.54667182029414, 
          471.7851872115656
        ], 
        [
          325.0246715728077, 
          336.71552891138793
        ], 
        [
          217.33283783194597, 
          327.9939761351492
        ], 
        [
          135.41020705316993, 
          434.365971639696
        ], 
        [
          282.27361483083223, 
          443.24234269964217
        ], 
        [
          317.51799697993727, 
          296.53914297955566
        ], 
        [
          196.31622941536213, 
          285.8216588665551
        ]
      ], 
      "projected_cuboid_centroid": [
        245.36415228530814, 
        377.7402734956051
      ], 
      "quaternion_xyzw": [
        -0.06420697101410683, 
        0.31320959770694906, 
        0.947060050663668, 
        -0.02923262147852247
      ], 
      "visibility": 0.18335230697113775
    }, 
    {
      "bounding_box": {
        "bottom_right": [
          388, 
          348
        ], 
        "top_left": [
          244, 
          185
        ]
      }, 
      "class": "035_power_drill", 
      "cuboid": [
        [
          -16.270977112085852, 
          12.024651146767768, 
          58.9584650749832
        ], 
        [
          -34.671710367272084, 
          11.067274373642908, 
          59.579749532099044
        ], 
        [
          -33.515133124806894, 
          -4.482623444260167, 
          69.87246285093896
        ], 
        [
          -15.114399869620659, 
          -3.5252466711353048, 
          69.25117839382311
        ], 
        [
          -16.27418289069147, 
          15.181221963705182, 
          63.72767142032918
        ], 
        [
          -34.6749161458777, 
          14.223845190580322, 
          64.34895587744502
        ], 
        [
          -33.51833890341251, 
          -1.326052627322751, 
          74.64166919628494
        ], 
        [
          -15.117605648226279, 
          -0.36867585419788973, 
          74.02038473916909
        ]
      ], 
      "cuboid_centroid": [
        -24.894658007749182, 
        5.349299259722509, 
        66.80006713563407
      ], 
      "location": [
        -24.894658007749182, 
        5.349299259722509, 
        66.80006713563407
      ], 
      "pose_transform_permuted": [
        [
          0.0005605291877101538, 
          -0.5519252243017139, 
          -0.8338939420500965, 
          0.0
        ], 
        [
          0.9980816576767552, 
          0.05192946299965336, 
          -0.0336993429689665, 
          0.0
        ], 
        [
          -0.06190334170862763, 
          0.8322752712168007, 
          -0.5508956309109333, 
          0.0
        ], 
        [
          -24.894658007749182, 
          5.349299259722509, 
          66.80006713563407, 
          1.0
        ]
      ], 
      "projected_cuboid": [
        [
          333.1884221916626, 
          382.05772001978386
        ], 
        [
          168.6518415904405, 
          372.3536572987458
        ], 
        [
          223.65235222680536, 
          239.07175909341865
        ], 
        [
          364.2275081897029, 
          246.13778573156685
        ], 
        [
          344.2678715496516, 
          400.3340636365012
        ], 
        [
          191.81890610797853, 
          391.17275827347447
        ], 
        [
          240.11055367584137, 
          263.81180567598506
        ], 
        [
          371.7664544445069, 
          270.6302149485446
        ]
      ], 
      "projected_cuboid_centroid": [
        281.18632272410724, 
        315.99437008076967
      ], 
      "quaternion_xyzw": [
        0.957111653745744, 
        0.029733418317180106, 
        -0.008655942504608674, 
        0.2880596142823716
      ], 
      "visibility": 0.762778947368421
    }, 
    {
      "bounding_box": {
        "bottom_right": [
          273, 
          250
        ], 
        "top_left": [
          219, 
          171
        ]
      }, 
      "class": "061_foam_brick", 
      "cuboid": [
        [
          -39.873687833753735, 
          -7.5955235091002855, 
          72.21754606202583
        ], 
        [
          -32.11519567972491, 
          -6.9511995110962035, 
          72.4025899515024
        ], 
        [
          -32.37075503362004, 
          -2.9571825264437073, 
          69.2104513122082
        ], 
        [
          -40.129247187648865, 
          -3.60150652444779, 
          69.02540742273162
        ], 
        [
          -40.242295724475746, 
          -4.336546216195628, 
          76.32470221541595
        ], 
        [
          -32.48380357044692, 
          -3.6922222181915454, 
          76.50974610489254
        ], 
        [
          -32.73936292434205, 
          0.3017947664609506, 
          73.31760746559833
        ], 
        [
          -40.497855078370876, 
          -0.3425292315431323, 
          73.13256357612175
        ]
      ], 
      "cuboid_centroid": [
        -36.30652537904789, 
        -3.646864371319668, 
        72.76757676381209
      ], 
      "location": [
        -36.30652537904789, 
        -3.646864371319668, 
        72.76757676381209
      ], 
      "pose_transform_permuted": [
        [
          0.07013087667032014, 
          -0.6200489472767063, 
          -0.7814223973744936, 
          0.0
        ], 
        [
          -0.9962878989574628, 
          -0.08273929901263333, 
          -0.023761960984365782, 
          0.0
        ], 
        [
          0.049920762497950966, 
          -0.7801881256337773, 
          0.6235498425079399, 
          0.0
        ], 
        [
          -36.30652537904789, 
          -3.646864371319668, 
          72.76757676381209, 
          1.0
        ]
      ], 
      "projected_cuboid": [
        [
          184.67982745225225, 
          217.19433251711735
        ], 
        [
          243.06421173048906, 
          222.08380023019595
        ], 
        [
          230.0768585390187, 
          250.49917967843058
        ], 
        [
          168.9576221768469, 
          245.45977056167348
        ], 
        [
          198.06031091504644, 
          242.98488002152084
        ], 
        [
          253.27817364292886, 
          247.54949773977074
        ], 
        [
          241.463055512428, 
          275.48182318803055
        ], 
        [
          183.80511165132148, 
          270.7886418588637
        ]
      ], 
      "projected_cuboid_centroid": [
        213.28604611924456, 
        246.55836764938235
      ], 
      "quaternion_xyzw": [
        -0.03516522708320514, 
        0.9431196135652326, 
        -0.3296503359429473, 
        0.02488889964331965
      ], 
      "visibility": 0.9253602305475505
    }
  ]
}