{
  "camera_data": {
    "location_worldframe": [
      -23.73907512859436, 
      14.03498878969995, 
      75.50518802859926
    ], 
    "quaternion_xyzw_worldframe": [
      0.9294907525276784, 
      0.035317079567457305, 
      -0.11601620980197944, 
      -0.34834110209478925
    ]
  }, 
  "objects": [
    {
      "bounding_box": {
        "bottom_right": [
          539, 
          257
        ], 
        "top_left": [
          350, 
          19
        ]
      }, 
      "class": "003_cracker_box", 
      "cuboid": [
        [
          -35.61487885588907, 
          26.062855186837236, 
          55.704954100206436
        ], 
        [
          -51.64867668487645, 
          24.42599733141307, 
          58.75718922015578
        ], 
        [
          -47.323704496002364, 
          9.678614822689022, 
          73.56809303637311
        ], 
        [
          -31.289906667014982, 
          11.315472678113187, 
          70.51585791642378
        ], 
        [
          -35.18895307449279, 
          31.20362382377686, 
          60.699299160886824
        ], 
        [
          -51.22275090348016, 
          29.566765968352698, 
          63.751534280836154
        ], 
        [
          -46.89777871460608, 
          14.819383459628652, 
          78.5624380970535
        ], 
        [
          -30.86398088561871, 
          16.456241315052818, 
          75.51020297710416
        ]
      ], 
      "cuboid_centroid": [
        -41.256328785247575, 
        20.441119323232943, 
        67.13369609862997
      ], 
      "location": [
        -41.256328785247575, 
        20.441119323232943, 
        67.13369609862997
      ], 
      "pose_transform_permuted": [
        [
          -0.05932114088849938, 
          -0.7159845069424116, 
          -0.6955912507084308, 
          0.0
        ], 
        [
          0.9774559945289871, 
          0.09978649725043076, 
          -0.1860710448345974, 
          0.0
        ], 
        [
          -0.20263459971839895, 
          0.6909477844127745, 
          -0.6939238994385787, 
          0.0
        ], 
        [
          -41.256328785247575, 
          20.441119323232943, 
          67.13369609862997, 
          1.0
        ]
      ], 
      "projected_cuboid": [
        [
          137.77845085249325, 
          522.8124785196834
        ], 
        [
          8.892362513241338, 
          494.9932412500125
        ], 
        [
          135.67284545510196, 
          343.45003699123714
        ], 
        [
          242.97576569497818, 
          358.86676561233605
        ], 
        [
          169.8413643338542, 
          547.4495659105826
        ], 
        [
          49.51723539321607, 
          520.630158489416
        ], 
        [
          160.57930895962946, 
          373.8876343957144
        ], 
        [
          261.79182804916314, 
          389.51501324283663
        ]
      ], 
      "projected_cuboid_centroid": [
        151.11967223385363, 
        435.67368289599494
      ], 
      "quaternion_xyzw": [
        0.9170598439646936, 
        0.08244311943192903, 
        -0.0668964482901686, 
        0.3843556163918326
      ], 
      "visibility": 0.33029997726382837
    }, 
    {
      "bounding_box": {
        "bottom_right": [
          539, 
          304
        ], 
        "top_left": [
          412, 
          193
        ]
      }, 
      "class": "006_mustard_bottle", 
      "cuboid": [
        [
          -29.695023334045402, 
          34.52933822941242, 
          63.78632340421358
        ], 
        [
          -38.804274948829494, 
          31.50358709823367, 
          64.05545705303811
        ], 
        [
          -34.259620647879814, 
          19.04816926302278, 
          77.84564992404471
        ], 
        [
          -25.15036903309572, 
          22.073920394201526, 
          77.57651627522017
        ], 
        [
          -30.91183422622778, 
          38.55143645814371, 
          67.82012477218883
        ], 
        [
          -40.021085841011875, 
          35.52568532696496, 
          68.08925842101337
        ], 
        [
          -35.476431540062194, 
          23.070267491754077, 
          81.87945129201995
        ], 
        [
          -26.3671799252781, 
          26.09601862293282, 
          81.61031764319543
        ]
      ], 
      "cuboid_centroid": [
        -32.5857274370538, 
        28.799802860583245, 
        72.83288734811677
      ], 
      "location": [
        -32.5857274370538, 
        28.799802860583245, 
        72.83288734811677
      ], 
      "pose_transform_permuted": [
        [
          0.2088981546095517, 
          -0.6905008025802445, 
          -0.6925099596373581, 
          0.0
        ], 
        [
          0.9486432329210162, 
          0.3151036392975804, 
          -0.02802774865658223, 
          0.0
        ], 
        [
          -0.23756562911329648, 
          0.6510900451267594, 
          -0.7208635966678012, 
          0.0
        ], 
        [
          -32.5857274370538, 
          28.799802860583245, 
          72.83288734811677, 
          1.0
        ]
      ], 
      "projected_cuboid": [
        [
          231.24692810706108, 
          561.9874896727385
        ], 
        [
          155.8240004858673, 
          535.5823783766442
        ], 
        [
          244.9288510703191, 
          403.78530960760577
        ], 
        [
          307.2535415700936, 
          425.0393439700822
        ], 
        [
          236.4888180047793, 
          576.4448717587461
        ], 
        [
          165.51343977217897, 
          551.546929265107
        ], 
        [
          248.59662683824084, 
          423.55409898972755
        ], 
        [
          307.85285360508425, 
          443.8227909495598
        ]
      ], 
      "projected_cuboid_centroid": [
        240.99927944115646, 
        484.1733971499337
      ], 
      "quaternion_xyzw": [
        0.9072269889180345, 
        0.15229630378115028, 
        0.04984155237948687, 
        0.3889226225873332
      ], 
      "visibility": 0.7751241405018783
    }, 
    {
      "bounding_box": {
        "bottom_right": [
          423, 
          228
        ], 
        "top_left": [
          337, 
          100
        ]
      }, 
      "class": "008_pudding_box", 
      "cuboid": [
        [
          -34.638658243552065, 
          15.901419045437027, 
          62.14902014759065
        ], 
        [
          -45.77886356007612, 
          14.384031753840576, 
          63.81206912331845
        ], 
        [
          -44.001085130941675, 
          8.198288645959037, 
          70.07681147731918
        ], 
        [
          -32.86087981441763, 
          9.715675937555487, 
          68.41376250159139
        ], 
        [
          -34.6092166929471, 
          18.643028661620573, 
          64.84770061343697
        ], 
        [
          -45.74942200947115, 
          17.125641370024123, 
          66.51074958916476
        ], 
        [
          -43.9716435803367, 
          10.939898262142583, 
          72.7754919431655
        ], 
        [
          -32.83143826381266, 
          12.457285553739032, 
          71.1124429674377
        ]
      ], 
      "cuboid_centroid": [
        -39.30515091194439, 
        13.420658653789804, 
        67.46225604537808
      ], 
      "location": [
        -39.30515091194439, 
        13.420658653789804, 
        67.46225604537808
      ], 
      "pose_transform_permuted": [
        [
          -0.0076529205001386, 
          -0.7126431863791175, 
          -0.7014843524210342, 
          0.0
        ], 
        [
          0.980185915886918, 
          0.13350935731521218, 
          -0.14632559608400217, 
          0.0
        ], 
        [
          -0.19793340239701482, 
          0.6887051612461031, 
          -0.6975007396572926, 
          0.0
        ], 
        [
          -39.30515091194439, 
          13.420658653789804, 
          67.46225604537808, 
          1.0
        ]
      ], 
      "projected_cuboid": [
        [
          181.87514291076766, 
          409.7414355325586
        ], 
        [
          95.80444494106983, 
          393.5033860584631
        ], 
        [
          143.93615345188124, 
          335.6796148239045
        ], 
        [
          223.29525799825936, 
          349.02510361174234
        ], 
        [
          194.5924221074654, 
          426.61028239810304
        ], 
        [
          111.69606594649181, 
          410.6093011951536
        ], 
        [
          156.674940905707, 
          353.45723590893374
        ], 
        [
          233.32032012151765, 
          366.712021085794
        ]
      ], 
      "projected_cuboid_centroid": [
        168.2826750221172, 
        379.3829020625142
      ], 
      "quaternion_xyzw": [
        0.9179291134878084, 
        0.09026915990627557, 
        -0.04193638547945071, 
        0.3840557798298711
      ], 
      "visibility": 0.45303177466352157
    }, 
    {
      "bounding_box": {
        "bottom_right": [
          539, 
          239
        ], 
        "top_left": [
          381, 
          38
        ]
      }, 
      "class": "019_pitcher_base", 
      "cuboid": [
        [
          -58.07494336413214, 
          38.41742765849457, 
          71.50320208965846
        ], 
        [
          -39.71358400401816, 
          42.37741750175411, 
          69.78665416023578
        ], 
        [
          -34.59870000643478, 
          26.14043526836901, 
          87.04101561898956
        ], 
        [
          -52.960059366548776, 
          22.180445425109472, 
          88.75756354841222
        ], 
        [
          -56.897111865144865, 
          28.93802705128474, 
          62.233584601305594
        ], 
        [
          -38.53575250503089, 
          32.89801689454428, 
          60.51703667188293
        ], 
        [
          -33.420868507447516, 
          16.661034661159185, 
          77.7713981306367
        ], 
        [
          -51.7822278675615, 
          12.701044817899643, 
          79.48794606005937
        ]
      ], 
      "cuboid_centroid": [
        -45.74790593578983, 
        27.539231159826876, 
        74.63730011014758
      ], 
      "location": [
        -45.74790593578983, 
        27.539231159826876, 
        74.63730011014758
      ], 
      "pose_transform_permuted": [
        [
          -0.0884882329979987, 
          0.7121692791654739, 
          0.6964086737508421, 
          0.0
        ], 
        [
          -0.9734680730280457, 
          -0.2099476191453707, 
          0.09100658466198626, 
          0.0
        ], 
        [
          -0.21102137551483002, 
          0.6698784032477818, 
          -0.7118517429479476, 
          0.0
        ], 
        [
          -45.74790593578983, 
          27.539231159826876, 
          74.63730011014758, 
          1.0
        ]
      ], 
      "projected_cuboid": [
        [
          44.82481322103892, 
          559.8298801893117
        ], 
        [
          175.570984978787, 
          597.1408179991023
        ], 
        [
          267.8365127151161, 
          433.4547752440223
        ], 
        [
          160.72284530297782, 
          406.56268297405353
        ], 
        [
          -10.0541779900372, 
          521.2750898808341
        ], 
        [
          139.1622402139974, 
          563.2074862341341
        ], 
        [
          250.5025927260891, 
          387.5400588679148
        ], 
        [
          131.27201617289077, 
          358.50343266635014
        ]
      ], 
      "projected_cuboid_centroid": [
        151.98201513553974, 
        470.0676549475865
      ], 
      "quaternion_xyzw": [
        0.0006890156166091661, 
        0.38960909893827295, 
        0.9137498495248397, 
        -0.1151762144965357
      ], 
      "visibility": 0.05219940212108565
    }, 
    {
      "bounding_box": {
        "bottom_right": [
          507, 
          252
        ], 
        "top_left": [
          324, 
          22
        ]
      }, 
      "class": "035_power_drill", 
      "cuboid": [
        [
          -28.728814480143182, 
          20.34232228843968, 
          46.92479324519159
        ], 
        [
          -46.52978985455353, 
          17.719445115459177, 
          50.94167512620123
        ], 
        [
          -41.79379945616132, 
          4.576000144690445, 
          63.34720573861562
        ], 
        [
          -23.992824081750978, 
          7.198877317670949, 
          59.33032385760597
        ], 
        [
          -28.392464008459793, 
          24.32480361835153, 
          51.01575762794385
        ], 
        [
          -46.19343938287014, 
          21.70192644537103, 
          55.032639508953494
        ], 
        [
          -41.45744898447793, 
          8.558481474602297, 
          67.43817012136788
        ], 
        [
          -23.65647361006759, 
          11.181358647582801, 
          63.42128824035823
        ]
      ], 
      "cuboid_centroid": [
        -35.09313173231055, 
        14.450401881520989, 
        57.181481683279735
      ], 
      "location": [
        -35.09313173231055, 
        14.450401881520989, 
        57.181481683279735
      ], 
      "pose_transform_permuted": [
        [
          -0.05881075391425996, 
          -0.6963353679552715, 
          -0.715303589086445, 
          0.0
        ], 
        [
          0.9655499464917794, 
          0.14226854769241687, 
          -0.21788132412385502, 
          0.0
        ], 
        [
          -0.253483832463767, 
          0.703474991017322, 
          -0.6639796914387585, 
          0.0
        ], 
        [
          -35.09313173231055, 
          14.450401881520989, 
          57.181481683279735, 
          1.0
        ]
      ], 
      "projected_cuboid": [
        [
          152.3612508034402, 
          504.4854009559769
        ], 
        [
          -9.59303565146521, 
          458.7952999055227
        ], 
        [
          126.80317954910635, 
          311.8118440514034
        ], 
        [
          264.1285531995309, 
          337.9971614996026
        ], 
        [
          182.30825655839323, 
          527.5784416922468
        ], 
        [
          30.20731600061288, 
          483.599226399244
        ], 
        [
          151.00796362810738, 
          340.9693615870928
        ], 
        [
          281.0082660486524, 
          367.3123406522366
        ]
      ], 
      "projected_cuboid_centroid": [
        151.56323711031268, 
        408.06237941196247
      ], 
      "quaternion_xyzw": [
        0.9198272292386689, 
        0.10756160710847402, 
        -0.07520218722681488, 
        0.36972026271714864
      ], 
      "visibility": 0.8605254049576996
    }, 
    {
      "bounding_box": {
        "bottom_right": [
          352, 
          169
        ], 
        "top_left": [
          286, 
          74
        ]
      }, 
      "class": "061_foam_brick", 
      "cuboid": [
        [
          -47.255302874152605, 
          1.3522189114367922, 
          67.27146833510291
        ], 
        [
          -39.710786250038595, 
          2.7774899925218524, 
          65.97052006039972
        ], 
        [
          -40.97221298742299, 
          6.054190955451815, 
          62.24503153736324
        ], 
        [
          -48.51672961153701, 
          4.628919874366754, 
          63.545979812066435
        ], 
        [
          -47.39334264286085, 
          5.274249555853559, 
          70.7677745413171
        ], 
        [
          -39.848826018746834, 
          6.699520636938619, 
          69.46682626661391
        ], 
        [
          -41.11025275613124, 
          9.976221599868582, 
          65.74133774357742
        ], 
        [
          -48.65476938024525, 
          8.550950518783521, 
          67.04228601828062
        ]
      ], 
      "cuboid_centroid": [
        -44.18277781514192, 
        5.664220255652687, 
        66.50640303934017
      ], 
      "location": [
        -44.18277781514192, 
        5.664220255652687, 
        66.50640303934017
      ], 
      "pose_transform_permuted": [
        [
          0.026263273897677797, 
          -0.7462006493730864, 
          -0.665202849752885, 
          0.0
        ], 
        [
          -0.9688107517367326, 
          -0.18302271918670443, 
          0.1670581083958863, 
          0.0
        ], 
        [
          0.24640610334056762, 
          -0.6400681800688803, 
          0.7277339878690763, 
          0.0
        ], 
        [
          -44.18277781514192, 
          5.664220255652687, 
          66.50640303934017, 
          1.0
        ]
      ], 
      "projected_cuboid": [
        [
          103.8410580207459, 
          284.00675628574277
        ], 
        [
          157.89139047803465, 
          295.74035225662334
        ], 
        [
          127.61890680236554, 
          325.159250020499
        ], 
        [
          71.01953885445812, 
          312.135472646239
        ], 
        [
          121.45525987239054, 
          313.0342987793413
        ], 
        [
          173.11507938653943, 
          324.72095273108084
        ], 
        [
          145.31527966345007, 
          354.2175705384153
        ], 
        [
          91.32421560950978, 
          341.3091195078352
        ]
      ], 
      "projected_cuboid_centroid": [
        124.33961671630615, 
        318.70832366945916
      ], 
      "quaternion_xyzw": [
        -0.11866330303349062, 
        0.9047211976015729, 
        -0.4072897377527965, 
        -0.03890558629317444
      ], 
      "visibility": 0.9351656095842142
    }
  ]
}