{
  "camera_data": {
    "location_worldframe": [
      -20.495812049491544, 
      14.03745006878004, 
      71.28658832031473
    ], 
    "quaternion_xyzw_worldframe": [
      0.9029925432009679, 
      0.016282599910536762, 
      -0.0465701285132904, 
      -0.4268149122226639
    ]
  }, 
  "objects": [
    {
      "bounding_box": {
        "bottom_right": [
          539, 
          270
        ], 
        "top_left": [
          381, 
          55
        ]
      }, 
      "class": "003_cracker_box", 
      "cuboid": [
        [
          -28.941115602805844, 
          30.266051339567806, 
          52.76464513660491
        ], 
        [
          -45.29758718288524, 
          29.908449421070575, 
          53.954634214327214
        ], 
        [
          -44.013914742420305, 
          12.618452379760347, 
          66.4029969389376
        ], 
        [
          -27.65744316234091, 
          12.976054298257578, 
          65.21300786121532
        ], 
        [
          -28.610463880020358, 
          34.47296345567985, 
          58.57368614355876
        ], 
        [
          -44.966935460099755, 
          34.11536153718263, 
          59.763675221281055
        ], 
        [
          -43.68326301963482, 
          16.825364495872396, 
          72.21203794589145
        ], 
        [
          -27.326791439555425, 
          17.182966414369627, 
          71.02204886816915
        ]
      ], 
      "cuboid_centroid": [
        -36.31218931122034, 
        23.5457079177201, 
        62.48834154124818
      ], 
      "location": [
        -36.31218931122034, 
        23.5457079177201, 
        62.48834154124818
      ], 
      "pose_transform_permuted": [
        [
          -0.046051773076712404, 
          -0.585920921544852, 
          -0.8090586554091872, 
          0.0
        ], 
        [
          0.9971269044185851, 
          0.021800208697795448, 
          -0.07254438217630582, 
          0.0
        ], 
        [
          -0.060142918794321265, 
          0.8100749499871993, 
          -0.5832335764701271, 
          0.0
        ], 
        [
          -36.31218931122034, 
          23.5457079177201, 
          62.48834154124818, 
          1.0
        ]
      ], 
      "projected_cuboid": [
        [
          186.63648390430328, 
          579.2011867555402
        ], 
        [
          30.117546782497293, 
          568.9193786226762
        ], 
        [
          125.15081330297907, 
          374.6323818990999
        ], 
        [
          253.5263475428178, 
          379.40622324853206
        ], 
        [
          218.92488605838037, 
          587.1665020287222
        ], 
        [
          76.97670742792737, 
          577.725485676278
        ], 
        [
          156.28722185300245, 
          397.5497028898256
        ], 
        [
          274.68435124690006, 
          402.3170662722425
        ]
      ], 
      "projected_cuboid_centroid": [
        169.10055633106396, 
        474.2422174318006
      ], 
      "quaternion_xyzw": [
        0.9508233944606869, 
        0.021545306933312094, 
        -0.03118248771116079, 
        0.3074057981814097
      ], 
      "visibility": 0.15723103963436544
    }, 
    {
      "bounding_box": {
        "bottom_right": [
          539, 
          324
        ], 
        "top_left": [
          422, 
          226
        ]
      }, 
      "class": "006_mustard_bottle", 
      "cuboid": [
        [
          -23.216516557619123, 
          36.65335160696465, 
          62.687652737423136
        ], 
        [
          -32.53589987253415, 
          34.625734870362166, 
          61.57233537929656
        ], 
        [
          -30.712393885126893, 
          19.72324888046372, 
          73.42777602143052
        ], 
        [
          -21.393010570211864, 
          21.7508656170662, 
          74.54309337955709
        ], 
        [
          -24.505808466254724, 
          40.09231417696487, 
          67.20879409792498
        ], 
        [
          -33.82519178116976, 
          38.06469744036239, 
          66.09347673979839
        ], 
        [
          -32.0016857937625, 
          23.16221145046394, 
          77.94891738193235
        ], 
        [
          -22.682302478847465, 
          25.18982818706642, 
          79.06423474005892
        ]
      ], 
      "cuboid_centroid": [
        -27.60910117569081, 
        29.907781528714295, 
        70.31828505967775
      ], 
      "location": [
        -27.60910117569081, 
        29.907781528714295, 
        70.31828505967775
      ], 
      "pose_transform_permuted": [
        [
          0.22134146086081938, 
          -0.590389960559865, 
          -0.7761749118171064, 
          0.0
        ], 
        [
          0.9705264812690892, 
          0.21115729123274732, 
          0.11614985611210323, 
          0.0
        ], 
        [
          -0.09532129803574797, 
          0.7790072082715959, 
          -0.6197270525010787, 
          0.0
        ], 
        [
          -27.60910117569081, 
          29.907781528714295, 
          70.31828505967775, 
          1.0
        ]
      ], 
      "projected_cuboid": [
        [
          282.43492665699034, 
          585.1174862980263
        ], 
        [
          197.43314821794445, 
          573.2034141937585
        ], 
        [
          256.6682856387921, 
          416.5401599982544
        ], 
        [
          327.2649801585423, 
          428.9034041267648
        ], 
        [
          285.51644903065113, 
          591.4296704719742
        ], 
        [
          206.38123943827486, 
          580.4371006965863
        ], 
        [
          260.81972275962517, 
          431.7603355783548
        ], 
        [
          327.32091434489956, 
          443.20190759257497
        ]
      ], 
      "projected_cuboid_centroid": [
        270.45453107880314, 
        500.11808776867457
      ], 
      "quaternion_xyzw": [
        0.9388435174934361, 
        0.08161066875306992, 
        0.08986889473177892, 
        0.322236078354081
      ], 
      "visibility": 0.5755243836002024
    }, 
    {
      "bounding_box": {
        "bottom_right": [
          458, 
          238
        ], 
        "top_left": [
          371, 
          105
        ]
      }, 
      "class": "008_pudding_box", 
      "cuboid": [
        [
          -29.619157267439384, 
          19.165855096717152, 
          57.46145217849017
        ], 
        [
          -40.966964979645084, 
          18.6169584543283, 
          57.775049349168015
        ], 
        [
          -40.47033568518537, 
          11.360337758803013, 
          63.04436867209474
        ], 
        [
          -29.12252797297966, 
          11.909234401191863, 
          62.730771501416896
        ], 
        [
          -29.642394486754714, 
          21.425220367342263, 
          60.57511480548175
        ], 
        [
          -40.990202198960425, 
          20.876323724953412, 
          60.888711976159605
        ], 
        [
          -40.4935729045007, 
          13.619703029428123, 
          66.15803129908633
        ], 
        [
          -29.145765192295, 
          14.168599671816976, 
          65.84443412840848
        ]
      ], 
      "cuboid_centroid": [
        -35.05636508597004, 
        16.392779063072638, 
        61.80974173878825
      ], 
      "location": [
        -35.05636508597004, 
        16.392779063072638, 
        61.80974173878825
      ], 
      "pose_transform_permuted": [
        [
          0.00604019110442187, 
          -0.5872904939303375, 
          -0.8093531780420721, 
          0.0
        ], 
        [
          0.9984520912912179, 
          0.04829540774703088, 
          -0.027592267936434035, 
          0.0
        ], 
        [
          -0.05529346310625479, 
          0.8079339925781576, 
          -0.5866728298706052, 
          0.0
        ], 
        [
          -35.05636508597004, 
          16.392779063072638, 
          61.80974173878825, 
          1.0
        ]
      ], 
      "projected_cuboid": [
        [
          204.40050665573455, 
          451.1714584590635
        ], 
        [
          100.2809138699575, 
          445.1390700800491
        ], 
        [
          136.3879603464131, 
          369.3885487687999
        ], 
        [
          231.94211863035775, 
          374.5355386666516
        ], 
        [
          218.4425838214698, 
          461.9199335986544
        ], 
        [
          119.57502739425867, 
          456.1406648924685
        ], 
        [
          152.4460040815565, 
          383.0790181979635
        ], 
        [
          243.55806094429377, 
          388.0478199503247
        ]
      ], 
      "projected_cuboid_centroid": [
        176.59576657158422, 
        414.73010093759996
      ], 
      "quaternion_xyzw": [
        0.9507548661342008, 
        0.027238585502717776, 
        -0.005667096114807067, 
        0.30869243104016775
      ], 
      "visibility": 0.5809036278655687
    }, 
    {
      "bounding_box": {
        "bottom_right": [
          539, 
          275
        ], 
        "top_left": [
          364, 
          43
        ]
      }, 
      "class": "035_power_drill", 
      "cuboid": [
        [
          -21.665633310784806, 
          25.300347822634972, 
          43.84040103712683
        ], 
        [
          -39.96830935116735, 
          24.013058166360814, 
          45.6416461877228
        ], 
        [
          -37.863254822487704, 
          8.634290180196324, 
          56.04064523512381
        ], 
        [
          -19.560578782105154, 
          9.921579836470482, 
          54.23940008452783
        ], 
        [
          -21.42796022209167, 
          28.52348628091712, 
          48.55889324815138
        ], 
        [
          -39.73063626247422, 
          27.23619662464296, 
          50.36013839874735
        ], 
        [
          -37.62558173379457, 
          11.857428638478474, 
          60.75913744614836
        ], 
        [
          -19.32290569341202, 
          13.144718294752632, 
          58.9578922955524
        ]
      ], 
      "cuboid_centroid": [
        -29.645607522289687, 
        18.57888823055672, 
        52.29976924163759
      ], 
      "location": [
        -29.645607522289687, 
        18.57888823055672, 
        52.29976924163759
      ], 
      "pose_transform_permuted": [
        [
          -0.0415570504813546, 
          -0.5635645514421946, 
          -0.8250265946709628, 
          0.0
        ], 
        [
          0.9927628964001716, 
          0.06982440189888224, 
          -0.09770207093689245, 
          0.0
        ], 
        [
          -0.11266857501570832, 
          0.8231159102491977, 
          -0.556584348907705, 
          0.0
        ], 
        [
          -29.645607522289687, 
          18.57888823055672, 
          52.29976924163759, 
          1.0
        ]
      ], 
      "projected_cuboid": [
        [
          215.83768409357128, 
          581.0659066835099
        ], 
        [
          10.678063800533682, 
          553.8775166519829
        ], 
        [
          118.26263645240248, 
          355.4561136628178
        ], 
        [
          287.66101117116176, 
          370.84242566713027
        ], 
        [
          244.29376146453404, 
          586.5583775225006
        ], 
        [
          57.338771423720495, 
          561.7209524385496
        ], 
        [
          148.58240073864982, 
          377.3663383992705
        ], 
        [
          305.3498696653606, 
          392.19064748923796
        ]
      ], 
      "projected_cuboid_centroid": [
        176.77084819166421, 
        462.7421526156836
      ], 
      "quaternion_xyzw": [
        0.9540578338497532, 
        0.04782020817810556, 
        -0.036491268264188345, 
        0.2935222741764896
      ], 
      "visibility": 0.6870621026143887
    }, 
    {
      "bounding_box": {
        "bottom_right": [
          392, 
          164
        ], 
        "top_left": [
          325, 
          54
        ]
      }, 
      "class": "061_foam_brick", 
      "cuboid": [
        [
          -43.9994682204183, 
          5.438287387433258, 
          58.82500773527069
        ], 
        [
          -36.258679762541604, 
          6.227970473891138, 
          58.50847995935125
        ], 
        [
          -36.79264148297435, 
          10.171037748187036, 
          55.28755824328607
        ], 
        [
          -44.53342994085106, 
          9.381354661729159, 
          55.604086019205525
        ], 
        [
          -44.1702580244429, 
          8.747706530256764, 
          62.90472736057041
        ], 
        [
          -36.4294695665662, 
          9.537389616714641, 
          62.58819958465096
        ], 
        [
          -36.96343128699895, 
          13.480456891010542, 
          59.3672778685858
        ], 
        [
          -44.70421974487565, 
          12.690773804552663, 
          59.68380564450524
        ]
      ], 
      "cuboid_centroid": [
        -40.481449753708624, 
        9.4593721392219, 
        59.096142801928245
      ], 
      "location": [
        -40.481449753708624, 
        9.4593721392219, 
        59.096142801928245
      ], 
      "pose_transform_permuted": [
        [
          0.03249425469198686, 
          -0.6296459506093055, 
          -0.7762023578251465, 
          0.0
        ], 
        [
          -0.9940145218768386, 
          -0.10140523279911062, 
          0.04064614445330189, 
          0.0
        ], 
        [
          0.10430366105738004, 
          -0.7702356494231246, 
          0.6291723060082706, 
          0.0
        ], 
        [
          -40.481449753708624, 
          9.4593721392219, 
          59.096142801928245, 
          1.0
        ]
      ], 
      "projected_cuboid": [
        [
          79.36455398621544, 
          322.5911666469032
        ], 
        [
          148.33574827864078, 
          330.05606300490933
        ], 
        [
          123.72706471981421, 
          371.3992740948956
        ], 
        [
          50.90073133688748, 
          363.266618870562
        ], 
        [
          103.99149920424846, 
          347.45144412081606
        ], 
        [
          168.5914537972863, 
          354.55547827181005
        ], 
        [
          146.77283535503145, 
          394.38677885797716
        ], 
        [
          78.8023651646039, 
          386.6881235954121
        ]
      ], 
      "projected_cuboid_centroid": [
        113.22333038791098, 
        358.65367307956484
      ], 
      "quaternion_xyzw": [
        -0.05466302801067529, 
        0.9408045133189344, 
        -0.3345057976435414, 
        -0.0021662018107664856
      ], 
      "visibility": 0.9879253567508233
    }
  ]
}