{
  "camera_data": {
    "location_worldframe": [
      -23.765846603350415, 
      14.368343846540904, 
      75.33426885287464
    ], 
    "quaternion_xyzw_worldframe": [
      0.9281748983691165, 
      0.0365496770369475, 
      -0.11611748090311166, 
      -0.35167328596823066
    ]
  }, 
  "objects": [
    {
      "bounding_box": {
        "bottom_right": [
          539, 
          256
        ], 
        "top_left": [
          352, 
          18
        ]
      }, 
      "class": "003_cracker_box", 
      "cuboid": [
        [
          -35.65943474088074, 
          26.522202447093797, 
          55.62183991856418
        ], 
        [
          -51.69083262681289, 
          24.835906275172732, 
          58.65973437536331
        ], 
        [
          -47.34289621485477, 
          9.986760706816167, 
          73.36183871432517
        ], 
        [
          -31.311498328922617, 
          11.67305687873723, 
          70.32394425752604
        ], 
        [
          -35.24275994883822, 
          31.626631290002027, 
          60.654094467005216
        ], 
        [
          -51.27415783477037, 
          29.940335118080963, 
          63.691988923804345
        ], 
        [
          -46.92622142281225, 
          15.091189549724401, 
          78.3940932627662
        ], 
        [
          -30.8948235368801, 
          16.777485721645462, 
          75.35619880596708
        ]
      ], 
      "cuboid_centroid": [
        -41.292828081846494, 
        20.806695998409097, 
        67.00796659066519
      ], 
      "location": [
        -41.292828081846494, 
        20.806695998409097, 
        67.00796659066519
      ], 
      "pose_transform_permuted": [
        [
          -0.05803270222903775, 
          -0.7109232541707936, 
          -0.70087112378183, 
          0.0
        ], 
        [
          0.9773096886599172, 
          0.1028003670356635, 
          -0.18519680609769934, 
          0.0
        ], 
        [
          -0.2037105248224839, 
          0.695715610875983, 
          -0.6888264011055372, 
          0.0
        ], 
        [
          -41.292828081846494, 
          20.806695998409097, 
          67.00796659066519, 
          1.0
        ]
      ], 
      "projected_cuboid": [
        [
          136.83391620749018, 
          527.5897033311284
        ], 
        [
          7.7205653126903915, 
          499.0883647949531
        ], 
        [
          134.55961024316184, 
          345.88743172578944
        ], 
        [
          242.15945900321114, 
          361.8121446525224
        ], 
        [
          169.13196091246303, 
          551.3733178585429
        ], 
        [
          48.67924702477618, 
          523.9894492106922
        ], 
        [
          159.6948399417034, 
          375.9527795978609
        ], 
        [
          261.1225136088932, 
          392.0260953570293
        ]
      ], 
      "projected_cuboid_centroid": [
        150.20666484080388, 
        438.8880179491341
      ], 
      "quaternion_xyzw": [
        0.9184084635005455, 
        0.08343534060266351, 
        -0.06620951297630129, 
        0.38102590266348846
      ], 
      "visibility": 0.3181661269335553
    }, 
    {
      "bounding_box": {
        "bottom_right": [
          539, 
          303
        ], 
        "top_left": [
          414, 
          192
        ]
      }, 
      "class": "006_mustard_bottle", 
      "cuboid": [
        [
          -29.754816022192465, 
          34.93870010471718, 
          63.76637513905994
        ], 
        [
          -38.85899850891726, 
          31.89573365666476, 
          64.01190366010468
        ], 
        [
          -34.29510296230804, 
          19.34640289524716, 
          77.71029372845102
        ], 
        [
          -25.19092047558325, 
          22.38936934329958, 
          77.46476520740627
        ], 
        [
          -30.97888852323114, 
          38.92882718647242, 
          67.8296236877978
        ], 
        [
          -40.08307100995594, 
          35.88586073841999, 
          68.07515220884255
        ], 
        [
          -35.51917546334672, 
          23.3365299770024, 
          81.7735422771889
        ], 
        [
          -26.414992976621924, 
          26.379496425054818, 
          81.52801375614416
        ]
      ], 
      "cuboid_centroid": [
        -32.63699574276959, 
        29.13761504085979, 
        72.76995870812442
      ], 
      "location": [
        -32.63699574276959, 
        29.13761504085979, 
        72.76995870812442
      ], 
      "pose_transform_permuted": [
        [
          0.21014480410892955, 
          -0.6850120995722765, 
          -0.6975653562970097, 
          0.0
        ], 
        [
          0.948115330714159, 
          0.3168964533009059, 
          -0.025569495698217037, 
          0.0
        ], 
        [
          -0.2385714390885625, 
          0.6559992157520157, 
          -0.7160647298840744, 
          0.0
        ], 
        [
          -32.63699574276959, 
          29.13761504085979, 
          72.76995870812442, 
          1.0
        ]
      ], 
      "projected_cuboid": [
        [
          230.66435763588305, 
          565.5015640943985
        ], 
        [
          155.14261340760683, 
          539.028039265862
        ], 
        [
          244.27107950455965, 
          406.0593668168091
        ], 
        [
          306.72052269499284, 
          427.43002623268114
        ], 
        [
          235.99152605851003, 
          579.3697028238475
        ], 
        [
          164.95828660672188, 
          554.426302928827
        ], 
        [
          248.0137611595246, 
          425.4852576823387
        ], 
        [
          307.36207796807685, 
          445.849334368888
        ]
      ], 
      "projected_cuboid_centroid": [
        240.412351229056, 
        486.83153627559676
      ], 
      "quaternion_xyzw": [
        0.9085262658232816, 
        0.15284860583698112, 
        0.050789755715938335, 
        0.3855355871816027
      ], 
      "visibility": 0.7510200158000283
    }, 
    {
      "bounding_box": {
        "bottom_right": [
          426, 
          227
        ], 
        "top_left": [
          340, 
          98
        ]
      }, 
      "class": "008_pudding_box", 
      "cuboid": [
        [
          -34.66691729924999, 
          16.31509048592629, 
          61.99078445948225
        ], 
        [
          -45.80475965387169, 
          14.766724933196832, 
          63.641057885734455
        ], 
        [
          -44.01735190618529, 
          8.537849668963919, 
          69.86015727294065
        ], 
        [
          -32.879509551563594, 
          10.08621522169338, 
          68.20988384668844
        ], 
        [
          -34.642421972577715, 
          19.03672650860255, 
          64.70965622700545
        ], 
        [
          -45.78026432719942, 
          17.488360955873087, 
          66.35992965325765
        ], 
        [
          -43.99285657951302, 
          11.259485691640176, 
          72.57902904046385
        ], 
        [
          -32.85501422489131, 
          12.807851244369637, 
          70.92875561421165
        ]
      ], 
      "cuboid_centroid": [
        -39.3298869393815, 
        13.787288088783233, 
        67.28490674997305
      ], 
      "location": [
        -39.3298869393815, 
        13.787288088783233, 
        67.28490674997305
      ], 
      "pose_transform_permuted": [
        [
          -0.006367218566816948, 
          -0.7074513292903287, 
          -0.7067327997124442, 
          0.0
        ], 
        [
          0.9799780075126417, 
          0.1362350211964877, 
          -0.14520152221750662, 
          0.0
        ], 
        [
          -0.19900550663257022, 
          0.6935073876200073, 
          -0.6924189659305533, 
          0.0
        ], 
        [
          -39.3298869393815, 
          13.787288088783233, 
          67.28490674997305, 
          1.0
        ]
      ], 
      "projected_cuboid": [
        [
          180.86493777927666, 
          413.6486471759218
        ], 
        [
          94.54895258738303, 
          397.0334373544076
        ], 
        [
          142.7637635426494, 
          338.4653552698045
        ], 
        [
          222.37632038141075, 
          352.1486587541146
        ], 
        [
          193.70420868866938, 
          430.1821179995835
        ], 
        [
          110.60543286914108, 
          413.8364967301468
        ], 
        [
          155.63824017931938, 
          356.02261609070825
        ], 
        [
          232.49859976368913, 
          369.589903630735
        ]
      ], 
      "projected_cuboid_centroid": [
        167.2591433586503, 
        382.56856112362107
      ], 
      "quaternion_xyzw": [
        0.9192684856511036, 
        0.09117046136733716, 
        -0.041219932791715846, 
        0.380702242345819
      ], 
      "visibility": 0.44985555096987206
    }, 
    {
      "bounding_box": {
        "bottom_right": [
          539, 
          238
        ], 
        "top_left": [
          384, 
          38
        ]
      }, 
      "class": "019_pitcher_base", 
      "cuboid": [
        [
          -58.142213192129965, 
          38.72192003044261, 
          71.50790574698993
        ], 
        [
          -39.787331425946185, 
          42.725365521969536, 
          69.82317625839049
        ], 
        [
          -34.647270136907, 
          26.3699398815486, 
          86.9577740584822
        ], 
        [
          -53.00215190309076, 
          22.366494390021675, 
          88.64250354708163
        ], 
        [
          -56.947279343054305, 
          29.313277033634034, 
          62.16864981585217
        ], 
        [
          -38.592397576870525, 
          33.316722525160955, 
          60.48392032725274
        ], 
        [
          -33.45233628783133, 
          16.961296884740015, 
          77.61851812734444
        ], 
        [
          -51.80721805401512, 
          12.95785139321309, 
          79.30324761594387
        ]
      ], 
      "cuboid_centroid": [
        -45.79727473998065, 
        27.841608457591317, 
        74.56321193716718
      ], 
      "location": [
        -45.79727473998065, 
        27.841608457591317, 
        74.56321193716718
      ], 
      "pose_transform_permuted": [
        [
          -0.08977309992568423, 
          0.70685339491467, 
          0.7016404770742096, 
          0.0
        ], 
        [
          -0.973124649060494, 
          -0.21225151644139154, 
          0.0893196596545583, 
          0.0
        ], 
        [
          -0.21206009832403855, 
          0.6747649443081805, 
          -0.7069107331421538, 
          0.0
        ], 
        [
          -45.79727473998065, 
          27.841608457591317, 
          74.56321193716718, 
          1.0
        ]
      ], 
      "projected_cuboid": [
        [
          44.34765107226316, 
          562.081994015209
        ], 
        [
          175.16306891472465, 
          599.6290986046844
        ], 
        [
          267.3315201336592, 
          435.01567028900075
        ], 
        [
          160.0509820567086, 
          407.8550461773981
        ], 
        [
          -11.00165767487641, 
          524.753229557737
        ], 
        [
          138.47111650698747, 
          567.0581796609092
        ], 
        [
          249.82940331738718, 
          389.8282087431813
        ], 
        [
          130.2866427154914, 
          360.4289452796789
        ]
      ], 
      "projected_cuboid_centroid": [
        151.29844287101702, 
        472.4259611855929
      ], 
      "quaternion_xyzw": [
        -0.00012387913154350336, 
        0.3862380197421855, 
        0.9150860711488954, 
        -0.11592123083916706
      ], 
      "visibility": 0.03964362909346762
    }, 
    {
      "bounding_box": {
        "bottom_right": [
          513, 
          251
        ], 
        "top_left": [
          328, 
          21
        ]
      }, 
      "class": "035_power_drill", 
      "cuboid": [
        [
          -28.762667608961824, 
          20.878297242506417, 
          46.80060010374572
        ], 
        [
          -46.55970101360215, 
          18.195880683939514, 
          50.79557099116552
        ], 
        [
          -41.80313773842698, 
          4.9690938137971665, 
          63.10427341790103
        ], 
        [
          -24.006104333786656, 
          7.651510372364066, 
          59.10930253048122
        ], 
        [
          -28.433521859579276, 
          24.830995791101913, 
          50.920929705056786
        ], 
        [
          -46.230555264219596, 
          22.14857923253501, 
          54.91590059247658
        ], 
        [
          -41.473991989044436, 
          8.921792362392662, 
          67.22460301921208
        ], 
        [
          -23.676958584404108, 
          11.604208920959563, 
          63.22963213179229
        ]
      ], 
      "cuboid_centroid": [
        -35.11832979900313, 
        14.900044802449539, 
        57.0126015614789
      ], 
      "location": [
        -35.11832979900313, 
        14.900044802449539, 
        57.0126015614789
      ], 
      "pose_transform_permuted": [
        [
          -0.05755101092018997, 
          -0.6911278598042878, 
          -0.7204380865457669, 
          0.0
        ], 
        [
          0.9653361285059412, 
          0.14549804772586666, 
          -0.21669284100743708, 
          0.0
        ], 
        [
          -0.2545849520212558, 
          0.7079356892622353, 
          -0.6587971683481861, 
          0.0
        ], 
        [
          -35.11832979900313, 
          14.900044802449539, 
          57.0126015614789, 
          1.0
        ]
      ], 
      "projected_cuboid": [
        [
          151.0985784233563, 
          511.2066663134138
        ], 
        [
          -11.322518138789661, 
          464.3311371941952
        ], 
        [
          125.35775136782668, 
          315.2823474246806
        ], 
        [
          263.19457463230435, 
          342.3230541933222
        ], 
        [
          181.31730113569688, 
          533.3535949212819
        ], 
        [
          28.884305080578716, 
          488.38400368241514
        ], 
        [
          149.82537293519758, 
          344.06667457057847
        ], 
        [
          280.2260354733053, 
          371.1639359055217
        ]
      ], 
      "projected_cuboid_centroid": [
        150.34794846472295, 
        412.6677531098972
      ], 
      "quaternion_xyzw": [
        0.9211012300928089, 
        0.10858822751404061, 
        -0.07443368952509015, 
        0.3663888897468026
      ], 
      "visibility": 0.8565410004344034
    }, 
    {
      "bounding_box": {
        "bottom_right": [
          355, 
          168
        ], 
        "top_left": [
          289, 
          72
        ]
      }, 
      "class": "061_foam_brick", 
      "cuboid": [
        [
          -47.259716537621806, 
          1.707224751187282, 
          67.00385558132166
        ], 
        [
          -39.717446692319896, 
          3.1547414312867783, 
          65.71449287011642
        ], 
        [
          -40.983922387924, 
          6.45676048782965, 
          62.01314976089203
        ], 
        [
          -48.526192233225906, 
          5.009243807730153, 
          63.302512472097284
        ], 
        [
          -47.40477595363771, 
          5.60307351155892, 
          70.52903027816109
        ], 
        [
          -39.86250610833581, 
          7.050590191658417, 
          69.23966756695583
        ], 
        [
          -41.12898180393991, 
          10.352609248201288, 
          65.53832445773146
        ], 
        [
          -48.67125164924182, 
          8.905092568101791, 
          66.8276871689367
        ]
      ], 
      "cuboid_centroid": [
        -44.19434917078085, 
        6.029916999694285, 
        66.27109001952655
      ], 
      "location": [
        -44.19434917078085, 
        6.029916999694285, 
        66.27109001952655
      ], 
      "pose_transform_permuted": [
        [
          0.027598823222567348, 
          -0.7412193168319707, 
          -0.6706953327047054, 
          0.0
        ], 
        [
          -0.9685222371004225, 
          -0.18587933367611054, 
          0.16557037643889588, 
          0.0
        ], 
        [
          0.2473923628544785, 
          -0.6450137964937426, 
          0.7230174417910031, 
          0.0
        ], 
        [
          -44.19434917078085, 
          6.029916999694285, 
          66.27109001952655, 
          1.0
        ]
      ], 
      "projected_cuboid": [
        [
          102.29688067620347, 
          286.8752544035463
        ], 
        [
          156.57571112322853, 
          298.88949574102736
        ], 
        [
          126.19375778624978, 
          328.81535445475765
        ], 
        [
          69.3600332124416, 
          315.489093855009
        ], 
        [
          120.14898621946391, 
          315.65531602753265
        ], 
        [
          171.99677494753297, 
          327.59381521510545
        ], 
        [
          144.119925957141, 
          357.53112761151266
        ], 
        [
          89.93832780740529, 
          344.35379255384987
        ]
      ], 
      "projected_cuboid_centroid": [
        122.97718267987392, 
        321.81256675032995
      ], 
      "quaternion_xyzw": [
        -0.11954005511808591, 
        0.9061224208542229, 
        -0.40398425337566507, 
        -0.03806647701263685
      ], 
      "visibility": 0.9517257462686567
    }
  ]
}