{
  "camera_data": {
    "location_worldframe": [
      -8.826587625821603, 
      -2.22228200449065, 
      79.75767023669815
    ], 
    "quaternion_xyzw_worldframe": [
      -0.8290162543909564, 
      -0.10364736828273338, 
      -0.2098932282187908, 
      0.5078725551438854
    ]
  }, 
  "objects": [
    {
      "bounding_box": {
        "bottom_right": [
          463, 
          421
        ], 
        "top_left": [
          268, 
          257
        ]
      }, 
      "class": "003_cracker_box", 
      "cuboid": [
        [
          -6.509828015073952, 
          18.27946780624108, 
          63.881160400490614
        ], 
        [
          -21.16052099655024, 
          19.70945139097433, 
          56.64303510473404
        ], 
        [
          -26.511495560250843, 
          0.2654968747804326, 
          63.63254518321648
        ], 
        [
          -11.860802578774557, 
          -1.1644867099528209, 
          70.87067047897307
        ], 
        [
          -9.191055259842571, 
          21.173754921484896, 
          69.88003696959811
        ], 
        [
          -23.841748241318857, 
          22.60373850621815, 
          62.64191167384152
        ], 
        [
          -29.192722805019468, 
          3.159783990024251, 
          69.63142175232397
        ], 
        [
          -14.542029823543176, 
          1.7298004052909974, 
          76.86954704808055
        ]
      ], 
      "cuboid_centroid": [
        -17.851275410046707, 
        10.719625898132664, 
        66.7562910764073
      ], 
      "location": [
        -17.851275410046707, 
        10.719625898132664, 
        66.7562910764073
      ], 
      "pose_transform_permuted": [
        [
          0.37342998730809557, 
          -0.4031040646854064, 
          -0.8354981493774714, 
          0.0
        ], 
        [
          0.8931388452995211, 
          -0.08717498136646044, 
          0.44125222451654067, 
          0.0
        ], 
        [
          0.25070510085778835, 
          0.9109926649857623, 
          -0.3274741466834066, 
          0.0
        ], 
        [
          -17.851275410046707, 
          10.719625898132664, 
          66.7562910764073, 
          1.0
        ]
      ], 
      "projected_cuboid": [
        [
          426.79607227529834, 
          425.89488275627417
        ], 
        [
          280.7009347504961, 
          458.85986365034637
        ], 
        [
          257.5461792598952, 
          275.5117308003529
        ], 
        [
          391.5977392519218, 
          264.5234832147298
        ], 
        [
          410.8670148747143, 
          434.88316326380533
        ], 
        [
          276.92205226813974, 
          465.7298411330511
        ], 
        [
          256.1414412831591, 
          297.48789188261924
        ], 
        [
          379.86392918752887, 
          285.28786316866507
        ]
      ], 
      "projected_cuboid_centroid": [
        337.7937895466187, 
        358.92620315095814
      ], 
      "quaternion_xyzw": [
        0.9538906724125614, 
        -0.08855314660161451, 
        0.21351561436389715, 
        0.19147325592382847
      ], 
      "visibility": 0.5811861934856587
    }, 
    {
      "bounding_box": {
        "bottom_right": [
          435, 
          417
        ], 
        "top_left": [
          304, 
          342
        ]
      }, 
      "class": "006_mustard_bottle", 
      "cuboid": [
        [
          -6.664305613492102, 
          21.811297024807804, 
          76.51196881570871
        ], 
        [
          -14.098411689699375, 
          21.209397855142985, 
          70.46400617962536
        ], 
        [
          -18.67280965593734, 
          4.1381514293933375, 
          77.78576582483352
        ], 
        [
          -11.238703579730066, 
          4.740050599058154, 
          83.83372846091689
        ], 
        [
          -10.077951634756733, 
          24.414549158822112, 
          80.44891630753919
        ], 
        [
          -17.512057710964008, 
          23.812649989157297, 
          74.40095367145581
        ], 
        [
          -22.08645567720197, 
          6.741403563407651, 
          81.72271331666398
        ], 
        [
          -14.652349600994697, 
          7.343302733072468, 
          87.77067595274734
        ]
      ], 
      "cuboid_centroid": [
        -14.375380645347036, 
        14.276350294107726, 
        79.11734106618636
      ], 
      "location": [
        -14.375380645347036, 
        14.276350294107726, 
        79.11734106618636
      ], 
      "pose_transform_permuted": [
        [
          0.586043697433914, 
          -0.44691789847773683, 
          -0.6758823997400752, 
          0.0
        ], 
        [
          0.7741925155042712, 
          0.06268216076901512, 
          0.6298386596729908, 
          0.0
        ], 
        [
          0.23912043880583342, 
          0.8923762135293452, 
          -0.38273503794705527, 
          0.0
        ], 
        [
          -14.375380645347036, 
          14.276350294107726, 
          79.11734106618636, 
          1.0
        ]
      ], 
      "projected_cuboid": [
        [
          434.75702802401946, 
          425.32016118764244
        ], 
        [
          374.0014479322144, 
          433.8137040721779
        ], 
        [
          352.5044897843709, 
          301.65878799428464
        ], 
        [
          409.504720321175, 
          303.4410098880303
        ], 
        [
          414.23059592971833, 
          435.13778195492574
        ], 
        [
          355.0213459401689, 
          443.9799490161657
        ], 
        [
          336.2604709595964, 
          317.2807030367935
        ], 
        [
          391.8232772728308, 
          317.90653332942776
        ]
      ], 
      "projected_cuboid_centroid": [
        383.8869798956296, 
        369.5215363453128
      ], 
      "quaternion_xyzw": [
        0.9141185821289395, 
        -0.04825366245862264, 
        0.33252861851773413, 
        0.2268997022499447
      ], 
      "visibility": 0.026845637583892617
    }, 
    {
      "bounding_box": {
        "bottom_right": [
          346, 
          398
        ], 
        "top_left": [
          263, 
          292
        ]
      }, 
      "class": "008_pudding_box", 
      "cuboid": [
        [
          -9.54363959740047, 
          6.636690355124767, 
          64.86892034748247
        ], 
        [
          -19.446412473180228, 
          7.438131908452009, 
          59.34939578552976
        ], 
        [
          -21.751328186976455, 
          -0.7262133860159128, 
          62.299266997431246
        ], 
        [
          -11.848555311196696, 
          -1.5276549393431544, 
          67.81879155938397
        ], 
        [
          -11.15283408970046, 
          8.217050461688856, 
          67.98550844486151
        ], 
        [
          -21.055606965480216, 
          9.018492015016097, 
          62.465983882908795
        ], 
        [
          -23.360522679276443, 
          0.8541467205481768, 
          65.41585509481028
        ], 
        [
          -13.457749803496686, 
          0.05270516722093513, 
          70.935379656763
        ]
      ], 
      "cuboid_centroid": [
        -16.452081138338457, 
        3.7454185378364717, 
        65.14238772114638
      ], 
      "location": [
        -16.452081138338457, 
        3.7454185378364717, 
        65.14238772114638
      ], 
      "pose_transform_permuted": [
        [
          0.41828766711606724, 
          -0.4107925706563744, 
          -0.8101136132718949, 
          0.0
        ], 
        [
          0.8713087618473925, 
          -0.07051591067291085, 
          0.4856427762595346, 
          0.0
        ], 
        [
          0.2566235488030725, 
          0.9089977783479387, 
          -0.3284312803193053, 
          0.0
        ], 
        [
          -16.452081138338457, 
          3.7454185378364717, 
          65.14238772114638, 
          1.0
        ]
      ], 
      "projected_cuboid": [
        [
          402.48019854504224, 
          327.8500626226846
        ], 
        [
          305.3934066134136, 
          340.1263323295154
        ], 
        [
          293.84074061400275, 
          267.06971009581537
        ], 
        [
          387.644839007215, 
          261.2732260844453
        ], 
        [
          393.3783735718473, 
          337.74606806906223
        ], 
        [
          300.33124895934225, 
          350.28425903384743
        ], 
        [
          289.5572567907142, 
          280.25018880140135
        ], 
        [
          379.5733167796142, 
          273.6827957860632
        ]
      ], 
      "projected_cuboid_centroid": [
        345.7817027338203, 
        303.95021371206866
      ], 
      "quaternion_xyzw": [
        0.9474202015825959, 
        -0.08632375025609568, 
        0.23852416326611267, 
        0.19506229910995684
      ], 
      "visibility": 0.8336520076481836
    }, 
    {
      "bounding_box": {
        "bottom_right": [
          485, 
          368
        ], 
        "top_left": [
          294, 
          215
        ]
      }, 
      "class": "019_pitcher_base", 
      "cuboid": [
        [
          -34.01863300060582, 
          29.736129698623127, 
          68.20380978102138
        ], 
        [
          -18.318762186216603, 
          29.39822882278183, 
          78.65213277150961
        ], 
        [
          -24.496148741265543, 
          7.585566573946377, 
          87.22897838473216
        ], 
        [
          -40.19601955565476, 
          7.923467449787672, 
          76.78065539424392
        ], 
        [
          -27.4677113621964, 
          23.936614641668964, 
          58.172699070639645
        ], 
        [
          -11.76784054780719, 
          23.598713765827668, 
          68.62102206112787
        ], 
        [
          -17.94522710285613, 
          1.786051516992218, 
          77.19786767435043
        ], 
        [
          -33.645097917245344, 
          2.1239523928335116, 
          66.7495446838622
        ]
      ], 
      "cuboid_centroid": [
        -25.981930051730973, 
        15.76109060780767, 
        72.7008387276859
      ], 
      "location": [
        -25.981930051730973, 
        15.76109060780767, 
        72.7008387276859
      ], 
      "pose_transform_permuted": [
        [
          -0.4921582423204225, 
          0.4357064996787864, 
          0.7536182064515942, 
          0.0
        ], 
        [
          -0.8323633718357684, 
          0.017914562207973245, 
          -0.5539409500377032, 
          0.0
        ], 
        [
          0.2548563385893283, 
          0.8999105343472915, 
          -0.3538492289826476, 
          0.0
        ], 
        [
          -25.981930051730973, 
          15.76109060780767, 
          72.7008387276859, 
          1.0
        ]
      ], 
      "projected_cuboid": [
        [
          213.37163092773397, 
          505.8081573295341
        ], 
        [
          356.3471768542066, 
          472.62825433747633
        ], 
        [
          330.579051784584, 
          319.6648319640936
        ], 
        [
          200.0681753165412, 
          328.32306164606257
        ], 
        [
          227.6781851782531, 
          492.7342436435279
        ], 
        [
          389.3757493986373, 
          456.69470957286137
        ], 
        [
          356.5897636130113, 
          285.6254312599729
        ], 
        [
          210.5371971262982, 
          290.25662234959407
        ]
      ], 
      "projected_cuboid_centroid": [
        289.4101928555981, 
        388.90691348719383
      ], 
      "quaternion_xyzw": [
        -0.2801469510871722, 
        0.21144422222456674, 
        0.9335271973320668, 
        0.07304846114201474
      ], 
      "visibility": 0.3218336730960222
    }, 
    {
      "bounding_box": {
        "bottom_right": [
          425, 
          507
        ], 
        "top_left": [
          252, 
          343
        ]
      }, 
      "class": "035_power_drill", 
      "cuboid": [
        [
          4.295410936047174, 
          14.330245147366755, 
          58.892824970417394
        ], 
        [
          -12.34285131462482, 
          14.974425980217593, 
          50.97810391889953
        ], 
        [
          -15.930030015855879, 
          -2.304928291896395, 
          57.11267851157095
        ], 
        [
          0.7082322348161154, 
          -2.949109124747236, 
          65.02739956308882
        ], 
        [
          2.0902763833710467, 
          16.49637180194449, 
          63.70474305832864
        ], 
        [
          -14.54798586730095, 
          17.14055263479533, 
          55.790022006810766
        ], 
        [
          -18.13516456853201, 
          -0.13880163731865708, 
          61.92459659948219
        ], 
        [
          -1.4969023178600125, 
          -0.7829824701694978, 
          69.83931765100006
        ]
      ], 
      "cuboid_centroid": [
        -6.919876816242416, 
        7.095721755024048, 
        60.40871078494979
      ], 
      "location": [
        -6.919876816242416, 
        7.095721755024048, 
        60.40871078494979
      ], 
      "pose_transform_permuted": [
        [
          0.38556695008099423, 
          -0.3787464337181202, 
          -0.8413620742298541, 
          0.0
        ], 
        [
          0.9024827509703071, 
          -0.03494127459916017, 
          0.4293056041623551, 
          0.0
        ], 
        [
          0.19199612508275704, 
          0.9248407566201086, 
          -0.32834008253334007, 
          0.0
        ], 
        [
          -6.919876816242416, 
          7.095721755024048, 
          60.40871078494979, 
          1.0
        ]
      ], 
      "projected_cuboid": [
        [
          520.8194607078734, 
          403.0578704412542
        ], 
        [
          351.3932991688515, 
          429.94506405572577
        ], 
        [
          331.60240646987484, 
          251.7630614450561
        ], 
        [
          487.45401271729537, 
          249.0995389671123
        ], 
        [
          499.2421512872518, 
          411.38988336647026
        ], 
        [
          341.36799139629886, 
          437.1400741101027
        ], 
        [
          324.10813097700026, 
          272.0911223401023
        ], 
        [
          470.07089400040957, 
          267.3073861416674
        ]
      ], 
      "projected_cuboid_centroid": [
        419.99567567878717, 
        335.9312678476232
      ], 
      "quaternion_xyzw": [
        0.957690657495972, 
        -0.05924078874155448, 
        0.21271810157727689, 
        0.18458113554648364
      ], 
      "visibility": 0.9380948921020127
    }, 
    {
      "bounding_box": {
        "bottom_right": [
          288, 
          341
        ], 
        "top_left": [
          226, 
          258
        ]
      }, 
      "class": "061_foam_brick", 
      "cuboid": [
        [
          -22.637516190035427, 
          -5.210297839450547, 
          55.63322490777342
        ], 
        [
          -15.828225808772817, 
          -5.332847162622485, 
          59.409749941001444
        ], 
        [
          -14.6189223230637, 
          -0.792886981088285, 
          57.37662968408925
        ], 
        [
          -21.428212704326306, 
          -0.6703376579163466, 
          53.600104650861226
        ], 
        [
          -24.865126376975354, 
          -2.7829535847997495, 
          59.728501353333144
        ], 
        [
          -18.055835995712748, 
          -2.9055029079716883, 
          63.50502638656117
        ], 
        [
          -16.846532510003627, 
          1.6344572735625125, 
          61.47190612964898
        ], 
        [
          -23.655822891266236, 
          1.7570065967344506, 
          57.69538109642095
        ]
      ], 
      "cuboid_centroid": [
        -19.742024350019527, 
        -1.7879202829440173, 
        58.5525655187112
      ], 
      "location": [
        -19.742024350019527, 
        -1.7879202829440173, 
        58.5525655187112
      ], 
      "pose_transform_permuted": [
        [
          0.4238223305090632, 
          -0.4618234846407749, 
          -0.7791621790077587, 
          0.0
        ], 
        [
          -0.8743984620538143, 
          0.015736873258063222, 
          -0.4849532764895853, 
          0.0
        ], 
        [
          -0.23622438849490274, 
          -0.8868322388447051, 
          0.3971481064110686, 
          0.0
        ], 
        [
          -19.742024350019527, 
          -1.7879202829440173, 
          58.5525655187112, 
          1.0
        ]
      ], 
      "projected_cuboid": [
        [
          262.77743964024364, 
          223.33879764210042
        ], 
        [
          338.3234428982307, 
          225.41372537559747
        ], 
        [
          344.58082315079855, 
          265.91660083831493
        ], 
        [
          266.610142604719, 
          266.61669652062903
        ], 
        [
          257.72454658075844, 
          248.43736862006105
        ], 
        [
          328.69926773578, 
          248.8859245504656
        ], 
        [
          334.22146975354923, 
          287.4668054683251
        ], 
        [
          261.107142155093, 
          289.52780388508484
        ]
      ], 
      "projected_cuboid_centroid": [
        300.28049927343324, 
        257.001463337896
      ], 
      "quaternion_xyzw": [
        0.06695423457339991, 
        0.9407965879915644, 
        -0.2282564589454977, 
        0.24149099247339023
      ], 
      "visibility": 0.992068461699019
    }
  ]
}