{
  "camera_data": {
    "location_worldframe": [
      -17.720477127288227, 
      12.699048391408107, 
      72.03167383750143
    ], 
    "quaternion_xyzw_worldframe": [
      0.8904420209673876, 
      0.0077537284093289836, 
      -0.029783569354850714, 
      -0.454055658304533
    ]
  }, 
  "objects": [
    {
      "bounding_box": {
        "bottom_right": [
          539, 
          294
        ], 
        "top_left": [
          376, 
          96
        ]
      }, 
      "class": "003_cracker_box", 
      "cuboid": [
        [
          -25.247107256722412, 
          30.26289600310629, 
          54.3507815394989
        ], 
        [
          -41.62892130964157, 
          30.366606970131464, 
          55.18954733401797
        ], 
        [
          -41.15873762737216, 
          12.336410940551458, 
          66.60201882735544
        ], 
        [
          -24.776923574452997, 
          12.232699973526286, 
          65.76325303283636
        ], 
        [
          -24.912695235711784, 
          34.10502886183513, 
          60.40706598055865
        ], 
        [
          -41.29450928863095, 
          34.2087398288603, 
          61.24583177507772
        ], 
        [
          -40.82432560636153, 
          16.17854379928029, 
          72.6583032684152
        ], 
        [
          -24.442511553442376, 
          16.07483283225512, 
          71.8195374738961
        ]
      ], 
      "cuboid_centroid": [
        -33.03571643154197, 
        23.22071990119329, 
        63.504542403957046
      ], 
      "location": [
        -33.03571643154197, 
        23.22071990119329, 
        63.504542403957046
      ], 
      "pose_transform_permuted": [
        [
          -0.04657549150499113, 
          -0.5351160098311403, 
          -0.8434936749101721, 
          0.0
        ], 
        [
          0.998671837955706, 
          -0.006322451330518952, 
          -0.05113302927995794, 
          0.0
        ], 
        [
          -0.022029154891649916, 
          0.8447549245974075, 
          -0.5346997603358239, 
          0.0
        ], 
        [
          -33.03571643154197, 
          23.22071990119329, 
          63.504542403957046, 
          1.0
        ]
      ], 
      "projected_cuboid": [
        [
          231.79411406637388, 
          570.2426189201965
        ], 
        [
          75.96707097281701, 
          566.7317092856415
        ], 
        [
          149.26948346190937, 
          372.07107419343015
        ], 
        [
          278.98942187669616, 
          372.4899403386945
        ], 
        [
          259.8158773240539, 
          574.3917064146725
        ], 
        [
          119.01400693842413, 
          571.1711504941497
        ], 
        [
          179.44504550652127, 
          392.0387500097479
        ], 
        [
          298.5785802464077, 
          392.65549310398995
        ]
      ], 
      "projected_cuboid_centroid": [
        201.84669333664175, 
        468.2972283957111
      ], 
      "quaternion_xyzw": [
        0.9600677629031303, 
        0.004089998687601947, 
        -0.02544313134978362, 
        0.27857819299441133
      ], 
      "visibility": 0.1666063630728674
    }, 
    {
      "bounding_box": {
        "bottom_right": [
          539, 
          347
        ], 
        "top_left": [
          412, 
          258
        ]
      }, 
      "class": "006_mustard_bottle", 
      "cuboid": [
        [
          -19.54478495790404, 
          35.86138494556159, 
          64.75150516277962
        ], 
        [
          -28.896235171297306, 
          34.20710468488098, 
          63.33030723998524
        ], 
        [
          -27.799074430696987, 
          18.576587449056408, 
          74.30500107782268
        ], 
        [
          -18.447624217303716, 
          20.230867709737012, 
          75.72619900061707
        ], 
        [
          -20.82488065065992, 
          39.06627996080817, 
          69.44399483712219
        ], 
        [
          -30.17633086405319, 
          37.411999700127566, 
          68.02279691432781
        ], 
        [
          -29.07917012345287, 
          21.781482464302986, 
          78.99749075216526
        ], 
        [
          -19.727719910059598, 
          23.435762724983586, 
          80.41868867495964
        ]
      ], 
      "cuboid_centroid": [
        -24.311977540678452, 
        28.821433704932286, 
        71.87449795747244
      ], 
      "location": [
        -24.311977540678452, 
        28.821433704932286, 
        71.87449795747244
      ], 
      "pose_transform_permuted": [
        [
          0.21976268429084697, 
          -0.5502060005409749, 
          -0.8055914356062628, 
          0.0
        ], 
        [
          0.9738659483876367, 
          0.17227779416066363, 
          0.1480044518599293, 
          0.0
        ], 
        [
          -0.05735258708779224, 
          0.8170640525328715, 
          -0.5736872099087608, 
          0.0
        ], 
        [
          -24.311977540678452, 
          28.821433704932286, 
          71.87449795747244, 
          1.0
        ]
      ], 
      "projected_cuboid": [
        [
          319.2767946920048, 
          568.655407369519
        ], 
        [
          236.22710007436544, 
          561.3527041994645
        ], 
        [
          280.4081620169134, 
          406.6188538601042
        ], 
        [
          350.59262613214565, 
          415.7671863771061
        ], 
        [
          320.33227557043614, 
          573.3097753198488
        ], 
        [
          243.03373937951167, 
          566.6080859148514
        ], 
        [
          283.64481502603627, 
          420.3354003960086
        ], 
        [
          349.67676430677403, 
          428.70751553932854
        ]
      ], 
      "projected_cuboid_centroid": [
        299.69518324332927, 
        487.1459101749523
      ], 
      "quaternion_xyzw": [
        0.9482248462952722, 
        0.06054217576812739, 
        0.09696200684564625, 
        0.2963150604101975
      ], 
      "visibility": 0.5643729399887368
    }, 
    {
      "bounding_box": {
        "bottom_right": [
          452, 
          264
        ], 
        "top_left": [
          369, 
          138
        ]
      }, 
      "class": "008_pudding_box", 
      "cuboid": [
        [
          -26.37410095888849, 
          18.931628918624853, 
          58.35905884583805
        ], 
        [
          -37.73765865170679, 
          18.733824354533464, 
          58.41197858783511
        ], 
        [
          -37.58339652786549, 
          11.16525722435492, 
          63.245600986713555
        ], 
        [
          -26.21983883504719, 
          11.363061788446313, 
          63.19268124471649
        ], 
        [
          -26.395036575951313, 
          21.001969909353566, 
          61.60149870360553
        ], 
        [
          -37.758594268769606, 
          20.804165345262174, 
          61.6544184456026
        ], 
        [
          -37.60433214492831, 
          13.235598215083632, 
          66.48804084448103
        ], 
        [
          -26.240774452110017, 
          13.433402779175024, 
          66.43512110248398
        ]
      ], 
      "cuboid_centroid": [
        -31.9892165519084, 
        16.083613566854243, 
        62.42354984515954
      ], 
      "location": [
        -31.9892165519084, 
        16.083613566854243, 
        62.42354984515954
      ], 
      "pose_transform_permuted": [
        [
          0.005441921696070499, 
          -0.5381562684252825, 
          -0.8428270233085485, 
          0.0
        ], 
        [
          0.9998378744732433, 
          0.017404100042298726, 
          -0.004656214522451655, 
          0.0
        ], 
        [
          -0.01717515891323107, 
          0.8426653281398104, 
          -0.5381634244365557, 
          0.0
        ], 
        [
          -31.9892165519084, 
          16.083613566854243, 
          62.42354984515954, 
          1.0
        ]
      ], 
      "projected_cuboid": [
        [
          238.56637637156305, 
          446.2949559256506
        ], 
        [
          134.1691025957857, 
          444.33219740790753
        ], 
        [
          162.03336814098242, 
          367.43775539405055
        ], 
        [
          258.46860547123515, 
          369.1859879999268
        ], 
        [
          251.1757121766148, 
          455.1126635392181
        ], 
        [
          152.25792563391153, 
          453.2455590846529
        ], 
        [
          177.44828556902357, 
          379.45305504876865
        ], 
        [
          269.18917300445815, 
          381.12553416100053
        ]
      ], 
      "projected_cuboid_centroid": [
        206.01758566921046, 
        410.6979172547595
      ], 
      "quaternion_xyzw": [
        0.9598606963931802, 
        0.009006322241723859, 
        0.0002046409381515608, 
        0.28033226511572734
      ], 
      "visibility": 0.6269668083151487
    }, 
    {
      "bounding_box": {
        "bottom_right": [
          539, 
          305
        ], 
        "top_left": [
          363, 
          91
        ]
      }, 
      "class": "035_power_drill", 
      "cuboid": [
        [
          -17.936333152150556, 
          25.60146184897569, 
          45.29225030421701
        ], 
        [
          -36.30535257365071, 
          24.804552090477674, 
          46.64635861607763
        ], 
        [
          -34.909797860407544, 
          8.7760540148198, 
          56.14460145408804
        ], 
        [
          -16.540778438907388, 
          9.572963773317813, 
          54.790493142227426
        ], 
        [
          -17.70163759151171, 
          28.529749508016238, 
          50.19931950523435
        ], 
        [
          -36.07065701301187, 
          27.732839749518224, 
          51.55342781709496
        ], 
        [
          -34.6751022997687, 
          11.704341673860352, 
          61.05167065510537
        ], 
        [
          -16.306082878268544, 
          12.501251432358366, 
          59.69756234324477
        ]
      ], 
      "cuboid_centroid": [
        -26.305717725959628, 
        18.65290176141802, 
        53.171960479661195
      ], 
      "location": [
        -26.305717725959628, 
        18.65290176141802, 
        53.171960479661195
      ], 
      "pose_transform_permuted": [
        [
          -0.04103643081699946, 
          -0.5120099997008689, 
          -0.8579992106951116, 
          0.0
        ], 
        [
          0.9963614547230081, 
          0.043225506383355795, 
          -0.073448739777519, 
          0.0
        ], 
        [
          -0.07469410352813295, 
          0.8578913340354708, 
          -0.5083732849348185, 
          0.0
        ], 
        [
          -26.305717725959628, 
          18.65290176141802, 
          53.171960479661195, 
          1.0
        ]
      ], 
      "projected_cuboid": [
        [
          268.6353699973977, 
          574.7456368373919
        ], 
        [
          63.04966586668778, 
          556.8832382194887
        ], 
        [
          147.22416996061878, 
          356.65058987338006
        ], 
        [
          319.2507392712884, 
          366.46783197062047
        ], 
        [
          291.96693373006826, 
          576.3877406582138
        ], 
        [
          105.33690051996602, 
          560.182427578533
        ], 
        [
          176.16689607722728, 
          375.5303350113184
        ], 
        [
          334.7095866092227, 
          384.9688570129675
        ]
      ], 
      "projected_cuboid_centroid": [
        215.54954464106305, 
        460.37683336629266
      ], 
      "quaternion_xyzw": [
        0.9633602648352264, 
        0.030601119387993904, 
        -0.029709853824545083, 
        0.26479794783995325
      ], 
      "visibility": 0.6780323235555238
    }, 
    {
      "bounding_box": {
        "bottom_right": [
          390, 
          190
        ], 
        "top_left": [
          327, 
          83
        ]
      }, 
      "class": "061_foam_brick", 
      "cuboid": [
        [
          -41.20234297336351, 
          5.62150242301028, 
          58.60895179683448
        ], 
        [
          -33.43559982171135, 
          6.176830073162963, 
          58.49534204019602
        ], 
        [
          -33.7754996150471, 
          10.319183998628189, 
          55.50659590908952
        ], 
        [
          -41.54224276669927, 
          9.763856348475505, 
          55.62020566572799
        ], 
        [
          -41.359118607660335, 
          8.687008375205147, 
          62.875523148476184
        ], 
        [
          -33.59237545600817, 
          9.242336025357831, 
          62.76191339183772
        ], 
        [
          -33.93227524934393, 
          13.384689950823056, 
          59.77316726073122
        ], 
        [
          -41.69901840099609, 
          12.829362300670372, 
          59.88677701736969
        ]
      ], 
      "cuboid_centroid": [
        -37.56730911135372, 
        9.503096186916668, 
        59.19105952878285
      ], 
      "location": [
        -37.56730911135372, 
        9.503096186916668, 
        59.19105952878285
      ], 
      "pose_transform_permuted": [
        [
          0.02982793627191671, 
          -0.5832393317582136, 
          -0.8117525337859997, 
          0.0
        ], 
        [
          -0.9973474307483399, 
          -0.0713110494693614, 
          0.014588920565399677, 
          0.0
        ], 
        [
          0.06639575737533016, 
          -0.809164146582021, 
          0.5838193104794889, 
          0.0
        ], 
        [
          -37.56730911135372, 
          9.503096186916668, 
          59.19105952878285, 
          1.0
        ]
      ], 
      "projected_cuboid": [
        [
          103.54667197867016, 
          324.4401115759276
        ], 
        [
          174.2142609705695, 
          329.6025509329381
        ], 
        [
          154.37022191382994, 
          372.4355277308412
        ], 
        [
          79.9458505755655, 
          366.90819463633864
        ], 
        [
          127.85932374408, 
          346.9710411660571
        ], 
        [
          193.76692152336318, 
          351.8233213614738
        ], 
        [
          176.31699932002914, 
          392.70997817342896
        ], 
        [
          107.15328047078228, 
          387.53797202605944
        ]
      ], 
      "projected_cuboid_centroid": [
        140.28966139650683, 
        358.9107409875867
      ], 
      "quaternion_xyzw": [
        -0.03619722522389914, 
        0.9510867614361427, 
        -0.3067697631695141, 
        0.004005684950210561
      ], 
      "visibility": 0.9753527751646284
    }
  ]
}