{
  "camera_data": {
    "location_worldframe": [
      -21.35963375131647, 
      14.242890148195553, 
      71.14445281398633
    ], 
    "quaternion_xyzw_worldframe": [
      0.9067541885495227, 
      0.01913344965694006, 
      -0.053473951010702285, 
      -0.41781854906311255
    ]
  }, 
  "objects": [
    {
      "bounding_box": {
        "bottom_right": [
          539, 
          262
        ], 
        "top_left": [
          380, 
          41
        ]
      }, 
      "class": "003_cracker_box", 
      "cuboid": [
        [
          -30.1680715010188, 
          30.00814065467099, 
          52.392874359587395
        ], 
        [
          -46.50741635898063, 
          29.483002357842913, 
          53.7449672073451
        ], 
        [
          -44.90357600202506, 
          12.454824720269697, 
          66.51299013961804
        ], 
        [
          -28.56423114406324, 
          12.979963017097774, 
          65.16089729186034
        ], 
        [
          -29.833413609390856, 
          34.33093778542816, 
          58.1159702522692
        ], 
        [
          -46.17275846735268, 
          33.80579948860009, 
          59.4680631000269
        ], 
        [
          -44.568918110397114, 
          16.777621851026872, 
          72.23608603229985
        ], 
        [
          -28.22957325243529, 
          17.302760147854947, 
          70.88399318454215
        ]
      ], 
      "cuboid_centroid": [
        -37.36849480570796, 
        23.39288125284893, 
        62.314480195943624
      ], 
      "location": [
        -37.36849480570796, 
        23.39288125284893, 
        62.314480195943624
      ], 
      "pose_transform_permuted": [
        [
          -0.04660973532437826, 
          -0.6020608961152892, 
          -0.7970885834973718, 
          0.0
        ], 
        [
          0.996082821327417, 
          0.032013599127672404, 
          -0.08242658871569375, 
          0.0
        ], 
        [
          -0.07514350024722588, 
          0.7978081265816662, 
          -0.5982103706313086, 
          0.0
        ], 
        [
          -37.36849480570796, 
          23.39288125284893, 
          62.314480195943624, 
          1.0
        ]
      ], 
      "projected_cuboid": [
        [
          171.94993599284763, 
          578.7465697378655
        ], 
        [
          16.250891027813235, 
          565.8509090314144
        ], 
        [
          118.54727393385679, 
          373.1527733490046
        ], 
        [
          245.8603566755185, 
          379.5230809628683
        ], 
        [
          205.53979433398197, 
          588.335247486275
        ], 
        [
          64.06122189537237, 
          576.4626286790882
        ], 
        [
          149.80223095090577, 
          397.15585017246104
        ], 
        [
          267.43237476308553, 
          403.46967828139026
        ]
      ], 
      "projected_cuboid_centroid": [
        159.11292345742203, 
        473.494926781469
      ], 
      "quaternion_xyzw": [
        0.9474940014858214, 
        0.028273819994337403, 
        -0.03404673903943521, 
        0.31669627060023103
      ], 
      "visibility": 0.15384434477670964
    }, 
    {
      "bounding_box": {
        "bottom_right": [
          539, 
          317
        ], 
        "top_left": [
          424, 
          215
        ]
      }, 
      "class": "006_mustard_bottle", 
      "cuboid": [
        [
          -24.427748260755106, 
          36.653798172426896, 
          62.135511887701576
        ], 
        [
          -33.732400246540855, 
          34.49627403292602, 
          61.1482891058079
        ], 
        [
          -31.62256505502892, 
          19.849740547269125, 
          73.27216587450611
        ], 
        [
          -22.317913069243172, 
          22.007264686770007, 
          74.25938865639979
        ], 
        [
          -25.715697492611962, 
          40.16486749979412, 
          66.60127445861335
        ], 
        [
          -35.02034947839771, 
          38.00734336029324, 
          65.61405167671967
        ], 
        [
          -32.91051428688578, 
          23.360809874636352, 
          77.73792844541788
        ], 
        [
          -23.60586230110003, 
          25.518334014137228, 
          78.72515122731156
        ]
      ], 
      "cuboid_centroid": [
        -28.66913127382044, 
        30.007304023531624, 
        69.93672016655972
      ], 
      "location": [
        -28.66913127382044, 
        30.007304023531624, 
        69.93672016655972
      ], 
      "pose_transform_permuted": [
        [
          0.22111095445828854, 
          -0.602769015222854, 
          -0.7666676605061603, 
          0.0
        ], 
        [
          0.9689923513228108, 
          0.2246859304533285, 
          0.1028100058087049, 
          0.0
        ], 
        [
          -0.11028876816706751, 
          0.765627638855158, 
          -0.6337591863139082, 
          0.0
        ], 
        [
          -28.66913127382044, 
          30.007304023531624, 
          69.93672016655972, 
          1.0
        ]
      ], 
      "projected_cuboid": [
        [
          270.18231363965896, 
          587.8922725939982
        ], 
        [
          184.94001862475335, 
          574.1541298181182
        ], 
        [
          249.51060850391994, 
          417.7650753411213
        ], 
        [
          319.97749723737076, 
          431.3393504519529
        ], 
        [
          273.9587481035742, 
          594.9126715237521
        ], 
        [
          194.5749547792398, 
          582.2151897011116
        ], 
        [
          253.93354955925955, 
          433.5529308996503
        ], 
        [
          320.3476696743814, 
          446.1592101512958
        ]
      ], 
      "projected_cuboid_centroid": [
        261.151683833169, 
        502.11458190179894
      ], 
      "quaternion_xyzw": [
        0.9355864004307846, 
        0.08950929023395357, 
        0.08655559767591914, 
        0.3304152884670542
      ], 
      "visibility": 0.5776275765885561
    }, 
    {
      "bounding_box": {
        "bottom_right": [
          458, 
          230
        ], 
        "top_left": [
          369, 
          95
        ]
      }, 
      "class": "008_pudding_box", 
      "cuboid": [
        [
          -30.67096348396087, 
          18.994350997026785, 
          57.309940866755895
        ], 
        [
          -42.0080742259416, 
          18.319325361001177, 
          57.74194896558226
        ], 
        [
          -41.37664667167451, 
          11.172970985535372, 
          63.14582064112966
        ], 
        [
          -30.039535929693773, 
          11.847996621560982, 
          62.713812542303295
        ], 
        [
          -30.692083217404797, 
          21.31349176935364, 
          60.37935553150599
        ], 
        [
          -42.02919395938554, 
          20.63846613332803, 
          60.81136363033236
        ], 
        [
          -41.39776640511844, 
          13.492111757862228, 
          66.21523530587976
        ], 
        [
          -30.06065566313771, 
          14.167137393887835, 
          65.7832272070534
        ]
      ], 
      "cuboid_centroid": [
        -36.034364944539654, 
        16.243231377444506, 
        61.76258808631783
      ], 
      "location": [
        -36.034364944539654, 
        16.243231377444506, 
        61.76258808631783
      ], 
      "pose_transform_permuted": [
        [
          0.005489780181729386, 
          -0.6028283019934122, 
          -0.7978515373210834, 
          0.0
        ], 
        [
          0.9975109040097209, 
          0.059393036528105854, 
          -0.03801081236721815, 
          0.0
        ], 
        [
          -0.0703015640954543, 
          0.7956572163829382, 
          -0.6016535521688844, 
          0.0
        ], 
        [
          -36.034364944539654, 
          16.243231377444506, 
          61.76258808631783, 
          1.0
        ]
      ], 
      "projected_cuboid": [
        [
          193.79812349857752, 
          450.0457389705424
        ], 
        [
          90.36623636820235, 
          442.488567710797
        ], 
        [
          129.22423535065678, 
          367.6516783547606
        ], 
        [
          224.01136540168935, 
          374.04215087551256
        ], 
        [
          208.24042523847774, 
          461.5446345823845
        ], 
        [
          109.92659732044648, 
          454.2872177627405
        ], 
        [
          145.3869946573937, 
          381.9565047279347
        ], 
        [
          235.85754469032284, 
          388.14274267712824
        ]
      ], 
      "projected_cuboid_centroid": [
        167.84750851493854, 
        413.54674494465735
      ], 
      "quaternion_xyzw": [
        0.9474992952126327, 
        0.03422023670066551, 
        -0.008580753661191529, 
        0.3178054749613279
      ], 
      "visibility": 0.5518082982027956
    }, 
    {
      "bounding_box": {
        "bottom_right": [
          539, 
          265
        ], 
        "top_left": [
          362, 
          29
        ]
      }, 
      "class": "035_power_drill", 
      "cuboid": [
        [
          -22.917370268632485, 
          24.95481838682851, 
          43.49767545455177
        ], 
        [
          -41.18601384009686, 
          23.489425201241986, 
          45.497383898630304
        ], 
        [
          -38.80252962808149, 
          8.341662914405914, 
          56.17171016502388
        ], 
        [
          -20.5338860566171, 
          9.80705609999244, 
          54.17200172094534
        ], 
        [
          -22.67414129539459, 
          28.271776395451596, 
          48.150406695388114
        ], 
        [
          -40.94278486685897, 
          26.80638320986507, 
          50.150115139466656
        ], 
        [
          -38.55930065484359, 
          11.658620923028998, 
          60.82444140586023
        ], 
        [
          -20.29065708337921, 
          13.124014108615523, 
          58.82473296178169
        ]
      ], 
      "cuboid_centroid": [
        -30.738335461738036, 
        18.306719654928756, 
        52.161058430206
      ], 
      "location": [
        -30.738335461738036, 
        18.306719654928756, 
        52.161058430206
      ], 
      "pose_transform_permuted": [
        [
          -0.04252849481173578, 
          -0.5799688646570156, 
          -0.8135283136798727, 
          0.0
        ], 
        [
          0.9909169274096096, 
          0.07948498788254492, 
          -0.10846699917100196, 
          0.0
        ], 
        [
          -0.12757093276279627, 
          0.8107518205739698, 
          -0.5713206538367688, 
          0.0
        ], 
        [
          -30.738335461738036, 
          18.306719654928756, 
          52.161058430206, 
          1.0
        ]
      ], 
      "projected_cuboid": [
        [
          198.26843176425277, 
          579.2544592806024
        ], 
        [
          -5.207981731576355, 
          548.6291925210362
        ], 
        [
          110.11818455602763, 
          352.4860527442109
        ], 
        [
          277.7577292829676, 
          369.83632209919176
        ], 
        [
          228.36271116412902, 
          586.4280675663606
        ], 
        [
          42.564049329398294, 
          558.3580493838169
        ], 
        [
          140.68469956890058, 
          375.5114118529634
        ], 
        [
          296.10391463891943, 
          392.272096972183
        ]
      ], 
      "projected_cuboid_centroid": [
        164.69455069037213, 
        460.4631864127822
      ], 
      "quaternion_xyzw": [
        0.950683577966856, 
        0.054449220919581265, 
        -0.03970708484984527, 
        0.3027530781997799
      ], 
      "visibility": 0.7084853078432592
    }, 
    {
      "bounding_box": {
        "bottom_right": [
          390, 
          157
        ], 
        "top_left": [
          322, 
          47
        ]
      }, 
      "class": "061_foam_brick", 
      "cuboid": [
        [
          -44.874361745558815, 
          5.129118349000388, 
          59.07562656351776
        ], 
        [
          -37.14674206267338, 
          6.002734372226161, 
          58.67030664023719
        ], 
        [
          -37.75723977362952, 
          9.875842064925495, 
          55.37886915864932
        ], 
        [
          -45.48485945651495, 
          9.002226041699723, 
          55.78418908192989
        ], 
        [
          -45.04649471485225, 
          8.515129076095183, 
          63.09194801952477
        ], 
        [
          -37.318875031966826, 
          9.388745099320955, 
          62.6866280962442
        ], 
        [
          -37.92937274292296, 
          13.26185279202029, 
          59.395190614656336
        ], 
        [
          -45.65699242580839, 
          12.388236768794519, 
          59.8005105379369
        ]
      ], 
      "cuboid_centroid": [
        -41.40186724424089, 
        9.195485570510339, 
        59.235408589087044
      ], 
      "location": [
        -41.40186724424089, 
        9.195485570510339, 
        59.235408589087044
      ], 
      "pose_transform_permuted": [
        [
          0.03274980363759572, 
          -0.6442181697226645, 
          -0.7641403013589054, 
          0.0
        ], 
        [
          -0.9923234856667824, 
          -0.11218327672384287, 
          0.052048172087292344, 
          0.0
        ], 
        [
          0.11925414104267246, 
          -0.7565697999673802, 
          0.6429467999931975, 
          0.0
        ], 
        [
          -41.40186724424089, 
          9.195485570510339, 
          59.235408589087044, 
          1.0
        ]
      ], 
      "projected_cuboid": [
        [
          73.10682576303608, 
          319.59090103348365
        ], 
        [
          141.1151046266291, 
          327.852058030843
        ], 
        [
          114.95027273944781, 
          368.39465509450395
        ], 
        [
          43.119407692096495, 
          359.35148791053496
        ], 
        [
          97.64341498474072, 
          345.2653757264073
        ], 
        [
          161.45306410674104, 
          353.16324813375536
        ], 
        [
          138.18455254537938, 
          392.36698422504185
        ], 
        [
          71.02051267183246, 
          383.76869290497217
        ]
      ], 
      "projected_cuboid_centroid": [
        105.7334597229639, 
        356.07709599953836
      ], 
      "quaternion_xyzw": [
        -0.06173940339188316, 
        0.9371544145701215, 
        -0.3433705667134622, 
        -0.005148129312966238
      ], 
      "visibility": 0.9943316876942768
    }
  ]
}