{
  "camera_data": {
    "location_worldframe": [
      -15.94263583444835, 
      9.671099110878838, 
      76.48452168462953
    ], 
    "quaternion_xyzw_worldframe": [
      0.8678447085741597, 
      0.011310145960057699, 
      0.00122281265423045, 
      -0.4967066769399385
    ]
  }, 
  "objects": [
    {
      "bounding_box": {
        "bottom_right": [
          534, 
          318
        ], 
        "top_left": [
          353, 
          146
        ]
      }, 
      "class": "003_cracker_box", 
      "cuboid": [
        [
          -22.065296240513028, 
          29.051268473809383, 
          60.2156724233589
        ], 
        [
          -38.46233324575679, 
          29.51132326995698, 
          60.15531747025332
        ], 
        [
          -39.032228437442775, 
          10.459505502381665, 
          69.76036855642616
        ], 
        [
          -22.635191432199015, 
          9.999450706234066, 
          69.82072350953173
        ], 
        [
          -21.998257235497338, 
          32.281810699599916, 
          66.62749745482486
        ], 
        [
          -38.3952942407411, 
          32.74186549574751, 
          66.56714250171927
        ], 
        [
          -38.96518943242709, 
          13.6900477281722, 
          76.17219358789211
        ], 
        [
          -22.568152427183325, 
          13.229992932024604, 
          76.2325485409977
        ]
      ], 
      "cuboid_centroid": [
        -30.51524283647006, 
        21.37065810099079, 
        68.19393300562551
      ], 
      "location": [
        -30.51524283647006, 
        21.37065810099079, 
        68.19393300562551
      ], 
      "pose_transform_permuted": [
        [
          -0.009336908999787619, 
          -0.4499362539035117, 
          -0.8930118641729257, 
          0.0
        ], 
        [
          0.9995998630039709, 
          -0.02804596410048915, 
          0.00367937224491538, 
          0.0
        ], 
        [
          0.026700861648498442, 
          0.8926201831243501, 
          -0.4500180803770877, 
          0.0
        ], 
        [
          -30.51524283647006, 
          21.37065810099079, 
          68.19393300562551, 
          1.0
        ]
      ], 
      "projected_cuboid": [
        [
          284.54002592113363, 
          530.5884955866576
        ], 
        [
          137.75948779555546, 
          534.9253637252318
        ], 
        [
          180.7080625785741, 
          353.2496922786273
        ], 
        [
          307.2592668420321, 
          349.66648099163814
        ], 
        [
          304.0446823539602, 
          531.6861850339706
        ], 
        [
          171.41990179429573, 
          535.6063162111642
        ], 
        [
          206.50880082557993, 
          369.13740171634066
        ], 
        [
          322.39551338352493, 
          365.84299124063546
        ]
      ], 
      "projected_cuboid_centroid": [
        240.95983247937556, 
        440.41856818085586
      ], 
      "quaternion_xyzw": [
        0.9727836232047247, 
        -0.014069630810763041, 
        -0.0014539555919522293, 
        0.23128327636617754
      ], 
      "visibility": 0.22940534642662302
    }, 
    {
      "bounding_box": {
        "bottom_right": [
          523, 
          367
        ], 
        "top_left": [
          382, 
          291
        ]
      }, 
      "class": "006_mustard_bottle", 
      "cuboid": [
        [
          -16.85303584222568, 
          33.46745103972486, 
          71.41227133544155
        ], 
        [
          -26.140278353030293, 
          32.20818597112805, 
          69.32242783825782
        ], 
        [
          -26.008230038285152, 
          15.569463357360803, 
          78.76150663912995
        ], 
        [
          -16.72098752748054, 
          16.8287284259576, 
          80.8513501363137
        ], 
        [
          -18.332564639294173, 
          36.238463958857395, 
          76.31756830156111
        ], 
        [
          -27.619807150098787, 
          34.97919889026059, 
          74.22772480437737
        ], 
        [
          -27.48775883535365, 
          18.34047627649334, 
          83.66680360524951
        ], 
        [
          -18.200516324549035, 
          19.599741345090138, 
          85.75664710243325
        ]
      ], 
      "cuboid_centroid": [
        -22.170397338789662, 
        25.9039636581091, 
        77.53953747034554
      ], 
      "location": [
        -22.170397338789662, 
        25.9039636581091, 
        77.53953747034554
      ], 
      "pose_transform_permuted": [
        [
          0.25400071398520563, 
          -0.4757185269502452, 
          -0.8421255025062876, 
          0.0
        ], 
        [
          0.967179317571195, 
          0.1311406618562799, 
          0.21763762549381901, 
          0.0
        ], 
        [
          -0.0069026462495122495, 
          0.869766618894478, 
          -0.4934150201722901, 
          0.0
        ], 
        [
          -22.170397338789662, 
          25.9039636581091, 
          77.53953747034554, 
          1.0
        ]
      ], 
      "projected_cuboid": [
        [
          354.6867202578522, 
          523.2274333559319
        ], 
        [
          278.8156381469333, 
          521.0744019163004
        ], 
        [
          304.01932994015425, 
          378.71239970334364
        ], 
        [
          370.38129571776193, 
          384.2938423035065
        ], 
        [
          352.4185085590659, 
          526.526819654627
        ], 
        [
          281.497463410674, 
          524.6089626007903
        ], 
        [
          304.92093238594606, 
          390.1947350375732
        ], 
        [
          367.46500918974704, 
          395.177099676788
        ]
      ], 
      "projected_cuboid_centroid": [
        327.8375505569646, 
        451.45488346462463
      ], 
      "quaternion_xyzw": [
        0.9590452855538106, 
        0.035984564593860034, 
        0.12294475208401454, 
        0.2526297667379959
      ], 
      "visibility": 0.4564636752136752
    }, 
    {
      "bounding_box": {
        "bottom_right": [
          425, 
          293
        ], 
        "top_left": [
          349, 
          184
        ]
      }, 
      "class": "008_pudding_box", 
      "cuboid": [
        [
          -23.66128919400566, 
          17.4207546888898, 
          63.02954032268612
        ], 
        [
          -35.010714273669166, 
          17.522429451509137, 
          62.435753166855335
        ], 
        [
          -35.2954358629724, 
          9.522026506595518, 
          66.50802489617456
        ], 
        [
          -23.94601078330889, 
          9.42035174397618, 
          67.10181205200534
        ], 
        [
          -23.82471512533985, 
          19.168936928498283, 
          66.45259702266605
        ], 
        [
          -35.17414020500336, 
          19.270611691117622, 
          65.85880986683527
        ], 
        [
          -35.45886179430659, 
          11.270208746204002, 
          69.9310815961545
        ], 
        [
          -24.109436714643078, 
          11.168533983584664, 
          70.52486875198528
        ]
      ], 
      "cuboid_centroid": [
        -29.560075494156123, 
        14.345481717546901, 
        66.48031095942031
      ], 
      "location": [
        -29.560075494156123, 
        14.345481717546901, 
        66.48031095942031
      ], 
      "pose_transform_permuted": [
        [
          0.04248029178023431, 
          -0.45441559376357493, 
          -0.8897758526342937, 
          0.0
        ], 
        [
          0.9985943975376386, 
          -0.008945990445328353, 
          0.05224515981914452, 
          0.0
        ], 
        [
          0.03170018939543081, 
          0.8907448473232088, 
          -0.4533965457448885, 
          0.0
        ], 
        [
          -29.560075494156123, 
          14.345481717546901, 
          66.48031095942031, 
          1.0
        ]
      ], 
      "projected_cuboid": [
        [
          279.72045888301346, 
          420.69090713342547
        ], 
        [
          180.04705296240684, 
          422.9612723640032
        ], 
        [
          196.20872039395462, 
          349.64248473176815
        ], 
        [
          289.69013580153177, 
          348.1587047945937
        ], 
        [
          288.79686108209984, 
          427.1280718052179
        ], 
        [
          194.3858820364108, 
          429.3384711296422
        ], 
        [
          208.9214640470195, 
          359.2372038883077
        ], 
        [
          297.75854824168874, 
          357.74465884239004
        ]
      ], 
      "projected_cuboid_centroid": [
        242.48349192731027, 
        388.3691273914248
      ], 
      "quaternion_xyzw": [
        0.9719973119169544, 
        -0.010454293273866556, 
        0.02436360945601874, 
        0.23349142234717032
      ], 
      "visibility": 0.7003054043287744
    }, 
    {
      "bounding_box": {
        "bottom_right": [
          539, 
          292
        ], 
        "top_left": [
          367, 
          146
        ]
      }, 
      "class": "019_pitcher_base", 
      "cuboid": [
        [
          -45.486836417052615, 
          39.93639118657574, 
          75.69533678595495
        ], 
        [
          -26.801320439225655, 
          40.82600864066473, 
          78.10938884250281
        ], 
        [
          -27.273170759698022, 
          19.500303879969678, 
          89.62052664204565
        ], 
        [
          -45.958686737524985, 
          18.610686425880672, 
          87.20647458549777
        ], 
        [
          -43.68985219494051, 
          33.64100496426063, 
          64.10607057494231
        ], 
        [
          -25.004336217113547, 
          34.53062241834963, 
          66.52012263149018
        ], 
        [
          -25.476186537585914, 
          13.204917657654573, 
          78.03126043103302
        ], 
        [
          -44.16170251541288, 
          12.315300203565569, 
          75.61720837448514
        ]
      ], 
      "cuboid_centroid": [
        -35.481511477319266, 
        26.570654422115155, 
        76.86329860849398
      ], 
      "location": [
        -35.481511477319266, 
        26.570654422115155, 
        76.86329860849398
      ], 
      "pose_transform_permuted": [
        [
          -0.13500399562815754, 
          0.4729603541182172, 
          0.8706794559643569, 
          0.0
        ], 
        [
          -0.9906539529956161, 
          -0.04716503673716889, 
          -0.12798630850730552, 
          0.0
        ], 
        [
          0.019466815613068733, 
          0.8798204523408996, 
          -0.4749073748980339, 
          0.0
        ], 
        [
          -35.481511477319266, 
          26.570654422115155, 
          76.86329860849398, 
          1.0
        ]
      ], 
      "projected_cuboid": [
        [
          158.44395361295304, 
          554.6626491837875
        ], 
        [
          297.07653993036274, 
          552.0406062623159
        ], 
        [
          317.94561071300245, 
          389.33019814105944
        ], 
        [
          198.19003823742446, 
          387.101980864046
        ], 
        [
          115.09776186864748, 
          553.1571740083892
        ], 
        [
          279.4562465154659, 
          550.1329481544147
        ], 
        [
          306.0241467157947, 
          363.538074892261
        ], 
        [
          167.53397301908484, 
          360.1449517259089
        ]
      ], 
      "projected_cuboid_centroid": [
        233.3553137220636, 
        457.6482632459952
      ], 
      "quaternion_xyzw": [
        -0.06798403805108953, 
        0.2450275722851305, 
        0.9671031306563008, 
        -0.007160100160492562
      ], 
      "visibility": 0.05437296600859691
    }, 
    {
      "bounding_box": {
        "bottom_right": [
          530, 
          343
        ], 
        "top_left": [
          347, 
          158
        ]
      }, 
      "class": "035_power_drill", 
      "cuboid": [
        [
          -14.34625994661063, 
          25.090504694890708, 
          51.16238286334147
        ], 
        [
          -32.77552550174045, 
          24.657888403953294, 
          51.416475827058505
        ], 
        [
          -32.26919015304338, 
          7.757421740676436, 
          59.365991007682226
        ], 
        [
          -13.839924597913566, 
          8.19003803161385, 
          59.1118980439652
        ], 
        [
          -14.332060131552682, 
          27.52515047691101, 
          56.33747484756637
        ], 
        [
          -32.7613256866825, 
          27.092534185973594, 
          56.591567811283404
        ], 
        [
          -32.25499033798543, 
          10.192067522696737, 
          64.54108299190713
        ], 
        [
          -13.82572478285562, 
          10.62468381363415, 
          64.28699002819009
        ]
      ], 
      "cuboid_centroid": [
        -23.30062514229803, 
        17.64128610879372, 
        57.8517329276243
      ], 
      "location": [
        -23.30062514229803, 
        17.64128610879372, 
        57.8517329276243
      ], 
      "pose_transform_permuted": [
        [
          -0.0024828323409849308, 
          -0.4256969025141369, 
          -0.9048628938876612, 
          0.0
        ], 
        [
          0.9996292897645686, 
          0.023465716219492744, 
          -0.013782359806733055, 
          0.0
        ], 
        [
          -0.027100524685012332, 
          0.9045616016636979, 
          -0.4254809247285381, 
          0.0
        ], 
        [
          -23.30062514229803, 
          17.64128610879372, 
          57.8517329276243, 
          1.0
        ]
      ], 
      "projected_cuboid": [
        [
          330.80459310992217, 
          534.8313831692582
        ], 
        [
          138.79842339401705, 
          529.0515345889306
        ], 
        [
          189.2881384418891, 
          342.97601606468606
        ], 
        [
          355.68987098559313, 
          347.17872912588876
        ], 
        [
          344.79174971500834, 
          533.8538037097703
        ], 
        [
          170.28104071940754, 
          528.6068904285812
        ], 
        [
          212.84463429131753, 
          357.506215601942
        ], 
        [
          365.9441616450151, 
          361.42804126737013
        ]
      ], 
      "projected_cuboid_centroid": [
        265.00480538914536, 
        435.91681503666643
      ], 
      "quaternion_xyzw": [
        0.9758398671549455, 
        0.012954543723431439, 
        -0.004166972649708153, 
        0.21806288508284613
      ], 
      "visibility": 0.8108447420338375
    }, 
    {
      "bounding_box": {
        "bottom_right": [
          372, 
          223
        ], 
        "top_left": [
          315, 
          128
        ]
      }, 
      "class": "061_foam_brick", 
      "cuboid": [
        [
          -38.75861378810429, 
          4.549379268153058, 
          61.15938451632521
        ], 
        [
          -30.988156085643382, 
          4.905370542513685, 
          61.52932027616508
        ], 
        [
          -31.06756930460409, 
          9.323967279304757, 
          58.94534508901553
        ], 
        [
          -38.838027007065, 
          8.967976004944129, 
          58.57540932917566
        ], 
        [
          -39.09539902891817, 
          7.192709129351613, 
          65.68982813561539
        ], 
        [
          -31.324941326457257, 
          7.54870040371224, 
          66.05976389545525
        ], 
        [
          -31.404354545417966, 
          11.96729714050331, 
          63.4757887083057
        ], 
        [
          -39.174812247878876, 
          11.611305866142684, 
          63.10585294846584
        ]
      ], 
      "cuboid_centroid": [
        -35.08148416676113, 
        8.258338204328185, 
        62.31758661231546
      ], 
      "location": [
        -35.08148416676113, 
        8.258338204328185, 
        62.31758661231546
      ], 
      "pose_transform_permuted": [
        [
          0.06407633906490273, 
          -0.5029166362434043, 
          -0.8619565416896952, 
          0.0
        ], 
        [
          -0.9978244257555333, 
          -0.04571375361844843, 
          -0.0475044008040541, 
          0.0
        ], 
        [
          0.015512515517479453, 
          -0.8631251993307409, 
          0.5047516737392642, 
          0.0
        ], 
        [
          -35.08148416676113, 
          8.258338204328185, 
          62.31758661231546, 
          1.0
        ]
      ], 
      "projected_cuboid": [
        [
          140.799200690072, 
          312.95785047365297
        ], 
        [
          210.7617137440809, 
          315.80496921537883
        ], 
        [
          198.16466458530525, 
          357.64696263228467
        ], 
        [
          125.03629236209522, 
          354.93850216947527
        ], 
        [
          161.5460131400039, 
          331.6823770878753
        ], 
        [
          226.594245707078, 
          334.22937996862316
        ], 
        [
          215.54079439433542, 
          373.8350156378198
        ], 
        [
          147.76425569102892, 
          371.41589548589536
        ]
      ], 
      "projected_cuboid_centroid": [
        178.86455164155024, 
        343.9621486436147
      ], 
      "quaternion_xyzw": [
        -0.015865974626704932, 
        0.9647416968774556, 
        -0.2611238617663547, 
        0.028914667063242465
      ], 
      "visibility": 0.9841166231505657
    }
  ]
}