{
  "camera_data": {
    "location_worldframe": [
      -16.811104977308393, 
      11.785537491683616, 
      72.9281301058532
    ], 
    "quaternion_xyzw_worldframe": [
      0.8832036170086942, 
      0.0037719713202646475, 
      -0.02180104466183139, 
      -0.4684707569727476
    ]
  }, 
  "objects": [
    {
      "bounding_box": {
        "bottom_right": [
          539, 
          303
        ], 
        "top_left": [
          370, 
          114
        ]
      }, 
      "class": "003_cracker_box", 
      "cuboid": [
        [
          -23.894241808692446, 
          30.019731071877565, 
          55.74980000880652
        ], 
        [
          -40.28037845184513, 
          30.346224676084184, 
          56.43247381487871
        ], 
        [
          -40.19563957533101, 
          11.95443615710216, 
          67.26245449548213
        ], 
        [
          -23.809502932178322, 
          11.627942552895542, 
          66.57978068940994
        ], 
        [
          -23.564242998601987, 
          33.66023355133468, 
          61.92962525045762
        ], 
        [
          -39.950379641754665, 
          33.986727155541296, 
          62.61229905652982
        ], 
        [
          -39.86564076524054, 
          15.594938636559274, 
          73.44227973713325
        ], 
        [
          -23.479504122087864, 
          15.268445032352657, 
          72.75960593106105
        ]
      ], 
      "cuboid_centroid": [
        -31.879941286966496, 
        22.807334854218418, 
        64.59603987296988
      ], 
      "location": [
        -31.879941286966496, 
        22.807334854218418, 
        64.59603987296988
      ], 
      "pose_transform_permuted": [
        [
          -0.04596083815879681, 
          -0.5070337836344332, 
          -0.8606999149582224, 
          0.0
        ], 
        [
          0.9989353526750955, 
          -0.019903776635512793, 
          -0.04161731432379767, 
          0.0
        ], 
        [
          -0.0039702054887655325, 
          0.8616963397444566, 
          -0.5074087657297441, 
          0.0
        ], 
        [
          -31.879941286966496, 
          22.807334854218418, 
          64.59603987296988, 
          1.0
        ]
      ], 
      "projected_cuboid": [
        [
          251.11259245676328, 
          560.4644374471657
        ], 
        [
          97.75179895767381, 
          560.0759484219196
        ], 
        [
          160.2325158794151, 
          368.07247697478584
        ], 
        [
          289.2880253241902, 
          366.42907181430286
        ], 
        [
          276.97768151798505, 
          563.1584959408216
        ], 
        [
          138.4715651025747, 
          562.7789768963482
        ], 
        [
          189.69018347321114, 
          386.5331066200742
        ], 
        [
          308.0607736301701, 
          385.2024923922003
        ]
      ], 
      "projected_cuboid_centroid": [
        216.19557779479896, 
        461.58907698563104
      ], 
      "quaternion_xyzw": [
        0.9645376622218769, 
        -0.0041298468092068105, 
        -0.022699516025339112, 
        0.26293492444539207
      ], 
      "visibility": 0.1778032297946313
    }, 
    {
      "bounding_box": {
        "bottom_right": [
          539, 
          356
        ], 
        "top_left": [
          403, 
          271
        ]
      }, 
      "class": "006_mustard_bottle", 
      "cuboid": [
        [
          -18.215284214179334, 
          35.19445284163679, 
          66.3802438099011
        ], 
        [
          -27.575420210466746, 
          33.72931532559968, 
          64.81586086435648
        ], 
        [
          -26.82349578697188, 
          17.740171207875743, 
          75.29167184147882
        ], 
        [
          -17.463359790684464, 
          19.20530872391285, 
          76.85605478702344
        ], 
        [
          -19.495137963393915, 
          38.2664431105685, 
          71.16086161028909
        ], 
        [
          -28.855273959681327, 
          36.8013055945314, 
          69.59647866474445
        ], 
        [
          -28.10334953618646, 
          20.81216147680746, 
          80.07228964186679
        ], 
        [
          -18.74321353989905, 
          22.277298992844567, 
          81.63667258741143
        ]
      ], 
      "cuboid_centroid": [
        -23.1593168751829, 
        28.003307159222125, 
        73.22626672588395
      ], 
      "location": [
        -23.1593168751829, 
        28.003307159222125, 
        73.22626672588395
      ], 
      "pose_transform_permuted": [
        [
          0.21972114820695587, 
          -0.5273893439656631, 
          -0.820720986975633, 
          0.0
        ], 
        [
          0.9747704913197668, 
          0.15258034893135974, 
          0.1629158308218643, 
          0.0
        ], 
        [
          -0.03930582765687661, 
          0.835810785545668, 
          -0.5476087861582765, 
          0.0
        ], 
        [
          -23.1593168751829, 
          28.003307159222125, 
          73.22626672588395, 
          1.0
        ]
      ], 
      "projected_cuboid": [
        [
          334.03020488800325, 
          556.0497494753736
        ], 
        [
          252.80941484507554, 
          550.8189837471779
        ], 
        [
          290.01265460014196, 
          398.94692620988206
        ], 
        [
          359.4054401974451, 
          406.55602822125616
        ], 
        [
          334.2719316324286, 
          560.0768188655544
        ], 
        [
          258.6356728085227, 
          555.295877194912
        ], 
        [
          292.85549285119356, 
          411.9054451382751
        ], 
        [
          358.1301822171505, 
          418.8206397090809
        ]
      ], 
      "projected_cuboid_centroid": [
        311.5181090544567, 
        477.2394741249186
      ], 
      "quaternion_xyzw": [
        0.9527988066534652, 
        0.05034803130741793, 
        0.10039815760600185, 
        0.28206325475461025
      ], 
      "visibility": 0.5548097885173695
    }, 
    {
      "bounding_box": {
        "bottom_right": [
          445, 
          275
        ], 
        "top_left": [
          364, 
          154
        ]
      }, 
      "class": "008_pudding_box", 
      "cuboid": [
        [
          -25.231023954507098, 
          18.584289050861962, 
          59.37994761502156
        ], 
        [
          -36.59621758514323, 
          18.55814186943953, 
          59.31622441885421
        ], 
        [
          -36.60417580872501, 
          10.837082320079034, 
          63.904915605207556
        ], 
        [
          -25.238982178088875, 
          10.863229501501461, 
          63.9686388013749
        ], 
        [
          -25.254085306750866, 
          20.54973091989649, 
          62.68701168798284
        ], 
        [
          -36.619278937387, 
          20.523583738474066, 
          62.6232884918155
        ], 
        [
          -36.627237160968775, 
          12.802524189113566, 
          67.21197967816884
        ], 
        [
          -25.262043530332644, 
          12.828671370535993, 
          67.27570287433619
        ]
      ], 
      "cuboid_centroid": [
        -30.92913055773794, 
        15.693406619987762, 
        63.2959636465952
      ], 
      "location": [
        -30.92913055773794, 
        15.693406619987762, 
        63.2959636465952
      ], 
      "pose_transform_permuted": [
        [
          0.005994476911738013, 
          -0.5108892046204166, 
          -0.8596251868257422, 
          0.0
        ], 
        [
          0.999981814657715, 
          0.002300594849216003, 
          0.005606770936786947, 
          0.0
        ], 
        [
          0.0008860487025623032, 
          0.8596434525639731, 
          -0.5108933960382914, 
          0.0
        ], 
        [
          -30.92913055773794, 
          15.693406619987762, 
          63.2959636465952, 
          1.0
        ]
      ], 
      "projected_cuboid": [
        [
          253.09675273644598, 
          440.20088681845687
        ], 
        [
          149.8138310573094, 
          440.14510969953807
        ], 
        [
          173.57055085838192, 
          363.72759671690693
        ], 
        [
          269.42096661844874, 
          363.8554970556234
        ], 
        [
          264.9534930959842, 
          448.1165966071099
        ], 
        [
          167.13688909628598, 
          448.0718197542315
        ], 
        [
          188.54201682930028, 
          374.8731434760254
        ], 
        [
          279.66654371095035, 
          374.9841996283686
        ]
      ], 
      "projected_cuboid_centroid": [
        218.8224376936571, 
        405.51615571563616
      ], 
      "quaternion_xyzw": [
        0.9642679158365985, 
        0.00036674095534601497, 
        0.003007786440363859, 
        0.26491148981458373
      ], 
      "visibility": 0.6457762421065173
    }, 
    {
      "bounding_box": {
        "bottom_right": [
          539, 
          318
        ], 
        "top_left": [
          360, 
          113
        ]
      }, 
      "class": "035_power_drill", 
      "cuboid": [
        [
          -16.561993271608795, 
          25.540065070164715, 
          46.617076921062875
        ], 
        [
          -34.953700146723456, 
          24.980274128913134, 
          47.76655563458561
        ], 
        [
          -33.89433660500665, 
          8.636198172233831, 
          56.7568765708825
        ], 
        [
          -15.502629729891988, 
          9.195989113485412, 
          55.60739785735977
        ], 
        [
          -16.333617320822537, 
          28.305667977355466, 
          51.61793322260627
        ], 
        [
          -34.7253241959372, 
          27.745877036103884, 
          52.767411936128994
        ], 
        [
          -33.66596065422039, 
          11.401801079424578, 
          61.7577328724259
        ], 
        [
          -15.27425377910573, 
          11.961592020676159, 
          60.608254158903165
        ]
      ], 
      "cuboid_centroid": [
        -25.11397696291459, 
        18.470933074794647, 
        54.18740489674438
      ], 
      "location": [
        -25.11397696291459, 
        18.470933074794647, 
        54.18740489674438
      ], 
      "pose_transform_permuted": [
        [
          -0.039931449402778076, 
          -0.4835646318119621, 
          -0.8743978500719635, 
          0.0
        ], 
        [
          0.9975920541234776, 
          0.03036384816019959, 
          -0.06234934249337855, 
          0.0
        ], 
        [
          -0.05670018474233562, 
          0.8747819702051014, 
          -0.4811878433675517, 
          0.0
        ], 
        [
          -25.11397696291459, 
          18.470933074794647, 
          54.18740489674438, 
          1.0
        ]
      ], 
      "projected_cuboid": [
        [
          290.5416740999895, 
          565.4759620512618
        ], 
        [
          88.08236033617764, 
          552.1944309400537
        ], 
        [
          160.4526415735478, 
          354.43712074204575
        ], 
        [
          331.67535415777047, 
          361.48345547487486
        ], 
        [
          311.43078913497834, 
          565.7423978850377
        ], 
        [
          127.703838882974, 
          553.7137757910883
        ], 
        [
          188.44605102395894, 
          371.74876313533235
        ], 
        [
          346.07189690498626, 
          378.5420243679079
        ]
      ], 
      "projected_cuboid_centroid": [
        232.36215591317003, 
        455.07989654885114
      ], 
      "quaternion_xyzw": [
        0.9678289976024358, 
        0.02248951858185058, 
        -0.026420161038141234, 
        0.24920530320166495
      ], 
      "visibility": 0.7278758469390826
    }, 
    {
      "bounding_box": {
        "bottom_right": [
          387, 
          201
        ], 
        "top_left": [
          325, 
          97
        ]
      }, 
      "class": "061_foam_brick", 
      "cuboid": [
        [
          -40.25802516900481, 
          5.500557863307613, 
          59.057220556470334
        ], 
        [
          -32.483105378690574, 
          5.940789689945785, 
          59.03688948276113
        ], 
        [
          -32.73069425204912, 
          10.181506370818012, 
          56.1799237615996
        ], 
        [
          -40.505614042363355, 
          9.741274544179841, 
          56.200254835308805
        ], 
        [
          -40.41247872678204, 
          8.42977571810628, 
          63.41856934998821
        ], 
        [
          -32.637558936467805, 
          8.87000754474445, 
          63.39823827627901
        ], 
        [
          -32.88514780982635, 
          13.11072422561668, 
          60.54127255511747
        ], 
        [
          -40.660067600140586, 
          12.670492398978507, 
          60.561603628826674
        ]
      ], 
      "cuboid_centroid": [
        -36.57158648941558, 
        9.305641044462146, 
        59.79924655579391
      ], 
      "location": [
        -36.57158648941558, 
        9.305641044462146, 
        59.79924655579391
      ], 
      "pose_transform_permuted": [
        [
          0.029386140895003243, 
          -0.5573093286554482, 
          -0.829784771441916, 
          0.0
        ], 
        [
          -0.9983974139140692, 
          -0.0565312992406386, 
          0.002610765379039537, 
          0.0
        ], 
        [
          0.048363815120377296, 
          -0.8283782495936136, 
          0.5580774292042484, 
          0.0
        ], 
        [
          -36.57158648941558, 
          9.305641044462146, 
          59.79924655579391, 
          1.0
        ]
      ], 
      "projected_cuboid": [
        [
          115.01501256125567, 
          322.95963805669066
        ], 
        [
          185.71011751454577, 
          326.95365203348035
        ], 
        [
          168.29316142339573, 
          369.9402243905037
        ], 
        [
          94.01053917719968, 
          365.72762200644394
        ], 
        [
          138.91546726700273, 
          344.1768863176756
        ], 
        [
          204.7549153888234, 
          347.9029446057499
        ], 
        [
          189.49139528647686, 
          388.7814009728258
        ], 
        [
          120.55112566423962, 
          384.86584433883695
        ]
      ], 
      "projected_cuboid_centroid": [
        152.71527841059176, 
        356.27889806648056
      ], 
      "quaternion_xyzw": [
        -0.027427668212196575, 
        0.9561067454721777, 
        -0.29164807254572234, 
        0.007001147006535488
      ], 
      "visibility": 0.9790209790209791
    }
  ]
}