{
  "camera_data": {
    "location_worldframe": [
      -16.22464975470953, 
      2.1938006668647314, 
      70.55134424812736
    ], 
    "quaternion_xyzw_worldframe": [
      -0.8471109986489306, 
      -0.040146240474026554, 
      -0.07571756169899677, 
      0.5244608910997277
    ]
  }, 
  "objects": [
    {
      "bounding_box": {
        "bottom_right": [
          511, 
          303
        ], 
        "top_left": [
          304, 
          125
        ]
      }, 
      "class": "003_cracker_box", 
      "cuboid": [
        [
          -19.361188629554775, 
          22.808152797438634, 
          54.964034040638296
        ], 
        [
          -35.53300532240417, 
          23.74436919560012, 
          52.380633298235466
        ], 
        [
          -37.94830232166919, 
          4.105629599326671, 
          60.38312007557525
        ], 
        [
          -21.776485628819792, 
          3.1694132011651805, 
          62.96652081797808
        ], 
        [
          -20.247993524015058, 
          25.590103996661057, 
          61.523509792499034
        ], 
        [
          -36.41981021686445, 
          26.526320394822545, 
          58.940109050096204
        ], 
        [
          -38.835107216129465, 
          6.887580798549095, 
          66.94259582743598
        ], 
        [
          -22.66329052328007, 
          5.951364400387604, 
          69.52599656983881
        ]
      ], 
      "cuboid_centroid": [
        -29.09814792284212, 
        14.847866797993865, 
        60.95331493403714
      ], 
      "location": [
        -29.09814792284212, 
        14.847866797993865, 
        60.95331493403714
      ], 
      "pose_transform_permuted": [
        [
          0.12351043393624672, 
          -0.3874583935562766, 
          -0.9135760318504801, 
          0.0
        ], 
        [
          0.9858699315936112, 
          -0.057073834927921174, 
          0.15748985791545062, 
          0.0
        ], 
        [
          0.11316205498526621, 
          0.9201187807176907, 
          -0.37493436583234363, 
          0.0
        ], 
        [
          -29.09814792284212, 
          14.847866797993865, 
          60.95331493403714, 
          1.0
        ]
      ], 
      "projected_cuboid": [
        [
          292.16864069247816, 
          494.59552221356313
        ], 
        [
          116.79865974918455, 
          515.0426276789194
        ], 
        [
          143.63454743845307, 
          309.54853742478144
        ], 
        [
          295.615530757472, 
          300.13112309403573
        ], 
        [
          304.6136299722717, 
          495.1156183254416
        ], 
        [
          149.3061421462096, 
          513.3099509684513
        ], 
        [
          169.6264466371724, 
          328.1586515458501
        ], 
        [
          306.30289468868693, 
          318.93822710359046
        ]
      ], 
      "projected_cuboid_centroid": [
        224.87703746032372, 
        403.20003227220906
      ], 
      "quaternion_xyzw": [
        0.9771853386335909, 
        -0.04355261053937581, 
        0.07189022408088501, 
        0.19504814727743525
      ], 
      "visibility": 0.34022609074771887
    }, 
    {
      "bounding_box": {
        "bottom_right": [
          486, 
          352
        ], 
        "top_left": [
          338, 
          276
        ]
      }, 
      "class": "006_mustard_bottle", 
      "cuboid": [
        [
          -15.900833516904155, 
          26.297277188298462, 
          67.12492545553678
        ], 
        [
          -24.763581812073408, 
          25.45226007401393, 
          63.52718914734986
        ], 
        [
          -26.4167769400808, 
          8.211029890910776, 
          71.64923711731262
        ], 
        [
          -17.554028644911547, 
          9.056047005195309, 
          75.24697342549955
        ], 
        [
          -18.085395977830192, 
          28.768455491862817, 
          71.9260108569311
        ], 
        [
          -26.948144272999446, 
          27.92343837757828, 
          68.32827454874419
        ], 
        [
          -28.601339401006836, 
          10.682208194475129, 
          76.45032251870695
        ], 
        [
          -19.738591105837585, 
          11.527225308759661, 
          80.04805882689386
        ]
      ], 
      "cuboid_centroid": [
        -22.251086458955495, 
        18.489742691386795, 
        71.78762398712186
      ], 
      "location": [
        -22.251086458955495, 
        18.489742691386795, 
        71.78762398712186
      ], 
      "pose_transform_permuted": [
        [
          0.3750386108874116, 
          -0.4242438908480642, 
          -0.824234798453638, 
          0.0
        ], 
        [
          0.9229722210822763, 
          0.08800061751148221, 
          0.3746705379239488, 
          0.0
        ], 
        [
          0.08641852924875781, 
          0.9012618835012701, 
          -0.4245690228340077, 
          0.0
        ], 
        [
          -22.251086458955495, 
          18.489742691386795, 
          71.78762398712186, 
          1.0
        ]
      ], 
      "projected_cuboid": [
        [
          354.2092759586009, 
          482.22312619246264
        ], 
        [
          271.97086920430814, 
          486.96179916687305
        ], 
        [
          283.32570325137254, 
          334.4051655483466
        ], 
        [
          356.1445154214659, 
          337.47207255009016
        ], 
        [
          346.3792933763627, 
          486.59992083977875
        ], 
        [
          269.5070897626424, 
          491.23608543578274
        ], 
        [
          280.4105902897265, 
          347.8059204239467
        ], 
        [
          348.9929283556134, 
          350.0865889368511
        ]
      ], 
      "projected_cuboid_centroid": [
        314.913273336657, 
        410.6492380880875
      ], 
      "quaternion_xyzw": [
        0.955048284517226, 
        0.0004141382923702476, 
        0.19624901718721377, 
        0.22219109950842547
      ], 
      "visibility": 0.1379429758744084
    }, 
    {
      "bounding_box": {
        "bottom_right": [
          389, 
          281
        ], 
        "top_left": [
          300, 
          161
        ]
      }, 
      "class": "008_pudding_box", 
      "cuboid": [
        [
          -21.587317696376086, 
          11.063594101819731, 
          56.650285602610055
        ], 
        [
          -32.69771274314904, 
          11.533134661899835, 
          54.30272854265156
        ], 
        [
          -33.76291946528311, 
          3.2849220226188267, 
          57.69437026873877
        ], 
        [
          -22.652524418510154, 
          2.815381462538724, 
          60.04192732869726
        ], 
        [
          -22.257034427524395, 
          12.577970989961171, 
          60.12279312454224
        ], 
        [
          -33.36742947429735, 
          13.047511550041275, 
          57.775236064583744
        ], 
        [
          -34.43263619643142, 
          4.799298910760266, 
          61.16687779067096
        ], 
        [
          -23.322241149658467, 
          4.329758350680163, 
          63.514434850629456
        ]
      ], 
      "cuboid_centroid": [
        -28.009976946403754, 
        7.9314465062899995, 
        58.9085816966405
      ], 
      "location": [
        -28.009976946403754, 
        7.9314465062899995, 
        58.9085816966405
      ], 
      "pose_transform_permuted": [
        [
          0.17408352467092705, 
          -0.3936411532019357, 
          -0.9026299041801777, 
          0.0
        ], 
        [
          0.9775630192949248, 
          -0.04131315634241599, 
          0.20655295854369252, 
          0.0
        ], 
        [
          0.11859745135439696, 
          0.9183353586879929, 
          -0.37761690408347237, 
          0.0
        ], 
        [
          -28.009976946403754, 
          7.9314465062899995, 
          58.9085816966405, 
          1.0
        ]
      ], 
      "projected_cuboid": [
        [
          276.67519492089696, 
          377.44190687308634
        ], 
        [
          157.7891528007312, 
          386.55610537913947
        ], 
        [
          166.89594417409336, 
          303.65194860455887
        ], 
        [
          278.7103016835741, 
          298.2940308263772
        ], 
        [
          282.5206184466747, 
          384.8595021916858
        ], 
        [
          171.0175862428091, 
          393.72729937460724
        ], 
        [
          178.87387225869085, 
          315.13206266817633
        ], 
        [
          284.1323174290377, 
          309.64276037792007
        ]
      ], 
      "projected_cuboid_centroid": [
        225.89989717352054, 
        345.0926419963288
      ], 
      "quaternion_xyzw": [
        0.9744906723723803, 
        -0.04102415041785711, 
        0.09765010943818651, 
        0.1978618367397489
      ], 
      "visibility": 0.770210580380072
    }, 
    {
      "bounding_box": {
        "bottom_right": [
          526, 
          281
        ], 
        "top_left": [
          324, 
          111
        ]
      }, 
      "class": "019_pitcher_base", 
      "cuboid": [
        [
          -44.73221116653793, 
          33.28250394351253, 
          67.34447630745491
        ], 
        [
          -26.647801730913773, 
          33.46550945132958, 
          72.70061467878045
        ], 
        [
          -29.307115067876154, 
          11.42616537493343, 
          82.43252019432062
        ], 
        [
          -47.391524503500314, 
          11.243159867116377, 
          77.07638182299507
        ], 
        [
          -41.243548055077994, 
          27.743831465669654, 
          55.754632987967014
        ], 
        [
          -23.159138619453834, 
          27.926836973486708, 
          61.11077135929255
        ], 
        [
          -25.818451956416215, 
          5.887492897090555, 
          70.8426768748327
        ], 
        [
          -43.90286139204038, 
          5.704487389273502, 
          65.48653850350718
        ]
      ], 
      "cuboid_centroid": [
        -35.275331561477074, 
        19.58499842030154, 
        69.09357659114382
      ], 
      "location": [
        -35.275331561477074, 
        19.58499842030154, 
        69.09357659114382
      ], 
      "pose_transform_permuted": [
        [
          -0.2620966025478375, 
          0.4161098944461667, 
          0.8707228130228739, 
          0.0
        ], 
        [
          -0.9587849603003454, 
          -0.009702441717641916, 
          -0.2839675209740833, 
          0.0
        ], 
        [
          0.10971352596771922, 
          0.90926259611031, 
          -0.4015027690246601, 
          0.0
        ], 
        [
          -35.275331561477074, 
          19.58499842030154, 
          69.09357659114382, 
          1.0
        ]
      ], 
      "projected_cuboid": [
        [
          124.39815802977184, 
          536.8599162791469
        ], 
        [
          284.48417000954095, 
          518.7839334305888
        ], 
        [
          290.40660309758476, 
          347.2112189282143
        ], 
        [
          150.94511028260814, 
          351.08205967091004
        ], 
        [
          83.79521975821932, 
          538.6694817815459
        ], 
        [
          277.8007308057548, 
          517.0067320274505
        ], 
        [
          285.6101997358643, 
          317.60890687423023
        ], 
        [
          121.07443840034901, 
          319.74364055816505
        ]
      ], 
      "projected_cuboid_centroid": [
        207.04471609187556, 
        424.45924764923336
      ], 
      "quaternion_xyzw": [
        -0.14120473253956578, 
        0.21142348030803293, 
        0.9667950105158706, 
        0.025861501963252927
      ], 
      "visibility": 0.14493382512475592
    }, 
    {
      "bounding_box": {
        "bottom_right": [
          497, 
          364
        ], 
        "top_left": [
          295, 
          151
        ]
      }, 
      "class": "035_power_drill", 
      "cuboid": [
        [
          -10.38352223596652, 
          19.25359649692285, 
          46.96403481285286
        ], 
        [
          -28.62727823319009, 
          19.336789146283664, 
          44.3092287770471
        ], 
        [
          -29.68080016724914, 
          1.9254437111750926, 
          51.00341149061415
        ], 
        [
          -11.437044170025565, 
          1.8422510618142791, 
          53.658217526419904
        ], 
        [
          -11.141762434187676, 
          21.327800730003794, 
          52.23964163720173
        ], 
        [
          -29.385518431411246, 
          21.41099337936461, 
          49.58483560139598
        ], 
        [
          -30.439040365470294, 
          3.9996479442560378, 
          56.279018314963025
        ], 
        [
          -12.195284368246721, 
          3.9164552948952243, 
          58.933824350768774
        ]
      ], 
      "cuboid_centroid": [
        -20.411281300718407, 
        11.626622220589445, 
        51.621526563907935
      ], 
      "location": [
        -20.411281300718407, 
        11.626622220589445, 
        51.621526563907935
      ], 
      "pose_transform_permuted": [
        [
          0.13257801448085954, 
          -0.3626738327706786, 
          -0.922437876011743, 
          0.0
        ], 
        [
          0.9895669903712679, 
          -0.004512486335682217, 
          0.14400041412917255, 
          0.0
        ], 
        [
          0.056387525093080086, 
          0.931905303427166, 
          -0.35829191926227993, 
          0.0
        ], 
        [
          -20.411281300718407, 
          11.626622220589445, 
          51.621526563907935, 
          1.0
        ]
      ], 
      "projected_cuboid": [
        [
          362.7000309975073, 
          491.92874151447023
        ], 
        [
          134.15883586314672, 
          506.0301133493385
        ], 
        [
          168.65199574135005, 
          293.42003116261935
        ], 
        [
          366.97472217524205, 
          291.5970338136837
        ], 
        [
          366.9018157588571, 
          491.02413033089454
        ], 
        [
          162.9013576761085, 
          503.5767451761809
        ], 
        [
          190.74230410921837, 
          311.18859523702224
        ], 
        [
          370.3165745391427, 
          308.72836325566254
        ]
      ], 
      "projected_cuboid_centroid": [
        268.96382533760254, 
        393.40513441032243
      ], 
      "quaternion_xyzw": [
        0.9802946202303388, 
        -0.015531048057382146, 
        0.07053451658875898, 
        0.1838645589689031
      ], 
      "visibility": 0.9209457845712921
    }, 
    {
      "bounding_box": {
        "bottom_right": [
          328, 
          200
        ], 
        "top_left": [
          263, 
          92
        ]
      }, 
      "class": "061_foam_brick", 
      "cuboid": [
        [
          -36.42779457484103, 
          -1.208888998203405, 
          51.5273297995408
        ], 
        [
          -28.80765061870617, 
          -1.103425688833698, 
          53.129165851614026
        ], 
        [
          -28.400236374348932, 
          3.481726783998006, 
          50.88916098913915
        ], 
        [
          -36.02038033048379, 
          3.376263474628299, 
          49.28732493706593
        ], 
        [
          -37.42727233766475, 
          1.127576772372655, 
          56.128145851682895
        ], 
        [
          -29.80712838152989, 
          1.2330400817423621, 
          57.72998190375612
        ], 
        [
          -29.399714137172655, 
          5.8181925545740665, 
          55.48997704128125
        ], 
        [
          -37.01985809330751, 
          5.712729245204359, 
          53.888140989208026
        ]
      ], 
      "cuboid_centroid": [
        -32.91375435600684, 
        2.3046517781853306, 
        53.50865342041102
      ], 
      "location": [
        -32.91375435600684, 
        2.3046517781853306, 
        53.50865342041102
      ], 
      "pose_transform_permuted": [
        [
          0.19015939019107997, 
          -0.4445330578239556, 
          -0.8753455128255588, 
          0.0
        ], 
        [
          -0.9785222516296183, 
          -0.013542814354008836, 
          -0.20569588047667642, 
          0.0
        ], 
        [
          -0.07958397695427655, 
          -0.8956600653602107, 
          0.4375607819847255, 
          0.0
        ], 
        [
          -32.91375435600684, 
          2.3046517781853306, 
          53.50865342041102, 
          1.0
        ]
      ], 
      "projected_cuboid": [
        [
          101.41906943023044, 
          260.7742618916355
        ], 
        [
          190.01112581024566, 
          262.21016365866313
        ], 
        [
          181.48158432422883, 
          309.7751151374612
        ], 
        [
          88.58599626748583, 
          309.8198136514765
        ], 
        [
          123.00620450700153, 
          284.0005703997575
        ], 
        [
          203.93889929134602, 
          284.677576064982
        ], 
        [
          196.67879663848976, 
          329.205754269928
        ], 
        [
          112.16610966143152, 
          329.82421628865603
        ]
      ], 
      "projected_cuboid_centroid": [
        150.8125762543872, 
        296.25695205706944
      ], 
      "quaternion_xyzw": [
        0.017052828473086208, 
        0.9681848777242118, 
        -0.22776999003591808, 
        0.10221582669165488
      ], 
      "visibility": 1.0
    }
  ]
}