{
  "camera_data": {
    "location_worldframe": [
      -8.081893207840592, 
      -5.330282926332833, 
      76.51676888216338
    ], 
    "quaternion_xyzw_worldframe": [
      -0.8279060681307886, 
      -0.09638625645332566, 
      -0.20641601416771843, 
      0.5125188376190801
    ]
  }, 
  "objects": [
    {
      "bounding_box": {
        "bottom_right": [
          446, 
          424
        ], 
        "top_left": [
          245, 
          252
        ]
      }, 
      "class": "003_cracker_box", 
      "cuboid": [
        [
          -5.850049738230821, 
          15.333147030835692, 
          60.83893796665376
        ], 
        [
          -20.588381010496935, 
          16.93566347847333, 
          53.81813687054302
        ], 
        [
          -25.968172080514346, 
          -2.551541111742503, 
          60.66359174574506
        ], 
        [
          -11.229840808248237, 
          -4.154057559380139, 
          67.6843928418558
        ], 
        [
          -8.430849854335897, 
          18.176756383748955, 
          66.90571257460475
        ], 
        [
          -23.169181126602005, 
          19.779272831386592, 
          59.884911478494004
        ], 
        [
          -28.54897219661942, 
          0.292068241170762, 
          66.73036635369604
        ], 
        [
          -13.81064092435331, 
          -1.3104482064668743, 
          73.75116744980679
        ]
      ], 
      "cuboid_centroid": [
        -17.199510967425123, 
        7.812607636003227, 
        63.7846521601749
      ], 
      "location": [
        -17.199510967425123, 
        7.812607636003227, 
        63.7846521601749
      ], 
      "pose_transform_permuted": [
        [
          0.3594429217002146, 
          -0.39604588034805643, 
          -0.8449547009745234, 
          0.0
        ], 
        [
          0.898481470521346, 
          -0.0976929686142632, 
          0.42800365770999227, 
          0.0
        ], 
        [
          0.2520552184927204, 
          0.9130190274811721, 
          -0.32072483890076475, 
          0.0
        ], 
        [
          -17.199510967425123, 
          7.812607636003227, 
          63.7846521601749, 
          1.0
        ]
      ], 
      "projected_cuboid": [
        [
          429.88764818646916, 
          407.69827915399316
        ], 
        [
          275.8729185343334, 
          441.11325054104174
        ], 
        [
          251.39723833176066, 
          250.85484867655668
        ], 
        [
          392.37407309404006, 
          240.55461629287225
        ], 
        [
          413.83293482160934, 
          418.177306870189
        ], 
        [
          273.53878488861267, 
          449.4356426795647
        ], 
        [
          251.5277493552754, 
          275.62079330101653
        ], 
        [
          380.895398758357, 
          263.8102447184719
        ]
      ], 
      "projected_cuboid_centroid": [
        336.5891744256844, 
        338.6097232117915
      ], 
      "quaternion_xyzw": [
        0.9560929869757755, 
        -0.09145245072167996, 
        0.20590219521978315, 
        0.1874218117413568
      ], 
      "visibility": 0.5836341309120678
    }, 
    {
      "bounding_box": {
        "bottom_right": [
          419, 
          420
        ], 
        "top_left": [
          285, 
          343
        ]
      }, 
      "class": "006_mustard_bottle", 
      "cuboid": [
        [
          -5.810127038828419, 
          18.724149801326583, 
          73.50915398940747
        ], 
        [
          -13.329510426676755, 
          18.23651048947945, 
          67.55708299030996
        ], 
        [
          -17.91309872100469, 
          1.1132458642436893, 
          74.75050098919205
        ], 
        [
          -10.393715333156353, 
          1.6008851760908245, 
          80.70257198828953
        ], 
        [
          -9.153170210795041, 
          21.304424644215832, 
          77.52109871368972
        ], 
        [
          -16.67255359864338, 
          20.816785332368696, 
          71.56902771459224
        ], 
        [
          -21.25614189297131, 
          3.6935207071329357, 
          78.76244571347432
        ], 
        [
          -13.736758505122976, 
          4.181160018980071, 
          84.71451671257181
        ]
      ], 
      "cuboid_centroid": [
        -13.533134465899865, 
        11.20883525422976, 
        76.1357998514409
      ], 
      "location": [
        -13.533134465899865, 
        11.20883525422976, 
        76.1357998514409
      ], 
      "pose_transform_permuted": [
        [
          0.5739228288393886, 
          -0.44297323152513896, 
          -0.6887576818078639, 
          0.0
        ], 
        [
          0.783073348752822, 
          0.05078306680422175, 
          0.6198524438599664, 
          0.0
        ], 
        [
          0.23960085072055165, 
          0.895095394234394, 
          -0.37602615275318674, 
          0.0
        ], 
        [
          -13.533134465899865, 
          11.20883525422976, 
          76.1357998514409, 
          1.0
        ]
      ], 
      "projected_cuboid": [
        [
          439.0924681037944, 
          409.1329628867815
        ], 
        [
          375.49226461353635, 
          417.25202231326216
        ], 
        [
          352.7281008369302, 
          281.2291713073482
        ], 
        [
          412.3382341032471, 
          283.8659209401533
        ], 
        [
          418.10150892953646, 
          419.8539507179087
        ], 
        [
          356.32081907066356, 
          428.4094959276487
        ], 
        [
          336.46713866112896, 
          298.2962606496223
        ], 
        [
          394.3967316397571, 
          299.6089984643313
        ]
      ], 
      "projected_cuboid_centroid": [
        386.00954289103464, 
        351.80270721173355
      ], 
      "quaternion_xyzw": [
        0.9174593212773905, 
        -0.05145126861140733, 
        0.32529378824045474, 
        0.22317048976569942
      ], 
      "visibility": 0.024958170663692138
    }, 
    {
      "bounding_box": {
        "bottom_right": [
          324, 
          399
        ], 
        "top_left": [
          238, 
          288
        ]
      }, 
      "class": "008_pudding_box", 
      "cuboid": [
        [
          -8.944633742812949, 
          3.6992411291473335, 
          61.738613481931026
        ], 
        [
          -18.916230287532997, 
          4.624342312829844, 
          56.364246474370546
        ], 
        [
          -21.233030507852916, 
          -3.557973959004214, 
          59.25441046082799
        ], 
        [
          -11.261433963132868, 
          -4.483075142686724, 
          64.62877746838848
        ], 
        [
          -10.50113902092889, 
          5.254612571172047, 
          64.89428731579342
        ], 
        [
          -20.472735565648943, 
          6.179713754854558, 
          59.51992030823293
        ], 
        [
          -22.78953578596886, 
          -2.0026025169795, 
          62.410084294690385
        ], 
        [
          -12.81793924124881, 
          -2.927703700662011, 
          67.78445130225086
        ]
      ], 
      "cuboid_centroid": [
        -15.867084764390905, 
        0.8483193060839167, 
        62.0743488883107
      ], 
      "location": [
        -15.867084764390905, 
        0.8483193060839167, 
        62.0743488883107
      ], 
      "pose_transform_permuted": [
        [
          0.40459184067079784, 
          -0.4042971157908896, 
          -0.8202734053973123, 
          0.0
        ], 
        [
          0.8773643047263802, 
          -0.08139626921156629, 
          0.4728708940224259, 
          0.0
        ], 
        [
          0.25794674002504553, 
          0.9109986220054979, 
          -0.3217836272225252, 
          0.0
        ], 
        [
          -15.867084764390905, 
          0.8483193060839167, 
          62.0743488883107, 
          1.0
        ]
      ], 
      "projected_cuboid": [
        [
          403.6863110210001, 
          305.2418674872366
        ], 
        [
          301.1197516912598, 
          317.0421538014842
        ], 
        [
          288.89648010304927, 
          241.26297764233877
        ], 
        [
          387.8927749549508, 
          236.2919999431433
        ], 
        [
          394.57654780545346, 
          316.4704283067292
        ], 
        [
          296.62537430303314, 
          328.65896366326444
        ], 
        [
          285.22828563969483, 
          256.1734840305715
        ], 
        [
          379.90669064533625, 
          250.2517315134535
        ]
      ], 
      "projected_cuboid_centroid": [
        344.13695221313014, 
        280.57498009672435
      ], 
      "quaternion_xyzw": [
        0.9498205530689982, 
        -0.08931766325232403, 
        0.2309548713854484, 
        0.1911099787921387
      ], 
      "visibility": 0.8460394198586835
    }, 
    {
      "bounding_box": {
        "bottom_right": [
          471, 
          370
        ], 
        "top_left": [
          273, 
          210
        ]
      }, 
      "class": "019_pitcher_base", 
      "cuboid": [
        [
          -33.223617308591, 
          26.91237900311919, 
          65.66444705138338
        ], 
        [
          -17.385572078460463, 
          26.359317321959967, 
          75.89274211796912
        ], 
        [
          -23.58524663502422, 
          4.490957272715843, 
          84.31019326749443
        ], 
        [
          -39.42329186515476, 
          5.044018953875062, 
          74.0818982009087
        ], 
        [
          -26.847000980885422, 
          21.184794281106342, 
          55.4808490254518
        ], 
        [
          -11.008955750754884, 
          20.63173259994712, 
          65.70914409203755
        ], 
        [
          -17.208630307318643, 
          -1.2366274492970035, 
          74.12659524156285
        ], 
        [
          -33.046675537449175, 
          -0.6835657681377838, 
          63.898300174977116
        ]
      ], 
      "cuboid_centroid": [
        -25.216123807954823, 
        12.837875776911092, 
        69.89552114647311
      ], 
      "location": [
        -25.216123807954823, 
        12.837875776911092, 
        69.89552114647311
      ], 
      "pose_transform_permuted": [
        [
          -0.47906301693409936, 
          0.4303025108710632, 
          0.7650742874947786, 
          0.0
        ], 
        [
          -0.8396889940620658, 
          0.02932178813477429, 
          -0.5422756830554007, 
          0.0
        ], 
        [
          0.25577585988039875, 
          0.9022084215449174, 
          -0.3472731973473786, 
          0.0
        ], 
        [
          -25.216123807954823, 
          12.837875776911092, 
          69.89552114647311, 
          1.0
        ]
      ], 
      "projected_cuboid": [
        [
          209.50971082552454, 
          491.86598845417063
        ], 
        [
          358.40564351858865, 
          458.5208533389131
        ], 
        [
          331.16096523082234, 
          301.69491148765127
        ], 
        [
          195.4215208966573, 
          309.5987026440169
        ], 
        [
          221.3748236264217, 
          476.92916158986316
        ], 
        [
          391.4997111444424, 
          440.74126870947833
        ], 
        [
          356.75412784685864, 
          264.38935831673
        ], 
        [
          203.4783560146214, 
          267.581237378211
        ]
      ], 
      "projected_cuboid_centroid": [
        287.58858571686, 
        371.2426079247044
      ], 
      "quaternion_xyzw": [
        -0.2726927940273209, 
        0.20760918238390413, 
        0.9363455162360956, 
        0.07611977712063044
      ], 
      "visibility": 0.3097061960632212
    }, 
    {
      "bounding_box": {
        "bottom_right": [
          404, 
          514
        ], 
        "top_left": [
          225, 
          340
        ]
      }, 
      "class": "035_power_drill", 
      "cuboid": [
        [
          4.86080800448441, 
          11.372641954526728, 
          55.65975524403831
        ], 
        [
          -11.879101190355101, 
          12.209419728193572, 
          47.9809016774625
        ], 
        [
          -15.493053044618291, 
          -5.114820905723609, 
          53.971475855455786
        ], 
        [
          1.2468561502212205, 
          -5.951598679390452, 
          61.650329422031604
        ], 
        [
          2.735238023299469, 
          13.498462939183126, 
          60.525155141284756
        ], 
        [
          -14.004671171540043, 
          14.33524071284997, 
          52.846301574708946
        ], 
        [
          -17.61862302580323, 
          -2.9889999210672107, 
          58.836875752702234
        ], 
        [
          -0.8787138309637198, 
          -3.8257776947340534, 
          66.51572931927804
        ]
      ], 
      "cuboid_centroid": [
        -6.378907510659411, 
        4.191821016729759, 
        57.248315498370275
      ], 
      "location": [
        -6.378907510659411, 
        4.191821016729759, 
        57.248315498370275
      ], 
      "pose_transform_permuted": [
        [
          0.37165511457547884, 
          -0.3716990024383905, 
          -0.8507133485478583, 
          0.0
        ], 
        [
          0.90799622421757, 
          -0.04538800361192533, 
          0.4165118199637464, 
          0.0
        ], 
        [
          0.1934291012644713, 
          0.927243203850384, 
          -0.32063276602328644, 
          0.0
        ], 
        [
          -6.378907510659411, 
          4.191821016729759, 
          57.248315498370275, 
          1.0
        ]
      ], 
      "projected_cuboid": [
        [
          528.5604025101904, 
          382.2567021539146
        ], 
        [
          348.45757065854053, 
          408.9972564663347
        ], 
        [
          327.2265183329694, 
          222.7443930762052
        ], 
        [
          492.4731565423792, 
          221.80093917520827
        ], 
        [
          505.8995692152722, 
          392.22873005631016
        ], 
        [
          339.08552121586143, 
          417.95635164525515
        ], 
        [
          320.564359841326, 
          246.19311788376913
        ], 
        [
          474.49287458168214, 
          242.61165571911783
        ]
      ], 
      "projected_cuboid_centroid": [
        421.6765823224147, 
        312.33712345122086
      ], 
      "quaternion_xyzw": [
        0.9599417660222692, 
        -0.062195727212179766, 
        0.20526425728020176, 
        0.18030566878304155
      ], 
      "visibility": 0.9392153009759612
    }, 
    {
      "bounding_box": {
        "bottom_right": [
          262, 
          337
        ], 
        "top_left": [
          195, 
          251
        ]
      }, 
      "class": "061_foam_brick", 
      "cuboid": [
        [
          -22.23846795199117, 
          -7.961473529639204, 
          52.55166191196968
        ], 
        [
          -15.379369151955027, 
          -8.168866399551796, 
          56.23314897678677
        ], 
        [
          -14.168796989376315, 
          -3.6140578209011327, 
          54.23428299814519
        ], 
        [
          -21.027895789412458, 
          -3.4066649509885414, 
          50.5527959333281
        ], 
        [
          -24.39459398353328, 
          -5.566291508678507, 
          56.703740916959134
        ], 
        [
          -17.535495183497137, 
          -5.773684378591098, 
          60.385227981776225
        ], 
        [
          -16.324923020918426, 
          -1.2188757999404358, 
          58.38636200313464
        ], 
        [
          -23.184021820954566, 
          -1.0114829300278447, 
          54.70487493831755
        ]
      ], 
      "cuboid_centroid": [
        -19.281695486454797, 
        -4.59017466478982, 
        55.46901195755216
      ], 
      "location": [
        -19.281695486454797, 
        -4.59017466478982, 
        55.46901195755216
      ], 
      "pose_transform_permuted": [
        [
          0.4102218444308441, 
          -0.4557043382493496, 
          -0.7899693629834506, 
          0.0
        ], 
        [
          -0.8807944890014614, 
          0.02663185094756837, 
          -0.47274920693721, 
          0.0
        ], 
        [
          -0.23647221083334702, 
          -0.8897327130188194, 
          0.3904569027277662, 
          0.0
        ], 
        [
          -19.281695486454797, 
          -4.59017466478982, 
          55.46901195755216, 
          1.0
        ]
      ], 
      "projected_cuboid": [
        [
          254.0296156438775, 
          192.48966896199573
        ], 
        [
          334.52240767522443, 
          195.81237012026568
        ], 
        [
          341.1053215306042, 
          237.74724984029163
        ], 
        [
          257.9092291419401, 
          237.3470593013419
        ], 
        [
          250.24487501671945, 
          220.9335147203255
        ], 
        [
          325.4337381090149, 
          222.29362052352258
        ], 
        [
          331.23736362998625, 
          262.15293911931184
        ], 
        [
          253.6917363869858, 
          263.42555840264225
        ]
      ], 
      "projected_cuboid_centroid": [
        294.6638307152889, 
        229.1532471129803
      ], 
      "quaternion_xyzw": [
        0.06971757483441642, 
        0.9434639056428883, 
        -0.22421664356108323, 
        0.23397054357007604
      ], 
      "visibility": 0.988313856427379
    }
  ]
}