{
  "camera_data": {
    "location_worldframe": [
      -10.714483955801239, 
      -1.9741913492206025, 
      74.01795122109111
    ], 
    "quaternion_xyzw_worldframe": [
      -0.8297436484091054, 
      -0.09132673181199534, 
      -0.17162094336486078, 
      0.5231936560740682
    ]
  }, 
  "objects": [
    {
      "bounding_box": {
        "bottom_right": [
          477, 
          383
        ], 
        "top_left": [
          271, 
          216
        ]
      }, 
      "class": "003_cracker_box", 
      "cuboid": [
        [
          -10.158935496639412, 
          18.907458062378048, 
          58.480866818075995
        ], 
        [
          -25.369498900325528, 
          20.1132365992995, 
          52.458992130779635
        ], 
        [
          -29.681789185756184, 
          0.3969580120228272, 
          59.403490551074036
        ], 
        [
          -14.471225782070068, 
          -0.8088205248986263, 
          65.42536523837039
        ], 
        [
          -12.422064149472192, 
          21.606217505540855, 
          64.73765063275343
        ], 
        [
          -27.632627553158308, 
          22.811996042462308, 
          58.71577594545707
        ], 
        [
          -31.944917838588964, 
          3.095717455185634, 
          65.66027436575148
        ], 
        [
          -16.734354434902844, 
          1.8899389182641806, 
          71.68214905304782
        ]
      ], 
      "cuboid_centroid": [
        -21.051926667614186, 
        11.001587758781842, 
        62.07057059191373
      ], 
      "location": [
        -21.051926667614186, 
        11.001587758781842, 
        62.07057059191373
      ], 
      "pose_transform_permuted": [
        [
          0.31519898425351967, 
          -0.37587179772778245, 
          -0.871418379424278, 
          0.0
        ], 
        [
          0.9272697920774021, 
          -0.07350694274425065, 
          0.3671068809885283, 
          0.0
        ], 
        [
          0.20204042423802543, 
          0.9237516555012386, 
          -0.3253652500382308, 
          0.0
        ], 
        [
          -21.051926667614186, 
          11.001587758781842, 
          62.07057059191373, 
          1.0
        ]
      ], 
      "projected_cuboid": [
        [
          388.1800206459665, 
          445.714174596708
        ], 
        [
          221.53100406815574, 
          477.76593271740904
        ], 
        [
          212.89571736327642, 
          276.8503939020977
        ], 
        [
          362.65077830300186, 
          266.6933791411661
        ], 
        [
          378.4092168828637, 
          451.2821680565585
        ], 
        [
          228.51631564131807, 
          480.4895260160185
        ], 
        [
          219.96509250392177, 
          298.43122034475493
        ], 
        [
          356.05488328073335, 
          287.34779938923236
        ]
      ], 
      "projected_cuboid_centroid": [
        299.20840149622467, 
        367.8138178466324
      ], 
      "quaternion_xyzw": [
        0.9646812721053155, 
        -0.07140891373917806, 
        0.17682157956507935, 
        0.18172765141268815
      ], 
      "visibility": 0.5286155554784299
    }, 
    {
      "bounding_box": {
        "bottom_right": [
          448, 
          396
        ], 
        "top_left": [
          307, 
          319
        ]
      }, 
      "class": "006_mustard_bottle", 
      "cuboid": [
        [
          -9.391031810513843, 
          22.169406084966088, 
          71.1617305028675
        ], 
        [
          -17.266772773519428, 
          21.504109578622536, 
          65.70864397756016
        ], 
        [
          -20.835268894521317, 
          4.172163754957206, 
          72.97708431812259
        ], 
        [
          -12.95952793151573, 
          4.837460261300758, 
          78.43017084342993
        ], 
        [
          -12.54133066311097, 
          24.601652690995454, 
          75.41487639408261
        ], 
        [
          -20.417071626116556, 
          23.936356184651903, 
          69.96178986877526
        ], 
        [
          -23.985567747118445, 
          6.604410360986571, 
          77.2302302093377
        ], 
        [
          -16.109826784112858, 
          7.269706867330123, 
          82.68331673464505
        ]
      ], 
      "cuboid_centroid": [
        -16.688299778816145, 
        14.38690822297633, 
        74.1959803561026
      ], 
      "location": [
        -16.688299778816145, 
        14.38690822297633, 
        74.1959803561026
      ], 
      "pose_transform_permuted": [
        [
          0.5408331080894804, 
          -0.4175602230545506, 
          -0.7301663172709898, 
          0.0
        ], 
        [
          0.8201846523449208, 
          0.0692843995663154, 
          0.5678878847050272, 
          0.0
        ], 
        [
          0.18653828648683352, 
          0.9060039203633623, 
          -0.3799478437374985, 
          0.0
        ], 
        [
          -16.688299778816145, 
          14.38690822297633, 
          74.1959803561026, 
          1.0
        ]
      ], 
      "projected_cuboid": [
        [
          410.6297252511414, 
          439.43452691924693
        ], 
        [
          340.28462465927464, 
          447.8231295576391
        ], 
        [
          328.06314790145217, 
          303.77688512953273
        ], 
        [
          392.73881807013305, 
          306.1809236804563
        ], 
        [
          392.16807725763556, 
          447.26472087894746
        ], 
        [
          324.66045426623333, 
          455.7536750712498
        ], 
        [
          314.5824784869915, 
          318.89382636145467
        ], 
        [
          376.82036783042713, 
          320.1772190689343
        ]
      ], 
      "projected_cuboid_centroid": [
        360.6421724014656, 
        376.6994164119602
      ], 
      "quaternion_xyzw": [
        0.9295637269680967, 
        -0.03153465532238393, 
        0.2981831585691165, 
        0.2144845059179628
      ], 
      "visibility": 0.1050216670915116
    }, 
    {
      "bounding_box": {
        "bottom_right": [
          354, 
          361
        ], 
        "top_left": [
          265, 
          249
        ]
      }, 
      "class": "008_pudding_box", 
      "cuboid": [
        [
          -12.826067475413423, 
          7.172797588319457, 
          59.43905728404724
        ], 
        [
          -23.153286823563356, 
          7.835899730275692, 
          54.739992838095375
        ], 
        [
          -25.020671510002046, 
          -0.4445931237856693, 
          57.675503565124565
        ], 
        [
          -14.693452161852111, 
          -1.1076952657419037, 
          62.37456801107643
        ], 
        [
          -14.219122920370179, 
          8.646001957900276, 
          62.70849634326166
        ], 
        [
          -24.54634226852011, 
          9.30910409985651, 
          58.009431897309796
        ], 
        [
          -26.4137269549588, 
          1.02861124579515, 
          60.944942624338985
        ], 
        [
          -16.086507606808865, 
          0.3655091038389152, 
          65.64400707029084
        ]
      ], 
      "cuboid_centroid": [
        -19.61989721518611, 
        4.100704417057304, 
        60.19199995419311
      ], 
      "location": [
        -19.61989721518611, 
        4.100704417057304, 
        60.19199995419311
      ], 
      "pose_transform_permuted": [
        [
          0.362105335944481, 
          -0.3829389311769279, 
          -0.8498450892050421, 
          0.0
        ], 
        [
          0.9086542543625111, 
          -0.05834393190005846, 
          0.4134534918252406, 
          0.0
        ], 
        [
          0.20790993889539483, 
          0.9219293570383341, 
          -0.32683241986275846, 
          0.0
        ], 
        [
          -19.61989721518611, 
          4.100704417057304, 
          60.19199995419311, 
          1.0
        ]
      ], 
      "projected_cuboid": [
        [
          365.5555655268082, 
          337.64478312810286
        ], 
        [
          254.13988646971796, 
          349.6299673691934
        ], 
        [
          248.30535930528782, 
          269.1754300621018
        ], 
        [
          354.91707560273534, 
          263.81544108660444
        ], 
        [
          359.65932354325423, 
          346.8185540426012
        ], 
        [
          254.04545879188393, 
          358.87137058281286
        ], 
        [
          248.5284776555785, 
          282.2877528030494
        ], 
        [
          349.8143619000635, 
          276.25608800747034
        ]
      ], 
      "projected_cuboid_centroid": [
        306.31007475367164, 
        309.62003698591093
      ], 
      "quaternion_xyzw": [
        0.9592221719453069, 
        -0.06939317047256352, 
        0.20213221984769308, 
        0.18498617207738927
      ], 
      "visibility": 0.8334286040928318
    }, 
    {
      "bounding_box": {
        "bottom_right": [
          497, 
          338
        ], 
        "top_left": [
          295, 
          171
        ]
      }, 
      "class": "019_pitcher_base", 
      "cuboid": [
        [
          -37.50125878393041, 
          29.56398170300557, 
          65.2269751582431
        ], 
        [
          -21.015476685102374, 
          29.409402608847646, 
          74.39008968320567
        ], 
        [
          -25.968436644653455, 
          7.2713908817987605, 
          82.92772659967476
        ], 
        [
          -42.45421874348149, 
          7.4259699759566855, 
          73.76461207471218
        ], 
        [
          -31.633770796030298, 
          24.144830469553153, 
          54.57908729664478
        ], 
        [
          -15.147988697202258, 
          23.99025137539523, 
          63.74220182160736
        ], 
        [
          -20.10094865675334, 
          1.852239648346346, 
          72.27983873807644
        ], 
        [
          -36.58673075558138, 
          2.006818742504271, 
          63.11672421311386
        ]
      ], 
      "cuboid_centroid": [
        -28.801103720341874, 
        15.708110675675957, 
        68.75340694815976
      ], 
      "location": [
        -28.801103720341874, 
        15.708110675675957, 
        68.75340694815976
      ], 
      "pose_transform_permuted": [
        [
          -0.44081317627579913, 
          0.4071304914238093, 
          0.7999554968973178, 
          0.0
        ], 
        [
          -0.8740301966404495, 
          0.008195352531861879, 
          -0.4858027809709638, 
          0.0
        ], 
        [
          0.2043409829095169, 
          0.9133332619102368, 
          -0.3522316217944942, 
          0.0
        ], 
        [
          -28.801103720341874, 
          15.708110675675957, 
          68.75340694815976, 
          1.0
        ]
      ], 
      "projected_cuboid": [
        [
          172.41781391377836, 
          515.0124552185114
        ], 
        [
          329.67673634300644, 
          484.12927802190023
        ], 
        [
          313.1987372136242, 
          320.0498500022255
        ], 
        [
          172.0943061440771, 
          326.97644565975895
        ], 
        [
          169.91168693054382, 
          509.2177629169547
        ], 
        [
          353.8003656486156, 
          474.00867336521327
        ], 
        [
          332.0454500001731, 
          286.95335980112424
        ], 
        [
          169.872600255554, 
          290.2436242148499
        ]
      ], 
      "projected_cuboid_centroid": [
        256.3253634201216, 
        395.13421666118904
      ], 
      "quaternion_xyzw": [
        -0.24461595653539656, 
        0.20046286514809997, 
        0.9470109497054409, 
        0.056107148367050635
      ], 
      "visibility": 0.24803418026453344
    }, 
    {
      "bounding_box": {
        "bottom_right": [
          447, 
          473
        ], 
        "top_left": [
          257, 
          283
        ]
      }, 
      "class": "035_power_drill", 
      "cuboid": [
        [
          0.3056842455866876, 
          15.341005652528839, 
          52.564403098830084
        ], 
        [
          -16.920733482007368, 
          15.7247335820729, 
          46.00751098888879
        ], 
        [
          -19.59502771860489, 
          -1.765151144517081, 
          52.009929094580464
        ], 
        [
          -2.3686099910108367, 
          -2.148879074061141, 
          58.56682120452176
        ], 
        [
          -1.5601776546611767, 
          17.348982330500196, 
          57.583951663568975
        ], 
        [
          -18.786595382255232, 
          17.732710260044257, 
          51.02705955362769
        ], 
        [
          -21.460889618852754, 
          0.24282553345427588, 
          57.02947765931936
        ], 
        [
          -4.234471891258701, 
          -0.14090239608978428, 
          63.586369769260656
        ]
      ], 
      "cuboid_centroid": [
        -10.577602686633034, 
        7.791915592991558, 
        54.79694037907472
      ], 
      "location": [
        -10.577602686633034, 
        7.791915592991558, 
        54.79694037907472
      ], 
      "pose_transform_permuted": [
        [
          0.32624525395868603, 
          -0.3510939695809537, 
          -0.8776661852860903, 
          0.0
        ], 
        [
          0.9343851314481382, 
          -0.020813942721997755, 
          0.3556550521949082, 
          0.0
        ], 
        [
          0.14313592199397976, 
          0.9361089522796754, 
          -0.32126668711092815, 
          0.0
        ], 
        [
          -10.577602686633034, 
          7.791915592991558, 
          54.79694037907472, 
          1.0
        ]
      ], 
      "projected_cuboid": [
        [
          484.72439441785735, 
          428.9367167659245
        ], 
        [
          283.817153902848, 
          455.5678259540403
        ], 
        [
          278.9915086082501, 
          255.18634655614045
        ], 
        [
          459.8483520157644, 
          253.7184742126781
        ], 
        [
          467.02690885022247, 
          433.965889739082
        ], 
        [
          283.60888200135895, 
          458.6235283373521
        ], 
        [
          279.22989511904757, 
          275.5573568211022
        ], 
        [
          445.7852021016789, 
          272.1047437160431
        ]
      ], 
      "projected_cuboid_centroid": [
        377.79101569449244, 
        349.1225453827882
      ], 
      "quaternion_xyzw": [
        0.9680082991655992, 
        -0.04234206071820317, 
        0.1761091063840508, 
        0.17364537506327202
      ], 
      "visibility": 0.9249985609854372
    }, 
    {
      "bounding_box": {
        "bottom_right": [
          292, 
          290
        ], 
        "top_left": [
          225, 
          204
        ]
      }, 
      "class": "061_foam_brick", 
      "cuboid": [
        [
          -26.327847244035446, 
          -4.809566744495786, 
          50.999681723494525
        ], 
        [
          -19.238416596581715, 
          -4.836828942340214, 
          54.22192085600406
        ], 
        [
          -18.303445755953618, 
          -0.22592337940446244, 
          52.203849805125444
        ], 
        [
          -25.392876403407357, 
          -0.19866118156003434, 
          48.98161067261592
        ], 
        [
          -28.279421757988832, 
          -2.5261139297527437, 
          55.31277070941063
        ], 
        [
          -21.189991110535093, 
          -2.5533761275971716, 
          58.53500984192015
        ], 
        [
          -20.255020269907, 
          2.05752943533858, 
          56.51693879104155
        ], 
        [
          -27.344450917360735, 
          2.0847916331830083, 
          53.29469965853202
        ]
      ], 
      "cuboid_centroid": [
        -23.291433756971223, 
        -1.376018654578603, 
        53.758310257268036
      ], 
      "location": [
        -23.291433756971223, 
        -1.376018654578603, 
        53.758310257268036
      ], 
      "pose_transform_permuted": [
        [
          0.3713041283053351, 
          -0.4344468790930225, 
          -0.820602920753849, 
          0.0
        ], 
        [
          -0.9103719929507954, 
          0.003500808826272239, 
          -0.41377600073996357, 
          0.0
        ], 
        [
          -0.18263646611290946, 
          -0.900690653656345, 
          0.3942084063815658, 
          0.0
        ], 
        [
          -23.291433756971223, 
          -1.376018654578603, 
          53.758310257268036, 
          1.0
        ]
      ], 
      "projected_cuboid": [
        [
          203.98418140436343, 
          222.99139799771586
        ], 
        [
          290.7936441714246, 
          225.71213348459838
        ], 
        [
          293.04901054751457, 
          270.97848286706375
        ], 
        [
          202.81131560001938, 
          271.12348337610524
        ], 
        [
          206.6577509011568, 
          248.93002843075124
        ], 
        [
          286.9235773209384, 
          250.02241800047236
        ], 
        [
          288.8686355641571, 
          292.7023231299237
        ], 
        [
          205.68104208528726, 
          294.1490292222477
        ]
      ], 
      "projected_cuboid_centroid": [
        248.60434782236788, 
        259.6354821393971
      ], 
      "quaternion_xyzw": [
        0.04883716347902545, 
        0.9528464681365236, 
        -0.217415741461262, 
        0.20598285119864987
      ], 
      "visibility": 0.9890287769784173
    }
  ]
}