{
  "camera_data": {
    "location_worldframe": [
      -19.577770087822636, 
      7.317501383266727, 
      80.80076054178326
    ], 
    "quaternion_xyzw_worldframe": [
      0.9375693068413437, 
      0.029812560913982447, 
      -0.08940646859241146, 
      -0.3347870844504641
    ]
  }, 
  "objects": [
    {
      "bounding_box": {
        "bottom_right": [
          469, 
          299
        ], 
        "top_left": [
          303, 
          91
        ]
      }, 
      "class": "003_cracker_box", 
      "cuboid": [
        [
          -30.16048471083217, 
          19.02733583496773, 
          60.09716752002965
        ], 
        [
          -46.36065155527107, 
          17.89399782938444, 
          62.4097969465914
        ], 
        [
          -43.15076172105654, 
          3.505136490385395, 
          77.84387689214243
        ], 
        [
          -26.95059487661764, 
          4.638474495968685, 
          75.53124746558066
        ], 
        [
          -29.83679070437246, 
          24.307189008863737, 
          64.95214127765439
        ], 
        [
          -46.036957548811365, 
          23.17385100328045, 
          67.26477070421615
        ], 
        [
          -42.827067714596836, 
          8.784989664281408, 
          82.69885064976717
        ], 
        [
          -26.626900870157932, 
          9.918327669864697, 
          80.38622122320541
        ]
      ], 
      "cuboid_centroid": [
        -36.4937762127145, 
        13.906162749624567, 
        71.3980090848984
      ], 
      "location": [
        -36.4937762127145, 
        13.906162749624567, 
        71.3980090848984
      ], 
      "pose_transform_permuted": [
        [
          -0.04508273178254471, 
          -0.7353556128312213, 
          -0.6761802052505247, 
          0.0
        ], 
        [
          0.9875982199200903, 
          0.06909080675709608, 
          -0.14098303597356038, 
          0.0
        ], 
        [
          -0.15039050271108134, 
          0.6741502674473046, 
          -0.7231210919306915, 
          0.0
        ], 
        [
          -36.4937762127145, 
          13.906162749624567, 
          71.3980090848984, 
          1.0
        ]
      ], 
      "projected_cuboid": [
        [
          211.71374336034702, 
          442.14059941420237
        ], 
        [
          82.12308473053861, 
          426.19873975961934
        ], 
        [
          183.5013431146016, 
          297.3007316038883
        ], 
        [
          289.7154218363247, 
          306.0384038349326
        ], 
        [
          234.56668437823097, 
          472.8719504908348
        ], 
        [
          113.54379245551205, 
          457.024153201836
        ], 
        [
          203.10642714778297, 
          329.94037281838376
        ], 
        [
          303.4696614899332, 
          339.0893372442534
        ]
      ], 
      "projected_cuboid_centroid": [
        206.72890437756993, 
        377.1609879303282
      ], 
      "quaternion_xyzw": [
        0.9134999579389591, 
        0.060066042576337866, 
        -0.050921121051802555, 
        0.399145257776621
      ], 
      "visibility": 0.38607227408764017
    }, 
    {
      "bounding_box": {
        "bottom_right": [
          490, 
          341
        ], 
        "top_left": [
          363, 
          246
        ]
      }, 
      "class": "006_mustard_bottle", 
      "cuboid": [
        [
          -24.410016366678974, 
          27.58561166782984, 
          68.20406848523032
        ], 
        [
          -33.59981686338644, 
          24.80242635057955, 
          68.11738439924339
        ], 
        [
          -30.059851208930937, 
          12.666624048943559, 
          82.47536758788353
        ], 
        [
          -20.87005071222348, 
          15.449809366193845, 
          82.56205167387047
        ], 
        [
          -25.710521370753597, 
          31.759874560845898, 
          72.05292187546776
        ], 
        [
          -34.90032186746105, 
          28.97668924359561, 
          71.96623778948081
        ], 
        [
          -31.36035621300556, 
          16.840886941959617, 
          86.32422097812096
        ], 
        [
          -22.1705557162981, 
          19.624072259209903, 
          86.41090506410791
        ]
      ], 
      "cuboid_centroid": [
        -27.885186289842267, 
        22.213249304894727, 
        77.26414473167564
      ], 
      "location": [
        -27.885186289842267, 
        22.213249304894727, 
        77.26414473167564
      ], 
      "pose_transform_permuted": [
        [
          0.22326648878399186, 
          -0.7166239395196732, 
          -0.6607586895785358, 
          0.0
        ], 
        [
          0.9570316445038011, 
          0.2898426817950177, 
          0.009027335619974874, 
          0.0
        ], 
        [
          -0.18504689511024985, 
          0.6343825773459348, 
          -0.7505440641094863, 
          0.0
        ], 
        [
          -27.885186289842267, 
          22.213249304894727, 
          77.26414473167564, 
          1.0
        ]
      ], 
      "projected_cuboid": [
        [
          289.13305972318886, 
          488.9913667834586
        ], 
        [
          216.3377278290834, 
          467.4751404884781
        ], 
        [
          285.59786553081665, 
          355.1941287632509
        ], 
        [
          345.6609810862172, 
          373.08645482216315
        ], 
        [
          289.7076507005243, 
          508.3660131987368
        ], 
        [
          220.80620539067402, 
          488.023841246899
        ], 
        [
          286.235084173852, 
          377.3312047313928
        ], 
        [
          343.62227170283364, 
          394.40437640284335
        ]
      ], 
      "projected_cuboid_centroid": [
        287.5141620923477, 
        426.6145907451698
      ], 
      "quaternion_xyzw": [
        0.9016890971155568, 
        0.13166666271789457, 
        0.06440518831464725, 
        0.40678322725719207
      ], 
      "visibility": 0.8976893095768375
    }, 
    {
      "bounding_box": {
        "bottom_right": [
          361, 
          276
        ], 
        "top_left": [
          288, 
          161
        ]
      }, 
      "class": "008_pudding_box", 
      "cuboid": [
        [
          -29.768856347018254, 
          9.047915956440598, 
          66.87889664801921
        ], 
        [
          -41.01289927159418, 
          7.866574313814648, 
          68.04006038168046
        ], 
        [
          -39.705304591712995, 
          1.8337536905146459, 
          74.56433675397211
        ], 
        [
          -28.461261667137073, 
          3.0150953331405965, 
          73.40317302031085
        ], 
        [
          -29.79532164913554, 
          11.869818325683285, 
          69.49353485538919
        ], 
        [
          -41.03936457371147, 
          10.688476683057335, 
          70.65469858905044
        ], 
        [
          -39.73176989383029, 
          4.655656059757334, 
          77.17897496134209
        ], 
        [
          -28.48772696925436, 
          5.836997702383285, 
          76.01781122768084
        ]
      ], 
      "cuboid_centroid": [
        -34.750313120424266, 
        6.851786008098966, 
        72.02893580468064
      ], 
      "location": [
        -34.750313120424266, 
        6.851786008098966, 
        72.02893580468064
      ], 
      "pose_transform_permuted": [
        [
          0.0068792862112898685, 
          -0.7335141678074919, 
          -0.6796387393485054, 
          0.0
        ], 
        [
          0.9893222071903525, 
          0.10394192988841347, 
          -0.10216654948766875, 
          0.0
        ], 
        [
          -0.145584320128763, 
          0.6716791544163511, 
          -0.7263966079141139, 
          0.0
        ], 
        [
          -34.750313120424266, 
          6.851786008098966, 
          72.02893580468064, 
          1.0
        ]
      ], 
      "projected_cuboid": [
        [
          242.2297858806906, 
          345.4383079463689
        ], 
        [
          157.4459532482346, 
          334.9472436082936
        ], 
        [
          195.23920613186783, 
          286.40241611350655
        ], 
        [
          273.08506891348674, 
          295.19307580708033
        ], 
        [
          251.03098959551602, 
          364.37999832913135
        ], 
        [
          169.24001396796737, 
          353.9658706114954
        ], 
        [
          204.75591871701468, 
          305.4578974795586
        ], 
        [
          280.06963406517974, 
          314.23727217558735
        ]
      ], 
      "projected_cuboid_centroid": [
        222.15316928751537, 
        324.01881129623507
      ], 
      "quaternion_xyzw": [
        0.9138709018448954, 
        0.06826080399141726, 
        -0.02606693765060683, 
        0.3993755498655176
      ], 
      "visibility": 0.5000832916874896
    }, 
    {
      "bounding_box": {
        "bottom_right": [
          517, 
          276
        ], 
        "top_left": [
          337, 
          97
        ]
      }, 
      "class": "019_pitcher_base", 
      "cuboid": [
        [
          -53.01293457961956, 
          32.43092580428392, 
          74.40742303324255
        ], 
        [
          -34.4903792004378, 
          35.86747122979912, 
          73.47325406165095
        ], 
        [
          -30.649269267711, 
          20.045458658241188, 
          91.42943440089614
        ], 
        [
          -49.171824646892766, 
          16.60891323272599, 
          92.36360337248774
        ], 
        [
          -51.64669743196524, 
          22.64323133682989, 
          65.49077767972014
        ], 
        [
          -33.124142052783476, 
          26.079776762345087, 
          64.55660870812854
        ], 
        [
          -29.283032120056674, 
          10.257764190787153, 
          82.51278904737373
        ], 
        [
          -47.80558749923844, 
          6.8212187652719525, 
          83.44695801896533
        ]
      ], 
      "cuboid_centroid": [
        -41.14798334983812, 
        21.34434499753554, 
        78.46010604030815
      ], 
      "location": [
        -41.14798334983812, 
        21.34434499753554, 
        78.46010604030815
      ], 
      "pose_transform_permuted": [
        [
          -0.10264278986943927, 
          0.7353308086037664, 
          0.6698905507973185, 
          0.0
        ], 
        [
          -0.9820142364674794, 
          -0.18219605572976824, 
          0.04952703396423366, 
          0.0
        ], 
        [
          -0.15847012403226537, 
          0.6527582752298121, 
          -0.7408062188644202, 
          0.0
        ], 
        [
          -41.14798334983812, 
          21.34434499753554, 
          78.46010604030815, 
          1.0
        ]
      ], 
      "projected_cuboid": [
        [
          98.45722182770484, 
          505.7371071144072
        ], 
        [
          229.15575379165807, 
          533.637396943373
        ], 
        [
          301.32608423942884, 
          390.2142618171941
        ], 
        [
          195.30639809153763, 
          369.18858552803005
        ], 
        [
          57.51086180319405, 
          457.68011408559266
        ], 
        [
          205.6691343153237, 
          488.7386187277259
        ], 
        [
          290.74955093063375, 
          339.587369472631
        ], 
        [
          173.51963381883104, 
          316.8817706295473
        ]
      ], 
      "projected_cuboid_centroid": [
        199.56960356822165, 
        418.37118993562297
      ], 
      "quaternion_xyzw": [
        -0.014609312457036753, 
        0.4060065925103529, 
        0.9089366125443801, 
        -0.09369910262730233
      ], 
      "visibility": 0.20622119815668202
    }, 
    {
      "bounding_box": {
        "bottom_right": [
          416, 
          307
        ], 
        "top_left": [
          266, 
          106
        ]
      }, 
      "class": "035_power_drill", 
      "cuboid": [
        [
          -23.017032106249506, 
          12.865294621968307, 
          51.83679166178107
        ], 
        [
          -41.054581095755125, 
          10.821471930058669, 
          55.05535721899892
        ], 
        [
          -37.275568318446894, 
          -2.0493767676110384, 
          68.06063525368448
        ], 
        [
          -19.238019328941274, 
          -0.005554075701401373, 
          64.84206969646662
        ], 
        [
          -22.770546018068778, 
          16.962206973787588, 
          55.81973436205805
        ], 
        [
          -40.8080950075744, 
          14.91838428187795, 
          59.038299919275914
        ], 
        [
          -37.02908223026618, 
          2.0475355842082403, 
          72.04357795396147
        ], 
        [
          -18.99153324076055, 
          4.0913582761178775, 
          68.82501239674362
        ]
      ], 
      "cuboid_centroid": [
        -30.02305716825784, 
        7.456415103088274, 
        61.94018480787127
      ], 
      "location": [
        -30.02305716825784, 
        7.456415103088274, 
        61.94018480787127
      ], 
      "pose_transform_permuted": [
        [
          -0.04309800013876778, 
          -0.7163435892485951, 
          -0.6964160383906993, 
          0.0
        ], 
        [
          0.9783820321832738, 
          0.11085981803271859, 
          -0.17457952366022716, 
          0.0
        ], 
        [
          -0.20226363677739548, 
          0.6888848541699294, 
          -0.6960798990656939, 
          0.0
        ], 
        [
          -30.02305716825784, 
          7.456415103088274, 
          61.94018480787127, 
          1.0
        ]
      ], 
      "projected_cuboid": [
        [
          242.81431910437678, 
          405.6503156228072
        ], 
        [
          80.5883826449206, 
          378.1138098503667
        ], 
        [
          187.07352680242855, 
          257.2277286654617
        ], 
        [
          322.04764975525904, 
          273.2408562604193
        ], 
        [
          262.22697616188276, 
          435.34888486125215
        ], 
        [
          109.88709165235511, 
          408.05102980584167
        ], 
        [
          205.1961933758843, 
          288.44390322217674
        ], 
        [
          333.2067838771657, 
          304.9901500032508
        ]
      ], 
      "projected_cuboid_centroid": [
        220.93720990774605, 
        337.4880286141323
      ], 
      "quaternion_xyzw": [
        0.9170173014649047, 
        0.08536465296508305, 
        -0.05934389772452013, 
        0.38505911667587667
      ], 
      "visibility": 0.7651130255504013
    }, 
    {
      "bounding_box": {
        "bottom_right": [
          297, 
          220
        ], 
        "top_left": [
          238, 
          136
        ]
      }, 
      "class": "061_foam_brick", 
      "cuboid": [
        [
          -43.004050301083105, 
          -5.01053742063716, 
          71.80710993395304
        ], 
        [
          -35.370116990769226, 
          -3.818545024470942, 
          70.8345815278253
        ], 
        [
          -36.36244525780476, 
          -0.6272626793475378, 
          66.9566654697244
        ], 
        [
          -43.996378568118644, 
          -1.819255075513755, 
          67.92919387585214
        ], 
        [
          -43.20429570173057, 
          -0.9802966373508246, 
          75.17498722526817
        ], 
        [
          -35.57036239141669, 
          0.21169575881539293, 
          74.20245881914043
        ], 
        [
          -36.562690658452226, 
          3.402978103938798, 
          70.32454276103954
        ], 
        [
          -44.196623968766104, 
          2.21098570777258, 
          71.29707116716727
        ]
      ], 
      "cuboid_centroid": [
        -39.78337047976767, 
        -0.8037796583491812, 
        71.06582634749628
      ], 
      "location": [
        -39.78337047976767, 
        -0.8037796583491812, 
        71.06582634749628
      ], 
      "pose_transform_permuted": [
        [
          0.03809843969725746, 
          -0.7667885751732508, 
          -0.6407681248910639, 
          0.0
        ], 
        [
          -0.980292978006633, 
          -0.1530668042672485, 
          0.12488486978933319, 
          0.0
        ], 
        [
          0.19384062051985204, 
          -0.6233825746804185, 
          0.7575090622700769, 
          0.0
        ], 
        [
          -39.78337047976767, 
          -0.8037796583491812, 
          71.06582634749628, 
          1.0
        ]
      ], 
      "projected_cuboid": [
        [
          159.53939411011115, 
          236.07270593756812
        ], 
        [
          213.07319539508856, 
          244.53638802860314
        ], 
        [
          189.5512432978264, 
          268.29029946893485
        ], 
        [
          133.29808365553296, 
          259.0033660019737
        ], 
        [
          172.5352853630095, 
          266.3319455922225
        ], 
        [
          223.8096413017391, 
          274.8080710363669
        ], 
        [
          202.0062085088222, 
          299.0936714895771
        ], 
        [
          148.24040113157727, 
          289.82525348213096
        ]
      ], 
      "projected_cuboid_centroid": [
        180.55131684850411, 
        267.25450466269047
      ], 
      "quaternion_xyzw": [
        -0.09629716013986657, 
        0.9006169659708443, 
        -0.4231259500536308, 
        -0.02409082700283188
      ], 
      "visibility": 0.907160359379254
    }
  ]
}