{
  "camera_data": {
    "location_worldframe": [
      -19.197600868064004, 
      6.330097931776869, 
      80.91839793475337
    ], 
    "quaternion_xyzw_worldframe": [
      0.9346422168525138, 
      0.02341971429396329, 
      -0.07977041450415646, 
      -0.3457345711374011
    ]
  }, 
  "objects": [
    {
      "bounding_box": {
        "bottom_right": [
          465, 
          302
        ], 
        "top_left": [
          300, 
          98
        ]
      }, 
      "class": "003_cracker_box", 
      "cuboid": [
        [
          -29.276507879928324, 
          18.701247182713825, 
          60.348440267833105
        ], 
        [
          -45.52450663619882, 
          17.847854676492723, 
          62.43467451491902
        ], 
        [
          -42.80252914855961, 
          3.063753761835865, 
          77.58639870223259
        ], 
        [
          -26.554530392289106, 
          3.917146268056969, 
          75.50016445514667
        ], 
        [
          -28.909160198780814, 
          23.866379070619846, 
          65.32225829794183
        ], 
        [
          -45.157158955051315, 
          23.01298656439874, 
          67.40849254502774
        ], 
        [
          -42.4351814674121, 
          8.228885649741885, 
          82.5602167323413
        ], 
        [
          -26.1871827111416, 
          9.082278155962989, 
          80.47398248525539
        ]
      ], 
      "cuboid_centroid": [
        -35.85584467367021, 
        13.465066416227856, 
        71.4543285000872
      ], 
      "location": [
        -35.85584467367021, 
        13.465066416227856, 
        71.4543285000872
      ], 
      "pose_transform_permuted": [
        [
          -0.05116263090949266, 
          -0.7193777174645388, 
          -0.6927323327331629, 
          0.0
        ], 
        [
          0.9905141597023084, 
          0.052024706173098595, 
          -0.12718148205156604, 
          0.0
        ], 
        [
          -0.1275307203290607, 
          0.6926681236805352, 
          -0.7098920944828433, 
          0.0
        ], 
        [
          -35.85584467367021, 
          13.465066416227856, 
          71.4543285000872, 
          1.0
        ]
      ], 
      "projected_cuboid": [
        [
          220.71456019523367, 
          438.5557861674847
        ], 
        [
          89.48416406823917, 
          425.74365400743073
        ], 
        [
          184.9257396742054, 
          294.34641324993794
        ], 
        [
          292.45746843543435, 
          300.95655472877155
        ], 
        [
          243.60305992718366, 
          468.14213038443955
        ], 
        [
          121.34727983904267, 
          455.3596854242438
        ], 
        [
          205.19137896813922, 
          326.443203968774
        ], 
        [
          306.60231731518036, 
          333.47688336753646
        ]
      ], 
      "projected_cuboid_centroid": [
        211.74661358243495, 
        373.78686818138476
      ], 
      "quaternion_xyzw": [
        0.9186831086011115, 
        0.04886217696316694, 
        -0.048532543836749424, 
        0.38894527355677255
      ], 
      "visibility": 0.3797400268937696
    }, 
    {
      "bounding_box": {
        "bottom_right": [
          484, 
          345
        ], 
        "top_left": [
          357, 
          253
        ]
      }, 
      "class": "006_mustard_bottle", 
      "cuboid": [
        [
          -23.45981307103255, 
          26.962030660911516, 
          68.7126756366974
        ], 
        [
          -32.701782563610585, 
          24.369059959715194, 
          68.45081565273674
        ], 
        [
          -29.590774349580464, 
          11.853741909213875, 
          82.58054238652123
        ], 
        [
          -20.34880485700242, 
          14.446712610410199, 
          82.84240237048188
        ], 
        [
          -24.725511010019844, 
          31.077050810436024, 
          72.63620393166696
        ], 
        [
          -33.96748050259788, 
          28.484080109239706, 
          72.3743439477063
        ], 
        [
          -30.856472288567755, 
          15.968762058738385, 
          86.50407068149079
        ], 
        [
          -21.614502795989715, 
          18.561732759934706, 
          86.76593066545144
        ]
      ], 
      "cuboid_centroid": [
        -27.15814267980015, 
        21.46539635982495, 
        77.60837315909409
      ], 
      "location": [
        -27.15814267980015, 
        21.46539635982495, 
        77.60837315909409
      ], 
      "pose_transform_permuted": [
        [
          0.2172909245358151, 
          -0.7064533371122643, 
          -0.6735786354669286, 
          0.0
        ], 
        [
          0.9624645567773616, 
          0.27003361119810904, 
          0.027270264590552727, 
          0.0
        ], 
        [
          -0.16262372770317424, 
          0.6542212474992961, 
          -0.7386122680462253, 
          0.0
        ], 
        [
          -27.15814267980015, 
          21.46539635982495, 
          77.60837315909409, 
          1.0
        ]
      ], 
      "projected_cuboid": [
        [
          297.9942153684141, 
          482.5547526199199
        ], 
        [
          224.684980998113, 
          463.15274740575404
        ], 
        [
          288.90211645299945, 
          349.8400760346332
        ], 
        [
          349.50462918493093, 
          366.2910203130898
        ], 
        [
          298.5411076960171, 
          501.46475885875907
        ], 
        [
          229.20806224645415, 
          483.1829861184918
        ], 
        [
          289.7737204064058, 
          371.7380149793589
        ], 
        [
          347.6331759288787, 
          387.37896461179116
        ]
      ], 
      "projected_cuboid_centroid": [
        293.4128393629367, 
        420.79531536242075
      ], 
      "quaternion_xyzw": [
        0.9069543042159823, 
        0.11926106334411589, 
        0.06741276489607131, 
        0.39832922078904465
      ], 
      "visibility": 0.8677218767665348
    }, 
    {
      "bounding_box": {
        "bottom_right": [
          357, 
          278
        ], 
        "top_left": [
          284, 
          165
        ]
      }, 
      "class": "008_pudding_box", 
      "cuboid": [
        [
          -29.17240310896778, 
          8.570548664579452, 
          66.91289592295846
        ], 
        [
          -40.45187641842113, 
          7.593338751995598, 
          67.90834217000327
        ], 
        [
          -39.349524349946904, 
          1.394414928063966, 
          74.31373630651305
        ], 
        [
          -28.07005104049356, 
          2.3716248406478195, 
          73.31829005946824
        ], 
        [
          -29.175744171140494, 
          11.334761068349538, 
          69.58857994267
        ], 
        [
          -40.455217480593845, 
          10.357551155765686, 
          70.5840261897148
        ], 
        [
          -39.35286541211962, 
          4.1586273318340545, 
          76.98942032622458
        ], 
        [
          -28.073392102666272, 
          5.135837244417907, 
          75.99397407917976
        ]
      ], 
      "cuboid_centroid": [
        -34.2626342605437, 
        6.364587998206753, 
        71.95115812459152
      ], 
      "location": [
        -34.2626342605437, 
        6.364587998206753, 
        71.95115812459152
      ], 
      "pose_transform_permuted": [
        [
          0.0008684625187332009, 
          -0.7185184658031615, 
          -0.6955067469471767, 
          0.0
        ], 
        [
          0.9924395971544129, 
          0.08598112565834157, 
          -0.08758567402061561, 
          0.0
        ], 
        [
          -0.12273312128031748, 
          0.6901726691937016, 
          -0.7131605572189068, 
          0.0
        ], 
        [
          -34.2626342605437, 
          6.364587998206753, 
          71.95115812459152, 
          1.0
        ]
      ], 
      "projected_cuboid": [
        [
          247.14497299510202, 
          341.5968596061974
        ], 
        [
          161.25993677452826, 
          332.9209824205816
        ], 
        [
          196.84812003703559, 
          283.2936890838287
        ], 
        [
          275.7130609507505, 
          290.53781280558525
        ], 
        [
          256.13384767051707, 
          360.1549588242929
        ], 
        [
          173.37775278850236, 
          351.5462401160194
        ], 
        [
          206.7209247214414, 
          302.09409862782195
        ], 
        [
          282.9384213057178, 
          309.3294296924798
        ]
      ], 
      "projected_cuboid_centroid": [
        225.51763491640645, 
        320.4624209933805
      ], 
      "quaternion_xyzw": [
        0.9189829994748666, 
        0.05677859303652091, 
        -0.023590537461366294, 
        0.38947375083112823
      ], 
      "visibility": 0.52029826014913
    }, 
    {
      "bounding_box": {
        "bottom_right": [
          512, 
          279
        ], 
        "top_left": [
          333, 
          104
        ]
      }, 
      "class": "019_pitcher_base", 
      "cuboid": [
        [
          -52.03692472595674, 
          32.25231389087888, 
          74.66647837656369
        ], 
        [
          -33.43863269742181, 
          35.33061580542548, 
          74.03785698955664
        ], 
        [
          -30.146768214659147, 
          19.04619512817462, 
          91.6871031813569
        ], 
        [
          -48.745060243194075, 
          15.967893213628015, 
          92.31572456836396
        ], 
        [
          -50.75319212826391, 
          22.635444768880404, 
          65.55385031434547
        ], 
        [
          -32.15490009972899, 
          25.713746683427008, 
          64.92522892733842
        ], 
        [
          -28.863035616966325, 
          9.429326006176145, 
          82.5744751191387
        ], 
        [
          -47.46132764550125, 
          6.351024091629539, 
          83.20309650614574
        ]
      ], 
      "cuboid_centroid": [
        -40.44998017146153, 
        20.84081994852751, 
        78.62047674785119
      ], 
      "location": [
        -40.44998017146153, 
        20.84081994852751, 
        78.62047674785119
      ], 
      "pose_transform_permuted": [
        [
          -0.09644438046481267, 
          0.7224970263661268, 
          0.6846143577302835, 
          0.0
        ], 
        [
          -0.9860295824262092, 
          -0.16320298373233447, 
          0.0333277530422549, 
          0.0
        ], 
        [
          -0.13581026891112194, 
          0.6718355396523545, 
          -0.7281432403849666, 
          0.0
        ], 
        [
          -40.44998017146153, 
          20.84081994852751, 
          78.62047674785119, 
          1.0
        ]
      ], 
      "projected_cuboid": [
        [
          106.81595815243702, 
          503.6548501688685
        ], 
        [
          238.72005724085233, 
          527.7848454781961
        ], 
        [
          304.77997447153064, 
          384.0732080179229
        ], 
        [
          197.64393361387428, 
          365.53507085740245
        ], 
        [
          65.24867177256624, 
          457.43935144922045
        ], 
        [
          215.2638030295772, 
          484.5086605606477
        ], 
        [
          293.62733659436486, 
          334.18724861802207
        ], 
        [
          174.8417280354426, 
          313.9956661688409
        ]
      ], 
      "projected_cuboid_centroid": [
        204.9192269140741, 
        414.65959838070796
      ], 
      "quaternion_xyzw": [
        -0.017261535039634977, 
        0.3967302883087837, 
        0.9141224589474934, 
        -0.08177603824211246
      ], 
      "visibility": 0.20448753462603877
    }, 
    {
      "bounding_box": {
        "bottom_right": [
          412, 
          311
        ], 
        "top_left": [
          262, 
          113
        ]
      }, 
      "class": "035_power_drill", 
      "cuboid": [
        [
          -22.152813005701567, 
          12.576517403442356, 
          52.04342276604494
        ], 
        [
          -40.2675829687818, 
          10.830681699866643, 
          54.99244224236172
        ], 
        [
          -36.91499448946849, 
          -2.3947653350119267, 
          67.75663597893735
        ], 
        [
          -18.800224526388252, 
          -0.6489296314362138, 
          64.80761650262058
        ], 
        [
          -21.875232640786216, 
          16.579800269223906, 
          56.11846315865445
        ], 
        [
          -39.99000260386645, 
          14.83396456564819, 
          59.06748263497123
        ], 
        [
          -36.63741412455314, 
          1.6085175307696222, 
          71.83167637154686
        ], 
        [
          -18.5226441614729, 
          3.3543532343453344, 
          68.88265689523008
        ]
      ], 
      "cuboid_centroid": [
        -29.39511356512735, 
        7.0925174671059885, 
        61.9375495687959
      ], 
      "location": [
        -29.39511356512735, 
        7.0925174671059885, 
        61.9375495687959
      ], 
      "pose_transform_permuted": [
        [
          -0.04853482277210489, 
          -0.6999725087059552, 
          -0.7125192853780792, 
          0.0
        ], 
        [
          0.9825706064234356, 
          0.09469658458121459, 
          -0.1599589650381839, 
          0.0
        ], 
        [
          -0.17944018144519758, 
          0.7078639774239579, 
          -0.6831763737856412, 
          0.0
        ], 
        [
          -29.39511356512735, 
          7.0925174671059885, 
          61.9375495687959, 
          1.0
        ]
      ], 
      "projected_cuboid": [
        [
          252.6923373400035, 
          402.165513707156
        ], 
        [
          87.82555572605817, 
          378.3230559846801
        ], 
        [
          188.61387316464254, 
          254.43708904099074
        ], 
        [
          325.59558620703433, 
          267.9463187414487
        ], 
        [
          271.97420465124435, 
          430.8520105718886
        ], 
        [
          117.51884002685016, 
          407.22222384462685
        ], 
        [
          207.31302036537477, 
          285.2290951145351
        ], 
        [
          336.99156179555257, 
          299.257404225326
        ]
      ], 
      "projected_cuboid_centroid": [
        226.378151247908, 
        334.3573824937712
      ], 
      "quaternion_xyzw": [
        0.9223548489092298, 
        0.07430349782152831, 
        -0.05651127330681137, 
        0.3748960836838713
      ], 
      "visibility": 0.7542789980166018
    }, 
    {
      "bounding_box": {
        "bottom_right": [
          294, 
          222
        ], 
        "top_left": [
          236, 
          137
        ]
      }, 
      "class": "061_foam_brick", 
      "cuboid": [
        [
          -42.74940628383726, 
          -5.319604129905816, 
          71.3656537832664
        ], 
        [
          -35.081224167961764, 
          -4.262375100974463, 
          70.51427550205686
        ], 
        [
          -35.95942401005886, 
          -0.9678139421253438, 
          66.69565491898314
        ], 
        [
          -43.627606125934356, 
          -2.025042971056697, 
          67.54703320019267
        ], 
        [
          -42.91186655285401, 
          -1.3604604432919487, 
          74.81881528699564
        ], 
        [
          -35.243684436978505, 
          -0.30323141436059564, 
          73.96743700578611
        ], 
        [
          -36.12188427907561, 
          2.9913297444885236, 
          70.14881642271237
        ], 
        [
          -43.790066394951104, 
          1.9341007155571701, 
          71.00019470392192
        ]
      ], 
      "cuboid_centroid": [
        -39.43564528145643, 
        -1.1641371927086464, 
        70.7572351029894
      ], 
      "location": [
        -39.43564528145643, 
        -1.1641371927086464, 
        70.7572351029894
      ], 
      "pose_transform_permuted": [
        [
          0.030909487770116484, 
          -0.753261730404442, 
          -0.6569941925724263, 
          0.0
        ], 
        [
          -0.9846909550693626, 
          -0.1357614942490981, 
          0.10932767117175007, 
          0.0
        ], 
        [
          0.1715468640645325, 
          -0.6435569766441487, 
          0.7459263309752963, 
          0.0
        ], 
        [
          -39.43564528145643, 
          -1.1641371927086464, 
          70.7572351029894, 
          1.0
        ]
      ], 
      "projected_cuboid": [
        [
          159.46602616080997, 
          233.5328342486448
        ], 
        [
          214.0566324341002, 
          241.04897904764945
        ], 
        [
          191.65787653804358, 
          265.5475911365697
        ], 
        [
          134.26343137666575, 
          257.2977517674386
        ], 
        [
          173.16585855897105, 
          263.5889746913172
        ], 
        [
          225.36559599258084, 
          271.10018060503273
        ], 
        [
          204.68506099825726, 
          296.02868551596646
        ], 
        [
          149.92583715457673, 
          287.8145796541856
        ]
      ], 
      "projected_cuboid_centroid": [
        181.88113161968843, 
        264.512069031854
      ], 
      "quaternion_xyzw": [
        -0.08477361154704151, 
        0.9062618446516902, 
        -0.41356371511920254, 
        -0.021632319584129846
      ], 
      "visibility": 0.9000810153929246
    }
  ]
}