{
  "camera_data": {
    "location_worldframe": [
      -8.017551768219418, 
      -6.448236336972202, 
      75.30083494706695
    ], 
    "quaternion_xyzw_worldframe": [
      -0.8275761592503402, 
      -0.09162202993690188, 
      -0.20365803068059796, 
      0.515021029482818
    ]
  }, 
  "objects": [
    {
      "bounding_box": {
        "bottom_right": [
          440, 
          423
        ], 
        "top_left": [
          236, 
          249
        ]
      }, 
      "class": "003_cracker_box", 
      "cuboid": [
        [
          -5.856720202807521, 
          14.298945228162225, 
          59.72397803053501
        ], 
        [
          -20.656522297594616, 
          16.001088879169785, 
          52.85763397903085
        ], 
        [
          -26.046853755291533, 
          -3.505076862974847, 
          59.640507408672704
        ], 
        [
          -11.247051660504441, 
          -5.207220513982411, 
          66.50685146017686
        ], 
        [
          -8.366662077004115, 
          17.116633549323833, 
          65.83243297821912
        ], 
        [
          -23.16646417179121, 
          18.818777200331397, 
          58.96608892671497
        ], 
        [
          -28.55679562948813, 
          -0.6873885418132373, 
          65.74896235635683
        ], 
        [
          -13.756993534701035, 
          -2.3895321928208006, 
          72.61530640786098
        ]
      ], 
      "cuboid_centroid": [
        -17.206757916147826, 
        6.8057783431744925, 
        62.73647019344592
      ], 
      "location": [
        -17.206757916147826, 
        6.8057783431744925, 
        62.73647019344592
      ], 
      "pose_transform_permuted": [
        [
          0.3495740855438667, 
          -0.39243570870858835, 
          -0.8507597623574807, 
          0.0
        ], 
        [
          0.9022288686488895, 
          -0.10376646462504856, 
          0.4185876125684602, 
          0.0
        ], 
        [
          0.25254905918002185, 
          0.9139073997673979, 
          -0.31779275850415345, 
          0.0
        ], 
        [
          -17.206757916147826, 
          6.8057783431744925, 
          62.73647019344592, 
          1.0
        ]
      ], 
      "projected_cuboid": [
        [
          428.8622464885098, 
          400.97239817265734
        ], 
        [
          271.44134344896344, 
          434.73330373543547
        ], 
        [
          246.73889408056743, 
          241.9433081404239
        ], 
        [
          390.6551652739243, 
          231.5297473196458
        ], 
        [
          413.2524916580356, 
          411.95125773801584
        ], 
        [
          270.3215533145886, 
          443.4932210928926
        ], 
        [
          248.02962402336914, 
          267.71081849540735
        ], 
        [
          379.7175001494288, 
          255.73673510803914
        ]
      ], 
      "projected_cuboid_centroid": [
        334.1043070427557, 
        331.1421179645791
      ], 
      "quaternion_xyzw": [
        0.9574570526626466, 
        -0.09303694688293651, 
        0.20057340848242292, 
        0.18544656004089874
      ], 
      "visibility": 0.5793859807352357
    }, 
    {
      "bounding_box": {
        "bottom_right": [
          413, 
          420
        ], 
        "top_left": [
          277, 
          341
        ]
      }, 
      "class": "006_mustard_bottle", 
      "cuboid": [
        [
          -5.6792636569021, 
          17.6145018970009, 
          72.41296231441619
        ], 
        [
          -13.258412297574864, 
          17.191800234638418, 
          66.53215480205618
        ], 
        [
          -17.83974946428412, 
          0.04431275055803152, 
          73.66908399692888
        ], 
        [
          -10.260600823611355, 
          0.4670144129205106, 
          79.54989150928887
        ], 
        [
          -8.97256024925634, 
          20.18405565861802, 
          76.47264794339331
        ], 
        [
          -16.551708889929106, 
          19.761353996255544, 
          70.59184043103332
        ], 
        [
          -21.13304605663836, 
          2.613866512175156, 
          77.728769625906
        ], 
        [
          -13.553897415965595, 
          3.036568174537635, 
          83.609577138266
        ]
      ], 
      "cuboid_centroid": [
        -13.40615485677023, 
        10.114184204588026, 
        75.0708659701611
      ], 
      "location": [
        -13.40615485677023, 
        10.114184204588026, 
        75.0708659701611
      ], 
      "pose_transform_permuted": [
        [
          0.565382497103431, 
          -0.44113267100126924, 
          -0.6969536857672456, 
          0.0
        ], 
        [
          0.7892973400369898, 
          0.04402041885568606, 
          0.6124310192131649, 
          0.0
        ], 
        [
          0.23948317608271746, 
          0.8963616112707798, 
          -0.37307327727054657, 
          0.0
        ], 
        [
          -13.40615485677023, 
          10.114184204588026, 
          75.0708659701611, 
          1.0
        ]
      ], 
      "projected_cuboid": [
        [
          439.42086826203087, 
          403.0168861017973
        ], 
        [
          374.4323892843833, 
          411.0954480096371
        ], 
        [
          351.371812749112, 
          273.60733547713596
        ], 
        [
          412.2345367446847, 
          276.4175030564109
        ], 
        [
          418.501044847555, 
          414.04996699889927
        ], 
        [
          355.5072346390141, 
          422.5830715726927
        ], 
        [
          335.388762822019, 
          291.2210325765184
        ], 
        [
          394.4204730617107, 
          292.6558653784278
        ]
      ], 
      "projected_cuboid_centroid": [
        385.56317358285435, 
        345.13987861362
      ], 
      "quaternion_xyzw": [
        0.919594018721715, 
        -0.05313832877543483, 
        0.32019931957414755, 
        0.2213492942797752
      ], 
      "visibility": 0.02859466052310611
    }, 
    {
      "bounding_box": {
        "bottom_right": [
          316, 
          397
        ], 
        "top_left": [
          228, 
          284
        ]
      }, 
      "class": "008_pudding_box", 
      "cuboid": [
        [
          -8.988780247080411, 
          2.6721564125154753, 
          60.585348424504645
        ], 
        [
          -19.008710546181472, 
          3.6683810755889183, 
          55.314589104964526
        ], 
        [
          -21.32978657497176, 
          -4.521758666169106, 
          58.179048527065206
        ], 
        [
          -11.309856275870697, 
          -5.517983329242549, 
          63.449807846605324
        ], 
        [
          -10.508108693552467, 
          4.214888907504267, 
          63.76525154721752
        ], 
        [
          -20.528038992653528, 
          5.21111357057771, 
          58.4944922276774
        ], 
        [
          -22.84911502144381, 
          -2.979026171180315, 
          61.35895164977807
        ], 
        [
          -12.82918472234275, 
          -3.9752508342537576, 
          66.6297109693182
        ]
      ], 
      "cuboid_centroid": [
        -15.918947634262112, 
        -0.15343487933241975, 
        60.97215003714136
      ], 
      "location": [
        -15.918947634262112, 
        -0.15343487933241975, 
        60.97215003714136
      ], 
      "pose_transform_permuted": [
        [
          0.3949282417376055, 
          -0.4010117977664019, 
          -0.8265714711424064, 
          0.0
        ], 
        [
          0.8816170149736441, 
          -0.08765416399959673, 
          0.46375483254153604, 
          0.0
        ], 
        [
          0.2584227978423011, 
          0.9118696675729454, 
          -0.3189217453384336, 
          0.0
        ], 
        [
          -15.918947634262112, 
          -0.15343487933241975, 
          60.97215003714136, 
          1.0
        ]
      ], 
      "projected_cuboid": [
        [
          401.811399687409, 
          296.80894696562535
        ], 
        [
          296.79590321706877, 
          308.6554975597757
        ], 
        [
          284.4403259375764, 
          231.83617899318273
        ], 
        [
          385.74124292791794, 
          226.9058054154436
        ], 
        [
          392.9769725221873, 
          308.53901077374167
        ], 
        [
          292.8743311754857, 
          320.79851409194833
        ], 
        [
          281.34215001668184, 
          247.39344572428354
        ], 
        [
          378.05356244195855, 
          241.46771290952074
        ]
      ], 
      "projected_cuboid_centroid": [
        341.19465203025396, 
        271.94445268774575
      ], 
      "quaternion_xyzw": [
        0.951322520716423, 
        -0.09094627592261609, 
        0.22565508951487967, 
        0.18919281511454894
      ], 
      "visibility": 0.850728445187485
    }, 
    {
      "bounding_box": {
        "bottom_right": [
          465, 
          369
        ], 
        "top_left": [
          265, 
          206
        ]
      }, 
      "class": "019_pitcher_base", 
      "cuboid": [
        [
          -33.135259700568, 
          25.95698011457055, 
          64.88586749699483
        ], 
        [
          -17.200225526353837, 
          25.2808905468085, 
          74.95488744269755
        ], 
        [
          -23.40455130966709, 
          3.387548692827522, 
          83.3036923718215
        ], 
        [
          -39.33958548388126, 
          4.0636382605895705, 
          73.23467242611876
        ], 
        [
          -26.881526165251096, 
          20.264859448963065, 
          54.606630633794786
        ], 
        [
          -10.946491991036932, 
          19.588769881201017, 
          64.67565057949751
        ], 
        [
          -17.15081777435019, 
          -2.3045719727799647, 
          73.02445550862144
        ], 
        [
          -33.085851948564354, 
          -1.6284824050179143, 
          62.955435562918716
        ]
      ], 
      "cuboid_centroid": [
        -25.143038737459094, 
        11.826204070895294, 
        68.95516150280814
      ], 
      "location": [
        -25.143038737459094, 
        11.826204070895294, 
        68.95516150280814
      ], 
      "pose_transform_permuted": [
        [
          -0.46983106722509294, 
          0.42763816398532445, 
          0.7722594508421226, 
          0.0
        ], 
        [
          -0.8448310774258504, 
          0.03584438362191068, 
          -0.5338313602813415, 
          0.0
        ], 
        [
          0.25596775245645215, 
          0.9032390792882612, 
          -0.34444110577700504, 
          0.0
        ], 
        [
          -25.143038737459094, 
          11.826204070895294, 
          68.95516150280814, 
          1.0
        ]
      ], 
      "projected_cuboid": [
        [
          206.977169947076, 
          486.63601374710356
        ], 
        [
          358.194010249168, 
          453.16532198903906
        ], 
        [
          330.509822075212, 
          294.9740047118038
        ], 
        [
          192.72551620234023, 
          302.8793222665333
        ], 
        [
          216.86882367869106, 
          471.20474441357175
        ], 
        [
          390.5793605638903, 
          434.81679696253906
        ], 
        [
          355.2956456823517, 
          256.4555550545471
        ], 
        [
          198.97841166125306, 
          259.4910404254268
        ]
      ], 
      "projected_cuboid_centroid": [
        285.5128132288056, 
        364.75389282665486
      ], 
      "quaternion_xyzw": [
        -0.2674644134629948, 
        0.20575018390094602, 
        0.9381270712910157, 
        0.0777645547731561
      ], 
      "visibility": 0.30265829359270974
    }, 
    {
      "bounding_box": {
        "bottom_right": [
          397, 
          515
        ], 
        "top_left": [
          214, 
          336
        ]
      }, 
      "class": "035_power_drill", 
      "cuboid": [
        [
          4.787064261668999, 
          10.327088623237524, 
          54.4167426746521
        ], 
        [
          -12.023701364334318, 
          11.275315551354838, 
          46.907510107254296
        ], 
        [
          -15.648041546445773, 
          -6.069809073351859, 
          52.83100152081819
        ], 
        [
          1.1627240795575449, 
          -7.018036001469173, 
          60.34023408821599
        ], 
        [
          2.7177106858276847, 
          12.43235025871518, 
          59.31520447282757
        ], 
        [
          -14.093054940175634, 
          13.380577186832493, 
          51.80597190542976
        ], 
        [
          -17.717395122287087, 
          -3.9645474378742023, 
          57.72946331899366
        ], 
        [
          -0.9066294962837701, 
          -4.912774365991517, 
          65.23869588639147
        ]
      ], 
      "cuboid_centroid": [
        -6.465165430309044, 
        3.1812705926816607, 
        56.073102996822875
      ], 
      "location": [
        -6.465165430309044, 
        3.1812705926816607, 
        56.073102996822875
      ], 
      "pose_transform_permuted": [
        [
          0.3618256971702899, 
          -0.3681042079398521, 
          -0.8564942095341479, 
          0.0
        ], 
        [
          0.9118395767238131, 
          -0.05143316253455942, 
          0.40731133834768585, 
          0.0
        ], 
        [
          0.1939851144600983, 
          0.9283609751246378, 
          -0.31704230346120005, 
          0.0
        ], 
        [
          -6.465165430309044, 
          3.1812705926816607, 
          56.073102996822875, 
          1.0
        ]
      ], 
      "projected_cuboid": [
        [
          528.9044010916701, 
          374.49874454156867
        ], 
        [
          343.75317289076077, 
          401.4823551591567
        ], 
        [
          322.3164677342422, 
          212.01289274014943
        ], 
        [
          491.9594944821743, 
          211.25734483127843
        ], 
        [
          506.236401145702, 
          385.06927424179946
        ], 
        [
          335.30625417728606, 
          411.03366607117783
        ], 
        [
          316.5552163186183, 
          236.6610322956125
        ], 
        [
          474.12370205389425, 
          233.12511627479722
        ]
      ], 
      "projected_cuboid_centroid": [
        419.5934853584291, 
        303.5440735157134
      ], 
      "quaternion_xyzw": [
        0.9613395291704434, 
        -0.06382195612158835, 
        0.2000170106865567, 
        0.1781749555207298
      ], 
      "visibility": 0.9323487076788285
    }, 
    {
      "bounding_box": {
        "bottom_right": [
          252, 
          333
        ], 
        "top_left": [
          184, 
          245
        ]
      }, 
      "class": "061_foam_brick", 
      "cuboid": [
        [
          -22.41835415265883, 
          -8.881405224467587, 
          51.46065328596061
        ], 
        [
          -15.524447338897652, 
          -9.13764752893083, 
          55.073406236847774
        ], 
        [
          -14.315300754450003, 
          -4.57585978319093, 
          53.08965009012338
        ], 
        [
          -21.20920756821118, 
          -4.3196174787276895, 
          49.476897139236215
        ], 
        [
          -24.524165699633762, 
          -6.502432738500986, 
          55.64772673656332
        ], 
        [
          -17.630258885872585, 
          -6.758675042964228, 
          59.26047968745047
        ], 
        [
          -16.421112301424937, 
          -2.19688729722433, 
          57.27672354072608
        ], 
        [
          -23.315019115186114, 
          -1.9406449927610883, 
          53.66397058983892
        ]
      ], 
      "cuboid_centroid": [
        -19.41973322704188, 
        -5.539146260845959, 
        54.36868841334335
      ], 
      "location": [
        -19.41973322704188, 
        -5.539146260845959, 
        54.36868841334335
      ], 
      "pose_transform_permuted": [
        [
          0.4006490734708964, 
          -0.452620332377073, 
          -0.7966273624761957, 
          0.0
        ], 
        [
          -0.8852642754203328, 
          0.032904732268773884, 
          -0.46392288287907657, 
          0.0
        ], 
        [
          -0.23619373952631623, 
          -0.8910960180099495, 
          0.38750536008600756, 
          0.0
        ], 
        [
          -19.41973322704188, 
          -5.539146260845959, 
          54.36868841334335, 
          1.0
        ]
      ], 
      "projected_cuboid": [
        [
          247.3251850016861, 
          181.24286908422522
        ], 
        [
          330.00867561238766, 
          184.79943133079055
        ], 
        [
          336.5922774529999, 
          227.31909182049333
        ], 
        [
          251.07435372577092, 
          226.72467322401636
        ], 
        [
          244.6024126432828, 
          210.96818427558324
        ], 
        [
          321.6098583376952, 
          212.46128351650677
        ], 
        [
          327.42129258323536, 
          252.83070627177793
        ], 
        [
          247.95840581593805, 
          254.00015333179692
        ]
      ], 
      "projected_cuboid_centroid": [
        289.5153016342471, 
        218.95130825326405
      ], 
      "quaternion_xyzw": [
        0.07118122829425151, 
        0.9451174075090456, 
        -0.2222278644399637, 
        0.2286943266203935
      ], 
      "visibility": 0.985455835402625
    }
  ]
}