{
  "camera_data": {
    "location_worldframe": [
      -16.122852597771807, 
      7.582949871786015, 
      74.85061658288494
    ], 
    "quaternion_xyzw_worldframe": [
      -0.8622323731812365, 
      -0.01567313067342854, 
      -0.018469105919902633, 
      0.5059397095918313
    ]
  }, 
  "objects": [
    {
      "bounding_box": {
        "bottom_right": [
          528, 
          314
        ], 
        "top_left": [
          341, 
          140
        ]
      }, 
      "class": "003_cracker_box", 
      "cuboid": [
        [
          -21.510696594114194, 
          27.372500667416993, 
          58.816313498260776
        ], 
        [
          -37.89127049942634, 
          27.994164851030284, 
          58.209314435184666
        ], 
        [
          -38.96113087032643, 
          8.743767937467481, 
          67.36525046616832
        ], 
        [
          -22.580556965014278, 
          8.12210375385419, 
          67.97224952924441
        ], 
        [
          -21.633599972357892, 
          30.461542627044746, 
          65.2966770734175
        ], 
        [
          -38.014173877670046, 
          31.083206810658037, 
          64.6896780103414
        ], 
        [
          -39.08403424857013, 
          11.832809897095236, 
          73.84561404132504
        ], 
        [
          -22.703460343257976, 
          11.211145713481947, 
          74.45261310440114
        ]
      ], 
      "cuboid_centroid": [
        -30.29736542134216, 
        19.602655282256116, 
        66.3309637697929
      ], 
      "location": [
        -30.29736542134216, 
        19.602655282256116, 
        66.3309637697929
      ], 
      "pose_transform_permuted": [
        [
          0.017117462560181873, 
          -0.4302286954709478, 
          -0.9025576225753493, 
          0.0
        ], 
        [
          0.9985962357979701, 
          -0.03789803197831365, 
          0.03700401359711303, 
          0.0
        ], 
        [
          0.05012534613970637, 
          0.9019240593118341, 
          -0.4289760376860663, 
          0.0
        ], 
        [
          -30.29736542134216, 
          19.602655282256116, 
          66.3309637697929, 
          1.0
        ]
      ], 
      "projected_cuboid": [
        [
          284.92240626204375, 
          521.4879259642166
        ], 
        [
          131.5403460068327, 
          529.7718870092094
        ], 
        [
          170.5777508135487, 
          342.5095073831049
        ], 
        [
          302.9504725514964, 
          337.0136769017773
        ], 
        [
          303.42917201102523, 
          522.0853734618287
        ], 
        [
          165.58599116822796, 
          529.5450850904898
        ], 
        [
          196.9764106699889, 
          358.74414198389763
        ], 
        [
          317.61217262025355, 
          353.59431106659133
        ]
      ], 
      "projected_cuboid_centroid": [
        235.96769734577953, 
        430.89739345556364
      ], 
      "quaternion_xyzw": [
        0.9750740891959382, 
        -0.02256838200638823, 
        0.013876247137775024, 
        0.2202921661741438
      ], 
      "visibility": 0.2565142077912505
    }, 
    {
      "bounding_box": {
        "bottom_right": [
          513, 
          363
        ], 
        "top_left": [
          371, 
          287
        ]
      }, 
      "class": "006_mustard_bottle", 
      "cuboid": [
        [
          -16.644373544458343, 
          31.492072514661245, 
          70.27844395962848
        ], 
        [
          -25.86578169238596, 
          30.369626024884955, 
          67.84702185371417
        ], 
        [
          -26.206669794780126, 
          13.52843205780953, 
          76.91447555634645
        ], 
        [
          -16.98526164685251, 
          14.650878547585823, 
          79.34589766226074
        ], 
        [
          -18.265554246221942, 
          34.16974746684369, 
          75.19080452944215
        ], 
        [
          -27.486962394149554, 
          33.0473009770674, 
          72.75938242352785
        ], 
        [
          -27.827850496543714, 
          16.206107009991978, 
          81.8268361261601
        ], 
        [
          -18.606442348616103, 
          17.32855349976827, 
          84.25825823207441
        ]
      ], 
      "cuboid_centroid": [
        -22.236112020501032, 
        23.84908976232661, 
        76.0526400428943
      ], 
      "location": [
        -22.236112020501032, 
        23.84908976232661, 
        76.0526400428943
      ], 
      "pose_transform_permuted": [
        [
          0.2783190543927793, 
          -0.45969456696093997, 
          -0.8433381591204541, 
          0.0
        ], 
        [
          0.9603232853220066, 
          0.11689228839766373, 
          0.25320983816131404, 
          0.0
        ], 
        [
          0.017819462414464547, 
          0.8803505338065593, 
          -0.4739888230599598, 
          0.0
        ], 
        [
          -22.236112020501032, 
          23.84908976232661, 
          76.0526400428943, 
          1.0
        ]
      ], 
      "projected_cuboid": [
        [
          354.2358942236369, 
          512.269333280129
        ], 
        [
          276.58163427261104, 
          512.0105946920917
        ], 
        [
          298.3675282283561, 
          367.0917377678467
        ], 
        [
          366.4800584443196, 
          371.7617039358048
        ], 
        [
          350.9619748162447, 
          515.6485607064975
        ], 
        [
          278.44114827545894, 
          515.5202155493433
        ], 
        [
          298.7130985246972, 
          378.912450512993
        ], 
        [
          362.84461201851434, 
          382.96904416380613
        ]
      ], 
      "projected_cuboid_centroid": [
        324.3667489687123, 
        440.5284194451363
      ], 
      "quaternion_xyzw": [
        0.9596890092953315, 
        0.02580857575308306, 
        0.13846383760932557, 
        0.24322550872664292
      ], 
      "visibility": 0.4193423597678917
    }, 
    {
      "bounding_box": {
        "bottom_right": [
          416, 
          289
        ], 
        "top_left": [
          337, 
          177
        ]
      }, 
      "class": "008_pudding_box", 
      "cuboid": [
        [
          -23.30690945373082, 
          15.699515531890285, 
          61.316122085316195
        ], 
        [
          -34.628035259604054, 
          15.925157578621382, 
          60.339614667517324
        ], 
        [
          -35.12400827364894, 
          7.840969750207575, 
          64.22173118123452
        ], 
        [
          -23.802882467775696, 
          7.615327703476478, 
          65.19823859903339
        ], 
        [
          -23.57140441690094, 
          17.37410450113776, 
          64.76952049090522
        ], 
        [
          -34.89253022277418, 
          17.59974654786886, 
          63.79301307310635
        ], 
        [
          -35.388503236819055, 
          9.51555871945505, 
          67.67512958682354
        ], 
        [
          -24.067377430945815, 
          9.289916672723955, 
          68.65163700462242
        ]
      ], 
      "cuboid_centroid": [
        -29.347706345274936, 
        12.60753712567267, 
        64.49562583606988
      ], 
      "location": [
        -29.347706345274936, 
        12.60753712567267, 
        64.49562583606988
      ], 
      "pose_transform_permuted": [
        [
          0.06875177713928847, 
          -0.4352860494343806, 
          -0.8976627558745649, 
          0.0
        ], 
        [
          0.9961044479531452, 
          -0.019853418312646337, 
          0.08591931571187603, 
          0.0
        ], 
        [
          0.055220394486843634, 
          0.9000732466269983, 
          -0.4322251397975381, 
          0.0
        ], 
        [
          -29.347706345274936, 
          12.60753712567267, 
          64.49562583606988, 
          1.0
        ]
      ], 
      "projected_cuboid": [
        [
          277.1872524863341, 
          409.8388637760529
        ], 
        [
          172.98204937362016, 
          414.0431279690294
        ], 
        [
          187.4843526686373, 
          338.40067679275654
        ], 
        [
          285.26762850910006, 
          335.5796839896767
        ], 
        [
          285.8899981056787, 
          416.3468864337572
        ], 
        [
          187.4591009896716, 
          420.42317631627293
        ], 
        [
          200.3909036757666, 
          348.2747033663214
        ], 
        [
          293.07178186103863, 
          345.4551664914622
        ]
      ], 
      "projected_cuboid_centroid": [
        236.8961258387695, 
        377.53928935047617
      ], 
      "quaternion_xyzw": [
        0.9738891685472619, 
        -0.01927165205859015, 
        0.039704490471406874, 
        0.22269248320267648
      ], 
      "visibility": 0.7241379310344828
    }, 
    {
      "bounding_box": {
        "bottom_right": [
          539, 
          289
        ], 
        "top_left": [
          356, 
          137
        ]
      }, 
      "class": "019_pitcher_base", 
      "cuboid": [
        [
          -45.3481885480561, 
          38.14587472589495, 
          73.72882449330608
        ], 
        [
          -26.74879724344874, 
          38.79974189524559, 
          76.79520260549496
        ], 
        [
          -27.806355535879625, 
          17.23355544095734, 
          87.80863948878942
        ], 
        [
          -46.405746840486984, 
          16.579688271606702, 
          84.74226137660054
        ], 
        [
          -43.213201710357794, 
          32.087610001612774, 
          62.07072040105647
        ], 
        [
          -24.613810405750435, 
          32.741477170963414, 
          65.13709851324535
        ], 
        [
          -25.67136869818132, 
          11.175290716675168, 
          76.15053539653981
        ], 
        [
          -44.27076000278868, 
          10.52142354732453, 
          73.08415728435092
        ]
      ], 
      "cuboid_centroid": [
        -35.50977862311871, 
        24.660582721285056, 
        74.93967994492294
      ], 
      "location": [
        -35.50977862311871, 
        24.660582721285056, 
        74.93967994492294
      ], 
      "pose_transform_permuted": [
        [
          -0.16039748716547922, 
          0.4551458684427925, 
          0.8758511146262487, 
          0.0
        ], 
        [
          -0.9860878629782627, 
          -0.03466621402480499, 
          -0.16257081698058753, 
          0.0
        ], 
        [
          0.04363098081233502, 
          0.8897418460210194, 
          -0.4543740584061362, 
          0.0
        ], 
        [
          -35.50977862311871, 
          24.660582721285056, 
          74.93967994492294, 
          1.0
        ]
      ], 
      "projected_cuboid": [
        [
          150.83601000623437, 
          549.2158254524442
        ], 
        [
          294.2866618151557, 
          542.7390750236353
        ], 
        [
          311.30337635003474, 
          377.95724758173156
        ], 
        [
          187.11187993824308, 
          377.62966376639787
        ], 
        [
          107.20951849304001, 
          548.9873946888616
        ], 
        [
          278.38842333751586, 
          541.3622023230856
        ], 
        [
          300.30959288955216, 
          351.55258503938387
        ], 
        [
          155.84628183878237, 
          350.0648908985277
        ]
      ], 
      "projected_cuboid_centroid": [
        226.78037868094253, 
        448.7873101670031
      ], 
      "quaternion_xyzw": [
        -0.08337137530360078, 
        0.2347844237158683, 
        0.9684628056391131, 
        0.002314174260315023
      ], 
      "visibility": 0.09524644969316298
    }, 
    {
      "bounding_box": {
        "bottom_right": [
          522, 
          346
        ], 
        "top_left": [
          334, 
          154
        ]
      }, 
      "class": "035_power_drill", 
      "cuboid": [
        [
          -13.522903892366866, 
          23.53490207502554, 
          49.94489018931223
        ], 
        [
          -31.953245757729608, 
          23.277175341141472, 
          49.563282213258084
        ], 
        [
          -31.871553100117072, 
          6.203126070164176, 
          57.149263252699946
        ], 
        [
          -13.441211234754336, 
          6.460852804048242, 
          57.5308712287541
        ], 
        [
          -13.66354899380317, 
          25.855790074208123, 
          55.17011521935046
        ], 
        [
          -32.09389085916591, 
          25.59806334032406, 
          54.7885072432963
        ], 
        [
          -32.012198201553375, 
          8.524014069346766, 
          62.37448828273817
        ], 
        [
          -13.581856336190635, 
          8.78174080323083, 
          62.75609625879232
        ]
      ], 
      "cuboid_centroid": [
        -22.767551046960122, 
        16.029458072186152, 
        56.1596892360252
      ], 
      "location": [
        -22.767551046960122, 
        16.029458072186152, 
        56.1596892360252
      ], 
      "pose_transform_permuted": [
        [
          0.024591743274266963, 
          -0.40580639681983216, 
          -0.9136286381589372, 
          0.0
        ], 
        [
          0.9996876703457419, 
          0.01397946061253427, 
          0.02069895346238148, 
          0.0
        ], 
        [
          -0.004372426080679024, 
          0.9138522422578804, 
          -0.4060235315358737, 
          0.0
        ], 
        [
          -22.767551046960122, 
          16.029458072186152, 
          56.1596892360252, 
          1.0
        ]
      ], 
      "projected_cuboid": [
        [
          335.99396331458377, 
          524.5960136264988
        ], 
        [
          134.90280160503767, 
          523.757711317459
        ], 
        [
          181.6916377049778, 
          331.17439902821314
        ], 
        [
          355.95670239893377, 
          333.1795875875216
        ], 
        [
          348.4132797377978, 
          523.2298112574133
        ], 
        [
          166.58684953483177, 
          522.4619427798676
        ], 
        [
          205.6026874473363, 
          346.1692782742656
        ], 
        [
          365.21262092654996, 
          347.9163289324608
        ]
      ], 
      "projected_cuboid_centroid": [
        263.58358124701607, 
        425.51002806502686
      ], 
      "quaternion_xyzw": [
        0.9781575219210042, 
        0.004690422115543315, 
        0.011575512052420252, 
        0.20748956843917954
      ], 
      "visibility": 0.866151503186869
    }, 
    {
      "bounding_box": {
        "bottom_right": [
          361, 
          215
        ], 
        "top_left": [
          303, 
          117
        ]
      }, 
      "class": "061_foam_brick", 
      "cuboid": [
        [
          -38.447190303939564, 
          3.0203331816198697, 
          58.64974573432759
        ], 
        [
          -30.691012667253514, 
          3.292122022040745, 
          59.29117730040242
        ], 
        [
          -30.642156737105154, 
          7.766618984272099, 
          56.804468354304646
        ], 
        [
          -38.3983343737912, 
          7.494830143851224, 
          56.16303678822982
        ], 
        [
          -38.91469298948278, 
          5.567339858817001, 
          63.22355537907934
        ], 
        [
          -31.15851535279673, 
          5.839128699237876, 
          63.86498694515418
        ], 
        [
          -31.109659422648367, 
          10.313625661469231, 
          61.37827799905641
        ], 
        [
          -38.86583705933442, 
          10.041836821048356, 
          60.73684643298157
        ]
      ], 
      "cuboid_centroid": [
        -34.778424863293964, 
        6.66697942154455, 
        60.014011866691995
      ], 
      "location": [
        -34.778424863293964, 
        6.66697942154455, 
        60.014011866691995
      ], 
      "pose_transform_permuted": [
        [
          0.0889464767524486, 
          -0.4845903076223198, 
          -0.8702073075031213, 
          0.0
        ], 
        [
          -0.9959906858424982, 
          -0.034901102869890566, 
          -0.08236787440170923, 
          0.0
        ], 
        [
          -0.00954347883722384, 
          -0.8740447052508076, 
          0.4857517629764328, 
          0.0
        ], 
        [
          -34.778424863293964, 
          6.66697942154455, 
          60.014011866691995, 
          1.0
        ]
      ], 
      "projected_cuboid": [
        [
          129.07183180382236, 
          300.7513259918748
        ], 
        [
          203.23318707328278, 
          302.898922563507
        ], 
        [
          191.5098664660857, 
          346.2049213294806
        ], 
        [
          113.93100700746085, 
          344.4568292769187
        ], 
        [
          150.59825814469136, 
          320.24959399866907
        ], 
        [
          219.23220836414697, 
          322.0475545089193
        ], 
        [
          209.03068258859946, 
          362.9022573869643
        ], 
        [
          137.47896088315056, 
          361.4621437660319
        ]
      ], 
      "projected_cuboid_centroid": [
        169.9600878902059, 
        332.5332134745984
      ], 
      "quaternion_xyzw": [
        -0.006555844907708281, 
        0.9669853538958626, 
        -0.25086783028547593, 
        0.044290833998662384
      ], 
      "visibility": 1.0
    }
  ]
}