{
  "camera_data": {
    "location_worldframe": [
      -23.247600278391943, 
      13.861945074795573, 
      75.6405716652908
    ], 
    "quaternion_xyzw_worldframe": [
      0.9305992934376994, 
      0.041883050063485375, 
      -0.11287068535403898, 
      -0.34568384976041805
    ]
  }, 
  "objects": [
    {
      "bounding_box": {
        "bottom_right": [
          539, 
          260
        ], 
        "top_left": [
          347, 
          22
        ]
      }, 
      "class": "003_cracker_box", 
      "cuboid": [
        [
          -35.03311204366695, 
          25.68606034875196, 
          55.66446672944737
        ], 
        [
          -51.0810735028407, 
          23.891741172203613, 
          58.549162100660936
        ], 
        [
          -46.762612119761634, 
          9.248911204586078, 
          73.46532678762698
        ], 
        [
          -30.714650660587882, 
          11.04323038113443, 
          70.58063141641341
        ], 
        [
          -34.71574118168051, 
          30.85052785441791, 
          60.642412957946156
        ], 
        [
          -50.763702640854255, 
          29.056208677869556, 
          63.527108329159724
        ], 
        [
          -46.445241257775194, 
          14.41337871025202, 
          78.44327301612576
        ], 
        [
          -30.397279798601435, 
          16.20769788680037, 
          75.55857764491219
        ]
      ], 
      "cuboid_centroid": [
        -40.73917665072107, 
        20.049719529501992, 
        67.05386987278656
      ], 
      "location": [
        -40.73917665072107, 
        20.049719529501992, 
        67.05386987278656
      ], 
      "pose_transform_permuted": [
        [
          -0.0442020709713421, 
          -0.719285185116912, 
          -0.6933072907399536, 
          0.0
        ], 
        [
          0.9783194409424711, 
          0.10938568977367902, 
          -0.17585744893733607, 
          0.0
        ], 
        [
          -0.20232955393578994, 
          0.6860492645168177, 
          -0.698855606159154, 
          0.0
        ], 
        [
          -40.73917665072107, 
          20.049719529501992, 
          67.05386987278656, 
          1.0
        ]
      ], 
      "projected_cuboid": [
        [
          143.1487160159923, 
          519.3839103875622
        ], 
        [
          12.42616490781829, 
          490.91447638448
        ], 
        [
          139.29613235052474, 
          340.4287625396405
        ], 
        [
          247.5777126000343, 
          356.73111626782236
        ], 
        [
          173.7452612755568, 
          544.6014453769868
        ], 
        [
          51.876696010228144, 
          517.2177589701645
        ], 
        [
          163.19399146534164, 
          371.28011767639833
        ], 
        [
          265.2541491431128, 
          387.68629179594166
        ]
      ], 
      "projected_cuboid_centroid": [
        154.87374409968018, 
        432.75396443211986
      ], 
      "quaternion_xyzw": [
        0.9161981221601638, 
        0.08505672413258256, 
        -0.06004692505531264, 
        0.3869634626439879
      ], 
      "visibility": 0.34394219881524557
    }, 
    {
      "bounding_box": {
        "bottom_right": [
          539, 
          306
        ], 
        "top_left": [
          410, 
          196
        ]
      }, 
      "class": "006_mustard_bottle", 
      "cuboid": [
        [
          -29.291119305100022, 
          34.246277325646076, 
          63.77541806613994
        ], 
        [
          -38.37039279290567, 
          31.125451075794015, 
          63.95791261967319
        ], 
        [
          -33.84523588803487, 
          18.772783385770154, 
          77.84658755684885
        ], 
        [
          -24.76596240022922, 
          21.89360963562222, 
          77.6640930033156
        ], 
        [
          -30.59406398049826, 
          38.27102136174887, 
          67.77956928729562
        ], 
        [
          -39.67333746830391, 
          35.15019511189681, 
          67.96206384082886
        ], 
        [
          -35.14818056343311, 
          22.797527421872942, 
          81.85073877800451
        ], 
        [
          -26.068907075627457, 
          25.918353671725008, 
          81.66824422447128
        ]
      ], 
      "cuboid_centroid": [
        -32.21964993426656, 
        28.52190237375951, 
        72.81307842207224
      ], 
      "location": [
        -32.21964993426656, 
        28.52190237375951, 
        72.81307842207224
      ], 
      "pose_transform_permuted": [
        [
          0.2236853236585253, 
          -0.6909550262241225, 
          -0.6874197184221411, 
          0.0
        ], 
        [
          0.9455212917894761, 
          0.325004822376356, 
          -0.019005098396148837, 
          0.0
        ], 
        [
          -0.23654642922287097, 
          0.6457189208857499, 
          -0.7260116128768545, 
          0.0
        ], 
        [
          -32.21964993426656, 
          28.52190237375951, 
          72.81307842207224, 
          1.0
        ]
      ], 
      "projected_cuboid": [
        [
          234.6098994055822, 
          559.6697699899755
        ], 
        [
          158.97527378113003, 
          532.8292890475527
        ], 
        [
          247.79427045832554, 
          401.897095290062
        ], 
        [
          310.11185720221084, 
          423.63002766183786
        ], 
        [
          238.8633524229612, 
          574.4198348554183
        ], 
        [
          167.67350421512634, 
          549.1211190113188
        ], 
        [
          250.67151996842978, 
          421.8297033026664
        ], 
        [
          309.9401375437011, 
          442.54162247540086
        ]
      ], 
      "projected_cuboid_centroid": [
        243.63750500563978, 
        482.19528644894183
      ], 
      "quaternion_xyzw": [
        0.9053535125984445, 
        0.1550640837487683, 
        0.056519420981459, 
        0.39127440811328984
      ], 
      "visibility": 0.7874012677703033
    }, 
    {
      "bounding_box": {
        "bottom_right": [
          420, 
          233
        ], 
        "top_left": [
          334, 
          104
        ]
      }, 
      "class": "008_pudding_box", 
      "cuboid": [
        [
          -34.020215246509665, 
          15.560774616600522, 
          62.15953323367781
        ], 
        [
          -45.161267707172414, 
          13.93218137055325, 
          63.707759538314214
        ], 
        [
          -43.38675249559021, 
          7.790147625014142, 
          70.01627980334726
        ], 
        [
          -32.24570003492747, 
          9.418740871061413, 
          68.46805349871086
        ], 
        [
          -34.049034142477396, 
          18.31308195713351, 
          64.84730928902096
        ], 
        [
          -45.19008660314014, 
          16.68448871108624, 
          66.39553559365736
        ], 
        [
          -43.41557139155794, 
          10.54245496554713, 
          72.70405585869041
        ], 
        [
          -32.27451893089519, 
          12.171048211594401, 
          71.15582955405401
        ]
      ], 
      "cuboid_centroid": [
        -38.717893319033806, 
        13.051614791073826, 
        67.43179454618411
      ], 
      "location": [
        -38.717893319033806, 
        13.051614791073826, 
        67.43179454618411
      ], 
      "pose_transform_permuted": [
        [
          0.007491070110469783, 
          -0.7154239106377392, 
          -0.698649902979113, 
          0.0
        ], 
        [
          0.9802604530009013, 
          0.14329396246551196, 
          -0.1362227692661368, 
          0.0
        ], 
        [
          -0.19757008391913777, 
          0.6838386702012921, 
          -0.702374862741729, 
          0.0
        ], 
        [
          -38.717893319033806, 
          13.051614791073826, 
          67.43179454618411, 
          1.0
        ]
      ], 
      "projected_cuboid": [
        [
          187.27620330888578, 
          406.79567810234647
        ], 
        [
          100.38597411202677, 
          389.9176236616596
        ], 
        [
          148.3626497852289, 
          332.62471327271385
        ], 
        [
          228.33184068435958, 
          346.6521252687397
        ], 
        [
          199.23615691229466, 
          423.897648034247
        ], 
        [
          115.58447019852555, 
          407.30405113589217
        ], 
        [
          160.46873819249052, 
          350.6205686819261
        ], 
        [
          237.6806523769083, 
          364.5096801982295
        ]
      ], 
      "projected_cuboid_centroid": [
        172.8244787598868, 
        376.5120535847382
      ], 
      "quaternion_xyzw": [
        0.9168899915176993, 
        0.09294027896967993, 
        -0.03510009388983009, 
        0.38657821180723945
      ], 
      "visibility": 0.48372350741099873
    }, 
    {
      "bounding_box": {
        "bottom_right": [
          539, 
          241
        ], 
        "top_left": [
          379, 
          40
        ]
      }, 
      "class": "019_pitcher_base", 
      "cuboid": [
        [
          -57.79281621797425, 
          37.86415701202251, 
          71.16838475961069
        ], 
        [
          -39.456583862214245, 
          42.01136343013441, 
          69.63514119607613
        ], 
        [
          -34.35911396751822, 
          25.89694631233511, 
          87.00914422737465
        ], 
        [
          -52.69534632327824, 
          21.749739894223215, 
          88.54238779090919
        ], 
        [
          -56.41436698304519, 
          28.361583096424514, 
          61.95029938477965
        ], 
        [
          -38.07813462728517, 
          32.50878951453641, 
          60.4170558212451
        ], 
        [
          -32.980664732589155, 
          16.39437239673712, 
          77.7910588525436
        ], 
        [
          -51.316897088349165, 
          12.24716597862522, 
          79.32430241607817
        ]
      ], 
      "cuboid_centroid": [
        -45.386740475281705, 
        27.129264704379814, 
        74.47972180607715
      ], 
      "location": [
        -45.386740475281705, 
        27.129264704379814, 
        74.47972180607715
      ], 
      "pose_transform_permuted": [
        [
          -0.10356026068346358, 
          0.7139102456057069, 
          0.6925371643947766, 
          0.0
        ], 
        [
          -0.9721359093232953, 
          -0.219873319894757, 
          0.08128829832277581, 
          0.0
        ], 
        [
          -0.21030293342574619, 
          0.6648218155923686, 
          -0.7167877159277996, 
          0.0
        ], 
        [
          -45.386740475281705, 
          27.129264704379814, 
          74.47972180607715, 
          1.0
        ]
      ], 
      "projected_cuboid": [
        [
          44.90179834758939, 
          557.0318625801033
        ], 
        [
          176.8898379049175, 
          595.0419397536843
        ], 
        [
          269.2389848987903, 
          432.02098750788844
        ], 
        [
          161.55079672133203, 
          404.29229131463035
        ], 
        [
          -8.111890404665493, 
          517.4465795836736
        ], 
        [
          142.6687583687868, 
          560.2514328711735
        ], 
        [
          253.60409614350542, 
          385.6830007877064
        ], 
        [
          133.7039276469651, 
          355.6276775289081
        ]
      ], 
      "projected_cuboid_centroid": [
        153.89235535298948, 
        467.5483825886334
      ], 
      "quaternion_xyzw": [
        -0.006102942975342783, 
        0.39203856098419354, 
        0.9123451771821948, 
        -0.11787650772954032
      ], 
      "visibility": 0.06625584204735926
    }, 
    {
      "bounding_box": {
        "bottom_right": [
          503, 
          258
        ], 
        "top_left": [
          321, 
          28
        ]
      }, 
      "class": "035_power_drill", 
      "cuboid": [
        [
          -27.99203485739244, 
          20.00434179342325, 
          46.98246091834786
        ], 
        [
          -45.8070813296592, 
          17.209117712434203, 
          50.81656974817048
        ], 
        [
          -41.06828876809024, 
          4.165133825060496, 
          63.325577300058576
        ], 
        [
          -23.25324229582348, 
          6.960357906049541, 
          59.49146847023595
        ], 
        [
          -27.742204965630375, 
          24.006135578706477, 
          51.060758392674174
        ], 
        [
          -45.557251437897136, 
          21.210911497717433, 
          54.8948672224968
        ], 
        [
          -40.81845887632817, 
          8.166927610343725, 
          67.4038747743849
        ], 
        [
          -23.003412404061415, 
          10.962151691332771, 
          63.56976594456227
        ]
      ], 
      "cuboid_centroid": [
        -34.40524686686031, 
        14.085634701883487, 
        57.19316784636638
      ], 
      "location": [
        -34.40524686686031, 
        14.085634701883487, 
        57.19316784636638
      ], 
      "pose_transform_permuted": [
        [
          -0.04368266294175322, 
          -0.6997121435389111, 
          -0.7130887848955533, 
          0.0
        ], 
        [
          0.9663131826345516, 
          0.15161688643821905, 
          -0.20796745670468758, 
          0.0
        ], 
        [
          -0.25363381229934123, 
          0.6981515476656363, 
          -0.6695180749621543, 
          0.0
        ], 
        [
          -34.40524686686031, 
          14.085634701883487, 
          57.19316784636638, 
          1.0
        ]
      ], 
      "projected_cuboid": [
        [
          161.1985876659028, 
          500.3650480965834
        ], 
        [
          -3.154267392156316, 
          453.8961212457407
        ], 
        [
          132.84307560813687, 
          308.3647406626013
        ], 
        [
          271.4029467153376, 
          335.68363915626196
        ], 
        [
          189.42045293752724, 
          524.0259046380536
        ], 
        [
          35.30669962592893, 
          479.3567053942238
        ], 
        [
          155.93777249973166, 
          337.905707777185
        ], 
        [
          287.00130027414565, 
          365.25368751882553
        ]
      ], 
      "projected_cuboid_centroid": [
        158.09857292616752, 
        404.6334297655871
      ], 
      "quaternion_xyzw": [
        0.9189060772456211, 
        0.11025356910041359, 
        -0.06846459226843687, 
        0.37251636821395023
      ], 
      "visibility": 0.8989804828727697
    }, 
    {
      "bounding_box": {
        "bottom_right": [
          349, 
          174
        ], 
        "top_left": [
          283, 
          79
        ]
      }, 
      "class": "061_foam_brick", 
      "cuboid": [
        [
          -46.53799926480006, 
          0.8990781409049721, 
          67.20334948153767
        ], 
        [
          -38.995187892622866, 
          2.3989292972956204, 
          65.97858898577071
        ], 
        [
          -40.25040154074067, 
          5.647522981327597, 
          62.22648169477046
        ], 
        [
          -47.793212912917866, 
          4.14767182493695, 
          63.451242190537414
        ], 
        [
          -46.75538664211217, 
          4.833068475819956, 
          70.68214226267338
        ], 
        [
          -39.21257526993497, 
          6.332919632210604, 
          69.45738176690644
        ], 
        [
          -40.46778891805278, 
          9.581513316242582, 
          65.70527447590618
        ], 
        [
          -48.01060029022997, 
          8.081662159851932, 
          66.93003497167314
        ]
      ], 
      "cuboid_centroid": [
        -43.50289409142642, 
        5.240295728573777, 
        66.45431197872192
      ], 
      "location": [
        -43.50289409142642, 
        5.240295728573777, 
        66.45431197872192
      ], 
      "pose_transform_permuted": [
        [
          0.04135985075658, 
          -0.7484760851422521, 
          -0.6618707673825165, 
          0.0
        ], 
        [
          -0.9685917759569549, 
          -0.19259973815574594, 
          0.15727464007553754, 
          0.0
        ], 
        [
          0.24519244338671028, 
          -0.6345777263917054, 
          0.7329336769951212, 
          0.0
        ], 
        [
          -43.50289409142642, 
          5.240295728573777, 
          66.45431197872192, 
          1.0
        ]
      ], 
      "projected_cuboid": [
        [
          109.19804941119529, 
          280.42153918368126
        ], 
        [
          163.76352279808705, 
          292.6776160956803
        ], 
        [
          133.75131175462883, 
          321.6893163535929
        ], 
        [
          76.53848688562152, 
          308.1484970611893
        ], 
        [
          125.8726418081955, 
          309.7535999924164
        ], 
        [
          177.9992154185999, 
          321.9130478294662
        ], 
        [
          150.38894410458664, 
          351.05820439219025
        ], 
        [
          95.84539092164644, 
          337.68376556762166
        ]
      ], 
      "projected_cuboid_centroid": [
        129.56135587808043, 
        315.3417824108916
      ], 
      "quaternion_xyzw": [
        -0.1211417197272023, 
        0.9034711215267448, 
        -0.409921724900844, 
        -0.03207484626710511
      ], 
      "visibility": 0.955077211043519
    }
  ]
}