{
  "camera_data": {
    "location_worldframe": [
      -12.95380231857618, 
      -1.8654417390449665, 
      70.07076338982382
    ], 
    "quaternion_xyzw_worldframe": [
      -0.8335854838311707, 
      -0.0719483791161528, 
      -0.13458879095065637, 
      0.5308944615527474
    ]
  }, 
  "objects": [
    {
      "bounding_box": {
        "bottom_right": [
          487, 
          342
        ], 
        "top_left": [
          272, 
          170
        ]
      }, 
      "class": "003_cracker_box", 
      "cuboid": [
        [
          -13.882208625730646, 
          19.148275405592127, 
          54.73082048690959
        ], 
        [
          -29.556142798945768, 
          20.26863848257338, 
          50.02436855401869
        ], 
        [
          -33.1058261658793, 
          0.4579544646127559, 
          57.13000672954032
        ], 
        [
          -17.431891992664177, 
          -0.662408612368498, 
          61.83645866243121
        ], 
        [
          -15.631040830964087, 
          21.774887231960907, 
          61.1802308294495
        ], 
        [
          -31.30497500417921, 
          22.89525030894216, 
          56.4737788965586
        ], 
        [
          -34.85465837111274, 
          3.084566290981536, 
          63.579417072080226
        ], 
        [
          -19.180724197897618, 
          1.9642032140002819, 
          68.28586900497112
        ]
      ], 
      "cuboid_centroid": [
        -24.368433498421695, 
        11.11642084828683, 
        59.155118779494906
      ], 
      "location": [
        -24.368433498421695, 
        11.11642084828683, 
        59.155118779494906
      ], 
      "pose_transform_permuted": [
        [
          0.24356995084192126, 
          -0.3658233828922738, 
          -0.8982465872888785, 
          0.0
        ], 
        [
          0.9555179052940225, 
          -0.06829982623732692, 
          0.2869157827629465, 
          0.0
        ], 
        [
          0.1663105880856281, 
          0.9281747606271158, 
          -0.33291500720966105, 
          0.0
        ], 
        [
          -24.368433498421695, 
          11.11642084828683, 
          59.155118779494906, 
          1.0
        ]
      ], 
      "projected_cuboid": [
        [
          345.1958198539816, 
          459.8751943711052
        ], 
        [
          163.86731932645617, 
          489.374459517114
        ], 
        [
          169.97235361622907, 
          277.56163084699153
        ], 
        [
          329.99970277474506, 
          267.57347658240053
        ], 
        [
          344.20282906720047, 
          463.1023269169373
        ], 
        [
          183.4996252003642, 
          489.50166631080845
        ], 
        [
          186.79126575960962, 
          299.1606287536899
        ], 
        [
          330.5452708352142, 
          288.62716488738846
        ]
      ], 
      "projected_cuboid_centroid": [
        260.06988807769386, 
        373.50787225451273
      ], 
      "quaternion_xyzw": [
        0.9723604338425665, 
        -0.06031981715767253, 
        0.13639122776430193, 
        0.17965004688144956
      ], 
      "visibility": 0.45767447572845343
    }, 
    {
      "bounding_box": {
        "bottom_right": [
          457, 
          374
        ], 
        "top_left": [
          309, 
          297
        ]
      }, 
      "class": "006_mustard_bottle", 
      "cuboid": [
        [
          -12.07325742656952, 
          22.31179543926434, 
          67.33049293588795
        ], 
        [
          -20.375525756651506, 
          21.621668516767706, 
          62.55533501008396
        ], 
        [
          -23.176147149836982, 
          4.199103439492191, 
          69.9425862935129
        ], 
        [
          -14.873878819754996, 
          4.889230361988826, 
          74.7177442193169
        ], 
        [
          -14.873017906341254, 
          24.680644319074762, 
          71.85590480948633
        ], 
        [
          -23.17528623642324, 
          23.990517396578127, 
          67.08074688368235
        ], 
        [
          -25.97590762960872, 
          6.567952319302614, 
          74.4679981671113
        ], 
        [
          -17.67363929952673, 
          7.2580792417992495, 
          79.24315609291529
        ]
      ], 
      "cuboid_centroid": [
        -19.02458252808912, 
        14.439873879283477, 
        70.89924555149962
      ], 
      "location": [
        -19.02458252808912, 
        14.439873879283477, 
        70.89924555149962
      ], 
      "pose_transform_permuted": [
        [
          0.4806538150920895, 
          -0.4066763066640375, 
          -0.7769080596799666, 
          0.0
        ], 
        [
          0.864603482512698, 
          0.07187025483196707, 
          0.49728797095594063, 
          0.0
        ], 
        [
          0.146398678341988, 
          0.9107409187284925, 
          -0.38615852435664405, 
          0.0
        ], 
        [
          -19.02458252808912, 
          14.439873879283477, 
          70.89924555149962, 
          1.0
        ]
      ], 
      "projected_cuboid": [
        [
          385.16879212642147, 
          450.0165294698213
        ], 
        [
          306.43655570275905, 
          457.6234812488381
        ], 
        [
          303.4038013159574, 
          305.30514373679904
        ], 
        [
          374.54569973696164, 
          308.18483859165985
        ], 
        [
          370.2885567742102, 
          456.4680172981708
        ], 
        [
          295.80851396820765, 
          464.0210383022045
        ], 
        [
          294.0143651559598, 
          320.32442914856273
        ], 
        [
          361.6593010001381, 
          322.13461504844133
        ]
      ], 
      "projected_cuboid_centroid": [
        337.2974244711077, 
        381.90641762104985
      ], 
      "quaternion_xyzw": [
        0.9423710072101588, 
        -0.01977151857914711, 
        0.25943651135426393, 
        0.2103298024224632
      ], 
      "visibility": 0.042760518170354235
    }, 
    {
      "bounding_box": {
        "bottom_right": [
          359, 
          320
        ], 
        "top_left": [
          266, 
          204
        ]
      }, 
      "class": "008_pudding_box", 
      "cuboid": [
        [
          -16.36311846189348, 
          7.382850335823174, 
          55.804805711226436
        ], 
        [
          -27.055217035252216, 
          7.99300041150375, 
          51.99966240703861
        ], 
        [
          -28.600499887255097, 
          -0.3277927273859581, 
          55.0075542184112
        ], 
        [
          -17.908401313896366, 
          -0.937942803066534, 
          58.812697522599024
        ], 
        [
          -17.487184591166642, 
          8.816486317049655, 
          59.193216778311744
        ], 
        [
          -28.179283164525376, 
          9.42663639273023, 
          55.38807347412392
        ], 
        [
          -29.724566016528257, 
          1.1058432538405236, 
          58.39596528549651
        ], 
        [
          -19.032467443169523, 
          0.49569317815994773, 
          62.20110858968433
        ]
      ], 
      "cuboid_centroid": [
        -23.04384223921087, 
        4.2443467948318485, 
        57.100385498361476
      ], 
      "location": [
        -23.04384223921087, 
        4.2443467948318485, 
        57.100385498361476
      ], 
      "pose_transform_permuted": [
        [
          0.29218531454568525, 
          -0.37265368042851005, 
          -0.8807702035169248, 
          0.0
        ], 
        [
          0.9407586426917732, 
          -0.05368487328257282, 
          0.33480064044816554, 
          0.0
        ], 
        [
          0.17204792653019824, 
          0.9264162899220496, 
          -0.33489114870010234, 
          0.0
        ], 
        [
          -23.04384223921087, 
          4.2443467948318485, 
          57.100385498361476, 
          1.0
        ]
      ], 
      "projected_cuboid": [
        [
          323.9135825984959, 
          343.84351983154966
        ], 
        [
          201.80059460929778, 
          355.2644480375006
        ], 
        [
          201.99329558359875, 
          270.1084602933802
        ], 
        [
          317.848520760343, 
          264.7811762850498
        ], 
        [
          322.72787499488476, 
          352.72139662837793
        ], 
        [
          208.00379199766192, 
          364.05354748981847
        ], 
        [
          207.8657938106709, 
          283.3860005094968
        ], 
        [
          317.0505458417814, 
          277.53666929181014
        ]
      ], 
      "projected_cuboid_centroid": [
        264.5731544528144, 
        312.9288844156544
      ], 
      "quaternion_xyzw": [
        0.9679805184158857, 
        -0.05829993360356727, 
        0.1619314498239909, 
        0.18273736290853246
      ], 
      "visibility": 0.8186176588094287
    }, 
    {
      "bounding_box": {
        "bottom_right": [
          504, 
          309
        ], 
        "top_left": [
          296, 
          132
        ]
      }, 
      "class": "019_pitcher_base", 
      "cuboid": [
        [
          -40.64353136069633, 
          29.505067466880995, 
          63.854636835942415
        ], 
        [
          -23.442376394966658, 
          29.421168731898785, 
          71.59290555389163
        ], 
        [
          -27.476143397218383, 
          7.170040152293784, 
          80.31819181915289
        ], 
        [
          -44.67729836294805, 
          7.253938887276004, 
          72.57992310120368
        ], 
        [
          -35.65180570858538, 
          24.22667729434962, 
          52.70145776031848
        ], 
        [
          -18.450650742855707, 
          24.142778559367397, 
          60.439726478267694
        ], 
        [
          -22.484417745107432, 
          1.8916499797624025, 
          69.16501274352895
        ], 
        [
          -39.6855727108371, 
          1.9755487147446211, 
          61.42674402557974
        ]
      ], 
      "cuboid_centroid": [
        -31.56397455290188, 
        15.6983587233217, 
        66.50982478973569
      ], 
      "location": [
        -31.56397455290188, 
        15.6983587233217, 
        66.50982478973569
      ], 
      "pose_transform_permuted": [
        [
          -0.3750188231048953, 
          0.396555381515019, 
          0.8379170616177253, 
          0.0
        ], 
        [
          -0.9119572712421286, 
          0.004448076978987143, 
          -0.41026142943419136, 
          0.0
        ], 
        [
          0.16641844892741714, 
          0.9180000488464757, 
          -0.35997334647784884, 
          0.0
        ], 
        [
          -31.56397455290188, 
          15.6983587233217, 
          66.50982478973569, 
          1.0
        ]
      ], 
      "projected_cuboid": [
        [
          139.30980843151767, 
          519.7154750577203
        ], 
        [
          305.5116536542921, 
          492.45469889219555
        ], 
        [
          297.63275251265304, 
          320.8962106935871
        ], 
        [
          150.57104362221034, 
          326.58871161858036
        ], 
        [
          117.80716468843225, 
          518.4517001104591
        ], 
        [
          317.4319304901973, 
          486.3221909886479
        ], 
        [
          306.7787564106236, 
          287.8727274245505
        ], 
        [
          134.16740520296938, 
          290.43865688005616
        ]
      ], 
      "projected_cuboid_centroid": [
        226.3871083472726, 
        399.16631825842535
      ], 
      "quaternion_xyzw": [
        -0.20501585748872725, 
        0.19750959658392006, 
        0.957584771927051, 
        0.04460872053200866
      ], 
      "visibility": 0.18472549749700054
    }, 
    {
      "bounding_box": {
        "bottom_right": [
          462, 
          430
        ], 
        "top_left": [
          258, 
          218
        ]
      }, 
      "class": "035_power_drill", 
      "cuboid": [
        [
          -3.9256360623760282, 
          15.724166313733793, 
          47.92088994318631
        ], 
        [
          -21.646625269108615, 
          16.00901617800505, 
          42.84398625288639
        ], 
        [
          -23.661872063917247, 
          -1.5530613639365698, 
          48.89288311890112
        ], 
        [
          -5.9408828571846595, 
          -1.837911228207828, 
          53.96978680920104
        ], 
        [
          -5.377433081600122, 
          17.67383777749732, 
          53.09779494156168
        ], 
        [
          -23.09842228833271, 
          17.958687641768574, 
          48.020891251261766
        ], 
        [
          -25.113669083141342, 
          0.39661009982695505, 
          54.069788117276495
        ], 
        [
          -7.392679876408753, 
          0.11176023555569681, 
          59.14669180757641
        ]
      ], 
      "cuboid_centroid": [
        -14.519652572758684, 
        8.060388206780374, 
        50.9953390302314
      ], 
      "location": [
        -14.519652572758684, 
        8.060388206780374, 
        50.9953390302314
      ], 
      "pose_transform_permuted": [
        [
          0.2538461646975633, 
          -0.3408993247287156, 
          -0.9051798987323791, 
          0.0
        ], 
        [
          0.9612113842334236, 
          -0.01545065736120732, 
          0.27537839828484023, 
          0.0
        ], 
        [
          0.10786180670506298, 
          0.939972919469705, 
          -0.3237543640916192, 
          0.0
        ], 
        [
          -14.519652572758684, 
          8.060388206780374, 
          50.9953390302314, 
          1.0
        ]
      ], 
      "projected_cuboid": [
        [
          437.54392602300936, 
          448.28340957744456
        ], 
        [
          209.89554934646551, 
          472.5658903889992
        ], 
        [
          221.34439879741078, 
          256.345871233688
        ], 
        [
          422.4011147854857, 
          255.12463466322063
        ], 
        [
          427.1354851050875, 
          450.8043389918755
        ], 
        [
          222.9283927873133, 
          472.73556022666804
        ], 
        [
          231.82306297102508, 
          277.19851804435683
        ], 
        [
          414.38253670711833, 
          274.2942684295825
        ]
      ], 
      "projected_cuboid_centroid": [
        328.4821599081703, 
        357.58371024043925
      ], 
      "quaternion_xyzw": [
        0.9754952847701914, 
        -0.03160252693976896, 
        0.1356297081197781, 
        0.17033749398822431
      ], 
      "visibility": 0.9182129259241409
    }, 
    {
      "bounding_box": {
        "bottom_right": [
          295, 
          240
        ], 
        "top_left": [
          225, 
          140
        ]
      }, 
      "class": "061_foam_brick", 
      "cuboid": [
        [
          -30.43091196661522, 
          -4.64877877206559, 
          48.42670255283705
        ], 
        [
          -23.09479733572645, 
          -4.639706175634531, 
          51.03916020225782
        ], 
        [
          -22.37116912021551, 
          -0.004113421089791888, 
          48.991021200808035
        ], 
        [
          -29.70728375110428, 
          -0.013186017520850496, 
          46.378563551387266
        ], 
        [
          -32.030001278600565, 
          -2.418569355544863, 
          52.909404391221756
        ], 
        [
          -24.69388664771179, 
          -2.4094967591138046, 
          55.521862040642525
        ], 
        [
          -23.970258432200843, 
          2.226095995430935, 
          53.473723039192734
        ], 
        [
          -31.306373063089616, 
          2.217023398999877, 
          50.86126538977197
        ]
      ], 
      "cuboid_centroid": [
        -27.200585199408035, 
        -1.2113413883173276, 
        50.950212796014895
      ], 
      "location": [
        -27.200585199408035, 
        -1.2113413883173276, 
        50.950212796014895
      ], 
      "pose_transform_permuted": [
        [
          0.30424073425016884, 
          -0.42431685668106606, 
          -0.8528732501135312, 
          0.0
        ], 
        [
          -0.9420493166734634, 
          -0.0011650354033927446, 
          -0.3354723947623261, 
          0.0
        ], 
        [
          -0.14135296451783097, 
          -0.9055130301816803, 
          0.4000818561159857, 
          0.0
        ], 
        [
          -27.200585199408035, 
          -1.2113413883173276, 
          50.950212796014895, 
          1.0
        ]
      ], 
      "projected_cuboid": [
        [
          143.67091218879202, 
          222.08989178674946
        ], 
        [
          238.26330426149565, 
          224.80521199918425
        ], 
        [
          236.03350470078888, 
          273.2417590001599
        ], 
        [
          137.13818452763942, 
          273.13490841748563
        ], 
        [
          156.04847566900776, 
          248.90768859896718
        ], 
        [
          242.42130641103174, 
          250.14192863310066
        ], 
        [
          240.53768983345137, 
          295.4884816821203
        ], 
        [
          150.5899493747376, 
          296.53373771141025
        ]
      ], 
      "projected_cuboid_centroid": [
        194.50315562031238, 
        260.6068640636478
      ], 
      "quaternion_xyzw": [
        0.03643797215264488, 
        0.9618258154375815, 
        -0.21427962827707853, 
        0.16627572236701144
      ], 
      "visibility": 0.990493435943866
    }
  ]
}