{
  "camera_data": {
    "location_worldframe": [
      -19.57808707167334, 
      13.662015832621922, 
      70.98775512920908
    ], 
    "quaternion_xyzw_worldframe": [
      0.9011649872055048, 
      0.014241118745559209, 
      -0.04443620316622707, 
      -0.4309603403222971
    ]
  }, 
  "objects": [
    {
      "bounding_box": {
        "bottom_right": [
          539, 
          276
        ], 
        "top_left": [
          380, 
          63
        ]
      }, 
      "class": "003_cracker_box", 
      "cuboid": [
        [
          -27.89477821870937, 
          30.104275232502975, 
          52.59650448783141
        ], 
        [
          -44.25521147816329, 
          29.831635183219408, 
          53.754091052040344
        ], 
        [
          -43.09513533364863, 
          12.42407151952638, 
          66.04980159595758
        ], 
        [
          -26.73470207419471, 
          12.696711568809945, 
          64.89221503174865
        ], 
        [
          -27.550281599480265, 
          34.257194709548585, 
          58.44346775361798
        ], 
        [
          -43.91071485893418, 
          33.98455466026502, 
          59.60105431782692
        ], 
        [
          -42.75063871441952, 
          16.576990996571997, 
          71.89676486174416
        ], 
        [
          -26.390205454965603, 
          16.849631045855563, 
          70.73917829753522
        ]
      ], 
      "cuboid_centroid": [
        -35.32270846656444, 
        23.340633114537486, 
        62.246634674787785
      ], 
      "location": [
        -35.32270846656444, 
        23.340633114537486, 
        62.246634674787785
      ], 
      "pose_transform_permuted": [
        [
          -0.0479800316804212, 
          -0.5784010551998242, 
          -0.8143403071834745, 
          0.0
        ], 
        [
          0.9973684172089003, 
          0.016620744090904416, 
          -0.07056905284951404, 
          0.0
        ], 
        [
          -0.05435215648121622, 
          0.8155832086363686, 
          -0.5760814811085726, 
          0.0
        ], 
        [
          -35.32270846656444, 
          23.340633114537486, 
          62.246634674787785, 
          1.0
        ]
      ], 
      "projected_cuboid": [
        [
          196.39165179116242, 
          578.5387534092191
        ], 
        [
          38.86127226957889, 
          569.2602011920301
        ], 
        [
          130.7252637920022, 
          373.60479002729505
        ], 
        [
          260.0456735159108, 
          377.63503214532
        ], 
        [
          228.09482676652237, 
          585.8968861580831
        ], 
        [
          85.40269437053296, 
          577.3856639636477
        ], 
        [
          161.8364333569894, 
          396.2522089059105
        ], 
        [
          280.9769423438831, 
          400.31993619488867
        ]
      ], 
      "projected_cuboid_centroid": [
        176.4354852651492, 
        473.2654892714344
      ], 
      "quaternion_xyzw": [
        0.9522725362296163, 
        0.018632507468168576, 
        -0.031122677600078905, 
        0.30308616818862627
      ], 
      "visibility": 0.16156950363201678
    }, 
    {
      "bounding_box": {
        "bottom_right": [
          539, 
          331
        ], 
        "top_left": [
          420, 
          233
        ]
      }, 
      "class": "006_mustard_bottle", 
      "cuboid": [
        [
          -22.151229872629898, 
          36.3692416279141, 
          62.58633532987302
        ], 
        [
          -31.48021123238594, 
          34.4061434236851, 
          61.43637009557993
        ], 
        [
          -29.76529173723952, 
          19.388092859109747, 
          73.1614689842638
        ], 
        [
          -20.436310377483476, 
          21.35119106333875, 
          74.31143421855691
        ], 
        [
          -23.428740550234213, 
          39.77521104689756, 
          67.13570838236416
        ], 
        [
          -32.75772190999026, 
          37.812112842668554, 
          65.98574314807107
        ], 
        [
          -31.04280241484384, 
          22.794062278093204, 
          77.71084203675494
        ], 
        [
          -21.713821055087795, 
          24.757160482322206, 
          78.86080727104805
        ]
      ], 
      "cuboid_centroid": [
        -26.59701614373687, 
        29.58165195300365, 
        70.14858868331399
      ], 
      "location": [
        -26.59701614373687, 
        29.58165195300365, 
        70.14858868331399
      ], 
      "pose_transform_permuted": [
        [
          0.21931889725847475, 
          -0.5847258032068726, 
          -0.7810216372992349, 
          0.0
        ], 
        [
          0.971526027738189, 
          0.2044382904056365, 
          0.11975810788188768, 
          0.0
        ], 
        [
          -0.08964508668084657, 
          0.7850481894042185, 
          -0.6129136144246938, 
          0.0
        ], 
        [
          -26.59701614373687, 
          29.58165195300365, 
          70.14858868331399, 
          1.0
        ]
      ], 
      "projected_cuboid": [
        [
          291.26583604024233, 
          583.2012930636315
        ], 
        [
          206.0449027173875, 
          571.9609232144674
        ], 
        [
          262.8111002200648, 
          414.6184404932327
        ], 
        [
          333.7071448444093, 
          426.52013437007497
        ], 
        [
          293.93041666728817, 
          589.2569728990198
        ], 
        [
          214.63145942607477, 
          578.8971032033835
        ], 
        [
          266.77888268404683, 
          429.71927599217656
        ], 
        [
          333.52717155807574, 
          440.71417365795446
        ]
      ], 
      "projected_cuboid_centroid": [
        277.7024714740973, 
        498.18734618319024
      ], 
      "quaternion_xyzw": [
        0.9404248846188676, 
        0.07817832713073841, 
        0.09013931114705202, 
        0.31837721364554855
      ], 
      "visibility": 0.5809884700352714
    }, 
    {
      "bounding_box": {
        "bottom_right": [
          457, 
          245
        ], 
        "top_left": [
          370, 
          112
        ]
      }, 
      "class": "008_pudding_box", 
      "cuboid": [
        [
          -28.646104296524204, 
          18.96675900863784, 
          57.192732279201216
        ], 
        [
          -39.997473260178815, 
          18.481403462191604, 
          57.48121664132647
        ], 
        [
          -39.552791161806546, 
          11.175288189338774, 
          62.68639177315289
        ], 
        [
          -28.20142219815193, 
          11.660643735785012, 
          62.39790741102765
        ], 
        [
          -28.661879681867354, 
          21.19835596131062, 
          60.32640305438348
        ], 
        [
          -40.01324864552196, 
          20.713000414864382, 
          60.61488741650872
        ], 
        [
          -39.56856654714969, 
          13.406885142011554, 
          65.82006254833516
        ], 
        [
          -28.21719758349508, 
          13.892240688457791, 
          65.5315781862099
        ]
      ], 
      "cuboid_centroid": [
        -34.10733542183695, 
        16.1868220753247, 
        61.50639741376819
      ], 
      "location": [
        -34.10733542183695, 
        16.1868220753247, 
        61.50639741376819
      ], 
      "pose_transform_permuted": [
        [
          0.00410059142298582, 
          -0.5800725069240452, 
          -0.8145540171389214, 
          0.0
        ], 
        [
          0.9987654327794553, 
          0.04270465914291065, 
          -0.0253826837723862, 
          0.0
        ], 
        [
          -0.04950979226287615, 
          0.8134445949851248, 
          -0.579531176118699, 
          0.0
        ], 
        [
          -34.10733542183695, 
          16.1868220753247, 
          61.50639741376819, 
          1.0
        ]
      ], 
      "projected_cuboid": [
        [
          212.24738903031255, 
          450.15068846848686
        ], 
        [
          107.40175486485111, 
          444.75984642542176
        ], 
        [
          142.28789385265867, 
          368.3629950939039
        ], 
        [
          238.54869233513614, 
          372.9509324251666
        ], 
        [
          226.09820299997745, 
          460.6920153974844
        ], 
        [
          126.60696228948771, 
          455.52969998837534
        ], 
        [
          158.31339991891943, 
          381.9183763409064
        ], 
        [
          250.04162721470917, 
          386.3465957177014
        ]
      ], 
      "projected_cuboid_centroid": [
        183.38910203853962, 
        413.64184352799646
      ], 
      "quaternion_xyzw": [
        0.9522032405037673, 
        0.024210811170155312, 
        -0.005587591872230185, 
        0.30445277691694544
      ], 
      "visibility": 0.5833333333333334
    }, 
    {
      "bounding_box": {
        "bottom_right": [
          539, 
          283
        ], 
        "top_left": [
          363, 
          52
        ]
      }, 
      "class": "035_power_drill", 
      "cuboid": [
        [
          -20.631986257294827, 
          25.17592476915177, 
          43.64113693212591
        ], 
        [
          -38.94512195326394, 
          23.979586260451605, 
          45.39823230361601
        ], 
        [
          -36.948771363889946, 
          8.496628105672619, 
          55.66319853008304
        ], 
        [
          -18.63563566792083, 
          9.692966614372786, 
          53.90610315859292
        ], 
        [
          -20.384180698763448, 
          28.35539982573607, 
          48.38864254387245
        ], 
        [
          -38.69731639473257, 
          27.159061317035903, 
          50.14573791536257
        ], 
        [
          -36.70096580535857, 
          11.676103162256915, 
          60.410704141829584
        ], 
        [
          -18.38783010938945, 
          12.872441670957082, 
          58.653608770339474
        ]
      ], 
      "cuboid_centroid": [
        -28.6664760313267, 
        18.426013965704342, 
        52.02592053697774
      ], 
      "location": [
        -28.6664760313267, 
        18.426013965704342, 
        52.02592053697774
      ], 
      "pose_transform_permuted": [
        [
          -0.04332870903505952, 
          -0.5559300220197735, 
          -0.8300995769133763, 
          0.0
        ], 
        [
          0.9933302428336965, 
          0.06489108370556164, 
          -0.09530732480884804, 
          0.0
        ], 
        [
          -0.10685042742223752, 
          0.8286924678483041, 
          -0.5494105266934936, 
          0.0
        ], 
        [
          -28.6664760313267, 
          18.426013965704342, 
          52.02592053697774, 
          1.0
        ]
      ], 
      "projected_cuboid": [
        [
          227.36125845200925, 
          580.9506972519546
        ], 
        [
          20.27326431442386, 
          554.9887607356443
        ], 
        [
          124.63375640031602, 
          354.69433126928527
        ], 
        [
          295.68909719614453, 
          369.1838225479061
        ], 
        [
          255.05880854121833, 
          585.8080145242343
        ], 
        [
          66.60618036050471, 
          562.1338032339369
        ], 
        [
          154.8924045827191, 
          376.36586076069716
        ], 
        [
          313.00874851903393, 
          390.3317696436571
        ]
      ], 
      "projected_cuboid_centroid": [
        185.28709190762723, 
        462.17227006013195
      ], 
      "quaternion_xyzw": [
        0.9555263323942697, 
        0.044933746278206996, 
        -0.03627216465519223, 
        0.289196778581603
      ], 
      "visibility": 0.6894406636165962
    }, 
    {
      "bounding_box": {
        "bottom_right": [
          391, 
          170
        ], 
        "top_left": [
          324, 
          60
        ]
      }, 
      "class": "061_foam_brick", 
      "cuboid": [
        [
          -43.10866410319171, 
          5.31182508596045, 
          58.40800389600032
        ], 
        [
          -35.362838947836636, 
          6.059051108141355, 
          58.11229949290888
        ], 
        [
          -35.867919315676055, 
          10.03374607760443, 
          54.925777082619085
        ], 
        [
          -43.613744471031126, 
          9.286520055423525, 
          55.221481485710534
        ], 
        [
          -43.2676277954123, 
          8.585661850578141, 
          62.51680661994489
        ], 
        [
          -35.52180264005723, 
          9.332887872759047, 
          62.22110221685344
        ], 
        [
          -36.02688300789665, 
          13.307582842222121, 
          59.034579806563656
        ], 
        [
          -43.772708163251714, 
          12.560356820041216, 
          59.33028420965509
        ]
      ], 
      "cuboid_centroid": [
        -39.56777355554418, 
        9.309703964091286, 
        58.72129185128199
      ], 
      "location": [
        -39.56777355554418, 
        9.309703964091286, 
        58.72129185128199
      ], 
      "pose_transform_permuted": [
        [
          0.030244233438259993, 
          -0.6228760917961892, 
          -0.7817356718305988, 
          0.0
        ], 
        [
          -0.9946612971327494, 
          -0.09595321215841901, 
          0.03797216168034062, 
          0.0
        ], 
        [
          0.09866200043546941, 
          -0.776413778435949, 
          0.6224527727666449, 
          0.0
        ], 
        [
          -39.56777355554418, 
          9.309703964091286, 
          58.72129185128199, 
          1.0
        ]
      ], 
      "projected_cuboid": [
        [
          84.69447244510738, 
          321.78845812523343
        ], 
        [
          154.35373988090907, 
          328.8928492030541
        ], 
        [
          130.4235868641095, 
          370.7124381685891
        ], 
        [
          56.872816350643454, 
          362.97415359440186
        ], 
        [
          109.41277781042915, 
          346.5292681681355
        ], 
        [
          174.58953262402306, 
          353.2820972490223
        ], 
        [
          153.41718842875167, 
          393.50750944738775
        ], 
        [
          84.84543160017675, 
          386.19151312151934
        ]
      ], 
      "projected_cuboid_centroid": [
        119.23915405339943, 
        357.8393003789391
      ], 
      "quaternion_xyzw": [
        -0.05162508174787805, 
        0.9424450577353697, 
        -0.3303452159734577, 
        -0.0020499678412687276
      ], 
      "visibility": 0.9869328493647913
    }
  ]
}