{
  "camera_data": {
    "location_worldframe": [
      -23.734519568192162, 
      13.337592364954887, 
      75.83324735447361
    ], 
    "quaternion_xyzw_worldframe": [
      0.9324171692046255, 
      0.033838220127666505, 
      -0.11574558778858146, 
      -0.34067077386586353
    ]
  }, 
  "objects": [
    {
      "bounding_box": {
        "bottom_right": [
          535, 
          258
        ], 
        "top_left": [
          345, 
          20
        ]
      }, 
      "class": "003_cracker_box", 
      "cuboid": [
        [
          -35.580274357613796, 
          25.050805281184296, 
          55.82747701099747
        ], 
        [
          -51.618379037799876, 
          23.486706979003607, 
          58.89519773747578
        ], 
        [
          -47.323731645745006, 
          8.98167643326554, 
          73.95221071454121
        ], 
        [
          -31.28562696555891, 
          10.545774735446226, 
          70.88448998806291
        ], 
        [
          -35.150706423800834, 
          30.273293955921766, 
          60.73598808538869
        ], 
        [
          -51.18881110398693, 
          28.709195653741077, 
          63.80370881186699
        ], 
        [
          -46.894163711932045, 
          14.20416510800301, 
          78.86072178893244
        ], 
        [
          -30.856059031745957, 
          15.768263410183698, 
          75.79300106245412
        ]
      ], 
      "cuboid_centroid": [
        -41.23721903477292, 
        19.627485194593653, 
        67.34409939996495
      ], 
      "location": [
        -41.23721903477292, 
        19.627485194593653, 
        67.34409939996495
      ], 
      "pose_transform_permuted": [
        [
          -0.05982840446840937, 
          -0.7273661280777356, 
          -0.6836366562319249, 
          0.0
        ], 
        [
          0.9777185497617914, 
          0.09535091297803139, 
          -0.18701508186762572, 
          0.0
        ], 
        [
          -0.20121381530715846, 
          0.6795930540547472, 
          -0.7054546629019312, 
          0.0
        ], 
        [
          -41.23721903477292, 
          19.627485194593653, 
          67.34409939996495, 
          1.0
        ]
      ], 
      "projected_cuboid": [
        [
          138.86635084678, 
          512.5967441014596
        ], 
        [
          10.276690323368953, 
          485.9680681791788
        ], 
        [
          137.46942473480195, 
          338.05950264718797
        ], 
        [
          244.24917451657728, 
          352.6306679465674
        ], 
        [
          170.36832791952978, 
          539.114772982585
        ], 
        [
          50.15662088337454, 
          513.2596766022466
        ], 
        [
          161.81818147819953, 
          369.3465187025024
        ], 
        [
          262.66817003797837, 
          384.2403668491227
        ]
      ], 
      "projected_cuboid_centroid": [
        152.30478083617868, 
        428.7229060663273
      ], 
      "quaternion_xyzw": [
        0.9139130511225431, 
        0.08112498446130208, 
        -0.06752378851380929, 
        0.39194669263661314
      ], 
      "visibility": 0.3426397841403088
    }, 
    {
      "bounding_box": {
        "bottom_right": [
          539, 
          304
        ], 
        "top_left": [
          407, 
          193
        ]
      }, 
      "class": "006_mustard_bottle", 
      "cuboid": [
        [
          -29.654369076267955, 
          33.642401616897764, 
          63.771180272537954
        ], 
        [
          -38.76794017693611, 
          30.633923246453733, 
          64.08414592215848
        ], 
        [
          -34.24976804502325, 
          18.40327809744896, 
          78.08265210710277
        ], 
        [
          -25.1361969443551, 
          21.411756467892996, 
          77.76968645748225
        ], 
        [
          -30.86841842708293, 
          37.73264255326777, 
          67.73671550014656
        ], 
        [
          -39.981989527751075, 
          34.724164182823735, 
          68.0496811497671
        ], 
        [
          -35.46381739583822, 
          22.493519033818966, 
          82.04818733471139
        ], 
        [
          -26.35024629517007, 
          25.501997404263, 
          81.73522168509085
        ]
      ], 
      "cuboid_centroid": [
        -32.55909323605309, 
        28.067960325358364, 
        72.90968380362467
      ], 
      "location": [
        -32.55909323605309, 
        28.067960325358364, 
        72.90968380362467
      ], 
      "pose_transform_permuted": [
        [
          0.20842406212793843, 
          -0.7021993220192794, 
          -0.6807902496671995, 
          0.0
        ], 
        [
          0.9490930669169242, 
          0.3133048430541814, 
          -0.032592440982462174, 
          0.0
        ], 
        [
          -0.2361813097061628, 
          0.6393403583365267, 
          -0.7317528921347729, 
          0.0
        ], 
        [
          -32.55909323605309, 
          28.067960325358364, 
          72.90968380362467, 
          1.0
        ]
      ], 
      "projected_cuboid": [
        [
          231.53030551638165, 
          554.6385771082174
        ], 
        [
          156.27474525954173, 
          528.2274588847199
        ], 
        [
          245.71505976044034, 
          398.98447906124835
        ], 
        [
          307.78458666304493, 
          420.12150099317194
        ], 
        [
          236.53167738714944, 
          570.3714652600695
        ], 
        [
          165.63856692668764, 
          545.4270749399004
        ], 
        [
          249.15847965853388, 
          419.4961568025132
        ], 
        [
          308.2297737516389, 
          439.68621666676324
        ]
      ], 
      "projected_cuboid_centroid": [
        241.4491507158743, 
        478.59798798720493
      ], 
      "quaternion_xyzw": [
        0.9040497324429462, 
        0.15195130672609922, 
        0.04862332647075166, 
        0.3965357664227139
      ], 
      "visibility": 0.8132567314515132
    }, 
    {
      "bounding_box": {
        "bottom_right": [
          415, 
          229
        ], 
        "top_left": [
          331, 
          102
        ]
      }, 
      "class": "008_pudding_box", 
      "cuboid": [
        [
          -34.6223835528082, 
          14.996564759533054, 
          62.44024405784552
        ], 
        [
          -45.76579082940523, 
          13.522168609564686, 
          64.12042287080591
        ], 
        [
          -44.00076919753298, 
          7.43900051503317, 
          70.48836408241485
        ], 
        [
          -32.85736192093595, 
          8.91339666500154, 
          68.80818526945444
        ], 
        [
          -34.59102792719639, 
          17.782609636548738, 
          65.09300434049258
        ], 
        [
          -45.734435203793424, 
          16.308213486580367, 
          66.77318315345298
        ], 
        [
          -43.96941357192118, 
          10.225045392048852, 
          73.1411243650619
        ], 
        [
          -32.82600629532414, 
          11.699441542017224, 
          71.4609455521015
        ]
      ], 
      "cuboid_centroid": [
        -39.29589856236469, 
        12.610805075790953, 
        67.79068421145371
      ], 
      "location": [
        -39.29589856236469, 
        12.610805075790953, 
        67.79068421145371
      ], 
      "pose_transform_permuted": [
        [
          -0.008150457605270537, 
          -0.7241935127567594, 
          -0.689548041182172, 
          0.0
        ], 
        [
          0.980467644641245, 
          0.1297267240212604, 
          -0.14783278780262565, 
          0.0
        ], 
        [
          -0.19651309250664006, 
          0.6772847158966933, 
          -0.7089906422655815, 
          0.0
        ], 
        [
          -39.29589856236469, 
          12.610805075790953, 
          67.79068421145371, 
          1.0
        ]
      ], 
      "projected_cuboid": [
        [
          183.4132236128805, 
          401.3763907235839
        ], 
        [
          97.76935159552605, 
          385.7567464351984
        ], 
        [
          145.9100271388157, 
          329.5705035058556
        ], 
        [
          224.8033912444634, 
          342.3726354479233
        ], 
        [
          195.82426835813837, 
          418.982900519118
        ], 
        [
          113.27055736003419, 
          403.5407689193432
        ], 
        [
          158.31562231428794, 
          347.8440047107604
        ], 
        [
          234.57199969618046, 
          360.6005419918442
        ]
      ], 
      "projected_cuboid_centroid": [
        169.87399769122393, 
        372.49765208517897
      ], 
      "quaternion_xyzw": [
        0.9147814495441123, 
        0.08915785751079787, 
        -0.0426285550186964, 
        0.3916739226993994
      ], 
      "visibility": 0.43757062146892656
    }, 
    {
      "bounding_box": {
        "bottom_right": [
          539, 
          239
        ], 
        "top_left": [
          377, 
          39
        ]
      }, 
      "class": "019_pitcher_base", 
      "cuboid": [
        [
          -58.034170866673676, 
          37.696777880264584, 
          71.40235184586106
        ], 
        [
          -39.6662365495299, 
          41.60274147670112, 
          69.63316807689465
        ], 
        [
          -34.585376394109936, 
          25.647866181686513, 
          87.15861911551056
        ], 
        [
          -52.9533107112537, 
          21.741902585249974, 
          88.92780288447698
        ], 
        [
          -56.863002755200554, 
          28.06301850067446, 
          62.292402517616615
        ], 
        [
          -38.495068438056784, 
          31.968982097111, 
          60.5232187486502
        ], 
        [
          -33.41420828263682, 
          16.014106802096386, 
          78.0486697872661
        ], 
        [
          -51.78214259978059, 
          12.108143205659847, 
          79.81785355623254
        ]
      ], 
      "cuboid_centroid": [
        -45.72418957465524, 
        26.855442341180485, 
        74.72551081656358
      ], 
      "location": [
        -45.72418957465524, 
        26.855442341180485, 
        74.72551081656358
      ], 
      "pose_transform_permuted": [
        [
          -0.08798762540903914, 
          0.7237659591892441, 
          0.6844131095583555, 
          0.0
        ], 
        [
          -0.9738166589156425, 
          -0.2070832981898117, 
          0.09379719010071964, 
          0.0
        ], 
        [
          -0.20961767643250212, 
          0.6582397044609972, 
          -0.7230359058844436, 
          0.0
        ], 
        [
          -45.72418957465524, 
          26.855442341180485, 
          74.72551081656358, 
          1.0
        ]
      ], 
      "projected_cuboid": [
        [
          44.514983000222045, 
          554.8519114777891
        ], 
        [
          175.26209500168392, 
          591.9214264390425
        ], 
        [
          268.20714672095795, 
          430.2246519632361
        ], 
        [
          161.37792275815193, 
          403.6775073746217
        ], 
        [
          -9.295489096929122, 
          513.5495030367839
        ], 
        [
          139.55870600373348, 
          554.9913871112129
        ], 
        [
          251.36945666807938, 
          382.7136017332082
        ], 
        [
          132.7205732294174, 
          354.18961416939186
        ]
      ], 
      "projected_cuboid_centroid": [
        152.5417889256672, 
        464.9551282495446
      ], 
      "quaternion_xyzw": [
        0.0015950547486952439, 
        0.3972291054115751, 
        0.9105588219515249, 
        -0.11440803289600592
      ], 
      "visibility": 0.088895602697096
    }, 
    {
      "bounding_box": {
        "bottom_right": [
          495, 
          254
        ], 
        "top_left": [
          316, 
          25
        ]
      }, 
      "class": "035_power_drill", 
      "cuboid": [
        [
          -28.696101623911908, 
          19.17574904649802, 
          47.14851097923817
        ], 
        [
          -46.50339085330615, 
          16.64419066721292, 
          51.195881911566964
        ], 
        [
          -41.79388013431131, 
          3.702339345161408, 
          63.8214881811457
        ], 
        [
          -23.986590904917065, 
          6.233897724446506, 
          59.77411724881689
        ], 
        [
          -28.357085744084266, 
          23.225218188714802, 
          51.17295462566987
        ], 
        [
          -46.16437497347851, 
          20.693659809429704, 
          55.22032555799867
        ], 
        [
          -41.45486425448367, 
          7.7518084873781925, 
          67.8459318275774
        ], 
        [
          -23.647575025089424, 
          10.28336686666329, 
          63.7985608952486
        ]
      ], 
      "cuboid_centroid": [
        -35.07548293919779, 
        13.463778766938105, 
        57.497221403407785
      ], 
      "location": [
        -35.07548293919779, 
        13.463778766938105, 
        57.497221403407785
      ], 
      "pose_transform_permuted": [
        [
          -0.05927679952932438, 
          -0.7080481618306682, 
          -0.7036724632718615, 
          0.0
        ], 
        [
          0.9658924188683568, 
          0.13731528785627067, 
          -0.21953509315901223, 
          0.0
        ], 
        [
          -0.2520665638353646, 
          0.6926851189148484, 
          -0.6757587738095626, 
          0.0
        ], 
        [
          -35.07548293919779, 
          13.463778766938105, 
          57.497221403407785, 
          1.0
        ]
      ], 
      "projected_cuboid": [
        [
          154.2965757234792, 
          490.19269845331473
        ], 
        [
          -6.876795881377109, 
          446.6729998885111
        ], 
        [
          129.43911192116468, 
          304.2248650651797
        ], 
        [
          265.799227280087, 
          328.9069283603357
        ], 
        [
          183.59941632949923, 
          515.3375153789933
        ], 
        [
          32.02456991749012, 
          473.1465335958927
        ], 
        [
          153.01532868042156, 
          334.2215293648192
        ], 
        [
          282.26945451363076, 
          359.249620125711
        ]
      ], 
      "projected_cuboid_centroid": [
        153.54064876374255, 
        398.17077942177673
      ], 
      "quaternion_xyzw": [
        0.9168219566872112, 
        0.10617706329225686, 
        -0.07602672761453559, 
        0.3773379677337776
      ], 
      "visibility": 0.8475453805056952
    }, 
    {
      "bounding_box": {
        "bottom_right": [
          345, 
          171
        ], 
        "top_left": [
          280, 
          77
        ]
      }, 
      "class": "061_foam_brick", 
      "cuboid": [
        [
          -47.262431741205226, 
          0.55166665822243, 
          67.7949135620877
        ], 
        [
          -39.71508276205215, 
          1.9448590710300042, 
          66.47577238414814
        ], 
        [
          -40.96947514852317, 
          5.16089557612527, 
          62.69544960848611
        ], 
        [
          -48.516824127676244, 
          3.7677031633176963, 
          64.01459078642566
        ], 
        [
          -47.397478473903845, 
          4.531453773596791, 
          71.225451907215
        ], 
        [
          -39.85012949475077, 
          5.924646186404365, 
          69.90631072927545
        ], 
        [
          -41.10452188122179, 
          9.14068269149963, 
          66.1259879536134
        ], 
        [
          -48.65187086037486, 
          7.747490278692057, 
          67.44512913155296
        ]
      ], 
      "cuboid_centroid": [
        -44.18347681121351, 
        4.846174674861031, 
        66.96045075785055
      ], 
      "location": [
        -44.18347681121351, 
        4.846174674861031, 
        66.96045075785055
      ], 
      "pose_transform_permuted": [
        [
          0.025693822606633, 
          -0.7571893233640472, 
          -0.6526899386870882, 
          0.0
        ], 
        [
          -0.9691744617199285, 
          -0.1789034150248856, 
          0.1693943058143341, 
          0.0
        ], 
        [
          0.2450320187847814, 
          -0.6282180327529048, 
          0.7384452675007978, 
          0.0
        ], 
        [
          -44.18347681121351, 
          4.846174674861031, 
          66.96045075785055, 
          1.0
        ]
      ], 
      "projected_cuboid": [
        [
          106.70116835340366, 
          277.62631240924924
        ], 
        [
          160.31697398001262, 
          288.88968769881535
        ], 
        [
          130.1854482872433, 
          317.18775720287596
        ], 
        [
          74.02432739971397, 
          304.67609864077315
        ], 
        [
          123.7382170053911, 
          307.2170076798542
        ], 
        [
          175.04440561752406, 
          318.4860314407068
        ], 
        [
          147.31801298142972, 
          347.00800867386516
        ], 
        [
          93.67838785390512, 
          334.54949854297894
        ]
      ], 
      "projected_cuboid_centroid": [
        126.75650660298786, 
        311.8848423285491
      ], 
      "quaternion_xyzw": [
        -0.11757704305502721, 
        0.9013992502160074, 
        -0.4148091399306238, 
        -0.039854837679658965
      ], 
      "visibility": 0.9270907791279486
    }
  ]
}