{
  "camera_data": {
    "location_worldframe": [
      -14.18831737542932, 
      -0.9185773928226295, 
      69.28987421859642
    ], 
    "quaternion_xyzw_worldframe": [
      -0.8385321545535709, 
      -0.0562919907448176, 
      -0.11020147399772495, 
      0.530615228543144
    ]
  }, 
  "objects": [
    {
      "bounding_box": {
        "bottom_right": [
          495, 
          324
        ], 
        "top_left": [
          280, 
          147
        ]
      }, 
      "class": "003_cracker_box", 
      "cuboid": [
        [
          -15.995526101220081, 
          20.019471363286083, 
          53.92480804169205
        ], 
        [
          -31.91719389099694, 
          21.134226361274997, 
          50.13852599018072
        ], 
        [
          -35.06148729493098, 
          1.363267589469802, 
          57.53961748940917
        ], 
        [
          -19.139819505154115, 
          0.24851259148089, 
          61.3258995409205
        ], 
        [
          -17.361498958056114, 
          22.680191128358963, 
          60.45221840270663
        ], 
        [
          -33.28316674783298, 
          23.794946126347877, 
          56.66593635119529
        ], 
        [
          -36.42746015176701, 
          4.023987354542682, 
          64.06702785042374
        ], 
        [
          -20.50579236199015, 
          2.9092323565537703, 
          67.85330990193508
        ]
      ], 
      "cuboid_centroid": [
        -26.211493126493547, 
        12.021729358914383, 
        58.995917946057894
      ], 
      "location": [
        -26.211493126493547, 
        12.021729358914383, 
        58.995917946057894
      ], 
      "pose_transform_permuted": [
        [
          0.1902469205423512, 
          -0.3705737922961125, 
          -0.9091100998709836, 
          0.0
        ], 
        [
          0.9706202978236849, 
          -0.067957945262693, 
          0.2308201792052283, 
          0.0
        ], 
        [
          0.14731716355134328, 
          0.9263135441841226, 
          -0.346757654831492, 
          0.0
        ], 
        [
          -26.211493126493547, 
          12.021729358914383, 
          58.995917946057894, 
          1.0
        ]
      ], 
      "projected_cuboid": [
        [
          322.0820203557112, 
          471.2803095034339
        ], 
        [
          139.2671324715866, 
          498.08965237389293
        ], 
        [
          153.91316882972302, 
          285.922306766318
        ], 
        [
          313.7608642587192, 
          275.447723266829
        ], 
        [
          327.15460724021517, 
          473.3749780489505
        ], 
        [
          165.7373016793288, 
          497.2360845138296
        ], 
        [
          175.83327783396967, 
          306.7838193540168
        ], 
        [
          319.08064499238645, 
          296.152785626357
        ]
      ], 
      "projected_cuboid_centroid": [
        242.67210025923148, 
        381.9622551141822
      ], 
      "quaternion_xyzw": [
        0.9754542457079662, 
        -0.05517304111424355, 
        0.10791564586455227, 
        0.18384548795699243
      ], 
      "visibility": 0.40899158909275946
    }, 
    {
      "bounding_box": {
        "bottom_right": [
          466, 
          365
        ], 
        "top_left": [
          316, 
          288
        ]
      }, 
      "class": "006_mustard_bottle", 
      "cuboid": [
        [
          -13.449235504488149, 
          23.243679846072002, 
          66.38094535451455
        ], 
        [
          -22.017428655993392, 
          22.53925080395299, 
          62.103573070819394
        ], 
        [
          -24.395490607530107, 
          5.156908325412431, 
          69.72982555141357
        ], 
        [
          -15.82729745602486, 
          5.861337367531444, 
          74.00719783510873
        ], 
        [
          -15.97722090910912, 
          25.638236016501338, 
          71.05051138637
        ], 
        [
          -24.545414060614366, 
          24.93380697438232, 
          66.77313910267485
        ], 
        [
          -26.923476012151077, 
          7.5514644958417625, 
          74.39939158326902
        ], 
        [
          -18.355282860645833, 
          8.255893537960777, 
          78.67676386696418
        ]
      ], 
      "cuboid_centroid": [
        -20.186355758319614, 
        15.397572170956883, 
        70.39016846889179
      ], 
      "location": [
        -20.186355758319614, 
        15.397572170956883, 
        70.39016846889179
      ], 
      "pose_transform_permuted": [
        [
          0.4339963500475067, 
          -0.41108965109151063, 
          -0.8016559788781439, 
          0.0
        ], 
        [
          0.8922970618512551, 
          0.07335968662833718, 
          0.4454482588916284, 
          0.0
        ], 
        [
          0.12430995762849506, 
          0.9086383370269439, 
          -0.3986519872260915, 
          0.0
        ], 
        [
          -20.186355758319614, 
          15.397572170956883, 
          70.39016846889179, 
          1.0
        ]
      ], 
      "projected_cuboid": [
        [
          372.64238515222144, 
          460.0315380814918
        ], 
        [
          290.9449003000288, 
          466.84422314145763
        ], 
        [
          293.456385509913, 
          312.72848662840147
        ], 
        [
          366.5899978972663, 
          315.5252133146389
        ], 
        [
          360.6693749593515, 
          465.7323498237828
        ], 
        [
          283.9181721397376, 
          472.4337957133199
        ], 
        [
          286.9922971259223, 
          327.4179470097814
        ], 
        [
          356.1367657779215, 
          329.2500713547162
        ]
      ], 
      "projected_cuboid_centroid": [
        327.37814884750037, 
        389.9480967002708
      ], 
      "quaternion_xyzw": [
        0.9490246806269508, 
        -0.013421745514167974, 
        0.23167063694227397, 
        0.2133088988219636
      ], 
      "visibility": 0.005377548734035402
    }, 
    {
      "bounding_box": {
        "bottom_right": [
          368, 
          301
        ], 
        "top_left": [
          274, 
          182
        ]
      }, 
      "class": "008_pudding_box", 
      "cuboid": [
        [
          -18.41922599758436, 
          8.262365250368662, 
          55.20156344360638
        ], 
        [
          -29.315253829777525, 
          8.865746098653487, 
          52.02589349622942
        ], 
        [
          -30.688822486063334, 
          0.5618141216938086, 
          55.161006503810825
        ], 
        [
          -19.792794653870164, 
          -0.041566726591016345, 
          58.3366764511878
        ], 
        [
          -19.34175539143223, 
          9.714150502228227, 
          58.64270067556362
        ], 
        [
          -30.237783223625396, 
          10.317531350513052, 
          55.46703072818665
        ], 
        [
          -31.611351879911204, 
          2.0135993735533746, 
          58.60214373576807
        ], 
        [
          -20.715324047718035, 
          1.41021852526855, 
          61.77781368314502
        ]
      ], 
      "cuboid_centroid": [
        -25.01528893874778, 
        5.137982311961018, 
        56.90185358968722
      ], 
      "location": [
        -25.01528893874778, 
        5.137982311961018, 
        56.90185358968722
      ], 
      "pose_transform_permuted": [
        [
          0.23979865071939868, 
          -0.37737133022739805, 
          -0.894475634778209, 
          0.0
        ], 
        [
          0.9587016322209051, 
          -0.05308927372527298, 
          0.2794155823418418, 
          0.0
        ], 
        [
          0.15292969759843195, 
          0.9245390103384501, 
          -0.3490556383856316, 
          0.0
        ], 
        [
          -25.01528893874778, 
          5.137982311961018, 
          56.90185358968722, 
          1.0
        ]
      ], 
      "projected_cuboid": [
        [
          302.16017710439445, 
          353.1118348833248
        ], 
        [
          178.58086651514054, 
          364.1696674403799
        ], 
        [
          182.41209172763968, 
          278.7183908824643
        ], 
        [
          299.1414781324119, 
          272.9065309147341
        ], 
        [
          304.22972463627144, 
          361.63080993733007
        ], 
        [
          188.43567965436685, 
          372.49036135131723
        ], 
        [
          191.51471865365224, 
          291.61166928412706
        ], 
        [
          301.2741469015921, 
          285.46076544655597
        ]
      ], 
      "projected_cuboid_centroid": [
        245.18434371066914, 
        321.44290569337204
      ], 
      "quaternion_xyzw": [
        0.9718174053464936, 
        -0.05299837453782034, 
        0.13356784674897823, 
        0.18687331710066152
      ], 
      "visibility": 0.801768535613643
    }, 
    {
      "bounding_box": {
        "bottom_right": [
          511, 
          297
        ], 
        "top_left": [
          303, 
          119
        ]
      }, 
      "class": "019_pitcher_base", 
      "cuboid": [
        [
          -42.167916120618514, 
          30.45212306980245, 
          64.54742742478552
        ], 
        [
          -24.543270563150365, 
          30.38717687891638, 
          71.26570286345851
        ], 
        [
          -28.07809341155469, 
          8.184433181820276, 
          80.32427998444078
        ], 
        [
          -45.70273896902284, 
          8.24937937270634, 
          73.60600454576777
        ], 
        [
          -37.84224653852803, 
          25.11251295722313, 
          53.14789770621503
        ], 
        [
          -20.21760098105988, 
          25.04756676633707, 
          59.86617314488802
        ], 
        [
          -23.752423829464202, 
          2.844823069240962, 
          68.92475026587029
        ], 
        [
          -41.377069386932355, 
          2.9097692601270264, 
          62.20647482719729
        ]
      ], 
      "cuboid_centroid": [
        -32.96016997504136, 
        16.648473069521703, 
        66.7360888453279
      ], 
      "location": [
        -32.96016997504136, 
        16.648473069521703, 
        66.7360888453279
      ], 
      "pose_transform_permuted": [
        [
          -0.32497930152275173, 
          0.40115471879182196, 
          0.8564249153395902, 
          0.0
        ], 
        [
          -0.9344095615219374, 
          0.0034432659397597115, 
          -0.3561842299957061, 
          0.0
        ], 
        [
          0.1458338410067474, 
          0.9160038658507375, 
          -0.3737237061837563, 
          0.0
        ], 
        [
          -32.96016997504136, 
          16.648473069521703, 
          66.7360888453279, 
          1.0
        ]
      ], 
      "projected_cuboid": [
        [
          130.28348618115174, 
          524.8955366698507
        ], 
        [
          296.39595189745296, 
          500.6901256210824
        ], 
        [
          293.61669344369943, 
          327.62774706374495
        ], 
        [
          147.69375936698108, 
          333.0582318211243
        ], 
        [
          98.69954312376473, 
          525.2813584870084
        ], 
        [
          299.98702517793083, 
          496.42353113689273
        ], 
        [
          296.2761383417781, 
          295.29894785787013
        ], 
        [
          123.89959240454942, 
          298.2330878903634
        ]
      ], 
      "projected_cuboid_centroid": [
        216.00174068252875, 
        406.3323438040064
      ], 
      "quaternion_xyzw": [
        -0.17689663410329862, 
        0.2012341807434693, 
        0.9626575640787675, 
        0.038766928271467056
      ], 
      "visibility": 0.16967034771542347
    }, 
    {
      "bounding_box": {
        "bottom_right": [
          474, 
          403
        ], 
        "top_left": [
          267, 
          185
        ]
      }, 
      "class": "035_power_drill", 
      "cuboid": [
        [
          -6.457638911995501, 
          16.550061117064214, 
          46.5610505026353
        ], 
        [
          -24.445235657532933, 
          16.829820341482716, 
          42.52897323562104
        ], 
        [
          -26.117730645575076, 
          -0.6995843838059318, 
          48.77394489455124
        ], 
        [
          -8.130133900037647, 
          -0.9793436082244324, 
          52.8060221615655
        ], 
        [
          -7.602181612477496, 
          18.527162146916442, 
          51.804176696842
        ], 
        [
          -25.589778358014925, 
          18.806921371334944, 
          47.77209942982773
        ], 
        [
          -27.262273346057075, 
          1.2775166460462977, 
          54.01707108875793
        ], 
        [
          -9.274676600519644, 
          0.9977574216277971, 
          58.049148355772196
        ]
      ], 
      "cuboid_centroid": [
        -16.859956129026287, 
        8.913788881555256, 
        50.289060795696614
      ], 
      "location": [
        -16.859956129026287, 
        8.913788881555256, 
        50.289060795696614
      ], 
      "pose_transform_permuted": [
        [
          0.20012286222024583, 
          -0.3456953740790972, 
          -0.9167586500046817, 
          0.0
        ], 
        [
          0.9756725521982632, 
          -0.015174533894146948, 
          0.2187055432374196, 
          0.0
        ], 
        [
          0.08951674384502345, 
          0.938224176316553, 
          -0.33424885115278935, 
          0.0
        ], 
        [
          -16.859956129026287, 
          8.913788881555256, 
          50.289060795696614, 
          1.0
        ]
      ], 
      "projected_cuboid": [
        [
          407.0135747588748, 
          462.8542474967112
        ], 
        [
          172.4955991148005, 
          484.3349618320975
        ], 
        [
          193.63234123145705, 
          265.63691987547594
        ], 
        [
          398.80171182339313, 
          263.3955614689167
        ], 
        [
          402.68104362651076, 
          464.0220929804213
        ], 
        [
          193.53641885651402, 
          483.243805637759
        ], 
        [
          210.18898727886395, 
          285.8996736333868
        ], 
        [
          395.67699113750797, 
          282.45331453683224
        ]
      ], 
      "projected_cuboid_centroid": [
        301.3058167922257, 
        367.8179946355918
      ], 
      "quaternion_xyzw": [
        0.9786030066527869, 
        -0.02674508381525834, 
        0.10699650486723565, 
        0.1737027733946903
      ], 
      "visibility": 0.9157210074730141
    }, 
    {
      "bounding_box": {
        "bottom_right": [
          304, 
          218
        ], 
        "top_left": [
          234, 
          112
        ]
      }, 
      "class": "061_foam_brick", 
      "cuboid": [
        [
          -32.90505396022034, 
          -3.7898318180976207, 
          48.720493292338936
        ], 
        [
          -25.428552980892842, 
          -3.7761000596873004, 
          50.89887335662735
        ], 
        [
          -24.82216940677428, 
          0.8483978883485553, 
          48.788530010348765
        ], 
        [
          -32.29867038610178, 
          0.8346661299382352, 
          46.61014994606034
        ], 
        [
          -34.237035071858074, 
          -1.5354838709380194, 
          53.277825636208384
        ], 
        [
          -26.760534092530573, 
          -1.5217521125276994, 
          55.45620570049681
        ], 
        [
          -26.15415051841201, 
          3.102745835508157, 
          53.34586235421822
        ], 
        [
          -33.630651497739514, 
          3.0890140770978367, 
          51.1674822899298
        ]
      ], 
      "cuboid_centroid": [
        -29.529602239316176, 
        -0.34354299129473204, 
        51.03317782327858
      ], 
      "location": [
        -29.529602239316176, 
        -0.34354299129473204, 
        51.03317782327858
      ], 
      "pose_transform_permuted": [
        [
          0.2534210618348096, 
          -0.4289094233565155, 
          -0.8670723568275596, 
          0.0
        ], 
        [
          -0.9600766881461152, 
          -0.001763330356466919, 
          -0.279731377475679, 
          0.0
        ], 
        [
          -0.11845048879976999, 
          -0.9033457794344507, 
          0.41223280374208493, 
          0.0
        ], 
        [
          -29.529602239316176, 
          -0.34354299129473204, 
          51.03317782327858, 
          1.0
        ]
      ], 
      "projected_cuboid": [
        [
          118.39971970949424, 
          231.80108927325506
        ], 
        [
          212.93570359533666, 
          233.72047340993436
        ], 
        [
          207.9985501724334, 
          282.56058678104773
        ], 
        [
          108.95156639898073, 
          282.8368997163981
        ], 
        [
          136.02280214805828, 
          257.9160980613395
        ], 
        [
          222.0976650006284, 
          258.6519232959987
        ], 
        [
          217.94473609721229, 
          304.3059093563245
        ], 
        [
          128.14301073157483, 
          305.48338696205917
        ]
      ], 
      "projected_cuboid_centroid": [
        170.42778232257066, 
        269.6963597339992
      ], 
      "quaternion_xyzw": [
        0.030207156631308442, 
        0.9657244462588858, 
        -0.21774902518961192, 
        0.1380187799366229
      ], 
      "visibility": 0.9940346282554925
    }
  ]
}