{
  "camera_data": {
    "location_worldframe": [
      -16.693108848154754, 
      3.592419372686928, 
      71.63138498666274
    ], 
    "quaternion_xyzw_worldframe": [
      -0.851260442990569, 
      -0.03136871020594815, 
      -0.06018247761091183, 
      0.5203423992269853
    ]
  }, 
  "objects": [
    {
      "bounding_box": {
        "bottom_right": [
          516, 
          302
        ], 
        "top_left": [
          314, 
          124
        ]
      }, 
      "class": "003_cracker_box", 
      "cuboid": [
        [
          -20.399591931146645, 
          24.029308737789762, 
          55.93591355362268
        ], 
        [
          -36.65417322297082, 
          24.932121758928616, 
          53.923047099160804
        ], 
        [
          -38.768219860930735, 
          5.383983716591407, 
          62.226940947028474
        ], 
        [
          -22.513638569106565, 
          4.4811706954525565, 
          64.23980740149037
        ], 
        [
          -21.052779057411815, 
          26.88461946796035, 
          62.49128880963946
        ], 
        [
          -37.307360349235985, 
          27.787432489099196, 
          60.478422355177564
        ], 
        [
          -39.42140698719591, 
          8.23929444676199, 
          68.78231620304524
        ], 
        [
          -23.16682569537173, 
          7.3364814256231385, 
          70.79518265750713
        ]
      ], 
      "cuboid_centroid": [
        -29.910499459171273, 
        16.134301592275875, 
        62.35911487833397
      ], 
      "location": [
        -29.910499459171273, 
        16.134301592275875, 
        62.35911487833397
      ], 
      "pose_transform_permuted": [
        [
          0.09097313953784703, 
          -0.39767559866798385, 
          -0.9130049321371096, 
          0.0
        ], 
        [
          0.9909154457173099, 
          -0.05503749073445363, 
          0.12270881815305634, 
          0.0
        ], 
        [
          0.09904780321386403, 
          0.9158738957071085, 
          -0.3890559597805848, 
          0.0
        ], 
        [
          -29.910499459171273, 
          16.134301592275875, 
          62.35911487833397, 
          1.0
        ]
      ], 
      "projected_cuboid": [
        [
          285.4767982056383, 
          502.39338733401564
        ], 
        [
          116.05215791172529, 
          519.8747687910214
        ], 
        [
          146.56286430946963, 
          319.4302806728375
        ], 
        [
          293.13098829337724, 
          310.4892660730837
        ], 
        [
          300.428985229773, 
          502.7280220904296
        ], 
        [
          149.86625974780142, 
          518.325699642272
        ], 
        [
          173.38682873069322, 
          337.17181144329186
        ], 
        [
          305.6206142278499, 
          328.55427045957555
        ]
      ], 
      "projected_cuboid_centroid": [
        223.65898906372203, 
        411.2734067293068
      ], 
      "quaternion_xyzw": [
        0.977214699229592, 
        -0.039419508852505517, 
        0.0546660723225316, 
        0.20126886114914289
      ], 
      "visibility": 0.30845674201091194
    }, 
    {
      "bounding_box": {
        "bottom_right": [
          494, 
          352
        ], 
        "top_left": [
          347, 
          275
        ]
      }, 
      "class": "006_mustard_bottle", 
      "cuboid": [
        [
          -16.50831351961272, 
          27.655893599635572, 
          67.92494697546833
        ], 
        [
          -25.493662261200438, 
          26.76808553688259, 
          64.65671004312019
        ], 
        [
          -26.84337835347569, 
          9.618919129214031, 
          73.02600473124873
        ], 
        [
          -17.85802961188797, 
          10.506727191967013, 
          76.29424166359688
        ], 
        [
          -18.521174468851413, 
          30.18036937386004, 
          72.77312903161679
        ], 
        [
          -27.50652321043913, 
          29.292561311107058, 
          69.50489209926864
        ], 
        [
          -28.856239302714382, 
          12.143394903438498, 
          77.87418678739719
        ], 
        [
          -19.870890561126664, 
          13.03120296619148, 
          81.14242371974534
        ]
      ], 
      "cuboid_centroid": [
        -22.682276411163553, 
        19.899644251537037, 
        72.89956688143276
      ], 
      "location": [
        -22.682276411163553, 
        19.899644251537037, 
        72.89956688143276
      ], 
      "pose_transform_permuted": [
        [
          0.3455614512354081, 
          -0.4333938280632758, 
          -0.8323201996689209, 
          0.0
        ], 
        [
          0.9357399092268454, 
          0.09245689398857328, 
          0.3403562642207345, 
          0.0
        ], 
        [
          0.07055457496925695, 
          0.8964493747203285, 
          -0.4374935091112102, 
          0.0
        ], 
        [
          -22.682276411163553, 
          19.899644251537037, 
          72.89956688143276, 
          1.0
        ]
      ], 
      "projected_cuboid": [
        [
          350.90021321903987, 
          490.429580464929
        ], 
        [
          269.5606967337492, 
          494.08255762578483
        ], 
        [
          283.9222401337764, 
          343.53490990632315
        ], 
        [
          355.72379813185415, 
          346.73170558949624
        ], 
        [
          344.7330737008536, 
          494.4640828885026
        ], 
        [
          268.77725179932065, 
          498.0519626387769
        ], 
        [
          282.32889273892613, 
          356.45029962513985
        ], 
        [
          349.9045529566738, 
          358.93588656574
        ]
      ], 
      "projected_cuboid_centroid": [
        314.27492141166897, 
        418.8686097479942
      ], 
      "quaternion_xyzw": [
        0.9571454282939575, 
        0.005720739600239126, 
        0.17915713098027883, 
        0.22746996209520104
      ], 
      "visibility": 0.24715370018975333
    }, 
    {
      "bounding_box": {
        "bottom_right": [
          397, 
          279
        ], 
        "top_left": [
          310, 
          161
        ]
      }, 
      "class": "008_pudding_box", 
      "cuboid": [
        [
          -22.556081983839732, 
          12.303858127949532, 
          57.8325601462146
        ], 
        [
          -33.74373572749014, 
          12.744012580698277, 
          55.87934782990368
        ], 
        [
          -34.68128097464409, 
          4.534194206967964, 
          59.39940491491092
        ], 
        [
          -23.493627230993674, 
          4.094039754219218, 
          61.35261723122183
        ], 
        [
          -23.102016707602736, 
          13.857025794845748, 
          61.30959794081656
        ], 
        [
          -34.28967045125315, 
          14.297180247594493, 
          59.35638562450565
        ], 
        [
          -35.22721569840709, 
          6.08736187386418, 
          62.87644270951288
        ], 
        [
          -24.03956195475668, 
          5.647207421115434, 
          64.8296550258238
        ]
      ], 
      "cuboid_centroid": [
        -28.891648841123413, 
        9.195610000906857, 
        60.35450142786374
      ], 
      "location": [
        -28.891648841123413, 
        9.195610000906857, 
        60.35450142786374
      ], 
      "pose_transform_permuted": [
        [
          0.14190811806352513, 
          -0.40372427517916815, 
          -0.9038074853833882, 
          0.0
        ], 
        [
          0.9843607294274962, 
          -0.038727580250186015, 
          0.1718560070293372, 
          0.0
        ], 
        [
          0.10438394213202404, 
          0.9140606372218969, 
          -0.39191434885753734, 
          0.0
        ], 
        [
          -28.891648841123413, 
          9.195610000906857, 
          60.35450142786374, 
          1.0
        ]
      ], 
      "projected_cuboid": [
        [
          271.85623723354536, 
          386.75010368914246
        ], 
        [
          156.8587246796971, 
          394.91701044426236
        ], 
        [
          167.6150514808469, 
          313.9969553322688
        ], 
        [
          275.67223747609216, 
          308.8747764909273
        ], 
        [
          278.9626734785044, 
          393.82595544805895
        ], 
        [
          170.93544848311666, 
          401.7472946455306
        ], 
        [
          180.30888811015717, 
          324.91969592231834
        ], 
        [
          282.18815016658357, 
          319.7431527314381
        ]
      ], 
      "projected_cuboid_centroid": [
        224.16988811139805, 
        354.5430934439902
      ], 
      "quaternion_xyzw": [
        0.9749652368203675, 
        -0.036696570548745026, 
        0.0804552083611038, 
        0.20401717773843508
      ], 
      "visibility": 0.7580105728773331
    }, 
    {
      "bounding_box": {
        "bottom_right": [
          532, 
          280
        ], 
        "top_left": [
          334, 
          114
        ]
      }, 
      "class": "019_pitcher_base", 
      "cuboid": [
        [
          -45.31794414753904, 
          34.63553192201301, 
          69.09875582116376
        ], 
        [
          -27.05343918396863, 
          34.883557043347494, 
          73.80129937533405
        ], 
        [
          -29.347793626661122, 
          12.954351138967093, 
          83.86909386071717
        ], 
        [
          -47.612298590231525, 
          12.706326017632612, 
          79.16655030654688
        ], 
        [
          -42.24289679675272, 
          28.967791152649735, 
          57.45431810807202
        ], 
        [
          -23.978391833182318, 
          29.215816273984213, 
          62.156861662242314
        ], 
        [
          -26.272746275874802, 
          7.286610369603819, 
          72.22465614762544
        ], 
        [
          -44.53725123944521, 
          7.038585248269339, 
          67.52211259345515
        ]
      ], 
      "cuboid_centroid": [
        -35.795345211706916, 
        20.961071145808415, 
        70.6617059843946
      ], 
      "location": [
        -35.795345211706916, 
        20.961071145808415, 
        70.6617059843946
      ], 
      "pose_transform_permuted": [
        [
          -0.23102243970399963, 
          0.42580654890185987, 
          0.8748243856381036, 
          0.0
        ], 
        [
          -0.9683331229996516, 
          -0.013149600320579095, 
          -0.24931574630322953, 
          0.0
        ], 
        [
          0.09465665900620235, 
          0.9047186986208585, 
          -0.4153603174011252, 
          0.0
        ], 
        [
          -35.795345211706916, 
          20.961071145808415, 
          70.6617059843946, 
          1.0
        ]
      ], 
      "projected_cuboid": [
        [
          128.9082336030945, 
          540.6112854105528
        ], 
        [
          284.4682072145426, 
          525.3699600804075
        ], 
        [
          293.4206302187886, 
          355.662641402323
        ], 
        [
          158.17536019537226, 
          358.8849689995934
        ], 
        [
          86.20973087076769, 
          542.1799965002551
        ], 
        [
          274.142638674092, 
          523.9646858247818
        ], 
        [
          285.97775638634226, 
          327.0921524672222
        ], 
        [
          126.89058480934123, 
          328.8804050353732
        ]
      ], 
      "projected_cuboid_centroid": [
        209.18008747538167, 
        431.4903284301416
      ], 
      "quaternion_xyzw": [
        -0.12405792108050528, 
        0.21724987884636165, 
        0.9679716172567527, 
        0.02105099396318447
      ], 
      "visibility": 0.13354704200560194
    }, 
    {
      "bounding_box": {
        "bottom_right": [
          505, 
          354
        ], 
        "top_left": [
          306, 
          146
        ]
      }, 
      "class": "035_power_drill", 
      "cuboid": [
        [
          -11.711872768769341, 
          20.387377594397872, 
          47.659822169375424
        ], 
        [
          -30.039055530188683, 
          20.435859772879816, 
          45.659429583208265
        ], 
        [
          -30.84052420249803, 
          3.10064230563529, 
          52.582205316935784
        ], 
        [
          -12.513341441078692, 
          3.0521601271533485, 
          54.582597903102936
        ], 
        [
          -12.282071768651972, 
          22.52059644178786, 
          52.93557133072859
        ], 
        [
          -30.60925453007132, 
          22.5690786202698, 
          50.93517874456144
        ], 
        [
          -31.410723202380662, 
          5.233861153025273, 
          57.85795447828895
        ], 
        [
          -13.083540440961325, 
          5.185378974543332, 
          59.858347064456105
        ]
      ], 
      "cuboid_centroid": [
        -21.561297985575003, 
        12.810619373711575, 
        52.75888832383219
      ], 
      "location": [
        -21.561297985575003, 
        12.810619373711575, 
        52.75888832383219
      ], 
      "pose_transform_permuted": [
        [
          0.09969908142665118, 
          -0.3729925159647395, 
          -0.9224627635835999, 
          0.0
        ], 
        [
          0.9940921754249481, 
          -0.002629741564967116, 
          0.10850410800033071, 
          0.0
        ], 
        [
          0.042896909319239986, 
          0.927830715552493, 
          -0.370526875406704, 
          0.0
        ], 
        [
          -21.561297985575003, 
          12.810619373711575, 
          52.75888832383219, 
          1.0
        ]
      ], 
      "projected_cuboid": [
        [
          349.4475253221031, 
          501.4239339195936
        ], 
        [
          127.8054571290669, 
          511.9851882997563
        ], 
        [
          166.18762388397062, 
          304.7350717969545
        ], 
        [
          358.31190078503386, 
          303.1088042223112
        ], 
        [
          356.8254628760525, 
          500.1788677545493
        ], 
        [
          158.43032845569002, 
          509.59731373588926
        ], 
        [
          189.6483324973731, 
          321.5309094542381
        ], 
        [
          364.0552788618805, 
          319.4866802992642
        ]
      ], 
      "projected_cuboid_centroid": [
        261.8257546796755, 
        402.7842283538429
      ], 
      "quaternion_xyzw": [
        0.9803552486931766, 
        -0.011609733039348384, 
        0.053093812091208475, 
        0.18960458271696976
      ], 
      "visibility": 0.9027846842366981
    }, 
    {
      "bounding_box": {
        "bottom_right": [
          338, 
          199
        ], 
        "top_left": [
          275, 
          93
        ]
      }, 
      "class": "061_foam_brick", 
      "cuboid": [
        [
          -37.56230185568317, 
          -0.02942997461771596, 
          53.382600397957404
        ], 
        [
          -29.889753022379928, 
          0.09606348400234208, 
          54.709190369268846
        ], 
        [
          -29.565881863132166, 
          4.655841271428171, 
          52.404680583861875
        ], 
        [
          -37.2384306964354, 
          4.530347812808113, 
          51.07809061255044
        ], 
        [
          -38.39793425384151, 
          2.3583666916469763, 
          57.989734215942775
        ], 
        [
          -30.725385420538277, 
          2.4838601502670343, 
          59.31632418725421
        ], 
        [
          -30.401514261290508, 
          7.043637937692863, 
          57.011814401847246
        ], 
        [
          -38.07406309459375, 
          6.918144479072804, 
          55.685224430535804
        ]
      ], 
      "cuboid_centroid": [
        -33.98190805848684, 
        3.5071039815375737, 
        55.197207399902325
      ], 
      "location": [
        -33.98190805848684, 
        3.5071039815375737, 
        55.197207399902325
      ], 
      "pose_transform_permuted": [
        [
          0.1589863758536928, 
          -0.45429920989374795, 
          -0.8765475230601161, 
          0.0
        ], 
        [
          -0.985251696466666, 
          -0.016114937250604644, 
          -0.1703508244974642, 
          0.0
        ], 
        [
          -0.0632647366426598, 
          -0.8907033943391737, 
          0.45016112272186437, 
          0.0
        ], 
        [
          -33.98190805848684, 
          3.5071039815375737, 
          55.197207399902325, 
          1.0
        ]
      ], 
      "projected_cuboid": [
        [
          103.20309401190144, 
          272.9925174264445
        ], 
        [
          187.7957247763248, 
          274.2229901003626
        ], 
        [
          178.19921905362023, 
          320.6687812949027
        ], 
        [
          89.54075162359784, 
          320.5890737295798
        ], 
        [
          125.51633032538061, 
          294.97594832206914
        ], 
        [
          203.03957351035243, 
          295.61919729818504
        ], 
        [
          194.8347439771682, 
          339.17656601073276
        ], 
        [
          113.90776992768782, 
          339.5443643191815
        ]
      ], 
      "projected_cuboid_centroid": [
        150.52511325199134, 
        307.1724413029644
      ], 
      "quaternion_xyzw": [
        0.012169965635494768, 
        0.9685688687266842, 
        -0.23345276774295065, 
        0.08500613920828252
      ], 
      "visibility": 1.0
    }
  ]
}