{
  "camera_data": {
    "location_worldframe": [
      -14.923398195074972, 
      0.04130895854567579, 
      69.47874225360323
    ], 
    "quaternion_xyzw_worldframe": [
      -0.841917931902363, 
      -0.04742466597201032, 
      -0.09506946318452997, 
      0.5290454701741447
    ]
  }, 
  "objects": [
    {
      "bounding_box": {
        "bottom_right": [
          500, 
          315
        ], 
        "top_left": [
          287, 
          137
        ]
      }, 
      "class": "003_cracker_box", 
      "cuboid": [
        [
          -17.284468329737578, 
          20.88642517436253, 
          54.0625854595011
        ], 
        [
          -33.33064901959112, 
          21.972826979323635, 
          50.8349033075684
        ], 
        [
          -36.200144366251585, 
          2.245380123432475, 
          58.46034651763035
        ], 
        [
          -20.153963676398046, 
          1.1589783184713696, 
          61.688028669563046
        ], 
        [
          -18.42037857109265, 
          23.585661486870272, 
          60.618211195292226
        ], 
        [
          -34.4665592609462, 
          24.672063291831375, 
          57.39052904335953
        ], 
        [
          -37.33605460760666, 
          4.944616435940216, 
          65.01597225342147
        ], 
        [
          -21.28987391775312, 
          3.8582146309791105, 
          68.24365440535416
        ]
      ], 
      "cuboid_centroid": [
        -27.31026146867212, 
        12.915520805151374, 
        59.53927885646129
      ], 
      "location": [
        -27.31026146867212, 
        12.915520805151374, 
        59.53927885646129
      ], 
      "pose_transform_permuted": [
        [
          0.1582047727733597, 
          -0.37593821407267586, 
          -0.9130398179003898, 
          0.0
        ], 
        [
          0.9782108812820911, 
          -0.06622947152336706, 
          0.19676668631414845, 
          0.0
        ], 
        [
          0.13444226126127368, 
          0.924274913811677, 
          -0.3572690332023938, 
          0.0
        ], 
        [
          -27.31026146867212, 
          12.915520805151374, 
          59.53927885646129, 
          1.0
        ]
      ], 
      "projected_cuboid": [
        [
          309.66734994432977, 
          479.32810024210056
        ], 
        [
          129.0042132542305, 
          503.80805298862305
        ], 
        [
          148.59981129658271, 
          293.7705970543428
        ], 
        [
          305.9053390289054, 
          283.3064048347348
        ], 
        [
          318.1838539160041, 
          480.7934060490017
        ], 
        [
          158.63654411338712, 
          502.55946384748637
        ], 
        [
          172.78084994708857, 
          313.8467370395683
        ], 
        [
          313.83160816981393, 
          303.43822661400003
        ]
      ], 
      "projected_cuboid_centroid": [
        234.92837882625085, 
        388.9765547995358
      ], 
      "quaternion_xyzw": [
        0.9766685227079551, 
        -0.05136638688535013, 
        0.09086282879868451, 
        0.18768067932663232
      ], 
      "visibility": 0.38346589539648107
    }, 
    {
      "bounding_box": {
        "bottom_right": [
          473, 
          360
        ], 
        "top_left": [
          323, 
          283
        ]
      }, 
      "class": "006_mustard_bottle", 
      "cuboid": [
        [
          -14.301299002316824, 
          24.185987668773645, 
          66.40140177569575
        ], 
        [
          -23.014940907298044, 
          23.45294269883383, 
          62.43388899890385
        ], 
        [
          -25.11208848215785, 
          6.115688960560591, 
          70.24300805603065
        ], 
        [
          -16.398446577176635, 
          6.848733930500408, 
          74.21052083282255
        ], 
        [
          -16.663991749858386, 
          26.607537195942914, 
          71.14305098808555
        ], 
        [
          -25.377633654839606, 
          25.8744922260031, 
          67.17553821129366
        ], 
        [
          -27.474781229699413, 
          8.537238487729857, 
          74.98465726842046
        ], 
        [
          -18.761139324718197, 
          9.270283457669674, 
          78.95217004521236
        ]
      ], 
      "cuboid_centroid": [
        -20.88804011600812, 
        16.361613078251754, 
        70.6930295220581
      ], 
      "location": [
        -20.88804011600812, 
        16.361613078251754, 
        70.6930295220581
      ], 
      "pose_transform_permuted": [
        [
          0.4056194418062688, 
          -0.41572378318707087, 
          -0.8140309859468329, 
          0.0
        ], 
        [
          0.9074441871648035, 
          0.07633976747679053, 
          0.41317929357915806, 
          0.0
        ], 
        [
          0.10962554024425689, 
          0.9062813843880394, 
          -0.40821108906771886, 
          0.0
        ], 
        [
          -20.88804011600812, 
          16.361613078251754, 
          70.6930295220581, 
          1.0
        ]
      ], 
      "projected_cuboid": [
        [
          365.77535742451676, 
          467.54238977301685
        ], 
        [
          283.3616669691033, 
          473.62506926367547
        ], 
        [
          289.34480126820563, 
          319.7198667570034
        ], 
        [
          362.76628313928967, 
          322.5054881258879
        ], 
        [
          355.63543220545694, 
          472.7483329068102
        ], 
        [
          278.4401074961147, 
          478.709133410928
        ], 
        [
          284.5574441800904, 
          334.00664576842195
        ], 
        [
          353.81000946428554, 
          335.9070296878891
        ]
      ], 
      "projected_cuboid_centroid": [
        322.70111495773057, 
        396.7211782266669
      ], 
      "quaternion_xyzw": [
        0.9523335231813058, 
        -0.00873795050715898, 
        0.2149453724600072, 
        0.2162936755345974
      ], 
      "visibility": 0.023213883254451204
    }, 
    {
      "bounding_box": {
        "bottom_right": [
          375, 
          292
        ], 
        "top_left": [
          282, 
          172
        ]
      }, 
      "class": "008_pudding_box", 
      "cuboid": [
        [
          -19.65486476790782, 
          9.136320584223073, 
          55.49431825290995
        ], 
        [
          -30.656682051476746, 
          9.716807234110675, 
          52.70228990582165
        ], 
        [
          -31.913849887866856, 
          1.431286380705568, 
          55.93347914830588
        ], 
        [
          -20.91203260429793, 
          0.8507997308179659, 
          58.72550749539417
        ], 
        [
          -20.455999747549363, 
          10.60833323003717, 
          58.95719680465713
        ], 
        [
          -31.45781703111829, 
          11.188819879924772, 
          56.16516845756884
        ], 
        [
          -32.7149848675084, 
          2.903299026519665, 
          59.39635770005306
        ], 
        [
          -21.713167583939473, 
          2.3228123766320627, 
          62.18838604714135
        ]
      ], 
      "cuboid_centroid": [
        -26.18492481770811, 
        6.019809805371369, 
        57.445337976481504
      ], 
      "location": [
        -26.18492481770811, 
        6.019809805371369, 
        57.445337976481504
      ], 
      "pose_transform_permuted": [
        [
          0.2082438656624904, 
          -0.3826291592030526, 
          -0.9001269876622005, 
          0.0
        ], 
        [
          0.9680096590787327, 
          -0.05107489695331232, 
          0.24566036126045807, 
          0.0
        ], 
        [
          0.13996992153962654, 
          0.922489161905492, 
          -0.3597525260023105, 
          0.0
        ], 
        [
          -26.18492481770811, 
          6.019809805371369, 
          57.445337976481504, 
          1.0
        ]
      ], 
      "projected_cuboid": [
        [
          291.1329030355058, 
          361.0897372835602
        ], 
        [
          168.782188704374, 
          371.61554025269777
        ], 
        [
          174.76616207312625, 
          286.9336964915018
        ], 
        [
          290.10040685287777, 
          281.0131320485457
        ], 
        [
          295.01254322329305, 
          369.24822142322887
        ], 
        [
          180.39825596541561, 
          379.53061982811505
        ], 
        [
          185.40143712968768, 
          299.35524465977886
        ], 
        [
          293.8359615719231, 
          293.2066775321084
        ]
      ], 
      "projected_cuboid_centroid": [
        236.4716877801962, 
        329.17414469174173
      ], 
      "quaternion_xyzw": [
        0.9734764774567521, 
        -0.049062515355289174, 
        0.11656784663888135, 
        0.1906521889324091
      ], 
      "visibility": 0.7899192754479228
    }, 
    {
      "bounding_box": {
        "bottom_right": [
          516, 
          291
        ], 
        "top_left": [
          310, 
          115
        ]
      }, 
      "class": "019_pitcher_base", 
      "cuboid": [
        [
          -43.07098597389747, 
          31.373086024303248, 
          65.54139540995403
        ], 
        [
          -25.219828926179822, 
          31.354629683026435, 
          71.63265351687717
        ], 
        [
          -28.419580590950144, 
          9.205194402701197, 
          80.94279453362921
        ], 
        [
          -46.27073763866779, 
          9.223650743978009, 
          74.85153642670606
        ], 
        [
          -39.14795826056948, 
          25.966944728172294, 
          54.02811520233804
        ], 
        [
          -21.29680121285184, 
          25.948488386895473, 
          60.11937330926119
        ], 
        [
          -24.496552877622157, 
          3.799053106570238, 
          69.42951432601323
        ], 
        [
          -42.34770992533981, 
          3.8175094478470504, 
          63.33825621909009
        ]
      ], 
      "cuboid_centroid": [
        -33.783769425759814, 
        17.586069565436745, 
        67.48545486798363
      ], 
      "location": [
        -33.783769425759814, 
        17.586069565436745, 
        67.48545486798363
      ], 
      "pose_transform_permuted": [
        [
          -0.2947295862379756, 
          0.4061530796582215, 
          0.8649707725245517, 
          0.0
        ], 
        [
          -0.946418569112676, 
          0.0009785037493964604, 
          -0.3229415194903152, 
          0.0
        ], 
        [
          0.1320100314933279, 
          0.9138045558685715, 
          -0.3841023109263645, 
          0.0
        ], 
        [
          -33.783769425759814, 
          17.586069565436745, 
          67.48545486798363, 
          1.0
        ]
      ], 
      "projected_cuboid": [
        [
          128.2016870729675, 
          528.5737661006698
        ], 
        [
          292.26558595241715, 
          506.7280930830823
        ], 
        [
          292.7843658633006, 
          333.93814347818267
        ], 
        [
          149.16918627183065, 
          339.0053435654912
        ], 
        [
          91.94136400095255, 
          529.6101222262862
        ], 
        [
          291.0985200201957, 
          503.4758471618848
        ], 
        [
          291.8598251316133, 
          302.46878761848853
        ], 
        [
          122.05015393317845, 
          305.4306585968693
        ]
      ], 
      "projected_cuboid_centroid": [
        212.38801332015183, 
        412.26456381833384
      ], 
      "quaternion_xyzw": [
        -0.16001210875775498, 
        0.2047212996235695, 
        0.9650380688742024, 
        0.03445162930149134
      ], 
      "visibility": 0.16278875823534317
    }, 
    {
      "bounding_box": {
        "bottom_right": [
          482, 
          387
        ], 
        "top_left": [
          275, 
          170
        ]
      }, 
      "class": "035_power_drill", 
      "cuboid": [
        [
          -8.010889341217995, 
          17.376472405329196, 
          46.38706314239451
        ], 
        [
          -26.129931470838624, 
          17.625695680874326, 
          42.991809241012675
        ], 
        [
          -27.57067281845079, 
          0.13336408402966626, 
          49.39645913028453
        ], 
        [
          -9.451630688830166, 
          -0.1158591915154647, 
          52.791713031666376
        ], 
        [
          -8.970497774064134, 
          19.38449197946403, 
          51.65548679746893
        ], 
        [
          -27.089539903684763, 
          19.63371525500916, 
          48.26023289608709
        ], 
        [
          -28.53028125129693, 
          2.1413836581645, 
          54.66488278535895
        ], 
        [
          -10.411239121676303, 
          1.8921603826193691, 
          58.06013668674079
        ]
      ], 
      "cuboid_centroid": [
        -18.27058529625746, 
        9.758928031746848, 
        50.52597296387673
      ], 
      "location": [
        -18.27058529625746, 
        9.758928031746848, 
        50.52597296387673
      ], 
      "pose_transform_permuted": [
        [
          0.16778717483496322, 
          -0.35110146995906105, 
          -0.9211819015562589, 
          0.0
        ], 
        [
          0.9828023347466155, 
          -0.013518221069674364, 
          0.18416334801057685, 
          0.0
        ], 
        [
          0.07711262221007173, 
          0.9362399158158152, 
          -0.34279528946520155, 
          0.0
        ], 
        [
          -18.27058529625746, 
          9.758928031746848, 
          50.52597296387673, 
          1.0
        ]
      ], 
      "projected_cuboid": [
        [
          388.72703710410036, 
          473.0666575321703
        ], 
        [
          154.75023056074514, 
          491.935830476387
        ], 
        [
          181.44365627916324, 
          274.72643223614506
        ], 
        [
          385.31781233685325, 
          272.1160895876029
        ], 
        [
          388.2089079642342, 
          473.42266723728653
        ], 
        [
          179.7381897358409, 
          490.2569960073729
        ], 
        [
          200.9313492845797, 
          294.17822898653645
        ], 
        [
          385.166194152039, 
          290.6672443341637
        ]
      ], 
      "projected_cuboid_centroid": [
        287.1374124016779, 
        376.29548812692684
      ], 
      "quaternion_xyzw": [
        0.9798244934832321, 
        -0.023124254364564188, 
        0.08979937866075682, 
        0.17704618634238536
      ], 
      "visibility": 0.9082543352601156
    }, 
    {
      "bounding_box": {
        "bottom_right": [
          312, 
          209
        ], 
        "top_left": [
          244, 
          101
        ]
      }, 
      "class": "061_foam_brick", 
      "cuboid": [
        [
          -34.353873878678655, 
          -2.959594082020677, 
          49.601443737814
        ], 
        [
          -26.80505541298356, 
          -2.9301627430987494, 
          51.51405157211598
        ], 
        [
          -26.276271300479653, 
          1.6818431251858827, 
          49.35603846214595
        ], 
        [
          -33.825089766174756, 
          1.6524117862639556, 
          47.44343062784397
        ], 
        [
          -35.52521645815441, 
          -0.6784970830302437, 
          54.18948138846651
        ], 
        [
          -27.97639799245931, 
          -0.6490657441083162, 
          56.10208922276849
        ], 
        [
          -27.447613879955412, 
          3.9629401241763165, 
          53.944076112798456
        ], 
        [
          -34.996432345650504, 
          3.933508785254389, 
          52.03146827849648
        ]
      ], 
      "cuboid_centroid": [
        -30.900743879317034, 
        0.5016730210778195, 
        51.77275992530623
      ], 
      "location": [
        -30.900743879317034, 
        0.5016730210778195, 
        51.77275992530623
      ], 
      "pose_transform_permuted": [
        [
          0.22285817544220965, 
          -0.4339986645317969, 
          -0.8729143101262494, 
          0.0
        ], 
        [
          -0.969363162259986, 
          -0.0037793538017314443, 
          -0.24560288300050825, 
          0.0
        ], 
        [
          -0.1032922712108183, 
          -0.9009055864348151, 
          0.421544577759758, 
          0.0
        ], 
        [
          -30.900743879317034, 
          0.5016730210778195, 
          51.77275992530623, 
          1.0
        ]
      ], 
      "projected_cuboid": [
        [
          109.14264331932766, 
          241.4646924214089
        ], 
        [
          201.77449919559453, 
          242.95086984658946
        ], 
        [
          195.30113311152633, 
          291.45979301630445
        ], 
        [
          98.19485860112408, 
          291.86157678902475
        ], 
        [
          129.05294711290367, 
          266.608936125265
        ], 
        [
          213.4305819459885, 
          267.11636719289305
        ], 
        [
          207.97408426822508, 
          312.4662538549356
        ], 
        [
          119.89630049192921, 
          313.604778753028
        ]
      ], 
      "projected_cuboid_centroid": [
        160.63082726564002, 
        278.4543530037643
      ], 
      "quaternion_xyzw": [
        0.02571751072444768, 
        0.9673653729099789, 
        -0.22110137137686497, 
        0.12106621540357532
      ], 
      "visibility": 1.0
    }
  ]
}