{
  "camera_data": {
    "location_worldframe": [
      -23.083730700837975, 
      15.09007812822862, 
      72.83072660640767
    ], 
    "quaternion_xyzw_worldframe": [
      0.9181942004082646, 
      0.030545195317942295, 
      -0.08577140861697631, 
      -0.3855280955568704
    ]
  }, 
  "objects": [
    {
      "bounding_box": {
        "bottom_right": [
          539, 
          254
        ], 
        "top_left": [
          371, 
          12
        ]
      }, 
      "class": "003_cracker_box", 
      "cuboid": [
        [
          -33.534643560891766, 
          29.06809742802557, 
          53.513719406217895
        ], 
        [
          -49.747271141854306, 
          27.837003104620056, 
          55.6847167288896
        ], 
        [
          -46.68597348478808, 
          11.832895351768975, 
          69.47059859536328
        ], 
        [
          -30.473345903825543, 
          13.063989675174486, 
          67.29960127269159
        ], 
        [
          -33.170158244635864, 
          33.787958556541106, 
          58.91209498751127
        ], 
        [
          -49.3827858255984, 
          32.55686423313559, 
          61.08309231018296
        ], 
        [
          -46.32148816853218, 
          16.552756480284508, 
          74.86897417665665
        ], 
        [
          -30.108860587569637, 
          17.783850803690022, 
          72.69797685398495
        ]
      ], 
      "cuboid_centroid": [
        -39.92806586471197, 
        22.810426954155037, 
        64.19134679143727
      ], 
      "location": [
        -39.92806586471197, 
        22.810426954155037, 
        64.19134679143727
      ], 
      "pose_transform_permuted": [
        [
          -0.050763972837063936, 
          -0.6573622898829037, 
          -0.7518629123062945, 
          0.0
        ], 
        [
          0.9883578541465654, 
          0.07505024942174435, 
          -0.13234882775653983, 
          0.0
        ], 
        [
          -0.14342862757690367, 
          0.7498281669166869, 
          -0.6458993334024788, 
          0.0
        ], 
        [
          -39.92806586471197, 
          22.810426954155037, 
          64.19134679143727, 
          1.0
        ]
      ], 
      "projected_cuboid": [
        [
          144.60452105658433, 
          562.9802048748552
        ], 
        [
          1.172744844660679, 
          539.8950396421366
        ], 
        [
          120.20624786903352, 
          364.12661917132743
        ], 
        [
          238.0968310593662, 
          376.8128798372427
        ], 
        [
          178.8117484694695, 
          579.1622665121967
        ], 
        [
          46.84034161147084, 
          557.542174123826
        ], 
        [
          148.88208450789162, 
          391.19798639488573
        ], 
        [
          258.8747521600243, 
          403.7506348964226
        ]
      ], 
      "projected_cuboid_centroid": [
        147.0990690259195, 
        462.8019166612387
      ], 
      "quaternion_xyzw": [
        0.9340836329485634, 
        0.058474120863511274, 
        -0.049008673884902314, 
        0.34880753106963713
      ], 
      "visibility": 0.17254694383013047
    }, 
    {
      "bounding_box": {
        "bottom_right": [
          539, 
          305
        ], 
        "top_left": [
          425, 
          198
        ]
      }, 
      "class": "006_mustard_bottle", 
      "cuboid": [
        [
          -27.718580619527028, 
          36.64594451612631, 
          62.501812570113415
        ], 
        [
          -36.93272270221519, 
          33.971425049846374, 
          62.11117320352266
        ], 
        [
          -33.51985927980141, 
          20.320601646031715, 
          75.0714247150562
        ], 
        [
          -24.305717197113253, 
          22.995121112311658, 
          75.46206408164696
        ], 
        [
          -28.986807895991006, 
          40.39035955977352, 
          66.77971064525701
        ], 
        [
          -38.20094997867917, 
          37.71584009349358, 
          66.38907127866626
        ], 
        [
          -34.78808655626539, 
          24.065016689678924, 
          79.3493227901998
        ], 
        [
          -25.57394447357723, 
          26.739536155958866, 
          79.73996215679055
        ]
      ], 
      "cuboid_centroid": [
        -31.253333587896208, 
        30.355480602902617, 
        70.9255676801566
      ], 
      "location": [
        -31.253333587896208, 
        30.355480602902617, 
        70.9255676801566
      ], 
      "pose_transform_permuted": [
        [
          0.21772515300521791, 
          -0.6428290523494988, 
          -0.7344156920739597, 
          0.0
        ], 
        [
          0.959566592685678, 
          0.2785261512465237, 
          0.040681431065909254, 
          0.0
        ], 
        [
          -0.17840279861420064, 
          0.7135782471208136, 
          -0.6774795396782166, 
          0.0
        ], 
        [
          -31.253333587896208, 
          30.355480602902617, 
          70.9255676801566, 
          1.0
        ]
      ], 
      "projected_cuboid": [
        [
          243.10710105715154, 
          585.981467145758
        ], 
        [
          161.8302972692595, 
          564.9832700323171
        ], 
        [
          241.48208164926086, 
          417.6473895409101
        ], 
        [
          308.3876519579136, 
          435.80194961023943
        ], 
        [
          248.17194449936528, 
          595.8541190088475
        ], 
        [
          172.16215835424836, 
          576.2670697195748
        ], 
        [
          245.83221892572266, 
          435.0313924886416
        ], 
        [
          309.1271210383721, 
          452.12683199669044
        ]
      ], 
      "projected_cuboid_centroid": [
        244.6314896836178, 
        501.5423389798272
      ], 
      "quaternion_xyzw": [
        0.9229789450307699, 
        0.12376472733229343, 
        0.06999254572987917, 
        0.357621535988478
      ], 
      "visibility": 0.5914501852222435
    }, 
    {
      "bounding_box": {
        "bottom_right": [
          449, 
          223
        ], 
        "top_left": [
          359, 
          88
        ]
      }, 
      "class": "008_pudding_box", 
      "cuboid": [
        [
          -33.24086922806425, 
          18.409801702682277, 
          59.17483775608168
        ], 
        [
          -44.49650561480241, 
          17.21099610419031, 
          60.197523068990165
        ], 
        [
          -43.25127665729053, 
          10.49553054723579, 
          66.03043296873504
        ], 
        [
          -31.99564027055238, 
          11.694336145727755, 
          65.00774765582655
        ], 
        [
          -33.245566967944455, 
          20.932056512051872, 
          62.07972587045795
        ], 
        [
          -44.50120335468261, 
          19.733250913559903, 
          63.102411183366435
        ], 
        [
          -43.25597439717074, 
          13.017785356605383, 
          68.93532108311132
        ], 
        [
          -32.000338010432586, 
          14.216590955097347, 
          67.91263577020283
        ]
      ], 
      "cuboid_centroid": [
        -38.248421812617494, 
        15.71379352964383, 
        64.0550794195965
      ], 
      "location": [
        -38.248421812617494, 
        15.71379352964383, 
        64.0550794195965
      ], 
      "pose_transform_permuted": [
        [
          0.0012211119691322495, 
          -0.6556249633787625, 
          -0.7550851549702694, 
          0.0
        ], 
        [
          0.9903422735181183, 
          0.10547851948341376, 
          -0.08998233978779913, 
          0.0
        ], 
        [
          -0.13864067663573548, 
          0.7476831333897659, 
          -0.6494215946212417, 
          0.0
        ], 
        [
          -38.248421812617494, 
          15.71379352964383, 
          64.0550794195965, 
          1.0
        ]
      ], 
      "projected_cuboid": [
        [
          179.5135472820678, 
          439.2068538225864
        ], 
        [
          84.0953378122419, 
          425.76725147735954
        ], 
        [
          129.3506992666206, 
          358.05763102064304
        ], 
        [
          216.91932397857516, 
          369.22615600546914
        ], 
        [
          193.60820611577608, 
          453.11135997271197
        ], 
        [
          102.3540977805442, 
          440.06509611370376
        ], 
        [
          144.157477585488, 
          373.99891229279706
        ], 
        [
          228.2034237901713, 
          384.9297730922398
        ]
      ], 
      "projected_cuboid_centroid": [
        160.48865465173455, 
        404.1188449772679
      ], 
      "quaternion_xyzw": [
        0.9344932533033817, 
        0.06530790758954157, 
        -0.023745818256285123, 
        0.3491321508707359
      ], 
      "visibility": 0.5052644318044294
    }, 
    {
      "bounding_box": {
        "bottom_right": [
          539, 
          252
        ], 
        "top_left": [
          351, 
          13
        ]
      }, 
      "class": "035_power_drill", 
      "cuboid": [
        [
          -26.435657975650017, 
          23.77281295704617, 
          44.63688225562329
        ], 
        [
          -44.4948966097493, 
          21.55501681428475, 
          47.60922631657887
        ], 
        [
          -40.847785018606686, 
          7.3178487096144575, 
          59.145194500045385
        ], 
        [
          -22.78854638450741, 
          9.535644852375883, 
          56.17285043908981
        ], 
        [
          -26.157821561795114, 
          27.41187593816068, 
          49.04021125882802
        ], 
        [
          -44.21706019589438, 
          25.194079795399247, 
          52.0125553197836
        ], 
        [
          -40.56994860475178, 
          10.956911690728962, 
          63.54852350325011
        ], 
        [
          -22.510709970652503, 
          13.174707833490388, 
          60.576179442294546
        ]
      ], 
      "cuboid_centroid": [
        -33.5028032902009, 
        17.364862323887568, 
        54.09270287943671
      ], 
      "location": [
        -33.5028032902009, 
        17.364862323887568, 
        54.09270287943671
      ], 
      "pose_transform_permuted": [
        [
          -0.04857959283322286, 
          -0.6362887983765799, 
          -0.7699204259025495, 
          0.0
        ], 
        [
          0.9795585090187473, 
          0.12029638275053801, 
          -0.16122412332171887, 
          0.0
        ], 
        [
          -0.19520390578910446, 
          0.7620141999924432, 
          -0.6174382083455838, 
          0.0
        ], 
        [
          -33.5028032902009, 
          17.364862323887568, 
          54.09270287943671, 
          1.0
        ]
      ], 
      "projected_cuboid": [
        [
          163.11278147278145, 
          557.3231027318831
        ], 
        [
          -20.98942989400877, 
          514.7463026539444
        ], 
        [
          110.1980200813227, 
          339.27249096563065
        ], 
        [
          263.4336651002448, 
          363.8204186405914
        ], 
        [
          194.75623257555145, 
          571.3947612947532
        ], 
        [
          24.431605842052548, 
          531.618320610699
        ], 
        [
          138.28368646945867, 
          365.2404537233763
        ], 
        [
          281.75861858450594, 
          389.2781662889297
        ]
      ], 
      "projected_cuboid_centroid": [
        148.52807555690364, 
        444.493015813413
      ], 
      "quaternion_xyzw": [
        0.9369489226891907, 
        0.08418289431245277, 
        -0.05598056390117086, 
        0.3345238401907145
      ], 
      "visibility": 0.8129596074516033
    }, 
    {
      "bounding_box": {
        "bottom_right": [
          378, 
          156
        ], 
        "top_left": [
          310, 
          52
        ]
      }, 
      "class": "061_foam_brick", 
      "cuboid": [
        [
          -46.607382464587154, 
          4.020078023889875, 
          62.547022696780964
        ], 
        [
          -38.96185874109136, 
          5.2415434478979215, 
          61.711807532299865
        ], 
        [
          -39.92062855100513, 
          8.842853203763884, 
          58.20202693467934
        ], 
        [
          -47.56615227450093, 
          7.621387779755838, 
          59.03724209916044
        ], 
        [
          -46.776035122058126, 
          7.663504899837078, 
          66.33153499321423
        ], 
        [
          -39.13051139856233, 
          8.884970323845124, 
          65.49631982873314
        ], 
        [
          -40.0892812084761, 
          12.486280079711086, 
          61.986539231112616
        ], 
        [
          -47.734804931971894, 
          11.264814655703042, 
          62.82175439559371
        ]
      ], 
      "cuboid_centroid": [
        -43.34833183653163, 
        8.253179051800482, 
        62.266780963946786
      ], 
      "location": [
        -43.34833183653163, 
        8.253179051800482, 
        62.266780963946786
      ], 
      "pose_transform_permuted": [
        [
          0.03208764385930707, 
          -0.6931938445318936, 
          -0.7200365803309241, 
          0.0
        ], 
        [
          -0.9817813327239936, 
          -0.15685151145022902, 
          0.10725212385066163, 
          0.0
        ], 
        [
          0.18728533799061065, 
          -0.7034770054940472, 
          0.6855977719588002, 
          0.0
        ], 
        [
          -43.34833183653163, 
          8.253179051800482, 
          62.266780963946786, 
          1.0
        ]
      ], 
      "projected_cuboid": [
        [
          80.8781831416695, 
          307.5645298598044
        ], 
        [
          142.07880611635323, 
          318.58447817453765
        ], 
        [
          112.74603873553674, 
          354.315791309122
        ], 
        [
          48.3219998257633, 
          342.13520382964646
        ], 
        [
          102.37369384865599, 
          334.9027396753845
        ], 
        [
          160.3121314937666, 
          345.6345520682098
        ], 
        [
          133.8026414349565, 
          380.71595362668364
        ], 
        [
          72.97969223892076, 
          368.9181597736012
        ]
      ], 
      "projected_cuboid_centroid": [
        107.22131474005516, 
        343.9756268278882
      ], 
      "quaternion_xyzw": [
        -0.09324462734238807, 
        0.9226720596383318, 
        -0.3735865853115654, 
        -0.020365979224736
      ], 
      "visibility": 0.9888460758466843
    }
  ]
}