{
  "camera_data": {
    "location_worldframe": [
      -9.709635239163227, 
      -0.7725845760716152, 
      78.89175203934761
    ], 
    "quaternion_xyzw_worldframe": [
      -0.8285401146607179, 
      -0.10698856239111657, 
      -0.20064641900958657, 
      0.5116834352485822
    ]
  }, 
  "objects": [
    {
      "bounding_box": {
        "bottom_right": [
          475, 
          408
        ], 
        "top_left": [
          279, 
          247
        ]
      }, 
      "class": "003_cracker_box", 
      "cuboid": [
        [
          -7.933210864333608, 
          19.818488258638244, 
          63.061215939134144
        ], 
        [
          -22.69534116655739, 
          21.02871763407348, 
          56.01189189450716
        ], 
        [
          -27.63443163237456, 
          1.474836565960176, 
          62.997925654155736
        ], 
        [
          -12.872301330150773, 
          0.2646071905249389, 
          70.04724969878272
        ], 
        [
          -10.586630709799323, 
          22.647433939203587, 
          69.10346940907746
        ], 
        [
          -25.348761012023115, 
          23.85766331463882, 
          62.05414536445048
        ], 
        [
          -30.287851477840277, 
          4.303782246525518, 
          69.04017912409905
        ], 
        [
          -15.525721175616491, 
          3.093552871090281, 
          76.08950316872604
        ]
      ], 
      "cuboid_centroid": [
        -19.11053117108694, 
        12.061135252581881, 
        66.05069753161659
      ], 
      "location": [
        -19.11053117108694, 
        12.061135252581881, 
        66.05069753161659
      ], 
      "pose_transform_permuted": [
        [
          0.36955709037665674, 
          -0.39400358610035363, 
          -0.8415395006132514, 
          0.0
        ], 
        [
          0.8999323123458605, 
          -0.0737782757641865, 
          0.4297424801216377, 
          0.0
        ], 
        [
          0.23140741161028544, 
          0.9161429692822649, 
          -0.32731127338743327, 
          0.0
        ], 
        [
          -19.11053117108694, 
          12.061135252581881, 
          66.05069753161659, 
          1.0
        ]
      ], 
      "projected_cuboid": [
        [
          413.945418482446, 
          440.894912475527
        ], 
        [
          263.7015929989697, 
          473.51235689057273
        ], 
        [
          245.70354037312327, 
          285.7720161052941
        ], 
        [
          382.7743385665572, 
          275.3011809140514
        ], 
        [
          399.2117834696359, 
          448.0725528029355
        ], 
        [
          261.9235647966774, 
          478.3293917613517
        ], 
        [
          245.68057947388306, 
          306.53227087054904
        ], 
        [
          371.8687379770973, 
          294.9695856952477
        ]
      ], 
      "projected_cuboid_centroid": [
        326.00513125173103, 
        370.67293760876316
      ], 
      "quaternion_xyzw": [
        0.956244579362594, 
        -0.07978756009730802, 
        0.20896839254008776, 
        0.18858011722497697
      ], 
      "visibility": 0.565370465603861
    }, 
    {
      "bounding_box": {
        "bottom_right": [
          446, 
          408
        ], 
        "top_left": [
          314, 
          334
        ]
      }, 
      "class": "006_mustard_bottle", 
      "cuboid": [
        [
          -7.987732919489071, 
          23.304498848582245, 
          75.7055172557569
        ], 
        [
          -15.486167235447548, 
          22.59932752232818, 
          69.74881648938539
        ], 
        [
          -19.684120265540557, 
          5.429636663766041, 
          77.06589526188274
        ], 
        [
          -12.185685949582078, 
          6.134807990020101, 
          83.02259602825426
        ], 
        [
          -11.394443509157071, 
          25.837230582802267, 
          79.6941322166042
        ], 
        [
          -18.892877825115548, 
          25.132059256548207, 
          73.73743145023268
        ], 
        [
          -23.090830855208555, 
          7.962368397986063, 
          81.05451022273003
        ], 
        [
          -15.592396539250078, 
          8.667539724240124, 
          87.01121098910156
        ]
      ], 
      "cuboid_centroid": [
        -15.539281887348814, 
        15.633433623284155, 
        78.38001373924347
      ], 
      "location": [
        -15.539281887348814, 
        15.633433623284155, 
        78.38001373924347
      ], 
      "pose_transform_permuted": [
        [
          0.5848530449904942, 
          -0.43481118454708323, 
          -0.6847525035502113, 
          0.0
        ], 
        [
          0.7808916991371677, 
          0.07343698856832027, 
          0.620334590756357, 
          0.0
        ], 
        [
          0.2194422912153548, 
          0.8975222625058131, 
          -0.3824903516856357, 
          0.0
        ], 
        [
          -15.539281887348814, 
          15.633433623284155, 
          78.38001373924347, 
          1.0
        ]
      ], 
      "projected_cuboid": [
        [
          424.85727650290784, 
          437.45879467377284
        ], 
        [
          362.1985770235196, 
          446.0875192854043
        ], 
        [
          344.24173746956234, 
          310.86128557179666
        ], 
        [
          402.66646768327456, 
          312.6952459307635
        ], 
        [
          404.70907808443, 
          446.1913762857781
        ], 
        [
          343.8120976486194, 
          455.0587953454733
        ], 
        [
          328.39870985648247, 
          325.6770463368628
        ], 
        [
          385.22983418064143, 
          326.4126652965703
        ]
      ], 
      "projected_cuboid_centroid": [
        374.9823051720592, 
        379.6608023601257
      ], 
      "quaternion_xyzw": [
        0.9169468993885622, 
        -0.03980745851924296, 
        0.32858708518194824, 
        0.2228322972621728
      ], 
      "visibility": 0.042667052357535436
    }, 
    {
      "bounding_box": {
        "bottom_right": [
          358, 
          387
        ], 
        "top_left": [
          274, 
          281
        ]
      }, 
      "class": "008_pudding_box", 
      "cuboid": [
        [
          -10.760569887778244, 
          8.123544384343823, 
          64.0450323259439
        ], 
        [
          -20.743805227348037, 
          8.778617254898545, 
          58.652605945203376
        ], 
        [
          -22.875574435500088, 
          0.5670888997901704, 
          61.60171984911356
        ], 
        [
          -12.892339095930296, 
          -0.0879839707645512, 
          66.99414622985408
        ], 
        [
          -12.356537154206912, 
          9.666336878781337, 
          67.18714087798152
        ], 
        [
          -22.339772493776703, 
          10.321409749336057, 
          61.794714497240996
        ], 
        [
          -24.471541701928757, 
          2.1098813942276835, 
          64.74382840115118
        ], 
        [
          -14.488306362358964, 
          1.4548085236729618, 
          70.13625478189171
        ]
      ], 
      "cuboid_centroid": [
        -17.616055794853498, 
        5.116712889285754, 
        64.39443036354754
      ], 
      "location": [
        -17.616055794853498, 
        5.116712889285754, 
        64.39443036354754
      ], 
      "pose_transform_permuted": [
        [
          0.41484943421220905, 
          -0.40102739378636965, 
          -0.8167472995627487, 
          0.0
        ], 
        [
          0.8783883597114974, 
          -0.057637465679824376, 
          0.47445987220890173, 
          0.0
        ], 
        [
          0.23734585006758305, 
          0.9142510222702518, 
          -0.3283469635422956, 
          0.0
        ], 
        [
          -17.616055794853498, 
          5.116712889285754, 
          64.39443036354754, 
          1.0
        ]
      ], 
      "projected_cuboid": [
        [
          391.24428003232333, 
          340.93339750492595
        ], 
        [
          291.40480288734796, 
          353.1092230906959
        ], 
        [
          281.9003585437766, 
          278.1961349277197
        ], 
        [
          378.1098771404266, 
          272.5861249266454
        ], 
        [
          382.6956873881521, 
          350.01620213466913
        ], 
        [
          287.18682040381606, 
          362.36551488164037
        ], 
        [
          278.33577125925615, 
          290.6664349306564
        ], 
        [
          370.5091607876979, 
          284.34897463209336
        ]
      ], 
      "projected_cuboid_centroid": [
        334.4837102457517, 
        315.6635443454057
      ], 
      "quaternion_xyzw": [
        0.9499192967753232, 
        -0.07763378340370147, 
        0.23404864745879883, 
        0.1919569272370457
      ], 
      "visibility": 0.8270148462354189
    }, 
    {
      "bounding_box": {
        "bottom_right": [
          496, 
          357
        ], 
        "top_left": [
          303, 
          201
        ]
      }, 
      "class": "019_pitcher_base", 
      "cuboid": [
        [
          -35.57211548997414, 
          30.800756167693333, 
          67.76850597348385
        ], 
        [
          -19.73884912374363, 
          30.6890227068645, 
          78.01851893511929
        ], 
        [
          -25.444869804408317, 
          8.747596785893167, 
          86.5934694452785
        ], 
        [
          -41.278136170638824, 
          8.859330246722005, 
          76.34345648364307
        ], 
        [
          -29.052224535062017, 
          25.145136306952992, 
          57.63553418731924
        ], 
        [
          -13.218958168831504, 
          25.033402846124158, 
          67.88554714895467
        ], 
        [
          -18.924978849496192, 
          3.0919769251528257, 
          76.46049765911388
        ], 
        [
          -34.7582452157267, 
          3.203710385981662, 
          66.21048469747845
        ]
      ], 
      "cuboid_centroid": [
        -27.248547169735165, 
        16.946366546423082, 
        72.11450181629887
      ], 
      "location": [
        -27.248547169735165, 
        16.946366546423082, 
        72.11450181629887
      ], 
      "pose_transform_permuted": [
        [
          -0.48982696628156974, 
          0.42489592816596033, 
          0.7612708347053411, 
          0.0
        ], 
        [
          -0.8394356320238429, 
          0.005923796526856177, 
          -0.5434271052910643, 
          0.0
        ], 
        [
          0.2354095094471011, 
          0.9052228517377332, 
          -0.35377104397290793, 
          0.0
        ], 
        [
          -27.248547169735165, 
          16.946366546423082, 
          72.11450181629887, 
          1.0
        ]
      ], 
      "projected_cuboid": [
        [
          199.32135010796435, 
          515.6800540364834
        ], 
        [
          345.54164332871636, 
          483.0707920450856
        ], 
        [
          323.57897020051183, 
          327.16201729283927
        ], 
        [
          190.83349382844497, 
          335.17598511918203
        ], 
        [
          210.52747265729164, 
          505.962330842505
        ], 
        [
          376.8814064214619, 
          469.9529055950883
        ], 
        [
          348.4934015243279, 
          294.85338485508686
        ], 
        [
          199.28930945419856, 
          299.09214105864515
        ]
      ], 
      "projected_cuboid_centroid": [
        278.4023185737842, 
        398.61263627198906
      ], 
      "quaternion_xyzw": [
        -0.2759151525913761, 
        0.2079314491435399, 
        0.9362063499126296, 
        0.06444447476682875
      ], 
      "visibility": 0.3014339469134547
    }, 
    {
      "bounding_box": {
        "bottom_right": [
          441, 
          495
        ], 
        "top_left": [
          265, 
          327
        ]
      }, 
      "class": "035_power_drill", 
      "cuboid": [
        [
          2.8726622898472556, 
          16.06670787879701, 
          57.92412447927173
        ], 
        [
          -13.872060408551734, 
          16.460478009013077, 
          50.22031011045672
        ], 
        [
          -17.094436577174545, 
          -0.8968670104249774, 
          56.337156212241545
        ], 
        [
          -0.3497138787755538, 
          -1.2906371406410433, 
          64.04097058105656
        ], 
        [
          0.6924393592199152, 
          18.17952489633828, 
          62.77096994689296
        ], 
        [
          -16.052283339179073, 
          18.573295026554344, 
          55.06715557807795
        ], 
        [
          -19.274659507801882, 
          1.2159500071162912, 
          61.184001679862774
        ], 
        [
          -2.5299368094028942, 
          0.8221798769002253, 
          68.88781604867779
        ]
      ], 
      "cuboid_centroid": [
        -8.200998608977313, 
        8.641328942956651, 
        59.55406307956726
      ], 
      "location": [
        -8.200998608977313, 
        8.641328942956651, 
        59.55406307956726
      ], 
      "pose_transform_permuted": [
        [
          0.38121116230230073, 
          -0.36942526366201994, 
          -0.8474691134818383, 
          0.0
        ], 
        [
          0.9082573154222112, 
          -0.021358645813686385, 
          0.41786572899173646, 
          0.0
        ], 
        [
          0.17247084393154954, 
          0.9290150458110513, 
          -0.3273912026928619, 
          0.0
        ], 
        [
          -8.200998608977313, 
          8.641328942956651, 
          59.55406307956726, 
          1.0
        ]
      ], 
      "projected_cuboid": [
        [
          508.26668956277666, 
          421.2160928238032
        ], 
        [
          333.05368248475185, 
          448.0902230095925
        ], 
        [
          318.4228247088102, 
          264.79628443796895
        ], 
        [
          478.660456206745, 
          262.538386358707
        ], 
        [
          487.5292535616813, 
          427.74482734939323
        ], 
        [
          324.83683165913754, 
          453.1669377894837
        ], 
        [
          312.18647066852174, 
          283.8855497025932
        ], 
        [
          461.8474375848897, 
          279.65173656648386
        ]
      ], 
      "projected_cuboid_centroid": [
        407.5433146841778, 
        350.67151747049354
      ], 
      "quaternion_xyzw": [
        0.9597840218917876, 
        -0.05048778822218442, 
        0.2081397671423547, 
        0.18150345558509562
      ], 
      "visibility": 0.9359358661554549
    }, 
    {
      "bounding_box": {
        "bottom_right": [
          300, 
          328
        ], 
        "top_left": [
          238, 
          246
        ]
      }, 
      "class": "061_foam_brick", 
      "cuboid": [
        [
          -23.77075853153281, 
          -3.908563904376826, 
          54.93121549105384
        ], 
        [
          -16.913508278660515, 
          -3.930470713282963, 
          58.62191111935614
        ], 
        [
          -15.805393975027007, 
          0.635850779913538, 
          56.59015767457366
        ], 
        [
          -22.662644227899303, 
          0.6577575888196753, 
          52.89946204627136
        ], 
        [
          -25.986803283716863, 
          -1.5325213950923842, 
          59.0626927197811
        ], 
        [
          -19.12955303084457, 
          -1.5544282039985213, 
          62.75338834808339
        ], 
        [
          -18.021438727211063, 
          3.0118932891979795, 
          60.72163490330092
        ], 
        [
          -24.878688980083357, 
          3.033800098104117, 
          57.030939274998616
        ]
      ], 
      "cuboid_centroid": [
        -20.896098629371938, 
        -0.4483353075894231, 
        57.82642519717738
      ], 
      "location": [
        -20.896098629371938, 
        -0.4483353075894231, 
        57.82642519717738
      ], 
      "pose_transform_permuted": [
        [
          0.4216219053447675, 
          -0.45206287867487227, 
          -0.7860496947761226, 
          0.0
        ], 
        [
          -0.8805571123136425, 
          0.0028131095816891216, 
          -0.47393170221914943, 
          0.0
        ], 
        [
          -0.21645817352852958, 
          -0.8919816366600095, 
          0.39688111440836266, 
          0.0
        ], 
        [
          -20.896098629371938, 
          -0.4483353075894231, 
          57.82642519717738, 
          1.0
        ]
      ], 
      "projected_cuboid": [
        [
          248.88678769684861, 
          235.3388309510034
        ], 
        [
          326.44217916836067, 
          237.52862831167826
        ], 
        [
          331.40183168710223, 
          279.2789523311642
        ], 
        [
          251.2137316675701, 
          279.91789092014994
        ], 
        [
          244.98801690737326, 
          259.4482987479268
        ], 
        [
          317.66671302303274, 
          260.07598435797854
        ], 
        [
          321.9952844604604, 
          299.7400693481231
        ], 
        [
          247.00749518960345, 
          301.65684056305105
        ]
      ], 
      "projected_cuboid_centroid": [
        287.27120653021166, 
        269.1516463890674
      ], 
      "quaternion_xyzw": [
        0.05811829703817611, 
        0.943211063833246, 
        -0.22501432225389034, 
        0.2373682948343377
      ], 
      "visibility": 0.9859764899979377
    }
  ]
}