{
  "camera_data": {
    "location_worldframe": [
      -23.64867261988186, 
      15.3968110855505, 
      75.1182851063006
    ], 
    "quaternion_xyzw_worldframe": [
      0.9247229850444805, 
      0.03596349276619703, 
      -0.11616983843762359, 
      -0.3606928716093598
    ]
  }, 
  "objects": [
    {
      "bounding_box": {
        "bottom_right": [
          539, 
          256
        ], 
        "top_left": [
          361, 
          19
        ]
      }, 
      "class": "003_cracker_box", 
      "cuboid": [
        [
          -35.54506579217679, 
          27.957811474901373, 
          55.66449477301819
        ], 
        [
          -51.57537498990057, 
          26.260083698340697, 
          58.70176708699062
        ], 
        [
          -47.24214553776589, 
          11.121362218032793, 
          73.10995162228903
        ], 
        [
          -31.21183634004212, 
          12.819089994593474, 
          70.07267930831661
        ], 
        [
          -35.10375703124199, 
          32.964316260930396, 
          60.79212131362481
        ], 
        [
          -51.13406622896576, 
          31.266588484369713, 
          63.82939362759724
        ], 
        [
          -46.80083677683108, 
          16.12786700406181, 
          78.23757816289566
        ], 
        [
          -30.77052757910731, 
          17.82559478062249, 
          75.20030584892324
        ]
      ], 
      "cuboid_centroid": [
        -41.17295128450394, 
        22.042839239481594, 
        66.95103646795692
      ], 
      "location": [
        -41.17295128450394, 
        22.042839239481594, 
        66.95103646795692
      ], 
      "pose_transform_permuted": [
        [
          -0.06146361719857016, 
          -0.6972848058114048, 
          -0.7141541313648052, 
          0.0
        ], 
        [
          0.9772433198041536, 
          0.1034972630924342, 
          -0.18515887888657329, 
          0.0
        ], 
        [
          -0.20302147093109357, 
          0.7092828886395945, 
          -0.6750556023203188, 
          0.0
        ], 
        [
          -41.17295128450394, 
          22.042839239481594, 
          66.95103646795692, 
          1.0
        ]
      ], 
      "projected_cuboid": [
        [
          138.20299945869724, 
          541.1493547189597
        ], 
        [
          9.117580789705599, 
          511.86567430086313
        ], 
        [
          134.10503235476816, 
          354.4142111750845
        ], 
        [
          242.06573278295357, 
          370.8519771801984
        ], 
        [
          171.0710171334928, 
          562.477226312639
        ], 
        [
          50.79145837839848, 
          534.5311306365995
        ], 
        [
          159.9126993368061, 
          383.224850362954
        ], 
        [
          261.554313225637, 
          399.70542246414317
        ]
      ], 
      "projected_cuboid_centroid": [
        150.88774961875984, 
        448.87572158929925
      ], 
      "quaternion_xyzw": [
        0.9220466826317084, 
        0.08310824706528447, 
        -0.06686822390088558, 
        0.372090815460337
      ], 
      "visibility": 0.2731354766083656
    }, 
    {
      "bounding_box": {
        "bottom_right": [
          539, 
          304
        ], 
        "top_left": [
          421, 
          195
        ]
      }, 
      "class": "006_mustard_bottle", 
      "cuboid": [
        [
          -29.600166152482547, 
          36.20073928753872, 
          63.95587792957485
        ], 
        [
          -38.71267765601362, 
          33.1798354783459, 
          64.16164985142964
        ], 
        [
          -34.158743488784616, 
          20.35898344389096, 
          77.60963008251075
        ], 
        [
          -25.04623198525355, 
          23.37988725308378, 
          77.40385816065594
        ], 
        [
          -30.804716943205147, 
          40.11630863712617, 
          68.0967510798074
        ], 
        [
          -39.91722844673621, 
          37.09540482793335, 
          68.30252300166222
        ], 
        [
          -35.363294279507215, 
          24.27455279347841, 
          81.75050323274331
        ], 
        [
          -26.250782775976145, 
          27.29545660267123, 
          81.54473131088851
        ]
      ], 
      "cuboid_centroid": [
        -32.48173021599488, 
        30.237646040508565, 
        72.85319058115908
      ], 
      "location": [
        -32.48173021599488, 
        30.237646040508565, 
        72.85319058115908
      ], 
      "pose_transform_permuted": [
        [
          0.2067933800823606, 
          -0.6722122694903899, 
          -0.7108916965761132, 
          0.0
        ], 
        [
          0.948982719799925, 
          0.3145988361156952, 
          -0.02142921827693304, 
          0.0
        ], 
        [
          -0.2380507215152144, 
          0.6701926214051761, 
          -0.7029748958534323, 
          0.0
        ], 
        [
          -32.48173021599488, 
          30.237646040508565, 
          72.85319058115908, 
          1.0
        ]
      ], 
      "projected_cuboid": [
        [
          232.70822895127904, 
          575.1597013609905
        ], 
        [
          157.13089459162896, 
          549.0814414475019
        ], 
        [
          244.90810249914716, 
          413.1898534919028
        ], 
        [
          307.5881415902826, 
          434.37607564405437
        ], 
        [
          238.33042144372607, 
          587.4691188162102
        ], 
        [
          167.31806142996115, 
          562.9347818671968
        ], 
        [
          248.97333635983878, 
          431.6475738838858
        ], 
        [
          308.48071701204503, 
          451.8045280929424
        ]
      ], 
      "projected_cuboid_centroid": [
        241.83398380962737, 
        494.64031334472264
      ], 
      "quaternion_xyzw": [
        0.9124235636179634, 
        0.15142352183440183, 
        0.05078895624703544, 
        0.3767951695292967
      ], 
      "visibility": 0.68413906195777
    }, 
    {
      "bounding_box": {
        "bottom_right": [
          437, 
          227
        ], 
        "top_left": [
          349, 
          98
        ]
      }, 
      "class": "008_pudding_box", 
      "cuboid": [
        [
          -34.56991057492449, 
          17.62851601878527, 
          61.836078280873075
        ], 
        [
          -45.708988204613746, 
          16.081047639214617, 
          63.4788386884382
        ], 
        [
          -43.92765082645436, 
          9.729813113022388, 
          69.57470350323572
        ], 
        [
          -32.7885731967651, 
          11.277281492593042, 
          67.9319430956706
        ], 
        [
          -34.53220635867352, 
          20.29782618260272, 
          64.60619163425959
        ], 
        [
          -45.671283988362774, 
          18.750357803032067, 
          66.24895204182472
        ], 
        [
          -43.88994661020339, 
          12.399123276839838, 
          72.34481685662224
        ], 
        [
          -32.75086898051413, 
          13.94659165641049, 
          70.70205644905711
        ]
      ], 
      "cuboid_centroid": [
        -39.22992859256394, 
        15.013819647812554, 
        67.09044756874766
      ], 
      "location": [
        -39.22992859256394, 
        15.013819647812554, 
        67.09044756874766
      ], 
      "pose_transform_permuted": [
        [
          -0.009800685207117018, 
          -0.693849951994653, 
          -0.7200523353637621, 
          0.0
        ], 
        [
          0.9800866948473062, 
          0.13615608221202666, 
          -0.14454047918520782, 
          0.0
        ], 
        [
          -0.19832964687716, 
          0.7071305617104854, 
          -0.6786983369646221, 
          0.0
        ], 
        [
          -39.22992859256394, 
          15.013819647812554, 
          67.09044756874766, 
          1.0
        ]
      ], 
      "projected_cuboid": [
        [
          180.95617265648025, 
          425.3277585187425
        ], 
        [
          94.37118948298354, 
          408.39199676266736
        ], 
        [
          142.0669121168747, 
          347.8696782966349
        ], 
        [
          222.03560128813743, 
          361.82213391548856
        ], 
        [
          194.16056237644045, 
          440.8436702802783
        ], 
        [
          110.8685908315037, 
          424.23131068530637
        ], 
        [
          155.3479325732467, 
          364.6917767395531
        ], 
        [
          232.49202499049233, 
          378.4884348203808
        ]
      ], 
      "projected_cuboid_centroid": [
        167.1492634318581, 
        392.6353324304988
      ], 
      "quaternion_xyzw": [
        0.9229395418879769, 
        0.09060336942682033, 
        -0.04180695413607554, 
        0.37178716120223143
      ], 
      "visibility": 0.46433908436353755
    }, 
    {
      "bounding_box": {
        "bottom_right": [
          539, 
          239
        ], 
        "top_left": [
          390, 
          40
        ]
      }, 
      "class": "019_pitcher_base", 
      "cuboid": [
        [
          -57.96131239574128, 
          39.917527690158835, 
          71.82469437142814
        ], 
        [
          -39.59815648711375, 
          43.89952621713245, 
          70.17977288072203
        ], 
        [
          -34.47246837231429, 
          27.206224318518373, 
          86.98975838865321
        ], 
        [
          -52.83562428094183, 
          23.224225791544768, 
          88.63467987935934
        ], 
        [
          -56.81193630462135, 
          30.68494975578913, 
          62.30573588957178
        ], 
        [
          -38.44878039599381, 
          34.66694828276274, 
          60.66081439886566
        ], 
        [
          -33.323092281194356, 
          17.973646384148665, 
          77.47079990679686
        ], 
        [
          -51.686248189821896, 
          13.991647857175064, 
          79.11572139750297
        ]
      ], 
      "cuboid_centroid": [
        -45.64220233846782, 
        28.945587037153754, 
        74.6477471391125
      ], 
      "location": [
        -45.64220233846782, 
        28.945587037153754, 
        74.6477471391125
      ], 
      "pose_transform_permuted": [
        [
          -0.08635043250312094, 
          0.6936259627384255, 
          0.7151411868039079, 
          0.0
        ], 
        [
          -0.9735633210205984, 
          -0.21111445818516184, 
          0.08720915060997819, 
          0.0
        ], 
        [
          -0.21146711381060335, 
          0.688704480921602, 
          -0.6935184191750926, 
          0.0
        ], 
        [
          -45.64220233846782, 
          28.945587037153754, 
          74.6477471391125, 
          1.0
        ]
      ], 
      "projected_cuboid": [
        [
          47.6306108236226, 
          569.6859785254779
        ], 
        [
          178.16970168025307, 
          606.8937308021333
        ], 
        [
          268.49091224125675, 
          440.0833251202934
        ], 
        [
          161.03295540558298, 
          413.02793982863216
        ], 
        [
          -8.74968135990552, 
          535.9410814152768
        ], 
        [
          140.74489242674088, 
          578.0724626544874
        ], 
        [
          250.28462604857594, 
          397.0195781616327
        ], 
        [
          130.27619377388348, 
          367.6043255368877
        ]
      ], 
      "projected_cuboid_centroid": [
        152.78963614921918, 
        480.08780131400846
      ], 
      "quaternion_xyzw": [
        0.00023363010135204364, 
        0.37739821711974847, 
        0.9188864169126274, 
        -0.1149711118311009
      ], 
      "visibility": 0.010232781029347573
    }, 
    {
      "bounding_box": {
        "bottom_right": [
          529, 
          251
        ], 
        "top_left": [
          339, 
          21
        ]
      }, 
      "class": "035_power_drill", 
      "cuboid": [
        [
          -28.681928616269957, 
          22.463031632116582, 
          46.72373074152547
        ], 
        [
          -46.47890374817787, 
          19.756237010015482, 
          50.702485322912125
        ], 
        [
          -41.73697795960811, 
          6.2839425566057665, 
          62.747748396218675
        ], 
        [
          -23.9400028277002, 
          8.990737178706866, 
          58.768993814832015
        ], 
        [
          -28.33326784600362, 
          26.335625187096245, 
          50.91786159177955
        ], 
        [
          -46.13024297791153, 
          23.628830564995145, 
          54.8966161731662
        ], 
        [
          -41.38831718934177, 
          10.15653611158543, 
          66.94187924647275
        ], 
        [
          -23.591342057433863, 
          12.863330733686528, 
          62.96312466508609
        ]
      ], 
      "cuboid_centroid": [
        -35.03512290280587, 
        16.309783871851007, 
        56.83280499399911
      ], 
      "location": [
        -35.03512290280587, 
        16.309783871851007, 
        56.83280499399911
      ], 
      "pose_transform_permuted": [
        [
          -0.060963205007756975, 
          -0.6771215316928212, 
          -0.7333422072637487, 
          0.0
        ], 
        [
          0.9653329677109576, 
          0.14682034818670858, 
          -0.215813245755308, 
          0.0
        ], 
        [
          -0.2538015116233116, 
          0.721075961490544, 
          -0.6446971361877285, 
          0.0
        ], 
        [
          -35.03512290280587, 
          16.309783871851007, 
          56.83280499399911, 
          1.0
        ]
      ], 
      "projected_cuboid": [
        [
          151.48410664697056, 
          529.6867542457055
        ], 
        [
          -11.37052144814966, 
          481.09465665861734
        ], 
        [
          123.90064917147329, 
          326.69641659251175
        ], 
        [
          262.5347494698487, 
          354.87609555761287
        ], 
        [
          182.3580304033164, 
          549.1289282204084
        ], 
        [
          29.707926616987386, 
          502.84017800897163
        ], 
        [
          149.11241235429964, 
          354.2026948994357
        ], 
        [
          280.10492654573704, 
          382.2434269791376
        ]
      ], 
      "projected_cuboid_centroid": [
        150.08732821093972, 
        426.3377051210034
      ], 
      "quaternion_xyzw": [
        0.9246284573364117, 
        0.1083196868513263, 
        -0.074834504758911, 
        0.35739184139117036
      ], 
      "visibility": 0.8629856706468666
    }, 
    {
      "bounding_box": {
        "bottom_right": [
          366, 
          167
        ], 
        "top_left": [
          299, 
          71
        ]
      }, 
      "class": "061_foam_brick", 
      "cuboid": [
        [
          -47.19542340659185, 
          2.9641526835780625, 
          66.5954460430823
        ], 
        [
          -39.65148934154893, 
          4.41426374060288, 
          65.3187973427176
        ], 
        [
          -40.9155319036354, 
          7.7897603059330525, 
          61.68349120867482
        ], 
        [
          -48.4594659686783, 
          6.339649248908234, 
          62.960139909039526
        ], 
        [
          -47.32229114957372, 
          6.792600483502914, 
          70.19439428668659
        ], 
        [
          -39.77835708453082, 
          8.242711540527733, 
          68.91774558632189
        ], 
        [
          -41.04239964661727, 
          11.618208105857903, 
          65.2824394522791
        ], 
        [
          -48.58633371166018, 
          10.168097048833086, 
          66.55908815264381
        ]
      ], 
      "cuboid_centroid": [
        -44.118911526604556, 
        7.291180394717983, 
        65.93894274768071
      ], 
      "location": [
        -44.118911526604556, 
        7.291180394717983, 
        65.93894274768071
      ], 
      "pose_transform_permuted": [
        [
          0.024137698243726136, 
          -0.7283956943227078, 
          -0.6847313955235551, 
          0.0
        ], 
        [
          -0.9687359438305764, 
          -0.18621248427866544, 
          0.16393773766113165, 
          0.0
        ], 
        [
          0.24691707647341263, 
          -0.6593668350705154, 
          0.7101178311765693, 
          0.0
        ], 
        [
          -44.118911526604556, 
          7.291180394717983, 
          65.93894274768071, 
          1.0
        ]
      ], 
      "projected_cuboid": [
        [
          100.48992104909016, 
          297.0245075813205
        ], 
        [
          155.1497815057808, 
          309.3284339427714
        ], 
        [
          124.89059225726854, 
          340.6373256550599
        ], 
        [
          67.6882506115718, 
          326.9881196450676
        ], 
        [
          119.05778543743735, 
          324.89503030226695
        ], 
        [
          171.20721309667627, 
          337.07271446754936
        ], 
        [
          143.5103505161259, 
          368.200544813872
        ], 
        [
          89.04388434390229, 
          354.76069020075187
        ]
      ], 
      "projected_cuboid_centroid": [
        121.78597513233214, 
        332.2582036906704
      ], 
      "quaternion_xyzw": [
        -0.11898383989271749, 
        0.910059637389859, 
        -0.395170125780184, 
        -0.03840408740089986
      ], 
      "visibility": 0.9489371534195934
    }
  ]
}