{
  "camera_data": {
    "location_worldframe": [
      -22.16163379751721, 
      10.194298493582872, 
      80.62831489262906
    ], 
    "quaternion_xyzw_worldframe": [
      0.9449075840309616, 
      0.04040102105028181, 
      -0.112616648732307, 
      -0.3046935737413556
    ]
  }, 
  "objects": [
    {
      "bounding_box": {
        "bottom_right": [
          484, 
          281
        ], 
        "top_left": [
          315, 
          61
        ]
      }, 
      "class": "003_cracker_box", 
      "cuboid": [
        [
          -33.87777029079076, 
          20.184712996342675, 
          59.63599597968021
        ], 
        [
          -49.934762798144114, 
          18.56000625409127, 
          62.57052069547956
        ], 
        [
          -45.63974010496821, 
          5.284121614983777, 
          78.72159540463154
        ], 
        [
          -29.582747597614855, 
          6.908828357235183, 
          75.7870706888322
        ], 
        [
          -33.61696136355148, 
          25.76159010670623, 
          64.15072940861243
        ], 
        [
          -49.67395387090484, 
          24.13688336445482, 
          67.08525412441176
        ], 
        [
          -45.37893117772894, 
          10.86099872534733, 
          83.23632883356376
        ], 
        [
          -29.321938670375587, 
          12.485705467598734, 
          80.3018041177644
        ]
      ], 
      "cuboid_centroid": [
        -39.62835073425985, 
        15.522855860845002, 
        71.43616240662199
      ], 
      "location": [
        -39.62835073425985, 
        15.522855860845002, 
        71.43616240662199
      ], 
      "pose_transform_permuted": [
        [
          -0.036324363993699565, 
          -0.7767238500970804, 
          -0.6287929717091477, 
          0.0
        ], 
        [
          0.9788699937356508, 
          0.09904573835240851, 
          -0.17889515666499425, 
          0.0
        ], 
        [
          -0.20123139900229248, 
          0.622004825065364, 
          -0.756713896826922, 
          0.0
        ], 
        [
          -39.62835073425985, 
          15.522855860845002, 
          71.43616240662199, 
          1.0
        ]
      ], 
      "projected_cuboid": [
        [
          176.10630689271827, 
          453.7966903616621
        ], 
        [
          52.43141131608478, 
          431.4826771387192
        ], 
        [
          169.82226466932178, 
          309.08517141414876
        ], 
        [
          271.6861032608157, 
          321.9045070649746
        ], 
        [
          199.7921328688809, 
          487.45651896515795
        ], 
        [
          83.40427152978272, 
          465.17181505154673
        ], 
        [
          188.4179164742695, 
          342.87614379654525
        ], 
        [
          285.23431333125455, 
          356.2095969180945
        ]
      ], 
      "projected_cuboid_centroid": [
        183.2789569139172, 
        389.1752243054393
      ], 
      "quaternion_xyzw": [
        0.8985638250160867, 
        0.08354363067902415, 
        -0.059878751699925375, 
        0.4266357336654827
      ], 
      "visibility": 0.4298978231896935
    }, 
    {
      "bounding_box": {
        "bottom_right": [
          508, 
          321
        ], 
        "top_left": [
          380, 
          215
        ]
      }, 
      "class": "006_mustard_bottle", 
      "cuboid": [
        [
          -28.228773817198473, 
          29.444410652823805, 
          67.01040043252327
        ], 
        [
          -37.29377241778552, 
          26.30221849927662, 
          67.40851681217485
        ], 
        [
          -32.79670699976233, 
          15.220234696871382, 
          82.3392493197794
        ], 
        [
          -23.73170839917528, 
          18.362426850418572, 
          81.9411329401278
        ], 
        [
          -29.57653895828108, 
          33.79299044697671, 
          70.64397157996812
        ], 
        [
          -38.64153755886813, 
          30.65079829342952, 
          71.04208795961972
        ], 
        [
          -34.14447214084494, 
          19.568814491024288, 
          85.97282046722425
        ], 
        [
          -25.07947354025789, 
          22.711006644571476, 
          85.57470408757266
        ]
      ], 
      "cuboid_centroid": [
        -31.186622979021706, 
        24.506612571924048, 
        76.49161044987376
      ], 
      "location": [
        -31.186622979021706, 
        24.506612571924048, 
        76.49161044987376
      ], 
      "pose_transform_permuted": [
        [
          0.23137995610335235, 
          -0.7465501007651832, 
          -0.6237997311006783, 
          0.0
        ], 
        [
          0.9440346959928843, 
          0.3272298811202293, 
          -0.04146009194197131, 
          0.0
        ], 
        [
          -0.23507798491363363, 
          0.5792956470399994, 
          -0.7804837566083318, 
          0.0
        ], 
        [
          -31.186622979021706, 
          24.506612571924048, 
          76.49161044987376, 
          1.0
        ]
      ], 
      "projected_cuboid": [
        [
          255.0588193910248, 
          507.6274867703711
        ], 
        [
          184.0790425362684, 
          481.38321285111647
        ], 
        [
          267.39923424771115, 
          371.869525941134
        ], 
        [
          325.85039584226723, 
          392.79967482116376
        ], 
        [
          256.45119935470973, 
          528.4033324680943
        ], 
        [
          189.09400380848066, 
          503.3849407621379
        ], 
        [
          268.02179699395407, 
          394.67876323110306
        ], 
        [
          323.9939713207203, 
          414.8263157256265
        ]
      ], 
      "projected_cuboid_centroid": [
        262.3436950762323, 
        444.1530725585857
      ], 
      "quaternion_xyzw": [
        0.8870076203355812, 
        0.15848450823374136, 
        0.05352825043643051, 
        0.43038915967705926
      ], 
      "visibility": 0.9361077764439109
    }, 
    {
      "bounding_box": {
        "bottom_right": [
          374, 
          257
        ], 
        "top_left": [
          300, 
          140
        ]
      }, 
      "class": "008_pudding_box", 
      "cuboid": [
        [
          -32.856840160199, 
          10.664070138602678, 
          66.9877664217496
        ], 
        [
          -43.999433978812, 
          9.115414685059905, 
          68.60536954436583
        ], 
        [
          -42.235094736311865, 
          3.5510089217762513, 
          75.43145233325141
        ], 
        [
          -31.092500917698867, 
          5.099664375319024, 
          73.8138492106352
        ], 
        [
          -32.916015631392796, 
          13.638102829804149, 
          69.42739634541968
        ], 
        [
          -44.0586094500058, 
          12.089447376261376, 
          71.0449994680359
        ], 
        [
          -42.29427020750567, 
          6.525041612977721, 
          77.8710822569215
        ], 
        [
          -31.151676388892668, 
          8.073697066520493, 
          76.25347913430527
        ]
      ], 
      "cuboid_centroid": [
        -37.57555518385233, 
        8.5945558757902, 
        72.42942433933554
      ], 
      "location": [
        -37.57555518385233, 
        8.5945558757902, 
        72.42942433933554
      ], 
      "pose_transform_permuted": [
        [
          0.015381838500310909, 
          -0.7730583234544603, 
          -0.6341477765934757, 
          0.0
        ], 
        [
          0.9803960714487894, 
          0.13626052850861886, 
          -0.14232698170574137, 
          0.0
        ], 
        [
          -0.19643711698124863, 
          0.6195270158500744, 
          -0.7599989792348054, 
          0.0
        ], 
        [
          -37.57555518385233, 
          8.5945558757902, 
          72.42942433933554, 
          1.0
        ]
      ], 
      "projected_cuboid": [
        [
          217.82911083531664, 
          358.1879721540615
        ], 
        [
          136.7069744020578, 
          344.1473057690716
        ], 
        [
          180.49569114120376, 
          298.3930756314322
        ], 
        [
          255.07550984498, 
          310.1326164347727
        ], 
        [
          226.63937590303928, 
          378.0501860411859
        ], 
        [
          148.1023120379437, 
          364.03942817433403
        ], 
        [
          189.5202670458389, 
          317.97491744592315
        ], 
        [
          261.9054452276627, 
          329.75426644511487
        ]
      ], 
      "projected_cuboid_centroid": [
        202.611260331626, 
        336.5708316097118
      ], 
      "quaternion_xyzw": [
        0.8991761317856946, 
        0.09250068861068285, 
        -0.03529484900620281, 
        0.42623943421538885
      ], 
      "visibility": 0.4421906693711968
    }, 
    {
      "bounding_box": {
        "bottom_right": [
          532, 
          259
        ], 
        "top_left": [
          351, 
          69
        ]
      }, 
      "class": "019_pitcher_base", 
      "cuboid": [
        [
          -56.79386635895168, 
          33.53412438766737, 
          73.89512383821125
        ], 
        [
          -38.4686321188174, 
          37.63193392838328, 
          72.11711345685873
        ], 
        [
          -33.4030996515973, 
          23.106530875537626, 
          90.84857540410799
        ], 
        [
          -51.72833389173158, 
          19.00872133482171, 
          92.6265857854605
        ], 
        [
          -55.311031124464314, 
          23.278203165926232, 
          65.54111816110303
        ], 
        [
          -36.98579688433004, 
          27.376012706642143, 
          63.76310777975051
        ], 
        [
          -31.920264417109934, 
          12.850609653796491, 
          82.49456972699977
        ], 
        [
          -50.24549865724421, 
          8.752800113080578, 
          84.27258010835229
        ]
      ], 
      "cuboid_centroid": [
        -44.35706538803081, 
        23.19236702073193, 
        78.19484678260551
      ], 
      "location": [
        -44.35706538803081, 
        23.19236702073193, 
        78.19484678260551
      ], 
      "pose_transform_permuted": [
        [
          -0.11140258164243408, 
          0.770507791189882, 
          0.6276205055291579, 
          0.0
        ], 
        [
          -0.9715528199008213, 
          -0.21725443519732404, 
          0.09426515247661642, 
          0.0
        ], 
        [
          -0.20898531216990593, 
          0.5992649165781672, 
          -0.7727914977895456, 
          0.0
        ], 
        [
          -44.35706538803081, 
          23.19236702073193, 
          78.19484678260551, 
          1.0
        ]
      ], 
      "projected_cuboid": [
        [
          68.28565996518918, 
          515.3106975132182
        ], 
        [
          194.7435723760515, 
          551.5817491259502
        ], 
        [
          283.87261391159115, 
          408.9316525058805
        ], 
        [
          181.27684857631934, 
          382.7337690645751
        ], 
        [
          27.770781681099212, 
          462.70536325855466
        ], 
        [
          169.6669981251892, 
          502.2616333614473
        ], 
        [
          273.5158620605429, 
          356.36451277102617
        ], 
        [
          160.96820973342196, 
          328.67869165569823
        ]
      ], 
      "projected_cuboid_centroid": [
        176.54328763156616, 
        431.46759493313766
      ], 
      "quaternion_xyzw": [
        -0.004791226392000337, 
        0.4314705672926871, 
        0.8942089020480821, 
        -0.11916671439721106
      ], 
      "visibility": 0.2114913405850264
    }, 
    {
      "bounding_box": {
        "bottom_right": [
          428, 
          285
        ], 
        "top_left": [
          279, 
          76
        ]
      }, 
      "class": "035_power_drill", 
      "cuboid": [
        [
          -26.754390322608902, 
          13.812141375307732, 
          51.519234431247185
        ], 
        [
          -44.579567919130895, 
          11.262812528472772, 
          55.47568676560367
        ], 
        [
          -39.85678757163679, 
          -0.6259936540268851, 
          69.09290284941173
        ], 
        [
          -22.0316099751148, 
          1.9233351928080746, 
          65.13645051505524
        ], 
        [
          -26.5497863944125, 
          18.15260428256967, 
          55.237809124203565
        ], 
        [
          -44.37496399093449, 
          15.603275435734709, 
          59.19426145856005
        ], 
        [
          -39.65218364344039, 
          3.714469253235053, 
          72.81147754236811
        ], 
        [
          -21.82700604691839, 
          6.263798100070013, 
          68.85502520801163
        ]
      ], 
      "cuboid_centroid": [
        -33.20328698302465, 
        8.763305314271392, 
        62.16535598680765
      ], 
      "location": [
        -33.20328698302465, 
        8.763305314271392, 
        62.16535598680765
      ], 
      "pose_transform_permuted": [
        [
          -0.035774920162373, 
          -0.7589283125883095, 
          -0.6501913913922223, 
          0.0
        ], 
        [
          0.9668627090664907, 
          0.13827918301544095, 
          -0.21460354050187674, 
          0.0
        ], 
        [
          -0.2527767925318808, 
          0.6363231132356214, 
          -0.7288325841164557, 
          0.0
        ], 
        [
          -33.20328698302465, 
          8.763305314271392, 
          62.16535598680765, 
          1.0
        ]
      ], 
      "projected_cuboid": [
        [
          202.3314978358708, 
          416.2678062844496
        ], 
        [
          49.45663145196089, 
          381.56241221079483
        ], 
        [
          171.38364140261345, 
          268.45457028482485
        ], 
        [
          299.7049487033037, 
          289.0342846765014
        ], 
        [
          223.12338901799265, 
          448.54945124583577
        ], 
        [
          78.46240132672402, 
          413.86658993995553
        ], 
        [
          188.73777944284146, 
          300.4937759156557
        ], 
        [
          311.12616398733053, 
          321.80305775185946
        ]
      ], 
      "projected_cuboid_centroid": [
        194.37064322658182, 
        348.46735635237025
      ], 
      "quaternion_xyzw": [
        0.9018560325371138, 
        0.10840310466383357, 
        -0.06940643839790082, 
        0.41241640656307854
      ], 
      "visibility": 0.8024094593589648
    }, 
    {
      "bounding_box": {
        "bottom_right": [
          308, 
          206
        ], 
        "top_left": [
          249, 
          122
        ]
      }, 
      "class": "061_foam_brick", 
      "cuboid": [
        [
          -45.3349982908943, 
          -3.5741350789679354, 
          73.2061659584169
        ], 
        [
          -37.791956962848104, 
          -2.145142909640459, 
          71.90075258980477
        ], 
        [
          -39.03915887836672, 
          0.7603247813531754, 
          67.87459111414961
        ], 
        [
          -46.582200206412914, 
          -0.6686673879743006, 
          69.18000448276173
        ], 
        [
          -45.5934758829903, 
          0.6444804522865722, 
          76.33058730883423
        ], 
        [
          -38.050434554944104, 
          2.0734726216140484, 
          75.0251739402221
        ], 
        [
          -39.29763647046272, 
          4.9789403126076826, 
          70.99901246456693
        ], 
        [
          -46.840677798508914, 
          3.5499481432802065, 
          72.30442583317907
        ]
      ], 
      "cuboid_centroid": [
        -42.316317380678505, 
        0.7024026168198738, 
        72.10258921149192
      ], 
      "location": [
        -42.316317380678505, 
        0.7024026168198738, 
        72.10258921149192
      ], 
      "pose_transform_permuted": [
        [
          0.04917762367435885, 
          -0.8026285193255088, 
          -0.594448501802372, 
          0.0
        ], 
        [
          -0.9686213051805496, 
          -0.18350055368254092, 
          0.16763148256974192, 
          0.0
        ], 
        [
          0.243627437863784, 
          -0.5675517657126461, 
          0.7864672051372428, 
          0.0
        ], 
        [
          -42.316317380678505, 
          0.7024026168198738, 
          72.10258921149192, 
          1.0
        ]
      ], 
      "projected_cuboid": [
        [
          148.5714214611119, 
          247.2483456303252
        ], 
        [
          198.94140993006675, 
          257.375067222029
        ], 
        [
          172.29347571288994, 
          279.26073375646416
        ], 
        [
          119.49487887962417, 
          268.1316754557549
        ], 
        [
          160.3820537002336, 
          277.78950407004606
        ], 
        [
          208.8598864737005, 
          288.025904732615
        ], 
        [
          183.94708572519426, 
          310.68658454516935
        ], 
        [
          133.2196246929483, 
          299.47106046725804
        ]
      ], 
      "projected_cuboid_centroid": [
        165.98852988603102, 
        278.48198345596467
      ], 
      "quaternion_xyzw": [
        -0.1207015233014649, 
        0.8846781297024878, 
        -0.4490604184476549, 
        -0.033473716292505847
      ], 
      "visibility": 0.910061832490163
    }
  ]
}