{
  "camera_data": {
    "location_worldframe": [
      -16.797935531839897, 
      11.493066369089028, 
      73.35909191635771
    ], 
    "quaternion_xyzw_worldframe": [
      0.8810636346171955, 
      0.0023616268677444656, 
      -0.019617333970025536, 
      -0.4725874045841575
    ]
  }, 
  "objects": [
    {
      "bounding_box": {
        "bottom_right": [
          539, 
          305
        ], 
        "top_left": [
          368, 
          118
        ]
      }, 
      "class": "003_cracker_box", 
      "cuboid": [
        [
          -23.7537842380441, 
          29.91817937118899, 
          56.333013607779016
        ], 
        [
          -40.13981999350292, 
          30.315530584357052, 
          56.979589141939776
        ], 
        [
          -40.16759342070712, 
          11.82441658449024, 
          67.63939583939292
        ], 
        [
          -23.7815576652483, 
          11.427065371322184, 
          66.99282030523214
        ], 
        [
          -23.42173307862268, 
          33.499919767934784, 
          62.546971709728915
        ], 
        [
          -39.8077688340815, 
          33.897270981102835, 
          63.19354724388969
        ], 
        [
          -39.8355422612857, 
          15.406156981236027, 
          73.85335394134282
        ], 
        [
          -23.449506505826882, 
          15.00880576806797, 
          73.20677840718204
        ]
      ], 
      "cuboid_centroid": [
        -31.7946632496649, 
        22.66216817621251, 
        65.09318377456091
      ], 
      "location": [
        -31.7946632496649, 
        22.66216817621251, 
        65.09318377456091
      ], 
      "pose_transform_permuted": [
        [
          -0.0462466806908336, 
          -0.49884964935640713, 
          -0.8654537953363368, 
          0.0
        ], 
        [
          0.9989292023367791, 
          -0.024223414152217182, 
          -0.03941668334115067, 
          0.0
        ], 
        [
          0.00130124705051482, 
          0.8663499602030348, 
          -0.4994357348171172, 
          0.0
        ], 
        [
          -31.7946632496649, 
          22.66216817621251, 
          65.09318377456091, 
          1.0
        ]
      ], 
      "projected_cuboid": [
        [
          254.83962027259395, 
          556.5298784243245
        ], 
        [
          102.76403081336402, 
          557.0349183810591
        ], 
        [
          162.24639843536383, 
          366.5190816170425
        ], 
        [
          290.69801541205766, 
          364.2556554620291
        ], 
        [
          280.22256701814763, 
          558.9304749863467
        ], 
        [
          142.84118906273852, 
          559.361291160117
        ], 
        [
          191.53412522895997, 
          384.53951135388104
        ], 
        [
          309.34115087982485, 
          382.6273696678273
        ]
      ], 
      "projected_cuboid_centroid": [
        218.92708027392368, 
        458.9615562345054
      ], 
      "quaternion_xyzw": [
        0.9657552689315433, 
        -0.006607435140108278, 
        -0.022175225646647864, 
        0.2584209002757941
      ], 
      "visibility": 0.1783243114754963
    }, 
    {
      "bounding_box": {
        "bottom_right": [
          539, 
          358
        ], 
        "top_left": [
          401, 
          273
        ]
      }, 
      "class": "006_mustard_bottle", 
      "cuboid": [
        [
          -18.076389401270323, 
          34.96775261464688, 
          67.02435033482948
        ], 
        [
          -27.439458560905265, 
          33.561230089056195, 
          65.42413219123009
        ], 
        [
          -26.788021021337766, 
          17.472752517587363, 
          75.75356848508356
        ], 
        [
          -17.424951861702827, 
          18.879275043178033, 
          77.35378662868295
        ], 
        [
          -19.353453033934283, 
          38.00150315567053, 
          71.83006802505452
        ], 
        [
          -28.716522193569226, 
          36.59498063007985, 
          70.22984988145512
        ], 
        [
          -28.065084654001726, 
          20.506503058611017, 
          80.55928617530861
        ], 
        [
          -18.702015494366787, 
          21.91302558420169, 
          82.15950431890799
        ]
      ], 
      "cuboid_centroid": [
        -23.070737027636028, 
        27.737127836628943, 
        73.79181825506905
      ], 
      "location": [
        -23.070737027636028, 
        27.737127836628943, 
        73.79181825506905
      ], 
      "pose_transform_permuted": [
        [
          0.21924215003039865, 
          -0.5208244712774848, 
          -0.8250300548033085, 
          0.0
        ], 
        [
          0.9750759528086307, 
          0.14647614669980705, 
          0.16664773104513353, 
          0.0
        ], 
        [
          -0.03405301232329848, 
          0.8410033068835336, 
          -0.5399572484583115, 
          0.0
        ], 
        [
          -23.070737027636028, 
          27.737127836628943, 
          73.79181825506905, 
          1.0
        ]
      ], 
      "projected_cuboid": [
        [
          336.562738391265, 
          551.5285075896684
        ], 
        [
          256.0540930068502, 
          546.8684815598268
        ], 
        [
          291.4326438188681, 
          396.2980511798816
        ], 
        [
          360.4586926657652, 
          403.4506519236947
        ], 
        [
          336.7052299543857, 
          555.4378205862353
        ], 
        [
          261.708910732963, 
          551.1857481995098
        ], 
        [
          294.25190505246206, 
          409.0439432756778
        ], 
        [
          359.1855346498186, 
          415.5299189203286
        ]
      ], 
      "projected_cuboid_centroid": [
        313.4671526484494, 
        473.75257616825746
      ], 
      "quaternion_xyzw": [
        0.9540845500393915, 
        0.04730428739665996, 
        0.10111522114565209, 
        0.27795799640922797
      ], 
      "visibility": 0.5433481444125396
    }, 
    {
      "bounding_box": {
        "bottom_right": [
          443, 
          276
        ], 
        "top_left": [
          363, 
          157
        ]
      }, 
      "class": "008_pudding_box", 
      "cuboid": [
        [
          -25.152915598964615, 
          18.456175013264545, 
          59.85423300967422
        ], 
        [
          -36.517918265953334, 
          18.484151859246744, 
          59.76311628175564
        ], 
        [
          -36.57323665168695, 
          10.721202385106732, 
          64.28024656988765
        ], 
        [
          -25.208233984698232, 
          10.693225539124532, 
          64.37136329780623
        ], 
        [
          -25.174807427565902, 
          20.391104356770484, 
          63.17924963108722
        ], 
        [
          -36.53981009455462, 
          20.419081202752682, 
          63.08813290316865
        ], 
        [
          -36.59512848028824, 
          12.65613172861267, 
          67.60526319130065
        ], 
        [
          -25.23012581329952, 
          12.628154882630472, 
          67.69637991921923
        ]
      ], 
      "cuboid_centroid": [
        -30.874022039626425, 
        15.556153370938608, 
        63.72974810048744
      ], 
      "location": [
        -30.874022039626425, 
        15.556153370938608, 
        63.72974810048744
      ], 
      "pose_transform_permuted": [
        [
          0.0056904755505652995, 
          -0.5029578991242531, 
          -0.8642917014369895, 
          0.0
        ], 
        [
          0.9999650124649075, 
          -0.002461580341074608, 
          0.008017027592391836, 
          0.0
        ], 
        [
          0.0061590106640547655, 
          0.8643073719826607, 
          -0.5029259846717169, 
          0.0
        ], 
        [
          -30.874022039626425, 
          15.556153370938608, 
          63.72974810048744, 
          1.0
        ]
      ], 
      "projected_cuboid": [
        [
          255.60916026841622, 
          437.736720868534
        ], 
        [
          152.99937086279587, 
          438.2371091392354
        ], 
        [
          175.62794582335596, 
          362.2380820751872
        ], 
        [
          271.0052702718964, 
          361.8803830565681
        ], 
        [
          267.3161830606927, 
          445.4154464355988
        ], 
        [
          170.131280161528, 
          445.90055229224515
        ], 
        [
          190.5022283184219, 
          373.1273281720334
        ], 
        [
          281.1749218040005, 
          372.7725416091285
        ]
      ], 
      "projected_cuboid_centroid": [
        221.07606229416103, 
        403.4675206279355
      ], 
      "quaternion_xyzw": [
        0.965474505862863, 
        -0.0022322161156976866, 
        0.003549421310381075, 
        0.26046360563839865
      ], 
      "visibility": 0.6376829120812674
    }, 
    {
      "bounding_box": {
        "bottom_right": [
          539, 
          319
        ], 
        "top_left": [
          358, 
          118
        ]
      }, 
      "class": "035_power_drill", 
      "cuboid": [
        [
          -16.42031486408032, 
          25.488532650613312, 
          47.17698403560763
        ], 
        [
          -34.81718706243385, 
          25.004818622110076, 
          48.27728537931553
        ], 
        [
          -33.856356041875955, 
          8.573671406808096, 
          57.118730140656695
        ], 
        [
          -15.45948384352243, 
          9.057385435311328, 
          56.018428796948804
        ], 
        [
          -16.19114168280652, 
          28.206766233771397, 
          52.203709073266054
        ], 
        [
          -34.58801388116005, 
          27.723052205268168, 
          53.304010416973945
        ], 
        [
          -33.627182860602154, 
          11.291904989966186, 
          62.14545517831511
        ], 
        [
          -15.230310662248629, 
          11.775619018469417, 
          61.04515383460723
        ]
      ], 
      "cuboid_centroid": [
        -25.02374886234124, 
        18.390218820289746, 
        54.661219606961374
      ], 
      "location": [
        -25.02374886234124, 
        18.390218820289746, 
        54.661219606961374
      ], 
      "pose_transform_permuted": [
        [
          -0.04007084485473408, 
          -0.47528212325822966, 
          -0.8789209888864264, 
          0.0
        ], 
        [
          0.9978722285224642, 
          0.026237329388704378, 
          -0.059681892772528916, 
          0.0
        ], 
        [
          -0.051426440713175856, 
          0.8794422744870977, 
          -0.4732195621389547, 
          0.0
        ], 
        [
          -25.02374886234124, 
          18.390218820289746, 
          54.661219606961374, 
          1.0
        ]
      ], 
      "projected_cuboid": [
        [
          294.4241356086639, 
          561.4256356102549
        ], 
        [
          93.76601651735099, 
          549.5149824773528
        ], 
        [
          162.84470871877554, 
          353.33920808921454
        ], 
        [
          333.18958385666036, 
          359.51675058682247
        ], 
        [
          314.8078972386194, 
          561.4503692005592
        ], 
        [
          132.65166765279912, 
          550.6624151562856
        ], 
        [
          190.61056153272744, 
          370.19135660698635
        ], 
        [
          347.42895681327263, 
          376.16396283857466
        ]
      ], 
      "projected_cuboid_centroid": [
        235.41025098418714, 
        452.7165599638573
      ], 
      "quaternion_xyzw": [
        0.9690505007346094, 
        0.020036048184022805, 
        -0.025734659223550095, 
        0.24469872433845102
      ], 
      "visibility": 0.7193811540577975
    }, 
    {
      "bounding_box": {
        "bottom_right": [
          385, 
          202
        ], 
        "top_left": [
          324, 
          100
        ]
      }, 
      "class": "061_foam_brick", 
      "cuboid": [
        [
          -40.24030058548287, 
          5.446943109423669, 
          59.37478996921085
        ], 
        [
          -32.46337453797592, 
          5.85068916624603, 
          59.37714215366463
        ], 
        [
          -32.68409993639677, 
          10.118703990780299, 
          56.55888717840447
        ], 
        [
          -40.46102598390372, 
          9.714957933957939, 
          56.55653499395069
        ], 
        [
          -40.391641308342095, 
          8.336493566681689, 
          63.76262891129447
        ], 
        [
          -32.61471526083515, 
          8.740239623504051, 
          63.764981095748254
        ], 
        [
          -32.835440659256, 
          13.00825444803832, 
          60.946726120488094
        ], 
        [
          -40.61236670676295, 
          12.604508391215957, 
          60.94437393603431
        ]
      ], 
      "cuboid_centroid": [
        -36.53787062236943, 
        9.227598778730995, 
        60.16075804484947
      ], 
      "location": [
        -36.53787062236943, 
        9.227598778730995, 
        60.16075804484947
      ], 
      "pose_transform_permuted": [
        [
          0.028793896813353648, 
          -0.5497622591683938, 
          -0.834824754005513, 
          0.0
        ], 
        [
          -0.9986550425516457, 
          -0.05184606785418111, 
          -0.0003020500454077313, 
          0.0
        ], 
        [
          0.04311632512717445, 
          -0.8337106474323829, 
          0.5505157026510729, 
          0.0
        ], 
        [
          -36.53787062236943, 
          9.227598778730995, 
          60.16075804484947, 
          1.0
        ]
      ], 
      "projected_cuboid": [
        [
          117.13623087182528, 
          322.2123772169283
        ], 
        [
          187.5843549350023, 
          325.8368459657964
        ], 
        [
          170.83542264745316, 
          368.7004201105671
        ], 
        [
          96.87611861651152, 
          364.8971240333891
        ], 
        [
          140.94029744832065, 
          343.0141409677681
        ], 
        [
          206.53981952960046, 
          346.38843298276413
        ], 
        [
          191.8732460135598, 
          387.1163904052857
        ], 
        [
          123.23963454840104, 
          383.5876326868462
        ]
      ], 
      "projected_cuboid_centroid": [
        154.99293797573472, 
        355.0883518926665
      ], 
      "quaternion_xyzw": [
        -0.024794475299369692, 
        0.9574954887608532, 
        -0.2872801947201328, 
        0.007596888758300056
      ], 
      "visibility": 0.9719810576164167
    }
  ]
}