{
  "camera_data": {
    "location_worldframe": [
      -16.80906698029698, 
      12.177308246275045, 
      72.71675624886963
    ], 
    "quaternion_xyzw_worldframe": [
      0.8857823150316041, 
      0.005239818686901235, 
      -0.02430505801526746, 
      -0.46343502234442485
    ]
  }, 
  "objects": [
    {
      "bounding_box": {
        "bottom_right": [
          539, 
          303
        ], 
        "top_left": [
          373, 
          111
        ]
      }, 
      "class": "003_cracker_box", 
      "cuboid": [
        [
          -24.035446157205335, 
          30.180192941009288, 
          55.354995908866634
        ], 
        [
          -40.421019010627504, 
          30.430392617860598, 
          56.08198839442213
        ], 
        [
          -40.21031358565389, 
          12.162542912215239, 
          67.1180573277985
        ], 
        [
          -23.824740732231724, 
          11.912343235363926, 
          66.391064842243
        ], 
        [
          -23.70646660415204, 
          33.89177693608225, 
          61.4924476794416
        ], 
        [
          -40.09203945757421, 
          34.14197661293357, 
          62.219440164997096
        ], 
        [
          -39.8813340326006, 
          15.874126907288208, 
          73.25550909837347
        ], 
        [
          -23.49576117917843, 
          15.623927230436896, 
          72.52851661281797
        ]
      ], 
      "cuboid_centroid": [
        -31.958390094902967, 
        23.027159924148748, 
        64.30525250362005
      ], 
      "location": [
        -31.958390094902967, 
        23.027159924148748, 
        64.30525250362005
      ], 
      "pose_transform_permuted": [
        [
          -0.045818880350783686, 
          -0.5169337164081509, 
          -0.854798317174208, 
          0.0
        ], 
        [
          0.9989009827985618, 
          -0.015252729052464054, 
          -0.04431907964431586, 
          0.0
        ], 
        [
          -0.00987201942196475, 
          0.855889529727353, 
          -0.5170644603292927, 
          0.0
        ], 
        [
          -31.958390094902967, 
          23.027159924148748, 
          64.30525250362005, 
          1.0
        ]
      ], 
      "projected_cuboid": [
        [
          248.0969507534485, 
          564.058629191104
        ], 
        [
          94.00436401679352, 
          562.6686510504833
        ], 
        [
          159.42356388957313, 
          369.93001329187535
        ], 
        [
          288.6179637006636, 
          368.9784197726366
        ], 
        [
          274.27917543038836, 
          567.2274857008375
        ], 
        [
          135.08067221886017, 
          565.9375918572358
        ], 
        [
          188.83074080777305, 
          388.8544024273979
        ], 
        [
          307.387316528971, 
          388.1730232864484
        ]
      ], 
      "projected_cuboid_centroid": [
        214.33939431078366, 
        464.26371098407543
      ], 
      "quaternion_xyzw": [
        0.9630146454883387, 
        -0.0013968400313815524, 
        -0.02339994527014466, 
        0.2684274277607454
      ], 
      "visibility": 0.17907305054286185
    }, 
    {
      "bounding_box": {
        "bottom_right": [
          539, 
          356
        ], 
        "top_left": [
          407, 
          269
        ]
      }, 
      "class": "006_mustard_bottle", 
      "cuboid": [
        [
          -18.352671417550116, 
          35.50340426359572, 
          65.90984019005558
        ], 
        [
          -27.709578167823445, 
          33.972796412381314, 
          64.38944435913001
        ], 
        [
          -26.845197505467272, 
          18.106827175507696, 
          75.04235953900054
        ], 
        [
          -17.488290755193944, 
          19.637435026722105, 
          76.56275536992612
        ], 
        [
          -19.634628818231096, 
          38.622496539637666, 
          70.65929331452695
        ], 
        [
          -28.99153556850443, 
          37.09188868842326, 
          69.13889748360138
        ], 
        [
          -28.127154906148256, 
          21.22591945154964, 
          79.79181266347192
        ], 
        [
          -18.77024815587492, 
          22.756527302764052, 
          81.31220849439748
        ]
      ], 
      "cuboid_centroid": [
        -23.239913161849184, 
        28.36466185757268, 
        72.85082642676375
      ], 
      "location": [
        -23.239913161849184, 
        28.36466185757268, 
        72.85082642676375
      ], 
      "pose_transform_permuted": [
        [
          0.22008229628024764, 
          -0.5354756640561125, 
          -0.815370736308247, 
          0.0
        ], 
        [
          0.974434195594471, 
          0.15939847110532854, 
          0.15833498484420244, 
          0.0
        ], 
        [
          -0.045184324757793284, 
          0.8293719859973621, 
          -0.5568666677392128, 
          0.0
        ], 
        [
          -23.239913161849184, 
          28.36466185757268, 
          72.85082642676375, 
          1.0
        ]
      ], 
      "projected_cuboid": [
        [
          331.8560548495244, 
          560.567780181661
        ], 
        [
          250.17382517918261, 
          554.6736162850596
        ], 
        [
          289.2206385281808, 
          401.97019853151426
        ], 
        [
          358.7622330800964, 
          410.0766601811868
        ], 
        [
          332.1645403227602, 
          564.799979304146
        ], 
        [
          256.1002038368032, 
          559.4037792786708
        ], 
        [
          292.03160708886696, 
          415.1582180003936
        ], 
        [
          357.4587109068494, 
          422.5445876674074
        ]
      ], 
      "projected_cuboid_centroid": [
        310.04666001486817, 
        480.9359275718005
      ], 
      "quaternion_xyzw": [
        0.9512067227869134, 
        0.053769278265748725, 
        0.09945716111418348, 
        0.28709383187360754
      ], 
      "visibility": 0.5699609667249941
    }, 
    {
      "bounding_box": {
        "bottom_right": [
          448, 
          274
        ], 
        "top_left": [
          367, 
          152
        ]
      }, 
      "class": "008_pudding_box", 
      "cuboid": [
        [
          -25.302751774432252, 
          18.77973317297296, 
          59.11764052864119
        ], 
        [
          -36.667795524441935, 
          18.694636310802696, 
          59.08747984076429
        ], 
        [
          -36.62277547848791, 
          11.025845676783334, 
          63.762790965047856
        ], 
        [
          -25.257731728478237, 
          11.1109425389536, 
          63.79295165292474
        ], 
        [
          -25.32645978148711, 
          20.7821792763218, 
          62.40242573969793
        ], 
        [
          -36.691503531496785, 
          20.697082414151534, 
          62.37226505182104
        ], 
        [
          -36.64648348554277, 
          13.028291780132173, 
          67.0475761761046
        ], 
        [
          -25.28143973553309, 
          13.113388642302438, 
          67.0777368639815
        ]
      ], 
      "cuboid_centroid": [
        -30.97461762998751, 
        15.904012476552568, 
        63.082608352372894
      ], 
      "location": [
        -30.97461762998751, 
        15.904012476552568, 
        63.082608352372894
      ], 
      "pose_transform_permuted": [
        [
          0.00616256581190049, 
          -0.5205079392847546, 
          -0.8538341073654022, 
          0.0
        ], 
        [
          0.9999686272096435, 
          0.007487361625350135, 
          0.0026537286010826664, 
          0.0
        ], 
        [
          -0.005012419278867775, 
          0.8538239623038117, 
          -0.5205374432091714, 
          0.0
        ], 
        [
          -30.97461762998751, 
          15.904012476552568, 
          63.082608352372894, 
          1.0
        ]
      ], 
      "projected_cuboid": [
        [
          251.43041605624813, 
          442.70465714711696
        ], 
        [
          147.8779614392323, 
          442.0230566429576
        ], 
        [
          172.72710610957765, 
          365.50802533249555
        ], 
        [
          268.67857350542937, 
          366.1758476931548
        ], 
        [
          263.34179123260833, 
          450.90051784928914
        ], 
        [
          165.24860327009958, 
          450.2587764724256
        ], 
        [
          187.66906569426402, 
          376.9180715563725
        ], 
        [
          278.91508780205527, 
          377.5480603827569
        ]
      ], 
      "projected_cuboid_centroid": [
        217.54592628050466, 
        407.7439031139069
      ], 
      "quaternion_xyzw": [
        0.9627599255368465, 
        0.0032458197969882996, 
        0.0022893283619140788, 
        0.2703283951898565
      ], 
      "visibility": 0.6576863996218835
    }, 
    {
      "bounding_box": {
        "bottom_right": [
          539, 
          317
        ], 
        "top_left": [
          361, 
          110
        ]
      }, 
      "class": "035_power_drill", 
      "cuboid": [
        [
          -16.706344388273735, 
          25.63556542890729, 
          46.25207042761838
        ], 
        [
          -35.0915479363589, 
          24.994556038409197, 
          47.461593659168315
        ], 
        [
          -33.92215338440695, 
          8.758487187378087, 
          56.6321729852132
        ], 
        [
          -15.536949836321787, 
          9.399496577876182, 
          55.422649753663265
        ], 
        [
          -16.47788528524608, 
          28.458489678694725, 
          51.22079097541049
        ], 
        [
          -34.86308883333125, 
          27.817480288196634, 
          52.430314206960425
        ], 
        [
          -33.6936942813793, 
          11.581411437165524, 
          61.60089353300532
        ], 
        [
          -15.308490733294134, 
          12.222420827663619, 
          60.39137030145538
        ]
      ], 
      "cuboid_centroid": [
        -25.200019334826518, 
        18.608488433036406, 
        53.92648198031185
      ], 
      "location": [
        -25.200019334826518, 
        18.608488433036406, 
        53.92648198031185
      ], 
      "pose_transform_permuted": [
        [
          -0.039945988541021646, 
          -0.4935872470817337, 
          -0.8687789255725953, 
          0.0
        ], 
        [
          0.9972393045166007, 
          0.03476925110440278, 
          -0.0656062416210324, 
          0.0
        ], 
        [
          -0.06258936099018708, 
          0.8690011191539004, 
          -0.49083579102440966, 
          0.0
        ], 
        [
          -25.200019334826518, 
          18.608488433036406, 
          53.92648198031185, 
          1.0
        ]
      ], 
      "projected_cuboid": [
        [
          287.3555832957742, 
          568.883014906662
        ], 
        [
          83.99196662660546, 
          554.1470228542856
        ], 
        [
          159.48134342647037, 
          355.767440439512
        ], 
        [
          330.84259226218666, 
          363.7357608030163
        ], 
        [
          308.5967380346823, 
          569.6011704596419
        ], 
        [
          124.01548659812599, 
          556.2451129312504
        ], 
        [
          187.457562784498, 
          373.5544588825059
        ], 
        [
          345.280316519679, 
          381.2234228147108
        ]
      ], 
      "projected_cuboid_centroid": [
        230.2982053648365, 
        457.3198909855368
      ], 
      "quaternion_xyzw": [
        0.9663099074886763, 
        0.025188247409056695, 
        -0.027308068908341126, 
        0.25468615981195436
      ], 
      "visibility": 0.7391293842679021
    }, 
    {
      "bounding_box": {
        "bottom_right": [
          388, 
          200
        ], 
        "top_left": [
          326, 
          96
        ]
      }, 
      "class": "061_foam_brick", 
      "cuboid": [
        [
          -40.26297680585025, 
          5.616412867545652, 
          58.98626563891263
        ], 
        [
          -32.49051905614005, 
          6.096196161792618, 
          58.938268981791516
        ], 
        [
          -32.76813792011955, 
          10.303113358943456, 
          56.03447718274492
        ], 
        [
          -40.54059566982974, 
          9.823330064696489, 
          56.08247383986603
        ], 
        [
          -40.42003606935607, 
          8.59378067921277, 
          63.314793072451266
        ], 
        [
          -32.64757831964588, 
          9.073563973459736, 
          63.26679641533016
        ], 
        [
          -32.92519718362538, 
          13.280481170610575, 
          60.36300461628357
        ], 
        [
          -40.69765493333557, 
          12.800697876363607, 
          60.41100127340467
        ]
      ], 
      "cuboid_centroid": [
        -36.594086994737815, 
        9.448447019078113, 
        59.674635127598094
      ], 
      "location": [
        -36.594086994737815, 
        9.448447019078113, 
        59.674635127598094
      ], 
      "pose_transform_permuted": [
        [
          0.029881899210794094, 
          -0.5664702792802663, 
          -0.8235402205063777, 
          0.0
        ], 
        [
          -0.9980812569583293, 
          -0.061610204752476805, 
          0.0061633739818043876, 
          0.0
        ], 
        [
          0.05422984978807932, 
          -0.8217758851186223, 
          0.5672243983023538, 
          0.0
        ], 
        [
          -36.594086994737815, 
          9.448447019078113, 
          59.674635127598094, 
          1.0
        ]
      ], 
      "projected_cuboid": [
        [
          114.52890598347997, 
          324.06688382961363
        ], 
        [
          185.14737061101434, 
          328.449691771059
        ], 
        [
          167.12058264327806, 
          371.3485240696868
        ], 
        [
          92.8611214814492, 
          366.7020729383188
        ], 
        [
          138.28960582130213, 
          345.6745425423503
        ], 
        [
          204.09458937272186, 
          349.7738841153341
        ], 
        [
          188.27193662916275, 
          390.62232547653997
        ], 
        [
          119.31645841414407, 
          386.2934855873088
        ]
      ], 
      "projected_cuboid_centroid": [
        151.82574818256572, 
        357.72847575038446
      ], 
      "quaternion_xyzw": [
        -0.03034418572571282, 
        0.9543842730503433, 
        -0.29697018004057635, 
        0.006213043817555281
      ], 
      "visibility": 0.9957479706223424
    }
  ]
}