{
  "camera_data": {
    "location_worldframe": [
      -23.422296559698225, 
      15.070249442817655, 
      73.29320586549704
    ], 
    "quaternion_xyzw_worldframe": [
      0.9200417523509842, 
      0.02618779257672644, 
      -0.09487933482691085, 
      -0.37925845269200126
    ]
  }, 
  "objects": [
    {
      "bounding_box": {
        "bottom_right": [
          539, 
          253
        ], 
        "top_left": [
          369, 
          12
        ]
      }, 
      "class": "003_cracker_box", 
      "cuboid": [
        [
          -34.247365548566734, 
          28.773399594590305, 
          53.985321743055714
        ], 
        [
          -50.414718182550864, 
          27.5758408011192, 
          56.487456318122085
        ], 
        [
          -47.08483900584971, 
          11.769200477922439, 
          70.4379248947706
        ], 
        [
          -30.91748637186558, 
          12.96675927139354, 
          67.93579031970424
        ], 
        [
          -33.778892573815114, 
          33.56960065444309, 
          59.30785741699318
        ], 
        [
          -49.946245207799244, 
          32.37204186097199, 
          61.80999199205955
        ], 
        [
          -46.61636603109809, 
          16.565401537775227, 
          75.76046056870808
        ], 
        [
          -30.449013397113955, 
          17.76296033124633, 
          73.2583259936417
        ]
      ], 
      "cuboid_centroid": [
        -40.43186578983241, 
        22.669400566182766, 
        64.8728911558819
      ], 
      "location": [
        -40.43186578983241, 
        22.669400566182766, 
        64.8728911558819
      ], 
      "pose_transform_permuted": [
        [
          -0.06524693397660178, 
          -0.6679945925517632, 
          -0.74130025086213, 
          0.0
        ], 
        [
          0.9855977926316313, 
          0.07300584889270481, 
          -0.1525356915187776, 
          0.0
        ], 
        [
          -0.1560122712042521, 
          0.7405763771205909, 
          -0.6536105881062757, 
          0.0
        ], 
        [
          -40.43186578983241, 
          22.669400566182766, 
          64.8728911558819, 
          1.0
        ]
      ], 
      "projected_cuboid": [
        [
          140.44876613468207, 
          557.538200891597
        ], 
        [
          1.6458874528101495, 
          533.6405507169776
        ], 
        [
          122.12406871290653, 
          362.39684471634064
        ], 
        [
          236.86139127430127, 
          375.08010830948103
        ], 
        [
          175.31264441153283, 
          575.1575919696314
        ], 
        [
          47.050928042960855, 
          552.6045465310942
        ], 
        [
          150.70409266385263, 
          389.89951758676216
        ], 
        [
          258.0813995673957, 
          402.6006394334408
        ]
      ], 
      "projected_cuboid_centroid": [
        146.4370013380857, 
        459.65152103183436
      ], 
      "quaternion_xyzw": [
        0.9310577882997317, 
        0.06149406701037928, 
        -0.058477204162882074, 
        0.3548665821998848
      ], 
      "visibility": 0.1839533459384708
    }, 
    {
      "bounding_box": {
        "bottom_right": [
          539, 
          304
        ], 
        "top_left": [
          424, 
          196
        ]
      }, 
      "class": "006_mustard_bottle", 
      "cuboid": [
        [
          -28.259111899194334, 
          36.477545871238014, 
          62.75012940684582
        ], 
        [
          -37.478769701464856, 
          33.79915832191575, 
          62.57629628320871
        ], 
        [
          -33.813665630350606, 
          20.33375515281199, 
          75.66104562073073
        ], 
        [
          -24.594007828080084, 
          23.01214270213425, 
          75.83487874436784
        ], 
        [
          -29.444633077471753, 
          40.28269741381482, 
          66.9980486220684
        ], 
        [
          -38.664290879742275, 
          37.60430986449256, 
          66.82421549843129
        ], 
        [
          -34.999186808628025, 
          24.138906695388798, 
          79.9089648359533
        ], 
        [
          -25.779529006357503, 
          26.81729424471106, 
          80.08279795959041
        ]
      ], 
      "cuboid_centroid": [
        -31.629149353911178, 
        30.308226283313406, 
        71.32954712139956
      ], 
      "location": [
        -31.629149353911178, 
        30.308226283313406, 
        71.32954712139956
      ], 
      "pose_transform_permuted": [
        [
          0.20352643782512814, 
          -0.6532560978545596, 
          -0.7292690184576753, 
          0.0
        ], 
        [
          0.9601410032166162, 
          0.27892897586457666, 
          0.01810309160065712, 
          0.0
        ], 
        [
          -0.19158833582523827, 
          0.7038856562673745, 
          -0.6839874943862373, 
          0.0
        ], 
        [
          -31.629149353911178, 
          30.308226283313406, 
          71.32954712139956, 
          1.0
        ]
      ], 
      "projected_cuboid": [
        [
          239.41854773532066, 
          583.3128238719723
        ], 
        [
          159.51450788638365, 
          561.3469394184017
        ], 
        [
          241.26503908747486, 
          416.61511259249653
        ], 
        [
          307.1948325181027, 
          435.1227083160339
        ], 
        [
          245.25788440899598, 
          593.9458980014919
        ], 
        [
          170.4484195407433, 
          573.4040135519573
        ], 
        [
          246.06275380039872, 
          434.3917616997089
        ], 
        [
          308.48494703146525, 
          451.8790516394133
        ]
      ], 
      "projected_cuboid_centroid": [
        243.14022865328252, 
        499.8962847188304
      ], 
      "quaternion_xyzw": [
        0.9210450149072066, 
        0.12771289786993162, 
        0.06015708402919752, 
        0.36296911947770577
      ], 
      "visibility": 0.6074275315355232
    }, 
    {
      "bounding_box": {
        "bottom_right": [
          446, 
          222
        ], 
        "top_left": [
          357, 
          89
        ]
      }, 
      "class": "008_pudding_box", 
      "cuboid": [
        [
          -33.84264255806005, 
          18.196759009127632, 
          59.790878399486104
        ], 
        [
          -45.076193514176786, 
          17.014374076908386, 
          61.04852277333258
        ], 
        [
          -43.71731161905643, 
          10.382458742272375, 
          66.95123822396582
        ], 
        [
          -32.483760662939694, 
          11.564843674491621, 
          65.69359385011933
        ], 
        [
          -33.79133665394721, 
          20.76012469230207, 
          62.659099176853026
        ], 
        [
          -45.02488761006395, 
          19.577739760082824, 
          63.916743550699515
        ], 
        [
          -43.666005714943594, 
          12.945824425446812, 
          69.81945900133275
        ], 
        [
          -32.43245475882686, 
          14.128209357666059, 
          68.56181462748626
        ]
      ], 
      "cuboid_centroid": [
        -38.75432413650182, 
        15.571291717287222, 
        64.80516870040942
      ], 
      "location": [
        -38.75432413650182, 
        15.571291717287222, 
        64.80516870040942
      ], 
      "pose_transform_permuted": [
        [
          -0.013336254283324885, 
          -0.6663111617091789, 
          -0.745553992062127, 
          0.0
        ], 
        [
          0.9883990572643482, 
          0.104033725123464, 
          -0.11065552809967255, 
          0.0
        ], 
        [
          -0.1512945103557311, 
          0.7383808606748348, 
          -0.6571935700075429, 
          0.0
        ], 
        [
          -38.75432413650182, 
          15.571291717287222, 
          64.80516870040942, 
          1.0
        ]
      ], 
      "projected_cuboid": [
        [
          177.21359250122697, 
          435.597047370057
        ], 
        [
          84.53005041030369, 
          421.92402302437387
        ], 
        [
          130.4520004067532, 
          355.99103629403305
        ], 
        [
          215.68685435029286, 
          367.17328167201697
        ], 
        [
          191.58707524935647, 
          449.98523287058197
        ], 
        [
          102.77982781411853, 
          436.6426701660866
        ], 
        [
          145.27239669541834, 
          372.17389381520553
        ], 
        [
          227.21338229178704, 
          383.1851858880563
        ]
      ], 
      "projected_cuboid_centroid": [
        160.0072719581319, 
        401.43179205045925
      ], 
      "quaternion_xyzw": [
        0.931709974992394, 
        0.06851065308206009, 
        -0.033269951409506386, 
        0.35512787434939885
      ], 
      "visibility": 0.47697491576188694
    }, 
    {
      "bounding_box": {
        "bottom_right": [
          539, 
          248
        ], 
        "top_left": [
          348, 
          12
        ]
      }, 
      "class": "035_power_drill", 
      "cuboid": [
        [
          -27.321168192120815, 
          23.351172539858485, 
          45.048866035294544
        ], 
        [
          -45.319127235918344, 
          21.178716899642723, 
          48.401992298943256
        ], 
        [
          -41.447353698106255, 
          7.106702318919717, 
          60.066670427406834
        ], 
        [
          -23.44939465430873, 
          9.279157959135478, 
          56.71354416375812
        ], 
        [
          -26.958471543314094, 
          27.052527322724163, 
          49.393713866478905
        ], 
        [
          -44.95643058711162, 
          24.8800716825084, 
          52.746840130127616
        ], 
        [
          -41.08465704929954, 
          10.808057101785392, 
          64.4115182585912
        ], 
        [
          -23.086698005502004, 
          12.980512742001155, 
          61.05839199494248
        ]
      ], 
      "cuboid_centroid": [
        -34.20291262071017, 
        17.079614820821938, 
        54.73019214694287
      ], 
      "location": [
        -34.20291262071017, 
        17.079614820821938, 
        54.73019214694287
      ], 
      "pose_transform_permuted": [
        [
          -0.0634173731100867, 
          -0.6471804965666523, 
          -0.7596950148927359, 
          0.0
        ], 
        [
          0.976234617833439, 
          0.11783705010802407, 
          -0.18187828567531145, 
          0.0
        ], 
        [
          -0.20722845956984748, 
          0.7531747082128007, 
          -0.6243271349247282, 
          0.0
        ], 
        [
          -34.20291262071017, 
          17.079614820821938, 
          54.73019214694287, 
          1.0
        ]
      ], 
      "projected_cuboid": [
        [
          155.45476026974373, 
          549.733842909327
        ], 
        [
          -21.91517884421859, 
          506.6452063448395
        ], 
        [
          110.52780065544826, 
          336.3854827286429
        ], 
        [
          259.2473487492056, 
          360.5453529244056
        ], 
        [
          188.0921909092702, 
          565.3812493546693
        ], 
        [
          23.257750941607025, 
          524.8471893161618
        ], 
        [
          138.58620949673724, 
          362.77594397979954
        ], 
        [
          278.2639141951807, 
          386.66590187764155
        ]
      ], 
      "projected_cuboid_centroid": [
        145.528530126112, 
        439.7192271360498
      ], 
      "quaternion_xyzw": [
        0.933957218096602, 
        0.08701295503137517, 
        -0.06566030382133266, 
        0.3403548917590422
      ], 
      "visibility": 0.8083111933074478
    }, 
    {
      "bounding_box": {
        "bottom_right": [
          375, 
          157
        ], 
        "top_left": [
          308, 
          54
        ]
      }, 
      "class": "061_foam_brick", 
      "cuboid": [
        [
          -47.13952751464762, 
          3.858597850183122, 
          63.62611949201988
        ], 
        [
          -39.51177774835035, 
          5.0668685883526505, 
          62.62556440328236
        ], 
        [
          -40.53883522184627, 
          8.617980342797772, 
          59.08409724924736
        ], 
        [
          -48.16658498814354, 
          7.409709604628244, 
          60.08465233798488
        ], 
        [
          -47.2352402909447, 
          7.555573878701012, 
          67.36092119359905
        ], 
        [
          -39.60749052464743, 
          8.763844616870541, 
          66.36036610486154
        ], 
        [
          -40.634547998143354, 
          12.314956371315661, 
          62.81889895082653
        ], 
        [
          -48.262297764440625, 
          11.106685633146133, 
          63.81945403956405
        ]
      ], 
      "cuboid_centroid": [
        -43.887037756395486, 
        8.086777110749392, 
        63.22250922142321
      ], 
      "location": [
        -43.887037756395486, 
        8.086777110749392, 
        63.22250922142321
      ], 
      "pose_transform_permuted": [
        [
          0.018210193214032833, 
          -0.7033820393840954, 
          -0.7105787046731549, 
          0.0
        ], 
        [
          -0.9794989332419909, 
          -0.15515714796174684, 
          0.1284838480672904, 
          0.0
        ], 
        [
          0.20062459630092605, 
          -0.693671367513643, 
          0.6917873988812191, 
          0.0
        ], 
        [
          -43.887037756395486, 
          8.086777110749392, 
          63.22250922142321, 
          1.0
        ]
      ], 
      "projected_cuboid": [
        [
          83.17670467036788, 
          305.62963565129775
        ], 
        [
          142.3105084720342, 
          316.4360132679458
        ], 
        [
          112.62592589446304, 
          351.0762969551425
        ], 
        [
          50.501019428329876, 
          339.05613277796397
        ], 
        [
          104.50287038272764, 
          333.10661526372934
        ], 
        [
          160.63013520422493, 
          343.7190903073284
        ], 
        [
          133.74318819179138, 
          377.8379947629695
        ], 
        [
          74.92284183671175, 
          366.10169977536566
        ]
      ], 
      "projected_cuboid_centroid": [
        108.29853910678536, 
        341.5033273973384
      ], 
      "quaternion_xyzw": [
        -0.09670626132459181, 
        0.9197484717884544, 
        -0.37922581038716, 
        -0.029973861940436292
      ], 
      "visibility": 0.9800755033557047
    }
  ]
}