{
  "camera_data": {
    "location_worldframe": [
      -21.681905032039563, 
      9.40795105740182, 
      80.67778223290365
    ], 
    "quaternion_xyzw_worldframe": [
      0.9445325585927755, 
      0.036049628172073106, 
      -0.1053295832755038, 
      -0.308979654610866
    ]
  }, 
  "objects": [
    {
      "bounding_box": {
        "bottom_right": [
          479, 
          284
        ], 
        "top_left": [
          312, 
          67
        ]
      }, 
      "class": "003_cracker_box", 
      "cuboid": [
        [
          -33.0354495043151, 
          19.721967873154174, 
          59.642718558659055
        ], 
        [
          -49.143578179117206, 
          18.29347777775822, 
          62.39330437454087
        ], 
        [
          -45.20262606669411, 
          4.833644940713206, 
          78.4822864303699
        ], 
        [
          -29.094497391892006, 
          6.262135036109159, 
          75.73170061448809
        ], 
        [
          -32.747533134018425, 
          25.259096768927257, 
          64.20448414779804
        ], 
        [
          -48.85566180882053, 
          23.830606673531303, 
          66.95506996367986
        ], 
        [
          -44.91470969639743, 
          10.370773836486292, 
          83.04405201950888
        ], 
        [
          -28.806581021595328, 
          11.799263931882246, 
          80.29346620362708
        ]
      ], 
      "cuboid_centroid": [
        -38.97507960035627, 
        15.046370854820232, 
        71.34338528908397
      ], 
      "location": [
        -38.97507960035627, 
        15.046370854820232, 
        71.34338528908397
      ], 
      "pose_transform_permuted": [
        [
          -0.04009977398053757, 
          -0.7711878869298413, 
          -0.6353434120059767, 
          0.0
        ], 
        [
          0.9819873682930157, 
          0.08708393493310276, 
          -0.1676818320198241, 
          0.0
        ], 
        [
          -0.18464240206319665, 
          0.6306232086826916, 
          -0.7538047174375333, 
          0.0
        ], 
        [
          -38.97507960035627, 
          15.046370854820232, 
          71.34338528908397, 
          1.0
        ]
      ], 
      "projected_cuboid": [
        [
          183.7354610833291, 
          449.63852091596
        ], 
        [
          58.03161896889875, 
          429.6537963112504
        ], 
        [
          171.86672208930983, 
          306.13315372402826
        ], 
        [
          274.9996510159227, 
          317.3858942631592
        ], 
        [
          207.31023032271034, 
          483.10320637913486
        ], 
        [
          89.20233330659038, 
          463.1053108501287
        ], 
        [
          190.74523614205543, 
          339.8889814452699
        ], 
        [
          288.66552083875433, 
          351.6587744710029
        ]
      ], 
      "projected_cuboid_centroid": [
        187.81516743776666, 
        385.76401854975643
      ], 
      "quaternion_xyzw": [
        0.9011040435185167, 
        0.07538705961613958, 
        -0.05764639707670226, 
        0.42309004585441007
      ], 
      "visibility": 0.4274537695590327
    }, 
    {
      "bounding_box": {
        "bottom_right": [
          503, 
          325
        ], 
        "top_left": [
          376, 
          222
        ]
      }, 
      "class": "006_mustard_bottle", 
      "cuboid": [
        [
          -27.34091526862814, 
          28.845541850833435, 
          67.15078293950197
        ], 
        [
          -36.4514306269713, 
          25.82426479614135, 
          67.42730178947436
        ], 
        [
          -32.26565000512255, 
          14.56489494492934, 
          82.31577272250723
        ], 
        [
          -23.155134646779384, 
          17.58617199962142, 
          82.03925387253483
        ], 
        [
          -28.66855925225819, 
          33.18339318105939, 
          70.80452946529765
        ], 
        [
          -37.77907461060136, 
          30.162116126367305, 
          71.08104831527004
        ], 
        [
          -33.593293988752606, 
          18.902746275155295, 
          85.96951924830292
        ], 
        [
          -24.482778630409438, 
          21.924023329847373, 
          85.69300039833053
        ]
      ], 
      "cuboid_centroid": [
        -30.46710462869037, 
        23.87414406299436, 
        76.56015109390243
      ], 
      "location": [
        -30.46710462869037, 
        23.87414406299436, 
        76.56015109390243
      ], 
      "pose_transform_permuted": [
        [
          0.22792562093307095, 
          -0.7447082728110336, 
          -0.6272633747392357, 
          0.0
        ], 
        [
          0.9487748399757077, 
          0.3146377061383997, 
          -0.02879684818187257, 
          0.0
        ], 
        [
          -0.21880599511209226, 
          0.5885682617407254, 
          -0.7782745902151172, 
          0.0
        ], 
        [
          -30.46710462869037, 
          23.87414406299436, 
          76.56015109390243, 
          1.0
        ]
      ], 
      "projected_cuboid": [
        [
          262.64265334637605, 
          502.38129582055217
        ], 
        [
          190.87999649761113, 
          477.544839459685
        ], 
        [
          270.807508234104, 
          367.65173002241744
        ], 
        [
          329.8160904472168, 
          387.6104680233452
        ], 
        [
          263.85789725295695, 
          523.2331664411378
        ], 
        [
          195.7792958099885, 
          499.5922492974315
        ], 
        [
          271.4613732702571, 
          390.5514110713793
        ], 
        [
          327.95607925959325, 
          409.73304970768885
        ]
      ], 
      "projected_cuboid_centroid": [
        267.59393088050484, 
        439.5943153084068
      ], 
      "quaternion_xyzw": [
        0.8894670421740859, 
        0.14993352084935563, 
        0.05596856412590525, 
        0.4280605100621799
      ], 
      "visibility": 0.9316066369890732
    }, 
    {
      "bounding_box": {
        "bottom_right": [
          370, 
          261
        ], 
        "top_left": [
          296, 
          144
        ]
      }, 
      "class": "008_pudding_box", 
      "cuboid": [
        [
          -32.22262834397635, 
          10.130795604346405, 
          66.92849318993751
        ], 
        [
          -43.40192864211967, 
          8.721612669986467, 
          68.41503914755867
        ], 
        [
          -41.7866252334245, 
          3.0801412901356207, 
          75.21470871820635
        ], 
        [
          -30.607324935281188, 
          4.489324224495556, 
          73.72816276058519
        ], 
        [
          -32.26768709615027, 
          13.086079146125714, 
          69.39110059789628
        ], 
        [
          -43.44698739429358, 
          11.676896211765781, 
          70.87764655551744
        ], 
        [
          -41.83168398559841, 
          6.035424831914932, 
          77.67731612616512
        ], 
        [
          -30.6523836874551, 
          7.444607766274869, 
          76.19077016854395
        ]
      ], 
      "cuboid_centroid": [
        -37.027156164787385, 
        8.083110218130669, 
        72.30290465805132
      ], 
      "location": [
        -37.027156164787385, 
        8.083110218130669, 
        72.30290465805132
      ], 
      "pose_transform_permuted": [
        [
          0.011712394256984423, 
          -0.7681847435300126, 
          -0.6401204531998783, 
          0.0
        ], 
        [
          0.9836257403135127, 
          0.1239888517242147, 
          -0.13079574115367693, 
          0.0
        ], 
        [
          -0.17984384012477608, 
          0.6281073087847766, 
          -0.7570581976005997, 
          0.0
        ], 
        [
          -37.027156164787385, 
          8.083110218130669, 
          72.30290465805132, 
          1.0
        ]
      ], 
      "projected_cuboid": [
        [
          222.69134363953924, 
          354.01376537573753
        ], 
        [
          140.4440738052351, 
          341.2746132890461
        ], 
        [
          182.83444859434442, 
          295.126676658536
        ], 
        [
          258.35106084685333, 
          305.760485988289
        ], 
        [
          231.53040479598977, 
          373.86229215484525
        ], 
        [
          151.95538883228633, 
          361.1494640665124
        ], 
        [
          191.99418920303273, 
          314.72476494578603
        ], 
        [
          265.2486981456392, 
          325.3972477432534
        ]
      ], 
      "projected_cuboid_centroid": [
        206.20187768644, 
        332.9090523554803
      ], 
      "quaternion_xyzw": [
        0.9016448167513313, 
        0.08424400778560293, 
        -0.03301836396225162, 
        0.4229057032197374
      ], 
      "visibility": 0.4476078167115903
    }, 
    {
      "bounding_box": {
        "bottom_right": [
          529, 
          262
        ], 
        "top_left": [
          348, 
          74
        ]
      }, 
      "class": "019_pitcher_base", 
      "cuboid": [
        [
          -55.92028709901312, 
          33.27024105407122, 
          73.76385476108031
        ], 
        [
          -37.523147944329324, 
          37.13158930478924, 
          72.21374685714366
        ], 
        [
          -32.85651543545135, 
          22.391580179904217, 
          90.88107906425657
        ], 
        [
          -51.25365459013514, 
          18.530231929186197, 
          92.43118696819322
        ], 
        [
          -54.48692217189816, 
          23.061068682495254, 
          65.34421131462008
        ], 
        [
          -36.08978301721436, 
          26.922416933213274, 
          63.794103410683434
        ], 
        [
          -31.423150508336384, 
          12.18240780832825, 
          82.46143561779634
        ], 
        [
          -49.820289663020176, 
          8.321059557610234, 
          84.01154352173299
        ]
      ], 
      "cuboid_centroid": [
        -43.67171880367475, 
        22.726324431199735, 
        78.11264518943833
      ], 
      "location": [
        -43.67171880367475, 
        22.726324431199735, 
        78.11264518943833
      ], 
      "pose_transform_permuted": [
        [
          -0.10768597184806596, 
          0.7669956392824478, 
          0.6325517458915376, 
          0.0
        ], 
        [
          -0.9753650179649697, 
          -0.20471791696872213, 
          0.08218239862505392, 
          0.0
        ], 
        [
          -0.19252816124684782, 
          0.6081187769075467, 
          -0.7701457396489166, 
          0.0
        ], 
        [
          -43.67171880367475, 
          22.726324431199735, 
          78.11264518943833, 
          1.0
        ]
      ], 
      "projected_cuboid": [
        [
          73.9188320226413, 
          513.8334989344954
        ], 
        [
          202.16829440745803, 
          547.5141551924283
        ], 
        [
          287.1775932951576, 
          404.68757691107226
        ], 
        [
          183.40365489539536, 
          380.2042991039765
        ], 
        [
          33.185410326122415, 
          461.5039682601869
        ], 
        [
          177.37166768412388, 
          498.3583143546814
        ], 
        [
          276.67413095949127, 
          352.07629716622876
        ], 
        [
          162.6937611048196, 
          326.11004090468475
        ]
      ], 
      "projected_cuboid_centroid": [
        180.9405119881583, 
        428.45211768066764
      ], 
      "quaternion_xyzw": [
        -0.007110671522300134, 
        0.4285716096854266, 
        0.8966654254464222, 
        -0.11075649482575768
      ], 
      "visibility": 0.20743758115689806
    }, 
    {
      "bounding_box": {
        "bottom_right": [
          423, 
          289
        ], 
        "top_left": [
          274, 
          82
        ]
      }, 
      "class": "035_power_drill", 
      "cuboid": [
        [
          -25.912222336047435, 
          13.316810410021757, 
          51.55141780380868
        ], 
        [
          -43.81179535681182, 
          10.979841352234173, 
          55.29753716765126
        ], 
        [
          -39.3971749342921, 
          -1.0790112524651188, 
          68.8685408487372
        ], 
        [
          -21.49760191352772, 
          1.2579578053224654, 
          65.12242148489463
        ], 
        [
          -25.68875403588918, 
          17.624698690847612, 
          55.30660611367989
        ], 
        [
          -43.58832705665356, 
          15.28772963306003, 
          59.05272547752246
        ], 
        [
          -39.17370663413385, 
          3.2288770283607366, 
          72.62372915860841
        ], 
        [
          -21.27413361336946, 
          5.565846086148321, 
          68.87760979476583
        ]
      ], 
      "cuboid_centroid": [
        -32.54296448509064, 
        8.272843719191247, 
        62.087573481208544
      ], 
      "location": [
        -32.54296448509064, 
        8.272843719191247, 
        62.087573481208544
      ], 
      "pose_transform_permuted": [
        [
          -0.039073348529792606, 
          -0.7532326513644874, 
          -0.6565932685874957, 
          0.0
        ], 
        [
          0.9708980215359265, 
          0.1267604893124847, 
          -0.20319478428747806, 
          0.0
        ], 
        [
          -0.23628318671275314, 
          0.6454244870075252, 
          -0.7263591633609288, 
          0.0
        ], 
        [
          -32.54296448509064, 
          8.272843719191247, 
          62.087573481208544, 
          1.0
        ]
      ], 
      "projected_cuboid": [
        [
          211.29100598831022, 
          411.05415097067987
        ], 
        [
          55.530949222436455, 
          379.1821115131335
        ], 
        [
          173.9619308661177, 
          264.9306497295612
        ], 
        [
          304.075464176027, 
          283.5885740096423
        ], 
        [
          231.8170056662549, 
          443.24086387153756
        ], 
        [
          84.65969323348864, 
          411.3537572267206
        ], 
        [
          191.52369890765306, 
          296.9981178028925
        ], 
        [
          315.4986286687814, 
          316.38290447127457
        ]
      ], 
      "projected_cuboid_centroid": [
        199.73011324336198, 
        344.34857691414476
      ], 
      "quaternion_xyzw": [
        0.904560083290622, 
        0.10033708172942815, 
        -0.06695744630250103, 
        0.40892579775987226
      ], 
      "visibility": 0.7804116816526715
    }, 
    {
      "bounding_box": {
        "bottom_right": [
          305, 
          208
        ], 
        "top_left": [
          246, 
          124
        ]
      }, 
      "class": "061_foam_brick", 
      "cuboid": [
        [
          -44.95875168619659, 
          -3.9843700782199245, 
          72.89957646675086
        ], 
        [
          -37.38344585086492, 
          -2.6482089873124264, 
          71.68590015080079
        ], 
        [
          -38.54783481068152, 
          0.30557259077210014, 
          67.67010582230778
        ], 
        [
          -46.1231406460132, 
          -1.030588500135398, 
          68.88378213825784
        ], 
        [
          -45.19353689348009, 
          0.2126821146600512, 
          76.05475716486995
        ], 
        [
          -37.618231058148424, 
          1.5488432055675496, 
          74.84108084891989
        ], 
        [
          -38.78262001796502, 
          4.502624783652076, 
          70.82528652042687
        ], 
        [
          -46.35792585329669, 
          3.1664636927445775, 
          72.03896283637694
        ]
      ], 
      "cuboid_centroid": [
        -41.87068585208081, 
        0.2591273527160757, 
        71.86243149358886
      ], 
      "location": [
        -41.87068585208081, 
        0.2591273527160757, 
        71.86243149358886
      ], 
      "pose_transform_permuted": [
        [
          0.044669940146323306, 
          -0.7985259055122709, 
          -0.6003007368587283, 
          0.0
        ], 
        [
          -0.9727644734065637, 
          -0.17157987654053097, 
          0.1558512920844334, 
          0.0
        ], 
        [
          0.22745082045439005, 
          -0.5769893622868141, 
          0.7844420947925224, 
          0.0
        ], 
        [
          -41.87068585208081, 
          0.2591273527160757, 
          71.86243149358886, 
          1.0
        ]
      ], 
      "projected_cuboid": [
        [
          149.9463227524309, 
          244.13763626888542
        ], 
        [
          201.15876813871782, 
          253.58473176441777
        ], 
        [
          175.26330067030395, 
          275.69480740496823
        ], 
        [
          121.52152360731054, 
          265.30740251221835
        ], 
        [
          162.04496104048448, 
          274.7779310377903
        ], 
        [
          211.2945714867286, 
          284.3236369038604
        ], 
        [
          187.12741585069202, 
          307.1916316389218
        ], 
        [
          135.53955405741272, 
          296.7285342325023
        ]
      ], 
      "projected_cuboid_centroid": [
        168.2685637140518, 
        275.20962475802327
      ], 
      "quaternion_xyzw": [
        -0.11241319002384767, 
        0.887419654469083, 
        -0.44594685060582656, 
        -0.0313215262300638
      ], 
      "visibility": 0.9118954974986103
    }
  ]
}