{
  "camera_data": {
    "location_worldframe": [
      -23.432417816940713, 
      12.987974725901447, 
      76.02008879636897
    ], 
    "quaternion_xyzw_worldframe": [
      0.9333584954785674, 
      0.03601011976285616, 
      -0.11494321716358183, 
      -0.3381345867506867
    ]
  }, 
  "objects": [
    {
      "bounding_box": {
        "bottom_right": [
          531, 
          260
        ], 
        "top_left": [
          341, 
          23
        ]
      }, 
      "class": "003_cracker_box", 
      "cuboid": [
        [
          -35.25759824400299, 
          24.55698186503355, 
          55.91843674433955
        ], 
        [
          -51.29955026326157, 
          22.942951636532204, 
          58.939826742410894
        ], 
        [
          -46.997490260624716, 
          8.527917728302008, 
          74.08091733406516
        ], 
        [
          -30.95553824136613, 
          10.141947956803355, 
          71.0595273359938
        ], 
        [
          -34.865589486550356, 
          29.80469740396169, 
          60.80312796196172
        ], 
        [
          -50.907541505808936, 
          28.190667175460344, 
          63.82451796003308
        ], 
        [
          -46.60548150317208, 
          13.77563326723015, 
          78.96560855168734
        ], 
        [
          -30.5635294839135, 
          15.389663495731496, 
          75.944218553616
        ]
      ], 
      "cuboid_centroid": [
        -40.93153987358754, 
        19.16630756613185, 
        67.44202264801345
      ], 
      "location": [
        -40.93153987358754, 
        19.16630756613185, 
        67.44202264801345
      ], 
      "pose_transform_permuted": [
        [
          -0.05459732128480296, 
          -0.7308796189960924, 
          -0.6803191273546927, 
          0.0
        ], 
        [
          0.9779530921128614, 
          0.09839487431651547, 
          -0.18419065756745173, 
          0.0
        ], 
        [
          -0.20156111265672544, 
          0.6753765107289145, 
          -0.709393886793662, 
          0.0
        ], 
        [
          -40.93153987358754, 
          19.16630756613185, 
          67.44202264801345, 
          1.0
        ]
      ], 
      "projected_cuboid": [
        [
          142.52700929825411, 
          507.4976514301101
        ], 
        [
          13.542549979768944, 
          480.88683271909485
        ], 
        [
          140.43553789526806, 
          334.68029081074127
        ], 
        [
          247.3318657866755, 
          349.4044022516362
        ], 
        [
          173.23366552373673, 
          534.7110621599792
        ], 
        [
          52.66716984714394, 
          508.8485970125381
        ], 
        [
          164.20888649837903, 
          366.3246988561007
        ], 
        [
          265.17550696855346, 
          381.3607150156384
        ]
      ], 
      "projected_cuboid_centroid": [
        155.22030170280252, 
        424.8503072866326
      ], 
      "quaternion_xyzw": [
        0.9129141156478615, 
        0.0821424441335243, 
        -0.06539168766242474, 
        0.3944164848321042
      ], 
      "visibility": 0.3556862301632176
    }, 
    {
      "bounding_box": {
        "bottom_right": [
          539, 
          306
        ], 
        "top_left": [
          404, 
          194
        ]
      }, 
      "class": "006_mustard_bottle", 
      "cuboid": [
        [
          -29.393084699611784, 
          33.210517616474036, 
          63.840481855088846
        ], 
        [
          -38.49549619067145, 
          30.166829736630245, 
          64.1373605301779
        ], 
        [
          -33.97548288964529, 
          18.02194792983231, 
          78.20974701015516
        ], 
        [
          -24.873071398585626, 
          21.0656358096761, 
          77.9128683350661
        ], 
        [
          -30.636939995418054, 
          37.314841882472805, 
          67.78215696952996
        ], 
        [
          -39.73935148647772, 
          34.271154002629025, 
          68.07903564461903
        ], 
        [
          -35.21933818545156, 
          22.12627219583109, 
          82.15142212459627
        ], 
        [
          -26.116926694391896, 
          25.169960075674876, 
          81.8545434495072
        ]
      ], 
      "cuboid_centroid": [
        -32.306211442531676, 
        27.66839490615256, 
        72.99595198984255
      ], 
      "location": [
        -32.306211442531676, 
        27.66839490615256, 
        72.99595198984255
      ], 
      "pose_transform_permuted": [
        [
          0.21354105026888873, 
          -0.7046171024559182, 
          -0.6766940226844473, 
          0.0
        ], 
        [
          0.9479308981038521, 
          0.31697158366461065, 
          -0.030917133265340076, 
          0.0
        ], 
        [
          -0.23627755432010733, 
          0.6348571961426568, 
          -0.7356148841822012, 
          0.0
        ], 
        [
          -32.306211442531676, 
          27.66839490615256, 
          72.99595198984255, 
          1.0
        ]
      ], 
      "projected_cuboid": [
        [
          234.00270788657556, 
          550.7252241793224
        ], 
        [
          158.8289893270026, 
          524.1319255643023
        ], 
        [
          247.98434325882693, 
          396.1798872799856
        ], 
        [
          309.92012924839884, 
          417.482437186897
        ], 
        [
          238.53245324050442, 
          566.8849834809424
        ], 
        [
          167.6914281175257, 
          541.7609279961076
        ], 
        [
          251.05093468099273, 
          416.92829072814624
        ], 
        [
          310.0153481543888, 
          437.2802767562876
        ]
      ], 
      "projected_cuboid_centroid": [
        243.59595270143123, 
        475.43606047026094
      ], 
      "quaternion_xyzw": [
        0.9027017941893873, 
        0.15322034960657394, 
        0.05057703390507332, 
        0.39886704444058024
      ], 
      "visibility": 0.840782069910797
    }, 
    {
      "bounding_box": {
        "bottom_right": [
          411, 
          233
        ], 
        "top_left": [
          327, 
          105
        ]
      }, 
      "class": "008_pudding_box", 
      "cuboid": [
        [
          -34.28162859023191, 
          14.538599036522356, 
          62.58276495818037
        ], 
        [
          -45.4246273526704, 
          13.027344279711372, 
          64.23263108092755
        ], 
        [
          -43.656673374340315, 
          6.982030407097723, 
          70.63571077853418
        ], 
        [
          -32.513674611901834, 
          8.493285163908709, 
          68.985844655787
        ], 
        [
          -34.270422934404245, 
          17.337468082248858, 
          65.22215368425769
        ], 
        [
          -45.413421696842725, 
          15.826213325437871, 
          66.87201980700486
        ], 
        [
          -43.64546771851265, 
          9.780899452824222, 
          73.27509950461149
        ], 
        [
          -32.50246895607416, 
          11.292154209635209, 
          71.62523338186432
        ]
      ], 
      "cuboid_centroid": [
        -38.963548154372276, 
        12.15974924467329, 
        67.92893223139593
      ], 
      "location": [
        -38.963548154372276, 
        12.15974924467329, 
        67.92893223139593
      ], 
      "pose_transform_permuted": [
        [
          -0.0029127539629856865, 
          -0.7275269765726119, 
          -0.6860722915260355, 
          0.0
        ], 
        [
          0.9804317009747441, 
          0.1329697780117247, 
          -0.145165685071982, 
          0.0
        ], 
        [
          -0.1968395726246875, 
          0.6730701215375173, 
          -0.7129028733820277, 
          0.0
        ], 
        [
          -38.963548154372276, 
          12.15974924467329, 
          67.92893223139593, 
          1.0
        ]
      ], 
      "projected_cuboid": [
        [
          187.02033793667624, 
          397.1819840076979
        ], 
        [
          101.29612699547879, 
          381.45177587008914
        ], 
        [
          149.22994459113323, 
          326.00284118501565
        ], 
        [
          228.14385154561987, 
          338.9468966531398
        ], 
        [
          199.03356438604115, 
          415.0544914843222
        ], 
        [
          116.39643382857024, 
          399.50419251407146
        ], 
        [
          161.28413552155885, 
          344.47504887374475
        ], 
        [
          237.5677309755059, 
          357.36761795613324
        ]
      ], 
      "projected_cuboid_centroid": [
        173.13948679643892, 
        368.7544363512186
      ], 
      "quaternion_xyzw": [
        0.9137250836600548, 
        0.09023757707168172, 
        -0.04051504158171366, 
        0.3941092008180388
      ], 
      "visibility": 0.4465757317419721
    }, 
    {
      "bounding_box": {
        "bottom_right": [
          539, 
          241
        ], 
        "top_left": [
          374, 
          41
        ]
      }, 
      "class": "019_pitcher_base", 
      "cuboid": [
        [
          -57.814575494191914, 
          37.18697860733178, 
          71.35674365915774
        ], 
        [
          -39.45662006025396, 
          41.158477842577575, 
          69.63040649221747
        ], 
        [
          -34.37086545172592, 
          25.30866220001371, 
          87.24951724911718
        ], 
        [
          -52.728820885663865, 
          21.337162964767913, 
          88.97585441605744
        ], 
        [
          -56.573955648412046, 
          27.514343927861407, 
          62.297321379115935
        ], 
        [
          -38.2160002144741, 
          31.4858431631072, 
          60.57098421217566
        ], 
        [
          -33.13024560594606, 
          15.636027520543339, 
          78.19009496907536
        ], 
        [
          -51.488201039884, 
          11.664528285297543, 
          79.91643213601563
        ]
      ], 
      "cuboid_centroid": [
        -45.47241055006898, 
        26.41150306393756, 
        74.77341931411655
      ], 
      "location": [
        -45.47241055006898, 
        26.41150306393756, 
        74.77341931411655
      ], 
      "pose_transform_permuted": [
        [
          -0.09320540168071714, 
          0.7266865862879658, 
          0.6806171088418688, 
          0.0
        ], 
        [
          -0.9732876063539653, 
          -0.21055781501479653, 
          0.09152558273809683, 
          0.0
        ], 
        [
          -0.20981960363705798, 
          0.6539053280837926, 
          -0.7268999627412387, 
          0.0
        ], 
        [
          -45.47241055006898, 
          26.41150306393756, 
          74.77341931411655, 
          1.0
        ]
      ], 
      "projected_cuboid": [
        [
          45.8905498126349, 
          551.2216414243347
        ], 
        [
          176.86883896809834, 
          588.5313190012859
        ], 
        [
          269.75160239445347, 
          427.98773978398395
        ], 
        [
          162.90765879601096, 
          401.1810879479165
        ], 
        [
          -6.761611836956054, 
          508.8333979424761
        ], 
        [
          142.3060688258864, 
          550.5152634173502
        ], 
        [
          253.73887304949508, 
          379.9368711599133
        ], 
        [
          135.12887573495905, 
          351.1293695084368
        ]
      ], 
      "projected_cuboid_centroid": [
        154.5633929307308, 
        461.66593716083497
      ], 
      "quaternion_xyzw": [
        -0.0004618087931344285, 
        0.3996139303421007, 
        0.9093692928727618, 
        -0.11556840052401941
      ], 
      "visibility": 0.10659135353863844
    }, 
    {
      "bounding_box": {
        "bottom_right": [
          489, 
          257
        ], 
        "top_left": [
          312, 
          29
        ]
      }, 
      "class": "035_power_drill", 
      "cuboid": [
        [
          -28.320585947910704, 
          18.668110964858965, 
          47.291007245682884
        ], 
        [
          -46.1311168995576, 
          16.08420761276806, 
          51.29075469750666
        ], 
        [
          -41.41227480622147, 
          3.222308273621928, 
          63.994337468389475
        ], 
        [
          -23.601743854574575, 
          5.806211625712832, 
          59.99459001656571
        ], 
        [
          -28.011431807927885, 
          22.73821476818938, 
          51.29699744932699
        ], 
        [
          -45.821962759574774, 
          20.154311416098476, 
          55.29674490115075
        ], 
        [
          -41.103120666238645, 
          7.292412076952341, 
          68.00032767203358
        ], 
        [
          -23.292589714591756, 
          9.876315429043245, 
          64.0005802202098
        ]
      ], 
      "cuboid_centroid": [
        -34.711853307074676, 
        12.980261520905653, 
        57.64566745885823
      ], 
      "location": [
        -34.711853307074676, 
        12.980261520905653, 
        57.64566745885823
      ], 
      "pose_transform_permuted": [
        [
          -0.054055485509231165, 
          -0.711656124592796, 
          -0.7004458857165492, 
          0.0
        ], 
        [
          0.9660682544437532, 
          0.14015455281949377, 
          -0.21695192858031778, 
          0.0
        ], 
        [
          -0.25256600583824246, 
          0.6884058587527474, 
          -0.679932300512528, 
          0.0
        ], 
        [
          -34.711853307074676, 
          12.980261520905653, 
          57.64566745885823, 
          1.0
        ]
      ], 
      "projected_cuboid": [
        [
          159.55292215133812, 
          483.8142839152066
        ], 
        [
          -2.0701125913045018, 
          440.52960060099576
        ], 
        [
          133.5970402143649, 
          300.1407906125506
        ], 
        [
          270.04185054732875, 
          324.90063123840395
        ], 
        [
          187.94362224540765, 
          509.68897526260287
        ], 
        [
          35.975851378783744, 
          467.66848546766795
        ], 
        [
          156.54305727772487, 
          330.48017663491413
        ], 
        [
          285.88139609608146, 
          355.5862985423689
        ]
      ], 
      "projected_cuboid_centroid": [
        157.7776647323801, 
        393.3758346961024
      ], 
      "quaternion_xyzw": [
        0.9158220349654524, 
        0.10720438678693477, 
        -0.0739792786542235, 
        0.37987413819919136
      ], 
      "visibility": 0.8591203009115598
    }, 
    {
      "bounding_box": {
        "bottom_right": [
          341, 
          175
        ], 
        "top_left": [
          276, 
          81
        ]
      }, 
      "class": "061_foam_brick", 
      "cuboid": [
        [
          -46.88154262857263, 
          0.06872017760466143, 
          67.96454993739293
        ], 
        [
          -39.33544405998229, 
          1.4859956106367835, 
          66.6640416138495
        ], 
        [
          -40.58998428016051, 
          4.678734590725115, 
          62.86407082573668
        ], 
        [
          -48.136082848750846, 
          3.261459157692993, 
          64.16457914928012
        ], 
        [
          -47.04415885449307, 
          4.064375509440021, 
          71.37539013789254
        ], 
        [
          -39.49806028590273, 
          5.481650942472142, 
          70.0748818143491
        ], 
        [
          -40.752600506080945, 
          8.674389922560474, 
          66.27491102623628
        ], 
        [
          -48.29869907467128, 
          7.257114489528352, 
          67.57541934977972
        ]
      ], 
      "cuboid_centroid": [
        -43.817071567326785, 
        4.371555050082568, 
        67.11973048181461
      ], 
      "location": [
        -43.817071567326785, 
        4.371555050082568, 
        67.11973048181461
      ], 
      "pose_transform_permuted": [
        [
          0.0309391599357266, 
          -0.7602083903987339, 
          -0.6489421943053462, 
          0.0
        ], 
        [
          -0.969013893288892, 
          -0.18199597748982344, 
          0.16700161313780046, 
          0.0
        ], 
        [
          0.24506089650447166, 
          -0.6236671126048654, 
          0.7422832947463757, 
          0.0
        ], 
        [
          -43.817071567326785, 
          4.371555050082568, 
          67.11973048181461, 
          1.0
        ]
      ], 
      "projected_cuboid": [
        [
          110.65064556665048, 
          273.825786994477
        ], 
        [
          164.28677814097892, 
          285.17466448071906
        ], 
        [
          134.37435915332034, 
          312.9794937337117
        ], 
        [
          78.16804861966409, 
          300.39495296010745
        ], 
        [
          127.15198890584865, 
          303.6557037171024
        ], 
        [
          178.48367031821303, 
          315.0057920142023
        ], 
        [
          150.9246948028667, 
          343.0900570828423
        ], 
        [
          97.23685764100516, 
          330.5612291608864
        ]
      ], 
      "projected_cuboid_centroid": [
        130.53421043376264, 
        308.0220159159217
      ], 
      "quaternion_xyzw": [
        -0.11859720529125971, 
        0.9002254162429406, 
        -0.41725429487863885, 
        -0.03778566199839306
      ], 
      "visibility": 0.929665071770335
    }
  ]
}