{
  "camera_data": {
    "location_worldframe": [
      -23.54148167985173, 
      15.422691491290728, 
      75.10603806518353
    ], 
    "quaternion_xyzw_worldframe": [
      0.9247898452729857, 
      0.03545186100139471, 
      -0.11680479603900369, 
      -0.3603659741103208
    ]
  }, 
  "objects": [
    {
      "bounding_box": {
        "bottom_right": [
          539, 
          257
        ], 
        "top_left": [
          361, 
          20
        ]
      }, 
      "class": "003_cracker_box", 
      "cuboid": [
        [
          -35.461900158458334, 
          27.97277263532667, 
          55.65989813656886
        ], 
        [
          -51.48832401041965, 
          26.28420148368799, 
          58.72267166236136
        ], 
        [
          -47.139702263327635, 
          11.155456079387234, 
          73.13669603236167
        ], 
        [
          -31.113278411366313, 
          12.844027231025912, 
          70.07392250656918
        ], 
        [
          -35.01079755414898, 
          32.98328167203713, 
          60.782758974847695
        ], 
        [
          -51.03722140611029, 
          31.29471052039845, 
          63.84553250064019
        ], 
        [
          -46.68859965901827, 
          16.16596511609769, 
          78.2595568706405
        ], 
        [
          -30.66217580705695, 
          17.85453626773637, 
          75.196783344848
        ]
      ], 
      "cuboid_centroid": [
        -41.07524990873831, 
        22.06936887571218, 
        66.95972750360468
      ], 
      "location": [
        -41.07524990873831, 
        22.06936887571218, 
        66.95972750360468
      ], 
      "pose_transform_permuted": [
        [
          -0.06282766226942127, 
          -0.6978425009057188, 
          -0.7134903845066252, 
          0.0
        ], 
        [
          0.9770064604806898, 
          0.10293905486160049, 
          -0.1867134895051642, 
          0.0
        ], 
        [
          -0.20374263430306921, 
          0.7088154872135998, 
          -0.6753292116097109, 
          0.0
        ], 
        [
          -41.07524990873831, 
          22.06936887571218, 
          66.95972750360468, 
          1.0
        ]
      ], 
      "projected_cuboid": [
        [
          138.9781540867688, 
          541.3148301893965
        ], 
        [
          10.082963766219835, 
          511.99978079616426
        ], 
        [
          134.98535345053162, 
          354.63316025311
        ], 
        [
          242.82633945014246, 
          371.0400389139314
        ], 
        [
          171.8456284310922, 
          562.6881763675182
        ], 
        [
          51.71607088913387, 
          534.7000044606003
        ], 
        [
          160.77428471848495, 
          383.45360411404386
        ], 
        [
          262.3188749557729, 
          399.9166066687503
        ]
      ], 
      "projected_cuboid_centroid": [
        151.7153290150933, 
        449.0642337465717
      ], 
      "quaternion_xyzw": [
        0.9218612059579406, 
        0.08316916016820157, 
        -0.06767318934830267, 
        0.3723911212557522
      ], 
      "visibility": 0.27525388512448873
    }, 
    {
      "bounding_box": {
        "bottom_right": [
          539, 
          305
        ], 
        "top_left": [
          421, 
          196
        ]
      }, 
      "class": "006_mustard_bottle", 
      "cuboid": [
        [
          -29.501096520494073, 
          36.21996802869312, 
          63.93559103757016
        ], 
        [
          -38.614544980881945, 
          33.203038519380534, 
          64.15753991884336
        ], 
        [
          -34.045720731997626, 
          20.391278082888824, 
          77.60913369375136
        ], 
        [
          -24.93227227160975, 
          23.40820759220141, 
          77.38718481247815
        ], 
        [
          -30.697785568277876, 
          40.139421990181994, 
          68.07506834175477
        ], 
        [
          -39.81123402866575, 
          37.122492480869404, 
          68.29701722302798
        ], 
        [
          -35.242409779781426, 
          24.3107320443777, 
          81.74861099793598
        ], 
        [
          -26.12896131939355, 
          27.327661553690284, 
          81.52666211666279
        ]
      ], 
      "cuboid_centroid": [
        -32.37175315013775, 
        30.26535003653541, 
        72.84210101775307
      ], 
      "location": [
        -32.37175315013775, 
        30.26535003653541, 
        72.84210101775307
      ], 
      "pose_transform_permuted": [
        [
          0.20544370150660157, 
          -0.6728791670854029, 
          -0.7106520622455795, 
          0.0
        ], 
        [
          0.9490802950804568, 
          0.31418495000886426, 
          -0.023113897077174976, 
          0.0
        ], 
        [
          -0.23882908030374883, 
          0.6697173704736964, 
          -0.7031637889475427, 
          0.0
        ], 
        [
          -32.37175315013775, 
          30.26535003653541, 
          72.84210101775307, 
          1.0
        ]
      ], 
      "projected_cuboid": [
        [
          233.46253342459454, 
          575.4158831247962
        ], 
        [
          157.93265051342047, 
          549.2919877784689
        ], 
        [
          245.6897383604015, 
          413.41267275323435
        ], 
        [
          308.3425574821279, 
          434.6059547053722
        ], 
        [
          239.09765032926708, 
          587.75026642112
        ], 
        [
          168.12731541692858, 
          563.1696547143256
        ], 
        [
          249.76316207988685, 
          431.88726920144677
        ], 
        [
          309.24590377847227, 
          452.05476779072916
        ]
      ], 
      "projected_cuboid_centroid": [
        242.60939857774636, 
        494.87684963485617
      ], 
      "quaternion_xyzw": [
        0.9123389896030604, 
        0.15153743197833128, 
        0.0499621868919453, 
        0.3770646031009902
      ], 
      "visibility": 0.6836260084625405
    }, 
    {
      "bounding_box": {
        "bottom_right": [
          437, 
          228
        ], 
        "top_left": [
          349, 
          99
        ]
      }, 
      "class": "008_pudding_box", 
      "cuboid": [
        [
          -34.48173651818388, 
          17.648107165629725, 
          61.838456014873586
        ], 
        [
          -45.61897490475617, 
          16.106640846880065, 
          63.49923092180689
        ], 
        [
          -43.83111907857774, 
          9.759643423153491, 
          69.59760004394262
        ], 
        [
          -32.69388069200546, 
          11.301109741903149, 
          67.93682513700932
        ], 
        [
          -34.438752189831106, 
          20.31966327090318, 
          64.60632643689206
        ], 
        [
          -45.5759905764034, 
          18.778196952153525, 
          66.26710134382536
        ], 
        [
          -43.78813475022497, 
          12.43119952842695, 
          72.3654704659611
        ], 
        [
          -32.650896363652684, 
          13.972665847176607, 
          70.70469555902778
        ]
      ], 
      "cuboid_centroid": [
        -39.134935634204425, 
        15.039653347028336, 
        67.10196324041733
      ], 
      "location": [
        -39.134935634204425, 
        15.039653347028336, 
        67.10196324041733
      ], 
      "pose_transform_permuted": [
        [
          -0.01117317671373254, 
          -0.6944337531551764, 
          -0.7194693166336276, 
          0.0
        ], 
        [
          0.9799248665732372, 
          0.13562798283541017, 
          -0.14612550908912317, 
          0.0
        ], 
        [
          -0.19905539457080512, 
          0.7066588133229542, 
          -0.6789771602780204, 
          0.0
        ], 
        [
          -39.134935634204425, 
          15.039653347028336, 
          67.10196324041733, 
          1.0
        ]
      ], 
      "projected_cuboid": [
        [
          181.7345180778626, 
          425.490874310103
        ], 
        [
          95.2578508405763, 
          408.563561939775
        ], 
        [
          142.92449005938244, 
          348.0737283306554
        ], 
        [
          222.80380633055074, 
          362.00282881145563
        ], 
        [
          194.93904707435252, 
          441.02358392540566
        ], 
        [
          111.7434417005913, 
          424.41402006740617
        ], 
        [
          156.19763308240059, 
          364.9020848455504
        ], 
        [
          233.26169228477804, 
          378.68118350656465
        ]
      ], 
      "projected_cuboid_centroid": [
        167.96451338879962, 
        392.8201740590819
      ], 
      "quaternion_xyzw": [
        0.9227747553614886, 
        0.0906730964034409, 
        -0.04261567757703651, 
        0.37208725787453306
      ], 
      "visibility": 0.47094842835759965
    }, 
    {
      "bounding_box": {
        "bottom_right": [
          539, 
          240
        ], 
        "top_left": [
          391, 
          41
        ]
      }, 
      "class": "019_pitcher_base", 
      "cuboid": [
        [
          -57.848792069263425, 
          39.95504976448221, 
          71.84401679531594
        ], 
        [
          -39.48647254183973, 
          43.92802216528317, 
          70.16822272108195
        ], 
        [
          -34.34246337038338, 
          27.246317086078065, 
          86.98412308352823
        ], 
        [
          -52.704782897807064, 
          23.27334468527711, 
          88.65991715776221
        ], 
        [
          -56.71758793906536, 
          30.714218051755317, 
          62.330892294646475
        ], 
        [
          -38.35526841164167, 
          34.68719045255627, 
          60.655098220412505
        ], 
        [
          -33.21125924018532, 
          18.005485373351167, 
          77.47099858285877
        ], 
        [
          -51.57357876760901, 
          14.03251297255021, 
          79.14679265709276
        ]
      ], 
      "cuboid_centroid": [
        -45.53002565472437, 
        28.98026756891669, 
        74.65750768908735
      ], 
      "location": [
        -45.53002565472437, 
        28.98026756891669, 
        74.65750768908735
      ], 
      "pose_transform_permuted": [
        [
          -0.08498520775453172, 
          0.6942460533566619, 
          0.7147028909296531, 
          0.0
        ], 
        [
          -0.9735189784214012, 
          -0.21063591814464147, 
          0.08884592890110747, 
          0.0
        ], 
        [
          -0.21222297348962058, 
          0.6882260386373912, 
          -0.6937624444034913, 
          0.0
        ], 
        [
          -45.53002565472437, 
          28.98026756891669, 
          74.65750768908735, 
          1.0
        ]
      ], 
      "projected_cuboid": [
        [
          48.58955869137708, 
          569.8847995553245
        ], 
        [
          178.97569291693966, 
          607.1652306746568
        ], 
        [
          269.2808390868168, 
          440.3399490659193
        ], 
        [
          161.9178192335033, 
          413.28362893815387
        ], 
        [
          -7.737783161451516, 
          536.0855027605213
        ], 
        [
          141.541841240157, 
          578.2791683834379
        ], 
        [
          251.06150698218687, 
          397.23844424012754
        ], 
        [
          131.1796484925716, 
          367.84266234377225
        ]
      ], 
      "projected_cuboid_centroid": [
        153.6406413261564, 
        480.3085066816047
      ], 
      "quaternion_xyzw": [
        0.0010505298857336972, 
        0.3776870572076074, 
        0.9187556677360479, 
        -0.11506293416296681
      ], 
      "visibility": 0.010064272810195654
    }, 
    {
      "bounding_box": {
        "bottom_right": [
          530, 
          252
        ], 
        "top_left": [
          339, 
          22
        ]
      }, 
      "class": "035_power_drill", 
      "cuboid": [
        [
          -28.614488568256526, 
          22.467810040454943, 
          46.713318512110895
        ], 
        [
          -46.40658484951916, 
          19.77170506829603, 
          50.72104565954364
        ], 
        [
          -41.652159542513324, 
          6.307275043759929, 
          62.77017445142368
        ], 
        [
          -23.86006326125068, 
          9.003380015918843, 
          58.76244730399094
        ], 
        [
          -28.257905392824156, 
          26.343682712139895, 
          50.903752646628476
        ], 
        [
          -46.0500016740868, 
          23.647577739980978, 
          54.911479794061215
        ], 
        [
          -41.295576367080955, 
          10.183147715444878, 
          66.96060858594124
        ], 
        [
          -23.503480085818317, 
          12.879252687603792, 
          62.95288143850851
        ]
      ], 
      "cuboid_centroid": [
        -34.95503246766874, 
        16.325478877949912, 
        56.83696354902607
      ], 
      "location": [
        -34.95503246766874, 
        16.325478877949912, 
        56.83696354902607
      ], 
      "pose_transform_permuted": [
        [
          -0.06234843458182661, 
          -0.677694884019772, 
          -0.7326958379027007, 
          0.0
        ], 
        [
          0.9650683319884538, 
          0.1462405265357822, 
          -0.2173847584958818, 
          0.0
        ], 
        [
          -0.25447052181349405, 
          0.7206550346297761, 
          -0.644904040568187, 
          0.0
        ], 
        [
          -34.95503246766874, 
          16.325478877949912, 
          56.83696354902607, 
          1.0
        ]
      ], 
      "projected_cuboid": [
        [
          152.1868959227398, 
          529.7984593607163
        ], 
        [
          -10.423377214157687, 
          481.1812564063182
        ], 
        [
          124.75509975877206, 
          326.8755765125767
        ], 
        [
          263.2419107692042, 
          354.9999297396295
        ], 
        [
          183.07124439138488, 
          549.2898020386658
        ], 
        [
          30.61607178135069, 
          502.9601208204446
        ], 
        [
          149.950216794656, 
          354.3920149127113
        ], 
        [
          280.8226868161159, 
          382.39604207328546
        ]
      ], 
      "projected_cuboid_centroid": [
        150.86936076361073, 
        426.4737782313021
      ], 
      "quaternion_xyzw": [
        0.9244483766713166, 
        0.10836490670039524, 
        -0.0756486787517953, 
        0.3576724666201136
      ], 
      "visibility": 0.8720092132191124
    }, 
    {
      "bounding_box": {
        "bottom_right": [
          366, 
          168
        ], 
        "top_left": [
          300, 
          71
        ]
      }, 
      "class": "061_foam_brick", 
      "cuboid": [
        [
          -47.10616265214217, 
          2.9929250425745257, 
          66.62879636601656
        ], 
        [
          -39.56355671104676, 
          4.438850497052236, 
          65.33961431641724
        ], 
        [
          -40.8316664274018, 
          7.81190149268354, 
          61.70345479328193
        ], 
        [
          -48.3742723684972, 
          6.3659760382058295, 
          62.99263684288125
        ], 
        [
          -47.226024927834835, 
          6.824364937778912, 
          70.22479939791225
        ], 
        [
          -39.68341898673943, 
          8.270290392256623, 
          68.93561734831295
        ], 
        [
          -40.95152870309447, 
          11.643341387887926, 
          65.29945782517763
        ], 
        [
          -48.49413464418987, 
          10.197415933410218, 
          66.58863987477694
        ]
      ], 
      "cuboid_centroid": [
        -44.028845677618314, 
        7.318133215231226, 
        65.96412709559709
      ], 
      "location": [
        -44.028845677618314, 
        7.318133215231226, 
        65.96412709559709
      ], 
      "pose_transform_permuted": [
        [
          0.022804846791428135, 
          -0.7289649666316208, 
          -0.6841710432242651, 
          0.0
        ], 
        [
          -0.9685653960242572, 
          -0.18567500030823147, 
          0.16554717721819398, 
          0.0
        ], 
        [
          0.24771155117836827, 
          -0.6588891194156252, 
          0.7102845315283928, 
          0.0
        ], 
        [
          -44.028845677618314, 
          7.318133215231226, 
          65.96412709559709, 
          1.0
        ]
      ], 
      "projected_cuboid": [
        [
          101.40110767890982, 
          297.2429295602339
        ], 
        [
          155.9774975834663, 
          309.51763486827616
        ], 
        [
          125.73691399993115, 
          340.8069071699955
        ], 
        [
          68.62907200261289, 
          327.183308418933
        ], 
        [
          119.95193619283677, 
          325.11391940834795
        ], 
        [
          172.02829091861818, 
          337.26954117144834
        ], 
        [
          144.3468170253896, 
          368.3810790775097
        ], 
        [
          89.96268916885037, 
          354.9593522220693
        ]
      ], 
      "projected_cuboid_centroid": [
        122.65759707487106, 
        332.4536023811783
      ], 
      "quaternion_xyzw": [
        -0.11907616027608418, 
        0.9098936144770096, 
        -0.3954444440703291, 
        -0.03921951098338336
      ], 
      "visibility": 0.9532623785284591
    }
  ]
}