{
  "camera_data": {
    "location_worldframe": [
      -18.550909035224297, 
      13.14317874825307, 
      71.58771058302194
    ], 
    "quaternion_xyzw_worldframe": [
      0.894817606327529, 
      0.01173656714921505, 
      -0.03641463687157814, 
      -0.4447914954813737
    ]
  }, 
  "objects": [
    {
      "bounding_box": {
        "bottom_right": [
          539, 
          286
        ], 
        "top_left": [
          378, 
          81
        ]
      }, 
      "class": "003_cracker_box", 
      "cuboid": [
        [
          -26.45210444360515, 
          30.23956189217884, 
          53.614417296668336
        ], 
        [
          -42.826908055515254, 
          30.138874392023794, 
          54.5807424934032
        ], 
        [
          -42.022860165919504, 
          12.35311171677662, 
          66.35247559424342
        ], 
        [
          -25.6480565540094, 
          12.45379921693167, 
          65.38615039750856
        ], 
        [
          -26.123950242913708, 
          34.208543267807045, 
          59.588687059193944
        ], 
        [
          -42.49875385482381, 
          34.107855767652, 
          60.555012255928794
        ], 
        [
          -41.69470596522806, 
          16.322093092404828, 
          72.32674535676902
        ], 
        [
          -25.319902353317957, 
          16.422780592559874, 
          71.36042016003415
        ]
      ], 
      "cuboid_centroid": [
        -34.07340520441661, 
        23.280827492291834, 
        62.97058132671868
      ], 
      "location": [
        -34.07340520441661, 
        23.280827492291834, 
        62.97058132671868
      ], 
      "pose_transform_permuted": [
        [
          -0.045703928765605306, 
          -0.5527829346127695, 
          -0.832071017459618, 
          0.0
        ], 
        [
          0.9982444658719567, 
          0.006138134062209699, 
          -0.058909334287929105, 
          0.0
        ], 
        [
          -0.03767143813821211, 
          0.8333026764094363, 
          -0.5515319684637241, 
          0.0
        ], 
        [
          -34.07340520441661, 
          23.280827492291834, 
          62.97058132671868, 
          1.0
        ]
      ], 
      "projected_cuboid": [
        [
          216.27683094527265, 
          574.0890339663545
        ], 
        [
          59.63926685278361, 
          567.7796356146223
        ], 
        [
          141.01622533528064, 
          372.57682568593003
        ], 
        [
          270.65634452673885, 
          374.86546512262095
        ], 
        [
          245.83888852077675, 
          579.4534790042455
        ], 
        [
          104.18321391906332, 
          573.6809519729001
        ], 
        [
          171.58847557536123, 
          393.64162712007965
        ], 
        [
          290.78916200146847, 
          396.0239108905778
        ]
      ], 
      "projected_cuboid_centroid": [
        190.61275709400456, 
        470.45989977157336
      ], 
      "quaternion_xyzw": [
        0.9570290172900991, 
        0.011444159844931339, 
        -0.02732761002110335, 
        0.28847477012856043
      ], 
      "visibility": 0.15831919734811903
    }, 
    {
      "bounding_box": {
        "bottom_right": [
          539, 
          340
        ], 
        "top_left": [
          415, 
          247
        ]
      }, 
      "class": "006_mustard_bottle", 
      "cuboid": [
        [
          -20.747466287661336, 
          36.12551425382162, 
          63.85391971341099
        ], 
        [
          -30.086013841692903, 
          34.316336784195734, 
          62.540727315209324
        ], 
        [
          -28.691269208226604, 
          18.92908961466096, 
          73.82115494608627
        ], 
        [
          -19.352721654195033, 
          20.738267084286846, 
          75.13434734428793
        ], 
        [
          -22.035344591505396, 
          39.40781954445629, 
          68.49043757046013
        ], 
        [
          -31.37389214553697, 
          37.5986420748304, 
          67.17724517225847
        ], 
        [
          -29.979147512070664, 
          22.211394905295624, 
          78.45767280313541
        ], 
        [
          -20.640599958039093, 
          24.02057237492151, 
          79.77086520133707
        ]
      ], 
      "cuboid_centroid": [
        -25.363306899866, 
        29.168454579558624, 
        71.1557962582732
      ], 
      "location": [
        -25.363306899866, 
        29.168454579558624, 
        71.1557962582732
      ], 
      "pose_transform_permuted": [
        [
          0.22109877776667763, 
          -0.5634955460079669, 
          -0.7959823752190985, 
          0.0
        ], 
        [
          0.9725222572692251, 
          0.18840888761139404, 
          0.13675668811864924, 
          0.0
        ], 
        [
          -0.0729083807832373, 
          0.8043474403297182, 
          -0.5896690285631399, 
          0.0
        ], 
        [
          -25.363306899866, 
          29.168454579558624, 
          71.1557962582732, 
          1.0
        ]
      ], 
      "projected_cuboid": [
        [
          306.8663574925813, 
          575.0134216271538
        ], 
        [
          222.89883550785166, 
          565.9210373767938
        ], 
        [
          272.59014937355727, 
          410.0393995490048
        ], 
        [
          343.0825584904184, 
          420.4911700574013
        ], 
        [
          308.58291030755686, 
          580.146336789287
        ], 
        [
          230.4443126587095, 
          571.7818404864917
        ], 
        [
          276.1142113874795, 
          424.26950050525573
        ], 
        [
          342.4513805647009, 
          433.8795265893956
        ]
      ], 
      "projected_cuboid_centroid": [
        289.91242018893007, 
        491.9069295185195
      ], 
      "quaternion_xyzw": [
        0.9450994752958602, 
        0.06912427612787182, 
        0.0946607937152069, 
        0.3050378835016579
      ], 
      "visibility": 0.5617827833218285
    }, 
    {
      "bounding_box": {
        "bottom_right": [
          454, 
          255
        ], 
        "top_left": [
          369, 
          127
        ]
      }, 
      "class": "008_pudding_box", 
      "cuboid": [
        [
          -27.393285345443374, 
          18.978154979001125, 
          57.860504246951386
        ], 
        [
          -38.75233771167939, 
          18.62787383803774, 
          58.00748399409885
        ], 
        [
          -38.45761101830698, 
          11.162214539535274, 
          62.99225862458194
        ], 
        [
          -27.09855865207096, 
          11.512495680498663, 
          62.84527887743449
        ], 
        [
          -27.417732872193916, 
          21.11370648877542, 
          61.06034618316153
        ], 
        [
          -38.77678523842994, 
          20.76342534781203, 
          61.20732593030899
        ], 
        [
          -38.48205854505752, 
          13.297766049309567, 
          66.19210056079208
        ], 
        [
          -27.123006178821502, 
          13.648047190272955, 
          66.04512081364462
        ]
      ], 
      "cuboid_centroid": [
        -32.93767194525044, 
        16.137960514155345, 
        62.02630240387174
      ], 
      "location": [
        -32.93767194525044, 
        16.137960514155345, 
        62.02630240387174
      ], 
      "pose_transform_permuted": [
        [
          0.006354793643761258, 
          -0.555106833452396, 
          -0.8317542876526208, 
          0.0
        ], 
        [
          0.9994414672673665, 
          0.030819956295046438, 
          -0.01293221031221641, 
          0.0
        ], 
        [
          -0.032814132650280194, 
          0.8312078276306709, 
          -0.5549923357289361, 
          0.0
        ], 
        [
          -32.93767194525044, 
          16.137960514155345, 
          62.02630240387174, 
          1.0
        ]
      ], 
      "projected_cuboid": [
        [
          226.9998549785903, 
          448.2145278855599
        ], 
        [
          122.33975619010187, 
          444.5508167713518
        ], 
        [
          153.28498966192112, 
          367.79065222459013
        ], 
        [
          249.7160107549759, 
          370.98424109064615
        ], 
        [
          240.12660404751816, 
          457.70005424310443
        ], 
        [
          140.90648163165213, 
          454.20509933647145
        ], 
        [
          168.95755105492032, 
          380.4286136436481
        ], 
        [
          260.75143207825545, 
          383.4956003458534
        ]
      ], 
      "projected_cuboid_centroid": [
        196.02959019414783, 
        412.04525873510846
      ], 
      "quaternion_xyzw": [
        0.9568703651162285, 
        0.016625577315689245, 
        -0.0017184712026420137, 
        0.29003384618523825
      ], 
      "visibility": 0.6004738801760127
    }, 
    {
      "bounding_box": {
        "bottom_right": [
          539, 
          295
        ], 
        "top_left": [
          363, 
          74
        ]
      }, 
      "class": "035_power_drill", 
      "cuboid": [
        [
          -19.147708420713965, 
          25.493632755559254, 
          44.59461693635019
        ], 
        [
          -37.49321659836236, 
          24.476262192858318, 
          46.11014847111768
        ], 
        [
          -35.80597423486071, 
          8.66509630134024, 
          55.92020386782877
        ], 
        [
          -17.460466057212326, 
          9.682466864041176, 
          54.40467233306128
        ], 
        [
          -18.91555689446761, 
          28.52427222428427, 
          49.43926437897317
        ], 
        [
          -37.261065072116004, 
          27.50690166158334, 
          50.95479591374066
        ], 
        [
          -35.57382270861436, 
          11.695735770065259, 
          60.76485131045174
        ], 
        [
          -17.228314530965967, 
          12.713106332766195, 
          59.24931977568425
        ]
      ], 
      "cuboid_centroid": [
        -27.360765564664163, 
        18.594684262812255, 
        52.67973412340097
      ], 
      "location": [
        -27.360765564664163, 
        18.594684262812255, 
        52.67973412340097
      ], 
      "pose_transform_permuted": [
        [
          -0.040591607356942234, 
          -0.5299061752641321, 
          -0.8470847896346833, 
          0.0
        ], 
        [
          0.9950861717811722, 
          0.05518361054475303, 
          -0.0822045624761067, 
          0.0
        ], 
        [
          -0.09030606581060929, 
          0.8462590902344321, 
          -0.5250623902202962, 
          0.0
        ], 
        [
          -27.360765564664163, 
          18.594684262812255, 
          52.67973412340097, 
          1.0
        ]
      ], 
      "projected_cuboid": [
        [
          250.69591286361575, 
          578.172071904039
        ], 
        [
          44.32884359701959, 
          556.3840855518876
        ], 
        [
          137.2641941238799, 
          355.9268938444305
        ], 
        [
          309.0087604625532, 
          368.20208421221065
        ], 
        [
          275.84752968543535, 
          580.9883851672028
        ], 
        [
          88.3532202577386, 
          561.188178355376
        ], 
        [
          166.77161627746545, 
          375.9374091882603
        ], 
        [
          325.22788752187677, 
          387.7207390131215
        ]
      ], 
      "projected_cuboid_centroid": [
        202.29354819482415, 
        461.53557578052454
      ], 
      "quaternion_xyzw": [
        0.9602642932612728, 
        0.03787750866515268, 
        -0.031969367885169825, 
        0.2746557830192557
      ], 
      "visibility": 0.6596810858919986
    }, 
    {
      "bounding_box": {
        "bottom_right": [
          391, 
          181
        ], 
        "top_left": [
          325, 
          73
        ]
      }, 
      "class": "061_foam_brick", 
      "cuboid": [
        [
          -42.035756605502755, 
          5.4766549639829, 
          58.49784035162582
        ], 
        [
          -34.278430411005104, 
          6.134487481159788, 
          58.31144869122035
        ], 
        [
          -34.69779578692599, 
          10.210068985184481, 
          55.242084028124495
        ], 
        [
          -42.45512198142364, 
          9.552236468007594, 
          55.428475688529964
        ], 
        [
          -42.20180754826104, 
          8.626116251840427, 
          62.70246365482397
        ], 
        [
          -34.44448135376339, 
          9.283948769017314, 
          62.516071994418496
        ], 
        [
          -34.86384672968427, 
          13.359530273042008, 
          59.44670733132264
        ], 
        [
          -42.62117292418192, 
          12.701697755865121, 
          59.63309899172812
        ]
      ], 
      "cuboid_centroid": [
        -38.44980166759351, 
        9.418092618512453, 
        58.972273841474234
      ], 
      "location": [
        -38.44980166759351, 
        9.418092618512453, 
        58.972273841474234
      ], 
      "pose_transform_permuted": [
        [
          0.031592644869216424, 
          -0.5992125690094305, 
          -0.7999663755004245, 
          0.0
        ], 
        [
          -0.9961381751002341, 
          -0.08447396264540008, 
          0.023935031710011656, 
          0.0
        ], 
        [
          0.0819185015618773, 
          -0.7961208744757935, 
          0.5995672708927285, 
          0.0
        ], 
        [
          -38.44980166759351, 
          9.418092618512453, 
          58.972273841474234, 
          1.0
        ]
      ], 
      "projected_cuboid": [
        [
          95.1671217868709, 
          323.21671189908426
        ], 
        [
          165.47207346683587, 
          329.3928838166287
        ], 
        [
          143.8251258309938, 
          371.8568549983491
        ], 
        [
          69.69981428754424, 
          365.19588075494084
        ], 
        [
          119.65573116394195, 
          346.65648958561667
        ], 
        [
          185.30521815593087, 
          352.4871583933613
        ], 
        [
          166.21337274119216, 
          393.14009146541315
        ], 
        [
          97.24452690146035, 
          386.8822468622282
        ]
      ], 
      "projected_cuboid_centroid": [
        130.97603174023737, 
        358.4596693935704
      ], 
      "quaternion_xyzw": [
        -0.04389568863908244, 
        0.94765835419159, 
        -0.31624789529893155, 
        0.002020140783156282
      ], 
      "visibility": 0.9679629629629629
    }
  ]
}