{
  "camera_data": {
    "location_worldframe": [
      -16.683308460602674, 
      2.843221019648867, 
      71.0179361740846
    ], 
    "quaternion_xyzw_worldframe": [
      -0.8491046257475945, 
      -0.037397495953335205, 
      -0.06936968251588589, 
      0.5223197828625128
    ]
  }, 
  "objects": [
    {
      "bounding_box": {
        "bottom_right": [
          514, 
          300
        ], 
        "top_left": [
          309, 
          122
        ]
      }, 
      "class": "003_cracker_box", 
      "cuboid": [
        [
          -20.06610576843149, 
          23.36190979574328, 
          55.356136462851566
        ], 
        [
          -36.27337421582154, 
          24.259210540017804, 
          52.990250469039616
        ], 
        [
          -38.54776804546249, 
          4.663789148496064, 
          61.13887859546547
        ], 
        [
          -22.340499598072448, 
          3.766488404221538, 
          63.50476458927743
        ], 
        [
          -20.866903452768067, 
          26.18064206401384, 
          61.910972006441824
        ], 
        [
          -37.07417190015811, 
          27.07794280828836, 
          59.545086012629866
        ], 
        [
          -39.34856572979907, 
          7.482521416766619, 
          67.69371413905573
        ], 
        [
          -23.141297282409028, 
          6.585220672492093, 
          70.05960013286769
        ]
      ], 
      "cuboid_centroid": [
        -29.70733574911528, 
        15.42221560625495, 
        61.52492530095365
      ], 
      "location": [
        -29.70733574911528, 
        15.42221560625495, 
        61.52492530095365
      ], 
      "pose_transform_permuted": [
        [
          0.11153171357691691, 
          -0.3925811052453436, 
          -0.9129297632736819, 
          0.0
        ], 
        [
          0.9880311494386862, 
          -0.05470145007072533, 
          0.14422967482119714, 
          0.0
        ], 
        [
          0.10656042701427637, 
          0.9180892261455333, 
          -0.38178141420193634, 
          0.0
        ], 
        [
          -29.70733574911528, 
          15.42221560625495, 
          61.52492530095365, 
          1.0
        ]
      ], 
      "projected_cuboid": [
        [
          286.66240874219346, 
          498.36301171093646
        ], 
        [
          113.4818915695251, 
          517.4429995709596
        ], 
        [
          142.5394498087207, 
          313.9691632080371
        ], 
        [
          292.4157233894909, 
          304.91789727786124
        ], 
        [
          300.3453543136806, 
          498.814399364067
        ], 
        [
          146.7725357251537, 
          515.8119609623575
        ], 
        [
          169.009067806424, 
          332.2369923007498
        ], 
        [
          303.96892134328164, 
          323.4156728535006
        ]
      ], 
      "projected_cuboid_centroid": [
        221.93748961508817, 
        406.97169986453196
      ], 
      "quaternion_xyzw": [
        0.9771195089212349, 
        -0.041259507054321055, 
        0.06543759132403393, 
        0.19812379969319108
      ], 
      "visibility": 0.3186458893068243
    }, 
    {
      "bounding_box": {
        "bottom_right": [
          490, 
          350
        ], 
        "top_left": [
          342, 
          273
        ]
      }, 
      "class": "006_mustard_bottle", 
      "cuboid": [
        [
          -16.444213854463968, 
          26.926800674851116, 
          67.44763862375584
        ], 
        [
          -25.354310988553262, 
          26.047758701290196, 
          63.97726082299444
        ], 
        [
          -26.86871542549373, 
          8.85168663597233, 
          72.22119315593851
        ], 
        [
          -17.958618291404434, 
          9.730728609533248, 
          75.69157095669989
        ], 
        [
          -18.566338743406735, 
          29.42266070665593, 
          72.26393648025777
        ], 
        [
          -27.47643587749603, 
          28.54361873309501, 
          68.79355867949637
        ], 
        [
          -28.990840314436493, 
          11.34754666777714, 
          77.03749101244043
        ], 
        [
          -20.0807431803472, 
          12.226588641338058, 
          80.50786881320182
        ]
      ], 
      "cuboid_centroid": [
        -22.717527084450232, 
        19.137173671314127, 
        72.24256481809813
      ], 
      "location": [
        -22.717527084450232, 
        19.137173671314127, 
        72.24256481809813
      ], 
      "pose_transform_permuted": [
        [
          0.36431953066763006, 
          -0.42848117004660846, 
          -0.8268464234969999, 
          0.0
        ], 
        [
          0.9279031591579427, 
          0.09154398790771189, 
          0.36140734229237204, 
          0.0
        ], 
        [
          0.07916343443736734, 
          0.8989013042468719, 
          -0.4309403623140368, 
          0.0
        ], 
        [
          -22.717527084450232, 
          19.137173671314127, 
          72.24256481809813, 
          1.0
        ]
      ], 
      "projected_cuboid": [
        [
          350.486378013604, 
          486.2011841435048
        ], 
        [
          268.48015895065805, 
          490.4227459780385
        ], 
        [
          281.5307488192579, 
          338.6520854165954
        ], 
        [
          354.0069212854038, 
          341.8488370643353
        ], 
        [
          343.4325930830355, 
          490.43055072348506
        ], 
        [
          266.81186483594297, 
          494.56991301153715
        ], 
        [
          279.2250738193173, 
          351.8439881182359
        ], 
        [
          347.4648247307956, 
          354.2808464127398
        ]
      ], 
      "projected_cuboid_centroid": [
        312.49082722422474, 
        414.563768533225
      ], 
      "quaternion_xyzw": [
        0.9557262797085019, 
        0.003238519682152256, 
        0.18983648570942038, 
        0.2248084913555925
      ], 
      "visibility": 0.19278795658769984
    }, 
    {
      "bounding_box": {
        "bottom_right": [
          393, 
          278
        ], 
        "top_left": [
          304, 
          158
        ]
      }, 
      "class": "008_pudding_box", 
      "cuboid": [
        [
          -22.25056769968139, 
          11.624091464572176, 
          57.14084685046399
        ], 
        [
          -33.39293525591081, 
          12.063547567938162, 
          54.943827470080905
        ], 
        [
          -34.39851560387356, 
          3.8336395690870875, 
          58.39756938227537
        ], 
        [
          -23.256148047644153, 
          3.3941834657211003, 
          60.59458876265844
        ], 
        [
          -22.87479122378849, 
          13.157652038867344, 
          60.61341122079772
        ], 
        [
          -34.017158780017894, 
          13.59710814223333, 
          58.41639184041465
        ], 
        [
          -35.022739127980664, 
          5.367200143382255, 
          61.8701337526091
        ], 
        [
          -23.88037157175125, 
          4.927744040016268, 
          64.06715313299219
        ]
      ], 
      "cuboid_centroid": [
        -28.636653413831027, 
        8.495645803977215, 
        59.50549030153655
      ], 
      "location": [
        -28.636653413831027, 
        8.495645803977215, 
        59.50549030153655
      ], 
      "pose_transform_permuted": [
        [
          0.16225819992991353, 
          -0.39862768488988665, 
          -0.9026446811293762, 
          0.0
        ], 
        [
          0.9803761634493057, 
          -0.03866613504249914, 
          0.1933076987717514, 
          0.0
        ], 
        [
          0.1119588000360377, 
          0.916297365819717, 
          -0.38453098343343917, 
          0.0
        ], 
        [
          -28.636653413831027, 
          8.495645803977215, 
          59.50549030153655, 
          1.0
        ]
      ], 
      "projected_cuboid": [
        [
          272.1924952337023, 
          381.7790780176801
        ], 
        [
          154.76292125515823, 
          390.38297004200626
        ], 
        [
          164.8324476551462, 
          308.297499544409
        ], 
        [
          275.20372823214376, 
          303.1602370708876
        ], 
        [
          278.65122943100175, 
          389.0568495271405
        ], 
        [
          168.44517107078528, 
          397.42299725744164
        ], 
        [
          177.18575193183432, 
          319.5517190898247
        ], 
        [
          281.15106930807127, 
          314.306971524661
        ]
      ], 
      "projected_cuboid_centroid": [
        222.80142320236573, 
        349.42899569394353
      ], 
      "quaternion_xyzw": [
        0.9745919928870747, 
        -0.03863794700188698, 
        0.09120891134359652, 
        0.20089398282540322
      ], 
      "visibility": 0.7634251020621794
    }, 
    {
      "bounding_box": {
        "bottom_right": [
          529, 
          279
        ], 
        "top_left": [
          329, 
          109
        ]
      }, 
      "class": "019_pitcher_base", 
      "cuboid": [
        [
          -45.28069350083385, 
          33.87060301314661, 
          68.02387558464528
        ], 
        [
          -27.12459252186222, 
          34.111478922612584, 
          73.12931875263703
        ], 
        [
          -29.615379809306617, 
          12.125181641866588, 
          83.02443523889895
        ], 
        [
          -47.771480788278254, 
          11.884305732400605, 
          77.91899207090718
        ], 
        [
          -41.94323458653775, 
          28.269803903601453, 
          56.419370053505325
        ], 
        [
          -23.787133607566116, 
          28.510679813067437, 
          61.5248132214971
        ], 
        [
          -26.27792089501052, 
          6.52438253232144, 
          71.419929707759
        ], 
        [
          -44.43402187398215, 
          6.283506622855459, 
          66.31448653976723
        ]
      ], 
      "cuboid_centroid": [
        -35.779307197922186, 
        20.197492772734023, 
        69.72190264620214
      ], 
      "location": [
        -35.779307197922186, 
        20.197492772734023, 
        69.72190264620214
      ], 
      "pose_transform_permuted": [
        [
          -0.25073691974056556, 
          0.42077734973682435, 
          0.8718243570060733, 
          0.0
        ], 
        [
          -0.9625858460183424, 
          -0.012770569042730846, 
          -0.27067636035136655, 
          0.0
        ], 
        [
          0.10276075855477956, 
          0.9070740796571433, 
          -0.4082362557581003, 
          0.0
        ], 
        [
          -35.779307197922186, 
          20.197492772734023, 
          69.72190264620214, 
          1.0
        ]
      ], 
      "projected_cuboid": [
        [
          123.62970164058373, 
          538.8382391374357
        ], 
        [
          282.1335692998261, 
          522.0557051316903
        ], 
        [
          289.7729923714235, 
          351.17441280415915
        ], 
        [
          151.89845822405152, 
          354.62913252776315
        ], 
        [
          81.81305288389233, 
          540.5146197537168
        ], 
        [
          273.68315808491144, 
          520.4275381351471
        ], 
        [
          283.7346464066759, 
          322.00656594596506
        ], 
        [
          121.2682875862702, 
          323.8202495098329
        ]
      ], 
      "projected_cuboid_centroid": [
        205.63179472088356, 
        427.782012399523
      ], 
      "quaternion_xyzw": [
        -0.13478145176373432, 
        0.21429384625722073, 
        0.9671458373329174, 
        0.023261794146840677
      ], 
      "visibility": 0.14092166770880604
    }, 
    {
      "bounding_box": {
        "bottom_right": [
          501, 
          357
        ], 
        "top_left": [
          300, 
          146
        ]
      }, 
      "class": "035_power_drill", 
      "cuboid": [
        [
          -11.193898746878636, 
          19.774190493796667, 
          47.25391008448591
        ], 
        [
          -29.47256940114949, 
          19.814983691528916, 
          44.85014553307792
        ], 
        [
          -30.40674984407984, 
          2.4413363893566036, 
          51.65900937725977
        ], 
        [
          -12.128079189808982, 
          2.400543191624359, 
          54.06277392866776
        ], 
        [
          -11.882694849084178, 
          21.87792609859028, 
          52.52734683849708
        ], 
        [
          -30.161365503355032, 
          21.918719296322525, 
          50.123582287089086
        ], 
        [
          -31.095545946285373, 
          4.545071994150214, 
          56.93244613127094
        ], 
        [
          -12.816875292014524, 
          4.504278796417969, 
          59.336210682678924
        ]
      ], 
      "cuboid_centroid": [
        -21.144722346582007, 
        12.159631243973442, 
        52.09317810787842
      ], 
      "location": [
        -21.144722346582007, 
        12.159631243973442, 
        52.09317810787842
      ], 
      "pose_transform_permuted": [
        [
          0.12043574031923161, 
          -0.36783738204668226, 
          -0.9220584400265087, 
          0.0
        ], 
        [
          0.9914608104870042, 
          -0.002212680432344184, 
          0.1303835708534987, 
          0.0
        ], 
        [
          0.050000025119787656, 
          0.9298875908877453, 
          -0.3644299833321284, 
          0.0
        ], 
        [
          -21.144722346582007, 
          12.159631243973442, 
          52.09317810787842, 
          1.0
        ]
      ], 
      "projected_cuboid": [
        [
          354.2070614941641, 
          496.4630542283064
        ], 
        [
          128.2138827416344, 
          508.90938195003116
        ], 
        [
          165.06649364855812, 
          298.49051539501215
        ], 
        [
          360.9587052233421, 
          296.96746667426646
        ], 
        [
          359.94451839979416, 
          495.4170496066276
        ], 
        [
          158.00293722880673, 
          506.5037524216552
        ], 
        [
          187.8793938357353, 
          315.86289059087704
        ], 
        [
          365.4377412049759, 
          313.771430133362
        ]
      ], 
      "projected_cuboid_centroid": [
        263.3176079893941, 
        397.7744210804697
      ], 
      "quaternion_xyzw": [
        0.9802304373719042, 
        -0.013316436513673082, 
        0.06396947636241586, 
        0.18675898479088568
      ], 
      "visibility": 0.8979472994613481
    }, 
    {
      "bounding_box": {
        "bottom_right": [
          333, 
          197
        ], 
        "top_left": [
          268, 
          90
        ]
      }, 
      "class": "061_foam_brick", 
      "cuboid": [
        [
          -37.14100974015965, 
          -0.6999118502238787, 
          52.293925166776255
        ], 
        [
          -29.49972039030675, 
          -0.5738844609619407, 
          53.79005662107558
        ], 
        [
          -29.130302705979716, 
          3.998761979360493, 
          51.51812650422691
        ], 
        [
          -36.77159205583262, 
          3.8727345900985553, 
          50.02199504992759
        ], 
        [
          -38.08072434927253, 
          1.6617887215395124, 
          56.89445158272621
        ], 
        [
          -30.43943499941963, 
          1.7878161108014503, 
          58.390583037025536
        ], 
        [
          -30.070017315092596, 
          6.360462551123884, 
          56.11865292017687
        ], 
        [
          -37.711306664945496, 
          6.2344351618619465, 
          54.62252146587755
        ]
      ], 
      "cuboid_centroid": [
        -33.60551352762612, 
        2.8302753504500027, 
        54.206289043476566
      ], 
      "location": [
        -33.60551352762612, 
        2.8302753504500027, 
        54.206289043476566
      ], 
      "pose_transform_permuted": [
        [
          0.17878892724706952, 
          -0.44933419956403686, 
          -0.875290407005577, 
          0.0
        ], 
        [
          -0.9812375859319203, 
          -0.01618350065530061, 
          -0.1921220816591302, 
          0.0
        ], 
        [
          -0.07216175890552845, 
          -0.89321714683983, 
          0.44379703597813047, 
          0.0
        ], 
        [
          -33.60551352762612, 
          2.8302753504500027, 
          54.206289043476566, 
          1.0
        ]
      ], 
      "projected_cuboid": [
        [
          99.6578943162726, 
          266.148487146133
        ], 
        [
          186.67475150891187, 
          267.59656773907824
        ], 
        [
          177.52489709289196, 
          314.6820276225073
        ], 
        [
          86.28218678678613, 
          314.57647844187335
        ], 
        [
          121.65962777660127, 
          288.8638824084452
        ], 
        [
          201.25678108733086, 
          289.61583790287443
        ], 
        [
          193.44736332102846, 
          333.73273652732826
        ], 
        [
          110.32560001033275, 
          334.1578832178287
        ]
      ], 
      "projected_cuboid_centroid": [
        148.2070456372944, 
        301.13277679979274
      ], 
      "quaternion_xyzw": [
        0.01445401530567548, 
        0.9682129336795351, 
        -0.230613330103939, 
        0.09577206521519316
      ], 
      "visibility": 1.0
    }
  ]
}