{
  "camera_data": {
    "location_worldframe": [
      -22.539557592697346, 
      10.802106798992837, 
      79.29224861131706
    ], 
    "quaternion_xyzw_worldframe": [
      0.9426464630454922, 
      0.03946660545518701, 
      -0.11245282812853975, 
      -0.31179677175327764
    ]
  }, 
  "objects": [
    {
      "bounding_box": {
        "bottom_right": [
          495, 
          275
        ], 
        "top_left": [
          321, 
          50
        ]
      }, 
      "class": "003_cracker_box", 
      "cuboid": [
        [
          -34.25044068102656, 
          21.136352548971207, 
          58.464078400591866
        ], 
        [
          -50.30880923683012, 
          19.52153362783505, 
          61.39653042323033
        ], 
        [
          -46.0362162244723, 
          5.997177523409161, 
          77.34614759913224
        ], 
        [
          -29.97784766866874, 
          7.61199644454532, 
          74.41369557649377
        ], 
        [
          -33.96530703161887, 
          26.64581018376827, 
          63.05939916276881
        ], 
        [
          -50.023675587422424, 
          25.030991262632106, 
          65.99185118540728
        ], 
        [
          -45.75108257506461, 
          11.50663515820622, 
          81.94146836130918
        ], 
        [
          -29.692714019261047, 
          13.12145407934238, 
          79.00901633867072
        ]
      ], 
      "cuboid_centroid": [
        -40.00076162804558, 
        16.321493853588713, 
        70.20277338095052
      ], 
      "location": [
        -40.00076162804558, 
        16.321493853588713, 
        70.20277338095052
      ], 
      "pose_transform_permuted": [
        [
          -0.03971220838784703, 
          -0.7673339507686158, 
          -0.6400168345463952, 
          0.0
        ], 
        [
          0.9789538807111985, 
          0.09844295477455542, 
          -0.17876880067768952, 
          0.0
        ], 
        [
          -0.2001805183963835, 
          0.6336462677654485, 
          -0.7472751617720697, 
          0.0
        ], 
        [
          -40.00076162804558, 
          16.321493853588713, 
          70.20277338095052, 
          1.0
        ]
      ], 
      "projected_cuboid": [
        [
          166.55482269668255, 
          466.0960552022109
        ], 
        [
          40.94892169811089, 
          442.85990158178674
        ], 
        [
          161.52139149704456, 
          314.6384645643155
        ], 
        [
          264.956735849506, 
          327.84137146275384
        ], 
        [
          191.94445238065245, 
          498.64124432400644
        ], 
        [
          73.95684856209772, 
          475.5769357616311
        ], 
        [
          181.34267437388314, 
          348.1779694995773
        ], 
        [
          279.49768942071165, 
          361.857801673641
        ]
      ], 
      "projected_cuboid_centroid": [
        175.1850962740785, 
        397.2783958456763
      ], 
      "quaternion_xyzw": [
        0.901750656088345, 
        0.08278992400912728, 
        -0.06057134740918112, 
        0.41990795967668765
      ], 
      "visibility": 0.41565423527917705
    }, 
    {
      "bounding_box": {
        "bottom_right": [
          517, 
          317
        ], 
        "top_left": [
          386, 
          209
        ]
      }, 
      "class": "006_mustard_bottle", 
      "cuboid": [
        [
          -28.561243831265465, 
          30.268815552379174, 
          65.96518809611074
        ], 
        [
          -37.636006358716635, 
          27.15083048990713, 
          66.32977283355186
        ], 
        [
          -33.155762699805855, 
          15.83728928666622, 
          81.09093599177726
        ], 
        [
          -24.08100017235469, 
          18.955274349138264, 
          80.72635125433615
        ], 
        [
          -29.889889020984455, 
          34.568247102549954, 
          69.66370762294967
        ], 
        [
          -38.96465154843562, 
          31.450262040077913, 
          70.02829236039078
        ], 
        [
          -34.484407889524846, 
          20.136720836837004, 
          84.78945551861618
        ], 
        [
          -25.409645362073675, 
          23.254705899309048, 
          84.42487078117506
        ]
      ], 
      "cuboid_centroid": [
        -31.522825860395155, 
        25.202768194608087, 
        75.37732180736346
      ], 
      "location": [
        -31.522825860395155, 
        25.202768194608087, 
        75.37732180736346
      ], 
      "pose_transform_permuted": [
        [
          0.2280975047530679, 
          -0.7381124893531493, 
          -0.6349498586081379, 
          0.0
        ], 
        [
          0.9450515175209384, 
          0.3247089393230054, 
          -0.03796808548338655, 
          0.0
        ], 
        [
          -0.2341986503104499, 
          0.5913999955696272, 
          -0.7716197492502435, 
          0.0
        ], 
        [
          -31.522825860395155, 
          25.202768194608087, 
          75.37732180736346, 
          1.0
        ]
      ], 
      "projected_cuboid": [
        [
          248.75896645571706, 
          518.0057991462634
        ], 
        [
          176.4657663671231, 
          491.59076217897655
        ], 
        [
          261.7207543739259, 
          377.44536186999096
        ], 
        [
          321.17986697780515, 
          398.5147795369969
        ], 
        [
          250.86420458818557, 
          537.928254088082
        ], 
        [
          182.37818393389063, 
          512.8045967042946
        ], 
        [
          262.88504145909366, 
          399.9450652410864
        ], 
        [
          319.7443726753104, 
          420.1886290623077
        ]
      ], 
      "projected_cuboid_centroid": [
        256.70394366791106, 
        451.6044923213086
      ], 
      "quaternion_xyzw": [
        0.8904214411865181, 
        0.15692220665999773, 
        0.05338186236180678, 
        0.4238813691951367
      ], 
      "visibility": 0.9364937388193202
    }, 
    {
      "bounding_box": {
        "bottom_right": [
          382, 
          251
        ], 
        "top_left": [
          305, 
          130
        ]
      }, 
      "class": "008_pudding_box", 
      "cuboid": [
        [
          -33.25115268001119, 
          11.506074042290507, 
          65.67466247710112
        ], 
        [
          -44.39664230889229, 
          9.970435507812912, 
          67.28470775802016
        ], 
        [
          -42.64163346308756, 
          4.301165551033512, 
          74.02638654079497
        ], 
        [
          -31.496143834206457, 
          5.8368040855111065, 
          72.41634125987594
        ], 
        [
          -33.297316765990146, 
          14.444330085342092, 
          68.15754117970202
        ], 
        [
          -44.44280639487125, 
          12.908691550864498, 
          69.76758646062106
        ], 
        [
          -42.68779754906652, 
          7.239421594085097, 
          76.50926524339587
        ], 
        [
          -31.54230792018542, 
          8.775060128562691, 
          74.89921996247682
        ]
      ], 
      "cuboid_centroid": [
        -37.96947511453885, 
        9.372747818187802, 
        71.0919638602485
      ], 
      "location": [
        -37.96947511453885, 
        9.372747818187802, 
        71.0919638602485
      ], 
      "pose_transform_permuted": [
        [
          0.011999710365082225, 
          -0.7637586826941575, 
          -0.6453896935470532, 
          0.0
        ], 
        [
          0.9806508632016538, 
          0.1351152174148455, 
          -0.141661994860742, 
          0.0
        ], 
        [
          -0.19539829395731678, 
          0.6312023327895073, 
          -0.7506016483685627, 
          0.0
        ], 
        [
          -37.96947511453885, 
          9.372747818187802, 
          71.0919638602485, 
          1.0
        ]
      ], 
      "projected_cuboid": [
        [
          209.32656494677946, 
          366.72309906479524
        ], 
        [
          126.7628498249803, 
          352.3153200961609
        ], 
        [
          171.82730713173993, 
          304.2740807485423
        ], 
        [
          247.70658858541654, 
          316.27244237510547
        ], 
        [
          218.8807425257507, 
          386.31062844840824
        ], 
        [
          139.0348085538908, 
          371.96356475629347
        ], 
        [
          181.55548002689744, 
          323.75003798597777
        ], 
        [
          255.12851245535427, 
          335.7693170065218
        ]
      ], 
      "projected_cuboid_centroid": [
        194.38292584286526, 
        343.59926656761536
      ], 
      "quaternion_xyzw": [
        0.9023916679494296, 
        0.09156598046921584, 
        -0.03592184222797092, 
        0.41954075620620246
      ], 
      "visibility": 0.44630225080385855
    }, 
    {
      "bounding_box": {
        "bottom_right": [
          539, 
          253
        ], 
        "top_left": [
          357, 
          60
        ]
      }, 
      "class": "019_pitcher_base", 
      "cuboid": [
        [
          -57.10362489571171, 
          34.35100253744601, 
          72.94792950542472
        ], 
        [
          -38.76735963201069, 
          38.41435263954237, 
          71.20490453975322
        ], 
        [
          -33.72498040540089, 
          23.600402265190315, 
          89.7153314863856
        ], 
        [
          -52.06124566910192, 
          19.53705216309395, 
          91.4583564520571
        ], 
        [
          -55.66557857742944, 
          24.213398765477937, 
          64.44304009747783
        ], 
        [
          -37.32931331372842, 
          28.2767488675743, 
          62.70001513180633
        ], 
        [
          -32.286934087118624, 
          13.462798493222245, 
          81.2104420784387
        ], 
        [
          -50.62319935081965, 
          9.399448391125878, 
          82.95346704411021
        ]
      ], 
      "cuboid_centroid": [
        -44.69527949141517, 
        23.906900515334126, 
        77.07918579193172
      ], 
      "location": [
        -44.69527949141517, 
        23.906900515334126, 
        77.07918579193172
      ], 
      "pose_transform_permuted": [
        [
          -0.10803767583350325, 
          0.7616188269600664, 
          0.6389561123129295, 
          0.0
        ], 
        [
          -0.9721376540105644, 
          -0.21542749185109933, 
          0.09241032329326859, 
          0.0
        ], 
        [
          -0.20803009428353297, 
          0.6111693219789875, 
          -0.7636724034192468, 
          0.0
        ], 
        [
          -44.69527949141517, 
          23.906900515334126, 
          77.07918579193172, 
          1.0
        ]
      ], 
      "projected_cuboid": [
        [
          60.635501509788796, 
          524.4254322446274
        ], 
        [
          188.8125873113154, 
          561.007259888622
        ], 
        [
          279.4456568119191, 
          413.58091677055756
        ], 
        [
          175.48327337350915, 
          387.21262325365564
        ], 
        [
          17.079176308269016, 
          473.6724868322068
        ], 
        [
          161.43189101520656, 
          513.8055217135437
        ], 
        [
          267.79757541905633, 
          361.6984945841033
        ], 
        [
          153.42109227097487, 
          333.71692234774935
        ]
      ], 
      "projected_cuboid_centroid": [
        169.7682293091712, 
        438.7010800105837
      ], 
      "quaternion_xyzw": [
        -0.004352862169489829, 
        0.4248565121365728, 
        0.8975331593181505, 
        -0.11795040153623128
      ], 
      "visibility": 0.19485035372228354
    }, 
    {
      "bounding_box": {
        "bottom_right": [
          441, 
          277
        ], 
        "top_left": [
          285, 
          63
        ]
      }, 
      "class": "035_power_drill", 
      "cuboid": [
        [
          -27.158766410400897, 
          14.859755779366314, 
          50.24543516649569
        ], 
        [
          -44.987007405169514, 
          12.311265280446616, 
          54.188602446773935
        ], 
        [
          -40.28544224664531, 
          0.20941951932765407, 
          67.62428459406657
        ], 
        [
          -22.45720125187669, 
          2.7579100182473533, 
          63.68111731378833
        ], 
        [
          -26.93496588731099, 
          19.144743694050288, 
          54.02671413805052
        ], 
        [
          -44.76320688207961, 
          16.596253195130586, 
          57.96988141832876
        ], 
        [
          -40.061641723555404, 
          4.494407434011626, 
          71.4055635656214
        ], 
        [
          -22.233400728786783, 
          7.042897932931325, 
          67.46239628534315
        ]
      ], 
      "cuboid_centroid": [
        -33.61020406697815, 
        9.67708160668897, 
        60.825499366058544
      ], 
      "location": [
        -33.61020406697815, 
        9.67708160668897, 
        60.825499366058544
      ], 
      "pose_transform_permuted": [
        [
          -0.03913143758487875, 
          -0.7492285309273244, 
          -0.661155211004452, 
          0.0
        ], 
        [
          0.9670288720969372, 
          0.1382337098451401, 
          -0.21388294047942924, 
          0.0
        ], 
        [
          -0.25164129457809314, 
          0.6477256044385639, 
          -0.719116365526615, 
          0.0
        ], 
        [
          -33.61020406697815, 
          9.67708160668897, 
          60.825499366058544, 
          1.0
        ]
      ], 
      "projected_cuboid": [
        [
          190.9237512982167, 
          431.01228425104165
        ], 
        [
          35.14905677983449, 
          394.452956217196
        ], 
        [
          161.23787546355445, 
          274.93812707293046
        ], 
        [
          291.9541218074965, 
          296.3836110762369
        ], 
        [
          213.49534004248173, 
          462.27205912084344
        ], 
        [
          66.3462285725471, 
          425.9711152079692
        ], 
        [
          179.88795375262225, 
          306.8547276240474
        ], 
        [
          304.36762626842324, 
          328.9637092165149
        ]
      ], 
      "projected_cuboid_centroid": [
        184.44606224221036, 
        358.13544481461804
      ], 
      "quaternion_xyzw": [
        0.9049737133668514, 
        0.10770340581848166, 
        -0.06989550478847524, 
        0.40563191912810637
      ], 
      "visibility": 0.8285895003162556
    }, 
    {
      "bounding_box": {
        "bottom_right": [
          315, 
          197
        ], 
        "top_left": [
          255, 
          111
        ]
      }, 
      "class": "061_foam_brick", 
      "cuboid": [
        [
          -45.76791875262384, 
          -2.780523003639383, 
          71.70154673291171
        ], 
        [
          -38.22194184441193, 
          -1.3573179217230862, 
          70.40682091054484
        ], 
        [
          -39.46488158907503, 
          1.6107126894338086, 
          66.42522243356309
        ], 
        [
          -47.01085849728693, 
          0.18750760751751142, 
          67.71994825592995
        ], 
        [
          -46.008377355940205, 
          1.392831307055295, 
          74.88758343995046
        ], 
        [
          -38.46240044772829, 
          2.816036388971592, 
          73.5928576175836
        ], 
        [
          -39.70534019239139, 
          5.784067000128487, 
          69.61125914060185
        ], 
        [
          -47.251317100603295, 
          4.36086191821219, 
          70.90598496296872
        ]
      ], 
      "cuboid_centroid": [
        -42.736629472507616, 
        1.5017719982445519, 
        70.65640293675678
      ], 
      "location": [
        -42.736629472507616, 
        1.5017719982445519, 
        70.65640293675678
      ], 
      "pose_transform_permuted": [
        [
          0.04574935338596753, 
          -0.7940171760609573, 
          -0.6061713625576091, 
          0.0
        ], 
        [
          -0.9689982705673108, 
          -0.18275741892858333, 
          0.16625906731400528, 
          0.0
        ], 
        [
          0.24279486877264617, 
          -0.5797727571615837, 
          0.7777623041462789, 
          0.0
        ], 
        [
          -42.736629472507616, 
          1.5017719982445519, 
          70.65640293675678, 
          1.0
        ]
      ], 
      "projected_cuboid": [
        [
          138.33613544026213, 
          252.60487298440856
        ], 
        [
          189.6596580678927, 
          263.0050877059881
        ], 
        [
          162.09805187157494, 
          286.2187433797159
        ], 
        [
          108.28390512766747, 
          274.7632295864662
        ], 
        [
          151.2131960399177, 
          283.2057285599655
        ], 
        [
          200.5413298634517, 
          293.6940530824968
        ], 
        [
          174.86359616870362, 
          317.60057912400197
        ], 
        [
          123.23439851092643, 
          306.0867742619479
        ]
      ], 
      "projected_cuboid_centroid": [
        156.32971018246658, 
        284.62202044066515
      ], 
      "quaternion_xyzw": [
        -0.11979183489361289, 
        0.888107874963186, 
        -0.4424517348954906, 
        -0.033923163313080956
      ], 
      "visibility": 0.912182061579652
    }
  ]
}