{
  "camera_data": {
    "location_worldframe": [
      -13.594415666310363, 
      -1.4143222992428275, 
      69.6004358315516
    ], 
    "quaternion_xyzw_worldframe": [
      -0.8360822106151617, 
      -0.06495395775569371, 
      -0.12351765161022256, 
      0.5305599977322119
    ]
  }, 
  "objects": [
    {
      "bounding_box": {
        "bottom_right": [
          491, 
          332
        ], 
        "top_left": [
          275, 
          158
        ]
      }, 
      "class": "003_cracker_box", 
      "cuboid": [
        [
          -14.922525048190765, 
          19.55492883327684, 
          54.22903683493263
        ], 
        [
          -30.715365267785177, 
          20.6677181049098, 
          49.93648357114473
        ], 
        [
          -34.08168022733355, 
          0.8792429227786793, 
          57.19166935137787
        ], 
        [
          -18.28884000773914, 
          -0.23354634885427716, 
          61.48422261516578
        ], 
        [
          -16.498938376344057, 
          22.201030229641617, 
          60.7148263746818
        ], 
        [
          -32.29177859593847, 
          23.313819501274573, 
          56.4222731108939
        ], 
        [
          -35.65809355548684, 
          3.5253443191434544, 
          63.67745889112704
        ], 
        [
          -19.865253335892433, 
          2.412555047510498, 
          67.97001215491494
        ]
      ], 
      "cuboid_centroid": [
        -25.290309301838803, 
        11.540136576210148, 
        58.95324786302984
      ], 
      "location": [
        -25.290309301838803, 
        11.540136576210148, 
        58.95324786302984
      ], 
      "pose_transform_permuted": [
        [
          0.2195561790867143, 
          -0.3685378077476996, 
          -0.9033133279684089, 
          0.0
        ], 
        [
          0.9627666824745013, 
          -0.06783811020984251, 
          0.26168359887505455, 
          0.0
        ], 
        [
          0.15771936894968158, 
          0.9271342271018135, 
          -0.33992164625754184, 
          0.0
        ], 
        [
          -25.290309301838803, 
          11.540136576210148, 
          58.95324786302984, 
          1.0
        ]
      ], 
      "projected_cuboid": [
        [
          333.6173612861832, 
          465.60097141032776
        ], 
        [
          150.82451455793347, 
          494.01691418234293
        ], 
        [
          161.1325416353722, 
          281.48558994827926
        ], 
        [
          321.6360308781526, 
          271.2607363021703
        ], 
        [
          335.4624934004653, 
          468.3005880089235
        ], 
        [
          173.8222198552322, 
          493.6554776395291
        ], 
        [
          180.4600577838727, 
          302.81245179082464
        ], 
        [
          324.4274863652758, 
          292.21639854087175
        ]
      ], 
      "projected_cuboid_centroid": [
        250.90208900548296, 
        377.6841929310294
      ], 
      "quaternion_xyzw": [
        0.9738087899511797, 
        -0.057905997945148974, 
        0.12354575737242394, 
        0.18187848100055629
      ], 
      "visibility": 0.4331104184948709
    }, 
    {
      "bounding_box": {
        "bottom_right": [
          461, 
          369
        ], 
        "top_left": [
          312, 
          292
        ]
      }, 
      "class": "006_mustard_bottle", 
      "cuboid": [
        [
          -12.779182017788704, 
          22.75447688284704, 
          66.76712852176112
        ], 
        [
          -21.20532277184512, 
          22.053708054353788, 
          62.2157394094079
        ], 
        [
          -23.814664660779812, 
          4.653846820128509, 
          69.72552632520956
        ], 
        [
          -15.388523906723398, 
          5.354615648621761, 
          74.27691543756279
        ], 
        [
          -15.457257438595207, 
          25.137604619172865, 
          71.3582145172531
        ], 
        [
          -23.88339819265162, 
          24.436835790679616, 
          66.80682540489988
        ], 
        [
          -26.492740081586312, 
          7.036974556454336, 
          74.31661232070155
        ], 
        [
          -18.0665993275299, 
          7.737743384947588, 
          78.86800143305477
        ]
      ], 
      "cuboid_centroid": [
        -19.63596104968751, 
        14.895725719650688, 
        70.54187042123134
      ], 
      "location": [
        -19.63596104968751, 
        14.895725719650688, 
        70.54187042123134
      ], 
      "pose_transform_permuted": [
        [
          0.45976331811782206, 
          -0.4091276545235663, 
          -0.7881827803101945, 
          0.0
        ], 
        [
          0.8775036352056091, 
          0.0729785096629882, 
          0.47398454498905734, 
          0.0
        ], 
        [
          0.13639980213388547, 
          0.9095541061789898, 
          -0.3925639080592806, 
          0.0
        ], 
        [
          -19.63596104968751, 
          14.895725719650688, 
          70.54187042123134, 
          1.0
        ]
      ], 
      "projected_cuboid": [
        [
          378.66940966307584, 
          455.0437648551685
        ], 
        [
          298.30808658131957, 
          462.333144171051
        ], 
        [
          297.92445411920187, 
          308.8830802674979
        ], 
        [
          370.1843321091719, 
          311.7334951408931
        ], 
        [
          365.1093329555477, 
          461.16086903237414
        ], 
        [
          289.3467699200667, 
          468.3660526705303
        ], 
        [
          289.892389560255, 
          323.78609952009765
        ], 
        [
          358.4093774385368, 
          325.6105477415707
        ]
      ], 
      "projected_cuboid_centroid": [
        331.90564123326436, 
        385.9030901709107
      ], 
      "quaternion_xyzw": [
        0.9454153216569416, 
        -0.016770749060779095, 
        0.24691472671248504, 
        0.21199454467741138
      ], 
      "visibility": 0.0197650779308787
    }, 
    {
      "bounding_box": {
        "bottom_right": [
          363, 
          310
        ], 
        "top_left": [
          270, 
          193
        ]
      }, 
      "class": "008_pudding_box", 
      "cuboid": [
        [
          -17.377781023714444, 
          7.793659324915221, 
          55.402879175461436
        ], 
        [
          -28.16679217592001, 
          8.396915271956217, 
          51.88070779936089
        ], 
        [
          -29.634428819923663, 
          0.0855357262538145, 
          54.952828146982036
        ], 
        [
          -18.845417667718106, 
          -0.5177202207871829, 
          58.47499952308257
        ], 
        [
          -18.411183228097375, 
          9.237610578730877, 
          58.81568608616898
        ], 
        [
          -29.200194380302936, 
          9.840866525771874, 
          55.29351471006845
        ], 
        [
          -30.667831024306597, 
          1.5294869800694695, 
          58.36563505768958
        ], 
        [
          -19.878819872101037, 
          0.9262310330284719, 
          61.887806433790125
        ]
      ], 
      "cuboid_centroid": [
        -24.02280602401052, 
        4.661573152492346, 
        56.88425711657551
      ], 
      "location": [
        -24.02280602401052, 
        4.661573152492346, 
        56.88425711657551
      ], 
      "pose_transform_permuted": [
        [
          0.26861849163187046, 
          -0.37533499168556284, 
          -0.8871115628522361, 
          0.0
        ], 
        [
          0.9492856260066173, 
          -0.05307828412170659, 
          0.30990297558276947, 
          0.0
        ], 
        [
          0.16340299199806158, 
          0.9253682040088622, 
          -0.3420421932297881, 
          0.0
        ], 
        [
          -24.02280602401052, 
          4.661573152492346, 
          56.88425711657551, 
          1.0
        ]
      ], 
      "projected_cuboid": [
        [
          312.92090130551867, 
          348.3099159069396
        ], 
        [
          189.6371484958878, 
          359.6045460179077
        ], 
        [
          191.5968990312967, 
          274.11666591861643
        ], 
        [
          308.28560941385666, 
          268.5646853161693
        ], 
        [
          313.2598018777286, 
          357.04988329255366
        ], 
        [
          197.60691340497132, 
          368.20412209753164
        ], 
        [
          199.03257693725493, 
          287.2623194129246
        ], 
        [
          308.863300366739, 
          281.268355029409
        ]
      ], 
      "projected_cuboid_centroid": [
        254.49380113448612, 
        316.9912179162391
      ], 
      "quaternion_xyzw": [
        0.9697635527369178, 
        -0.05580774702988251, 
        0.14913982526511388, 
        0.18493610707752708
      ], 
      "visibility": 0.811476213830309
    }, 
    {
      "bounding_box": {
        "bottom_right": [
          507, 
          302
        ], 
        "top_left": [
          299, 
          124
        ]
      }, 
      "class": "019_pitcher_base", 
      "cuboid": [
        [
          -41.42933074520304, 
          29.948801393480228, 
          64.02868291945487
        ], 
        [
          -24.02913218552968, 
          29.88072804298252, 
          71.30852014338114
        ], 
        [
          -27.83721045148841, 
          7.656730792615869, 
          80.20273769420339
        ], 
        [
          -45.23740901116177, 
          7.724804143113577, 
          72.9229004702771
        ], 
        [
          -36.73665323288799, 
          24.6359409388305, 
          52.76260894281217
        ], 
        [
          -19.336454673214625, 
          24.567867588332792, 
          60.04244616673846
        ], 
        [
          -23.144532939173363, 
          2.3438703379661447, 
          68.93666371756069
        ], 
        [
          -40.54473149884672, 
          2.411943688463852, 
          61.65682649363441
        ]
      ], 
      "cuboid_centroid": [
        -32.286931842188196, 
        16.146335865723184, 
        66.48267331850778
      ], 
      "location": [
        -32.286931842188196, 
        16.146335865723184, 
        66.48267331850778
      ], 
      "pose_transform_permuted": [
        [
          -0.35255190700133504, 
          0.39914506803487954, 
          0.8463986401068584, 
          0.0
        ], 
        [
          -0.9225100075643557, 
          0.0036090592223535748, 
          -0.3859566699471957, 
          0.0
        ], 
        [
          0.15710735847194396, 
          0.9168807095969195, 
          -0.36694283244535253, 
          0.0
        ], 
        [
          -32.286931842188196, 
          16.146335865723184, 
          66.48267331850778, 
          1.0
        ]
      ], 
      "projected_cuboid": [
        [
          133.64046056226945, 
          522.7416500870314
        ], 
        [
          300.38446445088556, 
          496.7658275907423
        ], 
        [
          294.9469550547905, 
          324.20106524284944
        ], 
        [
          147.99746363433528, 
          329.78167598493894
        ], 
        [
          107.1718721615089, 
          522.3043560117533
        ], 
        [
          308.41209381453024, 
          491.507575565875
        ], 
        [
          301.0502257690779, 
          291.419587714924
        ], 
        [
          127.97040757928058, 
          294.14938279062477
        ]
      ], 
      "projected_cuboid_centroid": [
        220.43503508101696, 
        402.8113702996866
      ], 
      "quaternion_xyzw": [
        -0.19233587254611414, 
        0.19951858297260533, 
        0.9599204859346598, 
        0.041856700645837984
      ], 
      "visibility": 0.17746167090268097
    }, 
    {
      "bounding_box": {
        "bottom_right": [
          468, 
          416
        ], 
        "top_left": [
          262, 
          201
        ]
      }, 
      "class": "035_power_drill", 
      "cuboid": [
        [
          -5.1510014636311485, 
          16.10703205061517, 
          47.167683325475
        ], 
        [
          -23.00024737433604, 
          16.384040320893504, 
          42.56146624111268
        ], 
        [
          -24.85998830267997, 
          -1.159531097505967, 
          48.713003130037194
        ], 
        [
          -7.0107423919750795, 
          -1.4365393677843008, 
          53.31922021439951
        ], 
        [
          -6.464448169623569, 
          18.07236109586815, 
          52.375525321757955
        ], 
        [
          -24.313694080328464, 
          18.349369366146483, 
          47.769308237395634
        ], 
        [
          -26.173435008672392, 
          0.8057979477470112, 
          53.92084512632015
        ], 
        [
          -8.324189097967501, 
          0.5287896774686773, 
          58.527062210682466
        ]
      ], 
      "cuboid_centroid": [
        -15.66221823615177, 
        8.456414999181092, 
        50.54426422589757
      ], 
      "location": [
        -15.66221823615177, 
        8.456414999181092, 
        50.54426422589757
      ], 
      "pose_transform_permuted": [
        [
          0.2296556642808205, 
          -0.3436370469838977, 
          -0.9105892212217529, 
          0.0
        ], 
        [
          0.9681682082867669, 
          -0.01502531827157733, 
          0.2498476946229066, 
          0.0
        ], 
        [
          0.09953868531202698, 
          0.938982418492105, 
          -0.32924795343254626, 
          0.0
        ], 
        [
          -15.66221823615177, 
          8.456414999181092, 
          50.54426422589757, 
          1.0
        ]
      ], 
      "projected_cuboid": [
        [
          422.8699269706672, 
          455.4069011988258
        ], 
        [
          190.9890019553699, 
          478.5879602843555
        ], 
        [
          207.15685121380594, 
          260.59176242130263
        ], 
        [
          410.888514452469, 
          258.9177123730525
        ], 
        [
          415.2235559179147, 
          457.3103549714453
        ], 
        [
          207.88513356203958, 
          478.14774244295825
        ], 
        [
          220.56385388016577, 
          281.25651368574466
        ], 
        [
          405.1119491400172, 
          278.1050591871917
        ]
      ], 
      "projected_cuboid_centroid": [
        314.9594191979802, 
        362.51469851670504
      ], 
      "quaternion_xyzw": [
        0.9769518729191097, 
        -0.02931669582691154, 
        0.12270393562760214, 
        0.1721899049146298
      ], 
      "visibility": 0.9217562623135379
    }, 
    {
      "bounding_box": {
        "bottom_right": [
          299, 
          228
        ], 
        "top_left": [
          229, 
          125
        ]
      }, 
      "class": "061_foam_brick", 
      "cuboid": [
        [
          -31.640002428371144, 
          -4.2539072584854924, 
          48.435486218519884
        ], 
        [
          -24.237207492777067, 
          -4.240097206021523, 
          50.85251571431776
        ], 
        [
          -23.566666974941487, 
          0.38921660970811756, 
          48.77235698023845
        ], 
        [
          -30.969461910535568, 
          0.37540655724414773, 
          46.35532748444058
        ], 
        [
          -33.11898981158261, 
          -2.0100029071579724, 
          52.952457108784266
        ], 
        [
          -25.716194875988528, 
          -1.9961928546940024, 
          55.36948660458214
        ], 
        [
          -25.04565435815295, 
          2.633120961035638, 
          53.28932787050283
        ], 
        [
          -32.448449293747025, 
          2.619310908571668, 
          50.87229837470496
        ]
      ], 
      "cuboid_centroid": [
        -28.34282839326205, 
        -0.8103931487249274, 
        50.86240704451136
      ], 
      "location": [
        -28.34282839326205, 
        -0.8103931487249274, 
        50.86240704451136
      ], 
      "pose_transform_permuted": [
        [
          0.28139029136298677, 
          -0.42692243786399203, 
          -0.8593932371009905, 
          0.0
        ], 
        [
          -0.950611905815504, 
          -0.0017733842969315239, 
          -0.31037696375528734, 
          0.0
        ], 
        [
          -0.13098285555166705, 
          -0.9042865072289874, 
          0.40633656541730256, 
          0.0
        ], 
        [
          -28.34282839326205, 
          -0.8103931487249274, 
          50.86240704451136, 
          1.0
        ]
      ], 
      "projected_cuboid": [
        [
          130.30804201233227, 
          226.4470774316054
        ], 
        [
          225.28923655292968, 
          228.81819963561284
        ], 
        [
          221.75099431515682, 
          277.5425726064776
        ], 
        [
          122.32310489751264, 
          277.6056028978975
        ], 
        [
          145.25382838625842, 
          253.04245543742718
        ], 
        [
          231.8341558448122, 
          254.05918359403665
        ], 
        [
          228.8513082686402, 
          299.638812057612
        ], 
        [
          138.58900730152232, 
          300.74607581607074
        ]
      ], 
      "projected_cuboid_centroid": [
        181.93069152995204, 
        264.78913171624424
      ], 
      "quaternion_xyzw": [
        0.03352172451000725, 
        0.9636248816507232, 
        -0.21617826063548, 
        0.15352635304117407
      ], 
      "visibility": 0.9907202828104287
    }
  ]
}