{
  "camera_data": {
    "location_worldframe": [
      -23.057020638637198, 
      10.721111463648317, 
      78.58696368354389
    ], 
    "quaternion_xyzw_worldframe": [
      0.9416820105851271, 
      0.03604065989285402, 
      -0.11357300990585813, 
      -0.31470240331165994
    ]
  }, 
  "objects": [
    {
      "bounding_box": {
        "bottom_right": [
          497, 
          270
        ], 
        "top_left": [
          322, 
          41
        ]
      }, 
      "class": "003_cracker_box", 
      "cuboid": [
        [
          -34.7993099768579, 
          21.238132432915666, 
          57.868277345892885
        ], 
        [
          -50.85371129154108, 
          19.709565903322044, 
          60.86791040326194
        ], 
        [
          -46.59248884733328, 
          6.075145386382563, 
          76.72660226591677
        ], 
        [
          -30.538087532650092, 
          7.603711915976183, 
          73.72696920854771
        ], 
        [
          -34.457710384095066, 
          26.721543369499557, 
          62.49082120763385
        ], 
        [
          -50.51211169877825, 
          25.192976839905935, 
          65.4904542650029
        ], 
        [
          -46.250889254570446, 
          11.558556322966455, 
          81.34914612765773
        ], 
        [
          -30.196487939887263, 
          13.087122852560073, 
          78.34951307028868
        ]
      ], 
      "cuboid_centroid": [
        -40.52509961571417, 
        16.39834437794106, 
        69.6087117367753
      ], 
      "location": [
        -40.52509961571417, 
        16.39834437794106, 
        69.6087117367753
      ], 
      "pose_transform_permuted": [
        [
          -0.04757654609051329, 
          -0.7637062768360393, 
          -0.643808352682172, 
          0.0
        ], 
        [
          0.9787120288644798, 
          0.09318481705478851, 
          -0.18286430604806136, 
          0.0
        ], 
        [
          -0.19964778190120402, 
          0.6388030311384725, 
          -0.7430151079151949, 
          0.0
        ], 
        [
          -40.52509961571417, 
          16.39834437794106, 
          69.6087117367753, 
          1.0
        ]
      ], 
      "projected_cuboid": [
        [
          158.2106195747691, 
          469.01919939718175
        ], 
        [
          32.30784716021118, 
          445.98011990996184
        ], 
        [
          155.03804962681096, 
          315.5143169979044
        ], 
        [
          258.8524639086272, 
          328.2895919942908
        ], 
        [
          185.07165267261908, 
          501.3379877161088
        ], 
        [
          66.82523034133787, 
          478.44480200463795
        ], 
        [
          175.85244585725005, 
          349.06366329447957
        ], 
        [
          274.3387972559933, 
          362.3696558098176
        ]
      ], 
      "projected_cuboid_centroid": [
        168.51929695440003, 
        398.925383610581
      ], 
      "quaternion_xyzw": [
        0.9029567282939316, 
        0.08107603326387455, 
        -0.06380174290687639, 
        0.4171632309551727
      ], 
      "visibility": 0.3967885149993776
    }, 
    {
      "bounding_box": {
        "bottom_right": [
          520, 
          313
        ], 
        "top_left": [
          386, 
          203
        ]
      }, 
      "class": "006_mustard_bottle", 
      "cuboid": [
        [
          -29.01722967008301, 
          30.295005228936812, 
          65.38994210253173
        ], 
        [
          -38.10980294716265, 
          27.23261689145661, 
          65.78103887010738
        ], 
        [
          -33.63248476930386, 
          15.813839648867347, 
          80.46183870535927
        ], 
        [
          -24.53991149222422, 
          18.87622798634755, 
          80.07074193778362
        ], 
        [
          -30.30123152628394, 
          34.58333314359485, 
          69.11701056377755
        ], 
        [
          -39.39380480336357, 
          31.52094480611465, 
          69.5081073313532
        ], 
        [
          -34.91648662550478, 
          20.102167563525384, 
          84.1889071666051
        ], 
        [
          -25.823913348425144, 
          23.16455590100559, 
          83.79781039902944
        ]
      ], 
      "cuboid_centroid": [
        -31.966858147793896, 
        25.1985863962311, 
        74.78942463456842
      ], 
      "location": [
        -31.966858147793896, 
        25.1985863962311, 
        74.78942463456842
      ], 
      "pose_transform_permuted": [
        [
          0.22043328178509655, 
          -0.7362062531557485, 
          -0.6398510472414652, 
          0.0
        ], 
        [
          0.9469063402684933, 
          0.31891906116764945, 
          -0.04072906509419245, 
          0.0
        ], 
        [
          -0.2340457247630814, 
          0.5969010665505285, 
          -0.7674188657252087, 
          0.0
        ], 
        [
          -31.966858147793896, 
          25.1985863962311, 
          74.78942463456842, 
          1.0
        ]
      ], 
      "projected_cuboid": [
        [
          242.9606441101215, 
          520.372237117399
        ], 
        [
          170.04709810914892, 
          494.0749009911758
        ], 
        [
          256.8154778504169, 
          378.1043063244238
        ], 
        [
          316.78429127879144, 
          399.0136362684059
        ], 
        [
          245.8387242611558, 
          540.137905920616
        ], 
        [
          176.81865457890694, 
          515.1394352991396
        ], 
        [
          258.56495277876706, 
          400.62967601029527
        ], 
        [
          315.8747031822636, 
          420.7141526009704
        ]
      ], 
      "projected_cuboid_centroid": [
        251.74336773931526, 
        452.97637593652587
      ], 
      "quaternion_xyzw": [
        0.8921404673677357, 
        0.15495451841856697, 
        0.05035760153922908, 
        0.42135324365383003
      ], 
      "visibility": 0.9464195114610785
    }, 
    {
      "bounding_box": {
        "bottom_right": [
          384, 
          244
        ], 
        "top_left": [
          306, 
          122
        ]
      }, 
      "class": "008_pudding_box", 
      "cuboid": [
        [
          -33.82745272614463, 
          11.564094516120715, 
          65.02386192605583
        ], 
        [
          -44.97481692312545, 
          10.090585262961682, 
          66.678374701287
        ], 
        [
          -43.22433177256656, 
          4.375106444262791, 
          73.3821060736264
        ], 
        [
          -32.07696757558573, 
          5.848615697421823, 
          71.72759329839522
        ], 
        [
          -33.843342089770516, 
          14.48954381999297, 
          67.52219341883044
        ], 
        [
          -44.99070628675133, 
          13.01603456683394, 
          69.17670619406162
        ], 
        [
          -43.24022113619244, 
          7.300555748135046, 
          75.88043756640101
        ], 
        [
          -32.09285693921162, 
          8.77406500129408, 
          74.22592479116985
        ]
      ], 
      "cuboid_centroid": [
        -38.53383693116854, 
        9.43232513212788, 
        70.45214974622841
      ], 
      "location": [
        -38.53383693116854, 
        9.43232513212788, 
        70.45214974622841
      ], 
      "pose_transform_permuted": [
        [
          0.004130218488090629, 
          -0.7604297494419505, 
          -0.6494064308545252, 
          0.0
        ], 
        [
          0.9808157995917395, 
          0.12964868921519904, 
          -0.14557452702699267, 
          0.0
        ], 
        [
          -0.19489463704668009, 
          0.6363471118636196, 
          -0.7463766786329958, 
          0.0
        ], 
        [
          -38.53383693116854, 
          9.43232513212788, 
          70.45214974622841, 
          1.0
        ]
      ], 
      "projected_cuboid": [
        [
          201.83535774974405, 
          368.1341506025167
        ], 
        [
          118.87319710415296, 
          353.9949648215357
        ], 
        [
          164.83741792703262, 
          305.0835259670693
        ], 
        [
          241.10609247607218, 
          316.7730282209873
        ], 
        [
          212.06003694014018, 
          387.73124244305967
        ], 
        [
          131.8495267673596, 
          373.63398890301437
        ], 
        [
          175.15398843285305, 
          324.5979098367434
        ], 
        [
          249.08553435294456, 
          336.32894132463167
        ]
      ], 
      "projected_cuboid_centroid": [
        187.46678286644308, 
        344.68881209118246
      ], 
      "quaternion_xyzw": [
        0.9036826520286151, 
        0.08978354445925626, 
        -0.03912997229209375, 
        0.41685165270474656
      ], 
      "visibility": 0.4060481965663884
    }, 
    {
      "bounding_box": {
        "bottom_right": [
          539, 
          249
        ], 
        "top_left": [
          357, 
          53
        ]
      }, 
      "class": "019_pitcher_base", 
      "cuboid": [
        [
          -57.500069282273934, 
          34.52106008225433, 
          72.5282108041878
        ], 
        [
          -39.146722931112045, 
          38.47740079756843, 
          70.72000181112033
        ], 
        [
          -34.11199191346365, 
          23.535144800448453, 
          89.12910523854956
        ], 
        [
          -52.46533826462554, 
          19.578804085134355, 
          90.93731423161702
        ], 
        [
          -56.16623138499658, 
          24.419225879855468, 
          63.9639855909309
        ], 
        [
          -37.81288503383469, 
          28.375566595169566, 
          62.15577659786343
        ], 
        [
          -32.77815401618629, 
          13.43331059804959, 
          80.56488002529267
        ], 
        [
          -51.13150036734818, 
          9.476969882735492, 
          82.37308901836013
        ]
      ], 
      "cuboid_centroid": [
        -45.13911164923011, 
        23.97718534015196, 
        76.54654541474024
      ], 
      "location": [
        -45.13911164923011, 
        23.97718534015196, 
        76.54654541474024
      ], 
      "pose_transform_permuted": [
        [
          -0.10020869601239536, 
          0.7589315274533035, 
          0.6434138981421498, 
          0.0
        ], 
        [
          -0.9730432456375042, 
          -0.20975415255721616, 
          0.09586619866158144, 
          0.0
        ], 
        [
          -0.20771455720077206, 
          0.6164627419305573, 
          -0.7594921662126257, 
          0.0
        ], 
        [
          -45.13911164923011, 
          23.97718534015196, 
          76.54654541474024, 
          1.0
        ]
      ], 
      "projected_cuboid": [
        [
          55.25995226800788, 
          527.1292451095545
        ], 
        [
          183.92033735069282, 
          563.4555259528341
        ], 
        [
          275.7810028632157, 
          414.1131914214488
        ], 
        [
          171.33970840488723, 
          388.11024617979086
        ], 
        [
          9.39106164935405, 
          476.88941305701604
        ], 
        [
          154.4447094201737, 
          516.7594085191207
        ], 
        [
          262.8055585168206, 
          362.2117322659818
        ], 
        [
          147.79046547295079, 
          334.6446063483924
        ]
      ], 
      "projected_cuboid_centroid": [
        164.48034083431125, 
        440.3417907291929
      ], 
      "quaternion_xyzw": [
        -0.0012075693883670812, 
        0.42224596192294184, 
        0.8990161129966208, 
        -0.11609044146229819
      ], 
      "visibility": 0.18820674589841155
    }, 
    {
      "bounding_box": {
        "bottom_right": [
          444, 
          270
        ], 
        "top_left": [
          286, 
          52
        ]
      }, 
      "class": "035_power_drill", 
      "cuboid": [
        [
          -27.786178921901268, 
          14.959898169010751, 
          49.58380675259166
        ], 
        [
          -45.611601962603835, 
          12.503620057865078, 
          53.59760050060436
        ], 
        [
          -40.92417683295354, 
          0.3020969191253442, 
          66.94779972299656
        ], 
        [
          -23.09875379225097, 
          2.758375030271017, 
          62.93400597498386
        ], 
        [
          -27.51748683954729, 
          19.223528175428356, 
          53.38624577210287
        ], 
        [
          -45.34290988024986, 
          16.767250064282685, 
          57.40003952011556
        ], 
        [
          -40.65548475059956, 
          4.565726925542949, 
          70.75023874250776
        ], 
        [
          -22.83006170989699, 
          7.022005036688622, 
          66.73644499449507
        ]
      ], 
      "cuboid_centroid": [
        -34.22083183625041, 
        9.76281254727685, 
        60.167022747549716
      ], 
      "location": [
        -34.22083183625041, 
        9.76281254727685, 
        60.167022747549716
      ], 
      "pose_transform_permuted": [
        [
          -0.04698070989745643, 
          -0.7454941086716038, 
          -0.6648550374591283, 
          0.0
        ], 
        [
          0.9668760223041332, 
          0.13323198020907287, 
          -0.21771381944575452, 
          0.0
        ], 
        [
          -0.2508844795492188, 
          0.6530606244795313, 
          -0.7145410734353705, 
          0.0
        ], 
        [
          -34.22083183625041, 
          9.76281254727685, 
          60.167022747549716, 
          1.0
        ]
      ], 
      "projected_cuboid": [
        [
          180.24047314843935, 
          434.1940434416241
        ], 
        [
          23.95944908689428, 
          397.7030300465191
        ], 
        [
          152.8700631142058, 
          275.69310255341287
        ], 
        [
          284.2208103729449, 
          296.66174505086275
        ], 
        [
          204.41117469114536, 
          465.3263393445717
        ], 
        [
          56.792737926066245, 
          429.0756783717622
        ], 
        [
          172.57964081912786, 
          307.70326397533444
        ], 
        [
          297.63183521240825, 
          329.40239490940576
        ]
      ], 
      "projected_cuboid_centroid": [
        175.7362971770001, 
        359.82396131611
      ], 
      "quaternion_xyzw": [
        0.9061997136728185, 
        0.105969041361057, 
        -0.07302323244795748, 
        0.4027906762929405
      ], 
      "visibility": 0.8025005152160473
    }, 
    {
      "bounding_box": {
        "bottom_right": [
          316, 
          190
        ], 
        "top_left": [
          255, 
          102
        ]
      }, 
      "class": "061_foam_brick", 
      "cuboid": [
        [
          -46.406317616863156, 
          -2.674388749579743, 
          71.035198413744
        ], 
        [
          -38.85759748718177, 
          -1.2921736400851984, 
          69.71236019446266
        ], 
        [
          -40.10028380065035, 
          1.7044622214154541, 
          65.75216631165628
        ], 
        [
          -47.64900393033174, 
          0.3222471119209093, 
          67.0750045309376
        ], 
        [
          -46.60536875093197, 
          1.4836655967694425, 
          74.24401426074014
        ], 
        [
          -39.05664862125059, 
          2.8658807062639875, 
          72.9211760414588
        ], 
        [
          -40.29933493471917, 
          5.86251656776464, 
          68.96098215865243
        ], 
        [
          -47.848055064400555, 
          4.480301458270095, 
          70.28382037793376
        ]
      ], 
      "cuboid_centroid": [
        -43.35282627579116, 
        1.5940639090924482, 
        69.9980902861982
      ], 
      "location": [
        -43.35282627579116, 
        1.5940639090924482, 
        69.9980902861982
      ], 
      "pose_transform_permuted": [
        [
          0.03787122003038057, 
          -0.7911062239636696, 
          -0.6105052932607177, 
          0.0
        ], 
        [
          -0.9693505346799679, 
          -0.17749379132006837, 
          0.1698690523859141, 
          0.0
        ], 
        [
          0.24274536372312225, 
          -0.585360484187968, 
          0.7735811476129423, 
          0.0
        ], 
        [
          -43.35282627579116, 
          1.5940639090924482, 
          69.9980902861982, 
          1.0
        ]
      ], 
      "projected_cuboid": [
        [
          130.28323635381096, 
          253.20770488159692
        ], 
        [
          181.84796162797508, 
          263.4010384058562
        ], 
        [
          153.63084467561546, 
          287.11152858551077
        ], 
        [
          99.57816386534914, 
          275.84875466124925
        ], 
        [
          144.02520419271823, 
          283.9442041315382
        ], 
        [
          193.57016901682374, 
          294.24657163220854
        ], 
        [
          167.3391859874479, 
          318.6251453269787
        ], 
        [
          115.49627664536897, 
          307.2834449986848
        ]
      ], 
      "projected_cuboid_centroid": [
        148.5366963489976, 
        285.4318050318562
      ], 
      "quaternion_xyzw": [
        -0.1181040583476937, 
        0.889552740444412, 
        -0.43973991097900195, 
        -0.03709668532120667
      ], 
      "visibility": 0.893455497382199
    }
  ]
}