{
  "camera_data": {
    "location_worldframe": [
      -8.39782456599043, 
      -4.360870934557512, 
      77.67066842475732
    ], 
    "quaternion_xyzw_worldframe": [
      -0.8283505018984058, 
      -0.09902906471548123, 
      -0.20757040761148088, 
      0.5108290447612162
    ]
  }, 
  "objects": [
    {
      "bounding_box": {
        "bottom_right": [
          451, 
          422
        ], 
        "top_left": [
          252, 
          254
        ]
      }, 
      "class": "003_cracker_box", 
      "cuboid": [
        [
          -6.140819656046573, 
          16.243205593231547, 
          61.918505279415456
        ], 
        [
          -20.84930326098479, 
          17.781145938115113, 
          54.821085661977065
        ], 
        [
          -26.21489689659341, 
          -1.6906776873586464, 
          61.72123325332276
        ], 
        [
          -11.506413291655193, 
          -3.2286180322422102, 
          68.81865287076116
        ], 
        [
          -8.757341080256232, 
          19.105508730874295, 
          67.96113996304769
        ], 
        [
          -23.46582468519445, 
          20.643449075757857, 
          60.86372034560929
        ], 
        [
          -28.83141832080307, 
          1.1716254502841028, 
          67.76386793695498
        ], 
        [
          -14.12293471586485, 
          -0.3663148945994607, 
          74.86128755439337
        ]
      ], 
      "cuboid_centroid": [
        -17.48611898842482, 
        8.707415521757826, 
        64.84118660818523
      ], 
      "location": [
        -17.48611898842482, 
        8.707415521757826, 
        64.84118660818523
      ], 
      "pose_transform_permuted": [
        [
          0.3644180343685459, 
          -0.39864947159825426, 
          -0.8415925944430582, 
          0.0
        ], 
        [
          0.8966618903031387, 
          -0.0937562656937503, 
          0.43267449326389096, 
          0.0
        ], 
        [
          0.25139003700418855, 
          0.9122983949550693, 
          -0.3232873147177864, 
          0.0
        ], 
        [
          -17.48611898842482, 
          8.707415521757826, 
          64.84118660818523, 
          1.0
        ]
      ], 
      "projected_cuboid": [
        [
          428.2638719304004, 
          413.1933331673549
        ], 
        [
          277.07713019162503, 
          446.2680327021448
        ], 
        [
          253.19223110540548, 
          258.67776443671147
        ], 
        [
          391.68343690920835, 
          248.26592000438924
        ], 
        [
          412.30183763550303, 
          423.21548205392696
        ], 
        [
          274.26376622862557, 
          454.17517892847474
        ], 
        [
          252.79520421393582, 
          282.50754049799116
        ], 
        [
          380.1453526786709, 
          270.67687264866606
        ]
      ], 
      "projected_cuboid_centroid": [
        336.574960544015, 
        344.9051412100139
      ], 
      "quaternion_xyzw": [
        0.9553210036031431, 
        -0.09032207535377255, 
        0.20859285115319284, 
        0.18892518420330515
      ], 
      "visibility": 0.5837744533947066
    }, 
    {
      "bounding_box": {
        "bottom_right": [
          424, 
          418
        ], 
        "top_left": [
          291, 
          342
        ]
      }, 
      "class": "006_mustard_bottle", 
      "cuboid": [
        [
          -6.169467999325478, 
          19.686401697594558, 
          74.57464066695115
        ], 
        [
          -13.659195717229796, 
          19.15607652095967, 
          68.58892419113235
        ], 
        [
          -18.23592609945387, 
          2.0515278605177643, 
          75.83107095265224
        ], 
        [
          -10.746198381549554, 
          2.5818530371526496, 
          81.81678742847103
        ], 
        [
          -9.537783486796892, 
          22.27507347883042, 
          78.5599493841109
        ], 
        [
          -17.027511204701206, 
          21.74474830219554, 
          72.5742329082921
        ], 
        [
          -21.604241586925284, 
          4.64019964175363, 
          79.81637966981198
        ], 
        [
          -14.114513869020964, 
          5.1705248183885155, 
          85.80209614563078
        ]
      ], 
      "cuboid_centroid": [
        -13.88685479312538, 
        12.163300669674094, 
        77.19551016838156
      ], 
      "location": [
        -13.88685479312538, 
        12.163300669674094, 
        77.19551016838156
      ], 
      "pose_transform_permuted": [
        [
          0.5782614981474781, 
          -0.4444147907158466, 
          -0.6841848983377208, 
          0.0
        ], 
        [
          0.779984988501089, 
          0.05522839980024529, 
          0.6233563051166112, 
          0.0
        ], 
        [
          0.23924236268263493, 
          0.8941170426027232, 
          -0.37857338261609236, 
          0.0
        ], 
        [
          -13.88685479312538, 
          12.163300669674094, 
          77.19551016838156, 
          1.0
        ]
      ], 
      "projected_cuboid": [
        [
          437.10851549918505, 
          414.0735864150954
        ], 
        [
          374.50362718571137, 
          422.2363992867917
        ], 
        [
          352.27508057310354, 
          287.7149242575368
        ], 
        [
          410.96463535258573, 
          290.1162477373606
        ], 
        [
          416.30837163166626, 
          424.5052314247281
        ], 
        [
          355.42580318677796, 
          433.0801677031952
        ], 
        [
          336.03817748305846, 
          304.2915691418115
        ], 
        [
          393.1344553839139, 
          305.4249386125653
        ]
      ], 
      "projected_cuboid_centroid": [
        384.85762386795403, 
        357.3189697768388
      ], 
      "quaternion_xyzw": [
        0.9162814700518522, 
        -0.05020672383344616, 
        0.3278517143853433, 
        0.22454567734665806
      ], 
      "visibility": 0.025970319634703195
    }, 
    {
      "bounding_box": {
        "bottom_right": [
          331, 
          398
        ], 
        "top_left": [
          246, 
          289
        ]
      }, 
      "class": "008_pudding_box", 
      "cuboid": [
        [
          -9.211739590664816, 
          4.605658710593912, 
          62.851447705245576
        ], 
        [
          -19.159788880357738, 
          5.484506673557824, 
          57.425923567384565
        ], 
        [
          -21.47069821051128, 
          -2.6914302079868215, 
          60.338768375921006
        ], 
        [
          -11.522648920818357, 
          -3.5702781709507336, 
          65.76429251378202
        ], 
        [
          -10.787002331855216, 
          6.170230814617985, 
          65.9932350590809
        ], 
        [
          -20.735051621548138, 
          7.049078777581896, 
          60.56771092121988
        ], 
        [
          -23.04596095170168, 
          -1.1268581039627488, 
          63.480555729756325
        ], 
        [
          -13.097911662008757, 
          -2.005706066926661, 
          68.90607986761734
        ]
      ], 
      "cuboid_centroid": [
        -16.128850271183246, 
        1.7394003033155816, 
        63.166001717500954
      ], 
      "location": [
        -16.128850271183246, 
        1.7394003033155816, 
        63.166001717500954
      ], 
      "pose_transform_permuted": [
        [
          0.40946758161322205, 
          -0.4066886995690162, 
          -0.8166638085693534, 
          0.0
        ], 
        [
          0.8752924678903793, 
          -0.07732661751084473, 
          0.477372022789182, 
          0.0
        ], 
        [
          0.25729086305260074, 
          0.9102883566515547, 
          -0.32430885320664476, 
          0.0
        ], 
        [
          -16.128850271183246, 
          1.7394003033155816, 
          63.166001717500954, 
          1.0
        ]
      ], 
      "projected_cuboid": [
        [
          402.7803946412602, 
          312.3673877222679
        ], 
        [
          302.1755742620773, 
          324.22163194834354
        ], 
        [
          290.24134133276806, 
          249.4976461082201
        ], 
        [
          387.3747222543977, 
          244.33314711909995
        ], 
        [
          393.69621519135075, 
          323.15081457244935
        ], 
        [
          297.49625861610224, 
          335.3561076947498
        ], 
        [
          286.36738949928946, 
          263.81945806397425
        ], 
        [
          379.37698034057615, 
          257.7627652514782
        ]
      ], 
      "projected_cuboid_centroid": [
        344.2840353684855, 
        287.97254341962673
      ], 
      "quaternion_xyzw": [
        0.9489790083441372, 
        -0.08815197112402828, 
        0.23362993190698722, 
        0.1925747425254354
      ], 
      "visibility": 0.8460649634099371
    }, 
    {
      "bounding_box": {
        "bottom_right": [
          475, 
          369
        ], 
        "top_left": [
          280, 
          211
        ]
      }, 
      "class": "019_pitcher_base", 
      "cuboid": [
        [
          -33.564812614777004, 
          27.775936993636364, 
          66.56592744221452
        ], 
        [
          -17.77443154400485, 
          27.303283999052475, 
          76.87165588277031
        ], 
        [
          -23.961658873524687, 
          5.45479612970888, 
          85.34965184297893
        ], 
        [
          -39.75203994429685, 
          5.927449124292765, 
          75.04392340242315
        ], 
        [
          -27.125986091967174, 
          22.021957350954406, 
          56.436496926478895
        ], 
        [
          -11.33560502119502, 
          21.54930435637052, 
          66.74222536703469
        ], 
        [
          -17.522832350714857, 
          -0.299183512973078, 
          75.22022132724332
        ], 
        [
          -33.313213421487006, 
          0.17346948161080789, 
          64.91449288668751
        ]
      ], 
      "cuboid_centroid": [
        -25.54382248274593, 
        13.738376740331642, 
        70.89307438472892
      ], 
      "location": [
        -25.54382248274593, 
        13.738376740331642, 
        70.89307438472892
      ], 
      "pose_transform_permuted": [
        [
          -0.4837367501836935, 
          0.4322855108945302, 
          0.761004785815411, 
          0.0
        ], 
        [
          -0.8371619732433404, 
          0.025058743790397273, 
          -0.5463809846220397, 
          0.0
        ], 
        [
          0.2552623328926127, 
          0.901388568203362, 
          -0.34977105443205814, 
          0.0
        ], 
        [
          -25.54382248274593, 
          13.738376740331642, 
          70.89307438472892, 
          1.0
        ]
      ], 
      "projected_cuboid": [
        [
          210.43809658885027, 
          495.82457972198796
        ], 
        [
          357.2541027414689, 
          462.71105179422784
        ], 
        [
          330.6214333345538, 
          307.37161665910804
        ], 
        [
          196.7343414032533, 
          315.4115302913911
        ], 
        [
          223.1228536037157, 
          481.39196185853876
        ], 
        [
          390.2623785531933, 
          445.4813659747512
        ], 
        [
          356.32292656184444, 
          271.1652942039633
        ], 
        [
          205.62406677371484, 
          274.7117154342898
        ]
      ], 
      "projected_cuboid_centroid": [
        287.8327454603603, 
        376.63859909870746
      ], 
      "quaternion_xyzw": [
        -0.27532803580025567, 
        0.2090266876695127, 
        0.935354922911901, 
        0.07492371874473279
      ], 
      "visibility": 0.3175796812749004
    }, 
    {
      "bounding_box": {
        "bottom_right": [
          410, 
          511
        ], 
        "top_left": [
          234, 
          341
        ]
      }, 
      "class": "035_power_drill", 
      "cuboid": [
        [
          4.604058673847787, 
          12.287376786777028, 
          56.80673850187943
        ], 
        [
          -12.101006948703647, 
          13.052042108363704, 
          49.044933397195194
        ], 
        [
          -15.70189036412688, 
          -4.256096528612324, 
          55.089676243717854
        ], 
        [
          1.003175258424556, 
          -5.020761850199001, 
          62.851481348402096
        ], 
        [
          2.4502180652712577, 
          14.428049926444267, 
          61.6531565508925
        ], 
        [
          -14.254847557280176, 
          15.192715248030945, 
          53.891351446208255
        ], 
        [
          -17.85573097270341, 
          -2.115423388945084, 
          59.93609429273092
        ], 
        [
          -1.1506653501519735, 
          -2.880088710531761, 
          67.69789939741516
        ]
      ], 
      "cuboid_centroid": [
        -6.62583614942781, 
        5.085976698915971, 
        58.371416397305175
      ], 
      "location": [
        -6.62583614942781, 
        5.085976698915971, 
        58.371416397305175
      ], 
      "pose_transform_permuted": [
        [
          0.37659822317945174, 
          -0.3742958961756508, 
          -0.8473943794983911, 
          0.0
        ], 
        [
          0.9061062598391744, 
          -0.04147652276422479, 
          0.4210112280859067, 
          0.0
        ], 
        [
          0.1927296408173819, 
          0.9263813786455971, 
          -0.32353202901650263, 
          0.0
        ], 
        [
          -6.62583614942781, 
          5.085976698915971, 
          58.371416397305175, 
          1.0
        ]
      ], 
      "projected_cuboid": [
        [
          525.1816359443221, 
          388.6443078342833
        ], 
        [
          348.91290244841133, 
          415.21576847689045
        ], 
        [
          328.32131536049394, 
          232.0835434941601
        ], 
        [
          490.1803442533883, 
          230.68339546667585
        ], 
        [
          502.9688720331479, 
          398.09379852116086
        ], 
        [
          339.3526478708908, 
          423.6366840787244
        ], 
        [
          321.39027314071325, 
          254.46321068031833
        ], 
        [
          472.4566611002337, 
          250.59738921509458
        ]
      ], 
      "projected_cuboid_centroid": [
        420.55458480422726, 
        319.7553602320677
      ], 
      "quaternion_xyzw": [
        0.9591509289448615, 
        -0.06104517978188563, 
        0.20789466683381863, 
        0.1818868918679506
      ], 
      "visibility": 0.9310790583752891
    }, 
    {
      "bounding_box": {
        "bottom_right": [
          270, 
          338
        ], 
        "top_left": [
          205, 
          253
        ]
      }, 
      "class": "061_foam_brick", 
      "cuboid": [
        [
          -22.433578059608156, 
          -7.124895051289657, 
          53.64953789030707
        ], 
        [
          -15.591637330244607, 
          -7.300538073230667, 
          57.36445265975778
        ], 
        [
          -14.382483591227299, 
          -2.7510754158941295, 
          55.3525957775587
        ], 
        [
          -21.22442432059085, 
          -2.5754323939531214, 
          51.637681008108004
        ], 
        [
          -24.61522585861766, 
          -4.717875816285589, 
          57.781390710108205
        ], 
        [
          -17.77328512925411, 
          -4.893518838226598, 
          61.4963054795589
        ], 
        [
          -16.564131390236803, 
          -0.3440561808900608, 
          59.48444859735983
        ], 
        [
          -23.406072119600353, 
          -0.16841315894905173, 
          55.76953382790912
        ]
      ], 
      "cuboid_centroid": [
        -19.49885472492248, 
        -3.7344756160898593, 
        56.56699324383345
      ], 
      "location": [
        -19.49885472492248, 
        -3.7344756160898593, 
        56.56699324383345
      ], 
      "pose_transform_permuted": [
        [
          0.4150775840167722, 
          -0.4579564718012654, 
          -0.7861211542644914, 
          0.0
        ], 
        [
          -0.8785911770896637, 
          0.02255477144554152, 
          -0.4770417443214361, 
          0.0
        ], 
        [
          -0.23619513709430728, 
          -0.8886884449684129, 
          0.3929945355760374, 
          0.0
        ], 
        [
          -19.49885472492248, 
          -3.7344756160898593, 
          56.56699324383345, 
          1.0
        ]
      ], 
      "projected_cuboid": [
        [
          256.7308065751526, 
          202.45934713663817
        ], 
        [
          335.4330050105421, 
          205.41314702913516
        ], 
        [
          341.867720304411, 
          246.78005940591956
        ], 
        [
          260.5621295775876, 
          246.6871922321001
        ], 
        [
          252.50630830677943, 
          229.74076082251884
        ], 
        [
          326.1758101093284, 
          230.84806291059314
        ], 
        [
          331.85047048347394, 
          270.20183427640865
        ], 
        [
          255.90137970378913, 
          271.6760164373894
        ]
      ], 
      "projected_cuboid_centroid": [
        296.227795279715, 
        238.07750768437302
      ], 
      "quaternion_xyzw": [
        0.06863223041402368, 
        0.9425233122213168, 
        -0.22571086474556298, 
        0.2366305736872657
      ], 
      "visibility": 0.9922510654784967
    }
  ]
}