{
  "camera_data": {
    "location_worldframe": [
      -23.403101549621415, 
      12.25929121122603, 
      76.70705203556591
    ], 
    "quaternion_xyzw_worldframe": [
      0.9360289268831644, 
      0.035595238242460046, 
      -0.1146139754796411, 
      -0.3308298586812233
    ]
  }, 
  "objects": [
    {
      "bounding_box": {
        "bottom_right": [
          521, 
          262
        ], 
        "top_left": [
          335, 
          27
        ]
      }, 
      "class": "003_cracker_box", 
      "cuboid": [
        [
          -35.20412985816642, 
          23.50913611563388, 
          56.410976328491536
        ], 
        [
          -51.24975412045523, 
          21.93414022566193, 
          59.43346630650247
        ], 
        [
          -46.96317665766899, 
          7.757874386668892, 
          74.80266562410284
        ], 
        [
          -30.917552395380177, 
          9.332870276640836, 
          71.7801756460919
        ], 
        [
          -34.821843065888594, 
          28.83219023750987, 
          61.214240755833806
        ], 
        [
          -50.867467328177405, 
          27.257194347537926, 
          64.23673073384474
        ], 
        [
          -46.580889865391164, 
          13.080928508544886, 
          79.6059300514451
        ], 
        [
          -30.535265603102363, 
          14.65592439851683, 
          76.58344007343418
        ]
      ], 
      "cuboid_centroid": [
        -40.89250986177879, 
        18.295032312089383, 
        68.00845318996832
      ], 
      "location": [
        -40.89250986177879, 
        18.295032312089383, 
        68.00845318996832
      ], 
      "pose_transform_permuted": [
        [
          -0.05324328710551998, 
          -0.7413724580976337, 
          -0.6689783484930372, 
          0.0
        ], 
        [
          0.978176960219566, 
          0.09601525417941617, 
          -0.18425771479227604, 
          0.0
        ], 
        [
          -0.20083572111008735, 
          0.6641896937917168, 
          -0.7200812897076669, 
          0.0
        ], 
        [
          -40.89250986177879, 
          18.295032312089383, 
          68.00845318996832, 
          1.0
        ]
      ], 
      "projected_cuboid": [
        [
          145.9972346514488, 
          495.54616704534595
        ], 
        [
          17.88065809707057, 
          470.1100996771398
        ], 
        [
          143.97398629901122, 
          328.59775315902914
        ], 
        [
          249.96839101589418, 
          342.62883814895315
        ], 
        [
          175.68893392962045, 
          524.4825258678732
        ], 
        [
          55.75513575162029, 
          499.5869016795016
        ], 
        [
          166.92796753786973, 
          360.92216179941323
        ], 
        [
          267.1803871075412, 
          375.3489614467424
        ]
      ], 
      "projected_cuboid_centroid": [
        158.24725931696847, 
        416.7554532283619
      ], 
      "quaternion_xyzw": [
        0.9098550712207302, 
        0.08156545604873804, 
        -0.06525792112669844, 
        0.40156223612748126
      ], 
      "visibility": 0.3710813530459014
    }, 
    {
      "bounding_box": {
        "bottom_right": [
          539, 
          307
        ], 
        "top_left": [
          399, 
          195
        ]
      }, 
      "class": "006_mustard_bottle", 
      "cuboid": [
        [
          -29.3554417217049, 
          32.287466064029665, 
          64.20644747151357
        ], 
        [
          -38.45682511794377, 
          29.24418828993773, 
          64.53712628031596
        ], 
        [
          -33.95180314732566, 
          17.321333989619074, 
          78.80285647410598
        ], 
        [
          -24.850419751086793, 
          20.364611763711014, 
          78.47217766530359
        ], 
        [
          -30.607083278494997, 
          36.45181819676671, 
          68.08214368162352
        ], 
        [
          -39.70846667473387, 
          33.40854042267477, 
          68.41282249042591
        ], 
        [
          -35.20344470411576, 
          21.48568612235612, 
          82.67855268421592
        ], 
        [
          -26.102061307876887, 
          24.52896389644806, 
          82.34787387541354
        ]
      ], 
      "cuboid_centroid": [
        -32.27944321291033, 
        26.886576093192893, 
        73.44250007786475
      ], 
      "location": [
        -32.27944321291033, 
        26.886576093192893, 
        73.44250007786475
      ], 
      "pose_transform_permuted": [
        [
          0.21487777034698718, 
          -0.7149224922805295, 
          -0.6653669779920526, 
          0.0
        ], 
        [
          0.9478238316580244, 
          0.3169288749918541, 
          -0.034437100599092364, 
          0.0
        ], 
        [
          -0.2354939028905826, 
          0.623251009892982, 
          -0.7457216641406758, 
          0.0
        ], 
        [
          -32.27944321291033, 
          26.886576093192893, 
          73.44250007786475, 
          1.0
        ]
      ], 
      "projected_cuboid": [
        [
          235.72923328140786, 
          541.4767061193093
        ], 
        [
          161.15056054678357, 
          514.953609447012
        ], 
        [
          249.90422330813598, 
          390.5133370676753
        ], 
        [
          311.2989842571469, 
          411.6903210851463
        ], 
        [
          239.83928669465433, 
          558.8308442453592
        ], 
        [
          169.46574921440526, 
          533.7264409699538
        ], 
        [
          252.62419462589452, 
          411.88036666983464
        ], 
        [
          311.1403383829911, 
          432.1464597405027
        ]
      ], 
      "projected_cuboid_centroid": [
        245.23906035794369, 
        468.5295858041314
      ], 
      "quaternion_xyzw": [
        0.8995056725145011, 
        0.15353510121236372, 
        0.05014995326363157, 
        0.40595746115143544
      ], 
      "visibility": 0.8905731425040954
    }, 
    {
      "bounding_box": {
        "bottom_right": [
          402, 
          235
        ], 
        "top_left": [
          321, 
          109
        ]
      }, 
      "class": "008_pudding_box", 
      "cuboid": [
        [
          -34.23321120880149, 
          13.595842821678941, 
          63.23135436706837
        ], 
        [
          -45.377910767865764, 
          12.10477493251845, 
          64.88808574867043
        ], 
        [
          -43.616525577965916, 
          6.160398993370429, 
          71.38676466124106
        ], 
        [
          -32.47182601890164, 
          7.651466882530919, 
          69.73003327963897
        ], 
        [
          -34.22724444741911, 
          16.435322064158058, 
          65.8270215989148
        ], 
        [
          -45.37194400648339, 
          14.944254174997567, 
          67.48375298051687
        ], 
        [
          -43.61055881658354, 
          8.999878235849545, 
          73.98243189308748
        ], 
        [
          -32.46585925751926, 
          10.490946125010037, 
          72.32570051148542
        ]
      ], 
      "cuboid_centroid": [
        -38.92188501269251, 
        11.297860528764243, 
        68.60689313007794
      ], 
      "location": [
        -38.92188501269251, 
        11.297860528764243, 
        68.60689313007794
      ], 
      "pose_transform_permuted": [
        [
          -0.0015509764113754113, 
          -0.7380830308855354, 
          -0.6747074988224987, 
          0.0
        ], 
        [
          0.9805813478484794, 
          0.13119360936898528, 
          -0.14576973408609578, 
          0.0
        ], 
        [
          -0.19610822015560897, 
          0.6618319445665533, 
          -0.7235466507921954, 
          0.0
        ], 
        [
          -38.92188501269251, 
          11.297860528764243, 
          68.60689313007794, 
          1.0
        ]
      ], 
      "projected_cuboid": [
        [
          190.4537053805473, 
          387.9595399928328
        ], 
        [
          105.52483127662602, 
          372.77650515963245
        ], 
        [
          153.02918750299878, 
          319.3099351602134
        ], 
        [
          231.17155221882447, 
          331.80762188905993
        ], 
        [
          201.98270942999204, 
          406.4427844533978
        ], 
        [
          120.03746655357465, 
          391.38997851940263
        ], 
        [
          164.60033448200423, 
          338.1642553869753
        ], 
        [
          240.20333501757645, 
          350.6453049880928
        ]
      ], 
      "projected_cuboid_centroid": [
        176.51417857467848, 
        361.11109894067073
      ], 
      "quaternion_xyzw": [
        0.9106482294549211, 
        0.08985407837461684, 
        -0.04044391284482365, 
        0.4012607817160655
      ], 
      "visibility": 0.43971319871232073
    }, 
    {
      "bounding_box": {
        "bottom_right": [
          539, 
          243
        ], 
        "top_left": [
          369, 
          43
        ]
      }, 
      "class": "019_pitcher_base", 
      "cuboid": [
        [
          -57.78992955595622, 
          36.36578825209054, 
          71.61831466681463
        ], 
        [
          -39.43134552205774, 
          40.31923648779808, 
          69.85757243075679
        ], 
        [
          -34.364054103043564, 
          24.747199031538695, 
          87.72790613891584
        ], 
        [
          -52.722638136942045, 
          20.79375079583115, 
          89.48864837497368
        ], 
        [
          -56.53128986573201, 
          26.554405677360677, 
          62.71187152744451
        ], 
        [
          -38.17270583183354, 
          30.50785391306822, 
          60.951129291386664
        ], 
        [
          -33.105414412819364, 
          14.935816456808832, 
          78.82146299954572
        ], 
        [
          -51.46399844671785, 
          10.982368221101288, 
          80.58220523560355
        ]
      ], 
      "cuboid_centroid": [
        -45.447671984387796, 
        25.650802354449688, 
        75.21988883318016
      ], 
      "location": [
        -45.447671984387796, 
        25.650802354449688, 
        75.21988883318016
      ], 
      "pose_transform_permuted": [
        [
          -0.09455919820861534, 
          0.7371104509020981, 
          0.6691240779157742, 
          0.0
        ], 
        [
          -0.973320932971036, 
          -0.2096008013540921, 
          0.09334964356493487, 
          0.0
        ], 
        [
          -0.20905788007706128, 
          0.6424452177489973, 
          -0.7372645013623865, 
          0.0
        ], 
        [
          -45.447671984387796, 
          25.650802354449688, 
          75.21988883318016, 
          1.0
        ]
      ], 
      "projected_cuboid": [
        [
          47.66693749582063, 
          544.0913889825132
        ], 
        [
          178.05433123082256, 
          581.099100732098
        ], 
        [
          270.9485694769584, 
          423.7308658245561
        ], 
        [
          164.77098858366108, 
          397.20968028356754
        ], 
        [
          -3.167503084448527, 
          499.1127527358426
        ], 
        [
          144.80416799333375, 
          540.2288591742109
        ], 
        [
          255.7334529097806, 
          374.3448424576149
        ], 
        [
          138.1529241094474, 
          345.97146916177394
        ]
      ], 
      "projected_cuboid_centroid": [
        156.68137104887595, 
        455.1543316180317
      ], 
      "quaternion_xyzw": [
        -0.00033368375712361064, 
        0.4067405933671257, 
        0.9062133066552002, 
        -0.11549672642095907
      ], 
      "visibility": 0.13926093323727085
    }, 
    {
      "bounding_box": {
        "bottom_right": [
          475, 
          260
        ], 
        "top_left": [
          303, 
          35
        ]
      }, 
      "class": "035_power_drill", 
      "cuboid": [
        [
          -28.25154450358059, 
          17.49063837793137, 
          47.88615922401341
        ], 
        [
          -46.06672702875277, 
          14.960160169045336, 
          51.899325133870825
        ], 
        [
          -41.36050527971804, 
          2.2992304422338865, 
          64.807821399141
        ], 
        [
          -23.545322754545857, 
          4.829708651119918, 
          60.79465548928359
        ], 
        [
          -27.950256817906137, 
          21.622546880632864, 
          51.82898012022588
        ], 
        [
          -45.76543934307832, 
          19.092068671746834, 
          55.84214603008329
        ], 
        [
          -41.05921759404359, 
          6.431138944935383, 
          68.75064229535349
        ], 
        [
          -23.244035068871405, 
          8.961617153821416, 
          64.73747638549607
        ]
      ], 
      "cuboid_centroid": [
        -34.65538104881209, 
        11.960888661433376, 
        58.31840075968344
      ], 
      "location": [
        -34.65538104881209, 
        11.960888661433376, 
        58.31840075968344
      ], 
      "pose_transform_permuted": [
        [
          -0.05268003892165292, 
          -0.7224626531142696, 
          -0.689400755987126, 
          0.0
        ], 
        [
          0.9663205623355392, 
          0.13725669789425549, 
          -0.21767976462097777, 
          0.0
        ], 
        [
          -0.25189052870010964, 
          0.677649386872938, 
          -0.6908998603070925, 
          0.0
        ], 
        [
          -34.65538104881209, 
          11.960888661433376, 
          58.31840075968344, 
          1.0
        ]
      ], 
      "projected_cuboid": [
        [
          164.3307790390281, 
          468.08395168668477
        ], 
        [
          4.268546006035462, 
          427.01775442690354
        ], 
        [
          138.39479785024463, 
          292.20747367397246
        ], 
        [
          273.3250217698969, 
          315.655035408111
        ], 
        [
          191.59247377536528, 
          495.78228577982753
        ], 
        [
          40.872485806791694, 
          455.62505520829035
        ], 
        [
          160.43396304987806, 
          323.1748332310123
        ], 
        [
          288.5125315651883, 
          347.11403623847593
        ]
      ], 
      "projected_cuboid_centroid": [
        162.0338316033048, 
        382.668415265046
      ], 
      "quaternion_xyzw": [
        0.912876046513929, 
        0.10657175968205983, 
        -0.0740406664670069, 
        0.38706309548231665
      ], 
      "visibility": 0.8520710059171598
    }, 
    {
      "bounding_box": {
        "bottom_right": [
          333, 
          178
        ], 
        "top_left": [
          269, 
          86
        ]
      }, 
      "class": "061_foam_brick", 
      "cuboid": [
        [
          -46.83415636329713, 
          -0.7951292167942658, 
          68.81843177791555
        ], 
        [
          -39.28682309305818, 
          0.6055789862043262, 
          67.50718344233604
        ], 
        [
          -40.537274426640586, 
          3.7383580208359755, 
          63.656300643282634
        ], 
        [
          -48.08460769687953, 
          2.3376498178373826, 
          64.96754897886217
        ], 
        [
          -47.00371934778586, 
          3.252874328857933, 
          72.16663310546137
        ], 
        [
          -39.45638607754691, 
          4.653582531856526, 
          70.85538476988185
        ], 
        [
          -40.706837411129314, 
          7.786361566488174, 
          67.00450197082846
        ], 
        [
          -48.254170681368265, 
          6.385653363489582, 
          68.31575030640798
        ]
      ], 
      "cuboid_centroid": [
        -43.77049688721322, 
        3.4956161748469543, 
        67.91146687437201
      ], 
      "location": [
        -43.77049688721322, 
        3.4956161748469543, 
        67.91146687437201
      ], 
      "pose_transform_permuted": [
        [
          0.03226084154014697, 
          -0.7701680961443418, 
          -0.6370246006117201, 
          0.0
        ], 
        [
          -0.9691724444979295, 
          -0.17986853694158766, 
          0.1683807656604537, 
          0.0
        ], 
        [
          0.2442621766238675, 
          -0.6119545841807974, 
          0.7522284067828586, 
          0.0
        ], 
        [
          -43.77049688721322, 
          3.4956161748469543, 
          67.91146687437201, 
          1.0
        ]
      ], 
      "projected_cuboid": [
        [
          115.62354358880323, 
          267.1245553335831
        ], 
        [
          168.6371919854708, 
          278.0707271007395
        ], 
        [
          139.14098309627303, 
          304.6069182308197
        ], 
        [
          83.58033247288215, 
          292.4763403680817
        ], 
        [
          131.3395070940136, 
          297.3256472833676
        ], 
        [
          182.13888712616546, 
          308.3134693036288
        ], 
        [
          154.89256722802955, 
          335.26176327103167
        ], 
        [
          101.75264688951889, 
          323.1373260473938
        ]
      ], 
      "projected_cuboid_centroid": [
        134.99583440306628, 
        300.73816945251485
      ], 
      "quaternion_xyzw": [
        -0.11821333674018475, 
        0.89696037109931, 
        -0.42432100457831806, 
        -0.037939224659802664
      ], 
      "visibility": 0.9217369970559371
    }
  ]
}