{
  "camera_data": {
    "location_worldframe": [
      -16.764595481694517, 
      5.850510648391754, 
      73.3708713522083
    ], 
    "quaternion_xyzw_worldframe": [
      -0.8577515219656059, 
      -0.025669433332328205, 
      -0.03826381332355205, 
      0.51200010078669
    ]
  }, 
  "objects": [
    {
      "bounding_box": {
        "bottom_right": [
          523, 
          305
        ], 
        "top_left": [
          329, 
          128
        ]
      }, 
      "class": "003_cracker_box", 
      "cuboid": [
        [
          -21.3965680711323, 
          25.895915971428597, 
          57.41844885761822
        ], 
        [
          -37.73292612298462, 
          26.57201447423586, 
          56.09768691716952
        ], 
        [
          -39.24697877067287, 
          7.187913925886863, 
          64.90210840060155
        ], 
        [
          -22.910620718820553, 
          6.511815423079592, 
          66.22287034105025
        ], 
        [
          -21.79952512984865, 
          28.886582690963063, 
          63.933503402013244
        ], 
        [
          -38.13588318170097, 
          29.562681193770334, 
          62.612741461564546
        ], 
        [
          -39.64993582938922, 
          10.178580645421334, 
          71.41716294499658
        ], 
        [
          -23.3135777775369, 
          9.502482142614063, 
          72.73792488544528
        ]
      ], 
      "cuboid_centroid": [
        -30.52325195026076, 
        18.037248308424964, 
        64.4178059013074
      ], 
      "location": [
        -30.52325195026076, 
        18.037248308424964, 
        64.4178059013074
      ], 
      "pose_transform_permuted": [
        [
          0.05612215436634471, 
          -0.41652740822230344, 
          -0.9073892340053912, 
          0.0
        ], 
        [
          0.995900738980654, 
          -0.04121646920521116, 
          0.08051658688769031, 
          0.0
        ], 
        [
          0.0709367456757588, 
          0.908188373007421, 
          -0.41250679660711786, 
          0.0
        ], 
        [
          -30.52325195026076, 
          18.037248308424964, 
          64.4178059013074, 
          1.0
        ]
      ], 
      "projected_cuboid": [
        [
          281.20321237777694, 
          513.8154861939555
        ], 
        [
          119.88144281074892, 
          525.9061460651287
        ], 
        [
          156.40558439012042, 
          332.3517263596378
        ], 
        [
          295.550958668579, 
          325.7288236938906
        ], 
        [
          298.2346754153756, 
          514.2522198260831
        ], 
        [
          154.05821223549438, 
          525.0940206702644
        ], 
        [
          183.03706028438268, 
          349.29678766428555
        ], 
        [
          309.2357696107323, 
          342.95940565495687
        ]
      ], 
      "projected_cuboid_centroid": [
        226.78698396355392, 
        422.61819581749336
      ], 
      "quaternion_xyzw": [
        0.9761503913323841, 
        -0.028723344239991514, 
        0.03499428532409123, 
        0.2123223563168995
      ], 
      "visibility": 0.267718715393134
    }, 
    {
      "bounding_box": {
        "bottom_right": [
          505, 
          355
        ], 
        "top_left": [
          360, 
          278
        ]
      }, 
      "class": "006_mustard_bottle", 
      "cuboid": [
        [
          -17.033412797575142, 
          29.82762885000898, 
          69.14610934285551
        ], 
        [
          -26.14057497941532, 
          28.767704650442067, 
          66.2926508281688
        ], 
        [
          -26.91739250820656, 
          11.79182840793474, 
          75.07769015138354
        ], 
        [
          -17.810230326366383, 
          12.851752607501657, 
          77.93114866607024
        ], 
        [
          -18.864690592098505, 
          32.434903944019496, 
          74.02237785562367
        ], 
        [
          -27.971852773938682, 
          31.37497974445258, 
          71.16891934093697
        ], 
        [
          -28.748670302729924, 
          14.399103501945254, 
          79.9539586641517
        ], 
        [
          -19.641508120889746, 
          15.459027701512168, 
          82.80741717883842
        ]
      ], 
      "cuboid_centroid": [
        -22.891041550152533, 
        22.113366175977117, 
        74.55003400350361
      ], 
      "location": [
        -22.891041550152533, 
        22.113366175977117, 
        74.55003400350361
      ], 
      "pose_transform_permuted": [
        [
          0.3143878430996519, 
          -0.44760854722576576, 
          -0.8371419916129891, 
          0.0
        ], 
        [
          0.9484256380508002, 
          0.11038117749393293, 
          0.2971609770867619, 
          0.0
        ], 
        [
          0.04060708091591557, 
          0.8873908667724141, 
          -0.45922599507039313, 
          0.0
        ], 
        [
          -22.891041550152533, 
          22.113366175977117, 
          74.55003400350361, 
          1.0
        ]
      ], 
      "projected_cuboid": [
        [
          349.1245903140803, 
          503.34515930448816
        ], 
        [
          269.5454999804188, 
          504.7206420834416
        ], 
        [
          288.79405244679253, 
          357.0506095540279
        ], 
        [
          358.6975458372034, 
          361.2371387485404
        ], 
        [
          344.54727278876874, 
          506.9749164520604
        ], 
        [
          270.23716546446485, 
          508.4016876039148
        ], 
        [
          288.23578083636914, 
          369.33336300423093
        ], 
        [
          354.0421146916727, 
          372.8501095899527
        ]
      ], 
      "projected_cuboid_centroid": [
        316.4733553336809, 
        431.48218992344187
      ], 
      "quaternion_xyzw": [
        0.958248205899208, 
        0.01820355523456009, 
        0.15954864731850563, 
        0.23658654843115437
      ], 
      "visibility": 0.33865577422948384
    }, 
    {
      "bounding_box": {
        "bottom_right": [
          408, 
          281
        ], 
        "top_left": [
          325, 
          166
        ]
      }, 
      "class": "008_pudding_box", 
      "cuboid": [
        [
          -23.326006071464622, 
          14.191364577348917, 
          59.65774130412368
        ], 
        [
          -34.5923628781809, 
          14.463085193423744, 
          58.185415663093096
        ], 
        [
          -35.27645584909016, 
          6.322312215650365, 
          61.917806697445975
        ], 
        [
          -24.010099042373884, 
          6.050591599575536, 
          63.390132338476555
        ], 
        [
          -23.73949228345427, 
          15.814074033951602, 
          63.121266895358595
        ], 
        [
          -35.00584909017054, 
          16.085794650026433, 
          61.648941254328015
        ], 
        [
          -35.689942061079805, 
          7.945021672253054, 
          65.3813322886809
        ], 
        [
          -24.423585254363527, 
          7.673301056178225, 
          66.85365792971147
        ]
      ], 
      "cuboid_centroid": [
        -29.50797406627221, 
        11.068193124800985, 
        62.519536796402285
      ], 
      "location": [
        -29.50797406627221, 
        11.068193124800985, 
        62.519536796402285
      ], 
      "pose_transform_permuted": [
        [
          0.10747997449991538, 
          -0.4218006936124807, 
          -0.9002951765536948, 
          0.0
        ], 
        [
          0.991285524057618, 
          -0.023907703077753084, 
          0.1295445475135683, 
          0.0
        ], 
        [
          0.07616519981844856, 
          0.9063732955837945, 
          -0.4155550795299426, 
          0.0
        ], 
        [
          -29.50797406627221, 
          11.068193124800985, 
          62.519536796402285, 
          1.0
        ]
      ], 
      "projected_cuboid": [
        [
          271.3328775532418, 
          400.1524312514898
        ], 
        [
          161.88588656807252, 
          405.8532040234575
        ], 
        [
          175.21656817175452, 
          327.74280985819047
        ], 
        [
          277.9097308174995, 
          324.19192137130074
        ], 
        [
          279.34756779275017, 
          406.90165356532196
        ], 
        [
          176.240875280718, 
          412.4433365116365
        ], 
        [
          188.0458983430316, 
          338.09457260243187
        ], 
        [
          285.1362359491861, 
          334.49966898363505
        ]
      ], 
      "projected_cuboid_centroid": [
        227.78318139349219, 
        367.70317070537254
      ], 
      "quaternion_xyzw": [
        0.9744170047001318, 
        -0.02567507094331707, 
        0.06081188055785876, 
        0.21483506781578385
      ], 
      "visibility": 0.7408224907063197
    }, 
    {
      "bounding_box": {
        "bottom_right": [
          539, 
          281
        ], 
        "top_left": [
          346, 
          123
        ]
      }, 
      "class": "019_pitcher_base", 
      "cuboid": [
        [
          -45.84780317688986, 
          36.50758045871837, 
          71.42579678589401
        ], 
        [
          -27.400922468215654, 
          37.06344074866957, 
          75.32081737145809
        ], 
        [
          -28.98965452205359, 
          15.335605033596888, 
          85.94586820923035
        ], 
        [
          -47.4365352307278, 
          14.779744743645685, 
          82.05084762366627
        ], 
        [
          -43.21190602911509, 
          30.621057803651553, 
          59.7822136367903
        ], 
        [
          -24.765025320440888, 
          31.176918093602758, 
          63.677234222354386
        ], 
        [
          -26.353757374278825, 
          9.449082378530074, 
          74.30228506012665
        ], 
        [
          -44.80063808295303, 
          8.89322208857887, 
          70.40726447456257
        ]
      ], 
      "cuboid_centroid": [
        -36.10078027558434, 
        22.978331418624222, 
        72.86404092301034
      ], 
      "location": [
        -36.10078027558434, 
        22.978331418624222, 
        72.86404092301034
      ], 
      "pose_transform_permuted": [
        [
          -0.19802992293176463, 
          0.44224321449835835, 
          0.874760183876349, 
          0.0
        ], 
        [
          -0.9780021764543168, 
          -0.029470162569066524, 
          -0.20650313026769823, 
          0.0
        ], 
        [
          0.065545264268707, 
          0.8964109023237242, 
          -0.43835067300862185, 
          0.0
        ], 
        [
          -36.10078027558434, 
          22.978331418624222, 
          72.86404092301034, 
          1.0
        ]
      ], 
      "projected_cuboid": [
        [
          136.4094764539824, 
          545.8800331747003
        ], 
        [
          285.9641661016735, 
          535.7194145856026
        ], 
        [
          300.20855775135067, 
          368.4485120775539
        ], 
        [
          170.69642009265283, 
          369.35291065573176
        ], 
        [
          92.88934499638141, 
          546.458252286322
        ], 
        [
          272.4526286965806, 
          534.4043639250128
        ], 
        [
          290.86131394983397, 
          341.10922568733184
        ], 
        [
          139.41403845844306, 
          340.6507443985568
        ]
      ], 
      "projected_cuboid_centroid": [
        215.15973729803187, 
        441.4736708786866
      ], 
      "quaternion_xyzw": [
        -0.10446150080004252, 
        0.22739343140637366, 
        0.9681390993362459, 
        0.009315578134478164
      ], 
      "visibility": 0.11668289350422488
    }, 
    {
      "bounding_box": {
        "bottom_right": [
          516, 
          346
        ], 
        "top_left": [
          322, 
          146
        ]
      }, 
      "class": "035_power_drill", 
      "cuboid": [
        [
          -13.032242173074538, 
          22.17134631154007, 
          48.8511069126062
        ], 
        [
          -31.428165278231347, 
          21.97037315923498, 
          47.651452007185625
        ], 
        [
          -31.717773868016913, 
          4.7830001222044425, 
          54.971785024167666
        ], 
        [
          -13.321850762860105, 
          4.983973274509529, 
          56.17143992958824
        ], 
        [
          -13.399020357557106, 
          24.413045482098447, 
          54.09987222989285
        ], 
        [
          -31.794943462713913, 
          24.21207232979336, 
          52.90021732447228
        ], 
        [
          -32.08455205249948, 
          7.02469929276282, 
          60.22055034145433
        ], 
        [
          -13.688628947342673, 
          7.225672445067907, 
          61.42020524687489
        ]
      ], 
      "cuboid_centroid": [
        -22.55839711278701, 
        14.598022802151444, 
        54.535828627030256
      ], 
      "location": [
        -22.55839711278701, 
        14.598022802151444, 
        54.535828627030256
      ], 
      "pose_transform_permuted": [
        [
          0.06413102809330402, 
          -0.39196025981378446, 
          -0.9177446485617463, 
          0.0
        ], 
        [
          0.9978207483723018, 
          0.010901066507480016, 
          0.06507096972914055, 
          0.0
        ], 
        [
          0.015500684984115384, 
          0.9199176562709992, 
          -0.39180528505412504, 
          0.0
        ], 
        [
          -22.55839711278701, 
          14.598022802151444, 
          54.535828627030256, 
          1.0
        ]
      ], 
      "projected_cuboid": [
        [
          338.1352039543119, 
          515.3365941729425
        ], 
        [
          126.91875980751676, 
          519.1810440634495
        ], 
        [
          171.31648598785407, 
          319.68975429249656
        ], 
        [
          354.05873289448573, 
          320.606858639575
        ], 
        [
          348.40801106323585, 
          513.9517134022523
        ], 
        [
          158.38144904950352, 
          517.3833106550214
        ], 
        [
          195.08494783444715, 
          335.498020232536
        ], 
        [
          361.7464096729536, 
          336.0279860284673
        ]
      ], 
      "projected_cuboid_centroid": [
        259.154418598146, 
        416.04427417007184
      ], 
      "quaternion_xyzw": [
        0.9792194663614802, 
        -0.0011743073526015396, 
        0.032985965419612455, 
        0.2000995618939681
      ], 
      "visibility": 0.8632265591854051
    }, 
    {
      "bounding_box": {
        "bottom_right": [
          351, 
          205
        ], 
        "top_left": [
          291, 
          102
        ]
      }, 
      "class": "061_foam_brick", 
      "cuboid": [
        [
          -38.360003186224304, 
          1.5959971360840743, 
          56.13137852175715
        ], 
        [
          -30.639236041572097, 
          1.8365828342112596, 
          57.119036549355265
        ], 
        [
          -30.471086945122885, 
          6.348150104094924, 
          54.7055912940804
        ], 
        [
          -38.19185408977509, 
          6.107564405967739, 
          53.71793326648229
        ], 
        [
          -39.02402661482712, 
          4.0745818145616255, 
          60.71845028040491
        ], 
        [
          -31.303259470174915, 
          4.31516751268881, 
          61.706108308003024
        ], 
        [
          -31.1351103737257, 
          8.826734782572476, 
          59.292663052728166
        ], 
        [
          -38.85587751837791, 
          8.58614908444529, 
          58.30500502513005
        ]
      ], 
      "cuboid_centroid": [
        -34.747556779975, 
        5.211365959328275, 
        57.71202078724266
      ], 
      "location": [
        -34.747556779975, 
        5.211365959328275, 
        57.71202078724266
      ], 
      "pose_transform_permuted": [
        [
          0.1263362677514337, 
          -0.4715724236471813, 
          -0.8727305407204229, 
          0.0
        ], 
        [
          -0.991443533637011, 
          -0.030894227247736605, 
          -0.12682770333063126, 
          0.0
        ], 
        [
          -0.03284611179417457, 
          -0.8812859898910732, 
          0.4714404914320745, 
          0.0
        ], 
        [
          -34.747556779975, 
          5.211365959328275, 
          57.71202078724266, 
          1.0
        ]
      ], 
      "projected_cuboid": [
        [
          114.0908723716174, 
          288.45054338758746
        ], 
        [
          193.13494381884473, 
          290.4346842173137
        ], 
        [
          182.06179755396732, 
          335.1740468692172
        ], 
        [
          99.26283442111651, 
          333.923340351009
        ], 
        [
          135.9736671916099, 
          309.07556528538186
        ], 
        [
          208.79155526203635, 
          310.58208946385446
        ], 
        [
          199.21234916701567, 
          352.6803495027277
        ], 
        [
          123.21801052976996, 
          351.82458885353464
        ]
      ], 
      "projected_cuboid_centroid": [
        157.81728303384668, 
        321.44502356674036
      ], 
      "quaternion_xyzw": [
        0.0005042797682826726, 
        0.967659555867727, 
        -0.24363240908462638, 
        0.0654062602769023
      ], 
      "visibility": 0.994119808893789
    }
  ]
}