{
  "camera_data": {
    "location_worldframe": [
      -22.364830030561325, 
      10.486304916398822, 
      79.76451680951163
    ], 
    "quaternion_xyzw_worldframe": [
      0.9434443405790072, 
      0.040370130092071334, 
      -0.11257128476007769, 
      -0.3092151442219843
    ]
  }, 
  "objects": [
    {
      "bounding_box": {
        "bottom_right": [
          490, 
          277
        ], 
        "top_left": [
          318, 
          54
        ]
      }, 
      "class": "003_cracker_box", 
      "cuboid": [
        [
          -34.084132119632656, 
          20.685806861011336, 
          58.874790746421546
        ], 
        [
          -50.14089224199958, 
          19.049294714241004, 
          61.80402239540342
        ], 
        [
          -45.848944888595284, 
          5.6174271071717214, 
          77.82643381341926
        ], 
        [
          -29.792184766228363, 
          7.25393925394205, 
          74.89720216443739
        ], 
        [
          -33.81498624151797, 
          26.219589004675203, 
          63.44176055338365
        ], 
        [
          -49.87174636388489, 
          24.583076857904878, 
          66.37099220236551
        ], 
        [
          -45.57979901048059, 
          11.151209250835592, 
          82.39340362038136
        ], 
        [
          -29.52303888811368, 
          12.787721397605923, 
          79.4641719713995
        ]
      ], 
      "cuboid_centroid": [
        -39.83196556505663, 
        15.918508055923464, 
        70.63409718340145
      ], 
      "location": [
        -39.83196556505663, 
        15.918508055923464, 
        70.63409718340145
      ], 
      "pose_transform_permuted": [
        [
          -0.0374854992408776, 
          -0.770721765455018, 
          -0.6360682334471377, 
          0.0
        ], 
        [
          0.9788558270297678, 
          0.09976542208161196, 
          -0.17857247953351466, 
          0.0
        ], 
        [
          -0.20108731247030937, 
          0.6293129752442566, 
          -0.7506857344806083, 
          0.0
        ], 
        [
          -39.83196556505663, 
          15.918508055923464, 
          70.63409718340145, 
          1.0
        ]
      ], 
      "projected_cuboid": [
        [
          170.27163421250876, 
          460.6697244489629
        ], 
        [
          45.315309029706135, 
          437.6668084387008
        ], 
        [
          164.79066273341795, 
          311.78096380176044
        ], 
        [
          267.68834465218043, 
          324.93957370855753
        ], 
        [
          194.96437313486805, 
          493.7000346580548
        ], 
        [
          77.51646383393033, 
          470.822176185361
        ], 
        [
          184.10752781536556, 
          345.46656706374796
        ], 
        [
          281.803531748721, 
          359.1106531302666
        ]
      ], 
      "projected_cuboid_centroid": [
        178.34129469892267, 
        393.47851918632324
      ], 
      "quaternion_xyzw": [
        0.9005882849173036, 
        0.08351561406873814, 
        -0.05997690131907271, 
        0.4223371337978622
      ], 
      "visibility": 0.4184984053098871
    }, 
    {
      "bounding_box": {
        "bottom_right": [
          513, 
          319
        ], 
        "top_left": [
          383, 
          211
        ]
      }, 
      "class": "006_mustard_bottle", 
      "cuboid": [
        [
          -28.421407957779692, 
          29.869997389215758, 
          66.33263911692693
        ], 
        [
          -37.48926050502722, 
          26.733104538515427, 
          66.7068332307333
        ], 
        [
          -32.99385311235511, 
          15.506348827071992, 
          81.52951868762241
        ], 
        [
          -23.92600056510758, 
          18.64324167777232, 
          81.15532457381605
        ], 
        [
          -29.76260536030846, 
          34.185429702384354, 
          70.00792003994309
        ], 
        [
          -38.83045790755599, 
          31.048536851684027, 
          70.38211415374947
        ], 
        [
          -34.335050514883875, 
          19.821781140240592, 
          85.20479961063859
        ], 
        [
          -25.267197967636353, 
          22.95867399094092, 
          84.8306054968322
        ]
      ], 
      "cuboid_centroid": [
        -31.378229236331784, 
        24.845889264728175, 
        75.76871936378275
      ], 
      "location": [
        -31.378229236331784, 
        24.845889264728175, 
        75.76871936378275
      ], 
      "pose_transform_permuted": [
        [
          0.2302524280111321, 
          -0.7408594485429986, 
          -0.630960330337586, 
          0.0
        ], 
        [
          0.9443319078057825, 
          0.32667800836520355, 
          -0.038968812024598225, 
          0.0
        ], 
        [
          -0.23499131389103617, 
          0.586863401894622, 
          -0.7748357438273199, 
          0.0
        ], 
        [
          -31.378229236331784, 
          24.845889264728175, 
          75.76871936378275, 
          1.0
        ]
      ], 
      "projected_cuboid": [
        [
          251.1824385474477, 
          513.4436426740273
        ], 
        [
          179.3735279965333, 
          487.017088194139
        ], 
        [
          263.9715109109384, 
          374.72022268949814
        ], 
        [
          323.0548876503001, 
          395.8022932046779
        ], 
        [
          252.97638974758584, 
          533.7107743964003
        ], 
        [
          184.90772821072832, 
          508.556434757219
        ], 
        [
          264.89384578941167, 
          397.3563568617188
        ], 
        [
          321.4215072436436, 
          417.62489760175004
        ]
      ], 
      "projected_cuboid_centroid": [
        258.8919373765241, 
        448.1713640342709
      ], 
      "quaternion_xyzw": [
        0.8891225506135234, 
        0.15792798244422815, 
        0.05378437872668451, 
        0.42617724388062117
      ], 
      "visibility": 0.939901349948079
    }, 
    {
      "bounding_box": {
        "bottom_right": [
          379, 
          253
        ], 
        "top_left": [
          303, 
          134
        ]
      }, 
      "class": "008_pudding_box", 
      "cuboid": [
        [
          -33.06804062343739, 
          11.095238358799229, 
          66.13578987423972
        ], 
        [
          -44.21115186512381, 
          9.542352978078807, 
          67.74575553611726
        ], 
        [
          -42.448068954655014, 
          3.9120734496563947, 
          74.51793404708776
        ], 
        [
          -31.30495771296859, 
          5.464958830376818, 
          72.90796838521022
        ], 
        [
          -33.122754350139544, 
          14.046183067826936, 
          68.6033996654272
        ], 
        [
          -44.265865591825964, 
          12.493297687106514, 
          70.21336532730473
        ], 
        [
          -42.50278268135717, 
          6.863018158684102, 
          76.98554383827523
        ], 
        [
          -31.359671439670745, 
          8.415903539404525, 
          75.37557817639771
        ]
      ], 
      "cuboid_centroid": [
        -37.78541165239728, 
        8.979128258741666, 
        71.56066685625748
      ], 
      "location": [
        -37.78541165239728, 
        8.979128258741666, 
        71.56066685625748
      ], 
      "pose_transform_permuted": [
        [
          0.014222070241342531, 
          -0.7670569244637904, 
          -0.6414207529590239, 
          0.0
        ], 
        [
          0.9804415976123304, 
          0.13663270432827015, 
          -0.1416549894725191, 
          0.0
        ], 
        [
          -0.1962972401161533, 
          0.6268612360481247, 
          -0.7539974117972474, 
          0.0
        ], 
        [
          -37.78541165239728, 
          8.979128258741666, 
          71.56066685625748, 
          1.0
        ]
      ], 
      "projected_cuboid": [
        [
          212.71387557826316, 
          362.7586363407554
        ], 
        [
          130.65011350111976, 
          348.4074613878878
        ], 
        [
          175.26753377075917, 
          301.28497095177596
        ], 
        [
          250.69391529498736, 
          313.2625465030946
        ], 
        [
          221.95650394120378, 
          382.4809005846375
        ], 
        [
          142.56489733814712, 
          368.1818657279546
        ], 
        [
          184.70409355861105, 
          320.8302949155216
        ], 
        [
          257.86275993592113, 
          332.8332277214448
        ]
      ], 
      "projected_cuboid_centroid": [
        197.64730062651017, 
        340.20521203196387
      ], 
      "quaternion_xyzw": [
        0.9012107947949078, 
        0.09235629066121805, 
        -0.03535047515164777, 
        0.42194743589572453
      ], 
      "visibility": 0.4451538965291421
    }, 
    {
      "bounding_box": {
        "bottom_right": [
          537, 
          255
        ], 
        "top_left": [
          354, 
          63
        ]
      }, 
      "class": "019_pitcher_base", 
      "cuboid": [
        [
          -56.97813871890364, 
          33.9226641717746, 
          73.2737129466286
        ], 
        [
          -38.64997386273076, 
          38.019053872811654, 
          71.52284506864449
        ], 
        [
          -33.587130514295346, 
          23.312617824992483, 
          90.11324516401451
        ], 
        [
          -51.915295370468215, 
          19.216228123955425, 
          91.86411304199864
        ], 
        [
          -55.51065101856656, 
          23.744556812092355, 
          64.82239697120232
        ], 
        [
          -37.182486162393694, 
          27.84094651312941, 
          63.07152909321822
        ], 
        [
          -32.11964281395827, 
          13.134510465310239, 
          81.66192918858825
        ], 
        [
          -50.44780767013115, 
          9.038120764273183, 
          83.41279706657235
        ]
      ], 
      "cuboid_centroid": [
        -44.54889076643095, 
        23.528587318542417, 
        77.46782106760843
      ], 
      "location": [
        -44.54889076643095, 
        23.528587318542417, 
        77.46782106760843
      ], 
      "pose_transform_permuted": [
        [
          -0.11024955068766401, 
          0.7646617842166756, 
          0.6349312425556993, 
          0.0
        ], 
        [
          -0.9717081929912298, 
          -0.2171791592567426, 
          0.0928261326342952, 
          0.0
        ], 
        [
          -0.2088743689803565, 
          0.6067336747417794, 
          -0.7669718025569097, 
          0.0
        ], 
        [
          -44.54889076643095, 
          23.528587318542417, 
          77.46782106760843, 
          1.0
        ]
      ], 
      "projected_cuboid": [
        [
          63.42810271018875, 
          520.1911970823493
        ], 
        [
          190.99669919571923, 
          556.7806571618022
        ], 
        [
          281.1609376557662, 
          411.2582157123153
        ], 
        [
          177.6897335697701, 
          384.8468680583627
        ], 
        [
          21.082923998248557, 
          468.64242936006576
        ], 
        [
          164.56966483006207, 
          508.70372546593643
        ], 
        [
          270.08127046051794, 
          359.06569745168684
        ], 
        [
          156.35901573519104, 
          331.07391555619284
        ]
      ], 
      "projected_cuboid_centroid": [
        172.34878822099532, 
        435.2667796921154
      ], 
      "quaternion_xyzw": [
        -0.004859849093124295, 
        0.4272128508241311, 
        0.8962941914194118, 
        -0.11883752352628257
      ], 
      "visibility": 0.20272499504424393
    }, 
    {
      "bounding_box": {
        "bottom_right": [
          436, 
          280
        ], 
        "top_left": [
          282, 
          68
        ]
      }, 
      "class": "035_power_drill", 
      "cuboid": [
        [
          -26.97212932348288, 
          14.383061796088736, 
          50.6937809264246
        ], 
        [
          -44.79735174083803, 
          11.814059295490221, 
          54.63728456083743
        ], 
        [
          -40.07785253072069, 
          -0.20730316975584306, 
          68.13877011664626
        ], 
        [
          -22.25263011336554, 
          2.3616993308426704, 
          64.19526648223344
        ], 
        [
          -26.76091373153966, 
          18.6880523779621, 
          54.45299930629394
        ], 
        [
          -44.58613614889481, 
          16.11904987736359, 
          58.39650294070675
        ], 
        [
          -39.866636938777475, 
          4.097687412117523, 
          71.89798849651558
        ], 
        [
          -22.04141452142232, 
          6.666689912716038, 
          67.95448486210276
        ]
      ], 
      "cuboid_centroid": [
        -33.419383131130175, 
        9.24037460410313, 
        61.295884711470094
      ], 
      "location": [
        -33.419383131130175, 
        9.24037460410313, 
        61.295884711470094
      ], 
      "pose_transform_permuted": [
        [
          -0.0369309670905418, 
          -0.7527259897886628, 
          -0.6572979248162526, 
          0.0
        ], 
        [
          0.9668651402115348, 
          0.1393463096722198, 
          -0.21390118480086734, 
          0.0
        ], 
        [
          -0.25260117661902237, 
          0.6434179068777531, 
          -0.7226383532792775, 
          0.0
        ], 
        [
          -33.419383131130175, 
          9.24037460410313, 
          61.295884711470094, 
          1.0
        ]
      ], 
      "projected_cuboid": [
        [
          195.47438561845675, 
          424.60230850855345
        ], 
        [
          40.681967730310674, 
          388.60466240276116
        ], 
        [
          165.29510230201103, 
          271.6639838922585
        ], 
        [
          295.18669287403634, 
          292.9069955590851
        ], 
        [
          217.31306872471393, 
          456.31969375736105
        ], 
        [
          71.01050127662941, 
          420.49749289836006
        ], 
        [
          183.41288751143998, 
          303.68206069765256
        ], 
        [
          307.1703236756464, 
          325.6079747872028
        ]
      ], 
      "projected_cuboid_centroid": [
        188.40052204481654, 
        353.68463901876873
      ], 
      "quaternion_xyzw": [
        0.9038225727300604, 
        0.10841383533588263, 
        -0.06938091597274253, 
        0.40809014611449057
      ], 
      "visibility": 0.820718846402181
    }, 
    {
      "bounding_box": {
        "bottom_right": [
          312, 
          200
        ], 
        "top_left": [
          252, 
          115
        ]
      }, 
      "class": "061_foam_brick", 
      "cuboid": [
        [
          -45.556390660246784, 
          -3.18872861166339, 
          72.22750514827423
        ], 
        [
          -38.01275379747143, 
          -1.754909945796028, 
          70.93085481933026
        ], 
        [
          -39.25958905166736, 
          1.189633120867635, 
          66.93306801573655
        ], 
        [
          -46.80322591444271, 
          -0.2441855449997265, 
          68.2297183446805
        ], 
        [
          -45.8087431243772, 
          1.0004789731090622, 
          75.39174194197872
        ], 
        [
          -38.265106261601844, 
          2.4342976389764237, 
          74.09509161303478
        ], 
        [
          -39.51194151579777, 
          5.378840705640087, 
          70.09730480944106
        ], 
        [
          -47.055578378573124, 
          3.9450220397727254, 
          71.39395513838501
        ]
      ], 
      "cuboid_centroid": [
        -42.53416608802228, 
        1.0950560469883486, 
        71.16240497885764
      ], 
      "location": [
        -42.53416608802228, 
        1.0950560469883486, 
        71.16240497885764
      ], 
      "pose_transform_permuted": [
        [
          0.04801226448168516, 
          -0.7970334001764839, 
          -0.6020237382881624, 
          0.0
        ], 
        [
          -0.9686977793242747, 
          -0.1841203364962093, 
          0.16650619814511877, 
          0.0
        ], 
        [
          0.2435558145303857, 
          -0.5751847187570578, 
          0.7809245190905486, 
          0.0
        ], 
        [
          -42.53416608802228, 
          1.0950560469883486, 
          71.16240497885764, 
          1.0
        ]
      ], 
      "projected_cuboid": [
        [
          142.410665952839, 
          249.7413329999386
        ], 
        [
          193.40244261369497, 
          260.09160549149476
        ], 
        [
          166.17160045148577, 
          282.76547954136123
        ], 
        [
          112.70956045863021, 
          271.3778545479527
        ], 
        [
          154.84651101515922, 
          280.36390501349905
        ], 
        [
          203.8783047657526, 
          290.8080576107466
        ], 
        [
          178.4741390572112, 
          314.2102381276012
        ], 
        [
          127.15814158273082, 
          302.7562249566758
        ]
      ], 
      "projected_cuboid_centroid": [
        160.17251834832308, 
        281.49332687091106
      ], 
      "quaternion_xyzw": [
        -0.12056247364626964, 
        0.8868351363654766, 
        -0.4448284282392073, 
        -0.03340359690445346
      ], 
      "visibility": 0.9216916780354707
    }
  ]
}