{
  "camera_data": {
    "location_worldframe": [
      -16.413762080060923, 
      10.760138432029068, 
      75.19812168092639
    ], 
    "quaternion_xyzw_worldframe": [
      0.8739320726369635, 
      0.007224858091644589, 
      -0.007972198372791143, 
      -0.4859303133485656
    ]
  }, 
  "objects": [
    {
      "bounding_box": {
        "bottom_right": [
          539, 
          312
        ], 
        "top_left": [
          361, 
          133
        ]
      }, 
      "class": "003_cracker_box", 
      "cuboid": [
        [
          -22.897939940320956, 
          29.71811204728578, 
          58.57571941190473
        ], 
        [
          -39.29390833909745, 
          30.14974281524368, 
          58.82876255769383
        ], 
        [
          -39.63334479228192, 
          11.342743837206799, 
          68.9151454316861
        ], 
        [
          -23.23737639350542, 
          10.911113069248895, 
          68.66210228589699
        ], 
        [
          -22.71106259243399, 
          33.107821160773824, 
          64.9024362949117
        ], 
        [
          -39.107030991210486, 
          33.53945192873173, 
          65.15547944070079
        ], 
        [
          -39.44646744439495, 
          14.732452950694846, 
          75.24186231469307
        ], 
        [
          -23.050499045618455, 
          14.300822182736944, 
          74.98881916890396
        ]
      ], 
      "cuboid_centroid": [
        -31.172203692357954, 
        22.22528249899031, 
        66.90879086329889
      ], 
      "location": [
        -31.172203692357954, 
        22.22528249899031, 
        66.90879086329889
      ], 
      "pose_transform_permuted": [
        [
          -0.026027486400400535, 
          -0.4721043446420795, 
          -0.8811583613186391, 
          0.0
        ], 
        [
          0.9995347183758317, 
          -0.02631317209206996, 
          -0.015426073246281147, 
          0.0
        ], 
        [
          0.01590335540140736, 
          0.8811498764367647, 
          -0.47256954889460523, 
          0.0
        ], 
        [
          -31.172203692357954, 
          22.22528249899031, 
          66.90879086329889, 
          1.0
        ]
      ], 
      "projected_cuboid": [
        [
          271.378768652877, 
          543.8636864794304
        ], 
        [
          122.40457369092061, 
          546.6128425280208
        ], 
        [
          172.3270733365578, 
          361.06560856719983
        ], 
        [
          299.6011138789616, 
          358.036495822739
        ], 
        [
          293.4193524233311, 
          545.3418010679616
        ], 
        [
          158.8252271621679, 
          547.8182684815442
        ], 
        [
          199.6676993368669, 
          377.7111950146619
        ], 
        [
          316.2960400015453, 
          374.99381394644513
        ]
      ], 
      "projected_cuboid_centroid": [
        231.0576513953665, 
        450.4408139037075
      ], 
      "quaternion_xyzw": [
        0.9697735503883415, 
        -0.010883089015103552, 
        -0.010686401900237895, 
        0.24352950571769938
      ], 
      "visibility": 0.20225962864086205
    }, 
    {
      "bounding_box": {
        "bottom_right": [
          537, 
          363
        ], 
        "top_left": [
          392, 
          283
        ]
      }, 
      "class": "006_mustard_bottle", 
      "cuboid": [
        [
          -17.474798145035482, 
          34.42094969649074, 
          69.55332115519982
        ], 
        [
          -26.798831163980026, 
          33.09475904972233, 
          67.67990330531649
        ], 
        [
          -26.444907272195117, 
          16.69708647688244, 
          77.52631420762752
        ], 
        [
          -17.120874253250573, 
          18.02327712365085, 
          79.39973205751085
        ], 
        [
          -18.86298038356597, 
          37.311132537767335, 
          74.41637056907533
        ], 
        [
          -28.187013402510512, 
          35.984941890998925, 
          72.542952719192
        ], 
        [
          -27.833089510725607, 
          19.587269318159034, 
          82.38936362150304
        ], 
        [
          -18.509056491781063, 
          20.913459964927448, 
          84.26278147138638
        ]
      ], 
      "cuboid_centroid": [
        -22.653943827880543, 
        27.004109507324888, 
        75.97134238835143
      ], 
      "location": [
        -22.653943827880543, 
        27.004109507324888, 
        75.97134238835143
      ], 
      "pose_transform_permuted": [
        [
          0.23831863254500874, 
          -0.4961772333776749, 
          -0.8348725795112253, 
          0.0
        ], 
        [
          0.9710107043918234, 
          0.13811033395742042, 
          0.1950989215009614, 
          0.0
        ], 
        [
          -0.018500890594151012, 
          0.8571660555009699, 
          -0.5147077523645163, 
          0.0
        ], 
        [
          -22.653943827880543, 
          27.004109507324888, 
          75.97134238835143, 
          1.0
        ]
      ], 
      "projected_cuboid": [
        [
          346.4875228577976, 
          537.2188166935495
        ], 
        [
          268.6616715009503, 
          534.0741904389843
        ], 
        [
          298.16103540004127, 
          388.1492564150093
        ], 
        [
          365.6396232979214, 
          394.3469797975514
        ], 
        [
          345.2852328548467, 
          540.6841213426776
        ], 
        [
          272.6455306023698, 
          537.8397921622251
        ], 
        [
          299.9275745710882, 
          400.07807816387617
        ], 
        [
          363.472501989768, 
          405.65289898209863
        ]
      ], 
      "projected_cuboid_centroid": [
        321.2408680732676, 
        462.8556567253825
      ], 
      "quaternion_xyzw": [
        0.9569547193315914, 
        0.040913958985687546, 
        0.11322833392490644, 
        0.26408903298169345
      ], 
      "visibility": 0.5166288174237613
    }, 
    {
      "bounding_box": {
        "bottom_right": [
          435, 
          285
        ], 
        "top_left": [
          357, 
          172
        ]
      }, 
      "class": "008_pudding_box", 
      "cuboid": [
        [
          -24.413262432650182, 
          18.15886762434046, 
          61.70969812970565
        ], 
        [
          -35.772396375187085, 
          18.227163982746216, 
          61.33850779360734
        ], 
        [
          -35.95957469782143, 
          10.330465905643056, 
          65.61378959208818
        ], 
        [
          -24.60044075528453, 
          10.2621695472373, 
          65.98497992818648
        ], 
        [
          -24.512722561861437, 
          19.991693437117284, 
          65.09067780605817
        ], 
        [
          -35.871856504398345, 
          20.05998979552304, 
          64.71948746995987
        ], 
        [
          -36.05903482703269, 
          12.163291718419883, 
          68.99476926844069
        ], 
        [
          -24.699900884495783, 
          12.094995360014126, 
          69.365959604539
        ]
      ], 
      "cuboid_centroid": [
        -30.236148629841438, 
        15.16107967138017, 
        65.35223369907317
      ], 
      "location": [
        -30.236148629841438, 
        15.16107967138017, 
        65.35223369907317
      ], 
      "pose_transform_permuted": [
        [
          0.025853273558857588, 
          -0.47641751020460754, 
          -0.878838517131022, 
          0.0
        ], 
        [
          0.9994486448676826, 
          -0.006009146753910668, 
          0.03265967989092778, 
          0.0
        ], 
        [
          0.020839966132349196, 
          0.8791986068050072, 
          -0.4759991789254332, 
          0.0
        ], 
        [
          -30.236148629841438, 
          15.16107967138017, 
          65.35223369907317, 
          1.0
        ]
      ], 
      "projected_cuboid": [
        [
          268.84972967163844, 
          430.22264374422406
        ], 
        [
          167.97503468393467, 
          431.76615946781624
        ], 
        [
          186.87601291213812, 
          357.25424972332223
        ], 
        [
          281.1085355699215, 
          356.22989859654297
        ], 
        [
          279.0786652823952, 
          437.08820621012853
        ], 
        [
          183.53238356154623, 
          438.59046442447953
        ], 
        [
          200.54313336918068, 
          367.30702298396943
        ], 
        [
          290.1095150431355, 
          366.2788056676964
        ]
      ], 
      "projected_cuboid_centroid": [
        232.79283012401487, 
        397.01147029204526
      ], 
      "quaternion_xyzw": [
        0.969211763342216, 
        -0.006925502222980085, 
        0.015092922842787763, 
        0.24566785225700843
      ], 
      "visibility": 0.6824548001018589
    }, 
    {
      "bounding_box": {
        "bottom_right": [
          539, 
          286
        ], 
        "top_left": [
          376, 
          134
        ]
      }, 
      "class": "019_pitcher_base", 
      "cuboid": [
        [
          -46.032068056464226, 
          40.94803817038248, 
          74.24017587403635
        ], 
        [
          -27.304425593028053, 
          41.928150567847254, 
          76.26066129937546
        ], 
        [
          -27.50333621365385, 
          20.895724184013016, 
          88.30690945715975
        ], 
        [
          -46.230978677090015, 
          19.915611786548247, 
          86.28642403182064
        ], 
        [
          -44.4510962900032, 
          34.368232087837214, 
          62.77811622133399
        ], 
        [
          -25.723453826567034, 
          35.348344485301986, 
          64.79860164667309
        ], 
        [
          -25.922364447192827, 
          14.315918101467753, 
          76.84484980445738
        ], 
        [
          -44.650006910628996, 
          13.335805704002981, 
          74.82436437911828
        ]
      ], 
      "cuboid_centroid": [
        -35.97721625182852, 
        27.631978135925117, 
        75.54251283924687
      ], 
      "location": [
        -35.97721625182852, 
        27.631978135925117, 
        75.54251283924687
      ], 
      "pose_transform_permuted": [
        [
          -0.11877539202691394, 
          0.49432827549147357, 
          0.8611226699722082, 
          0.0
        ], 
        [
          -0.9928873817938413, 
          -0.05196282629180049, 
          -0.10712050317247848, 
          0.0
        ], 
        [
          0.008206323503875346, 
          0.8677208609282363, 
          -0.49698406791818805, 
          0.0
        ], 
        [
          -35.97721625182852, 
          27.631978135925117, 
          75.54251283924687, 
          1.0
        ]
      ], 
      "projected_cuboid": [
        [
          148.16049549451955, 
          567.4451979199276
        ], 
        [
          289.0556281908725, 
          566.5059174488991
        ], 
        [
          314.1095567795759, 
          399.48389875854826
        ], 
        [
          193.47113132143915, 
          396.38105598676265
        ], 
        [
          100.82425244040964, 
          565.2553372170144
        ], 
        [
          268.11795796784736, 
          564.2181918693583
        ], 
        [
          300.19109469793204, 
          372.6420509925905
        ], 
        [
          160.6966870941977, 
          368.3390840114168
        ]
      ], 
      "projected_cuboid_centroid": [
        225.4862828053588, 
        468.3644419029683
      ], 
      "quaternion_xyzw": [
        -0.05854716345243835, 
        0.25692598686131973, 
        0.9645894091133136, 
        -0.01134070682679062
      ], 
      "visibility": 0.001489548979086746
    }, 
    {
      "bounding_box": {
        "bottom_right": [
          539, 
          330
        ], 
        "top_left": [
          354, 
          141
        ]
      }, 
      "class": "035_power_drill", 
      "cuboid": [
        [
          -15.350908519673073, 
          25.545150171335184, 
          49.472834496304905
        ], 
        [
          -33.77059177490212, 
          25.088936666789373, 
          50.10266543091658
        ], 
        [
          -33.07132426699176, 
          8.393049331264022, 
          58.45941788391317
        ], 
        [
          -14.651641011762711, 
          8.84926283580983, 
          57.82958694930148
        ], 
        [
          -15.239611286556364, 
          28.108255316698983, 
          54.58432974755535
        ], 
        [
          -33.659294541785414, 
          27.65204181215318, 
          55.214160682167034
        ], 
        [
          -32.96002703387505, 
          10.956154476627825, 
          63.57091313516361
        ], 
        [
          -14.540343778646003, 
          11.412367981173633, 
          62.94108220055193
        ]
      ], 
      "cuboid_centroid": [
        -24.15546777677406, 
        18.2506523239815, 
        56.52187381573426
      ], 
      "location": [
        -24.15546777677406, 
        18.2506523239815, 
        56.52187381573426
      ], 
      "pose_transform_permuted": [
        [
          -0.019460279497767977, 
          -0.4481579740499266, 
          -0.8937430289622689, 
          0.0
        ], 
        [
          0.9991095323376944, 
          0.024745662281869394, 
          -0.034162915931415294, 
          0.0
        ], 
        [
          -0.03742680894848956, 
          0.893611927428945, 
          -0.4472774352447354, 
          0.0
        ], 
        [
          -24.15546777677406, 
          18.2506523239815, 
          56.52187381573426, 
          1.0
        ]
      ], 
      "projected_cuboid": [
        [
          314.7344600184872, 
          548.6645101580311
        ], 
        [
          119.12914526014681, 
          540.3466061486426
        ], 
        [
          177.37631465779342, 
          349.8555106621629
        ], 
        [
          345.34976467211226, 
          354.8967554485516
        ], 
        [
          331.4566417409854, 
          547.919991914089
        ], 
        [
          153.76889519233632, 
          540.3806173061199
        ], 
        [
          202.779042247023, 
          365.2017150721
        ], 
        [
          357.36543187143104, 
          369.9871208427492
        ]
      ], 
      "projected_cuboid_centroid": [
        251.77557651293466, 
        445.49297122459086
      ], 
      "quaternion_xyzw": [
        0.9729419932258178, 
        0.015975379740837452, 
        -0.013778620874250169, 
        0.23008447973496848
      ], 
      "visibility": 0.7815474366353357
    }, 
    {
      "bounding_box": {
        "bottom_right": [
          380, 
          213
        ], 
        "top_left": [
          321, 
          116
        ]
      }, 
      "class": "061_foam_brick", 
      "cuboid": [
        [
          -39.517190046508595, 
          5.220190197354798, 
          60.46043721035335
        ], 
        [
          -31.74171335703689, 
          5.5979885622005945, 
          60.66738117998101
        ], 
        [
          -31.881570921023645, 
          9.950562144420715, 
          57.97614086691231
        ], 
        [
          -39.657047610495354, 
          9.572763779574919, 
          57.76919689728464
        ], 
        [
          -39.76999425778124, 
          7.975248068740306, 
          64.92936130874443
        ], 
        [
          -31.994517568309533, 
          8.353046433586101, 
          65.1363052783721
        ], 
        [
          -32.13437513229629, 
          12.705620015806222, 
          62.4450649653034
        ], 
        [
          -39.909851821768, 
          12.327821650960423, 
          62.238120995675736
        ]
      ], 
      "cuboid_centroid": [
        -35.82578258940244, 
        8.96290510658051, 
        61.452751087828375
      ], 
      "location": [
        -35.82578258940244, 
        8.96290510658051, 
        61.452751087828375
      ], 
      "pose_transform_permuted": [
        [
          0.04809821332845621, 
          -0.5241738678444248, 
          -0.8502519145192358, 
          0.0
        ], 
        [
          -0.9984689267648283, 
          -0.04851405810165432, 
          -0.026574206509340337, 
          0.0
        ], 
        [
          0.02731966617113163, 
          -0.8502282884234826, 
          0.5257047587807941, 
          0.0
        ], 
        [
          -35.82578258940244, 
          8.96290510658051, 
          61.452751087828375, 
          1.0
        ]
      ], 
      "projected_cuboid": [
        [
          130.11229866964408, 
          319.3336687760935
        ], 
        [
          200.2341525581153, 
          322.497775857891
        ], 
        [
          185.87608082866936, 
          364.8212551224602
        ], 
        [
          112.43609051686363, 
          361.66135817836795
        ], 
        [
          152.2103098549418, 
          338.7939739083344
        ], 
        [
          217.45097971765625, 
          341.67916822244695
        ], 
        [
          204.862459387259, 
          381.8004129293722
        ], 
        [
          136.7588586342076, 
          378.923864416069
        ]
      ], 
      "projected_cuboid_centroid": [
        168.09089653182224, 
        351.07138456401265
      ], 
      "quaternion_xyzw": [
        -0.019714837882447368, 
        0.9616326130216709, 
        -0.2729417171403585, 
        0.019412928291595327
      ], 
      "visibility": 0.9841203510238195
    }
  ]
}