{
  "camera_data": {
    "location_worldframe": [
      -10.496982173232292, 
      -1.8382523714873464, 
      74.83048366949278
    ], 
    "quaternion_xyzw_worldframe": [
      -0.8294351431254313, 
      -0.09337110273749125, 
      -0.17620004933647046, 
      0.5218005487746173
    ]
  }, 
  "objects": [
    {
      "bounding_box": {
        "bottom_right": [
          477, 
          388
        ], 
        "top_left": [
          272, 
          222
        ]
      }, 
      "class": "003_cracker_box", 
      "cuboid": [
        [
          -9.746338061572398, 
          19.013383735630914, 
          59.26134254681791
        ], 
        [
          -24.893083939574574, 
          20.235489558158726, 
          53.08391085128908
        ], 
        [
          -29.311351019925922, 
          0.5400220991131008, 
          60.020842790032184
        ], 
        [
          -14.16460514192375, 
          -0.6820837234147128, 
          66.19827448556099
        ], 
        [
          -12.067591666093236, 
          21.72788654193536, 
          65.48995826405452
        ], 
        [
          -27.214337544095415, 
          22.949992364463174, 
          59.312526568525705
        ], 
        [
          -31.63260462444676, 
          3.2545249054175454, 
          66.24945850726878
        ], 
        [
          -16.48585874644459, 
          2.032419082889732, 
          72.42689020279761
        ]
      ], 
      "cuboid_centroid": [
        -20.68947134300958, 
        11.133954320524229, 
        62.75540052704335
      ], 
      "location": [
        -20.68947134300958, 
        11.133954320524229, 
        62.75540052704335
      ], 
      "pose_transform_permuted": [
        [
          0.3232943816181051, 
          -0.37806446674143596, 
          -0.8674952459821788, 
          0.0
        ], 
        [
          0.9233793337030922, 
          -0.07450229040676581, 
          0.37658998236036456, 
          0.0
        ], 
        [
          0.20700567360389116, 
          0.9227766076963914, 
          -0.3250107434903342, 
          0.0
        ], 
        [
          -20.68947134300958, 
          11.133954320524229, 
          62.75540052704335, 
          1.0
        ]
      ], 
      "projected_cuboid": [
        [
          393.1544235323145, 
          444.3965643961878
        ], 
        [
          229.41887384558925, 
          476.5869859581163
        ], 
        [
          218.97846596465007, 
          278.0849437920587
        ], 
        [
          366.5303995994914, 
          267.7914006853914
        ], 
        [
          382.50528844372997, 
          450.2282814318225
        ], 
        [
          234.85506792470872, 
          479.64565079811086
        ], 
        [
          224.8270223619601, 
          299.4860255710125
        ], 
        [
          359.1908521318704, 
          288.25237311643554
        ]
      ], 
      "projected_cuboid_centroid": [
        304.3047063301576, 
        367.90717345502605
      ], 
      "quaternion_xyzw": [
        0.9635417981828373, 
        -0.07303989420634331, 
        0.18159159397609825, 
        0.18241948910719638
      ], 
      "visibility": 0.5356188304051887
    }, 
    {
      "bounding_box": {
        "bottom_right": [
          447, 
          398
        ], 
        "top_left": [
          308, 
          322
        ]
      }, 
      "class": "006_mustard_bottle", 
      "cuboid": [
        [
          -9.10058026353479, 
          22.29753788671773, 
          71.94325690580708
        ], 
        [
          -16.922065068250642, 
          21.63634772570689, 
          66.4121384989397
        ], 
        [
          -20.595479608011633, 
          4.324468000531084, 
          73.67613062341992
        ], 
        [
          -12.773994803295777, 
          4.985658161541924, 
          79.2072490302873
        ], 
        [
          -12.289205572805953, 
          24.743407699289797, 
          76.15987235924841
        ], 
        [
          -20.11069037752181, 
          24.08221753827896, 
          70.62875395238103
        ], 
        [
          -23.784104917282793, 
          6.770337813103152, 
          77.89274607686126
        ], 
        [
          -15.962620112566942, 
          7.431527974113992, 
          83.42386448372862
        ]
      ], 
      "cuboid_centroid": [
        -16.442342590408792, 
        14.533937849910442, 
        74.91800149133417
      ], 
      "location": [
        -16.442342590408792, 
        14.533937849910442, 
        74.91800149133417
      ], 
      "pose_transform_permuted": [
        [
          0.5474128700914207, 
          -0.41989901104939764, 
          -0.7238948899793289, 
          0.0
        ], 
        [
          0.8145343816550311, 
          0.06885676216242684, 
          0.5760141742757177, 
          0.0
        ], 
        [
          0.19202275428295823, 
          0.904954992327072, 
          -0.379715319285246, 
          0.0
        ], 
        [
          -16.442342590408792, 
          14.533937849910442, 
          74.91800149133417, 
          1.0
        ]
      ], 
      "projected_cuboid": [
        [
          413.57172778160725, 
          438.5794941657312
        ], 
        [
          344.5727553757414, 
          447.0362200610777
        ], 
        [
          331.2701210216549, 
          304.59007485239937
        ], 
        [
          394.8702246162304, 
          306.8560554826759
        ], 
        [
          394.8231242449604, 
          446.55552428136406
        ], 
        [
          328.47521640862925, 
          455.1319975234664
        ], 
        [
          317.39389916793357, 
          319.641993685219
        ], 
        [
          378.6993817361504, 
          320.7954783308986
        ]
      ], 
      "projected_cuboid_centroid": [
        363.5733626804285, 
        376.74943770715953
      ], 
      "quaternion_xyzw": [
        0.927817905620687, 
        -0.0331870056005592, 
        0.3027067697124237, 
        0.21545562051847925
      ], 
      "visibility": 0.09716599190283401
    }, 
    {
      "bounding_box": {
        "bottom_right": [
          355, 
          366
        ], 
        "top_left": [
          266, 
          255
        ]
      }, 
      "class": "008_pudding_box", 
      "cuboid": [
        [
          -12.444491518231878, 
          7.2854034066756395, 
          60.214178813655636
        ], 
        [
          -22.722506475644664, 
          7.95845274319478, 
          55.40982831556658
        ], 
        [
          -24.63457696169455, 
          -0.31316979079472756, 
          58.34157827308076
        ], 
        [
          -14.356562004281765, 
          -0.9862191273138685, 
          63.14592877116982
        ], 
        [
          -13.867792008195012, 
          8.76720801056655, 
          63.46666050927684
        ], 
        [
          -24.145806965607797, 
          9.44025734708569, 
          58.66231001118778
        ], 
        [
          -26.057877451657685, 
          1.1686348130961837, 
          61.59405996870196
        ], 
        [
          -15.779862494244897, 
          0.4955854765770429, 
          66.39841046679102
        ]
      ], 
      "cuboid_centroid": [
        -19.25118448494478, 
        4.227019109885911, 
        60.9041193911788
      ], 
      "location": [
        -19.25118448494478, 
        4.227019109885911, 
        60.9041193911788
      ], 
      "pose_transform_permuted": [
        [
          0.3699671136090669, 
          -0.38517444215054447, 
          -0.8454372590193273, 
          0.0
        ], 
        [
          0.9043249400069837, 
          -0.0592191491636655, 
          0.42271722642545856, 
          0.0
        ], 
        [
          0.21288514402271871, 
          0.9209417577945818, 
          -0.3264137051941935, 
          0.0
        ], 
        [
          -19.25118448494478, 
          4.227019109885911, 
          60.9041193911788, 
          1.0
        ]
      ], 
      "projected_cuboid": [
        [
          370.4571367749743, 
          337.8136707038819
        ], 
        [
          261.0703728639239, 
          349.8866435712859
        ], 
        [
          254.52763634664572, 
          270.42374977391256
        ], 
        [
          359.33356588512044, 
          264.9571019571356
        ], 
        [
          364.0928631346277, 
          346.9586625937998
        ], 
        [
          260.2497310046636, 
          359.1112201737303
        ], 
        [
          254.09154532734905, 
          283.40530319542574
        ], 
        [
          353.79518053484543, 
          277.26713688336133
        ]
      ], 
      "projected_cuboid_centroid": [
        311.61522846428113, 
        310.30130959748027
      ], 
      "quaternion_xyzw": [
        0.9579540642458924, 
        -0.07101183223242195, 
        0.20686908945329538, 
        0.18570518511889836
      ], 
      "visibility": 0.8323360319136455
    }, 
    {
      "bounding_box": {
        "bottom_right": [
          496, 
          342
        ], 
        "top_left": [
          296, 
          177
        ]
      }, 
      "class": "019_pitcher_base", 
      "cuboid": [
        [
          -37.135897592974715, 
          29.731945209234635, 
          65.71136450167747
        ], 
        [
          -20.743787781705404, 
          29.56456976598264, 
          75.04079617248433
        ], 
        [
          -25.823162831760328, 
          7.451463934303226, 
          83.56869856892104
        ], 
        [
          -42.21527264302964, 
          7.61883937755522, 
          74.23926689811418
        ], 
        [
          -31.171111279098195, 
          24.282403566789164, 
          55.13327623349793
        ], 
        [
          -14.77900146782888, 
          24.11502812353717, 
          64.46270790430478
        ], 
        [
          -19.85837651788381, 
          2.001922291857752, 
          72.9906103007415
        ], 
        [
          -36.25048632915312, 
          2.1692977351097458, 
          63.66117862993463
        ]
      ], 
      "cuboid_centroid": [
        -28.49713705542926, 
        15.866933750546194, 
        69.35098740120948
      ], 
      "location": [
        -28.49713705542926, 
        15.866933750546194, 
        69.35098740120948
      ], 
      "pose_transform_permuted": [
        [
          -0.4481230138431576, 
          0.409413664860922, 
          0.7947115866343334, 
          0.0
        ], 
        [
          -0.8690639531571916, 
          0.00887377927849249, 
          -0.49462045227193885, 
          0.0
        ], 
        [
          0.20955640642577983, 
          0.9123057359092999, 
          -0.35183001116008317, 
          0.0
        ], 
        [
          -28.49713705542926, 
          15.866933750546194, 
          69.35098740120948, 
          1.0
        ]
      ], 
      "projected_cuboid": [
        [
          177.68693655442175, 
          514.5937874367643
        ], 
        [
          332.94109486764467, 
          483.40376525586566
        ], 
        [
          315.4251885394157, 
          320.8403674356532
        ], 
        [
          175.80398170842398, 
          328.01870885082286
        ], 
        [
          177.5574185123215, 
          508.1770112735916
        ], 
        [
          358.30694575734424, 
          472.7974981182252
        ], 
        [
          335.28893029244165, 
          287.9139586569924
        ], 
        [
          175.37893747989042, 
          291.45976362320545
        ]
      ], 
      "projected_cuboid_centroid": [
        260.6235041407045, 
        395.30565856136656
      ], 
      "quaternion_xyzw": [
        -0.2492641636519162, 
        0.20127508177873712, 
        0.9455264771148433, 
        0.05775358781352821
      ], 
      "visibility": 0.25312166364944527
    }, 
    {
      "bounding_box": {
        "bottom_right": [
          446, 
          478
        ], 
        "top_left": [
          258, 
          291
        ]
      }, 
      "class": "035_power_drill", 
      "cuboid": [
        [
          0.770913450669225, 
          15.417037701121162, 
          53.457463365481274
        ], 
        [
          -16.38768873985239, 
          15.819742827270765, 
          46.72621174043494
        ], 
        [
          -19.154434106085393, 
          -1.65407291920769, 
          52.7335259377605
        ], 
        [
          -1.9958319155637783, 
          -2.056778045357292, 
          59.46477756280684
        ], 
        [
          -1.1418620423368497, 
          17.437725430216584, 
          58.45420127922903
        ], 
        [
          -18.300464232858467, 
          17.840430556366186, 
          51.72294965418269
        ], 
        [
          -21.06720959909147, 
          0.3666148098877317, 
          57.730263851508255
        ], 
        [
          -3.908607408569854, 
          -0.03609031626187059, 
          64.46151547655458
        ]
      ], 
      "cuboid_centroid": [
        -10.148148074211122, 
        7.891826255504447, 
        55.593863608494765
      ], 
      "location": [
        -10.148148074211122, 
        7.891826255504447, 
        55.593863608494765
      ], 
      "pose_transform_permuted": [
        [
          0.33444807806988325, 
          -0.3533164921060676, 
          -0.8736777515094117, 
          0.0
        ], 
        [
          0.9307067213153016, 
          -0.021843292562759013, 
          0.3651125575809343, 
          0.0
        ], 
        [
          0.14808417245148947, 
          0.9352488942306058, 
          -0.3215287400221572, 
          0.0
        ], 
        [
          -10.148148074211122, 
          7.891826255504447, 
          55.593863608494765, 
          1.0
        ]
      ], 
      "projected_cuboid": [
        [
          489.35219792739406, 
          427.0949606572676
        ], 
        [
          292.9939486817176, 
          453.84854667544937
        ], 
        [
          286.2646830921762, 
          256.55810072791854
        ], 
        [
          463.54795442639016, 
          254.8399876909386
        ], 
        [
          471.09222418392386, 
          432.3834079133589
        ], 
        [
          291.3269619292661, 
          457.24068312453915
        ], 
        [
          285.35359951383697, 
          276.67337262498745
        ], 
        [
          448.98988622430886, 
          272.9879462979634
        ]
      ], 
      "projected_cuboid_centroid": [
        383.43319763369067, 
        348.9939131457981
      ], 
      "quaternion_xyzw": [
        0.9669065837834748, 
        -0.04393585374848926, 
        0.1808759624206557, 
        0.1744856337329861
      ], 
      "visibility": 0.9209446195943133
    }, 
    {
      "bounding_box": {
        "bottom_right": [
          293, 
          297
        ], 
        "top_left": [
          227, 
          212
        ]
      }, 
      "class": "061_foam_brick", 
      "cuboid": [
        [
          -25.882233580386433, 
          -4.688193254267402, 
          51.66093831384975
        ], 
        [
          -18.8257654601381, 
          -4.722285800058857, 
          54.954673355683525
        ], 
        [
          -17.862037330036177, 
          -0.11684129386075967, 
          52.93766062862627
        ], 
        [
          -24.91850545028451, 
          -0.08274874806930443, 
          49.64392558679249
        ], 
        [
          -27.873087064377067, 
          -2.393194186902623, 
          55.94987968989794
        ], 
        [
          -20.816618944128738, 
          -2.4272867326940784, 
          59.24361473173172
        ], 
        [
          -19.852890814026814, 
          2.178157773504019, 
          57.22660200467446
        ], 
        [
          -26.909358934275147, 
          2.2122503192954746, 
          53.932866962840684
        ]
      ], 
      "cuboid_centroid": [
        -22.867562197206624, 
        -1.2550177403816913, 
        54.44377015926211
      ], 
      "location": [
        -22.867562197206624, 
        -1.2550177403816913, 
        54.44377015926211
      ], 
      "pose_transform_permuted": [
        [
          0.37877729606097954, 
          -0.4366436546884479, 
          -0.8160086266756303, 
          0.0
        ], 
        [
          -0.9061391901945607, 
          0.004377911344415342, 
          -0.4229569740361374, 
          0.0
        ], 
        [
          -0.18825389234297019, 
          -0.8996238951431734, 
          0.3940016742415514, 
          0.0
        ], 
        [
          -22.867562197206624, 
          -1.2550177403816913, 
          54.44377015926211, 
          1.0
        ]
      ], 
      "projected_cuboid": [
        [
          212.17621893889748, 
          224.88816672069962
        ], 
        [
          297.37580720849485, 
          227.4580880841539
        ], 
        [
          300.14664520488935, 
          272.1094223061479
        ], 
        [
          211.6692692552795, 
          272.3975766975195
        ], 
        [
          213.69402136913618, 
          250.47438300843783
        ], 
        [
          292.6412011710847, 
          251.43575196206206
        ], 
        [
          295.037497929431, 
          293.5857372201262
        ], 
        [
          213.28414986043143, 
          295.1625569026952
        ]
      ], 
      "projected_cuboid_centroid": [
        255.7245387973346, 
        260.9926513491392
      ], 
      "quaternion_xyzw": [
        0.05061013074942615, 
        0.9515476488349605, 
        -0.2182353479478959, 
        0.2106395489176844
      ], 
      "visibility": 0.9722376457523598
    }
  ]
}