{
  "camera_data": {
    "location_worldframe": [
      -12.623203070078004, 
      -2.1008367621999287, 
      70.37021508888613
    ], 
    "quaternion_xyzw_worldframe": [
      -0.8330970336393521, 
      -0.07301963073714816, 
      -0.13910049372353522, 
      0.5303507869510354
    ]
  }, 
  "objects": [
    {
      "bounding_box": {
        "bottom_right": [
          484, 
          347
        ], 
        "top_left": [
          270, 
          177
        ]
      }, 
      "class": "003_cracker_box", 
      "cuboid": [
        [
          -13.350898290524787, 
          18.915011743590775, 
          55.022316303119844
        ], 
        [
          -28.978973315289085, 
          20.08336473822051, 
          50.17707761060589
        ], 
        [
          -32.652420671898405, 
          0.2840011235197615, 
          57.251293617873365
        ], 
        [
          -17.024345647134105, 
          -0.8843518711099743, 
          62.09653231038732
        ], 
        [
          -15.148750377641521, 
          21.54727113829493, 
          61.45592616747938
        ], 
        [
          -30.776825402405816, 
          22.715624132924667, 
          56.610687474965424
        ], 
        [
          -34.450272759015135, 
          2.9162605182239174, 
          63.684903482232905
        ], 
        [
          -18.82219773425084, 
          1.7479075235941819, 
          68.53014217474686
        ]
      ], 
      "cuboid_centroid": [
        -23.900585524769962, 
        10.915636130907346, 
        59.353609892676374
      ], 
      "location": [
        -23.900585524769962, 
        10.915636130907346, 
        59.353609892676374
      ], 
      "pose_transform_permuted": [
        [
          0.25039723260449415, 
          -0.3666099523171207, 
          -0.8960459635342648, 
          0.0
        ], 
        [
          0.9527222295573474, 
          -0.07122539840574088, 
          0.2953765324619073, 
          0.0
        ], 
        [
          0.17210920722404016, 
          0.9276443744689997, 
          -0.33144280849752994, 
          0.0
        ], 
        [
          -23.900585524769962, 
          10.915636130907346, 
          59.353609892676374, 
          1.0
        ]
      ], 
      "projected_cuboid": [
        [
          351.1112373779767, 
          456.625714820073
        ], 
        [
          171.0200115106601, 
          486.7475887421494
        ], 
        [
          174.891389229794, 
          275.93212642571825
        ], 
        [
          334.16402935941994, 
          265.6912318712727
        ], 
        [
          349.0394237121508, 
          460.2755295822501
        ], 
        [
          189.2376220987822, 
          487.2865392956957
        ], 
        [
          190.69426354745843, 
          297.70832020854584
        ], 
        [
          333.89708838399355, 
          286.8892138598529
        ]
      ], 
      "projected_cuboid_centroid": [
        265.049584904089, 
        371.36856739649386
      ], 
      "quaternion_xyzw": [
        0.9716497012247537, 
        -0.0626086246213683, 
        0.1404245183162357, 
        0.17960504694612753
      ], 
      "visibility": 0.4664765506338923
    }, 
    {
      "bounding_box": {
        "bottom_right": [
          454, 
          377
        ], 
        "top_left": [
          307, 
          300
        ]
      }, 
      "class": "006_mustard_bottle", 
      "cuboid": [
        [
          -11.643937965512709, 
          22.07344290537263, 
          67.6375692573569
        ], 
        [
          -19.9056166981571, 
          21.408702584298947, 
          62.78897640640355
        ], 
        [
          -22.825305927532966, 
          3.995145179656767, 
          70.15132446279759
        ], 
        [
          -14.563627194888577, 
          4.659885500730451, 
          74.99991731375094
        ], 
        [
          -14.47641198650448, 
          24.45108762569166, 
          72.13794178521744
        ], 
        [
          -22.73809071914887, 
          23.786347304617976, 
          67.2893489342641
        ], 
        [
          -25.65777994852474, 
          6.372789899975794, 
          74.65169699065814
        ], 
        [
          -17.396101215880346, 
          7.037530221049479, 
          79.50028984161148
        ]
      ], 
      "cuboid_centroid": [
        -18.650858957018723, 
        14.223116402674213, 
        71.14463312400751
      ], 
      "location": [
        -18.650858957018723, 
        14.223116402674213, 
        71.14463312400751
      ], 
      "pose_transform_permuted": [
        [
          0.48626996994040195, 
          -0.40818634808649035, 
          -0.7726093858672364, 
          0.0
        ], 
        [
          0.8603764561262852, 
          0.06922647808002624, 
          0.5049355305743333, 
          0.0
        ], 
        [
          0.15262278771061877, 
          0.9102700548796102, 
          -0.38485674199747466, 
          0.0
        ], 
        [
          -18.650858957018723, 
          14.223116402674213, 
          71.14463312400751, 
          1.0
        ]
      ], 
      "projected_cuboid": [
        [
          389.0199565275298, 
          447.33477032776466
        ], 
        [
          311.112932784506, 
          455.1286540973606
        ], 
        [
          306.6234913725875, 
          303.65929542028726
        ], 
        [
          377.1730249867772, 
          306.4226837518143
        ], 
        [
          373.6803018544328, 
          454.05470987412485
        ], 
        [
          299.87845811049436, 
          461.81154276422507
        ], 
        [
          296.76763601635685, 
          318.81442000021497
        ], 
        [
          363.924576299783, 
          320.49709144636046
        ]
      ], 
      "projected_cuboid_centroid": [
        340.6200142192938, 
        379.90689960515977
      ], 
      "quaternion_xyzw": [
        0.9411769090974782, 
        -0.02215213442459071, 
        0.26328883840372547, 
        0.2106519726574138
      ], 
      "visibility": 0.0505552984729292
    }, 
    {
      "bounding_box": {
        "bottom_right": [
          357, 
          326
        ], 
        "top_left": [
          264, 
          210
        ]
      }, 
      "class": "008_pudding_box", 
      "cuboid": [
        [
          -15.877377723574854, 
          7.1572966863900565, 
          56.07449725313612
        ], 
        [
          -26.533383514634707, 
          7.800196220132297, 
          52.17467785307528
        ], 
        [
          -28.130883580071703, 
          -0.5156784646123735, 
          55.168860958759026
        ], 
        [
          -17.47487778901185, 
          -1.1585779983546138, 
          59.06868035881987
        ], 
        [
          -17.02702967604685, 
          8.59452405950189, 
          59.45278738504426
        ], 
        [
          -27.68303546710671, 
          9.237423593244129, 
          55.55296798498341
        ], 
        [
          -29.2805355325437, 
          0.9215489084994588, 
          58.54715109066716
        ], 
        [
          -18.624529741483844, 
          0.27864937475721857, 
          62.446970490728006
        ]
      ], 
      "cuboid_centroid": [
        -22.578956628059277, 
        4.039422797444757, 
        57.31082417190164
      ], 
      "location": [
        -22.578956628059277, 
        4.039422797444757, 
        57.31082417190164
      ], 
      "pose_transform_permuted": [
        [
          0.2988359924769716, 
          -0.3735872126650488, 
          -0.8781394075599737, 
          0.0
        ], 
        [
          0.9375829708015918, 
          -0.05656637830271446, 
          0.3431308438070079, 
          0.0
        ], 
        [
          0.17786166042938664, 
          0.9258686815432401, 
          -0.3333648557071264, 
          0.0
        ], 
        [
          -22.578956628059277, 
          4.039422797444757, 
          57.31082417190164, 
          1.0
        ]
      ], 
      "projected_cuboid": [
        [
          329.33030158060575, 
          341.3589536499374
        ], 
        [
          208.11768192144532, 
          353.0186526384479
        ], 
        [
          207.3884536550783, 
          268.30145365999175
        ], 
        [
          322.50496760726384, 
          262.8259634197508
        ], 
        [
          327.58370332176804, 
          350.3834781010329
        ], 
        [
          213.61966089780046, 
          361.96764862265155
        ], 
        [
          212.65113169907974, 
          281.6811408032129
        ], 
        [
          321.2113551888257, 
          275.6663038408293
        ]
      ], 
      "projected_cuboid_centroid": [
        269.7321969738974, 
        310.8763530593603
      ], 
      "quaternion_xyzw": [
        0.9671596377931625, 
        -0.06059703837181738, 
        0.16594128083880785, 
        0.18273923992146693
      ], 
      "visibility": 0.8241536129358262
    }, 
    {
      "bounding_box": {
        "bottom_right": [
          502, 
          313
        ], 
        "top_left": [
          294, 
          137
        ]
      }, 
      "class": "019_pitcher_base", 
      "cuboid": [
        [
          -40.160080104251286, 
          29.354465680768932, 
          63.90839920500958
        ], 
        [
          -23.028561843739737, 
          29.21798016566145, 
          71.7989015779827
        ], 
        [
          -27.207968900720303, 
          6.979723562277469, 
          80.4883848537267
        ], 
        [
          -44.33948716123186, 
          7.116209077384948, 
          72.59788248075358
        ], 
        [
          -35.08590716432195, 
          24.06028719959626, 
          52.79999812845807
        ], 
        [
          -17.954388903810397, 
          23.923801684488776, 
          60.69050050143119
        ], 
        [
          -22.133795960790962, 
          1.6855450811047945, 
          69.3799837771752
        ], 
        [
          -39.26531422130252, 
          1.8220305962122736, 
          61.489481404202074
        ]
      ], 
      "cuboid_centroid": [
        -31.146938032521128, 
        15.520005380936864, 
        66.64419149109239
      ], 
      "location": [
        -31.146938032521128, 
        15.520005380936864, 
        66.64419149109239
      ], 
      "pose_transform_permuted": [
        [
          -0.381212930513977, 
          0.3977415270162187, 
          0.8345529759921403, 
          0.0
        ], 
        [
          -0.9082653273118788, 
          0.007236081424152919, 
          -0.41833243332337244, 
          0.0
        ], 
        [
          0.17242702403751853, 
          0.917468998263699, 
          -0.3584962462935548, 
          0.0
        ], 
        [
          -31.146938032521128, 
          15.520005380936864, 
          66.64419149109239, 
          1.0
        ]
      ], 
      "projected_cuboid": [
        [
          143.66580651001377, 
          518.2513876072134
        ], 
        [
          309.11626967918176, 
          490.31661310213553
        ], 
        [
          299.8134900232401, 
          319.53449372869596
        ], 
        [
          153.15524752364624, 
          325.5637329797303
        ], 
        [
          124.24973813585797, 
          516.3134848583641
        ], 
        [
          322.5075207423976, 
          483.51765877998287
        ], 
        [
          310.0380920366998, 
          286.2432172876463
        ], 
        [
          138.19730941713172, 
          289.08964081961597
        ]
      ], 
      "projected_cuboid_centroid": [
        230.26680062932766, 
        397.4852508082161
      ], 
      "quaternion_xyzw": [
        -0.20895632719697677, 
        0.1976381513114197, 
        0.956593866482495, 
        0.0469538619671254
      ], 
      "visibility": 0.18580897986409306
    }, 
    {
      "bounding_box": {
        "bottom_right": [
          459, 
          436
        ], 
        "top_left": [
          256, 
          226
        ]
      }, 
      "class": "035_power_drill", 
      "cuboid": [
        [
          -3.3448552961440323, 
          15.459942081708745, 
          48.30103651857453
        ], 
        [
          -21.019167344178307, 
          15.799114005321785, 
          43.06718468404267
        ], 
        [
          -23.142013833934648, 
          -1.7564276374373522, 
          49.09822281517056
        ], 
        [
          -5.467701785900374, 
          -2.095599561050393, 
          54.33207464970241
        ], 
        [
          -4.836494598023562, 
          17.414286899645752, 
          53.464836213521735
        ], 
        [
          -22.510806646057834, 
          17.753458823258793, 
          48.23098437898988
        ], 
        [
          -24.633653135814175, 
          0.19791718049965712, 
          54.26202251011777
        ], 
        [
          -6.959341087779904, 
          -0.1412547431133837, 
          59.49587434464962
        ]
      ], 
      "cuboid_centroid": [
        -13.989254215979106, 
        7.8289296311042005, 
        51.28152951434615
      ], 
      "location": [
        -13.989254215979106, 
        7.8289296311042005, 
        51.28152951434615
      ], 
      "pose_transform_permuted": [
        [
          0.26081257288752124, 
          -0.34171645895443936, 
          -0.9028884413396526, 
          0.0
        ], 
        [
          0.958679549480799, 
          -0.01839716227948178, 
          0.283891486420616, 
          0.0
        ], 
        [
          0.1136208519633762, 
          0.939623099340438, 
          -0.3227985132175108, 
          0.0
        ], 
        [
          -13.989254215979106, 
          7.8289296311042005, 
          51.28152951434615, 
          1.0
        ]
      ], 
      "projected_cuboid": [
        [
          444.35681604645254, 
          443.9886690567434
        ], 
        [
          219.13849500492017, 
          468.93380300718053
        ], 
        [
          228.12674723387954, 
          254.20769557618775
        ], 
        [
          427.47925196877185, 
          252.71628934655917
        ], 
        [
          432.95027709590437, 
          446.99660404150757
        ], 
        [
          230.60692277720352, 
          469.5974236367358
        ], 
        [
          237.46513904417526, 
          275.2317863028889
        ], 
        [
          418.6938297478874, 
          272.0203338698396
        ]
      ], 
      "projected_cuboid_centroid": [
        334.8986842300743, 
        354.7061353896729
      ], 
      "quaternion_xyzw": [
        0.9748321766028358, 
        -0.0338566005030024, 
        0.1396917521758362, 
        0.17041778783084977
      ], 
      "visibility": 0.9103003032377971
    }, 
    {
      "bounding_box": {
        "bottom_right": [
          293, 
          245
        ], 
        "top_left": [
          223, 
          147
        ]
      }, 
      "class": "061_foam_brick", 
      "cuboid": [
        [
          -29.916115470351656, 
          -4.8312975211701605, 
          48.57213311560226
        ], 
        [
          -22.6034563212039, 
          -4.8446726308705585, 
          51.24952595834863
        ], 
        [
          -21.847444990036546, 
          -0.21141640860640154, 
          49.2078073206495
        ], 
        [
          -29.160104139184302, 
          -0.1980412989060036, 
          46.53041447790313
        ], 
        [
          -31.5480158142212, 
          -2.595985672766636, 
          53.04044584516433
        ], 
        [
          -24.235356665073443, 
          -2.6093607824670335, 
          55.71783868791069
        ], 
        [
          -23.479345333906085, 
          2.023895439797123, 
          53.676120050211566
        ], 
        [
          -30.79200448305384, 
          2.0372705494975216, 
          50.9987272074652
        ]
      ], 
      "cuboid_centroid": [
        -26.697730402128872, 
        -1.4037010406865187, 
        51.12412658290692
      ], 
      "location": [
        -26.697730402128872, 
        -1.4037010406865187, 
        51.12412658290692
      ], 
      "pose_transform_permuted": [
        [
          0.31048332017525515, 
          -0.4252876389950048, 
          -0.8501355962498011, 
          0.0
        ], 
        [
          -0.9390373380365247, 
          0.0017175321798599263, 
          -0.34381088967118123, 
          0.0
        ], 
        [
          -0.14767865677283198, 
          -0.9050566138100234, 
          0.39882770732799677, 
          0.0
        ], 
        [
          -26.697730402128872, 
          -1.4037010406865187, 
          51.12412658290692, 
          1.0
        ]
      ], 
      "projected_cuboid": [
        [
          150.38224649656925, 
          220.23913374176854
        ], 
        [
          244.41779259346507, 
          222.87126603928297
        ], 
        [
          242.83882245476585, 
          270.99518388433466
        ], 
        [
          144.58621419278452, 
          271.01663980476246
        ], 
        [
          161.7395062792192, 
          247.1840048134493
        ], 
        [
          247.68808984630093, 
          248.3102783558013
        ], 
        [
          246.36495711182235, 
          293.39572380419725
        ], 
        [
          156.90598454350598, 
          294.59131046810677
        ]
      ], 
      "projected_cuboid_centroid": [
        200.76921486241687, 
        258.6433293057464
      ], 
      "quaternion_xyzw": [
        0.03886400778114974, 
        0.9610189316678873, 
        -0.21438582507753415, 
        0.17020846007447596
      ], 
      "visibility": 0.9857296301979438
    }
  ]
}