{
  "camera_data": {
    "location_worldframe": [
      -15.924416976285988, 
      9.512762173784802, 
      76.53002067351977
    ], 
    "quaternion_xyzw_worldframe": [
      0.8671068852497053, 
      0.010797559842272259, 
      0.0010887216422879658, 
      -0.498005667171447
    ]
  }, 
  "objects": [
    {
      "bounding_box": {
        "bottom_right": [
          532, 
          319
        ], 
        "top_left": [
          352, 
          147
        ]
      }, 
      "class": "003_cracker_box", 
      "cuboid": [
        [
          -22.045319574368406, 
          28.945936247156517, 
          60.32382710074064
        ], 
        [
          -38.44205463142597, 
          29.418214797941406, 
          60.277479217462435
        ], 
        [
          -39.01861001308471, 
          10.338224823777574, 
          69.82604526813641
        ], 
        [
          -22.621874956027153, 
          9.865946272992684, 
          69.8723931514146
        ], 
        [
          -21.970973955443625, 
          32.157268065692705, 
          66.74521466225305
        ], 
        [
          -38.36770901250118, 
          32.62954661647759, 
          66.69886677897485
        ], 
        [
          -38.94426439415993, 
          13.549556642313759, 
          76.24743282964882
        ], 
        [
          -22.54752933710237, 
          13.077278091528871, 
          76.29378071292702
        ]
      ], 
      "cuboid_centroid": [
        -30.494791984264168, 
        21.24774644473514, 
        68.28562996519473
      ], 
      "location": [
        -30.494791984264168, 
        21.24774644473514, 
        68.28562996519473
      ], 
      "pose_transform_permuted": [
        [
          -0.010354543273294825, 
          -0.44726070965370135, 
          -0.8943436929020459, 
          0.0
        ], 
        [
          0.9995814555706359, 
          -0.028791151383833313, 
          0.0028254700992988435, 
          0.0
        ], 
        [
          0.02701290641323706, 
          0.8939401138790342, 
          -0.44737163039809424, 
          0.0
        ], 
        [
          -30.494791984264168, 
          21.24774644473514, 
          68.28562996519473, 
          1.0
        ]
      ], 
      "projected_cuboid": [
        [
          285.07141417552225, 
          529.1959422049367
        ], 
        [
          138.6372436256833, 
          533.5713119527416
        ], 
        [
          181.09595364464187, 
          352.24815943048276
        ], 
        [
          307.49067574060234, 
          348.5909910935418
        ], 
        [
          304.57764846430973, 
          530.235307829606
        ], 
        [
          172.25488159300875, 
          534.1901640989455
        ], 
        [
          206.92783349577505, 
          368.0601406124561
        ], 
        [
          322.66864983867737, 
          364.7011780165123
        ]
      ], 
      "projected_cuboid_centroid": [
        241.44402564601614, 
        439.2341800110713
      ], 
      "quaternion_xyzw": [
        0.9731219428149429, 
        -0.01433634762043449, 
        -0.0019342573738026824, 
        0.22983561994910398
      ], 
      "visibility": 0.2256083248572099
    }, 
    {
      "bounding_box": {
        "bottom_right": [
          522, 
          367
        ], 
        "top_left": [
          381, 
          291
        ]
      }, 
      "class": "006_mustard_bottle", 
      "cuboid": [
        [
          -16.8211696162466, 
          33.32483281400484, 
          71.52957154922552
        ], 
        [
          -26.11094153531993, 
          32.07864704428946, 
          69.44313282998138
        ], 
        [
          -25.983913527355085, 
          15.411703282743177, 
          78.83235990781036
        ], 
        [
          -16.694141608281754, 
          16.657889052458565, 
          80.9187986270545
        ], 
        [
          -18.29488443302949, 
          36.08226411901771, 
          76.44426315929688
        ], 
        [
          -27.584656352102822, 
          34.836078349302326, 
          74.35782444005274
        ], 
        [
          -27.457628344137973, 
          18.16913458775604, 
          83.74705151788172
        ], 
        [
          -18.16785642506464, 
          19.415320357471426, 
          85.83349023712586
        ]
      ], 
      "cuboid_centroid": [
        -22.139398980192286, 
        25.746983700880442, 
        77.63831153355362
      ], 
      "location": [
        -22.139398980192286, 
        25.746983700880442, 
        77.63831153355362
      ], 
      "pose_transform_permuted": [
        [
          0.25300258867222364, 
          -0.4733868794079306, 
          -0.8437383445652731, 
          0.0
        ], 
        [
          0.9674427317504144, 
          0.12977857538640275, 
          0.21728304976261922, 
          0.0
        ], 
        [
          -0.006640216533273319, 
          0.8712418410527448, 
          -0.4908090890798727, 
          0.0
        ], 
        [
          -22.139398980192286, 
          25.746983700880442, 
          77.63831153355362, 
          1.0
        ]
      ], 
      "projected_cuboid": [
        [
          355.1344109132617, 
          521.7542075155973
        ], 
        [
          279.395292524099, 
          519.6488487406708
        ], 
        [
          304.3448118604336, 
          377.5503603549124
        ], 
        [
          370.652408312182, 
          383.0753459803482
        ], 
        [
          352.89767229159554, 
          525.017371199433
        ], 
        [
          282.10178071688426, 
          523.1427289670318
        ], 
        [
          305.2837031898056, 
          388.99157009057745
        ], 
        [
          367.7718076660737, 
          393.9220909756698
        ]
      ], 
      "projected_cuboid_centroid": [
        328.2478796025256, 
        450.14987186954306
      ], 
      "quaternion_xyzw": [
        0.9594820109528411, 
        0.03554490609579054, 
        0.1225363355087325, 
        0.2512282558404302
      ], 
      "visibility": 0.45169502880879003
    }, 
    {
      "bounding_box": {
        "bottom_right": [
          424, 
          294
        ], 
        "top_left": [
          348, 
          184
        ]
      }, 
      "class": "008_pudding_box", 
      "cuboid": [
        [
          -23.647712118252283, 
          17.308248508482414, 
          63.10419053350754
        ], 
        [
          -34.997512089034515, 
          17.42004038352338, 
          62.51945659180011
        ], 
        [
          -35.28500435036675, 
          9.40772186095893, 
          66.56803792289068
        ], 
        [
          -23.935204379584512, 
          9.295929985917969, 
          67.15277186459812
        ], 
        [
          -23.807218119343155, 
          19.046318903776783, 
          66.53257725116497
        ], 
        [
          -35.15701809012538, 
          19.15811077881774, 
          65.94784330945753
        ], 
        [
          -35.444510351457616, 
          11.145792256253294, 
          69.9964246405481
        ], 
        [
          -24.094710380675384, 
          11.034000381212335, 
          70.58115858225554
        ]
      ], 
      "cuboid_centroid": [
        -29.546111234854948, 
        14.227020382367856, 
        66.55030758702782
      ], 
      "location": [
        -29.546111234854948, 
        14.227020382367856, 
        66.55030758702782
      ], 
      "pose_transform_permuted": [
        [
          0.04146136057919936, 
          -0.4517871608496961, 
          -0.8911613163993441, 
          0.0
        ], 
        [
          0.9986273828358556, 
          -0.009836158159778834, 
          0.05144860062431145, 
          0.0
        ], 
        [
          0.032008669087072464, 
          0.8920714979267389, 
          -0.45075891607817153, 
          0.0
        ], 
        [
          -29.546111234854948, 
          14.227020382367856, 
          66.55030758702782, 
          1.0
        ]
      ], 
      "projected_cuboid": [
        [
          280.07497407656933, 
          419.56569633724973
        ], 
        [
          180.56433879245506, 
          421.88745652146804
        ], 
        [
          196.5502763634034, 
          348.65787921412294
        ], 
        [
          289.9223054649589, 
          347.1137437336306
        ], 
        [
          289.17005367381523, 
          425.9602397735762
        ], 
        [
          194.91325421858338, 
          428.21799808940267
        ], 
        [
          209.2862704477213, 
          358.20900810391265
        ], 
        [
          298.0173642207183, 
          356.6607500547668
        ]
      ], 
      "projected_cuboid_centroid": [
        242.84782713604497, 
        387.29876204470617
      ], 
      "quaternion_xyzw": [
        0.9723502708851808, 
        -0.01075868143913761, 
        0.023887986661157105, 
        0.23205271391199211
      ], 
      "visibility": 0.6941599042171079
    }, 
    {
      "bounding_box": {
        "bottom_right": [
          539, 
          292
        ], 
        "top_left": [
          366, 
          146
        ]
      }, 
      "class": "019_pitcher_base", 
      "cuboid": [
        [
          -45.44691951225271, 
          39.80199127163765, 
          75.85396283853919
        ], 
        [
          -26.75890332576387, 
          40.67066104836007, 
          78.2562612664014
        ], 
        [
          -27.237633439738534, 
          19.311030994016424, 
          89.70404013939151
        ], 
        [
          -45.925649626227376, 
          18.442361217294007, 
          87.30174171152929
        ], 
        [
          -43.663482874693855, 
          33.539920192193016, 
          64.24457220646251
        ], 
        [
          -24.97546668820501, 
          34.40858996891543, 
          66.64687063432473
        ], 
        [
          -25.45419680217968, 
          13.048959914571787, 
          78.09464950731483
        ], 
        [
          -44.14221298866852, 
          12.18029013784937, 
          75.69235107945262
        ]
      ], 
      "cuboid_centroid": [
        -35.45055815721619, 
        26.425475593104718, 
        76.97430617292702
      ], 
      "location": [
        -35.45055815721619, 
        26.425475593104718, 
        76.97430617292702
      ], 
      "pose_transform_permuted": [
        [
          -0.13398619145197546, 
          0.47045745100582936, 
          0.8721913653177712, 
          0.0
        ], 
        [
          -0.9907865070870923, 
          -0.04605444929532845, 
          -0.12736316388912577, 
          0.0
        ], 
        [
          0.019750650689054794, 
          0.8812200856725354, 
          -0.4722934177020124, 
          0.0
        ], 
        [
          -35.45055815721619, 
          26.425475593104718, 
          76.97430617292702, 
          1.0
        ]
      ], 
      "projected_cuboid": [
        [
          159.4027219551133, 
          553.1292858093237
        ], 
        [
          297.71433394112734, 
          550.4587366859869
        ], 
        [
          318.3110100590145, 
          388.09687410821755
        ], 
        [
          198.7028062780196, 
          385.949495263535
        ], 
        [
          116.1086056080861, 
          551.7146703847282
        ], 
        [
          280.073618929548, 
          548.6299214752394
        ], 
        [
          306.3180809863117, 
          362.3997602874597
        ], 
        [
          167.9842208485258, 
          359.1074586766154
        ]
      ], 
      "projected_cuboid_centroid": [
        233.92956111237282, 
        456.37651084527215
      ], 
      "quaternion_xyzw": [
        -0.06753237703311647, 
        0.24360575533382062, 
        0.9674965062052419, 
        -0.00679687172965709
      ], 
      "visibility": 0.06337709532679549
    }, 
    {
      "bounding_box": {
        "bottom_right": [
          529, 
          343
        ], 
        "top_left": [
          346, 
          159
        ]
      }, 
      "class": "035_power_drill", 
      "cuboid": [
        [
          -14.336128997765007, 
          25.00655540638909, 
          51.25281442152436
        ], 
        [
          -32.76550802783568, 
          24.586736276796188, 
          51.51981527416088
        ], 
        [
          -32.2655333141428, 
          7.662234315549347, 
          59.41843535479894
        ], 
        [
          -13.836154284072128, 
          8.08205344514225, 
          59.15143450216244
        ], 
        [
          -14.31615664672371, 
          27.42572275338007, 
          56.4351410434474
        ], 
        [
          -32.74553567679438, 
          27.00590362378717, 
          56.7021418960839
        ], 
        [
          -32.2455609631015, 
          10.081401662540328, 
          64.60076197672197
        ], 
        [
          -13.81618193303083, 
          10.50122079213323, 
          64.33376112408547
        ]
      ], 
      "cuboid_centroid": [
        -23.290844980433253, 
        17.54397853446471, 
        57.926788199123166
      ], 
      "location": [
        -23.290844980433253, 
        17.54397853446471, 
        57.926788199123166
      ], 
      "pose_transform_permuted": [
        [
          -0.003492158094205767, 
          -0.422990503950367, 
          -0.9061278675777369, 
          0.0
        ], 
        [
          0.9996354448049956, 
          0.022771580185284065, 
          -0.014482501860377691, 
          0.0
        ], 
        [
          -0.026760085198836273, 
          0.9058480399651583, 
          -0.4227568725424594, 
          0.0
        ], 
        [
          -23.290844980433253, 
          17.54397853446471, 
          57.926788199123166, 
          1.0
        ]
      ], 
      "projected_cuboid": [
        [
          331.17695233620503, 
          533.4963597523296
        ], 
        [
          139.59057801092138, 
          527.801968071812
        ], 
        [
          189.5792344174362, 
          342.06013639289836
        ], 
        [
          355.80830368049345, 
          346.1557322927348
        ], 
        [
          345.18004637938986, 
          532.463262918465
        ], 
        [
          171.03788662764526, 
          527.294178295866
        ], 
        [
          213.17140522023504, 
          356.51479671906884
        ], 
        [
          366.10801052163873, 
          360.34046733038986
        ]
      ], 
      "projected_cuboid_centroid": [
        265.37623648288746, 
        434.8102062193692
      ], 
      "quaternion_xyzw": [
        0.9761674231846567, 
        0.012685238261313776, 
        -0.004603375283704607, 
        0.2165989553650677
      ], 
      "visibility": 0.8038263164207748
    }, 
    {
      "bounding_box": {
        "bottom_right": [
          371, 
          223
        ], 
        "top_left": [
          314, 
          129
        ]
      }, 
      "class": "061_foam_brick", 
      "cuboid": [
        [
          -38.755977900675326, 
          4.453625055006544, 
          61.20724719686612
        ], 
        [
          -30.98497736436398, 
          4.802788522676256, 
          61.5722550009704
        ], 
        [
          -31.063112840521654, 
          9.229138997257682, 
          59.0015454349032
        ], 
        [
          -38.834113376833, 
          8.87997552958797, 
          58.63653763079893
        ], 
        [
          -39.087328734391704, 
          7.083661760840908, 
          65.74582076044977
        ], 
        [
          -31.316328198080356, 
          7.4328252285106196, 
          66.11082856455405
        ], 
        [
          -31.394463674238033, 
          11.859175703092045, 
          63.54011899848686
        ], 
        [
          -39.16546421054938, 
          11.510012235422334, 
          63.17511119438258
        ]
      ], 
      "cuboid_centroid": [
        -35.07522078745668, 
        8.156400379049295, 
        62.37368309767649
      ], 
      "location": [
        -35.07522078745668, 
        8.156400379049295, 
        62.37368309767649
      ], 
      "pose_transform_permuted": [
        [
          0.06304239556145552, 
          -0.5003874971151577, 
          -0.8635033347316625, 
          0.0
        ], 
        [
          -0.9978941324441001, 
          -0.04483697742952786, 
          -0.04687158935454927, 
          0.0
        ], 
        [
          0.015262922246753408, 
          -0.864639808351323, 
          0.5021603777864969, 
          0.0
        ], 
        [
          -35.07522078745668, 
          8.156400379049295, 
          62.37368309767649, 
          1.0
        ]
      ], 
      "projected_cuboid": [
        [
          141.0888556857066, 
          312.0924893469179
        ], 
        [
          210.97833149467036, 
          314.8867875245532
        ], 
        [
          198.47525857170618, 
          356.7094471063597
        ], 
        [
          125.44389767427282, 
          354.05298564976255
        ], 
        [
          161.88459607131585, 
          330.7480692836602
        ], 
        [
          226.8612740548067, 
          333.2475358803276
        ], 
        [
          215.8938694646432, 
          372.8257069728726
        ], 
        [
          148.2098063622985, 
          370.4532039616931
        ]
      ], 
      "projected_cuboid_centroid": [
        179.19081825342724, 
        343.02697712657186
      ], 
      "quaternion_xyzw": [
        -0.01556754585861004, 
        0.9651473042400167, 
        -0.25968778820013594, 
        0.028470779650199108
      ], 
      "visibility": 0.981679389312977
    }
  ]
}