{
  "camera_data": {
    "location_worldframe": [
      -16.27513363695563, 
      1.590768257647099, 
      70.10748548358623
    ], 
    "quaternion_xyzw_worldframe": [
      -0.8462440957483487, 
      -0.04094249152837834, 
      -0.08063555371578138, 
      0.5250679451769438
    ]
  }, 
  "objects": [
    {
      "bounding_box": {
        "bottom_right": [
          509, 
          301
        ], 
        "top_left": [
          300, 
          123
        ]
      }, 
      "class": "003_cracker_box", 
      "cuboid": [
        [
          -19.192182157206894, 
          22.250623738886055, 
          54.53791708345355
        ], 
        [
          -35.33587100774639, 
          23.251722965786886, 
          51.8071248317395
        ], 
        [
          -37.896644870777166, 
          3.604415998579065, 
          59.74307551865289
        ], 
        [
          -21.75295602023766, 
          2.603316771678235, 
          62.47386777036692
        ], 
        [
          -20.12954583966238, 
          25.02137840100555, 
          61.095101346847336
        ], 
        [
          -36.27323469020188, 
          26.022477627906383, 
          58.36430909513331
        ], 
        [
          -38.83400855323265, 
          6.375170660698558, 
          66.30025978204668
        ], 
        [
          -22.690319702693145, 
          5.374071433797728, 
          69.03105203376072
        ]
      ], 
      "cuboid_centroid": [
        -29.01309535521977, 
        14.312897199792307, 
        60.419088432750115
      ], 
      "location": [
        -29.01309535521977, 
        14.312897199792307, 
        60.419088432750115
      ], 
      "pose_transform_permuted": [
        [
          0.13055204803150852, 
          -0.3858989872372484, 
          -0.9132568830312995, 
          0.0
        ], 
        [
          0.9841551957355061, 
          -0.06102923654703149, 
          0.16647517230294084, 
          0.0
        ], 
        [
          0.11997797073457317, 
          0.920520181167014, 
          -0.37181700149759345, 
          0.0
        ], 
        [
          -29.01309535521977, 
          14.312897199792307, 
          60.419088432750115, 
          1.0
        ]
      ], 
      "projected_cuboid": [
        [
          292.35506024487046, 
          490.8726507690279
        ], 
        [
          114.80659329961495, 
          512.6474220374292
        ], 
        [
          140.47884190338826, 
          305.4627462072307
        ], 
        [
          294.3514663152082, 
          295.51022710273605
        ], 
        [
          304.41518038863677, 
          491.70652264490906
        ], 
        [
          147.37842196262577, 
          511.07393128328994
        ], 
        [
          166.6128965364635, 
          324.5684389963895
        ], 
        [
          304.83549399041806, 
          314.80549868919405
        ]
      ], 
      "projected_cuboid_centroid": [
        223.36413092372314, 
        399.62655016253655
      ], 
      "quaternion_xyzw": [
        0.9769764915203715, 
        -0.046318209509811505, 
        0.07600674706927066, 
        0.19389309653594722
      ], 
      "visibility": 0.341187270501836
    }, 
    {
      "bounding_box": {
        "bottom_right": [
          483, 
          351
        ], 
        "top_left": [
          334, 
          274
        ]
      }, 
      "class": "006_mustard_bottle", 
      "cuboid": [
        [
          -15.831946981645492, 
          25.700382055760606, 
          66.73793513016636
        ], 
        [
          -24.66403678091591, 
          24.895688722842184, 
          63.0565323774394
        ], 
        [
          -26.45502642306513, 
          7.642834191709061, 
          71.12450004059126
        ], 
        [
          -17.62293662379471, 
          8.447527524627487, 
          74.80590279331821
        ], 
        [
          -18.05184276359271, 
          28.168990043608765, 
          71.52411248843478
        ], 
        [
          -26.883932562863126, 
          27.36429671069034, 
          67.84270973570781
        ], 
        [
          -28.674922205012344, 
          10.111442179557214, 
          75.91067739885968
        ], 
        [
          -19.842832405741927, 
          10.916135512475641, 
          79.59208015158663
        ]
      ], 
      "cuboid_centroid": [
        -22.25343459332892, 
        17.90591211765891, 
        71.32430626451301
      ], 
      "location": [
        -22.25343459332892, 
        17.90591211765891, 
        71.32430626451301
      ], 
      "pose_transform_permuted": [
        [
          0.3811045210505866, 
          -0.42380262736716695, 
          -0.8216754338737777, 
          0.0
        ], 
        [
          0.9197794259004237, 
          0.08380127337912127, 
          0.38338361445228464, 
          0.0
        ], 
        [
          0.09362155026481692, 
          0.9018695305014378, 
          -0.42174204827018036, 
          0.0
        ], 
        [
          -22.25343459332892, 
          17.90591211765891, 
          71.32430626451301, 
          1.0
        ]
      ], 
      "projected_cuboid": [
        [
          354.0256750797389, 
          478.66473882903557
        ], 
        [
          271.2551581982904, 
          483.84931128698406
        ], 
        [
          281.5737115678104, 
          330.59552634750054
        ], 
        [
          354.90945688596923, 
          333.5121577524933
        ], 
        [
          345.871770935385, 
          483.32862736546986
        ], 
        [
          268.4980987568385, 
          488.40051813302193
        ], 
        [
          278.459092939452, 
          344.32568969557343
        ], 
        [
          347.5289399728226, 
          346.4318663893044
        ]
      ], 
      "projected_cuboid_centroid": [
        313.8128027826562, 
        407.17600830412584
      ], 
      "quaternion_xyzw": [
        0.9543747154912005, 
        -0.002572437410142754, 
        0.20025890331487936, 
        0.22149179507604616
      ], 
      "visibility": 0.10713063320022818
    }, 
    {
      "bounding_box": {
        "bottom_right": [
          386, 
          280
        ], 
        "top_left": [
          295, 
          159
        ]
      }, 
      "class": "008_pudding_box", 
      "cuboid": [
        [
          -21.476614126133832, 
          10.510661403873904, 
          56.17725338072259
        ], 
        [
          -32.56302453177253, 
          11.025992412430702, 
          53.72810886639841
        ], 
        [
          -33.68956904705131, 
          2.774299538020021, 
          57.09134731517152
        ], 
        [
          -22.60315864141261, 
          2.2589685294632242, 
          59.5404918294957
        ], 
        [
          -22.172929141036605, 
          12.01984499642559, 
          59.646788887557236
        ], 
        [
          -33.2593395466753, 
          12.535176004982388, 
          57.19764437323305
        ], 
        [
          -34.38588406195407, 
          4.283483130571707, 
          60.56088282200616
        ], 
        [
          -23.29947365631538, 
          3.7681521220149095, 
          63.010027336330346
        ]
      ], 
      "cuboid_centroid": [
        -27.931249094043952, 
        7.397072267222805, 
        58.36906810136438
      ], 
      "location": [
        -27.931249094043952, 
        7.397072267222805, 
        58.36906810136438
      ], 
      "pose_transform_permuted": [
        [
          0.18099737760429363, 
          -0.3922912284369204, 
          -0.9018573703020567, 
          0.0
        ], 
        [
          0.9754526984552783, 
          -0.0453420904063535, 
          0.21549126705514843, 
          0.0
        ], 
        [
          0.12542664777937967, 
          0.9187228393599756, 
          -0.3744545542507416, 
          0.0
        ], 
        [
          -27.931249094043952, 
          7.397072267222805, 
          58.36906810136438, 
          1.0
        ]
      ], 
      "projected_cuboid": [
        [
          276.0094049349824, 
          373.0696569740529
        ], 
        [
          155.67413463373424, 
          382.7334885909949
        ], 
        [
          164.26285188778718, 
          299.20269415551724
        ], 
        [
          277.4475057851985, 
          293.52070329501845
        ], 
        [
          281.69018921252325, 
          380.75952760640956
        ], 
        [
          168.89754692354018, 
          390.1664360123875
        ], 
        [
          176.2598562283159, 
          311.00833679390274
        ], 
        [
          282.74588467295854, 
          305.1803397141596
        ]
      ], 
      "projected_cuboid_centroid": [
        224.26178477183626, 
        340.8737657129311
      ], 
      "quaternion_xyzw": [
        0.9741705328274551, 
        -0.04382413869830626, 
        0.10175031765451381, 
        0.1967688810249273
      ], 
      "visibility": 0.7734406438631791
    }, 
    {
      "bounding_box": {
        "bottom_right": [
          524, 
          280
        ], 
        "top_left": [
          321, 
          108
        ]
      }, 
      "class": "019_pitcher_base", 
      "cuboid": [
        [
          -44.63854882440163, 
          32.79051922076845, 
          66.70652026921734
        ], 
        [
          -26.60393982154658, 
          32.89561263194633, 
          72.23005241749311
        ], 
        [
          -29.433338523734808, 
          10.844799048692073, 
          81.88773034782143
        ], 
        [
          -47.46794752658986, 
          10.739705637514195, 
          76.36419819954565
        ], 
        [
          -41.06293413212464, 
          27.26461898010683, 
          55.13709775143442
        ], 
        [
          -23.02832512926959, 
          27.369712391284708, 
          60.660629899710194
        ], 
        [
          -25.857723831457818, 
          5.3188988080304505, 
          70.3183078300385
        ], 
        [
          -43.89233283431287, 
          5.213805396852572, 
          64.79477568176273
        ]
      ], 
      "cuboid_centroid": [
        -35.24813632792972, 
        19.05470901439945, 
        68.51241404962792
      ], 
      "location": [
        -35.24813632792972, 
        19.05470901439945, 
        68.51241404962792
      ], 
      "pose_transform_permuted": [
        [
          -0.2686291088948823, 
          0.41515034063853606, 
          0.8691886371574554, 
          0.0
        ], 
        [
          -0.9561446802223345, 
          -0.0055717596099942234, 
          -0.29284227225413345, 
          0.0
        ], 
        [
          0.11673062503425874, 
          0.909735785945078, 
          -0.39844041078937076, 
          0.0
        ], 
        [
          -35.24813632792972, 
          19.05470901439945, 
          68.51241404962792, 
          1.0
        ]
      ], 
      "projected_cuboid": [
        [
          121.73711434123044, 
          535.4472079160602
        ], 
        [
          283.5265833457806, 
          516.175388672345
        ], 
        [
          288.30571378645175, 
          343.91670056692396
        ], 
        [
          147.3232237361321, 
          348.2915202771041
        ], 
        [
          81.10140749202282, 
          537.0065345496693
        ], 
        [
          277.4481068197106, 
          513.9171352595525
        ], 
        [
          283.84837621337107, 
          313.62699813705547
        ], 
        [
          117.3128037584784, 
          316.20087006650675
        ]
      ], 
      "projected_cuboid_centroid": [
        204.92926114534, 
        421.6136639479179
      ], 
      "quaternion_xyzw": [
        -0.14526075878021677, 
        0.21048768264400372, 
        0.9663163435600253, 
        0.028758404575550775
      ], 
      "visibility": 0.14908208033394385
    }, 
    {
      "bounding_box": {
        "bottom_right": [
          494, 
          366
        ], 
        "top_left": [
          289, 
          150
        ]
      }, 
      "class": "035_power_drill", 
      "cuboid": [
        [
          -10.153914262355364, 
          18.68091426853794, 
          46.61334011299786
        ], 
        [
          -28.371894255966673, 
          18.836681476310694, 
          43.7901343960424
        ], 
        [
          -29.550661556540454, 
          1.4146403724095689, 
          50.435428366508795
        ], 
        [
          -11.33268156292914, 
          1.2588731646368132, 
          53.25863408346425
        ], 
        [
          -10.95339897616749, 
          20.7462820342231, 
          51.88632398825247
        ], 
        [
          -29.1713789697788, 
          20.902049241995858, 
          49.06311827129701
        ], 
        [
          -30.350146270352578, 
          3.4800081380947296, 
          55.708412241763405
        ], 
        [
          -12.132166276741268, 
          3.324240930321974, 
          58.531617958718876
        ]
      ], 
      "cuboid_centroid": [
        -20.25203026635397, 
        11.080461203316336, 
        51.16087617738063
      ], 
      "location": [
        -20.25203026635397, 
        11.080461203316336, 
        51.16087617738063
      ], 
      "pose_transform_permuted": [
        [
          0.13978960257405773, 
          -0.3611287797583138, 
          -0.921979254345658, 
          0.0
        ], 
        [
          0.9881688636739878, 
          -0.008449032480903635, 
          0.15313464973724397, 
          0.0
        ], 
        [
          0.0630910174636012, 
          0.9324777663944096, 
          -0.3556752530693554, 
          0.0
        ], 
        [
          -20.25203026635397, 
          11.080461203316336, 
          51.16087617738063, 
          1.0
        ]
      ], 
      "projected_cuboid": [
        [
          364.4544288828999, 
          487.0214341892797
        ], 
        [
          133.17649311559796, 
          502.6982822436673
        ], 
        [
          166.51532987445336, 
          288.2453762065813
        ], 
        [
          367.1685172857508, 
          285.8926012608144
        ], 
        [
          368.0730537281415, 
          486.5295977393005
        ], 
        [
          161.8595857664496, 
          500.4932990259222
        ], 
        [
          188.62126987363527, 
          306.60208970792127
        ], 
        [
          370.13180111040487, 
          303.57585594579007
        ]
      ], 
      "projected_cuboid_centroid": [
        268.7232096412872, 
        388.7932961105973
      ], 
      "quaternion_xyzw": [
        0.9801308438690796, 
        -0.018247576431249614, 
        0.07471559897936161, 
        0.1828337607451664
      ], 
      "visibility": 0.8960240341735906
    }, 
    {
      "bounding_box": {
        "bottom_right": [
          324, 
          197
        ], 
        "top_left": [
          258, 
          89
        ]
      }, 
      "class": "061_foam_brick", 
      "cuboid": [
        [
          -36.31360910240352, 
          -1.6961762999903744, 
          50.88991504199847
        ], 
        [
          -28.70828856884941, 
          -1.6221337319188245, 
          52.56240194466078
        ], 
        [
          -28.26346263117312, 
          2.9664088676241414, 
          50.336500319053556
        ], 
        [
          -35.86878316472723, 
          2.8923662995525916, 
          48.664013416391256
        ], 
        [
          -37.347126774335024, 
          0.6338148048788415, 
          55.486491932918135
        ], 
        [
          -29.741806240780917, 
          0.7078573729503912, 
          57.158978835580434
        ], 
        [
          -29.29698030310463, 
          5.296399972493357, 
          54.93307720997323
        ], 
        [
          -36.90230083665874, 
          5.222357404421807, 
          53.26059030731092
        ]
      ], 
      "cuboid_centroid": [
        -32.805294702754075, 
        1.8001118362514914, 
        52.91149612598585
      ], 
      "location": [
        -32.805294702754075, 
        1.8001118362514914, 
        52.91149612598585
      ], 
      "pose_transform_permuted": [
        [
          0.1966357807610999, 
          -0.4433011960174196, 
          -0.8745389753087038, 
          0.0
        ], 
        [
          -0.9766187378739632, 
          -0.009507996284962794, 
          -0.2147683376108121, 
          0.0
        ], 
        [
          -0.08689194760125574, 
          -0.8963222900364411, 
          0.43480586682551825, 
          0.0
        ], 
        [
          -32.805294702754075, 
          1.8001118362514914, 
          52.91149612598585, 
          1.0
        ]
      ], 
      "projected_cuboid": [
        [
          97.86382220882571, 
          255.51083455278763
        ], 
        [
          187.88361547686972, 
          256.8277070728779
        ], 
        [
          179.64772565958398, 
          304.7158970105463
        ], 
        [
          85.22735777820124, 
          304.98461384823344
        ], 
        [
          119.63616205445823, 
          279.37857652577776
        ], 
        [
          201.7797324811461, 
          279.89117310223503
        ], 
        [
          194.79606252361464, 
          324.70681095906116
        ], 
        [
          109.00019304503788, 
          325.58009045666324
        ]
      ], 
      "projected_cuboid_centroid": [
        148.18167968037875, 
        291.43070256686264
      ], 
      "quaternion_xyzw": [
        0.019987167122301492, 
        0.9679204516925846, 
        -0.22680248705030673, 
        0.10625979584698753
      ], 
      "visibility": 1.0
    }
  ]
}