{
  "camera_data": {
    "location_worldframe": [
      -20.642114042619657, 
      9.024341129922826, 
      81.13166629995186
    ], 
    "quaternion_xyzw_worldframe": [
      0.9428638568228498, 
      0.03464198842067249, 
      -0.10514768362113301, 
      -0.31424986910952096
    ]
  }, 
  "objects": [
    {
      "bounding_box": {
        "bottom_right": [
          476, 
          292
        ], 
        "top_left": [
          310, 
          79
        ]
      }, 
      "class": "003_cracker_box", 
      "cuboid": [
        [
          -31.982608204789052, 
          19.605564796669466, 
          60.22274158718302
        ], 
        [
          -48.09259636148776, 
          18.208132549161306, 
          62.978386773306994
        ], 
        [
          -44.18250300308362, 
          4.562128681138265, 
          78.91737342581597
        ], 
        [
          -28.072514846384916, 
          5.9595609286464235, 
          76.16172823969201
        ], 
        [
          -31.668228433575752, 
          25.092417097440546, 
          64.84313277450879
        ], 
        [
          -47.778216590274454, 
          23.69498484993239, 
          67.59877796063276
        ], 
        [
          -43.868123231870314, 
          10.048980981909345, 
          83.53776461314175
        ], 
        [
          -27.758135075171612, 
          11.446413229417503, 
          80.78211942701778
        ]
      ], 
      "cuboid_centroid": [
        -37.92536571832969, 
        14.827272889289405, 
        71.88025310016238
      ], 
      "location": [
        -37.92536571832969, 
        14.827272889289405, 
        71.88025310016238
      ], 
      "pose_transform_permuted": [
        [
          -0.04378548450272696, 
          -0.7641855754808118, 
          -0.6435085372968425, 
          0.0
        ], 
        [
          0.9821007264472055, 
          0.085190579415035, 
          -0.16799026248804336, 
          0.0
        ], 
        [
          -0.1831966005654378, 
          0.639345736988987, 
          -0.7467770980254257, 
          0.0
        ], 
        [
          -37.92536571832969, 
          14.827272889289405, 
          71.88025310016238, 
          1.0
        ]
      ], 
      "projected_cuboid": [
        [
          196.00568890568658, 
          446.9091823450713
        ], 
        [
          70.94082379605081, 
          427.4783831361529
        ], 
        [
          180.5257168557302, 
          304.1171708443615
        ], 
        [
          283.3821818706973, 
          315.01813498966
        ], 
        [
          218.96272323572026, 
          479.6657928780211
        ], 
        [
          101.51023182545936, 
          460.2277790016783
        ], 
        [
          199.20145661050893, 
          337.4409760776105
        ], 
        [
          296.8120405422874, 
          348.85519569451736
        ]
      ], 
      "projected_cuboid_centroid": [
        197.86271694029656, 
        383.2983236364135
      ], 
      "quaternion_xyzw": [
        0.9034593240336051, 
        0.0742665366444571, 
        -0.05860135076288533, 
        0.41810478715310584
      ], 
      "visibility": 0.42145837112280066
    }, 
    {
      "bounding_box": {
        "bottom_right": [
          499, 
          333
        ], 
        "top_left": [
          373, 
          233
        ]
      }, 
      "class": "006_mustard_bottle", 
      "cuboid": [
        [
          -26.24454191624573, 
          28.62672069355205, 
          67.82065184431728
        ], 
        [
          -35.36602699288316, 
          25.63688141746509, 
          68.076462145232
        ], 
        [
          -31.20428187911796, 
          14.203128818921368, 
          82.8382342173017
        ], 
        [
          -22.082796802480534, 
          17.192968095008332, 
          82.582423916387
        ], 
        [
          -27.55131101293509, 
          32.93016104691972, 
          71.52230175187479
        ], 
        [
          -36.67279608957252, 
          29.940321770832757, 
          71.7781120527895
        ], 
        [
          -32.51105097580733, 
          18.50656917228904, 
          86.53988412485921
        ], 
        [
          -23.3895658991699, 
          21.496408448376002, 
          86.2840738239445
        ]
      ], 
      "cuboid_centroid": [
        -29.377796446026526, 
        23.566644932920543, 
        77.18026798458824
      ], 
      "location": [
        -29.377796446026526, 
        23.566644932920543, 
        77.18026798458824
      ], 
      "pose_transform_permuted": [
        [
          0.22434188792442566, 
          -0.7388007077077047, 
          -0.635487272235465, 
          0.0
        ], 
        [
          0.9499172333870405, 
          0.31136375596192073, 
          -0.026640246766307406, 
          0.0
        ], 
        [
          -0.21754957158220228, 
          0.5976838829371948, 
          -0.7716515793941704, 
          0.0
        ], 
        [
          -29.377796446026526, 
          23.566644932920543, 
          77.18026798458824, 
          1.0
        ]
      ], 
      "projected_cuboid": [
        [
          273.49865183227325, 
          498.3977737579345
        ], 
        [
          202.22625323891805, 
          474.12909766383757
        ], 
        [
          279.02708248451387, 
          364.7274868742249
        ], 
        [
          337.79729948932254, 
          384.3192025976788
        ], 
        [
          274.4434492672589, 
          518.8365179615125
        ], 
        [
          206.84325339991707, 
          495.74655357904436
        ], 
        [
          279.5714531282123, 
          387.33702298847436
        ], 
        [
          335.82199873724966, 
          406.1552712862262
        ]
      ], 
      "projected_cuboid_centroid": [
        276.90327541150725, 
        436.13325490236275
      ], 
      "quaternion_xyzw": [
        0.8920605905093696, 
        0.14822797161180268, 
        0.055405889258382655, 
        0.4233042864945424
      ], 
      "visibility": 0.9235545743066096
    }, 
    {
      "bounding_box": {
        "bottom_right": [
          368, 
          269
        ], 
        "top_left": [
          294, 
          154
        ]
      }, 
      "class": "008_pudding_box", 
      "cuboid": [
        [
          -31.196984778419246, 
          9.933932539965957, 
          67.40438766748014
        ], 
        [
          -42.37966555645008, 
          8.550899496936136, 
          68.89006623339732
        ], 
        [
          -40.77720915610564, 
          2.8309331680219563, 
          75.62690743554047
        ], 
        [
          -29.594528378074813, 
          4.213966211051778, 
          74.14122886962329
        ], 
        [
          -31.227857090272217, 
          12.86283185248807, 
          69.8985332259151
        ], 
        [
          -42.410537868303045, 
          11.479798809458247, 
          71.3842117918323
        ], 
        [
          -40.808081467958615, 
          5.759832480544068, 
          78.12105299397545
        ], 
        [
          -29.625400689927783, 
          7.14286552357389, 
          76.63537442805827
        ]
      ], 
      "cuboid_centroid": [
        -36.002533123188925, 
        7.846882510255012, 
        72.76272033072779
      ], 
      "location": [
        -36.002533123188925, 
        7.846882510255012, 
        72.76272033072779
      ], 
      "pose_transform_permuted": [
        [
          0.008024826933755261, 
          -0.7613265310780944, 
          -0.6483183555982345, 
          0.0
        ], 
        [
          0.9839231763733104, 
          0.12168801844013402, 
          -0.13071942253048818, 
          0.0
        ], 
        [
          -0.17841348635750628, 
          0.6368467400234886, 
          -0.750063044244392, 
          0.0
        ], 
        [
          -36.002533123188925, 
          7.846882510255012, 
          72.76272033072779, 
          1.0
        ]
      ], 
      "projected_cuboid": [
        [
          232.70205708124834, 
          351.8861803014703
        ], 
        [
          150.77637940970484, 
          339.48421211334824
        ], 
        [
          191.64053675753402, 
          293.2502274717359
        ], 
        [
          266.94089561990313, 
          303.5988316598614
        ], 
        [
          241.34570584499446, 
          371.42879941913446
        ], 
        [
          162.10259448020054, 
          359.0534234350812
        ], 
        [
          200.6853684868032, 
          312.6079672240273
        ], 
        [
          273.71037677805555, 
          322.9950452094659
        ]
      ], 
      "projected_cuboid_centroid": [
        215.5148394029532, 
        330.8008267620166
      ], 
      "quaternion_xyzw": [
        0.9040310105293724, 
        0.08298982593028256, 
        -0.033929863624060516, 
        0.41795844327216813
      ], 
      "visibility": 0.460643394934976
    }, 
    {
      "bounding_box": {
        "bottom_right": [
          524, 
          270
        ], 
        "top_left": [
          345, 
          86
        ]
      }, 
      "class": "019_pitcher_base", 
      "cuboid": [
        [
          -54.79875431171932, 
          33.08766763055895, 
          74.517237162266
        ], 
        [
          -36.389124256893886, 
          36.89625068816129, 
          72.98498710376323
        ], 
        [
          -31.754955014400014, 
          21.93981889127896, 
          91.48753403769794
        ], 
        [
          -50.16458506922545, 
          18.13123583367662, 
          93.01978409620071
        ], 
        [
          -53.41432959457665, 
          22.963903050504996, 
          65.98700327200466
        ], 
        [
          -35.004699539751215, 
          26.77248610810734, 
          64.45475321350189
        ], 
        [
          -30.370530297257346, 
          11.816054311225008, 
          82.9573001474366
        ], 
        [
          -48.78016035208279, 
          8.007471253622663, 
          84.48955020593937
        ]
      ], 
      "cuboid_centroid": [
        -42.584642304488334, 
        22.45186097089198, 
        78.7372686548513
      ], 
      "location": [
        -42.584642304488334, 
        22.45186097089198, 
        78.7372686548513
      ], 
      "pose_transform_permuted": [
        [
          -0.1040091872598435, 
          0.7605791148793033, 
          0.6408601949072419, 
          0.0
        ], 
        [
          -0.9760272506598807, 
          -0.20192045356430516, 
          0.08123562545635747, 
          0.0
        ], 
        [
          -0.1911888458040507, 
          0.6170475834961311, 
          -0.7633473029635331, 
          0.0
        ], 
        [
          -42.584642304488334, 
          22.45186097089198, 
          78.7372686548513, 
          1.0
        ]
      ], 
      "projected_cuboid": [
        [
          86.1342283749392, 
          510.0948494652487
        ], 
        [
          213.4767002092537, 
          542.8966841011111
        ], 
        [
          294.9413419134095, 
          401.18303436230696
        ], 
        [
          191.5866258179486, 
          377.2401563557128
        ], 
        [
          46.294614546172, 
          458.8851952260174
        ], 
        [
          189.54307883530052, 
          494.8107921250395
        ], 
        [
          284.72255212475756, 
          349.25011380647203
        ], 
        [
          171.11825890888883, 
          323.8317381964645
        ]
      ], 
      "projected_cuboid_centroid": [
        190.7501965215238, 
        425.3621349506584
      ], 
      "quaternion_xyzw": [
        -0.006331918539610187, 
        0.42370965163050317, 
        0.8991572483530416, 
        -0.10929937452219896
      ], 
      "visibility": 0.21093495115624614
    }, 
    {
      "bounding_box": {
        "bottom_right": [
          421, 
          298
        ], 
        "top_left": [
          273, 
          94
        ]
      }, 
      "class": "035_power_drill", 
      "cuboid": [
        [
          -24.893710109376897, 
          13.260733483585252, 
          52.054289631503835
        ], 
        [
          -42.79730937952063, 
          10.951012366568404, 
          55.798067205907074
        ], 
        [
          -38.41135651988116, 
          -1.2689245716452233, 
          69.23359842979033
        ], 
        [
          -20.507757249737434, 
          1.040796545371625, 
          65.4898208553871
        ], 
        [
          -24.649362435506866, 
          17.527303885066853, 
          55.85507244394145
        ], 
        [
          -42.552961705650596, 
          15.217582768050002, 
          59.5988500183447
        ], 
        [
          -38.16700884601113, 
          2.9976458298363746, 
          73.03438124222795
        ], 
        [
          -20.263409575867403, 
          5.307366946853223, 
          69.29060366782471
        ]
      ], 
      "cuboid_centroid": [
        -31.530359477694013, 
        8.129189656710814, 
        62.54433543686589
      ], 
      "location": [
        -31.530359477694013, 
        8.129189656710814, 
        62.54433543686589
      ], 
      "pose_transform_permuted": [
        [
          -0.042724099197992145, 
          -0.7460082356465229, 
          -0.6645654502730332, 
          0.0
        ], 
        [
          0.971116410966338, 
          0.12528252267302653, 
          -0.2030677623338892, 
          0.0
        ], 
        [
          -0.23474881626539124, 
          0.6540461840073645, 
          -0.7191082876715104, 
          0.0
        ], 
        [
          -31.530359477694013, 
          8.129189656710814, 
          62.54433543686589, 
          1.0
        ]
      ], 
      "projected_cuboid": [
        [
          224.4243814715573, 
          409.1487100343827
        ], 
        [
          69.13021859656531, 
          377.9566393505025
        ], 
        [
          183.24127247756527, 
          263.5117705423033
        ], 
        [
          313.19938849809296, 
          281.7623159343063
        ], 
        [
          244.27681150771343, 
          440.64205276444005
        ], 
        [
          97.6391294641735, 
          409.46089195354637
        ], 
        [
          200.56718048365994, 
          295.17627261423445
        ], 
        [
          324.3328518559178, 
          314.1365606107869
        ]
      ], 
      "projected_cuboid_centroid": [
        210.49509514888635, 
        342.60466261979735
      ], 
      "quaternion_xyzw": [
        0.9068803732089938, 
        0.0992499533495382, 
        -0.06775752039437888, 
        0.4038891364838237
      ], 
      "visibility": 0.7771476104053237
    }, 
    {
      "bounding_box": {
        "bottom_right": [
          303, 
          216
        ], 
        "top_left": [
          245, 
          133
        ]
      }, 
      "class": "061_foam_brick", 
      "cuboid": [
        [
          -43.97876072844728, 
          -4.196392254712279, 
          73.24039305223829
        ], 
        [
          -36.3999813522978, 
          -2.8757375685857633, 
          72.03143915434691
        ], 
        [
          -37.55819472338246, 
          0.1252162177627202, 
          68.04897138815315
        ], 
        [
          -45.13697409953193, 
          -1.1954384683637962, 
          69.25792528604453
        ], 
        [
          -44.19385362656769, 
          -0.03251012773878732, 
          76.44060509504888
        ], 
        [
          -36.61507425041821, 
          1.2881445583877291, 
          75.2316511971575
        ], 
        [
          -37.773287621502874, 
          4.289098344736213, 
          71.24918343096374
        ], 
        [
          -45.352066997652344, 
          2.9684436586096963, 
          72.45813732885512
        ]
      ], 
      "cuboid_centroid": [
        -40.87602417497507, 
        0.04635304501196644, 
        72.24478824160101
      ], 
      "location": [
        -40.87602417497507, 
        0.04635304501196644, 
        72.24478824160101
      ], 
      "pose_transform_permuted": [
        [
          0.04092330601278549, 
          -0.7922150102227602, 
          -0.6088683442278271, 
          0.0
        ], 
        [
          -0.9732105197019788, 
          -0.16958865928685285, 
          0.15524487425577724, 
          0.0
        ], 
        [
          0.22624448582537485, 
          -0.5862039442199614, 
          0.7779321104148949, 
          0.0
        ], 
        [
          -40.87602417497507, 
          0.04635304501196644, 
          72.24478824160101, 
          1.0
        ]
      ], 
      "projected_cuboid": [
        [
          158.6851610242131, 
          242.72938126998073
        ], 
        [
          209.8462829042715, 
          251.99462462536005
        ], 
        [
          184.78955996366756, 
          274.2678939035192
        ], 
        [
          131.12395797991235, 
          264.0810825332485
        ], 
        [
          170.69078754663008, 
          273.0597175925473
        ], 
        [
          219.86853956827179, 
          282.41823598369155
        ], 
        [
          196.49745195474722, 
          305.3916096642733
        ], 
        [
          145.00671962544047, 
          295.1354178041616
        ]
      ], 
      "projected_cuboid_centroid": [
        177.33076106005927, 
        273.62872164957514
      ], 
      "quaternion_xyzw": [
        -0.11119114207737833, 
        0.8899835403182701, 
        -0.4410607189645747, 
        -0.03211339397414834
      ], 
      "visibility": 0.9116318464144552
    }
  ]
}