{
  "camera_data": {
    "location_worldframe": [
      -23.415767950814022, 
      15.184848203783242, 
      73.76984661528057
    ], 
    "quaternion_xyzw_worldframe": [
      0.9216981215348622, 
      0.02845131996730284, 
      -0.10148283371767226, 
      -0.37331788409231076
    ]
  }, 
  "objects": [
    {
      "bounding_box": {
        "bottom_right": [
          539, 
          254
        ], 
        "top_left": [
          367, 
          14
        ]
      }, 
      "class": "003_cracker_box", 
      "cuboid": [
        [
          -34.568749085154785, 
          28.54167913431786, 
          54.405968606558474
        ], 
        [
          -50.697787541013476, 
          27.21052810294785, 
          57.08183689708966
        ], 
        [
          -47.06988229372, 
          11.609225256838405, 
          71.18826097149751
        ], 
        [
          -30.940843837861305, 
          12.940376288208416, 
          68.51239268096633
        ], 
        [
          -34.097704131918626, 
          33.40672231278419, 
          59.665423812055685
        ], 
        [
          -50.22674258777733, 
          32.07557128141418, 
          62.34129210258686
        ], 
        [
          -46.59883734048385, 
          16.474268435304733, 
          76.44771617699472
        ], 
        [
          -30.469798884625156, 
          17.805419466674742, 
          73.77184788646353
        ]
      ], 
      "cuboid_centroid": [
        -40.583793212819316, 
        22.5079737848113, 
        65.4268423917766
      ], 
      "location": [
        -40.583793212819316, 
        22.5079737848113, 
        65.4268423917766
      ], 
      "pose_transform_permuted": [
        [
          -0.0656051482587775, 
          -0.6775826315851107, 
          -0.7325146700893711, 
          0.0
        ], 
        [
          0.9832620750752793, 
          0.08114992898836093, 
          -0.16312688541083603, 
          0.0
        ], 
        [
          -0.16997545775964207, 
          0.730955858037529, 
          -0.6609174512448739, 
          0.0
        ], 
        [
          -40.583793212819316, 
          22.5079737848113, 
          65.4268423917766, 
          1.0
        ]
      ], 
      "projected_cuboid": [
        [
          139.9097528789293, 
          553.0690105442714
        ], 
        [
          3.976736509612633, 
          527.5163997830756
        ], 
        [
          126.0259584152997, 
          360.2591243379966
        ], 
        [
          238.73775786921948, 
          374.0180380509456
        ], 
        [
          174.27471720238333, 
          571.892633114348
        ], 
        [
          48.33471623574735, 
          547.6878172752649
        ], 
        [
          153.80208387590363, 
          388.2154124375991
        ], 
        [
          259.4857632290096, 
          402.0074411472186
        ]
      ], 
      "projected_cuboid_centroid": [
        148.0259704608055, 
        456.7577671913502
      ], 
      "quaternion_xyzw": [
        0.9282689000502734, 
        0.06763271578267957, 
        -0.061601771226318616, 
        0.36048285220949805
      ], 
      "visibility": 0.20925114067136605
    }, 
    {
      "bounding_box": {
        "bottom_right": [
          539, 
          305
        ], 
        "top_left": [
          423, 
          196
        ]
      }, 
      "class": "006_mustard_bottle", 
      "cuboid": [
        [
          -28.57478654297741, 
          36.41220813815299, 
          63.01777558973038
        ], 
        [
          -37.76769836708408, 
          33.63842249788575, 
          62.96724613047442
        ], 
        [
          -33.83709756186427, 
          20.37094996642777, 
          76.17653398112725
        ], 
        [
          -24.644185737757603, 
          23.144735606695004, 
          76.2270634403832
        ], 
        [
          -29.757877758913885, 
          40.25647076009041, 
          67.23101620160206
        ], 
        [
          -38.95078958302056, 
          37.482685119823174, 
          67.1804867423461
        ], 
        [
          -35.02018877780075, 
          24.21521258836519, 
          80.38977459299893
        ], 
        [
          -25.827276953694078, 
          26.988998228632425, 
          80.44030405225489
        ]
      ], 
      "cuboid_centroid": [
        -31.79748766038908, 
        30.313710363259087, 
        71.70377509136465
      ], 
      "location": [
        -31.79748766038908, 
        30.313710363259087, 
        71.70377509136465
      ], 
      "pose_transform_permuted": [
        [
          0.20310926975730817, 
          -0.6599705613391572, 
          -0.7233155081045228, 
          0.0
        ], 
        [
          0.9573556601098551, 
          0.28886379348029123, 
          0.005262169892038644, 
          0.0
        ], 
        [
          -0.20546681689081286, 
          0.6935391010974268, 
          -0.6904975759593447, 
          0.0
        ], 
        [
          -31.79748766038908, 
          30.313710363259087, 
          71.70377509136465, 
          1.0
        ]
      ], 
      "projected_cuboid": [
        [
          237.75329841526803, 
          581.4431411755565
        ], 
        [
          159.04668828510307, 
          558.1970361781289
        ], 
        [
          242.72595505009753, 
          415.9056094606802
        ], 
        [
          307.73813055370175, 
          435.2177496700865
        ], 
        [
          243.57127669338274, 
          592.6267089128573
        ], 
        [
          169.80514677724852, 
          570.8469007234761
        ], 
        [
          247.33098840002287, 
          433.93442074278704
        ], 
        [
          308.9351132855582, 
          452.2237194738209
        ]
      ], 
      "projected_cuboid_centroid": [
        243.1222510123593, 
        498.7543791753525
      ], 
      "quaternion_xyzw": [
        0.918451178521728, 
        0.13455549460090588, 
        0.056718158929450736, 
        0.36759388220071665
      ], 
      "visibility": 0.6294825315399328
    }, 
    {
      "bounding_box": {
        "bottom_right": [
          444, 
          224
        ], 
        "top_left": [
          355, 
          92
        ]
      }, 
      "class": "008_pudding_box", 
      "cuboid": [
        [
          -33.99880797214717, 
          18.041042252558046, 
          60.334325437622546
        ], 
        [
          -45.20682797872242, 
          16.760014679301207, 
          61.71694124522881
        ], 
        [
          -43.72242001573265, 
          10.214464864818305, 
          67.68546043572705
        ], 
        [
          -32.5144000091574, 
          11.495492438075143, 
          66.3028446281208
        ], 
        [
          -33.9458878253897, 
          20.639464394810673, 
          63.17079651590114
        ], 
        [
          -45.15390783196495, 
          19.358436821553838, 
          64.5534123235074
        ], 
        [
          -43.66949986897518, 
          12.812887007070936, 
          70.52193151400564
        ], 
        [
          -32.461479862399926, 
          14.093914580327773, 
          69.13931570639939
        ]
      ], 
      "cuboid_centroid": [
        -38.83415392056118, 
        15.42696462981449, 
        65.42812847581409
      ], 
      "location": [
        -38.83415392056118, 
        15.42696462981449, 
        65.42812847581409
      ], 
      "pose_transform_permuted": [
        [
          -0.013755854147241559, 
          -0.675423599363753, 
          -0.7373011005522179, 
          0.0
        ], 
        [
          0.9861526824042129, 
          0.11271293028205458, 
          -0.121651307421426, 
          0.0
        ], 
        [
          -0.16527026869306718, 
          0.7287651397427185, 
          -0.6645199937668143, 
          0.0
        ], 
        [
          -38.83415392056118, 
          15.42696462981449, 
          65.42812847581409, 
          1.0
        ]
      ], 
      "projected_cuboid": [
        [
          178.5633408857683, 
          432.7586305973498
        ], 
        [
          87.69217107633452, 
          418.1162048826316
        ], 
        [
          134.22048178264953, 
          353.77020624567245
        ], 
        [
          217.88177174955058, 
          365.75272506296307
        ], 
        [
          192.62054778473748, 
          447.53525978036595
        ], 
        [
          105.44116931470145, 
          433.2197326013644
        ], 
        [
          148.59589907775785, 
          370.18353741306527
        ], 
        [
          229.11242042859763, 
          382.00269422962936
        ]
      ], 
      "projected_cuboid_centroid": [
        162.4130861859439, 
        399.0352417520163
      ], 
      "quaternion_xyzw": [
        0.9290073900000942, 
        0.0748065090674611, 
        -0.036438666426715345, 
        0.36058475087330333
      ], 
      "visibility": 0.47425578126996293
    }, 
    {
      "bounding_box": {
        "bottom_right": [
          539, 
          249
        ], 
        "top_left": [
          345, 
          15
        ]
      }, 
      "class": "035_power_drill", 
      "cuboid": [
        [
          -27.67461587667468, 
          23.081854413127296, 
          45.467610562625765
        ], 
        [
          -45.61577020717114, 
          20.76765484756036, 
          49.02415532558418
        ], 
        [
          -41.486125982524094, 
          6.87848045156781, 
          60.818807236699826
        ], 
        [
          -23.544971652027623, 
          9.192680017134748, 
          57.2622624737414
        ], 
        [
          -27.30763468608656, 
          26.839230066833668, 
          49.763740421758854
        ], 
        [
          -45.248789016583025, 
          24.52503050126673, 
          53.32028518471728
        ], 
        [
          -41.119144791935966, 
          10.635856105274181, 
          65.1149370958329
        ], 
        [
          -23.177990461439506, 
          12.950055670841119, 
          61.55839233287449
        ]
      ], 
      "cuboid_centroid": [
        -34.39688033430532, 
        16.858855259200737, 
        55.29127382922934
      ], 
      "location": [
        -34.39688033430532, 
        16.858855259200737, 
        55.29127382922934
      ], 
      "pose_transform_permuted": [
        [
          -0.06416652363477532, 
          -0.6569757248372876, 
          -0.7511766957384028, 
          0.0
        ], 
        [
          0.9731534502718475, 
          0.1255254400226073, 
          -0.19291199124440514, 
          0.0
        ], 
        [
          -0.2210304406720857, 
          0.7433885754601681, 
          -0.6312837057314682, 
          0.0
        ], 
        [
          -34.39688033430532, 
          16.858855259200737, 
          55.29127382922934, 
          1.0
        ]
      ], 
      "projected_cuboid": [
        [
          154.2780734079123, 
          544.0288273188233
        ], 
        [
          -18.779116896212027, 
          499.21183854368655
        ], 
        [
          114.77392990206867, 
          333.6038722725192
        ], 
        [
          260.48043821203555, 
          358.9037676047358
        ], 
        [
          186.5014186957363, 
          560.9234171742933
        ], 
        [
          25.23847124864497, 
          518.5905343663628
        ], 
        [
          142.00683835576345, 
          360.39881356245724
        ], 
        [
          279.1179463794759, 
          385.4811231660092
        ]
      ], 
      "projected_cuboid_centroid": [
        147.05233376428657, 
        435.9009441416076
      ], 
      "quaternion_xyzw": [
        0.9310905865529974, 
        0.09305106444521206, 
        -0.06902618246601391, 
        0.3459006699171017
      ], 
      "visibility": 0.831611888837764
    }, 
    {
      "bounding_box": {
        "bottom_right": [
          373, 
          160
        ], 
        "top_left": [
          306, 
          59
        ]
      }, 
      "class": "061_foam_brick", 
      "cuboid": [
        [
          -47.10969379833925, 
          3.6162505766380915, 
          64.47314809519628
        ], 
        [
          -39.504874053419414, 
          4.889657573255684, 
          63.38285160900272
        ], 
        [
          -40.60282893749075, 
          8.38685505292721, 
          59.80915097656945
        ], 
        [
          -48.207648682410586, 
          7.1134480563096165, 
          60.899447462763014
        ], 
        [
          -47.20696561022442, 
          7.357181610249051, 
          68.16388103561341
        ], 
        [
          -39.602145865304585, 
          8.630588606866645, 
          67.07358454941985
        ], 
        [
          -40.70010074937592, 
          12.127786086538169, 
          63.499883916986576
        ], 
        [
          -48.30492049429576, 
          10.854379089920577, 
          64.59018040318014
        ]
      ], 
      "cuboid_centroid": [
        -43.904897273857586, 
        7.872018331588131, 
        63.986516006091435
      ], 
      "location": [
        -43.904897273857586, 
        7.872018331588131, 
        63.986516006091435
      ], 
      "pose_transform_permuted": [
        [
          0.018506813376824915, 
          -0.7117448637262095, 
          -0.7021942372435099, 
          0.0
        ], 
        [
          -0.9765544303195633, 
          -0.16352146215925167, 
          0.14000777134335568, 
          0.0
        ], 
        [
          0.21447364052924614, 
          -0.6831397956294596, 
          0.6980838611123107, 
          0.0
        ], 
        [
          -43.904897273857586, 
          7.872018331588131, 
          63.986516006091435, 
          1.0
        ]
      ], 
      "projected_cuboid": [
        [
          88.65987021078523, 
          303.2000338654487
        ], 
        [
          146.422818403686, 
          314.4293719281484
        ], 
        [
          116.52349643700201, 
          348.0723185503021
        ], 
        [
          55.90619790020651, 
          335.58170337879494
        ], 
        [
          109.16804788305343, 
          330.8497073620405
        ], 
        [
          164.08594727084318, 
          341.9106013777245
        ], 
        [
          136.91849088534153, 
          375.1447686030369
        ], 
        [
          79.42063973866306, 
          362.91088793189647
        ]
      ], 
      "projected_cuboid_centroid": [
        112.60567162413679, 
        338.8988231528692
      ], 
      "quaternion_xyzw": [
        -0.10307765433701785, 
        0.9167726630949099, 
        -0.38445428773997103, 
        -0.03313279367328611
      ], 
      "visibility": 0.9704039749405919
    }
  ]
}