{
  "camera_data": {
    "location_worldframe": [
      -9.600912887674477, 
      0.10411951162141858, 
      81.30399350378826
    ], 
    "quaternion_xyzw_worldframe": [
      -0.8292074568514793, 
      -0.10960076161577632, 
      -0.21039016785697912, 
      0.5061026215744883
    ]
  }, 
  "objects": [
    {
      "bounding_box": {
        "bottom_right": [
          476, 
          415
        ], 
        "top_left": [
          285, 
          256
        ]
      }, 
      "class": "003_cracker_box", 
      "cuboid": [
        [
          -7.345811912923668, 
          20.537529945405787, 
          65.33080505163791
        ], 
        [
          -21.955840641773754, 
          21.80162164507768, 
          57.9804820380451
        ], 
        [
          -27.19016827942637, 
          2.3510418770173622, 
          65.03954061652595
        ], 
        [
          -12.580139550576286, 
          1.0869501773454666, 
          72.38986363011877
        ], 
        [
          -10.094752333354188, 
          23.44155525208941, 
          71.29422362809278
        ], 
        [
          -24.704781062204273, 
          24.70564695176131, 
          63.943900614499974
        ], 
        [
          -29.93910869985689, 
          5.25506718370099, 
          71.00295919298082
        ], 
        [
          -15.329079971006804, 
          3.990975484029094, 
          78.35328220657364
        ]
      ], 
      "cuboid_centroid": [
        -18.64246030639028, 
        12.896298564553387, 
        68.16688212230937
      ], 
      "location": [
        -18.64246030639028, 
        12.896298564553387, 
        68.16688212230937
      ], 
      "pose_transform_permuted": [
        [
          0.38286079194330513, 
          -0.40446035879022957, 
          -0.8305597101712942, 
          0.0
        ], 
        [
          0.8906598619721486, 
          -0.07706184290566576, 
          0.44809204706146677, 
          0.0
        ], 
        [
          0.245239932034525, 
          0.9113030728222425, 
          -0.3307326491298379, 
          0.0
        ], 
        [
          -18.64246030639028, 
          12.896298564553387, 
          68.16688212230937, 
          1.0
        ]
      ], 
      "projected_cuboid": [
        [
          421.13074965245374, 
          440.94200925859684
        ], 
        [
          277.9585227613378, 
          473.82353525197186
        ], 
        [
          256.7816106766842, 
          292.56491328948925
        ], 
        [
          388.1427365474696, 
          281.29445216223365
        ], 
        [
          405.45352903424487, 
          448.64212556934
        ], 
        [
          273.8314777639172, 
          479.3422400525568
        ], 
        [
          254.84348632534497, 
          312.758558187388
        ], 
        [
          376.3886157686765, 
          300.4515184601992
        ]
      ], 
      "projected_cuboid_centroid": [
        334.52793458499553, 
        374.1837531798299
      ], 
      "quaternion_xyzw": [
        0.9529588979811361, 
        -0.08455290559304132, 
        0.21799283284021048, 
        0.19287112211176938
      ], 
      "visibility": 0.5754927091650208
    }, 
    {
      "bounding_box": {
        "bottom_right": [
          448, 
          411
        ], 
        "top_left": [
          319, 
          339
        ]
      }, 
      "class": "006_mustard_bottle", 
      "cuboid": [
        [
          -7.621260793876454, 
          24.137215111059657, 
          77.94033540595994
        ], 
        [
          -15.006314357586698, 
          23.438162054344307, 
          71.842928047481
        ], 
        [
          -19.48681587234351, 
          6.368677050648754, 
          79.22659403865812
        ], 
        [
          -12.101762308633267, 
          7.067730107364103, 
          85.32400139713707
        ], 
        [
          -11.085260349914117, 
          26.732593291702628, 
          81.83830610369348
        ], 
        [
          -18.47031391362436, 
          26.033540234987278, 
          75.74089874521454
        ], 
        [
          -22.950815428381173, 
          8.964055231291725, 
          83.12456473639166
        ], 
        [
          -15.565761864670929, 
          9.663108288007074, 
          89.22197209487061
        ]
      ], 
      "cuboid_centroid": [
        -15.286038111128814, 
        16.55063517117569, 
        80.5324500711758
      ], 
      "location": [
        -15.286038111128814, 
        16.55063517117569, 
        80.5324500711758
      ], 
      "pose_transform_permuted": [
        [
          0.5946882292668669, 
          -0.44556612365444853, 
          -0.6691909899148079, 
          0.0
        ], 
        [
          0.7690841557831982, 
          0.07279982810327557, 
          0.6349878643813223, 
          0.0
        ], 
        [
          0.23421212937447267, 
          0.8922841375845748, 
          -0.3859711080752384, 
          0.0
        ], 
        [
          -15.286038111128814, 
          16.55063517117569, 
          80.5324500711758, 
          1.0
        ]
      ], 
      "projected_cuboid": [
        [
          429.01274541858845, 
          438.449408206372
        ], 
        [
          369.2706909765842, 
          447.2776482666311
        ], 
        [
          349.32698321530233, 
          316.157751002991
        ], 
        [
          405.3243648813506, 
          317.46354343247185
        ], 
        [
          408.7552126676021, 
          447.4961005956736
        ], 
        [
          350.4569534562922, 
          456.59828971147243
        ], 
        [
          333.1196273709952, 
          330.79909416306964
        ], 
        [
          387.77817624403514, 
          331.04725278403765
        ]
      ], 
      "projected_cuboid_centroid": [
        379.5229205599343, 
        382.89176969744386
      ], 
      "quaternion_xyzw": [
        0.912490997665536, 
        -0.04422298457851775, 
        0.33690088362354287, 
        0.22782066723316818
      ], 
      "visibility": 0.02667893284268629
    }, 
    {
      "bounding_box": {
        "bottom_right": [
          362, 
          394
        ], 
        "top_left": [
          280, 
          291
        ]
      }, 
      "class": "008_pudding_box", 
      "cuboid": [
        [
          -10.286831959067214, 
          8.874690913179716, 
          66.36154349722949
        ], 
        [
          -20.15621021790013, 
          9.560575675712377, 
          60.7671440246069
        ], 
        [
          -22.41224778761131, 
          1.393027697751978, 
          63.745795601004694
        ], 
        [
          -12.542869528778397, 
          0.707142935219316, 
          69.34019507362729
        ], 
        [
          -11.931842531973547, 
          10.458242031501184, 
          69.45774640076824
        ], 
        [
          -21.80122079080646, 
          11.144126794033845, 
          63.863346928145646
        ], 
        [
          -24.057258360517643, 
          2.9765788160734465, 
          66.84199850454344
        ], 
        [
          -14.187880101684728, 
          2.290694053540785, 
          72.43639797716604
        ]
      ], 
      "cuboid_centroid": [
        -17.17204515979243, 
        5.9256348646265815, 
        66.60177100088647
      ], 
      "location": [
        -17.17204515979243, 
        5.9256348646265815, 
        66.60177100088647
      ], 
      "pose_transform_permuted": [
        [
          0.42759755779351694, 
          -0.4116220296621819, 
          -0.8048147664165497, 
          0.0
        ], 
        [
          0.86837049165688, 
          -0.060348491347709435, 
          0.49223074576338544, 
          0.0
        ], 
        [
          0.251181578531043, 
          0.9093543571150552, 
          -0.3316356140954523, 
          0.0
        ], 
        [
          -17.17204515979243, 
          5.9256348646265815, 
          66.60177100088647, 
          1.0
        ]
      ], 
      "projected_cuboid": [
        [
          398.23722252208006, 
          344.60866536364955
        ], 
        [
          303.2229696617366, 
          357.194418071742
        ], 
        [
          292.5257694939097, 
          284.94109408362993
        ], 
        [
          384.3215436227133, 
          278.72542050913995
        ], 
        [
          389.2169399975813, 
          353.58838435521096
        ], 
        [
          298.018966012506, 
          366.3505777237866
        ], 
        [
          288.0491770080274, 
          297.03609378438523
        ], 
        [
          376.2669916718985, 
          290.1519817627798
        ]
      ], 
      "projected_cuboid_centroid": [
        342.9444798308171, 
        320.7365842570064
      ], 
      "quaternion_xyzw": [
        0.9463798940156755, 
        -0.08229519452195598, 
        0.24298601158301517, 
        0.19634230620745918
      ], 
      "visibility": 0.82178500142572
    }, 
    {
      "bounding_box": {
        "bottom_right": [
          498, 
          363
        ], 
        "top_left": [
          309, 
          213
        ]
      }, 
      "class": "019_pitcher_base", 
      "cuboid": [
        [
          -34.98206406812765, 
          31.7806720387117, 
          69.39341513941727
        ], 
        [
          -19.355308758385238, 
          31.63523908690159, 
          79.95518306197336
        ], 
        [
          -25.407095745343316, 
          9.81766487715309, 
          88.6087343313614
        ], 
        [
          -41.03385105508573, 
          9.963097828963205, 
          78.04696640880533
        ], 
        [
          -28.309851792623146, 
          25.982734977428702, 
          59.441649443001296
        ], 
        [
          -12.683096482880735, 
          25.83730202561858, 
          70.00341736555737
        ], 
        [
          -18.734883469838813, 
          4.019727815870086, 
          78.65696863494543
        ], 
        [
          -34.36163877958123, 
          4.165160767680201, 
          68.09520071238934
        ]
      ], 
      "cuboid_centroid": [
        -26.85847376898323, 
        17.900199927290895, 
        74.02519188718135
      ], 
      "location": [
        -26.85847376898323, 
        17.900199927290895, 
        74.02519188718135
      ], 
      "pose_transform_permuted": [
        [
          -0.5012705764403494, 
          0.4355879478751208, 
          0.7476571669573472, 
          0.0
        ], 
        [
          -0.8284869916603658, 
          0.007710449568397027, 
          -0.5599554839972517, 
          0.0
        ], 
        [
          0.2496745605401829, 
          0.9001131838597409, 
          -0.3570138233471455, 
          0.0
        ], 
        [
          -26.85847376898323, 
          17.900199927290895, 
          74.02519188718135, 
          1.0
        ]
      ], 
      "projected_cuboid": [
        [
          210.5036910392908, 
          517.5352859430695
        ], 
        [
          351.41678302908815, 
          484.30090724713506
        ], 
        [
          327.4020905557185, 
          332.37724703520524
        ], 
        [
          198.86309972403433, 
          341.3675336399228
        ], 
        [
          225.48002344534603, 
          506.40761583941435
        ], 
        [
          384.1659267443282, 
          470.12748753984357
        ], 
        [
          353.5099284082919, 
          300.541587348655
        ], 
        [
          210.2350239622213, 
          305.9079530183375
        ]
      ], 
      "projected_cuboid_centroid": [
        286.4807796531126, 
        402.2497587516347
      ], 
      "quaternion_xyzw": [
        -0.2845915173075964, 
        0.21255390260565157, 
        0.9322362016245472, 
        0.06902355048539517
      ], 
      "visibility": 0.3303033562822719
    }, 
    {
      "bounding_box": {
        "bottom_right": [
          441, 
          500
        ], 
        "top_left": [
          271, 
          340
        ]
      }, 
      "class": "035_power_drill", 
      "cuboid": [
        [
          3.5283597620148766, 
          16.654100853956056, 
          60.44170544443919
        ], 
        [
          -13.05753875153246, 
          17.11162866121643, 
          52.40502778543228
        ], 
        [
          -16.540570067213306, 
          -0.16399343517519843, 
          58.60972879075811
        ], 
        [
          0.04532844633403088, 
          -0.6215212424355729, 
          66.64640644976501
        ], 
        [
          1.2702544698248857, 
          18.827572367903556, 
          65.22566414318315
        ], 
        [
          -15.31564404372245, 
          19.285100175163933, 
          57.18898648417624
        ], 
        [
          -18.798675359403298, 
          2.0094780787723048, 
          63.39368748950207
        ], 
        [
          -2.2127768458559594, 
          1.5519502715119302, 
          71.43036514850898
        ]
      ], 
      "cuboid_centroid": [
        -7.63515779869421, 
        9.33178946636418, 
        61.917696466970625
      ], 
      "location": [
        -7.63515779869421, 
        9.33178946636418, 
        61.917696466970625
      ], 
      "pose_transform_permuted": [
        [
          0.3948288640322805, 
          -0.3800306796261703, 
          -0.8364733855127531, 
          0.0
        ], 
        [
          0.8996424682040322, 
          -0.024816951910051677, 
          0.43592070211955153, 
          0.0
        ], 
        [
          0.1864218573563462, 
          0.924640999837271, 
          -0.3320934499055817, 
          0.0
        ], 
        [
          -7.63515779869421, 
          9.33178946636418, 
          61.917696466970625, 
          1.0
        ]
      ], 
      "projected_cuboid": [
        [
          512.9897127837257, 
          420.2373571254576
        ], 
        [
          347.60468709997434, 
          447.42949812535164
        ], 
        [
          329.8317632398814, 
          271.7942787218389
        ], 
        [
          481.9628203744061, 
          268.31298475321137
        ], 
        [
          492.0698968897324, 
          427.230743521952
        ], 
        [
          337.5797891533096, 
          453.13098389897254
        ], 
        [
          322.129279935762, 
          290.1919122198383
        ], 
        [
          464.9381627085246, 
          284.87384360677083
        ]
      ], 
      "projected_cuboid_centroid": [
        415.28463552419635, 
        353.6646261924052
      ], 
      "quaternion_xyzw": [
        0.9566552217954565, 
        -0.05520243982726179, 
        0.21709743155759817, 
        0.18609738213607224
      ], 
      "visibility": 0.9400136850908538
    }, 
    {
      "bounding_box": {
        "bottom_right": [
          306, 
          339
        ], 
        "top_left": [
          246, 
          258
        ]
      }, 
      "class": "061_foam_brick", 
      "cuboid": [
        [
          -23.212086571419537, 
          -3.135060558735006, 
          57.09861477599364
        ], 
        [
          -16.429301266991967, 
          -3.178274892934823, 
          60.92425866884676
        ], 
        [
          -15.244350853121844, 
          1.3606877605074996, 
          58.87463872923458
        ], 
        [
          -22.027136157549414, 
          1.4039020947073166, 
          55.04899483638147
        ], 
        [
          -25.48976570253709, 
          -0.7045179302099027, 
          61.16434678237269
        ], 
        [
          -18.70698039810951, 
          -0.7477322644097198, 
          64.98999067522581
        ], 
        [
          -17.52202998423939, 
          3.791230389032603, 
          62.94037073561364
        ], 
        [
          -24.304815288666962, 
          3.8344447232324197, 
          59.11472684276051
        ]
      ], 
      "cuboid_centroid": [
        -20.367058277829464, 
        0.32808491514879845, 
        60.01949275580364
      ], 
      "location": [
        -20.367058277829464, 
        0.32808491514879845, 
        60.01949275580364
      ], 
      "pose_transform_permuted": [
        [
          0.43334838526132535, 
          -0.46243200325736, 
          -0.7735410909284567, 
          0.0
        ], 
        [
          -0.8709948770804156, 
          0.005549263615923672, 
          -0.49126075537640157, 
          0.0
        ], 
        [
          -0.23146727866174455, 
          -0.8866373824945043, 
          0.4003711414078447, 
          0.0
        ], 
        [
          -20.367058277829464, 
          0.32808491514879845, 
          60.01949275580364, 
          1.0
        ]
      ], 
      "projected_cuboid": [
        [
          262.981871765384, 
          244.004055438552
        ], 
        [
          336.5795136589197, 
          245.46451309120775
        ], 
        [
          342.35437410154003, 
          285.612412838984
        ], 
        [
          266.41782238536865, 
          286.8876669791182
        ], 
        [
          257.4880981263626, 
          267.1435277370354
        ], 
        [
          326.8049105601737, 
          267.15051218060955
        ], 
        [
          331.8884300424794, 
          305.4111884585983
        ], 
        [
          260.4972548871896, 
          307.88002374559306
        ]
      ], 
      "projected_cuboid_centroid": [
        299.111836589655, 
        276.2018260346649
      ], 
      "quaternion_xyzw": [
        0.06306510793128162, 
        0.9395708262956254, 
        -0.22957373742299803, 
        0.24601901069106022
      ], 
      "visibility": 0.9969019694622704
    }
  ]
}