{
  "camera_data": {
    "location_worldframe": [
      -15.368085624142807, 
      0.5384139648953151, 
      69.68574751629352
    ], 
    "quaternion_xyzw_worldframe": [
      -0.8424634435637787, 
      -0.0484175707983616, 
      -0.09301276436285705, 
      0.5284591601911985
    ]
  }, 
  "objects": [
    {
      "bounding_box": {
        "bottom_right": [
          503, 
          311
        ], 
        "top_left": [
          291, 
          132
        ]
      }, 
      "class": "003_cracker_box", 
      "cuboid": [
        [
          -17.84393708301974, 
          21.34463476372376, 
          54.2350291349014
        ], 
        [
          -33.901902280897, 
          22.365696799969708, 
          51.04484078481042
        ], 
        [
          -36.67992320561062, 
          2.642700264863171, 
          58.715535314279336
        ], 
        [
          -20.621958007733358, 
          1.621638228617224, 
          61.90572366437031
        ], 
        [
          -18.97365783264855, 
          24.052424754092307, 
          60.788196455431276
        ], 
        [
          -35.031623030525814, 
          25.073486790338258, 
          57.59800810534029
        ], 
        [
          -37.80964395523943, 
          5.350490255231718, 
          65.2687026348092
        ], 
        [
          -21.751678757362168, 
          4.329428218985772, 
          68.4588909849002
        ]
      ], 
      "cuboid_centroid": [
        -27.826790519129585, 
        13.34756250947774, 
        59.751865884855306
      ], 
      "location": [
        -27.826790519129585, 
        13.34756250947774, 
        59.751865884855306
      ], 
      "pose_transform_permuted": [
        [
          0.15734272655132014, 
          -0.37712953413748207, 
          -0.9126974202235056, 
          0.0
        ], 
        [
          0.9789292911144476, 
          -0.06224621382653467, 
          0.1944809807215777, 
          0.0
        ], 
        [
          0.13015648043628825, 
          0.9240664063504891, 
          -0.35938915851056363, 
          0.0
        ], 
        [
          -27.826790519129585, 
          13.34756250947774, 
          59.751865884855306, 
          1.0
        ]
      ], 
      "projected_cuboid": [
        [
          304.6666340551717, 
          483.1787773091718
        ], 
        [
          124.43613172486228, 
          506.9646905880261
        ], 
        [
          145.6528803710822, 
          297.2904714576296
        ], 
        [
          302.4577854094701, 
          287.2569977862416
        ], 
        [
          313.7462187084681, 
          484.30824765681297
        ], 
        [
          154.5241898136503, 
          505.45049579077806
        ], 
        [
          170.07462073742988, 
          317.00613278704134
        ], 
        [
          310.73145917558827, 
          307.0143536077236
        ]
      ], 
      "projected_cuboid_centroid": [
        231.1572468237805, 
        392.4211686492573
      ], 
      "quaternion_xyzw": [
        0.9766899607460449, 
        -0.049248661805599, 
        0.09005511508589614, 
        0.18852417917899342
      ], 
      "visibility": 0.3769684146894363
    }, 
    {
      "bounding_box": {
        "bottom_right": [
          476, 
          356
        ], 
        "top_left": [
          326, 
          280
        ]
      }, 
      "class": "006_mustard_bottle", 
      "cuboid": [
        [
          -14.842609435637966, 
          24.6791882348673, 
          66.56000019985336
        ], 
        [
          -23.563213130695175, 
          23.906313053384785, 
          62.615408591358445
        ], 
        [
          -25.577218931902003, 
          6.576735973043167, 
          70.46335573909042
        ], 
        [
          -16.856615236844792, 
          7.349611154525684, 
          74.40794734758535
        ], 
        [
          -17.202555389900176, 
          27.101274936920728, 
          71.30274281208455
        ], 
        [
          -25.923159084957387, 
          26.328399755438213, 
          67.35815120358963
        ], 
        [
          -27.93716488616421, 
          8.998822675096594, 
          75.2060983513216
        ], 
        [
          -19.216561191107004, 
          9.771697856579111, 
          79.15068995981652
        ]
      ], 
      "cuboid_centroid": [
        -21.38988716090109, 
        16.839005454981947, 
        70.88304927558748
      ], 
      "location": [
        -21.38988716090109, 
        16.839005454981947, 
        70.88304927558748
      ], 
      "pose_transform_permuted": [
        [
          0.40514788122866674, 
          -0.41581600363210824, 
          -0.8142186972917762, 
          0.0
        ], 
        [
          0.9081691923928826, 
          0.08048771093511728, 
          0.4107922685945509, 
          0.0
        ], 
        [
          0.10527941698481819, 
          0.9058800975243427, 
          -0.41024077475139314, 
          0.0
        ], 
        [
          -21.38988716090109, 
          16.839005454981947, 
          70.88304927558748, 
          1.0
        ]
      ], 
      "projected_cuboid": [
        [
          361.67787948352816, 
          471.0313448158958
        ], 
        [
          279.2275812840122, 
          476.9058259429238
        ], 
        [
          286.396203723876, 
          323.06421392348847
        ], 
        [
          359.7702823181053, 
          325.96493722676587
        ], 
        [
          351.85570238360947, 
          475.9945977661358
        ], 
        [
          274.6355962098768, 
          481.74610719813455
        ], 
        [
          281.8313271568052, 
          337.1011549250522
        ], 
        [
          351.0362974899529, 
          339.1285139691482
        ]
      ], 
      "projected_cuboid_centroid": [
        319.31974359161177, 
        399.98215085429416
      ], 
      "quaternion_xyzw": [
        0.952400649307974, 
        -0.006507688247512973, 
        0.21417985970927517, 
        0.21683541978465795
      ], 
      "visibility": 0.029700734048560135
    }, 
    {
      "bounding_box": {
        "bottom_right": [
          378, 
          288
        ], 
        "top_left": [
          286, 
          168
        ]
      }, 
      "class": "008_pudding_box", 
      "cuboid": [
        [
          -20.167477016764497, 
          9.588706198061553, 
          55.695347325630195
        ], 
        [
          -31.178189297047965, 
          10.123232484022276, 
          52.92932720402768
        ], 
        [
          -32.39685289791503, 
          1.839453251608613, 
          56.17967662499217
        ], 
        [
          -21.386140617631565, 
          1.3049269656478888, 
          58.94569674659469
        ], 
        [
          -20.965520018615795, 
          11.064506702259102, 
          59.15732747984814
        ], 
        [
          -31.976232298899266, 
          11.599032988219827, 
          56.391307358245626
        ], 
        [
          -33.19489589976634, 
          3.315253755806164, 
          59.641656779210116
        ], 
        [
          -22.184183619482862, 
          2.7807274698454396, 
          62.40767690081264
        ]
      ], 
      "cuboid_centroid": [
        -26.681186458265415, 
        6.451979976933858, 
        57.66850205242016
      ], 
      "location": [
        -26.681186458265415, 
        6.451979976933858, 
        57.66850205242016
      ], 
      "pose_transform_permuted": [
        [
          0.20744014915535305, 
          -0.3836137601659333, 
          -0.8998934617531554, 
          0.0
        ], 
        [
          0.9687922973025116, 
          -0.04703101265044928, 
          0.24337199263581985, 
          0.0
        ], 
        [
          0.13568295629194846, 
          0.9222952541817435, 
          -0.3618857723366031, 
          0.0
        ], 
        [
          -26.681186458265415, 
          6.451979976933858, 
          57.66850205242016, 
          1.0
        ]
      ], 
      "projected_cuboid": [
        [
          286.8708668107426, 
          365.1047066123264
        ], 
        [
          164.8254562557682, 
          375.288932758003
        ], 
        [
          171.4873848479468, 
          290.74866130334664
        ], 
        [
          286.4904279193718, 
          285.0930504802179
        ], 
        [
          291.0120179953722, 
          373.036110077188
        ], 
        [
          176.66235554570451, 
          382.9841443725599
        ], 
        [
          182.29249651407838, 
          302.9317531990219
        ], 
        [
          290.4370018169384, 
          297.04990314382627
        ]
      ], 
      "projected_cuboid_centroid": [
        232.79258277543676, 
        332.9545915889164
      ], 
      "quaternion_xyzw": [
        0.9735220867085415, 
        -0.04692085866283477, 
        0.11576833950305117, 
        0.19144391860257004
      ], 
      "visibility": 0.7851558634339436
    }, 
    {
      "bounding_box": {
        "bottom_right": [
          519, 
          287
        ], 
        "top_left": [
          313, 
          112
        ]
      }, 
      "class": "019_pitcher_base", 
      "cuboid": [
        [
          -43.64068261087423, 
          31.758641081923866, 
          65.75704470370565
        ], 
        [
          -25.774665296386285, 
          31.817781470684725, 
          71.80431695132302
        ], 
        [
          -28.869842524470297, 
          9.674889108152044, 
          81.16523653506945
        ], 
        [
          -46.73585983895824, 
          9.615748719391188, 
          75.11796428745208
        ], 
        [
          -39.72605112423667, 
          26.344568255994805, 
          54.24463370288935
        ], 
        [
          -21.860033809748717, 
          26.403708644755664, 
          60.29190595050673
        ], 
        [
          -24.95521103783273, 
          4.260816282222982, 
          69.65282553425315
        ], 
        [
          -42.82122835232068, 
          4.201675893462125, 
          63.60555328663578
        ]
      ], 
      "cuboid_centroid": [
        -34.29794682435348, 
        18.009728682073426, 
        67.7049351189794
      ], 
      "location": [
        -34.29794682435348, 
        18.009728682073426, 
        67.7049351189794
      ], 
      "pose_transform_permuted": [
        [
          -0.2940987937482819, 
          0.4067489603571233, 
          0.8649054706762991, 
          0.0
        ], 
        [
          -0.9472064190193116, 
          -0.003135458500432229, 
          -0.32060951188352116, 
          0.0
        ], 
        [
          0.12769567334099075, 
          0.9135346190502354, 
          -0.3861972485747822, 
          0.0
        ], 
        [
          -34.29794682435348, 
          18.009728682073426, 
          67.7049351189794, 
          1.0
        ]
      ], 
      "projected_cuboid": [
        [
          124.70163793081521, 
          530.8635823910839
        ], 
        [
          288.5628873636264, 
          509.61001645529467
        ], 
        [
          290.3185960412498, 
          336.858185729388
        ], 
        [
          147.0184632713386, 
          341.5560544353153
        ], 
        [
          87.7656537676408, 
          532.299701164848
        ], 
        [
          286.61999173008184, 
          506.84384002050115
        ], 
        [
          288.9270022304983, 
          305.91086795189
        ], 
        [
          119.55767760750923, 
          308.516732836014
        ]
      ], 
      "projected_cuboid_centroid": [
        209.17672551315619, 
        415.15124809259396
      ], 
      "quaternion_xyzw": [
        -0.15923490101455617, 
        0.2054058972887368, 
        0.965096693179736, 
        0.03226625262546643
      ], 
      "visibility": 0.15997154573604486
    }, 
    {
      "bounding_box": {
        "bottom_right": [
          486, 
          381
        ], 
        "top_left": [
          280, 
          164
        ]
      }, 
      "class": "035_power_drill", 
      "cuboid": [
        [
          -8.576321391084717, 
          17.85392286549333, 
          46.543393078905936
        ], 
        [
          -26.704448833666838, 
          18.029814192607258, 
          43.19233255163456
        ], 
        [
          -28.064947661198573, 
          0.5448138780632314, 
          49.63443992962195
        ], 
        [
          -9.936820218616456, 
          0.36892255094930354, 
          52.985500456893334
        ], 
        [
          -9.53037527595753, 
          19.868661205546857, 
          51.810260209347256
        ], 
        [
          -27.65850271853965, 
          20.044552532660788, 
          48.45919968207587
        ], 
        [
          -29.019001546071387, 
          2.5595522181167576, 
          54.90130706006327
        ], 
        [
          -10.890874103489269, 
          2.3836608910028296, 
          58.25236758733465
        ]
      ], 
      "cuboid_centroid": [
        -18.797661468578053, 
        10.206737541805044, 
        50.7223500694846
      ], 
      "location": [
        -18.797661468578053, 
        10.206737541805044, 
        50.7223500694846
      ], 
      "pose_transform_permuted": [
        [
          0.1668159642035963, 
          -0.3522762436618424, 
          -0.9209097438075263, 
          0.0
        ], 
        [
          0.9832951349027487, 
          -0.009540593024321673, 
          0.18176623722815394, 
          0.0
        ], 
        [
          0.07281781166243126, 
          0.9358475244935969, 
          -0.34480012203354976, 
          0.0
        ], 
        [
          -18.797661468578053, 
          10.206737541805044, 
          50.7223500694846, 
          1.0
        ]
      ], 
      "projected_cuboid": [
        [
          382.50594694292334, 
          477.86652389806375
        ], 
        [
          149.1146387589665, 
          495.9106108619495
        ], 
        [
          177.5275754988588, 
          279.14053594668945
        ], 
        [
          380.74562259446225, 
          276.9998863389692
        ], 
        [
          382.6766452534303, 
          477.80869381494773
        ], 
        [
          174.6636561098945, 
          493.8876306883966
        ], 
        [
          197.35292810301476, 
          298.150414547751
        ], 
        [
          381.05660254402954, 
          295.1097373716587
        ]
      ], 
      "projected_cuboid_centroid": [
        282.30216373392125, 
        380.60516584224524
      ], 
      "quaternion_xyzw": [
        0.9798025825649613, 
        -0.021014030313931256, 
        0.08894194800936826, 
        0.17786143303239754
      ], 
      "visibility": 0.918682951748479
    }, 
    {
      "bounding_box": {
        "bottom_right": [
          316, 
          206
        ], 
        "top_left": [
          248, 
          98
        ]
      }, 
      "class": "061_foam_brick", 
      "cuboid": [
        [
          -34.836277066669474, 
          -2.5727100451265623, 
          49.86212630705577
        ], 
        [
          -27.282937254848832, 
          -2.511775937137873, 
          51.75604813258402
        ], 
        [
          -26.776460566698056, 
          2.0979358857713306, 
          49.58780699663492
        ], 
        [
          -34.329800378518705, 
          2.037001777782642, 
          47.69388517110666
        ], 
        [
          -36.0047299296863, 
          -0.2870139515432581, 
          54.44861164070581
        ], 
        [
          -28.45139011786565, 
          -0.22607984355456895, 
          56.34253346623406
        ], 
        [
          -27.94491342971488, 
          4.383631979354635, 
          54.17429233028494
        ], 
        [
          -35.49825324153552, 
          4.322697871365945, 
          52.280370504756704
        ]
      ], 
      "cuboid_centroid": [
        -31.390595248192177, 
        0.9054609671140363, 
        52.01820931867036
      ], 
      "location": [
        -31.390595248192177, 
        0.9054609671140363, 
        52.01820931867036
      ], 
      "pose_transform_permuted": [
        [
          0.22230838159976962, 
          -0.4348736825219327, 
          -0.87261896823316, 
          0.0
        ], 
        [
          -0.9699437599254151, 
          -0.007824705267166387, 
          -0.24320336463386139, 
          0.0
        ], 
        [
          -0.09893475654308825, 
          -0.9004574694216798, 
          0.4235425122823735, 
          0.0
        ], 
        [
          -31.390595248192177, 
          0.9054609671140363, 
          52.01820931867036, 
          1.0
        ]
      ], 
      "projected_cuboid": [
        [
          105.88713233373406, 
          245.76912646076053
        ], 
        [
          198.11750514932942, 
          247.40397267463158
        ], 
        [
          191.2148584354759, 
          295.8499534636985
        ], 
        [
          94.517439984499, 
          296.06457200295495
        ], 
        [
          125.99482976539412, 
          270.47526040448935
        ], 
        [
          210.04140907906825, 
          271.14654177412626
        ], 
        [
          204.20038743578104, 
          316.4412646874485
        ], 
        [
          116.45651816201119, 
          317.3830010453673
        ]
      ], 
      "projected_cuboid_centroid": [
        157.08123427995915, 
        282.5698268889925
      ], 
      "quaternion_xyzw": [
        0.02354643755467683, 
        0.9673443282487697, 
        -0.22184866591359936, 
        0.12030663038991746
      ], 
      "visibility": 1.0
    }
  ]
}