{
  "camera_data": {
    "location_worldframe": [
      -23.059355110594467, 
      11.16430936723298, 
      78.24017904831294
    ], 
    "quaternion_xyzw_worldframe": [
      0.940372255184146, 
      0.03630931580018991, 
      -0.11404104639945552, 
      -0.31839732429830586
    ]
  }, 
  "objects": [
    {
      "bounding_box": {
        "bottom_right": [
          503, 
          269
        ], 
        "top_left": [
          325, 
          39
        ]
      }, 
      "class": "003_cracker_box", 
      "cuboid": [
        [
          -34.8286223202653, 
          21.842123675367908, 
          57.61926634704053
        ], 
        [
          -50.87910418639948, 
          20.2891981601215, 
          60.627350437645475
        ], 
        [
          -46.59695033125843, 
          6.531587141425914, 
          76.37361490149726
        ], 
        [
          -30.546468465124242, 
          8.08451265667232, 
          73.36553081089232
        ], 
        [
          -34.48140195334906, 
          27.289283350249598, 
          62.28405862838425
        ], 
        [
          -50.531883819483234, 
          25.736357835003194, 
          65.2921427189892
        ], 
        [
          -46.24972996434218, 
          11.978746816307607, 
          81.03840718284098
        ], 
        [
          -30.199248098208, 
          13.531672331554013, 
          78.03032309223605
        ]
      ], 
      "cuboid_centroid": [
        -40.53917614230374, 
        16.910435245837757, 
        69.32883676494076
      ], 
      "location": [
        -40.53917614230374, 
        16.910435245837757, 
        69.32883676494076
      ], 
      "pose_transform_permuted": [
        [
          -0.04835938373505358, 
          -0.7586573544726823, 
          -0.6496925338260217, 
          0.0
        ], 
        [
          0.9784730905592617, 
          0.0946697950245067, 
          -0.18337949983960705, 
          0.0
        ], 
        [
          -0.20062846521910194, 
          0.644574781087911, 
          -0.7377476333606897, 
          0.0
        ], 
        [
          -40.53917614230374, 
          16.910435245837757, 
          69.32883676494076, 
          1.0
        ]
      ], 
      "projected_cuboid": [
        [
          156.53947878311882, 
          475.4555872011694
        ], 
        [
          30.299902163946935, 
          451.76418260094823
        ], 
        [
          153.49732861618793, 
          318.8968359384459
        ], 
        [
          257.6936715415391, 
          332.0556748300737
        ], 
        [
          183.88273154227468, 
          506.9564294737319
        ], 
        [
          65.40259699231918, 
          483.50637548901074
        ], 
        [
          174.68777171910946, 
          352.1195318798957
        ], 
        [
          273.4719665882177, 
          365.7724532190586
        ]
      ], 
      "projected_cuboid_centroid": [
        167.1462394129468, 
        403.3718920330343
      ], 
      "quaternion_xyzw": [
        0.9045358485810823, 
        0.08161596378596657, 
        -0.06404911533859668, 
        0.41358366011162984
      ], 
      "visibility": 0.39506223386832623
    }, 
    {
      "bounding_box": {
        "bottom_right": [
          524, 
          312
        ], 
        "top_left": [
          390, 
          202
        ]
      }, 
      "class": "006_mustard_bottle", 
      "cuboid": [
        [
          -29.037399599963653, 
          30.840317742751523, 
          65.20405596545633
        ], 
        [
          -38.129310949998725, 
          27.77441643918226, 
          65.58282371762299
        ], 
        [
          -33.632678349298295, 
          16.241595590871164, 
          80.16826420186857
        ], 
        [
          -24.540766999263226, 
          19.307496894440423, 
          79.78949644970191
        ], 
        [
          -30.31686054017001, 
          35.09932686300824, 
          68.96614014862296
        ], 
        [
          -39.40877189020508, 
          32.033425559438975, 
          69.34490790078961
        ], 
        [
          -34.91213928950465, 
          20.500604711127878, 
          83.93034838503519
        ], 
        [
          -25.820227939469582, 
          23.56650601469714, 
          83.55158063286854
        ]
      ], 
      "cuboid_centroid": [
        -31.974769444734154, 
        25.6704612269397, 
        74.56720217524577
      ], 
      "location": [
        -31.974769444734154, 
        25.6704612269397, 
        74.56720217524577
      ], 
      "pose_transform_permuted": [
        [
          0.21965371202812167, 
          -0.7311728974509618, 
          -0.6458624330192965, 
          0.0
        ], 
        [
          0.9468374067668107, 
          0.3192849036812601, 
          -0.03944511362035922, 
          0.0
        ], 
        [
          -0.2350553599761214, 
          0.6028625410974473, 
          -0.7624340852086983, 
          0.0
        ], 
        [
          -31.974769444734154, 
          25.6704612269397, 
          74.56720217524577, 
          1.0
        ]
      ], 
      "projected_cuboid": [
        [
          242.11398104716173, 
          525.5368797721908
        ], 
        [
          168.9455196332831, 
          499.1481181711599
        ], 
        [
          255.99103385051873, 
          381.3337942965573
        ], 
        [
          316.1975860966706, 
          402.3394416090732
        ], 
        [
          245.20111165051554, 
          544.7118828220671
        ], 
        [
          175.98530680753697, 
          519.6500228294608
        ], 
        [
          257.9057267366998, 
          403.55376753155775
        ], 
        [
          315.41003334850836, 
          423.71432246327936
        ]
      ], 
      "projected_cuboid_centroid": [
        251.00131139258542, 
        456.8868244611043
      ], 
      "quaternion_xyzw": [
        0.8938067997173039, 
        0.15505035982963825, 
        0.05040479622239376, 
        0.41776561308664883
      ], 
      "visibility": 0.9422816956390554
    }, 
    {
      "bounding_box": {
        "bottom_right": [
          389, 
          243
        ], 
        "top_left": [
          310, 
          120
        ]
      }, 
      "class": "008_pudding_box", 
      "cuboid": [
        [
          -33.847141138774326, 
          12.112549283904318, 
          64.69782346870943
        ], 
        [
          -44.99230934889745, 
          10.62548510280431, 
          66.35500066865775
        ], 
        [
          -43.232977763862564, 
          4.857927878108605, 
          73.01164747734225
        ], 
        [
          -32.08780955373945, 
          6.344992059208613, 
          71.35447027739392
        ], 
        [
          -33.8599898988056, 
          15.018395305167115, 
          67.2189462660498
        ], 
        [
          -45.005158108928725, 
          13.531331124067108, 
          68.87612346599813
        ], 
        [
          -43.24582652389385, 
          7.763773899371403, 
          75.53277027468262
        ], 
        [
          -32.100658313770715, 
          9.25083808047141, 
          73.8755930747343
        ]
      ], 
      "cuboid_centroid": [
        -38.546483831334086, 
        9.93816159163786, 
        70.11529687169602
      ], 
      "location": [
        -38.546483831334086, 
        9.93816159163786, 
        70.11529687169602
      ], 
      "pose_transform_permuted": [
        [
          0.0033398559866642166, 
          -0.7553341495068506, 
          -0.6553307126383374, 
          0.0
        ], 
        [
          0.9806225827408621, 
          0.1308413377419635, 
          -0.145808960011618, 
          0.0
        ], 
        [
          -0.19587957692794863, 
          0.6421453912900277, 
          -0.7411344011186195, 
          0.0
        ], 
        [
          -38.546483831334086, 
          9.93816159163786, 
          70.11529687169602, 
          1.0
        ]
      ], 
      "projected_cuboid": [
        [
          200.2618767388009, 
          373.13316942733024
        ], 
        [
          116.96373621786272, 
          358.68747579945665
        ], 
        [
          163.166508654752, 
          308.77167166277536
        ], 
        [
          239.76681905582092, 
          320.71045560126004
        ], 
        [
          210.7108796669712, 
          392.44348358944177
        ], 
        [
          130.21035582264187, 
          378.0619450700873
        ], 
        [
          173.70356352008474, 
          328.1047664773604
        ], 
        [
          247.92613298606096, 
          340.0698002703724
        ]
      ], 
      "projected_cuboid_centroid": [
        185.95670325502337, 
        348.87940336199057
      ], 
      "quaternion_xyzw": [
        0.9052760196024784, 
        0.09022687765809281, 
        -0.039344106366452275, 
        0.41326305961429155
      ], 
      "visibility": 0.4301008533747091
    }, 
    {
      "bounding_box": {
        "bottom_right": [
          539, 
          248
        ], 
        "top_left": [
          360, 
          52
        ]
      }, 
      "class": "019_pitcher_base", 
      "cuboid": [
        [
          -57.511321896248404, 
          35.00876299914668, 
          72.41145152632339
        ], 
        [
          -39.1604988679313, 
          38.98021759281781, 
          70.61078040205751
        ], 
        [
          -34.10151711604688, 
          23.89494062007557, 
          88.8961773623392
        ], 
        [
          -52.45234014436397, 
          19.923486026404436, 
          90.69684848660508
        ], 
        [
          -56.187905802717474, 
          24.97420742920293, 
          63.76689279556981
        ], 
        [
          -37.83708277440038, 
          28.945662022874064, 
          61.966221671303934
        ], 
        [
          -32.77810102251595, 
          13.860385050131821, 
          80.25161863158561
        ], 
        [
          -51.12892405083305, 
          9.888930456460685, 
          82.05228975585149
        ]
      ], 
      "cuboid_centroid": [
        -45.14471145938217, 
        24.43457402463925, 
        76.3315350789545
      ], 
      "location": [
        -45.14471145938217, 
        24.43457402463925, 
        76.3315350789545
      ], 
      "pose_transform_permuted": [
        [
          -0.09942572578366064, 
          0.7538770121770576, 
          0.649449202020428, 
          0.0
        ], 
        [
          -0.9729094660965036, 
          -0.21055544824299, 
          0.09546656187690153, 
          0.0
        ], 
        [
          -0.2087150536535068, 
          0.6223632634316398, 
          -0.7543884905730823, 
          0.0
        ], 
        [
          -45.14471145938217, 
          24.43457402463925, 
          76.3315350789545, 
          1.0
        ]
      ], 
      "projected_cuboid": [
        [
          54.488940727502936, 
          531.1305460283529
        ], 
        [
          183.3549721898172, 
          567.7021113563525
        ], 
        [
          275.3050844231755, 
          416.6407310358241
        ], 
        [
          170.59418805727535, 
          390.44149364108455
        ], 
        [
          7.748765477096632, 
          482.160348704381
        ], 
        [
          153.23395275822514, 
          522.4107864556798
        ], 
        [
          261.95186314445516, 
          365.39701380202524
        ], 
        [
          146.50226910132758, 
          337.5621393661236
        ]
      ], 
      "projected_cuboid_centroid": [
        163.5476365389925, 
        444.0080729316477
      ], 
      "quaternion_xyzw": [
        -0.00109896723355304, 
        0.4186576777463169, 
        0.9006555850529896, 
        -0.11637925441605664
      ], 
      "visibility": 0.1756607108079152
    }, 
    {
      "bounding_box": {
        "bottom_right": [
          452, 
          269
        ], 
        "top_left": [
          291, 
          50
        ]
      }, 
      "class": "035_power_drill", 
      "cuboid": [
        [
          -27.825749487441094, 
          15.62921377041021, 
          49.27706234124253
        ], 
        [
          -45.64591000301404, 
          13.140578072937636, 
          53.29429031029898
        ], 
        [
          -40.94082875296568, 
          0.8354405247849819, 
          66.54278988120612
        ], 
        [
          -23.12066823739273, 
          3.3240762222575535, 
          62.52556191214966
        ], 
        [
          -27.552420666729287, 
          19.86303119623356, 
          53.112340704596164
        ], 
        [
          -45.372581182302234, 
          17.374395498760993, 
          57.12956867365262
        ], 
        [
          -40.667499932253875, 
          5.069257950608335, 
          70.37806824455976
        ], 
        [
          -22.847339416680928, 
          7.557893648080906, 
          66.36084027550329
        ]
      ], 
      "cuboid_centroid": [
        -34.24662470984748, 
        10.349235860509271, 
        59.82756529290114
      ], 
      "location": [
        -34.24662470984748, 
        10.349235860509271, 
        59.82756529290114
      ], 
      "pose_transform_permuted": [
        [
          -0.04779144186153603, 
          -0.7402813901280483, 
          -0.670596984422236, 
          0.0
        ], 
        [
          0.9665905755378493, 
          0.1349871012116812, 
          -0.21790009642638633, 
          0.0
        ], 
        [
          -0.2518294859129274, 
          0.658606365789601, 
          -0.709097815478721, 
          0.0
        ], 
        [
          -34.24662470984748, 
          10.349235860509271, 
          59.82756529290114, 
          1.0
        ]
      ], 
      "projected_cuboid": [
        [
          177.93272442023246, 
          442.439595759224
        ], 
        [
          21.00874306641594, 
          404.78519533634307
        ], 
        [
          150.7347081590716, 
          279.98233166904635
        ], 
        [
          282.7429834127675, 
          301.63966094535755
        ], 
        [
          202.62799633503047, 
          472.73817911714633
        ], 
        [
          54.50227173349767, 
          435.4810999285349
        ], 
        [
          170.8536982697929, 
          311.7009844793247
        ], 
        [
          296.4505732109579, 
          334.0267678114408
        ]
      ], 
      "projected_cuboid_centroid": [
        173.76902343155314, 
        365.54250942611617
      ], 
      "quaternion_xyzw": [
        0.9077160797503927, 
        0.10653567667077597, 
        -0.07317583774680492, 
        0.3991829708484741
      ], 
      "visibility": 0.8283032880966849
    }, 
    {
      "bounding_box": {
        "bottom_right": [
          320, 
          188
        ], 
        "top_left": [
          259, 
          100
        ]
      }, 
      "class": "061_foam_brick", 
      "cuboid": [
        [
          -46.4176032991492, 
          -2.1732122698487344, 
          70.61380997281633
        ], 
        [
          -38.87064803651697, 
          -0.7802480270048249, 
          69.2921776330375
        ], 
        [
          -40.118540352091856, 
          2.2471522251585982, 
          65.35709900212542
        ], 
        [
          -47.665495614724094, 
          0.8541879823146886, 
          66.67873134190424
        ], 
        [
          -46.61277016640892, 
          1.9596404303245412, 
          73.85525639281089
        ], 
        [
          -39.06581490377668, 
          3.3526046731684507, 
          72.53362405303207
        ], 
        [
          -40.31370721935158, 
          6.380004925331874, 
          68.59854542211998
        ], 
        [
          -47.86066248198381, 
          4.987040682487964, 
          69.9201777618988
        ]
      ], 
      "cuboid_centroid": [
        -43.36565525925039, 
        2.10339632774157, 
        69.60617769746815
      ], 
      "location": [
        -43.36565525925039, 
        2.10339632774157, 
        69.60617769746815
      ], 
      "pose_transform_permuted": [
        [
          0.03713220428112407, 
          -0.7863113902546303, 
          -0.6167135453036972, 
          0.0
        ], 
        [
          -0.9691239035705425, 
          -0.17887411513398, 
          0.169714202302664, 
          0.0
        ], 
        [
          0.24376230006590188, 
          -0.5913699759802371, 
          0.7686751541293078, 
          0.0
        ], 
        [
          -43.36565525925039, 
          2.10339632774157, 
          69.60617769746815, 
          1.0
        ]
      ], 
      "projected_cuboid": [
        [
          128.10082158011247, 
          256.8730819967728
        ], 
        [
          179.9290226054989, 
          267.28122011228055
        ], 
        [
          151.49815438660687, 
          291.6234945835746
        ], 
        [
          97.17481153564437, 
          280.11862925716684
        ], 
        [
          142.19440784853276, 
          287.4373874742243
        ], 
        [
          191.96326330525605, 
          297.9373085747335
        ], 
        [
          165.56615277851103, 
          322.8879041105583
        ], 
        [
          113.49528537336347, 
          311.32543523794874
        ]
      ], 
      "projected_cuboid_centroid": [
        146.56230954701743, 
        289.402671489448
      ], 
      "quaternion_xyzw": [
        -0.1185534328403417, 
        0.8912361394230034, 
        -0.4361881424014779, 
        -0.03719047964868633
      ], 
      "visibility": 0.9075608493008803
    }
  ]
}