{
  "camera_data": {
    "location_worldframe": [
      -18.971975050708867, 
      13.59673654637194, 
      71.23495699869459
    ], 
    "quaternion_xyzw_worldframe": [
      0.8992798394693228, 
      0.008967527988568431, 
      -0.04513214317304795, 
      -0.4349474166055368
    ]
  }, 
  "objects": [
    {
      "bounding_box": {
        "bottom_right": [
          539, 
          282
        ], 
        "top_left": [
          381, 
          73
        ]
      }, 
      "class": "003_cracker_box", 
      "cuboid": [
        [
          -27.24749417770648, 
          30.267634713001346, 
          53.03192596230994
        ], 
        [
          -43.60245059783995, 
          30.135542036807056, 
          54.287341314927176
        ], 
        [
          -42.528804014183486, 
          12.616003654053277, 
          66.43092418881638
        ], 
        [
          -26.173847594050017, 
          12.748096330247568, 
          65.17550883619916
        ], 
        [
          -26.82933905549779, 
          34.36825154025611, 
          58.9109127342587
        ], 
        [
          -43.18429547563126, 
          34.236158864061814, 
          60.16632808687592
        ], 
        [
          -42.1106488919748, 
          16.71662048130804, 
          72.30991096076514
        ], 
        [
          -25.75569247184133, 
          16.84871315750233, 
          71.0544956081479
        ]
      ], 
      "cuboid_centroid": [
        -34.67907153484064, 
        23.492127597154695, 
        62.67091846153754
      ], 
      "location": [
        -34.67907153484064, 
        23.492127597154695, 
        62.67091846153754
      ], 
      "pose_transform_permuted": [
        [
          -0.05823887635181746, 
          -0.5711165634113398, 
          -0.8188004056413865, 
          0.0
        ], 
        [
          0.9970345368967037, 
          0.008052663477274291, 
          -0.07653291348235292, 
          0.0
        ], 
        [
          -0.050302738657584556, 
          0.8208294741346359, 
          -0.5689539602423062, 
          0.0
        ], 
        [
          -34.67907153484064, 
          23.492127597154695, 
          62.67091846153754, 
          1.0
        ]
      ], 
      "projected_cuboid": [
        [
          205.29705398709078, 
          577.6753007087552
        ], 
        [
          49.67632195763669, 
          569.3385148957522
        ], 
        [
          137.32276011387793, 
          374.57011776336543
        ], 
        [
          265.6362934116067, 
          377.60194023107766
        ], 
        [
          236.68738265069396, 
          584.4217883967859
        ], 
        [
          95.61771850841443, 
          576.7588381091432
        ], 
        [
          168.42296280026508, 
          396.5794718084291
        ], 
        [
          286.6694357821743, 
          399.7493128026659
        ]
      ], 
      "projected_cuboid_centroid": [
        184.02433040226805, 
        473.20082048245035
      ], 
      "quaternion_xyzw": [
        0.9535020210614038, 
        0.015300282759206883, 
        -0.035336000044380436, 
        0.2989166510587364
      ], 
      "visibility": 0.15942239223312119
    }, 
    {
      "bounding_box": {
        "bottom_right": [
          539, 
          336
        ], 
        "top_left": [
          420, 
          241
        ]
      }, 
      "class": "006_mustard_bottle", 
      "cuboid": [
        [
          -21.38610260657752, 
          36.39598720042456, 
          63.03805041315162
        ], 
        [
          -30.739585109282796, 
          34.52828274178073, 
          61.92894584776847
        ], 
        [
          -29.092550868295202, 
          19.397738768784485, 
          73.51836571567526
        ], 
        [
          -19.739068365589922, 
          21.265443227428314, 
          74.62747028105842
        ], 
        [
          -22.604608282179946, 
          39.77543376662716, 
          67.62324846883932
        ], 
        [
          -31.958090784885222, 
          37.90772930798333, 
          66.51414390345617
        ], 
        [
          -30.311056543897628, 
          22.777185334987088, 
          78.10356377136296
        ], 
        [
          -20.95757404119235, 
          24.64488979363092, 
          79.21266833674612
        ]
      ], 
      "cuboid_centroid": [
        -25.848579575237572, 
        29.586586267705822, 
        70.5708070922573
      ], 
      "location": [
        -25.848579575237572, 
        29.586586267705822, 
        70.5708070922573
      ], 
      "pose_transform_permuted": [
        [
          0.20918910954033504, 
          -0.5801724457077759, 
          -0.7871719578664834, 
          0.0
        ], 
        [
          0.9740775922838317, 
          0.1945039253184441, 
          0.11550285194065003, 
          0.0
        ], 
        [
          -0.08609647725011675, 
          0.790928629493363, 
          -0.6058211779501201, 
          0.0
        ], 
        [
          -25.848579575237572, 
          29.586586267705822, 
          70.5708070922573, 
          1.0
        ]
      ], 
      "projected_cuboid": [
        [
          299.15683835228174, 
          581.20679559751
        ], 
        [
          214.6678881081996, 
          570.6371404723621
        ], 
        [
          268.79409270840404, 
          414.0023149702747
        ], 
        [
          339.35774794660585, 
          425.2584228019811
        ], 
        [
          301.8372195461336, 
          586.9806925390059
        ], 
        [
          223.21726754056073, 
          577.235941928402
        ], 
        [
          272.8973022199808, 
          428.8174561893081
        ], 
        [
          339.3189530276839, 
          439.21457232263975
        ]
      ], 
      "projected_cuboid_centroid": [
        284.62559349749114, 
        496.87907582958474
      ], 
      "quaternion_xyzw": [
        0.9423611541818346, 
        0.07444078136162677, 
        0.08613787825403445, 
        0.31463351879343565
      ], 
      "visibility": 0.5893619670205668
    }, 
    {
      "bounding_box": {
        "bottom_right": [
          457, 
          250
        ], 
        "top_left": [
          371, 
          120
        ]
      }, 
      "class": "008_pudding_box", 
      "cuboid": [
        [
          -28.073789793078337, 
          19.099507182325173, 
          57.54017097647244
        ], 
        [
          -39.42720469556825, 
          18.715979828091083, 
          57.89407407500746
        ], 
        [
          -39.01853374537826, 
          11.36288218279397, 
          63.03565493841974
        ], 
        [
          -27.665118842888347, 
          11.746409537028061, 
          62.68175183988471
        ], 
        [
          -28.050031358738337, 
          21.30491112438517, 
          60.692280641178996
        ], 
        [
          -39.40344626122825, 
          20.921383770151085, 
          61.046183739714024
        ], 
        [
          -38.99477531103826, 
          13.568286124853971, 
          66.1877646031263
        ], 
        [
          -27.641360408548348, 
          13.95181347908806, 
          65.83386150459127
        ]
      ], 
      "cuboid_centroid": [
        -33.5342825520583, 
        16.333896653589573, 
        61.86396778979937
      ], 
      "location": [
        -33.5342825520583, 
        16.333896653589573, 
        61.86396778979937
      ], 
      "pose_transform_permuted": [
        [
          -0.006175673681435579, 
          -0.5732639990920889, 
          -0.8193469493296761, 
          0.0
        ], 
        [
          0.9989454474537044, 
          0.033745168988943273, 
          -0.03113863909296509, 
          0.0
        ], 
        [
          -0.045500401122151285, 
          0.8186754947857868, 
          -0.5724507493827921, 
          0.0
        ], 
        [
          -33.5342825520583, 
          16.333896653589573, 
          61.86396778979937, 
          1.0
        ]
      ], 
      "projected_cuboid": [
        [
          219.22256206149999, 
          450.313144548471
        ], 
        [
          115.3673236914046, 
          445.69794139424323
        ], 
        [
          148.72572037760403, 
          369.4233607886329
        ], 
        [
          244.25039281914582, 
          373.22934516474027
        ], 
        [
          233.0597361086242, 
          460.4985886791345
        ], 
        [
          134.486827641434, 
          456.06264269642605
        ], 
        [
          164.77133595202451, 
          382.6153957218908
        ], 
        [
          255.80856616551736, 
          386.310066893375
        ]
      ], 
      "projected_cuboid_centroid": [
        190.0940962934198, 
        414.0985043986512
      ], 
      "quaternion_xyzw": [
        0.9535418044806908, 
        0.020776637620584598, 
        -0.009783082555757074, 
        0.30038398502592395
      ], 
      "visibility": 0.601392319784415
    }, 
    {
      "bounding_box": {
        "bottom_right": [
          539, 
          288
        ], 
        "top_left": [
          364, 
          62
        ]
      }, 
      "class": "035_power_drill", 
      "cuboid": [
        [
          -20.08477339401426, 
          25.34779543363861, 
          43.99180939214785
        ], 
        [
          -38.39721964389514, 
          24.30498423801704, 
          45.85095063110712
        ], 
        [
          -36.481874321047194, 
          8.719179119615378, 
          55.97473804660971
        ], 
        [
          -18.169428071166312, 
          9.761990315236943, 
          54.115596807650434
        ], 
        [
          -19.778948475613042, 
          28.485108808796554, 
          48.763917382248835
        ], 
        [
          -38.09139472549393, 
          27.442297613174993, 
          50.6230586212081
        ], 
        [
          -36.17604940264598, 
          11.856492494773327, 
          60.746846036710686
        ], 
        [
          -17.86360315276509, 
          12.899303690394891, 
          58.88770479775142
        ]
      ], 
      "cuboid_centroid": [
        -28.130411398330118, 
        18.60214396420597, 
        52.36932771442927
      ], 
      "location": [
        -28.130411398330118, 
        18.60214396420597, 
        52.36932771442927
      ], 
      "pose_transform_permuted": [
        [
          -0.05347337236343471, 
          -0.5485580678240014, 
          -0.8344012935480125, 
          0.0
        ], 
        [
          0.9932928463079669, 
          0.05656354626392402, 
          -0.10084243621719197, 
          0.0
        ], 
        [
          -0.10251479249026178, 
          0.834197133251593, 
          -0.5418542305324856, 
          0.0
        ], 
        [
          -28.130411398330118, 
          18.60214396420597, 
          52.36932771442927, 
          1.0
        ]
      ], 
      "projected_cuboid": [
        [
          236.07708283897557, 
          580.5818250306769
        ], 
        [
          31.254321014119636, 
          555.9922154948333
        ], 
        [
          131.10611554275158, 
          356.3616739435852
        ], 
        [
          301.04164298508306, 
          369.49282439361616
        ], 
        [
          263.47663555781816, 
          584.8215247506115
        ], 
        [
          76.95574495735636, 
          562.3942118940023
        ], 
        [
          161.3470652662151, 
          377.379178961726
        ], 
        [
          318.4661908099586, 
          390.10975754801115
        ]
      ], 
      "projected_cuboid_centroid": [
        192.7347957604805, 
        462.7273442331158
      ], 
      "quaternion_xyzw": [
        0.9568034376385219, 
        0.04156505205154928, 
        -0.04032066632240895, 
        0.284910216524651
      ], 
      "visibility": 0.6836520886796125
    }, 
    {
      "bounding_box": {
        "bottom_right": [
          392, 
          176
        ], 
        "top_left": [
          326, 
          68
        ]
      }, 
      "class": "061_foam_brick", 
      "cuboid": [
        [
          -42.65414911403887, 
          5.5682412915309545, 
          58.730643304746955
        ], 
        [
          -34.90368404777308, 
          6.246773132148845, 
          58.393773957039606
        ], 
        [
          -35.39129203344596, 
          10.252408038812936, 
          55.24347892381603
        ], 
        [
          -43.14175709971174, 
          9.573876198195046, 
          55.580348271523384
        ], 
        [
          -42.75806661096802, 
          8.808974204515902, 
          62.86735549942877
        ], 
        [
          -35.00760154470224, 
          9.487506045133792, 
          62.53048615172141
        ], 
        [
          -35.49520953037511, 
          13.493140951797885, 
          59.38019111849784
        ], 
        [
          -43.245674596640896, 
          12.814609111179994, 
          59.71706046620518
        ]
      ], 
      "cuboid_centroid": [
        -39.07467932220699, 
        9.53069112166442, 
        59.0554172116224
      ], 
      "location": [
        -39.07467932220699, 
        9.53069112166442, 
        59.0554172116224
      ], 
      "pose_transform_permuted": [
        [
          0.019771213108735974, 
          -0.6165777943516579, 
          -0.7870456928569354, 
          0.0
        ], 
        [
          -0.9952571200066804, 
          -0.0871320159180542, 
          0.04325825791758353, 
          0.0
        ], 
        [
          0.0952489590925652, 
          -0.7824575613504547, 
          0.6153761455218121, 
          0.0
        ], 
        [
          -39.07467932220699, 
          9.53069112166442, 
          59.0554172116224, 
          1.0
        ]
      ], 
      "projected_cuboid": [
        [
          91.03661693560356, 
          323.85046777165473
        ], 
        [
          160.15962639303766, 
          330.3393060634116
        ], 
        [
          137.0828608882175, 
          372.26310658785195
        ], 
        [
          64.18182511460081, 
          365.1523830533266
        ], 
        [
          115.84683970075527, 
          348.0152809609372
        ], 
        [
          180.5306674137393, 
          354.20503199485785
        ], 
        [
          160.14228541897137, 
          394.4743646376658
        ], 
        [
          92.16116010470712, 
          387.7309184703795
        ]
      ], 
      "projected_cuboid_centroid": [
        125.77947369342823, 
        359.35661345181336
      ], 
      "quaternion_xyzw": [
        -0.04829858046516578, 
        0.9440286508117842, 
        -0.3262490865118592, 
        -0.006219897242697745
      ], 
      "visibility": 0.9820702402957486
    }
  ]
}