{
  "camera_data": {
    "location_worldframe": [
      -18.613102048639533, 
      13.517424190812296, 
      71.61202865263064
    ], 
    "quaternion_xyzw_worldframe": [
      0.897252644123235, 
      0.013113034055382066, 
      -0.03922477383143691, 
      -0.4395774925892473
    ]
  }, 
  "objects": [
    {
      "bounding_box": {
        "bottom_right": [
          539, 
          285
        ], 
        "top_left": [
          380, 
          79
        ]
      }, 
      "class": "003_cracker_box", 
      "cuboid": [
        [
          -26.66727892221284, 
          30.36462284826373, 
          53.47214597062043
        ], 
        [
          -43.037863690755884, 
          30.188807189248802, 
          54.49740636542162
        ], 
        [
          -42.0985902102239, 
          12.543748103467623, 
          66.46917324982327
        ], 
        [
          -25.728005441680846, 
          12.719563762482553, 
          65.44391285502208
        ], 
        [
          -26.33944480624263, 
          34.40355647808825, 
          59.39936601556741
        ], 
        [
          -42.71002957478568, 
          34.22774081907332, 
          60.424626410368596
        ], 
        [
          -41.770756094253684, 
          16.582681733292144, 
          72.39639329477025
        ], 
        [
          -25.40017132571064, 
          16.758497392307074, 
          71.37113289996906
        ]
      ], 
      "cuboid_centroid": [
        -34.219017508233264, 
        23.473652290777935, 
        62.93426963269534
      ], 
      "location": [
        -34.219017508233264, 
        23.473652290777935, 
        62.93426963269534
      ], 
      "pose_transform_permuted": [
        [
          -0.04565934871979882, 
          -0.5625255886334871, 
          -0.8255181318463167, 
          0.0
        ], 
        [
          0.9979872757924074, 
          0.010718113803675378, 
          -0.06250215510637164, 
          0.0
        ], 
        [
          -0.04400705887619949, 
          0.8267103992142837, 
          -0.5609039976680738, 
          0.0
        ], 
        [
          -34.219017508233264, 
          23.473652290777935, 
          62.93426963269534, 
          1.0
        ]
      ], 
      "projected_cuboid": [
        [
          213.4069151885623, 
          576.13669868908
        ], 
        [
          56.91237232113075, 
          568.7186170540973
        ], 
        [
          141.0014830593449, 
          373.93208813446023
        ], 
        [
          270.18557224141443, 
          376.9415938604089
        ], 
        [
          243.13651612590172, 
          582.1802456295993
        ], 
        [
          101.48851948155804, 
          575.387279863487
        ], 
        [
          171.3218108595931, 
          395.4455089932963
        ], 
        [
          290.2129950282757, 
          398.51412623292856
        ]
      ], 
      "projected_cuboid_centroid": [
        189.2006299433878, 
        472.20770650037974
      ], 
      "quaternion_xyzw": [
        0.9552768979271152, 
        0.01432180889086314, 
        -0.02830632250734668, 
        0.29400626895178916
      ], 
      "visibility": 0.16305071293705306
    }, 
    {
      "bounding_box": {
        "bottom_right": [
          539, 
          339
        ], 
        "top_left": [
          418, 
          245
        ]
      }, 
      "class": "006_mustard_bottle", 
      "cuboid": [
        [
          -20.958427670724074, 
          36.39762253032645, 
          63.62334269083152
        ], 
        [
          -30.291751281969542, 
          34.52435126790775, 
          62.363980568418064
        ], 
        [
          -28.776197324932546, 
          19.27508332700773, 
          73.81490450731224
        ], 
        [
          -19.442873713687074, 
          21.148354589426432, 
          75.07426662972568
        ], 
        [
          -22.247584686906926, 
          39.72607505628172, 
          68.22648665504387
        ], 
        [
          -31.580908298152394, 
          37.85280379386302, 
          66.96712453263042
        ], 
        [
          -30.06535434111539, 
          22.603535852963002, 
          78.41804847152459
        ], 
        [
          -20.732030729869926, 
          24.476807115381703, 
          79.67741059393803
        ]
      ], 
      "cuboid_centroid": [
        -25.511891005919736, 
        29.500579191644725, 
        71.02069558117805
      ], 
      "location": [
        -25.511891005919736, 
        29.500579191644725, 
        71.02069558117805
      ], 
      "pose_transform_permuted": [
        [
          0.2213183029612379, 
          -0.5714179539685978, 
          -0.7902528533430755, 
          0.0
        ], 
        [
          0.9719782325586593, 
          0.19508365578954662, 
          0.1311507691022209, 
          0.0
        ], 
        [
          -0.07922352403864993, 
          0.7971347636144983, 
          -0.5985814914246477, 
          0.0
        ], 
        [
          -25.511891005919736, 
          29.500579191644725, 
          71.02069558117805, 
          1.0
        ]
      ], 
      "projected_cuboid": [
        [
          304.4500064851796, 
          578.3878428692041
        ], 
        [
          220.3915827271553, 
          568.5292800199236
        ], 
        [
          271.9537241077242, 
          412.550816302496
        ], 
        [
          342.3259399171669, 
          423.52219342935166
        ], 
        [
          306.2406772558075, 
          583.8212705870089
        ], 
        [
          227.99388318356378, 
          574.7425386996015
        ], 
        [
          275.4192049098846, 
          427.01273436432126
        ], 
        [
          341.6710843120262, 
          437.12168863239094
        ]
      ], 
      "projected_cuboid_centroid": [
        288.42271481710117, 
        494.81684642247166
      ], 
      "quaternion_xyzw": [
        0.9433140846923989, 
        0.07269773246247144, 
        0.09341243753886964, 
        0.3100768514907645
      ], 
      "visibility": 0.5779579284002045
    }, 
    {
      "bounding_box": {
        "bottom_right": [
          456, 
          255
        ], 
        "top_left": [
          370, 
          126
        ]
      }, 
      "class": "008_pudding_box", 
      "cuboid": [
        [
          -27.533971354093794, 
          19.14788105510567, 
          57.8502369282075
        ], 
        [
          -38.89042593290272, 
          18.739498146645506, 
          58.041374005211836
        ], 
        [
          -38.53877175435698, 
          11.333166679396847, 
          63.11025003819627
        ], 
        [
          -27.182317175548054, 
          11.741549587857014, 
          62.919112961191935
        ], 
        [
          -27.558631670165145, 
          21.319839574003964, 
          61.02547777107107
        ], 
        [
          -38.91508624897407, 
          20.9114566655438, 
          61.2166148480754
        ], 
        [
          -38.563432070428334, 
          13.50512519829514, 
          66.28549088105984
        ], 
        [
          -27.206977491619405, 
          13.913508106755307, 
          66.0943538040555
        ]
      ], 
      "cuboid_centroid": [
        -33.048701712261064, 
        16.326503126700405, 
        62.06786390463367
      ], 
      "location": [
        -33.048701712261064, 
        16.326503126700405, 
        62.06786390463367
      ], 
      "pose_transform_permuted": [
        [
          0.006410105260233219, 
          -0.5645703277571683, 
          -0.8253595765137989, 
          0.0
        ], 
        [
          0.9992128974541401, 
          0.035932118285813656, 
          -0.016817452242603812, 
          0.0
        ], 
        [
          -0.03915229642007408, 
          0.8246024153338084, 
          -0.5643559754664016, 
          0.0
        ], 
        [
          -33.048701712261064, 
          16.326503126700405, 
          62.06786390463367, 
          1.0
        ]
      ], 
      "projected_cuboid": [
        [
          225.646880329355, 
          449.8102738408528
        ], 
        [
          121.27011158916322, 
          445.4764888862502
        ], 
        [
          153.20723181519554, 
          369.05861503400445
        ], 
        [
          249.27224107489147, 
          372.81111862581895
        ], 
        [
          238.7470163987865, 
          459.60688106072416
        ], 
        [
          139.74325722878424, 
          455.4672969150519
        ], 
        [
          168.73786120972105, 
          381.9460296091411
        ], 
        [
          260.2327212133936, 
          385.555527946018
        ]
      ], 
      "projected_cuboid_centroid": [
        195.25883383801326, 
        413.57240081623183
      ], 
      "quaternion_xyzw": [
        0.9551406819549866, 
        0.01965271088448578, 
        -0.0027240351026271816, 
        0.2954869174122282
      ], 
      "visibility": 0.615801966768396
    }, 
    {
      "bounding_box": {
        "bottom_right": [
          539, 
          295
        ], 
        "top_left": [
          364, 
          71
        ]
      }, 
      "class": "035_power_drill", 
      "cuboid": [
        [
          -19.369235054013224, 
          25.5540686919997, 
          44.48154129967163
        ], 
        [
          -37.703709501917274, 
          24.457552986576363, 
          46.073473778705434
        ], 
        [
          -35.8985134442267, 
          8.769062859699522, 
          56.05793597058266
        ], 
        [
          -17.564038996322655, 
          9.865578565122862, 
          54.46600349154886
        ], 
        [
          -19.13633571701812, 
          28.6412621191615, 
          49.29031176684533
        ], 
        [
          -37.47081016492217, 
          27.544746413738157, 
          50.88224424587913
        ], 
        [
          -35.665614107231605, 
          11.856256286861319, 
          60.866706437756356
        ], 
        [
          -17.331139659327555, 
          12.952771992284656, 
          59.27477395872256
        ]
      ], 
      "cuboid_centroid": [
        -27.517424580622414, 
        18.70516248943051, 
        52.674123868714
      ], 
      "location": [
        -27.517424580622414, 
        18.70516248943051, 
        52.674123868714
      ], 
      "pose_transform_permuted": [
        [
          -0.040722361786090976, 
          -0.5397946137011486, 
          -0.8408117139235797, 
          0.0
        ], 
        [
          0.9944876867577296, 
          0.0594765544263875, 
          -0.08634865717297956, 
          0.0
        ], 
        [
          -0.09661928689873005, 
          0.839693130349412, 
          -0.534397143698987, 
          0.0
        ], 
        [
          -27.517424580622414, 
          18.70516248943051, 
          52.674123868714, 
          1.0
        ]
      ], 
      "projected_cuboid": [
        [
          247.43077538427315, 
          579.6717230479585
        ], 
        [
          41.52392839053985, 
          556.3928656448755
        ], 
        [
          137.2224771737672, 
          356.7129586686097
        ], 
        [
          308.18048674915536, 
          369.8881960948289
        ], 
        [
          272.8170388514711, 
          583.1840701200182
        ], 
        [
          85.57575116145304, 
          561.9953576031141
        ], 
        [
          166.4874621682679, 
          377.17212718027525
        ], 
        [
          324.36216672756626, 
          389.8279686522071
        ]
      ], 
      "projected_cuboid_centroid": [
        200.66442673177832, 
        462.6742055746461
      ], 
      "quaternion_xyzw": [
        0.9585135016042707, 
        0.04071300014654433, 
        -0.033142730578753166, 
        0.2801712640464254
      ], 
      "visibility": 0.6902938762430612
    }, 
    {
      "bounding_box": {
        "bottom_right": [
          392, 
          181
        ], 
        "top_left": [
          326, 
          73
        ]
      }, 
      "class": "061_foam_brick", 
      "cuboid": [
        [
          -42.10230377988816, 
          5.577656967244682, 
          58.69391103584532
        ], 
        [
          -34.34927205141061, 
          6.274146569817541, 
          58.47255970810673
        ], 
        [
          -34.80092445004445, 
          10.311985007719256, 
          55.35822154250194
        ], 
        [
          -42.55395617852199, 
          9.6154954051464, 
          55.57957287024051
        ], 
        [
          -42.27044438137707, 
          8.774226213164615, 
          62.86274903165072
        ], 
        [
          -34.51741265289952, 
          9.470715815737474, 
          62.64139770391215
        ], 
        [
          -34.969065051533356, 
          13.50855425363919, 
          59.52705953830735
        ], 
        [
          -42.72209678001091, 
          12.812064651066333, 
          59.74841086604593
        ]
      ], 
      "cuboid_centroid": [
        -38.53568441571076, 
        9.543105610441936, 
        59.11048528707633
      ], 
      "location": [
        -38.53568441571076, 
        9.543105610441936, 
        59.11048528707633
      ], 
      "pose_transform_permuted": [
        [
          0.03199022072803426, 
          -0.608175270243509, 
          -0.7931579076337862, 
          0.0
        ], 
        [
          -0.9955867116917048, 
          -0.0894380182407869, 
          0.028424292358096848, 
          0.0
        ], 
        [
          0.08822542309714082, 
          -0.7887481737268207, 
          0.6083523593789502, 
          0.0
        ], 
        [
          -38.53568441571076, 
          9.543105610441936, 
          59.11048528707633, 
          1.0
        ]
      ], 
      "projected_cuboid": [
        [
          95.84829820866341, 
          323.96766718793657
        ], 
        [
          165.69158043556976, 
          330.51210241838686
        ], 
        [
          143.53192836432856, 
          372.6319178137978
        ], 
        [
          69.86331031595881, 
          365.55302612860385
        ], 
        [
          119.99143847738087, 
          347.7259593993282
        ], 
        [
          185.27190405233407, 
          353.91880987063735
        ], 
        [
          165.6885550918539, 
          394.313455482029
        ], 
        [
          97.0779483092853, 
          387.64815664586575
        ]
      ], 
      "projected_cuboid_centroid": [
        131.01452218284993, 
        359.38843820440405
      ], 
      "quaternion_xyzw": [
        -0.04696547193220945, 
        0.9457130633881918, 
        -0.32159004583906886, 
        0.0009426559989458677
      ], 
      "visibility": 0.9777117384843982
    }
  ]
}