{
  "camera_data": {
    "location_worldframe": [
      -20.09262428551828, 
      8.267517183193492, 
      80.82886980939679
    ], 
    "quaternion_xyzw_worldframe": [
      0.9411935984332767, 
      0.029164187979716417, 
      -0.1025233207148047, 
      -0.32061530517200554
    ]
  }, 
  "objects": [
    {
      "bounding_box": {
        "bottom_right": [
          473, 
          296
        ], 
        "top_left": [
          307, 
          84
        ]
      }, 
      "class": "003_cracker_box", 
      "cuboid": [
        [
          -31.275916727612106, 
          19.24935240567431, 
          60.042180752666354
        ], 
        [
          -47.40512387257844, 
          18.03159611394925, 
          62.77052497139819
        ], 
        [
          -43.68809427990188, 
          4.143629972695901, 
          78.5458739251603
        ], 
        [
          -27.558887134935556, 
          5.36138626442096, 
          75.81752970642846
        ], 
        [
          -30.892821400954734, 
          24.675368632123234, 
          64.72875555906269
        ], 
        [
          -47.02202854592106, 
          23.457612340398175, 
          67.45709977779453
        ], 
        [
          -43.304998953244514, 
          9.569646199144827, 
          83.23244873155663
        ], 
        [
          -27.175791808278177, 
          10.787402490869885, 
          80.5041045128248
        ]
      ], 
      "cuboid_centroid": [
        -37.29045784042831, 
        14.409499302409568, 
        71.63731474211149
      ], 
      "location": [
        -37.29045784042831, 
        14.409499302409568, 
        71.63731474211149
      ], 
      "pose_transform_permuted": [
        [
          -0.05335589635327603, 
          -0.7557125844255693, 
          -0.6527263117610363, 
          0.0
        ], 
        [
          0.9832723587386528, 
          0.07423713333032728, 
          -0.16632593476491184, 
          0.0
        ], 
        [
          -0.17415113225260684, 
          0.6506822095122337, 
          -0.7391103066250757, 
          0.0
        ], 
        [
          -37.29045784042831, 
          14.409499302409568, 
          71.63731474211149, 
          1.0
        ]
      ], 
      "projected_cuboid": [
        [
          201.47628684350315, 
          444.2672797302734
        ], 
        [
          75.47062852226048, 
          426.4890693890302
        ], 
        [
          182.48670292307648, 
          301.42142145041606
        ], 
        [
          286.12541591083783, 
          310.9998781394707
        ], 
        [
          224.9406941209757, 
          476.5942827359348
        ], 
        [
          106.74023296273914, 
          458.7437259836036
        ], 
        [
          201.80390448436668, 
          334.60492762155945
        ], 
        [
          300.06392766898915, 
          344.7503848839692
        ]
      ], 
      "projected_cuboid_centroid": [
        201.66660957262056, 
        380.56119211009536
      ], 
      "quaternion_xyzw": [
        0.9064602694012468, 
        0.06850500622244717, 
        -0.060587826773504515, 
        0.4122692801632761
      ], 
      "visibility": 0.40851756408517564
    }, 
    {
      "bounding_box": {
        "bottom_right": [
          495, 
          337
        ], 
        "top_left": [
          369, 
          240
        ]
      }, 
      "class": "006_mustard_bottle", 
      "cuboid": [
        [
          -25.425310690480508, 
          28.10150076197409, 
          67.75221946248772
        ], 
        [
          -34.58565858824198, 
          25.229506000655817, 
          67.96608926667464
        ], 
        [
          -30.58688202309462, 
          13.564334374546485, 
          82.59121465074685
        ], 
        [
          -21.426534125333145, 
          16.436329135864764, 
          82.37734484655992
        ], 
        [
          -26.67811000284448, 
          32.37680048748193, 
          71.50478692026766
        ], 
        [
          -35.83845790060595, 
          29.504805726163653, 
          71.71865672445459
        ], 
        [
          -31.839681335458593, 
          17.839634100054322, 
          86.3437821085268
        ], 
        [
          -22.67933343769712, 
          20.7116288613726, 
          86.12991230433987
        ]
      ], 
      "cuboid_centroid": [
        -28.63249601296955, 
        22.970567431014207, 
        77.04800078550726
      ], 
      "location": [
        -28.63249601296955, 
        22.970567431014207, 
        77.04800078550726
      ], 
      "pose_transform_permuted": [
        [
          0.21507653007573882, 
          -0.7339696158205093, 
          -0.6442286324148024, 
          0.0
        ], 
        [
          0.9539644321944276, 
          0.2990913535517451, 
          -0.02227253687216134, 
          0.0
        ], 
        [
          -0.20903061211591528, 
          0.6097809981921269, 
          -0.7645085594303435, 
          0.0
        ], 
        [
          -28.63249601296955, 
          22.970567431014207, 
          77.04800078550726, 
          1.0
        ]
      ], 
      "projected_cuboid": [
        [
          279.79087972605595, 
          494.4908142658087
        ], 
        [
          207.94703387742044, 
          471.258640967816
        ], 
        [
          282.44120683291, 
          360.87606170036935
        ], 
        [
          341.7234290779365, 
          379.69705922281275
        ], 
        [
          280.95976576687224, 
          514.7694160390006
        ], 
        [
          212.8715520068232, 
          492.6923580301777
        ], 
        [
          283.29402349475646, 
          383.476594402732
        ], 
        [
          339.99551460535804, 
          401.5337052618566
        ]
      ], 
      "projected_cuboid_centroid": [
        281.75377739488437, 
        432.28681472602705
      ], 
      "quaternion_xyzw": [
        0.8955409067710637, 
        0.1418477821129718, 
        0.05382333507766438, 
        0.4183165067952401
      ], 
      "visibility": 0.9228220350683418
    }, 
    {
      "bounding_box": {
        "bottom_right": [
          364, 
          272
        ], 
        "top_left": [
          291, 
          157
        ]
      }, 
      "class": "008_pudding_box", 
      "cuboid": [
        [
          -30.623683671209832, 
          9.482150714792393, 
          67.10689445479063
        ], 
        [
          -41.824817962780784, 
          8.229069720826473, 
          68.56865681147958
        ], 
        [
          -40.30333414275352, 
          2.4074870958882095, 
          75.23687797069609
        ], 
        [
          -29.10219985118257, 
          3.660568089854129, 
          73.77511561400713
        ], 
        [
          -30.617879418622852, 
          12.380863164993636, 
          69.6362419577828
        ], 
        [
          -41.8190137101938, 
          11.127782171027716, 
          71.09800431447175
        ], 
        [
          -40.29752989016654, 
          5.306199546089455, 
          77.76622547368825
        ], 
        [
          -29.09639559859559, 
          6.559280540055373, 
          76.3044631169993
        ]
      ], 
      "cuboid_centroid": [
        -35.46060678068819, 
        7.394175130440924, 
        72.43655996423945
      ], 
      "location": [
        -35.46060678068819, 
        7.394175130440924, 
        72.43655996423945
      ], 
      "pose_transform_permuted": [
        [
          -0.001508734516292716, 
          -0.7534798771912158, 
          -0.6574686101741959, 
          0.0
        ], 
        [
          0.9855468335283385, 
          0.11025401299643299, 
          -0.1286151227639342, 
          0.0
        ], 
        [
          -0.16939820185388826, 
          0.6481604441844856, 
          -0.7424230603484707, 
          0.0
        ], 
        [
          -35.46060678068819, 
          7.394175130440924, 
          72.43655996423945, 
          1.0
        ]
      ], 
      "projected_cuboid": [
        [
          236.1928478860376, 
          348.6441701273533
        ], 
        [
          153.57719531542946, 
          337.2913506389689
        ], 
        [
          193.52447112351396, 
          290.3521054145909
        ], 
        [
          269.4643494248946, 
          299.74874860086453
        ], 
        [
          245.1513134038452, 
          368.10723187322304
        ], 
        [
          165.29057004283408, 
          356.7581375895247
        ], 
        [
          202.93417334491224, 
          309.6763731946774
        ], 
        [
          276.5370508238008, 
          319.1317300006895
        ]
      ], 
      "projected_cuboid_centroid": [
        218.33997369793406, 
        327.726704665331
      ], 
      "quaternion_xyzw": [
        0.9070799148761673, 
        0.0770748558820473, 
        -0.0358633939375648, 
        0.4122853215595409
      ], 
      "visibility": 0.452445652173913
    }, 
    {
      "bounding_box": {
        "bottom_right": [
          522, 
          273
        ], 
        "top_left": [
          342, 
          91
        ]
      }, 
      "class": "019_pitcher_base", 
      "cuboid": [
        [
          -53.923466548195655, 
          32.8579368188312, 
          74.48412142862637
        ], 
        [
          -35.46396624251671, 
          36.44129893285311, 
          73.00969329256792
        ], 
        [
          -31.042272505678497, 
          21.202594955426658, 
          91.33304302156938
        ], 
        [
          -49.501772811357434, 
          17.61923284140475, 
          92.80747115762783
        ], 
        [
          -52.66599934299083, 
          22.820536684653874, 
          65.8330228818171
        ], 
        [
          -34.2064990373119, 
          26.403898798675783, 
          64.35859474575865
        ], 
        [
          -29.784805300473682, 
          11.165194821249337, 
          82.68194447476013
        ], 
        [
          -48.24430560615262, 
          7.58183270722742, 
          84.15637261081858
        ]
      ], 
      "cuboid_centroid": [
        -41.85413592433467, 
        22.011565820040264, 
        78.58303295169324
      ], 
      "location": [
        -41.85413592433467, 
        22.011565820040264, 
        78.58303295169324
      ], 
      "pose_transform_permuted": [
        [
          -0.09447111164642823, 
          0.75409071885997, 
          0.6499405259215086, 
          0.0
        ], 
        [
          -0.9786712322980399, 
          -0.18997986715929965, 
          0.07817006836351363, 
          0.0
        ], 
        [
          -0.18242288483839667, 
          0.6286930995696399, 
          -0.7559542827716208, 
          0.0
        ], 
        [
          -41.85413592433467, 
          22.011565820040264, 
          78.58303295169324, 
          1.0
        ]
      ], 
      "projected_cuboid": [
        [
          92.27784950671276, 
          508.5552211849401
        ], 
        [
          220.38182336043747, 
          539.482127643811
        ], 
        [
          298.8218474200308, 
          397.0945129451547
        ], 
        [
          194.7637796587131, 
          374.5357348140226
        ], 
        [
          51.38927716817088, 
          458.15787731291425
        ], 
        [
          195.77627964747478, 
          492.0874045483809
        ], 
        [
          287.8764609282527, 
          345.3048859523282
        ], 
        [
          173.3132063870981, 
          321.33447224532335
        ]
      ], 
      "projected_cuboid_centroid": [
        195.17839254656676, 
        422.67246350691664
      ], 
      "quaternion_xyzw": [
        -0.004516023585546796, 
        0.41834125118561233, 
        0.9024002517992208, 
        -0.10317005986401086
      ], 
      "visibility": 0.2095457285330703
    }, 
    {
      "bounding_box": {
        "bottom_right": [
          418, 
          301
        ], 
        "top_left": [
          269, 
          98
        ]
      }, 
      "class": "035_power_drill", 
      "cuboid": [
        [
          -24.264872217306372, 
          12.910584104030647, 
          51.802131742548475
        ], 
        [
          -42.200359139668905, 
          10.792441386472861, 
          55.506363009182415
        ], 
        [
          -37.986718266939775, 
          -1.6457387014517573, 
          68.79597727088547
        ], 
        [
          -20.05123134457724, 
          0.4724040161060303, 
          65.09174600425153
        ], 
        [
          -23.967256417450848, 
          17.127336692850996, 
          55.65436501744227
        ], 
        [
          -41.902743339813384, 
          15.009193975293211, 
          59.35859628407621
        ], 
        [
          -37.689102467084254, 
          2.571013887368592, 
          72.64821054577926
        ], 
        [
          -19.753615544721715, 
          4.68915660492638, 
          68.94397927914532
        ]
      ], 
      "cuboid_centroid": [
        -30.97698734219531, 
        7.74079899569962, 
        62.22517114416387
      ], 
      "location": [
        -30.97698734219531, 
        7.74079899569962, 
        62.22517114416387
      ], 
      "pose_transform_permuted": [
        [
          -0.0520380110623863, 
          -0.7372976097737418, 
          -0.6735615443505626, 
          0.0
        ], 
        [
          0.9728460420818262, 
          0.11489104077633272, 
          -0.20092271496724415, 
          0.0
        ], 
        [
          -0.22552618295171203, 
          0.665727185306794, 
          -0.7112983920248757, 
          0.0
        ], 
        [
          -30.97698734219531, 
          7.74079899569962, 
          62.22517114416387, 
          1.0
        ]
      ], 
      "projected_cuboid": [
        [
          229.70057880574265, 
          406.20514772278216
        ], 
        [
          72.74602113261379, 
          376.983123914845
        ], 
        [
          184.66269808159186, 
          260.528456577767
        ], 
        [
          315.941185028783, 
          277.1571103415866
        ], 
        [
          250.011853756617, 
          437.4128210321972
        ], 
        [
          101.97576692203204, 
          408.13974502712836
        ], 
        [
          202.61093827974796, 
          292.16067189936024
        ], 
        [
          327.5185872253462, 
          309.55974228602093
        ]
      ], 
      "projected_cuboid_centroid": [
        213.88693078874954, 
        339.6313887530564
      ], 
      "quaternion_xyzw": [
        0.9099635668172631, 
        0.09352495971863634, 
        -0.06949748738688498, 
        0.39798186834702176
      ], 
      "visibility": 0.7494751049790042
    }, 
    {
      "bounding_box": {
        "bottom_right": [
          300, 
          218
        ], 
        "top_left": [
          242, 
          135
        ]
      }, 
      "class": "061_foam_brick", 
      "cuboid": [
        [
          -43.595452730055214, 
          -4.547599006471151, 
          72.76356297353631
        ], 
        [
          -35.998948624871225, 
          -3.3126332719743274, 
          71.57546357781858
        ], 
        [
          -37.114299589278495, 
          -0.2487645456940734, 
          67.62882804817455
        ], 
        [
          -44.710803694462484, 
          -1.4837302801908971, 
          68.8169274438923
        ], 
        [
          -43.7581160811155, 
          -0.42019616340231547, 
          76.01373571453797
        ], 
        [
          -36.161611975931514, 
          0.8147695710945082, 
          74.82563631882022
        ], 
        [
          -37.276962940338784, 
          3.8786382973747617, 
          70.8790007891762
        ], 
        [
          -44.873467045522766, 
          2.6436725628779385, 
          72.06710018489395
        ]
      ], 
      "cuboid_centroid": [
        -40.436207835196996, 
        -0.33448035454819447, 
        71.82128188135626
      ], 
      "location": [
        -40.436207835196996, 
        -0.33448035454819447, 
        71.82128188135626
      ], 
      "pose_transform_permuted": [
        [
          0.030948125905945867, 
          -0.7852745072521701, 
          -0.6183738042339528, 
          0.0
        ], 
        [
          -0.9754865976690377, 
          -0.15858512098480237, 
          0.15256689408361315, 
          0.0
        ], 
        [
          0.21787177713277717, 
          -0.5984936989326596, 
          0.7709326696066969, 
          0.0
        ], 
        [
          -40.436207835196996, 
          -0.33448035454819447, 
          71.82128188135626, 
          1.0
        ]
      ], 
      "projected_cuboid": [
        [
          159.40193651749794, 
          239.9549705395993
        ], 
        [
          211.1281362768153, 
          248.60360744215316
        ], 
        [
          186.4753666808227, 
          271.32478575762303
        ], 
        [
          132.20830199744466, 
          261.7878785096799
        ], 
        [
          172.02748808381617, 
          270.3384018240779
        ], 
        [
          221.7073480884754, 
          279.0938065783261
        ], 
        [
          198.7741012225666, 
          302.4708342750624
        ], 
        [
          146.75168374819134, 
          292.85056020041986
        ]
      ], 
      "projected_cuboid_centroid": [
        178.82974134150624, 
        270.80280448916403
      ], 
      "quaternion_xyzw": [
        -0.10534883439347528, 
        0.8933580050623112, 
        -0.4354937124983624, 
        -0.03403416309265188
      ], 
      "visibility": 0.8977877345281434
    }
  ]
}