{
  "camera_data": {
    "location_worldframe": [
      -23.439753107513063, 
      15.226049922669944, 
      75.18220768018013
    ], 
    "quaternion_xyzw_worldframe": [
      0.9254800108114427, 
      0.039926112626454825, 
      -0.11474708805098034, 
      -0.3587911400546626
    ]
  }, 
  "objects": [
    {
      "bounding_box": {
        "bottom_right": [
          539, 
          258
        ], 
        "top_left": [
          359, 
          20
        ]
      }, 
      "class": "003_cracker_box", 
      "cuboid": [
        [
          -35.30670472217313, 
          27.648199867115242, 
          55.62144429258768
        ], 
        [
          -51.342688416447366, 
          25.85234680331962, 
          58.571063660808456
        ], 
        [
          -46.99220522102054, 
          10.786590217903345, 
          73.05035306401089
        ], 
        [
          -30.956221526746315, 
          12.582443281698968, 
          70.10073369579011
        ], 
        [
          -34.92863480122266, 
          32.6730193501586, 
          60.736192559378836
        ], 
        [
          -50.964618495496886, 
          30.87716628636298, 
          63.6858119275996
        ], 
        [
          -46.61413530007007, 
          15.811409700946705, 
          78.16510133080203
        ], 
        [
          -30.57815160579584, 
          17.60726276474233, 
          75.21548196258126
        ]
      ], 
      "cuboid_centroid": [
        -40.9604200111216, 
        21.729804784030975, 
        66.89327281169486
      ], 
      "location": [
        -40.9604200111216, 
        21.729804784030975, 
        66.89327281169486
      ], 
      "pose_transform_permuted": [
        [
          -0.0526559791071691, 
          -0.6998355993284264, 
          -0.7123604998712993, 
          0.0
        ], 
        [
          0.9775892497409246, 
          0.10947919895352329, 
          -0.1798153602656643, 
          0.0
        ], 
        [
          -0.20382984731201942, 
          0.7058643204675505, 
          -0.6783870240767004, 
          0.0
        ], 
        [
          -40.9604200111216, 
          21.729804784030975, 
          66.89327281169486, 
          1.0
        ]
      ], 
      "projected_cuboid": [
        [
          140.2417585824721, 
          538.3880040813982
        ], 
        [
          10.199613021235812, 
          508.68541857864653
        ], 
        [
          135.6614777350204, 
          352.03632573139066
        ], 
        [
          244.1224923393848, 
          369.012546148355
        ], 
        [
          172.33561893919918, 
          560.185672195909
        ], 
        [
          51.25101273003233, 
          531.8590042015408
        ], 
        [
          160.89890252613426, 
          381.1676036678958
        ], 
        [
          262.97413089392114, 
          398.1318197433571
        ]
      ], 
      "projected_cuboid_centroid": [
        152.31074311329797, 
        446.53161843119426
      ], 
      "quaternion_xyzw": [
        0.9213867361319803, 
        0.08501019006981449, 
        -0.06307648304900657, 
        0.3739533491633931
      ], 
      "visibility": 0.2890634078364678
    }, 
    {
      "bounding_box": {
        "bottom_right": [
          539, 
          305
        ], 
        "top_left": [
          419, 
          196
        ]
      }, 
      "class": "006_mustard_bottle", 
      "cuboid": [
        [
          -29.465155368587336, 
          35.95584161622968, 
          63.921940243587386
        ], 
        [
          -38.55832403734475, 
          32.874602837338365, 
          64.08417143414755
        ], 
        [
          -33.99708067474235, 
          20.12522507017664, 
          77.59746715065243
        ], 
        [
          -24.903912005984942, 
          23.20646384906796, 
          77.43523596009226
        ], 
        [
          -30.719885435365228, 
          39.87574589133623, 
          68.04376742563917
        ], 
        [
          -39.813054104122635, 
          36.794507112444904, 
          68.20599861619935
        ], 
        [
          -35.25181074152024, 
          24.045129345283186, 
          81.71929433270422
        ], 
        [
          -26.158642072762834, 
          27.126368124174505, 
          81.55706314214406
        ]
      ], 
      "cuboid_centroid": [
        -32.35848305505379, 
        30.000485480756435, 
        72.82061728814581
      ], 
      "location": [
        -32.35848305505379, 
        30.000485480756435, 
        72.82061728814581
      ], 
      "pose_transform_permuted": [
        [
          0.21540799574280609, 
          -0.6729564754694182, 
          -0.7076219464191446, 
          0.0
        ], 
        [
          0.9469683447349346, 
          0.3208821580759846, 
          -0.016894858941414168, 
          0.0
        ], 
        [
          -0.23843279977292237, 
          0.6664564011889593, 
          -0.706389174114883, 
          0.0
        ], 
        [
          -32.35848305505379, 
          30.000485480756435, 
          72.82061728814581, 
          1.0
        ]
      ], 
      "projected_cuboid": [
        [
          233.71190984790357, 
          573.2767196039189
        ], 
        [
          158.03387414472306, 
          546.8746813522627
        ], 
        [
          245.99135451407227, 
          411.60518470754613
        ], 
        [
          308.64702105365916, 
          433.1163812486479
        ], 
        [
          238.81143796888452, 
          585.828259023657
        ], 
        [
          167.69465037348266, 
          560.9918951981568
        ], 
        [
          249.6181278368126, 
          430.2107804683239
        ], 
        [
          309.1144425830506, 
          450.67182851988343
        ]
      ], 
      "projected_cuboid_centroid": [
        242.63688850066907, 
        493.00242350076286
      ], 
      "quaternion_xyzw": [
        0.9111869583602257, 
        0.15345779280452265, 
        0.054465533933518065, 
        0.3784474846047443
      ], 
      "visibility": 0.695596363032087
    }, 
    {
      "bounding_box": {
        "bottom_right": [
          435, 
          229
        ], 
        "top_left": [
          347, 
          100
        ]
      }, 
      "class": "008_pudding_box", 
      "cuboid": [
        [
          -34.29838584436225, 
          17.344379653239343, 
          61.830148381132354
        ], 
        [
          -45.43623547918143, 
          15.727301397789558, 
          63.413099426044376
        ], 
        [
          -43.64796321369502, 
          9.406589956275349, 
          69.53858715188416
        ], 
        [
          -32.51011357887584, 
          11.023668211725132, 
          67.95563610697215
        ], 
        [
          -34.29461543985948, 
          20.02224047914282, 
          64.59225148028234
        ], 
        [
          -45.43246507467866, 
          18.405162223693036, 
          66.17520252519435
        ], 
        [
          -43.64419280919225, 
          12.084450782178827, 
          72.30069025103415
        ], 
        [
          -32.50634317437307, 
          13.70152903762861, 
          70.71773920612213
        ]
      ], 
      "cuboid_centroid": [
        -38.971289326777246, 
        14.714415217709083, 
        67.06541931608325
      ], 
      "location": [
        -38.971289326777246, 
        14.714415217709083, 
        67.06541931608325
      ], 
      "pose_transform_permuted": [
        [
          -0.0009800640700010955, 
          -0.6960725773599373, 
          -0.717970181482652, 
          0.0
        ], 
        [
          0.9799786480705875, 
          0.14228080056368533, 
          -0.13927807214287105, 
          0.0
        ], 
        [
          -0.19910175988144801, 
          0.7037321978294959, 
          -0.6819964777651912, 
          0.0
        ], 
        [
          -38.971289326777246, 
          14.714415217709083, 
          67.06541931608325, 
          1.0
        ]
      ], 
      "projected_cuboid": [
        [
          183.28890941121287, 
          422.8915052865176
        ], 
        [
          96.2827922732445, 
          405.5569663596955
        ], 
        [
          144.05348316460945, 
          345.42948537243245
        ], 
        [
          224.32967672686402, 
          359.80089458961453
        ], 
        [
          196.07659619021268, 
          438.6044004459223
        ], 
        [
          112.39615959790135, 
          421.6175301170494
        ], 
        [
          156.9767038070166, 
          362.42640969810464
        ], 
        [
          234.40673317247624, 
          376.616958851604
        ]
      ], 
      "projected_cuboid_centroid": [
        169.10581291669575, 
        390.29893976080984
      ], 
      "quaternion_xyzw": [
        0.9221823338395092, 
        0.09254746808686574, 
        -0.038023428520070145, 
        0.373589095278895
      ], 
      "visibility": 0.4825013564839935
    }, 
    {
      "bounding_box": {
        "bottom_right": [
          539, 
          240
        ], 
        "top_left": [
          389, 
          40
        ]
      }, 
      "class": "019_pitcher_base", 
      "cuboid": [
        [
          -57.895852020985885, 
          39.506294750425255, 
          71.61493122287754
        ], 
        [
          -39.55045790417731, 
          43.60623797344615, 
          70.06426872867075
        ], 
        [
          -34.411179038634586, 
          26.998496055075027, 
          86.95466069630402
        ], 
        [
          -52.756573155443164, 
          22.898552832054133, 
          88.5053231905108
        ], 
        [
          -56.629481038818874, 
          30.25291630072481, 
          62.13108057588301
        ], 
        [
          -38.284086922010296, 
          34.35285952374571, 
          60.580418081676235
        ], 
        [
          -33.144808056467575, 
          17.745117605374578, 
          77.47081004930949
        ], 
        [
          -51.49020217327616, 
          13.645174382353684, 
          79.02147254351628
        ]
      ], 
      "cuboid_centroid": [
        -45.52033003872673, 
        28.625706177899918, 
        74.54287063609351
      ], 
      "location": [
        -45.52033003872673, 
        28.625706177899918, 
        74.54287063609351
      ], 
      "pose_transform_permuted": [
        [
          -0.09514003541954019, 
          0.695188665763984, 
          0.7125036021629968, 
          0.0
        ], 
        [
          -0.9726216403467219, 
          -0.21736755708340805, 
          0.08221180145471378, 
          0.0
        ], 
        [
          -0.21202781839695928, 
          0.685174589583222, 
          -0.6968356951357253, 
          0.0
        ], 
        [
          -45.52033003872673, 
          28.625706177899918, 
          74.54287063609351, 
          1.0
        ]
      ], 
      "projected_cuboid": [
        [
          46.851053606102624, 
          567.4916749431881
        ], 
        [
          178.0355885388628, 
          605.2112277219496
        ], 
        [
          268.78393464851473, 
          438.87658855537114
        ], 
        [
          161.04474835219608, 
          411.2697260132587
        ], 
        [
          -8.548876687254662, 
          532.9709433010636
        ], 
        [
          141.754508512412, 
          575.7118645488418
        ], 
        [
          251.52221717531063, 
          395.44633879670596
        ], 
        [
          131.19132356496073, 
          365.3784527440583
        ]
      ], 
      "projected_cuboid_centroid": [
        153.20623351893389, 
        478.09015711366084
      ], 
      "quaternion_xyzw": [
        -0.0035210722612804843, 
        0.3791251285771786, 
        0.9179188188632126, 
        -0.11694808044467044
      ], 
      "visibility": 0.0159433239101235
    }, 
    {
      "bounding_box": {
        "bottom_right": [
          526, 
          254
        ], 
        "top_left": [
          337, 
          23
        ]
      }, 
      "class": "035_power_drill", 
      "cuboid": [
        [
          -28.355021639606605, 
          22.172539599734247, 
          46.73732307123797
        ], 
        [
          -46.15634040463992, 
          19.358628609015167, 
          50.62120053491679
        ], 
        [
          -41.394603450339254, 
          5.954855848919877, 
          62.734898463403134
        ], 
        [
          -23.593284685305935, 
          8.768766839638957, 
          58.85102099972431
        ], 
        [
          -28.056623000883295, 
          26.060036591372103, 
          50.92153197570969
        ], 
        [
          -45.85794176591661, 
          23.246125600653023, 
          54.805409439388505
        ], 
        [
          -41.09620481161594, 
          9.842352840557735, 
          66.91910736787486
        ], 
        [
          -23.294886046582626, 
          12.656263831276815, 
          63.03522990419603
        ]
      ], 
      "cuboid_centroid": [
        -34.725613225611276, 
        16.00744622014599, 
        56.82821521955641
      ], 
      "location": [
        -34.725613225611276, 
        16.00744622014599, 
        56.82821521955641
      ], 
      "pose_transform_permuted": [
        [
          -0.052174890145020386, 
          -0.6797273920069012, 
          -0.7316073587623134, 
          0.0
        ], 
        [
          0.965568572482247, 
          0.1526304907104809, 
          -0.21066697741892346, 
          0.0
        ], 
        [
          -0.254861862213708, 
          0.7174084833144597, 
          -0.6483599665369976, 
          0.0
        ], 
        [
          -34.725613225611276, 
          16.00744622014599, 
          56.82821521955641, 
          1.0
        ]
      ], 
      "projected_cuboid": [
        [
          155.34153367991195, 
          526.2973824226541
        ], 
        [
          -8.735416153611174, 
          477.23934098545715
        ], 
        [
          126.76221938433464, 
          323.90973682255327
        ], 
        [
          266.00829339889856, 
          352.75083607514404
        ], 
        [
          185.30114620863452, 
          546.2227068886289
        ], 
        [
          31.62778201425733, 
          499.4980405046556
        ], 
        [
          151.34669537975492, 
          351.72630983155227
        ], 
        [
          282.8645264535079, 
          380.3668700633411
        ]
      ], 
      "projected_cuboid_centroid": [
        152.98943611629264, 
        423.5126978701396
      ], 
      "quaternion_xyzw": [
        0.9239297070880202, 
        0.11026064802280683, 
        -0.07112063438038788, 
        0.35935833331132827
      ], 
      "visibility": 0.8922776208188531
    }, 
    {
      "bounding_box": {
        "bottom_right": [
          363, 
          170
        ], 
        "top_left": [
          297, 
          73
        ]
      }, 
      "class": "061_foam_brick", 
      "cuboid": [
        [
          -46.85316013347807, 
          2.6101878669075047, 
          66.56110584821677
        ], 
        [
          -39.3117914062429, 
          4.1069222697395285, 
          65.32371382996963
        ], 
        [
          -40.57721333740869, 
          7.46287779680401, 
          61.67083808803412
        ], 
        [
          -48.11858206464387, 
          5.9661433939719855, 
          62.90823010628126
        ], 
        [
          -47.026499110078625, 
          6.448557773115534, 
          70.14752558151748
        ], 
        [
          -39.48513038284345, 
          7.945292175947559, 
          68.91013356327034
        ], 
        [
          -40.75055231400925, 
          11.301247703012042, 
          65.25725782133482
        ], 
        [
          -48.291921041244414, 
          9.804513300180016, 
          66.49464983958197
        ]
      ], 
      "cuboid_centroid": [
        -43.801856223743656, 
        6.955717784959773, 
        65.9091818347758
      ], 
      "location": [
        -43.801856223743656, 
        6.955717784959773, 
        65.9091818347758
      ], 
      "pose_transform_permuted": [
        [
          0.03297925708080118, 
          -0.730283461865319, 
          -0.6823477368090288, 
          0.0
        ], 
        [
          -0.9684065222156747, 
          -0.19219950782840356, 
          0.1588966863111416, 
          0.0
        ], 
        [
          0.24718652134074856, 
          -0.6555497040778255, 
          0.7135498645160931, 
          0.0
        ], 
        [
          -43.801856223743656, 
          6.955717784959773, 
          65.9091818347758, 
          1.0
        ]
      ], 
      "projected_cuboid": [
        [
          103.0585319068101, 
          294.2006181704258
        ], 
        [
          157.97084432767778, 
          306.8165065731613
        ], 
        [
          127.76751280680915, 
          337.8243162773485
        ], 
        [
          70.26071485755145, 
          323.8659471086159
        ], 
        [
          121.0831536543614, 
          322.31381464020274
        ], 
        [
          173.4612222890857, 
          334.7779281781867
        ], 
        [
          145.78490853715235, 
          365.6467890172021
        ], 
        [
          91.04448252520996, 
          351.92352545430333
        ]
      ], 
      "projected_cuboid_centroid": [
        124.21041164435034, 
        329.5703577234299
      ], 
      "quaternion_xyzw": [
        -0.12082167698257684, 
        0.9091622466730745, 
        -0.39702300982714483, 
        -0.034624576001454625
      ], 
      "visibility": 0.9637748038763267
    }
  ]
}