{
  "camera_data": {
    "location_worldframe": [
      -9.647413674227483, 
      0.3530616524418148, 
      82.21195732236197
    ], 
    "quaternion_xyzw_worldframe": [
      -0.8290471982329372, 
      -0.11123951502048678, 
      -0.2142306864689794, 
      0.5043949552882625
    ]
  }, 
  "objects": [
    {
      "bounding_box": {
        "bottom_right": [
          476, 
          417
        ], 
        "top_left": [
          287, 
          259
        ]
      }, 
      "class": "003_cracker_box", 
      "cuboid": [
        [
          -7.219069867781895, 
          20.741894357487826, 
          66.20720828583883
        ], 
        [
          -21.763958879631662, 
          22.014323484796645, 
          58.73022738201781
        ], 
        [
          -27.094093392249192, 
          2.591303981427541, 
          65.79347922486912
        ], 
        [
          -12.549204380399425, 
          1.3188748541187247, 
          73.27046012869015
        ], 
        [
          -10.012989920873931, 
          23.66602699921647, 
          72.13981787736346
        ], 
        [
          -24.557878932723696, 
          24.93845612652529, 
          64.66283697354243
        ], 
        [
          -29.888013445341226, 
          5.515436623156185, 
          71.72608881639373
        ], 
        [
          -15.343124433491461, 
          4.243007495847369, 
          79.20306972021476
        ]
      ], 
      "cuboid_centroid": [
        -18.553541656561563, 
        13.128665490322005, 
        68.96664855111628
      ], 
      "location": [
        -18.553541656561563, 
        13.128665490322005, 
        68.96664855111628
      ], 
      "pose_transform_permuted": [
        [
          0.38912536488716315, 
          -0.40726082334813346, 
          -0.8262687650923473, 
          0.0
        ], 
        [
          0.8866887998730135, 
          -0.07757011104709927, 
          0.4558133938926055, 
          0.0
        ], 
        [
          0.24972869795277247, 
          0.9100118129112067, 
          -0.3309291129243115, 
          0.0
        ], 
        [
          -18.553541656561563, 
          13.128665490322005, 
          68.96664855111628, 
          1.0
        ]
      ], 
      "projected_cuboid": [
        [
          422.9606136883449, 
          440.3689258259234
        ], 
        [
          282.31512362507976, 
          473.19500672169573
        ], 
        [
          260.1430786187034, 
          294.2915551279109
        ], 
        [
          389.4929584413188, 
          282.8863383132212
        ], 
        [
          406.955548671112, 
          448.24616535387526
        ], 
        [
          277.3631650180742, 
          478.97140503687046
        ], 
        [
          257.51266047728, 
          314.2965861997095
        ], 
        [
          377.4220633824347, 
          301.85713501853235
        ]
      ], 
      "projected_cuboid_centroid": [
        336.92674923492046, 
        374.81060148152545
      ], 
      "quaternion_xyzw": [
        0.9517049671348479, 
        -0.0859769624785137, 
        0.2219539636646786, 
        0.19391249435599775
      ], 
      "visibility": 0.5783479456764655
    }, 
    {
      "bounding_box": {
        "bottom_right": [
          447, 
          412
        ], 
        "top_left": [
          320, 
          340
        ]
      }, 
      "class": "006_mustard_bottle", 
      "cuboid": [
        [
          -7.594570455382657, 
          24.37389298901426, 
          78.80489145170476
        ], 
        [
          -14.929021016680885, 
          23.673050914897964, 
          72.6469110066866
        ], 
        [
          -19.50368435642506, 
          6.630549776452277, 
          80.03516830177784
        ], 
        [
          -12.169233795126837, 
          7.331391850568571, 
          86.19314874679601
        ], 
        [
          -11.086608082696506, 
          26.98548379090665, 
          82.66684990281107
        ], 
        [
          -18.42105864399473, 
          26.284641716790357, 
          76.50886945779291
        ], 
        [
          -22.99572198373891, 
          9.242140578344667, 
          83.89712675288415
        ], 
        [
          -15.661271422440684, 
          9.942982652460962, 
          90.05510719790232
        ]
      ], 
      "cuboid_centroid": [
        -15.295146219560785, 
        16.808016783679463, 
        81.35100910229446
      ], 
      "location": [
        -15.295146219560785, 
        16.808016783679463, 
        81.35100910229446
      ], 
      "pose_transform_permuted": [
        [
          0.5995017145718032, 
          -0.4483494539830529, 
          -0.6630085240015695, 
          0.0
        ], 
        [
          0.7638143270603056, 
          0.07298613750856525, 
          0.6412959839802265, 
          0.0
        ], 
        [
          0.23913431084532855, 
          0.8908735926895203, 
          -0.386211112249501, 
          0.0
        ], 
        [
          -15.295146219560785, 
          16.808016783679463, 
          81.35100910229446, 
          1.0
        ]
      ], 
      "projected_cuboid": [
        [
          429.77177442710826, 
          438.23917238897843
        ], 
        [
          371.0859652892817, 
          447.0764689140886
        ], 
        [
          350.549932145594, 
          317.46964046008037
        ], 
        [
          405.67251878338135, 
          318.6494804270772
        ], 
        [
          409.47651638663416, 
          447.3815589476162
        ], 
        [
          352.119498997274, 
          456.5086175069313
        ], 
        [
          334.1990314657656, 
          332.03723364435274
        ], 
        [
          388.0757963377615, 
          332.17034289474424
        ]
      ], 
      "projected_cuboid_centroid": [
        380.48978875274474, 
        383.4762529453117
      ], 
      "quaternion_xyzw": [
        0.9107272428877095, 
        -0.045608653588187706, 
        0.34060628696516804, 
        0.2290917979971566
      ], 
      "visibility": 0.022128060263653482
    }, 
    {
      "bounding_box": {
        "bottom_right": [
          363, 
          395
        ], 
        "top_left": [
          282, 
          294
        ]
      }, 
      "class": "008_pudding_box", 
      "cuboid": [
        [
          -10.190428890156351, 
          9.087138498152127, 
          67.24227042658396
        ], 
        [
          -20.0107865994276, 
          9.777074553083622, 
          61.562751671905836
        ], 
        [
          -22.30717777904685, 
          1.6212401102774527, 
          64.54266153522619
        ], 
        [
          -12.4868200697756, 
          0.9313040553459572, 
          70.22218028990432
        ], 
        [
          -11.858645269183793, 
          10.681526963916733, 
          70.32044291723064
        ], 
        [
          -21.679002978455042, 
          11.37146301884823, 
          64.64092416255251
        ], 
        [
          -23.97539415807429, 
          3.2156285760420595, 
          67.62083402587285
        ], 
        [
          -14.15503644880304, 
          2.525692521110564, 
          73.30035278055098
        ]
      ], 
      "cuboid_centroid": [
        -17.08291152411532, 
        6.151383537097093, 
        67.4315522262284
      ], 
      "location": [
        -17.08291152411532, 
        6.151383537097093, 
        67.4315522262284
      ], 
      "pose_transform_permuted": [
        [
          0.43362958347617586, 
          -0.4144390469968844, 
          -0.8001280120298953, 
          0.0
        ], 
        [
          0.8640573528139079, 
          -0.0607049497466033, 
          0.49972008003243074, 
          0.0
        ], 
        [
          0.2556744484957184, 
          0.9080502014175971, 
          -0.33177570861324546, 
          0.0
        ], 
        [
          -17.08291152411532, 
          6.151383537097093, 
          67.4315522262284, 
          1.0
        ]
      ], 
      "projected_cuboid": [
        [
          400.10002939330786, 
          345.3594897914767
        ], 
        [
          306.79849838622454, 
          357.98556756791356
        ], 
        [
          295.7355433525742, 
          286.68293470984736
        ], 
        [
          385.97254558788336, 
          280.3595552040878
        ], 
        [
          390.91003043856955, 
          354.2966578228671
        ], 
        [
          301.2440203914179, 
          367.10673000108403
        ], 
        [
          290.92943719229413, 
          298.64791833873466
        ], 
        [
          377.74942056829815, 
          291.66300182479307
        ]
      ], 
      "projected_cuboid_centroid": [
        345.361511207013, 
        321.9381438783912
      ], 
      "quaternion_xyzw": [
        0.9450179318750255, 
        -0.08369666531474917, 
        0.24691321509019742, 
        0.19740756509496946
      ], 
      "visibility": 0.8235638064610437
    }, 
    {
      "bounding_box": {
        "bottom_right": [
          497, 
          365
        ], 
        "top_left": [
          310, 
          216
        ]
      }, 
      "class": "019_pitcher_base", 
      "cuboid": [
        [
          -34.86774215130461, 
          32.04613720877554, 
          70.00736546983312
        ], 
        [
          -19.33128110836522, 
          31.898579034872533, 
          80.70148435595507
        ], 
        [
          -25.496759275184168, 
          10.114090763815852, 
          89.3581332137983
        ], 
        [
          -41.033220318123554, 
          10.26164893771886, 
          78.66401432767634
        ], 
        [
          -28.12231039695896, 
          26.21083069514645, 
          60.127057800948656
        ], 
        [
          -12.58584935401957, 
          26.06327252124344, 
          70.82117668707062
        ], 
        [
          -18.75132752083852, 
          4.278784250186759, 
          79.47782554491384
        ], 
        [
          -34.2877885637779, 
          4.426342424089769, 
          68.78370665879187
        ]
      ], 
      "cuboid_centroid": [
        -26.809534836071563, 
        18.16246072948115, 
        74.74259550737348
      ], 
      "location": [
        -26.809534836071563, 
        18.16246072948115, 
        74.74259550737348
      ], 
      "pose_transform_permuted": [
        [
          -0.5067714161693415, 
          0.4383954435220376, 
          0.7422886617040718, 
          0.0
        ], 
        [
          -0.8236998414180389, 
          0.007823122917627278, 
          -0.5669723630277751, 
          0.0
        ], 
        [
          0.2543650421169849, 
          0.8987481792386693, 
          -0.35714161849888226, 
          0.0
        ], 
        [
          -26.809534836071563, 
          18.16246072948115, 
          74.74259550737348, 
          1.0
        ]
      ], 
      "projected_cuboid": [
        [
          213.75929251536027, 
          517.4156010268674
        ], 
        [
          352.78075944719114, 
          484.0898089546624
        ], 
        [
          328.1556394731174, 
          333.6508548747573
        ], 
        [
          201.08520339546203, 
          342.8575912881742
        ], 
        [
          230.07691855822895, 
          505.7733718987338
        ], 
        [
          386.0293698243447, 
          469.55627377704457
        ], 
        [
          354.72156442031843, 
          301.99843865490425
        ], 
        [
          213.52865818879238, 
          307.60651303451823
        ]
      ], 
      "projected_cuboid_centroid": [
        288.7056787013454, 
        402.8832681973882
      ], 
      "quaternion_xyzw": [
        -0.2884267577464995, 
        0.21369546432896902, 
        0.9306901582106664, 
        0.07042842419723552
      ], 
      "visibility": 0.3384767448245566
    }, 
    {
      "bounding_box": {
        "bottom_right": [
          441, 
          501
        ], 
        "top_left": [
          273, 
          344
        ]
      }, 
      "class": "035_power_drill", 
      "cuboid": [
        [
          3.6888704505036065, 
          16.82613989191945, 
          61.42018774208849
        ], 
        [
          -12.827498764188402, 
          17.293924743139726, 
          53.24215165218084
        ], 
        [
          -16.395124111414646, 
          0.04046386905709881, 
          59.46043741090632
        ], 
        [
          0.12124510327736204, 
          -0.42732098216317765, 
          67.63847350081397
        ], 
        [
          1.3943892938797693, 
          19.015835441262034, 
          66.17937552856353
        ], 
        [
          -15.12197992081224, 
          19.48362029248231, 
          58.001339438655876
        ], 
        [
          -18.689605268038484, 
          2.230159418399684, 
          64.21962519738136
        ], 
        [
          -2.173236053346476, 
          1.7623745671794075, 
          72.39766128728901
        ]
      ], 
      "cuboid_centroid": [
        -7.500367408767438, 
        9.528149655159568, 
        62.81990646973492
      ], 
      "location": [
        -7.500367408767438, 
        9.528149655159568, 
        62.81990646973492
      ], 
      "pose_transform_permuted": [
        [
          0.4011891702953598, 
          -0.3828674461344524, 
          -0.8321422007863319, 
          0.0
        ], 
        [
          0.8958711012211936, 
          -0.02537330840391466, 
          0.44358818227283464, 
          0.0
        ], 
        [
          0.19094957331771478, 
          0.9234548674572575, 
          -0.3328205449934411, 
          0.0
        ], 
        [
          -7.500367408767438, 
          9.528149655159568, 
          62.81990646973492, 
          1.0
        ]
      ], 
      "projected_cuboid": [
        [
          513.8949481579998, 
          419.39012775259744
        ], 
        [
          352.03492595179, 
          446.5174922008943
        ], 
        [
          333.31851282567715, 
          273.64947129842204
        ], 
        [
          482.56103607306403, 
          269.917173826805
        ], 
        [
          492.9276745008844, 
          426.5294078360745
        ], 
        [
          341.39243316910387, 
          452.43750852137237
        ], 
        [
          325.09355184245504, 
          291.8071644685955
        ], 
        [
          465.4544461163421, 
          286.2691240601457
        ]
      ], 
      "projected_cuboid_centroid": [
        417.3908653799719, 
        354.17727927743124
      ], 
      "quaternion_xyzw": [
        0.9554407581667196, 
        -0.05660290286775746, 
        0.22104388611941161, 
        0.18726644875950793
      ], 
      "visibility": 0.9409455002355898
    }, 
    {
      "bounding_box": {
        "bottom_right": [
          308, 
          342
        ], 
        "top_left": [
          248, 
          262
        ]
      }, 
      "class": "061_foam_brick", 
      "cuboid": [
        [
          -23.059125137768522, 
          -2.922132395743374, 
          57.900315777974356
        ], 
        [
          -16.30907359037565, 
          -2.968176344850649, 
          61.78339177798428
        ], 
        [
          -15.098357165491297, 
          1.5634087758318194, 
          59.732505778701174
        ], 
        [
          -21.84840871288417, 
          1.6094527249390946, 
          55.84942977869125
        ], 
        [
          -25.36662376208528, 
          -0.4771452347189186, 
          61.94049205164149
        ], 
        [
          -18.616572214692408, 
          -0.5231891838261938, 
          65.82356805165142
        ], 
        [
          -17.405855789808054, 
          4.008395936856275, 
          63.77268205236831
        ], 
        [
          -24.155907337200926, 
          4.05443988596355, 
          59.88960605235839
        ]
      ], 
      "cuboid_centroid": [
        -20.232490463788288, 
        0.5431317705564505, 
        60.83649891517133
      ], 
      "location": [
        -20.232490463788288, 
        0.5431317705564505, 
        60.83649891517133
      ], 
      "pose_transform_permuted": [
        [
          0.43902180477448083, 
          -0.46518020196056264, 
          -0.768678889157552, 
          0.0
        ], 
        [
          -0.866791451289213, 
          0.00591262173178464, 
          -0.49863575972466806, 
          0.0
        ], 
        [
          -0.23650039091827663, 
          -0.8851962610676727, 
          0.4006184525047683, 
          0.0
        ], 
        [
          -20.232490463788288, 
          0.5431317705564505, 
          60.83649891517133, 
          1.0
        ]
      ], 
      "projected_cuboid": [
        [
          267.4295362458924, 
          246.37078786282206
        ], 
        [
          339.64252940283393, 
          247.66498297353627
        ], 
        [
          345.6685138548812, 
          287.2453784114988
        ], 
        [
          271.2227089839462, 
          288.65558758139514
        ], 
        [
          261.36540704558854, 
          269.17822548239616
        ], 
        [
          329.50378445344086, 
          269.04752381528
        ], 
        [
          334.82195094922605, 
          306.8080393740478
        ], 
        [
          264.69502815919714, 
          309.3915039764386
        ]
      ], 
      "projected_cuboid_centroid": [
        302.75204092856455, 
        278.0478706459607
      ], 
      "quaternion_xyzw": [
        0.06459716866989293, 
        0.9381719727100194, 
        -0.23071427191657895, 
        0.24986292273009802
      ], 
      "visibility": 0.9931849159472966
    }
  ]
}