{
  "camera_data": {
    "location_worldframe": [
      -20.523890830895684, 
      14.023559348242992, 
      70.88423039366755
    ], 
    "quaternion_xyzw_worldframe": [
      0.9051590402279777, 
      0.016448426270002026, 
      -0.04984460734767816, 
      -0.421820958072376
    ]
  }, 
  "objects": [
    {
      "bounding_box": {
        "bottom_right": [
          539, 
          268
        ], 
        "top_left": [
          380, 
          50
        ]
      }, 
      "class": "003_cracker_box", 
      "cuboid": [
        [
          -29.125905332169065, 
          30.018695650252546, 
          52.23179416037319
        ], 
        [
          -45.47436855177579, 
          29.617607867351225, 
          53.51436760260938
        ], 
        [
          -44.062833128489004, 
          12.469735482017095, 
          66.1441572901496
        ], 
        [
          -27.714369908882276, 
          12.870823264918418, 
          64.86158384791341
        ], 
        [
          -28.77875722607706, 
          34.290190458735914, 
          57.99254218719045
        ], 
        [
          -45.12722044568379, 
          33.88910267583459, 
          59.275115629426644
        ], 
        [
          -43.715685022397, 
          16.741230290500464, 
          71.90490531696686
        ], 
        [
          -27.367221802790276, 
          17.142318073401785, 
          70.62233187473068
        ]
      ], 
      "cuboid_centroid": [
        -36.42079517728303, 
        23.379962970376507, 
        62.06834973867002
      ], 
      "location": [
        -36.42079517728303, 
        23.379962970376507, 
        62.06834973867002
      ], 
      "pose_transform_permuted": [
        [
          -0.048349319553163184, 
          -0.5949157257113402, 
          -0.8023326134466273, 
          0.0
        ], 
        [
          0.9966386969437344, 
          0.024451203757880846, 
          -0.07818853105849671, 
          0.0
        ], 
        [
          -0.06613358490994586, 
          0.8034160926544474, 
          -0.591733834600337, 
          0.0
        ], 
        [
          -36.42079517728303, 
          23.379962970376507, 
          62.06834973867002, 
          1.0
        ]
      ], 
      "projected_cuboid": [
        [
          181.7248528332145, 
          579.7963661213264
        ], 
        [
          24.626721945455543, 
          568.4530696993954
        ], 
        [
          123.35822909960199, 
          373.82987244937914
        ], 
        [
          251.81866978254564, 
          379.11593176884264
        ], 
        [
          214.7320631803144, 
          588.6310528551363
        ], 
        [
          72.18757030699697, 
          578.1990113051936
        ], 
        [
          154.65522394468167, 
          397.4564526895363
        ], 
        [
          273.2053782182258, 
          402.7404045814567
        ]
      ], 
      "projected_cuboid_centroid": [
        166.04504895256846, 
        474.17784826142383
      ], 
      "quaternion_xyzw": [
        0.948997813886419, 
        0.023863276432865517, 
        -0.03333460013291575, 
        0.31260597836680093
      ], 
      "visibility": 0.16089381944700248
    }, 
    {
      "bounding_box": {
        "bottom_right": [
          539, 
          323
        ], 
        "top_left": [
          423, 
          223
        ]
      }, 
      "class": "006_mustard_bottle", 
      "cuboid": [
        [
          -23.37045739567733, 
          36.53422713524296, 
          62.05305869234733
        ], 
        [
          -32.68852249330542, 
          34.462268776437945, 
          61.01060044092963
        ], 
        [
          -30.74873063346152, 
          19.697117086320887, 
          73.01844115825712
        ], 
        [
          -21.430665535833427, 
          21.769075445125903, 
          74.06089940967482
        ], 
        [
          -24.647462099810248, 
          40.01809315850867, 
          66.54320266584453
        ], 
        [
          -33.96552719743834, 
          37.94613479970364, 
          65.50074441442683
        ], 
        [
          -32.02573533759443, 
          23.180983109586595, 
          77.50858513175433
        ], 
        [
          -22.707670239966344, 
          25.25294146839161, 
          78.55104338317203
        ]
      ], 
      "cuboid_centroid": [
        -27.698096366635884, 
        29.857605122414775, 
        69.78082191205083
      ], 
      "location": [
        -27.698096366635884, 
        29.857605122414775, 
        69.78082191205083
      ], 
      "pose_transform_permuted": [
        [
          0.21923203337096672, 
          -0.5980988400439505, 
          -0.7708533807685387, 
          0.0
        ], 
        [
          0.9703892012858745, 
          0.2157750558546958, 
          0.10856226259082397, 
          0.0
        ], 
        [
          -0.10139998402878977, 
          0.7718282443359709, 
          -0.6276935593776748, 
          0.0
        ], 
        [
          -27.698096366635884, 
          29.857605122414775, 
          69.78082191205083, 
          1.0
        ]
      ], 
      "projected_cuboid": [
        [
          279.0640863213367, 
          587.2826438599457
        ], 
        [
          193.4715455685259, 
          574.5358731158561
        ], 
        [
          255.13974316629336, 
          417.1523629362861
        ], 
        [
          325.9867417221874, 
          430.04772147982425
        ], 
        [
          282.4104096522365, 
          594.0170094282896
        ], 
        [
          202.7385837992757, 
          582.2512218984725
        ], 
        [
          259.398610958421, 
          432.78980111656836
        ], 
        [
          326.13932522342026, 
          444.7405077533143
        ]
      ], 
      "projected_cuboid_centroid": [
        268.1424381552828, 
        501.48169364246303
      ], 
      "quaternion_xyzw": [
        0.9371593816409223, 
        0.08461075194278236, 
        0.08744358280547704, 
        0.32699677969272417
      ], 
      "visibility": 0.5746064773721549
    }, 
    {
      "bounding_box": {
        "bottom_right": [
          458, 
          236
        ], 
        "top_left": [
          370, 
          101
        ]
      }, 
      "class": "008_pudding_box", 
      "cuboid": [
        [
          -29.739591845194496, 
          18.96841193713309, 
          57.05346194568497
        ], 
        [
          -41.08354335083218, 
          18.383736619022073, 
          57.43463066529687
        ], 
        [
          -40.53299675732311, 
          11.187114434158351, 
          62.78032409819342
        ], 
        [
          -29.189045251685425, 
          11.771789752269374, 
          62.399155378581526
        ], 
        [
          -29.753999486695953, 
          21.26170194898709, 
          60.14227720247675
        ], 
        [
          -41.09795099233364, 
          20.677026630876068, 
          60.523445922088634
        ], 
        [
          -40.54740439882457, 
          13.480404446012347, 
          65.8691393549852
        ], 
        [
          -29.20345289318688, 
          14.065079764123368, 
          65.48797063537329
        ]
      ], 
      "cuboid_centroid": [
        -35.14349812200953, 
        16.22440819157272, 
        61.46130065033508
      ], 
      "location": [
        -35.14349812200953, 
        16.22440819157272, 
        61.46130065033508
      ], 
      "pose_transform_permuted": [
        [
          0.003745065485325657, 
          -0.5961087573124495, 
          -0.8028944506697236, 
          0.0
        ], 
        [
          0.9981127977809697, 
          0.05144344254850239, 
          -0.03353764135621929, 
          0.0
        ], 
        [
          -0.06129648028432472, 
          0.8012539085140372, 
          -0.5951761321908681, 
          0.0
        ], 
        [
          -35.14349812200953, 
          16.22440819157272, 
          61.46130065033508, 
          1.0
        ]
      ], 
      "projected_cuboid": [
        [
          201.28309946597125, 
          450.5978737485981
        ], 
        [
          96.92929839406838, 
          443.99202763489245
        ], 
        [
          134.39932037458462, 
          368.32120517400114
        ], 
        [
          230.04208961459994, 
          373.8988934815807
        ], 
        [
          215.55076931255942, 
          461.8274870174646
        ], 
        [
          116.43281062504037, 
          455.4880477598616
        ], 
        [
          150.5629108307837, 
          382.4326988471555
        ], 
        [
          241.78865833466344, 
          387.8294441715902
        ]
      ], 
      "projected_cuboid_centroid": [
        174.1042475870525, 
        414.07097505600115
      ], 
      "quaternion_xyzw": [
        0.9489811848720621, 
        0.029700252394368146, 
        -0.007848568640196528, 
        0.31383258922670904
      ], 
      "visibility": 0.5663619341337152
    }, 
    {
      "bounding_box": {
        "bottom_right": [
          539, 
          273
        ], 
        "top_left": [
          362, 
          37
        ]
      }, 
      "class": "035_power_drill", 
      "cuboid": [
        [
          -21.881212043590914, 
          24.98061291566764, 
          43.32306556337666
        ], 
        [
          -40.169273371150084, 
          23.649848736373784, 
          45.23759646399762
        ], 
        [
          -37.95411317372434, 
          8.39344957942462, 
          55.79279852707633
        ], 
        [
          -19.666051846165168, 
          9.724213758718472, 
          53.87826762645537
        ], 
        [
          -21.62945971686434, 
          28.256118676095454, 
          48.00462102531852
        ], 
        [
          -39.91752104442351, 
          26.925354496801603, 
          49.91915192593948
        ], 
        [
          -37.70236084699776, 
          11.66895533985244, 
          60.47435398901819
        ], 
        [
          -19.414299519438593, 
          12.999719519146291, 
          58.55982308839723
        ]
      ], 
      "cuboid_centroid": [
        -29.79178644529434, 
        18.324784127760037, 
        51.89870977619743
      ], 
      "location": [
        -29.79178644529434, 
        18.324784127760037, 
        51.89870977619743
      ], 
      "pose_transform_permuted": [
        [
          -0.04401879997479449, 
          -0.5727209545958124, 
          -0.8185682179372452, 
          0.0
        ], 
        [
          0.9919701738168409, 
          0.0721825211868717, 
          -0.10384684938718758, 
          0.0
        ], 
        [
          -0.11856174720187268, 
          0.8165663784312838, 
          -0.5649447837324512, 
          0.0
        ], 
        [
          -29.79178644529434, 
          18.324784127760037, 
          51.89870977619743, 
          1.0
        ]
      ], 
      "projected_cuboid": [
        [
          209.98820784869514, 
          580.8051748621538
        ], 
        [
          4.082976171172787, 
          552.1016929860012
        ], 
        [
          115.77286001640867, 
          353.5189541577696
        ], 
        [
          285.3083701231016, 
          369.54266975654747
        ], 
        [
          239.29653818488922, 
          587.2050964973265
        ], 
        [
          51.57761422499288, 
          560.9480523091207
        ], 
        [
          146.3314281534478, 
          376.19433256528356
        ], 
        [
          303.31251900846, 
          391.67837439165436
        ]
      ], 
      "projected_cuboid_centroid": [
        172.9005553261955, 
        461.5950002700378
      ], 
      "quaternion_xyzw": [
        0.9522479679927611, 
        0.05007736293489114, 
        -0.03882015355560889, 
        0.2986789619321383
      ], 
      "visibility": 0.7100212869540108
    }, 
    {
      "bounding_box": {
        "bottom_right": [
          391, 
          162
        ], 
        "top_left": [
          323, 
          52
        ]
      }, 
      "class": "061_foam_brick", 
      "cuboid": [
        [
          -44.0639465177456, 
          5.206966813501598, 
          58.64526079142299
        ], 
        [
          -36.327803905196454, 
          6.019916173163468, 
          58.27810145749568
        ], 
        [
          -36.89299127891901, 
          9.925544697717095, 
          55.01714141322825
        ], 
        [
          -44.62913389146816, 
          9.112595338055227, 
          55.38430074715557
        ], 
        [
          -44.22439866822352, 
          8.560325901253544, 
          62.68936444700596
        ], 
        [
          -36.48825605567438, 
          9.373275260915412, 
          62.322205113078645
        ], 
        [
          -37.053443429396935, 
          13.27890378546904, 
          59.06124506881122
        ], 
        [
          -44.78958604194608, 
          12.46595442580717, 
          59.428404402738536
        ]
      ], 
      "cuboid_centroid": [
        -40.55869497357127, 
        9.24293529948532, 
        58.85325293011711
      ], 
      "location": [
        -40.55869497357127, 
        9.24293529948532, 
        58.85325293011711
      ], 
      "pose_transform_permuted": [
        [
          0.030527425646297623, 
          -0.6380059096233165, 
          -0.7694261079331361, 
          0.0
        ], 
        [
          -0.9934179369492028, 
          -0.10439291468197964, 
          0.047147872823602, 
          0.0
        ], 
        [
          0.11040325552717811, 
          -0.7629223935957872, 
          0.6369933614403491, 
          0.0
        ], 
        [
          -40.55869497357127, 
          9.24293529948532, 
          58.85325293011711, 
          1.0
        ]
      ], 
      "projected_cuboid": [
        [
          77.54046501293779, 
          320.63865702885874
        ], 
        [
          146.3804903403351, 
          328.3765135280536
        ], 
        [
          120.98721714239151, 
          369.50177608648687
        ], 
        [
          48.26231483969977, 
          361.0356921954754
        ], 
        [
          102.22984271250067, 
          346.11211982833726
        ], 
        [
          166.74827412137375, 
          353.49793688860836
        ], 
        [
          144.2183262371826, 
          393.19426128772676
        ], 
        [
          76.2988284810655, 
          385.157918090298
        ]
      ], 
      "projected_cuboid_centroid": [
        110.99721809254596, 
        357.0446678345572
      ], 
      "quaternion_xyzw": [
        -0.05719654139051176, 
        0.9388512180423113, 
        -0.3395104694336683, 
        -0.004425740430938904
      ], 
      "visibility": 0.9945671858022456
    }
  ]
}