{
  "camera_data": {
    "location_worldframe": [
      -9.11710073786187, 
      -1.188253364527493, 
      80.73687401408843
    ], 
    "quaternion_xyzw_worldframe": [
      -0.8288140961083862, 
      -0.10797466696148089, 
      -0.2121457756210891, 
      0.5063658340686563
    ]
  }, 
  "objects": [
    {
      "bounding_box": {
        "bottom_right": [
          468, 
          419
        ], 
        "top_left": [
          276, 
          258
        ]
      }, 
      "class": "003_cracker_box", 
      "cuboid": [
        [
          -6.752655850949239, 
          19.265662392103724, 
          64.80578916553584
        ], 
        [
          -21.347009816020723, 
          20.60621417886178, 
          57.43789469449607
        ], 
        [
          -26.674158099123996, 
          1.1648139589683915, 
          64.45266452722437
        ], 
        [
          -12.079804134052516, 
          -0.17573782778966263, 
          71.82055899826415
        ], 
        [
          -9.497367109783049, 
          22.170074324629596, 
          70.77096719865229
        ], 
        [
          -24.09172107485453, 
          23.51062611138765, 
          63.40307272761251
        ], 
        [
          -29.418869357957806, 
          4.069225891494263, 
          70.41784256034082
        ], 
        [
          -14.824515392886322, 
          2.728674104736209, 
          77.78573703138059
        ]
      ], 
      "cuboid_centroid": [
        -18.085762604453524, 
        11.667444141798994, 
        67.61181586293833
      ], 
      "location": [
        -18.085762604453524, 
        11.667444141798994, 
        67.61181586293833
      ], 
      "pose_transform_permuted": [
        [
          0.3822717722082322, 
          -0.40451420640185753, 
          -0.8308047598514667, 
          0.0
        ], 
        [
          0.889704293492264, 
          -0.08172301995565073, 
          0.449163242207953, 
          0.0
        ], 
        [
          0.2495887864352267, 
          0.9108729905032886, 
          -0.3286576225456933, 
          0.0
        ], 
        [
          -18.085762604453524, 
          11.667444141798994, 
          67.61181586293833, 
          1.0
        ]
      ], 
      "projected_cuboid": [
        [
          425.56294949924876, 
          431.8334080801478
        ], 
        [
          281.73504720212634, 
          464.61836891045044
        ], 
        [
          259.03990196408677, 
          282.9248997097787
        ], 
        [
          391.1482603484419, 
          271.98155753612224
        ], 
        [
          409.4298726150488, 
          440.35695210331437
        ], 
        [
          277.2590115867508, 
          471.04788894443385
        ], 
        [
          256.93228513823016, 
          304.10540117539523
        ], 
        [
          379.10924467557714, 
          291.9950492289501
        ]
      ], 
      "projected_cuboid_centroid": [
        337.74836101155074, 
        365.3189197028635
      ], 
      "quaternion_xyzw": [
        0.9528092731295988, 
        -0.08693025344480801, 
        0.21815357959449017, 
        0.19237108874354603
      ], 
      "visibility": 0.5808256652573986
    }, 
    {
      "bounding_box": {
        "bottom_right": [
          440, 
          415
        ], 
        "top_left": [
          311, 
          341
        ]
      }, 
      "class": "006_mustard_bottle", 
      "cuboid": [
        [
          -7.030094108235893, 
          22.842497287408897, 
          77.42177778315045
        ], 
        [
          -14.409663018161375, 
          22.18663584076995, 
          71.31294186485312
        ], 
        [
          -18.973268808524708, 
          5.122469859693086, 
          78.65790457032769
        ], 
        [
          -11.593699898599223, 
          5.778331306332037, 
          84.76674048862502
        ], 
        [
          -10.488331709363198, 
          25.44525638537144, 
          81.31994326928603
        ], 
        [
          -17.86790061928868, 
          24.78939493873249, 
          75.2111073509887
        ], 
        [
          -22.43150640965201, 
          7.725228957655626, 
          82.55607005646326
        ], 
        [
          -15.051937499726527, 
          8.381090404294577, 
          88.66490597476059
        ]
      ], 
      "cuboid_centroid": [
        -14.730800258943951, 
        15.283863122532262, 
        79.98892391980685
      ], 
      "location": [
        -14.730800258943951, 
        15.283863122532262, 
        79.98892391980685
      ], 
      "pose_transform_permuted": [
        [
          0.5936990355018783, 
          -0.4468332556445462, 
          -0.6692244305570502, 
          0.0
        ], 
        [
          0.7685129804640991, 
          0.06830182647255535, 
          0.6361780418396046, 
          0.0
        ], 
        [
          0.23855629247447818, 
          0.8920060929037257, 
          -0.3839479463982858, 
          0.0
        ], 
        [
          -14.730800258943951, 
          15.283863122532262, 
          79.98892391980685, 
          1.0
        ]
      ], 
      "projected_cuboid": [
        [
          432.76673013092, 
          430.6369822715458
        ], 
        [
          372.93518982288975, 
          439.21108223868384
        ], 
        [
          351.88167277472, 
          308.0181203354462
        ], 
        [
          408.0461150059408, 
          309.64156621484153
        ], 
        [
          412.23834634375663, 
          440.16384978908724
        ], 
        [
          353.8404867909408, 
          449.06735336143794
        ], 
        [
          335.4799270868969, 
          323.1922067563748
        ], 
        [
          390.30513914843766, 
          323.6988131854539
        ]
      ], 
      "projected_cuboid_centroid": [
        382.5621784624675, 
        375.19044055081775
      ], 
      "quaternion_xyzw": [
        0.9123792391222078, 
        -0.046651233034884484, 
        0.3369972223734335, 
        0.22764141445231686
      ], 
      "visibility": 0.024650030432136337
    }, 
    {
      "bounding_box": {
        "bottom_right": [
          353, 
          397
        ], 
        "top_left": [
          270, 
          294
        ]
      }, 
      "class": "008_pudding_box", 
      "cuboid": [
        [
          -9.744926140661239, 
          7.613587787389761, 
          65.81025708599144
        ], 
        [
          -19.60356549126009, 
          8.352319314467719, 
          60.20366485287841
        ], 
        [
          -21.898594429022268, 
          0.18884232736325404, 
          63.16363045363469
        ], 
        [
          -12.039955078423418, 
          -0.5498891997147037, 
          68.7702226867477
        ], 
        [
          -11.387417432399026, 
          9.198266116560635, 
          68.90722064709678
        ], 
        [
          -21.246056782997876, 
          9.936997643638595, 
          63.30062841398376
        ], 
        [
          -23.54108572076006, 
          1.7735206565341284, 
          66.26059401474002
        ], 
        [
          -13.682446370161205, 
          1.0347891294561706, 
          71.86718624785306
        ]
      ], 
      "cuboid_centroid": [
        -16.643005930710647, 
        4.6935542219619455, 
        66.03542555036573
      ], 
      "location": [
        -16.643005930710647, 
        4.6935542219619455, 
        66.03542555036573
      ], 
      "pose_transform_permuted": [
        [
          0.42694270578660204, 
          -0.41191503240287103, 
          -0.8050124887431728, 
          0.0
        ], 
        [
          0.8674256144033683, 
          -0.06499828485112524, 
          0.4933035421588681, 
          0.0
        ], 
        [
          0.2555227798956057, 
          0.9089011031785483, 
          -0.32955516431879717, 
          0.0
        ], 
        [
          -16.643005930710647, 
          4.6935542219619455, 
          66.03542555036573, 
          1.0
        ]
      ], 
      "projected_cuboid": [
        [
          401.967071187091, 
          334.9862736305755
        ], 
        [
          306.489919594237, 
          347.2763103016042
        ], 
        [
          295.1562955054759, 
          274.88102060681837
        ], 
        [
          387.4479684561881, 
          269.022095213553
        ], 
        [
          392.7276691561608, 
          344.47814032896184
        ], 
        [
          301.1033655657146, 
          357.00759374440224
        ], 
        [
          290.54009127849383, 
          287.5612862138129
        ], 
        [
          379.21477590772287, 
          280.96561011441565
        ]
      ], 
      "projected_cuboid_centroid": [
        346.0636086404545, 
        311.1929247486218
      ], 
      "quaternion_xyzw": [
        0.9462213280101397, 
        -0.0846844853467772, 
        0.24313715531035063, 
        0.19590294965157523
      ], 
      "visibility": 0.8298918387413963
    }, 
    {
      "bounding_box": {
        "bottom_right": [
          490, 
          367
        ], 
        "top_left": [
          301, 
          215
        ]
      }, 
      "class": "019_pitcher_base", 
      "cuboid": [
        [
          -34.346202210707496, 
          30.619167006755333, 
          68.85206264389512
        ], 
        [
          -18.734779773097323, 
          30.386801977311208, 
          79.43492945169075
        ], 
        [
          -24.891671092595782, 
          8.578869930771921, 
          88.03849899222071
        ], 
        [
          -40.50309353020596, 
          8.811234960216046, 
          77.45563218442508
        ], 
        [
          -27.68512241059013, 
          24.81170897097784, 
          58.898391042344976
        ], 
        [
          -12.07369997297996, 
          24.579343941533715, 
          69.48125785014061
        ], 
        [
          -18.230591292478422, 
          2.771411894994433, 
          78.08482739067057
        ], 
        [
          -33.842013730088595, 
          3.003776924438556, 
          67.50196058287494
        ]
      ], 
      "cuboid_centroid": [
        -26.288396751592956, 
        16.69528945087488, 
        73.46844501728285
      ], 
      "location": [
        -26.288396751592956, 
        16.69528945087488, 
        73.46844501728285
      ], 
      "pose_transform_permuted": [
        [
          -0.5004342148073407, 
          0.43630324052110653, 
          0.7478003539732565, 
          0.0
        ], 
        [
          -0.8276740855352898, 
          0.012319345916372963, 
          -0.5610740880588772, 
          0.0
        ], 
        [
          0.2540107802542017, 
          0.8997153835295071, 
          -0.35495176032103803, 
          0.0
        ], 
        [
          -26.288396751592956, 
          16.69528945087488, 
          73.46844501728285, 
          1.0
        ]
      ], 
      "projected_cuboid": [
        [
          213.33855964033899, 
          510.45882822274064
        ], 
        [
          354.7650757554283, 
          477.30102727860935
        ], 
        [
          329.55171155605126, 
          325.2556127377306
        ], 
        [
          200.38954813400753, 
          333.95616294836395
        ], 
        [
          228.82169785206736, 
          497.9543099185687
        ], 
        [
          388.1502662066586, 
          461.9510191828567
        ], 
        [
          356.0444316917721, 
          292.2152887519157
        ], 
        [
          211.9898292828337, 
          297.01878284436583
        ]
      ], 
      "projected_cuboid_centroid": [
        289.17495024415496, 
        394.4804030314936
      ], 
      "quaternion_xyzw": [
        -0.28471092604562265, 
        0.21222532449318854, 
        0.9320930510198611, 
        0.07143335257117471
      ], 
      "visibility": 0.332782780116149
    }, 
    {
      "bounding_box": {
        "bottom_right": [
          431, 
          505
        ], 
        "top_left": [
          261, 
          344
        ]
      }, 
      "class": "035_power_drill", 
      "cuboid": [
        [
          4.111539783423892, 
          15.345101524486527, 
          59.92418299494303
        ], 
        [
          -12.461162820137657, 
          15.88884877395007, 
          51.86568336204025
        ], 
        [
          -16.026547070252377, 
          -1.3834924298781623, 
          58.03262790665963
        ], 
        [
          0.5461555333091686, 
          -1.927239679341708, 
          66.09112753956241
        ], 
        [
          1.8561556221708033, 
          17.5191050948846, 
          64.70918346776546
        ], 
        [
          -14.716546981390744, 
          18.062852344348144, 
          56.65068383486267
        ], 
        [
          -18.281931231505467, 
          0.790511140519913, 
          62.81762837948205
        ], 
        [
          -1.7092286279439193, 
          0.24676389105636742, 
          70.87612801238483
        ]
      ], 
      "cuboid_centroid": [
        -7.085195724040788, 
        8.067806332503219, 
        61.37090568721254
      ], 
      "location": [
        -7.085195724040788, 
        8.067806332503219, 
        61.37090568721254
      ], 
      "pose_transform_permuted": [
        [
          0.3943530753078061, 
          -0.3801237094971453, 
          -0.8366555393199299, 
          0.0
        ], 
        [
          0.898926703482566, 
          -0.029493615747556687, 
          0.43710435668253644, 
          0.0
        ], 
        [
          0.190829623352245, 
          0.9244653970275285, 
          -0.3300726154960808, 
          0.0
        ], 
        [
          -7.085195724040788, 
          8.067806332503219, 
          61.37090568721254, 
          1.0
        ]
      ], 
      "projected_cuboid": [
        [
          518.4943289972095, 
          409.85649588054736
        ], 
        [
          352.39478060492985, 
          436.6669015648502
        ], 
        [
          333.08578062169477, 
          260.57224892304885
        ], 
        [
          486.0409756508869, 
          257.73475817797913
        ], 
        [
          497.02260303961197, 
          417.67534535047974
        ], 
        [
          341.89832413671724, 
          443.33343293597426
        ], 
        [
          325.0906067242724, 
          279.99795136698
        ], 
        [
          468.62850437371316, 
          275.1433552090479
        ]
      ], 
      "projected_cuboid_centroid": [
        419.5128733961611, 
        343.39661802955607
      ], 
      "quaternion_xyzw": [
        0.9565625488997079, 
        -0.057582026223279875, 
        0.2173034667065765, 
        0.18561157495924704
      ], 
      "visibility": 0.9346454326923077
    }, 
    {
      "bounding_box": {
        "bottom_right": [
          296, 
          342
        ], 
        "top_left": [
          235, 
          260
        ]
      }, 
      "class": "061_foam_brick", 
      "cuboid": [
        [
          -22.708603656878378, 
          -4.32313329145651, 
          56.50671882841972
        ], 
        [
          -15.931343503348305, 
          -4.402627542368504, 
          60.341561802389954
        ], 
        [
          -14.724184848264299, 
          0.13511856244044287, 
          58.302233574939066
        ], 
        [
          -21.50144500179437, 
          0.2146128133524366, 
          54.467390600968834
        ], 
        [
          -24.981476781466505, 
          -1.8906141599110218, 
          60.57395804873751
        ], 
        [
          -18.204216627936436, 
          -1.9701084108230154, 
          64.40880102270773
        ], 
        [
          -16.997057972852428, 
          2.567637693985932, 
          62.369472795256854
        ], 
        [
          -23.7743181263825, 
          2.647131944897925, 
          58.53462982128662
        ]
      ], 
      "cuboid_centroid": [
        -19.852830814865403, 
        -0.8777477987352894, 
        59.43809581183829
      ], 
      "location": [
        -19.852830814865403, 
        -0.8777477987352894, 
        59.43809581183829
      ], 
      "pose_transform_permuted": [
        [
          0.43243400046470276, 
          -0.462808050252148, 
          -0.7738278515690029, 
          0.0
        ], 
        [
          -0.8702853782667529, 
          0.010208060876775005, 
          -0.49244203300310474, 
          0.0
        ], 
        [
          -0.23580541897333118, 
          -0.8863997428445822, 
          0.3983607664766579, 
          0.0
        ], 
        [
          -19.852830814865403, 
          -0.8777477987352894, 
          59.43809581183829, 
          1.0
        ]
      ], 
      "projected_cuboid": [
        [
          265.48347774406477, 
          232.48410434529055
        ], 
        [
          339.616930773759, 
          234.37459378212597
        ], 
        [
          345.785174469487, 
          274.5225348031831
        ], 
        [
          269.31035358727644, 
          275.3879277285379
        ], 
        [
          259.81629468791886, 
          256.64074516581746
        ], 
        [
          329.60584244174476, 
          256.97359037522745
        ], 
        [
          335.0445045703478, 
          295.24233467682177
        ], 
        [
          263.17981975945685, 
          297.4050351815078
        ]
      ], 
      "projected_cuboid_centroid": [
        301.97930176899837, 
        265.4107794505292
      ], 
      "quaternion_xyzw": [
        0.06546512517682186, 
        0.9394829658754248, 
        -0.2291603062558871, 
        0.2461130395818283
      ], 
      "visibility": 0.9859792924935289
    }
  ]
}