{
  "camera_data": {
    "location_worldframe": [
      -21.76375301439479, 
      14.458875273290293, 
      71.28177189445908
    ], 
    "quaternion_xyzw_worldframe": [
      0.9110527352428145, 
      0.017935451755801718, 
      -0.06593827042855399, 
      -0.4065876758920799
    ]
  }, 
  "objects": [
    {
      "bounding_box": {
        "bottom_right": [
          539, 
          260
        ], 
        "top_left": [
          378, 
          32
        ]
      }, 
      "class": "003_cracker_box", 
      "cuboid": [
        [
          -31.143921112732926, 
          29.676872052676394, 
          52.35619876627368
        ], 
        [
          -47.44277457811022, 
          29.03823396280112, 
          54.09333226473464
        ], 
        [
          -45.388157462969424, 
          12.345303849325495, 
          67.23403924279273
        ], 
        [
          -29.089303997592133, 
          12.983941939200777, 
          65.49690574433177
        ], 
        [
          -30.72134714965904, 
          34.14235987131207, 
          57.962734891395066
        ], 
        [
          -47.02020061503633, 
          33.50372178143679, 
          59.69986838985603
        ], 
        [
          -44.96558349989554, 
          16.810791667961166, 
          72.84057536791411
        ], 
        [
          -28.666730034518245, 
          17.449429757836445, 
          71.10344186945315
        ]
      ], 
      "cuboid_centroid": [
        -38.054752306314235, 
        23.24383186031878, 
        62.598387067093896
      ], 
      "location": [
        -38.054752306314235, 
        23.24383186031878, 
        62.598387067093896
      ], 
      "pose_transform_permuted": [
        [
          -0.058854313812938513, 
          -0.6219342514481557, 
          -0.7808546321955387, 
          0.0
        ], 
        [
          0.9936143759328383, 
          0.03893279907487515, 
          -0.10589952358623517, 
          0.0
        ], 
        [
          -0.09626339743227602, 
          0.7821010318570214, 
          -0.6156714499495473, 
          0.0
        ], 
        [
          -38.054752306314235, 
          23.24383186031878, 
          62.598387067093896, 
          1.0
        ]
      ], 
      "projected_cuboid": [
        [
          161.70982473625187, 
          575.586120569777
        ], 
        [
          9.948974844363837, 
          559.5816909085102
        ], 
        [
          118.56491761284981, 
          371.2130106014659
        ], 
        [
          242.7585954986533, 
          379.0104714136978
        ], 
        [
          196.5719558547275, 
          587.4330179424868
        ], 
        [
          58.0488656567726, 
          572.5868784524366
        ], 
        [
          149.6272469909931, 
          396.3707442751059
        ], 
        [
          264.7870875295865, 
          404.1680025117975
        ]
      ], 
      "projected_cuboid_centroid": [
        154.68007559951374, 
        471.31705122387325
      ], 
      "quaternion_xyzw": [
        0.9429435348929169, 
        0.03584419201795164, 
        -0.04368072723937907, 
        0.32812296166234617
      ], 
      "visibility": 0.15459036182505242
    }, 
    {
      "bounding_box": {
        "bottom_right": [
          539, 
          314
        ], 
        "top_left": [
          425, 
          210
        ]
      }, 
      "class": "006_mustard_bottle", 
      "cuboid": [
        [
          -25.248713208290752, 
          36.61222345237783, 
          61.799845863243696
        ], 
        [
          -34.552253387330545, 
          34.34735649631035, 
          61.078329669030836
        ], 
        [
          -32.02909119823703, 
          20.023907668085105, 
          73.50544525621086
        ], 
        [
          -22.725551019197244, 
          22.2887746241526, 
          74.22696145042373
        ], 
        [
          -26.46891208985467, 
          40.22064426386083, 
          66.20664405715532
        ], 
        [
          -35.77245226889446, 
          37.95577730779333, 
          65.48512786294245
        ], 
        [
          -33.24929007980095, 
          23.6323284795681, 
          77.91224345012249
        ], 
        [
          -23.94574990076116, 
          25.897195435635588, 
          78.63375964433534
        ]
      ], 
      "cuboid_centroid": [
        -29.24900164404585, 
        30.122275965972968, 
        69.8560446566831
      ], 
      "location": [
        -29.24900164404585, 
        30.122275965972968, 
        69.8560446566831
      ], 
      "pose_transform_permuted": [
        [
          0.20947979365813973, 
          -0.6194820028456146, 
          -0.7565448471567974, 
          0.0
        ], 
        [
          0.9688765670640735, 
          0.2358646793610139, 
          0.07513915347031314, 
          0.0
        ], 
        [
          -0.13189487541035294, 
          0.7487388273379506, 
          -0.6496105835630126, 
          0.0
        ], 
        [
          -29.24900164404585, 
          30.122275965972968, 
          69.8560446566831, 
          1.0
        ]
      ], 
      "projected_cuboid": [
        [
          261.8902191849832, 
          589.2422734342373
        ], 
        [
          177.38183093840738, 
          573.1984371591722
        ], 
        [
          247.27303079076285, 
          418.57022483997184
        ], 
        [
          316.9536109222506, 
          433.43104288465736
        ], 
        [
          266.60311017584587, 
          597.2790547318579
        ], 
        [
          187.83361031707943, 
          582.4034320508177
        ], 
        [
          252.1046166758352, 
          435.0529435676811
        ], 
        [
          317.83582031129095, 
          448.92969096693304
        ]
      ], 
      "projected_cuboid_centroid": [
        256.4331520926086, 
        503.25661059707676
      ], 
      "quaternion_xyzw": [
        0.9319549669322577, 
        0.09865271601640029, 
        0.0763499732356546, 
        0.340438280667717
      ], 
      "visibility": 0.5858760681646695
    }, 
    {
      "bounding_box": {
        "bottom_right": [
          456, 
          227
        ], 
        "top_left": [
          367, 
          92
        ]
      }, 
      "class": "008_pudding_box", 
      "cuboid": [
        [
          -31.430308284335894, 
          18.783647906544683, 
          57.55134818406484
        ], 
        [
          -42.74779199299812, 
          18.01748411516094, 
          58.25840273048677
        ], 
        [
          -41.926137598150184, 
          11.0125684239909, 
          63.81960322290181
        ], 
        [
          -30.608653889487965, 
          11.778732215374642, 
          63.11254867647988
        ], 
        [
          -31.40422390296492, 
          21.17750955465937, 
          60.562811676110975
        ], 
        [
          -42.72170761162714, 
          20.411345763275623, 
          61.2698662225329
        ], 
        [
          -41.90005321677921, 
          13.406430072105586, 
          66.83106671494794
        ], 
        [
          -30.582569508116986, 
          14.172593863489327, 
          66.12401216852601
        ]
      ], 
      "cuboid_centroid": [
        -36.66518075055755, 
        16.095038989325133, 
        62.19120744950639
      ], 
      "location": [
        -36.66518075055755, 
        16.095038989325133, 
        62.19120744950639
      ], 
      "pose_transform_permuted": [
        [
          -0.00678027117544872, 
          -0.6222509516281928, 
          -0.7827879381396444, 
          0.0
        ], 
        [
          0.9957839931420268, 
          0.06741194944252497, 
          -0.06221114319487452, 
          0.0
        ], 
        [
          -0.09148094458874373, 
          0.7799097871451742, 
          -0.6191701490109723, 
          0.0
        ], 
        [
          -36.66518075055755, 
          16.095038989325133, 
          62.19120744950639, 
          1.0
        ]
      ], 
      "projected_cuboid": [
        [
          187.9099636188814, 
          447.3517438896041
        ], 
        [
          87.00636117770573, 
          438.2254423750826
        ], 
        [
          128.31426775786497, 
          365.3149760306854
        ], 
        [
          220.78946362084326, 
          372.8202866118275
        ], 
        [
          202.74506148067675, 
          459.7768982489879
        ], 
        [
          106.6297556307192, 
          450.9557754969053
        ], 
        [
          144.44337587111357, 
          380.27138873003554
        ], 
        [
          232.87947143934147, 
          387.5948142618603
        ]
      ], 
      "projected_cuboid_centroid": [
        164.5552279192993, 
        411.30925593363895
      ], 
      "quaternion_xyzw": [
        0.9431969198458567, 
        0.04211551445090491, 
        -0.018286588123506135, 
        0.3290461075832516
      ], 
      "visibility": 0.5318547018218852
    }, 
    {
      "bounding_box": {
        "bottom_right": [
          539, 
          260
        ], 
        "top_left": [
          358, 
          21
        ]
      }, 
      "class": "035_power_drill", 
      "cuboid": [
        [
          -24.048175709239967, 
          24.471133809475553, 
          43.42407616813585
        ], 
        [
          -42.252123595997794, 
          22.891158413593093, 
          45.875505970414615
        ], 
        [
          -39.483358112465915, 
          8.033361962004717, 
          56.859893200898156
        ], 
        [
          -21.27941022570809, 
          9.613337357887179, 
          54.40846339861939
        ], 
        [
          -23.7315787642427, 
          27.90390146686311, 
          47.987534434479265
        ], 
        [
          -41.93552665100052, 
          26.32392607098065, 
          50.43896423675803
        ], 
        [
          -39.16676116746865, 
          11.466129619392278, 
          61.42335146724158
        ], 
        [
          -20.962813280710822, 
          13.046105015274739, 
          58.9719216649628
        ]
      ], 
      "cuboid_centroid": [
        -31.607468438354307, 
        17.968631714433915, 
        52.42371381768871
      ], 
      "location": [
        -31.607468438354307, 
        17.968631714433915, 
        52.42371381768871
      ], 
      "pose_transform_permuted": [
        [
          -0.05535685717654499, 
          -0.6002181383396041, 
          -0.7979189675480792, 
          0.0
        ], 
        [
          0.9874077424580671, 
          0.08570008816177987, 
          -0.1329690011155935, 
          0.0
        ], 
        [
          -0.1481922949415854, 
          0.7952320147848583, 
          -0.5879160087390125, 
          0.0
        ], 
        [
          -31.607468438354307, 
          17.968631714433915, 
          52.42371381768871, 
          1.0
        ]
      ], 
      "projected_cuboid": [
        [
          183.78431792280114, 
          573.832595253034
        ], 
        [
          -13.692765129400545, 
          539.4046505819879
        ], 
        [
          108.1751700958294, 
          348.63576943183153
        ], 
        [
          271.2749900495496, 
          367.51785333819436
        ], 
        [
          215.65322980651598, 
          583.4024310885329
        ], 
        [
          34.49396848528102, 
          551.6242376555355
        ], 
        [
          138.69043265148724, 
          372.8433241731157
        ], 
        [
          290.4375074571484, 
          391.27053938946705
        ]
      ], 
      "projected_cuboid_centroid": [
        157.36671639922497, 
        456.08593310678083
      ], 
      "quaternion_xyzw": [
        0.9461182173479966, 
        0.06180316022213746, 
        -0.04976277140609939, 
        0.31394970662572147
      ], 
      "visibility": 0.7479029268260976
    }, 
    {
      "bounding_box": {
        "bottom_right": [
          387, 
          156
        ], 
        "top_left": [
          319, 
          46
        ]
      }, 
      "class": "061_foam_brick", 
      "cuboid": [
        [
          -45.4570003714236, 
          4.838923717678215, 
          59.97932520971987
        ], 
        [
          -37.74921714267296, 
          5.771789173921123, 
          59.37646958960634
        ], 
        [
          -38.47093334353898, 
          9.556882067487274, 
          56.0060944084116
        ], 
        [
          -46.178716572289616, 
          8.624016611244366, 
          56.60895002852513
        ], 
        [
          -45.57067970565007, 
          8.32128267299522, 
          63.91452400474844
        ], 
        [
          -37.86289647689944, 
          9.254148129238128, 
          63.31166838463491
        ], 
        [
          -38.58461267776546, 
          13.03924102280428, 
          59.94129320344017
        ], 
        [
          -46.2923959065161, 
          12.106375566561372, 
          60.5441488235537
        ]
      ], 
      "cuboid_centroid": [
        -42.020806524594526, 
        8.939082370241247, 
        59.96030920658002
      ], 
      "location": [
        -42.020806524594526, 
        8.939082370241247, 
        59.96030920658002
      ], 
      "pose_transform_permuted": [
        [
          0.021628488074375007, 
          -0.6625492632259001, 
          -0.7487060052533525, 
          0.0
        ], 
        [
          -0.9897762356573253, 
          -0.11979164855217683, 
          0.07741423812946907, 
          0.0
        ], 
        [
          0.14097947308608788, 
          -0.739377058567527, 
          0.6583664279353866, 
          0.0
        ], 
        [
          -42.020806524594526, 
          8.939082370241247, 
          59.96030920658002, 
          1.0
        ]
      ], 
      "projected_cuboid": [
        [
          74.03764636336454, 
          316.31291033700325
        ], 
        [
          139.70791972650287, 
          325.1287613009263
        ], 
        [
          112.203632487775, 
          364.29221181900607
        ], 
        [
          42.91639846306044, 
          354.5344138394448
        ], 
        [
          98.17448721131323, 
          342.7215071956529
        ], 
        [
          159.99279210365955, 
          351.24086376077435
        ], 
        [
          135.4347620938882, 
          389.30142881050006
        ], 
        [
          70.41968364202833, 
          379.9288361445242
        ]
      ], 
      "projected_cuboid_centroid": [
        104.72646839036135, 
        352.79559566832296
      ], 
      "quaternion_xyzw": [
        -0.06991550441157521, 
        0.932450977193735, 
        -0.3541515113042883, 
        -0.014956751459198558
      ], 
      "visibility": 0.9981259370314842
    }
  ]
}