{
  "camera_data": {
    "location_worldframe": [
      -8.465012674917803, 
      -3.274843933447465, 
      78.85931029616702
    ], 
    "quaternion_xyzw_worldframe": [
      -0.8292053650772739, 
      -0.0996224011597008, 
      -0.20756010437430517, 
      0.5093258812766789
    ]
  }, 
  "objects": [
    {
      "bounding_box": {
        "bottom_right": [
          457, 
          423
        ], 
        "top_left": [
          261, 
          257
        ]
      }, 
      "class": "003_cracker_box", 
      "cuboid": [
        [
          -6.203761443948178, 
          17.272633637413392, 
          63.03399938497974
        ], 
        [
          -20.908777110805232, 
          18.781961527309452, 
          55.923263892400456
        ], 
        [
          -26.274156551746607, 
          -0.6658840658246207, 
          62.89087125696504
        ], 
        [
          -11.569140884889553, 
          -2.1752119557206795, 
          70.00160674954432
        ], 
        [
          -8.824064356089089, 
          20.156223538384076, 
          69.0648632921317
        ], 
        [
          -23.529080022946143, 
          21.665551428280132, 
          61.954127799552424
        ], 
        [
          -28.89445946388752, 
          2.2177058351460612, 
          68.92173516411701
        ], 
        [
          -14.189443797030465, 
          0.7083779452500022, 
          76.03247065669629
        ]
      ], 
      "cuboid_centroid": [
        -17.549110453917848, 
        9.745169736279728, 
        65.97786727454837
      ], 
      "location": [
        -17.549110453917848, 
        9.745169736279728, 
        65.97786727454837
      ], 
      "pose_transform_permuted": [
        [
          0.3649447040094459, 
          -0.4016142019376502, 
          -0.8399532104929668, 
          0.0
        ], 
        [
          0.8964504770807543, 
          -0.09201198676844383, 
          0.4334862586433526, 
          0.0
        ], 
        [
          0.2513800015059786, 
          0.9111749706246919, 
          -0.3264479556528821, 
          0.0
        ], 
        [
          -17.549110453917848, 
          9.745169736279728, 
          65.97786727454837, 
          1.0
        ]
      ], 
      "projected_cuboid": [
        [
          428.67071646798803, 
          419.42725349453474
        ], 
        [
          280.5360579162131, 
          452.40319169023934
        ], 
        [
          256.9333665642065, 
          267.6397882174691
        ], 
        [
          392.72099934201765, 
          256.714302179985
        ], 
        [
          412.88971090044987, 
          428.9331030130075
        ], 
        [
          277.36382333788, 
          459.7900570736182
        ], 
        [
          256.14713553040104, 
          290.4472485871673
        ], 
        [
          381.23768000350344, 
          278.2553602125867
        ]
      ], 
      "projected_cuboid_centroid": [
        338.56000930109843, 
        352.0597702239644
      ], 
      "quaternion_xyzw": [
        0.9549317591061695, 
        -0.08989961455356833, 
        0.2090282774237559, 
        0.19060580786212658
      ], 
      "visibility": 0.5815937772839114
    }, 
    {
      "bounding_box": {
        "bottom_right": [
          429, 
          419
        ], 
        "top_left": [
          298, 
          344
        ]
      }, 
      "class": "006_mustard_bottle", 
      "cuboid": [
        [
          -6.239797757892262, 
          20.761540986603595, 
          75.67760037717441
        ], 
        [
          -13.726233018222759, 
          20.2080918515592, 
          69.689858819792
        ], 
        [
          -18.303409592230462, 
          3.128894003814188, 
          76.99131011883715
        ], 
        [
          -10.816974331899964, 
          3.682343138858583, 
          82.97905167621957
        ], 
        [
          -9.61074936807343, 
          23.36391371672684, 
          79.65174151715723
        ], 
        [
          -17.097184628403927, 
          22.810464581682442, 
          73.66399995977481
        ], 
        [
          -21.674361202411628, 
          5.731266733937433, 
          80.96545125881998
        ], 
        [
          -14.187925942081133, 
          6.284715868981829, 
          86.9531928162024
        ]
      ], 
      "cuboid_centroid": [
        -13.957079480151947, 
        13.246403860270513, 
        78.3215258179972
      ], 
      "location": [
        -13.957079480151947, 
        13.246403860270513, 
        78.3215258179972
      ], 
      "pose_transform_permuted": [
        [
          0.5787140591599824, 
          -0.446766925264741, 
          -0.6822676848424224, 
          0.0
        ], 
        [
          0.7796421098839242, 
          0.057636543475618966, 
          0.6235671983933245, 
          0.0
        ], 
        [
          0.23926568675191803, 
          0.8927918633111734, 
          -0.3816734467427572, 
          0.0
        ], 
        [
          -13.957079480151947, 
          13.246403860270513, 
          78.3215258179972, 
          1.0
        ]
      ], 
      "projected_cuboid": [
        [
          437.2571495547238, 
          419.5984761213995
        ], 
        [
          375.6781543231624, 
          427.93416254940155
        ], 
        [
          353.75257513397963, 
          294.96041836254864
        ], 
        [
          411.4952848619571, 
          296.953543909294
        ], 
        [
          416.7106636618475, 
          429.7229508873269
        ], 
        [
          356.7837178836968, 
          438.4318935049753
        ], 
        [
          337.63823996313795, 
          311.03840298142427
        ], 
        [
          393.85151529561125, 
          311.8332771986975
        ]
      ], 
      "projected_cuboid_centroid": [
        385.7662606531381, 
        363.48609055007
      ], 
      "quaternion_xyzw": [
        0.9157922332654825, 
        -0.049582519014344455, 
        0.3282079749863889, 
        0.22615401777690616
      ], 
      "visibility": 0.028495887191539365
    }, 
    {
      "bounding_box": {
        "bottom_right": [
          339, 
          399
        ], 
        "top_left": [
          254, 
          292
        ]
      }, 
      "class": "008_pudding_box", 
      "cuboid": [
        [
          -9.272846958364399, 
          5.637892913351225, 
          64.00735046799612
        ], 
        [
          -19.21818372798746, 
          6.495131046732033, 
          58.57340255656565
        ], 
        [
          -21.529020103044168, 
          -1.670685845085751, 
          61.51455546636624
        ], 
        [
          -11.58368333342111, 
          -2.5279239784665584, 
          66.94850337779673
        ], 
        [
          -10.850090523306458, 
          7.213496063605168, 
          67.14262458662614
        ], 
        [
          -20.795427292929517, 
          8.070734196985976, 
          61.70867667519566
        ], 
        [
          -23.106263667986227, 
          -0.09508269483180787, 
          64.64982958499627
        ], 
        [
          -13.160926898363169, 
          -0.9523208282126154, 
          70.08377749642673
        ]
      ], 
      "cuboid_centroid": [
        -16.189555313175312, 
        2.7714051092597085, 
        64.32859002649619
      ], 
      "location": [
        -16.189555313175312, 
        2.7714051092597085, 
        64.32859002649619
      ], 
      "pose_transform_permuted": [
        [
          0.40998246912372116, 
          -0.4095560662020866, 
          -0.814970783908607, 
          0.0
        ], 
        [
          0.8750538031715976, 
          -0.07542524765272753, 
          0.4781131998121183, 
          0.0
        ], 
        [
          0.2572827404146495, 
          0.9091616223150176, 
          -0.3274606063760998, 
          0.0
        ], 
        [
          -16.189555313175312, 
          2.7714051092597085, 
          64.32859002649619, 
          1.0
        ]
      ], 
      "projected_cuboid": [
        [
          403.6903380738346, 
          320.26237242119134
        ], 
        [
          305.1543963903263, 
          332.4256767593106
        ], 
        [
          293.38905454760175, 
          258.80200709673704
        ], 
        [
          388.5511042772569, 
          253.14880084822178
        ], 
        [
          394.6956661668792, 
          330.58395132406014
        ], 
        [
          300.3740525666188, 
          343.03816497673284
        ], 
        [
          289.3967606576731, 
          272.50216680056747
        ], 
        [
          380.61117507953844, 
          266.0396205735737
        ]
      ], 
      "projected_cuboid_centroid": [
        346.2581737782162, 
        296.2630188441431
      ], 
      "quaternion_xyzw": [
        0.9485760656630577, 
        -0.08768616458681494, 
        0.23406021432636975, 
        0.19424290240314293
      ], 
      "visibility": 0.8388859275053305
    }, 
    {
      "bounding_box": {
        "bottom_right": [
          480, 
          370
        ], 
        "top_left": [
          287, 
          215
        ]
      }, 
      "class": "019_pitcher_base", 
      "cuboid": [
        [
          -33.632477024445926, 
          28.816565586681776, 
          67.62505134099904
        ], 
        [
          -17.847484956119107, 
          28.384343179325157, 
          77.9408054626039
        ], 
        [
          -24.03489534963554, 
          6.565424031997607, 
          86.49447950186408
        ], 
        [
          -39.819887417962356, 
          6.997646439354225, 
          76.17872538025921
        ], 
        [
          -27.18712650245329, 
          23.027275937960955, 
          57.51991832335811
        ], 
        [
          -11.40213443412647, 
          22.59505353060434, 
          67.83567244496297
        ], 
        [
          -17.589544827642907, 
          0.7761343832767886, 
          76.38934648422314
        ], 
        [
          -33.37453689596972, 
          1.2083567906334052, 
          66.07359236261829
        ]
      ], 
      "cuboid_centroid": [
        -25.611010926044415, 
        14.796349984979281, 
        72.00719891261109
      ], 
      "location": [
        -25.611010926044415, 
        14.796349984979281, 
        72.00719891261109
      ], 
      "pose_transform_permuted": [
        [
          -0.48422688579329726, 
          0.4349382842701906, 
          0.7591793611476891, 
          0.0
        ], 
        [
          -0.836876263360803, 
          0.022915226795407428, 
          -0.5469125182748703, 
          0.0
        ], 
        [
          0.25526988544246276, 
          0.9001686710571138, 
          -0.3528932547293321, 
          0.0
        ], 
        [
          -25.611010926044415, 
          14.796349984979281, 
          72.00719891261109, 
          1.0
        ]
      ], 
      "projected_cuboid": [
        [
          214.14683260286506, 
          500.5460881386366
        ], 
        [
          358.4557291972906, 
          467.5099102334403
        ], 
        [
          332.16438894022383, 
          313.7685343845852
        ], 
        [
          200.49886824906918, 
          322.2763558549506
        ], 
        [
          227.4197543996383, 
          486.79339895716026
        ], 
        [
          391.20719893735867, 
          450.9273587523717
        ], 
        [
          357.7705836898103, 
          278.7051949647027
        ], 
        [
          209.96623425839027, 
          283.0399101965538
        ]
      ], 
      "projected_cuboid_centroid": [
        290.3289689088435, 
        382.875347511721
      ], 
      "quaternion_xyzw": [
        -0.27573236412105123, 
        0.21067049898434845, 
        0.9349096608183067, 
        0.07438823340278154
      ], 
      "visibility": 0.30917402917608383
    }, 
    {
      "bounding_box": {
        "bottom_right": [
          417, 
          510
        ], 
        "top_left": [
          243, 
          343
        ]
      }, 
      "class": "035_power_drill", 
      "cuboid": [
        [
          4.544650288041254, 
          13.300462953740377, 
          57.942267728187424
        ], 
        [
          -12.156436449291768, 
          14.033724216015658, 
          50.16887858932304
        ], 
        [
          -15.757103987057919, 
          -3.253171575479204, 
          56.274234246884156
        ], 
        [
          0.9439827502751033, 
          -3.9864328377544873, 
          64.04762338574855
        ], 
        [
          2.3878084930932424, 
          15.458209443309407, 
          62.779771456575006
        ], 
        [
          -14.313278244239779, 
          16.19147070558469, 
          55.00638231771061
        ], 
        [
          -17.91394578200593, 
          -1.0954250859101746, 
          61.11173797527174
        ], 
        [
          -1.212859044672908, 
          -1.8286863481854585, 
          68.88512711413613
        ]
      ], 
      "cuboid_centroid": [
        -6.684647746982337, 
        6.102518933915101, 
        59.527002851729584
      ], 
      "location": [
        -6.684647746982337, 
        6.102518933915101, 
        59.527002851729584
      ], 
      "pose_transform_permuted": [
        [
          0.37712297949170137, 
          -0.37728116500711933, 
          -0.8458357138779904, 
          0.0
        ], 
        [
          0.9058904395074828, 
          -0.039773122408347135, 
          0.42163956239610906, 
          0.0
        ], 
        [
          0.19271808642405389, 
          0.9252444004357533, 
          -0.3267762010578241, 
          0.0
        ], 
        [
          -6.684647746982337, 
          6.102518933915101, 
          59.527002851729584, 
          1.0
        ]
      ], 
      "projected_cuboid": [
        [
          523.7761120514066, 
          395.7083491495425
        ], 
        [
          351.29130403126976, 
          422.47185285544805
        ], 
        [
          331.02010145896975, 
          242.45573003108365
        ], 
        [
          489.52304559028795, 
          240.09182150357046
        ], 
        [
          502.05075123270547, 
          404.605362908674
        ], 
        [
          341.66483410522324, 
          430.27247386345954
        ], 
        [
          323.95999678195597, 
          263.7268090395219
        ], 
        [
          472.1286688867365, 
          259.12855814132996
        ]
      ], 
      "projected_cuboid_centroid": [
        421.20828993209955, 
        327.9607647728663
      ], 
      "quaternion_xyzw": [
        0.9587714213801466, 
        -0.06062216802878081, 
        0.2082776259481107, 
        0.18358321659490445
      ], 
      "visibility": 0.9407773851590105
    }, 
    {
      "bounding_box": {
        "bottom_right": [
          279, 
          341
        ], 
        "top_left": [
          216, 
          257
        ]
      }, 
      "class": "061_foam_brick", 
      "cuboid": [
        [
          -22.48748545335976, 
          -6.128487220869244, 
          54.84090217888391
        ], 
        [
          -15.647484382550603, 
          -6.289336675609509, 
          58.56005637894105
        ], 
        [
          -14.43815857462859, 
          -1.7469371773779319, 
          56.532405216070515
        ], 
        [
          -21.278159645437746, 
          -1.5860877226376662, 
          52.813251016013375
        ], 
        [
          -24.671801750760515, 
          -3.7069790398484943, 
          58.96286735137871
        ], 
        [
          -17.831800679951357, 
          -3.8678284945887595, 
          62.68202155143585
        ], 
        [
          -16.622474872029343, 
          0.6745710036428175, 
          60.65437038856531
        ], 
        [
          -23.462475942838502, 
          0.8354204583830835, 
          56.93521618850818
        ]
      ], 
      "cuboid_centroid": [
        -19.55498016269455, 
        -2.726958108613213, 
        57.74763628372461
      ], 
      "location": [
        -19.55498016269455, 
        -2.726958108613213, 
        57.74763628372461
      ], 
      "pose_transform_permuted": [
        [
          0.4155852891860923, 
          -0.4607131205647751, 
          -0.7842399428437566, 
          0.0
        ], 
        [
          -0.8783421005542379, 
          0.020655091495892952, 
          -0.47758614049118386, 
          0.0
        ], 
        [
          -0.23622874889835221, 
          -0.8873087330432192, 
          0.3960797778972767, 
          0.0
        ], 
        [
          -19.55498016269455, 
          -2.726958108613213, 
          57.74763628372461, 
          1.0
        ]
      ], 
      "projected_cuboid": [
        [
          261.0871933000605, 
          213.6879150513741
        ], 
        [
          337.90434421962, 
          216.00813659886282
        ], 
        [
          344.25420998718096, 
          256.8061529048681
        ], 
        [
          264.9349927696926, 
          257.2698825618795
        ], 
        [
          256.58075234824736, 
          239.75688440175836
        ], 
        [
          328.6137966846875, 
          240.37776080010485
        ], 
        [
          334.2215573942212, 
          279.217881826527
        ], 
        [
          259.98949164889456, 
          281.11203018932196
        ]
      ], 
      "projected_cuboid_centroid": [
        299.4949887819824, 
        248.10212775440303
      ], 
      "quaternion_xyzw": [
        0.06817094184162949, 
        0.942057691497874, 
        -0.2273727252042678, 
        0.23702673353718165
      ], 
      "visibility": 0.9787234042553191
    }
  ]
}